root,expiration,dte,type,strike,option,bid,ask,mid,last_trade_price,change,percent_change,volume,open_interest,iv,delta,gamma,vega,theta,rho,theo,open,high,low,prev_day_close,tick,last_trade_time,bid_size,ask_size
SPX,2026-08-21,0,Call,200.0,SPX260821C00200000,0.0,0.0,0.0,7522.39,0.0,0.0,0.0,2994.0,0.0,0.0,0.0,0.0,0.0,0.0,0.0,0.0,0.0,0.0,7450.69995117188,up,2026-08-19T10:34:07,0.0,0.0
SPX,2026-08-21,0,Put,200.0,SPX260821P00200000,0.0,0.0,0.0,0.05,0.0,0.0,0.0,10649.0,0.0,0.0,0.0,0.0,0.0,0.0,0.0,0.0,0.0,0.0,0.025000000372529,no_change,2026-04-13T09:30:02,0.0,0.0
SPX,2026-08-21,0,Call,400.0,SPX260821C00400000,0.0,0.0,0.0,7110.37,0.0,0.0,0.0,283.0,0.0,0.0,0.0,0.0,0.0,0.0,0.0,0.0,0.0,0.0,7250.80004882812,up,2026-07-07T14:19:46,0.0,0.0
SPX,2026-08-21,0,Put,400.0,SPX260821P00400000,0.0,0.0,0.0,0.05,0.0,0.0,0.0,4428.0,0.0,0.0,0.0,0.0,0.0,0.0,0.0,0.0,0.0,0.0,0.025000000372529,no_change,2026-08-13T11:49:56,0.0,0.0
SPX,2026-08-21,0,Call,600.0,SPX260821C00600000,0.0,0.0,0.0,6839.28,0.0,0.0,0.0,251.0,0.0,0.0,0.0,0.0,0.0,0.0,0.0,0.0,0.0,0.0,7050.69995117188,up,2026-07-20T15:27:28,0.0,0.0
SPX,2026-08-21,0,Put,600.0,SPX260821P00600000,0.0,0.0,0.0,0.15,0.0,0.0,0.0,960.0,0.0,0.0,0.0,0.0,0.0,0.0,0.0,0.0,0.0,0.0,0.025000000372529,no_change,2026-03-31T16:13:30,0.0,0.0
SPX,2026-08-21,0,Call,800.0,SPX260821C00800000,0.0,0.0,0.0,6950.53,0.0,0.0,0.0,254.0,0.0,0.0,0.0,0.0,0.0,0.0,0.0,0.0,0.0,0.0,6850.90014648438,up,2026-08-07T12:14:15,0.0,0.0
SPX,2026-08-21,0,Put,800.0,SPX260821P00800000,0.0,0.0,0.0,0.05,0.0,0.0,0.0,1389.0,0.0,0.0,0.0,0.0,0.0,0.0,0.0,0.0,0.0,0.0,0.025000000372529,no_change,2026-06-17T11:53:53,0.0,0.0
SPX,2026-08-21,0,Call,1000.0,SPX260821C01000000,0.0,0.0,0.0,6744.07,0.0,0.0,0.0,94.0,0.0,0.0,0.0,0.0,0.0,0.0,0.0,0.0,0.0,0.0,6650.69995117188,no_change,2026-08-04T15:34:32,0.0,0.0
SPX,2026-08-21,0,Put,1000.0,SPX260821P01000000,0.0,0.0,0.0,0.03,0.0,0.0,0.0,1242.0,0.0,0.0,0.0,0.0,0.0,0.0,0.0,0.0,0.0,0.0,0.025000000372529,down,2026-07-17T12:11:45,0.0,0.0
SPX,2026-08-21,0,Call,1200.0,SPX260821C01200000,0.0,0.0,0.0,6279.32,0.0,0.0,0.0,19.0,0.0,0.0,0.0,0.0,0.0,0.0,0.0,0.0,0.0,0.0,6450.65014648438,up,2026-07-17T10:56:39,0.0,0.0
SPX,2026-08-21,0,Put,1200.0,SPX260821P01200000,0.0,0.0,0.0,0.03,0.0,0.0,0.0,1931.0,0.0,0.0,0.0,0.0,0.0,0.0,0.0,0.0,0.0,0.0,0.025000000372529,no_change,2026-07-17T14:46:18,0.0,0.0
SPX,2026-08-21,0,Call,1400.0,SPX260821C01400000,0.0,0.0,0.0,5963.04,0.0,0.0,0.0,71.0,0.0,0.0,0.0,0.0,0.0,0.0,0.0,0.0,0.0,0.0,6251.14990234375,up,2026-06-26T11:01:39,0.0,0.0
SPXW,2026-08-21,0,Call,1400.0,SPXW260821C01400000,6262.7,6284.4,6273.549999999999,6085.3,0.0,0.0,0.0,2.0,0.0,1.0,0.0,0.0,0.0,0.0,6278.7121,0.0,0.0,0.0,6251.90014648438,up,2026-07-17T13:23:28,0.0,0.0
SPX,2026-08-21,0,Put,1400.0,SPX260821P01400000,0.0,0.0,0.0,0.05,0.0,0.0,0.0,3688.0,0.0,0.0,0.0,0.0,0.0,0.0,0.0,0.0,0.0,0.0,0.025000000372529,no_change,2026-07-24T11:50:47,0.0,0.0
SPXW,2026-08-21,0,Put,1400.0,SPXW260821P01400000,0.0,0.05,0.025,0.05,0.025,100.0,1.0,1414.0,0.0,0.0,0.0,0.0,0.0,0.0,0.0,0.05,0.05,0.05,0.025000000372529,no_change,2026-08-21T11:32:06,0.0,0.0
SPX,2026-08-21,0,Call,1600.0,SPX260821C01600000,0.0,0.0,0.0,5879.5,0.0,0.0,0.0,5.0,0.0,0.0,0.0,0.0,0.0,0.0,0.0,0.0,0.0,0.0,6050.90014648438,down,2026-06-18T09:41:58,0.0,0.0
SPXW,2026-08-21,0,Call,1600.0,SPXW260821C01600000,6066.5,6083.1,6074.8,0.0,0.0,0.0,0.0,0.0,0.0,1.0,0.0,0.0,0.0,0.0,6078.7121,0.0,0.0,0.0,6051.89990234375,no_change,,0.0,0.0
SPX,2026-08-21,0,Put,1600.0,SPX260821P01600000,0.0,0.0,0.0,0.05,0.0,0.0,0.0,6462.0,0.0,0.0,0.0,0.0,0.0,0.0,0.0,0.0,0.0,0.0,0.025000000372529,no_change,2026-07-28T11:20:22,0.0,0.0
SPXW,2026-08-21,0,Put,1600.0,SPXW260821P01600000,0.0,0.05,0.025,0.05,0.025,100.0,5.0,441.0,0.0,0.0,0.0,0.0,0.0,0.0,0.0,0.05,0.05,0.05,0.025000000372529,no_change,2026-08-21T11:21:03,0.0,0.0
SPX,2026-08-21,0,Call,1800.0,SPX260821C01800000,0.0,0.0,0.0,5713.18,0.0,0.0,0.0,3.0,0.0,0.0,0.0,0.0,0.0,0.0,0.0,0.0,0.0,0.0,5850.64990234375,down,2026-06-18T13:21:33,0.0,0.0
SPXW,2026-08-21,0,Call,1800.0,SPXW260821C01800000,5868.2,5884.4,5876.299999999999,0.0,0.0,0.0,0.0,0.0,0.0,1.0,0.0,0.0,0.0,0.0,5878.7121,0.0,0.0,0.0,5852.25,no_change,,0.0,0.0
SPX,2026-08-21,0,Put,1800.0,SPX260821P01800000,0.0,0.0,0.0,0.05,0.0,0.0,0.0,2026.0,0.0,0.0,0.0,0.0,0.0,0.0,0.0,0.0,0.0,0.0,0.025000000372529,no_change,2026-08-04T15:46:40,0.0,0.0
SPXW,2026-08-21,0,Put,1800.0,SPXW260821P01800000,0.0,0.05,0.025,0.05,0.025,100.0,5.0,300.0,0.0,0.0,0.0,0.0,0.0,0.0,0.0,0.05,0.05,0.05,0.025000000372529,no_change,2026-08-21T10:51:16,0.0,0.0
SPX,2026-08-21,0,Call,2000.0,SPX260821C02000000,0.0,0.0,0.0,5738.67,0.0,0.0,0.0,14.0,0.0,0.0,0.0,0.0,0.0,0.0,0.0,0.0,0.0,0.0,5651.25,up,2026-08-12T11:43:29,0.0,0.0
SPXW,2026-08-21,0,Call,2000.0,SPXW260821C02000000,5662.6,5684.4,5673.5,5421.7,0.0,0.0,0.0,2.0,0.0,1.0,0.0,0.0,0.0,0.0,5678.7121,0.0,0.0,0.0,5652.4501953125,down,2026-05-15T12:17:45,0.0,0.0
SPX,2026-08-21,0,Put,2000.0,SPX260821P02000000,0.0,0.0,0.0,0.05,0.0,0.0,0.0,964.0,0.0,0.0,0.0,0.0,0.0,0.0,0.0,0.0,0.0,0.0,0.025000000372529,no_change,2026-07-24T14:56:51,0.0,0.0
SPXW,2026-08-21,0,Put,2000.0,SPXW260821P02000000,0.0,0.05,0.025,0.1,0.0,0.0,0.0,277.0,0.0,0.0,0.0,0.0,0.0,0.0,0.0,0.0,0.0,0.0,0.025000000372529,down,2026-06-29T13:05:20,0.0,0.0
SPX,2026-08-21,0,Call,2200.0,SPX260821C02200000,0.0,0.0,0.0,5271.36,0.0,0.0,0.0,2952.0,0.0,0.0,0.0,0.0,0.0,0.0,0.0,0.0,0.0,0.0,5451.19995117188,up,2026-07-17T11:25:31,0.0,0.0
SPXW,2026-08-21,0,Call,2200.0,SPXW260821C02200000,5462.7,5484.4,5473.549999999999,0.0,0.0,0.0,0.0,0.0,0.0,1.0,0.0,0.0,0.0,0.0,5478.7121,0.0,0.0,0.0,5452.25,no_change,,0.0,0.0
SPX,2026-08-21,0,Put,2200.0,SPX260821P02200000,0.0,0.0,0.0,0.05,0.0,0.0,0.0,3796.0,0.0,0.0,0.0,0.0,0.0,0.0,0.0,0.0,0.0,0.0,0.025000000372529,down,2026-07-22T13:38:20,0.0,0.0
SPXW,2026-08-21,0,Put,2200.0,SPXW260821P02200000,0.0,0.05,0.025,0.1,0.0,0.0,0.0,184.0,0.0,0.0,0.0,0.0,0.0,0.0,0.0,0.0,0.0,0.0,0.025000000372529,no_change,2026-07-01T11:45:42,0.0,0.0
SPX,2026-08-21,0,Call,2400.0,SPX260821C02400000,0.0,0.0,0.0,0.0,0.0,0.0,0.0,0.0,0.0,0.0,0.0,0.0,0.0,0.0,0.0,0.0,0.0,0.0,5251.39990234375,no_change,,0.0,0.0
SPXW,2026-08-21,0,Call,2400.0,SPXW260821C02400000,5267.6,5284.3,5275.950000000001,0.0,0.0,0.0,0.0,0.0,0.0,1.0,0.0,0.0,0.0,0.0,5278.7121,0.0,0.0,0.0,5252.30004882812,no_change,,0.0,0.0
SPX,2026-08-21,0,Put,2400.0,SPX260821P02400000,0.0,0.0,0.0,0.05,0.0,0.0,0.0,1999.0,0.0,0.0,0.0,0.0,0.0,0.0,0.0,0.0,0.0,0.0,0.025000000372529,down,2026-07-15T11:15:15,0.0,0.0
SPXW,2026-08-21,0,Put,2400.0,SPXW260821P02400000,0.0,0.05,0.025,0.03,0.0,0.0,0.0,108.0,0.0,0.0,0.0,0.0,0.0,0.0,0.0,0.0,0.0,0.0,0.025000000372529,down,2026-07-22T11:17:11,0.0,0.0
SPX,2026-08-21,0,Call,2500.0,SPX260821C02500000,0.0,0.0,0.0,0.0,0.0,0.0,0.0,0.0,0.0,0.0,0.0,0.0,0.0,0.0,0.0,0.0,0.0,0.0,5151.30004882812,no_change,,0.0,0.0
SPX,2026-08-21,0,Put,2500.0,SPX260821P02500000,0.0,0.0,0.0,0.12,0.0,0.0,0.0,11078.0,0.0,0.0,0.0,0.0,0.0,0.0,0.0,0.0,0.0,0.0,0.025000000372529,no_change,2026-07-06T10:21:12,0.0,0.0
SPX,2026-08-21,0,Call,2600.0,SPX260821C02600000,0.0,0.0,0.0,4842.77,0.0,0.0,0.0,55.0,0.0,0.0,0.0,0.0,0.0,0.0,0.0,0.0,0.0,0.0,5052.0498046875,down,2026-07-28T15:28:57,0.0,0.0
SPXW,2026-08-21,0,Call,2600.0,SPXW260821C02600000,5066.5,5083.1,5074.8,4962.43,0.0,0.0,0.0,24.0,0.0,1.0,0.0,0.0,0.0,0.0,5078.7121,0.0,0.0,0.0,5052.39990234375,up,2026-07-10T09:54:19,0.0,0.0
SPX,2026-08-21,0,Put,2600.0,SPX260821P02600000,0.0,0.0,0.0,0.02,0.0,0.0,0.0,1072.0,0.0,0.0,0.0,0.0,0.0,0.0,0.0,0.0,0.0,0.0,0.025000000372529,no_change,2026-08-19T14:26:14,0.0,0.0
SPXW,2026-08-21,0,Put,2600.0,SPXW260821P02600000,0.0,0.05,0.025,0.05,0.0,0.0,0.0,209.0,0.0,0.0,0.0,0.0,0.0,0.0,0.0,0.0,0.0,0.0,0.025000000372529,no_change,2026-07-21T09:38:40,0.0,0.0
SPX,2026-08-21,0,Call,2700.0,SPX260821C02700000,0.0,0.0,0.0,4792.7,0.0,0.0,0.0,2.0,0.0,0.0,0.0,0.0,0.0,0.0,0.0,0.0,0.0,0.0,4952.14990234375,down,2026-07-17T13:15:29,0.0,0.0
SPX,2026-08-21,0,Put,2700.0,SPX260821P02700000,0.0,0.0,0.0,0.05,0.0,0.0,0.0,1008.0,0.0,0.0,0.0,0.0,0.0,0.0,0.0,0.0,0.0,0.0,0.025000000372529,no_change,2026-07-31T13:13:20,0.0,0.0
SPX,2026-08-21,0,Call,2800.0,SPX260821C02800000,0.0,0.0,0.0,4684.31,0.0,0.0,0.0,3.0,0.0,0.0,0.0,0.0,0.0,0.0,0.0,0.0,0.0,0.0,4851.0,down,2026-07-01T16:08:35,0.0,0.0
SPXW,2026-08-21,0,Call,2800.0,SPXW260821C02800000,4862.6,4884.4,4873.5,4677.39,0.0,0.0,0.0,1.0,0.0,1.0,0.0,0.0,0.0,0.0,4878.7121,0.0,0.0,0.0,4852.39990234375,down,2026-06-22T15:45:18,0.0,0.0
SPX,2026-08-21,0,Put,2800.0,SPX260821P02800000,0.0,0.0,0.0,0.05,0.0,0.0,0.0,893.0,0.0,0.0,0.0,0.0,0.0,0.0,0.0,0.0,0.0,0.0,0.025000000372529,no_change,2026-07-29T14:19:40,0.0,0.0
SPXW,2026-08-21,0,Put,2800.0,SPXW260821P02800000,0.0,0.05,0.025,0.08,0.0,0.0,0.0,205.0,0.0,0.0,0.0,0.0,0.0,0.0,0.0,0.0,0.0,0.0,0.025000000372529,no_change,2026-07-16T13:39:11,0.0,0.0
SPX,2026-08-21,0,Call,2900.0,SPX260821C02900000,0.0,0.0,0.0,4795.78,0.0,0.0,0.0,16.0,0.0,0.0,0.0,0.0,0.0,0.0,0.0,0.0,0.0,0.0,4752.19995117188,down,2026-08-20T09:36:48,0.0,0.0
SPX,2026-08-21,0,Put,2900.0,SPX260821P02900000,0.0,0.0,0.0,0.1,0.0,0.0,0.0,606.0,0.0,0.0,0.0,0.0,0.0,0.0,0.0,0.0,0.0,0.0,0.025000000372529,down,2026-07-29T14:35:16,0.0,0.0
SPX,2026-08-21,0,Call,3000.0,SPX260821C03000000,0.0,0.0,0.0,4730.82,0.0,0.0,0.0,55.0,0.0,0.0,0.0,0.0,0.0,0.0,0.0,0.0,0.0,0.0,4651.35009765625,up,2026-08-19T12:03:31,0.0,0.0
SPXW,2026-08-21,0,Call,3000.0,SPXW260821C03000000,4666.5,4683.1,4674.8,4664.89,12.14,0.260921,1.0,1.0,0.0,1.0,0.0,0.0,0.0,0.0,4678.7121,4664.89,4664.89,4664.89,4652.75,up,2026-08-21T10:03:46,0.0,0.0
SPX,2026-08-21,0,Put,3000.0,SPX260821P03000000,0.0,0.0,0.0,0.03,0.0,0.0,0.0,4536.0,0.0,0.0,0.0,0.0,0.0,0.0,0.0,0.0,0.0,0.0,0.025000000372529,no_change,2026-08-19T09:42:29,0.0,0.0
SPXW,2026-08-21,0,Put,3000.0,SPXW260821P03000000,0.0,0.05,0.025,0.03,0.005,20.0,1.0,243.0,0.0,0.0,0.0,0.0,0.0,0.0,0.0,0.03,0.03,0.03,0.025000000372529,down,2026-08-21T10:03:46,0.0,0.0
SPX,2026-08-21,0,Call,3100.0,SPX260821C03100000,0.0,0.0,0.0,0.0,0.0,0.0,0.0,0.0,0.0,0.0,0.0,0.0,0.0,0.0,0.0,0.0,0.0,0.0,4551.69995117188,no_change,,0.0,0.0
SPX,2026-08-21,0,Put,3100.0,SPX260821P03100000,0.0,0.0,0.0,0.05,0.0,0.0,0.0,1427.0,0.0,0.0,0.0,0.0,0.0,0.0,0.0,0.0,0.0,0.0,0.025000000372529,down,2026-07-29T15:57:52,0.0,0.0
SPX,2026-08-21,0,Call,3200.0,SPX260821C03200000,0.0,0.0,0.0,4502.0,0.0,0.0,0.0,25.0,0.0,0.0,0.0,0.0,0.0,0.0,0.0,0.0,0.0,0.0,4451.60009765625,no_change,2026-08-18T15:32:41,0.0,0.0
SPXW,2026-08-21,0,Call,3200.0,SPXW260821C03200000,4468.2,4484.4,4476.299999999999,0.0,0.0,0.0,0.0,0.0,0.0,1.0,0.0,0.0,0.0,0.0,4478.7121,0.0,0.0,0.0,4452.85009765625,no_change,,0.0,0.0
SPX,2026-08-21,0,Put,3200.0,SPX260821P03200000,0.0,0.0,0.0,0.03,0.0,0.0,0.0,4423.0,0.0,0.0,0.0,0.0,0.0,0.0,0.0,0.0,0.0,0.0,0.025000000372529,no_change,2026-08-11T10:31:50,0.0,0.0
SPXW,2026-08-21,0,Put,3200.0,SPXW260821P03200000,0.0,0.05,0.025,0.05,0.0,0.0,0.0,479.0,0.0,0.0,0.0,0.0,0.0,0.0,0.0,0.0,0.0,0.0,0.025000000372529,down,2026-08-05T10:09:46,0.0,0.0
SPX,2026-08-21,0,Call,3300.0,SPX260821C03300000,0.0,0.0,0.0,0.0,0.0,0.0,0.0,0.0,0.0,0.0,0.0,0.0,0.0,0.0,0.0,0.0,0.0,0.0,4352.44995117188,no_change,,0.0,0.0
SPXW,2026-08-21,0,Call,3300.0,SPXW260821C03300000,4366.0,4384.4,4375.2,0.0,0.0,0.0,0.0,0.0,0.0,1.0,0.0,0.0,0.0,0.0,4378.7121,0.0,0.0,0.0,4352.85009765625,no_change,,0.0,0.0
SPX,2026-08-21,0,Put,3300.0,SPX260821P03300000,0.0,0.0,0.0,0.1,0.0,0.0,0.0,6035.0,0.0,0.0,0.0,0.0,0.0,0.0,0.0,0.0,0.0,0.0,0.025000000372529,no_change,2026-07-30T16:13:30,0.0,0.0
SPXW,2026-08-21,0,Put,3300.0,SPXW260821P03300000,0.0,0.05,0.025,0.05,0.0,0.0,0.0,417.0,0.0,0.0,0.0,0.0,0.0,0.0,0.0,0.0,0.0,0.0,0.025000000372529,down,2026-07-31T09:30:04,0.0,0.0
SPX,2026-08-21,0,Call,3400.0,SPX260821C03400000,0.0,0.0,0.0,0.0,0.0,0.0,0.0,0.0,0.0,0.0,0.0,0.0,0.0,0.0,0.0,0.0,0.0,0.0,4251.14990234375,no_change,,0.0,0.0
SPXW,2026-08-21,0,Call,3400.0,SPXW260821C03400000,4266.5,4283.1,4274.8,4148.71,0.0,0.0,0.0,1.0,0.0,1.0,0.0,0.0,0.0,0.0,4278.7121,0.0,0.0,0.0,4252.85009765625,up,2026-07-13T10:42:56,0.0,0.0
SPX,2026-08-21,0,Put,3400.0,SPX260821P03400000,0.0,0.0,0.0,0.1,0.0,0.0,0.0,6845.0,0.0,0.0,0.0,0.0,0.0,0.0,0.0,0.0,0.0,0.0,0.025000000372529,down,2026-07-22T16:04:15,0.0,0.0
SPXW,2026-08-21,0,Put,3400.0,SPXW260821P03400000,0.0,0.05,0.025,0.05,0.0,0.0,0.0,110.0,0.0,0.0,0.0,0.0,0.0,0.0,0.0,0.0,0.0,0.0,0.025000000372529,down,2026-08-05T12:41:33,0.0,0.0
SPX,2026-08-21,0,Call,3500.0,SPX260821C03500000,0.0,0.0,0.0,0.0,0.0,0.0,0.0,0.0,0.0,0.0,0.0,0.0,0.0,0.0,0.0,0.0,0.0,0.0,4151.64990234375,no_change,,0.0,0.0
SPXW,2026-08-21,0,Call,3500.0,SPXW260821C03500000,4162.6,4184.4,4173.5,0.0,0.0,0.0,0.0,0.0,0.0,1.0,0.0,0.0,0.0,0.0,4178.7121,0.0,0.0,0.0,4152.85009765625,no_change,,0.0,0.0
SPX,2026-08-21,0,Put,3500.0,SPX260821P03500000,0.0,0.0,0.0,0.05,0.0,0.0,0.0,5258.0,0.0,0.0,0.0,0.0,0.0,0.0,0.0,0.0,0.0,0.0,0.025000000372529,no_change,2026-08-19T13:58:50,0.0,0.0
SPXW,2026-08-21,0,Put,3500.0,SPXW260821P03500000,0.0,0.05,0.025,0.4,0.0,0.0,0.0,233.0,0.0,0.0,0.0,0.0,0.0,0.0,0.0,0.0,0.0,0.0,0.025000000372529,down,2026-07-06T10:15:50,0.0,0.0
SPX,2026-08-21,0,Call,3600.0,SPX260821C03600000,0.0,0.0,0.0,3845.82,0.0,0.0,0.0,2.0,0.0,0.0,0.0,0.0,0.0,0.0,0.0,0.0,0.0,0.0,4051.84997558594,up,2026-07-28T15:28:57,0.0,0.0
SPXW,2026-08-21,0,Call,3600.0,SPXW260821C03600000,4068.2,4084.4,4076.3,0.0,0.0,0.0,0.0,0.0,0.0,1.0,0.0,0.0,0.0,0.0,4078.7121,0.0,0.0,0.0,4052.65002441406,no_change,,0.0,0.0
SPX,2026-08-21,0,Put,3600.0,SPX260821P03600000,0.0,0.0,0.0,0.05,0.0,0.0,0.0,4031.0,0.0,0.0,0.0,0.0,0.0,0.0,0.0,0.0,0.0,0.0,0.025000000372529,no_change,2026-08-19T14:01:15,0.0,0.0
SPXW,2026-08-21,0,Put,3600.0,SPXW260821P03600000,0.0,0.05,0.025,0.05,0.025,100.0,5.0,307.0,0.0,0.0,0.0,0.0,0.0,0.0,0.0,0.05,0.05,0.05,0.025000000372529,down,2026-08-21T11:01:07,0.0,0.0
SPX,2026-08-21,0,Call,3700.0,SPX260821C03700000,0.0,0.0,0.0,0.0,0.0,0.0,0.0,0.0,0.0,0.0,0.0,0.0,0.0,0.0,0.0,0.0,0.0,0.0,3951.79992675781,no_change,,0.0,0.0
SPXW,2026-08-21,0,Call,3700.0,SPXW260821C03700000,3962.7,3984.4,3973.55,0.0,0.0,0.0,0.0,0.0,0.0,1.0,0.0,0.0,0.0,0.0,3978.7121,0.0,0.0,0.0,3953.0,no_change,,0.0,0.0
SPX,2026-08-21,0,Put,3700.0,SPX260821P03700000,0.0,0.0,0.0,0.05,0.0,0.0,0.0,3139.0,0.0,0.0,0.0,0.0,0.0,0.0,0.0,0.0,0.0,0.0,0.025000000372529,no_change,2026-08-06T15:57:37,0.0,0.0
SPXW,2026-08-21,0,Put,3700.0,SPXW260821P03700000,0.0,0.05,0.025,0.1,0.0,0.0,0.0,168.0,0.0,0.0,0.0,0.0,0.0,0.0,0.0,0.0,0.0,0.0,0.025000000372529,down,2026-07-30T15:41:10,0.0,0.0
SPX,2026-08-21,0,Call,3750.0,SPX260821C03750000,0.0,0.0,0.0,0.0,0.0,0.0,0.0,0.0,0.0,0.0,0.0,0.0,0.0,0.0,0.0,0.0,0.0,0.0,3901.25,no_change,,0.0,0.0
SPX,2026-08-21,0,Put,3750.0,SPX260821P03750000,0.0,0.0,0.0,0.17,0.0,0.0,0.0,1613.0,0.0,0.0,0.0,0.0,0.0,0.0,0.0,0.0,0.0,0.0,0.025000000372529,down,2026-07-27T15:37:41,0.0,0.0
SPX,2026-08-21,0,Call,3800.0,SPX260821C03800000,0.0,0.0,0.0,3728.48,0.0,0.0,0.0,1.0,0.0,0.0,0.0,0.0,0.0,0.0,0.0,0.0,0.0,0.0,3851.75,down,2026-06-17T13:25:09,0.0,0.0
SPXW,2026-08-21,0,Call,3800.0,SPXW260821C03800000,3866.8,3883.5,3875.15,0.0,0.0,0.0,0.0,0.0,0.0,1.0,0.0,0.0,0.0,0.0,3878.7121,0.0,0.0,0.0,3852.95007324219,no_change,,0.0,0.0
SPX,2026-08-21,0,Put,3800.0,SPX260821P03800000,0.0,0.0,0.0,0.05,0.0,0.0,0.0,3170.0,0.0,0.0,0.0,0.0,0.0,0.0,0.0,0.0,0.0,0.0,0.025000000372529,no_change,2026-08-06T13:32:34,0.0,0.0
SPXW,2026-08-21,0,Put,3800.0,SPXW260821P03800000,0.0,0.05,0.025,0.05,0.025,100.0,5.0,176.0,0.0,0.0,0.0,0.0,0.0,0.0,0.0,0.05,0.05,0.05,0.025000000372529,down,2026-08-21T11:11:12,0.0,0.0
SPX,2026-08-21,0,Call,3850.0,SPX260821C03850000,0.0,0.0,0.0,0.0,0.0,0.0,0.0,0.0,0.0,0.0,0.0,0.0,0.0,0.0,0.0,0.0,0.0,0.0,3801.64990234375,no_change,,0.0,0.0
SPX,2026-08-21,0,Put,3850.0,SPX260821P03850000,0.0,0.0,0.0,0.05,0.0,0.0,0.0,4772.0,0.0,0.0,0.0,0.0,0.0,0.0,0.0,0.0,0.0,0.0,0.025000000372529,no_change,2026-08-07T14:39:32,0.0,0.0
SPX,2026-08-21,0,Call,3900.0,SPX260821C03900000,0.0,0.0,0.0,0.0,0.0,0.0,0.0,0.0,0.0,0.0,0.0,0.0,0.0,0.0,0.0,0.0,0.0,0.0,3752.44995117188,no_change,,0.0,0.0
SPXW,2026-08-21,0,Call,3900.0,SPXW260821C03900000,3762.6,3784.4,3773.5,0.0,0.0,0.0,0.0,0.0,0.0,1.0,0.0,0.0,0.0,0.0,3772.9738,0.0,0.0,0.0,3752.75,no_change,,0.0,0.0
SPX,2026-08-21,0,Put,3900.0,SPX260821P03900000,0.0,0.0,0.0,0.05,0.0,0.0,0.0,1673.0,0.0,0.0,0.0,0.0,0.0,0.0,0.0,0.0,0.0,0.0,0.025000000372529,no_change,2026-08-06T14:39:10,0.0,0.0
SPXW,2026-08-21,0,Put,3900.0,SPXW260821P03900000,0.0,0.05,0.025,0.05,0.0,0.0,0.0,205.0,0.0,0.0,0.0,0.0,0.0,0.0,0.0,0.0,0.0,0.0,0.025000000372529,no_change,2026-08-05T09:54:43,0.0,0.0
SPX,2026-08-21,0,Call,3950.0,SPX260821C03950000,0.0,0.0,0.0,0.0,0.0,0.0,0.0,0.0,0.0,0.0,0.0,0.0,0.0,0.0,0.0,0.0,0.0,0.0,3701.64990234375,no_change,,0.0,0.0
SPX,2026-08-21,0,Put,3950.0,SPX260821P03950000,0.0,0.0,0.0,0.1,0.0,0.0,0.0,2646.0,0.0,0.0,0.0,0.0,0.0,0.0,0.0,0.0,0.0,0.0,0.025000000372529,no_change,2026-08-03T13:58:26,0.0,0.0
SPX,2026-08-21,0,Call,4000.0,SPX260821C04000000,0.0,0.0,0.0,3515.67,0.0,0.0,0.0,48.0,0.0,0.0,0.0,0.0,0.0,0.0,0.0,0.0,0.0,0.0,3652.55004882812,up,2026-07-21T14:56:30,0.0,0.0
SPXW,2026-08-21,0,Call,4000.0,SPXW260821C04000000,3666.5,3683.1,3674.8,3682.1,29.2,0.799364,1.0,58.0,0.0,1.0,0.0,0.0,0.0,0.0,3672.9738,3682.1,3682.1,3682.1,3652.90002441406,up,2026-08-21T15:53:00,0.0,0.0
SPX,2026-08-21,0,Put,4000.0,SPX260821P04000000,0.0,0.0,0.0,0.05,0.0,0.0,0.0,4389.0,0.0,0.0,0.0,0.0,0.0,0.0,0.0,0.0,0.0,0.0,0.025000000372529,down,2026-08-18T14:18:22,0.0,0.0
SPXW,2026-08-21,0,Put,4000.0,SPXW260821P04000000,0.0,0.05,0.025,0.25,0.0,0.0,0.0,303.0,0.0,0.0,0.0,0.0,0.0,0.0,0.0,0.0,0.0,0.0,0.025000000372529,no_change,2026-07-29T15:48:49,0.0,0.0
SPX,2026-08-21,0,Call,4050.0,SPX260821C04050000,0.0,0.0,0.0,0.0,0.0,0.0,0.0,0.0,0.0,0.0,0.0,0.0,0.0,0.0,0.0,0.0,0.0,0.0,3601.94995117188,no_change,,0.0,0.0
SPX,2026-08-21,0,Put,4050.0,SPX260821P04050000,0.0,0.0,0.0,0.4,0.0,0.0,0.0,1722.0,0.0,0.0,0.0,0.0,0.0,0.0,0.0,0.0,0.0,0.0,0.025000000372529,up,2026-07-23T15:59:55,0.0,0.0
SPX,2026-08-21,0,Call,4100.0,SPX260821C04100000,0.0,0.0,0.0,2445.96,0.0,0.0,0.0,0.0,0.0,0.0,0.0,0.0,0.0,0.0,0.0,0.0,0.0,0.0,3552.04992675781,up,2025-07-24T15:37:19,0.0,0.0
SPXW,2026-08-21,0,Call,4100.0,SPXW260821C04100000,3562.7,3584.4,3573.55,0.0,0.0,0.0,0.0,0.0,0.0,1.0,0.0,0.0,0.0,0.0,3572.9738,0.0,0.0,0.0,3553.09997558594,no_change,,0.0,0.0
SPX,2026-08-21,0,Put,4100.0,SPX260821P04100000,0.0,0.0,0.0,0.05,0.0,0.0,0.0,3188.0,0.0,0.0,0.0,0.0,0.0,0.0,0.0,0.0,0.0,0.0,0.025000000372529,no_change,2026-08-06T14:44:24,0.0,0.0
SPXW,2026-08-21,0,Put,4100.0,SPXW260821P04100000,0.0,0.05,0.025,0.1,0.0,0.0,0.0,184.0,0.0,0.0,0.0,0.0,0.0,0.0,0.0,0.0,0.0,0.0,0.025000000372529,no_change,2026-08-05T10:11:59,0.0,0.0
SPX,2026-08-21,0,Call,4150.0,SPX260821C04150000,0.0,0.0,0.0,0.0,0.0,0.0,0.0,0.0,0.0,0.0,0.0,0.0,0.0,0.0,0.0,0.0,0.0,0.0,3502.55004882812,no_change,,0.0,0.0
SPX,2026-08-21,0,Put,4150.0,SPX260821P04150000,0.0,0.0,0.0,0.1,0.0,0.0,0.0,3086.0,0.0,0.0,0.0,0.0,0.0,0.0,0.0,0.0,0.0,0.0,0.025000000372529,no_change,2026-08-05T14:42:06,0.0,0.0
SPX,2026-08-21,0,Call,4200.0,SPX260821C04200000,0.0,0.0,0.0,2725.46,0.0,0.0,0.0,1.0,0.0,0.0,0.0,0.0,0.0,0.0,0.0,0.0,0.0,0.0,3451.90002441406,down,2026-02-23T10:36:16,0.0,0.0
SPXW,2026-08-21,0,Call,4200.0,SPXW260821C04200000,3466.8,3483.5,3475.15,3195.37,0.0,0.0,0.0,1.0,0.0,1.0,0.0,0.0,0.0,0.0,3472.9738,0.0,0.0,0.0,3452.94995117188,down,2026-07-23T11:34:50,0.0,0.0
SPX,2026-08-21,0,Put,4200.0,SPX260821P04200000,0.0,0.0,0.0,0.05,0.0,0.0,0.0,2992.0,0.0,0.0,0.0,0.0,0.0,0.0,0.0,0.0,0.0,0.0,0.025000000372529,no_change,2026-08-18T14:18:22,0.0,0.0
SPXW,2026-08-21,0,Put,4200.0,SPXW260821P04200000,0.0,0.05,0.025,0.1,0.0,0.0,0.0,733.0,0.0,0.0,0.0,0.0,0.0,0.0,0.0,0.0,0.0,0.0,0.025000000372529,no_change,2026-08-05T11:35:12,0.0,0.0
SPX,2026-08-21,0,Call,4250.0,SPX260821C04250000,0.0,0.0,0.0,0.0,0.0,0.0,0.0,0.0,0.0,0.0,0.0,0.0,0.0,0.0,0.0,0.0,0.0,0.0,3402.0,no_change,,0.0,0.0
SPX,2026-08-21,0,Put,4250.0,SPX260821P04250000,0.0,0.0,0.0,0.05,0.0,0.0,0.0,3525.0,0.0,0.0,0.0,0.0,0.0,0.0,0.0,0.0,0.0,0.0,0.025000000372529,down,2026-08-03T11:12:32,0.0,0.0
SPX,2026-08-21,0,Call,4300.0,SPX260821C04300000,0.0,0.0,0.0,2279.28,0.0,0.0,0.0,1.0,0.0,0.0,0.0,0.0,0.0,0.0,0.0,0.0,0.0,0.0,3351.75,down,2025-08-19T15:52:16,0.0,0.0
SPXW,2026-08-21,0,Call,4300.0,SPXW260821C04300000,3366.8,3383.5,3375.15,0.0,0.0,0.0,0.0,0.0,0.0,1.0,0.0,0.0,0.0,0.0,3372.9738,0.0,0.0,0.0,3353.19995117188,no_change,,0.0,0.0
SPX,2026-08-21,0,Put,4300.0,SPX260821P04300000,0.0,0.0,0.0,0.15,0.0,0.0,0.0,3128.0,0.0,0.0,0.0,0.0,0.0,0.0,0.0,0.0,0.0,0.0,0.025000000372529,down,2026-08-05T15:59:55,0.0,0.0
SPXW,2026-08-21,0,Put,4300.0,SPXW260821P04300000,0.0,0.05,0.025,0.1,0.0,0.0,0.0,328.0,0.0,0.0,0.0,0.0,0.0,0.0,0.0,0.0,0.0,0.0,0.025000000372529,no_change,2026-08-05T10:02:37,0.0,0.0
SPX,2026-08-21,0,Call,4350.0,SPX260821C04350000,0.0,0.0,0.0,3086.25,0.0,0.0,0.0,2.0,0.0,0.0,0.0,0.0,0.0,0.0,0.0,0.0,0.0,0.0,3302.0,down,2026-06-17T15:44:35,0.0,0.0
SPX,2026-08-21,0,Put,4350.0,SPX260821P04350000,0.0,0.0,0.0,0.1,0.0,0.0,0.0,1175.0,0.0,0.0,0.0,0.0,0.0,0.0,0.0,0.0,0.0,0.0,0.025000000372529,up,2026-08-07T15:59:55,0.0,0.0
SPX,2026-08-21,0,Call,4375.0,SPX260821C04375000,0.0,0.0,0.0,0.0,0.0,0.0,0.0,0.0,0.0,0.0,0.0,0.0,0.0,0.0,0.0,0.0,0.0,0.0,3277.69995117188,no_change,,0.0,0.0
SPX,2026-08-21,0,Put,4375.0,SPX260821P04375000,0.0,0.0,0.0,0.05,0.0,0.0,0.0,1246.0,0.0,0.0,0.0,0.0,0.0,0.0,0.0,0.0,0.0,0.0,0.025000000372529,no_change,2026-08-03T15:59:57,0.0,0.0
SPX,2026-08-21,0,Call,4400.0,SPX260821C04400000,0.0,0.0,0.0,0.0,0.0,0.0,0.0,0.0,0.0,0.0,0.0,0.0,0.0,0.0,0.0,0.0,0.0,0.0,3251.95007324219,no_change,,0.0,0.0
SPXW,2026-08-21,0,Call,4400.0,SPXW260821C04400000,3262.6,3284.4,3273.5,0.0,0.0,0.0,0.0,0.0,0.0,1.0,0.0,0.0,0.0,0.0,3272.9738,0.0,0.0,0.0,3253.0,no_change,,0.0,0.0
SPX,2026-08-21,0,Put,4400.0,SPX260821P04400000,0.0,0.0,0.0,0.05,0.0,0.0,0.0,4422.0,0.0,0.0,0.0,0.0,0.0,0.0,0.0,0.0,0.0,0.0,0.025000000372529,no_change,2026-08-18T14:18:22,0.0,0.0
SPXW,2026-08-21,0,Put,4400.0,SPXW260821P04400000,0.0,0.05,0.025,0.05,0.0,0.0,0.0,881.0,0.0,0.0,0.0,0.0,0.0,0.0,0.0,0.0,0.0,0.0,0.025000000372529,no_change,2026-08-19T12:52:07,0.0,0.0
SPX,2026-08-21,0,Call,4425.0,SPX260821C04425000,0.0,0.0,0.0,0.0,0.0,0.0,0.0,0.0,0.0,0.0,0.0,0.0,0.0,0.0,0.0,0.0,0.0,0.0,3227.0,no_change,,0.0,0.0
SPX,2026-08-21,0,Put,4425.0,SPX260821P04425000,0.0,0.0,0.0,0.05,0.0,0.0,0.0,1774.0,0.0,0.0,0.0,0.0,0.0,0.0,0.0,0.0,0.0,0.0,0.025000000372529,down,2026-08-03T15:59:55,0.0,0.0
SPX,2026-08-21,0,Call,4450.0,SPX260821C04450000,0.0,0.0,0.0,0.0,0.0,0.0,0.0,0.0,0.0,0.0,0.0,0.0,0.0,0.0,0.0,0.0,0.0,0.0,3201.84997558594,no_change,,0.0,0.0
SPX,2026-08-21,0,Put,4450.0,SPX260821P04450000,0.0,0.0,0.0,0.05,0.0,0.0,0.0,2547.0,0.0,0.0,0.0,0.0,0.0,0.0,0.0,0.0,0.0,0.0,0.025000000372529,down,2026-07-31T15:59:55,0.0,0.0
SPX,2026-08-21,0,Call,4475.0,SPX260821C04475000,0.0,0.0,0.0,0.0,0.0,0.0,0.0,0.0,0.0,0.0,0.0,0.0,0.0,0.0,0.0,0.0,0.0,0.0,3177.19995117188,no_change,,0.0,0.0
SPX,2026-08-21,0,Put,4475.0,SPX260821P04475000,0.0,0.0,0.0,0.05,0.0,0.0,0.0,1125.0,0.0,0.0,0.0,0.0,0.0,0.0,0.0,0.0,0.0,0.0,0.025000000372529,down,2026-07-31T15:59:55,0.0,0.0
SPX,2026-08-21,0,Call,4500.0,SPX260821C04500000,0.0,0.0,0.0,3016.89,0.0,0.0,0.0,5.0,0.0,0.0,0.0,0.0,0.0,0.0,0.0,0.0,0.0,0.0,3152.0,down,2026-07-01T15:37:35,0.0,0.0
SPXW,2026-08-21,0,Call,4500.0,SPXW260821C04500000,3162.6,3184.4,3173.5,3154.56,0.0,0.0,0.0,7.0,0.0,1.0,0.0,0.0,0.0,0.0,3172.9738,0.0,0.0,0.0,3153.0,up,2026-08-20T15:41:11,0.0,0.0
SPX,2026-08-21,0,Put,4500.0,SPX260821P04500000,0.0,0.0,0.0,0.05,0.0,0.0,0.0,2985.0,0.0,0.0,0.0,0.0,0.0,0.0,0.0,0.0,0.0,0.0,0.025000000372529,no_change,2026-08-07T15:44:51,0.0,0.0
SPXW,2026-08-21,0,Put,4500.0,SPXW260821P04500000,0.0,0.05,0.025,0.05,0.0,0.0,0.0,2125.0,0.0,0.0,0.0,0.0,0.0,0.0,0.0,0.0,0.0,0.0,0.025000000372529,no_change,2026-08-12T13:33:15,0.0,0.0
SPX,2026-08-21,0,Call,4525.0,SPX260821C04525000,0.0,0.0,0.0,2144.84,0.0,0.0,0.0,1.0,0.0,0.0,0.0,0.0,0.0,0.0,0.0,0.0,0.0,0.0,3126.85009765625,up,2025-09-09T11:52:35,0.0,0.0
SPX,2026-08-21,0,Put,4525.0,SPX260821P04525000,0.0,0.0,0.0,0.05,0.0,0.0,0.0,832.0,0.0,0.0,0.0,0.0,0.0,0.0,0.0,0.0,0.0,0.0,0.025000000372529,down,2026-08-03T15:59:57,0.0,0.0
SPX,2026-08-21,0,Call,4550.0,SPX260821C04550000,0.0,0.0,0.0,2389.46,0.0,0.0,0.0,1.0,0.0,0.0,0.0,0.0,0.0,0.0,0.0,0.0,0.0,0.0,3102.20007324219,down,2026-02-23T10:36:16,0.0,0.0
SPXW,2026-08-21,0,Call,4550.0,SPXW260821C04550000,3116.0,3134.4,3125.2,3104.75,0.0,0.0,0.0,7.0,0.0,1.0,0.0,0.0,0.0,0.0,3122.9738,0.0,0.0,0.0,3102.94995117188,up,2026-08-20T15:41:11,0.0,0.0
SPX,2026-08-21,0,Put,4550.0,SPX260821P04550000,0.0,0.0,0.0,0.03,0.0,0.0,0.0,1000.0,0.0,0.0,0.0,0.0,0.0,0.0,0.0,0.0,0.0,0.0,0.025000000372529,no_change,2026-08-12T14:10:37,0.0,0.0
SPXW,2026-08-21,0,Put,4550.0,SPXW260821P04550000,0.0,0.05,0.025,0.05,0.0,0.0,0.0,102.0,0.0,0.0,0.0,0.0,0.0,0.0,0.0,0.0,0.0,0.0,0.025000000372529,down,2026-08-07T10:48:36,0.0,0.0
SPX,2026-08-21,0,Call,4575.0,SPX260821C04575000,0.0,0.0,0.0,0.0,0.0,0.0,0.0,0.0,0.0,0.0,0.0,0.0,0.0,0.0,0.0,0.0,0.0,0.0,3076.75,no_change,,0.0,0.0
SPX,2026-08-21,0,Put,4575.0,SPX260821P04575000,0.0,0.0,0.0,0.05,0.0,0.0,0.0,764.0,0.0,0.0,0.0,0.0,0.0,0.0,0.0,0.0,0.0,0.0,0.025000000372529,no_change,2026-08-07T16:02:32,0.0,0.0
SPX,2026-08-21,0,Call,4600.0,SPX260821C04600000,0.0,0.0,0.0,2579.64,0.0,0.0,0.0,21.0,0.0,0.0,0.0,0.0,0.0,0.0,0.0,0.0,0.0,0.0,3052.64990234375,up,2026-04-17T10:37:32,0.0,0.0
SPXW,2026-08-21,0,Call,4600.0,SPXW260821C04600000,3062.7,3084.4,3073.55,3122.61,0.0,0.0,0.0,0.0,0.0,1.0,0.0,0.0,0.0,0.0,3072.9738,0.0,0.0,0.0,3053.30004882812,up,2026-08-19T09:33:56,0.0,0.0
SPX,2026-08-21,0,Put,4600.0,SPX260821P04600000,0.0,0.0,0.0,0.05,0.0,0.0,0.0,3792.0,0.0,0.0,0.0,0.0,0.0,0.0,0.0,0.0,0.0,0.0,0.025000000372529,no_change,2026-08-18T14:18:22,0.0,0.0
SPXW,2026-08-21,0,Put,4600.0,SPXW260821P04600000,0.0,0.05,0.025,0.05,0.0,0.0,0.0,473.0,0.0,0.0,0.0,0.0,0.0,0.0,0.0,0.0,0.0,0.0,0.025000000372529,down,2026-08-17T09:42:50,0.0,0.0
SPX,2026-08-21,0,Call,4625.0,SPX260821C04625000,0.0,0.0,0.0,1942.1,0.0,0.0,0.0,20.0,0.0,0.0,0.0,0.0,0.0,0.0,0.0,0.0,0.0,0.0,3027.0,up,2026-03-31T12:57:28,0.0,0.0
SPX,2026-08-21,0,Put,4625.0,SPX260821P04625000,0.0,0.0,0.0,0.05,0.0,0.0,0.0,891.0,0.0,0.0,0.0,0.0,0.0,0.0,0.0,0.0,0.0,0.0,0.025000000372529,no_change,2026-08-07T16:04:21,0.0,0.0
SPX,2026-08-21,0,Call,4650.0,SPX260821C04650000,0.0,0.0,0.0,1874.25,0.0,0.0,0.0,20.0,0.0,0.0,0.0,0.0,0.0,0.0,0.0,0.0,0.0,0.0,3002.04992675781,up,2026-03-31T11:55:11,0.0,0.0
SPXW,2026-08-21,0,Call,4650.0,SPXW260821C04650000,3016.0,3034.4,3025.2,0.0,0.0,0.0,0.0,0.0,0.0,1.0,0.0,0.0,0.0,0.0,3022.9738,0.0,0.0,0.0,3003.05004882812,no_change,,0.0,0.0
SPX,2026-08-21,0,Put,4650.0,SPX260821P04650000,0.0,0.0,0.0,0.08,0.0,0.0,0.0,2170.0,0.0,0.0,0.0,0.0,0.0,0.0,0.0,0.0,0.0,0.0,0.025000000372529,no_change,2026-08-12T14:10:37,0.0,0.0
SPXW,2026-08-21,0,Put,4650.0,SPXW260821P04650000,0.0,0.05,0.025,0.05,0.0,0.0,0.0,177.0,0.0,0.0,0.0,0.0,0.0,0.0,0.0,0.0,0.0,0.0,0.025000000372529,down,2026-08-10T09:46:54,0.0,0.0
SPX,2026-08-21,0,Call,4675.0,SPX260821C04675000,0.0,0.0,0.0,1850.75,0.0,0.0,0.0,20.0,0.0,0.0,0.0,0.0,0.0,0.0,0.0,0.0,0.0,0.0,2977.10009765625,up,2026-03-31T11:55:11,0.0,0.0
SPX,2026-08-21,0,Put,4675.0,SPX260821P04675000,0.0,0.0,0.0,0.05,0.0,0.0,0.0,1014.0,0.0,0.0,0.0,0.0,0.0,0.0,0.0,0.0,0.0,0.0,0.025000000372529,no_change,2026-08-11T14:11:50,0.0,0.0
SPX,2026-08-21,0,Call,4700.0,SPX260821C04700000,0.0,0.0,0.0,0.0,0.0,0.0,0.0,0.0,0.0,0.0,0.0,0.0,0.0,0.0,0.0,0.0,0.0,0.0,2952.75,no_change,,0.0,0.0
SPXW,2026-08-21,0,Call,4700.0,SPXW260821C04700000,2966.5,2983.1,2974.8,0.0,0.0,0.0,0.0,0.0,0.0,1.0,0.0,0.0,0.0,0.0,2972.9738,0.0,0.0,0.0,2953.20007324219,no_change,,0.0,0.0
SPX,2026-08-21,0,Put,4700.0,SPX260821P04700000,0.0,0.0,0.0,0.05,0.0,0.0,0.0,1940.0,0.0,0.0,0.0,0.0,0.0,0.0,0.0,0.0,0.0,0.0,0.025000000372529,no_change,2026-08-07T13:41:28,0.0,0.0
SPXW,2026-08-21,0,Put,4700.0,SPXW260821P04700000,0.0,0.05,0.025,0.05,0.0,0.0,0.0,516.0,0.0,0.0,0.0,0.0,0.0,0.0,0.0,0.0,0.0,0.0,0.025000000372529,down,2026-08-07T10:48:20,0.0,0.0
SPX,2026-08-21,0,Call,4725.0,SPX260821C04725000,0.0,0.0,0.0,0.0,0.0,0.0,0.0,0.0,0.0,0.0,0.0,0.0,0.0,0.0,0.0,0.0,0.0,0.0,2926.94995117188,no_change,,0.0,0.0
SPX,2026-08-21,0,Put,4725.0,SPX260821P04725000,0.0,0.0,0.0,0.05,0.0,0.0,0.0,1312.0,0.0,0.0,0.0,0.0,0.0,0.0,0.0,0.0,0.0,0.0,0.025000000372529,no_change,2026-08-07T15:56:25,0.0,0.0
SPX,2026-08-21,0,Call,4750.0,SPX260821C04750000,0.0,0.0,0.0,0.0,0.0,0.0,0.0,0.0,0.0,0.0,0.0,0.0,0.0,0.0,0.0,0.0,0.0,0.0,2902.09997558594,no_change,,0.0,0.0
SPXW,2026-08-21,0,Call,4750.0,SPXW260821C04750000,2916.8,2933.5,2925.15,2970.62,0.0,0.0,0.0,3.0,0.0,1.0,0.0,0.0,0.0,0.0,2922.9738,0.0,0.0,0.0,2903.25,up,2026-08-19T10:00:24,0.0,0.0
SPX,2026-08-21,0,Put,4750.0,SPX260821P04750000,0.0,0.0,0.0,0.05,0.0,0.0,0.0,2253.0,0.0,0.0,0.0,0.0,0.0,0.0,0.0,0.0,0.0,0.0,0.025000000372529,no_change,2026-08-07T16:02:03,0.0,0.0
SPXW,2026-08-21,0,Put,4750.0,SPXW260821P04750000,0.0,0.05,0.025,0.15,0.0,0.0,0.0,408.0,0.0,0.0,0.0,0.0,0.0,0.0,0.0,0.0,0.0,0.0,0.025000000372529,down,2026-08-03T15:04:24,0.0,0.0
SPX,2026-08-21,0,Call,4775.0,SPX260821C04775000,0.0,0.0,0.0,0.0,0.0,0.0,0.0,0.0,0.0,0.0,0.0,0.0,0.0,0.0,0.0,0.0,0.0,0.0,2877.09997558594,no_change,,0.0,0.0
SPX,2026-08-21,0,Put,4775.0,SPX260821P04775000,0.0,0.0,0.0,0.05,0.0,0.0,0.0,1639.0,0.0,0.0,0.0,0.0,0.0,0.0,0.0,0.0,0.0,0.0,0.025000000372529,no_change,2026-08-07T13:34:56,0.0,0.0
SPX,2026-08-21,0,Call,4800.0,SPX260821C04800000,0.0,0.0,0.0,2917.88,0.0,0.0,0.0,2.0,0.0,0.0,0.0,0.0,0.0,0.0,0.0,0.0,0.0,0.0,2852.25,up,2026-08-19T10:17:27,0.0,0.0
SPXW,2026-08-21,0,Call,4800.0,SPXW260821C04800000,2862.7,2884.4,2873.55,2867.25,14.2,0.497711,1.0,2.0,0.0,1.0,0.0,0.0,0.0,0.0,2872.9738,2867.25,2867.25,2867.25,2853.05004882812,down,2026-08-21T09:36:55,0.0,0.0
SPX,2026-08-21,0,Put,4800.0,SPX260821P04800000,0.0,0.0,0.0,0.05,0.0,0.0,0.0,3632.0,0.0,0.0,0.0,0.0,0.0,0.0,0.0,0.0,0.0,0.0,0.025000000372529,down,2026-08-07T13:40:42,0.0,0.0
SPXW,2026-08-21,0,Put,4800.0,SPXW260821P04800000,0.0,0.05,0.025,0.05,0.0,0.0,0.0,679.0,0.0,0.0,0.0,0.0,0.0,0.0,0.0,0.0,0.0,0.0,0.025000000372529,no_change,2026-08-10T14:44:14,0.0,0.0
SPX,2026-08-21,0,Call,4825.0,SPX260821C04825000,0.0,0.0,0.0,0.0,0.0,0.0,0.0,0.0,0.0,0.0,0.0,0.0,0.0,0.0,0.0,0.0,0.0,0.0,2827.20007324219,no_change,,0.0,0.0
SPX,2026-08-21,0,Put,4825.0,SPX260821P04825000,0.0,0.0,0.0,0.1,0.0,0.0,0.0,709.0,0.0,0.0,0.0,0.0,0.0,0.0,0.0,0.0,0.0,0.0,0.025000000372529,up,2026-08-06T10:15:42,0.0,0.0
SPX,2026-08-21,0,Call,4850.0,SPX260821C04850000,0.0,0.0,0.0,2847.77,0.0,0.0,0.0,0.0,0.0,0.0,0.0,0.0,0.0,0.0,0.0,0.0,0.0,0.0,2802.04992675781,no_change,2026-08-18T14:09:28,0.0,0.0
SPXW,2026-08-21,0,Call,4850.0,SPXW260821C04850000,2816.5,2833.1,2824.8,0.0,0.0,0.0,0.0,0.0,0.0,1.0,0.0,0.0,0.0,0.0,2822.9738,0.0,0.0,0.0,2803.05004882812,no_change,,0.0,0.0
SPX,2026-08-21,0,Put,4850.0,SPX260821P04850000,0.0,0.0,0.0,0.05,0.0,0.0,0.0,1270.0,0.0,0.0,0.0,0.0,0.0,0.0,0.0,0.0,0.0,0.0,0.025000000372529,no_change,2026-08-07T13:34:53,0.0,0.0
SPXW,2026-08-21,0,Put,4850.0,SPXW260821P04850000,0.0,0.05,0.025,0.05,0.0,0.0,0.0,187.0,0.0,0.0,0.0,0.0,0.0,0.0,0.0,0.0,0.0,0.0,0.025000000372529,down,2026-08-10T14:21:51,0.0,0.0
SPX,2026-08-21,0,Call,4875.0,SPX260821C04875000,0.0,0.0,0.0,2681.4,0.0,0.0,0.0,10.0,0.0,0.0,0.0,0.0,0.0,0.0,0.0,0.0,0.0,0.0,2776.69995117188,up,2026-07-09T15:38:17,0.0,0.0
SPX,2026-08-21,0,Put,4875.0,SPX260821P04875000,0.0,0.0,0.0,0.05,0.0,0.0,0.0,1968.0,0.0,0.0,0.0,0.0,0.0,0.0,0.0,0.0,0.0,0.0,0.025000000372529,down,2026-08-04T15:59:55,0.0,0.0
SPX,2026-08-21,0,Call,4900.0,SPX260821C04900000,0.0,0.0,0.0,2755.0,0.0,0.0,0.0,122.0,0.0,0.0,0.0,0.0,0.0,0.0,0.0,0.0,0.0,0.0,2752.15002441406,down,2026-08-20T15:18:06,0.0,0.0
SPXW,2026-08-21,0,Call,4900.0,SPXW260821C04900000,2766.8,2783.5,2775.15,0.0,0.0,0.0,0.0,0.0,0.0,1.0,0.0,0.0,0.0,0.0,2772.9738,0.0,0.0,0.0,2753.40002441406,no_change,,0.0,0.0
SPX,2026-08-21,0,Put,4900.0,SPX260821P04900000,0.0,0.0,0.0,0.05,0.0,0.0,0.0,2452.0,0.0,0.0,0.0,0.0,0.0,0.0,0.0,0.0,0.0,0.0,0.025000000372529,no_change,2026-08-11T12:27:44,0.0,0.0
SPXW,2026-08-21,0,Put,4900.0,SPXW260821P04900000,0.0,0.05,0.025,0.05,0.0,0.0,0.0,148.0,0.0,0.0,0.0,0.0,0.0,0.0,0.0,0.0,0.0,0.0,0.025000000372529,down,2026-08-10T15:19:52,0.0,0.0
SPX,2026-08-21,0,Call,4925.0,SPX260821C04925000,0.0,0.0,0.0,0.0,0.0,0.0,0.0,0.0,0.0,0.0,0.0,0.0,0.0,0.0,0.0,0.0,0.0,0.0,2726.65002441406,no_change,,0.0,0.0
SPX,2026-08-21,0,Put,4925.0,SPX260821P04925000,0.0,0.0,0.0,0.05,0.0,0.0,0.0,1116.0,0.0,0.0,0.0,0.0,0.0,0.0,0.0,0.0,0.0,0.0,0.025000000372529,down,2026-08-04T15:59:55,0.0,0.0
SPX,2026-08-21,0,Call,4950.0,SPX260821C04950000,0.0,0.0,0.0,2586.12,0.0,0.0,0.0,1.0,0.0,0.0,0.0,0.0,0.0,0.0,0.0,0.0,0.0,0.0,2701.90002441406,up,2026-07-16T15:26:13,0.0,0.0
SPXW,2026-08-21,0,Call,4950.0,SPXW260821C04950000,2716.5,2733.1,2724.8,0.0,0.0,0.0,0.0,0.0,0.0,1.0,0.0,0.0,0.0,0.0,2722.9738,0.0,0.0,0.0,2703.44995117188,no_change,,0.0,0.0
SPX,2026-08-21,0,Put,4950.0,SPX260821P04950000,0.0,0.0,0.0,0.05,0.0,0.0,0.0,1265.0,0.0,0.0,0.0,0.0,0.0,0.0,0.0,0.0,0.0,0.0,0.025000000372529,no_change,2026-08-06T15:58:48,0.0,0.0
SPXW,2026-08-21,0,Put,4950.0,SPXW260821P04950000,0.0,0.05,0.025,0.05,0.0,0.0,0.0,123.0,0.0,0.0,0.0,0.0,0.0,0.0,0.0,0.0,0.0,0.0,0.025000000372529,down,2026-08-10T12:58:48,0.0,0.0
SPX,2026-08-21,0,Call,4975.0,SPX260821C04975000,0.0,0.0,0.0,0.0,0.0,0.0,0.0,0.0,0.0,0.0,0.0,0.0,0.0,0.0,0.0,0.0,0.0,0.0,2677.19995117188,no_change,,0.0,0.0
SPX,2026-08-21,0,Put,4975.0,SPX260821P04975000,0.0,0.0,0.0,0.05,0.0,0.0,0.0,1264.0,0.0,0.0,0.0,0.0,0.0,0.0,0.0,0.0,0.0,0.0,0.025000000372529,no_change,2026-08-06T15:59:55,0.0,0.0
SPX,2026-08-21,0,Call,5000.0,SPX260821C05000000,0.0,0.0,0.0,2701.1,0.0,0.0,0.0,24209.0,0.0,0.0,0.0,0.0,0.0,0.0,0.0,0.0,0.0,0.0,2652.09997558594,down,2026-08-18T15:46:49,0.0,0.0
SPXW,2026-08-21,0,Call,5000.0,SPXW260821C05000000,2666.8,2683.5,2675.15,2665.48,12.03,0.453374,1.0,46.0,0.0,1.0,0.0,0.0,0.0,0.0,2672.9738,2665.48,2665.48,2665.48,2653.44995117188,down,2026-08-21T10:35:46,0.0,0.0
SPX,2026-08-21,0,Put,5000.0,SPX260821P05000000,0.0,0.0,0.0,0.01,0.0,0.0,0.0,31001.0,0.0,0.0,0.0,0.0,0.0,0.0,0.0,0.0,0.0,0.0,0.025000000372529,down,2026-08-18T15:46:54,0.0,0.0
SPXW,2026-08-21,0,Put,5000.0,SPXW260821P05000000,0.0,0.05,0.025,0.05,0.0,0.0,0.0,1303.0,0.0,0.0,0.0,0.0,0.0,0.0,0.0,0.0,0.0,0.0,0.025000000372529,no_change,2026-08-11T10:21:34,0.0,0.0
SPX,2026-08-21,0,Call,5025.0,SPX260821C05025000,0.0,0.0,0.0,2165.16,0.0,0.0,0.0,0.0,0.0,0.0,0.0,0.0,0.0,0.0,0.0,0.0,0.0,0.0,2627.85009765625,down,2026-04-29T13:51:17,0.0,0.0
SPX,2026-08-21,0,Put,5025.0,SPX260821P05025000,0.0,0.0,0.0,0.04,0.0,0.0,0.0,603.0,0.0,0.0,0.0,0.0,0.0,0.0,0.0,0.0,0.0,0.0,0.025000000372529,down,2026-08-11T12:15:49,0.0,0.0
SPX,2026-08-21,0,Call,5050.0,SPX260821C05050000,0.0,0.0,0.0,0.0,0.0,0.0,0.0,0.0,0.0,0.0,0.0,0.0,0.0,0.0,0.0,0.0,0.0,0.0,2602.15002441406,no_change,,0.0,0.0
SPXW,2026-08-21,0,Call,5050.0,SPXW260821C05050000,2616.5,2633.1,2624.8,0.0,0.0,0.0,0.0,0.0,0.0,1.0,0.0,0.0,0.0,0.0,2622.9738,0.0,0.0,0.0,2603.34997558594,no_change,,0.0,0.0
SPX,2026-08-21,0,Put,5050.0,SPX260821P05050000,0.0,0.0,0.0,0.05,0.0,0.0,0.0,1431.0,0.0,0.0,0.0,0.0,0.0,0.0,0.0,0.0,0.0,0.0,0.025000000372529,no_change,2026-08-06T15:59:55,0.0,0.0
SPXW,2026-08-21,0,Put,5050.0,SPXW260821P05050000,0.0,0.05,0.025,0.05,0.0,0.0,0.0,275.0,0.0,0.0,0.0,0.0,0.0,0.0,0.0,0.0,0.0,0.0,0.025000000372529,down,2026-08-10T15:19:46,0.0,0.0
SPX,2026-08-21,0,Call,5075.0,SPX260821C05075000,0.0,0.0,0.0,2179.09,0.0,0.0,0.0,4.0,0.0,0.0,0.0,0.0,0.0,0.0,0.0,0.0,0.0,0.0,2576.80004882812,down,2026-05-04T12:37:06,0.0,0.0
SPX,2026-08-21,0,Put,5075.0,SPX260821P05075000,0.0,0.0,0.0,0.05,0.0,0.0,0.0,1005.0,0.0,0.0,0.0,0.0,0.0,0.0,0.0,0.0,0.0,0.0,0.025000000372529,no_change,2026-08-06T15:59:55,0.0,0.0
SPX,2026-08-21,0,Call,5100.0,SPX260821C05100000,0.0,0.0,0.0,2643.24,0.0,0.0,0.0,197.0,0.0,0.0,0.0,0.0,0.0,0.0,0.0,0.0,0.0,0.0,2552.25,up,2026-08-12T11:49:07,0.0,0.0
SPXW,2026-08-21,0,Call,5100.0,SPXW260821C05100000,2562.6,2584.4,2573.5,2578.38,25.13,0.984236,1.0,1.0,0.0,1.0,0.0,0.0,0.0,0.0,2572.9738,2578.38,2578.38,2578.38,2553.25,down,2026-08-21T15:19:55,0.0,0.0
SPX,2026-08-21,0,Put,5100.0,SPX260821P05100000,0.0,0.0,0.0,0.1,0.0,0.0,0.0,2341.0,0.0,0.0,0.0,0.0,0.0,0.0,0.0,0.0,0.0,0.0,0.025000000372529,up,2026-08-07T13:41:40,0.0,0.0
SPXW,2026-08-21,0,Put,5100.0,SPXW260821P05100000,0.0,0.05,0.025,0.05,0.0,0.0,0.0,201.0,0.0,0.0,0.0,0.0,0.0,0.0,0.0,0.0,0.0,0.0,0.025000000372529,down,2026-08-07T10:52:08,0.0,0.0
SPX,2026-08-21,0,Call,5125.0,SPX260821C05125000,0.0,0.0,0.0,0.0,0.0,0.0,0.0,0.0,0.0,0.0,0.0,0.0,0.0,0.0,0.0,0.0,0.0,0.0,2527.20007324219,no_change,,0.0,0.0
SPX,2026-08-21,0,Put,5125.0,SPX260821P05125000,0.0,0.0,0.0,0.03,0.0,0.0,0.0,1057.0,0.0,0.0,0.0,0.0,0.0,0.0,0.0,0.0,0.0,0.0,0.025000000372529,down,2026-08-12T12:29:57,0.0,0.0
SPX,2026-08-21,0,Call,5150.0,SPX260821C05150000,0.0,0.0,0.0,1782.41,0.0,0.0,0.0,4.0,0.0,0.0,0.0,0.0,0.0,0.0,0.0,0.0,0.0,0.0,2502.30004882812,up,2025-10-03T16:11:54,0.0,0.0
SPXW,2026-08-21,0,Call,5150.0,SPXW260821C05150000,2512.6,2534.4,2523.5,2541.38,38.23,1.52727,2.0,2.0,0.0,1.0,0.0,0.0,0.0,0.0,2522.9738,2541.38,2541.38,2541.38,2503.15002441406,up,2026-08-21T11:51:48,0.0,0.0
SPX,2026-08-21,0,Put,5150.0,SPX260821P05150000,0.0,0.0,0.0,0.05,0.0,0.0,0.0,2326.0,0.0,0.0,0.0,0.0,0.0,0.0,0.0,0.0,0.0,0.0,0.025000000372529,down,2026-08-06T15:59:55,0.0,0.0
SPXW,2026-08-21,0,Put,5150.0,SPXW260821P05150000,0.0,0.05,0.025,0.03,0.0,0.0,0.0,434.0,0.0,0.0,0.0,0.0,0.0,0.0,0.0,0.0,0.0,0.0,0.025000000372529,down,2026-08-18T14:33:06,0.0,0.0
SPX,2026-08-21,0,Call,5175.0,SPX260821C05175000,0.0,0.0,0.0,0.0,0.0,0.0,0.0,0.0,0.0,0.0,0.0,0.0,0.0,0.0,0.0,0.0,0.0,0.0,2477.25,no_change,,0.0,0.0
SPX,2026-08-21,0,Put,5175.0,SPX260821P05175000,0.0,0.0,0.0,0.06,0.0,0.0,0.0,2546.0,0.0,0.0,0.0,0.0,0.0,0.0,0.0,0.0,0.0,0.0,0.025000000372529,no_change,2026-08-10T10:21:39,0.0,0.0
SPX,2026-08-21,0,Call,5200.0,SPX260821C05200000,0.0,0.0,0.0,2524.43,0.0,0.0,0.0,115.0,0.0,0.0,0.0,0.0,0.0,0.0,0.0,0.0,0.0,0.0,2452.20007324219,down,2026-08-19T11:56:00,0.0,0.0
SPXW,2026-08-21,0,Call,5200.0,SPXW260821C05200000,2462.6,2484.4,2473.5,2484.36,0.0,0.0,0.0,6.0,0.0,1.0,0.0,0.0,0.0,0.0,2472.9738,0.0,0.0,0.0,2453.34997558594,no_change,2026-08-20T10:27:37,0.0,0.0
SPX,2026-08-21,0,Put,5200.0,SPX260821P05200000,0.0,0.0,0.0,0.05,0.0,0.0,0.0,9687.0,0.0,0.0,0.0,0.0,0.0,0.0,0.0,0.0,0.0,0.0,0.025000000372529,no_change,2026-08-11T13:23:24,0.0,0.0
SPXW,2026-08-21,0,Put,5200.0,SPXW260821P05200000,0.0,0.05,0.025,0.05,0.0,0.0,0.0,696.0,0.0,0.0,0.0,0.0,0.0,0.0,0.0,0.0,0.0,0.0,0.025000000372529,no_change,2026-08-11T16:00:11,0.0,0.0
SPX,2026-08-21,0,Call,5225.0,SPX260821C05225000,0.0,0.0,0.0,0.0,0.0,0.0,0.0,0.0,0.0,0.0,0.0,0.0,0.0,0.0,0.0,0.0,0.0,0.0,2427.30004882812,no_change,,0.0,0.0
SPX,2026-08-21,0,Put,5225.0,SPX260821P05225000,0.0,0.0,0.0,0.05,0.0,0.0,0.0,692.0,0.0,0.0,0.0,0.0,0.0,0.0,0.0,0.0,0.0,0.0,0.025000000372529,no_change,2026-08-10T10:21:39,0.0,0.0
SPX,2026-08-21,0,Call,5250.0,SPX260821C05250000,0.0,0.0,0.0,2503.17,0.0,0.0,0.0,9.0,0.0,0.0,0.0,0.0,0.0,0.0,0.0,0.0,0.0,0.0,2402.34997558594,no_change,2026-08-12T12:50:42,0.0,0.0
SPXW,2026-08-21,0,Call,5250.0,SPXW260821C05250000,2416.5,2433.1,2424.8,0.0,0.0,0.0,0.0,0.0,0.0,1.0,0.0,0.0,0.0,0.0,2422.9738,0.0,0.0,0.0,2403.55004882812,no_change,,0.0,0.0
SPX,2026-08-21,0,Put,5250.0,SPX260821P05250000,0.0,0.0,0.0,0.04,0.0,0.0,0.0,7333.0,0.0,0.0,0.0,0.0,0.0,0.0,0.0,0.0,0.0,0.0,0.025000000372529,no_change,2026-08-10T10:21:39,0.0,0.0
SPXW,2026-08-21,0,Put,5250.0,SPXW260821P05250000,0.0,0.05,0.025,0.05,0.0,0.0,0.0,293.0,0.0,0.0,0.0,0.0,0.0,0.0,0.0,0.0,0.0,0.0,0.025000000372529,down,2026-08-18T09:30:51,0.0,0.0
SPX,2026-08-21,0,Call,5275.0,SPX260821C05275000,0.0,0.0,0.0,0.0,0.0,0.0,0.0,0.0,0.0,0.0,0.0,0.0,0.0,0.0,0.0,0.0,0.0,0.0,2376.70007324219,no_change,,0.0,0.0
SPX,2026-08-21,0,Put,5275.0,SPX260821P05275000,0.0,0.0,0.0,0.15,0.0,0.0,0.0,975.0,0.0,0.0,0.0,0.0,0.0,0.0,0.0,0.0,0.0,0.0,0.025000000372529,no_change,2026-08-07T10:00:20,0.0,0.0
SPX,2026-08-21,0,Call,5300.0,SPX260821C05300000,0.0,0.0,0.0,2103.5,0.0,0.0,0.0,1.0,0.0,0.0,0.0,0.0,0.0,0.0,0.0,0.0,0.0,0.0,2352.09997558594,up,2026-07-30T11:59:31,0.0,0.0
SPXW,2026-08-21,0,Call,5300.0,SPXW260821C05300000,2366.5,2383.1,2374.8,2408.78,0.0,0.0,0.0,1.0,0.0,1.0,0.0,0.0,0.0,0.0,2372.9738,0.0,0.0,0.0,2353.30004882812,up,2026-08-18T09:30:17,0.0,0.0
SPX,2026-08-21,0,Put,5300.0,SPX260821P05300000,0.0,0.0,0.0,0.05,0.0,0.0,0.0,3488.0,0.0,0.0,0.0,0.0,0.0,0.0,0.0,0.0,0.0,0.0,0.025000000372529,down,2026-08-11T14:59:36,0.0,0.0
SPXW,2026-08-21,0,Put,5300.0,SPXW260821P05300000,0.0,0.05,0.025,0.05,0.0,0.0,0.0,737.0,0.0,0.0,0.0,0.0,0.0,0.0,0.0,0.0,0.0,0.0,0.025000000372529,down,2026-08-11T15:18:46,0.0,0.0
SPX,2026-08-21,0,Call,5325.0,SPX260821C05325000,0.0,0.0,0.0,1332.79,0.0,0.0,0.0,1.0,0.0,0.0,0.0,0.0,0.0,0.0,0.0,0.0,0.0,0.0,2327.09997558594,down,2025-08-20T10:27:08,0.0,0.0
SPX,2026-08-21,0,Put,5325.0,SPX260821P05325000,0.0,0.0,0.0,0.1,0.0,0.0,0.0,1000.0,0.0,0.0,0.0,0.0,0.0,0.0,0.0,0.0,0.0,0.0,0.025000000372529,down,2026-08-05T15:59:55,0.0,0.0
SPX,2026-08-21,0,Call,5350.0,SPX260821C05350000,0.0,0.0,0.0,1412.5,0.0,0.0,0.0,2.0,0.0,0.0,0.0,0.0,0.0,0.0,0.0,0.0,0.0,0.0,2302.14990234375,up,2025-09-08T10:34:54,0.0,0.0
SPXW,2026-08-21,0,Call,5350.0,SPXW260821C05350000,2316.5,2333.1,2324.8,0.0,0.0,0.0,0.0,0.0,0.0,1.0,0.0,0.0,0.0,0.0,2322.9738,0.0,0.0,0.0,2303.55004882812,no_change,,0.0,0.0
SPX,2026-08-21,0,Put,5350.0,SPX260821P05350000,0.0,0.0,0.0,0.1,0.0,0.0,0.0,1061.0,0.0,0.0,0.0,0.0,0.0,0.0,0.0,0.0,0.0,0.0,0.025000000372529,down,2026-08-05T15:59:55,0.0,0.0
SPXW,2026-08-21,0,Put,5350.0,SPXW260821P05350000,0.0,0.05,0.025,0.2,0.0,0.0,0.0,377.0,0.0,0.0,0.0,0.0,0.0,0.0,0.0,0.0,0.0,0.0,0.025000000372529,no_change,2026-08-05T15:38:43,0.0,0.0
SPX,2026-08-21,0,Call,5375.0,SPX260821C05375000,0.0,0.0,0.0,0.0,0.0,0.0,0.0,0.0,0.0,0.0,0.0,0.0,0.0,0.0,0.0,0.0,0.0,0.0,2276.89990234375,no_change,,0.0,0.0
SPX,2026-08-21,0,Put,5375.0,SPX260821P05375000,0.0,0.0,0.0,0.05,0.0,0.0,0.0,1152.0,0.0,0.0,0.0,0.0,0.0,0.0,0.0,0.0,0.0,0.0,0.025000000372529,no_change,2026-08-14T11:32:17,0.0,0.0
SPX,2026-08-21,0,Call,5400.0,SPX260821C05400000,0.0,0.0,0.0,2338.0,0.0,0.0,0.0,68.0,0.0,0.0,0.0,0.0,0.0,0.0,0.0,0.0,0.0,0.0,2251.75,down,2026-08-11T13:52:30,0.0,0.0
SPXW,2026-08-21,0,Call,5400.0,SPXW260821C05400000,2268.2,2284.4,2276.3,2298.87,0.0,0.0,0.0,1.0,0.0,1.0,0.0,0.0,0.0,0.0,2272.9738,0.0,0.0,0.0,2253.25,down,2026-08-18T15:00:04,0.0,0.0
SPX,2026-08-21,0,Put,5400.0,SPX260821P05400000,0.0,0.0,0.0,0.05,0.0,0.0,0.0,4695.0,0.0,0.0,0.0,0.0,0.0,0.0,0.0,0.0,0.0,0.0,0.025000000372529,no_change,2026-08-12T13:57:17,0.0,0.0
SPXW,2026-08-21,0,Put,5400.0,SPXW260821P05400000,0.0,0.05,0.025,0.05,0.0,0.0,0.0,408.0,0.0,0.0,0.0,0.0,0.0,0.0,0.0,0.0,0.0,0.0,0.025000000372529,no_change,2026-08-12T16:05:15,0.0,0.0
SPX,2026-08-21,0,Call,5425.0,SPX260821C05425000,0.0,0.0,0.0,1348.2,0.0,0.0,0.0,1.0,0.0,0.0,0.0,0.0,0.0,0.0,0.0,0.0,0.0,0.0,2227.39990234375,up,2025-09-08T13:25:10,0.0,0.0
SPX,2026-08-21,0,Put,5425.0,SPX260821P05425000,0.0,0.0,0.0,0.1,0.0,0.0,0.0,766.0,0.0,0.0,0.0,0.0,0.0,0.0,0.0,0.0,0.0,0.0,0.025000000372529,down,2026-08-05T15:59:55,0.0,0.0
SPX,2026-08-21,0,Call,5450.0,SPX260821C05450000,0.0,0.0,0.0,1304.87,0.0,0.0,0.0,1.0,0.0,0.0,0.0,0.0,0.0,0.0,0.0,0.0,0.0,0.0,2202.40002441406,down,2025-08-15T11:01:23,0.0,0.0
SPXW,2026-08-21,0,Call,5450.0,SPXW260821C05450000,2212.6,2234.4,2223.5,2228.0,24.75,1.12334,64.0,65.0,0.0,1.0,0.0,0.0,0.0,0.0,2222.9738,2228.0,2228.0,2228.0,2203.25,no_change,2026-08-21T11:01:23,0.0,0.0
SPX,2026-08-21,0,Put,5450.0,SPX260821P05450000,0.0,0.0,0.0,0.1,0.0,0.0,0.0,2341.0,0.0,0.0,0.0,0.0,0.0,0.0,0.0,0.0,0.0,0.0,0.025000000372529,down,2026-08-10T10:00:17,0.0,0.0
SPXW,2026-08-21,0,Put,5450.0,SPXW260821P05450000,0.0,0.05,0.025,0.05,0.0,0.0,0.0,186.0,0.0,0.0,0.0,0.0,0.0,0.0,0.0,0.0,0.0,0.0,0.025000000372529,no_change,2026-08-12T13:03:02,0.0,0.0
SPX,2026-08-21,0,Call,5475.0,SPX260821C05475000,0.0,0.0,0.0,0.0,0.0,0.0,0.0,0.0,0.0,0.0,0.0,0.0,0.0,0.0,0.0,0.0,0.0,0.0,2176.84997558594,no_change,,0.0,0.0
SPXW,2026-08-21,0,Call,5475.0,SPXW260821C05475000,2190.5,2209.4,2199.95,2203.25,24.7999,1.13842,64.0,64.0,0.0,1.0,0.0,0.0,0.0,0.0,2197.9738,2203.25,2203.25,2203.25,2178.45007324219,no_change,2026-08-21T11:01:23,0.0,0.0
SPX,2026-08-21,0,Put,5475.0,SPX260821P05475000,0.0,0.0,0.0,0.05,0.0,0.0,0.0,1191.0,0.0,0.0,0.0,0.0,0.0,0.0,0.0,0.0,0.0,0.0,0.025000000372529,no_change,2026-08-14T15:59:43,0.0,0.0
SPXW,2026-08-21,0,Put,5475.0,SPXW260821P05475000,0.0,0.05,0.025,0.05,0.0,0.0,0.0,214.0,0.0,0.0,0.0,0.0,0.0,0.0,0.0,0.0,0.0,0.0,0.025000000372529,no_change,2026-08-19T09:34:31,0.0,0.0
SPX,2026-08-21,0,Call,5500.0,SPX260821C05500000,0.0,0.0,0.0,2254.36,0.0,0.0,0.0,1664.0,0.0,0.0,0.0,0.0,0.0,0.0,0.0,0.0,0.0,0.0,2152.39990234375,up,2026-08-11T09:53:47,0.0,0.0
SPXW,2026-08-21,0,Call,5500.0,SPXW260821C05500000,2166.5,2183.1,2174.8,1902.48,0.0,0.0,0.0,3.0,0.0,1.0,0.0,0.0,0.0,0.0,2172.9738,0.0,0.0,0.0,2153.45007324219,down,2026-07-29T14:23:12,0.0,0.0
SPX,2026-08-21,0,Put,5500.0,SPX260821P05500000,0.0,0.0,0.0,0.05,0.0,0.0,0.0,21673.0,0.0,0.0,0.0,0.0,0.0,0.0,0.0,0.0,0.0,0.0,0.025000000372529,no_change,2026-08-13T09:30:04,0.0,0.0
SPXW,2026-08-21,0,Put,5500.0,SPXW260821P05500000,0.0,0.05,0.025,0.03,0.0,0.0,0.0,1178.0,0.0,0.0,0.0,0.0,0.0,0.0,0.0,0.0,0.0,0.0,0.025000000372529,down,2026-08-13T13:33:11,0.0,0.0
SPX,2026-08-21,0,Call,5525.0,SPX260821C05525000,0.0,0.0,0.0,1237.85,0.0,0.0,0.0,1.0,0.0,0.0,0.0,0.0,0.0,0.0,0.0,0.0,0.0,0.0,2127.34997558594,down,2025-08-25T10:30:08,0.0,0.0
SPXW,2026-08-21,0,Call,5525.0,SPXW260821C05525000,2140.5,2159.4,2149.95,0.0,0.0,0.0,0.0,0.0,0.0,1.0,0.0,0.0,0.0,0.0,2147.9738,0.0,0.0,0.0,2128.59997558594,no_change,,0.0,0.0
SPX,2026-08-21,0,Put,5525.0,SPX260821P05525000,0.0,0.0,0.0,0.05,0.0,0.0,0.0,710.0,0.0,0.0,0.0,0.0,0.0,0.0,0.0,0.0,0.0,0.0,0.025000000372529,no_change,2026-08-14T16:00:38,0.0,0.0
SPXW,2026-08-21,0,Put,5525.0,SPXW260821P05525000,0.0,0.05,0.025,0.05,0.0,0.0,0.0,68.0,0.0,0.0,0.0,0.0,0.0,0.0,0.0,0.0,0.0,0.0,0.025000000372529,down,2026-08-12T13:47:58,0.0,0.0
SPX,2026-08-21,0,Call,5550.0,SPX260821C05550000,0.0,0.0,0.0,2225.57,0.0,0.0,0.0,3.0,0.0,0.0,0.0,0.0,0.0,0.0,0.0,0.0,0.0,0.0,2101.84997558594,up,2026-08-17T11:18:16,0.0,0.0
SPXW,2026-08-21,0,Call,5550.0,SPXW260821C05550000,2112.7,2134.4,2123.55,0.0,0.0,0.0,0.0,0.0,0.0,1.0,0.0,0.0,0.0,0.0,2122.9738,0.0,0.0,0.0,2103.69995117188,no_change,,0.0,0.0
SPX,2026-08-21,0,Put,5550.0,SPX260821P05550000,0.0,0.0,0.0,0.05,0.0,0.0,0.0,2095.0,0.0,0.0,0.0,0.0,0.0,0.0,0.0,0.0,0.0,0.0,0.025000000372529,no_change,2026-08-12T13:14:46,0.0,0.0
SPXW,2026-08-21,0,Put,5550.0,SPXW260821P05550000,0.0,0.05,0.025,0.05,0.0,0.0,0.0,604.0,0.0,0.0,0.0,0.0,0.0,0.0,0.0,0.0,0.0,0.0,0.025000000372529,down,2026-08-12T13:47:59,0.0,0.0
SPX,2026-08-21,0,Call,5560.0,SPX260821C05560000,0.0,0.0,0.0,2215.43,0.0,0.0,0.0,2.0,0.0,0.0,0.0,0.0,0.0,0.0,0.0,0.0,0.0,0.0,2092.29992675781,up,2026-08-17T11:18:16,0.0,0.0
SPX,2026-08-21,0,Put,5560.0,SPX260821P05560000,0.0,0.0,0.0,0.05,0.0,0.0,0.0,408.0,0.0,0.0,0.0,0.0,0.0,0.0,0.0,0.0,0.0,0.0,0.025000000372529,no_change,2026-08-17T15:59:46,0.0,0.0
SPX,2026-08-21,0,Call,5570.0,SPX260821C05570000,0.0,0.0,0.0,0.0,0.0,0.0,0.0,0.0,0.0,0.0,0.0,0.0,0.0,0.0,0.0,0.0,0.0,0.0,2081.94995117188,no_change,,0.0,0.0
SPX,2026-08-21,0,Put,5570.0,SPX260821P05570000,0.0,0.0,0.0,0.2,0.0,0.0,0.0,226.0,0.0,0.0,0.0,0.0,0.0,0.0,0.0,0.0,0.0,0.0,0.025000000372529,down,2026-08-07T10:01:04,0.0,0.0
SPX,2026-08-21,0,Call,5575.0,SPX260821C05575000,0.0,0.0,0.0,0.0,0.0,0.0,0.0,0.0,0.0,0.0,0.0,0.0,0.0,0.0,0.0,0.0,0.0,0.0,2077.44995117188,no_change,,0.0,0.0
SPXW,2026-08-21,0,Call,5575.0,SPXW260821C05575000,2090.5,2109.4,2099.95,0.0,0.0,0.0,0.0,0.0,0.0,1.0,0.0,0.0,0.0,0.0,2097.9738,0.0,0.0,0.0,2078.69995117188,no_change,,0.0,0.0
SPX,2026-08-21,0,Put,5575.0,SPX260821P05575000,0.0,0.0,0.0,0.05,0.0,0.0,0.0,764.0,0.0,0.0,0.0,0.0,0.0,0.0,0.0,0.0,0.0,0.0,0.025000000372529,down,2026-08-07T15:59:55,0.0,0.0
SPXW,2026-08-21,0,Put,5575.0,SPXW260821P05575000,0.0,0.05,0.025,0.05,0.0,0.0,0.0,39.0,0.0,0.0,0.0,0.0,0.0,0.0,0.0,0.0,0.0,0.0,0.025000000372529,no_change,2026-08-12T15:45:26,0.0,0.0
SPX,2026-08-21,0,Call,5580.0,SPX260821C05580000,0.0,0.0,0.0,0.0,0.0,0.0,0.0,0.0,0.0,0.0,0.0,0.0,0.0,0.0,0.0,0.0,0.0,0.0,2072.19995117188,no_change,,0.0,0.0
SPX,2026-08-21,0,Put,5580.0,SPX260821P05580000,0.0,0.0,0.0,2.4,0.0,0.0,0.0,309.0,0.0,0.0,0.0,0.0,0.0,0.0,0.0,0.0,0.0,0.0,0.025000000372529,no_change,2026-07-22T09:30:02,0.0,0.0
SPX,2026-08-21,0,Call,5590.0,SPX260821C05590000,0.0,0.0,0.0,2007.52,0.0,0.0,0.0,1.0,0.0,0.0,0.0,0.0,0.0,0.0,0.0,0.0,0.0,0.0,2061.79992675781,up,2026-07-10T15:05:11,0.0,0.0
SPX,2026-08-21,0,Put,5590.0,SPX260821P05590000,0.0,0.0,0.0,0.05,0.0,0.0,0.0,309.0,0.0,0.0,0.0,0.0,0.0,0.0,0.0,0.0,0.0,0.0,0.025000000372529,no_change,2026-08-18T10:07:57,0.0,0.0
SPX,2026-08-21,0,Call,5600.0,SPX260821C05600000,0.0,0.0,0.0,2056.53,0.0,0.0,0.0,231.0,0.0,0.0,0.0,0.0,0.0,0.0,0.0,0.0,0.0,0.0,2052.5,down,2026-08-20T15:28:34,0.0,0.0
SPXW,2026-08-21,0,Call,5600.0,SPXW260821C05600000,2066.5,2083.1,2074.8,2106.84,0.0,0.0,0.0,0.0,0.0,1.0,0.0,0.0,0.0,0.0,2072.9738,0.0,0.0,0.0,2053.39996337891,down,2026-08-18T09:37:27,0.0,0.0
SPX,2026-08-21,0,Put,5600.0,SPX260821P05600000,0.0,0.0,0.0,0.05,0.0,0.0,0.0,4469.0,0.0,0.0,0.0,0.0,0.0,0.0,0.0,0.0,0.0,0.0,0.025000000372529,no_change,2026-08-12T13:14:31,0.0,0.0
SPXW,2026-08-21,0,Put,5600.0,SPXW260821P05600000,0.0,0.05,0.025,0.05,0.0,0.0,0.0,734.0,0.0,0.0,0.0,0.0,0.0,0.0,0.0,0.0,0.0,0.0,0.025000000372529,up,2026-08-18T13:56:45,0.0,0.0
SPX,2026-08-21,0,Call,5610.0,SPX260821C05610000,0.0,0.0,0.0,0.0,0.0,0.0,0.0,0.0,0.0,0.0,0.0,0.0,0.0,0.0,0.0,0.0,0.0,0.0,2042.04992675781,no_change,,0.0,0.0
SPX,2026-08-21,0,Put,5610.0,SPX260821P05610000,0.0,0.0,0.0,0.05,0.0,0.0,0.0,187.0,0.0,0.0,0.0,0.0,0.0,0.0,0.0,0.0,0.0,0.0,0.025000000372529,down,2026-08-12T13:14:18,0.0,0.0
SPX,2026-08-21,0,Call,5620.0,SPX260821C05620000,0.0,0.0,0.0,0.0,0.0,0.0,0.0,0.0,0.0,0.0,0.0,0.0,0.0,0.0,0.0,0.0,0.0,0.0,2031.95001220703,no_change,,0.0,0.0
SPX,2026-08-21,0,Put,5620.0,SPX260821P05620000,0.0,0.0,0.0,0.05,0.0,0.0,0.0,296.0,0.0,0.0,0.0,0.0,0.0,0.0,0.0,0.0,0.0,0.0,0.025000000372529,no_change,2026-08-17T15:59:46,0.0,0.0
SPX,2026-08-21,0,Call,5625.0,SPX260821C05625000,0.0,0.0,0.0,1163.7,0.0,0.0,0.0,1.0,0.0,0.0,0.0,0.0,0.0,0.0,0.0,0.0,0.0,0.0,2027.59997558594,up,2025-08-15T15:33:50,0.0,0.0
SPXW,2026-08-21,0,Call,5625.0,SPXW260821C05625000,2040.5,2059.4,2049.95,2054.45,0.0,0.0,0.0,0.0,0.0,1.0,0.0,0.0,0.0,0.0,2047.9738,0.0,0.0,0.0,2028.45001220703,up,2026-08-20T11:40:03,0.0,0.0
SPX,2026-08-21,0,Put,5625.0,SPX260821P05625000,0.0,0.0,0.0,0.05,0.0,0.0,0.0,532.0,0.0,0.0,0.0,0.0,0.0,0.0,0.0,0.0,0.0,0.0,0.025000000372529,down,2026-08-07T15:59:55,0.0,0.0
SPXW,2026-08-21,0,Put,5625.0,SPXW260821P05625000,0.0,0.05,0.025,0.24,0.0,0.0,0.0,117.0,0.0,0.0,0.0,0.0,0.0,0.0,0.0,0.0,0.0,0.0,0.025000000372529,down,2026-08-06T14:46:19,0.0,0.0
SPX,2026-08-21,0,Call,5630.0,SPX260821C05630000,0.0,0.0,0.0,0.0,0.0,0.0,0.0,0.0,0.0,0.0,0.0,0.0,0.0,0.0,0.0,0.0,0.0,0.0,2023.05004882812,no_change,,0.0,0.0
SPX,2026-08-21,0,Put,5630.0,SPX260821P05630000,0.0,0.0,0.0,0.2,0.0,0.0,0.0,186.0,0.0,0.0,0.0,0.0,0.0,0.0,0.0,0.0,0.0,0.0,0.025000000372529,down,2026-08-07T10:01:41,0.0,0.0
SPX,2026-08-21,0,Call,5640.0,SPX260821C05640000,0.0,0.0,0.0,0.0,0.0,0.0,0.0,0.0,0.0,0.0,0.0,0.0,0.0,0.0,0.0,0.0,0.0,0.0,2011.90002441406,no_change,,0.0,0.0
SPX,2026-08-21,0,Put,5640.0,SPX260821P05640000,0.0,0.0,0.0,0.05,0.0,0.0,0.0,229.0,0.0,0.0,0.0,0.0,0.0,0.0,0.0,0.0,0.0,0.0,0.025000000372529,down,2026-08-12T13:47:59,0.0,0.0
SPX,2026-08-21,0,Call,5650.0,SPX260821C05650000,0.0,0.0,0.0,0.0,0.0,0.0,0.0,0.0,0.0,0.0,0.0,0.0,0.0,0.0,0.0,0.0,0.0,0.0,2002.29998779297,no_change,,0.0,0.0
SPXW,2026-08-21,0,Call,5650.0,SPXW260821C05650000,2018.3,2034.4,2026.35,2036.74,0.0,0.0,0.0,4.0,0.0,1.0,0.0,0.0,0.0,0.0,2022.9738,0.0,0.0,0.0,2003.54998779297,down,2026-08-20T09:53:25,0.0,0.0
SPX,2026-08-21,0,Put,5650.0,SPX260821P05650000,0.0,0.0,0.0,0.05,0.0,0.0,0.0,1496.0,0.0,0.0,0.0,0.0,0.0,0.0,0.0,0.0,0.0,0.0,0.025000000372529,no_change,2026-08-12T13:13:28,0.0,0.0
SPXW,2026-08-21,0,Put,5650.0,SPXW260821P05650000,0.0,0.05,0.025,0.05,0.0,0.0,0.0,283.0,0.0,0.0,0.0,0.0,0.0,0.0,0.0,0.0,0.0,0.0,0.025000000372529,down,2026-08-20T15:14:28,0.0,0.0
SPX,2026-08-21,0,Call,5660.0,SPX260821C05660000,0.0,0.0,0.0,0.0,0.0,0.0,0.0,0.0,0.0,0.0,0.0,0.0,0.0,0.0,0.0,0.0,0.0,0.0,1992.0,no_change,,0.0,0.0
SPX,2026-08-21,0,Put,5660.0,SPX260821P05660000,0.0,0.0,0.0,0.25,0.0,0.0,0.0,215.0,0.0,0.0,0.0,0.0,0.0,0.0,0.0,0.0,0.0,0.0,0.025000000372529,no_change,2026-08-06T10:44:26,0.0,0.0
SPX,2026-08-21,0,Call,5670.0,SPX260821C05670000,0.0,0.0,0.0,0.0,0.0,0.0,0.0,0.0,0.0,0.0,0.0,0.0,0.0,0.0,0.0,0.0,0.0,0.0,1981.95001220703,no_change,,0.0,0.0
SPX,2026-08-21,0,Put,5670.0,SPX260821P05670000,0.0,0.0,0.0,2.8,0.0,0.0,0.0,2344.0,0.0,0.0,0.0,0.0,0.0,0.0,0.0,0.0,0.0,0.0,0.025000000372529,no_change,2026-07-22T09:30:02,0.0,0.0
SPX,2026-08-21,0,Call,5675.0,SPX260821C05675000,0.0,0.0,0.0,2080.98,0.0,0.0,0.0,2.0,0.0,0.0,0.0,0.0,0.0,0.0,0.0,0.0,0.0,0.0,1978.20001220703,up,2026-08-10T15:08:47,0.0,0.0
SPXW,2026-08-21,0,Call,5675.0,SPXW260821C05675000,1987.6,2009.4,1998.5,2015.78,37.38,1.8894,40.0,48.0,0.0,1.0,0.0,0.0,0.0,0.0,1997.9738,2015.78,2015.78,2015.78,1978.40002441406,up,2026-08-21T11:44:33,0.0,0.0
SPX,2026-08-21,0,Put,5675.0,SPX260821P05675000,0.0,0.0,0.0,0.05,0.0,0.0,0.0,754.0,0.0,0.0,0.0,0.0,0.0,0.0,0.0,0.0,0.0,0.0,0.025000000372529,down,2026-08-07T15:59:55,0.0,0.0
SPXW,2026-08-21,0,Put,5675.0,SPXW260821P05675000,0.0,0.05,0.025,0.3,0.0,0.0,0.0,64.0,0.0,0.0,0.0,0.0,0.0,0.0,0.0,0.0,0.0,0.0,0.025000000372529,down,2026-08-06T11:37:32,0.0,0.0
SPX,2026-08-21,0,Call,5680.0,SPX260821C05680000,0.0,0.0,0.0,0.0,0.0,0.0,0.0,0.0,0.0,0.0,0.0,0.0,0.0,0.0,0.0,0.0,0.0,0.0,1971.79998779297,no_change,,0.0,0.0
SPX,2026-08-21,0,Put,5680.0,SPX260821P05680000,0.0,0.0,0.0,0.25,0.0,0.0,0.0,204.0,0.0,0.0,0.0,0.0,0.0,0.0,0.0,0.0,0.0,0.0,0.025000000372529,down,2026-08-06T10:16:35,0.0,0.0
SPX,2026-08-21,0,Call,5690.0,SPX260821C05690000,0.0,0.0,0.0,0.0,0.0,0.0,0.0,0.0,0.0,0.0,0.0,0.0,0.0,0.0,0.0,0.0,0.0,0.0,1962.29998779297,no_change,,0.0,0.0
SPX,2026-08-21,0,Put,5690.0,SPX260821P05690000,0.0,0.0,0.0,1.49,0.0,0.0,0.0,411.0,0.0,0.0,0.0,0.0,0.0,0.0,0.0,0.0,0.0,0.0,0.025000000372529,down,2026-07-31T10:19:43,0.0,0.0
SPX,2026-08-21,0,Call,5700.0,SPX260821C05700000,0.0,0.0,0.0,1796.25,0.0,0.0,0.0,181.0,0.0,0.0,0.0,0.0,0.0,0.0,0.0,0.0,0.0,0.0,1952.15002441406,down,2026-06-05T14:13:53,0.0,0.0
SPXW,2026-08-21,0,Call,5700.0,SPXW260821C05700000,1962.7,1984.4,1973.5500000000002,1976.5,23.15,1.18514,1.0,1.0,0.0,1.0,0.0,0.0,0.0,0.0,1972.9738,1976.5,1976.5,1976.5,1953.35003662109,down,2026-08-21T11:30:15,0.0,0.0
SPX,2026-08-21,0,Put,5700.0,SPX260821P05700000,0.0,0.0,0.0,0.05,0.0,0.0,0.0,4926.0,0.0,0.0,0.0,0.0,0.0,0.0,0.0,0.0,0.0,0.0,0.025000000372529,no_change,2026-08-17T11:46:39,0.0,0.0
SPXW,2026-08-21,0,Put,5700.0,SPXW260821P05700000,0.0,0.05,0.025,0.12,0.0,0.0,0.0,345.0,0.0,0.0,0.0,0.0,0.0,0.0,0.0,0.0,0.0,0.0,0.025000000372529,no_change,2026-08-10T12:29:24,0.0,0.0
SPX,2026-08-21,0,Call,5710.0,SPX260821C05710000,0.0,0.0,0.0,0.0,0.0,0.0,0.0,0.0,0.0,0.0,0.0,0.0,0.0,0.0,0.0,0.0,0.0,0.0,1941.95001220703,no_change,,0.0,0.0
SPX,2026-08-21,0,Put,5710.0,SPX260821P05710000,0.0,0.0,0.0,0.4,0.0,0.0,0.0,536.0,0.0,0.0,0.0,0.0,0.0,0.0,0.0,0.0,0.0,0.0,0.025000000372529,down,2026-08-04T10:05:41,0.0,0.0
SPX,2026-08-21,0,Call,5720.0,SPX260821C05720000,0.0,0.0,0.0,1751.45,0.0,0.0,0.0,5.0,0.0,0.0,0.0,0.0,0.0,0.0,0.0,0.0,0.0,0.0,1932.04998779297,up,2026-06-29T14:01:40,0.0,0.0
SPX,2026-08-21,0,Put,5720.0,SPX260821P05720000,0.0,0.0,0.0,2.95,0.0,0.0,0.0,293.0,0.0,0.0,0.0,0.0,0.0,0.0,0.0,0.0,0.0,0.0,0.025000000372529,no_change,2026-07-22T09:30:02,0.0,0.0
SPX,2026-08-21,0,Call,5725.0,SPX260821C05725000,0.0,0.0,0.0,0.0,0.0,0.0,0.0,0.0,0.0,0.0,0.0,0.0,0.0,0.0,0.0,0.0,0.0,0.0,1927.15002441406,no_change,,0.0,0.0
SPXW,2026-08-21,0,Call,5725.0,SPXW260821C05725000,1937.7,1959.4,1948.5500000000002,0.0,0.0,0.0,0.0,0.0,0.0,1.0,0.0,0.0,0.0,0.0,1947.9738,0.0,0.0,0.0,1928.40002441406,no_change,,0.0,0.0
SPX,2026-08-21,0,Put,5725.0,SPX260821P05725000,0.0,0.0,0.0,0.1,0.0,0.0,0.0,814.0,0.0,0.0,0.0,0.0,0.0,0.0,0.0,0.0,0.0,0.0,0.025000000372529,no_change,2026-08-10T15:18:08,0.0,0.0
SPXW,2026-08-21,0,Put,5725.0,SPXW260821P05725000,0.0,0.05,0.025,0.05,0.0,0.0,0.0,271.0,0.0,0.0,0.0,0.0,0.0,0.0,0.0,0.0,0.0,0.0,0.025000000372529,down,2026-08-12T09:44:05,0.0,0.0
SPX,2026-08-21,0,Call,5730.0,SPX260821C05730000,0.0,0.0,0.0,0.0,0.0,0.0,0.0,0.0,0.0,0.0,0.0,0.0,0.0,0.0,0.0,0.0,0.0,0.0,1922.29998779297,no_change,,0.0,0.0
SPX,2026-08-21,0,Put,5730.0,SPX260821P05730000,0.0,0.0,0.0,4.2,0.0,0.0,0.0,273.0,0.0,0.0,0.0,0.0,0.0,0.0,0.0,0.0,0.0,0.0,0.025000000372529,up,2026-07-23T14:51:12,0.0,0.0
SPX,2026-08-21,0,Call,5740.0,SPX260821C05740000,0.0,0.0,0.0,1026.83,0.0,0.0,0.0,1.0,0.0,0.0,0.0,0.0,0.0,0.0,0.0,0.0,0.0,0.0,1912.09997558594,down,2026-04-06T15:03:14,0.0,0.0
SPX,2026-08-21,0,Put,5740.0,SPX260821P05740000,0.0,0.0,0.0,0.05,0.0,0.0,0.0,734.0,0.0,0.0,0.0,0.0,0.0,0.0,0.0,0.0,0.0,0.0,0.025000000372529,no_change,2026-08-17T15:59:46,0.0,0.0
SPX,2026-08-21,0,Call,5750.0,SPX260821C05750000,0.0,0.0,0.0,1273.65,0.0,0.0,0.0,3.0,0.0,0.0,0.0,0.0,0.0,0.0,0.0,0.0,0.0,0.0,1903.05004882812,up,2025-10-20T15:29:25,0.0,0.0
SPXW,2026-08-21,0,Call,5750.0,SPXW260821C05750000,1912.6,1934.4,1923.5,1941.44,38.09,2.00121,2.0,3.0,0.0,1.0,0.0,0.0,0.0,0.0,1922.9738,1941.44,1941.44,1941.44,1903.35003662109,up,2026-08-21T11:58:39,0.0,0.0
SPX,2026-08-21,0,Put,5750.0,SPX260821P05750000,0.0,0.0,0.0,0.1,0.0,0.0,0.0,5334.0,0.0,0.0,0.0,0.0,0.0,0.0,0.0,0.0,0.0,0.0,0.025000000372529,down,2026-08-07T15:59:55,0.0,0.0
SPXW,2026-08-21,0,Put,5750.0,SPXW260821P05750000,0.0,0.05,0.025,0.03,0.0,0.0,0.0,139.0,0.0,0.0,0.0,0.0,0.0,0.0,0.0,0.0,0.0,0.0,0.025000000372529,down,2026-08-13T13:52:05,0.0,0.0
SPX,2026-08-21,0,Call,5760.0,SPX260821C05760000,0.0,0.0,0.0,0.0,0.0,0.0,0.0,0.0,0.0,0.0,0.0,0.0,0.0,0.0,0.0,0.0,0.0,0.0,1892.5,no_change,,0.0,0.0
SPX,2026-08-21,0,Put,5760.0,SPX260821P05760000,0.0,0.0,0.0,0.6,0.0,0.0,0.0,709.0,0.0,0.0,0.0,0.0,0.0,0.0,0.0,0.0,0.0,0.0,0.025000000372529,down,2026-08-03T11:51:09,0.0,0.0
SPX,2026-08-21,0,Call,5770.0,SPX260821C05770000,0.0,0.0,0.0,0.0,0.0,0.0,0.0,0.0,0.0,0.0,0.0,0.0,0.0,0.0,0.0,0.0,0.0,0.0,1882.40002441406,no_change,,0.0,0.0
SPX,2026-08-21,0,Put,5770.0,SPX260821P05770000,0.0,0.0,0.0,0.1,0.0,0.0,0.0,211.0,0.0,0.0,0.0,0.0,0.0,0.0,0.0,0.0,0.0,0.0,0.025000000372529,no_change,2026-08-11T15:32:39,0.0,0.0
SPX,2026-08-21,0,Call,5775.0,SPX260821C05775000,0.0,0.0,0.0,1774.35,0.0,0.0,0.0,0.0,0.0,0.0,0.0,0.0,0.0,0.0,0.0,0.0,0.0,0.0,1877.40002441406,up,2026-07-01T12:13:38,0.0,0.0
SPXW,2026-08-21,0,Call,5775.0,SPXW260821C05775000,1887.7,1909.4,1898.5500000000002,0.0,0.0,0.0,0.0,0.0,0.0,1.0,0.0,0.0,0.0,0.0,1897.9738,0.0,0.0,0.0,1878.54998779297,no_change,,0.0,0.0
SPX,2026-08-21,0,Put,5775.0,SPX260821P05775000,0.0,0.0,0.0,0.12,0.0,0.0,0.0,1479.0,0.0,0.0,0.0,0.0,0.0,0.0,0.0,0.0,0.0,0.0,0.025000000372529,down,2026-08-11T14:32:12,0.0,0.0
SPXW,2026-08-21,0,Put,5775.0,SPXW260821P05775000,0.0,0.05,0.025,0.45,0.0,0.0,0.0,82.0,0.0,0.0,0.0,0.0,0.0,0.0,0.0,0.0,0.0,0.0,0.025000000372529,down,2026-08-04T09:55:53,0.0,0.0
SPX,2026-08-21,0,Call,5780.0,SPX260821C05780000,0.0,0.0,0.0,1963.49,0.0,0.0,0.0,1.0,0.0,0.0,0.0,0.0,0.0,0.0,0.0,0.0,0.0,0.0,1872.25,up,2026-08-05T15:46:32,0.0,0.0
SPX,2026-08-21,0,Put,5780.0,SPX260821P05780000,0.0,0.0,0.0,0.05,0.0,0.0,0.0,320.0,0.0,0.0,0.0,0.0,0.0,0.0,0.0,0.0,0.0,0.0,0.025000000372529,no_change,2026-08-17T15:59:46,0.0,0.0
SPX,2026-08-21,0,Call,5790.0,SPX260821C05790000,0.0,0.0,0.0,0.0,0.0,0.0,0.0,0.0,0.0,0.0,0.0,0.0,0.0,0.0,0.0,0.0,0.0,0.0,1862.60003662109,no_change,,0.0,0.0
SPX,2026-08-21,0,Put,5790.0,SPX260821P05790000,0.0,0.0,0.0,0.05,0.0,0.0,0.0,480.0,0.0,0.0,0.0,0.0,0.0,0.0,0.0,0.0,0.0,0.0,0.025000000372529,no_change,2026-08-17T15:59:46,0.0,0.0
SPX,2026-08-21,0,Call,5800.0,SPX260821C05800000,0.0,0.0,0.0,1980.01,0.0,0.0,0.0,1526.0,0.0,0.0,0.0,0.0,0.0,0.0,0.0,0.0,0.0,0.0,1851.95001220703,up,2026-08-17T09:37:48,0.0,0.0
SPXW,2026-08-21,0,Call,5800.0,SPXW260821C05800000,1862.7,1884.4,1873.5500000000002,1890.72,37.02,1.99709,6.0,6.0,0.0,1.0,0.0,0.0,0.0,0.0,1872.9738,1867.84,1890.72,1867.84,1853.70001220703,up,2026-08-21T12:00:49,0.0,0.0
SPX,2026-08-21,0,Put,5800.0,SPX260821P05800000,0.0,0.0,0.0,0.05,0.0,0.0,0.0,8020.0,0.0,0.0,0.0,0.0,0.0,0.0,0.0,0.0,0.0,0.0,0.025000000372529,no_change,2026-08-17T15:59:46,0.0,0.0
SPXW,2026-08-21,0,Put,5800.0,SPXW260821P05800000,0.0,0.05,0.025,0.05,0.0,0.0,0.0,906.0,0.0,0.0,0.0,0.0,0.0,0.0,0.0,0.0,0.0,0.0,0.025000000372529,no_change,2026-08-18T09:45:06,0.0,0.0
SPX,2026-08-21,0,Call,5810.0,SPX260821C05810000,0.0,0.0,0.0,1765.15,0.0,0.0,0.0,1.0,0.0,0.0,0.0,0.0,0.0,0.0,0.0,0.0,0.0,0.0,1842.5,up,2026-08-03T10:29:43,0.0,0.0
SPX,2026-08-21,0,Put,5810.0,SPX260821P05810000,0.0,0.0,0.0,0.25,0.0,0.0,0.0,622.0,0.0,0.0,0.0,0.0,0.0,0.0,0.0,0.0,0.0,0.0,0.025000000372529,down,2026-08-07T10:01:57,0.0,0.0
SPX,2026-08-21,0,Call,5820.0,SPX260821C05820000,0.0,0.0,0.0,0.0,0.0,0.0,0.0,0.0,0.0,0.0,0.0,0.0,0.0,0.0,0.0,0.0,0.0,0.0,1832.14996337891,no_change,,0.0,0.0
SPX,2026-08-21,0,Put,5820.0,SPX260821P05820000,0.0,0.0,0.0,3.4,0.0,0.0,0.0,317.0,0.0,0.0,0.0,0.0,0.0,0.0,0.0,0.0,0.0,0.0,0.025000000372529,no_change,2026-07-22T09:30:02,0.0,0.0
SPX,2026-08-21,0,Call,5825.0,SPX260821C05825000,0.0,0.0,0.0,1134.33,0.0,0.0,0.0,1.0,0.0,0.0,0.0,0.0,0.0,0.0,0.0,0.0,0.0,0.0,1827.54998779297,down,2025-09-18T15:37:08,0.0,0.0
SPXW,2026-08-21,0,Call,5825.0,SPXW260821C05825000,1837.7,1859.4,1848.5500000000002,0.0,0.0,0.0,0.0,0.0,0.0,1.0,0.0,0.0,0.0,0.0,1847.9738,0.0,0.0,0.0,1828.70001220703,no_change,,0.0,0.0
SPX,2026-08-21,0,Put,5825.0,SPX260821P05825000,0.0,0.0,0.0,0.12,0.0,0.0,0.0,1381.0,0.0,0.0,0.0,0.0,0.0,0.0,0.0,0.0,0.0,0.0,0.025000000372529,down,2026-08-10T14:40:39,0.0,0.0
SPXW,2026-08-21,0,Put,5825.0,SPXW260821P05825000,0.0,0.05,0.025,0.15,0.0,0.0,0.0,76.0,0.0,0.0,0.0,0.0,0.0,0.0,0.0,0.0,0.0,0.0,0.025000000372529,down,2026-08-11T09:55:41,0.0,0.0
SPX,2026-08-21,0,Call,5830.0,SPX260821C05830000,0.0,0.0,0.0,1690.51,0.0,0.0,0.0,1.0,0.0,0.0,0.0,0.0,0.0,0.0,0.0,0.0,0.0,0.0,1822.14996337891,down,2026-06-18T09:55:51,0.0,0.0
SPX,2026-08-21,0,Put,5830.0,SPX260821P05830000,0.0,0.0,0.0,0.05,0.0,0.0,0.0,432.0,0.0,0.0,0.0,0.0,0.0,0.0,0.0,0.0,0.0,0.0,0.025000000372529,no_change,2026-08-17T15:59:46,0.0,0.0
SPX,2026-08-21,0,Call,5840.0,SPX260821C05840000,0.0,0.0,0.0,0.0,0.0,0.0,0.0,0.0,0.0,0.0,0.0,0.0,0.0,0.0,0.0,0.0,0.0,0.0,1812.14996337891,no_change,,0.0,0.0
SPX,2026-08-21,0,Put,5840.0,SPX260821P05840000,0.0,0.0,0.0,0.05,0.0,0.0,0.0,372.0,0.0,0.0,0.0,0.0,0.0,0.0,0.0,0.0,0.0,0.0,0.025000000372529,no_change,2026-08-17T15:59:46,0.0,0.0
SPX,2026-08-21,0,Call,5850.0,SPX260821C05850000,0.0,0.0,0.0,1869.78,0.0,0.0,0.0,3.0,0.0,0.0,0.0,0.0,0.0,0.0,0.0,0.0,0.0,0.0,1802.54998779297,down,2026-08-19T13:15:18,0.0,0.0
SPXW,2026-08-21,0,Call,5850.0,SPXW260821C05850000,1816.5,1833.1,1824.8,1815.83,0.0,0.0,0.0,1.0,0.0,1.0,0.0,0.0,0.0,0.0,1822.9738,0.0,0.0,0.0,1803.45001220703,down,2026-08-20T14:02:31,0.0,0.0
SPX,2026-08-21,0,Put,5850.0,SPX260821P05850000,0.0,0.0,0.0,0.15,0.0,0.0,0.0,3088.0,0.0,0.0,0.0,0.0,0.0,0.0,0.0,0.0,0.0,0.0,0.025000000372529,up,2026-08-11T11:53:12,0.0,0.0
SPXW,2026-08-21,0,Put,5850.0,SPXW260821P05850000,0.0,0.05,0.025,0.05,0.0,0.0,0.0,844.0,0.0,0.0,0.0,0.0,0.0,0.0,0.0,0.0,0.0,0.0,0.025000000372529,no_change,2026-08-18T10:02:30,0.0,0.0
SPX,2026-08-21,0,Call,5860.0,SPX260821C05860000,0.0,0.0,0.0,0.0,0.0,0.0,0.0,0.0,0.0,0.0,0.0,0.0,0.0,0.0,0.0,0.0,0.0,0.0,1792.09997558594,no_change,,0.0,0.0
SPX,2026-08-21,0,Put,5860.0,SPX260821P05860000,0.0,0.0,0.0,0.35,0.0,0.0,0.0,492.0,0.0,0.0,0.0,0.0,0.0,0.0,0.0,0.0,0.0,0.0,0.025000000372529,down,2026-08-05T14:44:05,0.0,0.0
SPX,2026-08-21,0,Call,5870.0,SPX260821C05870000,0.0,0.0,0.0,0.0,0.0,0.0,0.0,0.0,0.0,0.0,0.0,0.0,0.0,0.0,0.0,0.0,0.0,0.0,1782.09997558594,no_change,,0.0,0.0
SPX,2026-08-21,0,Put,5870.0,SPX260821P05870000,0.0,0.0,0.0,0.15,0.0,0.0,0.0,409.0,0.0,0.0,0.0,0.0,0.0,0.0,0.0,0.0,0.0,0.0,0.025000000372529,no_change,2026-08-11T11:40:26,0.0,0.0
SPX,2026-08-21,0,Call,5875.0,SPX260821C05875000,0.0,0.0,0.0,1184.4,0.0,0.0,0.0,17.0,0.0,0.0,0.0,0.0,0.0,0.0,0.0,0.0,0.0,0.0,1777.5,down,2025-11-26T10:00:55,0.0,0.0
SPXW,2026-08-21,0,Call,5875.0,SPXW260821C05875000,1791.5,1808.1,1799.8,0.0,0.0,0.0,0.0,0.0,0.0,1.0,0.0,0.0,0.0,0.0,1797.9738,0.0,0.0,0.0,1778.75,no_change,,0.0,0.0
SPX,2026-08-21,0,Put,5875.0,SPX260821P05875000,0.0,0.0,0.0,0.05,0.0,0.0,0.0,488.0,0.0,0.0,0.0,0.0,0.0,0.0,0.0,0.0,0.0,0.0,0.025000000372529,no_change,2026-08-13T12:47:02,0.0,0.0
SPXW,2026-08-21,0,Put,5875.0,SPXW260821P05875000,0.0,0.05,0.025,0.05,0.0,0.0,0.0,51.0,0.0,0.0,0.0,0.0,0.0,0.0,0.0,0.0,0.0,0.0,0.025000000372529,down,2026-08-13T11:03:50,0.0,0.0
SPX,2026-08-21,0,Call,5880.0,SPX260821C05880000,0.0,0.0,0.0,0.0,0.0,0.0,0.0,0.0,0.0,0.0,0.0,0.0,0.0,0.0,0.0,0.0,0.0,0.0,1772.5,no_change,,0.0,0.0
SPX,2026-08-21,0,Put,5880.0,SPX260821P05880000,0.0,0.0,0.0,0.05,0.0,0.0,0.0,412.0,0.0,0.0,0.0,0.0,0.0,0.0,0.0,0.0,0.0,0.0,0.025000000372529,down,2026-08-12T10:32:06,0.0,0.0
SPX,2026-08-21,0,Call,5890.0,SPX260821C05890000,0.0,0.0,0.0,1581.1,0.0,0.0,0.0,1.0,0.0,0.0,0.0,0.0,0.0,0.0,0.0,0.0,0.0,0.0,1762.0,down,2026-07-20T15:29:40,0.0,0.0
SPX,2026-08-21,0,Put,5890.0,SPX260821P05890000,0.0,0.0,0.0,0.3,0.0,0.0,0.0,553.0,0.0,0.0,0.0,0.0,0.0,0.0,0.0,0.0,0.0,0.0,0.025000000372529,down,2026-08-07T10:34:00,0.0,0.0
SPX,2026-08-21,0,Call,5900.0,SPX260821C05900000,0.0,0.0,0.0,1824.69,0.0,0.0,0.0,88.0,0.0,0.0,0.0,0.0,0.0,0.0,0.0,0.0,0.0,0.0,1751.90002441406,down,2026-08-19T11:55:46,0.0,0.0
SPXW,2026-08-21,0,Call,5900.0,SPXW260821C05900000,1768.3,1784.4,1776.35,1756.45,0.0,0.0,0.0,43.0,0.0,1.0,0.0,0.0,0.0,0.0,1772.9738,0.0,0.0,0.0,1753.5,down,2026-08-20T15:10:18,0.0,0.0
SPX,2026-08-21,0,Put,5900.0,SPX260821P05900000,0.0,0.0,0.0,0.05,0.0,0.0,0.0,9642.0,0.0,0.0,0.0,0.0,0.0,0.0,0.0,0.0,0.0,0.0,0.025000000372529,no_change,2026-08-17T15:59:46,0.0,0.0
SPXW,2026-08-21,0,Put,5900.0,SPXW260821P05900000,0.0,0.05,0.025,0.05,0.0,0.0,0.0,4894.0,0.0,0.0,0.0,0.0,0.0,0.0,0.0,0.0,0.0,0.0,0.025000000372529,no_change,2026-08-18T10:25:45,0.0,0.0
SPX,2026-08-21,0,Call,5910.0,SPX260821C05910000,0.0,0.0,0.0,0.0,0.0,0.0,0.0,0.0,0.0,0.0,0.0,0.0,0.0,0.0,0.0,0.0,0.0,0.0,1742.0,no_change,,0.0,0.0
SPX,2026-08-21,0,Put,5910.0,SPX260821P05910000,0.0,0.0,0.0,0.05,0.0,0.0,0.0,606.0,0.0,0.0,0.0,0.0,0.0,0.0,0.0,0.0,0.0,0.0,0.025000000372529,no_change,2026-08-17T15:59:46,0.0,0.0
SPX,2026-08-21,0,Call,5920.0,SPX260821C05920000,0.0,0.0,0.0,0.0,0.0,0.0,0.0,0.0,0.0,0.0,0.0,0.0,0.0,0.0,0.0,0.0,0.0,0.0,1732.29998779297,no_change,,0.0,0.0
SPX,2026-08-21,0,Put,5920.0,SPX260821P05920000,0.0,0.0,0.0,0.05,0.0,0.0,0.0,676.0,0.0,0.0,0.0,0.0,0.0,0.0,0.0,0.0,0.0,0.0,0.025000000372529,no_change,2026-08-13T10:09:02,0.0,0.0
SPX,2026-08-21,0,Call,5925.0,SPX260821C05925000,0.0,0.0,0.0,1649.92,0.0,0.0,0.0,13.0,0.0,0.0,0.0,0.0,0.0,0.0,0.0,0.0,0.0,0.0,1728.05004882812,up,2026-07-10T11:16:03,0.0,0.0
SPXW,2026-08-21,0,Call,5925.0,SPXW260821C05925000,1742.1,1758.8,1750.4499999999998,0.0,0.0,0.0,0.0,0.0,0.0,1.0,0.0,0.0,0.0,0.0,1747.9738,0.0,0.0,0.0,1728.54998779297,no_change,,0.0,0.0
SPX,2026-08-21,0,Put,5925.0,SPX260821P05925000,0.0,0.0,0.0,0.05,0.0,0.0,0.0,1072.0,0.0,0.0,0.0,0.0,0.0,0.0,0.0,0.0,0.0,0.0,0.025000000372529,down,2026-08-11T15:59:55,0.0,0.0
SPXW,2026-08-21,0,Put,5925.0,SPXW260821P05925000,0.0,0.05,0.025,0.05,0.0,0.0,0.0,171.0,0.0,0.0,0.0,0.0,0.0,0.0,0.0,0.0,0.0,0.0,0.025000000372529,no_change,2026-08-17T15:02:54,0.0,0.0
SPX,2026-08-21,0,Call,5930.0,SPX260821C05930000,0.0,0.0,0.0,0.0,0.0,0.0,0.0,0.0,0.0,0.0,0.0,0.0,0.0,0.0,0.0,0.0,0.0,0.0,1722.29998779297,no_change,,0.0,0.0
SPX,2026-08-21,0,Put,5930.0,SPX260821P05930000,0.0,0.0,0.0,2.95,0.0,0.0,0.0,305.0,0.0,0.0,0.0,0.0,0.0,0.0,0.0,0.0,0.0,0.0,0.025000000372529,down,2026-07-28T15:54:00,0.0,0.0
SPX,2026-08-21,0,Call,5940.0,SPX260821C05940000,0.0,0.0,0.0,0.0,0.0,0.0,0.0,0.0,0.0,0.0,0.0,0.0,0.0,0.0,0.0,0.0,0.0,0.0,1712.04998779297,no_change,,0.0,0.0
SPX,2026-08-21,0,Put,5940.0,SPX260821P05940000,0.0,0.0,0.0,0.35,0.0,0.0,0.0,469.0,0.0,0.0,0.0,0.0,0.0,0.0,0.0,0.0,0.0,0.0,0.025000000372529,down,2026-08-06T10:19:16,0.0,0.0
SPX,2026-08-21,0,Call,5950.0,SPX260821C05950000,0.0,0.0,0.0,1284.0,0.0,0.0,0.0,25.0,0.0,0.0,0.0,0.0,0.0,0.0,0.0,0.0,0.0,0.0,1701.95001220703,up,2026-04-29T10:19:46,0.0,0.0
SPXW,2026-08-21,0,Call,5950.0,SPXW260821C05950000,1716.5,1733.1,1724.8,0.0,0.0,0.0,0.0,0.0,0.0,1.0,0.0,0.0,0.0,0.0,1722.9738,0.0,0.0,0.0,1703.65002441406,no_change,,0.0,0.0
SPX,2026-08-21,0,Put,5950.0,SPX260821P05950000,0.0,0.0,0.0,0.05,0.0,0.0,0.0,3174.0,0.0,0.0,0.0,0.0,0.0,0.0,0.0,0.0,0.0,0.0,0.025000000372529,no_change,2026-08-20T13:56:09,0.0,0.0
SPXW,2026-08-21,0,Put,5950.0,SPXW260821P05950000,0.0,0.05,0.025,0.05,0.0,0.0,0.0,378.0,0.0,0.0,0.0,0.0,0.0,0.0,0.0,0.0,0.0,0.0,0.025000000372529,no_change,2026-08-17T15:25:14,0.0,0.0
SPX,2026-08-21,0,Call,5960.0,SPX260821C05960000,0.0,0.0,0.0,0.0,0.0,0.0,0.0,0.0,0.0,0.0,0.0,0.0,0.0,0.0,0.0,0.0,0.0,0.0,1692.04998779297,no_change,,0.0,0.0
SPX,2026-08-21,0,Put,5960.0,SPX260821P05960000,0.0,0.0,0.0,0.17,0.0,0.0,0.0,342.0,0.0,0.0,0.0,0.0,0.0,0.0,0.0,0.0,0.0,0.0,0.025000000372529,down,2026-08-10T14:31:50,0.0,0.0
SPX,2026-08-21,0,Call,5970.0,SPX260821C05970000,0.0,0.0,0.0,0.0,0.0,0.0,0.0,0.0,0.0,0.0,0.0,0.0,0.0,0.0,0.0,0.0,0.0,0.0,1682.0,no_change,,0.0,0.0
SPX,2026-08-21,0,Put,5970.0,SPX260821P05970000,0.0,0.0,0.0,0.05,0.0,0.0,0.0,197.0,0.0,0.0,0.0,0.0,0.0,0.0,0.0,0.0,0.0,0.0,0.025000000372529,no_change,2026-08-17T15:59:46,0.0,0.0
SPX,2026-08-21,0,Call,5975.0,SPX260821C05975000,0.0,0.0,0.0,1561.43,0.0,0.0,0.0,7.0,0.0,0.0,0.0,0.0,0.0,0.0,0.0,0.0,0.0,0.0,1677.29998779297,down,2026-07-01T15:25:10,0.0,0.0
SPXW,2026-08-21,0,Call,5975.0,SPXW260821C05975000,1687.7,1709.4,1698.5500000000002,1678.14,0.0,0.0,0.0,0.0,0.0,1.0,0.0,0.0,0.0,0.0,1697.9738,0.0,0.0,0.0,1678.45001220703,no_change,2026-08-20T15:44:38,0.0,0.0
SPX,2026-08-21,0,Put,5975.0,SPX260821P05975000,0.0,0.0,0.0,0.05,0.0,0.0,0.0,1377.0,0.0,0.0,0.0,0.0,0.0,0.0,0.0,0.0,0.0,0.0,0.025000000372529,down,2026-08-11T15:59:55,0.0,0.0
SPXW,2026-08-21,0,Put,5975.0,SPXW260821P05975000,0.0,0.05,0.025,0.02,0.0,0.0,0.0,130.0,0.0,0.0,0.0,0.0,0.0,0.0,0.0,0.0,0.0,0.0,0.025000000372529,no_change,2026-08-20T09:56:10,0.0,0.0
SPX,2026-08-21,0,Call,5980.0,SPX260821C05980000,0.0,0.0,0.0,1595.7,0.0,0.0,0.0,3.0,0.0,0.0,0.0,0.0,0.0,0.0,0.0,0.0,0.0,0.0,1672.0,down,2026-07-16T13:30:22,0.0,0.0
SPX,2026-08-21,0,Put,5980.0,SPX260821P05980000,0.0,0.0,0.0,0.05,0.0,0.0,0.0,488.0,0.0,0.0,0.0,0.0,0.0,0.0,0.0,0.0,0.0,0.0,0.025000000372529,no_change,2026-08-18T09:38:19,0.0,0.0
SPX,2026-08-21,0,Call,5990.0,SPX260821C05990000,0.0,0.0,0.0,0.0,0.0,0.0,0.0,0.0,0.0,0.0,0.0,0.0,0.0,0.0,0.0,0.0,0.0,0.0,1662.0,no_change,,0.0,0.0
SPXW,2026-08-21,0,Call,5990.0,SPXW260821C05990000,1675.5,1694.4,1684.95,1728.67,0.0,0.0,0.0,0.0,0.0,1.0,0.0,0.0,0.0,0.0,1682.9738,0.0,0.0,0.0,1663.45001220703,up,2026-08-19T09:41:49,0.0,0.0
SPX,2026-08-21,0,Put,5990.0,SPX260821P05990000,0.0,0.0,0.0,0.05,0.0,0.0,0.0,548.0,0.0,0.0,0.0,0.0,0.0,0.0,0.0,0.0,0.0,0.0,0.025000000372529,no_change,2026-08-17T15:59:46,0.0,0.0
SPXW,2026-08-21,0,Put,5990.0,SPXW260821P05990000,0.0,0.05,0.025,0.05,0.0,0.0,0.0,55.0,0.0,0.0,0.0,0.0,0.0,0.0,0.0,0.0,0.0,0.0,0.025000000372529,no_change,2026-08-18T09:37:50,0.0,0.0
SPX,2026-08-21,0,Call,6000.0,SPX260821C06000000,0.0,0.0,0.0,1678.6,0.0,0.0,0.0,33234.0,0.0,0.0,0.0,0.0,0.0,0.0,0.0,0.0,0.0,0.0,1652.45001220703,down,2026-08-20T12:10:58,0.0,0.0
SPXW,2026-08-21,0,Call,6000.0,SPXW260821C06000000,1664.6,1684.4,1674.5,1714.0,0.0,0.0,0.0,720.0,0.0,1.0,0.0,0.0,0.0,0.0,1672.9738,0.0,0.0,0.0,1651.54998779297,no_change,2026-08-19T14:20:52,0.0,0.0
SPX,2026-08-21,0,Put,6000.0,SPX260821P06000000,0.0,0.0,0.0,0.03,0.0,0.0,0.0,50575.0,0.0,0.0,0.0,0.0,0.0,0.0,0.0,0.0,0.0,0.0,0.025000000372529,no_change,2026-08-20T15:59:14,0.0,0.0
SPXW,2026-08-21,0,Put,6000.0,SPXW260821P06000000,0.0,0.05,0.025,0.03,0.0,0.0,0.0,3732.0,0.0,0.0,0.0,0.0,0.0,0.0,0.0,0.0,0.0,0.0,0.025000000372529,no_change,2026-08-19T14:20:52,0.0,0.0
SPX,2026-08-21,0,Call,6010.0,SPX260821C06010000,0.0,0.0,0.0,1553.84,0.0,0.0,0.0,1.0,0.0,0.0,0.0,0.0,0.0,0.0,0.0,0.0,0.0,0.0,1641.90002441406,up,2026-07-09T15:54:21,0.0,0.0
SPXW,2026-08-21,0,Call,6010.0,SPXW260821C06010000,1653.8,1674.4,1664.1,1725.32,0.0,0.0,0.0,11.0,0.0,1.0,0.0,0.0,0.0,0.0,1662.9738,0.0,0.0,0.0,1643.45001220703,up,2026-08-19T12:14:33,0.0,0.0
SPX,2026-08-21,0,Put,6010.0,SPX260821P06010000,0.0,0.0,0.0,0.3,0.0,0.0,0.0,286.0,0.0,0.0,0.0,0.0,0.0,0.0,0.0,0.0,0.0,0.0,0.025000000372529,no_change,2026-08-07T09:57:47,0.0,0.0
SPXW,2026-08-21,0,Put,6010.0,SPXW260821P06010000,0.0,0.05,0.025,0.03,0.0,0.0,0.0,137.0,0.0,0.0,0.0,0.0,0.0,0.0,0.0,0.0,0.0,0.0,0.025000000372529,no_change,2026-08-18T14:54:28,0.0,0.0
SPX,2026-08-21,0,Call,6020.0,SPX260821C06020000,0.0,0.0,0.0,0.0,0.0,0.0,0.0,0.0,0.0,0.0,0.0,0.0,0.0,0.0,0.0,0.0,0.0,0.0,1632.09997558594,no_change,,0.0,0.0
SPXW,2026-08-21,0,Call,6020.0,SPXW260821C06020000,1645.5,1664.4,1654.95,1702.69,0.0,0.0,0.0,2.0,0.0,1.0,0.0,0.0,0.0,0.0,1652.9738,0.0,0.0,0.0,1633.45001220703,up,2026-08-19T09:44:59,0.0,0.0
SPX,2026-08-21,0,Put,6020.0,SPX260821P06020000,0.0,0.0,0.0,0.55,0.0,0.0,0.0,992.0,0.0,0.0,0.0,0.0,0.0,0.0,0.0,0.0,0.0,0.0,0.025000000372529,no_change,2026-08-05T10:09:01,0.0,0.0
SPXW,2026-08-21,0,Put,6020.0,SPXW260821P06020000,0.0,0.05,0.025,0.05,0.0,0.0,0.0,22.0,0.0,0.0,0.0,0.0,0.0,0.0,0.0,0.0,0.0,0.0,0.025000000372529,no_change,2026-08-18T09:36:46,0.0,0.0
SPX,2026-08-21,0,Call,6025.0,SPX260821C06025000,0.0,0.0,0.0,1349.4,0.0,0.0,0.0,60.0,0.0,0.0,0.0,0.0,0.0,0.0,0.0,0.0,0.0,0.0,1627.59997558594,up,2026-06-26T09:55:29,0.0,0.0
SPXW,2026-08-21,0,Call,6025.0,SPXW260821C06025000,1638.8,1659.4,1649.1,1648.88,20.43,1.25457,7.0,7.0,0.0,1.0,0.0,0.0,0.0,0.0,1647.9738,1642.05,1648.88,1642.05,1628.45001220703,up,2026-08-21T11:26:40,0.0,0.0
SPX,2026-08-21,0,Put,6025.0,SPX260821P06025000,0.0,0.0,0.0,0.05,0.0,0.0,0.0,376.0,0.0,0.0,0.0,0.0,0.0,0.0,0.0,0.0,0.0,0.0,0.025000000372529,down,2026-08-11T15:59:55,0.0,0.0
SPXW,2026-08-21,0,Put,6025.0,SPXW260821P06025000,0.0,0.05,0.025,0.05,0.0,0.0,0.0,148.0,0.0,0.0,0.0,0.0,0.0,0.0,0.0,0.0,0.0,0.0,0.025000000372529,no_change,2026-08-18T09:36:29,0.0,0.0
SPX,2026-08-21,0,Call,6030.0,SPX260821C06030000,0.0,0.0,0.0,0.0,0.0,0.0,0.0,0.0,0.0,0.0,0.0,0.0,0.0,0.0,0.0,0.0,0.0,0.0,1622.60003662109,no_change,,0.0,0.0
SPXW,2026-08-21,0,Call,6030.0,SPXW260821C06030000,1633.8,1654.4,1644.1,1643.83,20.38,1.25535,7.0,7.0,0.0,1.0,0.0,0.0,0.0,0.0,1642.9738,1637.16,1643.83,1637.16,1623.45001220703,up,2026-08-21T11:26:40,0.0,0.0
SPX,2026-08-21,0,Put,6030.0,SPX260821P06030000,0.0,0.0,0.0,0.05,0.0,0.0,0.0,672.0,0.0,0.0,0.0,0.0,0.0,0.0,0.0,0.0,0.0,0.0,0.025000000372529,no_change,2026-08-14T10:37:06,0.0,0.0
SPXW,2026-08-21,0,Put,6030.0,SPXW260821P06030000,0.0,0.05,0.025,0.07,0.0,0.0,0.0,77.0,0.0,0.0,0.0,0.0,0.0,0.0,0.0,0.0,0.0,0.0,0.025000000372529,no_change,2026-08-18T14:53:23,0.0,0.0
SPX,2026-08-21,0,Call,6040.0,SPX260821C06040000,0.0,0.0,0.0,0.0,0.0,0.0,0.0,0.0,0.0,0.0,0.0,0.0,0.0,0.0,0.0,0.0,0.0,0.0,1612.60003662109,no_change,,0.0,0.0
SPXW,2026-08-21,0,Call,6040.0,SPXW260821C06040000,1625.5,1644.4,1634.95,1695.75,0.0,0.0,0.0,10.0,0.0,1.0,0.0,0.0,0.0,0.0,1632.9738,0.0,0.0,0.0,1613.45001220703,up,2026-08-19T12:14:33,0.0,0.0
SPX,2026-08-21,0,Put,6040.0,SPX260821P06040000,0.0,0.0,0.0,0.4,0.0,0.0,0.0,423.0,0.0,0.0,0.0,0.0,0.0,0.0,0.0,0.0,0.0,0.0,0.025000000372529,down,2026-08-06T10:43:02,0.0,0.0
SPXW,2026-08-21,0,Put,6040.0,SPXW260821P06040000,0.0,0.05,0.025,0.08,0.0,0.0,0.0,114.0,0.0,0.0,0.0,0.0,0.0,0.0,0.0,0.0,0.0,0.0,0.025000000372529,no_change,2026-08-18T14:54:28,0.0,0.0
SPX,2026-08-21,0,Call,6050.0,SPX260821C06050000,0.0,0.0,0.0,1521.97,0.0,0.0,0.0,38.0,0.0,0.0,0.0,0.0,0.0,0.0,0.0,0.0,0.0,0.0,1602.59997558594,no_change,2026-07-13T11:35:49,0.0,0.0
SPXW,2026-08-21,0,Call,6050.0,SPXW260821C06050000,1613.8,1634.4,1624.1,1633.05,29.6,1.84602,1.0,1.0,0.0,1.0,0.0,0.0,0.0,0.0,1622.9738,1633.05,1633.05,1633.05,1603.45001220703,down,2026-08-21T12:10:17,0.0,0.0
SPX,2026-08-21,0,Put,6050.0,SPX260821P06050000,0.0,0.0,0.0,0.05,0.0,0.0,0.0,29297.0,0.0,0.0,0.0,0.0,0.0,0.0,0.0,0.0,0.0,0.0,0.025000000372529,down,2026-08-14T15:41:11,0.0,0.0
SPXW,2026-08-21,0,Put,6050.0,SPXW260821P06050000,0.0,0.05,0.025,0.05,0.0,0.0,0.0,872.0,0.0,0.0,0.0,0.0,0.0,0.0,0.0,0.0,0.0,0.0,0.025000000372529,no_change,2026-08-19T13:57:54,0.0,0.0
SPX,2026-08-21,0,Call,6060.0,SPX260821C06060000,0.0,0.0,0.0,0.0,0.0,0.0,0.0,0.0,0.0,0.0,0.0,0.0,0.0,0.0,0.0,0.0,0.0,0.0,1592.45001220703,no_change,,0.0,0.0
SPXW,2026-08-21,0,Call,6060.0,SPXW260821C06060000,1603.8,1624.4,1614.1,1661.43,0.0,0.0,0.0,1.0,0.0,1.0,0.0,0.0,0.0,0.0,1612.9738,0.0,0.0,0.0,1593.5,up,2026-08-19T09:37:45,0.0,0.0
SPX,2026-08-21,0,Put,6060.0,SPX260821P06060000,0.0,0.0,0.0,0.05,0.0,0.0,0.0,594.0,0.0,0.0,0.0,0.0,0.0,0.0,0.0,0.0,0.0,0.0,0.025000000372529,down,2026-08-18T12:54:15,0.0,0.0
SPXW,2026-08-21,0,Put,6060.0,SPXW260821P06060000,0.0,0.05,0.025,0.02,0.0,0.0,0.0,29.0,0.0,0.0,0.0,0.0,0.0,0.0,0.0,0.0,0.0,0.0,0.025000000372529,down,2026-08-17T12:27:35,0.0,0.0
SPX,2026-08-21,0,Call,6070.0,SPX260821C06070000,0.0,0.0,0.0,0.0,0.0,0.0,0.0,0.0,0.0,0.0,0.0,0.0,0.0,0.0,0.0,0.0,0.0,0.0,1582.5,no_change,,0.0,0.0
SPXW,2026-08-21,0,Call,6070.0,SPXW260821C06070000,1595.5,1614.4,1604.95,1619.93,36.13,2.28122,71.0,71.0,0.0,1.0,0.0,0.0,0.0,0.0,1602.9738,1595.46,1619.93,1595.46,1583.79998779297,up,2026-08-21T12:02:27,0.0,0.0
SPX,2026-08-21,0,Put,6070.0,SPX260821P06070000,0.0,0.0,0.0,0.2,0.0,0.0,0.0,494.0,0.0,0.0,0.0,0.0,0.0,0.0,0.0,0.0,0.0,0.0,0.025000000372529,down,2026-08-10T13:13:45,0.0,0.0
SPXW,2026-08-21,0,Put,6070.0,SPXW260821P06070000,0.0,0.05,0.025,0.05,0.0,0.0,0.0,76.0,0.0,0.0,0.0,0.0,0.0,0.0,0.0,0.0,0.0,0.0,0.025000000372529,down,2026-08-20T15:18:19,0.0,0.0
SPX,2026-08-21,0,Call,6075.0,SPX260821C06075000,0.0,0.0,0.0,1174.69,0.0,0.0,0.0,3.0,0.0,0.0,0.0,0.0,0.0,0.0,0.0,0.0,0.0,0.0,1577.25,up,2026-04-17T15:55:12,0.0,0.0
SPXW,2026-08-21,0,Call,6075.0,SPXW260821C06075000,1592.1,1608.8,1600.4499999999998,1646.76,0.0,0.0,0.0,1.0,0.0,1.0,0.0,0.0,0.0,0.0,1597.9738,0.0,0.0,0.0,1578.65002441406,up,2026-08-19T09:37:45,0.0,0.0
SPX,2026-08-21,0,Put,6075.0,SPX260821P06075000,0.0,0.0,0.0,0.05,0.0,0.0,0.0,745.0,0.0,0.0,0.0,0.0,0.0,0.0,0.0,0.0,0.0,0.0,0.025000000372529,no_change,2026-08-17T15:59:46,0.0,0.0
SPXW,2026-08-21,0,Put,6075.0,SPXW260821P06075000,0.0,0.05,0.025,0.05,0.0,0.0,0.0,409.0,0.0,0.0,0.0,0.0,0.0,0.0,0.0,0.0,0.0,0.0,0.025000000372529,no_change,2026-08-17T15:38:52,0.0,0.0
SPX,2026-08-21,0,Call,6080.0,SPX260821C06080000,0.0,0.0,0.0,744.34,0.0,0.0,0.0,2.0,0.0,0.0,0.0,0.0,0.0,0.0,0.0,0.0,0.0,0.0,1572.60003662109,up,2026-04-06T15:03:14,0.0,0.0
SPXW,2026-08-21,0,Call,6080.0,SPXW260821C06080000,1583.8,1604.4,1594.1,0.0,0.0,0.0,0.0,0.0,0.0,1.0,0.0,0.0,0.0,0.0,1592.9738,0.0,0.0,0.0,1573.65002441406,no_change,,0.0,0.0
SPX,2026-08-21,0,Put,6080.0,SPX260821P06080000,0.0,0.0,0.0,0.17,0.0,0.0,0.0,731.0,0.0,0.0,0.0,0.0,0.0,0.0,0.0,0.0,0.0,0.0,0.025000000372529,down,2026-08-11T12:47:17,0.0,0.0
SPXW,2026-08-21,0,Put,6080.0,SPXW260821P06080000,0.0,0.05,0.025,0.05,0.0,0.0,0.0,80.0,0.0,0.0,0.0,0.0,0.0,0.0,0.0,0.0,0.0,0.0,0.025000000372529,down,2026-08-17T12:06:08,0.0,0.0
SPX,2026-08-21,0,Call,6090.0,SPX260821C06090000,0.0,0.0,0.0,0.0,0.0,0.0,0.0,0.0,0.0,0.0,0.0,0.0,0.0,0.0,0.0,0.0,0.0,0.0,1562.5,no_change,,0.0,0.0
SPXW,2026-08-21,0,Call,6090.0,SPXW260821C06090000,1575.5,1594.4,1584.95,1582.4,18.6,1.18941,69.0,69.0,0.0,1.0,0.0,0.0,0.0,0.0,1582.9738,1575.34,1582.4,1575.34,1563.79998779297,no_change,2026-08-21T10:57:46,0.0,0.0
SPX,2026-08-21,0,Put,6090.0,SPX260821P06090000,0.0,0.0,0.0,0.05,0.0,0.0,0.0,469.0,0.0,0.0,0.0,0.0,0.0,0.0,0.0,0.0,0.0,0.0,0.025000000372529,down,2026-08-17T15:35:07,0.0,0.0
SPXW,2026-08-21,0,Put,6090.0,SPXW260821P06090000,0.0,0.05,0.025,0.05,0.0,0.0,0.0,85.0,0.0,0.0,0.0,0.0,0.0,0.0,0.0,0.0,0.0,0.0,0.025000000372529,no_change,2026-08-19T09:35:02,0.0,0.0
SPX,2026-08-21,0,Call,6100.0,SPX260821C06100000,0.0,0.0,0.0,1577.58,0.0,0.0,0.0,264.0,0.0,0.0,0.0,0.0,0.0,0.0,0.0,0.0,0.0,0.0,1553.15002441406,down,2026-08-20T10:20:32,0.0,0.0
SPXW,2026-08-21,0,Call,6100.0,SPXW260821C06100000,1566.5,1583.1,1574.8,1582.97,29.17,1.87733,3.0,5.0,0.0,1.0,0.0,0.0,0.0,0.0,1572.9738,1564.43,1582.97,1564.43,1553.79998779297,up,2026-08-21T12:10:17,0.0,0.0
SPX,2026-08-21,0,Put,6100.0,SPX260821P06100000,0.0,0.0,0.0,0.05,0.0,0.0,0.0,4743.0,0.0,0.0,0.0,0.0,0.0,0.0,0.0,0.0,0.0,0.0,0.025000000372529,no_change,2026-08-18T13:33:28,0.0,0.0
SPXW,2026-08-21,0,Put,6100.0,SPXW260821P06100000,0.0,0.05,0.025,0.05,0.0,0.0,0.0,819.0,0.0,0.0,0.0,0.0,0.0,0.0,0.0,0.0,0.0,0.0,0.025000000372529,no_change,2026-08-18T12:31:58,0.0,0.0
SPX,2026-08-21,0,Call,6110.0,SPX260821C06110000,0.0,0.0,0.0,1388.81,0.0,0.0,0.0,3.0,0.0,0.0,0.0,0.0,0.0,0.0,0.0,0.0,0.0,0.0,1543.15002441406,down,2026-07-17T11:37:06,0.0,0.0
SPXW,2026-08-21,0,Call,6110.0,SPXW260821C06110000,1556.8,1573.5,1565.15,1611.16,0.0,0.0,0.0,0.0,0.0,1.0,0.0,0.0,0.0,0.0,1562.9738,0.0,0.0,0.0,1543.54998779297,up,2026-08-19T09:48:02,0.0,0.0
SPX,2026-08-21,0,Put,6110.0,SPX260821P06110000,0.0,0.0,0.0,0.05,0.0,0.0,0.0,395.0,0.0,0.0,0.0,0.0,0.0,0.0,0.0,0.0,0.0,0.0,0.025000000372529,no_change,2026-08-17T15:59:46,0.0,0.0
SPXW,2026-08-21,0,Put,6110.0,SPXW260821P06110000,0.0,0.05,0.025,0.03,0.0,0.0,0.0,155.0,0.0,0.0,0.0,0.0,0.0,0.0,0.0,0.0,0.0,0.0,0.025000000372529,no_change,2026-08-17T12:28:12,0.0,0.0
SPX,2026-08-21,0,Call,6120.0,SPX260821C06120000,0.0,0.0,0.0,0.0,0.0,0.0,0.0,0.0,0.0,0.0,0.0,0.0,0.0,0.0,0.0,0.0,0.0,0.0,1532.54998779297,no_change,,0.0,0.0
SPXW,2026-08-21,0,Call,6120.0,SPXW260821C06120000,1545.5,1564.4,1554.95,1571.18,37.63,2.45378,24.0,24.0,0.0,1.0,0.0,0.0,0.0,0.0,1552.9738,1571.18,1571.18,1571.18,1533.54998779297,up,2026-08-21T11:47:42,0.0,0.0
SPX,2026-08-21,0,Put,6120.0,SPX260821P06120000,0.0,0.0,0.0,0.05,0.0,0.0,0.0,296.0,0.0,0.0,0.0,0.0,0.0,0.0,0.0,0.0,0.0,0.0,0.025000000372529,down,2026-08-14T10:47:19,0.0,0.0
SPXW,2026-08-21,0,Put,6120.0,SPXW260821P06120000,0.0,0.05,0.025,0.52,0.0,0.0,0.0,280.0,0.0,0.0,0.0,0.0,0.0,0.0,0.0,0.0,0.0,0.0,0.025000000372529,no_change,2026-08-05T13:53:46,0.0,0.0
SPX,2026-08-21,0,Call,6125.0,SPX260821C06125000,0.0,0.0,0.0,1374.19,0.0,0.0,0.0,2.0,0.0,0.0,0.0,0.0,0.0,0.0,0.0,0.0,0.0,0.0,1527.54998779297,down,2026-07-17T11:37:14,0.0,0.0
SPXW,2026-08-21,0,Call,6125.0,SPXW260821C06125000,1538.8,1559.4,1549.1,1596.33,0.0,0.0,0.0,0.0,0.0,1.0,0.0,0.0,0.0,0.0,1547.9738,0.0,0.0,0.0,1528.70001220703,up,2026-08-19T09:48:02,0.0,0.0
SPX,2026-08-21,0,Put,6125.0,SPX260821P06125000,0.0,0.0,0.0,0.1,0.0,0.0,0.0,339.0,0.0,0.0,0.0,0.0,0.0,0.0,0.0,0.0,0.0,0.0,0.025000000372529,down,2026-08-11T15:59:55,0.0,0.0
SPXW,2026-08-21,0,Put,6125.0,SPXW260821P06125000,0.0,0.05,0.025,0.03,0.0,0.0,0.0,52315.0,0.0,0.0,0.0,0.0,0.0,0.0,0.0,0.0,0.0,0.0,0.025000000372529,no_change,2026-08-18T12:39:11,0.0,0.0
SPX,2026-08-21,0,Call,6130.0,SPX260821C06130000,0.0,0.0,0.0,0.0,0.0,0.0,0.0,0.0,0.0,0.0,0.0,0.0,0.0,0.0,0.0,0.0,0.0,0.0,1522.25,no_change,,0.0,0.0
SPXW,2026-08-21,0,Call,6130.0,SPXW260821C06130000,1533.8,1554.4,1544.1,1601.36,0.0,0.0,0.0,1.0,0.0,1.0,0.0,0.0,0.0,0.0,1542.9738,0.0,0.0,0.0,1523.70001220703,up,2026-08-19T12:05:17,0.0,0.0
SPX,2026-08-21,0,Put,6130.0,SPX260821P06130000,0.0,0.0,0.0,0.3,0.0,0.0,0.0,292.0,0.0,0.0,0.0,0.0,0.0,0.0,0.0,0.0,0.0,0.0,0.025000000372529,down,2026-08-07T13:25:49,0.0,0.0
SPXW,2026-08-21,0,Put,6130.0,SPXW260821P06130000,0.0,0.05,0.025,0.05,0.0,0.0,0.0,94.0,0.0,0.0,0.0,0.0,0.0,0.0,0.0,0.0,0.0,0.0,0.025000000372529,no_change,2026-08-14T14:06:19,0.0,0.0
SPX,2026-08-21,0,Call,6140.0,SPX260821C06140000,0.0,0.0,0.0,1337.79,0.0,0.0,0.0,1.0,0.0,0.0,0.0,0.0,0.0,0.0,0.0,0.0,0.0,0.0,1512.09997558594,up,2026-06-29T13:41:14,0.0,0.0
SPXW,2026-08-21,0,Call,6140.0,SPXW260821C06140000,1524.1,1544.4,1534.25,0.0,0.0,0.0,0.0,0.0,0.0,1.0,0.0,0.0,0.0,0.0,1532.9738,0.0,0.0,0.0,1513.54998779297,no_change,,0.0,0.0
SPX,2026-08-21,0,Put,6140.0,SPX260821P06140000,0.0,0.0,0.0,0.26,0.0,0.0,0.0,271.0,0.0,0.0,0.0,0.0,0.0,0.0,0.0,0.0,0.0,0.0,0.025000000372529,down,2026-08-10T12:29:03,0.0,0.0
SPXW,2026-08-21,0,Put,6140.0,SPXW260821P06140000,0.0,0.05,0.025,0.1,0.0,0.0,0.0,421.0,0.0,0.0,0.0,0.0,0.0,0.0,0.0,0.0,0.0,0.0,0.025000000372529,down,2026-08-13T09:49:55,0.0,0.0
SPX,2026-08-21,0,Call,6150.0,SPX260821C06150000,0.0,0.0,0.0,1188.0,0.0,0.0,0.0,84.0,0.0,0.0,0.0,0.0,0.0,0.0,0.0,0.0,0.0,0.0,1502.70001220703,down,2026-07-29T15:57:06,0.0,0.0
SPXW,2026-08-21,0,Call,6150.0,SPXW260821C06150000,1517.1,1533.8,1525.4499999999998,1540.07,36.37,2.4187,3.0,6.0,0.0,1.0,0.0,0.0,0.0,0.0,1522.9738,1517.23,1540.07,1517.23,1503.70001220703,up,2026-08-21T12:03:34,0.0,0.0
SPX,2026-08-21,0,Put,6150.0,SPX260821P06150000,0.0,0.0,0.0,0.05,0.0,0.0,0.0,6429.0,0.0,0.0,0.0,0.0,0.0,0.0,0.0,0.0,0.0,0.0,0.025000000372529,no_change,2026-08-18T13:20:19,0.0,0.0
SPXW,2026-08-21,0,Put,6150.0,SPXW260821P06150000,0.0,0.05,0.025,0.05,0.0,0.0,0.0,986.0,0.0,0.0,0.0,0.0,0.0,0.0,0.0,0.0,0.0,0.0,0.025000000372529,no_change,2026-08-14T09:44:31,0.0,0.0
SPX,2026-08-21,0,Call,6160.0,SPX260821C06160000,0.0,0.0,0.0,1554.56,0.0,0.0,0.0,3.0,0.0,0.0,0.0,0.0,0.0,0.0,0.0,0.0,0.0,0.0,1492.60003662109,down,2026-08-06T15:57:03,0.0,0.0
SPXW,2026-08-21,0,Call,6160.0,SPXW260821C06160000,1503.8,1524.4,1514.1,1515.22,21.52,1.44072,80.0,80.0,0.0,1.0,0.0,0.0,0.0,0.0,1512.9738,1515.22,1515.22,1515.22,1493.70001220703,down,2026-08-21T14:05:13,0.0,0.0
SPX,2026-08-21,0,Put,6160.0,SPX260821P06160000,0.0,0.0,0.0,0.05,0.0,0.0,0.0,316.0,0.0,0.0,0.0,0.0,0.0,0.0,0.0,0.0,0.0,0.0,0.025000000372529,down,2026-08-17T10:13:56,0.0,0.0
SPXW,2026-08-21,0,Put,6160.0,SPXW260821P06160000,0.0,0.05,0.025,0.03,0.0,0.0,0.0,2678.0,0.0,0.0,0.0,0.0,0.0,0.0,0.0,0.0,0.0,0.0,0.025000000372529,down,2026-08-18T12:39:02,0.0,0.0
SPX,2026-08-21,0,Call,6170.0,SPX260821C06170000,0.0,0.0,0.0,1388.56,0.0,0.0,0.0,1.0,0.0,0.0,0.0,0.0,0.0,0.0,0.0,0.0,0.0,0.0,1482.60003662109,up,2026-06-05T11:33:14,0.0,0.0
SPXW,2026-08-21,0,Call,6170.0,SPXW260821C06170000,1498.3,1514.4,1506.35,1537.86,0.0,0.0,0.0,0.0,0.0,1.0,0.0,0.0,0.0,0.0,1502.9738,0.0,0.0,0.0,1483.75,no_change,2026-08-19T09:51:43,0.0,0.0
SPX,2026-08-21,0,Put,6170.0,SPX260821P06170000,0.0,0.0,0.0,0.15,0.0,0.0,0.0,275.0,0.0,0.0,0.0,0.0,0.0,0.0,0.0,0.0,0.0,0.0,0.025000000372529,down,2026-08-12T10:09:26,0.0,0.0
SPXW,2026-08-21,0,Put,6170.0,SPXW260821P06170000,0.0,0.05,0.025,0.05,0.0,0.0,0.0,2586.0,0.0,0.0,0.0,0.0,0.0,0.0,0.0,0.0,0.0,0.0,0.025000000372529,no_change,2026-08-17T12:31:11,0.0,0.0
SPX,2026-08-21,0,Call,6175.0,SPX260821C06175000,0.0,0.0,0.0,1379.96,0.0,0.0,0.0,75.0,0.0,0.0,0.0,0.0,0.0,0.0,0.0,0.0,0.0,0.0,1477.5,up,2026-07-01T12:08:40,0.0,0.0
SPXW,2026-08-21,0,Call,6175.0,SPXW260821C06175000,1488.8,1509.4,1499.1,1557.27,0.0,0.0,0.0,1.0,0.0,1.0,0.0,0.0,0.0,0.0,1497.9738,0.0,0.0,0.0,1478.59997558594,up,2026-08-19T12:05:17,0.0,0.0
SPX,2026-08-21,0,Put,6175.0,SPX260821P06175000,0.0,0.0,0.0,0.05,0.0,0.0,0.0,1270.0,0.0,0.0,0.0,0.0,0.0,0.0,0.0,0.0,0.0,0.0,0.025000000372529,no_change,2026-08-18T10:55:56,0.0,0.0
SPXW,2026-08-21,0,Put,6175.0,SPXW260821P06175000,0.0,0.05,0.025,0.05,0.0,0.0,0.0,106.0,0.0,0.0,0.0,0.0,0.0,0.0,0.0,0.0,0.0,0.0,0.025000000372529,down,2026-08-13T15:13:22,0.0,0.0
SPX,2026-08-21,0,Call,6180.0,SPX260821C06180000,0.0,0.0,0.0,1322.48,0.0,0.0,0.0,1.0,0.0,0.0,0.0,0.0,0.0,0.0,0.0,0.0,0.0,0.0,1471.94995117188,down,2026-07-17T11:37:27,0.0,0.0
SPXW,2026-08-21,0,Call,6180.0,SPXW260821C06180000,1486.0,1504.4,1495.2,0.0,0.0,0.0,0.0,0.0,0.0,1.0,0.0,0.0,0.0,0.0,1492.9738,0.0,0.0,0.0,1473.59997558594,no_change,,0.0,0.0
SPX,2026-08-21,0,Put,6180.0,SPX260821P06180000,0.0,0.0,0.0,0.1,0.0,0.0,0.0,441.0,0.0,0.0,0.0,0.0,0.0,0.0,0.0,0.0,0.0,0.0,0.025000000372529,down,2026-08-13T09:46:31,0.0,0.0
SPXW,2026-08-21,0,Put,6180.0,SPXW260821P06180000,0.0,0.05,0.025,0.05,0.0,0.0,0.0,52.0,0.0,0.0,0.0,0.0,0.0,0.0,0.0,0.0,0.0,0.0,0.025000000372529,down,2026-08-17T09:57:11,0.0,0.0
SPX,2026-08-21,0,Call,6190.0,SPX260821C06190000,0.0,0.0,0.0,1051.16,0.0,0.0,0.0,3.0,0.0,0.0,0.0,0.0,0.0,0.0,0.0,0.0,0.0,0.0,1463.15002441406,up,2026-04-20T15:51:56,0.0,0.0
SPXW,2026-08-21,0,Call,6190.0,SPXW260821C06190000,1474.1,1494.4,1484.25,0.0,0.0,0.0,0.0,0.0,0.0,1.0,0.0,0.0,0.0,0.0,1482.9738,0.0,0.0,0.0,1463.59997558594,no_change,,0.0,0.0
SPX,2026-08-21,0,Put,6190.0,SPX260821P06190000,0.0,0.0,0.0,0.1,0.0,0.0,0.0,469.0,0.0,0.0,0.0,0.0,0.0,0.0,0.0,0.0,0.0,0.0,0.025000000372529,no_change,2026-08-17T15:59:46,0.0,0.0
SPXW,2026-08-21,0,Put,6190.0,SPXW260821P06190000,0.0,0.05,0.025,0.05,0.0,0.0,0.0,90.0,0.0,0.0,0.0,0.0,0.0,0.0,0.0,0.0,0.0,0.0,0.025000000372529,down,2026-08-18T09:53:14,0.0,0.0
SPX,2026-08-21,0,Call,6200.0,SPX260821C06200000,0.0,0.0,0.0,1302.86,0.0,0.0,0.0,2626.0,0.0,0.0,0.0,0.0,0.0,0.0,0.0,0.0,0.0,0.0,1452.5,down,2026-07-17T11:37:37,0.0,0.0
SPXW,2026-08-21,0,Call,6200.0,SPXW260821C06200000,1466.5,1483.1,1474.8,1478.3,24.65,1.69573,1.0,3.0,0.0,1.0,0.0,0.0,0.0,0.0,1472.9738,1478.3,1478.3,1478.3,1453.64996337891,down,2026-08-21T15:20:30,0.0,0.0
SPX,2026-08-21,0,Put,6200.0,SPX260821P06200000,0.0,0.0,0.0,0.05,0.0,0.0,0.0,15303.0,0.0,0.0,0.0,0.0,0.0,0.0,0.0,0.0,0.0,0.0,0.025000000372529,no_change,2026-08-18T15:50:57,0.0,0.0
SPXW,2026-08-21,0,Put,6200.0,SPXW260821P06200000,0.0,0.05,0.025,0.03,0.0,0.0,0.0,6699.0,0.0,0.0,0.0,0.0,0.0,0.0,0.0,0.0,0.0,0.0,0.025000000372529,down,2026-08-20T10:35:15,0.0,0.0
SPX,2026-08-21,0,Call,6210.0,SPX260821C06210000,0.0,0.0,0.0,0.0,0.0,0.0,0.0,0.0,0.0,0.0,0.0,0.0,0.0,0.0,0.0,0.0,0.0,0.0,1442.14996337891,no_change,,0.0,0.0
SPXW,2026-08-21,0,Call,6210.0,SPXW260821C06210000,1456.0,1474.4,1465.2,1233.4,0.0,0.0,0.0,1.0,0.0,1.0,0.0,0.0,0.0,0.0,1462.9738,0.0,0.0,0.0,1443.64996337891,down,2026-07-23T10:08:47,0.0,0.0
SPX,2026-08-21,0,Put,6210.0,SPX260821P06210000,0.0,0.0,0.0,0.1,0.0,0.0,0.0,293.0,0.0,0.0,0.0,0.0,0.0,0.0,0.0,0.0,0.0,0.0,0.025000000372529,no_change,2026-08-17T15:59:46,0.0,0.0
SPXW,2026-08-21,0,Put,6210.0,SPXW260821P06210000,0.0,0.05,0.025,0.05,0.025,100.0,4.0,2675.0,0.0,0.0,0.0,0.0,0.0,0.0,0.0,0.05,0.05,0.05,0.025000000372529,no_change,2026-08-21T14:27:19,0.0,0.0
SPX,2026-08-21,0,Call,6220.0,SPX260821C06220000,0.0,0.0,0.0,0.0,0.0,0.0,0.0,0.0,0.0,0.0,0.0,0.0,0.0,0.0,0.0,0.0,0.0,0.0,1432.19995117188,no_change,,0.0,0.0
SPXW,2026-08-21,0,Call,6220.0,SPXW260821C06220000,1446.0,1464.4,1455.2,0.0,0.0,0.0,0.0,0.0,0.0,1.0,0.0,0.0,0.0,0.0,1452.9738,0.0,0.0,0.0,1433.75,no_change,,0.0,0.0
SPX,2026-08-21,0,Put,6220.0,SPX260821P06220000,0.0,0.0,0.0,0.6,0.0,0.0,0.0,859.0,0.0,0.0,0.0,0.0,0.0,0.0,0.0,0.0,0.0,0.0,0.025000000372529,down,2026-08-04T10:36:46,0.0,0.0
SPXW,2026-08-21,0,Put,6220.0,SPXW260821P06220000,0.0,0.05,0.025,0.5,0.0,0.0,0.0,208.0,0.0,0.0,0.0,0.0,0.0,0.0,0.0,0.0,0.0,0.0,0.025000000372529,down,2026-08-05T14:57:31,0.0,0.0
SPX,2026-08-21,0,Call,6225.0,SPX260821C06225000,0.0,0.0,0.0,1532.91,0.0,0.0,0.0,75.0,0.0,0.0,0.0,0.0,0.0,0.0,0.0,0.0,0.0,0.0,1427.29998779297,up,2026-08-17T14:20:34,0.0,0.0
SPXW,2026-08-21,0,Call,6225.0,SPXW260821C06225000,1438.8,1459.4,1449.1,0.0,0.0,0.0,0.0,0.0,0.0,1.0,0.0,0.0,0.0,0.0,1447.9738,0.0,0.0,0.0,1428.54998779297,no_change,,0.0,0.0
SPX,2026-08-21,0,Put,6225.0,SPX260821P06225000,0.0,0.0,0.0,0.1,0.0,0.0,0.0,672.0,0.0,0.0,0.0,0.0,0.0,0.0,0.0,0.0,0.0,0.0,0.025000000372529,no_change,2026-08-17T15:59:46,0.0,0.0
SPXW,2026-08-21,0,Put,6225.0,SPXW260821P06225000,0.0,0.05,0.025,0.05,0.025,100.0,37.0,51961.0,0.0,0.0,0.0,0.0,0.0,0.0,0.0,0.05,0.05,0.05,0.025000000372529,no_change,2026-08-21T14:24:26,0.0,0.0
SPX,2026-08-21,0,Call,6230.0,SPX260821C06230000,0.0,0.0,0.0,1200.16,0.0,0.0,0.0,1.0,0.0,0.0,0.0,0.0,0.0,0.0,0.0,0.0,0.0,0.0,1422.54998779297,down,2026-06-23T15:18:07,0.0,0.0
SPXW,2026-08-21,0,Call,6230.0,SPXW260821C06230000,1434.1,1454.4,1444.25,1281.24,0.0,0.0,0.0,0.0,0.0,1.0,0.0,0.0,0.0,0.0,1442.9738,0.0,0.0,0.0,1423.54998779297,down,2026-05-20T15:19:04,0.0,0.0
SPX,2026-08-21,0,Put,6230.0,SPX260821P06230000,0.0,0.0,0.0,0.45,0.0,0.0,0.0,471.0,0.0,0.0,0.0,0.0,0.0,0.0,0.0,0.0,0.0,0.0,0.025000000372529,down,2026-08-06T15:30:03,0.0,0.0
SPXW,2026-08-21,0,Put,6230.0,SPXW260821P06230000,0.0,0.05,0.025,0.05,0.0,0.0,0.0,39.0,0.0,0.0,0.0,0.0,0.0,0.0,0.0,0.0,0.0,0.0,0.025000000372529,down,2026-08-13T15:02:15,0.0,0.0
SPX,2026-08-21,0,Call,6240.0,SPX260821C06240000,0.0,0.0,0.0,0.0,0.0,0.0,0.0,0.0,0.0,0.0,0.0,0.0,0.0,0.0,0.0,0.0,0.0,0.0,1412.04998779297,no_change,,0.0,0.0
SPXW,2026-08-21,0,Call,6240.0,SPXW260821C06240000,1426.8,1443.5,1435.15,0.0,0.0,0.0,0.0,0.0,0.0,1.0,0.0,0.0,0.0,0.0,1432.9738,0.0,0.0,0.0,1413.84997558594,no_change,,0.0,0.0
SPX,2026-08-21,0,Put,6240.0,SPX260821P06240000,0.0,0.0,0.0,0.05,0.0,0.0,0.0,402.0,0.0,0.0,0.0,0.0,0.0,0.0,0.0,0.0,0.0,0.0,0.025000000372529,down,2026-08-14T15:49:33,0.0,0.0
SPXW,2026-08-21,0,Put,6240.0,SPXW260821P06240000,0.0,0.05,0.025,0.1,0.0,0.0,0.0,291.0,0.0,0.0,0.0,0.0,0.0,0.0,0.0,0.0,0.0,0.0,0.025000000372529,no_change,2026-08-14T16:14:58,0.0,0.0
SPX,2026-08-21,0,Call,6250.0,SPX260821C06250000,0.0,0.0,0.0,1458.2,0.0,0.0,0.0,252.0,0.0,0.0,0.0,0.0,0.0,0.0,0.0,0.0,0.0,0.0,1402.5,down,2026-08-18T12:48:09,0.0,0.0
SPXW,2026-08-21,0,Call,6250.0,SPXW260821C06250000,1414.1,1434.4,1424.25,1424.63,21.03,1.49829,15.0,21.0,0.0,1.0,0.0,0.0,0.0,0.0,1422.9738,1424.63,1424.63,1424.63,1403.59997558594,no_change,2026-08-21T14:05:59,0.0,0.0
SPX,2026-08-21,0,Put,6250.0,SPX260821P06250000,0.0,0.0,0.0,0.05,0.0,0.0,0.0,9161.0,0.0,0.0,0.0,0.0,0.0,0.0,0.0,0.0,0.0,0.0,0.025000000372529,down,2026-08-17T13:21:35,0.0,0.0
SPXW,2026-08-21,0,Put,6250.0,SPXW260821P06250000,0.0,0.05,0.025,0.05,0.0,0.0,0.0,888.0,0.0,0.0,0.0,0.0,0.0,0.0,0.0,0.0,0.0,0.0,0.025000000372529,no_change,2026-08-19T16:07:15,0.0,0.0
SPX,2026-08-21,0,Call,6260.0,SPX260821C06260000,0.0,0.0,0.0,1298.04,0.0,0.0,0.0,3.0,0.0,0.0,0.0,0.0,0.0,0.0,0.0,0.0,0.0,0.0,1392.5,up,2026-07-01T12:12:23,0.0,0.0
SPXW,2026-08-21,0,Call,6260.0,SPXW260821C06260000,1407.1,1423.8,1415.4499999999998,0.0,0.0,0.0,0.0,0.0,0.0,1.0,0.0,0.0,0.0,0.0,1412.9738,0.0,0.0,0.0,1393.64996337891,no_change,,0.0,0.0
SPX,2026-08-21,0,Put,6260.0,SPX260821P06260000,0.0,0.0,0.0,0.25,0.0,0.0,0.0,399.0,0.0,0.0,0.0,0.0,0.0,0.0,0.0,0.0,0.0,0.0,0.025000000372529,down,2026-08-10T13:13:16,0.0,0.0
SPXW,2026-08-21,0,Put,6260.0,SPXW260821P06260000,0.0,0.05,0.025,0.1,0.0,0.0,0.0,231.0,0.0,0.0,0.0,0.0,0.0,0.0,0.0,0.0,0.0,0.0,0.025000000372529,no_change,2026-08-17T13:22:33,0.0,0.0
SPX,2026-08-21,0,Call,6270.0,SPX260821C06270000,0.0,0.0,0.0,1158.87,0.0,0.0,0.0,1.0,0.0,0.0,0.0,0.0,0.0,0.0,0.0,0.0,0.0,0.0,1382.0,down,2026-06-24T14:19:31,0.0,0.0
SPXW,2026-08-21,0,Call,6270.0,SPXW260821C06270000,1396.0,1414.4,1405.2,0.0,0.0,0.0,0.0,0.0,0.0,1.0,0.0,0.0,0.0,0.0,1402.9738,0.0,0.0,0.0,1383.54998779297,no_change,,0.0,0.0
SPX,2026-08-21,0,Put,6270.0,SPX260821P06270000,0.0,0.0,0.0,0.05,0.0,0.0,0.0,489.0,0.0,0.0,0.0,0.0,0.0,0.0,0.0,0.0,0.0,0.0,0.025000000372529,no_change,2026-08-14T09:42:12,0.0,0.0
SPXW,2026-08-21,0,Put,6270.0,SPXW260821P06270000,0.0,0.05,0.025,0.05,0.0,0.0,0.0,171.0,0.0,0.0,0.0,0.0,0.0,0.0,0.0,0.0,0.0,0.0,0.025000000372529,down,2026-08-20T10:04:39,0.0,0.0
SPX,2026-08-21,0,Call,6275.0,SPX260821C06275000,0.0,0.0,0.0,539.1,0.0,0.0,0.0,129.0,0.0,0.0,0.0,0.0,0.0,0.0,0.0,0.0,0.0,0.0,1377.39996337891,down,2026-03-26T15:52:22,0.0,0.0
SPXW,2026-08-21,0,Call,6275.0,SPXW260821C06275000,1392.1,1408.8,1400.4499999999998,1440.05,0.0,0.0,0.0,4.0,0.0,1.0,0.0,0.0,0.0,0.0,1397.9738,0.0,0.0,0.0,1378.59997558594,no_change,2026-08-19T09:54:38,0.0,0.0
SPX,2026-08-21,0,Put,6275.0,SPX260821P06275000,0.0,0.0,0.0,0.1,0.0,0.0,0.0,2243.0,0.0,0.0,0.0,0.0,0.0,0.0,0.0,0.0,0.0,0.0,0.025000000372529,no_change,2026-08-13T09:53:01,0.0,0.0
SPXW,2026-08-21,0,Put,6275.0,SPXW260821P06275000,0.0,0.05,0.025,0.05,0.0,0.0,0.0,89.0,0.0,0.0,0.0,0.0,0.0,0.0,0.0,0.0,0.0,0.0,0.025000000372529,no_change,2026-08-18T15:56:08,0.0,0.0
SPX,2026-08-21,0,Call,6280.0,SPX260821C06280000,0.0,0.0,0.0,0.0,0.0,0.0,0.0,0.0,0.0,0.0,0.0,0.0,0.0,0.0,0.0,0.0,0.0,0.0,1372.75,no_change,,0.0,0.0
SPXW,2026-08-21,0,Call,6280.0,SPXW260821C06280000,1387.1,1403.8,1395.4499999999998,1435.41,0.0,0.0,0.0,4.0,0.0,1.0,0.0,0.0,0.0,0.0,1392.9738,0.0,0.0,0.0,1373.59997558594,no_change,2026-08-19T09:54:38,0.0,0.0
SPX,2026-08-21,0,Put,6280.0,SPX260821P06280000,0.0,0.0,0.0,0.1,0.0,0.0,0.0,1174.0,0.0,0.0,0.0,0.0,0.0,0.0,0.0,0.0,0.0,0.0,0.025000000372529,no_change,2026-08-12T15:18:24,0.0,0.0
SPXW,2026-08-21,0,Put,6280.0,SPXW260821P06280000,0.0,0.05,0.025,0.1,0.0,0.0,0.0,113.0,0.0,0.0,0.0,0.0,0.0,0.0,0.0,0.0,0.0,0.0,0.025000000372529,no_change,2026-08-14T16:13:13,0.0,0.0
SPX,2026-08-21,0,Call,6290.0,SPX260821C06290000,0.0,0.0,0.0,1014.21,0.0,0.0,0.0,1.0,0.0,0.0,0.0,0.0,0.0,0.0,0.0,0.0,0.0,0.0,1362.29998779297,up,2026-04-27T15:37:39,0.0,0.0
SPXW,2026-08-21,0,Call,6290.0,SPXW260821C06290000,1376.0,1394.4,1385.2,0.0,0.0,0.0,0.0,0.0,0.0,1.0,0.0,0.0,0.0,0.0,1382.9738,0.0,0.0,0.0,1363.79998779297,no_change,,0.0,0.0
SPX,2026-08-21,0,Put,6290.0,SPX260821P06290000,0.0,0.0,0.0,0.6,0.0,0.0,0.0,1785.0,0.0,0.0,0.0,0.0,0.0,0.0,0.0,0.0,0.0,0.0,0.025000000372529,no_change,2026-08-05T11:26:04,0.0,0.0
SPXW,2026-08-21,0,Put,6290.0,SPXW260821P06290000,0.0,0.05,0.025,0.05,0.0,0.0,0.0,329.0,0.0,0.0,0.0,0.0,0.0,0.0,0.0,0.0,0.0,0.0,0.025000000372529,no_change,2026-08-20T09:32:06,0.0,0.0
SPX,2026-08-21,0,Call,6300.0,SPX260821C06300000,0.0,0.0,0.0,1377.11,0.0,0.0,0.0,1387.0,0.0,0.0,0.0,0.0,0.0,0.0,0.0,0.0,0.0,0.0,1352.54998779297,no_change,2026-08-20T12:30:42,0.0,0.0
SPXW,2026-08-21,0,Call,6300.0,SPXW260821C06300000,1364.1,1384.4,1374.25,1486.61,0.0,0.0,0.0,21.0,0.0,1.0,0.0,0.0,0.0,0.0,1372.9738,0.0,0.0,0.0,1353.54998779297,up,2026-08-14T11:59:23,0.0,0.0
SPX,2026-08-21,0,Put,6300.0,SPX260821P06300000,0.0,0.0,0.0,0.05,0.0,0.0,0.0,13618.0,0.0,0.0,0.0,0.0,0.0,0.0,0.0,0.0,0.0,0.0,0.025000000372529,no_change,2026-08-18T15:54:00,0.0,0.0
SPXW,2026-08-21,0,Put,6300.0,SPXW260821P06300000,0.0,0.05,0.025,0.05,0.0,0.0,0.0,1017.0,0.0,0.0,0.0,0.0,0.0,0.0,0.0,0.0,0.0,0.0,0.025000000372529,no_change,2026-08-17T09:35:11,0.0,0.0
SPX,2026-08-21,0,Call,6310.0,SPX260821C06310000,0.0,0.0,0.0,1222.58,0.0,0.0,0.0,2.0,0.0,0.0,0.0,0.0,0.0,0.0,0.0,0.0,0.0,0.0,1342.44995117188,down,2026-07-21T14:50:59,0.0,0.0
SPXW,2026-08-21,0,Call,6310.0,SPXW260821C06310000,1357.1,1373.8,1365.4499999999998,1358.75,0.0,0.0,0.0,6.0,0.0,1.0,0.0,0.0,0.0,0.0,1362.9738,0.0,0.0,0.0,1343.54998779297,no_change,2026-08-20T13:30:40,0.0,0.0
SPX,2026-08-21,0,Put,6310.0,SPX260821P06310000,0.0,0.0,0.0,0.05,0.0,0.0,0.0,430.0,0.0,0.0,0.0,0.0,0.0,0.0,0.0,0.0,0.0,0.0,0.025000000372529,no_change,2026-08-18T15:41:07,0.0,0.0
SPXW,2026-08-21,0,Put,6310.0,SPXW260821P06310000,0.0,0.05,0.025,0.1,0.0,0.0,0.0,38.0,0.0,0.0,0.0,0.0,0.0,0.0,0.0,0.0,0.0,0.0,0.025000000372529,no_change,2026-08-18T09:55:39,0.0,0.0
SPX,2026-08-21,0,Call,6320.0,SPX260821C06320000,0.0,0.0,0.0,1146.26,0.0,0.0,0.0,3.0,0.0,0.0,0.0,0.0,0.0,0.0,0.0,0.0,0.0,0.0,1332.44995117188,up,2026-06-23T13:33:41,0.0,0.0
SPXW,2026-08-21,0,Call,6320.0,SPXW260821C06320000,1343.8,1364.4,1354.1,0.0,0.0,0.0,0.0,0.0,0.0,1.0,0.0,0.0,0.0,0.0,1352.9738,0.0,0.0,0.0,1333.54998779297,no_change,,0.0,0.0
SPX,2026-08-21,0,Put,6320.0,SPX260821P06320000,0.0,0.0,0.0,0.77,0.0,0.0,0.0,441.0,0.0,0.0,0.0,0.0,0.0,0.0,0.0,0.0,0.0,0.0,0.025000000372529,up,2026-08-04T10:47:25,0.0,0.0
SPXW,2026-08-21,0,Put,6320.0,SPXW260821P06320000,0.0,0.05,0.025,0.05,0.0,0.0,0.0,188.0,0.0,0.0,0.0,0.0,0.0,0.0,0.0,0.0,0.0,0.0,0.025000000372529,no_change,2026-08-20T10:18:18,0.0,0.0
SPX,2026-08-21,0,Call,6325.0,SPX260821C06325000,0.0,0.0,0.0,1376.32,0.0,0.0,0.0,1991.0,0.0,0.0,0.0,0.0,0.0,0.0,0.0,0.0,0.0,0.0,1327.79998779297,up,2026-08-18T14:54:12,0.0,0.0
SPXW,2026-08-21,0,Call,6325.0,SPXW260821C06325000,1338.8,1359.4,1349.1,1370.66,0.0,0.0,0.0,12.0,0.0,1.0,0.0,0.0,0.0,0.0,1347.9738,0.0,0.0,0.0,1328.64996337891,down,2026-08-20T09:37:07,0.0,0.0
SPX,2026-08-21,0,Put,6325.0,SPX260821P06325000,0.0,0.0,0.0,0.05,0.0,0.0,0.0,2211.0,0.0,0.0,0.0,0.0,0.0,0.0,0.0,0.0,0.0,0.0,0.025000000372529,down,2026-08-17T12:47:06,0.0,0.0
SPXW,2026-08-21,0,Put,6325.0,SPXW260821P06325000,0.0,0.05,0.025,0.05,0.0,0.0,0.0,285.0,0.0,0.0,0.0,0.0,0.0,0.0,0.0,0.0,0.0,0.0,0.025000000372529,no_change,2026-08-20T10:18:06,0.0,0.0
SPX,2026-08-21,0,Call,6330.0,SPX260821C06330000,0.0,0.0,0.0,0.0,0.0,0.0,0.0,0.0,0.0,0.0,0.0,0.0,0.0,0.0,0.0,0.0,0.0,0.0,1322.70001220703,no_change,,0.0,0.0
SPXW,2026-08-21,0,Call,6330.0,SPXW260821C06330000,1335.5,1354.4,1344.95,0.0,0.0,0.0,0.0,0.0,0.0,1.0,0.0,0.0,0.0,0.0,1342.9738,0.0,0.0,0.0,1323.54998779297,no_change,,0.0,0.0
SPX,2026-08-21,0,Put,6330.0,SPX260821P06330000,0.0,0.0,0.0,0.15,0.0,0.0,0.0,418.0,0.0,0.0,0.0,0.0,0.0,0.0,0.0,0.0,0.0,0.0,0.025000000372529,no_change,2026-08-12T12:44:38,0.0,0.0
SPXW,2026-08-21,0,Put,6330.0,SPXW260821P06330000,0.0,0.05,0.025,0.04,0.015,60.0,1.0,97.0,0.0,0.0,0.0,0.0,0.0,0.0,0.0,0.04,0.04,0.04,0.025000000372529,down,2026-08-21T10:43:42,0.0,0.0
SPX,2026-08-21,0,Call,6340.0,SPX260821C06340000,0.0,0.0,0.0,0.0,0.0,0.0,0.0,0.0,0.0,0.0,0.0,0.0,0.0,0.0,0.0,0.0,0.0,0.0,1313.25,no_change,,0.0,0.0
SPXW,2026-08-21,0,Call,6340.0,SPXW260821C06340000,1323.8,1344.4,1334.1,0.0,0.0,0.0,0.0,0.0,0.0,1.0,0.0,0.0,0.0,0.0,1332.9738,0.0,0.0,0.0,1313.79998779297,no_change,,0.0,0.0
SPX,2026-08-21,0,Put,6340.0,SPX260821P06340000,0.0,0.0,0.0,0.05,0.0,0.0,0.0,439.0,0.0,0.0,0.0,0.0,0.0,0.0,0.0,0.0,0.0,0.0,0.025000000372529,no_change,2026-08-17T11:34:43,0.0,0.0
SPXW,2026-08-21,0,Put,6340.0,SPXW260821P06340000,0.0,0.05,0.025,0.05,0.0,0.0,0.0,161.0,0.0,0.0,0.0,0.0,0.0,0.0,0.0,0.0,0.0,0.0,0.025000000372529,no_change,2026-08-19T16:03:54,0.0,0.0
SPX,2026-08-21,0,Call,6350.0,SPX260821C06350000,0.0,0.0,0.0,1326.26,0.0,0.0,0.0,2510.0,0.0,0.0,0.0,0.0,0.0,0.0,0.0,0.0,0.0,0.0,1303.25,no_change,2026-08-20T12:30:42,0.0,0.0
SPXW,2026-08-21,0,Call,6350.0,SPXW260821C06350000,1313.8,1334.4,1324.1,1344.28,0.0,0.0,0.0,10.0,0.0,1.0,0.0,0.0,0.0,0.0,1322.9738,0.0,0.0,0.0,1303.79998779297,down,2026-08-20T09:38:15,0.0,0.0
SPX,2026-08-21,0,Put,6350.0,SPX260821P06350000,0.0,0.0,0.0,0.05,0.0,0.0,0.0,6539.0,0.0,0.0,0.0,0.0,0.0,0.0,0.0,0.0,0.0,0.0,0.025000000372529,no_change,2026-08-19T15:58:00,0.0,0.0
SPXW,2026-08-21,0,Put,6350.0,SPXW260821P06350000,0.0,0.05,0.025,0.05,0.025,100.0,1.0,215.0,0.0,0.0,0.0,0.0,0.0,0.0,0.0,0.05,0.05,0.05,0.025000000372529,no_change,2026-08-21T12:55:20,0.0,0.0
SPX,2026-08-21,0,Call,6360.0,SPX260821C06360000,0.0,0.0,0.0,1116.08,0.0,0.0,0.0,7.0,0.0,0.0,0.0,0.0,0.0,0.0,0.0,0.0,0.0,0.0,1292.5,up,2026-07-17T09:30:02,0.0,0.0
SPXW,2026-08-21,0,Call,6360.0,SPXW260821C06360000,1305.5,1324.4,1314.95,0.0,0.0,0.0,0.0,0.0,0.0,1.0,0.0,0.0,0.0,0.0,1312.9738,0.0,0.0,0.0,1293.79998779297,no_change,,0.0,0.0
SPX,2026-08-21,0,Put,6360.0,SPX260821P06360000,0.0,0.0,0.0,0.55,0.0,0.0,0.0,440.0,0.0,0.0,0.0,0.0,0.0,0.0,0.0,0.0,0.0,0.0,0.025000000372529,no_change,2026-08-06T15:15:37,0.0,0.0
SPXW,2026-08-21,0,Put,6360.0,SPXW260821P06360000,0.0,0.05,0.025,0.05,0.0,0.0,0.0,277.0,0.0,0.0,0.0,0.0,0.0,0.0,0.0,0.0,0.0,0.0,0.025000000372529,no_change,2026-08-19T16:03:55,0.0,0.0
SPX,2026-08-21,0,Call,6370.0,SPX260821C06370000,0.0,0.0,0.0,475.32,0.0,0.0,0.0,2.0,0.0,0.0,0.0,0.0,0.0,0.0,0.0,0.0,0.0,0.0,1282.59997558594,down,2026-03-31T13:20:22,0.0,0.0
SPXW,2026-08-21,0,Call,6370.0,SPXW260821C06370000,1295.5,1314.4,1304.95,0.0,0.0,0.0,0.0,0.0,0.0,1.0,0.0,0.0,0.0,0.0,1302.9738,0.0,0.0,0.0,1283.79998779297,no_change,,0.0,0.0
SPX,2026-08-21,0,Put,6370.0,SPX260821P06370000,0.0,0.0,0.0,0.03,0.0,0.0,0.0,584.0,0.0,0.0,0.0,0.0,0.0,0.0,0.0,0.0,0.0,0.0,0.025000000372529,no_change,2026-08-20T14:55:01,0.0,0.0
SPXW,2026-08-21,0,Put,6370.0,SPXW260821P06370000,0.0,0.05,0.025,0.05,0.0,0.0,0.0,155.0,0.0,0.0,0.0,0.0,0.0,0.0,0.0,0.0,0.0,0.0,0.025000000372529,no_change,2026-08-20T10:17:59,0.0,0.0
SPX,2026-08-21,0,Call,6375.0,SPX260821C06375000,0.0,0.0,0.0,1128.29,0.0,0.0,0.0,1957.0,0.0,0.0,0.0,0.0,0.0,0.0,0.0,0.0,0.0,0.0,1277.20001220703,up,2026-07-17T11:10:31,0.0,0.0
SPXW,2026-08-21,0,Call,6375.0,SPXW260821C06375000,1290.4,1309.4,1299.9,1293.78,0.0,0.0,0.0,21.0,0.0,1.0,0.0,0.0,0.0,0.0,1297.9738,0.0,0.0,0.0,1278.79998779297,no_change,2026-08-20T13:30:40,0.0,0.0
SPX,2026-08-21,0,Put,6375.0,SPX260821P06375000,0.0,0.0,0.0,0.07,0.0,0.0,0.0,2516.0,0.0,0.0,0.0,0.0,0.0,0.0,0.0,0.0,0.0,0.0,0.025000000372529,no_change,2026-08-18T10:11:02,0.0,0.0
SPXW,2026-08-21,0,Put,6375.0,SPXW260821P06375000,0.0,0.05,0.025,0.05,0.0,0.0,0.0,173.0,0.0,0.0,0.0,0.0,0.0,0.0,0.0,0.0,0.0,0.0,0.025000000372529,no_change,2026-08-20T10:17:53,0.0,0.0
SPX,2026-08-21,0,Call,6380.0,SPX260821C06380000,0.0,0.0,0.0,1123.63,0.0,0.0,0.0,1.0,0.0,0.0,0.0,0.0,0.0,0.0,0.0,0.0,0.0,0.0,1272.09997558594,up,2026-05-08T14:12:11,0.0,0.0
SPXW,2026-08-21,0,Call,6380.0,SPXW260821C06380000,1283.4,1304.4,1293.9,0.0,0.0,0.0,0.0,425.0,0.0,1.0,0.0,0.0,0.0,0.0,1292.9738,0.0,0.0,0.0,1272.14996337891,no_change,,0.0,0.0
SPX,2026-08-21,0,Put,6380.0,SPX260821P06380000,0.0,0.0,0.0,0.76,0.0,0.0,0.0,455.0,0.0,0.0,0.0,0.0,0.0,0.0,0.0,0.0,0.0,0.0,0.025000000372529,up,2026-08-05T12:21:03,0.0,0.0
SPXW,2026-08-21,0,Put,6380.0,SPXW260821P06380000,0.0,0.05,0.025,0.05,0.0,0.0,0.0,386.0,0.0,0.0,0.0,0.0,0.0,0.0,0.0,0.0,0.0,0.0,0.025000000372529,no_change,2026-08-19T16:01:40,0.0,0.0
SPX,2026-08-21,0,Call,6390.0,SPX260821C06390000,0.0,0.0,0.0,1168.76,0.0,0.0,0.0,6.0,0.0,0.0,0.0,0.0,0.0,0.0,0.0,0.0,0.0,0.0,1262.65002441406,up,2026-07-01T12:01:22,0.0,0.0
SPXW,2026-08-21,0,Call,6390.0,SPXW260821C06390000,1273.8,1294.4,1284.1,0.0,0.0,0.0,0.0,0.0,0.0,1.0,0.0,0.0,0.0,0.0,1282.9738,0.0,0.0,0.0,1263.79998779297,no_change,,0.0,0.0
SPX,2026-08-21,0,Put,6390.0,SPX260821P06390000,0.0,0.0,0.0,0.25,0.0,0.0,0.0,378.0,0.0,0.0,0.0,0.0,0.0,0.0,0.0,0.0,0.0,0.0,0.025000000372529,no_change,2026-08-10T15:36:53,0.0,0.0
SPXW,2026-08-21,0,Put,6390.0,SPXW260821P06390000,0.0,0.05,0.025,0.05,0.0,0.0,0.0,57.0,0.0,0.0,0.0,0.0,0.0,0.0,0.0,0.0,0.0,0.0,0.025000000372529,no_change,2026-08-19T16:01:40,0.0,0.0
SPX,2026-08-21,0,Call,6400.0,SPX260821C06400000,0.0,0.0,0.0,1400.66,0.0,0.0,0.0,6374.0,0.0,0.0,0.0,0.0,0.0,0.0,0.0,0.0,0.0,0.0,1252.69995117188,up,2026-08-13T11:05:28,0.0,0.0
SPXW,2026-08-21,0,Call,6400.0,SPXW260821C06400000,1263.8,1284.4,1274.1,1278.02,24.37,1.94393,1.0,16.0,0.0,1.0,0.0,0.0,0.0,0.0,1272.9738,1278.02,1278.02,1278.02,1253.64996337891,down,2026-08-21T15:20:30,0.0,0.0
SPX,2026-08-21,0,Put,6400.0,SPX260821P06400000,0.0,0.0,0.0,0.1,0.0,0.0,0.0,13986.0,0.0,0.0,0.0,0.0,0.0,0.0,0.0,0.0,0.0,0.0,0.025000000372529,up,2026-08-19T13:25:03,0.0,0.0
SPXW,2026-08-21,0,Put,6400.0,SPXW260821P06400000,0.0,0.05,0.025,0.05,0.025,100.0,2.0,1340.0,0.0,0.0,0.0,0.0,0.0,0.0,0.0,0.05,0.05,0.05,0.025000000372529,no_change,2026-08-21T09:56:21,0.0,0.0
SPX,2026-08-21,0,Call,6410.0,SPX260821C06410000,0.0,0.0,0.0,486.46,0.0,0.0,0.0,20.0,0.0,0.0,0.0,0.0,0.0,0.0,0.0,0.0,0.0,0.0,1242.59997558594,down,2026-04-06T09:39:37,0.0,0.0
SPXW,2026-08-21,0,Call,6410.0,SPXW260821C06410000,1253.8,1274.4,1264.1,1367.6,0.0,0.0,0.0,5.0,0.0,1.0,0.0,0.0,0.0,0.0,1262.9738,0.0,0.0,0.0,1243.79998779297,down,2026-08-17T10:17:33,0.0,0.0
SPX,2026-08-21,0,Put,6410.0,SPX260821P06410000,0.0,0.0,0.0,0.05,0.0,0.0,0.0,413.0,0.0,0.0,0.0,0.0,0.0,0.0,0.0,0.0,0.0,0.0,0.025000000372529,down,2026-08-20T10:00:06,0.0,0.0
SPXW,2026-08-21,0,Put,6410.0,SPXW260821P06410000,0.0,0.05,0.025,0.03,0.0,0.0,0.0,154.0,0.0,0.0,0.0,0.0,0.0,0.0,0.0,0.0,0.0,0.0,0.025000000372529,no_change,2026-08-19T14:22:58,0.0,0.0
SPX,2026-08-21,0,Call,6420.0,SPX260821C06420000,0.0,0.0,0.0,582.88,0.0,0.0,0.0,3.0,0.0,0.0,0.0,0.0,0.0,0.0,0.0,0.0,0.0,0.0,1232.19995117188,up,2026-04-08T11:27:23,0.0,0.0
SPXW,2026-08-21,0,Call,6420.0,SPXW260821C06420000,1243.8,1264.4,1254.1,0.0,0.0,0.0,0.0,0.0,0.0,1.0,0.0,0.0,0.0,0.0,1252.9738,0.0,0.0,0.0,1233.64996337891,no_change,,0.0,0.0
SPX,2026-08-21,0,Put,6420.0,SPX260821P06420000,0.0,0.0,0.0,0.05,0.0,0.0,0.0,462.0,0.0,0.0,0.0,0.0,0.0,0.0,0.0,0.0,0.0,0.0,0.025000000372529,no_change,2026-08-18T09:48:57,0.0,0.0
SPXW,2026-08-21,0,Put,6420.0,SPXW260821P06420000,0.0,0.05,0.025,0.05,0.0,0.0,0.0,366.0,0.0,0.0,0.0,0.0,0.0,0.0,0.0,0.0,0.0,0.0,0.025000000372529,no_change,2026-08-19T16:02:29,0.0,0.0
SPX,2026-08-21,0,Call,6425.0,SPX260821C06425000,0.0,0.0,0.0,928.2,0.0,0.0,0.0,1074.0,0.0,0.0,0.0,0.0,0.0,0.0,0.0,0.0,0.0,0.0,1227.09997558594,down,2026-07-29T15:51:25,0.0,0.0
SPXW,2026-08-21,0,Call,6425.0,SPXW260821C06425000,1242.1,1258.8,1250.4499999999998,1245.13,0.0,0.0,0.0,11.0,0.0,1.0,0.0,0.0,0.0,0.0,1247.9738,0.0,0.0,0.0,1228.89996337891,no_change,2026-08-20T13:27:08,0.0,0.0
SPX,2026-08-21,0,Put,6425.0,SPX260821P06425000,0.0,0.0,0.0,0.2,0.0,0.0,0.0,4464.0,0.0,0.0,0.0,0.0,0.0,0.0,0.0,0.0,0.0,0.0,0.025000000372529,down,2026-08-11T15:59:55,0.0,0.0
SPXW,2026-08-21,0,Put,6425.0,SPXW260821P06425000,0.0,0.05,0.025,0.07,0.0,0.0,0.0,120.0,0.0,0.0,0.0,0.0,0.0,0.0,0.0,0.0,0.0,0.0,0.025000000372529,down,2026-08-17T15:15:54,0.0,0.0
SPX,2026-08-21,0,Call,6430.0,SPX260821C06430000,0.0,0.0,0.0,1144.64,0.0,0.0,0.0,5.0,0.0,0.0,0.0,0.0,0.0,0.0,0.0,0.0,0.0,0.0,1222.70001220703,up,2026-07-06T12:16:17,0.0,0.0
SPXW,2026-08-21,0,Call,6430.0,SPXW260821C06430000,1235.5,1254.4,1244.95,0.0,0.0,0.0,0.0,0.0,0.0,1.0,0.0,0.0,0.0,0.0,1242.9738,0.0,0.0,0.0,1223.89996337891,no_change,,0.0,0.0
SPX,2026-08-21,0,Put,6430.0,SPX260821P06430000,0.0,0.0,0.0,1.15,0.0,0.0,0.0,231.0,0.0,0.0,0.0,0.0,0.0,0.0,0.0,0.0,0.0,0.0,0.025000000372529,up,2026-08-04T15:59:59,0.0,0.0
SPXW,2026-08-21,0,Put,6430.0,SPXW260821P06430000,0.0,0.05,0.025,0.05,0.0,0.0,0.0,196.0,0.0,0.0,0.0,0.0,0.0,0.0,0.0,0.0,0.0,0.0,0.025000000372529,no_change,2026-08-19T16:00:04,0.0,0.0
SPX,2026-08-21,0,Call,6440.0,SPX260821C06440000,0.0,0.0,0.0,917.8,0.0,0.0,0.0,44.0,0.0,0.0,0.0,0.0,0.0,0.0,0.0,0.0,0.0,0.0,1212.04998779297,down,2026-07-29T15:49:14,0.0,0.0
SPXW,2026-08-21,0,Call,6440.0,SPXW260821C06440000,1223.8,1244.4,1234.1,0.0,0.0,0.0,0.0,0.0,0.0,1.0,0.0,0.0,0.0,0.0,1232.9738,0.0,0.0,0.0,1213.79998779297,no_change,,0.0,0.0
SPX,2026-08-21,0,Put,6440.0,SPX260821P06440000,0.0,0.0,0.0,0.05,0.0,0.0,0.0,422.0,0.0,0.0,0.0,0.0,0.0,0.0,0.0,0.0,0.0,0.0,0.025000000372529,no_change,2026-08-18T14:15:50,0.0,0.0
SPXW,2026-08-21,0,Put,6440.0,SPXW260821P06440000,0.0,0.05,0.025,0.05,0.0,0.0,0.0,144.0,0.0,0.0,0.0,0.0,0.0,0.0,0.0,0.0,0.0,0.0,0.025000000372529,no_change,2026-08-19T15:13:22,0.0,0.0
SPX,2026-08-21,0,Call,6450.0,SPX260821C06450000,0.0,0.0,0.0,1205.64,0.0,0.0,0.0,8511.0,0.0,0.0,0.0,0.0,0.0,0.0,0.0,0.0,0.0,0.0,1202.64996337891,down,2026-08-20T14:59:14,0.0,0.0
SPXW,2026-08-21,0,Call,6450.0,SPXW260821C06450000,1213.4,1234.4,1223.9,471.14,0.0,0.0,0.0,336.0,0.0,1.0,0.0,0.0,0.0,0.0,1222.9738,0.0,0.0,0.0,1202.15002441406,up,2026-04-01T12:34:26,0.0,0.0
SPX,2026-08-21,0,Put,6450.0,SPX260821P06450000,0.0,0.0,0.0,0.05,0.0,0.0,0.0,8855.0,0.0,0.0,0.0,0.0,0.0,0.0,0.0,0.0,0.0,0.0,0.025000000372529,no_change,2026-08-19T16:09:13,0.0,0.0
SPXW,2026-08-21,0,Put,6450.0,SPXW260821P06450000,0.0,0.05,0.025,0.05,0.0,0.0,0.0,396.0,0.0,0.0,0.0,0.0,0.0,0.0,0.0,0.0,0.0,0.0,0.025000000372529,no_change,2026-08-19T16:00:04,0.0,0.0
SPX,2026-08-21,0,Call,6460.0,SPX260821C06460000,0.0,0.0,0.0,895.5,0.0,0.0,0.0,88.0,0.0,0.0,0.0,0.0,0.0,0.0,0.0,0.0,0.0,0.0,1193.25,down,2026-07-29T15:54:21,0.0,0.0
SPXW,2026-08-21,0,Call,6460.0,SPXW260821C06460000,1207.1,1223.8,1215.4499999999998,0.0,0.0,0.0,0.0,0.0,0.0,1.0,0.0,0.0,0.0,0.0,1212.9738,0.0,0.0,0.0,1193.64996337891,no_change,,0.0,0.0
SPX,2026-08-21,0,Put,6460.0,SPX260821P06460000,0.0,0.0,0.0,0.05,0.0,0.0,0.0,496.0,0.0,0.0,0.0,0.0,0.0,0.0,0.0,0.0,0.0,0.0,0.025000000372529,no_change,2026-08-17T15:38:55,0.0,0.0
SPXW,2026-08-21,0,Put,6460.0,SPXW260821P06460000,0.0,0.05,0.025,0.05,0.0,0.0,0.0,87.0,0.0,0.0,0.0,0.0,0.0,0.0,0.0,0.0,0.0,0.0,0.025000000372529,no_change,2026-08-20T09:59:38,0.0,0.0
SPX,2026-08-21,0,Call,6470.0,SPX260821C06470000,0.0,0.0,0.0,450.69,0.0,0.0,0.0,7.0,0.0,0.0,0.0,0.0,0.0,0.0,0.0,0.0,0.0,0.0,1182.59997558594,down,2026-04-06T15:19:45,0.0,0.0
SPXW,2026-08-21,0,Call,6470.0,SPXW260821C06470000,1193.8,1214.4,1204.1,1200.26,0.0,0.0,0.0,6.0,0.0,1.0,0.0,0.0,0.0,0.0,1202.9738,0.0,0.0,0.0,1183.89996337891,no_change,2026-08-20T13:27:08,0.0,0.0
SPX,2026-08-21,0,Put,6470.0,SPX260821P06470000,0.0,0.0,0.0,0.05,0.0,0.0,0.0,358.0,0.0,0.0,0.0,0.0,0.0,0.0,0.0,0.0,0.0,0.0,0.025000000372529,no_change,2026-08-19T14:04:49,0.0,0.0
SPXW,2026-08-21,0,Put,6470.0,SPXW260821P06470000,0.0,0.05,0.025,0.05,0.0,0.0,0.0,347.0,0.0,0.0,0.0,0.0,0.0,0.0,0.0,0.0,0.0,0.0,0.025000000372529,no_change,2026-08-19T15:31:20,0.0,0.0
SPX,2026-08-21,0,Call,6475.0,SPX260821C06475000,0.0,0.0,0.0,1307.0,0.0,0.0,0.0,1662.0,0.0,0.0,0.0,0.0,0.0,0.0,0.0,0.0,0.0,0.0,1177.40002441406,up,2026-08-14T16:06:47,0.0,0.0
SPXW,2026-08-21,0,Call,6475.0,SPXW260821C06475000,1190.4,1209.4,1199.9,1207.73,28.98,2.45854,3.0,21.0,0.0,1.0,0.0,0.0,0.0,0.0,1197.9738,1207.73,1207.73,1207.73,1178.75,up,2026-08-21T15:46:17,0.0,0.0
SPX,2026-08-21,0,Put,6475.0,SPX260821P06475000,0.0,0.0,0.0,0.05,0.0,0.0,0.0,4005.0,0.0,0.0,0.0,0.0,0.0,0.0,0.0,0.0,0.0,0.0,0.025000000372529,down,2026-08-19T13:47:07,0.0,0.0
SPXW,2026-08-21,0,Put,6475.0,SPXW260821P06475000,0.0,0.05,0.025,0.05,0.0,0.0,0.0,233.0,0.0,0.0,0.0,0.0,0.0,0.0,0.0,0.0,0.0,0.0,0.025000000372529,no_change,2026-08-19T16:01:40,0.0,0.0
SPX,2026-08-21,0,Call,6480.0,SPX260821C06480000,0.0,0.0,0.0,795.5,0.0,0.0,0.0,24.0,0.0,0.0,0.0,0.0,0.0,0.0,0.0,0.0,0.0,0.0,1172.55004882812,down,2026-04-23T15:34:33,0.0,0.0
SPXW,2026-08-21,0,Call,6480.0,SPXW260821C06480000,1187.1,1203.8,1195.4499999999998,1200.07,26.32,2.24239,3.0,5.0,0.0,1.0,0.0,0.0,0.0,0.0,1192.9738,1200.07,1200.07,1200.07,1173.75,no_change,2026-08-21T15:42:19,0.0,0.0
SPX,2026-08-21,0,Put,6480.0,SPX260821P06480000,0.0,0.0,0.0,0.05,0.0,0.0,0.0,267.0,0.0,0.0,0.0,0.0,0.0,0.0,0.0,0.0,0.0,0.0,0.025000000372529,no_change,2026-08-20T10:00:17,0.0,0.0
SPXW,2026-08-21,0,Put,6480.0,SPXW260821P06480000,0.0,0.05,0.025,0.05,0.0,0.0,0.0,267.0,0.0,0.0,0.0,0.0,0.0,0.0,0.0,0.0,0.0,0.0,0.025000000372529,no_change,2026-08-19T15:52:55,0.0,0.0
SPX,2026-08-21,0,Call,6490.0,SPX260821C06490000,0.0,0.0,0.0,537.81,0.0,0.0,0.0,59.0,0.0,0.0,0.0,0.0,0.0,0.0,0.0,0.0,0.0,0.0,1162.5,no_change,2026-04-09T09:38:10,0.0,0.0
SPXW,2026-08-21,0,Call,6490.0,SPXW260821C06490000,1174.1,1194.4,1184.25,0.0,0.0,0.0,0.0,0.0,0.0,1.0,0.0,0.0,0.0,0.0,1182.9738,0.0,0.0,0.0,1163.94995117188,no_change,,0.0,0.0
SPX,2026-08-21,0,Put,6490.0,SPX260821P06490000,0.0,0.0,0.0,0.62,0.0,0.0,0.0,685.0,0.0,0.0,0.0,0.0,0.0,0.0,0.0,0.0,0.0,0.0,0.025000000372529,down,2026-08-06T15:05:14,0.0,0.0
SPXW,2026-08-21,0,Put,6490.0,SPXW260821P06490000,0.0,0.05,0.025,0.05,0.0,0.0,0.0,288.0,0.0,0.0,0.0,0.0,0.0,0.0,0.0,0.0,0.0,0.0,0.025000000372529,no_change,2026-08-19T15:52:55,0.0,0.0
SPX,2026-08-21,0,Call,6500.0,SPX260821C06500000,0.0,0.0,0.0,1205.0,0.0,0.0,0.0,8155.0,0.0,0.0,0.0,0.0,0.0,0.0,0.0,0.0,0.0,0.0,1152.09997558594,down,2026-08-18T11:07:02,0.0,0.0
SPXW,2026-08-21,0,Call,6500.0,SPXW260821C06500000,1164.1,1184.4,1174.25,1183.95,0.0,0.0,0.0,100.0,0.0,1.0,0.0,0.0,0.0,0.0,1172.9738,0.0,0.0,0.0,1153.64996337891,down,2026-08-20T11:25:18,0.0,0.0
SPX,2026-08-21,0,Put,6500.0,SPX260821P06500000,0.0,0.0,0.0,0.03,0.0,0.0,0.0,22761.0,0.0,0.0,0.0,0.0,0.0,0.0,0.0,0.0,0.0,0.0,0.025000000372529,down,2026-08-20T16:01:25,0.0,0.0
SPXW,2026-08-21,0,Put,6500.0,SPXW260821P06500000,0.0,0.05,0.025,0.05,0.025,100.0,1.0,1727.0,0.0,0.0,0.0,0.0,0.0,0.0,0.0,0.05,0.05,0.05,0.025000000372529,no_change,2026-08-21T09:30:02,0.0,0.0
SPX,2026-08-21,0,Call,6510.0,SPX260821C06510000,0.0,0.0,0.0,772.28,0.0,0.0,0.0,103.0,0.0,0.0,0.0,0.0,0.0,0.0,0.0,0.0,0.0,0.0,1142.59997558594,down,2026-04-23T15:34:10,0.0,0.0
SPXW,2026-08-21,0,Call,6510.0,SPXW260821C06510000,1157.1,1173.8,1165.4499999999998,1049.59,0.0,0.0,0.0,1.0,0.0,1.0,0.0,0.0,0.0,0.0,1162.9738,0.0,0.0,0.0,1143.64996337891,down,2026-07-13T13:20:37,0.0,0.0
SPX,2026-08-21,0,Put,6510.0,SPX260821P06510000,0.0,0.0,0.0,0.05,0.0,0.0,0.0,648.0,0.0,0.0,0.0,0.0,0.0,0.0,0.0,0.0,0.0,0.0,0.025000000372529,down,2026-08-19T13:45:51,0.0,0.0
SPXW,2026-08-21,0,Put,6510.0,SPXW260821P06510000,0.0,0.05,0.025,0.1,0.0,0.0,0.0,77.0,0.0,0.0,0.0,0.0,0.0,0.0,0.0,0.0,0.0,0.0,0.025000000372529,no_change,2026-08-17T13:34:42,0.0,0.0
SPX,2026-08-21,0,Call,6520.0,SPX260821C06520000,0.0,0.0,0.0,546.2,0.0,0.0,0.0,6.0,0.0,0.0,0.0,0.0,0.0,0.0,0.0,0.0,0.0,0.0,1132.20001220703,up,2026-04-09T15:30:47,0.0,0.0
SPXW,2026-08-21,0,Call,6520.0,SPXW260821C06520000,1144.1,1164.4,1154.25,0.0,0.0,0.0,0.0,0.0,0.0,1.0,0.0,0.0,0.0,0.0,1152.9738,0.0,0.0,0.0,1133.69995117188,no_change,,0.0,0.0
SPX,2026-08-21,0,Put,6520.0,SPX260821P06520000,0.0,0.0,0.0,0.05,0.0,0.0,0.0,229.0,0.0,0.0,0.0,0.0,0.0,0.0,0.0,0.0,0.0,0.0,0.025000000372529,no_change,2026-08-20T10:00:25,0.0,0.0
SPXW,2026-08-21,0,Put,6520.0,SPXW260821P06520000,0.0,0.05,0.025,0.05,0.0,0.0,0.0,120.0,0.0,0.0,0.0,0.0,0.0,0.0,0.0,0.0,0.0,0.0,0.025000000372529,down,2026-08-20T09:35:51,0.0,0.0
SPX,2026-08-21,0,Call,6525.0,SPX260821C06525000,0.0,0.0,0.0,386.11,0.0,0.0,0.0,358.0,0.0,0.0,0.0,0.0,0.0,0.0,0.0,0.0,0.0,0.0,1127.85003662109,up,2026-03-31T15:51:01,0.0,0.0
SPXW,2026-08-21,0,Call,6525.0,SPXW260821C06525000,1142.1,1158.8,1150.4499999999998,409.5,0.0,0.0,0.0,12.0,0.0,1.0,0.0,0.0,0.0,0.0,1147.9738,0.0,0.0,0.0,1128.64996337891,down,2026-04-07T12:28:14,0.0,0.0
SPX,2026-08-21,0,Put,6525.0,SPX260821P06525000,0.0,0.0,0.0,0.05,0.0,0.0,0.0,2343.0,0.0,0.0,0.0,0.0,0.0,0.0,0.0,0.0,0.0,0.0,0.025000000372529,no_change,2026-08-20T14:16:20,0.0,0.0
SPXW,2026-08-21,0,Put,6525.0,SPXW260821P06525000,0.0,0.05,0.025,0.05,0.0,0.0,0.0,109.0,0.0,0.0,0.0,0.0,0.0,0.0,0.0,0.0,0.0,0.0,0.025000000372529,no_change,2026-08-20T15:59:55,0.0,0.0
SPX,2026-08-21,0,Call,6530.0,SPX260821C06530000,0.0,0.0,0.0,531.4,0.0,0.0,0.0,94.0,0.0,0.0,0.0,0.0,0.0,0.0,0.0,0.0,0.0,0.0,1122.65002441406,up,2026-04-13T12:17:51,0.0,0.0
SPXW,2026-08-21,0,Call,6530.0,SPXW260821C06530000,1137.1,1153.8,1145.4499999999998,0.0,0.0,0.0,0.0,0.0,0.0,1.0,0.0,0.0,0.0,0.0,1142.9738,0.0,0.0,0.0,1123.79998779297,no_change,,0.0,0.0
SPX,2026-08-21,0,Put,6530.0,SPX260821P06530000,0.0,0.0,0.0,0.1,0.0,0.0,0.0,763.0,0.0,0.0,0.0,0.0,0.0,0.0,0.0,0.0,0.0,0.0,0.025000000372529,no_change,2026-08-19T09:30:55,0.0,0.0
SPXW,2026-08-21,0,Put,6530.0,SPXW260821P06530000,0.0,0.05,0.025,0.05,0.0,0.0,0.0,154.0,0.0,0.0,0.0,0.0,0.0,0.0,0.0,0.0,0.0,0.0,0.025000000372529,down,2026-08-20T09:36:18,0.0,0.0
SPX,2026-08-21,0,Call,6540.0,SPX260821C06540000,0.0,0.0,0.0,512.68,0.0,0.0,0.0,29.0,0.0,0.0,0.0,0.0,0.0,0.0,0.0,0.0,0.0,0.0,1112.65002441406,up,2026-04-08T09:30:02,0.0,0.0
SPXW,2026-08-21,0,Call,6540.0,SPXW260821C06540000,1124.1,1144.4,1134.25,1244.27,0.0,0.0,0.0,0.0,0.0,1.0,0.0,0.0,0.0,0.0,1132.9738,0.0,0.0,0.0,1113.69995117188,up,2026-08-13T12:11:22,0.0,0.0
SPX,2026-08-21,0,Put,6540.0,SPX260821P06540000,0.0,0.0,0.0,0.1,0.0,0.0,0.0,308.0,0.0,0.0,0.0,0.0,0.0,0.0,0.0,0.0,0.0,0.0,0.025000000372529,no_change,2026-08-19T09:30:55,0.0,0.0
SPXW,2026-08-21,0,Put,6540.0,SPXW260821P06540000,0.0,0.05,0.025,0.05,0.0,0.0,0.0,161.0,0.0,0.0,0.0,0.0,0.0,0.0,0.0,0.0,0.0,0.0,0.025000000372529,down,2026-08-19T15:53:24,0.0,0.0
SPX,2026-08-21,0,Call,6550.0,SPX260821C06550000,0.0,0.0,0.0,1105.87,0.0,0.0,0.0,174.0,0.0,0.0,0.0,0.0,0.0,0.0,0.0,0.0,0.0,0.0,1102.55004882812,down,2026-08-20T15:42:16,0.0,0.0
SPXW,2026-08-21,0,Call,6550.0,SPXW260821C06550000,1114.1,1134.4,1124.25,1232.43,0.0,0.0,0.0,14.0,0.0,1.0,0.0,0.0,0.0,0.0,1122.9738,0.0,0.0,0.0,1103.89996337891,down,2026-08-13T11:56:34,0.0,0.0
SPX,2026-08-21,0,Put,6550.0,SPX260821P06550000,0.0,0.0,0.0,0.1,0.0,0.0,0.0,3461.0,0.0,0.0,0.0,0.0,0.0,0.0,0.0,0.0,0.0,0.0,0.025000000372529,no_change,2026-08-19T09:30:52,0.0,0.0
SPXW,2026-08-21,0,Put,6550.0,SPXW260821P06550000,0.0,0.05,0.025,0.1,0.0,0.0,0.0,755.0,0.0,0.0,0.0,0.0,0.0,0.0,0.0,0.0,0.0,0.0,0.025000000372529,up,2026-08-18T14:43:55,0.0,0.0
SPX,2026-08-21,0,Call,6560.0,SPX260821C06560000,0.0,0.0,0.0,835.9,0.0,0.0,0.0,48.0,0.0,0.0,0.0,0.0,0.0,0.0,0.0,0.0,0.0,0.0,1092.35003662109,up,2026-07-29T15:30:02,0.0,0.0
SPXW,2026-08-21,0,Call,6560.0,SPXW260821C06560000,1106.0,1124.4,1115.2,1023.11,0.0,0.0,0.0,101.0,0.0,1.0,0.0,0.0,0.0,0.0,1112.9738,0.0,0.0,0.0,1093.69995117188,no_change,2026-08-03T10:43:06,0.0,0.0
SPX,2026-08-21,0,Put,6560.0,SPX260821P06560000,0.0,0.0,0.0,0.1,0.0,0.0,0.0,427.0,0.0,0.0,0.0,0.0,0.0,0.0,0.0,0.0,0.0,0.0,0.025000000372529,no_change,2026-08-19T10:03:49,0.0,0.0
SPXW,2026-08-21,0,Put,6560.0,SPXW260821P06560000,0.0,0.05,0.025,0.1,0.0,0.0,0.0,166.0,0.0,0.0,0.0,0.0,0.0,0.0,0.0,0.0,0.0,0.0,0.025000000372529,no_change,2026-08-17T13:43:12,0.0,0.0
SPX,2026-08-21,0,Call,6570.0,SPX260821C06570000,0.0,0.0,0.0,381.18,0.0,0.0,0.0,15.0,0.0,0.0,0.0,0.0,0.0,0.0,0.0,0.0,0.0,0.0,1082.70001220703,down,2026-04-06T12:52:28,0.0,0.0
SPXW,2026-08-21,0,Call,6570.0,SPXW260821C06570000,1097.1,1113.8,1105.4499999999998,1216.42,0.0,0.0,0.0,0.0,0.0,1.0,0.0,0.0,0.0,0.0,1102.9738,0.0,0.0,0.0,1083.64996337891,down,2026-08-13T11:46:10,0.0,0.0
SPX,2026-08-21,0,Put,6570.0,SPX260821P06570000,0.0,0.0,0.0,0.1,0.0,0.0,0.0,339.0,0.0,0.0,0.0,0.0,0.0,0.0,0.0,0.0,0.0,0.0,0.025000000372529,no_change,2026-08-19T09:30:53,0.0,0.0
SPXW,2026-08-21,0,Put,6570.0,SPXW260821P06570000,0.0,0.05,0.025,0.07,0.0,0.0,0.0,130.0,0.0,0.0,0.0,0.0,0.0,0.0,0.0,0.0,0.0,0.0,0.025000000372529,down,2026-08-17T10:04:24,0.0,0.0
SPX,2026-08-21,0,Call,6575.0,SPX260821C06575000,0.0,0.0,0.0,1210.09,0.0,0.0,0.0,198.0,0.0,0.0,0.0,0.0,0.0,0.0,0.0,0.0,0.0,0.0,1077.60003662109,up,2026-08-14T16:05:24,0.0,0.0
SPXW,2026-08-21,0,Call,6575.0,SPXW260821C06575000,1090.9,1109.4,1100.15,1103.87,25.22,2.33811,1.0,6.0,0.0,1.0,0.0,0.0,0.0,0.0,1097.9738,1103.87,1103.87,1103.87,1078.64996337891,down,2026-08-21T15:27:01,0.0,0.0
SPX,2026-08-21,0,Put,6575.0,SPX260821P06575000,0.0,0.0,0.0,0.1,0.0,0.0,0.0,3059.0,0.0,0.0,0.0,0.0,0.0,0.0,0.0,0.0,0.0,0.0,0.025000000372529,no_change,2026-08-19T09:39:32,0.0,0.0
SPXW,2026-08-21,0,Put,6575.0,SPXW260821P06575000,0.0,0.05,0.025,0.1,0.0,0.0,0.0,153.0,0.0,0.0,0.0,0.0,0.0,0.0,0.0,0.0,0.0,0.0,0.025000000372529,no_change,2026-08-17T15:59:00,0.0,0.0
SPX,2026-08-21,0,Call,6580.0,SPX260821C06580000,0.0,0.0,0.0,1115.32,0.0,0.0,0.0,18.0,0.0,0.0,0.0,0.0,0.0,0.0,0.0,0.0,0.0,0.0,1072.60003662109,up,2026-08-20T09:37:18,0.0,0.0
SPXW,2026-08-21,0,Call,6580.0,SPXW260821C06580000,1084.1,1104.4,1094.25,0.0,0.0,0.0,0.0,0.0,0.0,1.0,0.0,0.0,0.0,0.0,1092.9738,0.0,0.0,0.0,1073.64996337891,no_change,,0.0,0.0
SPX,2026-08-21,0,Put,6580.0,SPX260821P06580000,0.0,0.0,0.0,0.1,0.0,0.0,0.0,482.0,0.0,0.0,0.0,0.0,0.0,0.0,0.0,0.0,0.0,0.0,0.025000000372529,no_change,2026-08-19T09:30:51,0.0,0.0
SPXW,2026-08-21,0,Put,6580.0,SPXW260821P06580000,0.0,0.05,0.025,0.05,0.0,0.0,0.0,185.0,0.0,0.0,0.0,0.0,0.0,0.0,0.0,0.0,0.0,0.0,0.025000000372529,down,2026-08-19T15:53:23,0.0,0.0
SPX,2026-08-21,0,Call,6590.0,SPX260821C06590000,0.0,0.0,0.0,502.5,0.0,0.0,0.0,13.0,0.0,0.0,0.0,0.0,0.0,0.0,0.0,0.0,0.0,0.0,1062.70001220703,no_change,2026-04-13T13:27:44,0.0,0.0
SPXW,2026-08-21,0,Call,6590.0,SPXW260821C06590000,1076.0,1094.4,1085.2,1196.55,0.0,0.0,0.0,3.0,0.0,1.0,0.0,0.0,0.0,0.0,1082.9738,0.0,0.0,0.0,1063.64996337891,up,2026-08-13T11:43:27,0.0,0.0
SPX,2026-08-21,0,Put,6590.0,SPX260821P06590000,0.0,0.0,0.0,0.1,0.0,0.0,0.0,542.0,0.0,0.0,0.0,0.0,0.0,0.0,0.0,0.0,0.0,0.0,0.025000000372529,no_change,2026-08-19T09:30:55,0.0,0.0
SPXW,2026-08-21,0,Put,6590.0,SPXW260821P06590000,0.0,0.05,0.025,0.1,0.0,0.0,0.0,197.0,0.0,0.0,0.0,0.0,0.0,0.0,0.0,0.0,0.0,0.0,0.025000000372529,no_change,2026-08-14T15:57:23,0.0,0.0
SPX,2026-08-21,0,Call,6600.0,SPX260821C06600000,0.0,0.0,0.0,1087.1,0.0,0.0,0.0,3277.0,0.0,0.0,0.0,0.0,0.0,0.0,0.0,0.0,0.0,0.0,1052.15002441406,down,2026-08-20T10:56:19,0.0,0.0
SPXW,2026-08-21,0,Call,6600.0,SPXW260821C06600000,1064.1,1084.4,1074.25,1064.62,10.67,1.01239,1.0,110.0,0.0,1.0,0.0,0.0,0.0,0.0,1072.9738,1064.62,1064.62,1064.62,1053.94995117188,down,2026-08-21T10:01:59,0.0,0.0
SPX,2026-08-21,0,Put,6600.0,SPX260821P06600000,0.0,0.0,0.0,0.05,0.0,0.0,0.0,12030.0,0.0,0.0,0.0,0.0,0.0,0.0,0.0,0.0,0.0,0.0,0.025000000372529,down,2026-08-20T09:50:38,0.0,0.0
SPXW,2026-08-21,0,Put,6600.0,SPXW260821P06600000,0.0,0.05,0.025,0.05,0.0,0.0,0.0,5411.0,0.0,0.0,0.0,0.0,0.0,0.0,0.0,0.0,0.0,0.0,0.025000000372529,down,2026-08-20T09:50:42,0.0,0.0
SPX,2026-08-21,0,Call,6610.0,SPX260821C06610000,0.0,0.0,0.0,1136.5,0.0,0.0,0.0,174.0,0.0,0.0,0.0,0.0,0.0,0.0,0.0,0.0,0.0,0.0,1042.70001220703,up,2026-08-05T14:34:30,0.0,0.0
SPXW,2026-08-21,0,Call,6610.0,SPXW260821C06610000,1056.0,1074.4,1065.2,1071.15,27.15,2.60057,3.0,3.0,0.0,1.0,0.0,0.0,0.0,0.0,1062.9738,1071.15,1071.15,1071.15,1044.0,down,2026-08-21T15:46:17,0.0,0.0
SPX,2026-08-21,0,Put,6610.0,SPX260821P06610000,0.0,0.0,0.0,0.1,0.0,0.0,0.0,792.0,0.0,0.0,0.0,0.0,0.0,0.0,0.0,0.0,0.0,0.0,0.025000000372529,no_change,2026-08-19T09:30:52,0.0,0.0
SPXW,2026-08-21,0,Put,6610.0,SPXW260821P06610000,0.0,0.05,0.025,0.1,0.0,0.0,0.0,239.0,0.0,0.0,0.0,0.0,0.0,0.0,0.0,0.0,0.0,0.0,0.025000000372529,no_change,2026-08-17T13:21:32,0.0,0.0
SPX,2026-08-21,0,Call,6620.0,SPX260821C06620000,0.0,0.0,0.0,784.1,0.0,0.0,0.0,10.0,0.0,0.0,0.0,0.0,0.0,0.0,0.0,0.0,0.0,0.0,1032.79998779297,up,2026-06-26T09:48:38,0.0,0.0
SPXW,2026-08-21,0,Call,6620.0,SPXW260821C06620000,1047.1,1063.8,1055.4499999999998,1129.27,0.0,0.0,0.0,0.0,0.0,1.0,0.0,0.0,0.0,0.0,1052.9738,0.0,0.0,0.0,1034.00003051758,up,2026-08-07T13:43:48,0.0,0.0
SPX,2026-08-21,0,Put,6620.0,SPX260821P06620000,0.0,0.0,0.0,0.1,0.0,0.0,0.0,594.0,0.0,0.0,0.0,0.0,0.0,0.0,0.0,0.0,0.0,0.0,0.0500000007450581,no_change,2026-08-19T10:09:14,0.0,0.0
SPXW,2026-08-21,0,Put,6620.0,SPXW260821P06620000,0.0,0.05,0.025,0.1,0.0,0.0,0.0,152.0,0.0,0.0,0.0,0.0,0.0,0.0,0.0,0.0,0.0,0.0,0.025000000372529,no_change,2026-08-14T15:47:54,0.0,0.0
SPX,2026-08-21,0,Call,6625.0,SPX260821C06625000,0.0,0.0,0.0,804.3,0.0,0.0,0.0,370.0,0.0,0.0,0.0,0.0,0.0,0.0,0.0,0.0,0.0,0.0,1027.85000610352,down,2026-07-29T14:03:46,0.0,0.0
SPXW,2026-08-21,0,Call,6625.0,SPXW260821C06625000,1042.1,1058.8,1050.4499999999998,347.54,0.0,0.0,0.0,26.0,0.0,1.0,0.0,0.0,0.0,0.0,1047.9738,0.0,0.0,0.0,1029.00003051758,up,2026-04-06T15:26:09,0.0,0.0
SPX,2026-08-21,0,Put,6625.0,SPX260821P06625000,0.0,0.0,0.0,0.03,0.0,0.0,0.0,2679.0,0.0,0.0,0.0,0.0,0.0,0.0,0.0,0.0,0.0,0.0,0.025000000372529,down,2026-08-20T09:54:13,0.0,0.0
SPXW,2026-08-21,0,Put,6625.0,SPXW260821P06625000,0.0,0.05,0.025,0.15,0.0,0.0,0.0,241.0,0.0,0.0,0.0,0.0,0.0,0.0,0.0,0.0,0.0,0.0,0.025000000372529,no_change,2026-08-18T11:17:45,0.0,0.0
SPX,2026-08-21,0,Call,6630.0,SPX260821C06630000,0.0,0.0,0.0,1131.03,0.0,0.0,0.0,18.0,0.0,0.0,0.0,0.0,0.0,0.0,0.0,0.0,0.0,0.0,1022.55001831055,up,2026-08-04T15:05:44,0.0,0.0
SPXW,2026-08-21,0,Call,6630.0,SPXW260821C06630000,1034.1,1054.4,1044.25,1155.2,0.0,0.0,0.0,0.0,0.0,1.0,0.0,0.0,0.0,0.0,1042.9738,0.0,0.0,0.0,1024.00003051758,down,2026-08-13T11:35:52,0.0,0.0
SPX,2026-08-21,0,Put,6630.0,SPX260821P06630000,0.0,0.0,0.0,0.1,0.0,0.0,0.0,648.0,0.0,0.0,0.0,0.0,0.0,0.0,0.0,0.0,0.0,0.0,0.025000000372529,no_change,2026-08-19T10:08:04,0.0,0.0
SPXW,2026-08-21,0,Put,6630.0,SPXW260821P06630000,0.0,0.05,0.025,0.05,0.0,0.0,0.0,180.0,0.0,0.0,0.0,0.0,0.0,0.0,0.0,0.0,0.0,0.0,0.025000000372529,no_change,2026-08-20T14:19:54,0.0,0.0
SPX,2026-08-21,0,Call,6640.0,SPX260821C06640000,0.0,0.0,0.0,797.0,0.0,0.0,0.0,25.0,0.0,0.0,0.0,0.0,0.0,0.0,0.0,0.0,0.0,0.0,1013.0,down,2026-07-29T14:02:31,0.0,0.0
SPXW,2026-08-21,0,Call,6640.0,SPXW260821C06640000,1024.1,1044.4,1034.25,1051.74,0.0,0.0,0.0,1.0,0.0,1.0,0.0,0.0,0.0,0.0,1032.9738,0.0,0.0,0.0,1014.00003051758,down,2026-08-20T09:42:18,0.0,0.0
SPX,2026-08-21,0,Put,6640.0,SPX260821P06640000,0.0,0.0,0.0,0.15,0.0,0.0,0.0,760.0,0.0,0.0,0.0,0.0,0.0,0.0,0.0,0.0,0.0,0.0,0.0500000007450581,no_change,2026-08-19T09:30:55,0.0,0.0
SPXW,2026-08-21,0,Put,6640.0,SPXW260821P06640000,0.0,0.05,0.025,0.1,0.0,0.0,0.0,47.0,0.0,0.0,0.0,0.0,0.0,0.0,0.0,0.0,0.0,0.0,0.025000000372529,down,2026-08-17T13:14:02,0.0,0.0
SPX,2026-08-21,0,Call,6650.0,SPX260821C06650000,0.0,0.0,0.0,1026.17,0.0,0.0,0.0,1251.0,0.0,0.0,0.0,0.0,0.0,0.0,0.0,0.0,0.0,0.0,1003.0,no_change,2026-08-20T12:30:42,0.0,0.0
SPXW,2026-08-21,0,Call,6650.0,SPXW260821C06650000,1014.2,1034.4,1024.3000000000002,1029.27,25.27,2.51693,3.0,20.0,0.0,1.0,0.0,0.0,0.0,0.0,1022.9738,1029.27,1029.27,1029.27,1004.0,no_change,2026-08-21T15:42:19,0.0,0.0
SPX,2026-08-21,0,Put,6650.0,SPX260821P06650000,0.0,0.0,0.0,0.1,0.0,0.0,0.0,8923.0,0.0,0.0,0.0,0.0,0.0,0.0,0.0,0.0,0.0,0.0,0.025000000372529,no_change,2026-08-20T09:59:50,0.0,0.0
SPXW,2026-08-21,0,Put,6650.0,SPXW260821P06650000,0.0,0.05,0.025,0.05,0.0,0.0,0.0,2553.0,0.0,0.0,0.0,0.0,0.0,0.0,0.0,0.0,0.0,0.0,0.025000000372529,no_change,2026-08-20T09:58:11,0.0,0.0
SPX,2026-08-21,0,Call,6660.0,SPX260821C06660000,0.0,0.0,0.0,888.3,0.0,0.0,0.0,19.0,0.0,0.0,0.0,0.0,0.0,0.0,0.0,0.0,0.0,0.0,993.050018310547,up,2026-06-17T14:59:06,0.0,0.0
SPXW,2026-08-21,0,Call,6660.0,SPXW260821C06660000,1006.0,1024.4,1015.2,1136.54,0.0,0.0,0.0,1.0,0.0,1.0,0.0,0.0,0.0,0.0,1012.9738,0.0,0.0,0.0,993.800018310547,down,2026-08-13T11:16:08,0.0,0.0
SPX,2026-08-21,0,Put,6660.0,SPX260821P06660000,0.0,0.0,0.0,0.15,0.0,0.0,0.0,444.0,0.0,0.0,0.0,0.0,0.0,0.0,0.0,0.0,0.0,0.0,0.0500000007450581,no_change,2026-08-19T09:30:54,0.0,0.0
SPXW,2026-08-21,0,Put,6660.0,SPXW260821P06660000,0.0,0.05,0.025,0.05,0.0,0.0,0.0,186.0,0.0,0.0,0.0,0.0,0.0,0.0,0.0,0.0,0.0,0.0,0.025000000372529,no_change,2026-08-20T09:31:20,0.0,0.0
SPX,2026-08-21,0,Call,6670.0,SPX260821C06670000,0.0,0.0,0.0,1126.2,0.0,0.0,0.0,329.0,0.0,0.0,0.0,0.0,0.0,0.0,0.0,0.0,0.0,0.0,983.450012207031,up,2026-08-14T10:45:20,0.0,0.0
SPXW,2026-08-21,0,Call,6670.0,SPXW260821C06670000,994.2,1014.4,1004.3,1092.13,0.0,0.0,0.0,1.0,0.0,1.0,0.0,0.0,0.0,0.0,1002.9738,0.0,0.0,0.0,983.800018310547,down,2026-08-17T13:27:07,0.0,0.0
SPX,2026-08-21,0,Put,6670.0,SPX260821P06670000,0.0,0.0,0.0,0.15,0.0,0.0,0.0,2694.0,0.0,0.0,0.0,0.0,0.0,0.0,0.0,0.0,0.0,0.0,0.0500000007450581,no_change,2026-08-19T09:30:54,0.0,0.0
SPXW,2026-08-21,0,Put,6670.0,SPXW260821P06670000,0.0,0.05,0.025,0.14,0.0,0.0,0.0,222.0,0.0,0.0,0.0,0.0,0.0,0.0,0.0,0.0,0.0,0.0,0.025000000372529,no_change,2026-08-18T09:31:40,0.0,0.0
SPX,2026-08-21,0,Call,6675.0,SPX260821C06675000,0.0,0.0,0.0,824.26,0.0,0.0,0.0,1333.0,0.0,0.0,0.0,0.0,0.0,0.0,0.0,0.0,0.0,0.0,977.799987792969,up,2026-06-29T15:33:43,0.0,0.0
SPXW,2026-08-21,0,Call,6675.0,SPXW260821C06675000,992.2,1008.8,1000.5,1121.9,0.0,0.0,0.0,32.0,0.0,1.0,0.0,0.0,0.0,0.0,997.9738,0.0,0.0,0.0,978.800018310547,up,2026-08-13T11:13:39,0.0,0.0
SPX,2026-08-21,0,Put,6675.0,SPX260821P06675000,0.0,0.0,0.0,0.1,0.0,0.0,0.0,3425.0,0.0,0.0,0.0,0.0,0.0,0.0,0.0,0.0,0.0,0.0,0.025000000372529,no_change,2026-08-19T10:01:48,0.0,0.0
SPXW,2026-08-21,0,Put,6675.0,SPXW260821P06675000,0.0,0.05,0.025,0.05,0.0,0.0,0.0,1307.0,0.0,0.0,0.0,0.0,0.0,0.0,0.0,0.0,0.0,0.0,0.025000000372529,no_change,2026-08-20T15:59:56,0.0,0.0
SPX,2026-08-21,0,Call,6680.0,SPX260821C06680000,0.0,0.0,0.0,318.09,0.0,0.0,0.0,31.0,0.0,0.0,0.0,0.0,0.0,0.0,0.0,0.0,0.0,0.0,973.5,up,2026-04-01T11:53:38,0.0,0.0
SPXW,2026-08-21,0,Call,6680.0,SPXW260821C06680000,984.2,1004.4,994.3,0.0,0.0,0.0,0.0,0.0,0.0,1.0,0.0,0.0,0.0,0.0,992.9738,0.0,0.0,0.0,973.950012207031,no_change,,0.0,0.0
SPX,2026-08-21,0,Put,6680.0,SPX260821P06680000,0.0,0.0,0.0,0.15,0.0,0.0,0.0,757.0,0.0,0.0,0.0,0.0,0.0,0.0,0.0,0.0,0.0,0.0,0.0500000007450581,no_change,2026-08-19T09:30:55,0.0,0.0
SPXW,2026-08-21,0,Put,6680.0,SPXW260821P06680000,0.0,0.05,0.025,0.05,0.0,0.0,0.0,256.0,0.0,0.0,0.0,0.0,0.0,0.0,0.0,0.0,0.0,0.0,0.025000000372529,no_change,2026-08-20T09:33:43,0.0,0.0
SPX,2026-08-21,0,Call,6690.0,SPX260821C06690000,0.0,0.0,0.0,1089.96,0.0,0.0,0.0,25.0,0.0,0.0,0.0,0.0,0.0,0.0,0.0,0.0,0.0,0.0,962.800018310547,no_change,2026-08-17T11:28:33,0.0,0.0
SPXW,2026-08-21,0,Call,6690.0,SPXW260821C06690000,976.0,994.4,985.2,1073.17,0.0,0.0,0.0,3.0,0.0,1.0,0.0,0.0,0.0,0.0,982.9738,0.0,0.0,0.0,963.800018310547,down,2026-08-17T13:24:28,0.0,0.0
SPX,2026-08-21,0,Put,6690.0,SPX260821P06690000,0.0,0.0,0.0,0.15,0.0,0.0,0.0,509.0,0.0,0.0,0.0,0.0,0.0,0.0,0.0,0.0,0.0,0.0,0.0500000007450581,no_change,2026-08-19T09:30:54,0.0,0.0
SPXW,2026-08-21,0,Put,6690.0,SPXW260821P06690000,0.0,0.05,0.025,0.05,0.0,0.0,0.0,157.0,0.0,0.0,0.0,0.0,0.0,0.0,0.0,0.0,0.0,0.0,0.025000000372529,no_change,2026-08-20T09:55:59,0.0,0.0
SPX,2026-08-21,0,Call,6695.0,SPX260821C06695000,0.0,0.0,0.0,844.92,0.0,0.0,0.0,3.0,0.0,0.0,0.0,0.0,0.0,0.0,0.0,0.0,0.0,0.0,957.800018310547,down,2026-07-09T10:26:40,0.0,0.0
SPX,2026-08-21,0,Put,6695.0,SPX260821P06695000,0.0,0.0,0.0,0.07,0.0,0.0,0.0,134.0,0.0,0.0,0.0,0.0,0.0,0.0,0.0,0.0,0.0,0.0,0.0500000007450581,down,2026-08-19T10:46:08,0.0,0.0
SPX,2026-08-21,0,Call,6700.0,SPX260821C06700000,0.0,0.0,0.0,1069.13,0.0,0.0,0.0,2317.0,0.0,0.0,0.0,0.0,0.0,0.0,0.0,0.0,0.0,0.0,952.75,no_change,2026-08-17T13:16:42,0.0,0.0
SPXW,2026-08-21,0,Call,6700.0,SPXW260821C06700000,967.2,983.8,975.5,974.92,21.12,2.2143,33.0,97.0,0.0,1.0,0.0,0.0,0.0,0.0,972.9738,991.54,991.54,974.92,953.800018310547,down,2026-08-21T14:06:47,0.0,0.0
SPX,2026-08-21,0,Put,6700.0,SPX260821P06700000,0.0,0.0,0.0,0.05,0.0,0.0,0.0,21327.0,0.0,0.0,0.0,0.0,0.0,0.0,0.0,0.0,0.0,0.0,0.025000000372529,no_change,2026-08-20T15:27:03,0.0,0.0
SPXW,2026-08-21,0,Put,6700.0,SPXW260821P06700000,0.0,0.05,0.025,0.05,0.0,0.0,0.0,3913.0,0.0,0.0,0.0,0.0,0.0,0.0,0.0,0.0,0.0,0.0,0.025000000372529,no_change,2026-08-20T15:49:16,0.0,0.0
SPX,2026-08-21,0,Call,6705.0,SPX260821C06705000,0.0,0.0,0.0,860.4,0.0,0.0,0.0,1.0,0.0,0.0,0.0,0.0,0.0,0.0,0.0,0.0,0.0,0.0,947.350006103516,up,2026-06-18T15:30:21,0.0,0.0
SPX,2026-08-21,0,Put,6705.0,SPX260821P06705000,0.0,0.0,0.0,0.15,0.0,0.0,0.0,154.0,0.0,0.0,0.0,0.0,0.0,0.0,0.0,0.0,0.0,0.0,0.0500000007450581,no_change,2026-08-19T09:30:53,0.0,0.0
SPX,2026-08-21,0,Call,6710.0,SPX260821C06710000,0.0,0.0,0.0,994.8,0.0,0.0,0.0,110.0,0.0,0.0,0.0,0.0,0.0,0.0,0.0,0.0,0.0,0.0,942.75,down,2026-06-02T11:16:44,0.0,0.0
SPXW,2026-08-21,0,Call,6710.0,SPXW260821C06710000,954.2,974.4,964.3,1055.43,0.0,0.0,0.0,2.0,0.0,1.0,0.0,0.0,0.0,0.0,962.9738,0.0,0.0,0.0,943.800018310547,down,2026-08-17T13:22:27,0.0,0.0
SPX,2026-08-21,0,Put,6710.0,SPX260821P06710000,0.0,0.0,0.0,0.15,0.0,0.0,0.0,360.0,0.0,0.0,0.0,0.0,0.0,0.0,0.0,0.0,0.0,0.0,0.0500000007450581,no_change,2026-08-19T09:30:55,0.0,0.0
SPXW,2026-08-21,0,Put,6710.0,SPXW260821P06710000,0.0,0.05,0.025,0.05,0.0,0.0,0.0,281.0,0.0,0.0,0.0,0.0,0.0,0.0,0.0,0.0,0.0,0.0,0.0500000007450581,no_change,2026-08-20T15:49:49,0.0,0.0
SPX,2026-08-21,0,Call,6715.0,SPX260821C06715000,0.0,0.0,0.0,0.0,0.0,0.0,0.0,11.0,0.0,0.0,0.0,0.0,0.0,0.0,0.0,0.0,0.0,0.0,937.900024414062,no_change,,0.0,0.0
SPX,2026-08-21,0,Put,6715.0,SPX260821P06715000,0.0,0.0,0.0,0.15,0.0,0.0,0.0,206.0,0.0,0.0,0.0,0.0,0.0,0.0,0.0,0.0,0.0,0.0,0.0500000007450581,no_change,2026-08-19T09:30:54,0.0,0.0
SPX,2026-08-21,0,Call,6720.0,SPX260821C06720000,0.0,0.0,0.0,277.1,0.0,0.0,0.0,45.0,0.0,0.0,0.0,0.0,0.0,0.0,0.0,0.0,0.0,0.0,933.300018310547,up,2026-04-02T14:51:58,0.0,0.0
SPXW,2026-08-21,0,Call,6720.0,SPXW260821C06720000,944.2,964.4,954.3,712.1,0.0,0.0,0.0,3.0,0.0,1.0,0.0,0.0,0.0,0.0,952.9738,0.0,0.0,0.0,934.0,up,2026-07-30T10:01:21,0.0,0.0
SPX,2026-08-21,0,Put,6720.0,SPX260821P06720000,0.0,0.0,0.0,0.15,0.0,0.0,0.0,261.0,0.0,0.0,0.0,0.0,0.0,0.0,0.0,0.0,0.0,0.0,0.0500000007450581,no_change,2026-08-19T09:30:54,0.0,0.0
SPXW,2026-08-21,0,Put,6720.0,SPXW260821P06720000,0.0,0.05,0.025,0.05,0.0,0.0,0.0,168.0,0.0,0.0,0.0,0.0,0.0,0.0,0.0,0.0,0.0,0.0,0.0500000007450581,no_change,2026-08-20T13:41:35,0.0,0.0
SPX,2026-08-21,0,Call,6725.0,SPX260821C06725000,0.0,0.0,0.0,950.3,0.0,0.0,0.0,1113.0,0.0,0.0,0.0,0.0,0.0,0.0,0.0,0.0,0.0,0.0,927.899993896484,down,2026-08-20T10:19:56,0.0,0.0
SPXW,2026-08-21,0,Call,6725.0,SPXW260821C06725000,941.5,958.1,949.8,952.4,23.45,2.52435,4.0,17.0,0.0,1.0,0.0,0.0,0.0,0.0,947.9738,952.4,952.4,952.4,928.950012207031,down,2026-08-21T11:16:42,0.0,0.0
SPX,2026-08-21,0,Put,6725.0,SPX260821P06725000,0.0,0.0,0.0,0.15,0.0,0.0,0.0,1872.0,0.0,0.0,0.0,0.0,0.0,0.0,0.0,0.0,0.0,0.0,0.0500000007450581,no_change,2026-08-19T09:30:54,0.0,0.0
SPXW,2026-08-21,0,Put,6725.0,SPXW260821P06725000,0.0,0.05,0.025,0.05,0.0,0.0,0.0,537.0,0.0,0.0,0.0,0.0,0.0,0.0,0.0,0.0,0.0,0.0,0.0500000007450581,no_change,2026-08-20T14:18:53,0.0,0.0
SPX,2026-08-21,0,Call,6730.0,SPX260821C06730000,0.0,0.0,0.0,721.8,0.0,0.0,0.0,14.0,0.0,0.0,0.0,0.0,0.0,0.0,0.0,0.0,0.0,0.0,922.25,down,2026-06-26T12:18:17,0.0,0.0
SPXW,2026-08-21,0,Call,6730.0,SPXW260821C06730000,934.2,954.4,944.3,1039.05,0.0,0.0,0.0,2.0,0.0,1.0,0.0,0.0,0.0,0.0,942.9738,0.0,0.0,0.0,923.950012207031,down,2026-08-17T13:17:05,0.0,0.0
SPX,2026-08-21,0,Put,6730.0,SPX260821P06730000,0.0,0.0,0.0,0.15,0.0,0.0,0.0,228.0,0.0,0.0,0.0,0.0,0.0,0.0,0.0,0.0,0.0,0.0,0.0500000007450581,no_change,2026-08-19T09:30:54,0.0,0.0
SPXW,2026-08-21,0,Put,6730.0,SPXW260821P06730000,0.0,0.05,0.025,0.05,0.0,0.0,0.0,259.0,0.0,0.0,0.0,0.0,0.0,0.0,0.0,0.0,0.0,0.0,0.0500000007450581,no_change,2026-08-20T15:51:33,0.0,0.0
SPX,2026-08-21,0,Call,6735.0,SPX260821C06735000,0.0,0.0,0.0,804.48,0.0,0.0,0.0,3.0,0.0,0.0,0.0,0.0,0.0,0.0,0.0,0.0,0.0,0.0,917.899993896484,no_change,2026-07-21T15:40:44,0.0,0.0
SPX,2026-08-21,0,Put,6735.0,SPX260821P06735000,0.0,0.0,0.0,0.15,0.0,0.0,0.0,371.0,0.0,0.0,0.0,0.0,0.0,0.0,0.0,0.0,0.0,0.0,0.0500000007450581,no_change,2026-08-19T09:30:57,0.0,0.0
SPX,2026-08-21,0,Call,6740.0,SPX260821C06740000,0.0,0.0,0.0,1039.96,0.0,0.0,0.0,67.0,0.0,0.0,0.0,0.0,0.0,0.0,0.0,0.0,0.0,0.0,912.150024414062,no_change,2026-08-17T11:28:33,0.0,0.0
SPXW,2026-08-21,0,Call,6740.0,SPXW260821C06740000,926.0,944.4,935.2,708.4,0.0,0.0,0.0,176.0,0.0,1.0,0.0,0.0,0.0,0.0,932.9738,0.0,0.0,0.0,913.950012207031,up,2026-07-30T14:57:04,0.0,0.0
SPX,2026-08-21,0,Put,6740.0,SPX260821P06740000,0.0,0.0,0.0,0.15,0.0,0.0,0.0,404.0,0.0,0.0,0.0,0.0,0.0,0.0,0.0,0.0,0.0,0.0,0.0500000007450581,no_change,2026-08-19T09:30:55,0.0,0.0
SPXW,2026-08-21,0,Put,6740.0,SPXW260821P06740000,0.0,0.05,0.025,0.05,0.0,0.0,0.0,2223.0,0.0,0.0,0.0,0.0,0.0,0.0,0.0,0.0,0.0,0.0,0.0500000007450581,no_change,2026-08-20T13:54:40,0.0,0.0
SPX,2026-08-21,0,Call,6745.0,SPX260821C06745000,0.0,0.0,0.0,844.13,0.0,0.0,0.0,4.0,0.0,0.0,0.0,0.0,0.0,0.0,0.0,0.0,0.0,0.0,907.800018310547,down,2026-07-14T14:20:44,0.0,0.0
SPX,2026-08-21,0,Put,6745.0,SPX260821P06745000,0.0,0.0,0.0,0.15,0.0,0.0,0.0,145.0,0.0,0.0,0.0,0.0,0.0,0.0,0.0,0.0,0.0,0.0,0.0500000007450581,no_change,2026-08-19T09:30:55,0.0,0.0
SPX,2026-08-21,0,Call,6750.0,SPX260821C06750000,0.0,0.0,0.0,1010.24,0.0,0.0,0.0,1532.0,0.0,0.0,0.0,0.0,0.0,0.0,0.0,0.0,0.0,0.0,902.799987792969,up,2026-08-10T09:34:09,0.0,0.0
SPXW,2026-08-21,0,Call,6750.0,SPXW260821C06750000,915.9,934.4,925.15,1020.25,0.0,0.0,0.0,66.0,0.0,1.0,0.0,0.0,0.0,0.0,922.9738,0.0,0.0,0.0,903.75,down,2026-08-17T13:13:01,0.0,0.0
SPX,2026-08-21,0,Put,6750.0,SPX260821P06750000,0.0,0.0,0.0,0.05,0.0,0.0,0.0,6550.0,0.0,0.0,0.0,0.0,0.0,0.0,0.0,0.0,0.0,0.0,0.0500000007450581,no_change,2026-08-20T15:57:56,0.0,0.0
SPXW,2026-08-21,0,Put,6750.0,SPXW260821P06750000,0.0,0.05,0.025,0.05,0.0,0.0,0.0,537.0,0.0,0.0,0.0,0.0,0.0,0.0,0.0,0.0,0.0,0.0,0.0500000007450581,no_change,2026-08-20T15:52:15,0.0,0.0
SPX,2026-08-21,0,Call,6755.0,SPX260821C06755000,0.0,0.0,0.0,812.3,0.0,0.0,0.0,6.0,0.0,0.0,0.0,0.0,0.0,0.0,0.0,0.0,0.0,0.0,897.350006103516,up,2026-07-16T14:57:01,0.0,0.0
SPX,2026-08-21,0,Put,6755.0,SPX260821P06755000,0.0,0.0,0.0,0.15,0.0,0.0,0.0,254.0,0.0,0.0,0.0,0.0,0.0,0.0,0.0,0.0,0.0,0.0,0.0500000007450581,no_change,2026-08-19T09:30:54,0.0,0.0
SPX,2026-08-21,0,Call,6760.0,SPX260821C06760000,0.0,0.0,0.0,570.1,0.0,0.0,0.0,34.0,0.0,0.0,0.0,0.0,0.0,0.0,0.0,0.0,0.0,0.0,892.799987792969,down,2026-04-24T09:56:23,0.0,0.0
SPXW,2026-08-21,0,Call,6760.0,SPXW260821C06760000,906.0,924.4,915.2,1018.37,0.0,0.0,0.0,1.0,0.0,1.0,0.0,0.0,0.0,0.0,912.9738,0.0,0.0,0.0,893.850006103516,down,2026-08-17T09:59:13,0.0,0.0
SPX,2026-08-21,0,Put,6760.0,SPX260821P06760000,0.0,0.0,0.0,0.15,0.0,0.0,0.0,409.0,0.0,0.0,0.0,0.0,0.0,0.0,0.0,0.0,0.0,0.0,0.0500000007450581,no_change,2026-08-19T09:30:56,0.0,0.0
SPXW,2026-08-21,0,Put,6760.0,SPXW260821P06760000,0.0,0.05,0.025,0.05,0.0,0.0,0.0,89.0,0.0,0.0,0.0,0.0,0.0,0.0,0.0,0.0,0.0,0.0,0.0500000007450581,no_change,2026-08-20T14:37:05,0.0,0.0
SPX,2026-08-21,0,Call,6765.0,SPX260821C06765000,0.0,0.0,0.0,0.0,0.0,0.0,0.0,0.0,0.0,0.0,0.0,0.0,0.0,0.0,0.0,0.0,0.0,0.0,887.350006103516,no_change,,0.0,0.0
SPX,2026-08-21,0,Put,6765.0,SPX260821P06765000,0.0,0.0,0.0,0.15,0.0,0.0,0.0,264.0,0.0,0.0,0.0,0.0,0.0,0.0,0.0,0.0,0.0,0.0,0.0500000007450581,no_change,2026-08-19T09:30:55,0.0,0.0
SPX,2026-08-21,0,Call,6770.0,SPX260821C06770000,0.0,0.0,0.0,1010.0,0.0,0.0,0.0,21.0,0.0,0.0,0.0,0.0,0.0,0.0,0.0,0.0,0.0,0.0,882.799987792969,up,2026-08-13T11:36:37,0.0,0.0
SPXW,2026-08-21,0,Call,6770.0,SPXW260821C06770000,894.2,914.4,904.3,1034.32,0.0,0.0,0.0,1.0,0.0,1.0,0.0,0.0,0.0,0.0,902.9738,0.0,0.0,0.0,883.799987792969,down,2026-08-13T10:55:08,0.0,0.0
SPX,2026-08-21,0,Put,6770.0,SPX260821P06770000,0.0,0.0,0.0,0.15,0.0,0.0,0.0,530.0,0.0,0.0,0.0,0.0,0.0,0.0,0.0,0.0,0.0,0.0,0.0500000007450581,no_change,2026-08-19T09:30:55,0.0,0.0
SPXW,2026-08-21,0,Put,6770.0,SPXW260821P06770000,0.0,0.05,0.025,0.03,-0.02,-40.0,1.0,271.0,0.0,0.0,0.0,0.0,0.0,0.0,0.0,0.03,0.03,0.03,0.0500000007450581,no_change,2026-08-21T09:44:16,0.0,0.0
SPX,2026-08-21,0,Call,6775.0,SPX260821C06775000,0.0,0.0,0.0,747.0,0.0,0.0,0.0,720.0,0.0,0.0,0.0,0.0,0.0,0.0,0.0,0.0,0.0,0.0,877.25,up,2026-05-12T10:42:39,0.0,0.0
SPXW,2026-08-21,0,Call,6775.0,SPXW260821C06775000,890.8,909.4,900.0999999999999,901.89,22.64,2.57492,4.0,30.0,0.0,1.0,0.0,0.0,0.0,0.0,897.9738,901.89,901.89,901.89,879.25,no_change,2026-08-21T11:18:37,0.0,0.0
SPX,2026-08-21,0,Put,6775.0,SPX260821P06775000,0.0,0.0,0.0,0.2,0.0,0.0,0.0,1578.0,0.0,0.0,0.0,0.0,0.0,0.0,0.0,0.0,0.0,0.0,0.025000000372529,no_change,2026-08-19T09:30:56,0.0,0.0
SPXW,2026-08-21,0,Put,6775.0,SPXW260821P06775000,0.0,0.05,0.025,0.03,-0.02,-40.0,1.0,477.0,0.0,0.0,0.0,0.0,0.0,0.0,0.0,0.03,0.03,0.03,0.0500000007450581,down,2026-08-21T09:44:16,0.0,0.0
SPX,2026-08-21,0,Call,6780.0,SPX260821C06780000,0.0,0.0,0.0,492.9,0.0,0.0,0.0,92.0,0.0,0.0,0.0,0.0,0.0,0.0,0.0,0.0,0.0,0.0,872.299987792969,down,2026-04-16T13:57:33,0.0,0.0
SPXW,2026-08-21,0,Call,6780.0,SPXW260821C06780000,884.2,904.4,894.3,0.0,0.0,0.0,0.0,0.0,0.0,1.0,0.0,0.0,0.0,0.0,892.9738,0.0,0.0,0.0,874.0,no_change,,0.0,0.0
SPX,2026-08-21,0,Put,6780.0,SPX260821P06780000,0.0,0.0,0.0,0.15,0.0,0.0,0.0,342.0,0.0,0.0,0.0,0.0,0.0,0.0,0.0,0.0,0.0,0.0,0.025000000372529,no_change,2026-08-19T09:30:54,0.0,0.0
SPXW,2026-08-21,0,Put,6780.0,SPXW260821P06780000,0.0,0.05,0.025,0.03,0.0,0.0,0.0,246.0,0.0,0.0,0.0,0.0,0.0,0.0,0.0,0.0,0.0,0.0,0.0500000007450581,no_change,2026-08-20T14:00:16,0.0,0.0
SPX,2026-08-21,0,Call,6785.0,SPX260821C06785000,0.0,0.0,0.0,0.0,0.0,0.0,0.0,0.0,0.0,0.0,0.0,0.0,0.0,0.0,0.0,0.0,0.0,0.0,867.450012207031,no_change,,0.0,0.0
SPX,2026-08-21,0,Put,6785.0,SPX260821P06785000,0.0,0.0,0.0,0.2,0.0,0.0,0.0,226.0,0.0,0.0,0.0,0.0,0.0,0.0,0.0,0.0,0.0,0.0,0.0500000007450581,no_change,2026-08-19T09:30:55,0.0,0.0
SPX,2026-08-21,0,Call,6790.0,SPX260821C06790000,0.0,0.0,0.0,426.2,0.0,0.0,0.0,63.0,0.0,0.0,0.0,0.0,0.0,0.0,0.0,0.0,0.0,0.0,862.299987792969,no_change,2026-04-14T12:26:02,0.0,0.0
SPXW,2026-08-21,0,Call,6790.0,SPXW260821C06790000,875.8,894.4,885.0999999999999,989.53,0.0,0.0,0.0,1.0,0.0,1.0,0.0,0.0,0.0,0.0,882.9738,0.0,0.0,0.0,863.75,down,2026-08-17T09:56:38,0.0,0.0
SPX,2026-08-21,0,Put,6790.0,SPX260821P06790000,0.0,0.0,0.0,0.1,0.0,0.0,0.0,191.0,0.0,0.0,0.0,0.0,0.0,0.0,0.0,0.0,0.0,0.0,0.0500000007450581,no_change,2026-08-19T15:40:35,0.0,0.0
SPXW,2026-08-21,0,Put,6790.0,SPXW260821P06790000,0.0,0.05,0.025,0.05,0.0,0.0,0.0,258.0,0.0,0.0,0.0,0.0,0.0,0.0,0.0,0.0,0.0,0.0,0.025000000372529,no_change,2026-08-20T15:47:12,0.0,0.0
SPX,2026-08-21,0,Call,6795.0,SPX260821C06795000,0.0,0.0,0.0,634.51,0.0,0.0,0.0,8.0,0.0,0.0,0.0,0.0,0.0,0.0,0.0,0.0,0.0,0.0,857.450012207031,down,2026-07-28T10:01:20,0.0,0.0
SPX,2026-08-21,0,Put,6795.0,SPX260821P06795000,0.0,0.0,0.0,0.1,0.0,0.0,0.0,424.0,0.0,0.0,0.0,0.0,0.0,0.0,0.0,0.0,0.0,0.0,0.0500000007450581,down,2026-08-19T15:40:47,0.0,0.0
SPX,2026-08-21,0,Call,6800.0,SPX260821C06800000,0.0,0.0,0.0,925.87,0.0,0.0,0.0,4257.0,0.0,0.0,0.0,0.0,0.0,0.0,0.0,0.0,0.0,0.0,852.299987792969,down,2026-08-19T11:45:32,0.0,0.0
SPXW,2026-08-21,0,Call,6800.0,SPXW260821C06800000,865.8,884.4,875.0999999999999,866.79,13.29,1.55712,1.0,53.0,0.0,1.0,0.0,0.0,0.0,0.0,872.9738,866.79,866.79,866.79,853.5,down,2026-08-21T10:19:51,0.0,0.0
SPX,2026-08-21,0,Put,6800.0,SPX260821P06800000,0.0,0.0,0.0,0.05,0.0,0.0,0.0,11494.0,0.0,0.0,0.0,0.0,0.0,0.0,0.0,0.0,0.0,0.0,0.025000000372529,no_change,2026-08-20T14:28:04,0.0,0.0
SPXW,2026-08-21,0,Put,6800.0,SPXW260821P06800000,0.0,0.05,0.025,0.03,0.0,0.0,0.0,2426.0,0.0,0.0,0.0,0.0,0.0,0.0,0.0,0.0,0.0,0.0,0.025000000372529,no_change,2026-08-20T16:03:06,0.0,0.0
SPX,2026-08-21,0,Call,6805.0,SPX260821C06805000,0.0,0.0,0.0,796.59,0.0,0.0,0.0,4.0,0.0,0.0,0.0,0.0,0.0,0.0,0.0,0.0,0.0,0.0,847.350006103516,up,2026-07-15T10:41:57,0.0,0.0
SPX,2026-08-21,0,Put,6805.0,SPX260821P06805000,0.0,0.0,0.0,0.2,0.0,0.0,0.0,250.0,0.0,0.0,0.0,0.0,0.0,0.0,0.0,0.0,0.0,0.0,0.0500000007450581,no_change,2026-08-19T09:30:56,0.0,0.0
SPX,2026-08-21,0,Call,6810.0,SPX260821C06810000,0.0,0.0,0.0,558.1,0.0,0.0,0.0,21.0,0.0,0.0,0.0,0.0,0.0,0.0,0.0,0.0,0.0,0.0,842.850006103516,up,2026-07-29T15:50:55,0.0,0.0
SPXW,2026-08-21,0,Call,6810.0,SPXW260821C06810000,856.0,874.4,865.2,971.4,0.0,0.0,0.0,0.0,0.0,1.0,0.0,0.0,0.0,0.0,862.9738,0.0,0.0,0.0,843.5,up,2026-08-17T09:55:08,0.0,0.0
SPX,2026-08-21,0,Put,6810.0,SPX260821P06810000,0.0,0.0,0.0,0.1,0.0,0.0,0.0,656.0,0.0,0.0,0.0,0.0,0.0,0.0,0.0,0.0,0.0,0.0,0.0500000007450581,down,2026-08-19T15:38:12,0.0,0.0
SPXW,2026-08-21,0,Put,6810.0,SPXW260821P06810000,0.0,0.05,0.025,0.05,0.0,0.0,0.0,160.0,0.0,0.0,0.0,0.0,0.0,0.0,0.0,0.0,0.0,0.0,0.0500000007450581,no_change,2026-08-20T14:58:19,0.0,0.0
SPX,2026-08-21,0,Call,6815.0,SPX260821C06815000,0.0,0.0,0.0,752.97,0.0,0.0,0.0,1.0,0.0,0.0,0.0,0.0,0.0,0.0,0.0,0.0,0.0,0.0,837.850006103516,up,2026-06-18T11:42:19,0.0,0.0
SPX,2026-08-21,0,Put,6815.0,SPX260821P06815000,0.0,0.0,0.0,0.1,0.0,0.0,0.0,496.0,0.0,0.0,0.0,0.0,0.0,0.0,0.0,0.0,0.0,0.0,0.0500000007450581,no_change,2026-08-19T15:22:38,0.0,0.0
SPX,2026-08-21,0,Call,6820.0,SPX260821C06820000,0.0,0.0,0.0,900.2,0.0,0.0,0.0,24.0,0.0,0.0,0.0,0.0,0.0,0.0,0.0,0.0,0.0,0.0,832.950012207031,up,2026-08-19T10:05:08,0.0,0.0
SPXW,2026-08-21,0,Call,6820.0,SPXW260821C06820000,843.8,864.4,854.0999999999999,0.0,0.0,0.0,0.0,0.0,0.0,1.0,0.0,0.0,0.0,0.0,852.9738,0.0,0.0,0.0,833.649993896484,no_change,,0.0,0.0
SPX,2026-08-21,0,Put,6820.0,SPX260821P06820000,0.0,0.0,0.0,0.1,0.0,0.0,0.0,633.0,0.0,0.0,0.0,0.0,0.0,0.0,0.0,0.0,0.0,0.0,0.0500000007450581,no_change,2026-08-19T15:50:40,0.0,0.0
SPXW,2026-08-21,0,Put,6820.0,SPXW260821P06820000,0.0,0.05,0.025,0.1,0.0,0.0,0.0,280.0,0.0,0.0,0.0,0.0,0.0,0.0,0.0,0.0,0.0,0.0,0.0500000007450581,no_change,2026-08-19T15:54:10,0.0,0.0
SPX,2026-08-21,0,Call,6825.0,SPX260821C06825000,0.0,0.0,0.0,643.61,0.0,0.0,0.0,419.0,0.0,0.0,0.0,0.0,0.0,0.0,0.0,0.0,0.0,0.0,827.900024414062,up,2026-06-29T10:05:56,0.0,0.0
SPXW,2026-08-21,0,Call,6825.0,SPXW260821C06825000,842.2,858.8,850.5,848.23,19.53,2.35671,1.0,42.0,0.0,1.0,0.0,0.0,0.0,0.0,847.9738,848.23,848.23,848.23,828.699981689453,down,2026-08-21T14:08:19,0.0,0.0
SPX,2026-08-21,0,Put,6825.0,SPX260821P06825000,0.0,0.0,0.0,0.1,0.0,0.0,0.0,5059.0,0.0,0.0,0.0,0.0,0.0,0.0,0.0,0.0,0.0,0.0,0.025000000372529,down,2026-08-19T15:22:34,0.0,0.0
SPXW,2026-08-21,0,Put,6825.0,SPXW260821P06825000,0.0,0.05,0.025,0.05,0.0,0.0,0.0,292.0,0.0,0.0,0.0,0.0,0.0,0.0,0.0,0.0,0.0,0.0,0.0500000007450581,no_change,2026-08-20T15:56:04,0.0,0.0
SPX,2026-08-21,0,Call,6830.0,SPX260821C06830000,0.0,0.0,0.0,879.75,0.0,0.0,0.0,21.0,0.0,0.0,0.0,0.0,0.0,0.0,0.0,0.0,0.0,0.0,822.650024414062,up,2026-08-19T09:50:43,0.0,0.0
SPXW,2026-08-21,0,Call,6830.0,SPXW260821C06830000,833.8,854.4,844.0999999999999,0.0,0.0,0.0,0.0,0.0,0.0,1.0,0.0,0.0,0.0,0.0,842.9738,0.0,0.0,0.0,823.699981689453,no_change,,0.0,0.0
SPX,2026-08-21,0,Put,6830.0,SPX260821P06830000,0.0,0.0,0.0,0.05,0.0,0.0,0.0,1003.0,0.0,0.0,0.0,0.0,0.0,0.0,0.0,0.0,0.0,0.0,0.0500000007450581,down,2026-08-20T15:51:20,0.0,0.0
SPXW,2026-08-21,0,Put,6830.0,SPXW260821P06830000,0.0,0.05,0.025,0.05,0.0,0.0,0.0,398.0,0.0,0.0,0.0,0.0,0.0,0.0,0.0,0.0,0.0,0.0,0.0500000007450581,no_change,2026-08-20T15:59:07,0.0,0.0
SPX,2026-08-21,0,Call,6835.0,SPX260821C06835000,0.0,0.0,0.0,672.66,0.0,0.0,0.0,4.0,0.0,0.0,0.0,0.0,0.0,0.0,0.0,0.0,0.0,0.0,819.100006103516,down,2026-07-02T15:19:22,0.0,0.0
SPX,2026-08-21,0,Put,6835.0,SPX260821P06835000,0.0,0.0,0.0,0.05,0.0,0.0,0.0,503.0,0.0,0.0,0.0,0.0,0.0,0.0,0.0,0.0,0.0,0.0,0.0500000007450581,no_change,2026-08-19T15:35:23,0.0,0.0
SPX,2026-08-21,0,Call,6840.0,SPX260821C06840000,0.0,0.0,0.0,869.75,0.0,0.0,0.0,47.0,0.0,0.0,0.0,0.0,0.0,0.0,0.0,0.0,0.0,0.0,812.899993896484,up,2026-08-19T09:50:43,0.0,0.0
SPXW,2026-08-21,0,Call,6840.0,SPXW260821C06840000,822.7,844.4,833.55,939.71,0.0,0.0,0.0,0.0,0.0,1.0,0.0,0.0,0.0,0.0,832.9738,0.0,0.0,0.0,813.600006103516,down,2026-08-17T11:29:00,0.0,0.0
SPX,2026-08-21,0,Put,6840.0,SPX260821P06840000,0.0,0.0,0.0,0.2,0.0,0.0,0.0,281.0,0.0,0.0,0.0,0.0,0.0,0.0,0.0,0.0,0.0,0.0,0.0500000007450581,no_change,2026-08-19T09:30:53,0.0,0.0
SPXW,2026-08-21,0,Put,6840.0,SPXW260821P06840000,0.0,0.05,0.025,0.03,-0.02,-40.0,1.0,325.0,0.0,0.0,0.0,0.0,0.0,0.0,0.0,0.03,0.03,0.03,0.0500000007450581,down,2026-08-21T09:42:19,0.0,0.0
SPX,2026-08-21,0,Call,6845.0,SPX260821C06845000,0.0,0.0,0.0,769.8,0.0,0.0,0.0,105.0,0.0,0.0,0.0,0.0,0.0,0.0,0.0,0.0,0.0,0.0,809.200012207031,no_change,2026-08-03T15:43:02,0.0,0.0
SPXW,2026-08-21,0,Call,6845.0,SPXW260821C06845000,817.6,839.4,828.5,0.0,0.0,0.0,0.0,0.0,0.0,1.0,0.0,0.0,0.0,0.0,827.9738,0.0,0.0,0.0,808.549987792969,no_change,,0.0,0.0
SPX,2026-08-21,0,Put,6845.0,SPX260821P06845000,0.0,0.0,0.0,0.2,0.0,0.0,0.0,1656.0,0.0,0.0,0.0,0.0,0.0,0.0,0.0,0.0,0.0,0.0,0.0500000007450581,no_change,2026-08-19T09:30:56,0.0,0.0
SPXW,2026-08-21,0,Put,6845.0,SPXW260821P06845000,0.0,0.05,0.025,0.03,-0.02,-40.0,1.0,362.0,0.0,0.0,0.0,0.0,0.0,0.0,0.0,0.03,0.03,0.03,0.0500000007450581,down,2026-08-21T09:42:19,0.0,0.0
SPX,2026-08-21,0,Call,6850.0,SPX260821C06850000,0.0,0.0,0.0,804.48,0.0,0.0,0.0,1964.0,0.0,0.0,0.0,0.0,0.0,0.0,0.0,0.0,0.0,0.0,802.450012207031,down,2026-08-20T14:34:50,0.0,0.0
SPXW,2026-08-21,0,Call,6850.0,SPXW260821C06850000,817.2,833.8,825.5,929.78,0.0,0.0,0.0,47.0,0.0,1.0,0.0,0.0,0.0,0.0,822.9738,0.0,0.0,0.0,803.549987792969,up,2026-08-17T11:29:00,0.0,0.0
SPX,2026-08-21,0,Put,6850.0,SPX260821P06850000,0.0,0.0,0.0,0.05,0.0,0.0,0.0,11792.0,0.0,0.0,0.0,0.0,0.0,0.0,0.0,0.0,0.0,0.0,0.025000000372529,no_change,2026-08-20T16:07:34,0.0,0.0
SPXW,2026-08-21,0,Put,6850.0,SPXW260821P06850000,0.0,0.05,0.025,0.05,0.0,0.0,0.0,799.0,0.0,0.0,0.0,0.0,0.0,0.0,0.0,0.0,0.0,0.0,0.0750000011175871,no_change,2026-08-20T15:18:47,0.0,0.0
SPX,2026-08-21,0,Call,6855.0,SPX260821C06855000,0.0,0.0,0.0,690.13,0.0,0.0,0.0,5.0,0.0,0.0,0.0,0.0,0.0,0.0,0.0,0.0,0.0,0.0,799.300018310547,up,2026-07-21T14:50:59,0.0,0.0
SPXW,2026-08-21,0,Call,6855.0,SPXW260821C06855000,807.6,829.4,818.5,925.77,0.0,0.0,0.0,1.0,0.0,1.0,0.0,0.0,0.0,0.0,817.9738,0.0,0.0,0.0,798.699981689453,up,2026-08-14T13:52:42,0.0,0.0
SPX,2026-08-21,0,Put,6855.0,SPX260821P06855000,0.0,0.0,0.0,0.1,0.0,0.0,0.0,283.0,0.0,0.0,0.0,0.0,0.0,0.0,0.0,0.0,0.0,0.0,0.0500000007450581,down,2026-08-19T14:39:01,0.0,0.0
SPXW,2026-08-21,0,Put,6855.0,SPXW260821P06855000,0.0,0.05,0.025,0.05,0.0,0.0,0.0,251.0,0.0,0.0,0.0,0.0,0.0,0.0,0.0,0.0,0.0,0.0,0.0500000007450581,no_change,2026-08-20T16:00:56,0.0,0.0
SPX,2026-08-21,0,Call,6860.0,SPX260821C06860000,0.0,0.0,0.0,585.2,0.0,0.0,0.0,40.0,0.0,0.0,0.0,0.0,0.0,0.0,0.0,0.0,0.0,0.0,792.950012207031,down,2026-06-26T15:23:30,0.0,0.0
SPXW,2026-08-21,0,Call,6860.0,SPXW260821C06860000,802.7,824.4,813.55,873.7,0.0,0.0,0.0,1.0,0.0,1.0,0.0,0.0,0.0,0.0,812.9738,0.0,0.0,0.0,793.549987792969,down,2026-08-19T11:33:18,0.0,0.0
SPX,2026-08-21,0,Put,6860.0,SPX260821P06860000,0.0,0.0,0.0,0.1,0.0,0.0,0.0,564.0,0.0,0.0,0.0,0.0,0.0,0.0,0.0,0.0,0.0,0.0,0.0500000007450581,down,2026-08-19T15:50:40,0.0,0.0
SPXW,2026-08-21,0,Put,6860.0,SPXW260821P06860000,0.0,0.05,0.025,0.05,0.0,0.0,0.0,311.0,0.0,0.0,0.0,0.0,0.0,0.0,0.0,0.0,0.0,0.0,0.0500000007450581,down,2026-08-20T15:23:03,0.0,0.0
SPX,2026-08-21,0,Call,6865.0,SPX260821C06865000,0.0,0.0,0.0,0.0,0.0,0.0,0.0,0.0,0.0,0.0,0.0,0.0,0.0,0.0,0.0,0.0,0.0,0.0,789.149993896484,no_change,,0.0,0.0
SPXW,2026-08-21,0,Call,6865.0,SPXW260821C06865000,797.6,819.4,808.5,0.0,0.0,0.0,0.0,0.0,0.0,1.0,0.0,0.0,0.0,0.0,807.9738,0.0,0.0,0.0,788.699981689453,no_change,,0.0,0.0
SPX,2026-08-21,0,Put,6865.0,SPX260821P06865000,0.0,0.0,0.0,0.2,0.0,0.0,0.0,577.0,0.0,0.0,0.0,0.0,0.0,0.0,0.0,0.0,0.0,0.0,0.0500000007450581,no_change,2026-08-19T09:30:57,0.0,0.0
SPXW,2026-08-21,0,Put,6865.0,SPXW260821P06865000,0.0,0.05,0.025,0.1,0.0,0.0,0.0,35.0,0.0,0.0,0.0,0.0,0.0,0.0,0.0,0.0,0.0,0.0,0.0750000011175871,no_change,2026-08-19T15:58:43,0.0,0.0
SPX,2026-08-21,0,Call,6870.0,SPX260821C06870000,0.0,0.0,0.0,828.7,0.0,0.0,0.0,65.0,0.0,0.0,0.0,0.0,0.0,0.0,0.0,0.0,0.0,0.0,782.399993896484,down,2026-08-20T11:02:48,0.0,0.0
SPXW,2026-08-21,0,Call,6870.0,SPXW260821C06870000,795.5,814.4,804.95,910.72,0.0,0.0,0.0,10.0,0.0,1.0,0.0,0.0,0.0,0.0,802.9738,0.0,0.0,0.0,783.549987792969,down,2026-08-14T13:49:00,0.0,0.0
SPX,2026-08-21,0,Put,6870.0,SPX260821P06870000,0.0,0.0,0.0,0.1,0.0,0.0,0.0,606.0,0.0,0.0,0.0,0.0,0.0,0.0,0.0,0.0,0.0,0.0,0.0500000007450581,no_change,2026-08-19T15:50:07,0.0,0.0
SPXW,2026-08-21,0,Put,6870.0,SPXW260821P06870000,0.0,0.05,0.025,0.2,0.0,0.0,0.0,60.0,0.0,0.0,0.0,0.0,0.0,0.0,0.0,0.0,0.0,0.0,0.0750000011175871,down,2026-08-14T15:46:55,0.0,0.0
SPX,2026-08-21,0,Call,6875.0,SPX260821C06875000,0.0,0.0,0.0,640.2,0.0,0.0,0.0,1605.0,0.0,0.0,0.0,0.0,0.0,0.0,0.0,0.0,0.0,0.0,777.75,up,2026-06-29T15:01:11,0.0,0.0
SPXW,2026-08-21,0,Call,6875.0,SPXW260821C06875000,790.3,809.4,799.8499999999999,880.49,0.0,0.0,0.0,51.0,0.0,1.0,0.0,0.0,0.0,0.0,797.9738,0.0,0.0,0.0,778.549987792969,down,2026-08-12T13:34:42,0.0,0.0
SPX,2026-08-21,0,Put,6875.0,SPX260821P06875000,0.0,0.0,0.0,0.1,0.0,0.0,0.0,3395.0,0.0,0.0,0.0,0.0,0.0,0.0,0.0,0.0,0.0,0.0,0.0500000007450581,down,2026-08-19T15:54:08,0.0,0.0
SPXW,2026-08-21,0,Put,6875.0,SPXW260821P06875000,0.0,0.05,0.025,0.05,-0.025,-33.3333,1.0,340.0,0.0,0.0,0.0,0.0,0.0,0.0,0.0,0.05,0.05,0.05,0.0750000011175871,up,2026-08-21T15:47:15,0.0,0.0
SPX,2026-08-21,0,Call,6880.0,SPX260821C06880000,0.0,0.0,0.0,807.17,0.0,0.0,0.0,17.0,0.0,0.0,0.0,0.0,0.0,0.0,0.0,0.0,0.0,0.0,772.899993896484,down,2026-08-20T10:38:03,0.0,0.0
SPXW,2026-08-21,0,Call,6880.0,SPXW260821C06880000,783.3,804.4,793.8499999999999,0.0,0.0,0.0,0.0,275.0,0.0,1.0,0.0,0.0,0.0,0.0,792.9738,0.0,0.0,0.0,772.450012207031,no_change,,0.0,0.0
SPX,2026-08-21,0,Put,6880.0,SPX260821P06880000,0.0,0.0,0.0,0.1,0.0,0.0,0.0,889.0,0.0,0.0,0.0,0.0,0.0,0.0,0.0,0.0,0.0,0.0,0.0500000007450581,down,2026-08-19T15:48:37,0.0,0.0
SPXW,2026-08-21,0,Put,6880.0,SPXW260821P06880000,0.0,0.05,0.025,0.05,0.0,0.0,0.0,322.0,0.0,0.0,0.0,0.0,0.0,0.0,0.0,0.0,0.0,0.0,0.0750000011175871,down,2026-08-20T14:13:20,0.0,0.0
SPX,2026-08-21,0,Call,6885.0,SPX260821C06885000,0.0,0.0,0.0,652.51,0.0,0.0,0.0,8.0,0.0,0.0,0.0,0.0,0.0,0.0,0.0,0.0,0.0,0.0,768.350006103516,down,2026-07-17T10:41:43,0.0,0.0
SPXW,2026-08-21,0,Call,6885.0,SPXW260821C06885000,777.6,799.4,788.5,900.6,0.0,0.0,0.0,1.0,0.0,1.0,0.0,0.0,0.0,0.0,787.9738,0.0,0.0,0.0,768.649993896484,down,2026-08-14T12:51:14,0.0,0.0
SPX,2026-08-21,0,Put,6885.0,SPX260821P06885000,0.0,0.0,0.0,0.2,0.0,0.0,0.0,304.0,0.0,0.0,0.0,0.0,0.0,0.0,0.0,0.0,0.0,0.0,0.0500000007450581,no_change,2026-08-19T09:48:51,0.0,0.0
SPXW,2026-08-21,0,Put,6885.0,SPXW260821P06885000,0.0,0.05,0.025,0.03,-0.045,-60.0,2.0,75.0,0.0,0.0,0.0,0.0,0.0,0.0,0.0,0.03,0.03,0.03,0.0750000011175871,no_change,2026-08-21T09:59:45,0.0,0.0
SPX,2026-08-21,0,Call,6890.0,SPX260821C06890000,0.0,0.0,0.0,705.98,0.0,0.0,0.0,21.0,0.0,0.0,0.0,0.0,0.0,0.0,0.0,0.0,0.0,0.0,762.850006103516,up,2026-07-02T10:13:14,0.0,0.0
SPXW,2026-08-21,0,Call,6890.0,SPXW260821C06890000,772.7,794.4,783.55,864.12,0.0,0.0,0.0,21.0,0.0,1.0,0.0,0.0,0.0,0.0,782.9738,0.0,0.0,0.0,763.449981689453,up,2026-08-04T13:41:32,0.0,0.0
SPX,2026-08-21,0,Put,6890.0,SPX260821P06890000,0.0,0.0,0.0,0.1,0.0,0.0,0.0,663.0,0.0,0.0,0.0,0.0,0.0,0.0,0.0,0.0,0.0,0.0,0.0500000007450581,no_change,2026-08-19T12:04:11,0.0,0.0
SPXW,2026-08-21,0,Put,6890.0,SPXW260821P06890000,0.0,0.05,0.025,0.05,0.0,0.0,0.0,350.0,0.0,0.0,0.0,0.0,0.0,0.0,0.0,0.0,0.0,0.0,0.0750000011175871,no_change,2026-08-20T16:02:35,0.0,0.0
SPX,2026-08-21,0,Call,6895.0,SPX260821C06895000,0.0,0.0,0.0,547.6,0.0,0.0,0.0,5.0,0.0,0.0,0.0,0.0,0.0,0.0,0.0,0.0,0.0,0.0,757.899993896484,no_change,2026-06-26T09:59:34,0.0,0.0
SPXW,2026-08-21,0,Call,6895.0,SPXW260821C06895000,767.6,789.4,778.5,0.0,0.0,0.0,0.0,0.0,0.0,1.0,0.0,0.0,0.0,0.0,777.9738,0.0,0.0,0.0,758.699981689453,no_change,,0.0,0.0
SPX,2026-08-21,0,Put,6895.0,SPX260821P06895000,0.0,0.0,0.0,0.1,0.0,0.0,0.0,677.0,0.0,0.0,0.0,0.0,0.0,0.0,0.0,0.0,0.0,0.0,0.0500000007450581,down,2026-08-19T15:41:12,0.0,0.0
SPXW,2026-08-21,0,Put,6895.0,SPXW260821P06895000,0.0,0.05,0.025,0.19,0.0,0.0,0.0,507.0,0.0,0.0,0.0,0.0,0.0,0.0,0.0,0.0,0.0,0.0,0.0750000011175871,up,2026-08-17T15:33:20,0.0,0.0
SPX,2026-08-21,0,Call,6900.0,SPX260821C06900000,0.0,0.0,0.0,757.0,0.0,0.0,0.0,5848.0,0.0,0.0,0.0,0.0,0.0,0.0,0.0,0.0,0.0,0.0,753.600006103516,down,2026-08-20T14:53:42,0.0,0.0
SPXW,2026-08-21,0,Call,6900.0,SPXW260821C06900000,765.4,784.4,774.9,771.5,19.05,2.53173,100.0,216.0,0.0,1.0,0.0,0.0,0.0,0.0,772.9738,771.6,771.6,771.5,752.449981689453,down,2026-08-21T14:39:36,0.0,0.0
SPX,2026-08-21,0,Put,6900.0,SPX260821P06900000,0.0,0.0,0.0,0.05,0.0,0.0,0.0,16854.0,0.0,0.0,0.0,0.0,0.0,0.0,0.0,0.0,0.0,0.0,0.0750000011175871,down,2026-08-20T16:12:59,0.0,0.0
SPXW,2026-08-21,0,Put,6900.0,SPXW260821P06900000,0.0,0.05,0.025,0.05,0.0,0.0,0.0,2274.0,0.0,0.0,0.0,0.0,0.0,0.0,0.0,0.0,0.0,0.0,0.0750000011175871,down,2026-08-20T16:01:30,0.0,0.0
SPX,2026-08-21,0,Call,6905.0,SPX260821C06905000,0.0,0.0,0.0,691.2,0.0,0.0,0.0,1.0,0.0,0.0,0.0,0.0,0.0,0.0,0.0,0.0,0.0,0.0,747.599975585938,up,2026-06-18T13:33:13,0.0,0.0
SPXW,2026-08-21,0,Call,6905.0,SPXW260821C06905000,758.2,779.4,768.8,881.65,0.0,0.0,0.0,1.0,0.0,1.0,0.0,0.0,0.0,0.0,767.9738,0.0,0.0,0.0,748.5,down,2026-08-14T11:28:19,0.0,0.0
SPX,2026-08-21,0,Put,6905.0,SPX260821P06905000,0.0,0.0,0.0,0.25,0.0,0.0,0.0,365.0,0.0,0.0,0.0,0.0,0.0,0.0,0.0,0.0,0.0,0.0,0.0500000007450581,up,2026-08-19T09:49:57,0.0,0.0
SPXW,2026-08-21,0,Put,6905.0,SPXW260821P06905000,0.0,0.05,0.025,0.25,0.0,0.0,0.0,275.0,0.0,0.0,0.0,0.0,0.0,0.0,0.0,0.0,0.0,0.0,0.0750000011175871,no_change,2026-08-14T15:39:55,0.0,0.0
SPX,2026-08-21,0,Call,6910.0,SPX260821C06910000,0.0,0.0,0.0,578.95,0.0,0.0,0.0,244.0,0.0,0.0,0.0,0.0,0.0,0.0,0.0,0.0,0.0,0.0,742.75,down,2026-06-23T09:42:50,0.0,0.0
SPXW,2026-08-21,0,Call,6910.0,SPXW260821C06910000,752.7,774.4,763.55,631.1,0.0,0.0,0.0,8.0,0.0,1.0,0.0,0.0,0.0,0.0,761.8808,0.0,0.0,0.0,743.699981689453,up,2026-07-17T10:22:12,0.0,0.0
SPX,2026-08-21,0,Put,6910.0,SPX260821P06910000,0.0,0.0,0.0,0.25,0.0,0.0,0.0,474.0,0.0,0.0,0.0,0.0,0.0,0.0,0.0,0.0,0.0,0.0,0.0500000007450581,no_change,2026-08-19T09:49:59,0.0,0.0
SPXW,2026-08-21,0,Put,6910.0,SPXW260821P06910000,0.0,0.05,0.025,0.15,0.0,0.0,0.0,419.0,0.0,0.0,0.0,0.0,0.0,0.0,0.0,0.0,0.0,0.0,0.0750000011175871,no_change,2026-08-14T15:55:22,0.0,0.0
SPX,2026-08-21,0,Call,6915.0,SPX260821C06915000,0.0,0.0,0.0,682.92,0.0,0.0,0.0,4.0,0.0,0.0,0.0,0.0,0.0,0.0,0.0,0.0,0.0,0.0,737.899993896484,down,2026-06-18T13:35:44,0.0,0.0
SPXW,2026-08-21,0,Call,6915.0,SPXW260821C06915000,747.6,769.4,758.5,0.0,0.0,0.0,0.0,0.0,0.0,1.0,0.0,0.0,0.0,0.0,756.8808,0.0,0.0,0.0,738.699981689453,no_change,,0.0,0.0
SPX,2026-08-21,0,Put,6915.0,SPX260821P06915000,0.0,0.0,0.0,0.25,0.0,0.0,0.0,854.0,0.0,0.0,0.0,0.0,0.0,0.0,0.0,0.0,0.0,0.0,0.0500000007450581,no_change,2026-08-19T09:49:02,0.0,0.0
SPXW,2026-08-21,0,Put,6915.0,SPXW260821P06915000,0.0,0.05,0.025,0.05,0.0,0.0,0.0,461.0,0.0,0.0,0.0,0.0,0.0,0.0,0.0,0.0,0.0,0.0,0.0750000011175871,down,2026-08-20T16:03:25,0.0,0.0
SPX,2026-08-21,0,Call,6920.0,SPX260821C06920000,0.0,0.0,0.0,842.6,0.0,0.0,0.0,59.0,0.0,0.0,0.0,0.0,0.0,0.0,0.0,0.0,0.0,0.0,732.899993896484,up,2026-08-04T15:05:44,0.0,0.0
SPXW,2026-08-21,0,Call,6920.0,SPXW260821C06920000,745.5,764.4,754.95,780.94,0.0,0.0,0.0,9.0,0.0,1.0,0.0,0.0,0.0,0.0,751.8808,0.0,0.0,0.0,733.699981689453,down,2026-08-18T15:50:48,0.0,0.0
SPX,2026-08-21,0,Put,6920.0,SPX260821P06920000,0.0,0.0,0.0,0.2,0.0,0.0,0.0,324.0,0.0,0.0,0.0,0.0,0.0,0.0,0.0,0.0,0.0,0.0,0.0500000007450581,no_change,2026-08-19T09:43:20,0.0,0.0
SPXW,2026-08-21,0,Put,6920.0,SPXW260821P06920000,0.0,0.05,0.025,0.05,0.0,0.0,0.0,116.0,0.0,0.0,0.0,0.0,0.0,0.0,0.0,0.0,0.0,0.0,0.0750000011175871,down,2026-08-20T14:38:08,0.0,0.0
SPX,2026-08-21,0,Call,6925.0,SPX260821C06925000,0.0,0.0,0.0,817.2,0.0,0.0,0.0,218.0,0.0,0.0,0.0,0.0,0.0,0.0,0.0,0.0,0.0,0.0,727.899993896484,up,2026-08-19T11:07:16,0.0,0.0
SPXW,2026-08-21,0,Call,6925.0,SPXW260821C06925000,740.3,759.4,749.8499999999999,748.15,19.45,2.66914,4.0,75.0,0.0,1.0,0.0,0.0,0.0,0.0,746.8808,748.15,748.15,748.15,728.699981689453,down,2026-08-21T14:11:07,0.0,0.0
SPX,2026-08-21,0,Put,6925.0,SPX260821P06925000,0.0,0.0,0.0,0.05,0.0,0.0,0.0,1562.0,0.0,0.0,0.0,0.0,0.0,0.0,0.0,0.0,0.0,0.0,0.0500000007450581,down,2026-08-20T13:54:50,0.0,0.0
SPXW,2026-08-21,0,Put,6925.0,SPXW260821P06925000,0.0,0.05,0.025,0.05,0.0,0.0,0.0,588.0,0.0,0.0,0.0,0.0,0.0,0.0,0.0,0.0,0.0,0.0,0.0750000011175871,no_change,2026-08-20T15:02:18,0.0,0.0
SPX,2026-08-21,0,Call,6930.0,SPX260821C06930000,0.0,0.0,0.0,581.9,0.0,0.0,0.0,100.0,0.0,0.0,0.0,0.0,0.0,0.0,0.0,0.0,0.0,0.0,722.25,down,2026-07-31T16:00:01,0.0,0.0
SPXW,2026-08-21,0,Call,6930.0,SPXW260821C06930000,734.4,754.4,744.4,771.16,0.0,0.0,0.0,272.0,0.0,1.0,0.0,0.0,0.0,0.0,741.8808,0.0,0.0,0.0,722.600006103516,no_change,2026-08-18T15:52:45,0.0,0.0
SPX,2026-08-21,0,Put,6930.0,SPX260821P06930000,0.0,0.0,0.0,0.2,0.0,0.0,0.0,1171.0,0.0,0.0,0.0,0.0,0.0,0.0,0.0,0.0,0.0,0.0,0.0500000007450581,down,2026-08-19T10:10:05,0.0,0.0
SPXW,2026-08-21,0,Put,6930.0,SPXW260821P06930000,0.0,0.05,0.025,0.07,0.0,0.0,0.0,109.0,0.0,0.0,0.0,0.0,0.0,0.0,0.0,0.0,0.0,0.0,0.0750000011175871,up,2026-08-20T15:55:05,0.0,0.0
SPX,2026-08-21,0,Call,6935.0,SPX260821C06935000,0.0,0.0,0.0,0.0,0.0,0.0,0.0,0.0,0.0,0.0,0.0,0.0,0.0,0.0,0.0,0.0,0.0,0.0,718.549987792969,no_change,,0.0,0.0
SPXW,2026-08-21,0,Call,6935.0,SPXW260821C06935000,728.2,749.4,738.8,854.3,0.0,0.0,0.0,1.0,0.0,1.0,0.0,0.0,0.0,0.0,736.8808,0.0,0.0,0.0,718.449981689453,down,2026-08-14T11:22:37,0.0,0.0
SPX,2026-08-21,0,Put,6935.0,SPX260821P06935000,0.0,0.0,0.0,0.25,0.0,0.0,0.0,255.0,0.0,0.0,0.0,0.0,0.0,0.0,0.0,0.0,0.0,0.0,0.0500000007450581,no_change,2026-08-19T09:48:51,0.0,0.0
SPXW,2026-08-21,0,Put,6935.0,SPXW260821P06935000,0.0,0.05,0.025,0.05,0.0,0.0,0.0,153.0,0.0,0.0,0.0,0.0,0.0,0.0,0.0,0.0,0.0,0.0,0.0750000011175871,down,2026-08-20T14:47:05,0.0,0.0
SPX,2026-08-21,0,Call,6940.0,SPX260821C06940000,0.0,0.0,0.0,524.0,0.0,0.0,0.0,16.0,0.0,0.0,0.0,0.0,0.0,0.0,0.0,0.0,0.0,0.0,712.899993896484,down,2026-06-24T15:19:22,0.0,0.0
SPXW,2026-08-21,0,Call,6940.0,SPXW260821C06940000,722.7,744.4,733.55,0.0,0.0,0.0,0.0,0.0,0.0,1.0,0.0,0.0,0.0,0.0,731.8808,0.0,0.0,0.0,713.5,no_change,,0.0,0.0
SPX,2026-08-21,0,Put,6940.0,SPX260821P06940000,0.0,0.0,0.0,0.25,0.0,0.0,0.0,220.0,0.0,0.0,0.0,0.0,0.0,0.0,0.0,0.0,0.0,0.0,0.0500000007450581,no_change,2026-08-19T09:48:51,0.0,0.0
SPXW,2026-08-21,0,Put,6940.0,SPXW260821P06940000,0.0,0.05,0.025,0.07,0.0,0.0,0.0,83.0,0.0,0.0,0.0,0.0,0.0,0.0,0.0,0.0,0.0,0.0,0.0750000011175871,no_change,2026-08-20T15:14:56,0.0,0.0
SPX,2026-08-21,0,Call,6945.0,SPX260821C06945000,0.0,0.0,0.0,654.04,0.0,0.0,0.0,2.0,0.0,0.0,0.0,0.0,0.0,0.0,0.0,0.0,0.0,0.0,707.450012207031,up,2026-06-18T13:39:22,0.0,0.0
SPXW,2026-08-21,0,Call,6945.0,SPXW260821C06945000,721.3,738.0,729.65,845.53,0.0,0.0,0.0,1.0,0.0,1.0,0.0,0.0,0.0,0.0,726.8808,0.0,0.0,0.0,708.649993896484,no_change,2026-08-14T11:20:45,0.0,0.0
SPX,2026-08-21,0,Put,6945.0,SPX260821P06945000,0.0,0.0,0.0,0.25,0.0,0.0,0.0,864.0,0.0,0.0,0.0,0.0,0.0,0.0,0.0,0.0,0.0,0.0,0.0500000007450581,no_change,2026-08-19T09:48:34,0.0,0.0
SPXW,2026-08-21,0,Put,6945.0,SPXW260821P06945000,0.0,0.05,0.025,0.03,-0.045,-60.0,1.0,122.0,0.0,0.0,0.0,0.0,0.0,0.0,0.0,0.03,0.03,0.03,0.0750000011175871,down,2026-08-21T14:33:05,0.0,0.0
SPX,2026-08-21,0,Call,6950.0,SPX260821C06950000,0.0,0.0,0.0,774.12,0.0,0.0,0.0,4455.0,0.0,0.0,0.0,0.0,0.0,0.0,0.0,0.0,0.0,0.0,702.950012207031,down,2026-08-19T11:56:19,0.0,0.0
SPXW,2026-08-21,0,Call,6950.0,SPXW260821C06950000,716.5,733.1,724.8,730.56,28.11,4.00171,20.0,285.0,0.0,1.0,0.0,0.0,0.0,0.0,721.8808,720.86,730.56,716.4,702.450012207031,up,2026-08-21T12:26:19,0.0,0.0
SPX,2026-08-21,0,Put,6950.0,SPX260821P06950000,0.0,0.0,0.0,0.05,0.0,0.0,0.0,6219.0,0.0,0.0,0.0,0.0,0.0,0.0,0.0,0.0,0.0,0.0,0.0750000011175871,down,2026-08-20T16:06:46,0.0,0.0
SPXW,2026-08-21,0,Put,6950.0,SPXW260821P06950000,0.0,0.05,0.025,0.03,-0.045,-60.0,2.0,1530.0,0.0,0.0,0.0,0.0,0.0,0.0,0.0,0.03,0.03,0.03,0.0750000011175871,no_change,2026-08-21T14:33:05,0.0,0.0
SPX,2026-08-21,0,Call,6955.0,SPX260821C06955000,0.0,0.0,0.0,500.88,0.0,0.0,0.0,3.0,0.0,0.0,0.0,0.0,0.0,0.0,0.0,0.0,0.0,0.0,697.450012207031,down,2026-07-24T15:37:54,0.0,0.0
SPXW,2026-08-21,0,Call,6955.0,SPXW260821C06955000,707.5,729.4,718.45,0.0,0.0,0.0,0.0,0.0,0.0,1.0,0.0,0.0,0.0,0.0,716.8808,0.0,0.0,0.0,698.649993896484,no_change,,0.0,0.0
SPX,2026-08-21,0,Put,6955.0,SPX260821P06955000,0.0,0.0,0.0,0.3,0.0,0.0,0.0,366.0,0.0,0.0,0.0,0.0,0.0,0.0,0.0,0.0,0.0,0.0,0.0750000011175871,no_change,2026-08-19T09:49:45,0.0,0.0
SPXW,2026-08-21,0,Put,6955.0,SPXW260821P06955000,0.0,0.05,0.025,0.05,0.0,0.0,0.0,79.0,0.0,0.0,0.0,0.0,0.0,0.0,0.0,0.0,0.0,0.0,0.0750000011175871,no_change,2026-08-20T16:11:23,0.0,0.0
SPX,2026-08-21,0,Call,6960.0,SPX260821C06960000,0.0,0.0,0.0,592.01,0.0,0.0,0.0,511.0,0.0,0.0,0.0,0.0,0.0,0.0,0.0,0.0,0.0,0.0,692.25,down,2026-06-30T10:43:06,0.0,0.0
SPXW,2026-08-21,0,Call,6960.0,SPXW260821C06960000,702.5,724.4,713.45,0.0,0.0,0.0,0.0,0.0,0.0,1.0,0.0,0.0,0.0,0.0,711.8808,0.0,0.0,0.0,693.649993896484,no_change,,0.0,0.0
SPX,2026-08-21,0,Put,6960.0,SPX260821P06960000,0.0,0.0,0.0,0.07,0.0,0.0,0.0,845.0,0.0,0.0,0.0,0.0,0.0,0.0,0.0,0.0,0.0,0.0,0.0750000011175871,down,2026-08-20T15:20:02,0.0,0.0
SPXW,2026-08-21,0,Put,6960.0,SPXW260821P06960000,0.0,0.05,0.025,0.05,0.0,0.0,0.0,264.0,0.0,0.0,0.0,0.0,0.0,0.0,0.0,0.0,0.0,0.0,0.100000003352761,no_change,2026-08-20T16:14:54,0.0,0.0
SPX,2026-08-21,0,Call,6965.0,SPX260821C06965000,0.0,0.0,0.0,783.4,0.0,0.0,0.0,1.0,0.0,0.0,0.0,0.0,0.0,0.0,0.0,0.0,0.0,0.0,687.550018310547,up,2026-08-05T12:48:31,0.0,0.0
SPXW,2026-08-21,0,Call,6965.0,SPXW260821C06965000,697.5,719.4,708.45,825.58,0.0,0.0,0.0,1.0,0.0,1.0,0.0,0.0,0.0,0.0,706.8808,0.0,0.0,0.0,688.600006103516,down,2026-08-14T11:17:53,0.0,0.0
SPX,2026-08-21,0,Put,6965.0,SPX260821P06965000,0.0,0.0,0.0,0.3,0.0,0.0,0.0,505.0,0.0,0.0,0.0,0.0,0.0,0.0,0.0,0.0,0.0,0.0,0.0750000011175871,no_change,2026-08-19T09:49:45,0.0,0.0
SPXW,2026-08-21,0,Put,6965.0,SPXW260821P06965000,0.0,0.05,0.025,0.1,0.0,0.0,0.0,115.0,0.0,0.0,0.0,0.0,0.0,0.0,0.0,0.0,0.0,0.0,0.100000003352761,no_change,2026-08-19T15:57:31,0.0,0.0
SPX,2026-08-21,0,Call,6970.0,SPX260821C06970000,0.0,0.0,0.0,579.7,0.0,0.0,0.0,32.0,0.0,0.0,0.0,0.0,0.0,0.0,0.0,0.0,0.0,0.0,682.300018310547,up,2026-07-21T14:53:45,0.0,0.0
SPXW,2026-08-21,0,Call,6970.0,SPXW260821C06970000,695.5,714.4,704.95,438.1,0.0,0.0,0.0,12.0,0.0,1.0,0.0,0.0,0.0,0.0,701.8808,0.0,0.0,0.0,683.449981689453,no_change,2026-04-27T12:09:45,0.0,0.0
SPX,2026-08-21,0,Put,6970.0,SPX260821P06970000,0.0,0.0,0.0,0.15,0.0,0.0,0.0,1433.0,0.0,0.0,0.0,0.0,0.0,0.0,0.0,0.0,0.0,0.0,0.0750000011175871,down,2026-08-19T15:50:42,0.0,0.0
SPXW,2026-08-21,0,Put,6970.0,SPXW260821P06970000,0.0,0.05,0.025,0.08,0.0,0.0,0.0,278.0,0.0,0.0,0.0,0.0,0.0,0.0,0.0,0.0,0.0,0.0,0.100000003352761,up,2026-08-20T15:56:06,0.0,0.0
SPX,2026-08-21,0,Call,6975.0,SPX260821C06975000,0.0,0.0,0.0,702.1,0.0,0.0,0.0,594.0,0.0,0.0,0.0,0.0,0.0,0.0,0.0,0.0,0.0,0.0,677.850006103516,down,2026-08-20T11:39:27,0.0,0.0
SPXW,2026-08-21,0,Call,6975.0,SPXW260821C06975000,692.2,708.8,700.5,697.33,18.58,2.73738,27.0,37.0,0.0,1.0,0.0,0.0,0.0,0.0,696.8808,706.16,706.16,697.33,678.75,down,2026-08-21T14:12:05,0.0,0.0
SPX,2026-08-21,0,Put,6975.0,SPX260821P06975000,0.0,0.0,0.0,0.1,0.0,0.0,0.0,2144.0,0.0,0.0,0.0,0.0,0.0,0.0,0.0,0.0,0.0,0.0,0.0750000011175871,no_change,2026-08-20T15:45:53,0.0,0.0
SPXW,2026-08-21,0,Put,6975.0,SPXW260821P06975000,0.0,0.05,0.025,0.05,-0.05,-50.0,15.0,258.0,0.0,0.0,0.0,0.0,0.0,0.0,0.0,0.05,0.05,0.05,0.100000003352761,down,2026-08-21T09:51:02,0.0,0.0
SPX,2026-08-21,0,Call,6980.0,SPX260821C06980000,0.0,0.0,0.0,697.1,0.0,0.0,0.0,53.0,0.0,0.0,0.0,0.0,0.0,0.0,0.0,0.0,0.0,0.0,672.799987792969,down,2026-08-20T11:38:55,0.0,0.0
SPXW,2026-08-21,0,Call,6980.0,SPXW260821C06980000,682.5,704.4,693.45,672.63,0.0,0.0,0.0,1.0,0.0,1.0,0.0,0.0,0.0,0.0,691.8808,0.0,0.0,0.0,673.899993896484,down,2026-05-27T10:00:50,0.0,0.0
SPX,2026-08-21,0,Put,6980.0,SPX260821P06980000,0.0,0.0,0.0,0.05,0.0,0.0,0.0,874.0,0.0,0.0,0.0,0.0,0.0,0.0,0.0,0.0,0.0,0.0,0.0750000011175871,down,2026-08-20T13:19:38,0.0,0.0
SPXW,2026-08-21,0,Put,6980.0,SPXW260821P06980000,0.0,0.05,0.025,0.05,-0.05,-50.0,1.0,141.0,0.0,0.0,0.0,0.0,0.0,0.0,0.0,0.05,0.05,0.05,0.100000003352761,down,2026-08-21T09:36:01,0.0,0.0
SPX,2026-08-21,0,Call,6985.0,SPX260821C06985000,0.0,0.0,0.0,615.94,0.0,0.0,0.0,1.0,0.0,0.0,0.0,0.0,0.0,0.0,0.0,0.0,0.0,0.0,667.5,up,2026-07-06T14:21:48,0.0,0.0
SPXW,2026-08-21,0,Call,6985.0,SPXW260821C06985000,677.5,699.4,688.45,809.72,0.0,0.0,0.0,1.0,0.0,1.0,0.0,0.0,0.0,0.0,686.8808,0.0,0.0,0.0,668.950012207031,down,2026-08-14T10:36:14,0.0,0.0
SPX,2026-08-21,0,Put,6985.0,SPX260821P06985000,0.0,0.0,0.0,0.15,0.0,0.0,0.0,828.0,0.0,0.0,0.0,0.0,0.0,0.0,0.0,0.0,0.0,0.0,0.100000003352761,no_change,2026-08-19T14:41:48,0.0,0.0
SPXW,2026-08-21,0,Put,6985.0,SPXW260821P06985000,0.0,0.05,0.025,0.05,-0.05,-50.0,1.0,183.0,0.0,0.0,0.0,0.0,0.0,0.0,0.0,0.05,0.05,0.05,0.100000003352761,no_change,2026-08-21T09:36:07,0.0,0.0
SPX,2026-08-21,0,Call,6990.0,SPX260821C06990000,0.0,0.0,0.0,684.3,0.0,0.0,0.0,77.0,0.0,0.0,0.0,0.0,0.0,0.0,0.0,0.0,0.0,0.0,662.649993896484,up,2026-05-14T12:10:37,0.0,0.0
SPXW,2026-08-21,0,Call,6990.0,SPXW260821C06990000,672.5,694.4,683.45,691.33,27.53,4.14733,1.0,0.0,0.0,1.0,0.0,0.0,0.0,0.0,681.8808,691.33,691.33,691.33,663.800018310547,up,2026-08-21T12:34:01,0.0,0.0
SPX,2026-08-21,0,Put,6990.0,SPX260821P06990000,0.0,0.0,0.0,0.05,0.0,0.0,0.0,563.0,0.0,0.0,0.0,0.0,0.0,0.0,0.0,0.0,0.0,0.0,0.100000003352761,no_change,2026-08-20T13:31:00,0.0,0.0
SPXW,2026-08-21,0,Put,6990.0,SPXW260821P06990000,0.0,0.05,0.025,0.05,-0.05,-50.0,1.0,187.0,0.0,0.0,0.0,0.0,0.0,0.0,0.0,0.05,0.05,0.05,0.100000003352761,down,2026-08-21T09:36:13,0.0,0.0
SPX,2026-08-21,0,Call,6995.0,SPX260821C06995000,0.0,0.0,0.0,760.74,0.0,0.0,0.0,11.0,0.0,0.0,0.0,0.0,0.0,0.0,0.0,0.0,0.0,0.0,657.600006103516,up,2026-08-10T14:45:37,0.0,0.0
SPXW,2026-08-21,0,Call,6995.0,SPXW260821C06995000,670.4,689.4,679.9,0.0,0.0,0.0,0.0,0.0,0.0,1.0,0.0,0.0,0.0,0.0,676.8808,0.0,0.0,0.0,658.800018310547,no_change,,0.0,0.0
SPX,2026-08-21,0,Put,6995.0,SPX260821P06995000,0.0,0.0,0.0,0.3,0.0,0.0,0.0,293.0,0.0,0.0,0.0,0.0,0.0,0.0,0.0,0.0,0.0,0.0,0.100000003352761,no_change,2026-08-19T09:51:55,0.0,0.0
SPXW,2026-08-21,0,Put,6995.0,SPXW260821P06995000,0.0,0.05,0.025,0.03,-0.07,-70.0,2.0,118.0,0.0,0.0,0.0,0.0,0.0,0.0,0.0,0.05,0.05,0.03,0.100000003352761,down,2026-08-21T11:51:36,0.0,0.0
SPX,2026-08-21,0,Call,7000.0,SPX260821C07000000,0.0,0.0,0.0,652.73,0.0,0.0,0.0,126431.0,0.0,0.0,0.0,0.0,0.0,0.0,0.0,0.0,0.0,0.0,652.799987792969,down,2026-08-20T15:44:51,0.0,0.0
SPXW,2026-08-21,0,Call,7000.0,SPXW260821C07000000,665.3,684.4,674.8499999999999,681.42,28.67,4.39219,19.0,931.0,0.0,1.0,0.0,0.0,0.0,0.0,671.8808,668.91,681.6,668.91,652.75,down,2026-08-21T12:49:27,0.0,0.0
SPX,2026-08-21,0,Put,7000.0,SPX260821P07000000,0.0,0.0,0.0,0.05,0.0,0.0,0.0,135478.0,0.0,0.0,0.0,0.0,0.0,0.0,0.0,0.0,0.0,0.0,0.0750000011175871,no_change,2026-08-20T16:09:20,0.0,0.0
SPXW,2026-08-21,0,Put,7000.0,SPXW260821P07000000,0.0,0.05,0.025,0.05,-0.025,-33.3333,2.0,4205.0,0.0,0.0,0.0,0.0,0.0,0.0,0.0,0.03,0.05,0.03,0.0750000011175871,up,2026-08-21T12:32:27,0.0,0.0
SPX,2026-08-21,0,Call,7005.0,SPX260821C07005000,0.0,0.0,0.0,731.59,0.0,0.0,0.0,34.0,0.0,0.0,0.0,0.0,0.0,0.0,0.0,0.0,0.0,0.0,648.100006103516,up,2026-08-11T14:11:11,0.0,0.0
SPXW,2026-08-21,0,Call,7005.0,SPXW260821C07005000,657.5,679.4,668.45,690.34,0.0,0.0,0.0,2.0,0.0,1.0,0.0,0.0,0.0,0.0,666.8808,0.0,0.0,0.0,648.850006103516,down,2026-08-20T09:45:07,0.0,0.0
SPX,2026-08-21,0,Put,7005.0,SPX260821P07005000,0.0,0.0,0.0,0.1,0.0,0.0,0.0,541.0,0.0,0.0,0.0,0.0,0.0,0.0,0.0,0.0,0.0,0.0,0.100000003352761,down,2026-08-20T15:13:47,0.0,0.0
SPXW,2026-08-21,0,Put,7005.0,SPXW260821P07005000,0.0,0.05,0.025,0.07,0.0,0.0,0.0,177.0,0.0,0.0,0.0,0.0,0.0,0.0,0.0,0.0,0.0,0.0,0.100000003352761,no_change,2026-08-20T14:06:41,0.0,0.0
SPX,2026-08-21,0,Call,7010.0,SPX260821C07010000,0.0,0.0,0.0,588.91,0.0,0.0,0.0,311.0,0.0,0.0,0.0,0.0,0.0,0.0,0.0,0.0,0.0,0.0,643.199981689453,down,2026-06-18T14:55:16,0.0,0.0
SPXW,2026-08-21,0,Call,7010.0,SPXW260821C07010000,655.5,674.4,664.95,671.92,28.12,4.36781,1.0,4.0,0.0,1.0,0.0,0.0,0.0,0.0,661.8808,671.92,671.92,671.92,643.800018310547,down,2026-08-21T12:34:01,0.0,0.0
SPX,2026-08-21,0,Put,7010.0,SPX260821P07010000,0.0,0.0,0.0,0.35,0.0,0.0,0.0,468.0,0.0,0.0,0.0,0.0,0.0,0.0,0.0,0.0,0.0,0.0,0.100000003352761,no_change,2026-08-19T09:49:11,0.0,0.0
SPXW,2026-08-21,0,Put,7010.0,SPXW260821P07010000,0.0,0.05,0.025,0.1,0.0,0.0,0.0,144.0,0.0,0.0,0.0,0.0,0.0,0.0,0.0,0.0,0.0,0.0,0.100000003352761,no_change,2026-08-20T14:44:12,0.0,0.0
SPX,2026-08-21,0,Call,7015.0,SPX260821C07015000,0.0,0.0,0.0,572.85,0.0,0.0,0.0,10.0,0.0,0.0,0.0,0.0,0.0,0.0,0.0,0.0,0.0,0.0,638.149993896484,up,2026-07-01T11:50:37,0.0,0.0
SPXW,2026-08-21,0,Call,7015.0,SPXW260821C07015000,650.4,669.4,659.9,0.0,0.0,0.0,0.0,0.0,0.0,1.0,0.0,0.0,0.0,0.0,656.8808,0.0,0.0,0.0,638.800018310547,no_change,,0.0,0.0
SPX,2026-08-21,0,Put,7015.0,SPX260821P07015000,0.0,0.0,0.0,0.1,0.0,0.0,0.0,454.0,0.0,0.0,0.0,0.0,0.0,0.0,0.0,0.0,0.0,0.0,0.100000003352761,down,2026-08-20T15:10:52,0.0,0.0
SPXW,2026-08-21,0,Put,7015.0,SPXW260821P07015000,0.0,0.05,0.025,0.07,0.0,0.0,0.0,178.0,0.0,0.0,0.0,0.0,0.0,0.0,0.0,0.0,0.0,0.0,0.100000003352761,down,2026-08-20T10:47:44,0.0,0.0
SPX,2026-08-21,0,Call,7020.0,SPX260821C07020000,0.0,0.0,0.0,581.38,0.0,0.0,0.0,64.0,0.0,0.0,0.0,0.0,0.0,0.0,0.0,0.0,0.0,0.0,632.799987792969,down,2026-06-18T14:03:07,0.0,0.0
SPXW,2026-08-21,0,Call,7020.0,SPXW260821C07020000,645.2,665.0,655.1,662.14,28.24,4.45496,1.0,8.0,0.0,1.0,0.0,0.0,0.0,0.0,651.8808,662.14,662.14,662.14,633.900024414062,down,2026-08-21T12:49:27,0.0,0.0
SPX,2026-08-21,0,Put,7020.0,SPX260821P07020000,0.0,0.0,0.0,0.2,0.0,0.0,0.0,467.0,0.0,0.0,0.0,0.0,0.0,0.0,0.0,0.0,0.0,0.0,0.100000003352761,no_change,2026-08-19T12:49:01,0.0,0.0
SPXW,2026-08-21,0,Put,7020.0,SPXW260821P07020000,0.0,0.05,0.025,0.13,0.0,0.0,0.0,207.0,0.0,0.0,0.0,0.0,0.0,0.0,0.0,0.0,0.0,0.0,0.100000003352761,up,2026-08-20T15:52:58,0.0,0.0
SPX,2026-08-21,0,Call,7025.0,SPX260821C07025000,0.0,0.0,0.0,719.2,0.0,0.0,0.0,489.0,0.0,0.0,0.0,0.0,0.0,0.0,0.0,0.0,0.0,0.0,628.050018310547,up,2026-08-19T11:06:23,0.0,0.0
SPXW,2026-08-21,0,Call,7025.0,SPXW260821C07025000,638.8,660.0,649.4,650.68,21.88,3.47964,1.0,53.0,0.0,1.0,0.0,0.0,0.0,0.0,646.8808,650.68,650.68,650.68,628.800018310547,down,2026-08-21T11:27:22,0.0,0.0
SPX,2026-08-21,0,Put,7025.0,SPX260821P07025000,0.0,0.0,0.0,0.1,0.0,0.0,0.0,1582.0,0.0,0.0,0.0,0.0,0.0,0.0,0.0,0.0,0.0,0.0,0.0750000011175871,no_change,2026-08-20T15:45:18,0.0,0.0
SPXW,2026-08-21,0,Put,7025.0,SPXW260821P07025000,0.0,0.05,0.025,0.1,0.0,0.0,0.0,1286.0,0.0,0.0,0.0,0.0,0.0,0.0,0.0,0.0,0.0,0.0,0.100000003352761,up,2026-08-20T15:45:05,0.0,0.0
SPX,2026-08-21,0,Call,7030.0,SPX260821C07030000,0.0,0.0,0.0,693.59,0.0,0.0,0.0,56.0,0.0,0.0,0.0,0.0,0.0,0.0,0.0,0.0,0.0,0.0,623.0,no_change,2026-08-19T09:37:26,0.0,0.0
SPXW,2026-08-21,0,Call,7030.0,SPXW260821C07030000,635.4,655.0,645.2,748.25,0.0,0.0,0.0,181.0,0.0,1.0,0.0,0.0,0.0,0.0,641.8808,0.0,0.0,0.0,624.100006103516,up,2026-08-17T11:17:59,0.0,0.0
SPX,2026-08-21,0,Put,7030.0,SPX260821P07030000,0.0,0.0,0.0,0.2,0.0,0.0,0.0,751.0,0.0,0.0,0.0,0.0,0.0,0.0,0.0,0.0,0.0,0.0,0.100000003352761,no_change,2026-08-19T11:40:54,0.0,0.0
SPXW,2026-08-21,0,Put,7030.0,SPXW260821P07030000,0.0,0.05,0.025,0.05,0.0,0.0,0.0,620.0,0.0,0.0,0.0,0.0,0.0,0.0,0.0,0.0,0.0,0.0,0.12500000372529,no_change,2026-08-20T16:02:29,0.0,0.0
SPX,2026-08-21,0,Call,7035.0,SPX260821C07035000,0.0,0.0,0.0,697.7,0.0,0.0,0.0,13.0,0.0,0.0,0.0,0.0,0.0,0.0,0.0,0.0,0.0,0.0,619.299987792969,up,2026-08-19T11:34:32,0.0,0.0
SPXW,2026-08-21,0,Call,7035.0,SPXW260821C07035000,628.8,650.0,639.4,648.36,0.0,0.0,0.0,2.0,0.0,1.0,0.0,0.0,0.0,0.0,636.8808,0.0,0.0,0.0,619.100006103516,down,2026-08-20T12:54:41,0.0,0.0
SPX,2026-08-21,0,Put,7035.0,SPX260821P07035000,0.0,0.0,0.0,0.25,0.0,0.0,0.0,1882.0,0.0,0.0,0.0,0.0,0.0,0.0,0.0,0.0,0.0,0.0,0.100000003352761,down,2026-08-19T10:24:00,0.0,0.0
SPXW,2026-08-21,0,Put,7035.0,SPXW260821P07035000,0.0,0.05,0.025,0.05,0.0,0.0,0.0,503.0,0.0,0.0,0.0,0.0,0.0,0.0,0.0,0.0,0.0,0.0,0.12500000372529,no_change,2026-08-20T16:02:12,0.0,0.0
SPX,2026-08-21,0,Call,7040.0,SPX260821C07040000,0.0,0.0,0.0,569.56,0.0,0.0,0.0,63.0,0.0,0.0,0.0,0.0,0.0,0.0,0.0,0.0,0.0,0.0,612.75,down,2026-06-18T13:37:53,0.0,0.0
SPXW,2026-08-21,0,Call,7040.0,SPXW260821C07040000,625.2,645.0,635.1,668.18,0.0,0.0,0.0,31.0,0.0,1.0,0.0,0.0,0.0,0.0,631.8808,0.0,0.0,0.0,614.100006103516,down,2026-08-19T15:56:00,0.0,0.0
SPX,2026-08-21,0,Put,7040.0,SPX260821P07040000,0.0,0.0,0.0,0.2,0.0,0.0,0.0,291.0,0.0,0.0,0.0,0.0,0.0,0.0,0.0,0.0,0.0,0.0,0.100000003352761,down,2026-08-19T13:25:52,0.0,0.0
SPXW,2026-08-21,0,Put,7040.0,SPXW260821P07040000,0.0,0.05,0.025,0.05,0.0,0.0,0.0,613.0,0.0,0.0,0.0,0.0,0.0,0.0,0.0,0.0,0.0,0.0,0.12500000372529,no_change,2026-08-20T16:02:51,0.0,0.0
SPX,2026-08-21,0,Call,7045.0,SPX260821C07045000,0.0,0.0,0.0,513.9,0.0,0.0,0.0,1.0,0.0,0.0,0.0,0.0,0.0,0.0,0.0,0.0,0.0,0.0,607.849975585938,down,2026-06-12T12:27:31,0.0,0.0
SPXW,2026-08-21,0,Call,7045.0,SPXW260821C07045000,618.8,640.0,629.4,0.0,0.0,0.0,0.0,0.0,0.0,1.0,0.0,0.0,0.0,0.0,626.8808,0.0,0.0,0.0,609.100006103516,no_change,,0.0,0.0
SPX,2026-08-21,0,Put,7045.0,SPX260821P07045000,0.0,0.0,0.0,0.35,0.0,0.0,0.0,220.0,0.0,0.0,0.0,0.0,0.0,0.0,0.0,0.0,0.0,0.0,0.100000003352761,no_change,2026-08-19T09:48:17,0.0,0.0
SPXW,2026-08-21,0,Put,7045.0,SPXW260821P07045000,0.0,0.05,0.025,0.05,0.0,0.0,0.0,568.0,0.0,0.0,0.0,0.0,0.0,0.0,0.0,0.0,0.0,0.0,0.12500000372529,no_change,2026-08-20T16:03:16,0.0,0.0
SPX,2026-08-21,0,Call,7050.0,SPX260821C07050000,0.0,0.0,0.0,634.7,0.0,0.0,0.0,1038.0,0.0,0.0,0.0,0.0,0.0,0.0,0.0,0.0,0.0,0.0,602.849975585938,down,2026-08-20T10:33:09,0.0,0.0
SPXW,2026-08-21,0,Call,7050.0,SPXW260821C07050000,613.8,633.0,623.4,629.04,25.09,4.15432,3.0,41.0,0.0,1.0,0.0,0.0,0.0,0.0,621.8808,619.64,629.04,619.64,603.950012207031,up,2026-08-21T15:58:17,0.0,0.0
SPX,2026-08-21,0,Put,7050.0,SPX260821P07050000,0.0,0.0,0.0,0.05,0.0,0.0,0.0,5943.0,0.0,0.0,0.0,0.0,0.0,0.0,0.0,0.0,0.0,0.0,0.100000003352761,down,2026-08-20T16:13:51,0.0,0.0
SPXW,2026-08-21,0,Put,7050.0,SPXW260821P07050000,0.0,0.05,0.025,0.05,-0.075,-60.0,5.0,1323.0,0.0,0.0,0.0,0.0,0.0,0.0,0.0,0.05,0.05,0.05,0.12500000372529,no_change,2026-08-21T12:23:17,0.0,0.0
SPX,2026-08-21,0,Call,7055.0,SPX260821C07055000,0.0,0.0,0.0,436.0,0.0,0.0,0.0,88.0,0.0,0.0,0.0,0.0,0.0,0.0,0.0,0.0,0.0,0.0,597.849975585938,down,2026-07-23T10:06:41,0.0,0.0
SPXW,2026-08-21,0,Call,7055.0,SPXW260821C07055000,608.8,627.9,618.3499999999999,0.0,0.0,0.0,0.0,0.0,0.0,1.0,0.0,0.0,0.0,0.0,616.8808,0.0,0.0,0.0,598.950012207031,no_change,,0.0,0.0
SPX,2026-08-21,0,Put,7055.0,SPX260821P07055000,0.0,0.0,0.0,0.4,0.0,0.0,0.0,230.0,0.0,0.0,0.0,0.0,0.0,0.0,0.0,0.0,0.0,0.0,0.100000003352761,no_change,2026-08-19T09:49:38,0.0,0.0
SPXW,2026-08-21,0,Put,7055.0,SPXW260821P07055000,0.0,0.05,0.025,0.05,0.0,0.0,0.0,168.0,0.0,0.0,0.0,0.0,0.0,0.0,0.0,0.0,0.0,0.0,0.12500000372529,no_change,2026-08-20T16:04:23,0.0,0.0
SPX,2026-08-21,0,Call,7060.0,SPX260821C07060000,0.0,0.0,0.0,616.4,0.0,0.0,0.0,206.0,0.0,0.0,0.0,0.0,0.0,0.0,0.0,0.0,0.0,0.0,592.849975585938,down,2026-08-20T11:40:43,0.0,0.0
SPXW,2026-08-21,0,Call,7060.0,SPXW260821C07060000,605.2,625.0,615.1,659.02,0.0,0.0,0.0,1.0,0.0,1.0,0.0,0.0,0.0,0.0,611.8808,0.0,0.0,0.0,593.850006103516,up,2026-08-19T15:16:08,0.0,0.0
SPX,2026-08-21,0,Put,7060.0,SPX260821P07060000,0.0,0.0,0.0,0.08,0.0,0.0,0.0,1355.0,0.0,0.0,0.0,0.0,0.0,0.0,0.0,0.0,0.0,0.0,0.100000003352761,down,2026-08-20T10:34:37,0.0,0.0
SPXW,2026-08-21,0,Put,7060.0,SPXW260821P07060000,0.0,0.05,0.025,0.05,0.0,0.0,0.0,449.0,0.0,0.0,0.0,0.0,0.0,0.0,0.0,0.0,0.0,0.0,0.12500000372529,no_change,2026-08-20T16:04:42,0.0,0.0
SPX,2026-08-21,0,Call,7065.0,SPX260821C07065000,0.0,0.0,0.0,442.13,0.0,0.0,0.0,12.0,0.0,0.0,0.0,0.0,0.0,0.0,0.0,0.0,0.0,0.0,587.849975585938,down,2026-07-20T15:26:54,0.0,0.0
SPXW,2026-08-21,0,Call,7065.0,SPXW260821C07065000,598.8,620.0,609.4,0.0,0.0,0.0,0.0,0.0,0.0,1.0,0.0,0.0,0.0,0.0,606.8808,0.0,0.0,0.0,587.600006103516,no_change,,0.0,0.0
SPX,2026-08-21,0,Put,7065.0,SPX260821P07065000,0.0,0.0,0.0,0.1,0.0,0.0,0.0,316.0,0.0,0.0,0.0,0.0,0.0,0.0,0.0,0.0,0.0,0.0,0.100000003352761,no_change,2026-08-20T16:03:59,0.0,0.0
SPXW,2026-08-21,0,Put,7065.0,SPXW260821P07065000,0.0,0.05,0.025,0.05,0.0,0.0,0.0,374.0,0.0,0.0,0.0,0.0,0.0,0.0,0.0,0.0,0.0,0.0,0.12500000372529,no_change,2026-08-20T16:04:50,0.0,0.0
SPX,2026-08-21,0,Call,7070.0,SPX260821C07070000,0.0,0.0,0.0,622.7,0.0,0.0,0.0,25.0,0.0,0.0,0.0,0.0,0.0,0.0,0.0,0.0,0.0,0.0,582.849975585938,down,2026-08-20T11:06:01,0.0,0.0
SPXW,2026-08-21,0,Call,7070.0,SPXW260821C07070000,595.4,615.0,605.2,609.42,26.82,4.6035,2.0,13.0,0.0,1.0,0.0,0.0,0.0,0.0,601.8808,609.42,609.42,609.42,582.600006103516,down,2026-08-21T11:33:55,0.0,0.0
SPX,2026-08-21,0,Put,7070.0,SPX260821P07070000,0.0,0.0,0.0,0.1,0.0,0.0,0.0,652.0,0.0,0.0,0.0,0.0,0.0,0.0,0.0,0.0,0.0,0.0,0.100000003352761,no_change,2026-08-20T15:17:13,0.0,0.0
SPXW,2026-08-21,0,Put,7070.0,SPXW260821P07070000,0.0,0.05,0.025,0.05,0.0,0.0,0.0,181.0,0.0,0.0,0.0,0.0,0.0,0.0,0.0,0.0,0.0,0.0,0.12500000372529,no_change,2026-08-20T16:04:50,0.0,0.0
SPX,2026-08-21,0,Call,7075.0,SPX260821C07075000,0.0,0.0,0.0,625.1,0.0,0.0,0.0,370.0,0.0,0.0,0.0,0.0,0.0,0.0,0.0,0.0,0.0,0.0,577.849975585938,down,2026-08-20T11:02:42,0.0,0.0
SPXW,2026-08-21,0,Call,7075.0,SPXW260821C07075000,588.8,607.9,598.3499999999999,600.14,22.54,3.90235,2.0,41.0,0.0,1.0,0.0,0.0,0.0,0.0,596.8808,606.45,606.45,600.14,577.600006103516,down,2026-08-21T14:16:15,0.0,0.0
SPX,2026-08-21,0,Put,7075.0,SPX260821P07075000,0.0,0.0,0.0,0.1,0.0,0.0,0.0,2510.0,0.0,0.0,0.0,0.0,0.0,0.0,0.0,0.0,0.0,0.0,0.100000003352761,no_change,2026-08-20T15:20:07,0.0,0.0
SPXW,2026-08-21,0,Put,7075.0,SPXW260821P07075000,0.0,0.05,0.025,0.03,-0.095,-76.0,2.0,665.0,0.0,0.0,0.0,0.0,0.0,0.0,0.0,0.03,0.03,0.03,0.12500000372529,no_change,2026-08-21T15:57:31,0.0,0.0
SPX,2026-08-21,0,Call,7080.0,SPX260821C07080000,0.0,0.0,0.0,452.13,0.0,0.0,0.0,40.0,0.0,0.0,0.0,0.0,0.0,0.0,0.0,0.0,0.0,0.0,572.849975585938,down,2026-07-20T11:14:43,0.0,0.0
SPXW,2026-08-21,0,Call,7080.0,SPXW260821C07080000,585.2,605.0,595.1,606.98,0.0,0.0,0.0,10.0,0.0,1.0,0.0,0.0,0.0,0.0,591.8808,0.0,0.0,0.0,572.600006103516,down,2026-08-20T11:31:19,0.0,0.0
SPX,2026-08-21,0,Put,7080.0,SPX260821P07080000,0.0,0.0,0.0,0.2,0.0,0.0,0.0,760.0,0.0,0.0,0.0,0.0,0.0,0.0,0.0,0.0,0.0,0.0,0.100000003352761,down,2026-08-19T15:50:42,0.0,0.0
SPXW,2026-08-21,0,Put,7080.0,SPXW260821P07080000,0.0,0.05,0.025,0.05,0.0,0.0,0.0,832.0,0.0,0.0,0.0,0.0,0.0,0.0,0.0,0.0,0.0,0.0,0.12500000372529,no_change,2026-08-20T16:04:50,0.0,0.0
SPX,2026-08-21,0,Call,7085.0,SPX260821C07085000,0.0,0.0,0.0,466.23,0.0,0.0,0.0,5.0,0.0,0.0,0.0,0.0,0.0,0.0,0.0,0.0,0.0,0.0,567.849975585938,down,2026-07-08T14:37:32,0.0,0.0
SPXW,2026-08-21,0,Call,7085.0,SPXW260821C07085000,578.8,600.0,589.4,629.98,0.0,0.0,0.0,0.0,0.0,1.0,0.0,0.0,0.0,0.0,586.8808,0.0,0.0,0.0,567.550018310547,down,2026-08-19T13:35:05,0.0,0.0
SPX,2026-08-21,0,Put,7085.0,SPX260821P07085000,0.0,0.0,0.0,0.4,0.0,0.0,0.0,475.0,0.0,0.0,0.0,0.0,0.0,0.0,0.0,0.0,0.0,0.0,0.100000003352761,no_change,2026-08-19T09:48:18,0.0,0.0
SPXW,2026-08-21,0,Put,7085.0,SPXW260821P07085000,0.0,0.05,0.025,0.05,0.0,0.0,0.0,254.0,0.0,0.0,0.0,0.0,0.0,0.0,0.0,0.0,0.0,0.0,0.12500000372529,no_change,2026-08-20T16:04:50,0.0,0.0
SPX,2026-08-21,0,Call,7090.0,SPX260821C07090000,0.0,0.0,0.0,449.72,0.0,0.0,0.0,87.0,0.0,0.0,0.0,0.0,0.0,0.0,0.0,0.0,0.0,0.0,562.849975585938,down,2026-07-20T11:52:13,0.0,0.0
SPXW,2026-08-21,0,Call,7090.0,SPXW260821C07090000,575.2,595.0,585.1,493.42,0.0,0.0,0.0,4.0,0.0,1.0,0.0,0.0,0.0,0.0,581.8808,0.0,0.0,0.0,562.650024414062,up,2026-06-05T14:28:44,0.0,0.0
SPX,2026-08-21,0,Put,7090.0,SPX260821P07090000,0.0,0.0,0.0,0.1,0.0,0.0,0.0,2173.0,0.0,0.0,0.0,0.0,0.0,0.0,0.0,0.0,0.0,0.0,0.100000003352761,no_change,2026-08-20T14:02:30,0.0,0.0
SPXW,2026-08-21,0,Put,7090.0,SPXW260821P07090000,0.0,0.05,0.025,0.05,0.0,0.0,0.0,244.0,0.0,0.0,0.0,0.0,0.0,0.0,0.0,0.0,0.0,0.0,0.12500000372529,no_change,2026-08-20T16:04:50,0.0,0.0
SPX,2026-08-21,0,Call,7095.0,SPX260821C07095000,0.0,0.0,0.0,506.9,0.0,0.0,0.0,7.0,0.0,0.0,0.0,0.0,0.0,0.0,0.0,0.0,0.0,0.0,557.899993896484,up,2026-07-13T11:45:17,0.0,0.0
SPXW,2026-08-21,0,Call,7095.0,SPXW260821C07095000,568.8,587.9,578.3499999999999,644.97,0.0,0.0,0.0,3.0,0.0,1.0,0.0,0.0,0.0,0.0,576.8808,0.0,0.0,0.0,557.650024414062,up,2026-08-19T10:58:46,0.0,0.0
SPX,2026-08-21,0,Put,7095.0,SPX260821P07095000,0.0,0.0,0.0,0.1,0.0,0.0,0.0,1007.0,0.0,0.0,0.0,0.0,0.0,0.0,0.0,0.0,0.0,0.0,0.100000003352761,down,2026-08-20T12:30:31,0.0,0.0
SPXW,2026-08-21,0,Put,7095.0,SPXW260821P07095000,0.0,0.05,0.025,0.05,0.0,0.0,0.0,246.0,0.0,0.0,0.0,0.0,0.0,0.0,0.0,0.0,0.0,0.0,0.150000002235174,no_change,2026-08-20T16:04:50,0.0,0.0
SPX,2026-08-21,0,Call,7100.0,SPX260821C07100000,0.0,0.0,0.0,578.77,0.0,0.0,0.0,4467.0,0.0,0.0,0.0,0.0,0.0,0.0,0.0,0.0,0.0,0.0,552.849975585938,up,2026-08-20T12:10:58,0.0,0.0
SPXW,2026-08-21,0,Call,7100.0,SPXW260821C07100000,565.2,585.0,575.1,578.98,26.13,4.72642,37.0,476.0,0.0,1.0,0.0,0.0,0.0,0.0,571.8808,568.19,580.22,566.49,552.849975585938,down,2026-08-21T12:55:56,0.0,0.0
SPX,2026-08-21,0,Put,7100.0,SPX260821P07100000,0.0,0.0,0.0,0.1,0.0,0.0,0.0,15925.0,0.0,0.0,0.0,0.0,0.0,0.0,0.0,0.0,0.0,0.0,0.100000003352761,up,2026-08-20T15:47:13,0.0,0.0
SPXW,2026-08-21,0,Put,7100.0,SPXW260821P07100000,0.0,0.05,0.025,0.03,-0.095,-76.0,7.0,2389.0,0.0,0.0,0.0,0.0,0.0,0.0,0.0,0.03,0.03,0.03,0.12500000372529,no_change,2026-08-21T14:00:10,0.0,0.0
SPX,2026-08-21,0,Call,7105.0,SPX260821C07105000,0.0,0.0,0.0,595.06,0.0,0.0,0.0,19.0,0.0,0.0,0.0,0.0,0.0,0.0,0.0,0.0,0.0,0.0,547.849975585938,down,2026-08-18T11:01:02,0.0,0.0
SPXW,2026-08-21,0,Call,7105.0,SPXW260821C07105000,560.3,580.1,570.2,592.9,0.0,0.0,0.0,2.0,0.0,1.0,0.0,0.0,0.0,0.0,566.8808,0.0,0.0,0.0,547.650024414062,down,2026-08-18T16:13:32,0.0,0.0
SPX,2026-08-21,0,Put,7105.0,SPX260821P07105000,0.0,0.0,0.0,0.1,0.0,0.0,0.0,456.0,0.0,0.0,0.0,0.0,0.0,0.0,0.0,0.0,0.0,0.0,0.100000003352761,down,2026-08-20T12:30:31,0.0,0.0
SPXW,2026-08-21,0,Put,7105.0,SPXW260821P07105000,0.0,0.05,0.025,0.05,0.0,0.0,0.0,356.0,0.0,0.0,0.0,0.0,0.0,0.0,0.0,0.0,0.0,0.0,0.150000002235174,no_change,2026-08-20T16:04:50,0.0,0.0
SPX,2026-08-21,0,Call,7110.0,SPX260821C07110000,0.0,0.0,0.0,706.48,0.0,0.0,0.0,80.0,0.0,0.0,0.0,0.0,0.0,0.0,0.0,0.0,0.0,0.0,542.849975585938,up,2026-08-13T10:34:04,0.0,0.0
SPXW,2026-08-21,0,Call,7110.0,SPXW260821C07110000,553.8,575.1,564.45,591.47,0.0,0.0,0.0,2.0,0.0,1.0,0.0,0.0,0.0,0.0,561.8808,0.0,0.0,0.0,542.900024414062,up,2026-08-18T15:48:01,0.0,0.0
SPX,2026-08-21,0,Put,7110.0,SPX260821P07110000,0.0,0.0,0.0,0.3,0.0,0.0,0.0,1264.0,0.0,0.0,0.0,0.0,0.0,0.0,0.0,0.0,0.0,0.0,0.100000003352761,no_change,2026-08-19T11:31:43,0.0,0.0
SPXW,2026-08-21,0,Put,7110.0,SPXW260821P07110000,0.0,0.05,0.025,0.05,0.0,0.0,0.0,320.0,0.0,0.0,0.0,0.0,0.0,0.0,0.0,0.0,0.0,0.0,0.150000002235174,no_change,2026-08-20T16:04:50,0.0,0.0
SPX,2026-08-21,0,Call,7115.0,SPX260821C07115000,0.0,0.0,0.0,585.33,0.0,0.0,0.0,6.0,0.0,0.0,0.0,0.0,0.0,0.0,0.0,0.0,0.0,0.0,537.849975585938,up,2026-08-18T11:01:02,0.0,0.0
SPXW,2026-08-21,0,Call,7115.0,SPXW260821C07115000,548.8,570.1,559.45,600.82,0.0,0.0,0.0,2.0,0.0,1.0,0.0,0.0,0.0,0.0,556.8808,0.0,0.0,0.0,537.900024414062,up,2026-08-19T13:30:27,0.0,0.0
SPX,2026-08-21,0,Put,7115.0,SPX260821P07115000,0.0,0.0,0.0,0.45,0.0,0.0,0.0,331.0,0.0,0.0,0.0,0.0,0.0,0.0,0.0,0.0,0.0,0.0,0.100000003352761,no_change,2026-08-19T09:48:51,0.0,0.0
SPXW,2026-08-21,0,Put,7115.0,SPXW260821P07115000,0.0,0.05,0.025,0.05,0.0,0.0,0.0,305.0,0.0,0.0,0.0,0.0,0.0,0.0,0.0,0.0,0.0,0.0,0.150000002235174,no_change,2026-08-20T16:04:50,0.0,0.0
SPX,2026-08-21,0,Call,7120.0,SPX260821C07120000,0.0,0.0,0.0,473.55,0.0,0.0,0.0,60.0,0.0,0.0,0.0,0.0,0.0,0.0,0.0,0.0,0.0,0.0,532.950012207031,up,2026-08-03T11:18:11,0.0,0.0
SPXW,2026-08-21,0,Call,7120.0,SPXW260821C07120000,545.2,565.1,555.1500000000001,558.93,26.03,4.88459,1.0,19.0,0.0,1.0,0.0,0.0,0.0,0.0,551.8808,558.93,558.93,558.93,532.900024414062,down,2026-08-21T12:55:56,0.0,0.0
SPX,2026-08-21,0,Put,7120.0,SPX260821P07120000,0.0,0.0,0.0,0.15,0.0,0.0,0.0,518.0,0.0,0.0,0.0,0.0,0.0,0.0,0.0,0.0,0.0,0.0,0.100000003352761,down,2026-08-20T15:00:29,0.0,0.0
SPXW,2026-08-21,0,Put,7120.0,SPXW260821P07120000,0.0,0.05,0.025,0.03,-0.12,-80.0,1.0,205.0,0.0,0.0,0.0,0.0,0.0,0.0,0.0,0.03,0.03,0.03,0.150000002235174,down,2026-08-21T12:50:43,0.0,0.0
SPX,2026-08-21,0,Call,7125.0,SPX260821C07125000,0.0,0.0,0.0,561.3,0.0,0.0,0.0,850.0,0.0,0.0,0.0,0.0,0.0,0.0,0.0,0.0,0.0,0.0,527.950012207031,up,2026-08-20T11:28:18,0.0,0.0
SPXW,2026-08-21,0,Call,7125.0,SPXW260821C07125000,537.5,559.4,548.45,541.37,13.47,2.55161,1.0,143.0,0.0,1.0,0.0,0.0,0.0,0.0,546.8808,541.37,541.37,541.37,527.900024414062,down,2026-08-21T10:16:50,0.0,0.0
SPX,2026-08-21,0,Put,7125.0,SPX260821P07125000,0.0,0.0,0.0,0.1,0.0,0.0,0.0,2250.0,0.0,0.0,0.0,0.0,0.0,0.0,0.0,0.0,0.0,0.0,0.100000003352761,no_change,2026-08-20T15:59:14,0.0,0.0
SPXW,2026-08-21,0,Put,7125.0,SPXW260821P07125000,0.0,0.05,0.025,0.05,0.0,0.0,0.0,1176.0,0.0,0.0,0.0,0.0,0.0,0.0,0.0,0.0,0.0,0.0,0.150000002235174,no_change,2026-08-20T16:04:50,0.0,0.0
SPX,2026-08-21,0,Call,7130.0,SPX260821C07130000,0.0,0.0,0.0,456.3,0.0,0.0,0.0,85.0,0.0,0.0,0.0,0.0,0.0,0.0,0.0,0.0,0.0,0.0,522.950012207031,up,2026-08-03T10:17:58,0.0,0.0
SPXW,2026-08-21,0,Call,7130.0,SPXW260821C07130000,535.3,554.4,544.8499999999999,539.9,0.0,0.0,0.0,10.0,0.0,1.0,0.0,0.0,0.0,0.0,541.8808,0.0,0.0,0.0,522.900024414062,down,2026-08-20T13:19:49,0.0,0.0
SPX,2026-08-21,0,Put,7130.0,SPX260821P07130000,0.0,0.0,0.0,0.12,0.0,0.0,0.0,2751.0,0.0,0.0,0.0,0.0,0.0,0.0,0.0,0.0,0.0,0.0,0.100000003352761,down,2026-08-20T14:33:54,0.0,0.0
SPXW,2026-08-21,0,Put,7130.0,SPXW260821P07130000,0.0,0.05,0.025,0.05,0.0,0.0,0.0,331.0,0.0,0.0,0.0,0.0,0.0,0.0,0.0,0.0,0.0,0.0,0.150000002235174,no_change,2026-08-20T16:04:50,0.0,0.0
SPX,2026-08-21,0,Call,7135.0,SPX260821C07135000,0.0,0.0,0.0,614.43,0.0,0.0,0.0,23.0,0.0,0.0,0.0,0.0,0.0,0.0,0.0,0.0,0.0,0.0,517.950012207031,up,2026-08-05T13:25:54,0.0,0.0
SPXW,2026-08-21,0,Call,7135.0,SPXW260821C07135000,530.3,549.4,539.8499999999999,580.15,0.0,0.0,0.0,2.0,0.0,1.0,0.0,0.0,0.0,0.0,536.8808,0.0,0.0,0.0,517.900024414062,up,2026-08-19T13:27:33,0.0,0.0
SPX,2026-08-21,0,Put,7135.0,SPX260821P07135000,0.0,0.0,0.0,0.1,0.0,0.0,0.0,1542.0,0.0,0.0,0.0,0.0,0.0,0.0,0.0,0.0,0.0,0.0,0.100000003352761,no_change,2026-08-20T15:15:41,0.0,0.0
SPXW,2026-08-21,0,Put,7135.0,SPXW260821P07135000,0.0,0.05,0.025,0.05,0.0,0.0,0.0,195.0,0.0,0.0,0.0,0.0,0.0,0.0,0.0,0.0,0.0,0.0,0.175000004470348,no_change,2026-08-20T16:04:50,0.0,0.0
SPX,2026-08-21,0,Call,7140.0,SPX260821C07140000,0.0,0.0,0.0,451.17,0.0,0.0,0.0,47.0,0.0,0.0,0.0,0.0,0.0,0.0,0.0,0.0,0.0,0.0,512.950012207031,up,2026-08-03T10:47:25,0.0,0.0
SPXW,2026-08-21,0,Call,7140.0,SPXW260821C07140000,525.2,545.1,535.1500000000001,563.87,0.0,0.0,0.0,19.0,0.0,1.0,0.0,0.0,0.0,0.0,531.8808,0.0,0.0,0.0,512.900009155273,up,2026-08-18T14:55:11,0.0,0.0
SPX,2026-08-21,0,Put,7140.0,SPX260821P07140000,0.0,0.0,0.0,0.1,0.0,0.0,0.0,1088.0,0.0,0.0,0.0,0.0,0.0,0.0,0.0,0.0,0.0,0.0,0.100000003352761,no_change,2026-08-20T15:11:25,0.0,0.0
SPXW,2026-08-21,0,Put,7140.0,SPXW260821P07140000,0.0,0.05,0.025,0.05,0.0,0.0,0.0,249.0,0.0,0.0,0.0,0.0,0.0,0.0,0.0,0.0,0.0,0.0,0.175000004470348,no_change,2026-08-20T16:04:50,0.0,0.0
SPX,2026-08-21,0,Call,7145.0,SPX260821C07145000,0.0,0.0,0.0,481.17,0.0,0.0,0.0,15.0,0.0,0.0,0.0,0.0,0.0,0.0,0.0,0.0,0.0,0.0,507.950012207031,no_change,2026-08-03T15:28:13,0.0,0.0
SPXW,2026-08-21,0,Call,7145.0,SPXW260821C07145000,520.2,540.1,530.1500000000001,556.47,0.0,0.0,0.0,2.0,0.0,1.0,0.0,0.0,0.0,0.0,526.8808,0.0,0.0,0.0,507.899993896484,up,2026-08-18T15:10:19,0.0,0.0
SPX,2026-08-21,0,Put,7145.0,SPX260821P07145000,0.0,0.0,0.0,0.15,0.0,0.0,0.0,1242.0,0.0,0.0,0.0,0.0,0.0,0.0,0.0,0.0,0.0,0.0,0.100000003352761,no_change,2026-08-20T14:32:33,0.0,0.0
SPXW,2026-08-21,0,Put,7145.0,SPXW260821P07145000,0.0,0.05,0.025,0.05,0.0,0.0,0.0,315.0,0.0,0.0,0.0,0.0,0.0,0.0,0.0,0.0,0.0,0.0,0.175000004470348,no_change,2026-08-20T16:04:50,0.0,0.0
SPX,2026-08-21,0,Call,7150.0,SPX260821C07150000,0.0,0.0,0.0,533.38,0.0,0.0,0.0,3942.0,0.0,0.0,0.0,0.0,0.0,0.0,0.0,0.0,0.0,0.0,502.950012207031,down,2026-08-20T09:30:18,0.0,0.0
SPXW,2026-08-21,0,Call,7150.0,SPXW260821C07150000,513.5,535.0,524.25,525.68,22.83,4.54012,1.0,92.0,0.0,1.0,0.0,0.0,0.0,0.0,521.8808,525.68,525.68,525.68,502.849990844727,down,2026-08-21T11:27:22,0.0,0.0
SPX,2026-08-21,0,Put,7150.0,SPX260821P07150000,0.0,0.0,0.0,0.13,0.0,0.0,0.0,12268.0,0.0,0.0,0.0,0.0,0.0,0.0,0.0,0.0,0.0,0.0,0.100000003352761,no_change,2026-08-20T15:27:57,0.0,0.0
SPXW,2026-08-21,0,Put,7150.0,SPXW260821P07150000,0.0,0.05,0.025,0.05,-0.125,-71.4286,2.0,1313.0,0.0,0.0,0.0,0.0,0.0,0.0,0.0,0.05,0.05,0.05,0.175000004470348,no_change,2026-08-21T09:36:32,0.0,0.0
SPX,2026-08-21,0,Call,7155.0,SPX260821C07155000,0.0,0.0,0.0,406.61,0.0,0.0,0.0,12.0,0.0,0.0,0.0,0.0,0.0,0.0,0.0,0.0,0.0,0.0,497.950012207031,down,2026-07-17T13:04:46,0.0,0.0
SPXW,2026-08-21,0,Call,7155.0,SPXW260821C07155000,510.2,530.1,520.15,559.47,0.0,0.0,0.0,7.0,0.0,1.0,0.0,0.0,0.0,0.0,516.8808,0.0,0.0,0.0,497.949996948242,down,2026-08-19T13:25:33,0.0,0.0
SPX,2026-08-21,0,Put,7155.0,SPX260821P07155000,0.0,0.0,0.0,0.1,0.0,0.0,0.0,313.0,0.0,0.0,0.0,0.0,0.0,0.0,0.0,0.0,0.0,0.0,0.125000001862645,down,2026-08-20T11:41:37,0.0,0.0
SPXW,2026-08-21,0,Put,7155.0,SPXW260821P07155000,0.0,0.05,0.025,0.05,-0.125,-71.4286,1.0,301.0,0.0,0.0,0.0,0.0,0.0,0.0,0.0,0.05,0.05,0.05,0.175000004470348,no_change,2026-08-21T09:36:45,0.0,0.0
SPX,2026-08-21,0,Call,7160.0,SPX260821C07160000,0.0,0.0,0.0,517.0,0.0,0.0,0.0,73.0,0.0,0.0,0.0,0.0,0.0,0.0,0.0,0.0,0.0,0.0,492.950012207031,down,2026-08-20T11:40:06,0.0,0.0
SPXW,2026-08-21,0,Call,7160.0,SPXW260821C07160000,505.2,525.1,515.15,571.51,0.0,0.0,0.0,41.0,0.0,1.0,0.0,0.0,0.0,0.0,511.8808,0.0,0.0,0.0,492.949996948242,down,2026-08-19T12:29:55,0.0,0.0
SPX,2026-08-21,0,Put,7160.0,SPX260821P07160000,0.0,0.0,0.0,0.15,0.0,0.0,0.0,804.0,0.0,0.0,0.0,0.0,0.0,0.0,0.0,0.0,0.0,0.0,0.125000001862645,up,2026-08-20T15:29:46,0.0,0.0
SPXW,2026-08-21,0,Put,7160.0,SPXW260821P07160000,0.0,0.05,0.025,0.05,0.0,0.0,0.0,237.0,0.0,0.0,0.0,0.0,0.0,0.0,0.0,0.0,0.0,0.0,0.175000004470348,no_change,2026-08-20T16:04:50,0.0,0.0
SPX,2026-08-21,0,Call,7165.0,SPX260821C07165000,0.0,0.0,0.0,651.68,0.0,0.0,0.0,9.0,0.0,0.0,0.0,0.0,0.0,0.0,0.0,0.0,0.0,0.0,487.900009155273,up,2026-08-13T10:34:04,0.0,0.0
SPXW,2026-08-21,0,Call,7165.0,SPXW260821C07165000,500.2,520.1,510.15,562.5,0.0,0.0,0.0,5.0,0.0,1.0,0.0,0.0,0.0,0.0,506.8808,0.0,0.0,0.0,487.949996948242,down,2026-08-19T11:51:50,0.0,0.0
SPX,2026-08-21,0,Put,7165.0,SPX260821P07165000,0.0,0.0,0.0,0.1,0.0,0.0,0.0,961.0,0.0,0.0,0.0,0.0,0.0,0.0,0.0,0.0,0.0,0.0,0.150000002235174,no_change,2026-08-20T15:23:31,0.0,0.0
SPXW,2026-08-21,0,Put,7165.0,SPXW260821P07165000,0.0,0.05,0.025,0.05,0.0,0.0,0.0,195.0,0.0,0.0,0.0,0.0,0.0,0.0,0.0,0.0,0.0,0.0,0.175000004470348,no_change,2026-08-20T16:04:50,0.0,0.0
SPX,2026-08-21,0,Call,7170.0,SPX260821C07170000,0.0,0.0,0.0,507.2,0.0,0.0,0.0,78.0,0.0,0.0,0.0,0.0,0.0,0.0,0.0,0.0,0.0,0.0,482.900009155273,no_change,2026-08-20T11:39:18,0.0,0.0
SPXW,2026-08-21,0,Call,7170.0,SPXW260821C07170000,495.4,514.4,504.9,511.0,28.05,5.80806,1.0,10.0,0.0,1.0,0.0,0.0,0.0,0.0,501.8808,511.0,511.0,511.0,482.949996948242,down,2026-08-21T12:26:13,0.0,0.0
SPX,2026-08-21,0,Put,7170.0,SPX260821P07170000,0.0,0.0,0.0,0.1,0.0,0.0,0.0,413.0,0.0,0.0,0.0,0.0,0.0,0.0,0.0,0.0,0.0,0.0,0.150000002235174,no_change,2026-08-20T13:30:57,0.0,0.0
SPXW,2026-08-21,0,Put,7170.0,SPXW260821P07170000,0.0,0.05,0.025,0.05,0.0,0.0,0.0,564.0,0.0,0.0,0.0,0.0,0.0,0.0,0.0,0.0,0.0,0.0,0.175000004470348,no_change,2026-08-20T16:04:50,0.0,0.0
SPX,2026-08-21,0,Call,7175.0,SPX260821C07175000,0.0,0.0,0.0,502.2,0.0,0.0,0.0,497.0,0.0,0.0,0.0,0.0,0.0,0.0,0.0,0.0,0.0,0.0,477.900009155273,down,2026-08-20T11:39:00,0.0,0.0
SPXW,2026-08-21,0,Call,7175.0,SPXW260821C07175000,490.2,510.1,500.15,500.58,22.63,4.73481,2.0,34.0,0.0,1.0,0.0,0.0,0.0,0.0,496.8808,500.58,500.58,500.58,477.949996948242,no_change,2026-08-21T13:49:58,0.0,0.0
SPX,2026-08-21,0,Put,7175.0,SPX260821P07175000,0.0,0.0,0.0,0.1,0.0,0.0,0.0,3396.0,0.0,0.0,0.0,0.0,0.0,0.0,0.0,0.0,0.0,0.0,0.150000002235174,no_change,2026-08-20T15:47:23,0.0,0.0
SPXW,2026-08-21,0,Put,7175.0,SPXW260821P07175000,0.0,0.05,0.025,0.05,-0.125,-71.4286,6.0,1034.0,0.0,0.0,0.0,0.0,0.0,0.0,0.0,0.05,0.05,0.05,0.175000004470348,no_change,2026-08-21T09:30:02,0.0,0.0
SPX,2026-08-21,0,Call,7180.0,SPX260821C07180000,0.0,0.0,0.0,499.8,0.0,0.0,0.0,65.0,0.0,0.0,0.0,0.0,0.0,0.0,0.0,0.0,0.0,0.0,472.900009155273,down,2026-08-20T11:34:18,0.0,0.0
SPXW,2026-08-21,0,Call,7180.0,SPXW260821C07180000,485.2,505.1,495.15,548.1,0.0,0.0,0.0,28.0,0.0,1.0,0.0,0.0,0.0,0.0,491.8808,0.0,0.0,0.0,472.850006103516,up,2026-08-19T11:47:51,0.0,0.0
SPX,2026-08-21,0,Put,7180.0,SPX260821P07180000,0.0,0.0,0.0,0.5,0.0,0.0,0.0,594.0,0.0,0.0,0.0,0.0,0.0,0.0,0.0,0.0,0.0,0.0,0.150000002235174,no_change,2026-08-19T09:48:41,0.0,0.0
SPXW,2026-08-21,0,Put,7180.0,SPXW260821P07180000,0.0,0.05,0.025,0.05,0.0,0.0,0.0,1894.0,0.0,0.0,0.0,0.0,0.0,0.0,0.0,0.0,0.0,0.0,0.200000002980232,no_change,2026-08-20T16:04:50,0.0,0.0
SPX,2026-08-21,0,Call,7185.0,SPX260821C07185000,0.0,0.0,0.0,287.35,0.0,0.0,0.0,3.0,0.0,0.0,0.0,0.0,0.0,0.0,0.0,0.0,0.0,0.0,468.0,down,2026-07-27T14:24:37,0.0,0.0
SPXW,2026-08-21,0,Call,7185.0,SPXW260821C07185000,478.8,497.9,488.35,516.33,0.0,0.0,0.0,2.0,0.0,1.0,0.0,0.0,0.0,0.0,486.8808,0.0,0.0,0.0,467.850006103516,up,2026-08-18T15:03:38,0.0,0.0
SPX,2026-08-21,0,Put,7185.0,SPX260821P07185000,0.0,0.0,0.0,0.29,0.0,0.0,0.0,263.0,0.0,0.0,0.0,0.0,0.0,0.0,0.0,0.0,0.0,0.0,0.150000002235174,down,2026-08-19T15:51:12,0.0,0.0
SPXW,2026-08-21,0,Put,7185.0,SPXW260821P07185000,0.0,0.05,0.025,0.05,-0.15,-75.0,1.0,321.0,0.0,0.0,0.0,0.0,0.0,0.0,0.0,0.05,0.05,0.05,0.200000002980232,no_change,2026-08-21T10:22:58,0.0,0.0
SPX,2026-08-21,0,Call,7190.0,SPX260821C07190000,0.0,0.0,0.0,563.72,0.0,0.0,0.0,40.0,0.0,0.0,0.0,0.0,0.0,0.0,0.0,0.0,0.0,0.0,463.0,up,2026-08-05T15:30:28,0.0,0.0
SPXW,2026-08-21,0,Call,7190.0,SPXW260821C07190000,475.4,495.1,485.25,537.63,0.0,0.0,0.0,19.0,0.0,1.0,0.0,0.0,0.0,0.0,481.8808,0.0,0.0,0.0,462.850006103516,up,2026-08-19T11:46:33,0.0,0.0
SPX,2026-08-21,0,Put,7190.0,SPX260821P07190000,0.0,0.0,0.0,0.15,0.0,0.0,0.0,387.0,0.0,0.0,0.0,0.0,0.0,0.0,0.0,0.0,0.0,0.0,0.12500000372529,no_change,2026-08-20T13:37:33,0.0,0.0
SPXW,2026-08-21,0,Put,7190.0,SPXW260821P07190000,0.0,0.05,0.025,0.05,0.0,0.0,0.0,549.0,0.0,0.0,0.0,0.0,0.0,0.0,0.0,0.0,0.0,0.0,0.200000002980232,no_change,2026-08-20T16:04:50,0.0,0.0
SPX,2026-08-21,0,Call,7195.0,SPX260821C07195000,0.0,0.0,0.0,484.17,0.0,0.0,0.0,11.0,0.0,0.0,0.0,0.0,0.0,0.0,0.0,0.0,0.0,0.0,458.0,up,2026-08-04T10:03:25,0.0,0.0
SPXW,2026-08-21,0,Call,7195.0,SPXW260821C07195000,468.8,490.1,479.45000000000005,585.45,0.0,0.0,0.0,6.0,0.0,1.0,0.0,0.0,0.0,0.0,476.8808,0.0,0.0,0.0,457.900009155273,no_change,2026-08-17T11:29:13,0.0,0.0
SPX,2026-08-21,0,Put,7195.0,SPX260821P07195000,0.0,0.0,0.0,0.4,0.0,0.0,0.0,443.0,0.0,0.0,0.0,0.0,0.0,0.0,0.0,0.0,0.0,0.0,0.150000002235174,down,2026-08-19T10:49:37,0.0,0.0
SPXW,2026-08-21,0,Put,7195.0,SPXW260821P07195000,0.0,0.05,0.025,0.05,0.0,0.0,0.0,819.0,0.0,0.0,0.0,0.0,0.0,0.0,0.0,0.0,0.0,0.0,0.200000002980232,no_change,2026-08-20T16:04:50,0.0,0.0
SPX,2026-08-21,0,Call,7200.0,SPX260821C07200000,0.0,0.0,0.0,458.56,0.0,0.0,0.0,3940.0,0.0,0.0,0.0,0.0,0.0,0.0,0.0,0.0,0.0,0.0,453.0,down,2026-08-20T14:09:09,0.0,0.0
SPXW,2026-08-21,0,Call,7200.0,SPXW260821C07200000,465.2,485.1,475.15,476.9,23.95,5.28756,206.0,481.0,0.0,1.0,0.0,0.0,0.0,0.0,471.8808,471.55,476.9,461.61,452.949996948242,no_change,2026-08-21T11:18:41,0.0,0.0
SPX,2026-08-21,0,Put,7200.0,SPX260821P07200000,0.0,0.0,0.0,0.1,0.0,0.0,0.0,19391.0,0.0,0.0,0.0,0.0,0.0,0.0,0.0,0.0,0.0,0.0,0.12500000372529,no_change,2026-08-20T15:51:08,0.0,0.0
SPXW,2026-08-21,0,Put,7200.0,SPXW260821P07200000,0.0,0.05,0.025,0.05,-0.175,-77.7778,11.0,2377.0,0.0,0.0,0.0,0.0,0.0,0.0,0.0,0.03,0.05,0.03,0.225000001490116,up,2026-08-21T13:42:07,0.0,0.0
SPX,2026-08-21,0,Call,7205.0,SPX260821C07205000,0.0,0.0,0.0,295.48,0.0,0.0,0.0,30.0,0.0,0.0,0.0,0.0,0.0,0.0,0.0,0.0,0.0,0.0,448.0,up,2026-07-29T14:54:31,0.0,0.0
SPXW,2026-08-21,0,Call,7205.0,SPXW260821C07205000,458.8,477.9,468.35,496.02,0.0,0.0,0.0,3.0,0.0,1.0,0.0,0.0,0.0,0.0,466.8808,0.0,0.0,0.0,447.900009155273,up,2026-08-18T11:37:40,0.0,0.0
SPX,2026-08-21,0,Put,7205.0,SPX260821P07205000,0.0,0.0,0.0,0.55,0.0,0.0,0.0,951.0,0.0,0.0,0.0,0.0,0.0,0.0,0.0,0.0,0.0,0.0,0.150000002235174,up,2026-08-19T09:48:17,0.0,0.0
SPXW,2026-08-21,0,Put,7205.0,SPXW260821P07205000,0.0,0.05,0.025,0.03,-0.17,-85.0,2.0,565.0,0.0,0.0,0.0,0.0,0.0,0.0,0.0,0.03,0.03,0.03,0.200000002980232,no_change,2026-08-21T14:57:44,0.0,0.0
SPX,2026-08-21,0,Call,7210.0,SPX260821C07210000,0.0,0.0,0.0,448.56,0.0,0.0,0.0,206.0,0.0,0.0,0.0,0.0,0.0,0.0,0.0,0.0,0.0,0.0,443.0,down,2026-08-20T14:09:09,0.0,0.0
SPXW,2026-08-21,0,Call,7210.0,SPXW260821C07210000,455.2,475.1,465.15,217.07,0.0,0.0,0.0,7.0,0.0,1.0,0.0,0.0,0.0,0.0,461.8808,0.0,0.0,0.0,442.949996948242,down,2026-07-29T15:50:07,0.0,0.0
SPX,2026-08-21,0,Put,7210.0,SPX260821P07210000,0.0,0.0,0.0,0.15,0.0,0.0,0.0,400.0,0.0,0.0,0.0,0.0,0.0,0.0,0.0,0.0,0.0,0.0,0.150000002235174,no_change,2026-08-20T14:22:07,0.0,0.0
SPXW,2026-08-21,0,Put,7210.0,SPXW260821P07210000,0.0,0.05,0.025,0.05,0.0,0.0,0.0,664.0,0.0,0.0,0.0,0.0,0.0,0.0,0.0,0.0,0.0,0.0,0.200000002980232,no_change,2026-08-20T16:04:50,0.0,0.0
SPX,2026-08-21,0,Call,7215.0,SPX260821C07215000,0.0,0.0,0.0,281.53,0.0,0.0,0.0,15.0,0.0,0.0,0.0,0.0,0.0,0.0,0.0,0.0,0.0,0.0,438.0,up,2026-07-30T15:13:16,0.0,0.0
SPXW,2026-08-21,0,Call,7215.0,SPXW260821C07215000,451.4,468.0,459.7,506.4,0.0,0.0,0.0,10.0,0.0,1.0,0.0,0.0,0.0,0.0,456.8808,0.0,0.0,0.0,437.900009155273,up,2026-08-19T15:20:04,0.0,0.0
SPX,2026-08-21,0,Put,7215.0,SPX260821P07215000,0.0,0.0,0.0,0.15,0.0,0.0,0.0,312.0,0.0,0.0,0.0,0.0,0.0,0.0,0.0,0.0,0.0,0.0,0.150000002235174,no_change,2026-08-20T15:58:10,0.0,0.0
SPXW,2026-08-21,0,Put,7215.0,SPXW260821P07215000,0.0,0.05,0.025,0.03,-0.195,-86.6667,2.0,310.0,0.0,0.0,0.0,0.0,0.0,0.0,0.0,0.03,0.03,0.03,0.225000001490116,down,2026-08-21T10:19:07,0.0,0.0
SPX,2026-08-21,0,Call,7220.0,SPX260821C07220000,0.0,0.0,0.0,407.04,0.0,0.0,0.0,114.0,0.0,0.0,0.0,0.0,0.0,0.0,0.0,0.0,0.0,0.0,433.0,up,2026-08-03T14:10:50,0.0,0.0
SPXW,2026-08-21,0,Call,7220.0,SPXW260821C07220000,442.8,464.5,453.65,458.7,25.7,5.93533,9.0,18.0,0.0,1.0,0.0,0.0,0.0,0.0,451.8808,451.3,462.6,446.7,433.0,up,2026-08-21T15:19:50,0.0,0.0
SPX,2026-08-21,0,Put,7220.0,SPX260821P07220000,0.0,0.0,0.0,0.15,0.0,0.0,0.0,2080.0,0.0,0.0,0.0,0.0,0.0,0.0,0.0,0.0,0.0,0.0,0.150000002235174,no_change,2026-08-20T15:55:43,0.0,0.0
SPXW,2026-08-21,0,Put,7220.0,SPXW260821P07220000,0.0,0.05,0.025,0.03,-0.195,-86.6667,1.0,276.0,0.0,0.0,0.0,0.0,0.0,0.0,0.0,0.03,0.03,0.03,0.225000001490116,down,2026-08-21T09:33:47,0.0,0.0
SPX,2026-08-21,0,Call,7225.0,SPX260821C07225000,0.0,0.0,0.0,451.7,0.0,0.0,0.0,1114.0,0.0,0.0,0.0,0.0,0.0,0.0,0.0,0.0,0.0,0.0,428.0,down,2026-08-20T11:40:02,0.0,0.0
SPXW,2026-08-21,0,Call,7225.0,SPXW260821C07225000,440.4,461.3,450.85,454.6,26.6,6.21495,14.0,42.0,0.0,1.0,0.0,0.0,0.0,0.0,446.8808,446.4,459.9,446.0,428.0,up,2026-08-21T15:41:50,0.0,0.0
SPX,2026-08-21,0,Put,7225.0,SPX260821P07225000,0.0,0.0,0.0,0.1,0.0,0.0,0.0,2472.0,0.0,0.0,0.0,0.0,0.0,0.0,0.0,0.0,0.0,0.0,0.150000002235174,down,2026-08-20T16:04:21,0.0,0.0
SPXW,2026-08-21,0,Put,7225.0,SPXW260821P07225000,0.0,0.05,0.025,0.03,-0.195,-86.6667,114.0,1048.0,0.0,0.0,0.0,0.0,0.0,0.0,0.0,0.05,0.05,0.03,0.225000001490116,no_change,2026-08-21T12:09:35,0.0,0.0
SPX,2026-08-21,0,Call,7230.0,SPX260821C07230000,0.0,0.0,0.0,522.99,0.0,0.0,0.0,76.0,0.0,0.0,0.0,0.0,0.0,0.0,0.0,0.0,0.0,0.0,422.949996948242,up,2026-08-04T15:58:23,0.0,0.0
SPXW,2026-08-21,0,Call,7230.0,SPXW260821C07230000,435.4,456.3,445.85,528.58,0.0,0.0,0.0,10.0,0.0,1.0,0.0,0.0,0.0,0.0,441.8808,0.0,0.0,0.0,422.949996948242,up,2026-08-17T14:36:45,0.0,0.0
SPX,2026-08-21,0,Put,7230.0,SPX260821P07230000,0.0,0.0,0.0,0.15,0.0,0.0,0.0,1228.0,0.0,0.0,0.0,0.0,0.0,0.0,0.0,0.0,0.0,0.0,0.150000002235174,no_change,2026-08-20T15:48:03,0.0,0.0
SPXW,2026-08-21,0,Put,7230.0,SPXW260821P07230000,0.0,0.05,0.025,0.05,-0.175,-77.7778,9.0,806.0,0.0,0.0,0.0,0.0,0.0,0.0,0.0,0.03,0.05,0.03,0.225000001490116,no_change,2026-08-21T11:43:39,0.0,0.0
SPX,2026-08-21,0,Call,7235.0,SPX260821C07235000,0.0,0.0,0.0,251.31,0.0,0.0,0.0,85.0,0.0,0.0,0.0,0.0,0.0,0.0,0.0,0.0,0.0,0.0,417.949996948242,down,2026-07-31T10:43:33,0.0,0.0
SPXW,2026-08-21,0,Call,7235.0,SPXW260821C07235000,428.5,450.7,439.6,450.1,0.0,0.0,0.0,8.0,0.0,1.0,0.0,0.0,0.0,0.0,436.8808,0.0,0.0,0.0,418.0,no_change,2026-08-20T09:30:02,0.0,0.0
SPX,2026-08-21,0,Put,7235.0,SPX260821P07235000,0.0,0.0,0.0,0.15,0.0,0.0,0.0,667.0,0.0,0.0,0.0,0.0,0.0,0.0,0.0,0.0,0.0,0.0,0.150000002235174,no_change,2026-08-20T14:24:01,0.0,0.0
SPXW,2026-08-21,0,Put,7235.0,SPXW260821P07235000,0.0,0.05,0.025,0.1,0.0,0.0,0.0,1183.0,0.0,0.0,0.0,0.0,0.0,0.0,0.0,0.0,0.0,0.0,0.225000001490116,no_change,2026-08-20T16:07:03,0.0,0.0
SPX,2026-08-21,0,Call,7240.0,SPX260821C07240000,0.0,0.0,0.0,418.65,0.0,0.0,0.0,86.0,0.0,0.0,0.0,0.0,0.0,0.0,0.0,0.0,0.0,0.0,412.949996948242,up,2026-08-20T14:09:09,0.0,0.0
SPXW,2026-08-21,0,Call,7240.0,SPXW260821C07240000,425.4,446.3,435.85,493.16,0.0,0.0,0.0,17.0,0.0,1.0,0.0,0.0,0.0,0.0,431.8808,0.0,0.0,0.0,413.0,no_change,2026-08-04T12:33:49,0.0,0.0
SPX,2026-08-21,0,Put,7240.0,SPX260821P07240000,0.0,0.0,0.0,0.15,0.0,0.0,0.0,604.0,0.0,0.0,0.0,0.0,0.0,0.0,0.0,0.0,0.0,0.0,0.150000002235174,no_change,2026-08-20T15:50:31,0.0,0.0
SPXW,2026-08-21,0,Put,7240.0,SPXW260821P07240000,0.0,0.05,0.025,0.03,-0.195,-86.6667,1.0,1198.0,0.0,0.0,0.0,0.0,0.0,0.0,0.0,0.03,0.03,0.03,0.225000001490116,down,2026-08-21T12:58:07,0.0,0.0
SPX,2026-08-21,0,Call,7245.0,SPX260821C07245000,0.0,0.0,0.0,519.55,0.0,0.0,0.0,11.0,0.0,0.0,0.0,0.0,0.0,0.0,0.0,0.0,0.0,0.0,407.949996948242,up,2026-08-10T09:58:15,0.0,0.0
SPXW,2026-08-21,0,Call,7245.0,SPXW260821C07245000,420.4,441.3,430.85,460.07,0.0,0.0,0.0,19.0,0.0,1.0,0.0,0.0,0.0,0.0,426.8808,0.0,0.0,0.0,408.0,up,2026-08-18T13:49:23,0.0,0.0
SPX,2026-08-21,0,Put,7245.0,SPX260821P07245000,0.0,0.0,0.0,0.15,0.0,0.0,0.0,639.0,0.0,0.0,0.0,0.0,0.0,0.0,0.0,0.0,0.0,0.0,0.150000002235174,no_change,2026-08-20T15:56:59,0.0,0.0
SPXW,2026-08-21,0,Put,7245.0,SPXW260821P07245000,0.0,0.05,0.025,0.03,-0.22,-88.0,7.0,215.0,0.0,0.0,0.0,0.0,0.0,0.0,0.0,0.05,0.05,0.03,0.250000007450581,no_change,2026-08-21T09:33:01,0.0,0.0
SPX,2026-08-21,0,Call,7250.0,SPX260821C07250000,0.0,0.0,0.0,408.12,0.0,0.0,0.0,4796.0,0.0,0.0,0.0,0.0,0.0,0.0,0.0,0.0,0.0,0.0,403.050003051758,down,2026-08-20T14:19:22,0.0,0.0
SPXW,2026-08-21,0,Call,7250.0,SPXW260821C07250000,413.5,436.0,424.75,424.18,21.18,5.25558,2.0,389.0,0.0,1.0,0.0,0.0,0.0,0.0,421.8808,419.95,424.18,419.95,403.0,up,2026-08-21T13:57:53,0.0,0.0
SPX,2026-08-21,0,Put,7250.0,SPX260821P07250000,0.0,0.0,0.0,0.15,0.0,0.0,0.0,11796.0,0.0,0.0,0.0,0.0,0.0,0.0,0.0,0.0,0.0,0.0,0.150000002235174,no_change,2026-08-20T16:01:23,0.0,0.0
SPXW,2026-08-21,0,Put,7250.0,SPXW260821P07250000,0.0,0.05,0.025,0.03,-0.22,-88.0,30.0,5613.0,0.0,0.0,0.0,0.0,0.0,0.0,0.0,0.05,0.05,0.03,0.250000007450581,down,2026-08-21T12:09:42,0.0,0.0
SPX,2026-08-21,0,Call,7255.0,SPX260821C07255000,0.0,0.0,0.0,344.94,0.0,0.0,0.0,40.0,0.0,0.0,0.0,0.0,0.0,0.0,0.0,0.0,0.0,0.0,398.050003051758,up,2026-08-03T11:16:03,0.0,0.0
SPXW,2026-08-21,0,Call,7255.0,SPXW260821C07255000,408.5,431.0,419.75,401.76,0.0,0.0,0.0,33.0,0.0,1.0,0.0,0.0,0.0,0.0,416.8808,0.0,0.0,0.0,398.0,no_change,2026-08-20T14:25:35,0.0,0.0
SPX,2026-08-21,0,Put,7255.0,SPX260821P07255000,0.0,0.0,0.0,0.2,0.0,0.0,0.0,1286.0,0.0,0.0,0.0,0.0,0.0,0.0,0.0,0.0,0.0,0.0,0.150000002235174,no_change,2026-08-20T15:48:51,0.0,0.0
SPXW,2026-08-21,0,Put,7255.0,SPXW260821P07255000,0.0,0.05,0.025,0.03,-0.22,-88.0,6.0,1378.0,0.0,0.0,0.0,0.0,0.0,0.0,0.0,0.03,0.03,0.03,0.250000007450581,no_change,2026-08-21T09:51:08,0.0,0.0
SPX,2026-08-21,0,Call,7260.0,SPX260821C07260000,0.0,0.0,0.0,461.3,0.0,0.0,0.0,547.0,0.0,0.0,0.0,0.0,0.0,0.0,0.0,0.0,0.0,0.0,393.050003051758,up,2026-08-19T13:13:47,0.0,0.0
SPXW,2026-08-21,0,Call,7260.0,SPXW260821C07260000,405.4,426.3,415.85,412.8,19.75,5.02481,1.0,29.0,0.0,1.0,0.0,0.0,0.0,0.0,411.8808,412.8,412.8,412.8,393.050003051758,down,2026-08-21T14:15:54,0.0,0.0
SPX,2026-08-21,0,Put,7260.0,SPX260821P07260000,0.0,0.0,0.0,0.2,0.0,0.0,0.0,538.0,0.0,0.0,0.0,0.0,0.0,0.0,0.0,0.0,0.0,0.0,0.200000002980232,no_change,2026-08-20T13:43:56,0.0,0.0
SPXW,2026-08-21,0,Put,7260.0,SPXW260821P07260000,0.0,0.05,0.025,0.03,-0.22,-88.0,1.0,493.0,0.0,0.0,0.0,0.0,0.0,0.0,0.0,0.03,0.03,0.03,0.250000007450581,down,2026-08-21T14:57:21,0.0,0.0
SPX,2026-08-21,0,Call,7265.0,SPX260821C07265000,0.0,0.0,0.0,194.27,0.0,0.0,0.0,56.0,0.0,0.0,0.0,0.0,0.0,0.0,0.0,0.0,0.0,0.0,388.050003051758,up,2026-07-30T09:30:46,0.0,0.0
SPXW,2026-08-21,0,Call,7265.0,SPXW260821C07265000,398.5,420.7,409.6,334.0,0.0,0.0,0.0,17.0,0.0,1.0,0.0,0.0,0.0,0.0,406.8808,0.0,0.0,0.0,388.0,up,2026-08-03T10:48:25,0.0,0.0
SPX,2026-08-21,0,Put,7265.0,SPX260821P07265000,0.0,0.0,0.0,0.2,0.0,0.0,0.0,266.0,0.0,0.0,0.0,0.0,0.0,0.0,0.0,0.0,0.0,0.0,0.200000002980232,no_change,2026-08-20T09:33:50,0.0,0.0
SPXW,2026-08-21,0,Put,7265.0,SPXW260821P07265000,0.0,0.05,0.025,0.1,0.0,0.0,0.0,200.0,0.0,0.0,0.0,0.0,0.0,0.0,0.0,0.0,0.0,0.0,0.250000007450581,no_change,2026-08-20T16:04:50,0.0,0.0
SPX,2026-08-21,0,Call,7270.0,SPX260821C07270000,0.0,0.0,0.0,536.91,0.0,0.0,0.0,43.0,0.0,0.0,0.0,0.0,0.0,0.0,0.0,0.0,0.0,0.0,383.050003051758,up,2026-08-13T10:04:27,0.0,0.0
SPXW,2026-08-21,0,Call,7270.0,SPXW260821C07270000,393.5,416.0,404.75,398.6,15.55,4.05952,1.0,50.0,0.0,1.0,0.0,0.0,0.0,0.0,401.8808,398.6,398.6,398.6,383.050003051758,down,2026-08-21T10:05:08,0.0,0.0
SPX,2026-08-21,0,Put,7270.0,SPX260821P07270000,0.0,0.0,0.0,0.15,0.0,0.0,0.0,413.0,0.0,0.0,0.0,0.0,0.0,0.0,0.0,0.0,0.0,0.0,0.200000002980232,no_change,2026-08-20T15:51:38,0.0,0.0
SPXW,2026-08-21,0,Put,7270.0,SPXW260821P07270000,0.0,0.05,0.025,0.1,0.0,0.0,0.0,947.0,0.0,0.0,0.0,0.0,0.0,0.0,0.0,0.0,0.0,0.0,0.250000007450581,no_change,2026-08-20T16:04:50,0.0,0.0
SPX,2026-08-21,0,Call,7275.0,SPX260821C07275000,0.0,0.0,0.0,402.0,0.0,0.0,0.0,821.0,0.0,0.0,0.0,0.0,0.0,0.0,0.0,0.0,0.0,0.0,378.050003051758,down,2026-08-20T11:39:55,0.0,0.0
SPXW,2026-08-21,0,Call,7275.0,SPXW260821C07275000,388.5,411.0,399.75,391.98,13.93,3.6847,1.0,30.0,0.0,1.0,0.0,0.0,0.0,0.0,396.8808,391.98,391.98,391.98,378.050003051758,up,2026-08-21T10:17:37,0.0,0.0
SPX,2026-08-21,0,Put,7275.0,SPX260821P07275000,0.0,0.0,0.0,0.1,0.0,0.0,0.0,4270.0,0.0,0.0,0.0,0.0,0.0,0.0,0.0,0.0,0.0,0.0,0.200000002980232,no_change,2026-08-20T16:03:37,0.0,0.0
SPXW,2026-08-21,0,Put,7275.0,SPXW260821P07275000,0.0,0.05,0.025,0.04,-0.235,-85.4545,51.0,460.0,0.0,0.0,0.0,0.0,0.0,0.0,0.0,0.03,0.04,0.03,0.275000005960464,up,2026-08-21T10:43:42,0.0,0.0
SPX,2026-08-21,0,Call,7280.0,SPX260821C07280000,0.0,0.0,0.0,463.99,0.0,0.0,0.0,63.0,0.0,0.0,0.0,0.0,0.0,0.0,0.0,0.0,0.0,0.0,373.050003051758,up,2026-08-19T11:02:37,0.0,0.0
SPXW,2026-08-21,0,Call,7280.0,SPXW260821C07280000,385.4,406.3,395.85,460.53,0.0,0.0,0.0,49.0,0.0,1.0,0.0,0.0,0.0,0.0,391.8808,0.0,0.0,0.0,373.050003051758,up,2026-08-19T11:08:59,0.0,0.0
SPX,2026-08-21,0,Put,7280.0,SPX260821P07280000,0.0,0.0,0.0,0.25,0.0,0.0,0.0,423.0,0.0,0.0,0.0,0.0,0.0,0.0,0.0,0.0,0.0,0.0,0.200000002980232,up,2026-08-20T15:01:31,0.0,0.0
SPXW,2026-08-21,0,Put,7280.0,SPXW260821P07280000,0.0,0.05,0.025,0.03,-0.245,-89.0909,1.0,1825.0,0.0,0.0,0.0,0.0,0.0,0.0,0.0,0.03,0.03,0.03,0.275000005960464,down,2026-08-21T09:58:35,0.0,0.0
SPX,2026-08-21,0,Call,7285.0,SPX260821C07285000,0.0,0.0,0.0,316.22,0.0,0.0,0.0,30.0,0.0,0.0,0.0,0.0,0.0,0.0,0.0,0.0,0.0,0.0,368.050003051758,up,2026-08-03T10:52:02,0.0,0.0
SPXW,2026-08-21,0,Call,7285.0,SPXW260821C07285000,380.4,401.3,390.85,393.0,24.95,6.77897,3.0,19.0,0.0,1.0,0.0,0.0,0.0,0.0,386.8808,393.0,393.0,393.0,368.050003051758,no_change,2026-08-21T11:29:52,0.0,0.0
SPX,2026-08-21,0,Put,7285.0,SPX260821P07285000,0.0,0.0,0.0,0.15,0.0,0.0,0.0,548.0,0.0,0.0,0.0,0.0,0.0,0.0,0.0,0.0,0.0,0.0,0.200000002980232,down,2026-08-20T15:54:50,0.0,0.0
SPXW,2026-08-21,0,Put,7285.0,SPXW260821P07285000,0.0,0.05,0.025,0.1,0.0,0.0,0.0,171.0,0.0,0.0,0.0,0.0,0.0,0.0,0.0,0.0,0.0,0.0,0.275000005960464,no_change,2026-08-20T16:04:50,0.0,0.0
SPX,2026-08-21,0,Call,7290.0,SPX260821C07290000,0.0,0.0,0.0,322.47,0.0,0.0,0.0,30.0,0.0,0.0,0.0,0.0,0.0,0.0,0.0,0.0,0.0,0.0,363.0,up,2026-08-03T12:41:16,0.0,0.0
SPXW,2026-08-21,0,Call,7290.0,SPXW260821C07290000,373.6,396.0,384.8,385.58,22.63,6.23501,1.0,34.0,0.0,1.0,0.0,0.0,0.0,0.0,382.9738,385.58,385.58,385.58,362.950012207031,up,2026-08-21T13:37:51,0.0,0.0
SPX,2026-08-21,0,Put,7290.0,SPX260821P07290000,0.0,0.0,0.0,0.18,0.0,0.0,0.0,1599.0,0.0,0.0,0.0,0.0,0.0,0.0,0.0,0.0,0.0,0.0,0.200000002980232,no_change,2026-08-20T10:45:30,0.0,0.0
SPXW,2026-08-21,0,Put,7290.0,SPXW260821P07290000,0.0,0.05,0.025,0.05,-0.225,-81.8182,45.0,388.0,0.0,0.0,0.0,0.0,0.0,0.0,0.0,0.05,0.05,0.05,0.275000005960464,no_change,2026-08-21T09:30:02,0.0,0.0
SPX,2026-08-21,0,Call,7295.0,SPX260821C07295000,0.0,0.0,0.0,450.64,0.0,0.0,0.0,15.0,0.0,0.0,0.0,0.0,0.0,0.0,0.0,0.0,0.0,0.0,358.0,down,2026-08-06T09:58:06,0.0,0.0
SPXW,2026-08-21,0,Call,7295.0,SPXW260821C07295000,369.3,387.9,378.6,466.1,0.0,0.0,0.0,12.0,0.0,1.0,0.0,0.0,0.0,0.0,377.9738,0.0,0.0,0.0,357.950012207031,down,2026-08-10T13:16:53,0.0,0.0
SPX,2026-08-21,0,Put,7295.0,SPX260821P07295000,0.0,0.0,0.0,0.15,0.0,0.0,0.0,896.0,0.0,0.0,0.0,0.0,0.0,0.0,0.0,0.0,0.0,0.0,0.200000002980232,down,2026-08-20T15:54:50,0.0,0.0
SPXW,2026-08-21,0,Put,7295.0,SPXW260821P07295000,0.0,0.05,0.025,0.03,-0.245,-89.0909,51.0,323.0,0.0,0.0,0.0,0.0,0.0,0.0,0.0,0.05,0.05,0.03,0.275000005960464,no_change,2026-08-21T15:45:09,0.0,0.0
SPX,2026-08-21,0,Call,7300.0,SPX260821C07300000,0.0,0.0,0.0,386.75,0.0,0.0,0.0,5902.0,0.0,0.0,0.0,0.0,0.0,0.0,0.0,0.0,0.0,0.0,353.0,up,2026-08-20T11:30:48,0.0,0.0
SPXW,2026-08-21,0,Call,7300.0,SPXW260821C07300000,365.4,386.4,375.9,377.56,24.51,6.94236,6.0,297.0,0.0,1.0,0.0,0.0,0.0,0.0,372.9738,367.81,378.19,366.0,353.050003051758,up,2026-08-21T14:57:21,0.0,0.0
SPX,2026-08-21,0,Put,7300.0,SPX260821P07300000,0.0,0.0,0.0,0.22,0.0,0.0,0.0,24915.0,0.0,0.0,0.0,0.0,0.0,0.0,0.0,0.0,0.0,0.0,0.200000002980232,up,2026-08-20T15:53:02,0.0,0.0
SPXW,2026-08-21,0,Put,7300.0,SPXW260821P07300000,0.0,0.05,0.025,0.03,-0.245,-89.0909,138.0,4649.0,0.0,0.0,0.0,0.0,0.0,0.0,0.0,0.05,0.05,0.03,0.275000005960464,no_change,2026-08-21T15:47:53,0.0,0.0
SPX,2026-08-21,0,Call,7305.0,SPX260821C07305000,0.0,0.0,0.0,448.2,0.0,0.0,0.0,17.0,0.0,0.0,0.0,0.0,0.0,0.0,0.0,0.0,0.0,0.0,348.0,up,2026-08-05T15:34:27,0.0,0.0
SPXW,2026-08-21,0,Call,7305.0,SPXW260821C07305000,358.6,380.7,369.65,367.22,19.17,5.50783,2.0,14.0,0.0,1.0,0.0,0.0,0.0,0.0,367.9738,370.53,370.53,367.22,348.050003051758,down,2026-08-21T14:09:53,0.0,0.0
SPX,2026-08-21,0,Put,7305.0,SPX260821P07305000,0.0,0.0,0.0,0.25,0.0,0.0,0.0,218.0,0.0,0.0,0.0,0.0,0.0,0.0,0.0,0.0,0.0,0.0,0.200000002980232,down,2026-08-20T14:06:16,0.0,0.0
SPXW,2026-08-21,0,Put,7305.0,SPXW260821P07305000,0.0,0.05,0.025,0.15,0.0,0.0,0.0,266.0,0.0,0.0,0.0,0.0,0.0,0.0,0.0,0.0,0.0,0.0,0.299999997019768,up,2026-08-20T16:07:53,0.0,0.0
SPX,2026-08-21,0,Call,7310.0,SPX260821C07310000,0.0,0.0,0.0,448.92,0.0,0.0,0.0,210.0,0.0,0.0,0.0,0.0,0.0,0.0,0.0,0.0,0.0,0.0,343.050003051758,up,2026-08-12T12:54:38,0.0,0.0
SPXW,2026-08-21,0,Call,7310.0,SPXW260821C07310000,355.4,376.4,365.9,364.14,21.09,6.14779,2.0,108.0,0.0,1.0,0.0,0.0,0.0,0.0,362.9738,369.2,369.2,364.14,343.050003051758,down,2026-08-21T13:57:53,0.0,0.0
SPX,2026-08-21,0,Put,7310.0,SPX260821P07310000,0.0,0.0,0.0,0.25,0.0,0.0,0.0,209.0,0.0,0.0,0.0,0.0,0.0,0.0,0.0,0.0,0.0,0.0,0.200000002980232,down,2026-08-20T14:39:58,0.0,0.0
SPXW,2026-08-21,0,Put,7310.0,SPXW260821P07310000,0.0,0.05,0.025,0.05,-0.25,-83.3333,46.0,871.0,0.0,0.0,0.0,0.0,0.0,0.0,0.0,0.05,0.05,0.05,0.299999997019768,no_change,2026-08-21T15:49:01,0.0,0.0
SPX,2026-08-21,0,Call,7315.0,SPX260821C07315000,0.0,0.0,0.0,357.3,0.0,0.0,0.0,24.0,0.0,0.0,0.0,0.0,0.0,0.0,0.0,0.0,0.0,0.0,338.149993896484,down,2026-08-20T13:24:53,0.0,0.0
SPXW,2026-08-21,0,Call,7315.0,SPXW260821C07315000,348.6,371.0,359.8,457.25,0.0,0.0,0.0,15.0,0.0,1.0,0.0,0.0,0.0,0.0,357.9738,0.0,0.0,0.0,338.050003051758,up,2026-08-04T15:44:23,0.0,0.0
SPX,2026-08-21,0,Put,7315.0,SPX260821P07315000,0.0,0.0,0.0,0.15,0.0,0.0,0.0,364.0,0.0,0.0,0.0,0.0,0.0,0.0,0.0,0.0,0.0,0.0,0.225000008940697,down,2026-08-20T15:56:19,0.0,0.0
SPXW,2026-08-21,0,Put,7315.0,SPXW260821P07315000,0.0,0.05,0.025,0.05,-0.25,-83.3333,2.0,358.0,0.0,0.0,0.0,0.0,0.0,0.0,0.0,0.05,0.05,0.05,0.299999997019768,no_change,2026-08-21T15:29:06,0.0,0.0
SPX,2026-08-21,0,Call,7320.0,SPX260821C07320000,0.0,0.0,0.0,408.54,0.0,0.0,0.0,106.0,0.0,0.0,0.0,0.0,0.0,0.0,0.0,0.0,0.0,0.0,333.100006103516,down,2026-08-06T14:14:20,0.0,0.0
SPXW,2026-08-21,0,Call,7320.0,SPXW260821C07320000,345.4,366.4,355.9,358.93,25.88,7.77061,38.0,68.0,0.0,1.0,0.0,0.0,0.0,0.0,352.9738,364.71,364.71,352.17,333.049987792969,up,2026-08-21T15:28:16,0.0,0.0
SPX,2026-08-21,0,Put,7320.0,SPX260821P07320000,0.0,0.0,0.0,0.18,0.0,0.0,0.0,476.0,0.0,0.0,0.0,0.0,0.0,0.0,0.0,0.0,0.0,0.0,0.200000002980232,down,2026-08-20T15:56:59,0.0,0.0
SPXW,2026-08-21,0,Put,7320.0,SPXW260821P07320000,0.0,0.05,0.025,0.05,-0.25,-83.3333,8.0,431.0,0.0,0.0,0.0,0.0,0.0,0.0,0.0,0.05,0.05,0.05,0.299999997019768,no_change,2026-08-21T09:36:10,0.0,0.0
SPX,2026-08-21,0,Call,7325.0,SPX260821C07325000,0.0,0.0,0.0,438.89,0.0,0.0,0.0,1151.0,0.0,0.0,0.0,0.0,0.0,0.0,0.0,0.0,0.0,0.0,328.100006103516,no_change,2026-08-10T15:50:00,0.0,0.0
SPXW,2026-08-21,0,Call,7325.0,SPXW260821C07325000,338.6,360.8,349.70000000000005,348.95,20.9,6.37098,2.0,74.0,0.0,1.0,0.0,0.0,0.0,0.0,347.9738,367.88,367.88,348.95,328.049987792969,down,2026-08-21T14:12:55,0.0,0.0
SPX,2026-08-21,0,Put,7325.0,SPX260821P07325000,0.0,0.0,0.0,0.2,0.0,0.0,0.0,4099.0,0.0,0.0,0.0,0.0,0.0,0.0,0.0,0.0,0.0,0.0,0.250000007450581,down,2026-08-20T15:57:26,0.0,0.0
SPXW,2026-08-21,0,Put,7325.0,SPXW260821P07325000,0.0,0.05,0.025,0.03,-0.27,-90.0,274.0,776.0,0.0,0.0,0.0,0.0,0.0,0.0,0.0,0.05,0.05,0.03,0.299999997019768,no_change,2026-08-21T10:53:31,0.0,0.0
SPX,2026-08-21,0,Call,7330.0,SPX260821C07330000,0.0,0.0,0.0,302.03,0.0,0.0,0.0,79.0,0.0,0.0,0.0,0.0,0.0,0.0,0.0,0.0,0.0,0.0,323.100006103516,up,2026-08-03T14:08:09,0.0,0.0
SPXW,2026-08-21,0,Call,7330.0,SPXW260821C07330000,333.6,355.8,344.70000000000005,341.95,18.9,5.85049,2.0,47.0,0.0,1.0,0.0,0.0,0.0,0.0,342.9738,362.83,362.83,341.95,323.049987792969,down,2026-08-21T14:11:06,0.0,0.0
SPX,2026-08-21,0,Put,7330.0,SPX260821P07330000,0.0,0.0,0.0,0.2,0.0,0.0,0.0,665.0,0.0,0.0,0.0,0.0,0.0,0.0,0.0,0.0,0.0,0.0,0.250000007450581,down,2026-08-20T15:56:49,0.0,0.0
SPXW,2026-08-21,0,Put,7330.0,SPXW260821P07330000,0.0,0.05,0.025,0.02,-0.305,-93.8462,23.0,600.0,0.0,0.0,0.0,0.0,0.0,0.0,0.0,0.03,0.05,0.02,0.325000002980232,down,2026-08-21T12:57:08,0.0,0.0
SPX,2026-08-21,0,Call,7335.0,SPX260821C07335000,0.0,0.0,0.0,298.01,0.0,0.0,0.0,51.0,0.0,0.0,0.0,0.0,0.0,0.0,0.0,0.0,0.0,0.0,318.100006103516,up,2026-08-03T14:17:46,0.0,0.0
SPXW,2026-08-21,0,Call,7335.0,SPXW260821C07335000,328.6,351.0,339.8,362.85,0.0,0.0,0.0,27.0,0.0,1.0,0.0,0.0,0.0,0.0,337.9738,0.0,0.0,0.0,318.049987792969,up,2026-08-04T10:19:42,0.0,0.0
SPX,2026-08-21,0,Put,7335.0,SPX260821P07335000,0.0,0.0,0.0,0.1,0.0,0.0,0.0,596.0,0.0,0.0,0.0,0.0,0.0,0.0,0.0,0.0,0.0,0.0,0.250000007450581,down,2026-08-20T16:13:23,0.0,0.0
SPXW,2026-08-21,0,Put,7335.0,SPXW260821P07335000,0.0,0.05,0.025,0.03,-0.295,-90.7692,17.0,962.0,0.0,0.0,0.0,0.0,0.0,0.0,0.0,0.05,0.05,0.03,0.325000002980232,no_change,2026-08-21T12:58:07,0.0,0.0
SPX,2026-08-21,0,Call,7340.0,SPX260821C07340000,0.0,0.0,0.0,393.3,0.0,0.0,0.0,78.0,0.0,0.0,0.0,0.0,0.0,0.0,0.0,0.0,0.0,0.0,313.149993896484,up,2026-08-11T15:16:54,0.0,0.0
SPXW,2026-08-21,0,Call,7340.0,SPXW260821C07340000,323.3,344.4,333.85,337.51,24.46,7.81345,1.0,37.0,0.0,1.0,0.0,0.0,0.0,0.0,332.9738,337.51,337.51,337.51,313.049987792969,down,2026-08-21T14:57:21,0.0,0.0
SPX,2026-08-21,0,Put,7340.0,SPX260821P07340000,0.0,0.0,0.0,0.2,0.0,0.0,0.0,553.0,0.0,0.0,0.0,0.0,0.0,0.0,0.0,0.0,0.0,0.0,0.250000007450581,no_change,2026-08-20T15:51:22,0.0,0.0
SPXW,2026-08-21,0,Put,7340.0,SPXW260821P07340000,0.0,0.05,0.025,0.03,-0.295,-90.7692,230.0,1020.0,0.0,0.0,0.0,0.0,0.0,0.0,0.0,0.05,0.07,0.03,0.325000002980232,down,2026-08-21T14:08:10,0.0,0.0
SPX,2026-08-21,0,Call,7345.0,SPX260821C07345000,0.0,0.0,0.0,167.4,0.0,0.0,0.0,127.0,0.0,0.0,0.0,0.0,0.0,0.0,0.0,0.0,0.0,0.0,308.149993896484,up,2026-07-30T14:59:41,0.0,0.0
SPXW,2026-08-21,0,Call,7345.0,SPXW260821C07345000,318.3,339.4,328.85,387.73,0.0,0.0,0.0,42.0,0.0,1.0,0.0,0.0,0.0,0.0,327.9738,0.0,0.0,0.0,308.049987792969,down,2026-08-11T14:59:26,0.0,0.0
SPX,2026-08-21,0,Put,7345.0,SPX260821P07345000,0.0,0.0,0.0,0.2,0.0,0.0,0.0,617.0,0.0,0.0,0.0,0.0,0.0,0.0,0.0,0.0,0.0,0.0,0.250000007450581,down,2026-08-20T15:56:10,0.0,0.0
SPXW,2026-08-21,0,Put,7345.0,SPXW260821P07345000,0.0,0.05,0.025,0.03,-0.295,-90.7692,344.0,339.0,0.0,0.0,0.0,0.0,0.0,0.0,0.0,0.05,0.07,0.03,0.325000002980232,no_change,2026-08-21T15:27:47,0.0,0.0
SPX,2026-08-21,0,Call,7350.0,SPX260821C07350000,0.0,0.0,0.0,307.86,0.0,0.0,0.0,4746.0,0.0,0.0,0.0,0.0,0.0,0.0,0.0,0.0,0.0,0.0,303.100006103516,no_change,2026-08-20T15:08:57,0.0,0.0
SPXW,2026-08-21,0,Call,7350.0,SPXW260821C07350000,315.5,334.4,324.95,328.88,25.78,8.50544,44.0,335.0,0.0,1.0,0.0,0.0,0.0,0.0,322.9738,317.18,332.36,317.18,303.100006103516,up,2026-08-21T15:28:16,0.0,0.0
SPX,2026-08-21,0,Put,7350.0,SPX260821P07350000,0.0,0.0,0.0,0.15,0.0,0.0,0.0,10905.0,0.0,0.0,0.0,0.0,0.0,0.0,0.0,0.0,0.0,0.0,0.250000007450581,no_change,2026-08-20T16:02:44,0.0,0.0
SPXW,2026-08-21,0,Put,7350.0,SPXW260821P07350000,0.0,0.05,0.025,0.03,-0.295,-90.7692,74.0,5194.0,0.0,0.0,0.0,0.0,0.0,0.0,0.0,0.05,0.05,0.03,0.325000002980232,no_change,2026-08-21T14:08:10,0.0,0.0
SPX,2026-08-21,0,Call,7355.0,SPX260821C07355000,0.0,0.0,0.0,379.75,0.0,0.0,0.0,142.0,0.0,0.0,0.0,0.0,0.0,0.0,0.0,0.0,0.0,0.0,298.100006103516,up,2026-08-19T10:41:09,0.0,0.0
SPXW,2026-08-21,0,Call,7355.0,SPXW260821C07355000,308.3,329.4,318.85,320.46,22.31,7.48281,5.0,60.0,0.0,1.0,0.0,0.0,0.0,0.0,317.9738,320.26,320.46,320.26,298.149993896484,up,2026-08-21T11:17:57,0.0,0.0
SPX,2026-08-21,0,Put,7355.0,SPX260821P07355000,0.0,0.0,0.0,0.26,0.0,0.0,0.0,472.0,0.0,0.0,0.0,0.0,0.0,0.0,0.0,0.0,0.0,0.0,0.250000007450581,no_change,2026-08-20T15:33:31,0.0,0.0
SPXW,2026-08-21,0,Put,7355.0,SPXW260821P07355000,0.0,0.05,0.025,0.05,-0.3,-85.7143,25.0,295.0,0.0,0.0,0.0,0.0,0.0,0.0,0.0,0.05,0.05,0.03,0.350000008940697,no_change,2026-08-21T09:33:14,0.0,0.0
SPX,2026-08-21,0,Call,7360.0,SPX260821C07360000,0.0,0.0,0.0,353.08,0.0,0.0,0.0,222.0,0.0,0.0,0.0,0.0,0.0,0.0,0.0,0.0,0.0,0.0,293.100006103516,down,2026-08-19T13:22:46,0.0,0.0
SPXW,2026-08-21,0,Call,7360.0,SPXW260821C07360000,305.5,324.4,314.95,320.28,27.23,9.29193,12.0,72.0,0.0,1.0,0.0,0.0,0.0,0.0,312.9738,307.9,320.28,307.9,293.049987792969,up,2026-08-21T15:08:45,0.0,0.0
SPX,2026-08-21,0,Put,7360.0,SPX260821P07360000,0.0,0.0,0.0,0.15,0.0,0.0,0.0,705.0,0.0,0.0,0.0,0.0,0.0,0.0,0.0,0.0,0.0,0.0,0.250000007450581,no_change,2026-08-20T16:09:21,0.0,0.0
SPXW,2026-08-21,0,Put,7360.0,SPXW260821P07360000,0.0,0.05,0.025,0.05,-0.3,-85.7143,327.0,571.0,0.0,0.0,0.0,0.0,0.0,0.0,0.0,0.05,0.05,0.03,0.350000008940697,no_change,2026-08-21T10:37:44,0.0,0.0
SPX,2026-08-21,0,Call,7365.0,SPX260821C07365000,0.0,0.0,0.0,411.23,0.0,0.0,0.0,45.0,0.0,0.0,0.0,0.0,0.0,0.0,0.0,0.0,0.0,0.0,288.100006103516,up,2026-08-17T11:01:02,0.0,0.0
SPXW,2026-08-21,0,Call,7365.0,SPXW260821C07365000,298.3,319.4,308.85,314.29,26.14,9.07167,10.0,41.0,0.0,1.0,0.0,0.0,0.0,0.0,307.9738,314.29,314.29,314.29,288.149993896484,no_change,2026-08-21T15:05:31,0.0,0.0
SPX,2026-08-21,0,Put,7365.0,SPX260821P07365000,0.0,0.0,0.0,0.15,0.0,0.0,0.0,424.0,0.0,0.0,0.0,0.0,0.0,0.0,0.0,0.0,0.0,0.0,0.274999998509884,no_change,2026-08-20T16:11:49,0.0,0.0
SPXW,2026-08-21,0,Put,7365.0,SPXW260821P07365000,0.0,0.05,0.025,0.05,-0.3,-85.7143,708.0,2092.0,0.0,0.0,0.0,0.0,0.0,0.0,0.0,0.05,0.05,0.03,0.350000008940697,no_change,2026-08-21T13:35:44,0.0,0.0
SPX,2026-08-21,0,Call,7370.0,SPX260821C07370000,0.0,0.0,0.0,287.86,0.0,0.0,0.0,135.0,0.0,0.0,0.0,0.0,0.0,0.0,0.0,0.0,0.0,0.0,283.100006103516,no_change,2026-08-20T15:08:57,0.0,0.0
SPXW,2026-08-21,0,Call,7370.0,SPXW260821C07370000,295.4,316.4,305.9,309.2,26.0,9.18079,1.0,122.0,0.0,1.0,0.0,0.0,0.0,0.0,302.9738,309.2,309.2,309.2,283.199996948242,down,2026-08-21T11:01:02,0.0,0.0
SPX,2026-08-21,0,Put,7370.0,SPX260821P07370000,0.0,0.0,0.0,0.32,0.0,0.0,0.0,879.0,0.0,0.0,0.0,0.0,0.0,0.0,0.0,0.0,0.0,0.0,0.299999997019768,up,2026-08-20T15:10:44,0.0,0.0
SPXW,2026-08-21,0,Put,7370.0,SPXW260821P07370000,0.0,0.05,0.025,0.02,-0.33,-94.2857,380.0,760.0,0.0,0.0,0.0,0.0,0.0,0.0,0.0,0.05,0.05,0.02,0.350000008940697,down,2026-08-21T12:09:39,0.0,0.0
SPX,2026-08-21,0,Call,7375.0,SPX260821C07375000,0.0,0.0,0.0,310.75,0.0,0.0,0.0,2220.0,0.0,0.0,0.0,0.0,0.0,0.0,0.0,0.0,0.0,0.0,278.199996948242,down,2026-08-20T11:27:30,0.0,0.0
SPXW,2026-08-21,0,Call,7375.0,SPXW260821C07375000,290.4,309.5,299.95,305.6,27.4,9.84903,57.0,211.0,0.0,1.0,0.0,0.0,0.0,0.0,297.9738,296.4,320.3,286.2,278.199996948242,up,2026-08-21T15:53:31,0.0,0.0
SPX,2026-08-21,0,Put,7375.0,SPX260821P07375000,0.0,0.0,0.0,0.2,0.0,0.0,0.0,3326.0,0.0,0.0,0.0,0.0,0.0,0.0,0.0,0.0,0.0,0.0,0.275000005960464,no_change,2026-08-20T16:03:51,0.0,0.0
SPXW,2026-08-21,0,Put,7375.0,SPXW260821P07375000,0.0,0.05,0.025,0.05,-0.325,-86.6667,184.0,8161.0,0.0,0.0,0.0,0.0,0.0,0.0,0.0,0.05,0.05,0.03,0.375,up,2026-08-21T13:07:32,0.0,0.0
SPX,2026-08-21,0,Call,7380.0,SPX260821C07380000,0.0,0.0,0.0,305.75,0.0,0.0,0.0,223.0,0.0,0.0,0.0,0.0,0.0,0.0,0.0,0.0,0.0,0.0,273.199996948242,down,2026-08-20T11:27:30,0.0,0.0
SPXW,2026-08-21,0,Call,7380.0,SPXW260821C07380000,285.4,304.5,294.95,289.92,16.72,6.12006,20.0,84.0,0.0,1.0,0.0,0.0,0.0,0.0,292.9738,289.92,289.92,289.92,273.199996948242,no_change,2026-08-21T09:40:23,0.0,0.0
SPX,2026-08-21,0,Put,7380.0,SPX260821P07380000,0.0,0.0,0.0,0.2,0.0,0.0,0.0,1435.0,0.0,0.0,0.0,0.0,0.0,0.0,0.0,0.0,0.0,0.0,0.299999997019768,no_change,2026-08-20T16:08:38,0.0,0.0
SPXW,2026-08-21,0,Put,7380.0,SPXW260821P07380000,0.0,0.05,0.025,0.05,-0.325,-86.6667,647.0,2720.0,0.0,0.0,0.0,0.0,0.0,0.0,0.0,0.05,0.05,0.03,0.375,no_change,2026-08-21T10:59:05,0.0,0.0
SPX,2026-08-21,0,Call,7385.0,SPX260821C07385000,0.0,0.0,0.0,390.83,0.0,0.0,0.0,80.0,0.0,0.0,0.0,0.0,0.0,0.0,0.0,0.0,0.0,0.0,268.199996948242,no_change,2026-08-17T11:01:14,0.0,0.0
SPXW,2026-08-21,0,Call,7385.0,SPXW260821C07385000,278.0,299.5,288.75,272.8,0.0,0.0,0.0,44.0,0.0,1.0,0.0,0.0,0.0,0.0,287.9738,0.0,0.0,0.0,268.199996948242,down,2026-08-20T15:10:04,0.0,0.0
SPX,2026-08-21,0,Put,7385.0,SPX260821P07385000,0.0,0.0,0.0,0.35,0.0,0.0,0.0,382.0,0.0,0.0,0.0,0.0,0.0,0.0,0.0,0.0,0.0,0.0,0.299999997019768,down,2026-08-20T10:23:59,0.0,0.0
SPXW,2026-08-21,0,Put,7385.0,SPXW260821P07385000,0.0,0.05,0.025,0.05,-0.325,-86.6667,300.0,3321.0,0.0,0.0,0.0,0.0,0.0,0.0,0.0,0.05,0.05,0.03,0.375,no_change,2026-08-21T10:59:05,0.0,0.0
SPX,2026-08-21,0,Call,7390.0,SPX260821C07390000,0.0,0.0,0.0,385.88,0.0,0.0,0.0,330.0,0.0,0.0,0.0,0.0,0.0,0.0,0.0,0.0,0.0,0.0,263.199996948242,no_change,2026-08-17T11:01:14,0.0,0.0
SPXW,2026-08-21,0,Call,7390.0,SPXW260821C07390000,275.6,294.5,285.05,286.23,23.03,8.75,11.0,137.0,0.0,1.0,0.0,0.0,0.0,0.0,282.9738,276.0,286.23,276.0,263.199996948242,up,2026-08-21T10:59:40,0.0,0.0
SPX,2026-08-21,0,Put,7390.0,SPX260821P07390000,0.0,0.0,0.0,0.25,0.0,0.0,0.0,529.0,0.0,0.0,0.0,0.0,0.0,0.0,0.0,0.0,0.0,0.0,0.299999997019768,down,2026-08-20T15:50:23,0.0,0.0
SPXW,2026-08-21,0,Put,7390.0,SPXW260821P07390000,0.0,0.05,0.025,0.03,-0.345,-92.0,428.0,474.0,0.0,0.0,0.0,0.0,0.0,0.0,0.0,0.05,0.07,0.03,0.375,down,2026-08-21T12:09:39,0.0,0.0
SPX,2026-08-21,0,Call,7395.0,SPX260821C07395000,0.0,0.0,0.0,381.01,0.0,0.0,0.0,288.0,0.0,0.0,0.0,0.0,0.0,0.0,0.0,0.0,0.0,0.0,258.199996948242,down,2026-08-17T11:01:23,0.0,0.0
SPXW,2026-08-21,0,Call,7395.0,SPXW260821C07395000,267.7,289.5,278.6,282.1,23.9,9.25639,5.0,93.0,0.0,1.0,0.0,0.0,0.0,0.0,277.9738,287.07,287.07,282.1,258.199996948242,down,2026-08-21T13:27:27,0.0,0.0
SPX,2026-08-21,0,Put,7395.0,SPX260821P07395000,0.0,0.0,0.0,0.25,0.0,0.0,0.0,658.0,0.0,0.0,0.0,0.0,0.0,0.0,0.0,0.0,0.0,0.0,0.299999997019768,no_change,2026-08-20T15:57:17,0.0,0.0
SPXW,2026-08-21,0,Put,7395.0,SPXW260821P07395000,0.0,0.05,0.025,0.03,-0.37,-92.5,770.0,639.0,0.0,0.0,0.0,0.0,0.0,0.0,0.0,0.05,0.07,0.03,0.399999991059303,down,2026-08-21T11:47:09,0.0,0.0
SPX,2026-08-21,0,Call,7400.0,SPX260821C07400000,0.0,0.0,0.0,292.6,0.0,0.0,0.0,9419.0,0.0,0.0,0.0,0.0,0.0,0.0,0.0,0.0,0.0,0.0,253.200004577637,up,2026-08-20T10:59:35,0.0,0.0
SPXW,2026-08-21,0,Call,7400.0,SPXW260821C07400000,265.4,284.5,274.95,280.08,26.93,10.638,41.0,748.0,0.0,1.0,0.0,0.0,0.0,0.0,272.9738,269.92,283.3,267.23,253.150001525879,down,2026-08-21T15:36:17,0.0,0.0
SPX,2026-08-21,0,Put,7400.0,SPX260821P07400000,0.0,0.0,0.0,0.15,0.0,0.0,0.0,16992.0,0.0,0.0,0.0,0.0,0.0,0.0,0.0,0.0,0.0,0.0,0.350000008940697,no_change,2026-08-20T16:13:14,0.0,0.0
SPXW,2026-08-21,0,Put,7400.0,SPXW260821P07400000,0.0,0.05,0.025,0.03,-0.37,-92.5,653.0,6252.0,0.0,0.0,0.0,0.0,0.0,0.0,0.0,0.05,0.1,0.03,0.399999991059303,no_change,2026-08-21T15:10:18,0.0,0.0
SPX,2026-08-21,0,Call,7405.0,SPX260821C07405000,0.0,0.0,0.0,278.31,0.0,0.0,0.0,328.0,0.0,0.0,0.0,0.0,0.0,0.0,0.0,0.0,0.0,0.0,248.200004577637,no_change,2026-08-20T10:12:37,0.0,0.0
SPXW,2026-08-21,0,Call,7405.0,SPXW260821C07405000,257.6,279.5,268.55,271.08,22.88,9.21837,1.0,62.0,0.0,1.0,0.0,0.0,0.0,0.0,267.9738,271.08,271.08,271.08,248.199996948242,up,2026-08-21T13:51:19,0.0,0.0
SPX,2026-08-21,0,Put,7405.0,SPX260821P07405000,0.0,0.0,0.0,0.2,0.0,0.0,0.0,618.0,0.0,0.0,0.0,0.0,0.0,0.0,0.0,0.0,0.0,0.0,0.350000008940697,down,2026-08-20T16:12:43,0.0,0.0
SPXW,2026-08-21,0,Put,7405.0,SPXW260821P07405000,0.0,0.05,0.025,0.03,-0.37,-92.5,224.0,722.0,0.0,0.0,0.0,0.0,0.0,0.0,0.0,0.05,0.1,0.03,0.399999991059303,no_change,2026-08-21T12:05:04,0.0,0.0
SPX,2026-08-21,0,Call,7410.0,SPX260821C07410000,0.0,0.0,0.0,245.4,0.0,0.0,0.0,273.0,0.0,0.0,0.0,0.0,0.0,0.0,0.0,0.0,0.0,0.0,243.150001525879,down,2026-08-20T15:03:42,0.0,0.0
SPXW,2026-08-21,0,Call,7410.0,SPXW260821C07410000,252.6,274.4,263.5,271.77,28.52,11.7246,9.0,126.0,0.0,1.0,0.0,0.0,0.0,0.0,262.9738,256.0,271.77,256.0,243.25,up,2026-08-21T13:06:00,0.0,0.0
SPX,2026-08-21,0,Put,7410.0,SPX260821P07410000,0.0,0.0,0.0,0.3,0.0,0.0,0.0,1155.0,0.0,0.0,0.0,0.0,0.0,0.0,0.0,0.0,0.0,0.0,0.350000008940697,down,2026-08-20T15:47:35,0.0,0.0
SPXW,2026-08-21,0,Put,7410.0,SPXW260821P07410000,0.0,0.05,0.025,0.03,-0.395,-92.9412,150.0,1531.0,0.0,0.0,0.0,0.0,0.0,0.0,0.0,0.05,0.1,0.03,0.424999997019768,no_change,2026-08-21T12:07:29,0.0,0.0
SPX,2026-08-21,0,Call,7415.0,SPX260821C07415000,0.0,0.0,0.0,240.43,0.0,0.0,0.0,90.0,0.0,0.0,0.0,0.0,0.0,0.0,0.0,0.0,0.0,0.0,238.150001525879,down,2026-08-20T15:03:45,0.0,0.0
SPXW,2026-08-21,0,Call,7415.0,SPXW260821C07415000,247.6,269.4,258.5,267.52,29.27,12.2854,1.0,103.0,0.0,1.0,0.0,0.0,0.0,0.0,257.9738,267.52,267.52,267.52,238.25,up,2026-08-21T13:00:37,0.0,0.0
SPX,2026-08-21,0,Put,7415.0,SPX260821P07415000,0.0,0.0,0.0,0.25,0.0,0.0,0.0,1009.0,0.0,0.0,0.0,0.0,0.0,0.0,0.0,0.0,0.0,0.0,0.350000008940697,no_change,2026-08-20T15:57:07,0.0,0.0
SPXW,2026-08-21,0,Put,7415.0,SPXW260821P07415000,0.0,0.05,0.025,0.03,-0.395,-92.9412,147.0,512.0,0.0,0.0,0.0,0.0,0.0,0.0,0.0,0.07,0.1,0.03,0.424999997019768,no_change,2026-08-21T15:54:34,0.0,0.0
SPX,2026-08-21,0,Call,7420.0,SPX260821C07420000,0.0,0.0,0.0,238.54,0.0,0.0,0.0,576.0,0.0,0.0,0.0,0.0,0.0,0.0,0.0,0.0,0.0,0.0,233.150001525879,down,2026-08-20T15:27:04,0.0,0.0
SPXW,2026-08-21,0,Call,7420.0,SPXW260821C07420000,242.6,264.4,253.5,260.45,27.3,11.7092,11.0,177.0,0.0,1.0,0.0,0.0,0.0,0.0,252.9738,259.72,260.45,259.72,233.150001525879,up,2026-08-21T11:06:52,0.0,0.0
SPX,2026-08-21,0,Put,7420.0,SPX260821P07420000,0.0,0.0,0.0,0.35,0.0,0.0,0.0,430.0,0.0,0.0,0.0,0.0,0.0,0.0,0.0,0.0,0.0,0.0,0.350000008940697,no_change,2026-08-20T15:39:33,0.0,0.0
SPXW,2026-08-21,0,Put,7420.0,SPXW260821P07420000,0.0,0.05,0.025,0.03,-0.395,-92.9412,70.0,546.0,0.0,0.0,0.0,0.0,0.0,0.0,0.0,0.07,0.1,0.03,0.424999997019768,no_change,2026-08-21T14:56:15,0.0,0.0
SPX,2026-08-21,0,Call,7425.0,SPX260821C07425000,0.0,0.0,0.0,253.53,0.0,0.0,0.0,1228.0,0.0,0.0,0.0,0.0,0.0,0.0,0.0,0.0,0.0,0.0,228.150001525879,down,2026-08-20T12:28:37,0.0,0.0
SPXW,2026-08-21,0,Call,7425.0,SPXW260821C07425000,237.6,259.4,248.5,253.67,25.42,11.1369,63.0,545.0,0.0,1.0,0.0,0.0,0.0,0.0,247.9738,249.05,255.29,249.05,228.25,down,2026-08-21T15:54:32,0.0,0.0
SPX,2026-08-21,0,Put,7425.0,SPX260821P07425000,0.0,0.0,0.0,0.2,0.0,0.0,0.0,2799.0,0.0,0.0,0.0,0.0,0.0,0.0,0.0,0.0,0.0,0.0,0.375,no_change,2026-08-20T16:06:11,0.0,0.0
SPXW,2026-08-21,0,Put,7425.0,SPXW260821P07425000,0.0,0.05,0.025,0.03,-0.395,-92.9412,233.0,1100.0,0.0,0.0,0.0,0.0,0.0,0.0,0.0,0.07,0.07,0.03,0.424999997019768,no_change,2026-08-21T15:45:12,0.0,0.0
SPX,2026-08-21,0,Call,7430.0,SPX260821C07430000,0.0,0.0,0.0,226.91,0.0,0.0,0.0,607.0,0.0,0.0,0.0,0.0,0.0,0.0,0.0,0.0,0.0,0.0,223.25,down,2026-08-20T14:46:17,0.0,0.0
SPXW,2026-08-21,0,Call,7430.0,SPXW260821C07430000,235.0,250.5,242.75,247.12,23.82,10.6673,10.0,110.0,0.0,1.0,0.0,0.0,0.0,0.0,242.9738,243.52,247.12,243.52,223.300003051758,up,2026-08-21T14:56:15,0.0,0.0
SPX,2026-08-21,0,Put,7430.0,SPX260821P07430000,0.0,0.0,0.0,0.3,0.0,0.0,0.0,872.0,0.0,0.0,0.0,0.0,0.0,0.0,0.0,0.0,0.0,0.0,0.375,no_change,2026-08-20T15:49:55,0.0,0.0
SPXW,2026-08-21,0,Put,7430.0,SPXW260821P07430000,0.0,0.05,0.025,0.03,-0.445,-93.6842,114.0,1110.0,0.0,0.0,0.0,0.0,0.0,0.0,0.0,0.1,0.1,0.03,0.474999994039536,no_change,2026-08-21T12:40:21,0.0,0.0
SPX,2026-08-21,0,Call,7435.0,SPX260821C07435000,0.0,0.0,0.0,243.46,0.0,0.0,0.0,165.0,0.0,0.0,0.0,0.0,0.0,0.0,0.0,0.0,0.0,0.0,218.25,down,2026-08-20T12:28:37,0.0,0.0
SPXW,2026-08-21,0,Call,7435.0,SPXW260821C07435000,232.3,245.5,238.9,243.63,25.43,11.6544,7.0,72.0,0.0,1.0,0.0,0.0,0.0,0.0,237.9738,240.82,243.63,240.82,218.200004577637,up,2026-08-21T15:13:40,0.0,0.0
SPX,2026-08-21,0,Put,7435.0,SPX260821P07435000,0.0,0.0,0.0,0.2,0.0,0.0,0.0,686.0,0.0,0.0,0.0,0.0,0.0,0.0,0.0,0.0,0.0,0.0,0.399999991059303,down,2026-08-20T16:08:41,0.0,0.0
SPXW,2026-08-21,0,Put,7435.0,SPXW260821P07435000,0.0,0.05,0.025,0.03,-0.445,-93.6842,351.0,2183.0,0.0,0.0,0.0,0.0,0.0,0.0,0.0,0.07,0.1,0.03,0.474999994039536,no_change,2026-08-21T15:56:48,0.0,0.0
SPX,2026-08-21,0,Call,7440.0,SPX260821C07440000,0.0,0.0,0.0,281.23,0.0,0.0,0.0,207.0,0.0,0.0,0.0,0.0,0.0,0.0,0.0,0.0,0.0,0.0,213.299995422363,up,2026-08-19T14:06:20,0.0,0.0
SPXW,2026-08-21,0,Call,7440.0,SPXW260821C07440000,227.3,242.5,234.9,240.45,27.2,12.755,82.0,253.0,0.0,1.0,0.0,0.0,0.0,0.0,232.9738,232.91,240.45,232.42,213.25,up,2026-08-21T15:52:05,0.0,0.0
SPX,2026-08-21,0,Put,7440.0,SPX260821P07440000,0.0,0.0,0.0,0.2,0.0,0.0,0.0,479.0,0.0,0.0,0.0,0.0,0.0,0.0,0.0,0.0,0.0,0.0,0.399999991059303,no_change,2026-08-20T16:08:41,0.0,0.0
SPXW,2026-08-21,0,Put,7440.0,SPXW260821P07440000,0.0,0.05,0.025,0.03,-0.47,-94.0,922.0,1305.0,0.0,0.0,0.0,0.0,0.0,0.0,0.0,0.1,0.1,0.03,0.5,no_change,2026-08-21T15:56:48,0.0,0.0
SPX,2026-08-21,0,Call,7445.0,SPX260821C07445000,0.0,0.0,0.0,276.23,0.0,0.0,0.0,157.0,0.0,0.0,0.0,0.0,0.0,0.0,0.0,0.0,0.0,0.0,208.299995422363,up,2026-08-19T14:06:20,0.0,0.0
SPXW,2026-08-21,0,Call,7445.0,SPXW260821C07445000,222.3,237.5,229.9,252.87,0.0,0.0,0.0,50.0,0.0,1.0,0.0,0.0,0.0,0.0,227.9738,0.0,0.0,0.0,208.350006103516,down,2026-08-18T15:59:49,0.0,0.0
SPX,2026-08-21,0,Put,7445.0,SPX260821P07445000,0.0,0.0,0.0,0.25,0.0,0.0,0.0,755.0,0.0,0.0,0.0,0.0,0.0,0.0,0.0,0.0,0.0,0.0,0.399999991059303,down,2026-08-20T16:02:29,0.0,0.0
SPXW,2026-08-21,0,Put,7445.0,SPXW260821P07445000,0.0,0.05,0.025,0.05,-0.45,-90.0,507.0,966.0,0.0,0.0,0.0,0.0,0.0,0.0,0.0,0.1,0.1,0.03,0.5,no_change,2026-08-21T12:37:01,0.0,0.0
SPX,2026-08-21,0,Call,7450.0,SPX260821C07450000,0.0,0.0,0.0,207.6,0.0,0.0,0.0,9574.0,0.0,0.0,0.0,0.0,0.0,0.0,0.0,0.0,0.0,0.0,203.25,down,2026-08-20T14:45:01,0.0,0.0
SPXW,2026-08-21,0,Call,7450.0,SPXW260821C07450000,217.3,232.5,224.9,231.84,28.49,14.0103,57.0,503.0,0.0,1.0,0.0,0.0,0.0,0.0,222.9738,218.91,244.19,212.81,203.349998474121,up,2026-08-21T15:38:23,0.0,0.0
SPX,2026-08-21,0,Put,7450.0,SPX260821P07450000,0.0,0.0,0.0,0.21,0.0,0.0,0.0,14117.0,0.0,0.0,0.0,0.0,0.0,0.0,0.0,0.0,0.0,0.0,0.424999997019768,no_change,2026-08-20T16:10:02,0.0,0.0
SPXW,2026-08-21,0,Put,7450.0,SPXW260821P07450000,0.0,0.05,0.025,0.03,-0.495,-94.2857,548.0,3989.0,0.0,0.0,0.0,0.0,0.0,0.0,0.0,0.07,0.1,0.03,0.525000005960464,no_change,2026-08-21T14:44:13,0.0,0.0
SPX,2026-08-21,0,Call,7455.0,SPX260821C07455000,0.0,0.0,0.0,321.94,0.0,0.0,0.0,328.0,0.0,0.0,0.0,0.0,0.0,0.0,0.0,0.0,0.0,0.0,198.25,up,2026-08-17T11:03:01,0.0,0.0
SPXW,2026-08-21,0,Call,7455.0,SPXW260821C07455000,212.2,227.4,219.8,221.44,23.19,11.6974,1.0,61.0,0.0,1.0,0.0,0.0,0.0,0.0,217.9738,221.44,221.44,221.44,198.25,up,2026-08-21T14:53:24,0.0,0.0
SPX,2026-08-21,0,Put,7455.0,SPX260821P07455000,0.0,0.0,0.0,0.25,0.0,0.0,0.0,1000.0,0.0,0.0,0.0,0.0,0.0,0.0,0.0,0.0,0.0,0.0,0.450000002980232,up,2026-08-20T16:14:12,0.0,0.0
SPXW,2026-08-21,0,Put,7455.0,SPXW260821P07455000,0.0,0.05,0.025,0.05,-0.5,-90.9091,132.0,4567.0,0.0,0.0,0.0,0.0,0.0,0.0,0.0,0.1,0.1,0.03,0.550000011920929,up,2026-08-21T12:36:01,0.0,0.0
SPX,2026-08-21,0,Call,7460.0,SPX260821C07460000,0.0,0.0,0.0,249.7,0.0,0.0,0.0,477.0,0.0,0.0,0.0,0.0,0.0,0.0,0.0,0.0,0.0,0.0,193.25,no_change,2026-08-18T12:05:49,0.0,0.0
SPXW,2026-08-21,0,Call,7460.0,SPXW260821C07460000,207.2,222.4,214.8,212.91,19.56,10.1164,1.0,254.0,0.0,1.0,0.0,0.0,0.0,0.0,212.9738,212.91,212.91,212.91,193.349998474121,down,2026-08-21T10:05:22,0.0,0.0
SPX,2026-08-21,0,Put,7460.0,SPX260821P07460000,0.0,0.0,0.0,0.25,0.0,0.0,0.0,1044.0,0.0,0.0,0.0,0.0,0.0,0.0,0.0,0.0,0.0,0.0,0.450000002980232,no_change,2026-08-20T16:09:18,0.0,0.0
SPXW,2026-08-21,0,Put,7460.0,SPXW260821P07460000,0.0,0.05,0.025,0.03,-0.52,-94.5455,768.0,3163.0,0.0,0.0,0.0,0.0,0.0,0.0,0.0,0.09,0.1,0.03,0.550000011920929,down,2026-08-21T12:58:41,0.0,0.0
SPX,2026-08-21,0,Call,7465.0,SPX260821C07465000,0.0,0.0,0.0,193.8,0.0,0.0,0.0,354.0,0.0,0.0,0.0,0.0,0.0,0.0,0.0,0.0,0.0,0.0,188.349998474121,up,2026-08-20T15:08:43,0.0,0.0
SPXW,2026-08-21,0,Call,7465.0,SPXW260821C07465000,202.2,217.4,209.8,224.15,35.7,18.944,1.0,44.0,0.0,1.0,0.0,0.0,0.0,0.0,207.9738,224.15,224.15,224.15,188.449996948242,down,2026-08-21T12:00:43,0.0,0.0
SPX,2026-08-21,0,Put,7465.0,SPX260821P07465000,0.0,0.0,0.0,0.25,0.0,0.0,0.0,644.0,0.0,0.0,0.0,0.0,0.0,0.0,0.0,0.0,0.0,0.0,0.450000002980232,no_change,2026-08-20T16:12:57,0.0,0.0
SPXW,2026-08-21,0,Put,7465.0,SPXW260821P07465000,0.0,0.05,0.025,0.03,-0.57,-95.0,185.0,1734.0,0.0,0.0,0.0,0.0,0.0,0.0,0.0,0.1,0.1,0.03,0.599999994039536,no_change,2026-08-21T15:54:34,0.0,0.0
SPX,2026-08-21,0,Call,7470.0,SPX260821C07470000,0.0,0.0,0.0,207.1,0.0,0.0,0.0,488.0,0.0,0.0,0.0,0.0,0.0,0.0,0.0,0.0,0.0,0.0,183.349998474121,down,2026-08-20T12:18:51,0.0,0.0
SPXW,2026-08-21,0,Call,7470.0,SPXW260821C07470000,197.2,212.4,204.8,268.01,0.0,0.0,0.0,183.0,0.0,1.0,0.0,0.0,0.0,0.0,202.9738,0.0,0.0,0.0,183.349998474121,up,2026-08-19T11:20:19,0.0,0.0
SPX,2026-08-21,0,Put,7470.0,SPX260821P07470000,0.0,0.0,0.0,0.26,0.0,0.0,0.0,1010.0,0.0,0.0,0.0,0.0,0.0,0.0,0.0,0.0,0.0,0.0,0.5,no_change,2026-08-20T16:05:56,0.0,0.0
SPXW,2026-08-21,0,Put,7470.0,SPXW260821P07470000,0.0,0.05,0.025,0.03,-0.595,-95.2,214.0,3524.0,0.0,0.0,0.0,0.0,0.0,0.0,0.0,0.1,0.15,0.03,0.625,no_change,2026-08-21T15:29:56,0.0,0.0
SPX,2026-08-21,0,Call,7475.0,SPX260821C07475000,0.0,0.0,0.0,211.4,0.0,0.0,0.0,4326.0,0.0,0.0,0.0,0.0,0.0,0.0,0.0,0.0,0.0,0.0,178.349998474121,down,2026-08-20T09:33:04,0.0,0.0
SPXW,2026-08-21,0,Call,7475.0,SPXW260821C07475000,198.6,200.5,199.55,203.53,25.08,14.0544,17.0,470.0,0.0,1.0,0.0,0.0,0.0,0.0,197.9738,201.42,208.2,200.89,178.449996948242,up,2026-08-21T15:13:40,0.0,0.0
SPX,2026-08-21,0,Put,7475.0,SPX260821P07475000,0.0,0.0,0.0,0.3,0.0,0.0,0.0,4068.0,0.0,0.0,0.0,0.0,0.0,0.0,0.0,0.0,0.0,0.0,0.5,no_change,2026-08-20T16:14:23,0.0,0.0
SPXW,2026-08-21,0,Put,7475.0,SPXW260821P07475000,0.0,0.05,0.025,0.05,-0.6,-92.3077,875.0,9392.0,0.0,0.0,0.0,0.0,0.0,0.0,0.0,0.09,0.1,0.03,0.650000005960464,up,2026-08-21T14:57:35,0.0,0.0
SPX,2026-08-21,0,Call,7480.0,SPX260821C07480000,0.0,0.0,0.0,168.5,0.0,0.0,0.0,6985.0,0.0,0.0,0.0,0.0,0.0,0.0,0.0,0.0,0.0,0.0,173.349998474121,up,2026-08-20T15:59:59,0.0,0.0
SPXW,2026-08-21,0,Call,7480.0,SPXW260821C07480000,193.6,195.5,194.55,198.5,24.95,14.3763,22.0,129.0,0.0,1.0,0.0,0.0,0.0,0.0,192.9738,182.76,203.13,182.76,173.550003051758,up,2026-08-21T15:56:52,0.0,0.0
SPX,2026-08-21,0,Put,7480.0,SPX260821P07480000,0.0,0.0,0.0,0.3,0.0,0.0,0.0,1639.0,0.0,0.0,0.0,0.0,0.0,0.0,0.0,0.0,0.0,0.0,0.525000005960464,no_change,2026-08-20T16:08:47,0.0,0.0
SPXW,2026-08-21,0,Put,7480.0,SPXW260821P07480000,0.0,0.05,0.025,0.03,-0.67,-95.7143,2599.0,1769.0,0.0,0.0,0.0,0.0,0.0,0.0,0.0,0.09,0.15,0.03,0.699999988079071,no_change,2026-08-21T15:50:00,0.0,0.0
SPX,2026-08-21,0,Call,7485.0,SPX260821C07485000,0.0,0.0,0.0,292.57,0.0,0.0,0.0,245.0,0.0,0.0,0.0,0.0,0.0,0.0,0.0,0.0,0.0,0.0,168.449996948242,up,2026-08-17T11:03:26,0.0,0.0
SPXW,2026-08-21,0,Call,7485.0,SPXW260821C07485000,188.6,190.5,189.55,195.7,27.2,16.1424,23.0,83.0,0.0,1.0,0.0,0.0,0.0,0.0,187.9738,187.0,198.52,187.0,168.5,up,2026-08-21T15:50:58,0.0,0.0
SPX,2026-08-21,0,Put,7485.0,SPX260821P07485000,0.0,0.0,0.0,0.3,0.0,0.0,0.0,322.0,0.0,0.0,0.0,0.0,0.0,0.0,0.0,0.0,0.0,0.0,0.550000011920929,no_change,2026-08-20T16:13:52,0.0,0.0
SPXW,2026-08-21,0,Put,7485.0,SPXW260821P07485000,0.0,0.05,0.025,0.03,-0.72,-96.0,1719.0,3552.0,0.0,0.0,0.0,0.0,0.0,0.0,0.0,0.11,0.15,0.03,0.75,no_change,2026-08-21T13:57:06,0.0,0.0
SPX,2026-08-21,0,Call,7490.0,SPX260821C07490000,0.0,0.0,0.0,271.7,0.0,0.0,0.0,365.0,0.0,0.0,0.0,0.0,0.0,0.0,0.0,0.0,0.0,0.0,163.449996948242,down,2026-08-17T13:33:15,0.0,0.0
SPXW,2026-08-21,0,Call,7490.0,SPXW260821C07490000,183.6,185.5,184.55,190.8,27.2,16.6259,16.0,177.0,0.0,1.0,0.0,0.0,0.0,0.0,182.9738,183.7,191.32,175.15,163.599998474121,up,2026-08-21T15:41:27,0.0,0.0
SPX,2026-08-21,0,Put,7490.0,SPX260821P07490000,0.0,0.0,0.0,0.24,0.0,0.0,0.0,619.0,0.0,0.0,0.0,0.0,0.0,0.0,0.0,0.0,0.0,0.0,0.550000011920929,down,2026-08-20T16:13:50,0.0,0.0
SPXW,2026-08-21,0,Put,7490.0,SPXW260821P07490000,0.0,0.05,0.025,0.03,-0.77,-96.25,1343.0,2040.0,0.0,0.0,0.0,0.0,0.0,0.0,0.0,0.15,0.15,0.03,0.800000011920929,no_change,2026-08-21T15:30:08,0.0,0.0
SPX,2026-08-21,0,Call,7495.0,SPX260821C07495000,0.0,0.0,0.0,161.49,0.0,0.0,0.0,497.0,0.0,0.0,0.0,0.0,0.0,0.0,0.0,0.0,0.0,0.0,158.449996948242,down,2026-08-20T14:58:37,0.0,0.0
SPXW,2026-08-21,0,Call,7495.0,SPXW260821C07495000,178.6,180.5,179.55,182.14,23.54,14.8424,11.0,83.0,0.0,1.0,0.0,0.0,0.0,0.0,177.9738,186.92,186.92,180.97,158.599998474121,up,2026-08-21T14:55:31,0.0,0.0
SPX,2026-08-21,0,Put,7495.0,SPX260821P07495000,0.0,0.0,0.0,0.4,0.0,0.0,0.0,3011.0,0.0,0.0,0.0,0.0,0.0,0.0,0.0,0.0,0.0,0.0,0.599999994039536,down,2026-08-20T16:02:45,0.0,0.0
SPXW,2026-08-21,0,Put,7495.0,SPXW260821P07495000,0.0,0.05,0.025,0.03,-0.82,-96.4706,1212.0,1345.0,0.0,0.0,0.0,0.0,0.0,0.0,0.0,0.12,0.15,0.03,0.849999994039536,no_change,2026-08-21T15:30:34,0.0,0.0
SPX,2026-08-21,0,Call,7500.0,SPX260821C07500000,0.0,0.0,0.0,188.13,0.0,0.0,0.0,39082.0,0.0,0.0,0.0,0.0,0.0,0.0,0.0,0.0,0.0,0.0,153.550003051758,up,2026-08-20T10:51:11,0.0,0.0
SPXW,2026-08-21,0,Call,7500.0,SPXW260821C07500000,173.6,175.5,174.55,179.39,25.69,16.7144,176.0,1549.0,0.0,1.0,0.0,0.0,0.0,0.0,172.9738,166.38,193.7,162.05,153.700004577637,down,2026-08-21T15:53:30,0.0,0.0
SPX,2026-08-21,0,Put,7500.0,SPX260821P07500000,0.0,0.0,0.0,0.3,0.0,0.0,0.0,44021.0,0.0,0.0,0.0,0.0,0.0,0.0,0.0,0.0,0.0,0.0,0.625,no_change,2026-08-20T16:13:14,0.0,0.0
SPXW,2026-08-21,0,Put,7500.0,SPXW260821P07500000,0.0,0.05,0.025,0.05,-0.875,-94.5946,2857.0,8388.0,0.0,0.0,0.0,0.0,0.0,0.0,0.0,0.14,0.15,0.03,0.924999982118606,up,2026-08-21T15:48:28,0.0,0.0
SPX,2026-08-21,0,Call,7505.0,SPX260821C07505000,0.0,0.0,0.0,256.98,0.0,0.0,0.0,273.0,0.0,0.0,0.0,0.0,0.0,0.0,0.0,0.0,0.0,0.0,148.550003051758,down,2026-08-12T15:16:26,0.0,0.0
SPXW,2026-08-21,0,Call,7505.0,SPXW260821C07505000,168.6,170.5,169.55,177.15,28.5,19.1726,9.0,160.0,0.0,1.0,0.0,0.0,0.0,0.0,167.9738,169.69,178.31,169.69,148.650001525879,down,2026-08-21T12:59:55,0.0,0.0
SPX,2026-08-21,0,Put,7505.0,SPX260821P07505000,0.0,0.0,0.0,0.4,0.0,0.0,0.0,774.0,0.0,0.0,0.0,0.0,0.0,0.0,0.0,0.0,0.0,0.0,0.650000005960464,no_change,2026-08-20T16:03:30,0.0,0.0
SPXW,2026-08-21,0,Put,7505.0,SPXW260821P07505000,0.0,0.05,0.025,0.03,-0.97,-97.0,1852.0,1227.0,0.0,0.0,0.0,0.0,0.0,0.0,0.0,0.12,0.15,0.03,0.999999970197678,no_change,2026-08-21T15:31:47,0.0,0.0
SPX,2026-08-21,0,Call,7510.0,SPX260821C07510000,0.0,0.0,0.0,145.77,0.0,0.0,0.0,770.0,0.0,0.0,0.0,0.0,0.0,0.0,0.0,0.0,0.0,0.0,143.650001525879,down,2026-08-20T15:03:20,0.0,0.0
SPXW,2026-08-21,0,Call,7510.0,SPXW260821C07510000,163.6,165.5,164.55,171.14,27.49,19.1368,14.0,276.0,0.0,1.0,0.0,0.0,0.0,0.0,162.9738,152.76,173.3,152.76,143.650001525879,up,2026-08-21T15:01:34,0.0,0.0
SPX,2026-08-21,0,Put,7510.0,SPX260821P07510000,0.0,0.0,0.0,0.4,0.0,0.0,0.0,1141.0,0.0,0.0,0.0,0.0,0.0,0.0,0.0,0.0,0.0,0.0,0.699999988079071,no_change,2026-08-20T16:07:11,0.0,0.0
SPXW,2026-08-21,0,Put,7510.0,SPXW260821P07510000,0.0,0.05,0.025,0.03,-1.07,-97.2727,936.0,2728.0,0.0,0.0,0.0,0.0,0.0,0.0,0.0,0.14,0.17,0.03,1.09999996423721,no_change,2026-08-21T15:49:13,0.0,0.0
SPX,2026-08-21,0,Call,7515.0,SPX260821C07515000,0.0,0.0,0.0,168.55,0.0,0.0,0.0,324.0,0.0,0.0,0.0,0.0,0.0,0.0,0.0,0.0,0.0,0.0,138.650001525879,down,2026-08-20T10:02:59,0.0,0.0
SPXW,2026-08-21,0,Call,7515.0,SPXW260821C07515000,158.6,160.5,159.55,166.5,27.65,19.9136,13.0,116.0,0.0,1.0,0.0,0.0,0.0,0.0,157.9738,153.9,167.35,153.9,138.849998474121,up,2026-08-21T15:42:38,0.0,0.0
SPX,2026-08-21,0,Put,7515.0,SPX260821P07515000,0.0,0.0,0.0,0.45,0.0,0.0,0.0,1907.0,0.0,0.0,0.0,0.0,0.0,0.0,0.0,0.0,0.0,0.0,0.75,no_change,2026-08-20T16:12:57,0.0,0.0
SPXW,2026-08-21,0,Put,7515.0,SPXW260821P07515000,0.0,0.05,0.025,0.03,-1.17,-97.5,1757.0,14051.0,0.0,0.0,0.0,0.0,0.0,0.0,0.0,0.14,0.2,0.02,1.19999998807907,no_change,2026-08-21T15:53:06,0.0,0.0
SPX,2026-08-21,0,Call,7520.0,SPX260821C07520000,0.0,0.0,0.0,131.28,0.0,0.0,0.0,1051.0,0.0,0.0,0.0,0.0,0.0,0.0,0.0,0.0,0.0,0.0,133.699996948242,down,2026-08-20T15:54:50,0.0,0.0
SPXW,2026-08-21,0,Call,7520.0,SPXW260821C07520000,153.6,155.5,154.55,161.18,27.58,20.6437,472.0,636.0,0.0,1.0,0.0,0.0,0.0,0.0,152.9738,149.9,172.67,145.5,133.599998474121,up,2026-08-21T15:42:49,0.0,0.0
SPX,2026-08-21,0,Put,7520.0,SPX260821P07520000,0.0,0.0,0.0,0.41,0.0,0.0,0.0,2254.0,0.0,0.0,0.0,0.0,0.0,0.0,0.0,0.0,0.0,0.0,0.800000011920929,no_change,2026-08-20T16:12:07,0.0,0.0
SPXW,2026-08-21,0,Put,7520.0,SPXW260821P07520000,0.0,0.05,0.025,0.05,-1.25,-96.1538,3470.0,14343.0,0.0,0.0,0.0,0.0,0.0,0.0,0.0,0.2,0.2,0.03,1.30000001192093,no_change,2026-08-21T15:45:07,0.0,0.0
SPX,2026-08-21,0,Call,7525.0,SPX260821C07525000,0.0,0.0,0.0,144.0,0.0,0.0,0.0,3068.0,0.0,0.0,0.0,0.0,0.0,0.0,0.0,0.0,0.0,0.0,128.699996948242,down,2026-08-20T13:28:42,0.0,0.0
SPXW,2026-08-21,0,Call,7525.0,SPXW260821C07525000,148.6,150.5,149.55,154.3,25.3,19.6124,45.0,622.0,0.0,1.0,0.0,0.0,0.0,0.0,147.9738,137.05,163.67,137.05,129.000003814697,down,2026-08-21T15:53:30,0.0,0.0
SPX,2026-08-21,0,Put,7525.0,SPX260821P07525000,0.0,0.0,0.0,0.52,0.0,0.0,0.0,5947.0,0.0,0.0,0.0,0.0,0.0,0.0,0.0,0.0,0.0,0.0,0.849999994039536,down,2026-08-20T16:12:24,0.0,0.0
SPXW,2026-08-21,0,Put,7525.0,SPXW260821P07525000,0.0,0.05,0.025,0.03,-1.42,-97.931,2899.0,3175.0,0.0,0.0,0.0,0.0,0.0,0.0,0.0,0.2,0.2,0.03,1.44999998807907,down,2026-08-21T15:35:29,0.0,0.0
SPX,2026-08-21,0,Call,7530.0,SPX260821C07530000,0.0,0.0,0.0,121.38,0.0,0.0,0.0,387.0,0.0,0.0,0.0,0.0,0.0,0.0,0.0,0.0,0.0,0.0,123.850002288818,down,2026-08-20T15:54:50,0.0,0.0
SPXW,2026-08-21,0,Call,7530.0,SPXW260821C07530000,143.6,145.5,144.55,144.09,19.94,16.0612,5.0,631.0,0.0,1.0,0.0,0.0,0.0,0.0,142.9738,140.15,158.64,140.15,124.150001525879,down,2026-08-21T14:49:22,0.0,0.0
SPX,2026-08-21,0,Put,7530.0,SPX260821P07530000,0.0,0.0,0.0,0.6,0.0,0.0,0.0,795.0,0.0,0.0,0.0,0.0,0.0,0.0,0.0,0.0,0.0,0.0,0.900000005960464,no_change,2026-08-20T16:14:42,0.0,0.0
SPXW,2026-08-21,0,Put,7530.0,SPXW260821P07530000,0.0,0.05,0.025,0.03,-1.545,-98.0952,2092.0,2489.0,0.0,0.0,0.0,0.0,0.0,0.0,0.0,0.22,0.24,0.03,1.57499998807907,no_change,2026-08-21T15:45:02,0.0,0.0
SPX,2026-08-21,0,Call,7535.0,SPX260821C07535000,0.0,0.0,0.0,140.7,0.0,0.0,0.0,753.0,0.0,0.0,0.0,0.0,0.0,0.0,0.0,0.0,0.0,0.0,118.950000762939,down,2026-08-20T12:31:37,0.0,0.0
SPXW,2026-08-21,0,Call,7535.0,SPXW260821C07535000,138.6,140.5,139.55,128.42,9.07,7.5995,1.0,609.0,0.0,1.0,0.0,0.0,0.0,0.0,137.9738,128.42,128.42,128.42,119.349998474121,up,2026-08-21T09:56:13,0.0,0.0
SPX,2026-08-21,0,Put,7535.0,SPX260821P07535000,0.0,0.0,0.0,0.62,0.0,0.0,0.0,1001.0,0.0,0.0,0.0,0.0,0.0,0.0,0.0,0.0,0.0,0.0,0.999999970197678,down,2026-08-20T16:12:24,0.0,0.0
SPXW,2026-08-21,0,Put,7535.0,SPXW260821P07535000,0.0,0.05,0.025,0.03,-1.72,-98.2857,3269.0,2060.0,0.0,0.0,0.0,0.0,0.0,0.0,0.0,0.2,0.25,0.03,1.75,down,2026-08-21T14:37:38,0.0,0.0
SPX,2026-08-21,0,Call,7540.0,SPX260821C07540000,0.0,0.0,0.0,137.05,0.0,0.0,0.0,1210.0,0.0,0.0,0.0,0.0,0.0,0.0,0.0,0.0,0.0,0.0,114.0,down,2026-08-20T10:19:51,0.0,0.0
SPXW,2026-08-21,0,Call,7540.0,SPXW260821C07540000,133.6,135.5,134.55,140.8,26.3,22.9694,10.0,241.0,0.0,1.0,0.0,0.0,0.0,0.0,132.9738,129.2,140.8,129.2,114.5,up,2026-08-21T15:41:27,0.0,0.0
SPX,2026-08-21,0,Put,7540.0,SPX260821P07540000,0.0,0.0,0.0,0.75,0.0,0.0,0.0,1702.0,0.0,0.0,0.0,0.0,0.0,0.0,0.0,0.0,0.0,0.0,1.07499998807907,no_change,2026-08-20T16:14:42,0.0,0.0
SPXW,2026-08-21,0,Put,7540.0,SPXW260821P07540000,0.0,0.05,0.025,0.03,-1.92,-98.4615,2658.0,1633.0,0.0,0.0,0.0,0.0,0.0,0.0,0.0,0.22,0.25,0.03,1.94999998807907,down,2026-08-21T15:50:00,0.0,0.0
SPX,2026-08-21,0,Call,7545.0,SPX260821C07545000,0.0,0.0,0.0,172.06,0.0,0.0,0.0,641.0,0.0,0.0,0.0,0.0,0.0,0.0,0.0,0.0,0.0,0.0,109.099998474121,down,2026-08-19T09:53:51,0.0,0.0
SPXW,2026-08-21,0,Call,7545.0,SPXW260821C07545000,128.6,130.5,129.55,138.58,28.83,26.2688,16.0,1015.0,0.0,1.0,0.0,0.0,0.0,0.0,127.9738,126.09,138.58,123.78,109.75,up,2026-08-21T11:35:13,0.0,0.0
SPX,2026-08-21,0,Put,7545.0,SPX260821P07545000,0.0,0.0,0.0,0.84,0.0,0.0,0.0,1843.0,0.0,0.0,0.0,0.0,0.0,0.0,0.0,0.0,0.0,0.0,1.17500001192093,no_change,2026-08-20T16:12:59,0.0,0.0
SPXW,2026-08-21,0,Put,7545.0,SPXW260821P07545000,0.0,0.05,0.025,0.03,-2.145,-98.6207,2479.0,2018.0,0.0,0.0,0.0,0.0,0.0,0.0,0.0,0.25,0.3,0.03,2.17500007152557,down,2026-08-21T15:47:14,0.0,0.0
SPX,2026-08-21,0,Call,7550.0,SPX260821C07550000,0.0,0.0,0.0,98.1,0.0,0.0,0.0,17249.0,0.0,0.0,0.0,0.0,0.0,0.0,0.0,0.0,0.0,0.0,104.199996948242,up,2026-08-20T15:58:54,0.0,0.0
SPXW,2026-08-21,0,Call,7550.0,SPXW260821C07550000,123.6,125.5,124.55,127.95,22.95,21.8571,101.0,2065.0,0.0,1.0,0.0,0.0,0.0,0.0,122.9738,120.17,145.49,112.58,105.0,down,2026-08-21T15:56:48,0.0,0.0
SPX,2026-08-21,0,Put,7550.0,SPX260821P07550000,0.0,0.0,0.0,1.05,0.0,0.0,0.0,19418.0,0.0,0.0,0.0,0.0,0.0,0.0,0.0,0.0,0.0,0.0,1.27500003576279,no_change,2026-08-20T16:14:42,0.0,0.0
SPXW,2026-08-21,0,Put,7550.0,SPXW260821P07550000,0.0,0.05,0.025,0.03,-2.37,-98.75,4651.0,5715.0,0.0,0.0,0.0,0.0,0.0,0.0,0.0,0.3,0.35,0.03,2.39999997615814,no_change,2026-08-21T15:51:58,0.0,0.0
SPX,2026-08-21,0,Call,7555.0,SPX260821C07555000,0.0,0.0,0.0,94.35,0.0,0.0,0.0,1638.0,0.0,0.0,0.0,0.0,0.0,0.0,0.0,0.0,0.0,0.0,99.3000030517578,down,2026-08-20T16:11:37,0.0,0.0
SPXW,2026-08-21,0,Call,7555.0,SPXW260821C07555000,118.6,120.5,119.55,122.9,22.45,22.3494,8.0,550.0,0.0,1.0,0.0,0.0,0.0,0.0,117.9738,111.52,129.4,111.52,100.450000762939,down,2026-08-21T15:56:48,0.0,0.0
SPX,2026-08-21,0,Put,7555.0,SPX260821P07555000,0.0,0.0,0.0,1.1,0.0,0.0,0.0,1782.0,0.0,0.0,0.0,0.0,0.0,0.0,0.0,0.0,0.0,0.0,1.40000003576279,down,2026-08-20T16:14:35,0.0,0.0
SPXW,2026-08-21,0,Put,7555.0,SPXW260821P07555000,0.0,0.05,0.025,0.03,-2.67,-98.8889,3225.0,1410.0,0.0,0.0,0.0,0.0,0.0,0.0,0.0,0.32,0.35,0.03,2.70000004768372,no_change,2026-08-21T15:55:10,0.0,0.0
SPX,2026-08-21,0,Call,7560.0,SPX260821C07560000,0.0,0.0,0.0,128.48,0.0,0.0,0.0,971.0,0.0,0.0,0.0,0.0,0.0,0.0,0.0,0.0,0.0,0.0,94.5499992370606,down,2026-08-20T09:32:14,0.0,0.0
SPXW,2026-08-21,0,Call,7560.0,SPXW260821C07560000,113.6,115.5,114.55,121.18,25.38,26.4927,42.0,608.0,0.0,1.0,0.0,0.0,0.0,0.0,112.9738,115.88,122.4,106.98,95.7999992370606,up,2026-08-21T15:40:08,0.0,0.0
SPX,2026-08-21,0,Put,7560.0,SPX260821P07560000,0.0,0.0,0.0,1.35,0.0,0.0,0.0,2012.0,0.0,0.0,0.0,0.0,0.0,0.0,0.0,0.0,0.0,0.0,1.57499998807907,up,2026-08-20T16:13:44,0.0,0.0
SPXW,2026-08-21,0,Put,7560.0,SPXW260821P07560000,0.0,0.05,0.025,0.03,-2.995,-99.0083,4098.0,1966.0,0.0,0.0,0.0,0.0,0.0,0.0,0.0,0.39,0.4,0.03,3.02499997615814,down,2026-08-21T15:48:50,0.0,0.0
SPX,2026-08-21,0,Call,7565.0,SPX260821C07565000,0.0,0.0,0.0,143.03,0.0,0.0,0.0,581.0,0.0,0.0,0.0,0.0,0.0,0.0,0.0,0.0,0.0,0.0,89.6999969482422,down,2026-08-18T14:18:22,0.0,0.0
SPXW,2026-08-21,0,Call,7565.0,SPXW260821C07565000,108.6,110.5,109.55,118.9,27.7,30.3728,29.0,145.0,0.0,1.0,0.0,0.0,0.0,0.0,107.9738,110.98,118.9,95.68,91.2000007629394,up,2026-08-21T12:21:21,0.0,0.0
SPX,2026-08-21,0,Put,7565.0,SPX260821P07565000,0.0,0.0,0.0,1.55,0.0,0.0,0.0,752.0,0.0,0.0,0.0,0.0,0.0,0.0,0.0,0.0,0.0,0.0,1.75,up,2026-08-20T16:14:52,0.0,0.0
SPXW,2026-08-21,0,Put,7565.0,SPXW260821P07565000,0.0,0.05,0.025,0.05,-3.3,-98.5075,3611.0,1828.0,0.0,0.0,0.0,0.0,0.0,0.0,0.0,0.4,0.45,0.03,3.35000002384186,no_change,2026-08-21T15:57:28,0.0,0.0
SPX,2026-08-21,0,Call,7570.0,SPX260821C07570000,0.0,0.0,0.0,90.65,0.0,0.0,0.0,870.0,0.0,0.0,0.0,0.0,0.0,0.0,0.0,0.0,0.0,0.0,85.0,down,2026-08-20T14:24:00,0.0,0.0
SPXW,2026-08-21,0,Call,7570.0,SPXW260821C07570000,103.6,105.5,104.55,114.16,27.51,31.7484,141.0,284.0,0.0,1.0,0.0,0.0,0.0,0.0,102.9738,105.73,114.16,91.92,86.6500015258789,up,2026-08-21T15:47:14,0.0,0.0
SPX,2026-08-21,0,Put,7570.0,SPX260821P07570000,0.0,0.0,0.0,1.81,0.0,0.0,0.0,727.0,0.0,0.0,0.0,0.0,0.0,0.0,0.0,0.0,0.0,0.0,1.94999998807907,no_change,2026-08-20T16:13:10,0.0,0.0
SPXW,2026-08-21,0,Put,7570.0,SPXW260821P07570000,0.0,0.05,0.025,0.05,-3.7,-98.6667,6170.0,1500.0,0.0,0.0,0.0,0.0,0.0,0.0,0.0,0.4,0.5,0.03,3.75,no_change,2026-08-21T15:38:56,0.0,0.0
SPX,2026-08-21,0,Call,7575.0,SPX260821C07575000,0.0,0.0,0.0,75.2,0.0,0.0,0.0,3349.0,0.0,0.0,0.0,0.0,0.0,0.0,0.0,0.0,0.0,0.0,80.1000022888184,down,2026-08-20T16:11:37,0.0,0.0
SPXW,2026-08-21,0,Call,7575.0,SPXW260821C07575000,98.6,100.5,99.55,102.45,20.45,24.939,147.0,1646.0,0.0,1.0,0.0,0.0,0.0,0.0,97.9738,97.49,118.4,86.6,82.0,down,2026-08-21T15:55:56,0.0,0.0
SPX,2026-08-21,0,Put,7575.0,SPX260821P07575000,0.0,0.0,0.0,2.08,0.0,0.0,0.0,3465.0,0.0,0.0,0.0,0.0,0.0,0.0,0.0,0.0,0.0,0.0,2.20000004768372,no_change,2026-08-20T16:13:10,0.0,0.0
SPXW,2026-08-21,0,Put,7575.0,SPXW260821P07575000,0.0,0.05,0.025,0.03,-4.12,-99.2771,5263.0,1841.0,0.0,0.0,0.0,0.0,0.0,0.0,0.0,0.55,0.6,0.03,4.14999985694885,no_change,2026-08-21T15:58:28,0.0,0.0
SPX,2026-08-21,0,Call,7580.0,SPX260821C07580000,0.0,0.0,0.0,69.81,0.0,0.0,0.0,433.0,0.0,0.0,0.0,0.0,0.0,0.0,0.0,0.0,0.0,0.0,75.2999992370606,down,2026-08-20T16:09:08,0.0,0.0
SPXW,2026-08-21,0,Call,7580.0,SPXW260821C07580000,93.6,95.5,94.55,98.11,20.61,26.5935,121.0,1359.0,0.0,1.0,0.0,0.0,0.0,0.0,92.9738,91.1,112.7,82.07,77.5,down,2026-08-21T15:57:33,0.0,0.0
SPX,2026-08-21,0,Put,7580.0,SPX260821P07580000,0.0,0.0,0.0,2.43,0.0,0.0,0.0,875.0,0.0,0.0,0.0,0.0,0.0,0.0,0.0,0.0,0.0,0.0,2.45000004768372,up,2026-08-20T16:13:19,0.0,0.0
SPXW,2026-08-21,0,Put,7580.0,SPXW260821P07580000,0.0,0.05,0.025,0.03,-4.62,-99.3548,7673.0,2203.0,0.0,0.0,0.0,0.0,0.0,0.0,0.0,0.65,0.7,0.03,4.64999985694885,no_change,2026-08-21T15:52:40,0.0,0.0
SPX,2026-08-21,0,Call,7585.0,SPX260821C07585000,0.0,0.0,0.0,75.74,0.0,0.0,0.0,737.0,0.0,0.0,0.0,0.0,0.0,0.0,0.0,0.0,0.0,0.0,70.75,no_change,2026-08-20T15:24:48,0.0,0.0
SPXW,2026-08-21,0,Call,7585.0,SPXW260821C07585000,88.6,90.5,89.55,92.43,19.43,26.6164,124.0,314.0,0.0,1.0,0.0,0.0,0.0,0.0,87.9738,90.16,106.4,78.5,73.0,down,2026-08-21T15:55:52,0.0,0.0
SPX,2026-08-21,0,Put,7585.0,SPX260821P07585000,0.0,0.0,0.0,2.75,0.0,0.0,0.0,1317.0,0.0,0.0,0.0,0.0,0.0,0.0,0.0,0.0,0.0,0.0,2.77499997615814,down,2026-08-20T16:14:27,0.0,0.0
SPXW,2026-08-21,0,Put,7585.0,SPXW260821P07585000,0.0,0.05,0.025,0.03,-5.17,-99.4231,6608.0,1414.0,0.0,0.0,0.0,0.0,0.0,0.0,0.0,0.7,0.8,0.02,5.20000004768372,up,2026-08-21T15:54:35,0.0,0.0
SPX,2026-08-21,0,Call,7590.0,SPX260821C07590000,0.0,0.0,0.0,57.6,0.0,0.0,0.0,477.0,0.0,0.0,0.0,0.0,0.0,0.0,0.0,0.0,0.0,0.0,66.0,down,2026-08-20T15:58:39,0.0,0.0
SPXW,2026-08-21,0,Call,7590.0,SPXW260821C07590000,83.6,85.5,84.55,90.26,21.61,31.4785,199.0,327.0,0.0,1.0,0.0,0.0,0.0,0.0,82.9738,84.59,102.72,73.6,68.6500015258789,up,2026-08-21T15:41:00,0.0,0.0
SPX,2026-08-21,0,Put,7590.0,SPX260821P07590000,0.0,0.0,0.0,3.27,0.0,0.0,0.0,4400.0,0.0,0.0,0.0,0.0,0.0,0.0,0.0,0.0,0.0,0.0,3.10000002384186,down,2026-08-20T16:14:39,0.0,0.0
SPXW,2026-08-21,0,Put,7590.0,SPXW260821P07590000,0.0,0.05,0.025,0.03,-5.77,-99.4828,9305.0,5069.0,0.0,0.0,0.0,0.0,0.0,0.0,0.0,0.85,0.92,0.03,5.79999995231628,no_change,2026-08-21T15:53:44,0.0,0.0
SPX,2026-08-21,0,Call,7595.0,SPX260821C07595000,0.0,0.0,0.0,56.75,0.0,0.0,0.0,1543.0,0.0,0.0,0.0,0.0,0.0,0.0,0.0,0.0,0.0,0.0,61.4499988555908,down,2026-08-20T16:11:37,0.0,0.0
SPXW,2026-08-21,0,Call,7595.0,SPXW260821C07595000,78.6,80.5,79.55,85.51,21.21,32.986,67.0,184.0,0.0,1.0,0.0,0.0,0.0,0.0,77.9738,75.3,96.03,70.19,64.2999992370606,down,2026-08-21T15:40:41,0.0,0.0
SPX,2026-08-21,0,Put,7595.0,SPX260821P07595000,0.0,0.0,0.0,3.7,0.0,0.0,0.0,1908.0,0.0,0.0,0.0,0.0,0.0,0.0,0.0,0.0,0.0,0.0,3.5,down,2026-08-20T16:14:16,0.0,0.0
SPXW,2026-08-21,0,Put,7595.0,SPXW260821P07595000,0.0,0.05,0.025,0.03,-6.42,-99.5349,8351.0,1675.0,0.0,0.0,0.0,0.0,0.0,0.0,0.0,0.9,1.07,0.03,6.45000004768372,down,2026-08-21T15:57:10,0.0,0.0
SPX,2026-08-21,0,Call,7600.0,SPX260821C07600000,0.0,0.0,0.0,52.77,0.0,0.0,0.0,21895.0,0.0,0.0,0.0,0.0,0.0,0.0,0.0,0.0,0.0,0.0,56.8499984741211,up,2026-08-20T15:59:28,0.0,0.0
SPXW,2026-08-21,0,Call,7600.0,SPXW260821C07600000,73.6,75.5,74.55,77.57,17.62,29.3912,910.0,1940.0,0.0,1.0,0.0,0.0,0.0,0.0,72.9738,75.77,96.95,62.32,59.9500007629394,up,2026-08-21T15:57:22,0.0,0.0
SPX,2026-08-21,0,Put,7600.0,SPX260821P07600000,0.0,0.0,0.0,4.33,0.0,0.0,0.0,19438.0,0.0,0.0,0.0,0.0,0.0,0.0,0.0,0.0,0.0,0.0,4.0,down,2026-08-20T16:14:39,0.0,0.0
SPXW,2026-08-21,0,Put,7600.0,SPXW260821P07600000,0.0,0.05,0.025,0.03,-7.17,-99.5833,17515.0,7126.0,0.0,0.0,0.0,0.0,0.0,0.0,0.0,1.15,1.3,0.03,7.20000004768372,no_change,2026-08-21T15:56:35,0.0,0.0
SPX,2026-08-21,0,Call,7605.0,SPX260821C07605000,0.0,0.0,0.0,47.42,0.0,0.0,0.0,155.0,0.0,0.0,0.0,0.0,0.0,0.0,0.0,0.0,0.0,0.0,52.5,down,2026-08-20T16:09:08,0.0,0.0
SPXW,2026-08-21,0,Call,7605.0,SPXW260821C07605000,68.6,70.5,69.55,71.73,15.88,28.4333,168.0,263.0,0.0,1.0,0.0,0.0,0.0,0.0,67.9738,72.35,91.7,57.97,55.8500003814697,down,2026-08-21T15:55:00,0.0,0.0
SPX,2026-08-21,0,Put,7605.0,SPX260821P07605000,0.0,0.0,0.0,5.03,0.0,0.0,0.0,628.0,0.0,0.0,0.0,0.0,0.0,0.0,0.0,0.0,0.0,0.0,4.5,up,2026-08-20T16:13:04,0.0,0.0
SPXW,2026-08-21,0,Put,7605.0,SPXW260821P07605000,0.0,0.05,0.025,0.03,-7.97,-99.625,15119.0,1844.0,0.0,0.0,0.0,0.0,0.0,0.0,0.0,1.25,1.52,0.03,8.00000023841858,no_change,2026-08-21T15:55:10,0.0,0.0
SPX,2026-08-21,0,Call,7610.0,SPX260821C07610000,0.0,0.0,0.0,51.2,0.0,0.0,0.0,1241.0,0.0,0.0,0.0,0.0,0.0,0.0,0.0,0.0,0.0,0.0,48.0499992370606,down,2026-08-20T15:18:37,0.0,0.0
SPXW,2026-08-21,0,Call,7610.0,SPXW260821C07610000,63.6,65.5,64.55,70.78,19.03,36.7729,861.0,423.0,0.0,1.0,0.0,0.0,0.0,0.0,62.9738,65.0,82.8,52.1,51.75,up,2026-08-21T15:37:54,0.0,0.0
SPX,2026-08-21,0,Put,7610.0,SPX260821P07610000,0.0,0.0,0.0,5.79,0.0,0.0,0.0,1045.0,0.0,0.0,0.0,0.0,0.0,0.0,0.0,0.0,0.0,0.0,5.15000009536743,up,2026-08-20T16:14:39,0.0,0.0
SPXW,2026-08-21,0,Put,7610.0,SPXW260821P07610000,0.0,0.05,0.025,0.03,-8.87,-99.6629,19499.0,2272.0,0.0,0.0,0.0,0.0,0.0,0.0,0.0,1.5,1.85,0.03,8.90000009536743,no_change,2026-08-21T15:59:52,0.0,0.0
SPX,2026-08-21,0,Call,7615.0,SPX260821C07615000,0.0,0.0,0.0,39.57,0.0,0.0,0.0,401.0,0.0,0.0,0.0,0.0,0.0,0.0,0.0,0.0,0.0,0.0,43.7999992370606,down,2026-08-20T16:06:39,0.0,0.0
SPXW,2026-08-21,0,Call,7615.0,SPXW260821C07615000,58.6,60.5,59.55,63.12,15.32,32.0502,527.0,279.0,0.0,1.0,0.0,0.0,0.0,0.0,57.9738,64.68,75.22,48.6,47.8000011444092,down,2026-08-21T15:56:40,0.0,0.0
SPX,2026-08-21,0,Put,7615.0,SPX260821P07615000,0.0,0.0,0.0,6.7,0.0,0.0,0.0,607.0,0.0,0.0,0.0,0.0,0.0,0.0,0.0,0.0,0.0,0.0,5.84999990463257,up,2026-08-20T16:14:18,0.0,0.0
SPXW,2026-08-21,0,Put,7615.0,SPXW260821P07615000,0.0,0.05,0.025,0.03,-9.87,-99.697,15557.0,1428.0,0.0,0.0,0.0,0.0,0.0,0.0,0.0,1.8,2.2,0.03,9.90000009536743,down,2026-08-21T15:54:15,0.0,0.0
SPX,2026-08-21,0,Call,7620.0,SPX260821C07620000,0.0,0.0,0.0,35.0,0.0,0.0,0.0,559.0,0.0,0.0,0.0,0.0,0.0,0.0,0.0,0.0,0.0,0.0,39.6499996185303,down,2026-08-20T16:07:07,0.0,0.0
SPXW,2026-08-21,0,Call,7620.0,SPXW260821C07620000,53.6,55.5,54.55,65.14,21.24,48.3827,1076.0,544.0,0.0,1.0,0.0,0.0,0.0,0.0,52.9738,53.0,75.42,42.4,43.8999996185303,up,2026-08-21T15:47:54,0.0,0.0
SPX,2026-08-21,0,Put,7620.0,SPX260821P07620000,0.0,0.0,0.0,7.59,0.0,0.0,0.0,874.0,0.0,0.0,0.0,0.0,0.0,0.0,0.0,0.0,0.0,0.0,6.65000009536743,no_change,2026-08-20T16:13:04,0.0,0.0
SPXW,2026-08-21,0,Put,7620.0,SPXW260821P07620000,0.0,0.05,0.025,0.05,-10.95,-99.5455,22271.0,2919.0,8.1352,0.0,0.0,0.0,0.0,0.0,0.0,2.1,2.67,0.02,11.0,no_change,2026-08-21T15:59:32,0.0,0.0
SPX,2026-08-21,0,Call,7625.0,SPX260821C07625000,0.0,0.0,0.0,29.38,0.0,0.0,0.0,2870.0,0.0,0.0,0.0,0.0,0.0,0.0,0.0,0.0,0.0,0.0,35.5499992370606,up,2026-08-20T16:14:52,0.0,0.0
SPXW,2026-08-21,0,Call,7625.0,SPXW260821C07625000,48.6,50.5,49.55,48.2,8.15,20.3496,857.0,692.0,0.0,1.0,0.0,0.0,0.0,0.0,47.9738,52.29,71.21,37.8,40.0499992370606,down,2026-08-21T15:59:47,0.0,0.0
SPX,2026-08-21,0,Put,7625.0,SPX260821P07625000,0.0,0.0,0.0,9.1,0.0,0.0,0.0,2711.0,0.0,0.0,0.0,0.0,0.0,0.0,0.0,0.0,0.0,0.0,7.54999995231628,up,2026-08-20T16:14:17,0.0,0.0
SPXW,2026-08-21,0,Put,7625.0,SPXW260821P07625000,0.0,0.05,0.025,0.03,-12.17,-99.7541,23242.0,3071.0,7.4417,0.0,0.0,0.0,0.0,0.0,0.0,2.45,3.2,0.03,12.2000002861023,no_change,2026-08-21T15:59:41,0.0,0.0
SPX,2026-08-21,0,Call,7630.0,SPX260821C07630000,0.0,0.0,0.0,25.79,0.0,0.0,0.0,973.0,0.0,0.0,0.0,0.0,0.0,0.0,0.0,0.0,0.0,0.0,31.6000003814697,down,2026-08-20T16:14:40,0.0,0.0
SPXW,2026-08-21,0,Call,7630.0,SPXW260821C07630000,43.6,45.5,44.55,49.1,12.7,34.8901,1657.0,351.0,0.0,1.0,0.0,0.0,0.0,0.0,42.9738,47.5,62.73,33.4,36.3999996185303,up,2026-08-21T15:58:21,0.0,0.0
SPX,2026-08-21,0,Put,7630.0,SPX260821P07630000,0.0,0.0,0.0,10.3,0.0,0.0,0.0,1535.0,0.0,0.0,0.0,0.0,0.0,0.0,0.0,0.0,0.0,0.0,8.59999990463257,up,2026-08-20T16:14:32,0.0,0.0
SPXW,2026-08-21,0,Put,7630.0,SPXW260821P07630000,0.0,0.05,0.025,0.03,-13.57,-99.7794,31720.0,2184.0,6.7425,0.0,0.0,0.0,0.0,0.0,0.0,2.9,3.87,0.03,13.5999999046326,no_change,2026-08-21T15:57:50,0.0,0.0
SPX,2026-08-21,0,Call,7635.0,SPX260821C07635000,0.0,0.0,0.0,22.28,0.0,0.0,0.0,1599.0,0.0,0.0,0.0,0.0,0.0,0.0,0.0,0.0,0.0,0.0,27.8499994277954,down,2026-08-20T16:14:52,0.0,0.0
SPXW,2026-08-21,0,Call,7635.0,SPXW260821C07635000,38.6,40.5,39.55,47.42,14.52,44.1337,1395.0,612.0,8.1371,1.0,0.0,0.0,0.0,0.0,37.9738,46.53,61.3,29.0,32.8999996185303,up,2026-08-21T15:50:22,0.0,0.0
SPX,2026-08-21,0,Put,7635.0,SPX260821P07635000,0.0,0.0,0.0,11.59,0.0,0.0,0.0,686.0,0.0,0.0,0.0,0.0,0.0,0.0,0.0,0.0,0.0,0.0,9.84999990463257,up,2026-08-20T16:14:25,0.0,0.0
SPXW,2026-08-21,0,Put,7635.0,SPXW260821P07635000,0.0,0.05,0.025,0.03,-15.02,-99.8007,30457.0,2060.0,6.0366,0.0,0.0,0.0,0.0,0.0,0.0,3.4,4.7,0.03,15.0500001907349,no_change,2026-08-21T15:59:45,0.0,0.0
SPX,2026-08-21,0,Call,7640.0,SPX260821C07640000,0.0,0.0,0.0,19.55,0.0,0.0,0.0,1275.0,0.0,0.0,0.0,0.0,0.0,0.0,0.0,0.0,0.0,0.0,24.1999998092651,up,2026-08-20T16:14:27,0.0,0.0
SPXW,2026-08-21,0,Call,7640.0,SPXW260821C07640000,33.6,35.5,34.55,39.05,9.55,32.3729,3693.0,679.0,7.2364,1.0,0.0,0.0,0.0,0.0,32.9738,37.31,56.33,24.8,29.5,up,2026-08-21T15:58:43,0.0,0.0
SPX,2026-08-21,0,Put,7640.0,SPX260821P07640000,0.0,0.0,0.0,13.45,0.0,0.0,0.0,1123.0,0.0,0.0,0.0,0.0,0.0,0.0,0.0,0.0,0.0,0.0,11.1500000953674,down,2026-08-20T16:14:52,0.0,0.0
SPXW,2026-08-21,0,Put,7640.0,SPXW260821P07640000,0.0,0.05,0.025,0.03,-16.67,-99.8204,48826.0,6643.0,5.3228,0.0,0.0,0.0,0.0,0.0,0.0,4.1,5.7,0.03,16.6999998092651,no_change,2026-08-21T15:59:49,0.0,0.0
SPX,2026-08-21,0,Call,7645.0,SPX260821C07645000,0.0,0.0,0.0,16.0,0.0,0.0,0.0,713.0,0.0,0.0,0.0,0.0,0.0,0.0,0.0,0.0,0.0,0.0,20.8000001907349,down,2026-08-20T16:14:40,0.0,0.0
SPXW,2026-08-21,0,Call,7645.0,SPXW260821C07645000,28.6,30.1,29.35,28.47,2.17,8.25095,3323.0,425.0,6.5568,1.0,0.0,0.0,-0.0001,0.0,27.9738,33.46,52.04,20.7,26.3000001907349,down,2026-08-21T15:59:46,0.0,0.0
SPX,2026-08-21,0,Put,7645.0,SPX260821P07645000,0.0,0.0,0.0,15.5,0.0,0.0,0.0,737.0,0.0,0.0,0.0,0.0,0.0,0.0,0.0,0.0,0.0,0.0,12.75,down,2026-08-20T16:14:52,0.0,0.0
SPXW,2026-08-21,0,Put,7645.0,SPXW260821P07645000,0.0,0.05,0.025,0.03,-18.47,-99.8378,39336.0,1972.0,4.5994,0.0,0.0,0.0,-0.0001,0.0,0.0001,4.7,6.8,0.02,18.5,no_change,2026-08-21T15:59:47,0.0,0.0
SPX,2026-08-21,0,Call,7650.0,SPX260821C07650000,0.0,0.0,0.0,13.1,0.0,0.0,0.0,9596.0,0.0,0.0,0.0,0.0,0.0,0.0,0.0,0.0,0.0,0.0,17.5999994277954,no_change,2026-08-20T16:14:45,0.0,0.0
SPXW,2026-08-21,0,Call,7650.0,SPXW260821C07650000,23.6,25.2,24.4,23.03,-0.22,-0.946237,8852.0,1528.0,6.4307,0.9999,0.0001,0.0,-0.0001,0.0,22.9739,31.94,47.28,16.6,23.25,up,2026-08-21T15:59:51,0.0,0.0
SPX,2026-08-21,0,Put,7650.0,SPX260821P07650000,0.0,0.0,0.0,17.02,0.0,0.0,0.0,11409.0,0.0,0.0,0.0,0.0,0.0,0.0,0.0,0.0,0.0,0.0,14.6500000953674,down,2026-08-20T16:13:45,0.0,0.0
SPXW,2026-08-21,0,Put,7650.0,SPXW260821P07650000,0.0,0.05,0.025,0.03,-20.37,-99.8529,74233.0,3444.0,3.8646,-0.0001,0.0001,0.0,-0.0001,0.0,0.0001,5.52,8.3,0.03,20.3999996185303,no_change,2026-08-21T15:59:51,0.0,0.0
SPX,2026-08-21,0,Call,7655.0,SPX260821C07655000,0.0,0.0,0.0,10.9,0.0,0.0,0.0,792.0,0.0,0.0,0.0,0.0,0.0,0.0,0.0,0.0,0.0,0.0,14.75,down,2026-08-20T16:14:43,0.0,0.0
SPXW,2026-08-21,0,Call,7655.0,SPXW260821C07655000,18.6,20.5,19.55,18.7,-1.7,-8.33333,7108.0,705.0,4.2045,0.9999,0.0001,0.0,-0.0001,0.0,17.9739,26.3,42.54,13.3,20.3999996185303,no_change,2026-08-21T15:59:48,0.0,0.0
SPX,2026-08-21,0,Put,7655.0,SPX260821P07655000,0.0,0.0,0.0,20.74,0.0,0.0,0.0,669.0,0.0,0.0,0.0,0.0,0.0,0.0,0.0,0.0,0.0,0.0,16.75,up,2026-08-20T16:14:40,0.0,0.0
SPXW,2026-08-21,0,Put,7655.0,SPXW260821P07655000,0.0,0.05,0.025,0.05,-22.5,-99.7783,55025.0,1433.0,3.1147,-0.0001,0.0001,0.0,-0.0001,0.0,0.0001,6.4,10.1,0.02,22.5500001907349,up,2026-08-21T15:59:57,0.0,0.0
SPX,2026-08-21,0,Call,7660.0,SPX260821C07660000,0.0,0.0,0.0,9.1,0.0,0.0,0.0,1411.0,0.0,0.0,0.0,0.0,0.0,0.0,0.0,0.0,0.0,0.0,12.1500000953674,down,2026-08-20T16:14:12,0.0,0.0
SPXW,2026-08-21,0,Call,7660.0,SPXW260821C07660000,13.6,15.2,14.399999999999999,14.3,-3.4,-19.209,19217.0,1554.0,2.7691,0.9998,0.0002,0.0,-0.0001,0.0,12.9739,23.67,37.63,10.27,17.6999998092651,up,2026-08-21T15:59:57,0.0,0.0
SPX,2026-08-21,0,Put,7660.0,SPX260821P07660000,0.0,0.0,0.0,23.76,0.0,0.0,0.0,768.0,0.0,0.0,0.0,0.0,0.0,0.0,0.0,0.0,0.0,0.0,19.1499996185303,up,2026-08-20T16:14:40,0.0,0.0
SPXW,2026-08-21,0,Put,7660.0,SPXW260821P07660000,0.0,0.05,0.025,0.03,-24.87,-99.8795,101233.0,1346.0,2.344,-0.0001,0.0002,0.0,-0.0001,0.0,0.0001,7.8,12.2,0.02,24.8999996185303,up,2026-08-21T15:59:54,0.0,0.0
SPX,2026-08-21,0,Call,7665.0,SPX260821C07665000,0.0,0.0,0.0,7.0,0.0,0.0,0.0,1034.0,0.0,0.0,0.0,0.0,0.0,0.0,0.0,0.0,0.0,0.0,9.84999990463257,no_change,2026-08-20T16:14:59,0.0,0.0
SPXW,2026-08-21,0,Call,7665.0,SPXW260821C07665000,9.3,10.2,9.75,9.4,-5.85,-38.3607,31382.0,965.0,3.1574,0.981,0.012,0.0012,-0.0262,0.0,8.0,19.5,33.0,7.1,15.25,no_change,2026-08-21T15:59:59,0.0,0.0
SPX,2026-08-21,0,Put,7665.0,SPX260821P07665000,0.0,0.0,0.0,25.1,0.0,0.0,0.0,567.0,0.0,0.0,0.0,0.0,0.0,0.0,0.0,0.0,0.0,0.0,21.8500003814697,up,2026-08-20T16:14:13,0.0,0.0
SPXW,2026-08-21,0,Put,7665.0,SPXW260821P07665000,0.0,0.05,0.025,0.05,-27.35,-99.8175,116398.0,2802.0,1.5416,-0.0002,0.0004,0.0,-0.0001,0.0,0.0001,9.3,14.6,0.01,27.3999996185303,up,2026-08-21T15:59:58,0.0,0.0
SPX,2026-08-21,0,Call,7670.0,SPX260821C07670000,0.0,0.0,0.0,5.89,0.0,0.0,0.0,1924.0,0.0,0.0,0.0,0.0,0.0,0.0,0.0,0.0,0.0,0.0,7.84999990463257,up,2026-08-20T16:14:27,0.0,0.0
SPXW,2026-08-21,0,Call,7670.0,SPXW260821C07670000,4.4,5.3,4.85,4.4,-8.6,-66.1538,70420.0,976.0,1.6092,0.961,0.05,0.0021,-0.0262,0.0,3.0,17.44,28.4,2.0,13.0,up,2026-08-21T16:00:00,0.0,0.0
SPX,2026-08-21,0,Put,7670.0,SPX260821P07670000,0.0,0.0,0.0,30.4,0.0,0.0,0.0,1359.0,0.0,0.0,0.0,0.0,0.0,0.0,0.0,0.0,0.0,0.0,24.8999996185303,up,2026-08-20T16:14:37,0.0,0.0
SPXW,2026-08-21,0,Put,7670.0,SPXW260821P07670000,0.0,0.05,0.025,0.03,-30.12,-99.9005,165079.0,1623.0,0.7752,-0.0008,0.0029,0.0001,-0.0002,0.0,0.0002,11.3,17.3,0.02,30.1500005722046,down,2026-08-21T15:59:59,0.0,0.0
SPX,2026-08-21,0,Call,7675.0,SPX260821C07675000,0.0,0.0,0.0,4.67,0.0,0.0,0.0,3862.0,0.0,0.0,0.0,0.0,0.0,0.0,0.0,0.0,0.0,0.0,6.20000004768372,no_change,2026-08-20T16:14:47,0.0,0.0
SPXW,2026-08-21,0,Call,7675.0,SPXW260821C07675000,0.2,0.6,0.4,0.45,-10.5,-95.8904,113657.0,1284.0,0.8284,0.0779,0.1021,0.0037,-0.05,0.0,0.05,14.4,23.9,0.05,10.9499998092651,down,2026-08-21T16:00:00,0.0,0.0
SPX,2026-08-21,0,Put,7675.0,SPX260821P07675000,0.0,0.0,0.0,30.84,0.0,0.0,0.0,2750.0,0.0,0.0,0.0,0.0,0.0,0.0,0.0,0.0,0.0,0.0,28.1500005722046,up,2026-08-20T16:05:01,0.0,0.0
SPXW,2026-08-21,0,Put,7675.0,SPXW260821P07675000,0.75,1.2,0.975,1.15,-31.95,-96.5257,170277.0,2161.0,0.0,-0.9994,0.0032,0.0001,-0.0001,0.0,2.0263,13.4,20.4,0.05,33.1000003814697,no_change,2026-08-21T15:59:59,0.0,0.0
SPX,2026-08-21,0,Call,7680.0,SPX260821C07680000,0.0,0.0,0.0,3.5,0.0,0.0,0.0,1538.0,0.0,0.0,0.0,0.0,0.0,0.0,0.0,0.0,0.0,0.0,4.84999990463257,down,2026-08-20T16:14:55,0.0,0.0
SPXW,2026-08-21,0,Call,7680.0,SPXW260821C07680000,0.0,0.05,0.025,0.05,-9.1,-99.4536,195047.0,1741.0,1.3828,0.0002,0.0004,0.0,-0.0001,0.0,0.0001,11.6,19.54,0.02,9.15000009536743,no_change,2026-08-21T16:00:00,0.0,0.0
SPX,2026-08-21,0,Put,7680.0,SPX260821P07680000,0.0,0.0,0.0,36.38,0.0,0.0,0.0,1404.0,0.0,0.0,0.0,0.0,0.0,0.0,0.0,0.0,0.0,0.0,31.9000005722046,up,2026-08-20T16:09:56,0.0,0.0
SPXW,2026-08-21,0,Put,7680.0,SPXW260821P07680000,5.7,5.8,5.75,5.9,-30.4,-83.7466,129475.0,1521.0,0.0,-0.9998,0.0004,0.0,-0.0001,0.0,7.0263,15.49,24.0,0.7,36.3000011444092,up,2026-08-21T15:59:59,0.0,0.0
SPX,2026-08-21,0,Call,7685.0,SPX260821C07685000,0.0,0.0,0.0,2.8,0.0,0.0,0.0,1338.0,0.0,0.0,0.0,0.0,0.0,0.0,0.0,0.0,0.0,0.0,3.69999992847443,down,2026-08-20T16:14:52,0.0,0.0
SPXW,2026-08-21,0,Call,7685.0,SPXW260821C07685000,0.0,0.05,0.025,0.05,-7.5,-99.3377,178519.0,2194.0,2.1915,0.0,0.0,0.0,0.0,0.0,0.0,10.2,15.63,0.02,7.54999995231628,up,2026-08-21T15:59:59,0.0,0.0
SPX,2026-08-21,0,Put,7685.0,SPX260821P07685000,0.0,0.0,0.0,43.64,0.0,0.0,0.0,598.0,0.0,0.0,0.0,0.0,0.0,0.0,0.0,0.0,0.0,0.0,35.75,up,2026-08-20T15:59:47,0.0,0.0
SPXW,2026-08-21,0,Put,7685.0,SPXW260821P07685000,10.2,11.4,10.8,10.5,-29.3,-73.6181,63622.0,4003.0,0.0,-1.0,0.0,0.0,0.0,0.0,13.1192,18.44,27.8,2.12,39.7999992370606,down,2026-08-21T15:59:59,0.0,0.0
SPX,2026-08-21,0,Call,7690.0,SPX260821C07690000,0.0,0.0,0.0,2.1,0.0,0.0,0.0,1063.0,0.0,0.0,0.0,0.0,0.0,0.0,0.0,0.0,0.0,0.0,2.85000002384186,up,2026-08-20T16:14:26,0.0,0.0
SPXW,2026-08-21,0,Call,7690.0,SPXW260821C07690000,0.0,0.05,0.025,0.03,-6.12,-99.5122,150156.0,2301.0,2.9639,0.0,0.0,0.0,0.0,0.0,0.0,8.1,12.0,0.02,6.14999985694885,no_change,2026-08-21T15:59:58,0.0,0.0
SPX,2026-08-21,0,Put,7690.0,SPX260821P07690000,0.0,0.0,0.0,42.57,0.0,0.0,0.0,839.0,0.0,0.0,0.0,0.0,0.0,0.0,0.0,0.0,0.0,0.0,39.8999996185303,down,2026-08-20T16:04:55,0.0,0.0
SPXW,2026-08-21,0,Put,7690.0,SPXW260821P07690000,14.5,16.4,15.45,16.0,-27.4,-63.1336,31616.0,1257.0,0.0,-1.0,0.0,0.0,0.0,0.0,17.0262,21.9,31.7,5.0,43.4000015258789,down,2026-08-21T15:59:58,0.0,0.0
SPX,2026-08-21,0,Call,7695.0,SPX260821C07695000,0.0,0.0,0.0,1.55,0.0,0.0,0.0,1102.0,0.0,0.0,0.0,0.0,0.0,0.0,0.0,0.0,0.0,0.0,2.14999997615814,down,2026-08-20T16:13:41,0.0,0.0
SPXW,2026-08-21,0,Call,7695.0,SPXW260821C07695000,0.0,0.05,0.025,0.05,-4.95,-99.0,102774.0,1534.0,3.7131,0.0,0.0,0.0,0.0,0.0,0.0,6.4,8.9,0.02,5.0,up,2026-08-21T15:59:52,0.0,0.0
SPX,2026-08-21,0,Put,7695.0,SPX260821P07695000,0.0,0.0,0.0,49.64,0.0,0.0,0.0,936.0,0.0,0.0,0.0,0.0,0.0,0.0,0.0,0.0,0.0,0.0,44.1499996185303,up,2026-08-20T16:09:54,0.0,0.0
SPXW,2026-08-21,0,Put,7695.0,SPXW260821P07695000,19.9,21.4,20.65,22.44,-24.71,-52.4072,15673.0,1764.0,5.7439,-1.0,0.0,0.0,0.0,0.0,22.0262,25.91,35.56,6.87,47.1499996185303,up,2026-08-21T15:59:52,0.0,0.0
SPX,2026-08-21,0,Call,7700.0,SPX260821C07700000,0.0,0.0,0.0,1.27,0.0,0.0,0.0,19904.0,0.0,0.0,0.0,0.0,0.0,0.0,0.0,0.0,0.0,0.0,1.67500001192093,no_change,2026-08-20T16:14:47,0.0,0.0
SPXW,2026-08-21,0,Call,7700.0,SPXW260821C07700000,0.0,0.05,0.025,0.03,-3.97,-99.25,139569.0,8404.0,4.4455,0.0,0.0,0.0,0.0,0.0,0.0,5.1,6.4,0.01,4.0,down,2026-08-21T15:59:57,0.0,0.0
SPX,2026-08-21,0,Put,7700.0,SPX260821P07700000,0.0,0.0,0.0,53.61,0.0,0.0,0.0,15990.0,0.0,0.0,0.0,0.0,0.0,0.0,0.0,0.0,0.0,0.0,48.75,up,2026-08-20T16:09:58,0.0,0.0
SPXW,2026-08-21,0,Put,7700.0,SPXW260821P07700000,24.6,26.4,25.5,25.4,-25.75,-50.3421,17483.0,5589.0,6.747,-1.0,0.0,0.0,0.0,0.0,27.0262,28.51,40.9,9.27,51.1499996185303,no_change,2026-08-21T15:59:59,0.0,0.0
SPX,2026-08-21,0,Call,7705.0,SPX260821C07705000,0.0,0.0,0.0,0.9,0.0,0.0,0.0,885.0,0.0,0.0,0.0,0.0,0.0,0.0,0.0,0.0,0.0,0.0,1.27500003576279,no_change,2026-08-20T16:14:39,0.0,0.0
SPXW,2026-08-21,0,Call,7705.0,SPXW260821C07705000,0.0,0.05,0.025,0.03,-3.17,-99.0625,61808.0,1364.0,5.1649,0.0,0.0,0.0,0.0,0.0,0.0,3.94,4.4,0.03,3.19999992847443,down,2026-08-21T15:59:40,0.0,0.0
SPX,2026-08-21,0,Put,7705.0,SPX260821P07705000,0.0,0.0,0.0,61.01,0.0,0.0,0.0,533.0,0.0,0.0,0.0,0.0,0.0,0.0,0.0,0.0,0.0,0.0,53.2999992370606,up,2026-08-20T15:59:44,0.0,0.0
SPXW,2026-08-21,0,Put,7705.0,SPXW260821P07705000,29.7,31.4,30.549999999999997,30.7,-24.75,-44.6348,5018.0,1283.0,7.7233,-1.0,0.0,0.0,0.0,0.0,32.0262,32.7,45.0,12.4,55.4500007629394,down,2026-08-21T15:59:58,0.0,0.0
SPX,2026-08-21,0,Call,7710.0,SPX260821C07710000,0.0,0.0,0.0,0.73,0.0,0.0,0.0,1231.0,0.0,0.0,0.0,0.0,0.0,0.0,0.0,0.0,0.0,0.0,0.999999970197678,no_change,2026-08-20T16:13:51,0.0,0.0
SPXW,2026-08-21,0,Call,7710.0,SPXW260821C07710000,0.0,0.05,0.025,0.03,-2.495,-98.8119,49253.0,1929.0,5.8736,0.0,0.0,0.0,0.0,0.0,0.0,3.13,3.2,0.02,2.52499997615814,no_change,2026-08-21T15:58:55,0.0,0.0
SPX,2026-08-21,0,Put,7710.0,SPX260821P07710000,0.0,0.0,0.0,60.32,0.0,0.0,0.0,1270.0,0.0,0.0,0.0,0.0,0.0,0.0,0.0,0.0,0.0,0.0,58.1000003814697,down,2026-08-20T16:02:45,0.0,0.0
SPXW,2026-08-21,0,Put,7710.0,SPXW260821P07710000,34.6,36.4,35.5,35.5,-24.2,-40.536,2895.0,990.0,0.0,-1.0,0.0,0.0,0.0,0.0,37.0262,38.0,50.0,16.0,59.7000007629394,down,2026-08-21T15:59:58,0.0,0.0
SPX,2026-08-21,0,Call,7715.0,SPX260821C07715000,0.0,0.0,0.0,0.65,0.0,0.0,0.0,3063.0,0.0,0.0,0.0,0.0,0.0,0.0,0.0,0.0,0.0,0.0,0.775000005960464,up,2026-08-20T16:09:18,0.0,0.0
SPXW,2026-08-21,0,Call,7715.0,SPXW260821C07715000,0.0,0.05,0.025,0.03,-1.97,-98.5,34862.0,1908.0,6.5732,0.0,0.0,0.0,0.0,0.0,0.0,2.5,2.55,0.02,2.0,down,2026-08-21T15:58:19,0.0,0.0
SPX,2026-08-21,0,Put,7715.0,SPX260821P07715000,0.0,0.0,0.0,65.58,0.0,0.0,0.0,1252.0,0.0,0.0,0.0,0.0,0.0,0.0,0.0,0.0,0.0,0.0,62.8000011444092,down,2026-08-20T16:04:08,0.0,0.0
SPXW,2026-08-21,0,Put,7715.0,SPXW260821P07715000,39.8,41.4,40.599999999999994,37.0,-27.25,-42.4125,1432.0,763.0,0.0,-1.0,0.0,0.0,0.0,0.0,42.0262,43.0,53.66,20.0,64.2500019073486,down,2026-08-21T15:59:01,0.0,0.0
SPX,2026-08-21,0,Call,7720.0,SPX260821C07720000,0.0,0.0,0.0,0.45,0.0,0.0,0.0,1456.0,0.0,0.0,0.0,0.0,0.0,0.0,0.0,0.0,0.0,0.0,0.625,no_change,2026-08-20T16:14:13,0.0,0.0
SPXW,2026-08-21,0,Call,7720.0,SPXW260821C07720000,0.0,0.05,0.025,0.03,-1.52,-98.0645,34116.0,3159.0,7.265,0.0,0.0,0.0,0.0,0.0,0.0,2.0,2.05,0.02,1.55000001192093,no_change,2026-08-21T15:58:47,0.0,0.0
SPX,2026-08-21,0,Put,7720.0,SPX260821P07720000,0.0,0.0,0.0,72.78,0.0,0.0,0.0,1139.0,0.0,0.0,0.0,0.0,0.0,0.0,0.0,0.0,0.0,0.0,67.6999969482422,down,2026-08-20T16:06:45,0.0,0.0
SPXW,2026-08-21,0,Put,7720.0,SPXW260821P07720000,44.5,46.4,45.45,47.43,-21.42,-31.1111,3877.0,871.0,0.0,-1.0,0.0,0.0,0.0,0.0,48.1192,46.49,59.1,24.5,68.8500022888184,up,2026-08-21T15:59:52,0.0,0.0
SPX,2026-08-21,0,Call,7725.0,SPX260821C07725000,0.0,0.0,0.0,0.35,0.0,0.0,0.0,5002.0,0.0,0.0,0.0,0.0,0.0,0.0,0.0,0.0,0.0,0.0,0.525000005960464,down,2026-08-20T16:14:49,0.0,0.0
SPXW,2026-08-21,0,Call,7725.0,SPXW260821C07725000,0.0,0.05,0.025,0.03,-1.195,-97.551,27286.0,2422.0,7.9501,0.0,0.0,0.0,0.0,0.0,0.0,1.65,1.65,0.01,1.22500002384186,down,2026-08-21T15:59:41,0.0,0.0
SPX,2026-08-21,0,Put,7725.0,SPX260821P07725000,0.0,0.0,0.0,77.93,0.0,0.0,0.0,4076.0,0.0,0.0,0.0,0.0,0.0,0.0,0.0,0.0,0.0,0.0,72.5999984741211,down,2026-08-20T16:09:56,0.0,0.0
SPXW,2026-08-21,0,Put,7725.0,SPXW260821P07725000,49.5,51.4,50.45,52.45,-21.05,-28.6395,1121.0,1444.0,0.0,-1.0,0.0,0.0,0.0,0.0,53.1192,52.2,64.61,29.3,73.5,up,2026-08-21T15:59:51,0.0,0.0
SPX,2026-08-21,0,Call,7730.0,SPX260821C07730000,0.0,0.0,0.0,0.27,0.0,0.0,0.0,1463.0,0.0,0.0,0.0,0.0,0.0,0.0,0.0,0.0,0.0,0.0,0.424999997019768,no_change,2026-08-20T16:14:48,0.0,0.0
SPXW,2026-08-21,0,Call,7730.0,SPXW260821C07730000,0.0,0.05,0.025,0.03,-0.945,-96.9231,16217.0,3093.0,0.0,0.0,0.0,0.0,0.0,0.0,0.0,1.25,1.35,0.01,0.974999994039536,down,2026-08-21T15:57:50,0.0,0.0
SPX,2026-08-21,0,Put,7730.0,SPX260821P07730000,0.0,0.0,0.0,77.12,0.0,0.0,0.0,591.0,0.0,0.0,0.0,0.0,0.0,0.0,0.0,0.0,0.0,0.0,77.5,no_change,2026-08-20T15:43:54,0.0,0.0
SPXW,2026-08-21,0,Put,7730.0,SPXW260821P07730000,54.5,56.4,55.45,56.29,-21.96,-28.0639,1293.0,885.0,0.0,-1.0,0.0,0.0,0.0,0.0,58.1192,56.97,69.05,33.6,78.25,up,2026-08-21T15:59:49,0.0,0.0
SPX,2026-08-21,0,Call,7735.0,SPX260821C07735000,0.0,0.0,0.0,0.3,0.0,0.0,0.0,1575.0,0.0,0.0,0.0,0.0,0.0,0.0,0.0,0.0,0.0,0.0,0.350000008940697,no_change,2026-08-20T16:08:29,0.0,0.0
SPXW,2026-08-21,0,Call,7735.0,SPXW260821C07735000,0.0,0.05,0.025,0.03,-0.745,-96.129,12529.0,2720.0,0.0,0.0,0.0,0.0,0.0,0.0,0.0,1.1,1.1,0.01,0.775000005960464,no_change,2026-08-21T15:59:18,0.0,0.0
SPX,2026-08-21,0,Put,7735.0,SPX260821P07735000,0.0,0.0,0.0,90.0,0.0,0.0,0.0,587.0,0.0,0.0,0.0,0.0,0.0,0.0,0.0,0.0,0.0,0.0,82.3500022888184,up,2026-08-20T15:59:42,0.0,0.0
SPXW,2026-08-21,0,Put,7735.0,SPXW260821P07735000,59.5,61.4,60.45,61.28,-21.72,-26.1687,239.0,535.0,0.0,-1.0,0.0,0.0,0.0,0.0,63.1192,64.63,71.77,38.71,83.0,up,2026-08-21T15:59:51,0.0,0.0
SPX,2026-08-21,0,Call,7740.0,SPX260821C07740000,0.0,0.0,0.0,0.2,0.0,0.0,0.0,2821.0,0.0,0.0,0.0,0.0,0.0,0.0,0.0,0.0,0.0,0.0,0.325000002980232,no_change,2026-08-20T16:14:54,0.0,0.0
SPXW,2026-08-21,0,Call,7740.0,SPXW260821C07740000,0.0,0.05,0.025,0.05,-0.575,-92.0,9735.0,1683.0,0.0,0.0,0.0,0.0,0.0,0.0,0.0,0.85,0.9,0.02,0.625,no_change,2026-08-21T15:57:38,0.0,0.0
SPX,2026-08-21,0,Put,7740.0,SPX260821P07740000,0.0,0.0,0.0,94.49,0.0,0.0,0.0,1950.0,0.0,0.0,0.0,0.0,0.0,0.0,0.0,0.0,0.0,0.0,87.4000015258789,up,2026-08-20T15:57:09,0.0,0.0
SPXW,2026-08-21,0,Put,7740.0,SPXW260821P07740000,64.5,66.4,65.45,59.65,-28.05,-31.984,291.0,492.0,0.0,-1.0,0.0,0.0,0.0,0.0,68.1192,70.97,77.43,43.8,87.7000007629394,up,2026-08-21T15:52:10,0.0,0.0
SPX,2026-08-21,0,Call,7745.0,SPX260821C07745000,0.0,0.0,0.0,0.2,0.0,0.0,0.0,1193.0,0.0,0.0,0.0,0.0,0.0,0.0,0.0,0.0,0.0,0.0,0.274999998509884,no_change,2026-08-20T16:09:40,0.0,0.0
SPXW,2026-08-21,0,Call,7745.0,SPXW260821C07745000,0.0,0.05,0.025,0.05,-0.475,-90.4762,5148.0,1544.0,0.0,0.0,0.0,0.0,0.0,0.0,0.0,0.75,0.75,0.03,0.525000005960464,no_change,2026-08-21T15:57:38,0.0,0.0
SPX,2026-08-21,0,Put,7745.0,SPX260821P07745000,0.0,0.0,0.0,79.65,0.0,0.0,0.0,443.0,0.0,0.0,0.0,0.0,0.0,0.0,0.0,0.0,0.0,0.0,92.3000030517578,up,2026-08-20T13:39:02,0.0,0.0
SPXW,2026-08-21,0,Put,7745.0,SPXW260821P07745000,69.5,71.4,70.45,65.68,-26.92,-29.0713,204.0,925.0,0.0,-1.0,0.0,0.0,0.0,0.0,73.1192,74.6,81.6,55.92,92.6000022888184,down,2026-08-21T15:58:14,0.0,0.0
SPX,2026-08-21,0,Call,7750.0,SPX260821C07750000,0.0,0.0,0.0,0.2,0.0,0.0,0.0,17912.0,0.0,0.0,0.0,0.0,0.0,0.0,0.0,0.0,0.0,0.0,0.250000007450581,no_change,2026-08-20T16:11:07,0.0,0.0
SPXW,2026-08-21,0,Call,7750.0,SPXW260821C07750000,0.0,0.05,0.025,0.05,-0.4,-88.8889,7697.0,5025.0,0.0,0.0,0.0,0.0,0.0,0.0,0.0,0.65,0.65,0.02,0.450000002980232,up,2026-08-21T15:57:38,0.0,0.0
SPX,2026-08-21,0,Put,7750.0,SPX260821P07750000,0.0,0.0,0.0,102.7,0.0,0.0,0.0,11400.0,0.0,0.0,0.0,0.0,0.0,0.0,0.0,0.0,0.0,0.0,97.25,down,2026-08-20T16:12:04,0.0,0.0
SPXW,2026-08-21,0,Put,7750.0,SPXW260821P07750000,74.5,76.4,75.45,69.86,-27.64,-28.3487,577.0,2644.0,0.0,-1.0,0.0,0.0,0.0,0.0,78.1192,77.7,89.46,53.47,97.5,down,2026-08-21T15:59:27,0.0,0.0
SPX,2026-08-21,0,Call,7755.0,SPX260821C07755000,0.0,0.0,0.0,0.2,0.0,0.0,0.0,1114.0,0.0,0.0,0.0,0.0,0.0,0.0,0.0,0.0,0.0,0.0,0.200000002980232,up,2026-08-20T16:03:24,0.0,0.0
SPXW,2026-08-21,0,Call,7755.0,SPXW260821C07755000,0.0,0.05,0.025,0.05,-0.325,-86.6667,5492.0,1388.0,0.0,0.0,0.0,0.0,0.0,0.0,0.0,0.45,0.5,0.03,0.375,up,2026-08-21T15:59:35,0.0,0.0
SPX,2026-08-21,0,Put,7755.0,SPX260821P07755000,0.0,0.0,0.0,108.42,0.0,0.0,0.0,387.0,0.0,0.0,0.0,0.0,0.0,0.0,0.0,0.0,0.0,0.0,102.25,up,2026-08-20T15:56:39,0.0,0.0
SPXW,2026-08-21,0,Put,7755.0,SPXW260821P07755000,79.5,81.4,80.45,72.4,-30.3,-29.5034,166.0,590.0,0.0,-1.0,0.0,0.0,0.0,0.0,83.1192,79.67,93.59,60.8,102.700000762939,down,2026-08-21T15:45:27,0.0,0.0
SPX,2026-08-21,0,Call,7760.0,SPX260821C07760000,0.0,0.0,0.0,0.15,0.0,0.0,0.0,3054.0,0.0,0.0,0.0,0.0,0.0,0.0,0.0,0.0,0.0,0.0,0.200000002980232,no_change,2026-08-20T16:09:03,0.0,0.0
SPXW,2026-08-21,0,Call,7760.0,SPXW260821C07760000,0.0,0.05,0.025,0.03,-0.295,-90.7692,5055.0,1957.0,0.0,0.0,0.0,0.0,0.0,0.0,0.0,0.35,0.45,0.03,0.325000002980232,no_change,2026-08-21T15:59:06,0.0,0.0
SPX,2026-08-21,0,Put,7760.0,SPX260821P07760000,0.0,0.0,0.0,104.6,0.0,0.0,0.0,296.0,0.0,0.0,0.0,0.0,0.0,0.0,0.0,0.0,0.0,0.0,107.300003051758,up,2026-08-20T14:15:51,0.0,0.0
SPXW,2026-08-21,0,Put,7760.0,SPXW260821P07760000,84.5,86.4,85.45,80.54,-27.11,-25.1835,195.0,803.0,0.0,-1.0,0.0,0.0,0.0,0.0,88.1192,86.71,96.23,64.4,107.650001525879,up,2026-08-21T15:52:47,0.0,0.0
SPX,2026-08-21,0,Call,7765.0,SPX260821C07765000,0.0,0.0,0.0,0.15,0.0,0.0,0.0,835.0,0.0,0.0,0.0,0.0,0.0,0.0,0.0,0.0,0.0,0.0,0.200000002980232,no_change,2026-08-20T16:02:12,0.0,0.0
SPXW,2026-08-21,0,Call,7765.0,SPXW260821C07765000,0.0,0.05,0.025,0.03,-0.27,-90.0,2444.0,1431.0,0.0,0.0,0.0,0.0,0.0,0.0,0.0,0.35,0.38,0.03,0.299999997019768,no_change,2026-08-21T15:56:35,0.0,0.0
SPX,2026-08-21,0,Put,7765.0,SPX260821P07765000,0.0,0.0,0.0,108.41,0.0,0.0,0.0,368.0,0.0,0.0,0.0,0.0,0.0,0.0,0.0,0.0,0.0,0.0,112.25,up,2026-08-20T15:18:39,0.0,0.0
SPXW,2026-08-21,0,Put,7765.0,SPXW260821P07765000,89.5,91.4,90.45,80.7,-31.8,-28.2667,198.0,386.0,0.0,-1.0,0.0,0.0,0.0,0.0,93.1192,91.64,102.86,69.5,112.5,down,2026-08-21T15:47:13,0.0,0.0
SPX,2026-08-21,0,Call,7770.0,SPX260821C07770000,0.0,0.0,0.0,0.12,0.0,0.0,0.0,2697.0,0.0,0.0,0.0,0.0,0.0,0.0,0.0,0.0,0.0,0.0,0.200000002980232,no_change,2026-08-20T16:14:48,0.0,0.0
SPXW,2026-08-21,0,Call,7770.0,SPXW260821C07770000,0.0,0.05,0.025,0.03,-0.245,-89.0909,5524.0,2220.0,0.0,0.0,0.0,0.0,0.0,0.0,0.0,0.27,0.31,0.02,0.275000005960464,no_change,2026-08-21T15:34:10,0.0,0.0
SPX,2026-08-21,0,Put,7770.0,SPX260821P07770000,0.0,0.0,0.0,111.88,0.0,0.0,0.0,1624.0,0.0,0.0,0.0,0.0,0.0,0.0,0.0,0.0,0.0,0.0,117.149997711182,up,2026-08-20T15:27:15,0.0,0.0
SPXW,2026-08-21,0,Put,7770.0,SPXW260821P07770000,94.5,96.4,95.45,90.42,-27.18,-23.1122,411.0,610.0,0.0,-1.0,0.0,0.0,0.0,0.0,98.1192,96.62,108.79,75.0,117.600002288818,down,2026-08-21T15:59:26,0.0,0.0
SPX,2026-08-21,0,Call,7775.0,SPX260821C07775000,0.0,0.0,0.0,0.15,0.0,0.0,0.0,10199.0,0.0,0.0,0.0,0.0,0.0,0.0,0.0,0.0,0.0,0.0,0.175000000745058,no_change,2026-08-20T16:14:23,0.0,0.0
SPXW,2026-08-21,0,Call,7775.0,SPXW260821C07775000,0.0,0.05,0.025,0.05,-0.175,-77.7778,4354.0,3706.0,0.0,0.0,0.0,0.0,0.0,0.0,0.0,0.23,0.3,0.03,0.225000001490116,no_change,2026-08-21T15:58:03,0.0,0.0
SPX,2026-08-21,0,Put,7775.0,SPX260821P07775000,0.0,0.0,0.0,119.35,0.0,0.0,0.0,2421.0,0.0,0.0,0.0,0.0,0.0,0.0,0.0,0.0,0.0,0.0,122.149997711182,down,2026-08-20T15:51:53,0.0,0.0
SPXW,2026-08-21,0,Put,7775.0,SPXW260821P07775000,99.5,101.4,100.45,100.0,-22.45,-18.334,193.0,948.0,0.0,-1.0,0.0,0.0,0.0,0.0,103.1192,105.49,112.42,80.78,122.449996948242,up,2026-08-21T15:59:45,0.0,0.0
SPX,2026-08-21,0,Call,7780.0,SPX260821C07780000,0.0,0.0,0.0,0.1,0.0,0.0,0.0,2371.0,0.0,0.0,0.0,0.0,0.0,0.0,0.0,0.0,0.0,0.0,0.150000002235174,no_change,2026-08-20T16:09:45,0.0,0.0
SPXW,2026-08-21,0,Call,7780.0,SPXW260821C07780000,0.0,0.05,0.025,0.03,-0.195,-86.6667,2758.0,3086.0,0.0,0.0,0.0,0.0,0.0,0.0,0.0,0.18,0.25,0.03,0.225000001490116,no_change,2026-08-21T15:48:19,0.0,0.0
SPX,2026-08-21,0,Put,7780.0,SPX260821P07780000,0.0,0.0,0.0,124.82,0.0,0.0,0.0,508.0,0.0,0.0,0.0,0.0,0.0,0.0,0.0,0.0,0.0,0.0,127.75,up,2026-08-20T15:31:02,0.0,0.0
SPXW,2026-08-21,0,Put,7780.0,SPXW260821P07780000,104.5,106.4,105.45,100.13,-27.27,-21.405,193.0,1068.0,0.0,-1.0,0.0,0.0,0.0,0.0,108.1192,108.8,118.13,84.92,127.399997711182,down,2026-08-21T15:36:05,0.0,0.0
SPX,2026-08-21,0,Call,7785.0,SPX260821C07785000,0.0,0.0,0.0,0.12,0.0,0.0,0.0,1743.0,0.0,0.0,0.0,0.0,0.0,0.0,0.0,0.0,0.0,0.0,0.12500000372529,up,2026-08-20T16:02:42,0.0,0.0
SPXW,2026-08-21,0,Call,7785.0,SPXW260821C07785000,0.0,0.05,0.025,0.03,-0.17,-85.0,2329.0,2538.0,0.0,0.0,0.0,0.0,0.0,0.0,0.0,0.17,0.2,0.03,0.200000002980232,no_change,2026-08-21T15:48:09,0.0,0.0
SPX,2026-08-21,0,Put,7785.0,SPX260821P07785000,0.0,0.0,0.0,126.63,0.0,0.0,0.0,258.0,0.0,0.0,0.0,0.0,0.0,0.0,0.0,0.0,0.0,0.0,132.550003051758,up,2026-08-20T14:50:28,0.0,0.0
SPXW,2026-08-21,0,Put,7785.0,SPXW260821P07785000,109.5,111.4,110.45,105.84,-26.66,-20.1208,126.0,562.0,0.0,-1.0,0.0,0.0,0.0,0.0,113.1192,117.06,121.73,88.7,132.5,down,2026-08-21T15:59:26,0.0,0.0
SPX,2026-08-21,0,Call,7790.0,SPX260821C07790000,0.0,0.0,0.0,0.1,0.0,0.0,0.0,2023.0,0.0,0.0,0.0,0.0,0.0,0.0,0.0,0.0,0.0,0.0,0.150000002235174,up,2026-08-20T15:58:29,0.0,0.0
SPXW,2026-08-21,0,Call,7790.0,SPXW260821C07790000,0.0,0.05,0.025,0.05,-0.125,-71.4286,3057.0,2013.0,0.0,0.0,0.0,0.0,0.0,0.0,0.0,0.2,0.2,0.03,0.175000004470348,up,2026-08-21T15:58:55,0.0,0.0
SPX,2026-08-21,0,Put,7790.0,SPX260821P07790000,0.0,0.0,0.0,138.23,0.0,0.0,0.0,165.0,0.0,0.0,0.0,0.0,0.0,0.0,0.0,0.0,0.0,0.0,137.549995422363,up,2026-08-20T15:46:03,0.0,0.0
SPXW,2026-08-21,0,Put,7790.0,SPXW260821P07790000,114.5,116.4,115.45,109.9,-27.5,-20.0146,56.0,536.0,0.0,-1.0,0.0,0.0,0.0,0.0,118.1192,118.38,126.48,95.0,137.400001525879,down,2026-08-21T15:52:47,0.0,0.0
SPX,2026-08-21,0,Call,7795.0,SPX260821C07795000,0.0,0.0,0.0,0.1,0.0,0.0,0.0,954.0,0.0,0.0,0.0,0.0,0.0,0.0,0.0,0.0,0.0,0.0,0.150000002235174,no_change,2026-08-20T16:14:38,0.0,0.0
SPXW,2026-08-21,0,Call,7795.0,SPXW260821C07795000,0.0,0.05,0.025,0.03,-0.145,-82.8571,2601.0,1194.0,0.0,0.0,0.0,0.0,0.0,0.0,0.0,0.11,0.15,0.03,0.175000004470348,no_change,2026-08-21T15:48:01,0.0,0.0
SPX,2026-08-21,0,Put,7795.0,SPX260821P07795000,0.0,0.0,0.0,77.49,0.0,0.0,0.0,123.0,0.0,0.0,0.0,0.0,0.0,0.0,0.0,0.0,0.0,0.0,142.800003051758,down,2026-08-19T14:55:37,0.0,0.0
SPXW,2026-08-21,0,Put,7795.0,SPXW260821P07795000,119.5,121.4,120.45,112.17,-30.33,-21.2842,39.0,259.0,0.0,-1.0,0.0,0.0,0.0,0.0,123.1192,127.86,128.94,98.26,142.5,up,2026-08-21T15:46:24,0.0,0.0
SPX,2026-08-21,0,Call,7800.0,SPX260821C07800000,0.0,0.0,0.0,0.15,0.0,0.0,0.0,19306.0,0.0,0.0,0.0,0.0,0.0,0.0,0.0,0.0,0.0,0.0,0.12500000372529,up,2026-08-20T16:14:38,0.0,0.0
SPXW,2026-08-21,0,Call,7800.0,SPXW260821C07800000,0.0,0.05,0.025,0.03,-0.145,-82.8571,4832.0,10914.0,0.0,0.0,0.0,0.0,0.0,0.0,0.0,0.15,0.15,0.03,0.175000004470348,no_change,2026-08-21T15:54:06,0.0,0.0
SPX,2026-08-21,0,Put,7800.0,SPX260821P07800000,0.0,0.0,0.0,150.0,0.0,0.0,0.0,14315.0,0.0,0.0,0.0,0.0,0.0,0.0,0.0,0.0,0.0,0.0,147.150001525879,up,2026-08-20T16:03:45,0.0,0.0
SPXW,2026-08-21,0,Put,7800.0,SPXW260821P07800000,124.5,126.4,125.45,116.32,-31.13,-21.1122,208.0,2047.0,0.0,-1.0,0.0,0.0,0.0,0.0,128.1192,122.65,138.18,105.07,147.449996948242,down,2026-08-21T15:45:08,0.0,0.0
SPX,2026-08-21,0,Call,7805.0,SPX260821C07805000,0.0,0.0,0.0,0.1,0.0,0.0,0.0,1288.0,0.0,0.0,0.0,0.0,0.0,0.0,0.0,0.0,0.0,0.0,0.125000001862645,no_change,2026-08-20T16:10:02,0.0,0.0
SPXW,2026-08-21,0,Call,7805.0,SPXW260821C07805000,0.0,0.05,0.025,0.05,-0.1,-66.6667,2197.0,1477.0,0.0,0.0,0.0,0.0,0.0,0.0,0.0,0.1,0.15,0.03,0.150000002235174,up,2026-08-21T15:52:28,0.0,0.0
SPX,2026-08-21,0,Put,7805.0,SPX260821P07805000,0.0,0.0,0.0,86.16,0.0,0.0,0.0,76.0,0.0,0.0,0.0,0.0,0.0,0.0,0.0,0.0,0.0,0.0,152.150001525879,down,2026-08-19T15:01:22,0.0,0.0
SPXW,2026-08-21,0,Put,7805.0,SPXW260821P07805000,129.5,131.4,130.45,123.71,-28.69,-18.8255,22.0,330.0,0.0,-1.0,0.0,0.0,0.0,0.0,133.1192,137.83,143.23,121.73,152.400001525879,no_change,2026-08-21T15:39:22,0.0,0.0
SPX,2026-08-21,0,Call,7810.0,SPX260821C07810000,0.0,0.0,0.0,0.1,0.0,0.0,0.0,940.0,0.0,0.0,0.0,0.0,0.0,0.0,0.0,0.0,0.0,0.0,0.100000003352761,no_change,2026-08-20T16:14:38,0.0,0.0
SPXW,2026-08-21,0,Call,7810.0,SPXW260821C07810000,0.0,0.05,0.025,0.03,-0.12,-80.0,1447.0,5854.0,0.0,0.0,0.0,0.0,0.0,0.0,0.0,0.11,0.12,0.03,0.150000002235174,no_change,2026-08-21T15:47:34,0.0,0.0
SPX,2026-08-21,0,Put,7810.0,SPX260821P07810000,0.0,0.0,0.0,72.56,0.0,0.0,0.0,135.0,0.0,0.0,0.0,0.0,0.0,0.0,0.0,0.0,0.0,0.0,157.049995422363,down,2026-08-19T12:16:37,0.0,0.0
SPXW,2026-08-21,0,Put,7810.0,SPXW260821P07810000,134.5,136.4,135.45,134.7,-22.9,-14.5305,26.0,266.0,0.0,-1.0,0.0,0.0,0.0,0.0,138.1192,142.06,144.42,134.7,157.599998474121,no_change,2026-08-21T13:50:50,0.0,0.0
SPX,2026-08-21,0,Call,7815.0,SPX260821C07815000,0.0,0.0,0.0,0.09,0.0,0.0,0.0,553.0,0.0,0.0,0.0,0.0,0.0,0.0,0.0,0.0,0.0,0.0,0.125000001862645,up,2026-08-20T16:06:15,0.0,0.0
SPXW,2026-08-21,0,Call,7815.0,SPXW260821C07815000,0.0,0.05,0.025,0.03,-0.095,-76.0,1522.0,6727.0,0.0,0.0,0.0,0.0,0.0,0.0,0.0,0.1,0.12,0.03,0.12500000372529,down,2026-08-21T15:53:41,0.0,0.0
SPX,2026-08-21,0,Put,7815.0,SPX260821P07815000,0.0,0.0,0.0,106.02,0.0,0.0,0.0,179.0,0.0,0.0,0.0,0.0,0.0,0.0,0.0,0.0,0.0,0.0,162.850006103516,no_change,2026-08-19T16:06:00,0.0,0.0
SPXW,2026-08-21,0,Put,7815.0,SPXW260821P07815000,139.5,141.4,140.45,144.88,-17.42,-10.7332,34.0,112.0,0.0,-1.0,0.0,0.0,0.0,0.0,143.1192,148.88,148.95,134.4,162.299995422363,up,2026-08-21T14:30:44,0.0,0.0
SPX,2026-08-21,0,Call,7820.0,SPX260821C07820000,0.0,0.0,0.0,0.1,0.0,0.0,0.0,2006.0,0.0,0.0,0.0,0.0,0.0,0.0,0.0,0.0,0.0,0.0,0.100000003352761,no_change,2026-08-20T16:10:20,0.0,0.0
SPXW,2026-08-21,0,Call,7820.0,SPXW260821C07820000,0.0,0.05,0.025,0.03,-0.095,-76.0,2445.0,2173.0,0.0,0.0,0.0,0.0,0.0,0.0,0.0,0.07,0.15,0.03,0.12500000372529,no_change,2026-08-21T15:49:25,0.0,0.0
SPX,2026-08-21,0,Put,7820.0,SPX260821P07820000,0.0,0.0,0.0,97.7,0.0,0.0,0.0,184.0,0.0,0.0,0.0,0.0,0.0,0.0,0.0,0.0,0.0,0.0,167.550003051758,down,2026-08-19T09:44:37,0.0,0.0
SPXW,2026-08-21,0,Put,7820.0,SPXW260821P07820000,144.5,146.4,145.45,135.92,-31.53,-18.8295,130.0,273.0,0.0,-1.0,0.0,0.0,0.0,0.0,148.1192,149.67,149.67,135.51,167.450004577637,no_change,2026-08-21T15:47:22,0.0,0.0
SPX,2026-08-21,0,Call,7825.0,SPX260821C07825000,0.0,0.0,0.0,0.1,0.0,0.0,0.0,4321.0,0.0,0.0,0.0,0.0,0.0,0.0,0.0,0.0,0.0,0.0,0.0750000011175871,no_change,2026-08-20T16:10:57,0.0,0.0
SPXW,2026-08-21,0,Call,7825.0,SPXW260821C07825000,0.0,0.05,0.025,0.03,-0.095,-76.0,1456.0,5168.0,0.0,0.0,0.0,0.0,0.0,0.0,0.0,0.07,0.1,0.03,0.12500000372529,down,2026-08-21T14:44:01,0.0,0.0
SPX,2026-08-21,0,Put,7825.0,SPX260821P07825000,0.0,0.0,0.0,115.87,0.0,0.0,0.0,117.0,0.0,0.0,0.0,0.0,0.0,0.0,0.0,0.0,0.0,0.0,172.550003051758,no_change,2026-08-19T16:06:00,0.0,0.0
SPXW,2026-08-21,0,Put,7825.0,SPXW260821P07825000,149.5,151.4,150.45,141.09,-31.16,-18.09,21.0,133.0,0.0,-1.0,0.0,0.0,0.0,0.0,153.1192,144.3,152.48,136.89,172.25,no_change,2026-08-21T15:47:22,0.0,0.0
SPX,2026-08-21,0,Call,7830.0,SPX260821C07830000,0.0,0.0,0.0,0.1,0.0,0.0,0.0,905.0,0.0,0.0,0.0,0.0,0.0,0.0,0.0,0.0,0.0,0.0,0.100000003352761,no_change,2026-08-20T15:31:16,0.0,0.0
SPXW,2026-08-21,0,Call,7830.0,SPXW260821C07830000,0.0,0.05,0.025,0.03,-0.095,-76.0,408.0,1883.0,0.0,0.0,0.0,0.0,0.0,0.0,0.0,0.08,0.1,0.02,0.12500000372529,no_change,2026-08-21T15:51:46,0.0,0.0
SPX,2026-08-21,0,Put,7830.0,SPX260821P07830000,0.0,0.0,0.0,151.3,0.0,0.0,0.0,97.0,0.0,0.0,0.0,0.0,0.0,0.0,0.0,0.0,0.0,0.0,177.450004577637,down,2026-08-20T11:56:18,0.0,0.0
SPXW,2026-08-21,0,Put,7830.0,SPXW260821P07830000,154.5,156.4,155.45,156.9,-20.45,-11.5309,28.0,113.0,0.0,-1.0,0.0,0.0,0.0,0.0,158.1192,153.99,157.1,147.05,177.349998474121,up,2026-08-21T14:19:24,0.0,0.0
SPX,2026-08-21,0,Call,7835.0,SPX260821C07835000,0.0,0.0,0.0,0.1,0.0,0.0,0.0,973.0,0.0,0.0,0.0,0.0,0.0,0.0,0.0,0.0,0.0,0.0,0.0750000011175871,no_change,2026-08-20T16:01:51,0.0,0.0
SPXW,2026-08-21,0,Call,7835.0,SPXW260821C07835000,0.0,0.05,0.025,0.05,-0.075,-60.0,521.0,964.0,0.0,0.0,0.0,0.0,0.0,0.0,0.0,0.07,0.1,0.03,0.12500000372529,no_change,2026-08-21T15:17:00,0.0,0.0
SPX,2026-08-21,0,Put,7835.0,SPX260821P07835000,0.0,0.0,0.0,135.5,0.0,0.0,0.0,16.0,0.0,0.0,0.0,0.0,0.0,0.0,0.0,0.0,0.0,0.0,182.599998474121,up,2026-08-18T15:18:05,0.0,0.0
SPXW,2026-08-21,0,Put,7835.0,SPXW260821P07835000,159.5,161.4,160.45,176.8,0.0,0.0,0.0,52.0,0.0,-1.0,0.0,0.0,0.0,0.0,163.1192,0.0,0.0,0.0,182.149993896484,up,2026-08-20T14:06:59,0.0,0.0
SPX,2026-08-21,0,Call,7840.0,SPX260821C07840000,0.0,0.0,0.0,0.1,0.0,0.0,0.0,557.0,0.0,0.0,0.0,0.0,0.0,0.0,0.0,0.0,0.0,0.0,0.100000003352761,no_change,2026-08-20T14:07:31,0.0,0.0
SPXW,2026-08-21,0,Call,7840.0,SPXW260821C07840000,0.0,0.05,0.025,0.05,-0.025,-33.3333,1350.0,1050.0,0.0,0.0,0.0,0.0,0.0,0.0,0.0,0.06,0.1,0.02,0.0750000011175871,no_change,2026-08-21T15:15:30,0.0,0.0
SPX,2026-08-21,0,Put,7840.0,SPX260821P07840000,0.0,0.0,0.0,138.89,0.0,0.0,0.0,60.0,0.0,0.0,0.0,0.0,0.0,0.0,0.0,0.0,0.0,0.0,187.549995422363,up,2026-08-18T15:09:00,0.0,0.0
SPXW,2026-08-21,0,Put,7840.0,SPXW260821P07840000,164.5,166.4,165.45,168.49,-18.66,-9.97061,8.0,93.0,0.0,-1.0,0.0,0.0,0.0,0.0,168.1192,162.26,168.49,154.97,187.149993896484,up,2026-08-21T14:35:56,0.0,0.0
SPX,2026-08-21,0,Call,7845.0,SPX260821C07845000,0.0,0.0,0.0,0.15,0.0,0.0,0.0,595.0,0.0,0.0,0.0,0.0,0.0,0.0,0.0,0.0,0.0,0.0,0.100000003352761,no_change,2026-08-20T14:31:16,0.0,0.0
SPXW,2026-08-21,0,Call,7845.0,SPXW260821C07845000,0.0,0.05,0.025,0.03,-0.07,-70.0,596.0,1370.0,0.0,0.0,0.0,0.0,0.0,0.0,0.0,0.07,0.1,0.03,0.100000003352761,no_change,2026-08-21T14:10:02,0.0,0.0
SPX,2026-08-21,0,Put,7845.0,SPX260821P07845000,0.0,0.0,0.0,66.0,0.0,0.0,0.0,184.0,0.0,0.0,0.0,0.0,0.0,0.0,0.0,0.0,0.0,0.0,192.849998474121,up,2026-08-13T11:03:33,0.0,0.0
SPXW,2026-08-21,0,Put,7845.0,SPXW260821P07845000,169.5,171.4,170.45,146.34,0.0,0.0,0.0,22.0,0.0,-1.0,0.0,0.0,0.0,0.0,173.1192,0.0,0.0,0.0,192.199996948242,up,2026-08-18T15:55:05,0.0,0.0
SPX,2026-08-21,0,Call,7850.0,SPX260821C07850000,0.0,0.0,0.0,0.05,0.0,0.0,0.0,5018.0,0.0,0.0,0.0,0.0,0.0,0.0,0.0,0.0,0.0,0.0,0.0750000011175871,down,2026-08-20T16:14:17,0.0,0.0
SPXW,2026-08-21,0,Call,7850.0,SPXW260821C07850000,0.0,0.05,0.025,0.03,-0.045,-60.0,786.0,3410.0,0.0,0.0,0.0,0.0,0.0,0.0,0.0,0.1,0.1,0.02,0.0750000011175871,no_change,2026-08-21T15:56:53,0.0,0.0
SPX,2026-08-21,0,Put,7850.0,SPX260821P07850000,0.0,0.0,0.0,167.98,0.0,0.0,0.0,104.0,0.0,0.0,0.0,0.0,0.0,0.0,0.0,0.0,0.0,0.0,197.75,down,2026-08-20T09:30:05,0.0,0.0
SPXW,2026-08-21,0,Put,7850.0,SPXW260821P07850000,174.5,176.4,175.45,170.98,-26.37,-13.3621,53.0,259.0,0.0,-1.0,0.0,0.0,0.0,0.0,178.1192,182.07,182.07,164.82,197.350006103516,no_change,2026-08-21T15:35:27,0.0,0.0
SPX,2026-08-21,0,Call,7855.0,SPX260821C07855000,0.0,0.0,0.0,0.06,0.0,0.0,0.0,543.0,0.0,0.0,0.0,0.0,0.0,0.0,0.0,0.0,0.0,0.0,0.100000003352761,up,2026-08-20T16:05:19,0.0,0.0
SPXW,2026-08-21,0,Call,7855.0,SPXW260821C07855000,0.0,0.05,0.025,0.03,-0.045,-60.0,482.0,556.0,0.0,0.0,0.0,0.0,0.0,0.0,0.0,0.07,0.07,0.03,0.0750000011175871,no_change,2026-08-21T14:59:41,0.0,0.0
SPX,2026-08-21,0,Put,7855.0,SPX260821P07855000,0.0,0.0,0.0,150.95,0.0,0.0,0.0,8.0,0.0,0.0,0.0,0.0,0.0,0.0,0.0,0.0,0.0,0.0,202.349998474121,up,2026-08-18T13:25:22,0.0,0.0
SPXW,2026-08-21,0,Put,7855.0,SPXW260821P07855000,179.5,181.4,180.45,170.05,-32.2,-15.9209,8.0,92.0,0.0,-1.0,0.0,0.0,0.0,0.0,183.1192,190.75,190.75,170.05,202.25,down,2026-08-21T11:38:55,0.0,0.0
SPX,2026-08-21,0,Call,7860.0,SPX260821C07860000,0.0,0.0,0.0,0.05,0.0,0.0,0.0,1897.0,0.0,0.0,0.0,0.0,0.0,0.0,0.0,0.0,0.0,0.0,0.100000003352761,no_change,2026-08-20T16:10:20,0.0,0.0
SPXW,2026-08-21,0,Call,7860.0,SPXW260821C07860000,0.0,0.05,0.025,0.05,-0.025,-33.3333,820.0,1196.0,0.0,0.0,0.0,0.0,0.0,0.0,0.0,0.05,0.07,0.03,0.0750000011175871,up,2026-08-21T15:47:50,0.0,0.0
SPX,2026-08-21,0,Put,7860.0,SPX260821P07860000,0.0,0.0,0.0,182.5,0.0,0.0,0.0,18.0,0.0,0.0,0.0,0.0,0.0,0.0,0.0,0.0,0.0,0.0,207.25,up,2026-08-20T12:07:02,0.0,0.0
SPXW,2026-08-21,0,Put,7860.0,SPXW260821P07860000,184.5,186.4,185.45,179.12,-28.13,-13.573,14.0,24.0,0.0,-1.0,0.0,0.0,0.0,0.0,188.1192,178.0,186.45,172.05,207.25,down,2026-08-21T15:40:41,0.0,0.0
SPX,2026-08-21,0,Call,7865.0,SPX260821C07865000,0.0,0.0,0.0,0.05,0.0,0.0,0.0,487.0,0.0,0.0,0.0,0.0,0.0,0.0,0.0,0.0,0.0,0.0,0.100000003352761,down,2026-08-20T16:09:40,0.0,0.0
SPXW,2026-08-21,0,Call,7865.0,SPXW260821C07865000,0.0,0.05,0.025,0.03,-0.045,-60.0,699.0,1013.0,0.0,0.0,0.0,0.0,0.0,0.0,0.0,0.05,0.07,0.03,0.0750000011175871,no_change,2026-08-21T14:26:54,0.0,0.0
SPX,2026-08-21,0,Put,7865.0,SPX260821P07865000,0.0,0.0,0.0,138.1,0.0,0.0,0.0,17.0,0.0,0.0,0.0,0.0,0.0,0.0,0.0,0.0,0.0,0.0,211.950004577637,up,2026-08-11T13:02:03,0.0,0.0
SPXW,2026-08-21,0,Put,7865.0,SPXW260821P07865000,189.5,191.4,190.45,174.12,-38.13,-17.9647,10.0,56.0,0.0,-1.0,0.0,0.0,0.0,0.0,193.1192,200.94,200.94,174.12,212.25,down,2026-08-21T11:41:09,0.0,0.0
SPX,2026-08-21,0,Call,7870.0,SPX260821C07870000,0.0,0.0,0.0,0.05,0.0,0.0,0.0,1051.0,0.0,0.0,0.0,0.0,0.0,0.0,0.0,0.0,0.0,0.0,0.100000003352761,down,2026-08-20T16:06:52,0.0,0.0
SPXW,2026-08-21,0,Call,7870.0,SPXW260821C07870000,0.0,0.05,0.025,0.03,-0.045,-60.0,400.0,2137.0,0.0,0.0,0.0,0.0,0.0,0.0,0.0,0.05,0.08,0.03,0.0750000011175871,no_change,2026-08-21T15:55:01,0.0,0.0
SPX,2026-08-21,0,Put,7870.0,SPX260821P07870000,0.0,0.0,0.0,212.0,0.0,0.0,0.0,22.0,0.0,0.0,0.0,0.0,0.0,0.0,0.0,0.0,0.0,0.0,216.950004577637,up,2026-08-20T15:08:54,0.0,0.0
SPXW,2026-08-21,0,Put,7870.0,SPXW260821P07870000,194.5,196.4,195.45,198.8,-18.45,-8.49252,170.0,75.0,0.0,-1.0,0.0,0.0,0.0,0.0,198.1192,203.36,203.36,185.53,217.25,no_change,2026-08-21T14:35:27,0.0,0.0
SPX,2026-08-21,0,Call,7875.0,SPX260821C07875000,0.0,0.0,0.0,0.05,0.0,0.0,0.0,6162.0,0.0,0.0,0.0,0.0,0.0,0.0,0.0,0.0,0.0,0.0,0.0750000011175871,no_change,2026-08-20T16:14:54,0.0,0.0
SPXW,2026-08-21,0,Call,7875.0,SPXW260821C07875000,0.0,0.05,0.025,0.03,-0.045,-60.0,86.0,3940.0,0.0,0.0,0.0,0.0,0.0,0.0,0.0,0.04,0.05,0.03,0.0750000011175871,no_change,2026-08-21T15:55:09,0.0,0.0
SPX,2026-08-21,0,Put,7875.0,SPX260821P07875000,0.0,0.0,0.0,80.23,0.0,0.0,0.0,85.0,0.0,0.0,0.0,0.0,0.0,0.0,0.0,0.0,0.0,0.0,222.0,up,2026-08-14T09:30:03,0.0,0.0
SPXW,2026-08-21,0,Put,7875.0,SPXW260821P07875000,194.7,206.9,200.8,183.13,-39.12,-17.6018,2.0,21.0,0.0,-1.0,0.0,0.0,0.0,0.0,203.1192,184.07,184.07,183.13,222.25,down,2026-08-21T11:42:12,0.0,0.0
SPX,2026-08-21,0,Call,7880.0,SPX260821C07880000,0.0,0.0,0.0,0.05,0.0,0.0,0.0,563.0,0.0,0.0,0.0,0.0,0.0,0.0,0.0,0.0,0.0,0.0,0.100000003352761,down,2026-08-20T16:13:11,0.0,0.0
SPXW,2026-08-21,0,Call,7880.0,SPXW260821C07880000,0.0,0.05,0.025,0.03,-0.045,-60.0,117.0,6310.0,0.0,0.0,0.0,0.0,0.0,0.0,0.0,0.05,0.05,0.02,0.0750000011175871,down,2026-08-21T15:00:57,0.0,0.0
SPX,2026-08-21,0,Put,7880.0,SPX260821P07880000,0.0,0.0,0.0,178.46,0.0,0.0,0.0,5.0,0.0,0.0,0.0,0.0,0.0,0.0,0.0,0.0,0.0,0.0,226.949996948242,down,2026-08-18T11:09:19,0.0,0.0
SPXW,2026-08-21,0,Put,7880.0,SPXW260821P07880000,199.7,211.9,205.8,199.25,-28.0,-12.3212,2.0,9.0,0.0,-1.0,0.0,0.0,0.0,0.0,208.1192,199.7,199.7,199.25,227.25,down,2026-08-21T12:37:39,0.0,0.0
SPX,2026-08-21,0,Call,7885.0,SPX260821C07885000,0.0,0.0,0.0,0.05,0.0,0.0,0.0,361.0,0.0,0.0,0.0,0.0,0.0,0.0,0.0,0.0,0.0,0.0,0.100000003352761,no_change,2026-08-20T16:03:10,0.0,0.0
SPXW,2026-08-21,0,Call,7885.0,SPXW260821C07885000,0.0,0.05,0.025,0.03,-0.045,-60.0,8.0,499.0,0.0,0.0,0.0,0.0,0.0,0.0,0.0,0.04,0.04,0.03,0.0750000011175871,down,2026-08-21T11:52:13,0.0,0.0
SPX,2026-08-21,0,Put,7885.0,SPX260821P07885000,0.0,0.0,0.0,0.0,0.0,0.0,0.0,0.0,0.0,0.0,0.0,0.0,0.0,0.0,0.0,0.0,0.0,0.0,232.150001525879,no_change,,0.0,0.0
SPXW,2026-08-21,0,Put,7885.0,SPXW260821P07885000,204.7,216.9,210.8,201.82,-30.43,-13.1023,4.0,32.0,0.0,-1.0,0.0,0.0,0.0,0.0,213.1192,192.88,201.82,192.88,232.25,up,2026-08-21T15:45:23,0.0,0.0
SPX,2026-08-21,0,Call,7890.0,SPX260821C07890000,0.0,0.0,0.0,0.1,0.0,0.0,0.0,2573.0,0.0,0.0,0.0,0.0,0.0,0.0,0.0,0.0,0.0,0.0,0.0750000029802322,no_change,2026-08-20T16:03:54,0.0,0.0
SPXW,2026-08-21,0,Call,7890.0,SPXW260821C07890000,0.0,0.05,0.025,0.03,-0.045,-60.0,50.0,1728.0,0.0,0.0,0.0,0.0,0.0,0.0,0.0,0.05,0.05,0.03,0.0750000011175871,no_change,2026-08-21T15:45:14,0.0,0.0
SPX,2026-08-21,0,Put,7890.0,SPX260821P07890000,0.0,0.0,0.0,131.32,0.0,0.0,0.0,19.0,0.0,0.0,0.0,0.0,0.0,0.0,0.0,0.0,0.0,0.0,236.949996948242,down,2026-08-17T13:26:46,0.0,0.0
SPXW,2026-08-21,0,Put,7890.0,SPXW260821P07890000,209.7,221.9,215.8,209.8,-27.3,-11.5141,5.0,32.0,0.0,-1.0,0.0,0.0,0.0,0.0,218.1192,223.56,223.56,198.0,237.099998474121,up,2026-08-21T12:36:36,0.0,0.0
SPX,2026-08-21,0,Call,7895.0,SPX260821C07895000,0.0,0.0,0.0,0.05,0.0,0.0,0.0,1148.0,0.0,0.0,0.0,0.0,0.0,0.0,0.0,0.0,0.0,0.0,0.0750000029802322,no_change,2026-08-20T16:03:41,0.0,0.0
SPXW,2026-08-21,0,Call,7895.0,SPXW260821C07895000,0.0,0.05,0.025,0.03,-0.045,-60.0,7.0,726.0,0.0,0.0,0.0,0.0,0.0,0.0,0.0,0.03,0.05,0.03,0.0750000011175871,no_change,2026-08-21T11:37:07,0.0,0.0
SPX,2026-08-21,0,Put,7895.0,SPX260821P07895000,0.0,0.0,0.0,136.17,0.0,0.0,0.0,1.0,0.0,0.0,0.0,0.0,0.0,0.0,0.0,0.0,0.0,0.0,242.050003051758,up,2026-08-17T13:26:46,0.0,0.0
SPXW,2026-08-21,0,Put,7895.0,SPXW260821P07895000,214.7,226.9,220.8,181.76,0.0,0.0,0.0,53.0,0.0,-1.0,0.0,0.0,0.0,0.0,223.1192,0.0,0.0,0.0,242.25,up,2026-08-18T10:34:35,0.0,0.0
SPX,2026-08-21,0,Call,7900.0,SPX260821C07900000,0.0,0.0,0.0,0.05,0.0,0.0,0.0,11848.0,0.0,0.0,0.0,0.0,0.0,0.0,0.0,0.0,0.0,0.0,0.0750000011175871,no_change,2026-08-20T16:04:48,0.0,0.0
SPXW,2026-08-21,0,Call,7900.0,SPXW260821C07900000,0.0,0.05,0.025,0.02,-0.055,-73.3333,111.0,7050.0,0.0,0.0,0.0,0.0,0.0,0.0,0.0,0.05,0.05,0.02,0.0750000011175871,down,2026-08-21T15:48:01,0.0,0.0
SPX,2026-08-21,0,Put,7900.0,SPX260821P07900000,0.0,0.0,0.0,245.3,0.0,0.0,0.0,321.0,0.0,0.0,0.0,0.0,0.0,0.0,0.0,0.0,0.0,0.0,246.75,up,2026-08-20T15:03:40,0.0,0.0
SPXW,2026-08-21,0,Put,7900.0,SPXW260821P07900000,219.7,231.9,225.8,225.2,-22.05,-8.9181,6.0,89.0,0.0,-1.0,0.0,0.0,0.0,0.0,228.1192,233.5,233.5,224.34,247.25,up,2026-08-21T11:20:36,0.0,0.0
SPX,2026-08-21,0,Call,7905.0,SPX260821C07905000,0.0,0.0,0.0,0.1,0.0,0.0,0.0,1608.0,0.0,0.0,0.0,0.0,0.0,0.0,0.0,0.0,0.0,0.0,0.0750000029802322,no_change,2026-08-20T15:59:46,0.0,0.0
SPXW,2026-08-21,0,Call,7905.0,SPXW260821C07905000,0.0,0.05,0.025,0.03,-0.045,-60.0,9.0,900.0,0.0,0.0,0.0,0.0,0.0,0.0,0.0,0.03,0.05,0.03,0.0750000011175871,down,2026-08-21T15:48:01,0.0,0.0
SPX,2026-08-21,0,Put,7905.0,SPX260821P07905000,0.0,0.0,0.0,0.0,0.0,0.0,0.0,0.0,0.0,0.0,0.0,0.0,0.0,0.0,0.0,0.0,0.0,0.0,251.950004577637,no_change,,0.0,0.0
SPXW,2026-08-21,0,Put,7905.0,SPXW260821P07905000,224.7,236.9,230.8,228.8,-23.45,-9.29633,10.0,20.0,0.0,-1.0,0.0,0.0,0.0,0.0,233.1192,228.8,228.8,228.8,252.25,no_change,2026-08-21T11:14:32,0.0,0.0
SPX,2026-08-21,0,Call,7910.0,SPX260821C07910000,0.0,0.0,0.0,0.1,0.0,0.0,0.0,3011.0,0.0,0.0,0.0,0.0,0.0,0.0,0.0,0.0,0.0,0.0,0.0750000029802322,no_change,2026-08-20T15:31:29,0.0,0.0
SPXW,2026-08-21,0,Call,7910.0,SPXW260821C07910000,0.0,0.05,0.025,0.03,-0.045,-60.0,7.0,3702.0,0.0,0.0,0.0,0.0,0.0,0.0,0.0,0.03,0.03,0.03,0.0750000011175871,no_change,2026-08-21T15:56:30,0.0,0.0
SPX,2026-08-21,0,Put,7910.0,SPX260821P07910000,0.0,0.0,0.0,396.2,0.0,0.0,0.0,4.0,0.0,0.0,0.0,0.0,0.0,0.0,0.0,0.0,0.0,0.0,256.899993896484,down,2026-06-18T13:41:29,0.0,0.0
SPXW,2026-08-21,0,Put,7910.0,SPXW260821P07910000,227.7,242.9,235.3,201.85,0.0,0.0,0.0,1.0,0.0,-1.0,0.0,0.0,0.0,0.0,238.1192,0.0,0.0,0.0,255.950004577637,up,2026-08-18T13:07:13,0.0,0.0
SPX,2026-08-21,0,Call,7915.0,SPX260821C07915000,0.0,0.0,0.0,0.07,0.0,0.0,0.0,225.0,0.0,0.0,0.0,0.0,0.0,0.0,0.0,0.0,0.0,0.0,0.0750000029802322,down,2026-08-20T10:52:55,0.0,0.0
SPXW,2026-08-21,0,Call,7915.0,SPXW260821C07915000,0.0,0.05,0.025,0.1,0.0,0.0,0.0,7009.0,0.0,0.0,0.0,0.0,0.0,0.0,0.0,0.0,0.0,0.0,0.0750000011175871,no_change,2026-08-20T16:11:18,0.0,0.0
SPX,2026-08-21,0,Put,7915.0,SPX260821P07915000,0.0,0.0,0.0,0.0,0.0,0.0,0.0,0.0,0.0,0.0,0.0,0.0,0.0,0.0,0.0,0.0,0.0,0.0,262.050003051758,no_change,,0.0,0.0
SPXW,2026-08-21,0,Put,7915.0,SPXW260821P07915000,234.7,247.9,241.3,136.2,0.0,0.0,0.0,1.0,0.0,-1.0,0.0,0.0,0.0,0.0,243.1192,0.0,0.0,0.0,261.100006103516,up,2026-08-13T12:02:07,0.0,0.0
SPX,2026-08-21,0,Call,7920.0,SPX260821C07920000,0.0,0.0,0.0,0.05,0.0,0.0,0.0,1334.0,0.0,0.0,0.0,0.0,0.0,0.0,0.0,0.0,0.0,0.0,0.0500000007450581,down,2026-08-20T15:59:14,0.0,0.0
SPXW,2026-08-21,0,Call,7920.0,SPXW260821C07920000,0.0,0.05,0.025,0.03,-0.045,-60.0,63.0,1771.0,0.0,0.0,0.0,0.0,0.0,0.0,0.0,0.03,0.03,0.03,0.0750000011175871,no_change,2026-08-21T14:00:04,0.0,0.0
SPX,2026-08-21,0,Put,7920.0,SPX260821P07920000,0.0,0.0,0.0,160.36,0.0,0.0,0.0,1.0,0.0,0.0,0.0,0.0,0.0,0.0,0.0,0.0,0.0,0.0,266.800003051758,down,2026-08-10T12:06:19,0.0,0.0
SPXW,2026-08-21,0,Put,7920.0,SPXW260821P07920000,235.8,254.6,245.2,211.67,0.0,0.0,0.0,13.0,0.0,-1.0,0.0,0.0,0.0,0.0,248.1192,0.0,0.0,0.0,266.150009155273,down,2026-08-18T13:09:06,0.0,0.0
SPX,2026-08-21,0,Call,7925.0,SPX260821C07925000,0.0,0.0,0.0,0.1,0.0,0.0,0.0,4091.0,0.0,0.0,0.0,0.0,0.0,0.0,0.0,0.0,0.0,0.0,0.0500000007450581,no_change,2026-08-20T15:07:59,0.0,0.0
SPXW,2026-08-21,0,Call,7925.0,SPXW260821C07925000,0.0,0.05,0.025,0.03,-0.045,-60.0,7.0,5444.0,0.0,0.0,0.0,0.0,0.0,0.0,0.0,0.02,0.03,0.02,0.0750000011175871,no_change,2026-08-21T13:58:51,0.0,0.0
SPX,2026-08-21,0,Put,7925.0,SPX260821P07925000,0.0,0.0,0.0,409.25,0.0,0.0,0.0,9.0,0.0,0.0,0.0,0.0,0.0,0.0,0.0,0.0,0.0,0.0,271.850006103516,down,2026-06-18T13:04:50,0.0,0.0
SPXW,2026-08-21,0,Put,7925.0,SPXW260821P07925000,240.8,262.1,251.45000000000002,143.67,0.0,0.0,0.0,16.0,0.0,-1.0,0.0,0.0,0.0,0.0,253.1192,0.0,0.0,0.0,271.400009155273,up,2026-08-17T09:49:12,0.0,0.0
SPX,2026-08-21,0,Call,7930.0,SPX260821C07930000,0.0,0.0,0.0,0.05,0.0,0.0,0.0,483.0,0.0,0.0,0.0,0.0,0.0,0.0,0.0,0.0,0.0,0.0,0.0500000007450581,no_change,2026-08-20T14:39:48,0.0,0.0
SPXW,2026-08-21,0,Call,7930.0,SPXW260821C07930000,0.0,0.05,0.025,0.03,-0.045,-60.0,27.0,1524.0,0.0,0.0,0.0,0.0,0.0,0.0,0.0,0.03,0.04,0.03,0.0750000011175871,no_change,2026-08-21T09:52:24,0.0,0.0
SPX,2026-08-21,0,Put,7930.0,SPX260821P07930000,0.0,0.0,0.0,412.04,0.0,0.0,0.0,22.0,0.0,0.0,0.0,0.0,0.0,0.0,0.0,0.0,0.0,0.0,276.800003051758,up,2026-06-18T13:45:12,0.0,0.0
SPXW,2026-08-21,0,Put,7930.0,SPXW260821P07930000,245.8,264.6,255.20000000000002,249.9,-26.5,-9.58756,2.0,3.0,0.0,-1.0,0.0,0.0,0.0,0.0,258.1192,249.9,249.9,249.9,276.400009155273,no_change,2026-08-21T11:32:55,0.0,0.0
SPX,2026-08-21,0,Call,7935.0,SPX260821C07935000,0.0,0.0,0.0,0.05,0.0,0.0,0.0,366.0,0.0,0.0,0.0,0.0,0.0,0.0,0.0,0.0,0.0,0.0,0.0500000007450581,down,2026-08-20T15:53:01,0.0,0.0
SPXW,2026-08-21,0,Call,7935.0,SPXW260821C07935000,0.0,0.05,0.025,0.03,-0.02,-40.0,4.0,629.0,0.0,0.0,0.0,0.0,0.0,0.0,0.0,0.05,0.05,0.03,0.0500000007450581,down,2026-08-21T11:04:40,0.0,0.0
SPX,2026-08-21,0,Put,7935.0,SPX260821P07935000,0.0,0.0,0.0,0.0,0.0,0.0,0.0,0.0,0.0,0.0,0.0,0.0,0.0,0.0,0.0,0.0,0.0,0.0,281.649993896484,no_change,,0.0,0.0
SPXW,2026-08-21,0,Put,7935.0,SPXW260821P07935000,250.8,272.8,261.8,254.85,-26.15,-9.30605,1.0,3.0,0.0,-1.0,0.0,0.0,0.0,0.0,263.1192,254.85,254.85,254.85,281.0,up,2026-08-21T13:18:35,0.0,0.0
SPX,2026-08-21,0,Call,7940.0,SPX260821C07940000,0.0,0.0,0.0,0.2,0.0,0.0,0.0,1427.0,0.0,0.0,0.0,0.0,0.0,0.0,0.0,0.0,0.0,0.0,0.0500000007450581,down,2026-08-19T10:11:58,0.0,0.0
SPXW,2026-08-21,0,Call,7940.0,SPXW260821C07940000,0.0,0.05,0.025,0.04,-0.01,-20.0,1.0,1052.0,0.0,0.0,0.0,0.0,0.0,0.0,0.0,0.04,0.04,0.04,0.0500000007450581,down,2026-08-21T09:30:03,0.0,0.0
SPX,2026-08-21,0,Put,7940.0,SPX260821P07940000,0.0,0.0,0.0,425.07,0.0,0.0,0.0,15.0,0.0,0.0,0.0,0.0,0.0,0.0,0.0,0.0,0.0,0.0,287.449996948242,down,2026-07-17T12:52:21,0.0,0.0
SPXW,2026-08-21,0,Put,7940.0,SPXW260821P07940000,255.8,274.6,265.20000000000005,228.12,0.0,0.0,0.0,2.0,0.0,-1.0,0.0,0.0,0.0,0.0,268.1192,0.0,0.0,0.0,286.050003051758,up,2026-08-18T10:32:00,0.0,0.0
SPX,2026-08-21,0,Call,7945.0,SPX260821C07945000,0.0,0.0,0.0,0.05,0.0,0.0,0.0,201.0,0.0,0.0,0.0,0.0,0.0,0.0,0.0,0.0,0.0,0.0,0.0500000007450581,down,2026-08-20T15:39:02,0.0,0.0
SPXW,2026-08-21,0,Call,7945.0,SPXW260821C07945000,0.0,0.05,0.025,0.03,-0.02,-40.0,3.0,655.0,0.0,0.0,0.0,0.0,0.0,0.0,0.0,0.04,0.04,0.03,0.0500000007450581,no_change,2026-08-21T11:42:28,0.0,0.0
SPX,2026-08-21,0,Put,7945.0,SPX260821P07945000,0.0,0.0,0.0,207.0,0.0,0.0,0.0,1.0,0.0,0.0,0.0,0.0,0.0,0.0,0.0,0.0,0.0,0.0,292.049987792969,up,2026-08-11T12:48:28,0.0,0.0
SPXW,2026-08-21,0,Put,7945.0,SPXW260821P07945000,260.7,279.7,270.2,264.62,-26.43,-9.08091,6.0,9.0,0.0,-1.0,0.0,0.0,0.0,0.0,273.1192,276.32,276.32,264.62,291.050003051758,down,2026-08-21T13:18:35,0.0,0.0
SPX,2026-08-21,0,Call,7950.0,SPX260821C07950000,0.0,0.0,0.0,0.05,0.0,0.0,0.0,7262.0,0.0,0.0,0.0,0.0,0.0,0.0,0.0,0.0,0.0,0.0,0.0500000007450581,down,2026-08-20T12:49:08,0.0,0.0
SPXW,2026-08-21,0,Call,7950.0,SPXW260821C07950000,0.0,0.05,0.025,0.03,0.005,20.0,73.0,2348.0,0.0,0.0,0.0,0.0,0.0,0.0,0.0,0.03,0.05,0.03,0.025000000372529,no_change,2026-08-21T13:09:09,0.0,0.0
SPX,2026-08-21,0,Put,7950.0,SPX260821P07950000,0.0,0.0,0.0,266.7,0.0,0.0,0.0,19.0,0.0,0.0,0.0,0.0,0.0,0.0,0.0,0.0,0.0,0.0,296.899993896484,up,2026-08-20T12:37:13,0.0,0.0
SPXW,2026-08-21,0,Put,7950.0,SPXW260821P07950000,265.7,284.7,275.2,270.49,0.0,0.0,0.0,7.0,0.0,-1.0,0.0,0.0,0.0,0.0,278.1192,0.0,0.0,0.0,296.100006103516,no_change,2026-08-20T12:03:02,0.0,0.0
SPX,2026-08-21,0,Call,7955.0,SPX260821C07955000,0.0,0.0,0.0,0.05,0.0,0.0,0.0,83.0,0.0,0.0,0.0,0.0,0.0,0.0,0.0,0.0,0.0,0.0,0.0500000007450581,no_change,2026-08-19T14:31:18,0.0,0.0
SPXW,2026-08-21,0,Call,7955.0,SPXW260821C07955000,0.0,0.05,0.025,0.05,0.0,0.0,0.0,826.0,0.0,0.0,0.0,0.0,0.0,0.0,0.0,0.0,0.0,0.0,0.025000000372529,no_change,2026-08-20T16:09:19,0.0,0.0
SPX,2026-08-21,0,Put,7955.0,SPX260821P07955000,0.0,0.0,0.0,0.0,0.0,0.0,0.0,0.0,0.0,0.0,0.0,0.0,0.0,0.0,0.0,0.0,0.0,0.0,301.550003051758,no_change,,0.0,0.0
SPXW,2026-08-21,0,Put,7955.0,SPXW260821P07955000,270.7,289.7,280.2,179.21,0.0,0.0,0.0,1.0,0.0,-1.0,0.0,0.0,0.0,0.0,283.1192,0.0,0.0,0.0,301.100006103516,up,2026-08-17T10:23:57,0.0,0.0
SPX,2026-08-21,0,Call,7960.0,SPX260821C07960000,0.0,0.0,0.0,0.08,0.0,0.0,0.0,701.0,0.0,0.0,0.0,0.0,0.0,0.0,0.0,0.0,0.0,0.0,0.0500000007450581,down,2026-08-20T10:21:23,0.0,0.0
SPXW,2026-08-21,0,Call,7960.0,SPXW260821C07960000,0.0,0.05,0.025,0.03,-0.02,-40.0,4.0,930.0,0.0,0.0,0.0,0.0,0.0,0.0,0.0,0.03,0.03,0.03,0.0500000007450581,no_change,2026-08-21T11:41:25,0.0,0.0
SPX,2026-08-21,0,Put,7960.0,SPX260821P07960000,0.0,0.0,0.0,383.14,0.0,0.0,0.0,8.0,0.0,0.0,0.0,0.0,0.0,0.0,0.0,0.0,0.0,0.0,307.399993896484,down,2026-08-03T10:22:43,0.0,0.0
SPXW,2026-08-21,0,Put,7960.0,SPXW260821P07960000,275.7,294.6,285.15,237.56,0.0,0.0,0.0,3.0,0.0,-1.0,0.0,0.0,0.0,0.0,288.1192,0.0,0.0,0.0,306.199996948242,down,2026-08-19T09:38:34,0.0,0.0
SPX,2026-08-21,0,Call,7965.0,SPX260821C07965000,0.0,0.0,0.0,0.05,0.0,0.0,0.0,170.0,0.0,0.0,0.0,0.0,0.0,0.0,0.0,0.0,0.0,0.0,0.0500000007450581,up,2026-08-20T14:32:17,0.0,0.0
SPXW,2026-08-21,0,Call,7965.0,SPXW260821C07965000,0.0,0.05,0.025,0.05,0.0,0.0,0.0,418.0,0.0,0.0,0.0,0.0,0.0,0.0,0.0,0.0,0.0,0.0,0.025000000372529,no_change,2026-08-20T16:05:19,0.0,0.0
SPX,2026-08-21,0,Put,7965.0,SPX260821P07965000,0.0,0.0,0.0,0.0,0.0,0.0,0.0,0.0,0.0,0.0,0.0,0.0,0.0,0.0,0.0,0.0,0.0,0.0,312.099990844727,no_change,,0.0,0.0
SPXW,2026-08-21,0,Put,7965.0,SPXW260821P07965000,280.7,302.4,291.54999999999995,0.0,0.0,0.0,0.0,0.0,0.0,-1.0,0.0,0.0,0.0,0.0,293.1192,0.0,0.0,0.0,311.050003051758,no_change,,0.0,0.0
SPX,2026-08-21,0,Call,7970.0,SPX260821C07970000,0.0,0.0,0.0,0.15,0.0,0.0,0.0,849.0,0.0,0.0,0.0,0.0,0.0,0.0,0.0,0.0,0.0,0.0,0.0500000007450581,down,2026-08-19T12:43:56,0.0,0.0
SPXW,2026-08-21,0,Call,7970.0,SPXW260821C07970000,0.0,0.05,0.025,0.03,-0.02,-40.0,2.0,768.0,0.0,0.0,0.0,0.0,0.0,0.0,0.0,0.03,0.03,0.03,0.0500000007450581,no_change,2026-08-21T15:30:14,0.0,0.0
SPX,2026-08-21,0,Put,7970.0,SPX260821P07970000,0.0,0.0,0.0,391.87,0.0,0.0,0.0,20.0,0.0,0.0,0.0,0.0,0.0,0.0,0.0,0.0,0.0,0.0,316.849990844727,down,2026-08-03T10:29:43,0.0,0.0
SPXW,2026-08-21,0,Put,7970.0,SPXW260821P07970000,285.7,304.6,295.15,190.98,0.0,0.0,0.0,2.0,0.0,-1.0,0.0,0.0,0.0,0.0,298.1192,0.0,0.0,0.0,316.100006103516,down,2026-08-17T10:13:57,0.0,0.0
SPX,2026-08-21,0,Call,7975.0,SPX260821C07975000,0.0,0.0,0.0,0.05,0.0,0.0,0.0,2964.0,0.0,0.0,0.0,0.0,0.0,0.0,0.0,0.0,0.0,0.0,0.025000000372529,no_change,2026-08-20T15:56:50,0.0,0.0
SPXW,2026-08-21,0,Call,7975.0,SPXW260821C07975000,0.0,0.05,0.025,0.03,-0.02,-40.0,12.0,2009.0,0.0,0.0,0.0,0.0,0.0,0.0,0.0,0.03,0.03,0.03,0.0500000007450581,no_change,2026-08-21T11:53:41,0.0,0.0
SPX,2026-08-21,0,Put,7975.0,SPX260821P07975000,0.0,0.0,0.0,284.76,0.0,0.0,0.0,9.0,0.0,0.0,0.0,0.0,0.0,0.0,0.0,0.0,0.0,0.0,320.549987792969,up,2026-08-20T09:35:16,0.0,0.0
SPXW,2026-08-21,0,Put,7975.0,SPXW260821P07975000,290.7,309.6,300.15,294.9,-26.2,-8.15945,2.0,4.0,0.0,-1.0,0.0,0.0,0.0,0.0,303.1192,294.9,294.9,294.9,321.100006103516,no_change,2026-08-21T11:32:58,0.0,0.0
SPX,2026-08-21,0,Call,7980.0,SPX260821C07980000,0.0,0.0,0.0,0.05,0.0,0.0,0.0,1448.0,0.0,0.0,0.0,0.0,0.0,0.0,0.0,0.0,0.0,0.0,0.025000000372529,no_change,2026-08-20T15:56:42,0.0,0.0
SPXW,2026-08-21,0,Call,7980.0,SPXW260821C07980000,0.0,0.05,0.025,0.03,-0.02,-40.0,1.0,1534.0,0.0,0.0,0.0,0.0,0.0,0.0,0.0,0.03,0.03,0.03,0.0500000007450581,down,2026-08-21T11:39:12,0.0,0.0
SPX,2026-08-21,0,Put,7980.0,SPX260821P07980000,0.0,0.0,0.0,0.0,0.0,0.0,0.0,0.0,0.0,0.0,0.0,0.0,0.0,0.0,0.0,0.0,0.0,0.0,326.949996948242,no_change,,0.0,0.0
SPXW,2026-08-21,0,Put,7980.0,SPXW260821P07980000,295.7,314.6,305.15,269.29,0.0,0.0,0.0,2.0,0.0,-1.0,0.0,0.0,0.0,0.0,308.1192,0.0,0.0,0.0,326.050003051758,down,2026-08-18T10:32:00,0.0,0.0
SPX,2026-08-21,0,Call,7985.0,SPX260821C07985000,0.0,0.0,0.0,0.05,0.0,0.0,0.0,224.0,0.0,0.0,0.0,0.0,0.0,0.0,0.0,0.0,0.0,0.0,0.0500000007450581,down,2026-08-20T10:21:23,0.0,0.0
SPXW,2026-08-21,0,Call,7985.0,SPXW260821C07985000,0.0,0.05,0.025,0.05,0.0,0.0,0.0,422.0,0.0,0.0,0.0,0.0,0.0,0.0,0.0,0.0,0.0,0.0,0.0500000007450581,no_change,2026-08-20T14:34:43,0.0,0.0
SPX,2026-08-21,0,Put,7985.0,SPX260821P07985000,0.0,0.0,0.0,0.0,0.0,0.0,0.0,0.0,0.0,0.0,0.0,0.0,0.0,0.0,0.0,0.0,0.0,0.0,331.900009155273,no_change,,0.0,0.0
SPXW,2026-08-21,0,Put,7985.0,SPXW260821P07985000,300.7,322.9,311.79999999999995,249.02,0.0,0.0,0.0,1.0,0.0,-1.0,0.0,0.0,0.0,0.0,313.1192,0.0,0.0,0.0,331.25,up,2026-08-11T14:19:34,0.0,0.0
SPX,2026-08-21,0,Call,7990.0,SPX260821C07990000,0.0,0.0,0.0,0.05,0.0,0.0,0.0,1564.0,0.0,0.0,0.0,0.0,0.0,0.0,0.0,0.0,0.0,0.0,0.025000000372529,no_change,2026-08-20T15:57:58,0.0,0.0
SPXW,2026-08-21,0,Call,7990.0,SPXW260821C07990000,0.0,0.05,0.025,0.05,0.0,0.0,0.0,815.0,0.0,0.0,0.0,0.0,0.0,0.0,0.0,0.0,0.0,0.0,0.0500000007450581,no_change,2026-08-20T14:03:06,0.0,0.0
SPX,2026-08-21,0,Put,7990.0,SPX260821P07990000,0.0,0.0,0.0,489.19,0.0,0.0,0.0,13.0,0.0,0.0,0.0,0.0,0.0,0.0,0.0,0.0,0.0,0.0,336.849990844727,down,2026-07-17T12:05:55,0.0,0.0
SPXW,2026-08-21,0,Put,7990.0,SPXW260821P07990000,305.7,327.8,316.75,211.35,0.0,0.0,0.0,3.0,0.0,-1.0,0.0,0.0,0.0,0.0,318.1192,0.0,0.0,0.0,336.100006103516,up,2026-08-17T10:11:43,0.0,0.0
SPX,2026-08-21,0,Call,7995.0,SPX260821C07995000,0.0,0.0,0.0,0.2,0.0,0.0,0.0,189.0,0.0,0.0,0.0,0.0,0.0,0.0,0.0,0.0,0.0,0.0,0.0500000007450581,down,2026-08-19T09:48:51,0.0,0.0
SPXW,2026-08-21,0,Call,7995.0,SPXW260821C07995000,0.0,0.05,0.025,0.05,0.0,0.0,0.0,376.0,0.0,0.0,0.0,0.0,0.0,0.0,0.0,0.0,0.0,0.0,0.0500000007450581,no_change,2026-08-20T14:28:17,0.0,0.0
SPX,2026-08-21,0,Put,7995.0,SPX260821P07995000,0.0,0.0,0.0,0.0,0.0,0.0,0.0,0.0,0.0,0.0,0.0,0.0,0.0,0.0,0.0,0.0,0.0,0.0,341.799987792969,no_change,,0.0,0.0
SPXW,2026-08-21,0,Put,7995.0,SPXW260821P07995000,310.7,329.7,320.2,283.7,0.0,0.0,0.0,1.0,0.0,-1.0,0.0,0.0,0.0,0.0,323.1192,0.0,0.0,0.0,341.100006103516,up,2026-08-19T09:40:05,0.0,0.0
SPX,2026-08-21,0,Call,8000.0,SPX260821C08000000,0.0,0.0,0.0,0.05,0.0,0.0,0.0,134511.0,0.0,0.0,0.0,0.0,0.0,0.0,0.0,0.0,0.0,0.0,0.025000000372529,no_change,2026-08-20T15:52:44,0.0,0.0
SPXW,2026-08-21,0,Call,8000.0,SPXW260821C08000000,0.0,0.05,0.025,0.05,-0.025,-33.3333,7.0,3569.0,0.0,0.0,0.0,0.0,0.0,0.0,0.0,0.05,0.05,0.02,0.0750000011175871,up,2026-08-21T15:55:30,0.0,0.0
SPX,2026-08-21,0,Put,8000.0,SPX260821P08000000,0.0,0.0,0.0,345.22,0.0,0.0,0.0,122469.0,0.0,0.0,0.0,0.0,0.0,0.0,0.0,0.0,0.0,0.0,346.949996948242,up,2026-08-20T15:32:19,0.0,0.0
SPXW,2026-08-21,0,Put,8000.0,SPXW260821P08000000,315.7,334.7,325.2,334.5,-11.6,-3.35163,7.0,129.0,0.0,-1.0,0.0,0.0,0.0,0.0,328.1192,333.48,334.5,329.52,346.100006103516,up,2026-08-21T10:35:46,0.0,0.0
SPX,2026-08-21,0,Call,8005.0,SPX260821C08005000,0.0,0.0,0.0,0.2,0.0,0.0,0.0,951.0,0.0,0.0,0.0,0.0,0.0,0.0,0.0,0.0,0.0,0.0,0.0500000007450581,down,2026-08-19T09:48:14,0.0,0.0
SPXW,2026-08-21,0,Call,8005.0,SPXW260821C08005000,0.0,0.05,0.025,0.05,0.0,0.0,0.0,1127.0,0.0,0.0,0.0,0.0,0.0,0.0,0.0,0.0,0.0,0.0,0.0500000007450581,no_change,2026-08-20T13:46:48,0.0,0.0
SPX,2026-08-21,0,Put,8005.0,SPX260821P08005000,0.0,0.0,0.0,0.0,0.0,0.0,0.0,0.0,0.0,0.0,0.0,0.0,0.0,0.0,0.0,0.0,0.0,0.0,352.050003051758,no_change,,0.0,0.0
SPXW,2026-08-21,0,Put,8005.0,SPXW260821P08005000,320.7,339.7,330.2,295.63,0.0,0.0,0.0,1.0,0.0,-1.0,0.0,0.0,0.0,0.0,333.1192,0.0,0.0,0.0,351.100006103516,up,2026-08-18T10:29:49,0.0,0.0
SPX,2026-08-21,0,Call,8010.0,SPX260821C08010000,0.0,0.0,0.0,0.15,0.0,0.0,0.0,695.0,0.0,0.0,0.0,0.0,0.0,0.0,0.0,0.0,0.0,0.0,0.0500000007450581,no_change,2026-08-19T10:12:01,0.0,0.0
SPXW,2026-08-21,0,Call,8010.0,SPXW260821C08010000,0.0,0.05,0.025,0.05,0.0,0.0,0.0,977.0,0.0,0.0,0.0,0.0,0.0,0.0,0.0,0.0,0.0,0.0,0.0500000007450581,no_change,2026-08-20T13:46:30,0.0,0.0
SPX,2026-08-21,0,Put,8010.0,SPX260821P08010000,0.0,0.0,0.0,392.28,0.0,0.0,0.0,21.0,0.0,0.0,0.0,0.0,0.0,0.0,0.0,0.0,0.0,0.0,357.0,down,2026-08-03T15:26:38,0.0,0.0
SPXW,2026-08-21,0,Put,8010.0,SPXW260821P08010000,325.7,347.8,336.75,0.0,0.0,0.0,0.0,0.0,0.0,-1.0,0.0,0.0,0.0,0.0,338.1192,0.0,0.0,0.0,356.100006103516,no_change,,0.0,0.0
SPX,2026-08-21,0,Call,8015.0,SPX260821C08015000,0.0,0.0,0.0,0.2,0.0,0.0,0.0,2403.0,0.0,0.0,0.0,0.0,0.0,0.0,0.0,0.0,0.0,0.0,0.025000000372529,no_change,2026-08-19T09:48:14,0.0,0.0
SPXW,2026-08-21,0,Call,8015.0,SPXW260821C08015000,0.0,0.05,0.025,0.05,0.0,0.0,0.0,898.0,0.0,0.0,0.0,0.0,0.0,0.0,0.0,0.0,0.0,0.0,0.0500000007450581,up,2026-08-20T14:47:22,0.0,0.0
SPX,2026-08-21,0,Put,8015.0,SPX260821P08015000,0.0,0.0,0.0,0.0,0.0,0.0,0.0,3.0,0.0,0.0,0.0,0.0,0.0,0.0,0.0,0.0,0.0,0.0,360.550003051758,no_change,,0.0,0.0
SPXW,2026-08-21,0,Put,8015.0,SPXW260821P08015000,330.7,352.8,341.75,0.0,0.0,0.0,0.0,0.0,0.0,-1.0,0.0,0.0,0.0,0.0,343.1192,0.0,0.0,0.0,361.100006103516,no_change,,0.0,0.0
SPX,2026-08-21,0,Call,8020.0,SPX260821C08020000,0.0,0.0,0.0,0.15,0.0,0.0,0.0,628.0,0.0,0.0,0.0,0.0,0.0,0.0,0.0,0.0,0.0,0.0,0.0500000007450581,no_change,2026-08-19T10:08:43,0.0,0.0
SPXW,2026-08-21,0,Call,8020.0,SPXW260821C08020000,0.0,0.05,0.025,0.05,0.0,0.0,0.0,727.0,0.0,0.0,0.0,0.0,0.0,0.0,0.0,0.0,0.0,0.0,0.0500000007450581,no_change,2026-08-20T14:54:41,0.0,0.0
SPX,2026-08-21,0,Put,8020.0,SPX260821P08020000,0.0,0.0,0.0,507.06,0.0,0.0,0.0,3.0,0.0,0.0,0.0,0.0,0.0,0.0,0.0,0.0,0.0,0.0,366.800003051758,up,2026-07-17T11:57:38,0.0,0.0
SPXW,2026-08-21,0,Put,8020.0,SPXW260821P08020000,335.7,357.8,346.75,0.0,0.0,0.0,0.0,0.0,0.0,-1.0,0.0,0.0,0.0,0.0,348.1192,0.0,0.0,0.0,366.100006103516,no_change,,0.0,0.0
SPX,2026-08-21,0,Call,8025.0,SPX260821C08025000,0.0,0.0,0.0,0.15,0.0,0.0,0.0,1236.0,0.0,0.0,0.0,0.0,0.0,0.0,0.0,0.0,0.0,0.0,0.025000000372529,up,2026-08-19T13:24:33,0.0,0.0
SPXW,2026-08-21,0,Call,8025.0,SPXW260821C08025000,0.0,0.05,0.025,0.03,0.0,0.0,0.0,1657.0,0.0,0.0,0.0,0.0,0.0,0.0,0.0,0.0,0.0,0.0,0.0500000007450581,down,2026-08-20T16:13:03,0.0,0.0
SPX,2026-08-21,0,Put,8025.0,SPX260821P08025000,0.0,0.0,0.0,604.52,0.0,0.0,0.0,1.0,0.0,0.0,0.0,0.0,0.0,0.0,0.0,0.0,0.0,0.0,370.5,up,2026-06-23T11:22:06,0.0,0.0
SPXW,2026-08-21,0,Put,8025.0,SPXW260821P08025000,340.7,359.6,350.15,358.46,-12.64,-3.40609,5.0,7.0,0.0,-1.0,0.0,0.0,0.0,0.0,353.1192,358.46,358.46,358.46,371.100006103516,no_change,2026-08-21T09:52:56,0.0,0.0
SPX,2026-08-21,0,Call,8030.0,SPX260821C08030000,0.0,0.0,0.0,0.15,0.0,0.0,0.0,316.0,0.0,0.0,0.0,0.0,0.0,0.0,0.0,0.0,0.0,0.0,0.0500000007450581,no_change,2026-08-19T09:45:44,0.0,0.0
SPXW,2026-08-21,0,Call,8030.0,SPXW260821C08030000,0.0,0.05,0.025,0.05,0.0,0.0,0.0,634.0,0.0,0.0,0.0,0.0,0.0,0.0,0.0,0.0,0.0,0.0,0.0500000007450581,down,2026-08-20T10:38:04,0.0,0.0
SPX,2026-08-21,0,Put,8030.0,SPX260821P08030000,0.0,0.0,0.0,619.1,0.0,0.0,0.0,16.0,0.0,0.0,0.0,0.0,0.0,0.0,0.0,0.0,0.0,0.0,376.800003051758,up,2026-06-10T09:56:12,0.0,0.0
SPXW,2026-08-21,0,Put,8030.0,SPXW260821P08030000,345.7,367.8,356.75,0.0,0.0,0.0,0.0,0.0,0.0,-1.0,0.0,0.0,0.0,0.0,358.1192,0.0,0.0,0.0,376.100006103516,no_change,,0.0,0.0
SPX,2026-08-21,0,Call,8035.0,SPX260821C08035000,0.0,0.0,0.0,0.15,0.0,0.0,0.0,8.0,0.0,0.0,0.0,0.0,0.0,0.0,0.0,0.0,0.0,0.0,0.0500000007450581,no_change,2026-08-19T09:45:51,0.0,0.0
SPXW,2026-08-21,0,Call,8035.0,SPXW260821C08035000,0.0,0.05,0.025,0.35,0.0,0.0,0.0,249.0,0.0,0.0,0.0,0.0,0.0,0.0,0.0,0.0,0.0,0.0,0.0500000007450581,up,2026-08-17T09:35:00,0.0,0.0
SPX,2026-08-21,0,Put,8035.0,SPX260821P08035000,0.0,0.0,0.0,0.0,0.0,0.0,0.0,0.0,0.0,0.0,0.0,0.0,0.0,0.0,0.0,0.0,0.0,0.0,380.599990844727,no_change,,0.0,0.0
SPXW,2026-08-21,0,Put,8035.0,SPXW260821P08035000,350.7,369.6,360.15,311.23,0.0,0.0,0.0,1.0,0.0,-1.0,0.0,0.0,0.0,0.0,363.1192,0.0,0.0,0.0,381.0,down,2026-08-19T09:45:06,0.0,0.0
SPX,2026-08-21,0,Call,8040.0,SPX260821C08040000,0.0,0.0,0.0,0.15,0.0,0.0,0.0,504.0,0.0,0.0,0.0,0.0,0.0,0.0,0.0,0.0,0.0,0.0,0.0500000007450581,no_change,2026-08-19T11:38:15,0.0,0.0
SPXW,2026-08-21,0,Call,8040.0,SPXW260821C08040000,0.0,0.05,0.025,0.05,0.0,0.0,0.0,520.0,0.0,0.0,0.0,0.0,0.0,0.0,0.0,0.0,0.0,0.0,0.0500000007450581,down,2026-08-20T12:54:10,0.0,0.0
SPX,2026-08-21,0,Put,8040.0,SPX260821P08040000,0.0,0.0,0.0,509.68,0.0,0.0,0.0,7.0,0.0,0.0,0.0,0.0,0.0,0.0,0.0,0.0,0.0,0.0,386.899993896484,up,2026-07-01T15:26:27,0.0,0.0
SPXW,2026-08-21,0,Put,8040.0,SPXW260821P08040000,355.7,377.8,366.75,0.0,0.0,0.0,0.0,0.0,0.0,-1.0,0.0,0.0,0.0,0.0,368.1192,0.0,0.0,0.0,385.850006103516,no_change,,0.0,0.0
SPX,2026-08-21,0,Call,8045.0,SPX260821C08045000,0.0,0.0,0.0,0.15,0.0,0.0,0.0,11.0,0.0,0.0,0.0,0.0,0.0,0.0,0.0,0.0,0.0,0.0,0.0500000007450581,no_change,2026-08-19T09:45:53,0.0,0.0
SPXW,2026-08-21,0,Call,8045.0,SPXW260821C08045000,0.0,0.05,0.025,0.05,0.0,0.0,0.0,180.0,0.0,0.0,0.0,0.0,0.0,0.0,0.0,0.0,0.0,0.0,0.0500000007450581,down,2026-08-20T12:54:20,0.0,0.0
SPX,2026-08-21,0,Put,8045.0,SPX260821P08045000,0.0,0.0,0.0,0.0,0.0,0.0,0.0,0.0,0.0,0.0,0.0,0.0,0.0,0.0,0.0,0.0,0.0,0.0,390.600006103516,no_change,,0.0,0.0
SPXW,2026-08-21,0,Put,8045.0,SPXW260821P08045000,360.7,382.8,371.75,311.35,0.0,0.0,0.0,1.0,0.0,-1.0,0.0,0.0,0.0,0.0,373.1192,0.0,0.0,0.0,390.949996948242,down,2026-08-19T10:55:44,0.0,0.0
SPX,2026-08-21,0,Call,8050.0,SPX260821C08050000,0.0,0.0,0.0,0.05,0.0,0.0,0.0,9030.0,0.0,0.0,0.0,0.0,0.0,0.0,0.0,0.0,0.0,0.0,0.025000000372529,down,2026-08-20T16:04:27,0.0,0.0
SPXW,2026-08-21,0,Call,8050.0,SPXW260821C08050000,0.0,0.05,0.025,0.03,-0.02,-40.0,11.0,1637.0,0.0,0.0,0.0,0.0,0.0,0.0,0.0,0.05,0.05,0.03,0.0500000007450581,down,2026-08-21T11:23:44,0.0,0.0
SPX,2026-08-21,0,Put,8050.0,SPX260821P08050000,0.0,0.0,0.0,291.58,0.0,0.0,0.0,10.0,0.0,0.0,0.0,0.0,0.0,0.0,0.0,0.0,0.0,0.0,396.949996948242,down,2026-08-07T12:15:52,0.0,0.0
SPXW,2026-08-21,0,Put,8050.0,SPXW260821P08050000,365.6,387.1,376.35,314.08,0.0,0.0,0.0,200.0,0.0,-1.0,0.0,0.0,0.0,0.0,378.1192,0.0,0.0,0.0,397.050003051758,down,2026-08-07T10:18:02,0.0,0.0
SPX,2026-08-21,0,Call,8055.0,SPX260821C08055000,0.0,0.0,0.0,0.15,0.0,0.0,0.0,22.0,0.0,0.0,0.0,0.0,0.0,0.0,0.0,0.0,0.0,0.0,0.0500000007450581,no_change,2026-08-19T09:45:23,0.0,0.0
SPXW,2026-08-21,0,Call,8055.0,SPXW260821C08055000,0.0,0.05,0.025,0.05,0.0,0.0,0.0,214.0,0.0,0.0,0.0,0.0,0.0,0.0,0.0,0.0,0.0,0.0,0.0500000007450581,no_change,2026-08-20T15:26:15,0.0,0.0
SPX,2026-08-21,0,Put,8055.0,SPX260821P08055000,0.0,0.0,0.0,0.0,0.0,0.0,0.0,0.0,0.0,0.0,0.0,0.0,0.0,0.0,0.0,0.0,0.0,0.0,402.0,no_change,,0.0,0.0
SPXW,2026-08-21,0,Put,8055.0,SPXW260821P08055000,370.6,389.7,380.15,0.0,0.0,0.0,0.0,0.0,0.0,-1.0,0.0,0.0,0.0,0.0,383.1192,0.0,0.0,0.0,401.0,no_change,,0.0,0.0
SPX,2026-08-21,0,Call,8060.0,SPX260821C08060000,0.0,0.0,0.0,0.15,0.0,0.0,0.0,478.0,0.0,0.0,0.0,0.0,0.0,0.0,0.0,0.0,0.0,0.0,0.0500000007450581,no_change,2026-08-19T09:52:43,0.0,0.0
SPXW,2026-08-21,0,Call,8060.0,SPXW260821C08060000,0.0,0.05,0.025,0.05,0.0,0.0,0.0,490.0,0.0,0.0,0.0,0.0,0.0,0.0,0.0,0.0,0.0,0.0,0.0500000007450581,no_change,2026-08-20T12:13:33,0.0,0.0
SPX,2026-08-21,0,Put,8060.0,SPX260821P08060000,0.0,0.0,0.0,549.91,0.0,0.0,0.0,2.0,0.0,0.0,0.0,0.0,0.0,0.0,0.0,0.0,0.0,0.0,406.899993896484,up,2026-07-17T12:10:33,0.0,0.0
SPXW,2026-08-21,0,Put,8060.0,SPXW260821P08060000,375.6,397.8,386.70000000000005,317.43,0.0,0.0,0.0,1.0,0.0,-1.0,0.0,0.0,0.0,0.0,387.0262,0.0,0.0,0.0,405.850006103516,down,2026-08-19T11:07:04,0.0,0.0
SPX,2026-08-21,0,Call,8065.0,SPX260821C08065000,0.0,0.0,0.0,0.15,0.0,0.0,0.0,14.0,0.0,0.0,0.0,0.0,0.0,0.0,0.0,0.0,0.0,0.0,0.0500000007450581,no_change,2026-08-19T09:48:08,0.0,0.0
SPXW,2026-08-21,0,Call,8065.0,SPXW260821C08065000,0.0,0.05,0.025,0.05,0.0,0.0,0.0,131.0,0.0,0.0,0.0,0.0,0.0,0.0,0.0,0.0,0.0,0.0,0.0500000007450581,no_change,2026-08-20T09:31:56,0.0,0.0
SPX,2026-08-21,0,Put,8065.0,SPX260821P08065000,0.0,0.0,0.0,0.0,0.0,0.0,0.0,0.0,0.0,0.0,0.0,0.0,0.0,0.0,0.0,0.0,0.0,0.0,411.899993896484,no_change,,0.0,0.0
SPXW,2026-08-21,0,Put,8065.0,SPXW260821P08065000,380.6,399.7,390.15,0.0,0.0,0.0,0.0,0.0,0.0,-1.0,0.0,0.0,0.0,0.0,392.0262,0.0,0.0,0.0,410.850006103516,no_change,,0.0,0.0
SPX,2026-08-21,0,Call,8070.0,SPX260821C08070000,0.0,0.0,0.0,0.15,0.0,0.0,0.0,581.0,0.0,0.0,0.0,0.0,0.0,0.0,0.0,0.0,0.0,0.0,0.0500000007450581,no_change,2026-08-19T09:49:31,0.0,0.0
SPXW,2026-08-21,0,Call,8070.0,SPXW260821C08070000,0.0,0.05,0.025,0.05,0.0,0.0,0.0,240.0,0.0,0.0,0.0,0.0,0.0,0.0,0.0,0.0,0.0,0.0,0.0500000007450581,no_change,2026-08-20T11:09:14,0.0,0.0
SPX,2026-08-21,0,Put,8070.0,SPX260821P08070000,0.0,0.0,0.0,0.0,0.0,0.0,0.0,0.0,0.0,0.0,0.0,0.0,0.0,0.0,0.0,0.0,0.0,0.0,416.899993896484,no_change,,0.0,0.0
SPXW,2026-08-21,0,Put,8070.0,SPXW260821P08070000,385.6,407.8,396.70000000000005,522.43,0.0,0.0,0.0,0.0,0.0,-1.0,0.0,0.0,0.0,0.0,397.0262,0.0,0.0,0.0,415.899993896484,down,2026-08-03T09:44:34,0.0,0.0
SPX,2026-08-21,0,Call,8075.0,SPX260821C08075000,0.0,0.0,0.0,0.15,0.0,0.0,0.0,6551.0,0.0,0.0,0.0,0.0,0.0,0.0,0.0,0.0,0.0,0.0,0.025000000372529,no_change,2026-08-19T09:50:03,0.0,0.0
SPXW,2026-08-21,0,Call,8075.0,SPXW260821C08075000,0.0,0.05,0.025,0.05,0.0,0.0,0.0,521.0,0.0,0.0,0.0,0.0,0.0,0.0,0.0,0.0,0.0,0.0,0.025000000372529,no_change,2026-08-20T15:59:37,0.0,0.0
SPX,2026-08-21,0,Put,8075.0,SPX260821P08075000,0.0,0.0,0.0,603.1,0.0,0.0,0.0,15.0,0.0,0.0,0.0,0.0,0.0,0.0,0.0,0.0,0.0,0.0,421.849990844727,up,2026-06-17T15:30:04,0.0,0.0
SPXW,2026-08-21,0,Put,8075.0,SPXW260821P08075000,390.6,412.8,401.70000000000005,333.31,0.0,0.0,0.0,1.0,0.0,-1.0,0.0,0.0,0.0,0.0,402.0262,0.0,0.0,0.0,420.949996948242,up,2026-08-19T11:08:29,0.0,0.0
SPX,2026-08-21,0,Call,8080.0,SPX260821C08080000,0.0,0.0,0.0,0.15,0.0,0.0,0.0,416.0,0.0,0.0,0.0,0.0,0.0,0.0,0.0,0.0,0.0,0.0,0.0500000007450581,no_change,2026-08-19T09:48:08,0.0,0.0
SPXW,2026-08-21,0,Call,8080.0,SPXW260821C08080000,0.0,0.05,0.025,0.03,0.005,20.0,3.0,197.0,0.0,0.0,0.0,0.0,0.0,0.0,0.0,0.03,0.03,0.03,0.025000000372529,no_change,2026-08-21T09:32:05,0.0,0.0
SPX,2026-08-21,0,Put,8080.0,SPX260821P08080000,0.0,0.0,0.0,580.3,0.0,0.0,0.0,5.0,0.0,0.0,0.0,0.0,0.0,0.0,0.0,0.0,0.0,0.0,426.649993896484,up,2026-07-17T12:08:47,0.0,0.0
SPXW,2026-08-21,0,Put,8080.0,SPXW260821P08080000,395.6,417.8,406.70000000000005,410.47,0.0,0.0,0.0,0.0,0.0,-1.0,0.0,0.0,0.0,0.0,407.0262,0.0,0.0,0.0,425.850006103516,down,2026-08-20T13:33:20,0.0,0.0
SPX,2026-08-21,0,Call,8085.0,SPX260821C08085000,0.0,0.0,0.0,0.15,0.0,0.0,0.0,168.0,0.0,0.0,0.0,0.0,0.0,0.0,0.0,0.0,0.0,0.0,0.0500000007450581,no_change,2026-08-19T09:49:41,0.0,0.0
SPXW,2026-08-21,0,Call,8085.0,SPXW260821C08085000,0.0,0.05,0.025,0.2,0.0,0.0,0.0,92.0,0.0,0.0,0.0,0.0,0.0,0.0,0.0,0.0,0.0,0.0,0.025000000372529,no_change,2026-08-14T15:51:43,0.0,0.0
SPX,2026-08-21,0,Put,8085.0,SPX260821P08085000,0.0,0.0,0.0,0.0,0.0,0.0,0.0,0.0,0.0,0.0,0.0,0.0,0.0,0.0,0.0,0.0,0.0,0.0,431.899993896484,no_change,,0.0,0.0
SPXW,2026-08-21,0,Put,8085.0,SPXW260821P08085000,400.6,419.7,410.15,0.0,0.0,0.0,0.0,0.0,0.0,-1.0,0.0,0.0,0.0,0.0,412.0262,0.0,0.0,0.0,431.0,no_change,,0.0,0.0
SPX,2026-08-21,0,Call,8090.0,SPX260821C08090000,0.0,0.0,0.0,0.15,0.0,0.0,0.0,306.0,0.0,0.0,0.0,0.0,0.0,0.0,0.0,0.0,0.0,0.0,0.0500000007450581,no_change,2026-08-19T09:49:42,0.0,0.0
SPXW,2026-08-21,0,Call,8090.0,SPXW260821C08090000,0.0,0.05,0.025,0.2,0.0,0.0,0.0,83.0,0.0,0.0,0.0,0.0,0.0,0.0,0.0,0.0,0.0,0.0,0.025000000372529,down,2026-08-14T15:51:33,0.0,0.0
SPX,2026-08-21,0,Put,8090.0,SPX260821P08090000,0.0,0.0,0.0,570.6,0.0,0.0,0.0,1.0,0.0,0.0,0.0,0.0,0.0,0.0,0.0,0.0,0.0,0.0,436.25,up,2026-07-17T12:53:02,0.0,0.0
SPXW,2026-08-21,0,Put,8090.0,SPXW260821P08090000,405.6,427.8,416.70000000000005,351.58,0.0,0.0,0.0,1.0,0.0,-1.0,0.0,0.0,0.0,0.0,417.0262,0.0,0.0,0.0,436.0,up,2026-08-19T11:18:49,0.0,0.0
SPX,2026-08-21,0,Call,8095.0,SPX260821C08095000,0.0,0.0,0.0,0.15,0.0,0.0,0.0,20.0,0.0,0.0,0.0,0.0,0.0,0.0,0.0,0.0,0.0,0.0,0.0500000007450581,no_change,2026-08-19T09:49:40,0.0,0.0
SPXW,2026-08-21,0,Call,8095.0,SPXW260821C08095000,0.0,0.05,0.025,0.2,0.0,0.0,0.0,67.0,0.0,0.0,0.0,0.0,0.0,0.0,0.0,0.0,0.0,0.0,0.025000000372529,up,2026-08-18T10:01:01,0.0,0.0
SPX,2026-08-21,0,Put,8095.0,SPX260821P08095000,0.0,0.0,0.0,0.0,0.0,0.0,0.0,0.0,0.0,0.0,0.0,0.0,0.0,0.0,0.0,0.0,0.0,0.0,442.0,no_change,,0.0,0.0
SPXW,2026-08-21,0,Put,8095.0,SPXW260821P08095000,410.6,429.7,420.15,0.0,0.0,0.0,0.0,0.0,0.0,-1.0,0.0,0.0,0.0,0.0,422.0262,0.0,0.0,0.0,441.0,no_change,,0.0,0.0
SPX,2026-08-21,0,Call,8100.0,SPX260821C08100000,0.0,0.0,0.0,0.03,0.0,0.0,0.0,14418.0,0.0,0.0,0.0,0.0,0.0,0.0,0.0,0.0,0.0,0.0,0.025000000372529,down,2026-08-20T13:51:29,0.0,0.0
SPXW,2026-08-21,0,Call,8100.0,SPXW260821C08100000,0.0,0.05,0.025,0.03,0.005,20.0,27.0,5661.0,0.0,0.0,0.0,0.0,0.0,0.0,0.0,0.05,0.05,0.03,0.025000000372529,no_change,2026-08-21T15:53:31,0.0,0.0
SPX,2026-08-21,0,Put,8100.0,SPX260821P08100000,0.0,0.0,0.0,410.07,0.0,0.0,0.0,56.0,0.0,0.0,0.0,0.0,0.0,0.0,0.0,0.0,0.0,0.0,446.899993896484,no_change,2026-08-20T10:59:03,0.0,0.0
SPXW,2026-08-21,0,Put,8100.0,SPXW260821P08100000,415.6,437.4,426.5,361.93,0.0,0.0,0.0,101.0,0.0,-1.0,0.0,0.0,0.0,0.0,427.0262,0.0,0.0,0.0,445.949996948242,up,2026-08-19T12:18:15,0.0,0.0
SPX,2026-08-21,0,Call,8105.0,SPX260821C08105000,0.0,0.0,0.0,0.05,0.0,0.0,0.0,30.0,0.0,0.0,0.0,0.0,0.0,0.0,0.0,0.0,0.0,0.0,0.0500000007450581,down,2026-08-19T16:05:44,0.0,0.0
SPXW,2026-08-21,0,Call,8105.0,SPXW260821C08105000,0.0,0.05,0.025,0.2,0.0,0.0,0.0,102.0,0.0,0.0,0.0,0.0,0.0,0.0,0.0,0.0,0.0,0.0,0.025000000372529,no_change,2026-08-14T15:51:21,0.0,0.0
SPX,2026-08-21,0,Put,8105.0,SPX260821P08105000,0.0,0.0,0.0,0.0,0.0,0.0,0.0,0.0,0.0,0.0,0.0,0.0,0.0,0.0,0.0,0.0,0.0,0.0,451.899993896484,no_change,,0.0,0.0
SPXW,2026-08-21,0,Put,8105.0,SPXW260821P08105000,420.6,439.7,430.15,0.0,0.0,0.0,0.0,0.0,0.0,-1.0,0.0,0.0,0.0,0.0,432.0262,0.0,0.0,0.0,451.0,no_change,,0.0,0.0
SPX,2026-08-21,0,Call,8110.0,SPX260821C08110000,0.0,0.0,0.0,0.15,0.0,0.0,0.0,308.0,0.0,0.0,0.0,0.0,0.0,0.0,0.0,0.0,0.0,0.0,0.0500000007450581,no_change,2026-08-19T09:48:35,0.0,0.0
SPXW,2026-08-21,0,Call,8110.0,SPXW260821C08110000,0.0,0.05,0.025,0.25,0.0,0.0,0.0,152.0,0.0,0.0,0.0,0.0,0.0,0.0,0.0,0.0,0.0,0.0,0.025000000372529,no_change,2026-08-17T10:24:51,0.0,0.0
SPX,2026-08-21,0,Put,8110.0,SPX260821P08110000,0.0,0.0,0.0,597.72,0.0,0.0,0.0,2.0,0.0,0.0,0.0,0.0,0.0,0.0,0.0,0.0,0.0,0.0,456.75,up,2026-07-17T12:57:29,0.0,0.0
SPXW,2026-08-21,0,Put,8110.0,SPXW260821P08110000,425.6,447.8,436.70000000000005,444.3,-11.7,-2.56579,1.0,1.0,0.0,-1.0,0.0,0.0,0.0,0.0,437.0262,444.3,444.3,444.3,456.0,down,2026-08-21T10:35:00,0.0,0.0
SPX,2026-08-21,0,Call,8115.0,SPX260821C08115000,0.0,0.0,0.0,0.15,0.0,0.0,0.0,81.0,0.0,0.0,0.0,0.0,0.0,0.0,0.0,0.0,0.0,0.0,0.0500000007450581,no_change,2026-08-19T09:48:52,0.0,0.0
SPXW,2026-08-21,0,Call,8115.0,SPXW260821C08115000,0.0,0.05,0.025,0.15,0.0,0.0,0.0,113.0,0.0,0.0,0.0,0.0,0.0,0.0,0.0,0.0,0.0,0.0,0.025000000372529,up,2026-08-18T11:25:13,0.0,0.0
SPX,2026-08-21,0,Put,8115.0,SPX260821P08115000,0.0,0.0,0.0,0.0,0.0,0.0,0.0,0.0,0.0,0.0,0.0,0.0,0.0,0.0,0.0,0.0,0.0,0.0,461.800003051758,no_change,,0.0,0.0
SPXW,2026-08-21,0,Put,8115.0,SPXW260821P08115000,430.6,452.5,441.55,0.0,0.0,0.0,0.0,0.0,0.0,-1.0,0.0,0.0,0.0,0.0,442.0262,0.0,0.0,0.0,461.0,no_change,,0.0,0.0
SPX,2026-08-21,0,Call,8120.0,SPX260821C08120000,0.0,0.0,0.0,0.1,0.0,0.0,0.0,373.0,0.0,0.0,0.0,0.0,0.0,0.0,0.0,0.0,0.0,0.0,0.0500000007450581,down,2026-08-19T12:42:57,0.0,0.0
SPXW,2026-08-21,0,Call,8120.0,SPXW260821C08120000,0.0,0.05,0.025,0.1,0.0,0.0,0.0,225.0,0.0,0.0,0.0,0.0,0.0,0.0,0.0,0.0,0.0,0.0,0.025000000372529,down,2026-08-18T14:17:12,0.0,0.0
SPX,2026-08-21,0,Put,8120.0,SPX260821P08120000,0.0,0.0,0.0,612.43,0.0,0.0,0.0,1.0,0.0,0.0,0.0,0.0,0.0,0.0,0.0,0.0,0.0,0.0,466.900009155273,up,2026-07-17T12:10:04,0.0,0.0
SPXW,2026-08-21,0,Put,8120.0,SPXW260821P08120000,435.6,457.8,446.70000000000005,0.0,0.0,0.0,0.0,0.0,0.0,-1.0,0.0,0.0,0.0,0.0,447.0262,0.0,0.0,0.0,465.949996948242,no_change,,0.0,0.0
SPX,2026-08-21,0,Call,8125.0,SPX260821C08125000,0.0,0.0,0.0,0.15,0.0,0.0,0.0,5722.0,0.0,0.0,0.0,0.0,0.0,0.0,0.0,0.0,0.0,0.0,0.0500000007450581,up,2026-08-19T09:48:14,0.0,0.0
SPXW,2026-08-21,0,Call,8125.0,SPXW260821C08125000,0.0,0.05,0.025,0.1,0.0,0.0,0.0,526.0,0.0,0.0,0.0,0.0,0.0,0.0,0.0,0.0,0.0,0.0,0.025000000372529,no_change,2026-08-18T16:07:01,0.0,0.0
SPX,2026-08-21,0,Put,8125.0,SPX260821P08125000,0.0,0.0,0.0,411.23,0.0,0.0,0.0,3.0,0.0,0.0,0.0,0.0,0.0,0.0,0.0,0.0,0.0,0.0,472.0,down,2026-08-19T09:53:31,0.0,0.0
SPXW,2026-08-21,0,Put,8125.0,SPXW260821P08125000,440.6,462.8,451.70000000000005,455.91,0.0,0.0,0.0,1.0,0.0,-1.0,0.0,0.0,0.0,0.0,452.0262,0.0,0.0,0.0,470.949996948242,up,2026-08-20T13:33:20,0.0,0.0
SPX,2026-08-21,0,Call,8130.0,SPX260821C08130000,0.0,0.0,0.0,0.15,0.0,0.0,0.0,938.0,0.0,0.0,0.0,0.0,0.0,0.0,0.0,0.0,0.0,0.0,0.0500000007450581,down,2026-08-19T09:48:15,0.0,0.0
SPXW,2026-08-21,0,Call,8130.0,SPXW260821C08130000,0.0,0.05,0.025,0.04,0.0,0.0,0.0,190.0,0.0,0.0,0.0,0.0,0.0,0.0,0.0,0.0,0.0,0.0,0.025000000372529,down,2026-08-20T09:31:29,0.0,0.0
SPX,2026-08-21,0,Put,8130.0,SPX260821P08130000,0.0,0.0,0.0,0.0,0.0,0.0,0.0,0.0,0.0,0.0,0.0,0.0,0.0,0.0,0.0,0.0,0.0,0.0,476.900009155273,no_change,,0.0,0.0
SPXW,2026-08-21,0,Put,8130.0,SPXW260821P08130000,445.6,467.8,456.70000000000005,472.1,0.0,0.0,0.0,1.0,0.0,-1.0,0.0,0.0,0.0,0.0,457.0262,0.0,0.0,0.0,475.850006103516,down,2026-08-20T14:50:13,0.0,0.0
SPX,2026-08-21,0,Call,8135.0,SPX260821C08135000,0.0,0.0,0.0,0.15,0.0,0.0,0.0,3.0,0.0,0.0,0.0,0.0,0.0,0.0,0.0,0.0,0.0,0.0,0.0500000007450581,up,2026-08-19T09:48:18,0.0,0.0
SPX,2026-08-21,0,Put,8135.0,SPX260821P08135000,0.0,0.0,0.0,0.0,0.0,0.0,0.0,0.0,0.0,0.0,0.0,0.0,0.0,0.0,0.0,0.0,0.0,0.0,481.900009155273,no_change,,0.0,0.0
SPX,2026-08-21,0,Call,8140.0,SPX260821C08140000,0.0,0.0,0.0,0.1,0.0,0.0,0.0,232.0,0.0,0.0,0.0,0.0,0.0,0.0,0.0,0.0,0.0,0.0,0.025000000372529,down,2026-08-19T10:37:29,0.0,0.0
SPXW,2026-08-21,0,Call,8140.0,SPXW260821C08140000,0.0,0.05,0.025,0.1,0.0,0.0,0.0,170.0,0.0,0.0,0.0,0.0,0.0,0.0,0.0,0.0,0.0,0.0,0.025000000372529,no_change,2026-08-19T11:23:50,0.0,0.0
SPX,2026-08-21,0,Put,8140.0,SPX260821P08140000,0.0,0.0,0.0,583.25,0.0,0.0,0.0,1.0,0.0,0.0,0.0,0.0,0.0,0.0,0.0,0.0,0.0,0.0,486.350006103516,down,2026-07-01T12:26:43,0.0,0.0
SPXW,2026-08-21,0,Put,8140.0,SPXW260821P08140000,455.6,477.8,466.70000000000005,492.8,0.0,0.0,0.0,3.0,0.0,-1.0,0.0,0.0,0.0,0.0,467.0262,0.0,0.0,0.0,486.149993896484,up,2026-08-20T16:14:55,0.0,0.0
SPX,2026-08-21,0,Call,8150.0,SPX260821C08150000,0.0,0.0,0.0,0.05,0.0,0.0,0.0,4107.0,0.0,0.0,0.0,0.0,0.0,0.0,0.0,0.0,0.0,0.0,0.025000000372529,down,2026-08-19T16:04:02,0.0,0.0
SPXW,2026-08-21,0,Call,8150.0,SPXW260821C08150000,0.0,0.05,0.025,0.05,0.0,0.0,0.0,736.0,0.0,0.0,0.0,0.0,0.0,0.0,0.0,0.0,0.0,0.0,0.025000000372529,up,2026-08-19T15:33:38,0.0,0.0
SPX,2026-08-21,0,Put,8150.0,SPX260821P08150000,0.0,0.0,0.0,362.93,0.0,0.0,0.0,2.0,0.0,0.0,0.0,0.0,0.0,0.0,0.0,0.0,0.0,0.0,497.099990844727,no_change,2026-08-14T15:27:14,0.0,0.0
SPXW,2026-08-21,0,Put,8150.0,SPXW260821P08150000,465.6,487.8,476.70000000000005,480.3,-15.7,-3.16532,1.0,4.0,0.0,-1.0,0.0,0.0,0.0,0.0,477.0262,480.3,480.3,480.3,496.0,down,2026-08-21T09:33:28,0.0,0.0
SPX,2026-08-21,0,Call,8160.0,SPX260821C08160000,0.0,0.0,0.0,0.05,0.0,0.0,0.0,545.0,0.0,0.0,0.0,0.0,0.0,0.0,0.0,0.0,0.0,0.0,0.0500000007450581,down,2026-08-19T16:05:09,0.0,0.0
SPXW,2026-08-21,0,Call,8160.0,SPXW260821C08160000,0.0,0.05,0.025,0.2,0.0,0.0,0.0,96.0,0.0,0.0,0.0,0.0,0.0,0.0,0.0,0.0,0.0,0.0,0.025000000372529,up,2026-08-17T10:28:57,0.0,0.0
SPX,2026-08-21,0,Put,8160.0,SPX260821P08160000,0.0,0.0,0.0,0.0,0.0,0.0,0.0,0.0,0.0,0.0,0.0,0.0,0.0,0.0,0.0,0.0,0.0,0.0,506.900009155273,no_change,,0.0,0.0
SPXW,2026-08-21,0,Put,8160.0,SPXW260821P08160000,475.6,497.8,486.70000000000005,470.33,0.0,0.0,0.0,1.0,0.0,-1.0,0.0,0.0,0.0,0.0,487.0262,0.0,0.0,0.0,506.0,up,2026-08-20T10:49:18,0.0,0.0
SPX,2026-08-21,0,Call,8170.0,SPX260821C08170000,0.0,0.0,0.0,0.1,0.0,0.0,0.0,180.0,0.0,0.0,0.0,0.0,0.0,0.0,0.0,0.0,0.0,0.0,0.0500000007450581,down,2026-08-19T12:22:19,0.0,0.0
SPXW,2026-08-21,0,Call,8170.0,SPXW260821C08170000,0.0,0.05,0.025,0.17,0.0,0.0,0.0,291.0,0.0,0.0,0.0,0.0,0.0,0.0,0.0,0.0,0.0,0.0,0.025000000372529,down,2026-08-17T11:40:05,0.0,0.0
SPX,2026-08-21,0,Put,8170.0,SPX260821P08170000,0.0,0.0,0.0,0.0,0.0,0.0,0.0,5.0,0.0,0.0,0.0,0.0,0.0,0.0,0.0,0.0,0.0,0.0,515.600006103516,no_change,,0.0,0.0
SPXW,2026-08-21,0,Put,8170.0,SPXW260821P08170000,485.6,507.8,496.70000000000005,500.15,-15.85,-3.07171,2.0,5.0,0.0,-1.0,0.0,0.0,0.0,0.0,497.0262,500.2,500.2,500.15,516.0,down,2026-08-21T09:34:40,0.0,0.0
SPX,2026-08-21,0,Call,8175.0,SPX260821C08175000,0.0,0.0,0.0,0.1,0.0,0.0,0.0,8665.0,0.0,0.0,0.0,0.0,0.0,0.0,0.0,0.0,0.0,0.0,0.0500000007450581,no_change,2026-08-19T12:07:43,0.0,0.0
SPXW,2026-08-21,0,Call,8175.0,SPXW260821C08175000,0.0,0.05,0.025,0.15,0.0,0.0,0.0,184.0,0.0,0.0,0.0,0.0,0.0,0.0,0.0,0.0,0.0,0.0,0.025000000372529,no_change,2026-08-14T15:51:59,0.0,0.0
SPX,2026-08-21,0,Put,8175.0,SPX260821P08175000,0.0,0.0,0.0,0.0,0.0,0.0,0.0,0.0,0.0,0.0,0.0,0.0,0.0,0.0,0.0,0.0,0.0,0.0,520.450012207031,no_change,,0.0,0.0
SPXW,2026-08-21,0,Put,8175.0,SPXW260821P08175000,490.6,512.8,501.7,454.19,0.0,0.0,0.0,1.0,0.0,-1.0,0.0,0.0,0.0,0.0,502.0262,0.0,0.0,0.0,520.850006103516,up,2026-08-19T13:18:09,0.0,0.0
SPX,2026-08-21,0,Call,8180.0,SPX260821C08180000,0.0,0.0,0.0,0.1,0.0,0.0,0.0,321.0,0.0,0.0,0.0,0.0,0.0,0.0,0.0,0.0,0.0,0.0,0.0500000007450581,no_change,2026-08-19T12:43:22,0.0,0.0
SPXW,2026-08-21,0,Call,8180.0,SPXW260821C08180000,0.0,0.05,0.025,0.05,0.0,0.0,0.0,89.0,0.0,0.0,0.0,0.0,0.0,0.0,0.0,0.0,0.0,0.0,0.025000000372529,down,2026-08-18T15:09:34,0.0,0.0
SPX,2026-08-21,0,Put,8180.0,SPX260821P08180000,0.0,0.0,0.0,0.0,0.0,0.0,0.0,0.0,0.0,0.0,0.0,0.0,0.0,0.0,0.0,0.0,0.0,0.0,526.950012207031,no_change,,0.0,0.0
SPXW,2026-08-21,0,Put,8180.0,SPXW260821P08180000,495.6,517.8,506.7,513.44,-12.56,-2.38783,2.0,4.0,0.0,-1.0,0.0,0.0,0.0,0.0,507.0262,510.15,513.44,510.15,526.0,up,2026-08-21T09:35:59,0.0,0.0
SPX,2026-08-21,0,Call,8190.0,SPX260821C08190000,0.0,0.0,0.0,0.75,0.0,0.0,0.0,853.0,0.0,0.0,0.0,0.0,0.0,0.0,0.0,0.0,0.0,0.0,0.0500000007450581,up,2026-08-07T10:21:53,0.0,0.0
SPXW,2026-08-21,0,Call,8190.0,SPXW260821C08190000,0.0,0.05,0.025,0.15,0.0,0.0,0.0,89.0,0.0,0.0,0.0,0.0,0.0,0.0,0.0,0.0,0.0,0.0,0.025000000372529,down,2026-08-17T10:30:37,0.0,0.0
SPX,2026-08-21,0,Put,8190.0,SPX260821P08190000,0.0,0.0,0.0,0.0,0.0,0.0,0.0,0.0,0.0,0.0,0.0,0.0,0.0,0.0,0.0,0.0,0.0,0.0,536.950012207031,no_change,,0.0,0.0
SPXW,2026-08-21,0,Put,8190.0,SPXW260821P08190000,505.6,527.8,516.7,523.28,-12.72,-2.37313,2.0,4.0,0.0,-1.0,0.0,0.0,0.0,0.0,517.0262,523.28,523.28,523.28,536.0,up,2026-08-21T09:37:02,0.0,0.0
SPX,2026-08-21,0,Call,8200.0,SPX260821C08200000,0.0,0.0,0.0,0.1,0.0,0.0,0.0,12992.0,0.0,0.0,0.0,0.0,0.0,0.0,0.0,0.0,0.0,0.0,0.025000000372529,no_change,2026-08-19T12:38:23,0.0,0.0
SPXW,2026-08-21,0,Call,8200.0,SPXW260821C08200000,0.0,0.05,0.025,0.05,0.0,0.0,0.0,12830.0,0.0,0.0,0.0,0.0,0.0,0.0,0.0,0.0,0.0,0.0,0.025000000372529,no_change,2026-08-19T14:52:55,0.0,0.0
SPX,2026-08-21,0,Put,8200.0,SPX260821P08200000,0.0,0.0,0.0,413.0,0.0,0.0,0.0,256.0,0.0,0.0,0.0,0.0,0.0,0.0,0.0,0.0,0.0,0.0,547.399993896484,no_change,2026-08-14T15:27:14,0.0,0.0
SPXW,2026-08-21,0,Put,8200.0,SPXW260821P08200000,515.6,534.5,525.05,532.75,-13.25,-2.42674,2.0,1.0,0.0,-1.0,0.0,0.0,0.0,0.0,527.0262,532.29,532.75,532.29,546.0,up,2026-08-21T09:38:31,0.0,0.0
SPX,2026-08-21,0,Call,8210.0,SPX260821C08210000,0.0,0.0,0.0,0.1,0.0,0.0,0.0,170.0,0.0,0.0,0.0,0.0,0.0,0.0,0.0,0.0,0.0,0.0,0.0500000007450581,no_change,2026-08-19T09:45:23,0.0,0.0
SPXW,2026-08-21,0,Call,8210.0,SPXW260821C08210000,0.0,0.05,0.025,0.05,0.0,0.0,0.0,83.0,0.0,0.0,0.0,0.0,0.0,0.0,0.0,0.0,0.0,0.0,0.025000000372529,down,2026-08-19T15:00:57,0.0,0.0
SPX,2026-08-21,0,Put,8210.0,SPX260821P08210000,0.0,0.0,0.0,0.0,0.0,0.0,0.0,0.0,0.0,0.0,0.0,0.0,0.0,0.0,0.0,0.0,0.0,0.0,556.949981689453,no_change,,0.0,0.0
SPXW,2026-08-21,0,Put,8210.0,SPXW260821P08210000,525.6,547.8,536.7,543.05,-13.2,-2.37303,4.0,0.0,0.0,-1.0,0.0,0.0,0.0,0.0,537.0262,542.66,543.05,542.65,556.25,up,2026-08-21T09:39:37,0.0,0.0
SPX,2026-08-21,0,Call,8220.0,SPX260821C08220000,0.0,0.0,0.0,0.1,0.0,0.0,0.0,71.0,0.0,0.0,0.0,0.0,0.0,0.0,0.0,0.0,0.0,0.0,0.0500000007450581,down,2026-08-19T09:38:48,0.0,0.0
SPXW,2026-08-21,0,Call,8220.0,SPXW260821C08220000,0.0,0.05,0.025,0.1,0.0,0.0,0.0,90.0,0.0,0.0,0.0,0.0,0.0,0.0,0.0,0.0,0.0,0.0,0.025000000372529,down,2026-08-17T16:00:13,0.0,0.0
SPX,2026-08-21,0,Put,8220.0,SPX260821P08220000,0.0,0.0,0.0,0.0,0.0,0.0,0.0,0.0,0.0,0.0,0.0,0.0,0.0,0.0,0.0,0.0,0.0,0.0,566.949981689453,no_change,,0.0,0.0
SPXW,2026-08-21,0,Put,8220.0,SPXW260821P08220000,535.6,557.8,546.7,543.73,-22.47,-3.96856,3.0,1.0,0.0,-1.0,0.0,0.0,0.0,0.0,547.0262,552.75,552.75,543.73,566.200012207031,down,2026-08-21T13:48:14,0.0,0.0
SPX,2026-08-21,0,Call,8225.0,SPX260821C08225000,0.0,0.0,0.0,0.1,0.0,0.0,0.0,4377.0,0.0,0.0,0.0,0.0,0.0,0.0,0.0,0.0,0.0,0.0,0.025000000372529,no_change,2026-08-19T09:38:48,0.0,0.0
SPXW,2026-08-21,0,Call,8225.0,SPXW260821C08225000,0.0,0.05,0.025,0.03,0.005,20.0,1.0,193.0,0.0,0.0,0.0,0.0,0.0,0.0,0.0,0.03,0.03,0.03,0.025000000372529,down,2026-08-21T15:54:32,0.0,0.0
SPX,2026-08-21,0,Put,8225.0,SPX260821P08225000,0.0,0.0,0.0,0.0,0.0,0.0,0.0,0.0,0.0,0.0,0.0,0.0,0.0,0.0,0.0,0.0,0.0,0.0,570.550018310547,no_change,,0.0,0.0
SPXW,2026-08-21,0,Put,8225.0,SPXW260821P08225000,540.6,562.8,551.7,500.94,0.0,0.0,0.0,2.0,0.0,-1.0,0.0,0.0,0.0,0.0,552.0262,0.0,0.0,0.0,571.0,up,2026-08-19T09:59:05,0.0,0.0
SPX,2026-08-21,0,Call,8230.0,SPX260821C08230000,0.0,0.0,0.0,0.1,0.0,0.0,0.0,975.0,0.0,0.0,0.0,0.0,0.0,0.0,0.0,0.0,0.0,0.0,0.0500000007450581,no_change,2026-08-19T09:38:48,0.0,0.0
SPXW,2026-08-21,0,Call,8230.0,SPXW260821C08230000,0.0,0.05,0.025,0.1,0.0,0.0,0.0,43.0,0.0,0.0,0.0,0.0,0.0,0.0,0.0,0.0,0.0,0.0,0.025000000372529,down,2026-08-14T15:55:53,0.0,0.0
SPX,2026-08-21,0,Put,8230.0,SPX260821P08230000,0.0,0.0,0.0,0.0,0.0,0.0,0.0,0.0,0.0,0.0,0.0,0.0,0.0,0.0,0.0,0.0,0.0,0.0,576.800018310547,no_change,,0.0,0.0
SPXW,2026-08-21,0,Put,8230.0,SPXW260821P08230000,545.6,567.4,556.5,554.78,-21.22,-3.68403,4.0,0.0,0.0,-1.0,0.0,0.0,0.0,0.0,557.0262,562.95,562.95,554.78,576.0,no_change,2026-08-21T13:40:11,0.0,0.0
SPX,2026-08-21,0,Call,8240.0,SPX260821C08240000,0.0,0.0,0.0,0.1,0.0,0.0,0.0,5.0,0.0,0.0,0.0,0.0,0.0,0.0,0.0,0.0,0.0,0.0,0.0500000007450581,down,2026-08-19T09:38:48,0.0,0.0
SPXW,2026-08-21,0,Call,8240.0,SPXW260821C08240000,0.0,0.05,0.025,0.15,0.0,0.0,0.0,32.0,0.0,0.0,0.0,0.0,0.0,0.0,0.0,0.0,0.0,0.0,0.025000000372529,down,2026-08-14T15:50:18,0.0,0.0
SPX,2026-08-21,0,Put,8240.0,SPX260821P08240000,0.0,0.0,0.0,0.0,0.0,0.0,0.0,0.0,0.0,0.0,0.0,0.0,0.0,0.0,0.0,0.0,0.0,0.0,585.600006103516,no_change,,0.0,0.0
SPXW,2026-08-21,0,Put,8240.0,SPXW260821P08240000,555.6,574.5,565.05,564.01,-22.19,-3.7854,1.0,1.0,0.0,-1.0,0.0,0.0,0.0,0.0,567.0262,564.01,564.01,564.01,586.200012207031,up,2026-08-21T13:34:35,0.0,0.0
SPX,2026-08-21,0,Call,8250.0,SPX260821C08250000,0.0,0.0,0.0,0.1,0.0,0.0,0.0,6758.0,0.0,0.0,0.0,0.0,0.0,0.0,0.0,0.0,0.0,0.0,0.025000000372529,no_change,2026-08-19T11:17:33,0.0,0.0
SPXW,2026-08-21,0,Call,8250.0,SPXW260821C08250000,0.0,0.05,0.025,0.1,0.0,0.0,0.0,386.0,0.0,0.0,0.0,0.0,0.0,0.0,0.0,0.0,0.0,0.0,0.025000000372529,no_change,2026-08-19T11:16:58,0.0,0.0
SPX,2026-08-21,0,Put,8250.0,SPX260821P08250000,0.0,0.0,0.0,507.2,0.0,0.0,0.0,24.0,0.0,0.0,0.0,0.0,0.0,0.0,0.0,0.0,0.0,0.0,596.550018310547,down,2026-08-19T11:03:13,0.0,0.0
SPXW,2026-08-21,0,Put,8250.0,SPXW260821P08250000,565.6,585.8,575.7,525.55,0.0,0.0,0.0,2.0,0.0,-1.0,0.0,0.0,0.0,0.0,577.0262,0.0,0.0,0.0,596.25,down,2026-08-19T09:59:05,0.0,0.0
SPX,2026-08-21,0,Call,8260.0,SPX260821C08260000,0.0,0.0,0.0,0.1,0.0,0.0,0.0,6.0,0.0,0.0,0.0,0.0,0.0,0.0,0.0,0.0,0.0,0.0,0.0500000007450581,no_change,2026-08-19T09:38:48,0.0,0.0
SPXW,2026-08-21,0,Call,8260.0,SPXW260821C08260000,0.0,0.05,0.025,0.13,0.0,0.0,0.0,1041.0,0.0,0.0,0.0,0.0,0.0,0.0,0.0,0.0,0.0,0.0,0.025000000372529,no_change,2026-08-17T10:17:15,0.0,0.0
SPX,2026-08-21,0,Put,8260.0,SPX260821P08260000,0.0,0.0,0.0,0.0,0.0,0.0,0.0,0.0,0.0,0.0,0.0,0.0,0.0,0.0,0.0,0.0,0.0,0.0,605.699981689453,no_change,,0.0,0.0
SPXW,2026-08-21,0,Put,8260.0,SPXW260821P08260000,575.6,596.5,586.05,0.0,0.0,0.0,0.0,0.0,0.0,-1.0,0.0,0.0,0.0,0.0,587.0262,0.0,0.0,0.0,606.150024414062,no_change,,0.0,0.0
SPX,2026-08-21,0,Call,8270.0,SPX260821C08270000,0.0,0.0,0.0,0.1,0.0,0.0,0.0,5.0,0.0,0.0,0.0,0.0,0.0,0.0,0.0,0.0,0.0,0.0,0.0500000007450581,no_change,2026-08-19T09:38:49,0.0,0.0
SPXW,2026-08-21,0,Call,8270.0,SPXW260821C08270000,0.0,0.05,0.025,0.1,0.0,0.0,0.0,38.0,0.0,0.0,0.0,0.0,0.0,0.0,0.0,0.0,0.0,0.0,0.025000000372529,no_change,2026-08-14T15:52:17,0.0,0.0
SPX,2026-08-21,0,Put,8270.0,SPX260821P08270000,0.0,0.0,0.0,0.0,0.0,0.0,0.0,0.0,0.0,0.0,0.0,0.0,0.0,0.0,0.0,0.0,0.0,0.0,615.600006103516,no_change,,0.0,0.0
SPXW,2026-08-21,0,Put,8270.0,SPXW260821P08270000,585.6,604.5,595.05,0.0,0.0,0.0,0.0,0.0,0.0,-1.0,0.0,0.0,0.0,0.0,597.0262,0.0,0.0,0.0,616.150024414062,no_change,,0.0,0.0
SPX,2026-08-21,0,Call,8275.0,SPX260821C08275000,0.0,0.0,0.0,0.1,0.0,0.0,0.0,1948.0,0.0,0.0,0.0,0.0,0.0,0.0,0.0,0.0,0.0,0.0,0.025000000372529,no_change,2026-08-19T13:13:57,0.0,0.0
SPXW,2026-08-21,0,Call,8275.0,SPXW260821C08275000,0.0,0.05,0.025,0.1,0.0,0.0,0.0,63.0,0.0,0.0,0.0,0.0,0.0,0.0,0.0,0.0,0.0,0.0,0.025000000372529,down,2026-08-14T15:52:15,0.0,0.0
SPX,2026-08-21,0,Put,8275.0,SPX260821P08275000,0.0,0.0,0.0,0.0,0.0,0.0,0.0,0.0,0.0,0.0,0.0,0.0,0.0,0.0,0.0,0.0,0.0,0.0,621.899993896484,no_change,,0.0,0.0
SPXW,2026-08-21,0,Put,8275.0,SPXW260821P08275000,590.6,612.4,601.5,0.0,0.0,0.0,0.0,0.0,0.0,-1.0,0.0,0.0,0.0,0.0,602.0262,0.0,0.0,0.0,620.950012207031,no_change,,0.0,0.0
SPX,2026-08-21,0,Call,8280.0,SPX260821C08280000,0.0,0.0,0.0,0.1,0.0,0.0,0.0,14.0,0.0,0.0,0.0,0.0,0.0,0.0,0.0,0.0,0.0,0.0,0.0500000007450581,no_change,2026-08-19T09:48:14,0.0,0.0
SPXW,2026-08-21,0,Call,8280.0,SPXW260821C08280000,0.0,0.05,0.025,0.15,0.0,0.0,0.0,42.0,0.0,0.0,0.0,0.0,0.0,0.0,0.0,0.0,0.0,0.0,0.025000000372529,no_change,2026-08-17T10:49:50,0.0,0.0
SPX,2026-08-21,0,Put,8280.0,SPX260821P08280000,0.0,0.0,0.0,0.0,0.0,0.0,0.0,0.0,0.0,0.0,0.0,0.0,0.0,0.0,0.0,0.0,0.0,0.0,626.949981689453,no_change,,0.0,0.0
SPXW,2026-08-21,0,Put,8280.0,SPXW260821P08280000,595.6,616.8,606.2,0.0,0.0,0.0,0.0,0.0,0.0,-1.0,0.0,0.0,0.0,0.0,607.0262,0.0,0.0,0.0,626.200012207031,no_change,,0.0,0.0
SPX,2026-08-21,0,Call,8290.0,SPX260821C08290000,0.0,0.0,0.0,0.1,0.0,0.0,0.0,27.0,0.0,0.0,0.0,0.0,0.0,0.0,0.0,0.0,0.0,0.0,0.0500000007450581,no_change,2026-08-19T09:48:17,0.0,0.0
SPXW,2026-08-21,0,Call,8290.0,SPXW260821C08290000,0.0,0.05,0.025,0.1,0.0,0.0,0.0,89.0,0.0,0.0,0.0,0.0,0.0,0.0,0.0,0.0,0.0,0.0,0.025000000372529,no_change,2026-08-17T15:58:21,0.0,0.0
SPX,2026-08-21,0,Put,8290.0,SPX260821P08290000,0.0,0.0,0.0,0.0,0.0,0.0,0.0,0.0,0.0,0.0,0.0,0.0,0.0,0.0,0.0,0.0,0.0,0.0,636.550018310547,no_change,,0.0,0.0
SPXW,2026-08-21,0,Put,8290.0,SPXW260821P08290000,605.6,626.8,616.2,0.0,0.0,0.0,0.0,0.0,0.0,-1.0,0.0,0.0,0.0,0.0,617.0262,0.0,0.0,0.0,636.200012207031,no_change,,0.0,0.0
SPX,2026-08-21,0,Call,8300.0,SPX260821C08300000,0.0,0.0,0.0,0.05,0.0,0.0,0.0,7062.0,0.0,0.0,0.0,0.0,0.0,0.0,0.0,0.0,0.0,0.0,0.025000000372529,no_change,2026-08-19T14:42:28,0.0,0.0
SPXW,2026-08-21,0,Call,8300.0,SPXW260821C08300000,0.0,0.05,0.025,0.03,0.0,0.0,0.0,871.0,0.0,0.0,0.0,0.0,0.0,0.0,0.0,0.0,0.0,0.0,0.025000000372529,no_change,2026-08-20T11:10:44,0.0,0.0
SPX,2026-08-21,0,Put,8300.0,SPX260821P08300000,0.0,0.0,0.0,649.0,0.0,0.0,0.0,6.0,0.0,0.0,0.0,0.0,0.0,0.0,0.0,0.0,0.0,0.0,648.700012207031,up,2026-08-20T15:55:15,0.0,0.0
SPXW,2026-08-21,0,Put,8300.0,SPXW260821P08300000,615.6,634.5,625.05,680.2,0.0,0.0,0.0,1.0,0.0,-1.0,0.0,0.0,0.0,0.0,627.0262,0.0,0.0,0.0,646.200012207031,up,2026-06-03T11:26:53,0.0,0.0
SPX,2026-08-21,0,Call,8310.0,SPX260821C08310000,0.0,0.0,0.0,0.07,0.0,0.0,0.0,64.0,0.0,0.0,0.0,0.0,0.0,0.0,0.0,0.0,0.0,0.0,0.025000000372529,down,2026-08-19T13:00:23,0.0,0.0
SPXW,2026-08-21,0,Call,8310.0,SPXW260821C08310000,0.0,0.05,0.025,0.1,0.0,0.0,0.0,65.0,0.0,0.0,0.0,0.0,0.0,0.0,0.0,0.0,0.0,0.0,0.025000000372529,no_change,2026-08-19T10:56:18,0.0,0.0
SPX,2026-08-21,0,Put,8310.0,SPX260821P08310000,0.0,0.0,0.0,0.0,0.0,0.0,0.0,0.0,0.0,0.0,0.0,0.0,0.0,0.0,0.0,0.0,0.0,0.0,656.949981689453,no_change,,0.0,0.0
SPXW,2026-08-21,0,Put,8310.0,SPXW260821P08310000,625.6,647.0,636.3,0.0,0.0,0.0,0.0,0.0,0.0,-1.0,0.0,0.0,0.0,0.0,637.0262,0.0,0.0,0.0,656.150024414062,no_change,,0.0,0.0
SPX,2026-08-21,0,Call,8320.0,SPX260821C08320000,0.0,0.0,0.0,0.3,0.0,0.0,0.0,5.0,0.0,0.0,0.0,0.0,0.0,0.0,0.0,0.0,0.0,0.0,0.025000000372529,up,2026-08-13T09:34:42,0.0,0.0
SPXW,2026-08-21,0,Call,8320.0,SPXW260821C08320000,0.0,0.05,0.025,0.1,0.0,0.0,0.0,94.0,0.0,0.0,0.0,0.0,0.0,0.0,0.0,0.0,0.0,0.0,0.025000000372529,no_change,2026-08-14T15:52:14,0.0,0.0
SPX,2026-08-21,0,Put,8320.0,SPX260821P08320000,0.0,0.0,0.0,0.0,0.0,0.0,0.0,0.0,0.0,0.0,0.0,0.0,0.0,0.0,0.0,0.0,0.0,0.0,666.949981689453,no_change,,0.0,0.0
SPXW,2026-08-21,0,Put,8320.0,SPXW260821P08320000,635.6,657.0,646.3,0.0,0.0,0.0,0.0,0.0,0.0,-1.0,0.0,0.0,0.0,0.0,647.0262,0.0,0.0,0.0,665.950012207031,no_change,,0.0,0.0
SPX,2026-08-21,0,Call,8325.0,SPX260821C08325000,0.0,0.0,0.0,0.05,0.0,0.0,0.0,540.0,0.0,0.0,0.0,0.0,0.0,0.0,0.0,0.0,0.0,0.0,0.025000000372529,no_change,2026-08-19T15:54:29,0.0,0.0
SPXW,2026-08-21,0,Call,8325.0,SPXW260821C08325000,0.0,0.05,0.025,0.1,0.0,0.0,0.0,118.0,0.0,0.0,0.0,0.0,0.0,0.0,0.0,0.0,0.0,0.0,0.025000000372529,no_change,2026-08-14T15:52:14,0.0,0.0
SPX,2026-08-21,0,Put,8325.0,SPX260821P08325000,0.0,0.0,0.0,767.42,0.0,0.0,0.0,1.0,0.0,0.0,0.0,0.0,0.0,0.0,0.0,0.0,0.0,0.0,671.850006103516,down,2026-06-18T13:31:30,0.0,0.0
SPXW,2026-08-21,0,Put,8325.0,SPXW260821P08325000,640.6,659.4,650.0,0.0,0.0,0.0,0.0,0.0,0.0,-1.0,0.0,0.0,0.0,0.0,652.0262,0.0,0.0,0.0,670.950012207031,no_change,,0.0,0.0
SPX,2026-08-21,0,Call,8330.0,SPX260821C08330000,0.0,0.0,0.0,0.45,0.0,0.0,0.0,290.0,0.0,0.0,0.0,0.0,0.0,0.0,0.0,0.0,0.0,0.0,0.025000000372529,no_change,2026-08-13T15:01:02,0.0,0.0
SPXW,2026-08-21,0,Call,8330.0,SPXW260821C08330000,0.0,0.05,0.025,0.1,0.0,0.0,0.0,124.0,0.0,0.0,0.0,0.0,0.0,0.0,0.0,0.0,0.0,0.0,0.025000000372529,no_change,2026-08-14T15:52:11,0.0,0.0
SPX,2026-08-21,0,Put,8330.0,SPX260821P08330000,0.0,0.0,0.0,0.0,0.0,0.0,0.0,0.0,0.0,0.0,0.0,0.0,0.0,0.0,0.0,0.0,0.0,0.0,676.850006103516,no_change,,0.0,0.0
SPXW,2026-08-21,0,Put,8330.0,SPXW260821P08330000,645.6,664.5,655.05,0.0,0.0,0.0,0.0,0.0,0.0,-1.0,0.0,0.0,0.0,0.0,657.0262,0.0,0.0,0.0,676.200012207031,no_change,,0.0,0.0
SPX,2026-08-21,0,Call,8340.0,SPX260821C08340000,0.0,0.0,0.0,0.0,0.0,0.0,0.0,0.0,0.0,0.0,0.0,0.0,0.0,0.0,0.0,0.0,0.0,0.0,0.025000000372529,no_change,,0.0,0.0
SPXW,2026-08-21,0,Call,8340.0,SPXW260821C08340000,0.0,0.05,0.025,0.1,0.0,0.0,0.0,124.0,0.0,0.0,0.0,0.0,0.0,0.0,0.0,0.0,0.0,0.0,0.025000000372529,no_change,2026-08-14T15:51:58,0.0,0.0
SPX,2026-08-21,0,Put,8340.0,SPX260821P08340000,0.0,0.0,0.0,0.0,0.0,0.0,0.0,0.0,0.0,0.0,0.0,0.0,0.0,0.0,0.0,0.0,0.0,0.0,686.800018310547,no_change,,0.0,0.0
SPXW,2026-08-21,0,Put,8340.0,SPXW260821P08340000,655.6,677.0,666.3,0.0,0.0,0.0,0.0,0.0,0.0,-1.0,0.0,0.0,0.0,0.0,667.0262,0.0,0.0,0.0,685.75,no_change,,0.0,0.0
SPX,2026-08-21,0,Call,8350.0,SPX260821C08350000,0.0,0.0,0.0,0.05,0.0,0.0,0.0,1223.0,0.0,0.0,0.0,0.0,0.0,0.0,0.0,0.0,0.0,0.0,0.025000000372529,no_change,2026-08-19T15:04:28,0.0,0.0
SPXW,2026-08-21,0,Call,8350.0,SPXW260821C08350000,0.0,0.05,0.025,0.07,0.0,0.0,0.0,194.0,0.0,0.0,0.0,0.0,0.0,0.0,0.0,0.0,0.0,0.0,0.025000000372529,down,2026-08-18T14:18:17,0.0,0.0
SPX,2026-08-21,0,Put,8350.0,SPX260821P08350000,0.0,0.0,0.0,961.49,0.0,0.0,0.0,8.0,0.0,0.0,0.0,0.0,0.0,0.0,0.0,0.0,0.0,0.0,696.899993896484,up,2026-07-30T11:31:12,0.0,0.0
SPXW,2026-08-21,0,Put,8350.0,SPXW260821P08350000,665.6,686.3,675.95,0.0,0.0,0.0,0.0,0.0,0.0,-1.0,0.0,0.0,0.0,0.0,677.0262,0.0,0.0,0.0,695.75,no_change,,0.0,0.0
SPX,2026-08-21,0,Call,8360.0,SPX260821C08360000,0.0,0.0,0.0,0.0,0.0,0.0,0.0,0.0,0.0,0.0,0.0,0.0,0.0,0.0,0.0,0.0,0.0,0.0,0.025000000372529,no_change,,0.0,0.0
SPXW,2026-08-21,0,Call,8360.0,SPXW260821C08360000,0.0,0.05,0.025,0.15,0.0,0.0,0.0,1132.0,0.0,0.0,0.0,0.0,0.0,0.0,0.0,0.0,0.0,0.0,0.025000000372529,no_change,2026-08-14T15:50:20,0.0,0.0
SPX,2026-08-21,0,Put,8360.0,SPX260821P08360000,0.0,0.0,0.0,0.0,0.0,0.0,0.0,0.0,0.0,0.0,0.0,0.0,0.0,0.0,0.0,0.0,0.0,0.0,706.899993896484,no_change,,0.0,0.0
SPXW,2026-08-21,0,Put,8360.0,SPXW260821P08360000,675.6,697.0,686.3,0.0,0.0,0.0,0.0,0.0,0.0,-1.0,0.0,0.0,0.0,0.0,687.0262,0.0,0.0,0.0,705.850006103516,no_change,,0.0,0.0
SPX,2026-08-21,0,Call,8370.0,SPX260821C08370000,0.0,0.0,0.0,0.05,0.0,0.0,0.0,30.0,0.0,0.0,0.0,0.0,0.0,0.0,0.0,0.0,0.0,0.0,0.025000000372529,no_change,2026-08-19T13:21:31,0.0,0.0
SPXW,2026-08-21,0,Call,8370.0,SPXW260821C08370000,0.0,0.05,0.025,0.15,0.0,0.0,0.0,7.0,0.0,0.0,0.0,0.0,0.0,0.0,0.0,0.0,0.0,0.0,0.025000000372529,up,2026-08-14T15:34:13,0.0,0.0
SPX,2026-08-21,0,Put,8370.0,SPX260821P08370000,0.0,0.0,0.0,0.0,0.0,0.0,0.0,0.0,0.0,0.0,0.0,0.0,0.0,0.0,0.0,0.0,0.0,0.0,716.899993896484,no_change,,0.0,0.0
SPXW,2026-08-21,0,Put,8370.0,SPXW260821P08370000,685.6,704.5,695.05,0.0,0.0,0.0,0.0,0.0,0.0,-1.0,0.0,0.0,0.0,0.0,697.0262,0.0,0.0,0.0,715.900024414062,no_change,,0.0,0.0
SPX,2026-08-21,0,Call,8375.0,SPX260821C08375000,0.0,0.0,0.0,0.2,0.0,0.0,0.0,2269.0,0.0,0.0,0.0,0.0,0.0,0.0,0.0,0.0,0.0,0.0,0.025000000372529,no_change,2026-08-14T14:06:14,0.0,0.0
SPXW,2026-08-21,0,Call,8375.0,SPXW260821C08375000,0.0,0.05,0.025,0.1,0.0,0.0,0.0,66.0,0.0,0.0,0.0,0.0,0.0,0.0,0.0,0.0,0.0,0.0,0.025000000372529,down,2026-08-17T15:11:24,0.0,0.0
SPX,2026-08-21,0,Put,8375.0,SPX260821P08375000,0.0,0.0,0.0,0.0,0.0,0.0,0.0,0.0,0.0,0.0,0.0,0.0,0.0,0.0,0.0,0.0,0.0,0.0,721.700012207031,no_change,,0.0,0.0
SPXW,2026-08-21,0,Put,8375.0,SPXW260821P08375000,690.6,712.4,701.5,617.41,0.0,0.0,0.0,1.0,0.0,-1.0,0.0,0.0,0.0,0.0,702.0262,0.0,0.0,0.0,720.900024414062,down,2026-08-10T14:10:15,0.0,0.0
SPX,2026-08-21,0,Call,8380.0,SPX260821C08380000,0.0,0.0,0.0,0.05,0.0,0.0,0.0,20.0,0.0,0.0,0.0,0.0,0.0,0.0,0.0,0.0,0.0,0.0,0.025000000372529,down,2026-08-19T13:21:48,0.0,0.0
SPXW,2026-08-21,0,Call,8380.0,SPXW260821C08380000,0.0,0.05,0.025,0.1,0.0,0.0,0.0,14.0,0.0,0.0,0.0,0.0,0.0,0.0,0.0,0.0,0.0,0.0,0.025000000372529,no_change,2026-08-19T11:11:39,0.0,0.0
SPX,2026-08-21,0,Put,8380.0,SPX260821P08380000,0.0,0.0,0.0,0.0,0.0,0.0,0.0,0.0,0.0,0.0,0.0,0.0,0.0,0.0,0.0,0.0,0.0,0.0,726.899993896484,no_change,,0.0,0.0
SPXW,2026-08-21,0,Put,8380.0,SPXW260821P08380000,695.6,717.0,706.3,0.0,0.0,0.0,0.0,0.0,0.0,-1.0,0.0,0.0,0.0,0.0,707.0262,0.0,0.0,0.0,726.200012207031,no_change,,0.0,0.0
SPX,2026-08-21,0,Call,8390.0,SPX260821C08390000,0.0,0.0,0.0,0.05,0.0,0.0,0.0,10.0,0.0,0.0,0.0,0.0,0.0,0.0,0.0,0.0,0.0,0.0,0.025000000372529,down,2026-08-19T13:22:22,0.0,0.0
SPXW,2026-08-21,0,Call,8390.0,SPXW260821C08390000,0.0,0.05,0.025,0.05,0.0,0.0,0.0,82.0,0.0,0.0,0.0,0.0,0.0,0.0,0.0,0.0,0.0,0.0,0.025000000372529,no_change,2026-08-19T14:14:33,0.0,0.0
SPX,2026-08-21,0,Put,8390.0,SPX260821P08390000,0.0,0.0,0.0,0.0,0.0,0.0,0.0,0.0,0.0,0.0,0.0,0.0,0.0,0.0,0.0,0.0,0.0,0.0,736.849975585938,no_change,,0.0,0.0
SPXW,2026-08-21,0,Put,8390.0,SPXW260821P08390000,705.6,727.0,716.3,0.0,0.0,0.0,0.0,0.0,0.0,-1.0,0.0,0.0,0.0,0.0,717.0262,0.0,0.0,0.0,736.200012207031,no_change,,0.0,0.0
SPX,2026-08-21,0,Call,8400.0,SPX260821C08400000,0.0,0.0,0.0,0.05,0.0,0.0,0.0,19302.0,0.0,0.0,0.0,0.0,0.0,0.0,0.0,0.0,0.0,0.0,0.025000000372529,down,2026-08-18T15:27:04,0.0,0.0
SPXW,2026-08-21,0,Call,8400.0,SPXW260821C08400000,0.0,0.05,0.025,0.05,0.0,0.0,0.0,1467.0,0.0,0.0,0.0,0.0,0.0,0.0,0.0,0.0,0.0,0.0,0.025000000372529,no_change,2026-08-19T12:57:12,0.0,0.0
SPX,2026-08-21,0,Put,8400.0,SPX260821P08400000,0.0,0.0,0.0,885.85,0.0,0.0,0.0,3.0,0.0,0.0,0.0,0.0,0.0,0.0,0.0,0.0,0.0,0.0,746.649993896484,down,2026-07-17T12:46:37,0.0,0.0
SPXW,2026-08-21,0,Put,8400.0,SPXW260821P08400000,715.6,737.4,726.5,0.0,0.0,0.0,0.0,0.0,0.0,-1.0,0.0,0.0,0.0,0.0,727.0262,0.0,0.0,0.0,746.200012207031,no_change,,0.0,0.0
SPX,2026-08-21,0,Call,8410.0,SPX260821C08410000,0.0,0.0,0.0,0.0,0.0,0.0,0.0,0.0,0.0,0.0,0.0,0.0,0.0,0.0,0.0,0.0,0.0,0.0,0.025000000372529,no_change,,0.0,0.0
SPXW,2026-08-21,0,Call,8410.0,SPXW260821C08410000,0.0,0.05,0.025,0.05,0.0,0.0,0.0,3.0,0.0,0.0,0.0,0.0,0.0,0.0,0.0,0.0,0.0,0.0,0.025000000372529,down,2026-08-18T10:02:12,0.0,0.0
SPX,2026-08-21,0,Put,8410.0,SPX260821P08410000,0.0,0.0,0.0,0.0,0.0,0.0,0.0,0.0,0.0,0.0,0.0,0.0,0.0,0.0,0.0,0.0,0.0,0.0,756.700012207031,no_change,,0.0,0.0
SPXW,2026-08-21,0,Put,8410.0,SPXW260821P08410000,725.6,747.0,736.3,0.0,0.0,0.0,0.0,0.0,0.0,-1.0,0.0,0.0,0.0,0.0,737.0262,0.0,0.0,0.0,756.100006103516,no_change,,0.0,0.0
SPX,2026-08-21,0,Call,8420.0,SPX260821C08420000,0.0,0.0,0.0,0.0,0.0,0.0,0.0,0.0,0.0,0.0,0.0,0.0,0.0,0.0,0.0,0.0,0.0,0.0,0.025000000372529,no_change,,0.0,0.0
SPXW,2026-08-21,0,Call,8420.0,SPXW260821C08420000,0.0,0.05,0.025,0.05,0.0,0.0,0.0,4.0,0.0,0.0,0.0,0.0,0.0,0.0,0.0,0.0,0.0,0.0,0.025000000372529,down,2026-08-19T16:04:04,0.0,0.0
SPX,2026-08-21,0,Put,8420.0,SPX260821P08420000,0.0,0.0,0.0,0.0,0.0,0.0,0.0,0.0,0.0,0.0,0.0,0.0,0.0,0.0,0.0,0.0,0.0,0.0,766.150024414062,no_change,,0.0,0.0
SPXW,2026-08-21,0,Put,8420.0,SPXW260821P08420000,735.6,757.0,746.3,0.0,0.0,0.0,0.0,0.0,0.0,-1.0,0.0,0.0,0.0,0.0,747.0262,0.0,0.0,0.0,766.100006103516,no_change,,0.0,0.0
SPX,2026-08-21,0,Call,8425.0,SPX260821C08425000,0.0,0.0,0.0,0.05,0.0,0.0,0.0,12453.0,0.0,0.0,0.0,0.0,0.0,0.0,0.0,0.0,0.0,0.0,0.025000000372529,down,2026-08-19T11:34:22,0.0,0.0
SPXW,2026-08-21,0,Call,8425.0,SPXW260821C08425000,0.0,0.05,0.025,0.23,0.0,0.0,0.0,28.0,0.0,0.0,0.0,0.0,0.0,0.0,0.0,0.0,0.0,0.0,0.025000000372529,no_change,2026-08-12T11:05:39,0.0,0.0
SPX,2026-08-21,0,Put,8425.0,SPX260821P08425000,0.0,0.0,0.0,926.5,0.0,0.0,0.0,2.0,0.0,0.0,0.0,0.0,0.0,0.0,0.0,0.0,0.0,0.0,771.150024414062,down,2026-07-20T10:18:17,0.0,0.0
SPXW,2026-08-21,0,Put,8425.0,SPXW260821P08425000,740.6,759.5,750.05,0.0,0.0,0.0,0.0,0.0,0.0,-1.0,0.0,0.0,0.0,0.0,752.0262,0.0,0.0,0.0,771.100006103516,no_change,,0.0,0.0
SPX,2026-08-21,0,Call,8430.0,SPX260821C08430000,0.0,0.0,0.0,0.0,0.0,0.0,0.0,0.0,0.0,0.0,0.0,0.0,0.0,0.0,0.0,0.0,0.0,0.0,0.025000000372529,no_change,,0.0,0.0
SPXW,2026-08-21,0,Call,8430.0,SPXW260821C08430000,0.0,0.05,0.025,0.05,0.0,0.0,0.0,72.0,0.0,0.0,0.0,0.0,0.0,0.0,0.0,0.0,0.0,0.0,0.025000000372529,down,2026-08-19T13:59:30,0.0,0.0
SPX,2026-08-21,0,Put,8430.0,SPX260821P08430000,0.0,0.0,0.0,0.0,0.0,0.0,0.0,0.0,0.0,0.0,0.0,0.0,0.0,0.0,0.0,0.0,0.0,0.0,776.799987792969,no_change,,0.0,0.0
SPXW,2026-08-21,0,Put,8430.0,SPXW260821P08430000,745.6,764.5,755.05,0.0,0.0,0.0,0.0,0.0,0.0,-1.0,0.0,0.0,0.0,0.0,757.0262,0.0,0.0,0.0,776.200012207031,no_change,,0.0,0.0
SPX,2026-08-21,0,Call,8440.0,SPX260821C08440000,0.0,0.0,0.0,0.0,0.0,0.0,0.0,0.0,0.0,0.0,0.0,0.0,0.0,0.0,0.0,0.0,0.0,0.0,0.025000000372529,no_change,,0.0,0.0
SPXW,2026-08-21,0,Call,8440.0,SPXW260821C08440000,0.0,0.05,0.025,0.1,0.0,0.0,0.0,68.0,0.0,0.0,0.0,0.0,0.0,0.0,0.0,0.0,0.0,0.0,0.025000000372529,no_change,2026-08-14T15:57:34,0.0,0.0
SPX,2026-08-21,0,Put,8440.0,SPX260821P08440000,0.0,0.0,0.0,0.0,0.0,0.0,0.0,0.0,0.0,0.0,0.0,0.0,0.0,0.0,0.0,0.0,0.0,0.0,786.25,no_change,,0.0,0.0
SPXW,2026-08-21,0,Put,8440.0,SPXW260821P08440000,755.6,774.5,765.05,0.0,0.0,0.0,0.0,0.0,0.0,-1.0,0.0,0.0,0.0,0.0,767.0262,0.0,0.0,0.0,786.100006103516,no_change,,0.0,0.0
SPX,2026-08-21,0,Call,8450.0,SPX260821C08450000,0.0,0.0,0.0,1.3,0.0,0.0,0.0,329.0,0.0,0.0,0.0,0.0,0.0,0.0,0.0,0.0,0.0,0.0,0.025000000372529,down,2026-08-05T10:16:22,0.0,0.0
SPXW,2026-08-21,0,Call,8450.0,SPXW260821C08450000,0.0,0.05,0.025,0.05,0.0,0.0,0.0,168.0,0.0,0.0,0.0,0.0,0.0,0.0,0.0,0.0,0.0,0.0,0.025000000372529,down,2026-08-18T13:16:21,0.0,0.0
SPX,2026-08-21,0,Put,8450.0,SPX260821P08450000,0.0,0.0,0.0,946.67,0.0,0.0,0.0,5.0,0.0,0.0,0.0,0.0,0.0,0.0,0.0,0.0,0.0,0.0,796.899993896484,down,2026-07-17T11:44:27,0.0,0.0
SPXW,2026-08-21,0,Put,8450.0,SPXW260821P08450000,765.6,784.5,775.05,936.15,0.0,0.0,0.0,1.0,0.0,-1.0,0.0,0.0,0.0,0.0,777.0262,0.0,0.0,0.0,796.100006103516,up,2026-07-17T13:23:28,0.0,0.0
SPX,2026-08-21,0,Call,8460.0,SPX260821C08460000,0.0,0.0,0.0,0.0,0.0,0.0,0.0,0.0,0.0,0.0,0.0,0.0,0.0,0.0,0.0,0.0,0.0,0.0,0.025000000372529,no_change,,0.0,0.0
SPXW,2026-08-21,0,Call,8460.0,SPXW260821C08460000,0.0,0.05,0.025,0.05,0.0,0.0,0.0,211.0,0.0,0.0,0.0,0.0,0.0,0.0,0.0,0.0,0.0,0.0,0.025000000372529,down,2026-08-19T13:22:34,0.0,0.0
SPX,2026-08-21,0,Put,8460.0,SPX260821P08460000,0.0,0.0,0.0,0.0,0.0,0.0,0.0,0.0,0.0,0.0,0.0,0.0,0.0,0.0,0.0,0.0,0.0,0.0,806.899993896484,no_change,,0.0,0.0
SPXW,2026-08-21,0,Put,8460.0,SPXW260821P08460000,775.6,794.5,785.05,0.0,0.0,0.0,0.0,0.0,0.0,-1.0,0.0,0.0,0.0,0.0,787.0262,0.0,0.0,0.0,806.200012207031,no_change,,0.0,0.0
SPX,2026-08-21,0,Call,8470.0,SPX260821C08470000,0.0,0.0,0.0,0.0,0.0,0.0,0.0,0.0,0.0,0.0,0.0,0.0,0.0,0.0,0.0,0.0,0.0,0.0,0.025000000372529,no_change,,0.0,0.0
SPXW,2026-08-21,0,Call,8470.0,SPXW260821C08470000,0.0,0.05,0.025,0.1,0.0,0.0,0.0,4.0,0.0,0.0,0.0,0.0,0.0,0.0,0.0,0.0,0.0,0.0,0.025000000372529,down,2026-08-14T15:50:18,0.0,0.0
SPX,2026-08-21,0,Put,8470.0,SPX260821P08470000,0.0,0.0,0.0,0.0,0.0,0.0,0.0,0.0,0.0,0.0,0.0,0.0,0.0,0.0,0.0,0.0,0.0,0.0,816.200012207031,no_change,,0.0,0.0
SPXW,2026-08-21,0,Put,8470.0,SPXW260821P08470000,785.6,804.5,795.05,0.0,0.0,0.0,0.0,0.0,0.0,-1.0,0.0,0.0,0.0,0.0,797.0262,0.0,0.0,0.0,815.900024414062,no_change,,0.0,0.0
SPX,2026-08-21,0,Call,8475.0,SPX260821C08475000,0.0,0.0,0.0,1.42,0.0,0.0,0.0,369.0,0.0,0.0,0.0,0.0,0.0,0.0,0.0,0.0,0.0,0.0,0.025000000372529,up,2026-08-05T09:30:09,0.0,0.0
SPXW,2026-08-21,0,Call,8475.0,SPXW260821C08475000,0.0,0.05,0.025,0.05,0.0,0.0,0.0,216.0,0.0,0.0,0.0,0.0,0.0,0.0,0.0,0.0,0.0,0.0,0.025000000372529,down,2026-08-19T13:36:03,0.0,0.0
SPX,2026-08-21,0,Put,8475.0,SPX260821P08475000,0.0,0.0,0.0,0.0,0.0,0.0,0.0,0.0,0.0,0.0,0.0,0.0,0.0,0.0,0.0,0.0,0.0,0.0,821.200012207031,no_change,,0.0,0.0
SPXW,2026-08-21,0,Put,8475.0,SPXW260821P08475000,790.6,812.0,801.3,806.26,0.0,0.0,0.0,11.0,0.0,-1.0,0.0,0.0,0.0,0.0,802.0262,0.0,0.0,0.0,821.200012207031,up,2026-08-20T13:35:25,0.0,0.0
SPX,2026-08-21,0,Call,8480.0,SPX260821C08480000,0.0,0.0,0.0,0.0,0.0,0.0,0.0,0.0,0.0,0.0,0.0,0.0,0.0,0.0,0.0,0.0,0.0,0.0,0.025000000372529,no_change,,0.0,0.0
SPXW,2026-08-21,0,Call,8480.0,SPXW260821C08480000,0.0,0.05,0.025,0.1,0.0,0.0,0.0,2.0,0.0,0.0,0.0,0.0,0.0,0.0,0.0,0.0,0.0,0.0,0.025000000372529,no_change,2026-08-14T15:50:24,0.0,0.0
SPX,2026-08-21,0,Put,8480.0,SPX260821P08480000,0.0,0.0,0.0,0.0,0.0,0.0,0.0,0.0,0.0,0.0,0.0,0.0,0.0,0.0,0.0,0.0,0.0,0.0,826.850006103516,no_change,,0.0,0.0
SPXW,2026-08-21,0,Put,8480.0,SPXW260821P08480000,795.6,814.5,805.05,0.0,0.0,0.0,0.0,0.0,0.0,-1.0,0.0,0.0,0.0,0.0,807.0262,0.0,0.0,0.0,825.900024414062,no_change,,0.0,0.0
SPX,2026-08-21,0,Call,8490.0,SPX260821C08490000,0.0,0.0,0.0,0.0,0.0,0.0,0.0,0.0,0.0,0.0,0.0,0.0,0.0,0.0,0.0,0.0,0.0,0.0,0.025000000372529,no_change,,0.0,0.0
SPXW,2026-08-21,0,Call,8490.0,SPXW260821C08490000,0.0,0.05,0.025,0.15,0.0,0.0,0.0,2.0,0.0,0.0,0.0,0.0,0.0,0.0,0.0,0.0,0.0,0.0,0.025000000372529,up,2026-08-14T15:46:29,0.0,0.0
SPX,2026-08-21,0,Put,8490.0,SPX260821P08490000,0.0,0.0,0.0,0.0,0.0,0.0,0.0,0.0,0.0,0.0,0.0,0.0,0.0,0.0,0.0,0.0,0.0,0.0,836.850006103516,no_change,,0.0,0.0
SPXW,2026-08-21,0,Put,8490.0,SPXW260821P08490000,805.6,826.5,816.05,755.62,0.0,0.0,0.0,0.0,0.0,-1.0,0.0,0.0,0.0,0.0,817.0262,0.0,0.0,0.0,835.900024414062,up,2026-08-19T12:08:06,0.0,0.0
SPX,2026-08-21,0,Call,8500.0,SPX260821C08500000,0.0,0.0,0.0,0.05,0.0,0.0,0.0,24584.0,0.0,0.0,0.0,0.0,0.0,0.0,0.0,0.0,0.0,0.0,0.025000000372529,no_change,2026-08-17T15:15:43,0.0,0.0
SPXW,2026-08-21,0,Call,8500.0,SPXW260821C08500000,0.0,0.05,0.025,0.05,0.0,0.0,0.0,361.0,0.0,0.0,0.0,0.0,0.0,0.0,0.0,0.0,0.0,0.0,0.025000000372529,no_change,2026-08-18T16:08:02,0.0,0.0
SPX,2026-08-21,0,Put,8500.0,SPX260821P08500000,0.0,0.0,0.0,742.49,0.0,0.0,0.0,14021.0,0.0,0.0,0.0,0.0,0.0,0.0,0.0,0.0,0.0,0.0,846.75,down,2026-08-17T15:06:32,0.0,0.0
SPXW,2026-08-21,0,Put,8500.0,SPXW260821P08500000,815.6,836.5,826.05,0.0,0.0,0.0,0.0,0.0,0.0,-1.0,0.0,0.0,0.0,0.0,827.0262,0.0,0.0,0.0,845.900024414062,no_change,,0.0,0.0
SPX,2026-08-21,0,Call,8510.0,SPX260821C08510000,0.0,0.0,0.0,0.0,0.0,0.0,0.0,0.0,0.0,0.0,0.0,0.0,0.0,0.0,0.0,0.0,0.0,0.0,0.025000000372529,no_change,,0.0,0.0
SPXW,2026-08-21,0,Call,8510.0,SPXW260821C08510000,0.0,0.05,0.025,0.1,0.0,0.0,0.0,1.0,0.0,0.0,0.0,0.0,0.0,0.0,0.0,0.0,0.0,0.0,0.025000000372529,down,2026-08-14T15:34:18,0.0,0.0
SPX,2026-08-21,0,Put,8510.0,SPX260821P08510000,0.0,0.0,0.0,0.0,0.0,0.0,0.0,0.0,0.0,0.0,0.0,0.0,0.0,0.0,0.0,0.0,0.0,0.0,856.799987792969,no_change,,0.0,0.0
SPXW,2026-08-21,0,Put,8510.0,SPXW260821P08510000,825.6,844.6,835.1,841.13,0.0,0.0,0.0,11.0,0.0,-1.0,0.0,0.0,0.0,0.0,837.0262,0.0,0.0,0.0,855.850006103516,up,2026-08-20T13:35:25,0.0,0.0
SPX,2026-08-21,0,Call,8520.0,SPX260821C08520000,0.0,0.0,0.0,0.0,0.0,0.0,0.0,0.0,0.0,0.0,0.0,0.0,0.0,0.0,0.0,0.0,0.0,0.0,0.025000000372529,no_change,,0.0,0.0
SPXW,2026-08-21,0,Call,8520.0,SPXW260821C08520000,0.0,0.05,0.025,0.1,0.0,0.0,0.0,4.0,0.0,0.0,0.0,0.0,0.0,0.0,0.0,0.0,0.0,0.0,0.025000000372529,no_change,2026-08-14T15:50:13,0.0,0.0
SPX,2026-08-21,0,Put,8520.0,SPX260821P08520000,0.0,0.0,0.0,0.0,0.0,0.0,0.0,0.0,0.0,0.0,0.0,0.0,0.0,0.0,0.0,0.0,0.0,0.0,866.799987792969,no_change,,0.0,0.0
SPXW,2026-08-21,0,Put,8520.0,SPXW260821P08520000,835.6,854.6,845.1,785.39,0.0,0.0,0.0,0.0,0.0,-1.0,0.0,0.0,0.0,0.0,847.0262,0.0,0.0,0.0,866.0,up,2026-08-19T12:08:06,0.0,0.0
SPX,2026-08-21,0,Call,8525.0,SPX260821C08525000,0.0,0.0,0.0,0.15,0.0,0.0,0.0,2327.0,0.0,0.0,0.0,0.0,0.0,0.0,0.0,0.0,0.0,0.0,0.025000000372529,down,2026-08-14T12:09:20,0.0,0.0
SPXW,2026-08-21,0,Call,8525.0,SPXW260821C08525000,0.0,0.05,0.025,0.1,0.0,0.0,0.0,20.0,0.0,0.0,0.0,0.0,0.0,0.0,0.0,0.0,0.0,0.0,0.025000000372529,no_change,2026-08-14T15:34:19,0.0,0.0
SPX,2026-08-21,0,Put,8525.0,SPX260821P08525000,0.0,0.0,0.0,1021.64,0.0,0.0,0.0,22.0,0.0,0.0,0.0,0.0,0.0,0.0,0.0,0.0,0.0,0.0,871.100006103516,down,2026-07-17T11:46:41,0.0,0.0
SPXW,2026-08-21,0,Put,8525.0,SPXW260821P08525000,840.6,862.0,851.3,0.0,0.0,0.0,0.0,0.0,0.0,-1.0,0.0,0.0,0.0,0.0,852.0262,0.0,0.0,0.0,871.100006103516,no_change,,0.0,0.0
SPX,2026-08-21,0,Call,8550.0,SPX260821C08550000,0.0,0.0,0.0,0.15,0.0,0.0,0.0,304.0,0.0,0.0,0.0,0.0,0.0,0.0,0.0,0.0,0.0,0.0,0.025000000372529,no_change,2026-08-14T12:11:04,0.0,0.0
SPXW,2026-08-21,0,Call,8550.0,SPXW260821C08550000,0.0,0.05,0.025,0.05,0.0,0.0,0.0,197.0,0.0,0.0,0.0,0.0,0.0,0.0,0.0,0.0,0.0,0.0,0.025000000372529,down,2026-08-17T14:09:04,0.0,0.0
SPX,2026-08-21,0,Put,8550.0,SPX260821P08550000,0.0,0.0,0.0,1046.83,0.0,0.0,0.0,4.0,0.0,0.0,0.0,0.0,0.0,0.0,0.0,0.0,0.0,0.0,896.649993896484,down,2026-07-17T11:46:41,0.0,0.0
SPXW,2026-08-21,0,Put,8550.0,SPXW260821P08550000,865.6,886.4,876.0,792.13,0.0,0.0,0.0,1.0,0.0,-1.0,0.0,0.0,0.0,0.0,877.0262,0.0,0.0,0.0,895.850006103516,down,2026-08-10T14:10:15,0.0,0.0
SPX,2026-08-21,0,Call,8575.0,SPX260821C08575000,0.0,0.0,0.0,0.15,0.0,0.0,0.0,311.0,0.0,0.0,0.0,0.0,0.0,0.0,0.0,0.0,0.0,0.0,0.025000000372529,down,2026-08-14T12:09:08,0.0,0.0
SPXW,2026-08-21,0,Call,8575.0,SPXW260821C08575000,0.0,0.05,0.025,0.05,0.0,0.0,0.0,5.0,0.0,0.0,0.0,0.0,0.0,0.0,0.0,0.0,0.0,0.0,0.025000000372529,down,2026-08-17T13:34:56,0.0,0.0
SPX,2026-08-21,0,Put,8575.0,SPX260821P08575000,0.0,0.0,0.0,0.0,0.0,0.0,0.0,0.0,0.0,0.0,0.0,0.0,0.0,0.0,0.0,0.0,0.0,0.0,921.75,no_change,,0.0,0.0
SPXW,2026-08-21,0,Put,8575.0,SPXW260821P08575000,890.6,909.7,900.1500000000001,0.0,0.0,0.0,0.0,0.0,0.0,-1.0,0.0,0.0,0.0,0.0,902.0262,0.0,0.0,0.0,920.699981689453,no_change,,0.0,0.0
SPX,2026-08-21,0,Call,8600.0,SPX260821C08600000,0.0,0.0,0.0,0.05,0.0,0.0,0.0,191882.0,0.0,0.0,0.0,0.0,0.0,0.0,0.0,0.0,0.0,0.0,0.025000000372529,no_change,2026-08-18T14:41:12,0.0,0.0
SPXW,2026-08-21,0,Call,8600.0,SPXW260821C08600000,0.0,0.05,0.025,0.02,0.0,0.0,0.0,1275.0,0.0,0.0,0.0,0.0,0.0,0.0,0.0,0.0,0.0,0.0,0.025000000372529,down,2026-08-18T14:18:17,0.0,0.0
SPX,2026-08-21,0,Put,8600.0,SPX260821P08600000,0.0,0.0,0.0,1179.88,0.0,0.0,0.0,1.0,0.0,0.0,0.0,0.0,0.0,0.0,0.0,0.0,0.0,0.0,946.75,up,2026-07-27T14:05:31,0.0,0.0
SPXW,2026-08-21,0,Put,8600.0,SPXW260821P08600000,915.6,937.4,926.5,0.0,0.0,0.0,0.0,0.0,0.0,-1.0,0.0,0.0,0.0,0.0,927.0262,0.0,0.0,0.0,945.649993896484,no_change,,0.0,0.0
SPX,2026-08-21,0,Call,8625.0,SPX260821C08625000,0.0,0.0,0.0,0.15,0.0,0.0,0.0,80.0,0.0,0.0,0.0,0.0,0.0,0.0,0.0,0.0,0.0,0.0,0.025000000372529,no_change,2026-08-14T09:56:04,0.0,0.0
SPXW,2026-08-21,0,Call,8625.0,SPXW260821C08625000,0.0,0.05,0.025,0.05,0.0,0.0,0.0,3.0,0.0,0.0,0.0,0.0,0.0,0.0,0.0,0.0,0.0,0.0,0.025000000372529,down,2026-08-17T13:34:48,0.0,0.0
SPX,2026-08-21,0,Put,8625.0,SPX260821P08625000,0.0,0.0,0.0,0.0,0.0,0.0,0.0,0.0,0.0,0.0,0.0,0.0,0.0,0.0,0.0,0.0,0.0,0.0,971.75,no_change,,0.0,0.0
SPXW,2026-08-21,0,Put,8625.0,SPXW260821P08625000,940.6,959.7,950.1500000000001,0.0,0.0,0.0,0.0,0.0,0.0,-1.0,0.0,0.0,0.0,0.0,952.0262,0.0,0.0,0.0,970.449981689453,no_change,,0.0,0.0
SPX,2026-08-21,0,Call,8650.0,SPX260821C08650000,0.0,0.0,0.0,0.15,0.0,0.0,0.0,397.0,0.0,0.0,0.0,0.0,0.0,0.0,0.0,0.0,0.0,0.0,0.025000000372529,down,2026-08-14T09:55:36,0.0,0.0
SPXW,2026-08-21,0,Call,8650.0,SPXW260821C08650000,0.0,0.05,0.025,0.05,0.0,0.0,0.0,207.0,0.0,0.0,0.0,0.0,0.0,0.0,0.0,0.0,0.0,0.0,0.025000000372529,down,2026-08-17T13:14:57,0.0,0.0
SPX,2026-08-21,0,Put,8650.0,SPX260821P08650000,0.0,0.0,0.0,1146.2,0.0,0.0,0.0,5.0,0.0,0.0,0.0,0.0,0.0,0.0,0.0,0.0,0.0,0.0,996.799987792969,up,2026-07-17T11:28:57,0.0,0.0
SPXW,2026-08-21,0,Put,8650.0,SPXW260821P08650000,965.6,986.9,976.25,865.95,0.0,0.0,0.0,28.0,0.0,-1.0,0.0,0.0,0.0,0.0,977.0262,0.0,0.0,0.0,995.699981689453,no_change,2026-08-14T13:09:20,0.0,0.0
SPX,2026-08-21,0,Call,8675.0,SPX260821C08675000,0.0,0.0,0.0,0.05,0.0,0.0,0.0,27.0,0.0,0.0,0.0,0.0,0.0,0.0,0.0,0.0,0.0,0.0,0.025000000372529,down,2026-08-17T13:25:22,0.0,0.0
SPX,2026-08-21,0,Put,8675.0,SPX260821P08675000,0.0,0.0,0.0,0.0,0.0,0.0,0.0,0.0,0.0,0.0,0.0,0.0,0.0,0.0,0.0,0.0,0.0,0.0,1021.69998168945,no_change,,0.0,0.0
SPX,2026-08-21,0,Call,8700.0,SPX260821C08700000,0.0,0.0,0.0,0.6,0.0,0.0,0.0,6574.0,0.0,0.0,0.0,0.0,0.0,0.0,0.0,0.0,0.0,0.0,0.025000000372529,no_change,2026-08-05T10:16:18,0.0,0.0
SPXW,2026-08-21,0,Call,8700.0,SPXW260821C08700000,0.0,0.05,0.025,0.05,0.0,0.0,0.0,124.0,0.0,0.0,0.0,0.0,0.0,0.0,0.0,0.0,0.0,0.0,0.025000000372529,no_change,2026-08-18T10:27:33,0.0,0.0
SPX,2026-08-21,0,Put,8700.0,SPX260821P08700000,0.0,0.0,0.0,1195.39,0.0,0.0,0.0,6.0,0.0,0.0,0.0,0.0,0.0,0.0,0.0,0.0,0.0,0.0,1045.29998779297,up,2026-07-17T11:28:20,0.0,0.0
SPXW,2026-08-21,0,Put,8700.0,SPXW260821P08700000,1015.6,1036.8,1026.2,915.91,0.0,0.0,0.0,28.0,0.0,-1.0,0.0,0.0,0.0,0.0,1027.0262,0.0,0.0,0.0,1045.75,no_change,2026-08-14T13:09:20,0.0,0.0
SPX,2026-08-21,0,Call,8725.0,SPX260821C08725000,0.0,0.0,0.0,0.0,0.0,0.0,0.0,0.0,0.0,0.0,0.0,0.0,0.0,0.0,0.0,0.0,0.0,0.0,0.025000000372529,no_change,,0.0,0.0
SPXW,2026-08-21,0,Call,8725.0,SPXW260821C08725000,0.0,0.05,0.025,0.05,0.0,0.0,0.0,319.0,0.0,0.0,0.0,0.0,0.0,0.0,0.0,0.0,0.0,0.0,0.025000000372529,no_change,2026-08-14T15:28:02,0.0,0.0
SPX,2026-08-21,0,Put,8725.0,SPX260821P08725000,0.0,0.0,0.0,0.0,0.0,0.0,0.0,0.0,0.0,0.0,0.0,0.0,0.0,0.0,0.0,0.0,0.0,0.0,1071.70001220703,no_change,,0.0,0.0
SPXW,2026-08-21,0,Put,8725.0,SPXW260821P08725000,1040.6,1059.6,1050.1,0.0,0.0,0.0,0.0,0.0,0.0,-1.0,0.0,0.0,0.0,0.0,1052.0262,0.0,0.0,0.0,1071.0,no_change,,0.0,0.0
SPX,2026-08-21,0,Call,8750.0,SPX260821C08750000,0.0,0.0,0.0,0.0,0.0,0.0,0.0,0.0,0.0,0.0,0.0,0.0,0.0,0.0,0.0,0.0,0.0,0.0,0.025000000372529,no_change,,0.0,0.0
SPXW,2026-08-21,0,Call,8750.0,SPXW260821C08750000,0.0,0.05,0.025,0.05,0.0,0.0,0.0,4.0,0.0,0.0,0.0,0.0,0.0,0.0,0.0,0.0,0.0,0.0,0.025000000372529,no_change,2026-08-18T10:57:31,0.0,0.0
SPX,2026-08-21,0,Put,8750.0,SPX260821P08750000,0.0,0.0,0.0,0.0,0.0,0.0,0.0,2.0,0.0,0.0,0.0,0.0,0.0,0.0,0.0,0.0,0.0,0.0,1096.70001220703,no_change,,0.0,0.0
SPXW,2026-08-21,0,Put,8750.0,SPXW260821P08750000,1065.6,1086.8,1076.1999999999998,0.0,0.0,0.0,0.0,0.0,0.0,-1.0,0.0,0.0,0.0,0.0,1077.0262,0.0,0.0,0.0,1096.10003662109,no_change,,0.0,0.0
SPX,2026-08-21,0,Call,8775.0,SPX260821C08775000,0.0,0.0,0.0,0.0,0.0,0.0,0.0,0.0,0.0,0.0,0.0,0.0,0.0,0.0,0.0,0.0,0.0,0.0,0.025000000372529,no_change,,0.0,0.0
SPXW,2026-08-21,0,Call,8775.0,SPXW260821C08775000,0.0,0.05,0.025,0.05,0.0,0.0,0.0,100.0,0.0,0.0,0.0,0.0,0.0,0.0,0.0,0.0,0.0,0.0,0.025000000372529,no_change,2026-08-18T09:33:11,0.0,0.0
SPX,2026-08-21,0,Put,8775.0,SPX260821P08775000,0.0,0.0,0.0,0.0,0.0,0.0,0.0,0.0,0.0,0.0,0.0,0.0,0.0,0.0,0.0,0.0,0.0,0.0,1121.75,no_change,,0.0,0.0
SPXW,2026-08-21,0,Put,8775.0,SPXW260821P08775000,1090.6,1109.6,1100.1,0.0,0.0,0.0,0.0,0.0,0.0,-1.0,0.0,0.0,0.0,0.0,1102.0262,0.0,0.0,0.0,1121.0,no_change,,0.0,0.0
SPX,2026-08-21,0,Call,8800.0,SPX260821C08800000,0.0,0.0,0.0,0.05,0.0,0.0,0.0,193684.0,0.0,0.0,0.0,0.0,0.0,0.0,0.0,0.0,0.0,0.0,0.025000000372529,no_change,2026-08-14T16:13:58,0.0,0.0
SPXW,2026-08-21,0,Call,8800.0,SPXW260821C08800000,0.0,0.05,0.025,0.05,0.0,0.0,0.0,1176.0,0.0,0.0,0.0,0.0,0.0,0.0,0.0,0.0,0.0,0.0,0.025000000372529,no_change,2026-08-18T09:32:58,0.0,0.0
SPX,2026-08-21,0,Put,8800.0,SPX260821P08800000,0.0,0.0,0.0,1295.35,0.0,0.0,0.0,9.0,0.0,0.0,0.0,0.0,0.0,0.0,0.0,0.0,0.0,0.0,1147.14996337891,up,2026-07-17T11:42:38,0.0,0.0
SPXW,2026-08-21,0,Put,8800.0,SPXW260821P08800000,1115.6,1134.5,1125.05,1133.2,-12.5,-1.09104,1.0,4.0,0.0,-1.0,0.0,0.0,0.0,0.0,1127.0262,1133.2,1133.2,1133.2,1145.70001220703,up,2026-08-21T09:35:37,0.0,0.0
SPX,2026-08-21,0,Call,8825.0,SPX260821C08825000,0.0,0.0,0.0,0.1,0.0,0.0,0.0,12.0,0.0,0.0,0.0,0.0,0.0,0.0,0.0,0.0,0.0,0.0,0.025000000372529,no_change,2026-08-13T10:28:46,0.0,0.0
SPXW,2026-08-21,0,Call,8825.0,SPXW260821C08825000,0.0,0.05,0.025,0.05,0.0,0.0,0.0,206.0,0.0,0.0,0.0,0.0,0.0,0.0,0.0,0.0,0.0,0.0,0.025000000372529,no_change,2026-08-18T09:55:11,0.0,0.0
SPX,2026-08-21,0,Put,8825.0,SPX260821P08825000,0.0,0.0,0.0,0.0,0.0,0.0,0.0,0.0,0.0,0.0,0.0,0.0,0.0,0.0,0.0,0.0,0.0,0.0,1171.60003662109,no_change,,0.0,0.0
SPXW,2026-08-21,0,Put,8825.0,SPXW260821P08825000,1140.6,1161.8,1151.1999999999998,0.0,0.0,0.0,0.0,0.0,0.0,-1.0,0.0,0.0,0.0,0.0,1152.0262,0.0,0.0,0.0,1170.70001220703,no_change,,0.0,0.0
SPX,2026-08-21,0,Call,8850.0,SPX260821C08850000,0.0,0.0,0.0,0.05,0.0,0.0,0.0,18.0,0.0,0.0,0.0,0.0,0.0,0.0,0.0,0.0,0.0,0.0,0.025000000372529,down,2026-08-14T16:12:07,0.0,0.0
SPXW,2026-08-21,0,Call,8850.0,SPXW260821C08850000,0.0,0.05,0.025,0.05,0.0,0.0,0.0,67.0,0.0,0.0,0.0,0.0,0.0,0.0,0.0,0.0,0.0,0.0,0.025000000372529,no_change,2026-08-17T11:40:06,0.0,0.0
SPX,2026-08-21,0,Put,8850.0,SPX260821P08850000,0.0,0.0,0.0,0.0,0.0,0.0,0.0,0.0,0.0,0.0,0.0,0.0,0.0,0.0,0.0,0.0,0.0,0.0,1196.64996337891,no_change,,0.0,0.0
SPXW,2026-08-21,0,Put,8850.0,SPXW260821P08850000,1165.6,1184.6,1175.1,1127.77,0.0,0.0,0.0,3.0,0.0,-1.0,0.0,0.0,0.0,0.0,1177.0262,0.0,0.0,0.0,1195.70001220703,no_change,2026-08-19T10:00:54,0.0,0.0
SPX,2026-08-21,0,Call,8900.0,SPX260821C08900000,0.0,0.0,0.0,0.05,0.0,0.0,0.0,2683.0,0.0,0.0,0.0,0.0,0.0,0.0,0.0,0.0,0.0,0.0,0.025000000372529,down,2026-08-14T16:11:04,0.0,0.0
SPXW,2026-08-21,0,Call,8900.0,SPXW260821C08900000,0.0,0.05,0.025,0.05,0.0,0.0,0.0,245.0,0.0,0.0,0.0,0.0,0.0,0.0,0.0,0.0,0.0,0.0,0.025000000372529,no_change,2026-08-17T12:25:48,0.0,0.0
SPX,2026-08-21,0,Put,8900.0,SPX260821P08900000,0.0,0.0,0.0,1395.27,0.0,0.0,0.0,16.0,0.0,0.0,0.0,0.0,0.0,0.0,0.0,0.0,0.0,0.0,1246.34997558594,down,2026-07-17T11:28:15,0.0,0.0
SPXW,2026-08-21,0,Put,8900.0,SPXW260821P08900000,1215.6,1236.4,1226.0,0.0,0.0,0.0,0.0,0.0,0.0,-1.0,0.0,0.0,0.0,0.0,1227.0262,0.0,0.0,0.0,1245.70001220703,no_change,,0.0,0.0
SPX,2026-08-21,0,Call,9000.0,SPX260821C09000000,0.0,0.0,0.0,0.05,0.0,0.0,0.0,5636.0,0.0,0.0,0.0,0.0,0.0,0.0,0.0,0.0,0.0,0.0,0.025000000372529,no_change,2026-08-14T16:11:17,0.0,0.0
SPXW,2026-08-21,0,Call,9000.0,SPXW260821C09000000,0.0,0.05,0.025,0.05,0.0,0.0,0.0,339.0,0.0,0.0,0.0,0.0,0.0,0.0,0.0,0.0,0.0,0.0,0.025000000372529,no_change,2026-08-18T10:08:48,0.0,0.0
SPX,2026-08-21,0,Put,9000.0,SPX260821P09000000,0.0,0.0,0.0,1242.01,0.0,0.0,0.0,63.0,0.0,0.0,0.0,0.0,0.0,0.0,0.0,0.0,0.0,0.0,1346.59997558594,down,2026-08-17T15:22:18,0.0,0.0
SPXW,2026-08-21,0,Put,9000.0,SPXW260821P09000000,1315.6,1334.5,1325.05,1422.03,0.0,0.0,0.0,0.0,0.0,-1.0,0.0,0.0,0.0,0.0,1327.0262,0.0,0.0,0.0,1345.89996337891,down,2026-06-22T09:56:41,0.0,0.0
SPX,2026-08-21,0,Call,9100.0,SPX260821C09100000,0.0,0.0,0.0,0.05,0.0,0.0,0.0,2806.0,0.0,0.0,0.0,0.0,0.0,0.0,0.0,0.0,0.0,0.0,0.025000000372529,no_change,2026-08-14T16:11:34,0.0,0.0
SPXW,2026-08-21,0,Call,9100.0,SPXW260821C09100000,0.0,0.05,0.025,0.05,0.0,0.0,0.0,1069.0,0.0,0.0,0.0,0.0,0.0,0.0,0.0,0.0,0.0,0.0,0.025000000372529,no_change,2026-08-17T09:42:27,0.0,0.0
SPX,2026-08-21,0,Put,9100.0,SPX260821P09100000,0.0,0.0,0.0,0.0,0.0,0.0,0.0,0.0,0.0,0.0,0.0,0.0,0.0,0.0,0.0,0.0,0.0,0.0,1446.95001220703,no_change,,0.0,0.0
SPXW,2026-08-21,0,Put,9100.0,SPXW260821P09100000,1415.6,1436.4,1426.0,1564.35,0.0,0.0,0.0,0.0,0.0,-1.0,0.0,0.0,0.0,0.0,1427.0262,0.0,0.0,0.0,1445.45001220703,down,2026-07-20T09:38:51,0.0,0.0
SPX,2026-08-21,0,Call,9200.0,SPX260821C09200000,0.0,0.0,0.0,0.05,0.0,0.0,0.0,1128.0,0.0,0.0,0.0,0.0,0.0,0.0,0.0,0.0,0.0,0.0,0.025000000372529,no_change,2026-08-13T10:18:56,0.0,0.0
SPXW,2026-08-21,0,Call,9200.0,SPXW260821C09200000,0.0,0.05,0.025,0.05,0.0,0.0,0.0,2074.0,0.0,0.0,0.0,0.0,0.0,0.0,0.0,0.0,0.0,0.0,0.025000000372529,no_change,2026-08-17T11:03:50,0.0,0.0
SPX,2026-08-21,0,Put,9200.0,SPX260821P09200000,0.0,0.0,0.0,1492.97,0.0,0.0,0.0,2.0,0.0,0.0,0.0,0.0,0.0,0.0,0.0,0.0,0.0,0.0,1546.54998779297,down,2026-08-18T12:07:05,0.0,0.0
SPXW,2026-08-21,0,Put,9200.0,SPXW260821P09200000,1515.6,1531.8,1523.6999999999998,0.0,0.0,0.0,0.0,0.0,0.0,-1.0,0.0,0.0,0.0,0.0,1527.0262,0.0,0.0,0.0,1545.5,no_change,,0.0,0.0
SPX,2026-08-21,0,Call,9300.0,SPX260821C09300000,0.0,0.0,0.0,0.05,0.0,0.0,0.0,1010.0,0.0,0.0,0.0,0.0,0.0,0.0,0.0,0.0,0.0,0.0,0.025000000372529,no_change,2026-08-10T15:17:35,0.0,0.0
SPXW,2026-08-21,0,Call,9300.0,SPXW260821C09300000,0.0,0.05,0.025,0.05,0.0,0.0,0.0,849.0,0.0,0.0,0.0,0.0,0.0,0.0,0.0,0.0,0.0,0.0,0.025000000372529,no_change,2026-08-13T10:27:57,0.0,0.0
SPX,2026-08-21,0,Put,9300.0,SPX260821P09300000,0.0,0.0,0.0,0.0,0.0,0.0,0.0,0.0,0.0,0.0,0.0,0.0,0.0,0.0,0.0,0.0,0.0,0.0,1646.5,no_change,,0.0,0.0
SPXW,2026-08-21,0,Put,9300.0,SPXW260821P09300000,1615.6,1636.4,1626.0,0.0,0.0,0.0,0.0,0.0,0.0,-1.0,0.0,0.0,0.0,0.0,1627.0262,0.0,0.0,0.0,1645.54998779297,no_change,,0.0,0.0
SPX,2026-08-21,0,Call,9400.0,SPX260821C09400000,0.0,0.0,0.0,0.05,0.0,0.0,0.0,1752.0,0.0,0.0,0.0,0.0,0.0,0.0,0.0,0.0,0.0,0.0,0.025000000372529,no_change,2026-08-10T15:58:07,0.0,0.0
SPXW,2026-08-21,0,Call,9400.0,SPXW260821C09400000,0.0,0.05,0.025,0.05,0.0,0.0,0.0,355.0,0.0,0.0,0.0,0.0,0.0,0.0,0.0,0.0,0.0,0.0,0.025000000372529,down,2026-08-11T15:59:26,0.0,0.0
SPX,2026-08-21,0,Put,9400.0,SPX260821P09400000,0.0,0.0,0.0,1881.66,0.0,0.0,0.0,2.0,0.0,0.0,0.0,0.0,0.0,0.0,0.0,0.0,0.0,0.0,1746.45001220703,down,2026-07-17T12:46:37,0.0,0.0
SPXW,2026-08-21,0,Put,9400.0,SPXW260821P09400000,1715.6,1736.4,1726.0,0.0,0.0,0.0,0.0,0.0,0.0,-1.0,0.0,0.0,0.0,0.0,1727.0262,0.0,0.0,0.0,1745.34997558594,no_change,,0.0,0.0
SPX,2026-08-21,0,Call,9500.0,SPX260821C09500000,0.0,0.0,0.0,0.1,0.0,0.0,0.0,27.0,0.0,0.0,0.0,0.0,0.0,0.0,0.0,0.0,0.0,0.0,0.025000000372529,no_change,2026-08-07T10:42:37,0.0,0.0
SPXW,2026-08-21,0,Call,9500.0,SPXW260821C09500000,0.0,0.05,0.025,0.05,0.0,0.0,0.0,3.0,0.0,0.0,0.0,0.0,0.0,0.0,0.0,0.0,0.0,0.0,0.025000000372529,up,2026-08-12T16:14:52,0.0,0.0
SPX,2026-08-21,0,Put,9500.0,SPX260821P09500000,0.0,0.0,0.0,0.0,0.0,0.0,0.0,0.0,0.0,0.0,0.0,0.0,0.0,0.0,0.0,0.0,0.0,0.0,1846.54998779297,no_change,,0.0,0.0
SPXW,2026-08-21,0,Put,9500.0,SPXW260821P09500000,1815.6,1836.8,1826.1999999999998,0.0,0.0,0.0,0.0,0.0,0.0,-1.0,0.0,0.0,0.0,0.0,1827.0262,0.0,0.0,0.0,1845.20001220703,no_change,,0.0,0.0
SPX,2026-08-21,0,Call,9600.0,SPX260821C09600000,0.0,0.0,0.0,0.05,0.0,0.0,0.0,5604.0,0.0,0.0,0.0,0.0,0.0,0.0,0.0,0.0,0.0,0.0,0.025000000372529,no_change,2026-08-07T10:47:05,0.0,0.0
SPXW,2026-08-21,0,Call,9600.0,SPXW260821C09600000,0.0,0.05,0.025,0.05,0.0,0.0,0.0,23.0,0.0,0.0,0.0,0.0,0.0,0.0,0.0,0.0,0.0,0.0,0.025000000372529,down,2026-08-06T15:16:24,0.0,0.0
SPX,2026-08-21,0,Put,9600.0,SPX260821P09600000,0.0,0.0,0.0,0.0,0.0,0.0,0.0,0.0,0.0,0.0,0.0,0.0,0.0,0.0,0.0,0.0,0.0,0.0,1946.20001220703,no_change,,0.0,0.0
SPXW,2026-08-21,0,Put,9600.0,SPXW260821P09600000,1915.6,1934.5,1925.05,0.0,0.0,0.0,0.0,0.0,0.0,-1.0,0.0,0.0,0.0,0.0,1927.0262,0.0,0.0,0.0,1945.45001220703,no_change,,0.0,0.0
SPX,2026-08-21,0,Call,9800.0,SPX260821C09800000,0.0,0.0,0.0,0.05,0.0,0.0,0.0,1088.0,0.0,0.0,0.0,0.0,0.0,0.0,0.0,0.0,0.0,0.0,0.025000000372529,no_change,2026-08-04T15:27:52,0.0,0.0
SPXW,2026-08-21,0,Call,9800.0,SPXW260821C09800000,0.0,0.05,0.025,0.3,0.0,0.0,0.0,0.0,0.0,0.0,0.0,0.0,0.0,0.0,0.0,0.0,0.0,0.0,0.025000000372529,down,2026-06-02T10:46:51,0.0,0.0
SPX,2026-08-21,0,Put,9800.0,SPX260821P09800000,0.0,0.0,0.0,2357.15,0.0,0.0,0.0,1.0,0.0,0.0,0.0,0.0,0.0,0.0,0.0,0.0,0.0,0.0,2146.40002441406,up,2026-06-23T11:22:41,0.0,0.0
SPXW,2026-08-21,0,Put,9800.0,SPXW260821P09800000,2115.6,2136.3,2125.95,0.0,0.0,0.0,0.0,0.0,0.0,-1.0,0.0,0.0,0.0,0.0,2127.0262,0.0,0.0,0.0,2145.20007324219,no_change,,0.0,0.0
SPX,2026-08-21,0,Call,10000.0,SPX260821C10000000,0.0,0.0,0.0,0.03,0.0,0.0,0.0,2150.0,0.0,0.0,0.0,0.0,0.0,0.0,0.0,0.0,0.0,0.0,0.025000000372529,no_change,2026-08-19T09:42:29,0.0,0.0
SPXW,2026-08-21,0,Call,10000.0,SPXW260821C10000000,0.0,0.05,0.025,0.03,0.005,20.0,1.0,91.0,0.0,0.0,0.0,0.0,0.0,0.0,0.0,0.03,0.03,0.03,0.025000000372529,down,2026-08-21T10:03:46,0.0,0.0
SPX,2026-08-21,0,Put,10000.0,SPX260821P10000000,0.0,0.0,0.0,2280.58,0.0,0.0,0.0,94.0,0.0,0.0,0.0,0.0,0.0,0.0,0.0,0.0,0.0,0.0,2346.75,no_change,2026-08-19T09:42:29,0.0,0.0
SPXW,2026-08-21,0,Put,10000.0,SPXW260821P10000000,2315.6,2334.5,2325.05,2335.12,-10.03,-0.427692,1.0,0.0,0.0,-1.0,0.0,0.0,0.0,0.0,2327.0262,2335.12,2335.12,2335.12,2345.15002441406,down,2026-08-21T10:03:46,0.0,0.0
SPX,2026-08-21,0,Call,10200.0,SPX260821C10200000,0.0,0.0,0.0,0.05,0.0,0.0,0.0,2135.0,0.0,0.0,0.0,0.0,0.0,0.0,0.0,0.0,0.0,0.0,0.025000000372529,no_change,2026-07-23T16:07:48,0.0,0.0
SPXW,2026-08-21,0,Call,10200.0,SPXW260821C10200000,0.0,0.05,0.025,0.0,0.0,0.0,0.0,2.0,0.0,0.0,0.0,0.0,0.0,0.0,0.0,0.0,0.0,0.0,0.025000000372529,no_change,,0.0,0.0
SPX,2026-08-21,0,Put,10200.0,SPX260821P10200000,0.0,0.0,0.0,2644.62,0.0,0.0,0.0,5.0,0.0,0.0,0.0,0.0,0.0,0.0,0.0,0.0,0.0,0.0,2545.64990234375,down,2026-06-30T15:46:45,0.0,0.0
SPXW,2026-08-21,0,Put,10200.0,SPXW260821P10200000,2515.6,2534.8,2525.2,0.0,0.0,0.0,0.0,0.0,0.0,-1.0,0.0,0.0,0.0,0.0,2527.0262,0.0,0.0,0.0,2545.25,no_change,,0.0,0.0
SPX,2026-08-21,0,Call,10400.0,SPX260821C10400000,0.0,0.0,0.0,0.03,0.0,0.0,0.0,1525.0,0.0,0.0,0.0,0.0,0.0,0.0,0.0,0.0,0.0,0.0,0.025000000372529,down,2026-08-11T10:30:04,0.0,0.0
SPXW,2026-08-21,0,Call,10400.0,SPXW260821C10400000,0.0,0.05,0.025,0.05,0.0,0.0,0.0,10.0,0.0,0.0,0.0,0.0,0.0,0.0,0.0,0.0,0.0,0.0,0.025000000372529,no_change,2026-07-08T11:31:20,0.0,0.0
SPX,2026-08-21,0,Put,10400.0,SPX260821P10400000,0.0,0.0,0.0,2630.33,0.0,0.0,0.0,6.0,0.0,0.0,0.0,0.0,0.0,0.0,0.0,0.0,0.0,0.0,2746.60009765625,down,2026-08-11T10:30:04,0.0,0.0
SPXW,2026-08-21,0,Put,10400.0,SPXW260821P10400000,2715.6,2734.8,2725.2,3080.5,0.0,0.0,0.0,1.0,0.0,-1.0,0.0,0.0,0.0,0.0,2727.0262,0.0,0.0,0.0,2745.15002441406,down,2026-04-30T14:50:19,0.0,0.0
SPX,2026-08-21,0,Call,10600.0,SPX260821C10600000,0.0,0.0,0.0,0.05,0.0,0.0,0.0,1258.0,0.0,0.0,0.0,0.0,0.0,0.0,0.0,0.0,0.0,0.0,0.025000000372529,no_change,2026-07-17T16:11:53,0.0,0.0
SPX,2026-08-21,0,Put,10600.0,SPX260821P10600000,0.0,0.0,0.0,3452.03,0.0,0.0,0.0,11.0,0.0,0.0,0.0,0.0,0.0,0.0,0.0,0.0,0.0,0.0,2945.44995117188,down,2026-01-26T10:09:27,0.0,0.0
SPX,2026-08-21,0,Call,10800.0,SPX260821C10800000,0.0,0.0,0.0,0.04,0.0,0.0,0.0,1115.0,0.0,0.0,0.0,0.0,0.0,0.0,0.0,0.0,0.0,0.0,0.025000000372529,down,2026-07-29T12:14:55,0.0,0.0
SPXW,2026-08-21,0,Call,10800.0,SPXW260821C10800000,0.0,0.05,0.025,0.05,0.0,0.0,0.0,51.0,0.0,0.0,0.0,0.0,0.0,0.0,0.0,0.0,0.0,0.0,0.025000000372529,no_change,2026-08-06T11:23:36,0.0,0.0
SPX,2026-08-21,0,Put,10800.0,SPX260821P10800000,0.0,0.0,0.0,3264.09,0.0,0.0,0.0,17.0,0.0,0.0,0.0,0.0,0.0,0.0,0.0,0.0,0.0,0.0,3146.04992675781,up,2026-07-01T16:08:35,0.0,0.0
SPXW,2026-08-21,0,Put,10800.0,SPXW260821P10800000,3115.6,3134.8,3125.2,0.0,0.0,0.0,0.0,0.0,0.0,-1.0,0.0,0.0,0.0,0.0,3127.0262,0.0,0.0,0.0,3145.05004882812,no_change,,0.0,0.0
SPX,2026-08-21,0,Call,11200.0,SPX260821C11200000,0.0,0.0,0.0,0.05,0.0,0.0,0.0,1093.0,0.0,0.0,0.0,0.0,0.0,0.0,0.0,0.0,0.0,0.0,0.025000000372529,no_change,2026-07-08T12:08:04,0.0,0.0
SPXW,2026-08-21,0,Call,11200.0,SPXW260821C11200000,0.0,0.05,0.025,0.05,0.025,100.0,1.0,224.0,0.0,0.0,0.0,0.0,0.0,0.0,0.0,0.05,0.05,0.05,0.025000000372529,no_change,2026-08-21T11:07:42,0.0,0.0
SPX,2026-08-21,0,Put,11200.0,SPX260821P11200000,0.0,0.0,0.0,3657.15,0.0,0.0,0.0,5.0,0.0,0.0,0.0,0.0,0.0,0.0,0.0,0.0,0.0,0.0,3545.95007324219,up,2026-07-02T11:43:48,0.0,0.0
SPXW,2026-08-21,0,Put,11200.0,SPXW260821P11200000,3515.6,3534.8,3525.2,0.0,0.0,0.0,0.0,0.0,0.0,-1.0,0.0,0.0,0.0,0.0,3527.0262,0.0,0.0,0.0,3544.69995117188,no_change,,0.0,0.0
SPX,2026-08-21,0,Call,11600.0,SPX260821C11600000,0.0,0.0,0.0,0.05,0.0,0.0,0.0,700.0,0.0,0.0,0.0,0.0,0.0,0.0,0.0,0.0,0.0,0.0,0.025000000372529,no_change,2026-07-28T15:16:50,0.0,0.0
SPXW,2026-08-21,0,Call,11600.0,SPXW260821C11600000,0.0,0.05,0.025,0.15,0.0,0.0,0.0,41.0,0.0,0.0,0.0,0.0,0.0,0.0,0.0,0.0,0.0,0.0,0.025000000372529,no_change,2026-05-18T09:32:59,0.0,0.0
SPX,2026-08-21,0,Put,11600.0,SPX260821P11600000,0.0,0.0,0.0,4025.06,0.0,0.0,0.0,54.0,0.0,0.0,0.0,0.0,0.0,0.0,0.0,0.0,0.0,0.0,3946.25,down,2026-07-14T10:07:05,0.0,0.0
SPXW,2026-08-21,0,Put,11600.0,SPXW260821P11600000,3915.6,3934.8,3925.2,3995.36,0.0,0.0,0.0,24.0,0.0,-1.0,0.0,0.0,0.0,0.0,3921.2879,0.0,0.0,0.0,3944.70007324219,down,2026-07-10T09:54:19,0.0,0.0
SPX,2026-08-21,0,Call,12000.0,SPX260821C12000000,0.0,0.0,0.0,0.05,0.0,0.0,0.0,1012.0,0.0,0.0,0.0,0.0,0.0,0.0,0.0,0.0,0.0,0.0,0.025000000372529,no_change,2026-07-28T15:59:05,0.0,0.0
SPXW,2026-08-21,0,Call,12000.0,SPXW260821C12000000,0.0,0.05,0.025,0.05,0.0,0.0,0.0,9.0,0.0,0.0,0.0,0.0,0.0,0.0,0.0,0.0,0.0,0.0,0.025000000372529,up,2026-08-03T11:30:51,0.0,0.0
SPX,2026-08-21,0,Put,12000.0,SPX260821P12000000,0.0,0.0,0.0,4636.95,0.0,0.0,0.0,10.0,0.0,0.0,0.0,0.0,0.0,0.0,0.0,0.0,0.0,0.0,4345.69995117188,up,2026-07-29T15:46:30,0.0,0.0
SPXW,2026-08-21,0,Put,12000.0,SPXW260821P12000000,4315.6,4337.4,4326.5,4571.4,0.0,0.0,0.0,3.0,0.0,-1.0,0.0,0.0,0.0,0.0,4321.2879,0.0,0.0,0.0,4344.55004882812,up,2026-07-23T11:11:59,0.0,0.0
SPX,2026-08-21,0,Call,12400.0,SPX260821C12400000,0.0,0.0,0.0,0.03,0.0,0.0,0.0,1384.0,0.0,0.0,0.0,0.0,0.0,0.0,0.0,0.0,0.0,0.0,0.025000000372529,down,2026-08-19T15:39:49,0.0,0.0
SPXW,2026-08-21,0,Call,12400.0,SPXW260821C12400000,0.0,0.05,0.025,0.03,0.0,0.0,0.0,4.0,0.0,0.0,0.0,0.0,0.0,0.0,0.0,0.0,0.0,0.0,0.025000000372529,no_change,2026-07-24T10:36:01,0.0,0.0
SPX,2026-08-21,0,Put,12400.0,SPX260821P12400000,0.0,0.0,0.0,4673.31,0.0,0.0,0.0,34.0,0.0,0.0,0.0,0.0,0.0,0.0,0.0,0.0,0.0,0.0,4745.30004882812,down,2026-08-19T10:34:07,0.0,0.0
SPXW,2026-08-21,0,Put,12400.0,SPXW260821P12400000,4715.6,4734.7,4725.15,0.0,0.0,0.0,0.0,0.0,0.0,-1.0,0.0,0.0,0.0,0.0,4721.2879,0.0,0.0,0.0,4744.44995117188,no_change,,0.0,0.0
SPXW,2026-08-24,3,Call,3000.0,SPXW260824C03000000,4662.2,4686.1,4674.15,4672.53,20.53,0.441316,2.0,2.0,2.9906,1.0,0.0,0.0,-0.0005,0.0821,4672.9789,4672.53,4672.53,4672.53,4652.0,up,2026-08-21T14:46:33,0.0,0.0
SPXW,2026-08-24,3,Put,3000.0,SPXW260824P03000000,0.0,0.05,0.025,0.05,0.025,100.0,2.0,3.0,2.8013,0.0,0.0,0.0,-0.0005,0.0,0.0005,0.05,0.05,0.05,0.025000000372529,no_change,2026-08-21T14:46:58,0.0,0.0
SPXW,2026-08-24,3,Call,3200.0,SPXW260824C03200000,4463.0,4487.0,4475.0,4283.36,0.0,0.0,0.0,0.0,2.8509,1.0,0.0,0.0001,-0.0007,0.0876,4473.003,0.0,0.0,0.0,4451.69995117188,up,2026-07-20T11:51:08,0.0,0.0
SPXW,2026-08-24,3,Put,3200.0,SPXW260824P03200000,0.0,0.05,0.025,0.2,0.0,0.0,0.0,4.0,2.6146,0.0,0.0,0.0001,-0.0007,0.0,0.0007,0.0,0.0,0.0,0.025000000372529,no_change,2026-07-24T09:55:44,0.0,0.0
SPXW,2026-08-24,3,Call,3400.0,SPXW260824C03400000,4263.0,4286.3,4274.65,0.0,0.0,0.0,0.0,0.0,2.6107,1.0,0.0,0.0001,-0.0011,0.0931,4273.0273,0.0,0.0,0.0,4252.15014648438,no_change,,0.0,0.0
SPXW,2026-08-24,3,Put,3400.0,SPXW260824P03400000,0.0,0.05,0.025,0.1,0.0,0.0,0.0,11.0,2.4392,0.0,0.0,0.0001,-0.0011,0.0,0.0011,0.0,0.0,0.0,0.025000000372529,no_change,2026-07-31T11:12:51,0.0,0.0
SPXW,2026-08-24,3,Call,3600.0,SPXW260824C03600000,4063.0,4086.3,4074.65,0.0,0.0,0.0,0.0,0.0,2.373,1.0,0.0,0.0002,-0.0017,0.0986,4073.0518,0.0,0.0,0.0,4051.90002441406,no_change,,0.0,0.0
SPXW,2026-08-24,3,Put,3600.0,SPXW260824P03600000,0.0,0.05,0.025,0.17,0.0,0.0,0.0,94.0,2.2738,0.0,0.0,0.0002,-0.0017,0.0,0.0017,0.0,0.0,0.0,0.025000000372529,down,2026-07-27T15:41:10,0.0,0.0
SPXW,2026-08-24,3,Call,3800.0,SPXW260824C03800000,3862.3,3886.3,3874.3,0.0,0.0,0.0,0.0,0.0,2.1226,1.0,0.0,0.0003,-0.0024,0.104,3873.0764,0.0,0.0,0.0,3852.0,no_change,,0.0,0.0
SPXW,2026-08-24,3,Put,3800.0,SPXW260824P03800000,0.0,0.05,0.025,0.05,0.0,0.0,0.0,23.0,2.1172,0.0,0.0,0.0003,-0.0024,0.0,0.0025,0.0,0.0,0.0,0.025000000372529,down,2026-08-04T11:11:21,0.0,0.0
SPXW,2026-08-24,3,Call,4000.0,SPXW260824C04000000,3662.4,3686.4,3674.4,0.0,0.0,0.0,0.0,0.0,2.061,1.0,0.0,0.0004,-0.0035,0.1095,3673.1014,0.0,0.0,0.0,3652.14990234375,no_change,,0.0,0.0
SPXW,2026-08-24,3,Put,4000.0,SPXW260824P04000000,0.0,0.05,0.025,0.05,0.0,0.0,0.0,74.0,1.9685,0.0,0.0,0.0004,-0.0035,0.0,0.0035,0.0,0.0,0.0,0.025000000372529,down,2026-08-04T11:57:20,0.0,0.0
SPXW,2026-08-24,3,Call,4200.0,SPXW260824C04200000,3463.1,3486.4,3474.75,0.0,0.0,0.0,0.0,0.0,1.9659,1.0,0.0,0.0006,-0.0048,0.115,3473.1266,0.0,0.0,0.0,3452.15002441406,no_change,,0.0,0.0
SPXW,2026-08-24,3,Put,4200.0,SPXW260824P04200000,0.0,0.05,0.025,0.05,0.0,0.0,0.0,15.0,1.8268,0.0,0.0,0.0006,-0.0048,0.0,0.0049,0.0,0.0,0.0,0.025000000372529,no_change,2026-08-19T12:52:17,0.0,0.0
SPXW,2026-08-24,3,Call,4400.0,SPXW260824C04400000,3262.4,3286.4,3274.4,0.0,0.0,0.0,0.0,0.0,1.777,1.0,0.0,0.0008,-0.0066,0.1204,3273.1523,0.0,0.0,0.0,3252.45007324219,no_change,,0.0,0.0
SPXW,2026-08-24,3,Put,4400.0,SPXW260824P04400000,0.0,0.05,0.025,0.5,0.0,0.0,0.0,7.0,1.6916,0.0,0.0,0.0008,-0.0066,0.0,0.0066,0.0,0.0,0.0,0.025000000372529,down,2026-07-27T09:40:57,0.0,0.0
SPXW,2026-08-24,3,Call,4600.0,SPXW260824C04600000,3062.4,3086.4,3074.4,0.0,0.0,0.0,0.0,0.0,1.5815,1.0,0.0,0.0011,-0.0086,0.1259,3073.1783,0.0,0.0,0.0,3052.25,no_change,,0.0,0.0
SPXW,2026-08-24,3,Put,4600.0,SPXW260824P04600000,0.0,0.05,0.025,0.05,0.0,0.0,0.0,155.0,1.5622,0.0,0.0,0.0011,-0.0086,0.0,0.0087,0.0,0.0,0.0,0.025000000372529,no_change,2026-08-18T11:25:31,0.0,0.0
SPXW,2026-08-24,3,Call,4800.0,SPXW260824C04800000,2863.2,2886.4,2874.8,0.0,0.0,0.0,0.0,0.0,1.3317,0.9999,0.0,0.0015,-0.0111,0.1314,2873.2047,0.0,0.0,0.0,2852.34997558594,no_change,,0.0,0.0
SPXW,2026-08-24,3,Put,4800.0,SPXW260824P04800000,0.0,0.05,0.025,0.05,0.0,0.0,0.0,133.0,1.4381,-0.0001,0.0,0.0015,-0.0111,0.0,0.0112,0.0,0.0,0.0,0.025000000372529,down,2026-08-12T09:57:05,0.0,0.0
SPXW,2026-08-24,3,Call,5000.0,SPXW260824C05000000,2665.5,2686.5,2676.0,0.0,0.0,0.0,0.0,0.0,1.341,0.9999,0.0,0.002,-0.0141,0.1369,2673.2316,0.0,0.0,0.0,2652.84997558594,no_change,,0.0,0.0
SPXW,2026-08-24,3,Put,5000.0,SPXW260824P05000000,0.0,0.05,0.025,0.05,0.0,0.0,0.0,251.0,1.3187,-0.0001,0.0,0.002,-0.0141,0.0,0.0142,0.0,0.0,0.0,0.025000000372529,no_change,2026-08-12T10:28:32,0.0,0.0
SPXW,2026-08-24,3,Call,5200.0,SPXW260824C05200000,2463.2,2486.5,2474.85,2463.23,9.9301,0.404764,14.0,14.0,1.1312,0.9999,0.0,0.0026,-0.0175,0.1423,2473.259,2463.23,2463.23,2463.23,2453.29992675781,no_change,2026-08-21T10:39:52,0.0,0.0
SPXW,2026-08-24,3,Put,5200.0,SPXW260824P05200000,0.0,0.05,0.025,0.05,0.0,0.0,0.0,298.0,1.2037,-0.0001,0.0,0.0026,-0.0175,0.0,0.0177,0.0,0.0,0.0,0.025000000372529,no_change,2026-08-12T16:01:11,0.0,0.0
SPXW,2026-08-24,3,Call,5400.0,SPXW260824C05400000,2263.2,2286.5,2274.85,0.0,0.0,0.0,0.0,0.0,1.1161,0.9999,0.0,0.0034,-0.0214,0.1478,2273.2869,0.0,0.0,0.0,2253.0,no_change,,0.0,0.0
SPXW,2026-08-24,3,Put,5400.0,SPXW260824P05400000,0.0,0.05,0.025,0.03,0.005,20.0,1000.0,1155.0,1.0922,-0.0001,0.0,0.0034,-0.0214,0.0,0.0217,0.03,0.03,0.03,0.025000000372529,no_change,2026-08-21T15:53:44,0.0,0.0
SPXW,2026-08-24,3,Call,5600.0,SPXW260824C05600000,2063.3,2086.5,2074.9,0.0,0.0,0.0,0.0,0.0,1.3552,0.9998,0.0,0.0044,-0.0259,0.1533,2073.3154,0.0,0.0,0.0,2053.10003662109,no_change,,0.0,0.0
SPXW,2026-08-24,3,Put,5600.0,SPXW260824P05600000,0.0,0.05,0.025,0.05,0.0,0.0,0.0,305.0,0.9849,-0.0002,0.0,0.0044,-0.0259,0.0,0.0263,0.0,0.0,0.0,0.025000000372529,no_change,2026-08-18T09:33:55,0.0,0.0
SPXW,2026-08-24,3,Call,5800.0,SPXW260824C05800000,1865.6,1886.5,1876.05,1871.68,18.83,1.01627,2.0,1.0,0.0,0.9998,0.0,0.0057,-0.0308,0.1587,1873.3444,1868.21,1871.68,1868.21,1852.84997558594,up,2026-08-21T09:45:33,0.0,0.0
SPXW,2026-08-24,3,Put,5800.0,SPXW260824P05800000,0.0,0.05,0.025,0.05,0.0,0.0,0.0,814.0,0.8808,-0.0002,0.0,0.0057,-0.0308,0.0,0.0314,0.0,0.0,0.0,0.025000000372529,no_change,2026-08-20T15:53:21,0.0,0.0
SPXW,2026-08-24,3,Call,5900.0,SPXW260824C05900000,1762.6,1786.6,1774.6,1779.55,26.3,1.50007,1.0,1.0,0.8303,0.9997,0.0,0.0065,-0.0335,0.1615,1773.3591,1779.55,1779.55,1779.55,1753.25,down,2026-08-21T11:05:47,0.0,0.0
SPXW,2026-08-24,3,Put,5900.0,SPXW260824P05900000,0.0,0.05,0.025,0.05,0.0,0.0,0.0,1196.0,0.8299,-0.0002,0.0,0.0065,-0.0335,0.0,0.0342,0.0,0.0,0.0,0.025000000372529,no_change,2026-08-18T16:07:03,0.0,0.0
SPXW,2026-08-24,3,Call,6000.0,SPXW260824C06000000,1663.3,1686.6,1674.9499999999998,1679.65,26.7,1.61529,7.0,7.0,0.7491,0.9997,0.0,0.0074,-0.0364,0.1642,1673.374,1679.65,1679.65,1679.65,1652.95001220703,no_change,2026-08-21T15:39:34,0.0,0.0
SPXW,2026-08-24,3,Put,6000.0,SPXW260824P06000000,0.0,0.05,0.025,0.05,0.025,100.0,1.0,3696.0,0.7797,-0.0003,0.0,0.0074,-0.0363,-0.0001,0.0371,0.05,0.05,0.05,0.025000000372529,no_change,2026-08-21T13:47:38,0.0,0.0
SPXW,2026-08-24,3,Call,6100.0,SPXW260824C06100000,1566.0,1586.6,1576.3,1564.83,11.68,0.752019,1.0,0.0,0.6157,0.9997,0.0,0.0083,-0.0394,0.1669,1573.3891,1564.83,1564.83,1564.83,1553.15002441406,up,2026-08-21T09:58:43,0.0,0.0
SPXW,2026-08-24,3,Put,6100.0,SPXW260824P06100000,0.0,0.05,0.025,0.05,0.0,0.0,0.0,1660.0,0.7303,-0.0003,0.0,0.0083,-0.0394,-0.0001,0.0403,0.0,0.0,0.0,0.025000000372529,no_change,2026-08-20T11:34:06,0.0,0.0
SPXW,2026-08-24,3,Call,6200.0,SPXW260824C06200000,1463.4,1486.6,1475.0,0.0,0.0,0.0,0.0,0.0,0.7028,0.9996,0.0,0.0095,-0.0425,0.1696,1473.4043,0.0,0.0,0.0,1453.04998779297,no_change,,0.0,0.0
SPXW,2026-08-24,3,Put,6200.0,SPXW260824P06200000,0.0,0.05,0.025,0.05,0.0,0.0,0.0,1147.0,0.6815,-0.0004,0.0,0.0095,-0.0425,-0.0001,0.0436,0.0,0.0,0.0,0.025000000372529,no_change,2026-08-20T12:58:32,0.0,0.0
SPXW,2026-08-24,3,Call,6300.0,SPXW260824C06300000,1363.4,1386.6,1375.0,0.0,0.0,0.0,0.0,0.0,0.6372,0.9996,0.0,0.0108,-0.0458,0.1724,1373.4198,0.0,0.0,0.0,1353.25,no_change,,0.0,0.0
SPXW,2026-08-24,3,Put,6300.0,SPXW260824P06300000,0.0,0.05,0.025,0.05,0.0,0.0,0.0,426.0,0.6643,-0.0004,0.0,0.0108,-0.0457,-0.0001,0.047,0.0,0.0,0.0,0.025000000372529,no_change,2026-08-20T10:17:59,0.0,0.0
SPXW,2026-08-24,3,Call,6325.0,SPXW260824C06325000,1337.6,1361.6,1349.6,1451.92,0.0,0.0,0.0,2.0,0.6203,0.9996,0.0,0.0111,-0.0467,0.1731,1348.4237,0.0,0.0,0.0,1328.04998779297,no_change,2026-08-17T12:24:36,0.0,0.0
SPXW,2026-08-24,3,Put,6325.0,SPXW260824P06325000,0.0,0.05,0.025,1.05,0.0,0.0,0.0,1.0,0.6518,-0.0004,0.0,0.0111,-0.0466,-0.0001,0.0479,0.0,0.0,0.0,0.025000000372529,down,2026-08-04T15:57:41,0.0,0.0
SPXW,2026-08-24,3,Call,6350.0,SPXW260824C06350000,1315.7,1336.6,1326.15,1426.92,0.0,0.0,0.0,2.0,0.6031,0.9995,0.0,0.0115,-0.0475,0.1737,1323.4276,0.0,0.0,0.0,1303.25,no_change,2026-08-17T12:24:36,0.0,0.0
SPXW,2026-08-24,3,Put,6350.0,SPXW260824P06350000,0.0,0.05,0.025,0.05,0.0,0.0,0.0,157.0,0.6394,-0.0005,0.0,0.0115,-0.0474,-0.0001,0.0488,0.0,0.0,0.0,0.025000000372529,down,2026-08-20T11:01:27,0.0,0.0
SPXW,2026-08-24,3,Call,6375.0,SPXW260824C06375000,1287.6,1311.5,1299.55,0.0,0.0,0.0,0.0,0.0,0.5856,0.9995,0.0,0.0119,-0.0484,0.1744,1298.4315,0.0,0.0,0.0,1278.15002441406,no_change,,0.0,0.0
SPXW,2026-08-24,3,Put,6375.0,SPXW260824P06375000,0.0,0.05,0.025,0.05,0.0,0.0,0.0,214.0,0.627,-0.0005,0.0,0.0119,-0.0483,-0.0001,0.0497,0.0,0.0,0.0,0.025000000372529,down,2026-08-20T13:29:39,0.0,0.0
SPXW,2026-08-24,3,Call,6400.0,SPXW260824C06400000,1263.4,1286.6,1275.0,0.0,0.0,0.0,0.0,0.0,0.5674,0.9995,0.0,0.0123,-0.0493,0.1751,1273.4354,0.0,0.0,0.0,1253.15002441406,no_change,,0.0,0.0
SPXW,2026-08-24,3,Put,6400.0,SPXW260824P06400000,0.0,0.05,0.025,0.04,0.0,0.0,0.0,322.0,0.6146,-0.0005,0.0,0.0123,-0.0492,-0.0001,0.0507,0.0,0.0,0.0,0.025000000372529,down,2026-08-20T16:11:51,0.0,0.0
SPXW,2026-08-24,3,Call,6425.0,SPXW260824C06425000,1237.6,1261.6,1249.6,0.0,0.0,0.0,0.0,0.0,0.5484,0.9995,0.0,0.0128,-0.0502,0.1758,1248.4394,0.0,0.0,0.0,1228.20001220703,no_change,,0.0,0.0
SPXW,2026-08-24,3,Put,6425.0,SPXW260824P06425000,0.0,0.05,0.025,0.05,0.0,0.0,0.0,9.0,0.6022,-0.0005,0.0,0.0127,-0.0501,-0.0001,0.0516,0.0,0.0,0.0,0.025000000372529,no_change,2026-08-19T15:30:32,0.0,0.0
SPXW,2026-08-24,3,Call,6450.0,SPXW260824C06450000,1212.6,1236.5,1224.55,0.0,0.0,0.0,0.0,0.0,0.528,0.9995,0.0,0.0132,-0.0511,0.1765,1223.4434,0.0,0.0,0.0,1203.54998779297,no_change,,0.0,0.0
SPXW,2026-08-24,3,Put,6450.0,SPXW260824P06450000,0.0,0.05,0.025,0.05,0.025,100.0,1.0,538.0,0.59,-0.0005,0.0,0.0132,-0.051,-0.0001,0.0526,0.05,0.05,0.05,0.025000000372529,no_change,2026-08-21T16:00:00,0.0,0.0
SPXW,2026-08-24,3,Call,6475.0,SPXW260824C06475000,1187.6,1211.6,1199.6,0.0,0.0,0.0,0.0,0.0,0.5052,0.9994,0.0,0.0137,-0.0521,0.1772,1198.4473,0.0,0.0,0.0,1178.54998779297,no_change,,0.0,0.0
SPXW,2026-08-24,3,Put,6475.0,SPXW260824P06475000,0.0,0.05,0.025,0.05,0.0,0.0,0.0,70.0,0.5777,-0.0005,0.0,0.0137,-0.0519,-0.0001,0.0536,0.0,0.0,0.0,0.025000000372529,no_change,2026-08-20T13:17:12,0.0,0.0
SPXW,2026-08-24,3,Call,6500.0,SPXW260824C06500000,1163.4,1186.6,1175.0,1253.45,0.0,0.0,0.0,1.0,0.4771,0.9994,0.0,0.0142,-0.053,0.1778,1173.4513,0.0,0.0,0.0,1153.15002441406,down,2026-08-10T15:52:22,0.0,0.0
SPXW,2026-08-24,3,Put,6500.0,SPXW260824P06500000,0.0,0.05,0.025,0.05,0.0,-1.49012e-06,2.0,147.0,0.5384,-0.0006,0.0,0.0142,-0.0529,-0.0001,0.0546,0.05,0.05,0.05,0.0500000007450581,no_change,2026-08-21T09:43:47,0.0,0.0
SPXW,2026-08-24,3,Call,6525.0,SPXW260824C06525000,1137.6,1161.5,1149.55,0.0,0.0,0.0,0.0,0.0,0.4197,0.9994,0.0,0.0147,-0.054,0.1785,1148.4554,0.0,0.0,0.0,1128.34997558594,no_change,,0.0,0.0
SPXW,2026-08-24,3,Put,6525.0,SPXW260824P06525000,0.0,0.05,0.025,0.05,0.0,-1.49012e-06,257.0,283.0,0.5532,-0.0006,0.0,0.0147,-0.0538,-0.0001,0.0556,0.03,0.05,0.03,0.0500000007450581,no_change,2026-08-21T13:25:38,0.0,0.0
SPXW,2026-08-24,3,Call,6550.0,SPXW260824C06550000,1112.6,1136.6,1124.6,0.0,0.0,0.0,0.0,0.0,0.0,0.9994,0.0,0.0152,-0.055,0.1792,1123.4594,0.0,0.0,0.0,1103.34997558594,no_change,,0.0,0.0
SPXW,2026-08-24,3,Put,6550.0,SPXW260824P06550000,0.0,0.05,0.025,0.05,0.0,-1.49012e-06,242.0,129.0,0.5411,-0.0006,0.0,0.0152,-0.0548,-0.0001,0.0567,0.05,0.05,0.05,0.0500000007450581,no_change,2026-08-21T13:27:52,0.0,0.0
SPXW,2026-08-24,3,Call,6575.0,SPXW260824C06575000,1087.6,1111.6,1099.6,0.0,0.0,0.0,0.0,0.0,0.0,0.9994,0.0,0.0158,-0.056,0.1799,1098.4635,0.0,0.0,0.0,1078.34997558594,no_change,,0.0,0.0
SPXW,2026-08-24,3,Put,6575.0,SPXW260824P06575000,0.0,0.05,0.025,0.03,-0.02,-40.0,132.0,54.0,0.5289,-0.0006,0.0,0.0158,-0.0558,-0.0001,0.0577,0.05,0.05,0.03,0.0500000007450581,no_change,2026-08-21T14:01:17,0.0,0.0
SPXW,2026-08-24,3,Call,6600.0,SPXW260824C06600000,1063.4,1086.6,1075.0,1065.22,11.97,1.13648,1.0,0.0,0.0,0.9993,0.0,0.0164,-0.057,0.1805,1073.4676,1065.22,1065.22,1065.22,1053.25,up,2026-08-21T10:01:59,0.0,0.0
SPXW,2026-08-24,3,Put,6600.0,SPXW260824P06600000,0.0,0.05,0.025,0.05,0.0,-1.49012e-06,1130.0,371.0,0.492,-0.0006,0.0,0.0164,-0.0571,-0.0001,0.0591,0.05,0.1,0.03,0.0500000007450581,no_change,2026-08-21T15:31:10,0.0,0.0
SPXW,2026-08-24,3,Call,6625.0,SPXW260824C06625000,1038.4,1061.6,1050.0,0.0,0.0,0.0,0.0,0.0,0.0,0.9993,0.0,0.017,-0.0581,0.1812,1048.4717,0.0,0.0,0.0,1028.25,no_change,,0.0,0.0
SPXW,2026-08-24,3,Put,6625.0,SPXW260824P06625000,0.0,0.05,0.025,0.05,0.0,-1.49012e-06,452.0,200.0,0.5047,-0.0007,0.0,0.0169,-0.0579,-0.0001,0.0599,0.05,0.05,0.05,0.0500000007450581,no_change,2026-08-21T15:32:06,0.0,0.0
SPXW,2026-08-24,3,Call,6650.0,SPXW260824C06650000,1012.7,1036.6,1024.65,0.0,0.0,0.0,0.0,0.0,0.0,0.9993,0.0,0.0176,-0.0592,0.1819,1023.4759,0.0,0.0,0.0,1003.25,no_change,,0.0,0.0
SPXW,2026-08-24,3,Put,6650.0,SPXW260824P06650000,0.0,0.05,0.025,0.05,-0.025,-33.3333,287.0,162.0,0.4687,-0.0007,0.0,0.0176,-0.0589,-0.0001,0.0611,0.05,0.07,0.05,0.0750000011175871,no_change,2026-08-21T15:30:25,0.0,0.0
SPXW,2026-08-24,3,Call,6675.0,SPXW260824C06675000,987.7,1011.6,999.6500000000001,0.0,0.0,0.0,0.0,0.0,0.0,0.9993,0.0,0.0183,-0.0603,0.1826,998.48,0.0,0.0,0.0,978.25,no_change,,0.0,0.0
SPXW,2026-08-24,3,Put,6675.0,SPXW260824P06675000,0.0,0.05,0.025,0.05,-0.025,-33.3333,227.0,791.0,0.4806,-0.0007,0.0,0.0182,-0.06,-0.0001,0.0623,0.05,0.05,0.05,0.0750000011175871,no_change,2026-08-21T15:38:05,0.0,0.0
SPXW,2026-08-24,3,Call,6700.0,SPXW260824C06700000,963.4,986.7,975.05,0.0,0.0,0.0,0.0,0.0,0.0,0.9992,0.0,0.019,-0.0614,0.1833,973.4843,0.0,0.0,0.0,953.450012207031,no_change,,0.0,0.0
SPXW,2026-08-24,3,Put,6700.0,SPXW260824P06700000,0.0,0.05,0.025,0.05,-0.025,-33.3333,2205.0,411.0,0.4686,-0.0008,0.0,0.019,-0.0611,-0.0001,0.0634,0.05,0.06,0.03,0.0750000011175871,no_change,2026-08-21T16:14:12,0.0,0.0
SPXW,2026-08-24,3,Call,6725.0,SPXW260824C06725000,937.7,961.6,949.6500000000001,0.0,0.0,0.0,0.0,0.0,0.4363,0.9992,0.0,0.0198,-0.0626,0.1839,948.4885,0.0,0.0,0.0,929.0,no_change,,0.0,0.0
SPXW,2026-08-24,3,Put,6725.0,SPXW260824P06725000,0.0,0.05,0.025,0.05,-0.05,-50.0,349.0,102.0,0.4567,-0.0008,0.0,0.0197,-0.0622,-0.0002,0.0647,0.05,0.05,0.03,0.100000003352761,no_change,2026-08-21T15:30:15,0.0,0.0
SPXW,2026-08-24,3,Call,6750.0,SPXW260824C06750000,912.7,936.6,924.6500000000001,0.0,0.0,0.0,0.0,0.0,0.4213,0.9992,0.0,0.0206,-0.0638,0.1846,923.4928,0.0,0.0,0.0,903.700012207031,no_change,,0.0,0.0
SPXW,2026-08-24,3,Put,6750.0,SPXW260824P06750000,0.0,0.05,0.025,0.05,-0.05,-50.0,164.0,206.0,0.4447,-0.0008,0.0,0.0205,-0.0634,-0.0002,0.0659,0.07,0.07,0.05,0.100000003352761,no_change,2026-08-21T15:41:19,0.0,0.0
SPXW,2026-08-24,3,Call,6775.0,SPXW260824C06775000,887.7,911.6,899.6500000000001,0.0,0.0,0.0,0.0,0.0,0.4061,0.9991,0.0,0.0215,-0.065,0.1853,898.4971,0.0,0.0,0.0,878.75,no_change,,0.0,0.0
SPXW,2026-08-24,3,Put,6775.0,SPXW260824P06775000,0.0,0.05,0.025,0.05,-0.05,-50.0,172.0,109.0,0.4328,-0.0009,0.0,0.0214,-0.0646,-0.0002,0.0672,0.05,0.05,0.05,0.100000003352761,no_change,2026-08-21T15:14:41,0.0,0.0
SPXW,2026-08-24,3,Call,6800.0,SPXW260824C06800000,862.7,886.7,874.7,0.0,0.0,0.0,0.0,0.0,0.4312,0.9991,0.0,0.0224,-0.0662,0.186,873.5015,0.0,0.0,0.0,853.350006103516,no_change,,0.0,0.0
SPXW,2026-08-24,3,Put,6800.0,SPXW260824P06800000,0.0,0.05,0.025,0.05,-0.075,-60.0,186.0,531.0,0.4212,-0.0009,0.0,0.0224,-0.0662,-0.0002,0.069,0.07,0.07,0.03,0.12500000372529,up,2026-08-21T16:10:16,0.0,0.0
SPXW,2026-08-24,3,Call,6825.0,SPXW260824C06825000,837.7,861.6,849.6500000000001,0.0,0.0,0.0,0.0,0.0,0.4175,0.999,0.0,0.0234,-0.0675,0.1866,848.5059,0.0,0.0,0.0,828.449981689453,no_change,,0.0,0.0
SPXW,2026-08-24,3,Put,6825.0,SPXW260824P06825000,0.0,0.05,0.025,0.05,-0.075,-60.0,100.0,41.0,0.4091,-0.0009,0.0,0.0234,-0.0676,-0.0002,0.0705,0.05,0.05,0.05,0.12500000372529,no_change,2026-08-21T16:13:56,0.0,0.0
SPXW,2026-08-24,3,Call,6850.0,SPXW260824C06850000,812.7,836.6,824.6500000000001,0.0,0.0,0.0,0.0,0.0,0.4039,0.999,0.0,0.0245,-0.0689,0.1873,823.5104,0.0,0.0,0.0,803.850006103516,no_change,,0.0,0.0
SPXW,2026-08-24,3,Put,6850.0,SPXW260824P06850000,0.0,0.1,0.05,0.05,-0.1,-66.6667,74.0,216.0,0.3972,-0.001,0.0,0.0245,-0.0689,-0.0002,0.072,0.07,0.07,0.05,0.150000002235174,no_change,2026-08-21T16:13:57,0.0,0.0
SPXW,2026-08-24,3,Call,6875.0,SPXW260824C06875000,787.7,811.6,799.6500000000001,0.0,0.0,0.0,0.0,0.0,0.3904,0.999,0.0,0.0256,-0.0703,0.188,798.5149,0.0,0.0,0.0,778.799987792969,no_change,,0.0,0.0
SPXW,2026-08-24,3,Put,6875.0,SPXW260824P06875000,0.0,0.05,0.025,0.05,-0.1,-66.6667,75.0,89.0,0.3854,-0.001,0.0,0.0256,-0.0703,-0.0002,0.0735,0.08,0.08,0.05,0.150000002235174,no_change,2026-08-21T16:14:55,0.0,0.0
SPXW,2026-08-24,3,Call,6900.0,SPXW260824C06900000,766.0,786.7,776.35,775.67,21.82,2.89447,1.0,2.0,0.3769,0.9989,0.0,0.0268,-0.0718,0.1887,773.5195,775.67,775.67,775.67,753.850006103516,down,2026-08-21T11:21:47,0.0,0.0
SPXW,2026-08-24,3,Put,6900.0,SPXW260824P06900000,0.05,0.1,0.07500000000000001,0.05,-0.125,-71.4286,6459.0,4420.0,0.3736,-0.0011,0.0,0.0268,-0.0718,-0.0002,0.0751,0.1,0.1,0.05,0.175000004470348,down,2026-08-21T15:56:11,0.0,0.0
SPXW,2026-08-24,3,Call,6925.0,SPXW260824C06925000,737.7,761.6,749.6500000000001,839.95,0.0,0.0,0.0,1.0,0.3634,0.9988,0.0,0.0281,-0.0733,0.1894,748.5242,0.0,0.0,0.0,728.75,up,2026-08-11T10:51:36,0.0,0.0
SPXW,2026-08-24,3,Put,6925.0,SPXW260824P06925000,0.05,0.1,0.07500000000000001,0.07,-0.13,-65.0,170.0,156.0,0.3618,-0.0011,0.0,0.0281,-0.0733,-0.0002,0.0769,0.07,0.1,0.05,0.200000002980232,up,2026-08-21T16:05:52,0.0,0.0
SPXW,2026-08-24,3,Call,6950.0,SPXW260824C06950000,723.1,726.7,724.9000000000001,0.0,0.0,0.0,0.0,0.0,0.3842,0.9988,0.0,0.0295,-0.0749,0.19,723.529,0.0,0.0,0.0,704.200012207031,no_change,,0.0,0.0
SPXW,2026-08-24,3,Put,6950.0,SPXW260824P06950000,0.05,0.1,0.07500000000000001,0.05,-0.175,-77.7778,379.0,86.0,0.35,-0.0012,0.0,0.0295,-0.075,-0.0002,0.0787,0.1,0.15,0.05,0.225000001490116,no_change,2026-08-21T16:01:39,0.0,0.0
SPXW,2026-08-24,3,Call,6975.0,SPXW260824C06975000,698.1,701.7,699.9000000000001,0.0,0.0,0.0,0.0,0.0,0.3573,0.9987,0.0,0.031,-0.0766,0.1907,698.5339,0.0,0.0,0.0,678.600006103516,no_change,,0.0,0.0
SPXW,2026-08-24,3,Put,6975.0,SPXW260824P06975000,0.05,0.1,0.07500000000000001,0.07,-0.155,-68.8889,5.0,128.0,0.3496,-0.0013,0.0,0.031,-0.0767,-0.0002,0.0806,0.07,0.07,0.07,0.225000001490116,no_change,2026-08-21T15:32:23,0.0,0.0
SPXW,2026-08-24,3,Call,7000.0,SPXW260824C07000000,673.1,676.8,674.95,776.56,0.0,0.0,0.0,8.0,0.3441,0.9987,0.0,0.0327,-0.0784,0.1914,673.5389,0.0,0.0,0.0,653.550018310547,up,2026-08-17T12:25:34,0.0,0.0
SPXW,2026-08-24,3,Put,7000.0,SPXW260824P07000000,0.05,0.1,0.07500000000000001,0.06,-0.19,-76.0,3668.0,499.0,0.3375,-0.0013,0.0,0.0327,-0.0785,-0.0003,0.0826,0.1,0.11,0.05,0.250000007450581,no_change,2026-08-21T15:57:25,0.0,0.0
SPXW,2026-08-24,3,Call,7025.0,SPXW260824C07025000,648.1,651.8,649.95,751.66,0.0,0.0,0.0,10.0,0.3541,0.9986,0.0,0.0345,-0.0804,0.192,648.544,0.0,0.0,0.0,629.25,no_change,2026-08-17T12:26:30,0.0,0.0
SPXW,2026-08-24,3,Put,7025.0,SPXW260824P07025000,0.05,0.1,0.07500000000000001,0.1,-0.2,-66.6667,4.0,154.0,0.3254,-0.0014,0.0,0.0345,-0.0804,-0.0003,0.0847,0.1,0.12,0.1,0.299999997019768,down,2026-08-21T14:32:14,0.0,0.0
SPXW,2026-08-24,3,Call,7030.0,SPXW260824C07030000,643.1,646.8,644.95,746.69,0.0,0.0,0.0,2.0,0.3282,0.9986,0.0,0.0349,-0.0808,0.1922,643.5451,0.0,0.0,0.0,623.600006103516,down,2026-08-17T12:25:34,0.0,0.0
SPXW,2026-08-24,3,Put,7030.0,SPXW260824P07030000,0.05,0.1,0.07500000000000001,0.1,-0.2,-66.6667,103.0,49.0,0.3311,-0.0014,0.0,0.0349,-0.0808,-0.0003,0.0852,0.1,0.1,0.1,0.299999997019768,no_change,2026-08-21T14:28:24,0.0,0.0
SPXW,2026-08-24,3,Call,7040.0,SPXW260824C07040000,633.1,636.7,634.9000000000001,0.0,0.0,0.0,0.0,0.0,0.323,0.9985,0.0,0.0357,-0.0816,0.1924,633.5472,0.0,0.0,0.0,613.950012207031,no_change,,0.0,0.0
SPXW,2026-08-24,3,Put,7040.0,SPXW260824P07040000,0.05,0.1,0.07500000000000001,0.1,-0.2,-66.6667,1.0,69.0,0.3261,-0.0014,0.0,0.0357,-0.0816,-0.0003,0.0861,0.1,0.1,0.1,0.299999997019768,down,2026-08-21T14:29:33,0.0,0.0
SPXW,2026-08-24,3,Call,7050.0,SPXW260824C07050000,623.2,626.7,624.95,630.44,26.79,4.438,3.0,8.0,0.3177,0.9985,0.0,0.0365,-0.0824,0.1927,623.5493,624.8,633.8,624.8,603.649993896484,down,2026-08-21T15:58:17,0.0,0.0
SPXW,2026-08-24,3,Put,7050.0,SPXW260824P07050000,0.05,0.1,0.07500000000000001,0.15,-0.175,-53.8462,90.0,338.0,0.3133,-0.0015,0.0,0.0365,-0.0824,-0.0003,0.087,0.15,0.15,0.1,0.325000002980232,up,2026-08-21T14:18:52,0.0,0.0
SPXW,2026-08-24,3,Call,7060.0,SPXW260824C07060000,613.2,616.7,614.95,0.0,0.0,0.0,0.0,0.0,0.3125,0.9985,0.0,0.0373,-0.0833,0.193,613.5515,0.0,0.0,0.0,594.049987792969,no_change,,0.0,0.0
SPXW,2026-08-24,3,Put,7060.0,SPXW260824P07060000,0.05,0.1,0.07500000000000001,0.25,0.0,0.0,0.0,43.0,0.3163,-0.0015,0.0,0.0374,-0.0833,-0.0003,0.088,0.0,0.0,0.0,0.325000002980232,no_change,2026-08-20T15:59:50,0.0,0.0
SPXW,2026-08-24,3,Call,7070.0,SPXW260824C07070000,603.2,606.7,604.95,706.74,0.0,0.0,0.0,10.0,0.3072,0.9984,0.0,0.0382,-0.0842,0.1932,603.5537,0.0,0.0,0.0,584.049987792969,no_change,2026-08-17T12:26:30,0.0,0.0
SPXW,2026-08-24,3,Put,7070.0,SPXW260824P07070000,0.05,0.1,0.07500000000000001,0.1,-0.25,-71.4286,2.0,39.0,0.3114,-0.0016,0.0,0.0383,-0.0842,-0.0003,0.089,0.1,0.1,0.1,0.350000008940697,no_change,2026-08-21T15:50:02,0.0,0.0
SPXW,2026-08-24,3,Call,7075.0,SPXW260824C07075000,598.2,601.7,599.95,711.5,0.0,0.0,0.0,68.0,0.3046,0.9984,0.0,0.0387,-0.0846,0.1934,598.5548,0.0,0.0,0.0,578.649993896484,down,2026-08-14T15:56:39,0.0,0.0
SPXW,2026-08-24,3,Put,7075.0,SPXW260824P07075000,0.05,0.1,0.07500000000000001,0.1,-0.25,-71.4286,5.0,665.0,0.3013,-0.0016,0.0,0.0387,-0.0846,-0.0003,0.0895,0.1,0.1,0.1,0.350000008940697,down,2026-08-21T14:58:24,0.0,0.0
SPXW,2026-08-24,3,Call,7080.0,SPXW260824C07080000,593.2,596.7,594.95,706.55,0.0,0.0,0.0,68.0,0.302,0.9984,0.0,0.0392,-0.0851,0.1935,593.5559,0.0,0.0,0.0,573.700012207031,down,2026-08-14T15:56:39,0.0,0.0
SPXW,2026-08-24,3,Put,7080.0,SPXW260824P07080000,0.05,0.1,0.07500000000000001,0.1,-0.25,-71.4286,383.0,104.0,0.3064,-0.0016,0.0,0.0392,-0.0851,-0.0003,0.09,0.1,0.1,0.1,0.350000008940697,no_change,2026-08-21T16:12:50,0.0,0.0
SPXW,2026-08-24,3,Call,7090.0,SPXW260824C07090000,583.2,586.7,584.95,0.0,0.0,0.0,0.0,0.0,0.2968,0.9984,0.0,0.0401,-0.086,0.1938,583.5581,0.0,0.0,0.0,564.049987792969,no_change,,0.0,0.0
SPXW,2026-08-24,3,Put,7090.0,SPXW260824P07090000,0.05,0.1,0.07500000000000001,0.1,-0.25,-71.4286,601.0,25.0,0.3015,-0.0016,0.0,0.0402,-0.086,-0.0003,0.0911,0.15,0.15,0.1,0.350000008940697,no_change,2026-08-21T16:12:42,0.0,0.0
SPXW,2026-08-24,3,Call,7100.0,SPXW260824C07100000,573.2,576.7,574.95,566.76,13.06,2.35868,1.0,0.0,0.3137,0.9983,0.0,0.0412,-0.087,0.194,573.5604,566.76,566.76,566.76,553.700012207031,up,2026-08-21T10:16:50,0.0,0.0
SPXW,2026-08-24,3,Put,7100.0,SPXW260824P07100000,0.05,0.1,0.07500000000000001,0.1,-0.275,-73.3333,3262.0,305.0,0.2892,-0.0017,0.0,0.0412,-0.087,-0.0003,0.0922,0.15,0.15,0.05,0.375,no_change,2026-08-21T16:10:28,0.0,0.0
SPXW,2026-08-24,3,Call,7110.0,SPXW260824C07110000,563.2,566.7,564.95,0.0,0.0,0.0,0.0,0.0,0.3084,0.9983,0.0,0.0422,-0.088,0.1943,563.5628,0.0,0.0,0.0,544.100006103516,no_change,,0.0,0.0
SPXW,2026-08-24,3,Put,7110.0,SPXW260824P07110000,0.05,0.15,0.1,0.1,-0.3,-75.0,508.0,12.0,0.2917,-0.0017,0.0,0.0422,-0.088,-0.0004,0.0934,0.15,0.15,0.1,0.399999991059303,no_change,2026-08-21T15:13:48,0.0,0.0
SPXW,2026-08-24,3,Call,7120.0,SPXW260824C07120000,553.2,556.9,555.05,581.13,0.0,0.0,0.0,1.0,0.303,0.9982,0.0,0.0433,-0.089,0.1946,553.5652,0.0,0.0,0.0,534.100006103516,down,2026-08-18T15:19:12,0.0,0.0
SPXW,2026-08-24,3,Put,7120.0,SPXW260824P07120000,0.05,0.15,0.1,0.1,-0.3,-75.0,559.0,58.0,0.2868,-0.0018,0.0,0.0434,-0.0891,-0.0004,0.0946,0.15,0.15,0.1,0.399999991059303,no_change,2026-08-21T16:11:46,0.0,0.0
SPXW,2026-08-24,3,Call,7125.0,SPXW260824C07125000,548.2,551.9,550.05,541.84,13.09,2.47565,1.0,4.0,0.3004,0.9982,0.0,0.0439,-0.0896,0.1947,548.5664,541.84,541.84,541.84,528.75,down,2026-08-21T10:16:50,0.0,0.0
SPXW,2026-08-24,3,Put,7125.0,SPXW260824P07125000,0.05,0.15,0.1,0.1,-0.3,-75.0,361.0,64.0,0.2772,-0.0018,0.0,0.0439,-0.0896,-0.0004,0.0952,0.15,0.15,0.05,0.399999991059303,no_change,2026-08-21T16:10:10,0.0,0.0
SPXW,2026-08-24,3,Call,7130.0,SPXW260824C07130000,543.2,546.9,545.05,570.78,0.0,0.0,0.0,1.0,0.2977,0.9982,0.0,0.0445,-0.0901,0.1948,543.5676,0.0,0.0,0.0,524.149993896484,down,2026-08-18T15:19:12,0.0,0.0
SPXW,2026-08-24,3,Put,7130.0,SPXW260824P07130000,0.05,0.15,0.1,0.1,-0.325,-76.4706,320.0,64.0,0.2818,-0.0018,0.0,0.0445,-0.0902,-0.0004,0.0958,0.15,0.15,0.1,0.424999997019768,no_change,2026-08-21T16:11:34,0.0,0.0
SPXW,2026-08-24,3,Call,7140.0,SPXW260824C07140000,533.2,536.9,535.05,624.2,0.0,0.0,0.0,2.0,0.2708,0.9981,0.0,0.0457,-0.0912,0.1951,533.5701,0.0,0.0,0.0,513.800003051758,up,2026-08-04T15:32:17,0.0,0.0
SPXW,2026-08-24,3,Put,7140.0,SPXW260824P07140000,0.05,0.15,0.1,0.1,-0.325,-76.4706,27.0,210.0,0.2769,-0.0019,0.0,0.0457,-0.0913,-0.0004,0.0971,0.15,0.15,0.07,0.424999997019768,up,2026-08-21T16:11:23,0.0,0.0
SPXW,2026-08-24,3,Call,7150.0,SPXW260824C07150000,523.2,526.7,524.95,530.8,26.65,5.28612,3.0,0.0,0.2656,0.9981,0.0,0.0469,-0.0924,0.1954,523.5726,532.8,538.8,530.8,504.150009155273,down,2026-08-21T12:45:27,0.0,0.0
SPXW,2026-08-24,3,Put,7150.0,SPXW260824P07150000,0.05,0.1,0.07500000000000001,0.1,-0.35,-77.7778,240.0,218.0,0.2652,-0.0019,0.0,0.047,-0.0925,-0.0004,0.0984,0.15,0.17,0.05,0.450000002980232,no_change,2026-08-21T15:54:05,0.0,0.0
SPXW,2026-08-24,3,Call,7160.0,SPXW260824C07160000,513.3,516.7,515.0,0.0,0.0,0.0,0.0,0.0,0.2604,0.998,0.0,0.0482,-0.0936,0.1956,513.5752,0.0,0.0,0.0,494.199996948242,no_change,,0.0,0.0
SPXW,2026-08-24,3,Put,7160.0,SPXW260824P07160000,0.05,0.15,0.1,0.1,-0.35,-77.7778,211.0,17.0,0.2671,-0.002,0.0,0.0483,-0.0937,-0.0004,0.0998,0.15,0.15,0.05,0.450000002980232,no_change,2026-08-21T16:11:13,0.0,0.0
SPXW,2026-08-24,3,Call,7170.0,SPXW260824C07170000,503.3,506.7,505.0,0.0,0.0,0.0,0.0,0.0,0.2675,0.998,0.0,0.0496,-0.0949,0.1959,503.5779,0.0,0.0,0.0,483.850006103516,no_change,,0.0,0.0
SPXW,2026-08-24,3,Put,7170.0,SPXW260824P07170000,0.05,0.15,0.1,0.05,-0.425,-89.4737,54.0,44.0,0.2622,-0.002,0.0,0.0497,-0.095,-0.0004,0.1013,0.15,0.15,0.05,0.474999994039536,no_change,2026-08-21T15:47:50,0.0,0.0
SPXW,2026-08-24,3,Call,7175.0,SPXW260824C07175000,498.3,501.8,500.05,246.9,0.0,0.0,0.0,3.0,0.2648,0.9979,0.0,0.0503,-0.0956,0.196,498.5792,0.0,0.0,0.0,479.199996948242,down,2026-07-29T15:48:16,0.0,0.0
SPXW,2026-08-24,3,Put,7175.0,SPXW260824P07175000,0.05,0.15,0.1,0.05,-0.425,-89.4737,498.0,83.0,0.2531,-0.0021,0.0,0.0504,-0.0956,-0.0004,0.102,0.2,0.2,0.05,0.474999994039536,no_change,2026-08-21T15:47:50,0.0,0.0
SPXW,2026-08-24,3,Call,7180.0,SPXW260824C07180000,493.3,496.8,495.05,499.7,25.9,5.46644,1.0,1.0,0.2622,0.9979,0.0,0.0511,-0.0962,0.1961,493.5806,499.7,499.7,499.7,473.800003051758,up,2026-08-21T15:41:50,0.0,0.0
SPXW,2026-08-24,3,Put,7180.0,SPXW260824P07180000,0.05,0.15,0.1,0.05,-0.45,-90.0,176.0,14.0,0.2573,-0.0021,0.0,0.0511,-0.0963,-0.0004,0.1028,0.2,0.2,0.05,0.5,no_change,2026-08-21T15:47:50,0.0,0.0
SPXW,2026-08-24,3,Call,7190.0,SPXW260824C07190000,483.3,486.8,485.05,0.0,0.0,0.0,0.0,0.0,0.257,0.9978,0.0,0.0526,-0.0976,0.1964,483.5834,0.0,0.0,0.0,463.850006103516,no_change,,0.0,0.0
SPXW,2026-08-24,3,Put,7190.0,SPXW260824P07190000,0.05,0.15,0.1,0.1,-0.4,-80.0,352.0,18.0,0.2523,-0.0022,0.0,0.0526,-0.0977,-0.0004,0.1044,0.17,0.17,0.1,0.5,no_change,2026-08-21T16:09:48,0.0,0.0
SPXW,2026-08-24,3,Call,7195.0,SPXW260824C07195000,478.3,481.8,480.05,0.0,0.0,0.0,0.0,0.0,0.2631,0.9978,0.0,0.0534,-0.0984,0.1965,478.5848,0.0,0.0,0.0,0.0,no_change,,0.0,0.0
SPXW,2026-08-24,3,Put,7195.0,SPXW260824P07195000,0.05,0.15,0.1,0.0,0.0,0.0,0.0,0.0,0.2499,-0.0022,0.0,0.0534,-0.0984,-0.0004,0.1052,0.0,0.0,0.0,0.0,no_change,,0.0,0.0
SPXW,2026-08-24,3,Call,7200.0,SPXW260824C07200000,473.3,476.8,475.05,472.4,18.5,4.07579,1.0,4.0,0.2518,0.9978,0.0,0.0542,-0.0991,0.1966,473.5862,472.4,472.4,472.4,453.900009155273,down,2026-08-21T09:33:45,0.0,0.0
SPXW,2026-08-24,3,Put,7200.0,SPXW260824P07200000,0.05,0.1,0.07500000000000001,0.1,-0.425,-80.9524,156.0,223.0,0.2474,-0.0022,0.0,0.0543,-0.0992,-0.0004,0.1061,0.18,0.2,0.08,0.525000005960464,no_change,2026-08-21T15:58:47,0.0,0.0
SPXW,2026-08-24,3,Call,7205.0,SPXW260824C07205000,468.3,471.8,470.05,0.0,0.0,0.0,0.0,0.0,0.2578,0.9977,0.0,0.055,-0.0998,0.1968,468.5877,0.0,0.0,0.0,0.0,no_change,,0.0,0.0
SPXW,2026-08-24,3,Put,7205.0,SPXW260824P07205000,0.05,0.1,0.07500000000000001,0.05,0.05,0.0,10.0,0.0,0.245,-0.0023,0.0,0.0551,-0.0999,-0.0005,0.107,0.15,0.15,0.05,0.0,no_change,2026-08-21T15:58:47,0.0,0.0
SPXW,2026-08-24,3,Call,7210.0,SPXW260824C07210000,463.3,466.8,465.05,0.0,0.0,0.0,0.0,0.0,0.2465,0.9977,0.0,0.0559,-0.1006,0.1969,463.5892,0.0,0.0,0.0,444.25,no_change,,0.0,0.0
SPXW,2026-08-24,3,Put,7210.0,SPXW260824P07210000,0.05,0.15,0.1,0.1,-0.43,-78.1818,69.0,81.0,0.2425,-0.0023,0.0,0.056,-0.1007,-0.0005,0.1079,0.17,0.2,0.1,0.550000011920929,down,2026-08-21T15:59:35,0.0,0.0
SPXW,2026-08-24,3,Call,7215.0,SPXW260824C07215000,458.3,461.8,460.05,0.0,0.0,0.0,0.0,0.0,0.2439,0.9976,0.0,0.0568,-0.1014,0.197,458.5907,0.0,0.0,0.0,0.0,no_change,,0.0,0.0
SPXW,2026-08-24,3,Put,7215.0,SPXW260824P07215000,0.05,0.15,0.1,0.12,0.12,0.0,32.0,0.0,0.24,-0.0023,0.0,0.0569,-0.1015,-0.0005,0.1088,0.12,0.12,0.12,0.0,up,2026-08-21T15:00:01,0.0,0.0
SPXW,2026-08-24,3,Call,7220.0,SPXW260824C07220000,453.3,456.8,455.05,0.0,0.0,0.0,0.0,0.0,0.2413,0.9976,0.0,0.0577,-0.1022,0.1972,453.5922,0.0,0.0,0.0,433.900009155273,no_change,,0.0,0.0
SPXW,2026-08-24,3,Put,7220.0,SPXW260824P07220000,0.05,0.15,0.1,0.1,-0.45,-81.8182,54.0,82.0,0.2376,-0.0024,0.0,0.0578,-0.1023,-0.0005,0.1097,0.25,0.25,0.1,0.550000011920929,no_change,2026-08-21T16:11:05,0.0,0.0
SPXW,2026-08-24,3,Call,7225.0,SPXW260824C07225000,448.3,451.8,450.05,0.0,0.0,0.0,0.0,0.0,0.2538,0.9976,0.0,0.0586,-0.103,0.1973,448.5938,0.0,0.0,0.0,429.100006103516,no_change,,0.0,0.0
SPXW,2026-08-24,3,Put,7225.0,SPXW260824P07225000,0.05,0.1,0.07500000000000001,0.12,-0.43,-78.1818,222.0,70.0,0.2351,-0.0024,0.0,0.0587,-0.1031,-0.0005,0.1107,0.18,0.18,0.1,0.550000011920929,up,2026-08-21T16:12:09,0.0,0.0
SPXW,2026-08-24,3,Call,7230.0,SPXW260824C07230000,443.3,446.8,445.05,0.0,0.0,0.0,0.0,0.0,0.2445,0.9975,0.0,0.0596,-0.1039,0.1974,443.5954,0.0,0.0,0.0,424.300003051758,no_change,,0.0,0.0
SPXW,2026-08-24,3,Put,7230.0,SPXW260824P07230000,0.05,0.15,0.1,0.15,-0.4,-72.7273,17.0,144.0,0.2326,-0.0025,0.0,0.0597,-0.104,-0.0005,0.1117,0.2,0.2,0.15,0.550000011920929,no_change,2026-08-21T14:54:08,0.0,0.0
SPXW,2026-08-24,3,Call,7235.0,SPXW260824C07235000,438.3,441.8,440.05,0.0,0.0,0.0,0.0,0.0,0.2335,0.9975,0.0,0.0606,-0.1048,0.1976,438.597,0.0,0.0,0.0,419.349990844727,no_change,,0.0,0.0
SPXW,2026-08-24,3,Put,7235.0,SPXW260824P07235000,0.05,0.15,0.1,0.15,-0.425,-73.913,6.0,3.0,0.2302,-0.0025,0.0,0.0607,-0.1048,-0.0005,0.1127,0.15,0.15,0.15,0.575000017881394,no_change,2026-08-21T14:56:54,0.0,0.0
SPXW,2026-08-24,3,Call,7240.0,SPXW260824C07240000,433.3,436.8,435.05,0.0,0.0,0.0,0.0,0.0,0.2309,0.9974,0.0,0.0617,-0.1057,0.1977,433.5986,0.0,0.0,0.0,414.099990844727,no_change,,0.0,0.0
SPXW,2026-08-24,3,Put,7240.0,SPXW260824P07240000,0.05,0.15,0.1,0.12,-0.48,-80.0,98.0,66.0,0.2277,-0.0026,0.0,0.0618,-0.1057,-0.0005,0.1137,0.2,0.2,0.12,0.599999994039536,down,2026-08-21T15:32:04,0.0,0.0
SPXW,2026-08-24,3,Call,7245.0,SPXW260824C07245000,428.3,431.8,430.05,0.0,0.0,0.0,0.0,0.0,0.2283,0.9974,0.0,0.0627,-0.1066,0.1978,428.6003,0.0,0.0,0.0,409.349990844727,no_change,,0.0,0.0
SPXW,2026-08-24,3,Put,7245.0,SPXW260824P07245000,0.05,0.15,0.1,0.12,-0.48,-80.0,25.0,9.0,0.2253,-0.0026,0.0,0.0628,-0.1067,-0.0005,0.1148,0.15,0.15,0.07,0.599999994039536,up,2026-08-21T16:10:47,0.0,0.0
SPXW,2026-08-24,3,Call,7250.0,SPXW260824C07250000,423.3,426.8,425.05,247.57,0.0,0.0,0.0,7.0,0.2257,0.9974,0.0,0.0638,-0.1075,0.1979,423.602,0.0,0.0,0.0,404.0,down,2026-07-29T14:43:47,0.0,0.0
SPXW,2026-08-24,3,Put,7250.0,SPXW260824P07250000,0.05,0.15,0.1,0.1,-0.5,-83.3333,63.0,463.0,0.2228,-0.0026,0.0,0.0639,-0.1076,-0.0005,0.1159,0.2,0.2,0.05,0.599999994039536,no_change,2026-08-21T16:09:17,0.0,0.0
SPXW,2026-08-24,3,Call,7255.0,SPXW260824C07255000,418.3,421.8,420.05,0.0,0.0,0.0,0.0,0.0,0.2231,0.9973,0.0,0.065,-0.1085,0.1981,418.6037,0.0,0.0,0.0,399.349990844727,no_change,,0.0,0.0
SPXW,2026-08-24,3,Put,7255.0,SPXW260824P07255000,0.05,0.15,0.1,0.1,-0.525,-84.0,409.0,7.0,0.2203,-0.0027,0.0,0.0651,-0.1086,-0.0005,0.117,0.22,0.22,0.05,0.625,no_change,2026-08-21T16:10:29,0.0,0.0
SPXW,2026-08-24,3,Call,7260.0,SPXW260824C07260000,413.3,416.8,415.05,499.67,0.0,0.0,0.0,4.0,0.2205,0.9973,0.0,0.0661,-0.1095,0.1982,413.6055,0.0,0.0,0.0,394.199996948242,up,2026-08-17T14:59:47,0.0,0.0
SPXW,2026-08-24,3,Put,7260.0,SPXW260824P07260000,0.05,0.15,0.1,0.1,-0.525,-84.0,165.0,173.0,0.2179,-0.0027,0.0,0.0662,-0.1096,-0.0006,0.1182,0.2,0.2,0.05,0.625,no_change,2026-08-21T16:09:50,0.0,0.0
SPXW,2026-08-24,3,Call,7265.0,SPXW260824C07265000,407.9,411.8,409.85,0.0,0.0,0.0,0.0,0.0,0.2179,0.9972,0.0001,0.0673,-0.1105,0.1983,408.6072,0.0,0.0,0.0,389.0,no_change,,0.0,0.0
SPXW,2026-08-24,3,Put,7265.0,SPXW260824P07265000,0.1,0.15,0.125,0.11,-0.54,-83.0769,138.0,38.0,0.22,-0.0028,0.0001,0.0675,-0.1106,-0.0006,0.1194,0.15,0.2,0.05,0.650000005960464,up,2026-08-21T16:14:55,0.0,0.0
SPXW,2026-08-24,3,Call,7270.0,SPXW260824C07270000,402.9,406.8,404.85,215.0,0.0,0.0,0.0,3.0,0.2233,0.9972,0.0001,0.0686,-0.1116,0.1984,403.6091,0.0,0.0,0.0,384.399993896484,up,2026-07-30T10:43:28,0.0,0.0
SPXW,2026-08-24,3,Put,7270.0,SPXW260824P07270000,0.1,0.15,0.125,0.1,-0.55,-84.6154,396.0,33.0,0.2216,-0.0028,0.0001,0.0686,-0.1116,-0.0006,0.1205,0.2,0.2,0.05,0.650000005960464,no_change,2026-08-21T16:09:16,0.0,0.0
SPXW,2026-08-24,3,Call,7275.0,SPXW260824C07275000,398.4,401.8,400.1,372.81,0.0,0.0,0.0,1.0,0.2269,0.9971,0.0001,0.0699,-0.1126,0.1986,398.6109,0.0,0.0,0.0,379.199996948242,down,2026-08-20T15:56:53,0.0,0.0
SPXW,2026-08-24,3,Put,7275.0,SPXW260824P07275000,0.1,0.15,0.125,0.1,-0.55,-84.6154,534.0,213.0,0.2191,-0.0029,0.0001,0.0699,-0.1126,-0.0006,0.1217,0.28,0.28,0.05,0.650000005960464,no_change,2026-08-21T16:09:16,0.0,0.0
SPXW,2026-08-24,3,Call,7280.0,SPXW260824C07280000,393.4,396.8,395.1,409.31,0.0,0.0,0.0,16.0,0.2294,0.997,0.0001,0.0712,-0.1138,0.1987,393.6128,0.0,0.0,0.0,374.199996948242,down,2026-08-20T10:58:59,0.0,0.0
SPXW,2026-08-24,3,Put,7280.0,SPXW260824P07280000,0.1,0.15,0.125,0.1,-0.575,-85.1852,202.0,53.0,0.2164,-0.003,0.0001,0.0713,-0.1138,-0.0006,0.1232,0.24,0.24,0.05,0.674999982118606,no_change,2026-08-21T16:09:16,0.0,0.0
SPXW,2026-08-24,3,Call,7285.0,SPXW260824C07285000,388.4,391.8,390.1,0.0,0.0,0.0,0.0,0.0,0.2215,0.997,0.0001,0.0726,-0.1149,0.1988,388.6148,0.0,0.0,0.0,369.099990844727,no_change,,0.0,0.0
SPXW,2026-08-24,3,Put,7285.0,SPXW260824P07285000,0.1,0.15,0.125,0.1,-0.6,-85.7143,299.0,10.0,0.2138,-0.003,0.0001,0.0727,-0.115,-0.0006,0.1245,0.25,0.25,0.05,0.699999988079071,no_change,2026-08-21T16:06:36,0.0,0.0
SPXW,2026-08-24,3,Call,7290.0,SPXW260824C07290000,383.4,386.8,385.1,469.74,0.0,0.0,0.0,9.0,0.2188,0.9969,0.0001,0.074,-0.1161,0.1989,383.6168,0.0,0.0,0.0,364.199996948242,up,2026-08-17T14:59:47,0.0,0.0
SPXW,2026-08-24,3,Put,7290.0,SPXW260824P07290000,0.1,0.15,0.125,0.1,-0.6,-85.7143,176.0,164.0,0.2113,-0.0031,0.0001,0.0741,-0.1162,-0.0006,0.1259,0.22,0.22,0.05,0.699999988079071,no_change,2026-08-21T16:09:41,0.0,0.0
SPXW,2026-08-24,3,Call,7295.0,SPXW260824C07295000,378.4,381.8,380.1,0.0,0.0,0.0,0.0,0.0,0.2212,0.9969,0.0001,0.0755,-0.1173,0.1991,378.6188,0.0,0.0,0.0,359.099990844727,no_change,,0.0,0.0
SPXW,2026-08-24,3,Put,7295.0,SPXW260824P07295000,0.1,0.15,0.125,0.1,-0.6,-85.7143,105.0,20.0,0.2087,-0.0031,0.0001,0.0756,-0.1174,-0.0006,0.1274,0.2,0.2,0.05,0.699999988079071,up,2026-08-21T16:04:58,0.0,0.0
SPXW,2026-08-24,3,Call,7300.0,SPXW260824C07300000,373.4,376.8,375.1,380.4,26.3,7.42728,6.0,89.0,0.2134,0.9968,0.0001,0.077,-0.1186,0.1992,373.6209,378.99,380.4,371.8,354.099990844727,no_change,2026-08-21T15:28:46,0.0,0.0
SPXW,2026-08-24,3,Put,7300.0,SPXW260824P07300000,0.1,0.15,0.125,0.1,-0.6,-80.0,462.0,762.0,0.2062,-0.0032,0.0001,0.0771,-0.1187,-0.0006,0.1288,0.25,0.25,0.05,0.75,no_change,2026-08-21T16:05:40,0.0,0.0
SPXW,2026-08-24,3,Call,7305.0,SPXW260824C07305000,368.4,371.8,370.1,0.0,0.0,0.0,0.0,0.0,0.2158,0.9967,0.0001,0.0786,-0.1198,0.1993,368.623,0.0,0.0,0.0,349.350006103516,no_change,,0.0,0.0
SPXW,2026-08-24,3,Put,7305.0,SPXW260824P07305000,0.1,0.15,0.125,0.1,-0.65,-86.6667,73.0,35.0,0.2036,-0.0033,0.0001,0.0787,-0.12,-0.0007,0.1304,0.27,0.27,0.05,0.75,no_change,2026-08-21T16:03:57,0.0,0.0
SPXW,2026-08-24,3,Call,7310.0,SPXW260824C07310000,363.4,366.8,365.1,467.02,0.0,0.0,0.0,9.0,0.2021,0.9966,0.0001,0.0802,-0.1212,0.1994,363.6252,0.0,0.0,0.0,344.550003051758,up,2026-08-17T12:30:12,0.0,0.0
SPXW,2026-08-24,3,Put,7310.0,SPXW260824P07310000,0.1,0.15,0.125,0.1,-0.65,-86.6667,2119.0,92.0,0.2011,-0.0033,0.0001,0.0803,-0.1213,-0.0007,0.132,0.27,0.27,0.05,0.75,no_change,2026-08-21T16:06:17,0.0,0.0
SPXW,2026-08-24,3,Call,7315.0,SPXW260824C07315000,358.4,361.8,360.1,0.0,0.0,0.0,0.0,0.0,0.1995,0.9966,0.0001,0.0819,-0.1226,0.1996,358.6274,0.0,0.0,0.0,339.199996948242,no_change,,0.0,0.0
SPXW,2026-08-24,3,Put,7315.0,SPXW260824P07315000,0.1,0.15,0.125,0.1,-0.7,-87.5,53.0,27.0,0.1985,-0.0034,0.0001,0.082,-0.1227,-0.0007,0.1336,0.25,0.27,0.05,0.800000011920929,no_change,2026-08-21T16:04:22,0.0,0.0
SPXW,2026-08-24,3,Call,7320.0,SPXW260824C07320000,353.4,356.8,355.1,369.57,0.0,0.0,0.0,11.0,0.1968,0.9965,0.0001,0.0836,-0.124,0.1997,353.6297,0.0,0.0,0.0,334.300003051758,down,2026-08-20T10:58:59,0.0,0.0
SPXW,2026-08-24,3,Put,7320.0,SPXW260824P07320000,0.1,0.15,0.125,0.1,-0.7,-87.5,168.0,80.0,0.196,-0.0035,0.0001,0.0838,-0.1241,-0.0007,0.1353,0.27,0.3,0.05,0.800000011920929,no_change,2026-08-21T16:04:22,0.0,0.0
SPXW,2026-08-24,3,Call,7325.0,SPXW260824C07325000,348.4,351.8,350.1,195.5,0.0,0.0,0.0,6.0,0.1942,0.9964,0.0001,0.0854,-0.1255,0.1998,348.6321,0.0,0.0,0.0,329.25,up,2026-07-30T15:15:33,0.0,0.0
SPXW,2026-08-24,3,Put,7325.0,SPXW260824P07325000,0.1,0.15,0.125,0.1,-0.725,-87.8788,115.0,346.0,0.1934,-0.0036,0.0001,0.0856,-0.1256,-0.0007,0.1371,0.27,0.27,0.05,0.825000017881394,no_change,2026-08-21T16:05:55,0.0,0.0
SPXW,2026-08-24,3,Call,7330.0,SPXW260824C07330000,343.4,346.8,345.1,430.87,0.0,0.0,0.0,32.0,0.1916,0.9963,0.0001,0.0873,-0.127,0.1999,343.6345,0.0,0.0,0.0,324.400009155273,up,2026-08-11T11:13:20,0.0,0.0
SPXW,2026-08-24,3,Put,7330.0,SPXW260824P07330000,0.1,0.2,0.15000000000000002,0.12,-0.73,-85.8824,96.0,144.0,0.1908,-0.0037,0.0001,0.0875,-0.1272,-0.0007,0.1389,0.3,0.3,0.05,0.849999994039536,up,2026-08-21T16:13:11,0.0,0.0
SPXW,2026-08-24,3,Call,7335.0,SPXW260824C07335000,338.4,341.8,340.1,0.0,0.0,0.0,0.0,0.0,0.1946,0.9962,0.0001,0.0893,-0.1286,0.2,338.637,0.0,0.0,0.0,319.400009155273,no_change,,0.0,0.0
SPXW,2026-08-24,3,Put,7335.0,SPXW260824P07335000,0.1,0.2,0.15000000000000002,0.1,-0.75,-88.2353,42.0,6.0,0.1883,-0.0037,0.0001,0.0895,-0.1288,-0.0008,0.1408,0.3,0.3,0.1,0.849999994039536,no_change,2026-08-21T15:58:50,0.0,0.0
SPXW,2026-08-24,3,Call,7340.0,SPXW260824C07340000,333.4,336.8,335.1,434.13,0.0,0.0,0.0,5.0,0.1863,0.9962,0.0001,0.0913,-0.1303,0.2002,333.6396,0.0,0.0,0.0,314.300003051758,no_change,2026-08-04T15:23:28,0.0,0.0
SPXW,2026-08-24,3,Put,7340.0,SPXW260824P07340000,0.1,0.2,0.15000000000000002,0.1,-0.8,-88.8889,204.0,96.0,0.1857,-0.0038,0.0001,0.0915,-0.1304,-0.0008,0.1428,0.22,0.22,0.1,0.900000005960464,no_change,2026-08-21T16:04:18,0.0,0.0
SPXW,2026-08-24,3,Call,7345.0,SPXW260824C07345000,328.4,331.8,330.1,0.0,0.0,0.0,0.0,0.0,0.1836,0.9961,0.0001,0.0935,-0.132,0.2003,328.6422,0.0,0.0,0.0,309.400009155273,no_change,,0.0,0.0
SPXW,2026-08-24,3,Put,7345.0,SPXW260824P07345000,0.1,0.2,0.15000000000000002,0.1,-0.8,-88.8889,280.0,205.0,0.1832,-0.0039,0.0001,0.0936,-0.1321,-0.0008,0.1448,0.3,0.3,0.1,0.900000005960464,no_change,2026-08-21T15:58:50,0.0,0.0
SPXW,2026-08-24,3,Call,7350.0,SPXW260824C07350000,323.4,326.8,325.1,327.33,22.93,7.53285,6.0,82.0,0.181,0.996,0.0001,0.0957,-0.1337,0.2004,323.6449,319.72,327.33,319.36,304.400009155273,up,2026-08-21T11:01:51,0.0,0.0
SPXW,2026-08-24,3,Put,7350.0,SPXW260824P07350000,0.1,0.2,0.15000000000000002,0.15,-0.775,-83.7838,1170.0,2761.0,0.1806,-0.004,0.0001,0.0959,-0.1339,-0.0008,0.147,0.3,0.3,0.1,0.924999982118606,no_change,2026-08-21T16:10:28,0.0,0.0
SPXW,2026-08-24,3,Call,7355.0,SPXW260824C07355000,318.4,321.8,320.1,0.0,0.0,0.0,0.0,0.0,0.1783,0.9959,0.0001,0.098,-0.1356,0.2005,318.6477,0.0,0.0,0.0,299.450012207031,no_change,,0.0,0.0
SPXW,2026-08-24,3,Put,7355.0,SPXW260824P07355000,0.1,0.2,0.15000000000000002,0.1,-0.85,-89.4737,195.0,12.0,0.178,-0.0041,0.0001,0.0982,-0.1357,-0.0008,0.1492,0.3,0.3,0.1,0.949999988079071,no_change,2026-08-21T16:01:31,0.0,0.0
SPXW,2026-08-24,3,Call,7360.0,SPXW260824C07360000,313.4,316.8,315.1,319.89,24.44,8.27213,11.0,71.0,0.1757,0.9958,0.0001,0.1004,-0.1375,0.2006,313.6506,307.83,319.89,307.83,295.449996948242,no_change,2026-08-21T15:05:31,0.0,0.0
SPXW,2026-08-24,3,Put,7360.0,SPXW260824P07360000,0.1,0.15,0.125,0.15,-0.85,-85.0,131.0,132.0,0.1754,-0.0042,0.0001,0.1006,-0.1376,-0.0009,0.1515,0.37,0.37,0.1,0.999999970197678,no_change,2026-08-21T16:14:06,0.0,0.0
SPXW,2026-08-24,3,Call,7365.0,SPXW260824C07365000,308.4,311.8,310.1,314.91,25.41,8.7772,10.0,0.0,0.173,0.9956,0.0001,0.1029,-0.1394,0.2007,308.6536,314.91,314.91,314.91,289.5,no_change,2026-08-21T15:05:31,0.0,0.0
SPXW,2026-08-24,3,Put,7365.0,SPXW260824P07365000,0.1,0.2,0.15000000000000002,0.15,-0.875,-85.3659,6158.0,72.0,0.1729,-0.0044,0.0001,0.1031,-0.1396,-0.0009,0.1538,0.32,0.32,0.1,1.02499997615814,no_change,2026-08-21T16:09:52,0.0,0.0
SPXW,2026-08-24,3,Call,7370.0,SPXW260824C07370000,303.1,306.9,305.0,310.61,26.31,9.25431,18.0,216.0,0.1802,0.9955,0.0001,0.1056,-0.1415,0.2008,303.6567,307.65,314.43,307.65,284.300003051758,down,2026-08-21T15:53:31,0.0,0.0
SPXW,2026-08-24,3,Put,7370.0,SPXW260824P07370000,0.1,0.2,0.15000000000000002,0.15,-0.9,-85.7143,132.0,143.0,0.1703,-0.0045,0.0001,0.1058,-0.1417,-0.0009,0.1563,0.33,0.33,0.1,1.05000001192093,no_change,2026-08-21T16:13:06,0.0,0.0
SPXW,2026-08-24,3,Call,7375.0,SPXW260824C07375000,298.0,301.8,299.9,283.97,0.0,0.0,0.0,112.0,0.1775,0.9954,0.0001,0.1083,-0.1436,0.201,298.6598,0.0,0.0,0.0,279.949996948242,down,2026-08-20T15:10:04,0.0,0.0
SPXW,2026-08-24,3,Put,7375.0,SPXW260824P07375000,0.1,0.2,0.15000000000000002,0.15,-0.95,-86.3636,7774.0,325.0,0.1679,-0.0046,0.0001,0.1083,-0.1437,-0.0009,0.1587,0.3,0.35,0.1,1.09999996423721,no_change,2026-08-21T16:14:19,0.0,0.0
SPXW,2026-08-24,3,Call,7380.0,SPXW260824C07380000,293.0,296.8,294.9,300.87,26.27,9.56665,3.0,31.0,0.1747,0.9953,0.0001,0.1112,-0.1458,0.2011,293.6631,300.87,300.87,300.87,274.599990844727,down,2026-08-21T12:36:07,0.0,0.0
SPXW,2026-08-24,3,Put,7380.0,SPXW260824P07380000,0.1,0.2,0.15000000000000002,0.15,-0.975,-86.6667,161.0,3041.0,0.1704,-0.0047,0.0001,0.1114,-0.146,-0.001,0.1616,0.35,0.35,0.1,1.125,no_change,2026-08-21T16:09:17,0.0,0.0
SPXW,2026-08-24,3,Call,7385.0,SPXW260824C07385000,288.0,291.8,289.9,285.28,15.63,5.79641,1.0,1.0,0.172,0.9952,0.0001,0.1142,-0.1482,0.2012,288.6665,285.28,285.28,285.28,269.649993896484,down,2026-08-21T09:47:27,0.0,0.0
SPXW,2026-08-24,3,Put,7385.0,SPXW260824P07385000,0.15,0.2,0.175,0.1,-1.05,-91.3044,77.0,285.0,0.1677,-0.0048,0.0001,0.1144,-0.1483,-0.001,0.1644,0.3,0.33,0.1,1.15000003576279,no_change,2026-08-21T15:58:50,0.0,0.0
SPXW,2026-08-24,3,Call,7390.0,SPXW260824C07390000,283.5,286.8,285.15,289.46,24.36,9.18898,7.0,24.0,0.1692,0.995,0.0001,0.1173,-0.1506,0.2013,283.6701,281.5,289.46,281.5,265.100006103516,up,2026-08-21T15:59:32,0.0,0.0
SPXW,2026-08-24,3,Put,7390.0,SPXW260824P07390000,0.15,0.2,0.175,0.1,-1.1,-91.6667,237.0,328.0,0.1651,-0.005,0.0001,0.1176,-0.1508,-0.001,0.1674,0.3,0.32,0.1,1.19999998807907,no_change,2026-08-21T15:58:50,0.0,0.0
SPXW,2026-08-24,3,Call,7395.0,SPXW260824C07395000,278.5,281.8,280.15,288.03,28.28,10.8874,2.0,1.0,0.1665,0.9949,0.0001,0.1206,-0.1531,0.2014,278.6737,288.03,288.03,288.03,259.75,down,2026-08-21T11:06:29,0.0,0.0
SPXW,2026-08-24,3,Put,7395.0,SPXW260824P07395000,0.15,0.2,0.175,0.15,-1.1,-88.0,93.0,99.0,0.1624,-0.0051,0.0001,0.1208,-0.1533,-0.001,0.1705,0.3,0.35,0.1,1.25,up,2026-08-21T16:09:16,0.0,0.0
SPXW,2026-08-24,3,Call,7400.0,SPXW260824C07400000,273.5,276.8,275.15,280.43,25.13,9.84332,12.0,125.0,0.1673,0.9947,0.0001,0.124,-0.1557,0.2015,273.6775,277.62,281.91,274.07,255.300003051758,up,2026-08-21T15:36:17,0.0,0.0
SPXW,2026-08-24,3,Put,7400.0,SPXW260824P07400000,0.15,0.2,0.175,0.15,-1.15,-88.4615,743.0,1118.0,0.1598,-0.0053,0.0001,0.1243,-0.1559,-0.0011,0.1737,0.32,0.35,0.1,1.30000001192093,no_change,2026-08-21T16:09:55,0.0,0.0
SPXW,2026-08-24,3,Call,7405.0,SPXW260824C07405000,268.5,271.8,270.15,271.86,21.66,8.65708,1.0,0.0,0.1569,0.9945,0.0001,0.1276,-0.1584,0.2016,268.6815,271.86,271.86,271.86,250.199996948242,up,2026-08-21T13:51:19,0.0,0.0
SPXW,2026-08-24,3,Put,7405.0,SPXW260824P07405000,0.15,0.2,0.175,0.2,-1.15,-85.1852,587.0,223.0,0.1571,-0.0055,0.0001,0.1279,-0.1587,-0.0011,0.1771,0.37,0.4,0.1,1.34999996423721,no_change,2026-08-21T16:10:26,0.0,0.0
SPXW,2026-08-24,3,Call,7410.0,SPXW260824C07410000,263.5,266.8,265.15,272.27,27.32,11.1533,14.0,93.0,0.1542,0.9944,0.0001,0.1314,-0.1613,0.2017,263.6856,266.13,274.34,266.13,244.949996948242,down,2026-08-21T13:06:00,0.0,0.0
SPXW,2026-08-24,3,Put,7410.0,SPXW260824P07410000,0.15,0.2,0.175,0.15,-1.275,-89.4737,1902.0,261.0,0.1545,-0.0056,0.0001,0.1317,-0.1615,-0.0011,0.1806,0.4,0.4,0.1,1.42500001192093,no_change,2026-08-21T16:09:16,0.0,0.0
SPXW,2026-08-24,3,Call,7415.0,SPXW260824C07415000,258.5,261.8,260.15,268.42,28.42,11.8417,1.0,0.0,0.1515,0.9942,0.0002,0.1354,-0.1643,0.2018,258.69,268.42,268.42,268.42,240.0,up,2026-08-21T13:00:37,0.0,0.0
SPXW,2026-08-24,3,Put,7415.0,SPXW260824P07415000,0.15,0.2,0.175,0.15,-1.35,-90.0,219.0,114.0,0.1518,-0.0058,0.0002,0.1357,-0.1646,-0.0012,0.1844,0.44,0.44,0.1,1.5,no_change,2026-08-21T16:08:59,0.0,0.0
SPXW,2026-08-24,3,Call,7420.0,SPXW260824C07420000,253.5,256.8,255.15,260.09,23.94,10.1376,2.0,25.0,0.1527,0.994,0.0002,0.1396,-0.1675,0.2019,253.6945,250.41,260.09,250.41,236.150001525879,up,2026-08-21T15:42:04,0.0,0.0
SPXW,2026-08-24,3,Put,7420.0,SPXW260824P07420000,0.15,0.25,0.2,0.17,-1.38,-89.0323,171.0,252.0,0.1492,-0.006,0.0002,0.1399,-0.1677,-0.0012,0.1883,0.42,0.42,0.1,1.55000001192093,no_change,2026-08-21T16:11:55,0.0,0.0
SPXW,2026-08-24,3,Call,7425.0,SPXW260824C07425000,248.5,251.8,250.15,291.55,0.0,0.0,0.0,155.0,0.1461,0.9938,0.0002,0.144,-0.1708,0.202,248.6993,0.0,0.0,0.0,231.0,down,2026-08-19T13:24:28,0.0,0.0
SPXW,2026-08-24,3,Put,7425.0,SPXW260824P07425000,0.15,0.25,0.2,0.17,-1.4,-84.8485,1764.0,1262.0,0.1465,-0.0062,0.0002,0.1444,-0.1711,-0.0013,0.1925,0.44,0.45,0.1,1.65000003576279,up,2026-08-21T16:08:00,0.0,0.0
SPXW,2026-08-24,3,Call,7430.0,SPXW260824C07430000,243.5,246.8,245.15,252.0,26.05,11.5291,34.0,47.0,0.1434,0.9936,0.0002,0.1487,-0.1744,0.2021,243.7043,246.13,254.52,245.39,225.949996948242,down,2026-08-21T12:36:52,0.0,0.0
SPXW,2026-08-24,3,Put,7430.0,SPXW260824P07430000,0.15,0.25,0.2,0.2,-1.55,-91.1765,178.0,308.0,0.1438,-0.0064,0.0002,0.1491,-0.1746,-0.0013,0.1969,0.48,0.48,0.1,1.69999998807907,no_change,2026-08-21T16:10:31,0.0,0.0
SPXW,2026-08-24,3,Call,7435.0,SPXW260824C07435000,238.5,241.7,240.1,243.91,22.76,10.2917,3.0,0.0,0.1406,0.9933,0.0002,0.1537,-0.1781,0.2022,238.7095,243.91,243.91,243.91,221.150001525879,up,2026-08-21T15:13:40,0.0,0.0
SPXW,2026-08-24,3,Put,7435.0,SPXW260824P07435000,0.15,0.25,0.2,0.2,-1.6,-88.8889,475.0,131.0,0.1412,-0.0067,0.0002,0.1541,-0.1784,-0.0014,0.2016,0.5,0.5,0.15,1.80000001192093,no_change,2026-08-21T16:11:40,0.0,0.0
SPXW,2026-08-24,3,Call,7440.0,SPXW260824C07440000,233.5,236.7,235.1,240.99,26.44,12.3235,11.0,92.0,0.1379,0.9931,0.0002,0.159,-0.182,0.2023,233.7151,244.53,244.53,240.99,214.550003051758,down,2026-08-21T12:36:07,0.0,0.0
SPXW,2026-08-24,3,Put,7440.0,SPXW260824P07440000,0.15,0.25,0.2,0.22,-1.68,-88.4211,424.0,289.0,0.1385,-0.0069,0.0002,0.1594,-0.1823,-0.0014,0.2066,0.5,0.5,0.15,1.90000003576279,up,2026-08-21T16:14:55,0.0,0.0
SPXW,2026-08-24,3,Call,7445.0,SPXW260824C07445000,228.5,231.7,230.1,227.26,17.16,8.16754,1.0,1.0,0.1422,0.9928,0.0002,0.1646,-0.1862,0.2024,228.721,227.26,227.26,227.26,210.099998474121,down,2026-08-21T09:45:42,0.0,0.0
SPXW,2026-08-24,3,Put,7445.0,SPXW260824P07445000,0.15,0.25,0.2,0.15,-1.85,-92.5,258.0,67.0,0.1377,-0.0072,0.0002,0.165,-0.1866,-0.0015,0.2119,0.5,0.5,0.15,2.0,no_change,2026-08-21T16:01:34,0.0,0.0
SPXW,2026-08-24,3,Call,7450.0,SPXW260824C07450000,223.1,226.7,224.89999999999998,230.38,25.28,12.3257,47.0,60.0,0.1393,0.9925,0.0002,0.1705,-0.1907,0.2024,223.7272,227.53,247.02,224.14,205.099998474121,up,2026-08-21T15:29:22,0.0,0.0
SPXW,2026-08-24,3,Put,7450.0,SPXW260824P07450000,0.15,0.25,0.2,0.2,-1.9,-90.4762,2440.0,993.0,0.1331,-0.0075,0.0002,0.171,-0.191,-0.0015,0.2176,0.55,0.55,0.15,2.10000002384186,no_change,2026-08-21T16:09:45,0.0,0.0
SPXW,2026-08-24,3,Call,7455.0,SPXW260824C07455000,218.1,221.7,219.89999999999998,222.24,22.04,11.009,3.0,8.0,0.1365,0.9922,0.0002,0.1769,-0.1955,0.2025,218.7339,217.26,222.24,217.26,200.200004577637,up,2026-08-21T14:53:24,0.0,0.0
SPXW,2026-08-24,3,Put,7455.0,SPXW260824P07455000,0.2,0.25,0.225,0.2,-2.025,-91.0112,565.0,121.0,0.1339,-0.0078,0.0002,0.1774,-0.1959,-0.0016,0.2237,0.5,0.55,0.15,2.22500002384186,no_change,2026-08-21T16:06:45,0.0,0.0
SPXW,2026-08-24,3,Call,7460.0,SPXW260824C07460000,213.1,216.7,214.89999999999998,295.91,0.0,0.0,0.0,78.0,0.1337,0.9919,0.0002,0.1837,-0.2006,0.2026,213.7411,0.0,0.0,0.0,195.25,down,2026-08-17T15:40:04,0.0,0.0
SPXW,2026-08-24,3,Put,7460.0,SPXW260824P07460000,0.2,0.25,0.225,0.2,-2.15,-91.4894,316.0,271.0,0.1314,-0.0081,0.0002,0.1837,-0.2006,-0.0016,0.2298,0.6,0.6,0.15,2.35000002384186,no_change,2026-08-21T16:07:39,0.0,0.0
SPXW,2026-08-24,3,Call,7465.0,SPXW260824C07465000,208.1,211.7,209.89999999999998,208.27,17.92,9.41424,1.0,2.0,0.1309,0.9916,0.0003,0.191,-0.2062,0.2026,208.7488,208.27,208.27,208.27,190.349998474121,down,2026-08-21T14:40:48,0.0,0.0
SPXW,2026-08-24,3,Put,7465.0,SPXW260824P07465000,0.2,0.3,0.25,0.2,-2.3,-92.0,7524.0,163.0,0.1286,-0.0084,0.0003,0.191,-0.2062,-0.0017,0.2369,0.6,0.62,0.15,2.5,no_change,2026-08-21T16:08:10,0.0,0.0
SPXW,2026-08-24,3,Call,7470.0,SPXW260824C07470000,203.6,206.7,205.14999999999998,207.53,22.03,11.876,25.0,146.0,0.1251,0.9912,0.0003,0.1988,-0.2123,0.2027,203.7572,208.74,227.47,207.53,185.5,down,2026-08-21T13:33:30,0.0,0.0
SPXW,2026-08-24,3,Put,7470.0,SPXW260824P07470000,0.2,0.3,0.25,0.2,-2.45,-92.4528,270.0,312.0,0.1258,-0.0088,0.0003,0.1989,-0.2123,-0.0018,0.2448,0.68,0.68,0.15,2.64999997615814,no_change,2026-08-21T16:02:28,0.0,0.0
SPXW,2026-08-24,3,Call,7475.0,SPXW260824C07475000,198.6,201.9,200.25,204.55,23.7,13.1048,4.0,175.0,0.1223,0.9907,0.0003,0.2073,-0.2189,0.2028,198.7663,202.42,204.55,198.32,180.849998474121,up,2026-08-21T15:57:43,0.0,0.0
SPXW,2026-08-24,3,Put,7475.0,SPXW260824P07475000,0.2,0.3,0.25,0.25,-2.51,-89.6429,9505.0,4440.0,0.1231,-0.0093,0.0003,0.2074,-0.2189,-0.0019,0.2533,0.68,0.7,0.15,2.79999995231628,no_change,2026-08-21T16:14:01,0.0,0.0
SPXW,2026-08-24,3,Call,7480.0,SPXW260824C07480000,193.6,196.9,195.25,199.55,23.7,13.4774,15.0,58.0,0.1195,0.9903,0.0003,0.2166,-0.2261,0.2028,193.7764,198.94,204.06,196.44,175.849998474121,up,2026-08-21T15:57:43,0.0,0.0
SPXW,2026-08-24,3,Put,7480.0,SPXW260824P07480000,0.2,0.3,0.25,0.22,-2.805,-92.7273,336.0,346.0,0.1203,-0.0097,0.0003,0.2167,-0.2263,-0.002,0.2629,0.8,0.8,0.2,3.02499997615814,no_change,2026-08-21T16:09:31,0.0,0.0
SPXW,2026-08-24,3,Call,7485.0,SPXW260824C07485000,188.6,191.7,190.14999999999998,195.85,24.85,14.5322,14.0,0.0,0.1167,0.9898,0.0003,0.2266,-0.2342,0.2028,188.7875,197.98,199.48,195.85,171.0,down,2026-08-21T15:50:58,0.0,0.0
SPXW,2026-08-24,3,Put,7485.0,SPXW260824P07485000,0.25,0.3,0.275,0.25,-2.91,-92.381,778.0,140.0,0.119,-0.0102,0.0003,0.2268,-0.2343,-0.0021,0.2734,0.8,0.8,0.2,3.14999997615814,up,2026-08-21T16:14:38,0.0,0.0
SPXW,2026-08-24,3,Call,7490.0,SPXW260824C07490000,183.6,186.7,185.14999999999998,189.34,23.04,13.8545,14.0,96.0,0.1167,0.9892,0.0004,0.2376,-0.2431,0.2028,183.7998,177.68,192.24,177.68,166.299995422363,down,2026-08-21T12:53:04,0.0,0.0
SPXW,2026-08-24,3,Put,7490.0,SPXW260824P07490000,0.25,0.3,0.275,0.25,-3.1,-92.5373,1054.0,198.0,0.1174,-0.0108,0.0004,0.2378,-0.2433,-0.0022,0.2851,0.85,0.9,0.2,3.35000002384186,no_change,2026-08-21T16:14:06,0.0,0.0
SPXW,2026-08-24,3,Call,7495.0,SPXW260824C07495000,178.6,181.7,180.14999999999998,184.61,23.21,14.3804,11.0,3.0,0.1185,0.9886,0.0004,0.2497,-0.2531,0.2028,178.8136,181.97,184.61,181.97,161.400001525879,up,2026-08-21T14:59:39,0.0,0.0
SPXW,2026-08-24,3,Put,7495.0,SPXW260824P07495000,0.25,0.35,0.3,0.3,-3.26,-90.5556,610.0,205.0,0.1146,-0.0114,0.0004,0.25,-0.2533,-0.0023,0.2984,0.93,0.95,0.2,3.60000002384186,up,2026-08-21T16:13:30,0.0,0.0
SPXW,2026-08-24,3,Call,7500.0,SPXW260824C07500000,173.3,176.8,175.05,174.67,17.52,11.1486,38.0,253.0,0.1175,0.9878,0.0004,0.2631,-0.2644,0.2028,173.8291,169.93,183.38,166.15,157.150001525879,down,2026-08-21T16:11:55,0.0,0.0
SPXW,2026-08-24,3,Put,7500.0,SPXW260824P07500000,0.25,0.35,0.3,0.3,-3.55,-93.4211,3373.0,834.0,0.113,-0.0121,0.0004,0.2631,-0.2644,-0.0025,0.313,1.03,1.05,0.25,3.80000007152557,down,2026-08-21T16:13:40,0.0,0.0
SPXW,2026-08-24,3,Call,7505.0,SPXW260824C07505000,168.3,171.7,170.0,178.09,26.04,17.1259,13.0,7.0,0.1105,0.9871,0.0004,0.2778,-0.2771,0.2028,168.8467,166.25,179.41,166.25,152.050003051758,up,2026-08-21T12:59:55,0.0,0.0
SPXW,2026-08-24,3,Put,7505.0,SPXW260824P07505000,0.3,0.35,0.32499999999999996,0.32,-3.7,-91.358,634.0,298.0,0.1101,-0.0129,0.0004,0.2778,-0.2771,-0.0026,0.33,1.07,1.07,0.25,4.04999995231628,up,2026-08-21T16:14:43,0.0,0.0
SPXW,2026-08-24,3,Call,7510.0,SPXW260824C07510000,163.7,166.8,165.25,171.37,24.17,16.4198,20.0,177.0,0.1076,0.9862,0.0005,0.2942,-0.2914,0.2028,163.8667,158.01,171.37,158.01,147.200004577637,no_change,2026-08-21T13:15:21,0.0,0.0
SPXW,2026-08-24,3,Put,7510.0,SPXW260824P07510000,0.3,0.4,0.35,0.3,-3.99,-91.7241,1478.0,295.0,0.1072,-0.0138,0.0005,0.2943,-0.2915,-0.0028,0.3495,1.12,1.2,0.25,4.35000014305115,down,2026-08-21T16:11:20,0.0,0.0
SPXW,2026-08-24,3,Call,7515.0,SPXW260824C07515000,158.7,162.0,160.35,160.54,18.14,12.7388,3.0,17.0,0.1047,0.9851,0.0005,0.3125,-0.3079,0.2027,158.8896,156.35,162.69,156.35,142.400001525879,down,2026-08-21T13:58:42,0.0,0.0
SPXW,2026-08-24,3,Put,7515.0,SPXW260824P07515000,0.3,0.4,0.35,0.32,-4.3,-92.4731,1245.0,706.0,0.1054,-0.0149,0.0005,0.3126,-0.3079,-0.003,0.3718,1.22,1.32,0.25,4.64999985694885,down,2026-08-21T16:09:31,0.0,0.0
SPXW,2026-08-24,3,Call,7520.0,SPXW260824C07520000,153.3,156.8,155.05,161.86,24.06,17.4601,12.0,188.0,0.1073,0.984,0.0006,0.3329,-0.3266,0.2026,153.916,173.18,173.18,159.72,137.799995422363,up,2026-08-21T15:42:49,0.0,0.0
SPXW,2026-08-24,3,Put,7520.0,SPXW260824P07520000,0.35,0.4,0.375,0.4,-4.6,-92.9293,625.0,825.0,0.1045,-0.016,0.0006,0.3329,-0.3266,-0.0033,0.3975,1.37,1.4,0.3,4.95000004768372,no_change,2026-08-21T16:13:17,0.0,0.0
SPXW,2026-08-24,3,Call,7525.0,SPXW260824C07525000,148.4,151.9,150.15,157.11,23.51,17.5973,13.0,246.0,0.1058,0.9826,0.0006,0.3559,-0.3482,0.2024,148.9465,154.61,157.11,154.61,133.599998474121,up,2026-08-21T15:39:39,0.0,0.0
SPXW,2026-08-24,3,Put,7525.0,SPXW260824P07525000,0.35,0.45,0.4,0.4,-4.9,-92.4528,2561.0,488.0,0.1024,-0.0174,0.0006,0.3559,-0.3482,-0.0036,0.4274,1.42,1.55,0.3,5.29999995231628,no_change,2026-08-21T16:14:40,0.0,0.0
SPXW,2026-08-24,3,Call,7530.0,SPXW260824C07530000,143.8,146.9,145.35000000000002,148.14,19.69,15.3289,13.0,74.0,0.0996,0.9811,0.0007,0.3816,-0.3729,0.2023,143.9819,141.96,148.14,138.48,128.450000762939,up,2026-08-21T11:22:50,0.0,0.0
SPXW,2026-08-24,3,Put,7530.0,SPXW260824P07530000,0.4,0.45,0.42500000000000004,0.45,-5.25,-92.9204,827.0,552.0,0.1002,-0.0189,0.0007,0.382,-0.3733,-0.0039,0.4628,1.55,1.7,0.35,5.64999985694885,up,2026-08-21T16:11:29,0.0,0.0
SPXW,2026-08-24,3,Call,7535.0,SPXW260824C07535000,138.4,141.9,140.15,0.0,0.0,0.0,0.0,0.0,0.101,0.9793,0.0007,0.4104,-0.4013,0.202,139.0231,0.0,0.0,0.0,124.0,no_change,,0.0,0.0
SPXW,2026-08-24,3,Put,7535.0,SPXW260824P07535000,0.45,0.5,0.475,0.47,-5.55,-91.7355,977.0,268.0,0.0988,-0.0207,0.0007,0.4104,-0.4013,-0.0042,0.5028,1.72,1.83,0.4,6.04999995231628,up,2026-08-21T16:14:17,0.0,0.0
SPXW,2026-08-24,3,Call,7540.0,SPXW260824C07540000,133.5,137.0,135.25,140.02,20.22,16.8781,13.0,618.0,0.0992,0.9773,0.0008,0.4427,-0.4338,0.2018,134.0709,127.48,142.9,127.48,119.799999237061,down,2026-08-21T13:21:34,0.0,0.0
SPXW,2026-08-24,3,Put,7540.0,SPXW260824P07540000,0.5,0.55,0.525,0.5,-5.9,-91.4729,2198.0,191.0,0.0971,-0.0227,0.0008,0.4427,-0.4338,-0.0047,0.55,1.85,2.1,0.45,6.45000004768372,down,2026-08-21T16:14:29,0.0,0.0
SPXW,2026-08-24,3,Call,7545.0,SPXW260824C07545000,128.5,132.0,130.25,135.55,20.8,18.1264,20.0,2.0,0.096,0.9749,0.0009,0.4791,-0.4711,0.2014,129.1268,125.98,152.71,118.64,114.75,up,2026-08-21T15:31:57,0.0,0.0
SPXW,2026-08-24,3,Put,7545.0,SPXW260824P07545000,0.55,0.6,0.575,0.55,-6.3,-91.3043,2632.0,328.0,0.0959,-0.0251,0.0009,0.4791,-0.4711,-0.0052,0.6053,2.04,2.25,0.45,6.90000009536743,no_change,2026-08-21T16:14:40,0.0,0.0
SPXW,2026-08-24,3,Call,7550.0,SPXW260824C07550000,124.0,127.1,125.55,125.08,14.78,13.3998,28.0,131.0,0.094,0.9722,0.001,0.5198,-0.5139,0.201,124.1921,122.63,132.18,117.58,110.299999237061,down,2026-08-21T16:12:06,0.0,0.0
SPXW,2026-08-24,3,Put,7550.0,SPXW260824P07550000,0.6,0.7,0.6499999999999999,0.63,-6.75,-91.2162,3101.0,675.0,0.0939,-0.0278,0.001,0.5198,-0.5139,-0.0057,0.67,2.2,2.5,0.55,7.40000009536743,no_change,2026-08-21T16:14:27,0.0,0.0
SPXW,2026-08-24,3,Call,7555.0,SPXW260824C07555000,119.1,122.3,120.69999999999999,130.99,25.09,23.6922,9.0,5.0,0.0939,0.969,0.0011,0.5652,-0.5627,0.2004,119.2682,109.04,142.86,109.04,105.899997711182,down,2026-08-21T12:05:27,0.0,0.0
SPXW,2026-08-24,3,Put,7555.0,SPXW260824P07555000,0.7,0.75,0.725,0.7,-7.12,-90.1266,1144.0,256.0,0.0923,-0.031,0.0011,0.5652,-0.5627,-0.0064,0.7455,2.52,2.63,0.6,7.90000009536743,no_change,2026-08-21T16:12:54,0.0,0.0
SPXW,2026-08-24,3,Call,7560.0,SPXW260824C07560000,114.2,117.2,115.7,120.03,18.73,18.4896,75.0,111.0,0.0906,0.9654,0.0012,0.6157,-0.618,0.1998,114.3568,108.33,135.6,106.61,101.299999237061,down,2026-08-21T15:54:03,0.0,0.0
SPXW,2026-08-24,3,Put,7560.0,SPXW260824P07560000,0.75,0.85,0.8,0.8,-7.7,-90.5882,2027.0,796.0,0.0911,-0.0346,0.0012,0.6157,-0.618,-0.0071,0.8335,2.69,3.0,0.7,8.5,no_change,2026-08-21T16:13:44,0.0,0.0
SPXW,2026-08-24,3,Call,7565.0,SPXW260824C07565000,109.3,112.3,110.8,95.21,0.0,0.0,0.0,14.0,0.0891,0.9612,0.0014,0.6717,-0.6807,0.1991,109.4601,0.0,0.0,0.0,97.1000022888184,down,2026-08-20T16:03:27,0.0,0.0
SPXW,2026-08-24,3,Put,7565.0,SPXW260824P07565000,0.85,1.0,0.925,0.92,-8.15,-89.5604,1503.0,264.0,0.0899,-0.0388,0.0014,0.6717,-0.6807,-0.008,0.9362,3.0,3.39,0.75,9.09999990463257,up,2026-08-21T16:14:50,0.0,0.0
SPXW,2026-08-24,3,Call,7570.0,SPXW260824C07570000,104.4,107.6,106.0,111.8,19.1,20.6041,42.0,98.0,0.083,0.9564,0.0015,0.7337,-0.7514,0.1982,104.5803,111.86,115.16,105.5,92.7000007629394,up,2026-08-21T15:59:19,0.0,0.0
SPXW,2026-08-24,3,Put,7570.0,SPXW260824P07570000,1.0,1.1,1.05,1.02,-8.6,-88.6598,1348.0,255.0,0.0885,-0.0436,0.0015,0.7337,-0.7514,-0.009,1.0558,3.3,3.7,0.8,9.7000002861023,down,2026-08-21T16:14:50,0.0,0.0
SPXW,2026-08-24,3,Call,7575.0,SPXW260824C07575000,99.2,102.6,100.9,107.0,18.2,20.4955,54.0,336.0,0.0883,0.9509,0.0017,0.8017,-0.8304,0.1972,99.7195,93.4,119.3,93.4,88.7999992370606,down,2026-08-21T15:59:19,0.0,0.0
SPXW,2026-08-24,3,Put,7575.0,SPXW260824P07575000,1.15,1.25,1.2,1.15,-9.15,-87.9808,9516.0,7004.0,0.0869,-0.0491,0.0017,0.8017,-0.8304,-0.0102,1.1945,3.64,4.14,0.9,10.4000000953674,down,2026-08-21T16:14:52,0.0,0.0
SPXW,2026-08-24,3,Call,7580.0,SPXW260824C07580000,94.7,97.7,96.2,95.58,11.43,13.5829,65.0,115.0,0.0853,0.9445,0.0019,0.876,-0.9183,0.196,94.8809,92.53,114.38,92.07,84.1499977111816,down,2026-08-21T16:12:21,0.0,0.0
SPXW,2026-08-24,3,Put,7580.0,SPXW260824P07580000,1.3,1.4,1.35,1.32,-9.7,-86.9955,3455.0,1953.0,0.0853,-0.0555,0.0019,0.876,-0.9183,-0.0115,1.3552,4.0,4.42,1.03,11.1500000953674,no_change,2026-08-21T16:14:46,0.0,0.0
SPXW,2026-08-24,3,Call,7585.0,SPXW260824C07585000,89.9,92.9,91.4,97.21,17.31,21.6646,9.0,10.0,0.0841,0.9373,0.0021,0.957,-1.0154,0.1946,90.0675,85.07,98.78,85.07,79.9000015258789,up,2026-08-21T15:43:14,0.0,0.0
SPXW,2026-08-24,3,Put,7585.0,SPXW260824P07585000,1.5,1.6,1.55,1.55,-10.4,-87.0293,8086.0,6210.0,0.0841,-0.0627,0.0021,0.957,-1.0154,-0.013,1.5412,4.3,5.0,1.15,11.9499998092651,up,2026-08-21T16:14:38,0.0,0.0
SPXW,2026-08-24,3,Call,7590.0,SPXW260824C07590000,85.1,88.1,86.6,85.4,9.55,12.5906,76.0,58.0,0.0826,0.9291,0.0024,1.0446,-1.1219,0.1931,85.2822,86.01,102.33,80.78,75.8500022888184,down,2026-08-21T16:13:58,0.0,0.0
SPXW,2026-08-24,3,Put,7590.0,SPXW260824P07590000,1.7,1.8,1.75,1.7,-11.02,-86.0938,3070.0,628.0,0.0828,-0.0709,0.0024,1.0446,-1.1219,-0.0147,1.7554,4.75,5.5,1.32,12.7999997138977,no_change,2026-08-21T16:14:31,0.0,0.0
SPXW,2026-08-24,3,Call,7595.0,SPXW260824C07595000,80.4,83.4,81.9,81.4,9.3,12.8987,36.0,60.0,0.0807,0.9198,0.0026,1.1386,-1.2378,0.1912,80.5295,89.7,98.6,80.03,72.1000022888184,down,2026-08-21T16:12:06,0.0,0.0
SPXW,2026-08-24,3,Put,7595.0,SPXW260824P07595000,1.95,2.0,1.975,2.0,-11.65,-85.0365,1540.0,432.0,0.0812,-0.0802,0.0026,1.1386,-1.2378,-0.0167,2.002,5.1,6.14,1.5,13.7000002861023,up,2026-08-21T16:14:51,0.0,0.0
SPXW,2026-08-24,3,Call,7600.0,SPXW260824C07600000,75.3,78.8,77.05,77.26,9.21,13.5342,134.0,422.0,0.0809,0.9092,0.003,1.2394,-1.3631,0.1892,75.8134,72.12,95.25,72.12,68.0499992370606,down,2026-08-21T16:06:53,0.0,0.0
SPXW,2026-08-24,3,Put,7600.0,SPXW260824P07600000,2.25,2.3,2.275,2.27,-12.35,-84.0136,6960.0,4296.0,0.08,-0.0908,0.003,1.2394,-1.3631,-0.0189,2.2854,5.65,6.8,1.7,14.7000002861023,no_change,2026-08-21T16:14:39,0.0,0.0
SPXW,2026-08-24,3,Call,7605.0,SPXW260824C07605000,70.9,74.2,72.55000000000001,72.8,6.02,9.38425,48.0,40.0,0.0788,0.8973,0.0033,1.3464,-1.497,0.1868,71.1386,73.75,89.44,64.36,64.1500015258789,down,2026-08-21T16:07:41,0.0,0.0
SPXW,2026-08-24,3,Put,7605.0,SPXW260824P07605000,2.55,2.65,2.5999999999999996,2.6,-13.1,-82.9114,1558.0,491.0,0.0785,-0.1027,0.0033,1.3464,-1.497,-0.0214,2.61,6.31,7.4,1.9,15.7999997138977,down,2026-08-21T16:14:00,0.0,0.0
SPXW,2026-08-24,3,Call,7610.0,SPXW260824C07610000,66.2,69.3,67.75,66.66,5.23,8.6805,55.0,78.0,0.0769,0.8838,0.0036,1.459,-1.6393,0.1841,66.5116,70.55,84.11,60.06,60.25,down,2026-08-21T16:13:32,0.0,0.0
SPXW,2026-08-24,3,Put,7610.0,SPXW260824P07610000,2.9,3.0,2.95,2.88,-13.88,-82.1302,2047.0,1701.0,0.0773,-0.1162,0.0036,1.459,-1.6393,-0.0242,2.9823,6.5,8.2,2.17,16.8999996185303,down,2026-08-21T16:14:43,0.0,0.0
SPXW,2026-08-24,3,Call,7615.0,SPXW260824C07615000,61.7,64.7,63.2,66.82,10.32,18.2655,83.0,25.0,0.076,0.8686,0.004,1.5777,-1.7888,0.1811,61.9384,64.16,84.68,59.22,56.5,down,2026-08-21T15:56:40,0.0,0.0
SPXW,2026-08-24,3,Put,7615.0,SPXW260824P07615000,3.3,3.4,3.3499999999999996,3.3,-14.6,-80.663,2012.0,1493.0,0.0755,-0.1314,0.004,1.5777,-1.7888,-0.0274,3.4085,7.5,9.0,2.47,18.1000003814697,down,2026-08-21T16:14:49,0.0,0.0
SPXW,2026-08-24,3,Call,7620.0,SPXW260824C07620000,57.1,60.2,58.650000000000006,57.5,4.7,8.90151,163.0,89.0,0.074,0.8515,0.0045,1.7005,-1.9444,0.1776,57.4275,60.32,72.3,52.29,52.8000011444092,down,2026-08-21T16:13:58,0.0,0.0
SPXW,2026-08-24,3,Put,7620.0,SPXW260824P07620000,3.8,3.9,3.8499999999999996,3.8,-15.4,-79.3814,2503.0,1512.0,0.0742,-0.1485,0.0045,1.7005,-1.9444,-0.031,3.897,8.4,9.72,2.8,19.3999996185303,up,2026-08-21T16:14:37,0.0,0.0
SPXW,2026-08-24,3,Call,7625.0,SPXW260824C07625000,52.4,55.8,54.099999999999994,54.23,5.03,10.2236,159.0,648.0,0.0735,0.8323,0.005,1.8275,-2.1044,0.1737,52.9885,53.5,67.31,50.11,49.1999988555908,down,2026-08-21T16:14:40,0.0,0.0
SPXW,2026-08-24,3,Put,7625.0,SPXW260824P07625000,4.3,4.5,4.4,4.35,-16.2,-77.8846,2264.0,869.0,0.0731,-0.1677,0.005,1.8275,-2.1044,-0.035,4.4575,8.9,10.99,3.16,20.8000001907349,up,2026-08-21T16:14:40,0.0,0.0
SPXW,2026-08-24,3,Call,7630.0,SPXW260824C07630000,48.3,51.3,49.8,49.6,1.96,4.28884,85.0,117.0,0.071,0.8108,0.0054,1.9572,-2.2666,0.1693,48.6325,50.8,57.8,43.0,45.6999988555908,up,2026-08-21T16:14:19,0.0,0.0
SPXW,2026-08-24,3,Put,7630.0,SPXW260824P07630000,4.9,5.1,5.0,4.9,-17.2,-77.13,3547.0,3424.0,0.0714,-0.1892,0.0054,1.9572,-2.2666,-0.0396,5.1008,9.95,12.2,3.65,22.3000001907349,down,2026-08-21T16:14:51,0.0,0.0
SPXW,2026-08-24,3,Call,7635.0,SPXW260824C07635000,45.1,45.8,45.45,45.14,1.15,2.71867,80.0,67.0,0.0704,0.7867,0.006,2.087,-2.4284,0.1643,44.3735,46.7,54.7,39.9,42.3000011444092,down,2026-08-21T16:11:59,0.0,0.0
SPXW,2026-08-24,3,Put,7635.0,SPXW260824P07635000,5.7,5.8,5.75,5.65,-18.0,-75.3138,2280.0,360.0,0.0701,-0.2133,0.006,2.087,-2.4284,-0.0447,5.8413,11.1,13.4,4.2,23.8999996185303,up,2026-08-21T16:14:46,0.0,0.0
SPXW,2026-08-24,3,Call,7640.0,SPXW260824C07640000,40.9,41.6,41.25,41.41,0.37,0.948718,306.0,200.0,0.0688,0.7598,0.0065,2.2165,-2.5859,0.1588,40.2261,48.23,61.68,35.65,39.0,no_change,2026-08-21T16:14:40,0.0,0.0
SPXW,2026-08-24,3,Put,7640.0,SPXW260824P07640000,6.5,6.6,6.55,6.54,-18.9,-73.8281,4649.0,527.0,0.0685,-0.2402,0.0065,2.2165,-2.5859,-0.0504,6.6933,12.35,15.0,4.8,25.6000003814697,no_change,2026-08-21T16:14:59,0.0,0.0
SPXW,2026-08-24,3,Call,7645.0,SPXW260824C07645000,36.9,37.6,37.25,36.51,-0.17,-0.473537,447.0,83.0,0.0675,0.7299,0.0071,2.3401,-2.7347,0.1526,36.209,41.9,56.81,32.5,35.8999996185303,down,2026-08-21T16:11:26,0.0,0.0
SPXW,2026-08-24,3,Put,7645.0,SPXW260824P07645000,7.4,7.5,7.45,7.47,-19.82,-72.0727,3303.0,315.0,0.0672,-0.2701,0.0071,2.3401,-2.7347,-0.0567,7.6756,13.5,16.5,5.4,27.5,no_change,2026-08-21T16:14:59,0.0,0.0
SPXW,2026-08-24,3,Call,7650.0,SPXW260824C07650000,33.1,33.6,33.35,33.35,-0.9,-2.74391,612.0,955.0,0.0665,0.6968,0.0076,2.4573,-2.8692,0.1457,32.3406,39.9,49.73,28.85,32.8000011444092,up,2026-08-21T16:14:46,0.0,0.0
SPXW,2026-08-24,3,Put,7650.0,SPXW260824P07650000,8.5,8.6,8.55,8.55,-20.52,-69.7959,7051.0,2020.0,0.0662,-0.3031,0.0076,2.4573,-2.8692,-0.0637,8.8066,14.54,18.3,6.3,29.3999996185303,up,2026-08-21T16:14:46,0.0,0.0
SPXW,2026-08-24,3,Call,7655.0,SPXW260824C07655000,29.4,29.7,29.549999999999997,29.43,-1.67,-5.58528,985.0,541.0,0.065,0.6606,0.0081,2.5609,-2.9831,0.1382,28.6428,36.94,48.0,25.4,29.8999996185303,up,2026-08-21T16:14:19,0.0,0.0
SPXW,2026-08-24,3,Put,7655.0,SPXW260824P07655000,9.8,9.9,9.850000000000001,9.7,-21.2,-67.3016,2276.0,565.0,0.0646,-0.3394,0.0081,2.5609,-2.9831,-0.0714,10.1082,17.0,20.13,7.25,31.5,down,2026-08-21T16:14:54,0.0,0.0
SPXW,2026-08-24,3,Call,7660.0,SPXW260824C07660000,25.9,26.1,26.0,25.8,-2.31,-8.52399,1321.0,391.0,0.064,0.6212,0.0086,2.6487,-3.0691,0.1299,25.1368,32.3,45.7,22.7,27.1000003814697,up,2026-08-21T16:12:34,0.0,0.0
SPXW,2026-08-24,3,Put,7660.0,SPXW260824P07660000,11.2,11.4,11.3,11.2,-22.0,-65.0888,4492.0,403.0,0.0634,-0.3788,0.0086,2.6487,-3.0691,-0.0798,11.6016,17.63,22.3,8.3,33.8000011444092,down,2026-08-21T16:14:53,0.0,0.0
SPXW,2026-08-24,3,Call,7665.0,SPXW260824C07665000,22.6,22.8,22.700000000000003,22.8,-2.84,-11.5918,1710.0,150.0,0.0629,0.5789,0.009,2.7139,-3.1203,0.1211,21.8444,29.6,41.0,20.0,24.5,up,2026-08-21T16:14:46,0.0,0.0
SPXW,2026-08-24,3,Put,7665.0,SPXW260824P07665000,12.9,13.1,13.0,12.9,-22.8,-63.1579,4288.0,615.0,0.0623,-0.4211,0.009,2.7139,-3.1203,-0.0887,13.3085,20.9,24.5,9.4,36.1000003814697,up,2026-08-21T16:14:42,0.0,0.0
SPXW,2026-08-24,3,Call,7670.0,SPXW260824C07670000,19.5,19.7,19.6,19.0,-3.46,-15.6916,3128.0,264.0,0.0617,0.534,0.0093,2.7526,-3.1298,0.1117,18.7869,27.4,37.6,17.4,22.0500001907349,up,2026-08-21T16:14:01,0.0,0.0
SPXW,2026-08-24,3,Put,7670.0,SPXW260824P07670000,14.7,15.0,14.85,14.7,-23.44,-60.6468,6438.0,940.0,0.0614,-0.466,0.0093,2.7526,-3.1298,-0.0982,15.2505,22.3,27.0,10.6,38.6499996185303,down,2026-08-21T16:14:38,0.0,0.0
SPXW,2026-08-24,3,Call,7675.0,SPXW260824C07675000,16.6,16.8,16.700000000000003,16.7,-3.7,-18.7817,6634.0,395.0,0.0607,0.4873,0.0095,2.7602,-3.0932,0.1019,15.9811,24.8,34.25,14.87,19.6999998092651,down,2026-08-21T16:14:57,0.0,0.0
SPXW,2026-08-24,3,Put,7675.0,SPXW260824P07675000,16.9,17.1,17.0,17.0,-23.62,-57.1913,7968.0,1094.0,0.0601,-0.5127,0.0095,2.7602,-3.0932,-0.1082,17.4441,23.7,29.7,11.8,41.3000011444092,up,2026-08-21T16:14:57,0.0,0.0
SPXW,2026-08-24,3,Call,7680.0,SPXW260824C07680000,14.0,14.2,14.1,14.2,-4.33,-24.6724,6509.0,318.0,0.06,0.4393,0.0095,2.734,-3.0074,0.0919,13.4415,22.37,30.7,12.9,17.5500001907349,up,2026-08-21T16:14:38,0.0,0.0
SPXW,2026-08-24,3,Put,7680.0,SPXW260824P07680000,19.3,19.5,19.4,19.3,-24.35,-55.1529,5499.0,503.0,0.0594,-0.5607,0.0095,2.734,-3.0074,-0.1184,19.9039,26.4,31.5,13.2,44.1499996185303,down,2026-08-21T16:14:45,0.0,0.0
SPXW,2026-08-24,3,Call,7685.0,SPXW260824C07685000,11.7,11.9,11.8,11.8,-4.44,-28.6452,4000.0,276.0,0.0592,0.3911,0.0094,2.6718,-2.8731,0.0818,11.1757,19.8,27.4,11.0,15.5,down,2026-08-21T16:14:59,0.0,0.0
SPXW,2026-08-24,3,Put,7685.0,SPXW260824P07685000,21.9,22.2,22.049999999999997,22.61,-24.36,-51.7197,2725.0,266.0,0.0585,-0.6089,0.0094,2.6718,-2.8731,-0.1286,22.6375,29.75,35.0,15.0,47.1000003814697,down,2026-08-21T16:13:52,0.0,0.0
SPXW,2026-08-24,3,Call,7690.0,SPXW260824C07690000,9.6,9.8,9.7,9.77,-4.6,-33.5766,3588.0,232.0,0.0583,0.3436,0.0091,2.5748,-2.6944,0.0717,9.1829,17.46,24.2,9.1,13.7000002861023,up,2026-08-21T16:14:53,0.0,0.0
SPXW,2026-08-24,3,Put,7690.0,SPXW260824P07690000,24.8,25.1,24.950000000000003,25.7,-24.6,-48.8095,2307.0,1008.0,0.0578,-0.6564,0.0091,2.5748,-2.6944,-0.1388,25.6441,31.1,37.5,16.9,50.3999996185303,down,2026-08-21T16:13:48,0.0,0.0
SPXW,2026-08-24,3,Call,7695.0,SPXW260824C07695000,7.8,8.0,7.9,8.0,-4.5,-37.5,2763.0,234.0,0.0576,0.2977,0.0086,2.4464,-2.4783,0.0622,7.4559,14.8,21.4,7.2,12.0,down,2026-08-21T16:14:43,0.0,0.0
SPXW,2026-08-24,3,Put,7695.0,SPXW260824P07695000,28.0,28.3,28.15,28.03,-24.65,-46.0317,1081.0,224.0,0.057,-0.7022,0.0086,2.4464,-2.4783,-0.1485,28.9165,35.5,41.3,18.9,53.5499992370606,no_change,2026-08-21T16:14:55,0.0,0.0
SPXW,2026-08-24,3,Call,7700.0,SPXW260824C07700000,6.3,6.4,6.35,6.35,-4.45,-42.5837,10748.0,2042.0,0.057,0.2544,0.0081,2.2891,-2.2342,0.0531,5.9809,13.2,18.6,5.82,10.4499998092651,up,2026-08-21T16:14:59,0.0,0.0
SPXW,2026-08-24,3,Put,7700.0,SPXW260824P07700000,31.4,31.9,31.65,31.43,-24.6,-43.0823,2837.0,4704.0,0.057,-0.7455,0.0081,2.2891,-2.2342,-0.1577,32.4409,37.02,44.71,21.2,57.1000003814697,no_change,2026-08-21T16:14:55,0.0,0.0
SPXW,2026-08-24,3,Call,7705.0,SPXW260824C07705000,5.0,5.1,5.05,5.07,-4.4,-48.8889,3014.0,211.0,0.0566,0.2144,0.0074,2.1105,-1.9734,0.0446,4.739,11.1,15.91,4.73,9.0,no_change,2026-08-21T16:14:59,0.0,0.0
SPXW,2026-08-24,3,Put,7705.0,SPXW260824P07705000,35.0,35.7,35.35,35.18,-24.02,-39.6043,293.0,240.0,0.056,-0.7856,0.0074,2.1105,-1.9734,-0.1663,36.1984,42.15,46.66,24.2,60.6500015258789,no_change,2026-08-21T16:14:55,0.0,0.0
SPXW,2026-08-24,3,Call,7710.0,SPXW260824C07710000,3.9,4.1,4.0,4.0,-4.0,-51.2821,8957.0,480.0,0.0564,0.1781,0.0066,1.9172,-1.7079,0.037,3.7096,9.9,13.9,3.7,7.79999995231628,no_change,2026-08-21T16:14:59,0.0,0.0
SPXW,2026-08-24,3,Put,7710.0,SPXW260824P07710000,38.9,39.6,39.25,39.7,-24.65,-38.3061,562.0,268.0,0.0561,-0.8219,0.0066,1.9172,-1.7079,-0.174,40.1685,47.5,53.0,26.5,64.3499984741211,up,2026-08-21T16:13:11,0.0,0.0
SPXW,2026-08-24,3,Call,7715.0,SPXW260824C07715000,3.1,3.2,3.1500000000000004,3.15,-3.8,-57.1429,3605.0,161.0,0.0564,0.1459,0.0059,1.7159,-1.4497,0.0303,2.8725,8.1,11.8,2.83,6.64999985694885,up,2026-08-21T16:14:59,0.0,0.0
SPXW,2026-08-24,3,Put,7715.0,SPXW260824P07715000,41.6,45.1,43.35,43.68,-24.52,-35.9531,253.0,334.0,0.056,-0.8541,0.0059,1.7159,-1.4497,-0.1809,44.3307,53.22,54.19,29.41,68.2000007629394,down,2026-08-21T16:12:50,0.0,0.0
SPXW,2026-08-24,3,Call,7720.0,SPXW260824C07720000,2.4,2.5,2.45,2.5,-3.35,-59.292,6007.0,637.0,0.0566,0.1182,0.0051,1.5156,-1.2095,0.0245,2.2056,7.5,10.0,2.2,5.64999985694885,no_change,2026-08-21T16:14:50,0.0,0.0
SPXW,2026-08-24,3,Put,7720.0,SPXW260824P07720000,45.9,49.4,47.65,47.75,-24.5,-33.91,257.0,359.0,0.0556,-0.8818,0.0051,1.5156,-1.2095,-0.1868,48.6632,58.82,60.39,33.2,72.25,up,2026-08-21T16:14:25,0.0,0.0
SPXW,2026-08-24,3,Call,7725.0,SPXW260824C07725000,1.85,1.95,1.9,1.95,-3.0,-62.5,4240.0,1158.0,0.0566,0.0948,0.0043,1.323,-0.9953,0.0196,1.6851,6.25,8.4,1.8,4.79999995231628,no_change,2026-08-21T16:14:50,0.0,0.0
SPXW,2026-08-24,3,Put,7725.0,SPXW260824P07725000,50.4,53.9,52.15,52.28,-22.74,-29.7839,281.0,712.0,0.0557,-0.9052,0.0043,1.323,-0.9953,-0.1919,53.1422,55.7,63.22,36.3,76.3499984741211,up,2026-08-21T16:10:23,0.0,0.0
SPXW,2026-08-24,3,Call,7730.0,SPXW260824C07730000,1.45,1.5,1.475,1.46,-2.7,-67.5,4510.0,482.0,0.0569,0.0756,0.0036,1.1446,-0.8112,0.0156,1.2868,5.1,6.91,1.34,4.0,up,2026-08-21T16:14:57,0.0,0.0
SPXW,2026-08-24,3,Put,7730.0,SPXW260824P07730000,55.0,58.4,56.7,57.47,-23.48,-29.0056,270.0,211.0,0.0558,-0.9244,0.0036,1.1446,-0.8112,-0.196,57.7432,63.54,69.0,41.2,80.9500007629394,up,2026-08-21T16:13:17,0.0,0.0
SPXW,2026-08-24,3,Call,7735.0,SPXW260824C07735000,1.05,1.15,1.1,1.1,-2.3,-68.6567,2770.0,396.0,0.0576,0.0602,0.003,0.984,-0.6581,0.0124,0.9864,4.16,5.73,1.05,3.35000002384186,no_change,2026-08-21T16:14:54,0.0,0.0
SPXW,2026-08-24,3,Put,7735.0,SPXW260824P07735000,59.7,63.1,61.400000000000006,61.77,-23.18,-27.2866,82.0,219.0,0.0566,-0.9398,0.003,0.984,-0.6581,-0.1993,62.4422,67.81,71.97,44.35,84.9500007629394,down,2026-08-21T16:12:51,0.0,0.0
SPXW,2026-08-24,3,Call,7740.0,SPXW260824C07740000,0.8,0.9,0.8500000000000001,0.9,-2.03,-72.5,4889.0,919.0,0.058,0.0479,0.0025,0.8429,-0.5336,0.0099,0.7616,3.57,4.77,0.8,2.79999995231628,up,2026-08-21T16:14:42,0.0,0.0
SPXW,2026-08-24,3,Put,7740.0,SPXW260824P07740000,64.4,67.8,66.1,66.48,-22.92,-25.6376,105.0,964.0,0.056,-0.9521,0.0025,0.8429,-0.5336,-0.202,67.2168,71.4,76.9,51.63,89.4000015258789,down,2026-08-21T16:12:51,0.0,0.0
SPXW,2026-08-24,3,Call,7745.0,SPXW260824C07745000,0.65,0.7,0.675,0.7,-1.8,-76.5957,3498.0,324.0,0.0578,0.0383,0.0021,0.7215,-0.4338,0.0079,0.5939,3.3,3.9,0.61,2.35000002384186,no_change,2026-08-21T16:14:50,0.0,0.0
SPXW,2026-08-24,3,Put,7745.0,SPXW260824P07745000,69.2,72.3,70.75,71.26,-22.99,-24.3926,136.0,192.0,0.0586,-0.9616,0.0021,0.7215,-0.4338,-0.2041,72.0485,75.9,81.6,57.82,94.25,up,2026-08-21T16:02:42,0.0,0.0
SPXW,2026-08-24,3,Call,7750.0,SPXW260824C07750000,0.5,0.55,0.525,0.5,-1.45,-74.359,11961.0,2384.0,0.0592,0.0309,0.0017,0.618,-0.3548,0.0063,0.4687,2.5,3.2,0.5,1.94999998807907,no_change,2026-08-21T16:14:25,0.0,0.0
SPXW,2026-08-24,3,Put,7750.0,SPXW260824P07750000,74.0,77.5,75.75,75.34,-20.59,-20.9036,330.0,1798.0,0.0569,-0.9691,0.0017,0.618,-0.3548,-0.2058,76.9228,85.22,87.73,63.61,98.5,up,2026-08-21T16:06:02,0.0,0.0
SPXW,2026-08-24,3,Call,7755.0,SPXW260824C07755000,0.35,0.45,0.4,0.4,-1.25,-78.125,4254.0,333.0,0.0588,0.0251,0.0014,0.531,-0.2924,0.0051,0.3747,2.01,2.57,0.35,1.59999996423721,down,2026-08-21T16:14:38,0.0,0.0
SPXW,2026-08-24,3,Put,7755.0,SPXW260824P07755000,78.9,82.4,80.65,81.0,-22.2,-21.5116,125.0,223.0,0.0573,-0.9749,0.0014,0.531,-0.2924,-0.2072,81.8282,90.21,90.21,60.0,103.200000762939,no_change,2026-08-21T16:12:57,0.0,0.0
SPXW,2026-08-24,3,Call,7760.0,SPXW260824C07760000,0.25,0.35,0.3,0.32,-1.05,-77.7778,2046.0,550.0,0.0604,0.0205,0.0012,0.4578,-0.2432,0.0042,0.3038,1.65,2.07,0.3,1.34999996423721,up,2026-08-21T16:14:43,0.0,0.0
SPXW,2026-08-24,3,Put,7760.0,SPXW260824P07760000,83.8,87.3,85.55,85.1,-22.8,-21.1307,83.0,322.0,0.0568,-0.9794,0.0012,0.4578,-0.2432,-0.2082,86.7566,90.16,97.78,64.97,107.900001525879,down,2026-08-21T16:07:00,0.0,0.0
SPXW,2026-08-24,3,Call,7765.0,SPXW260824C07765000,0.2,0.3,0.25,0.25,-0.8,-72.7273,1730.0,600.0,0.0616,0.017,0.001,0.3968,-0.2044,0.0035,0.2498,1.4,1.65,0.25,1.09999996423721,no_change,2026-08-21T16:14:36,0.0,0.0
SPXW,2026-08-24,3,Put,7765.0,SPXW260824P07765000,88.8,91.9,90.35,89.91,-23.24,-20.5391,82.0,152.0,0.0597,-0.983,0.001,0.3968,-0.2044,-0.2091,91.702,97.0,98.43,80.2,113.150001525879,up,2026-08-21T16:08:29,0.0,0.0
SPXW,2026-08-24,3,Call,7770.0,SPXW260824C07770000,0.2,0.25,0.225,0.22,-0.7,-77.7778,1941.0,734.0,0.0626,0.0142,0.0008,0.346,-0.1737,0.0029,0.2084,1.1,1.3,0.2,0.900000005960464,no_change,2026-08-21T16:09:32,0.0,0.0
SPXW,2026-08-24,3,Put,7770.0,SPXW260824P07770000,93.7,97.2,95.45,96.0,-22.7,-19.3274,162.0,250.0,0.0572,-0.9858,0.0008,0.346,-0.1737,-0.2098,96.66,102.81,106.25,75.18,117.450000762939,up,2026-08-21T16:10:48,0.0,0.0
SPXW,2026-08-24,3,Call,7775.0,SPXW260824C07775000,0.15,0.2,0.175,0.2,-0.625,-80.6452,2320.0,950.0,0.0629,0.012,0.0007,0.3035,-0.1494,0.0024,0.1764,0.9,1.1,0.15,0.775000005960464,up,2026-08-21T16:13:53,0.0,0.0
SPXW,2026-08-24,3,Put,7775.0,SPXW260824P07775000,98.7,102.2,100.45,100.8,-21.55,-17.6134,85.0,201.0,0.0598,-0.988,0.0007,0.3035,-0.1494,-0.2104,101.6274,105.1,105.1,81.08,122.350002288818,up,2026-08-21T16:12:49,0.0,0.0
SPXW,2026-08-24,3,Call,7780.0,SPXW260824C07780000,0.15,0.2,0.175,0.15,-0.5,-76.9231,1493.0,524.0,0.0656,0.0103,0.0006,0.2681,-0.1299,0.0021,0.1513,0.65,0.85,0.15,0.650000005960464,no_change,2026-08-21T16:14:47,0.0,0.0
SPXW,2026-08-24,3,Put,7780.0,SPXW260824P07780000,103.7,107.1,105.4,106.2,-21.5,-16.8363,77.0,200.0,0.0624,-0.9897,0.0006,0.2681,-0.1299,-0.2109,106.6018,107.64,115.37,83.77,127.700000762939,up,2026-08-21T16:11:16,0.0,0.0
SPXW,2026-08-24,3,Call,7785.0,SPXW260824C07785000,0.1,0.15,0.125,0.15,-0.4,-72.7273,2206.0,360.0,0.0668,0.0089,0.0005,0.2386,-0.1144,0.0018,0.1317,0.65,0.7,0.12,0.550000011920929,up,2026-08-21T16:14:51,0.0,0.0
SPXW,2026-08-24,3,Put,7785.0,SPXW260824P07785000,108.7,112.2,110.45,106.28,-26.27,-19.8189,57.0,133.0,0.065,-0.9911,0.0005,0.2386,-0.1144,-0.2113,111.5815,119.92,119.92,97.77,132.550003051758,up,2026-08-21T15:54:25,0.0,0.0
SPXW,2026-08-24,3,Call,7790.0,SPXW260824C07790000,0.1,0.15,0.125,0.12,-0.355,-74.7368,2403.0,577.0,0.0676,0.0078,0.0004,0.2136,-0.1018,0.0016,0.1161,0.62,0.62,0.12,0.474999994039536,no_change,2026-08-21T16:09:32,0.0,0.0
SPXW,2026-08-24,3,Put,7790.0,SPXW260824P07790000,113.5,116.7,115.1,112.34,-25.06,-18.2387,22.0,129.0,0.0453,-0.9922,0.0004,0.2136,-0.1018,-0.2117,116.5653,117.36,124.87,99.27,137.400001525879,up,2026-08-21T15:55:56,0.0,0.0
SPXW,2026-08-24,3,Call,7795.0,SPXW260824C07795000,0.1,0.15,0.125,0.12,-0.3,-75.0,9787.0,404.0,0.072,0.0069,0.0004,0.1926,-0.0916,0.0014,0.1035,0.4,0.5,0.1,0.399999991059303,no_change,2026-08-21T16:13:30,0.0,0.0
SPXW,2026-08-24,3,Put,7795.0,SPXW260824P07795000,118.7,121.7,120.2,118.03,-24.22,-17.0264,1.0,158.0,0.0702,-0.9931,0.0004,0.1926,-0.0916,-0.212,121.5522,118.03,118.03,118.03,142.25,down,2026-08-21T10:59:46,0.0,0.0
SPXW,2026-08-24,3,Call,7800.0,SPXW260824C07800000,0.05,0.15,0.1,0.1,-0.25,-71.4286,2793.0,1647.0,0.0704,0.0062,0.0004,0.1748,-0.0832,0.0012,0.0933,0.4,0.42,0.05,0.350000008940697,no_change,2026-08-21T16:14:37,0.0,0.0
SPXW,2026-08-24,3,Put,7800.0,SPXW260824P07800000,123.6,127.1,125.35,125.65,-21.3,-14.4947,97.0,587.0,0.0519,-0.9938,0.0004,0.1749,-0.0832,-0.2123,126.5414,122.95,136.87,105.64,146.949996948242,no_change,2026-08-21T16:12:57,0.0,0.0
SPXW,2026-08-24,3,Call,7805.0,SPXW260824C07805000,0.05,0.1,0.07500000000000001,0.07,-0.23,-76.6667,426.0,641.0,0.0729,0.0055,0.0003,0.1597,-0.0763,0.0011,0.085,0.32,0.35,0.05,0.299999997019768,no_change,2026-08-21T16:11:38,0.0,0.0
SPXW,2026-08-24,3,Put,7805.0,SPXW260824P07805000,128.6,131.7,130.14999999999998,127.7,-24.55,-16.1248,9.0,111.0,0.0754,-0.9944,0.0003,0.1597,-0.0763,-0.2126,131.5325,141.13,141.13,127.7,152.25,no_change,2026-08-21T11:27:41,0.0,0.0
SPXW,2026-08-24,3,Call,7810.0,SPXW260824C07810000,0.05,0.1,0.07500000000000001,0.07,-0.25,-83.3333,2249.0,1133.0,0.0753,0.005,0.0003,0.1466,-0.0705,0.001,0.0782,0.27,0.32,0.05,0.299999997019768,down,2026-08-21T16:10:17,0.0,0.0
SPXW,2026-08-24,3,Put,7810.0,SPXW260824P07810000,133.6,136.7,135.14999999999998,134.4,-22.75,-14.4766,11.0,114.0,0.078,-0.995,0.0003,0.1467,-0.0706,-0.2128,136.5251,141.6,142.19,129.38,157.150001525879,no_change,2026-08-21T13:50:50,0.0,0.0
SPXW,2026-08-24,3,Call,7815.0,SPXW260824C07815000,0.05,0.1,0.07500000000000001,0.05,-0.2,-80.0,646.0,524.0,0.0778,0.0046,0.0002,0.1354,-0.0657,0.0009,0.0725,0.35,0.35,0.05,0.250000007450581,down,2026-08-21T16:04:50,0.0,0.0
SPXW,2026-08-24,3,Put,7815.0,SPXW260824P07815000,138.4,141.7,140.05,138.08,-24.02,-14.818,23.0,19.0,0.0805,-0.9954,0.0002,0.1354,-0.0658,-0.213,141.5188,147.6,150.52,134.38,162.099998474121,up,2026-08-21T14:55:55,0.0,0.0
SPXW,2026-08-24,3,Call,7820.0,SPXW260824C07820000,0.05,0.1,0.07500000000000001,0.07,-0.18,-72.0,689.0,642.0,0.0802,0.0042,0.0002,0.1257,-0.0617,0.0008,0.0678,0.3,0.3,0.05,0.250000007450581,up,2026-08-21T16:09:40,0.0,0.0
SPXW,2026-08-24,3,Put,7820.0,SPXW260824P07820000,143.6,146.7,145.14999999999998,140.25,-26.8,-16.0431,9.0,27.0,0.0831,-0.9958,0.0002,0.1257,-0.0617,-0.2132,146.5134,152.53,152.53,139.51,167.049995422363,up,2026-08-21T15:09:53,0.0,0.0
SPXW,2026-08-24,3,Call,7825.0,SPXW260824C07825000,0.05,0.1,0.07500000000000001,0.05,-0.15,-75.0,2261.0,1090.0,0.0827,0.0039,0.0002,0.1168,-0.058,0.0008,0.0635,0.2,0.23,0.05,0.200000002980232,down,2026-08-21T16:04:50,0.0,0.0
SPXW,2026-08-24,3,Put,7825.0,SPXW260824P07825000,148.6,151.7,150.14999999999998,143.07,-29.18,-16.9405,28.0,46.0,0.0856,-0.9961,0.0002,0.1172,-0.0582,-0.2134,151.5087,157.55,161.89,143.07,172.25,down,2026-08-21T15:38:02,0.0,0.0
SPXW,2026-08-24,3,Call,7830.0,SPXW260824C07830000,0.05,0.1,0.07500000000000001,0.05,-0.15,-75.0,293.0,478.0,0.0817,0.0036,0.0002,0.1093,-0.0551,0.0007,0.06,0.25,0.25,0.05,0.200000002980232,down,2026-08-21T16:04:50,0.0,0.0
SPXW,2026-08-24,3,Put,7830.0,SPXW260824P07830000,153.6,156.7,155.14999999999998,157.0,-20.05,-11.3245,11.0,24.0,0.0882,-0.9964,0.0002,0.1097,-0.0552,-0.2136,156.5047,154.67,162.38,154.13,177.049995422363,up,2026-08-21T14:25:47,0.0,0.0
SPXW,2026-08-24,3,Call,7835.0,SPXW260824C07835000,0.0,0.1,0.05,0.05,-0.15,-75.0,164.0,2542.0,0.084,0.0034,0.0002,0.1027,-0.0525,0.0007,0.0571,0.22,0.22,0.05,0.200000002980232,no_change,2026-08-21T16:11:37,0.0,0.0
SPXW,2026-08-24,3,Put,7835.0,SPXW260824P07835000,158.6,161.7,160.14999999999998,169.6,-12.5,-6.86436,2.0,6.0,0.0849,-0.9966,0.0002,0.1031,-0.0526,-0.2138,161.5011,167.0,169.6,167.0,182.099998474121,up,2026-08-21T10:47:41,0.0,0.0
SPXW,2026-08-24,3,Call,7840.0,SPXW260824C07840000,0.05,0.1,0.07500000000000001,0.05,-0.125,-71.4286,157.0,859.0,0.081,0.0032,0.0002,0.0969,-0.0503,0.0006,0.0545,0.22,0.22,0.05,0.175000004470348,no_change,2026-08-21T16:04:50,0.0,0.0
SPXW,2026-08-24,3,Put,7840.0,SPXW260824P07840000,163.6,166.7,165.14999999999998,164.3,-22.7,-12.139,7.0,5.0,0.0873,-0.9968,0.0002,0.0972,-0.0504,-0.214,166.4979,161.7,164.3,160.65,187.0,no_change,2026-08-21T13:50:50,0.0,0.0
SPXW,2026-08-24,3,Call,7845.0,SPXW260824C07845000,0.0,0.1,0.05,0.05,-0.1,-66.6667,120.0,477.0,0.0887,0.003,0.0001,0.0916,-0.0484,0.0006,0.0523,0.17,0.17,0.05,0.150000002235174,no_change,2026-08-21T16:12:57,0.0,0.0
SPXW,2026-08-24,3,Put,7845.0,SPXW260824P07845000,168.6,171.7,170.14999999999998,181.82,-10.23,-5.32674,7.0,9.0,0.0897,-0.997,0.0001,0.0919,-0.0485,-0.2142,171.4951,181.82,181.82,181.82,192.049995422363,down,2026-08-21T09:58:36,0.0,0.0
SPXW,2026-08-24,3,Call,7850.0,SPXW260824C07850000,0.0,0.05,0.025,0.05,-0.1,-66.6667,574.0,2627.0,0.0854,0.0028,0.0001,0.0869,-0.0467,0.0006,0.0503,0.14,0.2,0.04,0.150000002235174,no_change,2026-08-21T16:13:06,0.0,0.0
SPXW,2026-08-24,3,Put,7850.0,SPXW260824P07850000,173.4,176.7,175.05,170.78,-26.32,-13.3536,10.0,117.0,0.0921,-0.9971,0.0001,0.0871,-0.0468,-0.2143,176.4925,184.6,184.6,165.91,197.099998474121,no_change,2026-08-21T15:35:27,0.0,0.0
SPXW,2026-08-24,3,Call,7855.0,SPXW260824C07855000,0.0,0.05,0.025,0.05,-0.1,-66.6667,222.0,428.0,0.0933,0.0027,0.0001,0.0827,-0.0452,0.0005,0.0486,0.12,0.15,0.05,0.150000002235174,no_change,2026-08-21T16:09:41,0.0,0.0
SPXW,2026-08-24,3,Put,7855.0,SPXW260824P07855000,178.4,181.7,180.05,173.92,-28.43,-14.0499,1.0,0.0,0.0946,-0.9973,0.0001,0.0829,-0.0452,-0.2145,181.4902,173.92,173.92,173.92,202.349998474121,down,2026-08-21T15:40:41,0.0,0.0
SPXW,2026-08-24,3,Call,7860.0,SPXW260824C07860000,0.0,0.05,0.025,0.05,-0.1,-66.6667,325.0,1371.0,0.0898,0.0026,0.0001,0.0788,-0.0438,0.0005,0.0471,0.15,0.15,0.05,0.150000002235174,no_change,2026-08-21T16:12:51,0.0,0.0
SPXW,2026-08-24,3,Put,7860.0,SPXW260824P07860000,183.4,186.7,185.05,182.66,-24.64,-11.8862,3.0,2.0,0.097,-0.9974,0.0001,0.079,-0.0439,-0.2146,186.488,177.24,182.66,177.24,207.300003051758,up,2026-08-21T11:10:54,0.0,0.0
SPXW,2026-08-24,3,Call,7865.0,SPXW260824C07865000,0.0,0.05,0.025,0.03,-0.12,-80.0,37.0,773.0,0.0919,0.0025,0.0001,0.0754,-0.0427,0.0005,0.0457,0.08,0.15,0.03,0.150000002235174,down,2026-08-21T16:01:10,0.0,0.0
SPXW,2026-08-24,3,Put,7865.0,SPXW260824P07865000,188.4,191.7,190.05,184.77,-26.88,-12.7002,3.0,1.0,0.0994,-0.9975,0.0001,0.0755,-0.0427,-0.2148,191.486,188.23,188.23,184.77,211.650001525879,down,2026-08-21T15:41:02,0.0,0.0
SPXW,2026-08-24,3,Call,7870.0,SPXW260824C07870000,0.0,0.05,0.025,0.05,-0.1,-66.6667,530.0,863.0,0.1,0.0024,0.0001,0.0722,-0.0416,0.0005,0.0445,0.11,0.13,0.05,0.150000002235174,no_change,2026-08-21T16:11:17,0.0,0.0
SPXW,2026-08-24,3,Put,7870.0,SPXW260824P07870000,185.4,205.4,195.4,195.62,-21.03,-9.7069,5.0,6.0,0.1018,-0.9976,0.0001,0.0723,-0.0416,-0.215,196.4842,201.43,201.43,195.62,216.650001525879,no_change,2026-08-21T10:57:27,0.0,0.0
SPXW,2026-08-24,3,Call,7875.0,SPXW260824C07875000,0.0,0.05,0.025,0.05,-0.075,-60.0,176.0,609.0,0.0961,0.0023,0.0001,0.0694,-0.0406,0.0004,0.0434,0.12,0.15,0.05,0.12500000372529,no_change,2026-08-21T15:58:43,0.0,0.0
SPXW,2026-08-24,3,Put,7875.0,SPXW260824P07875000,190.4,210.4,200.4,217.15,0.0,0.0,0.0,15.0,0.1042,-0.9977,0.0001,0.0694,-0.0406,-0.2151,201.4825,0.0,0.0,0.0,220.75,up,2026-08-20T14:53:43,0.0,0.0
SPXW,2026-08-24,3,Call,7880.0,SPXW260824C07880000,0.0,0.05,0.025,0.05,-0.075,-60.0,188.0,369.0,0.0983,0.0022,0.0001,0.0667,-0.0398,0.0004,0.0424,0.1,0.12,0.03,0.12500000372529,up,2026-08-21T16:14:47,0.0,0.0
SPXW,2026-08-24,3,Put,7880.0,SPXW260824P07880000,195.5,215.4,205.45,196.43,-29.67,-13.1225,5.0,3.0,0.1216,-0.9978,0.0001,0.0667,-0.0398,-0.2153,206.4809,202.06,202.06,196.43,226.099998474121,down,2026-08-21T15:45:23,0.0,0.0
SPXW,2026-08-24,3,Call,7885.0,SPXW260824C07885000,0.0,0.05,0.025,0.03,-0.095,-76.0,113.0,323.0,0.1069,0.0021,0.0001,0.0638,-0.0387,0.0004,0.0412,0.1,0.11,0.03,0.12500000372529,down,2026-08-21T16:05:46,0.0,0.0
SPXW,2026-08-24,3,Put,7885.0,SPXW260824P07885000,200.2,222.2,211.2,0.0,0.0,0.0,0.0,0.0,0.109,-0.9979,0.0001,0.0642,-0.039,-0.2154,211.4794,0.0,0.0,0.0,231.199996948242,no_change,,0.0,0.0
SPXW,2026-08-24,3,Call,7890.0,SPXW260824C07890000,0.0,0.1,0.05,0.05,-0.075,-60.0,1812.0,538.0,0.1092,0.002,0.0001,0.0615,-0.038,0.0004,0.0404,0.11,0.13,0.05,0.12500000372529,down,2026-08-21T15:50:13,0.0,0.0
SPXW,2026-08-24,3,Put,7890.0,SPXW260824P07890000,203.8,227.2,215.5,211.22,-25.18,-10.6514,1.0,3.0,0.1114,-0.998,0.0001,0.0619,-0.0383,-0.2156,216.478,211.22,211.22,211.22,236.400001525879,up,2026-08-21T15:19:02,0.0,0.0
SPXW,2026-08-24,3,Call,7895.0,SPXW260824C07895000,0.0,0.1,0.05,0.1,0.0,-3.35276e-06,9055.0,417.0,0.1114,0.002,0.0001,0.0594,-0.0373,0.0004,0.0397,0.11,0.13,0.07,0.100000003352761,no_change,2026-08-21T13:33:28,0.0,0.0
SPXW,2026-08-24,3,Put,7895.0,SPXW260824P07895000,208.4,232.2,220.3,0.0,0.0,0.0,0.0,0.0,0.1138,-0.998,0.0001,0.0598,-0.0376,-0.2157,221.4767,0.0,0.0,0.0,241.099998474121,no_change,,0.0,0.0
SPXW,2026-08-24,3,Call,7900.0,SPXW260824C07900000,0.0,0.05,0.025,0.03,-0.095,-76.0,1472.0,2011.0,0.107,0.0019,0.0001,0.0575,-0.0368,0.0004,0.039,0.15,0.15,0.03,0.12500000372529,down,2026-08-21T16:10:38,0.0,0.0
SPXW,2026-08-24,3,Put,7900.0,SPXW260824P07900000,213.4,237.4,225.4,202.61,0.0,0.0,0.0,17.0,0.1162,-0.9981,0.0001,0.0578,-0.037,-0.2159,226.4754,0.0,0.0,0.0,246.5,no_change,2026-08-18T11:21:19,0.0,0.0
SPXW,2026-08-24,3,Call,7905.0,SPXW260824C07905000,0.0,0.05,0.025,0.05,-0.05,-50.0,50.0,1790.0,0.1159,0.0018,0.0001,0.0559,-0.0365,0.0004,0.0387,0.07,0.1,0.05,0.100000003352761,no_change,2026-08-21T15:49:08,0.0,0.0
SPXW,2026-08-24,3,Put,7905.0,SPXW260824P07905000,218.4,242.2,230.3,0.0,0.0,0.0,0.0,0.0,0.1185,-0.9982,0.0001,0.056,-0.0365,-0.216,231.4742,0.0,0.0,0.0,251.400009155273,no_change,,0.0,0.0
SPXW,2026-08-24,3,Call,7910.0,SPXW260824C07910000,0.0,0.05,0.025,0.05,-0.05,-50.0,1700.0,817.0,0.1181,0.0018,0.0001,0.0542,-0.036,0.0004,0.0381,0.06,0.1,0.03,0.100000003352761,no_change,2026-08-21T15:49:10,0.0,0.0
SPXW,2026-08-24,3,Put,7910.0,SPXW260824P07910000,223.4,247.2,235.3,128.45,0.0,0.0,0.0,1.0,0.1209,-0.9982,0.0001,0.0543,-0.036,-0.2162,236.4731,0.0,0.0,0.0,256.199996948242,up,2026-08-14T14:20:28,0.0,0.0
SPXW,2026-08-24,3,Call,7915.0,SPXW260824C07915000,0.0,0.05,0.025,0.05,-0.05,-50.0,1883.0,441.0,0.1203,0.0017,0.0001,0.0526,-0.0356,0.0003,0.0376,0.11,0.11,0.05,0.100000003352761,no_change,2026-08-21T15:49:34,0.0,0.0
SPXW,2026-08-24,3,Put,7915.0,SPXW260824P07915000,228.4,252.2,240.3,0.0,0.0,0.0,0.0,0.0,0.1233,-0.9982,0.0001,0.0527,-0.0356,-0.2163,241.472,0.0,0.0,0.0,261.450004577637,no_change,,0.0,0.0
SPXW,2026-08-24,3,Call,7920.0,SPXW260824C07920000,0.0,0.05,0.025,0.05,-0.05,-50.0,111.0,1002.0,0.1226,0.0017,0.0001,0.0511,-0.0351,0.0003,0.0372,0.1,0.1,0.05,0.100000003352761,no_change,2026-08-21T15:50:05,0.0,0.0
SPXW,2026-08-24,3,Put,7920.0,SPXW260824P07920000,233.4,257.2,245.3,0.0,0.0,0.0,0.0,0.0,0.1257,-0.9983,0.0001,0.0512,-0.0352,-0.2165,246.4709,0.0,0.0,0.0,266.450012207031,no_change,,0.0,0.0
SPXW,2026-08-24,3,Call,7925.0,SPXW260824C07925000,0.0,0.05,0.025,0.05,-0.05,-50.0,65.0,659.0,0.1248,0.0016,0.0001,0.0497,-0.0347,0.0003,0.0367,0.1,0.1,0.05,0.100000003352761,no_change,2026-08-21T15:50:05,0.0,0.0
SPXW,2026-08-24,3,Put,7925.0,SPXW260824P07925000,238.4,262.4,250.39999999999998,0.0,0.0,0.0,0.0,0.0,0.128,-0.9983,0.0001,0.0497,-0.0348,-0.2166,251.4698,0.0,0.0,0.0,271.100006103516,no_change,,0.0,0.0
SPXW,2026-08-24,3,Call,7930.0,SPXW260824C07930000,0.0,0.05,0.025,0.05,-0.05,-50.0,360.0,960.0,0.127,0.0016,0.0001,0.0483,-0.0344,0.0003,0.0363,0.07,0.07,0.03,0.100000003352761,no_change,2026-08-21T15:59:18,0.0,0.0
SPXW,2026-08-24,3,Put,7930.0,SPXW260824P07930000,243.4,267.2,255.3,252.87,-23.58,-8.52958,1.0,1.0,0.1304,-0.9984,0.0001,0.0484,-0.0344,-0.2168,256.4688,252.87,252.87,252.87,276.450012207031,up,2026-08-21T12:53:44,0.0,0.0
SPXW,2026-08-24,3,Call,7935.0,SPXW260824C07935000,0.0,0.05,0.025,0.05,-0.05,-50.0,38.0,253.0,0.1292,0.0016,0.0001,0.0471,-0.034,0.0003,0.0359,0.07,0.1,0.05,0.100000003352761,no_change,2026-08-21T15:20:34,0.0,0.0
SPXW,2026-08-24,3,Put,7935.0,SPXW260824P07935000,248.4,271.5,259.95,0.0,0.0,0.0,0.0,0.0,0.1328,-0.9984,0.0001,0.0471,-0.0341,-0.2169,261.4679,0.0,0.0,0.0,281.450012207031,no_change,,0.0,0.0
SPXW,2026-08-24,3,Call,7940.0,SPXW260824C07940000,0.0,0.05,0.025,0.05,-0.05,-50.0,38.0,1235.0,0.1314,0.0015,0.0001,0.0459,-0.0337,0.0003,0.0356,0.07,0.08,0.05,0.100000003352761,no_change,2026-08-21T14:42:34,0.0,0.0
SPXW,2026-08-24,3,Put,7940.0,SPXW260824P07940000,253.4,277.2,265.3,229.27,0.0,0.0,0.0,1.0,0.1352,-0.9985,0.0001,0.046,-0.0338,-0.2171,266.4669,0.0,0.0,0.0,286.050003051758,up,2026-08-19T15:58:17,0.0,0.0
SPXW,2026-08-24,3,Call,7945.0,SPXW260824C07945000,0.0,0.05,0.025,0.05,-0.05,-50.0,60.0,16.0,0.1336,0.0015,0.0,0.0448,-0.0334,0.0003,0.0352,0.05,0.08,0.05,0.100000003352761,no_change,2026-08-21T15:13:28,0.0,0.0
SPXW,2026-08-24,3,Put,7945.0,SPXW260824P07945000,258.4,281.5,269.95,0.0,0.0,0.0,0.0,0.0,0.1375,-0.9985,0.0,0.0448,-0.0335,-0.2172,271.466,0.0,0.0,0.0,291.450012207031,no_change,,0.0,0.0
SPXW,2026-08-24,3,Call,7950.0,SPXW260824C07950000,0.0,0.05,0.025,0.05,-0.025,-33.3333,142.0,870.0,0.128,0.0014,0.0,0.0436,-0.033,0.0003,0.0348,0.1,0.1,0.05,0.0750000011175871,no_change,2026-08-21T15:56:35,0.0,0.0
SPXW,2026-08-24,3,Put,7950.0,SPXW260824P07950000,263.4,287.4,275.4,0.0,0.0,0.0,0.0,0.0,0.1399,-0.9985,0.0,0.0438,-0.0332,-0.2173,276.4651,0.0,0.0,0.0,296.150009155273,no_change,,0.0,0.0
SPXW,2026-08-24,3,Call,7955.0,SPXW260824C07955000,0.0,0.05,0.025,0.05,-0.05,-50.0,99.0,21.0,0.138,0.0014,0.0,0.0427,-0.0329,0.0003,0.0346,0.1,0.1,0.05,0.100000003352761,no_change,2026-08-21T15:00:26,0.0,0.0
SPXW,2026-08-24,3,Put,7955.0,SPXW260824P07955000,268.4,291.5,279.95,0.0,0.0,0.0,0.0,0.0,0.1422,-0.9986,0.0,0.0427,-0.0329,-0.2175,281.4642,0.0,0.0,0.0,301.400009155273,no_change,,0.0,0.0
SPXW,2026-08-24,3,Call,7960.0,SPXW260824C07960000,0.0,0.05,0.025,0.05,-0.05,-50.0,53.0,560.0,0.1402,0.0014,0.0,0.0417,-0.0327,0.0003,0.0344,0.05,0.05,0.05,0.100000003352761,no_change,2026-08-21T15:00:02,0.0,0.0
SPXW,2026-08-24,3,Put,7960.0,SPXW260824P07960000,273.4,297.2,285.29999999999995,0.0,0.0,0.0,0.0,0.0,0.1446,-0.9986,0.0,0.0418,-0.0327,-0.2176,286.4633,0.0,0.0,0.0,306.400009155273,no_change,,0.0,0.0
SPXW,2026-08-24,3,Call,7965.0,SPXW260824C07965000,0.0,0.05,0.025,0.05,-0.05,-50.0,52.0,12.0,0.1423,0.0014,0.0,0.0408,-0.0324,0.0003,0.0341,0.05,0.05,0.05,0.100000003352761,no_change,2026-08-21T11:47:01,0.0,0.0
SPXW,2026-08-24,3,Put,7965.0,SPXW260824P07965000,278.4,301.5,289.95,0.0,0.0,0.0,0.0,0.0,0.147,-0.9986,0.0,0.0408,-0.0324,-0.2178,291.4624,0.0,0.0,0.0,311.300003051758,no_change,,0.0,0.0
SPXW,2026-08-24,3,Call,7970.0,SPXW260824C07970000,0.0,0.1,0.05,0.05,-0.05,-50.0,169.0,581.0,0.1445,0.0013,0.0,0.0399,-0.0322,0.0003,0.0338,0.05,0.06,0.05,0.100000003352761,no_change,2026-08-21T14:41:41,0.0,0.0
SPXW,2026-08-24,3,Put,7970.0,SPXW260824P07970000,283.4,307.2,295.29999999999995,291.85,-24.55,-7.75917,1.0,0.0,0.1493,-0.9986,0.0,0.04,-0.0322,-0.2179,296.4616,291.85,291.85,291.85,316.400009155273,down,2026-08-21T15:59:32,0.0,0.0
SPXW,2026-08-24,3,Call,7975.0,SPXW260824C07975000,0.0,0.05,0.025,0.05,-0.05,-50.0,423.0,540.0,0.1384,0.0013,0.0,0.0391,-0.032,0.0003,0.0336,0.08,0.08,0.04,0.100000003352761,no_change,2026-08-21T15:35:25,0.0,0.0
SPXW,2026-08-24,3,Put,7975.0,SPXW260824P07975000,288.4,312.3,300.35,238.64,0.0,0.0,0.0,0.0,0.1517,-0.9987,0.0,0.0391,-0.032,-0.2181,301.4608,0.0,0.0,0.0,321.0,up,2026-08-07T09:41:56,0.0,0.0
SPXW,2026-08-24,3,Call,7980.0,SPXW260824C07980000,0.0,0.1,0.05,0.05,-0.05,-50.0,138.0,285.0,0.1488,0.0013,0.0,0.0383,-0.0318,0.0003,0.0334,0.05,0.05,0.03,0.100000003352761,no_change,2026-08-21T11:57:09,0.0,0.0
SPXW,2026-08-24,3,Put,7980.0,SPXW260824P07980000,293.4,317.2,305.29999999999995,0.0,0.0,0.0,0.0,0.0,0.154,-0.9987,0.0,0.0383,-0.0318,-0.2182,306.4599,0.0,0.0,0.0,326.400009155273,no_change,,0.0,0.0
SPXW,2026-08-24,3,Call,7990.0,SPXW260824C07990000,0.0,0.1,0.05,0.05,-0.025,-33.3333,67.0,146.0,0.1532,0.0012,0.0,0.0368,-0.0314,0.0002,0.033,0.05,0.05,0.05,0.0750000011175871,no_change,2026-08-21T13:48:35,0.0,0.0
SPXW,2026-08-24,3,Put,7990.0,SPXW260824P07990000,303.4,327.2,315.29999999999995,0.0,0.0,0.0,0.0,0.0,0.1587,-0.9988,0.0,0.0368,-0.0315,-0.2185,316.4583,0.0,0.0,0.0,336.300003051758,no_change,,0.0,0.0
SPXW,2026-08-24,3,Call,8000.0,SPXW260824C08000000,0.0,0.05,0.025,0.05,-0.025,-33.3333,443.0,1410.0,0.1486,0.0012,0.0,0.0354,-0.0311,0.0002,0.0326,0.1,0.1,0.05,0.0750000011175871,no_change,2026-08-21T15:02:59,0.0,0.0
SPXW,2026-08-24,3,Put,8000.0,SPXW260824P08000000,313.3,334.2,323.75,0.0,0.0,0.0,0.0,0.0,0.1634,-0.9988,0.0,0.0354,-0.0311,-0.2188,326.4567,0.0,0.0,0.0,346.400009155273,no_change,,0.0,0.0
SPXW,2026-08-24,3,Call,8010.0,SPXW260824C08010000,0.0,0.05,0.025,0.05,-0.05,-50.0,107.0,139.0,0.1618,0.0012,0.0,0.0341,-0.0308,0.0002,0.0322,0.05,0.05,0.05,0.100000003352761,no_change,2026-08-21T13:51:45,0.0,0.0
SPXW,2026-08-24,3,Put,8010.0,SPXW260824P08010000,323.3,347.2,335.25,0.0,0.0,0.0,0.0,0.0,0.168,-0.9988,0.0,0.0341,-0.0308,-0.219,336.4552,0.0,0.0,0.0,355.949996948242,no_change,,0.0,0.0
SPXW,2026-08-24,3,Call,8020.0,SPXW260824C08020000,0.0,0.05,0.025,0.05,-0.05,-50.0,18.0,3.0,0.166,0.0011,0.0,0.0329,-0.0305,0.0002,0.0319,0.05,0.05,0.05,0.100000003352761,no_change,2026-08-21T11:55:54,0.0,0.0
SPXW,2026-08-24,3,Put,8020.0,SPXW260824P08020000,333.3,356.5,344.9,0.0,0.0,0.0,0.0,0.0,0.1582,-0.9989,0.0,0.0329,-0.0305,-0.2193,346.4537,0.0,0.0,0.0,366.350006103516,no_change,,0.0,0.0
SPXW,2026-08-24,3,Call,8025.0,SPXW260824C08025000,0.0,0.05,0.025,0.05,-0.025,-33.3333,132.0,1448.0,0.1588,0.0011,0.0,0.0323,-0.0304,0.0002,0.0317,0.1,0.1,0.05,0.0750000011175871,no_change,2026-08-21T15:07:35,0.0,0.0
SPXW,2026-08-24,3,Put,8025.0,SPXW260824P08025000,338.3,359.1,348.70000000000005,377.41,0.0,0.0,0.0,1.0,0.1605,-0.9989,0.0,0.0324,-0.0304,-0.2195,351.4529,0.0,0.0,0.0,371.150009155273,up,2026-08-20T15:56:53,0.0,0.0
SPXW,2026-08-24,3,Call,8030.0,SPXW260824C08030000,0.0,0.05,0.025,0.05,-0.05,-50.0,28.0,0.0,0.1703,0.0011,0.0,0.0318,-0.0302,0.0002,0.0316,0.05,0.05,0.05,0.100000003352761,no_change,2026-08-21T15:24:13,0.0,0.0
SPXW,2026-08-24,3,Put,8030.0,SPXW260824P08030000,343.3,366.5,354.9,0.0,0.0,0.0,0.0,0.0,0.1628,-0.9989,0.0,0.0318,-0.0302,-0.2196,356.4522,0.0,0.0,0.0,376.350006103516,no_change,,0.0,0.0
SPXW,2026-08-24,3,Call,8040.0,SPXW260824C08040000,0.0,0.05,0.025,0.05,-0.05,-50.0,51.0,1.0,0.1746,0.0011,0.0,0.0308,-0.03,0.0002,0.0313,0.05,0.1,0.03,0.100000003352761,no_change,2026-08-21T15:25:00,0.0,0.0
SPXW,2026-08-24,3,Put,8040.0,SPXW260824P08040000,353.3,376.5,364.9,0.0,0.0,0.0,0.0,0.0,0.1675,-0.9989,0.0,0.0308,-0.03,-0.2199,366.4507,0.0,0.0,0.0,385.949996948242,no_change,,0.0,0.0
SPXW,2026-08-24,3,Call,8050.0,SPXW260824C08050000,0.0,0.05,0.025,0.05,-0.05,-50.0,288.0,234.0,0.1689,0.001,0.0,0.0298,-0.0298,0.0002,0.031,0.15,0.15,0.03,0.100000003352761,no_change,2026-08-21T15:37:04,0.0,0.0
SPXW,2026-08-24,3,Put,8050.0,SPXW260824P08050000,363.3,386.2,374.75,0.0,0.0,0.0,0.0,0.0,0.1721,-0.999,0.0,0.0298,-0.0298,-0.2202,376.4492,0.0,0.0,0.0,395.949996948242,no_change,,0.0,0.0
SPXW,2026-08-24,3,Call,8075.0,SPXW260824C08075000,0.0,0.05,0.025,0.05,-0.025,-33.3333,131.0,385.0,0.179,0.001,0.0,0.0276,-0.0292,0.0002,0.0304,0.05,0.05,0.05,0.0750000011175871,no_change,2026-08-21T15:16:50,0.0,0.0
SPXW,2026-08-24,3,Put,8075.0,SPXW260824P08075000,388.3,411.2,399.75,0.0,0.0,0.0,0.0,0.0,0.1836,-0.999,0.0,0.0276,-0.0292,-0.2209,401.4456,0.0,0.0,0.0,421.150009155273,no_change,,0.0,0.0
SPXW,2026-08-24,3,Call,8100.0,SPXW260824C08100000,0.0,0.05,0.025,0.04,-0.035,-46.6667,263.0,1615.0,0.1889,0.0009,0.0,0.0257,-0.0287,0.0002,0.0299,0.03,0.05,0.03,0.0750000011175871,up,2026-08-21T15:53:31,0.0,0.0
SPXW,2026-08-24,3,Put,8100.0,SPXW260824P08100000,413.3,436.5,424.9,0.0,0.0,0.0,0.0,0.0,0.1951,-0.9991,0.0,0.0257,-0.0287,-0.2216,426.4421,0.0,0.0,0.0,446.25,no_change,,0.0,0.0
SPXW,2026-08-24,3,Call,8125.0,SPXW260824C08125000,0.0,0.05,0.025,0.05,-0.025,-33.3333,104.0,39.0,0.2101,0.0008,0.0,0.024,-0.0282,0.0002,0.0293,0.05,0.05,0.05,0.0750000011175871,no_change,2026-08-21T15:28:04,0.0,0.0
SPXW,2026-08-24,3,Put,8125.0,SPXW260824P08125000,438.3,462.2,450.25,0.0,0.0,0.0,0.0,0.0,0.2065,-0.9992,0.0,0.0241,-0.0283,-0.2223,451.4386,0.0,0.0,0.0,470.900009155273,no_change,,0.0,0.0
SPXW,2026-08-24,3,Call,8150.0,SPXW260824C08150000,0.0,0.05,0.025,0.05,-0.025,-33.3333,322.0,167.0,0.2086,0.0008,0.0,0.0226,-0.0278,0.0002,0.0289,0.05,0.05,0.05,0.0750000011175871,no_change,2026-08-21T14:56:49,0.0,0.0
SPXW,2026-08-24,3,Put,8150.0,SPXW260824P08150000,463.3,487.2,475.25,0.0,0.0,0.0,0.0,0.0,0.2179,-0.9992,0.0,0.0226,-0.0278,-0.223,476.4351,0.0,0.0,0.0,495.900009155273,no_change,,0.0,0.0
SPXW,2026-08-24,3,Call,8175.0,SPXW260824C08175000,0.0,0.05,0.025,0.12,0.0,0.0,0.0,23.0,0.2306,0.0008,0.0,0.0213,-0.0274,0.0001,0.0284,0.0,0.0,0.0,0.0750000011175871,down,2026-08-19T14:37:18,0.0,0.0
SPXW,2026-08-24,3,Put,8175.0,SPXW260824P08175000,488.3,512.1,500.20000000000005,0.0,0.0,0.0,0.0,0.0,0.2293,-0.9992,0.0,0.0213,-0.0274,-0.2236,501.4316,0.0,0.0,0.0,521.25,no_change,,0.0,0.0
SPXW,2026-08-24,3,Call,8200.0,SPXW260824C08200000,0.0,0.05,0.025,0.03,-0.045,-60.0,12.0,100.0,0.2281,0.0007,0.0,0.0201,-0.027,0.0001,0.028,0.05,0.05,0.03,0.0750000011175871,no_change,2026-08-21T13:55:33,0.0,0.0
SPXW,2026-08-24,3,Put,8200.0,SPXW260824P08200000,513.3,537.2,525.25,0.0,0.0,0.0,0.0,0.0,0.2406,-0.9993,0.0,0.0201,-0.027,-0.2243,526.4282,0.0,0.0,0.0,546.25,no_change,,0.0,0.0
SPXW,2026-08-24,3,Call,8225.0,SPXW260824C08225000,0.0,0.05,0.025,0.15,0.0,0.0,0.0,19.0,0.2377,0.0007,0.0,0.019,-0.0266,0.0001,0.0275,0.0,0.0,0.0,0.0500000007450581,down,2026-08-18T09:30:48,0.0,0.0
SPXW,2026-08-24,3,Put,8225.0,SPXW260824P08225000,538.3,562.1,550.2,0.0,0.0,0.0,0.0,0.0,0.2519,-0.9993,0.0,0.019,-0.0266,-0.225,551.4248,0.0,0.0,0.0,571.100006103516,no_change,,0.0,0.0
SPXW,2026-08-24,3,Call,8250.0,SPXW260824C08250000,0.0,0.05,0.025,0.1,0.0,0.0,0.0,5.0,0.2473,0.0006,0.0,0.0181,-0.0262,0.0001,0.0271,0.0,0.0,0.0,0.0500000007450581,down,2026-08-18T16:07:06,0.0,0.0
SPXW,2026-08-24,3,Put,8250.0,SPXW260824P08250000,563.3,587.1,575.2,0.0,0.0,0.0,0.0,0.0,0.2631,-0.9994,0.0,0.0181,-0.0263,-0.2257,576.4214,0.0,0.0,0.0,596.25,no_change,,0.0,0.0
SPXW,2026-08-24,3,Call,8275.0,SPXW260824C08275000,0.0,0.05,0.025,0.1,0.0,0.0,0.0,19.0,0.2568,0.0006,0.0,0.0172,-0.0259,0.0001,0.0267,0.0,0.0,0.0,0.0500000007450581,down,2026-08-19T11:47:02,0.0,0.0
SPXW,2026-08-24,3,Put,8275.0,SPXW260824P08275000,588.3,612.1,600.2,0.0,0.0,0.0,0.0,0.0,0.2743,-0.9994,0.0,0.0172,-0.0259,-0.2264,601.418,0.0,0.0,0.0,621.25,no_change,,0.0,0.0
SPXW,2026-08-24,3,Call,8300.0,SPXW260824C08300000,0.0,0.05,0.025,0.03,-0.02,-40.0,17.0,7.0,0.2663,0.0006,0.0,0.0164,-0.0255,0.0001,0.0263,0.05,0.05,0.03,0.0500000007450581,down,2026-08-21T09:42:31,0.0,0.0
SPXW,2026-08-24,3,Put,8300.0,SPXW260824P08300000,613.3,636.4,624.8499999999999,0.0,0.0,0.0,0.0,0.0,0.2524,-0.9994,0.0,0.0164,-0.0256,-0.2271,626.4147,0.0,0.0,0.0,646.200012207031,no_change,,0.0,0.0
SPXW,2026-08-24,3,Call,8325.0,SPXW260824C08325000,0.0,0.05,0.025,0.05,0.0,0.0,0.0,19.0,0.2757,0.0006,0.0,0.0157,-0.0252,0.0001,0.026,0.0,0.0,0.0,0.0500000007450581,no_change,2026-08-20T14:08:45,0.0,0.0
SPXW,2026-08-24,3,Put,8325.0,SPXW260824P08325000,638.3,662.1,650.2,0.0,0.0,0.0,0.0,0.0,0.2655,-0.9994,0.0,0.0157,-0.0252,-0.2278,651.4113,0.0,0.0,0.0,671.200012207031,no_change,,0.0,0.0
SPXW,2026-08-24,3,Call,8400.0,SPXW260824C08400000,0.0,0.05,0.025,0.05,0.0,0.0,0.0,32.0,0.3036,0.0005,0.0,0.0138,-0.0242,0.0001,0.0249,0.0,0.0,0.0,0.0500000007450581,no_change,2026-08-20T12:06:20,0.0,0.0
SPXW,2026-08-24,3,Put,8400.0,SPXW260824P08400000,713.3,736.4,724.8499999999999,0.0,0.0,0.0,0.0,0.0,0.3023,-0.9995,0.0,0.0138,-0.0242,-0.2299,726.4013,0.0,0.0,0.0,745.800018310547,no_change,,0.0,0.0
SPXW,2026-08-24,3,Call,8500.0,SPXW260824C08500000,0.0,0.05,0.025,0.05,0.0,-1.49012e-06,1.0,3.0,0.3402,0.0004,0.0,0.0117,-0.023,0.0001,0.0236,0.05,0.05,0.05,0.0500000007450581,no_change,2026-08-21T09:30:04,0.0,0.0
SPXW,2026-08-24,3,Put,8500.0,SPXW260824P08500000,813.3,834.0,823.65,0.0,0.0,0.0,0.0,0.0,0.3489,-0.9996,0.0,0.0117,-0.023,-0.2326,826.388,0.0,0.0,0.0,845.950012207031,no_change,,0.0,0.0
SPXW,2026-08-24,3,Call,8600.0,SPXW260824C08600000,0.0,0.05,0.025,0.05,0.0,0.0,0.0,24.0,0.3761,0.0004,0.0,0.0102,-0.0218,0.0001,0.0223,0.0,0.0,0.0,0.025000000372529,no_change,2026-08-20T10:44:24,0.0,0.0
SPXW,2026-08-24,3,Put,8600.0,SPXW260824P08600000,913.3,937.2,925.25,0.0,0.0,0.0,0.0,0.0,0.3939,-0.9996,0.0,0.0102,-0.0218,-0.2354,926.3748,0.0,0.0,0.0,946.100006103516,no_change,,0.0,0.0
SPXW,2026-08-24,3,Call,8800.0,SPXW260824C08800000,0.0,0.05,0.025,0.05,0.0,0.0,0.0,302.0,0.4459,0.0003,0.0,0.0079,-0.0196,0.0001,0.02,0.0,0.0,0.0,0.025000000372529,no_change,2026-08-20T13:38:40,0.0,0.0
SPXW,2026-08-24,3,Put,8800.0,SPXW260824P08800000,1113.2,1137.2,1125.2,0.0,0.0,0.0,0.0,0.0,0.4811,-0.9997,0.0,0.0079,-0.0196,-0.2408,1126.3486,0.0,0.0,0.0,1145.94995117188,no_change,,0.0,0.0
SPXW,2026-08-24,3,Call,9000.0,SPXW260824C09000000,0.0,0.05,0.025,0.05,0.0,0.0,0.0,373.0,0.5133,0.0002,0.0,0.0063,-0.0176,0.0,0.0179,0.0,0.0,0.0,0.025000000372529,down,2026-08-17T15:56:51,0.0,0.0
SPXW,2026-08-24,3,Put,9000.0,SPXW260824P09000000,1313.2,1336.3,1324.75,1524.15,0.0,0.0,0.0,1.0,0.5349,-0.9998,0.0,0.0063,-0.0176,-0.2463,1326.3226,0.0,0.0,0.0,1345.89996337891,down,2026-07-24T12:00:49,0.0,0.0
SPXW,2026-08-24,3,Call,9200.0,SPXW260824C09200000,0.0,0.05,0.025,0.0,0.0,0.0,0.0,0.0,0.5787,0.0002,0.0,0.0051,-0.0158,0.0,0.0161,0.0,0.0,0.0,0.025000000372529,no_change,,0.0,0.0
SPXW,2026-08-24,3,Put,9200.0,SPXW260824P09200000,1513.2,1533.8,1523.5,0.0,0.0,0.0,0.0,0.0,0.6213,-0.9998,0.0,0.0051,-0.0158,-0.2518,1526.2968,0.0,0.0,0.0,1545.84997558594,no_change,,0.0,0.0
SPXW,2026-08-24,3,Call,9400.0,SPXW260824C09400000,0.0,0.05,0.025,0.0,0.0,0.0,0.0,0.0,0.642,0.0001,0.0,0.0042,-0.0142,0.0,0.0144,0.0,0.0,0.0,0.025000000372529,no_change,,0.0,0.0
SPXW,2026-08-24,3,Put,9400.0,SPXW260824P09400000,1713.2,1734.0,1723.6,0.0,0.0,0.0,0.0,0.0,0.6659,-0.9998,0.0,0.0042,-0.0142,-0.2573,1726.2713,0.0,0.0,0.0,1745.35003662109,no_change,,0.0,0.0
SPXW,2026-08-24,3,Call,9600.0,SPXW260824C09600000,0.0,0.05,0.025,0.0,0.0,0.0,0.0,0.0,0.7037,0.0001,0.0,0.0035,-0.0127,0.0,0.0129,0.0,0.0,0.0,0.025000000372529,no_change,,0.0,0.0
SPXW,2026-08-24,3,Put,9600.0,SPXW260824P09600000,1913.1,1936.3,1924.6999999999998,0.0,0.0,0.0,0.0,0.0,0.7524,-0.9999,0.0,0.0036,-0.0128,-0.2628,1926.2459,0.0,0.0,0.0,1945.70001220703,no_change,,0.0,0.0
SPXW,2026-08-24,3,Call,9800.0,SPXW260824C09800000,0.0,0.05,0.025,0.05,0.025,100.0,1.0,0.0,0.7636,0.0001,0.0,0.003,-0.0114,0.0,0.0115,0.05,0.05,0.05,0.025000000372529,down,2026-08-21T16:12:43,0.0,0.0
SPXW,2026-08-24,3,Put,9800.0,SPXW260824P09800000,2113.1,2136.2,2124.6499999999996,2289.17,0.0,0.0,0.0,0.0,0.8341,-0.9999,0.0,0.003,-0.0114,-0.2683,2126.2206,0.0,0.0,0.0,2145.59997558594,down,2026-07-20T11:51:08,0.0,0.0
SPXW,2026-08-24,3,Call,10000.0,SPXW260824C10000000,0.0,0.05,0.025,0.03,0.005,20.0,3.0,0.0,0.822,0.0001,0.0,0.0026,-0.0102,0.0,0.0103,0.05,0.05,0.03,0.025000000372529,down,2026-08-21T14:46:33,0.0,0.0
SPXW,2026-08-24,3,Put,10000.0,SPXW260824P10000000,2313.1,2337.1,2325.1,2326.7,-18.7,-0.797306,2.0,0.0,0.8756,-0.9999,0.0,0.0026,-0.0103,-0.2737,2326.1955,2326.7,2326.7,2326.7,2345.40002441406,down,2026-08-21T14:46:33,0.0,0.0
SPXW,2026-08-25,4,Call,3000.0,SPXW260825C03000000,4662.0,4686.0,4674.0,0.0,0.0,0.0,0.0,0.0,0.0,1.0,0.0,0.0,-0.0003,0.1642,4672.7823,0.0,0.0,0.0,4651.4501953125,no_change,,0.0,0.0
SPXW,2026-08-25,4,Put,3000.0,SPXW260825P03000000,0.0,0.05,0.025,0.05,0.025,100.0,1.0,1.0,2.4232,0.0,0.0,0.0,-0.0003,0.0,0.0003,0.05,0.05,0.05,0.025000000372529,up,2026-08-21T10:09:32,0.0,0.0
SPXW,2026-08-25,4,Call,3200.0,SPXW260825C03200000,4462.7,4486.0,4474.35,0.0,0.0,0.0,0.0,0.0,0.0,1.0,0.0,0.0,-0.0004,0.1752,4472.8302,0.0,0.0,0.0,4451.5,no_change,,0.0,0.0
SPXW,2026-08-25,4,Put,3200.0,SPXW260825P03200000,0.0,0.05,0.025,0.0,0.0,0.0,0.0,1.0,2.2618,0.0,0.0,0.0,-0.0004,0.0,0.0004,0.0,0.0,0.0,0.025000000372529,no_change,,0.0,0.0
SPXW,2026-08-25,4,Call,3400.0,SPXW260825C03400000,4262.1,4286.1,4274.1,0.0,0.0,0.0,0.0,0.0,0.0,1.0,0.0,0.0001,-0.0005,0.1862,4272.8781,0.0,0.0,0.0,4251.64990234375,no_change,,0.0,0.0
SPXW,2026-08-25,4,Put,3400.0,SPXW260825P03400000,0.0,0.05,0.025,0.0,0.0,0.0,0.0,0.0,2.1099,0.0,0.0,0.0001,-0.0005,0.0,0.0005,0.0,0.0,0.0,0.025000000372529,no_change,,0.0,0.0
SPXW,2026-08-25,4,Call,3600.0,SPXW260825C03600000,4065.3,4086.1,4075.7,0.0,0.0,0.0,0.0,1.0,0.0,1.0,0.0,0.0001,-0.0008,0.1971,4072.9262,0.0,0.0,0.0,4051.65002441406,no_change,,0.0,0.0
SPXW,2026-08-25,4,Put,3600.0,SPXW260825P03600000,0.0,0.05,0.025,0.05,0.0,0.0,0.0,1.0,1.967,0.0,0.0,0.0001,-0.0008,0.0,0.0008,0.0,0.0,0.0,0.025000000372529,down,2026-08-03T12:38:35,0.0,0.0
SPXW,2026-08-25,4,Call,3800.0,SPXW260825C03800000,3862.8,3886.1,3874.45,0.0,0.0,0.0,0.0,0.0,0.0,1.0,0.0,0.0002,-0.0011,0.208,3872.9744,0.0,0.0,0.0,3851.90002441406,no_change,,0.0,0.0
SPXW,2026-08-25,4,Put,3800.0,SPXW260825P03800000,0.0,0.05,0.025,0.15,0.0,0.0,0.0,87.0,1.8316,0.0,0.0,0.0002,-0.0011,0.0,0.0012,0.0,0.0,0.0,0.025000000372529,down,2026-07-28T14:30:17,0.0,0.0
SPXW,2026-08-25,4,Call,4000.0,SPXW260825C04000000,3662.9,3686.2,3674.55,0.0,0.0,0.0,0.0,0.0,0.0,1.0,0.0,0.0003,-0.0018,0.219,3673.0228,0.0,0.0,0.0,3651.90002441406,no_change,,0.0,0.0
SPXW,2026-08-25,4,Put,4000.0,SPXW260825P04000000,0.0,0.05,0.025,0.47,0.0,0.0,0.0,42.0,1.7029,0.0,0.0,0.0003,-0.0018,0.0,0.0018,0.0,0.0,0.0,0.025000000372529,no_change,2026-07-24T10:30:47,0.0,0.0
SPXW,2026-08-25,4,Call,4200.0,SPXW260825C04200000,3463.0,3486.2,3474.6,0.0,0.0,0.0,0.0,0.0,0.0,1.0,0.0,0.0004,-0.0028,0.2299,3473.0716,0.0,0.0,0.0,3452.0,no_change,,0.0,0.0
SPXW,2026-08-25,4,Put,4200.0,SPXW260825P04200000,0.0,0.05,0.025,0.05,0.0,0.0,0.0,15.0,1.58,0.0,0.0,0.0004,-0.0028,0.0,0.0029,0.0,0.0,0.0,0.025000000372529,no_change,2026-08-19T12:52:25,0.0,0.0
SPXW,2026-08-25,4,Call,4400.0,SPXW260825C04400000,3262.9,3286.3,3274.6000000000004,0.0,0.0,0.0,0.0,0.0,0.0,1.0,0.0,0.0007,-0.0042,0.2409,3273.1209,0.0,0.0,0.0,3252.09997558594,no_change,,0.0,0.0
SPXW,2026-08-25,4,Put,4400.0,SPXW260825P04400000,0.0,0.05,0.025,0.15,0.0,0.0,0.0,6.0,1.463,0.0,0.0,0.0007,-0.0042,0.0,0.0044,0.0,0.0,0.0,0.025000000372529,down,2026-08-03T15:14:07,0.0,0.0
SPXW,2026-08-25,4,Call,4600.0,SPXW260825C04600000,3063.0,3086.3,3074.65,0.0,0.0,0.0,0.0,0.0,0.0,1.0,0.0,0.001,-0.0062,0.2518,3073.1709,0.0,0.0,0.0,3052.35009765625,no_change,,0.0,0.0
SPXW,2026-08-25,4,Put,4600.0,SPXW260825P04600000,0.0,0.05,0.025,0.12,0.0,0.0,0.0,80.0,1.3511,0.0,0.0,0.001,-0.0062,0.0,0.0065,0.0,0.0,0.0,0.025000000372529,no_change,2026-08-06T10:54:45,0.0,0.0
SPXW,2026-08-25,4,Call,4800.0,SPXW260825C04800000,2863.1,2886.4,2874.75,0.0,0.0,0.0,0.0,0.0,0.0,0.9999,0.0,0.0015,-0.0089,0.2628,2873.2216,0.0,0.0,0.0,2852.29992675781,no_change,,0.0,0.0
SPXW,2026-08-25,4,Put,4800.0,SPXW260825P04800000,0.0,0.05,0.025,0.05,0.0,0.0,0.0,144.0,1.2437,0.0,0.0,0.0015,-0.0089,0.0,0.0094,0.0,0.0,0.0,0.025000000372529,no_change,2026-08-10T13:32:33,0.0,0.0
SPXW,2026-08-25,4,Call,5000.0,SPXW260825C05000000,2662.5,2686.4,2674.45,0.0,0.0,0.0,0.0,0.0,0.0,0.9999,0.0,0.0022,-0.0124,0.2737,2673.2732,0.0,0.0,0.0,2652.40002441406,no_change,,0.0,0.0
SPXW,2026-08-25,4,Put,5000.0,SPXW260825P05000000,0.0,0.05,0.025,0.05,0.0,0.0,0.0,180.0,1.1404,-0.0001,0.0,0.0022,-0.0124,0.0,0.0133,0.0,0.0,0.0,0.025000000372529,no_change,2026-08-12T14:07:37,0.0,0.0
SPXW,2026-08-25,4,Call,5200.0,SPXW260825C05200000,2463.2,2486.4,2474.8,2463.28,10.7301,0.437507,14.0,0.0,0.0,0.9999,0.0,0.0032,-0.0169,0.2846,2473.3259,2463.28,2463.28,2463.28,2452.54992675781,no_change,2026-08-21T10:39:52,0.0,0.0
SPXW,2026-08-25,4,Put,5200.0,SPXW260825P05200000,0.0,0.05,0.025,0.05,0.0,0.0,0.0,241.0,1.0409,-0.0001,0.0,0.0032,-0.017,0.0,0.0182,0.0,0.0,0.0,0.025000000372529,no_change,2026-08-13T10:45:55,0.0,0.0
SPXW,2026-08-25,4,Call,5400.0,SPXW260825C05400000,2262.6,2286.5,2274.55,0.0,0.0,0.0,0.0,0.0,0.0,0.9998,0.0,0.0044,-0.0225,0.2956,2273.3799,0.0,0.0,0.0,2252.75,no_change,,0.0,0.0
SPXW,2026-08-25,4,Put,5400.0,SPXW260825P05400000,0.0,0.05,0.025,0.1,0.0,0.0,0.0,280.0,0.9448,-0.0001,0.0,0.0044,-0.0226,-0.0001,0.0244,0.0,0.0,0.0,0.025000000372529,no_change,2026-08-12T13:34:55,0.0,0.0
SPXW,2026-08-25,4,Call,5600.0,SPXW260825C05600000,2063.3,2086.5,2074.9,0.0,0.0,0.0,0.0,0.0,0.0,0.9998,0.0,0.0061,-0.0293,0.3065,2073.4354,0.0,0.0,0.0,2052.85003662109,no_change,,0.0,0.0
SPXW,2026-08-25,4,Put,5600.0,SPXW260825P05600000,0.0,0.05,0.025,0.03,0.0,0.0,0.0,944.0,0.8519,-0.0002,0.0,0.0061,-0.0294,-0.0001,0.0321,0.0,0.0,0.0,0.025000000372529,down,2026-08-18T15:44:30,0.0,0.0
SPXW,2026-08-25,4,Call,5800.0,SPXW260825C05800000,1862.7,1886.6,1874.65,0.0,0.0,0.0,0.0,0.0,0.0,0.9997,0.0,0.0083,-0.0374,0.3174,1873.4924,0.0,0.0,0.0,1852.90002441406,no_change,,0.0,0.0
SPXW,2026-08-25,4,Put,5800.0,SPXW260825P05800000,0.0,0.05,0.025,0.05,0.0,0.0,0.0,475.0,0.7618,-0.0003,0.0,0.0083,-0.0374,-0.0001,0.0413,0.0,0.0,0.0,0.025000000372529,no_change,2026-08-19T10:55:35,0.0,0.0
SPXW,2026-08-25,4,Call,5900.0,SPXW260825C05900000,1762.6,1786.4,1774.5,0.0,0.0,0.0,0.0,0.0,0.0,0.9996,0.0,0.0097,-0.042,0.3229,1773.5215,0.0,0.0,0.0,1752.95001220703,no_change,,0.0,0.0
SPXW,2026-08-25,4,Put,5900.0,SPXW260825P05900000,0.0,0.05,0.025,0.05,0.0,0.0,0.0,1224.0,0.7178,-0.0003,0.0,0.0097,-0.042,-0.0001,0.0466,0.0,0.0,0.0,0.025000000372529,no_change,2026-08-20T10:55:56,0.0,0.0
SPXW,2026-08-25,4,Call,6000.0,SPXW260825C06000000,1662.7,1686.6,1674.65,1679.7,26.3,1.59066,1.0,0.0,0.0,0.9996,0.0,0.0112,-0.047,0.3283,1673.5512,1679.7,1679.7,1679.7,1653.40002441406,up,2026-08-21T11:05:47,0.0,0.0
SPXW,2026-08-25,4,Put,6000.0,SPXW260825P06000000,0.0,0.05,0.025,0.05,0.0,0.0,0.0,174.0,0.7069,-0.0004,0.0,0.0112,-0.047,-0.0001,0.0523,0.0,0.0,0.0,0.025000000372529,no_change,2026-08-20T09:33:27,0.0,0.0
SPXW,2026-08-25,4,Call,6100.0,SPXW260825C06100000,1565.9,1586.6,1576.25,0.0,0.0,0.0,0.0,0.0,0.0,0.9995,0.0,0.0131,-0.0523,0.3338,1573.5813,0.0,0.0,0.0,1553.04998779297,no_change,,0.0,0.0
SPXW,2026-08-25,4,Put,6100.0,SPXW260825P06100000,0.0,0.05,0.025,0.05,0.025,100.0,156.0,258.0,0.6623,-0.0004,0.0,0.0131,-0.0523,-0.0002,0.0586,0.05,0.05,0.05,0.025000000372529,no_change,2026-08-21T16:02:10,0.0,0.0
SPXW,2026-08-25,4,Call,6200.0,SPXW260825C06200000,1463.4,1486.7,1475.0500000000002,0.0,0.0,0.0,0.0,0.0,0.0,0.9994,0.0,0.0152,-0.0581,0.3392,1473.612,0.0,0.0,0.0,1453.09997558594,no_change,,0.0,0.0
SPXW,2026-08-25,4,Put,6200.0,SPXW260825P06200000,0.0,0.05,0.025,0.05,0.025,100.0,601.0,255.0,0.6182,-0.0005,0.0,0.0153,-0.0581,-0.0002,0.0654,0.05,0.05,0.05,0.025000000372529,no_change,2026-08-21T16:02:11,0.0,0.0
SPXW,2026-08-25,4,Call,6300.0,SPXW260825C06300000,1363.7,1386.7,1375.2,0.0,0.0,0.0,0.0,0.0,0.0,0.9994,0.0,0.0178,-0.0643,0.3446,1373.6434,0.0,0.0,0.0,1353.20001220703,no_change,,0.0,0.0
SPXW,2026-08-25,4,Put,6300.0,SPXW260825P06300000,0.0,0.05,0.025,0.05,0.0,-1.49012e-06,32.0,355.0,0.5747,-0.0006,0.0,0.0178,-0.0643,-0.0002,0.0729,0.05,0.05,0.03,0.0500000007450581,up,2026-08-21T15:57:46,0.0,0.0
SPXW,2026-08-25,4,Call,6325.0,SPXW260825C06325000,1337.7,1361.6,1349.65,0.0,0.0,0.0,0.0,0.0,0.0,0.9993,0.0,0.0185,-0.0659,0.346,1348.6513,0.0,0.0,0.0,1328.20001220703,no_change,,0.0,0.0
SPXW,2026-08-25,4,Put,6325.0,SPXW260825P06325000,0.0,0.05,0.025,0.05,0.0,-1.49012e-06,125.0,111.0,0.5639,-0.0006,0.0,0.0185,-0.066,-0.0003,0.0749,0.05,0.05,0.05,0.0500000007450581,no_change,2026-08-21T15:57:46,0.0,0.0
SPXW,2026-08-25,4,Call,6350.0,SPXW260825C06350000,1312.7,1336.6,1324.65,0.0,0.0,0.0,0.0,0.0,0.0,0.9993,0.0,0.0192,-0.0676,0.3474,1323.6593,0.0,0.0,0.0,1303.20001220703,no_change,,0.0,0.0
SPXW,2026-08-25,4,Put,6350.0,SPXW260825P06350000,0.0,0.05,0.025,0.05,0.0,-1.49012e-06,476.0,85.0,0.5532,-0.0007,0.0,0.0192,-0.0676,-0.0003,0.0769,0.05,0.05,0.05,0.0500000007450581,no_change,2026-08-21T15:51:24,0.0,0.0
SPXW,2026-08-25,4,Call,6375.0,SPXW260825C06375000,1287.8,1311.7,1299.75,0.0,0.0,0.0,0.0,0.0,0.0,0.9993,0.0,0.0199,-0.0693,0.3487,1298.6674,0.0,0.0,0.0,1278.25,no_change,,0.0,0.0
SPXW,2026-08-25,4,Put,6375.0,SPXW260825P06375000,0.0,0.05,0.025,0.05,0.0,-1.49012e-06,89.0,731.0,0.5424,-0.0007,0.0,0.02,-0.0693,-0.0003,0.0789,0.05,0.05,0.05,0.0500000007450581,no_change,2026-08-21T15:51:26,0.0,0.0
SPXW,2026-08-25,4,Call,6400.0,SPXW260825C06400000,1262.8,1286.7,1274.75,0.0,0.0,0.0,0.0,0.0,0.0,0.9992,0.0,0.0207,-0.071,0.3501,1273.6754,0.0,0.0,0.0,1253.29998779297,no_change,,0.0,0.0
SPXW,2026-08-25,4,Put,6400.0,SPXW260825P06400000,0.0,0.05,0.025,0.05,-0.025,-33.3333,81.0,419.0,0.5317,-0.0007,0.0,0.0208,-0.0711,-0.0003,0.0811,0.05,0.05,0.05,0.0750000011175871,no_change,2026-08-21T15:51:25,0.0,0.0
SPXW,2026-08-25,4,Call,6425.0,SPXW260825C06425000,1237.8,1261.7,1249.75,0.0,0.0,0.0,0.0,0.0,0.0,0.9992,0.0,0.0216,-0.0728,0.3514,1248.6836,0.0,0.0,0.0,1228.69995117188,no_change,,0.0,0.0
SPXW,2026-08-25,4,Put,6425.0,SPXW260825P06425000,0.0,0.1,0.05,0.05,0.0,-1.49012e-06,68.0,7.0,0.521,-0.0008,0.0,0.0216,-0.0728,-0.0003,0.0832,0.05,0.05,0.05,0.0500000007450581,no_change,2026-08-21T15:51:26,0.0,0.0
SPXW,2026-08-25,4,Call,6450.0,SPXW260825C06450000,1216.0,1236.7,1226.35,0.0,0.0,0.0,0.0,0.0,0.0,0.9992,0.0,0.0224,-0.0746,0.3528,1223.6918,0.0,0.0,0.0,1203.29998779297,no_change,,0.0,0.0
SPXW,2026-08-25,4,Put,6450.0,SPXW260825P06450000,0.0,0.1,0.05,0.05,-0.025,-33.3333,19.0,40.0,0.5104,-0.0008,0.0,0.0225,-0.0746,-0.0003,0.0854,0.05,0.05,0.05,0.0750000011175871,no_change,2026-08-21T16:02:10,0.0,0.0
SPXW,2026-08-25,4,Call,6475.0,SPXW260825C06475000,1187.9,1211.7,1199.8000000000002,1309.74,0.0,0.0,0.0,0.0,0.0,0.9992,0.0,0.0234,-0.0764,0.3542,1198.7,0.0,0.0,0.0,1178.44995117188,down,2026-08-13T11:45:03,0.0,0.0
SPXW,2026-08-25,4,Put,6475.0,SPXW260825P06475000,0.0,0.1,0.05,0.1,0.0,0.0,0.0,68.0,0.4998,-0.0008,0.0,0.0234,-0.0765,-0.0003,0.0877,0.0,0.0,0.0,0.0500000007450581,down,2026-08-19T15:54:59,0.0,0.0
SPXW,2026-08-25,4,Call,6500.0,SPXW260825C06500000,1162.8,1186.8,1174.8,1179.9,26.6,2.30643,7.0,0.0,0.0,0.9991,0.0,0.0243,-0.0783,0.3555,1173.7083,1179.9,1179.9,1179.9,1153.29998779297,no_change,2026-08-21T15:39:34,0.0,0.0
SPXW,2026-08-25,4,Put,6500.0,SPXW260825P06500000,0.0,0.1,0.05,0.1,0.025,33.3333,79.0,299.0,0.4892,-0.0009,0.0,0.0244,-0.0784,-0.0004,0.09,0.05,0.1,0.05,0.0750000011175871,no_change,2026-08-21T15:55:56,0.0,0.0
SPXW,2026-08-25,4,Call,6525.0,SPXW260825C06525000,1137.9,1161.8,1149.85,0.0,0.0,0.0,0.0,0.0,0.0,0.9991,0.0,0.0254,-0.0803,0.3569,1148.7167,0.0,0.0,0.0,1128.40002441406,no_change,,0.0,0.0
SPXW,2026-08-25,4,Put,6525.0,SPXW260825P06525000,0.0,0.1,0.05,0.15,0.0,0.0,0.0,249.0,0.4786,-0.0009,0.0,0.0254,-0.0803,-0.0004,0.0924,0.0,0.0,0.0,0.0750000011175871,down,2026-08-20T15:59:55,0.0,0.0
SPXW,2026-08-25,4,Call,6550.0,SPXW260825C06550000,1112.9,1136.8,1124.85,0.0,0.0,0.0,0.0,0.0,0.0,0.999,0.0,0.0264,-0.0822,0.3582,1123.7251,0.0,0.0,0.0,1103.70001220703,no_change,,0.0,0.0
SPXW,2026-08-25,4,Put,6550.0,SPXW260825P06550000,0.0,0.1,0.05,0.15,0.0,0.0,0.0,51.0,0.4681,-0.0009,0.0,0.0265,-0.0823,-0.0004,0.0949,0.0,0.0,0.0,0.100000003352761,down,2026-08-17T11:05:58,0.0,0.0
SPXW,2026-08-25,4,Call,6575.0,SPXW260825C06575000,1087.9,1111.8,1099.85,0.0,0.0,0.0,0.0,0.0,0.0,0.999,0.0,0.0276,-0.0843,0.3596,1098.7336,0.0,0.0,0.0,1078.40002441406,no_change,,0.0,0.0
SPXW,2026-08-25,4,Put,6575.0,SPXW260825P06575000,0.0,0.1,0.05,0.2,0.0,0.0,0.0,5.0,0.4576,-0.001,0.0,0.0276,-0.0843,-0.0004,0.0974,0.0,0.0,0.0,0.100000003352761,down,2026-08-17T15:59:55,0.0,0.0
SPXW,2026-08-25,4,Call,6600.0,SPXW260825C06600000,1063.5,1086.8,1075.15,0.0,0.0,0.0,0.0,0.0,0.0,0.999,0.0,0.0287,-0.0864,0.3609,1073.7422,0.0,0.0,0.0,1053.40002441406,no_change,,0.0,0.0
SPXW,2026-08-25,4,Put,6600.0,SPXW260825P06600000,0.0,0.1,0.05,0.05,-0.05,-50.0,3.0,179.0,0.4471,-0.001,0.0,0.0288,-0.0864,-0.0004,0.1001,0.05,0.05,0.05,0.100000003352761,no_change,2026-08-21T16:10:38,0.0,0.0
SPXW,2026-08-25,4,Call,6625.0,SPXW260825C06625000,1037.9,1061.8,1049.85,0.0,0.0,0.0,0.0,0.0,0.0,0.9989,0.0,0.03,-0.0885,0.3623,1048.7509,0.0,0.0,0.0,1028.45001220703,no_change,,0.0,0.0
SPXW,2026-08-25,4,Put,6625.0,SPXW260825P06625000,0.0,0.1,0.05,0.2,0.0,0.0,0.0,5.0,0.4367,-0.0011,0.0,0.03,-0.0886,-0.0004,0.1028,0.0,0.0,0.0,0.100000003352761,down,2026-08-17T09:41:47,0.0,0.0
SPXW,2026-08-25,4,Call,6650.0,SPXW260825C06650000,1013.0,1036.8,1024.9,0.0,0.0,0.0,0.0,0.0,0.0,0.9989,0.0,0.0313,-0.0907,0.3636,1023.7596,0.0,0.0,0.0,1003.75,no_change,,0.0,0.0
SPXW,2026-08-25,4,Put,6650.0,SPXW260825P06650000,0.0,0.1,0.05,0.1,0.0,0.0,0.0,49.0,0.4263,-0.0011,0.0,0.0313,-0.0908,-0.0004,0.1056,0.0,0.0,0.0,0.12500000372529,no_change,2026-08-20T15:42:06,0.0,0.0
SPXW,2026-08-25,4,Call,6675.0,SPXW260825C06675000,991.2,1011.8,1001.5,0.0,0.0,0.0,0.0,0.0,0.0,0.9988,0.0,0.0327,-0.093,0.365,998.7685,0.0,0.0,0.0,978.900024414062,no_change,,0.0,0.0
SPXW,2026-08-25,4,Put,6675.0,SPXW260825P06675000,0.05,0.1,0.07500000000000001,0.1,-0.025,-20.0,200.0,177.0,0.4291,-0.0012,0.0,0.0327,-0.093,-0.0005,0.1085,0.1,0.1,0.1,0.12500000372529,no_change,2026-08-21T14:46:58,0.0,0.0
SPXW,2026-08-25,4,Call,6700.0,SPXW260825C06700000,962.9,986.8,974.8499999999999,0.0,0.0,0.0,0.0,0.0,0.0,0.9988,0.0,0.0341,-0.0953,0.3663,973.7775,0.0,0.0,0.0,953.650024414062,no_change,,0.0,0.0
SPXW,2026-08-25,4,Put,6700.0,SPXW260825P06700000,0.05,0.1,0.07500000000000001,0.12,0.0,0.0,0.0,189.0,0.4283,-0.0012,0.0,0.0342,-0.0954,-0.0005,0.1114,0.0,0.0,0.0,0.150000002235174,down,2026-08-20T15:42:06,0.0,0.0
SPXW,2026-08-25,4,Call,6725.0,SPXW260825C06725000,941.1,961.8,951.45,0.0,0.0,0.0,0.0,0.0,0.0,0.9987,0.0,0.0357,-0.0978,0.3676,948.7865,0.0,0.0,0.0,928.700012207031,no_change,,0.0,0.0
SPXW,2026-08-25,4,Put,6725.0,SPXW260825P06725000,0.05,0.1,0.07500000000000001,0.1,-0.05,-33.3333,10.0,31.0,0.4174,-0.0013,0.0,0.0357,-0.0978,-0.0005,0.1145,0.1,0.1,0.1,0.150000002235174,no_change,2026-08-21T14:22:42,0.0,0.0
SPXW,2026-08-25,4,Call,6750.0,SPXW260825C06750000,916.1,936.8,926.45,0.0,0.0,0.0,0.0,0.0,0.0,0.9986,0.0,0.0373,-0.1002,0.369,923.7957,0.0,0.0,0.0,903.850006103516,no_change,,0.0,0.0
SPXW,2026-08-25,4,Put,6750.0,SPXW260825P06750000,0.05,0.1,0.07500000000000001,0.1,-0.075,-42.8571,5.0,72.0,0.4066,-0.0014,0.0,0.0374,-0.1003,-0.0005,0.1178,0.1,0.1,0.1,0.175000004470348,down,2026-08-21T09:35:39,0.0,0.0
SPXW,2026-08-25,4,Call,6775.0,SPXW260825C06775000,888.1,911.8,899.95,0.0,0.0,0.0,0.0,0.0,0.0,0.9986,0.0,0.0391,-0.1028,0.3703,898.805,0.0,0.0,0.0,878.75,no_change,,0.0,0.0
SPXW,2026-08-25,4,Put,6775.0,SPXW260825P06775000,0.05,0.1,0.07500000000000001,0.2,0.0,0.0,0.0,132.0,0.3958,-0.0014,0.0,0.0391,-0.1029,-0.0006,0.1211,0.0,0.0,0.0,0.175000004470348,no_change,2026-08-20T11:01:29,0.0,0.0
SPXW,2026-08-25,4,Call,6800.0,SPXW260825C06800000,863.6,886.9,875.25,0.0,0.0,0.0,0.0,0.0,0.0,0.9985,0.0,0.041,-0.1055,0.3717,873.8145,0.0,0.0,0.0,853.600006103516,no_change,,0.0,0.0
SPXW,2026-08-25,4,Put,6800.0,SPXW260825P06800000,0.05,0.1,0.07500000000000001,0.07,-0.13,-65.0,4.0,72.0,0.385,-0.0015,0.0,0.041,-0.1056,-0.0006,0.1246,0.1,0.1,0.07,0.200000002980232,down,2026-08-21T16:01:09,0.0,0.0
SPXW,2026-08-25,4,Call,6825.0,SPXW260825C06825000,838.0,861.9,849.95,0.0,0.0,0.0,0.0,0.0,0.0,0.9984,0.0,0.043,-0.1083,0.373,848.8241,0.0,0.0,0.0,828.850006103516,no_change,,0.0,0.0
SPXW,2026-08-25,4,Put,6825.0,SPXW260825P06825000,0.05,0.1,0.07500000000000001,0.05,-0.175,-77.7778,1.0,45.0,0.3742,-0.0016,0.0,0.0431,-0.1084,-0.0006,0.1282,0.05,0.05,0.05,0.225000001490116,down,2026-08-21T15:59:55,0.0,0.0
SPXW,2026-08-25,4,Call,6850.0,SPXW260825C06850000,813.0,836.9,824.95,0.0,0.0,0.0,0.0,0.0,0.0,0.9983,0.0,0.0452,-0.1112,0.3744,823.8339,0.0,0.0,0.0,803.799987792969,no_change,,0.0,0.0
SPXW,2026-08-25,4,Put,6850.0,SPXW260825P06850000,0.05,0.1,0.07500000000000001,0.25,0.0,0.0,0.0,161.0,0.3634,-0.0016,0.0,0.0453,-0.1113,-0.0007,0.1321,0.0,0.0,0.0,0.250000007450581,up,2026-08-20T11:51:41,0.0,0.0
SPXW,2026-08-25,4,Call,6875.0,SPXW260825C06875000,788.1,811.9,800.0,824.0,0.0,0.0,0.0,2.0,0.0,0.9982,0.0,0.0476,-0.1142,0.3757,798.8439,0.0,0.0,0.0,778.699981689453,down,2026-08-18T14:07:04,0.0,0.0
SPXW,2026-08-25,4,Put,6875.0,SPXW260825P06875000,0.05,0.15,0.1,0.1,-0.175,-63.6364,2.0,193.0,0.3527,-0.0017,0.0,0.0476,-0.1143,-0.0007,0.1361,0.1,0.1,0.1,0.275000005960464,down,2026-08-21T16:03:51,0.0,0.0
SPXW,2026-08-25,4,Call,6900.0,SPXW260825C06900000,763.0,786.9,774.95,775.92,22.17,2.94129,1.0,0.0,0.0,0.9982,0.0,0.0501,-0.1174,0.377,773.8541,775.92,775.92,775.92,753.75,up,2026-08-21T11:21:47,0.0,0.0
SPXW,2026-08-25,4,Put,6900.0,SPXW260825P06900000,0.05,0.15,0.1,0.1,-0.2,-66.6667,7.0,189.0,0.342,-0.0018,0.0,0.0502,-0.1175,-0.0007,0.1403,0.15,0.15,0.1,0.299999997019768,no_change,2026-08-21T15:55:27,0.0,0.0
SPXW,2026-08-25,4,Call,6925.0,SPXW260825C06925000,738.0,761.9,749.95,0.0,0.0,0.0,0.0,0.0,0.0,0.998,0.0,0.0528,-0.1208,0.3783,748.8645,0.0,0.0,0.0,728.899993896484,no_change,,0.0,0.0
SPXW,2026-08-25,4,Put,6925.0,SPXW260825P06925000,0.05,0.15,0.1,0.1,-0.225,-69.2308,8.0,57.0,0.3312,-0.0019,0.0,0.0529,-0.1208,-0.0008,0.1448,0.15,0.15,0.1,0.325000002980232,down,2026-08-21T16:10:26,0.0,0.0
SPXW,2026-08-25,4,Call,6950.0,SPXW260825C06950000,713.7,736.9,725.3,0.0,0.0,0.0,0.0,0.0,0.0,0.9979,0.0,0.0558,-0.1243,0.3797,723.8753,0.0,0.0,0.0,703.800018310547,no_change,,0.0,0.0
SPXW,2026-08-25,4,Put,6950.0,SPXW260825P06950000,0.1,0.15,0.125,0.1,-0.25,-71.4286,82.0,127.0,0.3269,-0.002,0.0,0.0558,-0.1244,-0.0008,0.1496,0.15,0.17,0.1,0.350000008940697,down,2026-08-21T15:48:50,0.0,0.0
SPXW,2026-08-25,4,Call,6975.0,SPXW260825C06975000,691.2,711.9,701.55,0.0,0.0,0.0,0.0,0.0,0.0,0.9978,0.0,0.0589,-0.128,0.381,698.8863,0.0,0.0,0.0,678.950012207031,no_change,,0.0,0.0
SPXW,2026-08-25,4,Put,6975.0,SPXW260825P06975000,0.1,0.15,0.125,0.12,-0.225,-60.0,2.0,334.0,0.3213,-0.0022,0.0,0.059,-0.1281,-0.0009,0.1547,0.1,0.12,0.1,0.375,up,2026-08-21T16:06:19,0.0,0.0
SPXW,2026-08-25,4,Call,7000.0,SPXW260825C07000000,663.7,686.9,675.3,0.0,0.0,0.0,0.0,0.0,0.0,0.9977,0.0,0.0624,-0.132,0.3823,673.8977,0.0,0.0,0.0,653.899993896484,no_change,,0.0,0.0
SPXW,2026-08-25,4,Put,7000.0,SPXW260825P07000000,0.1,0.15,0.125,0.15,-0.275,-64.7059,1210.0,772.0,0.3103,-0.0023,0.0,0.0625,-0.1321,-0.0009,0.1601,0.2,0.2,0.15,0.424999997019768,no_change,2026-08-21T15:33:00,0.0,0.0
SPXW,2026-08-25,4,Call,7025.0,SPXW260825C07025000,638.1,661.9,650.0,599.51,0.0,0.0,0.0,31.0,0.0,0.9975,0.0,0.0662,-0.1363,0.3836,648.9095,0.0,0.0,0.0,629.449981689453,up,2026-08-03T15:22:40,0.0,0.0
SPXW,2026-08-25,4,Put,7025.0,SPXW260825P07025000,0.1,0.15,0.125,0.4,0.0,0.0,0.0,272.0,0.2993,-0.0024,0.0,0.0663,-0.1364,-0.001,0.1659,0.0,0.0,0.0,0.450000002980232,no_change,2026-08-20T15:55:03,0.0,0.0
SPXW,2026-08-25,4,Call,7030.0,SPXW260825C07030000,633.0,656.7,644.85,0.0,0.0,0.0,0.0,0.0,0.0,0.9975,0.0,0.067,-0.1372,0.3839,643.9119,0.0,0.0,0.0,624.600006103516,no_change,,0.0,0.0
SPXW,2026-08-25,4,Put,7030.0,SPXW260825P07030000,0.1,0.15,0.125,0.15,-0.3,-66.6667,263.0,7.0,0.2971,-0.0025,0.0,0.0672,-0.1373,-0.001,0.1672,0.15,0.15,0.15,0.450000002980232,no_change,2026-08-21T15:34:14,0.0,0.0
SPXW,2026-08-25,4,Call,7040.0,SPXW260825C07040000,623.0,646.7,634.85,0.0,0.0,0.0,0.0,0.0,0.0,0.9974,0.0,0.0687,-0.139,0.3844,633.9168,0.0,0.0,0.0,614.049987792969,no_change,,0.0,0.0
SPXW,2026-08-25,4,Put,7040.0,SPXW260825P07040000,0.1,0.15,0.125,0.4,0.0,0.0,0.0,48.0,0.2927,-0.0026,0.0,0.0688,-0.1391,-0.001,0.1697,0.0,0.0,0.0,0.474999994039536,no_change,2026-08-20T15:55:40,0.0,0.0
SPXW,2026-08-25,4,Call,7050.0,SPXW260825C07050000,613.1,637.0,625.05,405.9,0.0,0.0,0.0,0.0,0.0,0.9974,0.0,0.0705,-0.1408,0.3849,623.9218,0.0,0.0,0.0,604.350006103516,down,2026-07-29T09:52:20,0.0,0.0
SPXW,2026-08-25,4,Put,7050.0,SPXW260825P07050000,0.1,0.15,0.125,0.17,-0.33,-66.0,20.0,265.0,0.2883,-0.0026,0.0,0.0706,-0.141,-0.0011,0.1722,0.25,0.25,0.17,0.5,no_change,2026-08-21T15:32:23,0.0,0.0
SPXW,2026-08-25,4,Call,7060.0,SPXW260825C07060000,603.0,626.8,614.9,0.0,0.0,0.0,0.0,0.0,0.0,0.9973,0.0,0.0723,-0.1427,0.3854,613.9268,0.0,0.0,0.0,594.150024414062,no_change,,0.0,0.0
SPXW,2026-08-25,4,Put,7060.0,SPXW260825P07060000,0.1,0.2,0.15000000000000002,0.17,-0.33,-66.0,5.0,33.0,0.2839,-0.0027,0.0,0.0724,-0.1429,-0.0011,0.1749,0.17,0.17,0.17,0.5,down,2026-08-21T11:02:34,0.0,0.0
SPXW,2026-08-25,4,Call,7070.0,SPXW260825C07070000,593.0,616.9,604.95,0.0,0.0,0.0,0.0,0.0,0.0,0.9972,0.0,0.0742,-0.1447,0.3859,603.932,0.0,0.0,0.0,584.050018310547,no_change,,0.0,0.0
SPXW,2026-08-25,4,Put,7070.0,SPXW260825P07070000,0.1,0.2,0.15000000000000002,0.15,-0.375,-71.4286,77.0,9.0,0.2795,-0.0028,0.0,0.0743,-0.1449,-0.0011,0.1777,0.2,0.2,0.15,0.525000005960464,down,2026-08-21T16:06:54,0.0,0.0
SPXW,2026-08-25,4,Call,7075.0,SPXW260825C07075000,588.7,612.0,600.35,328.71,0.0,0.0,0.0,1.0,0.0,0.9972,0.0,0.0752,-0.1457,0.3862,598.9346,0.0,0.0,0.0,579.150024414062,down,2026-07-29T15:53:27,0.0,0.0
SPXW,2026-08-25,4,Put,7075.0,SPXW260825P07075000,0.1,0.2,0.15000000000000002,0.2,-0.325,-61.9048,2.0,24.0,0.2773,-0.0028,0.0,0.0753,-0.1459,-0.0011,0.1791,0.15,0.2,0.15,0.525000005960464,up,2026-08-21T12:35:00,0.0,0.0
SPXW,2026-08-25,4,Call,7080.0,SPXW260825C07080000,583.8,607.0,595.4,0.0,0.0,0.0,0.0,0.0,0.0,0.9971,0.0,0.0762,-0.1468,0.3865,593.9372,0.0,0.0,0.0,574.150024414062,no_change,,0.0,0.0
SPXW,2026-08-25,4,Put,7080.0,SPXW260825P07080000,0.1,0.2,0.15000000000000002,0.2,-0.35,-63.6364,2.0,73.0,0.2751,-0.0028,0.0,0.0763,-0.1469,-0.0012,0.1805,0.15,0.2,0.15,0.550000011920929,up,2026-08-21T12:35:00,0.0,0.0
SPXW,2026-08-25,4,Call,7090.0,SPXW260825C07090000,573.0,596.9,584.95,0.0,0.0,0.0,0.0,0.0,0.0,0.9971,0.0,0.0782,-0.1489,0.387,583.9425,0.0,0.0,0.0,564.150024414062,no_change,,0.0,0.0
SPXW,2026-08-25,4,Put,7090.0,SPXW260825P07090000,0.1,0.2,0.15000000000000002,0.2,-0.35,-63.6364,1007.0,5.0,0.2707,-0.0029,0.0,0.0784,-0.149,-0.0012,0.1835,0.2,0.2,0.2,0.550000011920929,no_change,2026-08-21T12:34:59,0.0,0.0
SPXW,2026-08-25,4,Call,7100.0,SPXW260825C07100000,563.1,587.0,575.05,659.62,0.0,0.0,0.0,0.0,0.0,0.997,0.0,0.0804,-0.151,0.3875,573.948,0.0,0.0,0.0,554.450012207031,up,2026-08-07T15:41:40,0.0,0.0
SPXW,2026-08-25,4,Put,7100.0,SPXW260825P07100000,0.1,0.2,0.15000000000000002,0.18,-0.395,-68.6957,168.0,362.0,0.2663,-0.003,0.0,0.0806,-0.1512,-0.0012,0.1865,0.25,0.25,0.17,0.575000017881394,no_change,2026-08-21T15:57:31,0.0,0.0
SPXW,2026-08-25,4,Call,7110.0,SPXW260825C07110000,553.1,577.0,565.05,0.0,0.0,0.0,0.0,0.0,0.0,0.9969,0.0,0.0827,-0.1533,0.388,563.9535,0.0,0.0,0.0,544.149993896484,no_change,,0.0,0.0
SPXW,2026-08-25,4,Put,7110.0,SPXW260825P07110000,0.1,0.2,0.15000000000000002,0.15,-0.45,-75.0,13.0,6.0,0.2619,-0.0031,0.0,0.0828,-0.1534,-0.0012,0.1897,0.24,0.24,0.15,0.599999994039536,down,2026-08-21T15:57:00,0.0,0.0
SPXW,2026-08-25,4,Call,7120.0,SPXW260825C07120000,546.3,567.0,556.65,0.0,0.0,0.0,0.0,0.0,0.0,0.9968,0.0,0.085,-0.1556,0.3885,553.9592,0.0,0.0,0.0,534.299987792969,no_change,,0.0,0.0
SPXW,2026-08-25,4,Put,7120.0,SPXW260825P07120000,0.15,0.2,0.175,0.25,-0.35,-58.3333,101.0,95.0,0.2649,-0.0032,0.0,0.0851,-0.1557,-0.0013,0.193,0.2,0.25,0.2,0.599999994039536,no_change,2026-08-21T14:56:13,0.0,0.0
SPXW,2026-08-25,4,Call,7125.0,SPXW260825C07125000,538.8,562.0,550.4,368.32,0.0,0.0,0.0,62.0,0.0,0.9968,0.0,0.0862,-0.1568,0.3888,548.9621,0.0,0.0,0.0,529.5,down,2026-07-23T09:31:30,0.0,0.0
SPXW,2026-08-25,4,Put,7125.0,SPXW260825P07125000,0.15,0.2,0.175,0.25,-0.375,-60.0,100.0,115.0,0.2626,-0.0032,0.0,0.0864,-0.157,-0.0013,0.1947,0.25,0.25,0.25,0.625,no_change,2026-08-21T14:58:23,0.0,0.0
SPXW,2026-08-25,4,Call,7130.0,SPXW260825C07130000,533.1,555.0,544.05,0.0,0.0,0.0,0.0,0.0,0.0,0.9967,0.0,0.0875,-0.158,0.389,543.9651,0.0,0.0,0.0,524.149993896484,no_change,,0.0,0.0
SPXW,2026-08-25,4,Put,7130.0,SPXW260825P07130000,0.15,0.2,0.175,0.25,-0.4,-61.5385,101.0,36.0,0.2604,-0.0033,0.0,0.0876,-0.1582,-0.0013,0.1965,0.2,0.25,0.2,0.650000005960464,no_change,2026-08-21T14:58:49,0.0,0.0
SPXW,2026-08-25,4,Call,7140.0,SPXW260825C07140000,523.0,546.8,534.9,0.0,0.0,0.0,0.0,0.0,0.0,0.9966,0.0,0.09,-0.1606,0.3895,533.971,0.0,0.0,0.0,514.149993896484,no_change,,0.0,0.0
SPXW,2026-08-25,4,Put,7140.0,SPXW260825P07140000,0.15,0.2,0.175,0.25,-0.4,-61.5385,101.0,134.0,0.2559,-0.0034,0.0,0.0902,-0.1607,-0.0014,0.2001,0.2,0.25,0.2,0.650000005960464,no_change,2026-08-21T15:31:33,0.0,0.0
SPXW,2026-08-25,4,Call,7150.0,SPXW260825C07150000,513.2,537.0,525.1,269.1,0.0,0.0,0.0,1.0,0.0,0.9965,0.0,0.0927,-0.1632,0.39,523.9772,0.0,0.0,0.0,504.349990844727,up,2026-07-29T15:46:13,0.0,0.0
SPXW,2026-08-25,4,Put,7150.0,SPXW260825P07150000,0.15,0.2,0.175,0.17,-0.505,-74.8148,133.0,36.0,0.2514,-0.0035,0.0,0.0929,-0.1633,-0.0014,0.2038,0.27,0.27,0.17,0.674999982118606,down,2026-08-21T16:10:26,0.0,0.0
SPXW,2026-08-25,4,Call,7160.0,SPXW260825C07160000,503.2,527.0,515.1,0.0,0.0,0.0,0.0,0.0,0.0,0.9964,0.0,0.0955,-0.1659,0.3905,513.9834,0.0,0.0,0.0,494.25,no_change,,0.0,0.0
SPXW,2026-08-25,4,Put,7160.0,SPXW260825P07160000,0.15,0.2,0.175,0.25,-0.45,-64.2857,9.0,297.0,0.2469,-0.0036,0.0,0.0957,-0.1661,-0.0015,0.2077,0.3,0.3,0.2,0.699999988079071,up,2026-08-21T12:35:00,0.0,0.0
SPXW,2026-08-25,4,Call,7170.0,SPXW260825C07170000,493.1,516.8,504.95,0.0,0.0,0.0,0.0,0.0,0.0,0.9963,0.0001,0.0985,-0.1687,0.391,503.9899,0.0,0.0,0.0,484.650009155273,no_change,,0.0,0.0
SPXW,2026-08-25,4,Put,7170.0,SPXW260825P07170000,0.15,0.2,0.175,0.3,-0.425,-58.6207,102.0,1300.0,0.2424,-0.0037,0.0001,0.0987,-0.1689,-0.0015,0.2118,0.25,0.3,0.25,0.724999994039536,no_change,2026-08-21T13:29:25,0.0,0.0
SPXW,2026-08-25,4,Call,7175.0,SPXW260825C07175000,488.2,512.0,500.1,0.0,0.0,0.0,0.0,0.0,0.218,0.9962,0.0001,0.1,-0.1702,0.3913,498.9932,0.0,0.0,0.0,479.300003051758,no_change,,0.0,0.0
SPXW,2026-08-25,4,Put,7175.0,SPXW260825P07175000,0.15,0.2,0.175,0.3,-0.45,-60.0,105.0,54.0,0.2402,-0.0038,0.0001,0.1002,-0.1704,-0.0015,0.2139,0.22,0.3,0.22,0.75,no_change,2026-08-21T13:25:35,0.0,0.0
SPXW,2026-08-25,4,Call,7180.0,SPXW260825C07180000,483.1,506.8,494.95000000000005,246.66,0.0,0.0,0.0,4.0,0.2156,0.9961,0.0001,0.1016,-0.1717,0.3915,493.9966,0.0,0.0,0.0,474.300003051758,no_change,2026-07-29T15:48:17,0.0,0.0
SPXW,2026-08-25,4,Put,7180.0,SPXW260825P07180000,0.15,0.2,0.175,0.25,-0.5,-66.6667,12.0,31.0,0.2379,-0.0038,0.0001,0.1018,-0.1719,-0.0016,0.2161,0.3,0.3,0.25,0.75,down,2026-08-21T12:34:59,0.0,0.0
SPXW,2026-08-25,4,Call,7190.0,SPXW260825C07190000,473.1,496.8,484.95000000000005,256.7,0.0,0.0,0.0,1.0,0.2108,0.996,0.0001,0.1049,-0.1747,0.392,484.0034,0.0,0.0,0.0,464.450012207031,up,2026-07-30T09:41:05,0.0,0.0
SPXW,2026-08-25,4,Put,7190.0,SPXW260825P07190000,0.15,0.2,0.175,0.3,-0.475,-61.2903,101.0,16.0,0.2334,-0.004,0.0001,0.1051,-0.1749,-0.0016,0.2206,0.25,0.3,0.25,0.775000005960464,no_change,2026-08-21T14:19:28,0.0,0.0
SPXW,2026-08-25,4,Call,7195.0,SPXW260825C07195000,472.0,492.0,482.0,0.0,0.0,0.0,0.0,0.0,0.2084,0.9959,0.0001,0.1066,-0.1763,0.3922,479.0069,0.0,0.0,0.0,0.0,no_change,,0.0,0.0
SPXW,2026-08-25,4,Put,7195.0,SPXW260825P07195000,0.15,0.25,0.2,0.3,0.3,0.0,100.0,0.0,0.2312,-0.0041,0.0001,0.1068,-0.1765,-0.0016,0.2229,0.3,0.3,0.3,0.0,no_change,2026-08-21T14:33:53,0.0,0.0
SPXW,2026-08-25,4,Call,7200.0,SPXW260825C07200000,463.9,487.0,475.45,264.01,0.0,0.0,0.0,88.0,0.2061,0.9959,0.0001,0.1084,-0.178,0.3925,474.0105,0.0,0.0,0.0,454.350006103516,down,2026-07-30T09:47:43,0.0,0.0
SPXW,2026-08-25,4,Put,7200.0,SPXW260825P07200000,0.15,0.25,0.2,0.2,-0.6,-75.0,203.0,345.0,0.2289,-0.0041,0.0001,0.1086,-0.1782,-0.0017,0.2253,0.3,0.3,0.2,0.800000011920929,down,2026-08-21T16:12:11,0.0,0.0
SPXW,2026-08-25,4,Call,7205.0,SPXW260825C07205000,458.4,482.0,470.2,0.0,0.0,0.0,0.0,0.0,0.2037,0.9958,0.0001,0.1102,-0.1796,0.3927,469.0141,0.0,0.0,0.0,0.0,no_change,,0.0,0.0
SPXW,2026-08-25,4,Put,7205.0,SPXW260825P07205000,0.15,0.25,0.2,0.0,0.0,0.0,0.0,0.0,0.2266,-0.0042,0.0001,0.1104,-0.1798,-0.0017,0.2277,0.0,0.0,0.0,0.0,no_change,,0.0,0.0
SPXW,2026-08-25,4,Call,7210.0,SPXW260825C07210000,453.2,476.8,465.0,0.0,0.0,0.0,0.0,0.0,0.2013,0.9957,0.0001,0.112,-0.1813,0.393,464.0178,0.0,0.0,0.0,444.550003051758,no_change,,0.0,0.0
SPXW,2026-08-25,4,Put,7210.0,SPXW260825P07210000,0.15,0.25,0.2,0.2,-0.65,-76.4706,142.0,27.0,0.2244,-0.0043,0.0001,0.1123,-0.1815,-0.0017,0.2302,0.34,0.34,0.2,0.849999994039536,down,2026-08-21T15:57:00,0.0,0.0
SPXW,2026-08-25,4,Call,7215.0,SPXW260825C07215000,448.5,472.1,460.3,0.0,0.0,0.0,0.0,0.0,0.1989,0.9956,0.0001,0.114,-0.183,0.3932,459.0216,0.0,0.0,0.0,0.0,no_change,,0.0,0.0
SPXW,2026-08-25,4,Put,7215.0,SPXW260825P07215000,0.15,0.25,0.2,0.0,0.0,0.0,0.0,0.0,0.2222,-0.0044,0.0001,0.1142,-0.1833,-0.0018,0.2328,0.0,0.0,0.0,0.0,no_change,,0.0,0.0
SPXW,2026-08-25,4,Call,7220.0,SPXW260825C07220000,446.5,467.0,456.75,236.43,0.0,0.0,0.0,46.0,0.1965,0.9956,0.0001,0.1159,-0.1848,0.3935,454.0254,0.0,0.0,0.0,434.649993896484,up,2026-07-30T09:34:13,0.0,0.0
SPXW,2026-08-25,4,Put,7220.0,SPXW260825P07220000,0.15,0.25,0.2,0.3,-0.55,-64.7059,2.0,26.0,0.2226,-0.0044,0.0001,0.1161,-0.185,-0.0018,0.2353,0.25,0.3,0.25,0.849999994039536,up,2026-08-21T12:35:14,0.0,0.0
SPXW,2026-08-25,4,Call,7225.0,SPXW260825C07225000,441.5,462.0,451.75,0.0,0.0,0.0,0.0,0.0,0.1941,0.9955,0.0001,0.118,-0.1866,0.3937,449.0293,0.0,0.0,0.0,429.699996948242,no_change,,0.0,0.0
SPXW,2026-08-25,4,Put,7225.0,SPXW260825P07225000,0.15,0.25,0.2,0.3,-0.6,-66.6667,3.0,127.0,0.2203,-0.0045,0.0001,0.1182,-0.1869,-0.0018,0.2381,0.3,0.32,0.3,0.900000005960464,down,2026-08-21T15:25:03,0.0,0.0
SPXW,2026-08-25,4,Call,7230.0,SPXW260825C07230000,436.5,457.0,446.75,238.0,0.0,0.0,0.0,3.0,0.1918,0.9954,0.0001,0.1201,-0.1885,0.394,444.0332,0.0,0.0,0.0,424.5,up,2026-07-29T10:36:47,0.0,0.0
SPXW,2026-08-25,4,Put,7230.0,SPXW260825P07230000,0.15,0.25,0.2,0.3,-0.6,-66.6667,1.0,20.0,0.218,-0.0046,0.0001,0.1203,-0.1888,-0.0019,0.2409,0.3,0.3,0.3,0.900000005960464,down,2026-08-21T12:35:00,0.0,0.0
SPXW,2026-08-25,4,Call,7235.0,SPXW260825C07235000,428.2,452.0,440.1,0.0,0.0,0.0,0.0,0.0,0.1894,0.9953,0.0001,0.1222,-0.1904,0.3942,439.0372,0.0,0.0,0.0,419.549987792969,no_change,,0.0,0.0
SPXW,2026-08-25,4,Put,7235.0,SPXW260825P07235000,0.15,0.25,0.2,0.3,-0.6,-66.6667,2.0,803.0,0.2158,-0.0047,0.0001,0.1225,-0.1907,-0.0019,0.2437,0.3,0.3,0.3,0.900000005960464,no_change,2026-08-21T12:34:59,0.0,0.0
SPXW,2026-08-25,4,Call,7240.0,SPXW260825C07240000,423.3,447.0,435.15,0.0,0.0,0.0,0.0,0.0,0.187,0.9952,0.0001,0.1244,-0.1924,0.3944,434.0413,0.0,0.0,0.0,414.550003051758,no_change,,0.0,0.0
SPXW,2026-08-25,4,Put,7240.0,SPXW260825P07240000,0.15,0.25,0.2,0.29,-0.66,-69.4737,33.0,56.0,0.2159,-0.0048,0.0001,0.1247,-0.1926,-0.0019,0.2466,0.27,0.3,0.27,0.949999988079071,no_change,2026-08-21T15:31:28,0.0,0.0
SPXW,2026-08-25,4,Call,7245.0,SPXW260825C07245000,418.5,442.1,430.3,0.0,0.0,0.0,0.0,0.0,0.1958,0.9951,0.0001,0.1268,-0.1944,0.3947,429.0455,0.0,0.0,0.0,409.949996948242,no_change,,0.0,0.0
SPXW,2026-08-25,4,Put,7245.0,SPXW260825P07245000,0.2,0.25,0.225,0.35,-0.6,-63.1579,103.0,43.0,0.2136,-0.0049,0.0001,0.127,-0.1946,-0.002,0.2496,0.38,0.38,0.3,0.949999988079071,no_change,2026-08-21T14:00:47,0.0,0.0
SPXW,2026-08-25,4,Call,7250.0,SPXW260825C07250000,413.9,437.1,425.5,429.99,25.04,6.18348,1.0,11.0,0.1822,0.995,0.0001,0.1291,-0.1964,0.3949,424.0498,429.99,429.99,429.99,404.949996948242,down,2026-08-21T15:13:33,0.0,0.0
SPXW,2026-08-25,4,Put,7250.0,SPXW260825P07250000,0.2,0.25,0.225,0.32,-0.68,-68.0,21.0,628.0,0.2113,-0.005,0.0001,0.1294,-0.1967,-0.002,0.2527,0.37,0.4,0.32,0.999999970197678,down,2026-08-21T15:25:03,0.0,0.0
SPXW,2026-08-25,4,Call,7255.0,SPXW260825C07255000,408.5,432.1,420.3,0.0,0.0,0.0,0.0,0.0,0.1986,0.9949,0.0001,0.1316,-0.1985,0.3951,419.0541,0.0,0.0,0.0,399.899993896484,no_change,,0.0,0.0
SPXW,2026-08-25,4,Put,7255.0,SPXW260825P07255000,0.2,0.25,0.225,0.35,-0.65,-65.0,1.0,40.0,0.209,-0.0051,0.0001,0.1318,-0.1988,-0.0021,0.2559,0.35,0.35,0.35,0.999999970197678,down,2026-08-21T12:56:53,0.0,0.0
SPXW,2026-08-25,4,Call,7260.0,SPXW260825C07260000,403.3,427.1,415.20000000000005,0.0,0.0,0.0,0.0,0.0,0.1963,0.9948,0.0001,0.1341,-0.2007,0.3954,414.0586,0.0,0.0,0.0,394.649993896484,no_change,,0.0,0.0
SPXW,2026-08-25,4,Put,7260.0,SPXW260825P07260000,0.2,0.25,0.225,0.35,-0.7,-66.6667,6.0,54.0,0.2067,-0.0052,0.0001,0.1344,-0.201,-0.0021,0.2591,0.4,0.4,0.3,1.05000001192093,no_change,2026-08-21T13:05:47,0.0,0.0
SPXW,2026-08-25,4,Call,7265.0,SPXW260825C07265000,398.2,422.1,410.15,0.0,0.0,0.0,0.0,0.0,0.1939,0.9947,0.0001,0.1366,-0.2029,0.3956,409.0631,0.0,0.0,0.0,390.050003051758,no_change,,0.0,0.0
SPXW,2026-08-25,4,Put,7265.0,SPXW260825P07265000,0.2,0.25,0.225,0.35,-0.7,-66.6667,100.0,9.0,0.2044,-0.0053,0.0001,0.137,-0.2032,-0.0022,0.2625,0.35,0.35,0.35,1.05000001192093,no_change,2026-08-21T15:17:35,0.0,0.0
SPXW,2026-08-25,4,Call,7270.0,SPXW260825C07270000,393.3,417.1,405.20000000000005,401.6,0.0,0.0,0.0,4.0,0.1916,0.9946,0.0001,0.1393,-0.2052,0.3958,404.0678,0.0,0.0,0.0,385.050003051758,up,2026-08-20T13:51:34,0.0,0.0
SPXW,2026-08-25,4,Put,7270.0,SPXW260825P07270000,0.2,0.3,0.25,0.35,-0.725,-67.4419,1.0,77.0,0.2021,-0.0054,0.0001,0.1396,-0.2055,-0.0022,0.266,0.35,0.35,0.35,1.07499998807907,down,2026-08-21T12:35:06,0.0,0.0
SPXW,2026-08-25,4,Call,7275.0,SPXW260825C07275000,388.3,412.1,400.20000000000005,409.86,30.16,7.94311,1.0,5.0,0.1892,0.9945,0.0001,0.142,-0.2076,0.396,399.0725,409.86,409.86,409.86,379.699996948242,down,2026-08-21T11:37:05,0.0,0.0
SPXW,2026-08-25,4,Put,7275.0,SPXW260825P07275000,0.2,0.3,0.25,0.4,-0.7,-63.6364,101.0,40.0,0.1998,-0.0055,0.0001,0.1424,-0.2079,-0.0022,0.2695,0.35,0.4,0.35,1.09999996423721,no_change,2026-08-21T13:33:02,0.0,0.0
SPXW,2026-08-25,4,Call,7280.0,SPXW260825C07280000,383.3,407.1,395.20000000000005,209.6,0.0,0.0,0.0,5.0,0.1868,0.9944,0.0001,0.1449,-0.21,0.3963,394.0774,0.0,0.0,0.0,375.550003051758,up,2026-07-30T10:43:30,0.0,0.0
SPXW,2026-08-25,4,Put,7280.0,SPXW260825P07280000,0.2,0.3,0.25,0.35,-0.775,-68.8889,6.0,144.0,0.1975,-0.0056,0.0001,0.1452,-0.2103,-0.0023,0.2732,0.35,0.37,0.35,1.125,down,2026-08-21T12:34:59,0.0,0.0
SPXW,2026-08-25,4,Call,7285.0,SPXW260825C07285000,382.5,402.1,392.3,0.0,0.0,0.0,0.0,0.0,0.1845,0.9942,0.0001,0.1478,-0.2125,0.3965,389.0824,0.0,0.0,0.0,370.25,no_change,,0.0,0.0
SPXW,2026-08-25,4,Put,7285.0,SPXW260825P07285000,0.2,0.3,0.25,0.35,-0.8,-69.5652,1.0,5.0,0.1973,-0.0058,0.0001,0.1481,-0.2127,-0.0023,0.2769,0.35,0.35,0.35,1.15000003576279,down,2026-08-21T12:34:53,0.0,0.0
SPXW,2026-08-25,4,Call,7290.0,SPXW260825C07290000,373.3,397.1,385.20000000000005,197.2,0.0,0.0,0.0,13.0,0.1821,0.9941,0.0001,0.1508,-0.2151,0.3967,384.0875,0.0,0.0,0.0,364.850006103516,down,2026-07-30T09:52:23,0.0,0.0
SPXW,2026-08-25,4,Put,7290.0,SPXW260825P07290000,0.2,0.3,0.25,0.35,-0.85,-70.8333,111.0,45.0,0.1949,-0.0059,0.0001,0.1512,-0.2154,-0.0024,0.281,0.35,0.4,0.35,1.19999998807907,down,2026-08-21T15:17:09,0.0,0.0
SPXW,2026-08-25,4,Call,7295.0,SPXW260825C07295000,368.5,392.1,380.3,0.0,0.0,0.0,0.0,0.0,0.1798,0.994,0.0001,0.154,-0.2177,0.3969,379.0928,0.0,0.0,0.0,360.5,no_change,,0.0,0.0
SPXW,2026-08-25,4,Put,7295.0,SPXW260825P07295000,0.2,0.3,0.25,0.33,-0.87,-72.5,111.0,3.0,0.1926,-0.006,0.0001,0.1543,-0.218,-0.0024,0.2851,0.35,0.4,0.33,1.19999998807907,down,2026-08-21T15:45:09,0.0,0.0
SPXW,2026-08-25,4,Call,7300.0,SPXW260825C07300000,366.5,387.1,376.8,379.64,24.59,6.92578,1.0,37.0,0.1774,0.9938,0.0001,0.1572,-0.2204,0.3972,374.0982,379.64,379.64,379.64,355.050003051758,down,2026-08-21T15:13:33,0.0,0.0
SPXW,2026-08-25,4,Put,7300.0,SPXW260825P07300000,0.2,0.3,0.25,0.3,-0.95,-76.0,135.0,330.0,0.1903,-0.0062,0.0001,0.1576,-0.2208,-0.0025,0.2893,0.45,0.45,0.3,1.25,no_change,2026-08-21T15:55:27,0.0,0.0
SPXW,2026-08-25,4,Call,7305.0,SPXW260825C07305000,361.6,382.1,371.85,0.0,0.0,0.0,0.0,0.0,0.1751,0.9937,0.0001,0.1606,-0.2233,0.3974,369.1037,0.0,0.0,0.0,350.100006103516,no_change,,0.0,0.0
SPXW,2026-08-25,4,Put,7305.0,SPXW260825P07305000,0.2,0.3,0.25,0.4,-0.9,-69.2308,100.0,39.0,0.188,-0.0063,0.0001,0.161,-0.2236,-0.0026,0.2936,0.4,0.4,0.4,1.30000001192093,no_change,2026-08-21T14:54:02,0.0,0.0
SPXW,2026-08-25,4,Call,7310.0,SPXW260825C07310000,353.2,377.1,365.15,361.82,0.0,0.0,0.0,1.0,0.1727,0.9936,0.0001,0.164,-0.2262,0.3976,364.1094,0.0,0.0,0.0,345.0,up,2026-08-20T13:51:34,0.0,0.0
SPXW,2026-08-25,4,Put,7310.0,SPXW260825P07310000,0.2,0.3,0.25,0.2,-1.1,-84.6154,242.0,276.0,0.1875,-0.0064,0.0001,0.1643,-0.2264,-0.0026,0.298,0.41,0.41,0.2,1.30000001192093,no_change,2026-08-21T16:02:45,0.0,0.0
SPXW,2026-08-25,4,Call,7315.0,SPXW260825C07315000,348.6,372.1,360.35,0.0,0.0,0.0,0.0,0.0,0.1704,0.9934,0.0001,0.1676,-0.2292,0.3978,359.1153,0.0,0.0,0.0,340.349990844727,no_change,,0.0,0.0
SPXW,2026-08-25,4,Put,7315.0,SPXW260825P07315000,0.2,0.3,0.25,0.4,-0.95,-70.3704,3.0,33.0,0.1851,-0.0066,0.0001,0.1681,-0.2296,-0.0027,0.3029,0.45,0.45,0.4,1.34999996423721,no_change,2026-08-21T12:31:58,0.0,0.0
SPXW,2026-08-25,4,Call,7320.0,SPXW260825C07320000,343.3,367.1,355.20000000000005,0.0,0.0,0.0,0.0,0.0,0.1681,0.9932,0.0001,0.1714,-0.2323,0.398,354.1213,0.0,0.0,0.0,335.099990844727,no_change,,0.0,0.0
SPXW,2026-08-25,4,Put,7320.0,SPXW260825P07320000,0.25,0.3,0.275,0.4,-1.0,-71.4286,3.0,294.0,0.1828,-0.0068,0.0001,0.1718,-0.2327,-0.0028,0.3077,0.55,0.55,0.4,1.40000003576279,no_change,2026-08-21T14:40:53,0.0,0.0
SPXW,2026-08-25,4,Call,7325.0,SPXW260825C07325000,338.3,362.1,350.20000000000005,197.36,0.0,0.0,0.0,2.0,0.1657,0.9931,0.0001,0.1753,-0.2356,0.3982,349.1276,0.0,0.0,0.0,330.099990844727,up,2026-07-30T15:34:33,0.0,0.0
SPXW,2026-08-25,4,Put,7325.0,SPXW260825P07325000,0.25,0.35,0.3,0.35,-1.1,-75.8621,13.0,322.0,0.1804,-0.0069,0.0001,0.1758,-0.2359,-0.0028,0.3128,0.55,0.55,0.34,1.44999998807907,up,2026-08-21T15:34:53,0.0,0.0
SPXW,2026-08-25,4,Call,7330.0,SPXW260825C07330000,333.3,357.2,345.25,158.8,0.0,0.0,0.0,1.0,0.1634,0.9929,0.0001,0.1794,-0.2389,0.3984,344.134,0.0,0.0,0.0,325.199996948242,up,2026-07-30T09:36:05,0.0,0.0
SPXW,2026-08-25,4,Put,7330.0,SPXW260825P07330000,0.25,0.35,0.3,0.45,-1.05,-70.0,2.0,206.0,0.1781,-0.0071,0.0001,0.1798,-0.2393,-0.0029,0.3181,0.37,0.45,0.37,1.5,up,2026-08-21T13:21:36,0.0,0.0
SPXW,2026-08-25,4,Call,7335.0,SPXW260825C07335000,328.6,352.2,340.4,0.0,0.0,0.0,0.0,0.0,0.161,0.9927,0.0001,0.1836,-0.2424,0.3986,339.1407,0.0,0.0,0.0,320.949996948242,no_change,,0.0,0.0
SPXW,2026-08-25,4,Put,7335.0,SPXW260825P07335000,0.25,0.35,0.3,0.45,-1.2,-80.0,4.0,3.0,0.1759,-0.0073,0.0001,0.1836,-0.2424,-0.003,0.3228,0.45,0.45,0.45,1.5,no_change,2026-08-21T14:12:21,0.0,0.0
SPXW,2026-08-25,4,Call,7340.0,SPXW260825C07340000,323.3,346.2,334.75,342.97,27.67,8.77577,1.0,2.0,0.1685,0.9925,0.0001,0.188,-0.246,0.3988,334.1476,342.97,342.97,342.97,315.300003051758,up,2026-08-21T15:44:13,0.0,0.0
SPXW,2026-08-25,4,Put,7340.0,SPXW260825P07340000,0.25,0.35,0.3,0.3,-1.25,-80.6452,64.0,112.0,0.1752,-0.0075,0.0001,0.188,-0.246,-0.003,0.3285,0.58,0.58,0.27,1.55000001192093,no_change,2026-08-21T16:10:09,0.0,0.0
SPXW,2026-08-25,4,Call,7345.0,SPXW260825C07345000,318.6,342.2,330.4,0.0,0.0,0.0,0.0,0.0,0.1661,0.9923,0.0001,0.1927,-0.2498,0.399,329.1548,0.0,0.0,0.0,311.100006103516,no_change,,0.0,0.0
SPXW,2026-08-25,4,Put,7345.0,SPXW260825P07345000,0.25,0.35,0.3,0.5,-1.15,-69.697,2.0,104.0,0.1728,-0.0077,0.0001,0.1927,-0.2498,-0.0031,0.3346,0.45,0.5,0.45,1.65000003576279,up,2026-08-21T13:43:08,0.0,0.0
SPXW,2026-08-25,4,Call,7350.0,SPXW260825C07350000,313.4,337.2,325.29999999999995,329.64,24.19,7.91946,1.0,41.0,0.1637,0.9921,0.0002,0.1975,-0.2537,0.3992,324.1622,329.64,329.64,329.64,305.450012207031,up,2026-08-21T12:56:43,0.0,0.0
SPXW,2026-08-25,4,Put,7350.0,SPXW260825P07350000,0.25,0.35,0.3,0.43,-1.27,-74.7059,116.0,505.0,0.1704,-0.0079,0.0002,0.1975,-0.2537,-0.0032,0.3408,0.65,0.65,0.42,1.69999998807907,down,2026-08-21T14:59:12,0.0,0.0
SPXW,2026-08-25,4,Call,7355.0,SPXW260825C07355000,308.6,332.2,320.4,0.0,0.0,0.0,0.0,0.0,0.1613,0.9919,0.0002,0.2025,-0.2578,0.3994,319.1699,0.0,0.0,0.0,300.699996948242,no_change,,0.0,0.0
SPXW,2026-08-25,4,Put,7355.0,SPXW260825P07355000,0.25,0.35,0.3,0.5,-1.25,-71.4286,2.0,48.0,0.1694,-0.0081,0.0002,0.2029,-0.2581,-0.0033,0.3479,0.7,0.7,0.5,1.75,down,2026-08-21T13:02:52,0.0,0.0
SPXW,2026-08-25,4,Call,7360.0,SPXW260825C07360000,306.5,327.2,316.85,322.21,25.91,8.74451,2.0,3.0,0.1589,0.9916,0.0002,0.2078,-0.2621,0.3995,314.178,308.47,322.21,308.47,296.300003051758,up,2026-08-21T15:44:13,0.0,0.0
SPXW,2026-08-25,4,Put,7360.0,SPXW260825P07360000,0.3,0.35,0.32499999999999996,0.37,-1.43,-79.4444,24.0,429.0,0.1671,-0.0083,0.0002,0.2078,-0.2621,-0.0034,0.3542,0.5,0.52,0.37,1.80000001192093,no_change,2026-08-21T15:37:56,0.0,0.0
SPXW,2026-08-25,4,Call,7365.0,SPXW260825C07365000,298.6,322.2,310.4,0.0,0.0,0.0,0.0,0.0,0.1565,0.9914,0.0002,0.2133,-0.2666,0.3997,309.1864,0.0,0.0,0.0,290.949996948242,no_change,,0.0,0.0
SPXW,2026-08-25,4,Put,7365.0,SPXW260825P07365000,0.3,0.35,0.32499999999999996,0.3,-1.55,-83.7838,100.0,83.0,0.1647,-0.0086,0.0002,0.2134,-0.2667,-0.0035,0.3615,0.65,0.67,0.3,1.84999996423721,down,2026-08-21T15:57:31,0.0,0.0
SPXW,2026-08-25,4,Call,7370.0,SPXW260825C07370000,293.3,315.8,304.55,305.0,18.55,6.47583,1.0,5.0,0.1541,0.9912,0.0002,0.219,-0.2713,0.3999,304.1952,305.0,305.0,305.0,286.449996948242,up,2026-08-21T14:50:34,0.0,0.0
SPXW,2026-08-25,4,Put,7370.0,SPXW260825P07370000,0.3,0.4,0.35,0.37,-1.58,-81.0256,10.0,42.0,0.1623,-0.0088,0.0002,0.2191,-0.2714,-0.0036,0.3691,0.5,0.5,0.37,1.94999998807907,down,2026-08-21T15:55:20,0.0,0.0
SPXW,2026-08-25,4,Call,7375.0,SPXW260825C07375000,292.6,312.2,302.4,305.67,0.0,0.0,0.0,25.0,0.1517,0.9909,0.0002,0.2251,-0.2763,0.4,299.2045,0.0,0.0,0.0,280.649993896484,down,2026-08-20T11:53:39,0.0,0.0
SPXW,2026-08-25,4,Put,7375.0,SPXW260825P07375000,0.3,0.4,0.35,0.34,-1.66,-83.0,128.0,5108.0,0.1599,-0.0091,0.0002,0.2252,-0.2764,-0.0037,0.3772,0.74,0.74,0.3,2.0,up,2026-08-21T16:10:26,0.0,0.0
SPXW,2026-08-25,4,Call,7380.0,SPXW260825C07380000,286.6,307.2,296.9,299.98,23.38,8.45264,2.0,55.0,0.1493,0.9906,0.0002,0.2314,-0.2815,0.4002,294.2142,300.58,300.58,299.98,276.600006103516,down,2026-08-21T15:34:19,0.0,0.0
SPXW,2026-08-25,4,Put,7380.0,SPXW260825P07380000,0.3,0.4,0.35,0.32,-1.755,-84.5783,108.0,73.0,0.1588,-0.0094,0.0002,0.2315,-0.2816,-0.0038,0.3858,0.75,0.75,0.32,2.07500004768372,down,2026-08-21T15:58:22,0.0,0.0
SPXW,2026-08-25,4,Call,7385.0,SPXW260825C07385000,278.4,302.2,290.29999999999995,286.03,14.33,5.2742,1.0,0.0,0.1428,0.9903,0.0002,0.2381,-0.2871,0.4003,289.2245,286.03,286.03,286.03,271.699996948242,up,2026-08-21T09:47:27,0.0,0.0
SPXW,2026-08-25,4,Put,7385.0,SPXW260825P07385000,0.35,0.4,0.375,0.5,-1.65,-76.7442,90.0,2.0,0.1577,-0.0097,0.0002,0.2381,-0.2871,-0.004,0.3948,0.8,0.8,0.45,2.14999997615814,up,2026-08-21T15:15:48,0.0,0.0
SPXW,2026-08-25,4,Call,7390.0,SPXW260825C07390000,277.8,297.3,287.55,289.8,23.05,8.64105,4.0,30.0,0.1445,0.99,0.0002,0.2451,-0.293,0.4005,284.2354,289.8,289.8,289.8,266.75,down,2026-08-21T15:18:07,0.0,0.0
SPXW,2026-08-25,4,Put,7390.0,SPXW260825P07390000,0.35,0.45,0.4,0.49,-1.76,-78.2222,32.0,126.0,0.1552,-0.01,0.0002,0.2454,-0.2932,-0.0041,0.4048,0.81,0.81,0.49,2.25,down,2026-08-21T15:22:24,0.0,0.0
SPXW,2026-08-25,4,Call,7395.0,SPXW260825C07395000,272.0,292.3,282.15,280.19,19.14,7.33193,1.0,1.0,0.1485,0.9896,0.0002,0.2526,-0.2993,0.4006,279.2469,280.19,280.19,280.19,261.049995422363,down,2026-08-21T10:58:49,0.0,0.0
SPXW,2026-08-25,4,Put,7395.0,SPXW260825P07395000,0.35,0.45,0.4,0.35,-2.0,-85.1064,47.0,70.0,0.1527,-0.0104,0.0002,0.2529,-0.2995,-0.0042,0.4151,0.9,0.9,0.35,2.35000002384186,no_change,2026-08-21T15:58:04,0.0,0.0
SPXW,2026-08-25,4,Call,7400.0,SPXW260825C07400000,264.1,287.3,275.70000000000005,275.33,18.48,7.19486,1.0,49.0,0.1461,0.9892,0.0002,0.2605,-0.306,0.4007,274.2592,275.33,275.33,275.33,256.849998474121,up,2026-08-21T14:50:34,0.0,0.0
SPXW,2026-08-25,4,Put,7400.0,SPXW260825P07400000,0.35,0.45,0.4,0.4,-2.05,-83.6735,116.0,709.0,0.1504,-0.0107,0.0002,0.2604,-0.3059,-0.0044,0.4257,0.94,0.95,0.4,2.45000004768372,no_change,2026-08-21T15:59:50,0.0,0.0
SPXW,2026-08-25,4,Call,7405.0,SPXW260825C07405000,258.7,282.3,270.5,0.0,0.0,0.0,0.0,0.0,0.1436,0.9888,0.0002,0.2689,-0.3131,0.4008,269.2723,0.0,0.0,0.0,252.0,no_change,,0.0,0.0
SPXW,2026-08-25,4,Put,7405.0,SPXW260825P07405000,0.35,0.45,0.4,0.55,-2.0,-78.4314,5.0,9.0,0.1491,-0.0111,0.0002,0.2689,-0.3132,-0.0046,0.4378,0.9,0.9,0.55,2.54999995231628,down,2026-08-21T15:05:59,0.0,0.0
SPXW,2026-08-25,4,Call,7410.0,SPXW260825C07410000,257.8,277.3,267.55,272.54,25.39,10.2731,21.0,23.0,0.1412,0.9884,0.0002,0.2778,-0.3208,0.4009,264.2863,265.14,272.54,265.14,247.150001525879,up,2026-08-21T13:01:05,0.0,0.0
SPXW,2026-08-25,4,Put,7410.0,SPXW260825P07410000,0.4,0.45,0.42500000000000004,0.35,-2.3,-86.7924,58.0,187.0,0.1477,-0.0116,0.0002,0.2779,-0.3209,-0.0047,0.4506,0.99,0.99,0.35,2.64999997615814,down,2026-08-21T15:59:30,0.0,0.0
SPXW,2026-08-25,4,Call,7415.0,SPXW260825C07415000,248.8,272.3,260.55,0.0,0.0,0.0,0.0,0.0,0.1387,0.988,0.0003,0.2873,-0.329,0.401,259.3013,0.0,0.0,0.0,242.25,no_change,,0.0,0.0
SPXW,2026-08-25,4,Put,7415.0,SPXW260825P07415000,0.4,0.5,0.45,0.47,-2.28,-82.9091,26.0,3.0,0.1452,-0.012,0.0003,0.2874,-0.3291,-0.0049,0.4644,0.95,0.95,0.47,2.75,down,2026-08-21T15:53:05,0.0,0.0
SPXW,2026-08-25,4,Call,7420.0,SPXW260825C07420000,247.9,267.3,257.6,260.01,22.66,9.54708,2.0,21.0,0.1334,0.9875,0.0003,0.2975,-0.3379,0.4011,254.3174,251.27,260.01,251.27,237.349998474121,up,2026-08-21T15:34:19,0.0,0.0
SPXW,2026-08-25,4,Put,7420.0,SPXW260825P07420000,0.4,0.5,0.45,0.5,-2.4,-82.7586,82.0,178.0,0.1427,-0.0125,0.0003,0.2976,-0.3379,-0.0051,0.4794,0.95,0.98,0.5,2.89999997615814,down,2026-08-21T15:39:31,0.0,0.0
SPXW,2026-08-25,4,Call,7425.0,SPXW260825C07425000,241.5,262.4,251.95,256.8,24.85,10.7135,10.0,20.0,0.1338,0.987,0.0003,0.3084,-0.3474,0.4012,249.3348,256.82,256.82,256.8,231.949996948242,down,2026-08-21T13:14:25,0.0,0.0
SPXW,2026-08-25,4,Put,7425.0,SPXW260825P07425000,0.45,0.5,0.475,0.45,-2.6,-85.2459,343.0,771.0,0.1422,-0.013,0.0003,0.3086,-0.3476,-0.0053,0.4958,1.1,1.15,0.45,3.04999995231628,down,2026-08-21T16:01:10,0.0,0.0
SPXW,2026-08-25,4,Call,7430.0,SPXW260825C07430000,233.5,256.2,244.85,252.64,25.74,11.3442,26.0,30.0,0.136,0.9864,0.0003,0.32,-0.3578,0.4012,244.3537,249.18,252.64,247.36,226.900001525879,up,2026-08-21T13:01:05,0.0,0.0
SPXW,2026-08-25,4,Put,7430.0,SPXW260825P07430000,0.45,0.55,0.5,0.49,-2.66,-84.4444,95.0,190.0,0.1396,-0.0136,0.0003,0.3202,-0.3579,-0.0056,0.5135,1.19,1.19,0.48,3.14999997615814,up,2026-08-21T16:07:21,0.0,0.0
SPXW,2026-08-25,4,Call,7435.0,SPXW260825C07435000,228.5,252.4,240.45,0.0,0.0,0.0,0.0,0.0,0.1335,0.9858,0.0003,0.3324,-0.369,0.4012,239.3742,0.0,0.0,0.0,222.349998474121,no_change,,0.0,0.0
SPXW,2026-08-25,4,Put,7435.0,SPXW260825P07435000,0.45,0.55,0.5,0.49,-2.81,-85.1515,7.0,138.0,0.138,-0.0142,0.0003,0.3326,-0.3691,-0.0058,0.5327,1.11,1.11,0.49,3.30000007152557,no_change,2026-08-21T15:57:11,0.0,0.0
SPXW,2026-08-25,4,Call,7440.0,SPXW260825C07440000,227.9,247.4,237.65,231.57,14.62,6.73888,10.0,101.0,0.131,0.9851,0.0003,0.3458,-0.3811,0.4012,234.3965,226.87,231.57,226.87,216.950004577637,up,2026-08-21T10:54:20,0.0,0.0
SPXW,2026-08-25,4,Put,7440.0,SPXW260825P07440000,0.5,0.55,0.525,0.55,-2.9,-84.058,70.0,318.0,0.1364,-0.0149,0.0003,0.3459,-0.3812,-0.0061,0.5536,1.2,1.25,0.55,3.45000004768372,no_change,2026-08-21T15:54:30,0.0,0.0
SPXW,2026-08-25,4,Call,7445.0,SPXW260825C07445000,218.6,242.4,230.5,0.0,0.0,0.0,0.0,0.0,0.1304,0.9844,0.0004,0.3601,-0.3944,0.4012,229.4208,0.0,0.0,0.0,211.650001525879,no_change,,0.0,0.0
SPXW,2026-08-25,4,Put,7445.0,SPXW260825P07445000,0.5,0.6,0.55,0.7,-3.15,-86.3014,71.0,155.0,0.1347,-0.0156,0.0004,0.3602,-0.3944,-0.0064,0.5768,1.32,1.35,0.7,3.64999997615814,down,2026-08-21T15:06:09,0.0,0.0
SPXW,2026-08-25,4,Call,7450.0,SPXW260825C07450000,216.9,237.5,227.2,231.97,25.02,12.0899,16.0,41.0,0.1314,0.9836,0.0004,0.3756,-0.4088,0.4011,224.4475,227.59,231.97,227.59,206.949996948242,up,2026-08-21T13:14:25,0.0,0.0
SPXW,2026-08-25,4,Put,7450.0,SPXW260825P07450000,0.55,0.6,0.575,0.74,-3.06,-80.5263,166.0,334.0,0.1329,-0.0164,0.0004,0.3757,-0.4089,-0.0067,0.6023,1.35,1.46,0.74,3.80000007152557,down,2026-08-21T15:22:24,0.0,0.0
SPXW,2026-08-25,4,Call,7455.0,SPXW260825C07455000,212.5,232.5,222.5,257.89,0.0,0.0,0.0,3.0,0.1271,0.9827,0.0004,0.3923,-0.4246,0.401,219.4768,0.0,0.0,0.0,203.350006103516,no_change,2026-08-19T15:58:57,0.0,0.0
SPXW,2026-08-25,4,Put,7455.0,SPXW260825P07455000,0.55,0.65,0.6000000000000001,0.6,-3.4,-85.0,63.0,31.0,0.131,-0.0173,0.0004,0.3924,-0.4246,-0.0071,0.6304,1.47,1.5,0.6,4.0,down,2026-08-21T15:53:51,0.0,0.0
SPXW,2026-08-25,4,Call,7460.0,SPXW260825C07460000,207.0,227.5,217.25,215.25,17.9,9.07018,17.0,53.0,0.1245,0.9817,0.0004,0.4104,-0.4418,0.4009,214.5089,207.36,218.46,207.36,197.350006103516,no_change,2026-08-21T14:24:39,0.0,0.0
SPXW,2026-08-25,4,Put,7460.0,SPXW260825P07460000,0.6,0.7,0.6499999999999999,0.65,-3.55,-84.5238,410.0,135.0,0.1292,-0.0182,0.0004,0.4105,-0.4419,-0.0075,0.6614,1.55,1.6,0.55,4.20000004768372,no_change,2026-08-21T16:03:35,0.0,0.0
SPXW,2026-08-25,4,Call,7465.0,SPXW260825C07465000,203.1,219.1,211.1,0.0,0.0,0.0,0.0,0.0,0.122,0.9807,0.0005,0.43,-0.4606,0.4008,209.5443,0.0,0.0,0.0,192.849998474121,no_change,,0.0,0.0
SPXW,2026-08-25,4,Put,7465.0,SPXW260825P07465000,0.6,0.7,0.6499999999999999,0.62,-3.78,-85.9091,531.0,37.0,0.1273,-0.0193,0.0005,0.43,-0.4606,-0.0079,0.6954,1.69,1.69,0.62,4.40000009536743,down,2026-08-21T15:56:14,0.0,0.0
SPXW,2026-08-25,4,Call,7470.0,SPXW260825C07470000,198.1,215.6,206.85,208.58,19.88,10.5352,5.0,56.0,0.1225,0.9796,0.0005,0.4511,-0.4812,0.4006,204.5833,208.58,208.58,208.58,188.699996948242,up,2026-08-21T11:23:22,0.0,0.0
SPXW,2026-08-25,4,Put,7470.0,SPXW260825P07470000,0.65,0.75,0.7,0.7,-3.95,-84.9462,152.0,116.0,0.126,-0.0204,0.0005,0.4511,-0.4812,-0.0084,0.7332,1.78,1.78,0.7,4.64999985694885,no_change,2026-08-21T16:11:42,0.0,0.0
SPXW,2026-08-25,4,Call,7475.0,SPXW260825C07475000,193.2,209.2,201.2,200.18,16.38,8.91186,2.0,57.0,0.1198,0.9783,0.0005,0.474,-0.5036,0.4003,199.6263,200.18,200.18,200.18,183.800003051758,no_change,2026-08-21T14:24:39,0.0,0.0
SPXW,2026-08-25,4,Put,7475.0,SPXW260825P07475000,0.7,0.75,0.725,0.7,-4.2,-85.7143,154.0,415.0,0.1246,-0.0217,0.0005,0.474,-0.5036,-0.0089,0.775,1.8,1.9,0.7,4.90000009536743,no_change,2026-08-21T15:57:11,0.0,0.0
SPXW,2026-08-25,4,Call,7480.0,SPXW260825C07480000,187.9,203.8,195.85000000000002,233.12,0.0,0.0,0.0,23.0,0.1199,0.9769,0.0006,0.4987,-0.5282,0.4,194.6739,0.0,0.0,0.0,178.450004577637,no_change,2026-08-19T15:58:57,0.0,0.0
SPXW,2026-08-25,4,Put,7480.0,SPXW260825P07480000,0.75,0.85,0.8,0.8,-4.35,-84.466,147.0,140.0,0.123,-0.0231,0.0006,0.4987,-0.5282,-0.0095,0.8214,2.07,2.07,0.74,5.14999985694885,no_change,2026-08-21T16:13:41,0.0,0.0
SPXW,2026-08-25,4,Call,7485.0,SPXW260825C07485000,183.5,198.8,191.15,0.0,0.0,0.0,0.0,1.0,0.1172,0.9754,0.0006,0.5253,-0.5551,0.3996,189.7267,0.0,0.0,0.0,174.25,no_change,,0.0,0.0
SPXW,2026-08-25,4,Put,7485.0,SPXW260825P07485000,0.8,0.85,0.825,0.85,-4.55,-84.2593,87.0,180.0,0.1215,-0.0246,0.0006,0.5253,-0.5551,-0.0101,0.873,2.1,2.15,0.8,5.40000009536743,no_change,2026-08-21T16:02:58,0.0,0.0
SPXW,2026-08-25,4,Call,7490.0,SPXW260825C07490000,178.7,193.9,186.3,178.0,9.05,5.35662,2.0,6.0,0.1169,0.9737,0.0006,0.5542,-0.5845,0.3992,184.7851,180.21,180.21,178.0,168.949996948242,down,2026-08-21T09:53:30,0.0,0.0
SPXW,2026-08-25,4,Put,7490.0,SPXW260825P07490000,0.85,0.95,0.8999999999999999,0.9,-4.8,-84.2105,496.0,498.0,0.1198,-0.0263,0.0006,0.5542,-0.5845,-0.0108,0.9302,2.24,2.3,0.84,5.70000004768372,no_change,2026-08-21T16:02:58,0.0,0.0
SPXW,2026-08-25,4,Call,7495.0,SPXW260825C07495000,173.4,188.8,181.10000000000002,0.0,0.0,0.0,0.0,0.0,0.1164,0.9718,0.0007,0.5855,-0.6166,0.3987,179.8499,0.0,0.0,0.0,164.449996948242,no_change,,0.0,0.0
SPXW,2026-08-25,4,Put,7495.0,SPXW260825P07495000,0.95,1.0,0.975,1.0,-5.0,-83.3333,120.0,1296.0,0.119,-0.0282,0.0007,0.5855,-0.6166,-0.0116,0.9938,2.25,2.55,0.9,6.0,up,2026-08-21T16:07:23,0.0,0.0
SPXW,2026-08-25,4,Call,7500.0,SPXW260825C07500000,168.5,183.6,176.05,181.46,21.41,13.3771,38.0,181.0,0.1165,0.9697,0.0007,0.6193,-0.6515,0.3981,174.9217,171.65,196.28,169.54,160.050003051758,up,2026-08-21T15:37:22,0.0,0.0
SPXW,2026-08-25,4,Put,7500.0,SPXW260825P07500000,1.0,1.1,1.05,1.1,-5.25,-82.6772,1461.0,1708.0,0.1171,-0.0302,0.0007,0.6193,-0.6515,-0.0125,1.0644,2.55,2.7,0.94,6.35000014305115,up,2026-08-21T16:13:26,0.0,0.0
SPXW,2026-08-25,4,Call,7505.0,SPXW260825C07505000,163.5,179.0,171.25,168.29,13.44,8.67937,5.0,0.0,0.1127,0.9675,0.0008,0.6558,-0.6895,0.3975,170.0012,168.29,168.29,168.29,154.849998474121,up,2026-08-21T10:06:20,0.0,0.0
SPXW,2026-08-25,4,Put,7505.0,SPXW260825P07505000,1.1,1.2,1.15,1.1,-5.6,-83.5821,61.0,132.0,0.1161,-0.0325,0.0008,0.6558,-0.6895,-0.0134,1.1427,2.8,2.85,1.1,6.70000004768372,no_change,2026-08-21T16:02:58,0.0,0.0
SPXW,2026-08-25,4,Call,7510.0,SPXW260825C07510000,159.1,174.1,166.6,173.97,23.07,15.2883,9.0,72.0,0.1117,0.965,0.0008,0.695,-0.7308,0.3967,165.0893,160.89,173.97,158.65,150.900001525879,up,2026-08-21T12:26:09,0.0,0.0
SPXW,2026-08-25,4,Put,7510.0,SPXW260825P07510000,1.2,1.3,1.25,1.25,-5.8,-82.2695,120.0,194.0,0.1148,-0.035,0.0008,0.695,-0.7308,-0.0144,1.2296,2.87,3.1,1.11,7.04999995231628,up,2026-08-21T16:03:47,0.0,0.0
SPXW,2026-08-25,4,Call,7515.0,SPXW260825C07515000,153.7,169.4,161.55,0.0,0.0,0.0,0.0,0.0,0.1105,0.9622,0.0009,0.737,-0.7756,0.3958,160.187,0.0,0.0,0.0,146.150001525879,no_change,,0.0,0.0
SPXW,2026-08-25,4,Put,7515.0,SPXW260825P07515000,1.3,1.4,1.35,1.3,-6.15,-82.5503,74.0,169.0,0.1135,-0.0378,0.0009,0.737,-0.7756,-0.0156,1.3261,3.1,3.1,1.2,7.45000004768372,no_change,2026-08-21T16:02:58,0.0,0.0
SPXW,2026-08-25,4,Call,7520.0,SPXW260825C07520000,149.3,164.3,156.8,161.76,20.31,14.3584,9.0,108.0,0.1114,0.9592,0.001,0.7822,-0.824,0.3948,155.2954,159.34,161.76,159.34,141.450004577637,no_change,2026-08-21T15:11:04,0.0,0.0
SPXW,2026-08-25,4,Put,7520.0,SPXW260825P07520000,1.4,1.5,1.45,1.44,-6.46,-81.7722,199.0,244.0,0.112,-0.0408,0.001,0.7822,-0.824,-0.0169,1.4333,3.23,3.5,1.27,7.90000009536743,up,2026-08-21T16:09:24,0.0,0.0
SPXW,2026-08-25,4,Call,7525.0,SPXW260825C07525000,143.9,159.6,151.75,146.73,10.08,7.37651,1.0,27.0,0.1091,0.9559,0.001,0.8308,-0.8763,0.3937,150.4153,146.73,146.73,146.73,136.650001525879,down,2026-08-21T09:37:46,0.0,0.0
SPXW,2026-08-25,4,Put,7525.0,SPXW260825P07525000,1.5,1.6,1.55,1.55,-6.68,-80.4819,195.0,790.0,0.1104,-0.0441,0.001,0.8308,-0.8763,-0.0183,1.5521,3.55,3.65,1.34,8.2999997138977,no_change,2026-08-21T16:10:32,0.0,0.0
SPXW,2026-08-25,4,Call,7530.0,SPXW260825C07530000,139.6,154.7,147.14999999999998,190.23,0.0,0.0,0.0,60.0,0.1081,0.9522,0.0011,0.8829,-0.9326,0.3925,145.5479,0.0,0.0,0.0,132.5,down,2026-08-18T10:37:29,0.0,0.0
SPXW,2026-08-25,4,Put,7530.0,SPXW260825P07530000,1.65,1.75,1.7,1.65,-7.15,-81.25,173.0,202.0,0.1093,-0.0478,0.0011,0.8829,-0.9326,-0.0198,1.6834,3.64,3.8,1.57,8.7999997138977,down,2026-08-21T16:05:47,0.0,0.0
SPXW,2026-08-25,4,Call,7535.0,SPXW260825C07535000,134.4,150.3,142.35000000000002,145.09,16.79,13.0865,1.0,0.0,0.1075,0.9482,0.0012,0.9383,-0.9929,0.391,140.6945,145.09,145.09,145.09,128.300003051758,up,2026-08-21T11:22:50,0.0,0.0
SPXW,2026-08-25,4,Put,7535.0,SPXW260825P07535000,1.75,1.9,1.825,1.8,-7.5,-80.6452,110.0,104.0,0.108,-0.0518,0.0012,0.9383,-0.9929,-0.0215,1.8288,4.13,4.13,1.62,9.2999997138977,no_change,2026-08-21T16:12:06,0.0,0.0
SPXW,2026-08-25,4,Call,7540.0,SPXW260825C07540000,129.8,144.9,137.35000000000002,149.05,26.05,21.1789,1.0,46.0,0.1055,0.9438,0.0013,0.997,-1.0576,0.3894,135.8566,149.05,149.05,149.05,123.0,up,2026-08-21T11:37:05,0.0,0.0
SPXW,2026-08-25,4,Put,7540.0,SPXW260825P07540000,1.95,2.05,2.0,1.95,-7.7,-78.5714,147.0,375.0,0.1066,-0.0562,0.0013,0.997,-1.0576,-0.0233,1.9897,4.23,4.23,1.7,9.7999997138977,down,2026-08-21T16:14:15,0.0,0.0
SPXW,2026-08-25,4,Call,7545.0,SPXW260825C07545000,125.0,139.8,132.4,137.75,18.45,15.4652,3.0,0.0,0.1045,0.9389,0.0014,1.0596,-1.1265,0.3877,131.0356,137.75,137.75,137.75,119.299999237061,up,2026-08-21T15:31:57,0.0,0.0
SPXW,2026-08-25,4,Put,7545.0,SPXW260825P07545000,2.1,2.2,2.1500000000000004,2.12,-8.15,-78.3654,135.0,391.0,0.1055,-0.0611,0.0014,1.0596,-1.1265,-0.0254,2.1676,4.85,4.85,2.0,10.4000000953674,down,2026-08-21T16:14:12,0.0,0.0
SPXW,2026-08-25,4,Call,7550.0,SPXW260825C07550000,123.8,130.7,127.25,137.0,22.4,19.5462,5.0,270.0,0.1043,0.9336,0.0016,1.1263,-1.1998,0.3858,126.2329,122.69,137.0,122.69,114.600002288818,up,2026-08-21T15:47:50,0.0,0.0
SPXW,2026-08-25,4,Put,7550.0,SPXW260825P07550000,2.3,2.4,2.3499999999999996,2.35,-8.65,-78.6364,305.0,972.0,0.1042,-0.0664,0.0016,1.1263,-1.1998,-0.0276,2.3637,4.83,5.4,1.95,11.0,up,2026-08-21T16:13:19,0.0,0.0
SPXW,2026-08-25,4,Call,7555.0,SPXW260825C07555000,115.4,131.0,123.2,118.81,8.76,7.96002,2.0,3.0,0.1019,0.9278,0.0017,1.1966,-1.2773,0.3836,121.4502,118.81,118.81,118.81,110.049999237061,down,2026-08-21T09:37:46,0.0,0.0
SPXW,2026-08-25,4,Put,7555.0,SPXW260825P07555000,2.5,2.6,2.55,2.56,-9.09,-78.0257,182.0,124.0,0.1028,-0.0722,0.0017,1.1966,-1.2773,-0.03,2.5797,5.5,5.6,2.45,11.6500000953674,down,2026-08-21T16:09:18,0.0,0.0
SPXW,2026-08-25,4,Call,7560.0,SPXW260825C07560000,109.9,125.9,117.9,109.77,0.0,0.0,0.0,178.0,0.1012,0.9215,0.0018,1.2703,-1.3592,0.3812,116.6897,0.0,0.0,0.0,105.5,no_change,2026-08-20T14:39:25,0.0,0.0
SPXW,2026-08-25,4,Put,7560.0,SPXW260825P07560000,2.75,2.85,2.8,2.78,-9.52,-77.3984,314.0,133.0,0.1016,-0.0785,0.0018,1.2703,-1.3592,-0.0327,2.818,5.7,5.84,2.35,12.2999997138977,down,2026-08-21T16:11:36,0.0,0.0
SPXW,2026-08-25,4,Call,7565.0,SPXW260825C07565000,106.0,121.5,113.75,127.59,0.0,0.0,0.0,3.0,0.0994,0.9146,0.0019,1.3478,-1.4453,0.3786,111.9534,0.0,0.0,0.0,101.5,no_change,2026-08-20T12:57:40,0.0,0.0
SPXW,2026-08-25,4,Put,7565.0,SPXW260825P07565000,3.0,3.1,3.05,3.04,-10.01,-76.705,132.0,117.0,0.1,-0.0854,0.0019,1.3478,-1.4453,-0.0356,3.0806,6.19,6.19,2.61,13.0500001907349,no_change,2026-08-21T16:08:18,0.0,0.0
SPXW,2026-08-25,4,Call,7570.0,SPXW260825C07570000,101.0,117.0,109.0,102.9,5.15,5.26854,5.0,45.0,0.0983,0.907,0.0021,1.4297,-1.5355,0.3757,107.2432,104.59,104.59,102.9,97.75,down,2026-08-21T10:15:03,0.0,0.0
SPXW,2026-08-25,4,Put,7570.0,SPXW260825P07570000,3.3,3.4,3.3499999999999996,3.25,-10.3,-74.6377,199.0,681.0,0.0989,-0.0929,0.0021,1.4297,-1.5355,-0.0387,3.3691,6.54,7.3,2.75,13.7999997138977,down,2026-08-21T16:14:15,0.0,0.0
SPXW,2026-08-25,4,Call,7575.0,SPXW260825C07575000,100.2,106.9,103.55000000000001,100.81,7.56,8.10724,2.0,310.0,0.0977,0.8988,0.0023,1.5152,-1.6296,0.3725,102.5616,100.81,100.81,100.81,93.25,up,2026-08-21T09:37:46,0.0,0.0
SPXW,2026-08-25,4,Put,7575.0,SPXW260825P07575000,3.6,3.7,3.6500000000000004,3.6,-10.82,-74.1096,225.0,322.0,0.0975,-0.1011,0.0023,1.5152,-1.6296,-0.0422,3.6863,7.55,7.8,2.95,14.5999999046326,no_change,2026-08-21T16:11:33,0.0,0.0
SPXW,2026-08-25,4,Call,7580.0,SPXW260825C07580000,92.5,102.5,97.5,107.57,18.52,20.7973,17.0,22.0,0.096,0.8899,0.0024,1.6036,-1.7273,0.369,97.9119,96.0,107.9,94.0,89.0499992370606,up,2026-08-21T15:47:39,0.0,0.0
SPXW,2026-08-25,4,Put,7580.0,SPXW260825P07580000,3.9,4.1,4.0,3.97,-11.53,-74.3871,396.0,901.0,0.0966,-0.1101,0.0024,1.6036,-1.7273,-0.046,4.0355,7.2,8.5,3.25,15.5,up,2026-08-21T16:10:20,0.0,0.0
SPXW,2026-08-25,4,Call,7585.0,SPXW260825C07585000,87.9,97.9,92.9,107.8,22.85,26.8982,3.0,9.0,0.0949,0.8802,0.0026,1.6956,-1.8284,0.3652,93.2971,91.63,107.8,91.63,84.9500007629394,up,2026-08-21T11:41:32,0.0,0.0
SPXW,2026-08-25,4,Put,7585.0,SPXW260825P07585000,4.3,4.4,4.35,4.32,-11.7,-71.3415,339.0,335.0,0.0954,-0.1198,0.0026,1.6956,-1.8284,-0.05,4.4195,7.81,8.75,3.62,16.3999996185303,down,2026-08-21T16:10:20,0.0,0.0
SPXW,2026-08-25,4,Call,7590.0,SPXW260825C07590000,83.3,93.3,88.3,92.58,11.53,14.2258,14.0,8.0,0.0935,0.8696,0.0028,1.7917,-1.9325,0.361,88.7201,84.9,98.34,84.9,81.0499992370606,down,2026-08-21T15:55:52,0.0,0.0
SPXW,2026-08-25,4,Put,7590.0,SPXW260825P07590000,4.7,4.8,4.75,4.75,-12.65,-72.7011,435.0,260.0,0.094,-0.1304,0.0028,1.7917,-1.9325,-0.0545,4.8413,8.5,9.9,3.89,17.3999996185303,up,2026-08-21T16:14:59,0.0,0.0
SPXW,2026-08-25,4,Call,7595.0,SPXW260825C07595000,84.0,88.4,86.2,96.0,5.95,7.72226,80.0,53.0,0.0924,0.8581,0.003,1.8904,-2.0391,0.3564,84.1855,78.0,101.5,78.0,77.0499992370606,no_change,2026-08-21T12:07:14,0.0,0.0
SPXW,2026-08-25,4,Put,7595.0,SPXW260825P07595000,5.1,5.3,5.199999999999999,5.16,-13.0,-70.6522,323.0,1024.0,0.0926,-0.1419,0.003,1.8904,-2.0391,-0.0594,5.3054,9.7,10.3,4.1,18.3999996185303,down,2026-08-21T16:14:38,0.0,0.0
SPXW,2026-08-25,4,Call,7600.0,SPXW260825C07600000,77.3,83.9,80.6,89.34,16.19,22.1326,81.0,688.0,0.0908,0.8456,0.0032,1.991,-2.1478,0.3514,79.698,79.75,100.24,75.7,73.1500015258789,up,2026-08-21T15:47:39,0.0,0.0
SPXW,2026-08-25,4,Put,7600.0,SPXW260825P07600000,5.6,5.8,5.699999999999999,5.7,-13.6,-69.7436,846.0,2443.0,0.0912,-0.1544,0.0032,1.991,-2.1478,-0.0647,5.8168,9.81,11.5,4.5,19.5,up,2026-08-21T16:14:59,0.0,0.0
SPXW,2026-08-25,4,Call,7605.0,SPXW260825C07605000,70.1,79.9,75.0,76.23,6.93,10.0,30.0,27.0,0.0892,0.832,0.0035,2.0947,-2.2579,0.346,75.2622,74.56,88.79,74.56,69.2999992370606,down,2026-08-21T15:59:58,0.0,0.0
SPXW,2026-08-25,4,Put,7605.0,SPXW260825P07605000,6.2,6.4,6.300000000000001,6.23,-14.47,-69.9034,251.0,266.0,0.0899,-0.168,0.0035,2.0947,-2.2579,-0.0703,6.3798,11.0,12.07,5.26,20.6999998092651,no_change,2026-08-21T16:05:08,0.0,0.0
SPXW,2026-08-25,4,Call,7610.0,SPXW260825C07610000,65.8,75.5,70.65,76.99,11.39,17.3628,22.0,53.0,0.0879,0.8172,0.0037,2.2007,-2.3685,0.34,70.8836,71.29,84.9,71.29,65.5999984741211,up,2026-08-21T15:42:25,0.0,0.0
SPXW,2026-08-25,4,Put,7610.0,SPXW260825P07610000,6.8,7.0,6.9,6.94,-14.8,-67.5799,331.0,683.0,0.0888,-0.1828,0.0037,2.2007,-2.3685,-0.0766,7.0,11.35,12.41,6.0,21.8999996185303,up,2026-08-21T16:13:34,0.0,0.0
SPXW,2026-08-25,4,Call,7615.0,SPXW260825C07615000,61.5,71.2,66.35,71.18,9.28,14.9919,11.0,7.0,0.0867,0.8012,0.004,2.3064,-2.4788,0.3335,66.5697,66.58,71.18,63.47,61.8999996185303,up,2026-08-21T14:56:59,0.0,0.0
SPXW,2026-08-25,4,Put,7615.0,SPXW260825P07615000,7.4,7.6,7.5,7.5,-15.5,-66.5236,323.0,103.0,0.0873,-0.1987,0.004,2.3064,-2.4788,-0.0834,7.6849,12.8,14.12,6.1,23.3000001907349,down,2026-08-21T16:14:31,0.0,0.0
SPXW,2026-08-25,4,Call,7620.0,SPXW260825C07620000,57.0,66.5,61.75,72.04,13.74,23.5678,23.0,51.0,0.0859,0.7839,0.0042,2.4129,-2.5877,0.3265,62.3268,64.83,72.04,58.3,58.3000011444092,up,2026-08-21T15:47:54,0.0,0.0
SPXW,2026-08-25,4,Put,7620.0,SPXW260825P07620000,8.2,8.4,8.3,8.34,-16.0,-64.7773,425.0,364.0,0.086,-0.216,0.0042,2.4129,-2.5877,-0.0906,8.4408,13.2,15.5,6.7,24.6999998092651,up,2026-08-21T16:13:34,0.0,0.0
SPXW,2026-08-25,4,Call,7625.0,SPXW260825C07625000,55.7,62.3,59.0,59.17,4.37,7.97445,226.0,590.0,0.0849,0.7652,0.0045,2.5198,-2.6939,0.3188,58.1623,59.38,77.5,54.57,54.8000011444092,down,2026-08-21T16:03:29,0.0,0.0
SPXW,2026-08-25,4,Put,7625.0,SPXW260825P07625000,9.0,9.2,9.1,9.0,-16.72,-63.9388,459.0,1085.0,0.0848,-0.2348,0.0045,2.5198,-2.6939,-0.0986,9.2752,14.2,16.49,7.3,26.1499996185303,down,2026-08-21T16:14:31,0.0,0.0
SPXW,2026-08-25,4,Call,7630.0,SPXW260825C07630000,53.8,56.1,54.95,60.14,8.74,17.0039,32.0,107.0,0.083,0.745,0.0048,2.6232,-2.7958,0.3105,54.0863,54.6,68.7,49.7,51.3999996185303,down,2026-08-21T13:29:19,0.0,0.0
SPXW,2026-08-25,4,Put,7630.0,SPXW260825P07630000,9.9,10.1,10.0,9.9,-17.4,-62.8159,404.0,484.0,0.0835,-0.255,0.0048,2.6232,-2.7958,-0.1072,10.1979,16.0,17.83,8.5,27.6999998092651,down,2026-08-21T16:14:41,0.0,0.0
SPXW,2026-08-25,4,Call,7635.0,SPXW260825C07635000,49.8,52.1,50.95,50.8,2.8,5.83333,33.0,33.0,0.0824,0.7233,0.0051,2.7239,-2.8917,0.3017,50.1065,53.5,55.46,47.5,48.0,down,2026-08-21T14:45:00,0.0,0.0
SPXW,2026-08-25,4,Put,7635.0,SPXW260825P07635000,10.9,11.1,11.0,10.97,-18.43,-62.6871,350.0,231.0,0.0824,-0.2767,0.0051,2.7239,-2.8917,-0.1163,11.217,16.47,19.12,8.9,29.3999996185303,up,2026-08-21T16:08:47,0.0,0.0
SPXW,2026-08-25,4,Call,7640.0,SPXW260825C07640000,45.9,48.2,47.05,47.6,2.8,6.25,75.0,119.0,0.0819,0.7,0.0053,2.8208,-2.9796,0.2919,46.2331,44.75,55.0,43.9,44.8000011444092,down,2026-08-21T16:01:33,0.0,0.0
SPXW,2026-08-25,4,Put,7640.0,SPXW260825P07640000,12.0,12.2,12.1,12.0,-18.65,-59.8716,559.0,583.0,0.0811,-0.3,0.0053,2.8208,-2.9796,-0.1263,12.3424,17.8,20.62,9.7,31.1499996185303,down,2026-08-21T16:14:31,0.0,0.0
SPXW,2026-08-25,4,Call,7645.0,SPXW260825C07645000,43.1,43.4,43.25,43.1,1.4,3.35732,88.0,51.0,0.0802,0.675,0.0056,2.9094,-3.0572,0.2817,42.4773,47.1,56.5,40.4,41.6999988555908,down,2026-08-21T16:12:41,0.0,0.0
SPXW,2026-08-25,4,Put,7645.0,SPXW260825P07645000,13.2,13.4,13.3,13.51,-18.7,-56.6667,205.0,203.0,0.0798,-0.325,0.0056,2.9094,-3.0572,-0.1369,13.5853,19.0,22.9,10.65,33.0,up,2026-08-21T16:13:51,0.0,0.0
SPXW,2026-08-25,4,Call,7650.0,SPXW260825C07650000,39.5,39.7,39.6,40.3,1.65,4.26908,272.0,1591.0,0.079,0.6485,0.0059,2.9905,-3.1224,0.2707,38.8477,43.0,54.5,36.3,38.6499996185303,down,2026-08-21T16:06:19,0.0,0.0
SPXW,2026-08-25,4,Put,7650.0,SPXW260825P07650000,14.5,14.7,14.6,14.5,-19.9,-56.8571,1575.0,1291.0,0.0788,-0.3515,0.0059,2.9905,-3.1224,-0.1481,14.9546,20.45,24.7,11.55,35.0,down,2026-08-21T16:14:12,0.0,0.0
SPXW,2026-08-25,4,Call,7655.0,SPXW260825C07655000,36.0,36.2,36.1,34.7,-1.05,-2.93706,185.0,75.0,0.078,0.6203,0.0061,3.0609,-3.1725,0.2589,35.3572,37.7,51.0,33.75,35.75,down,2026-08-21T16:13:40,0.0,0.0
SPXW,2026-08-25,4,Put,7655.0,SPXW260825P07655000,16.0,16.2,16.1,16.26,-20.4,-54.9865,269.0,148.0,0.0776,-0.3796,0.0061,3.0609,-3.1725,-0.1602,16.4628,23.4,25.23,13.01,37.1000003814697,down,2026-08-21T16:10:26,0.0,0.0
SPXW,2026-08-25,4,Call,7660.0,SPXW260825C07660000,32.6,32.9,32.75,33.25,0.3,0.910474,199.0,96.0,0.0769,0.5907,0.0063,3.1178,-3.2053,0.2467,32.015,37.9,48.0,29.2,32.9499988555908,down,2026-08-21T16:06:46,0.0,0.0
SPXW,2026-08-25,4,Put,7660.0,SPXW260825P07660000,17.6,17.8,17.700000000000003,18.1,-21.2,-53.944,435.0,239.0,0.0767,-0.4093,0.0063,3.1178,-3.2053,-0.1726,18.1195,25.3,28.3,13.7,39.3000011444092,up,2026-08-21T16:11:06,0.0,0.0
SPXW,2026-08-25,4,Call,7665.0,SPXW260825C07665000,29.4,29.6,29.5,29.7,-0.6,-1.9802,459.0,1056.0,0.076,0.5597,0.0065,3.1606,-3.2184,0.2337,28.8322,35.4,47.48,26.4,30.3000001907349,down,2026-08-21T16:09:44,0.0,0.0
SPXW,2026-08-25,4,Put,7665.0,SPXW260825P07665000,19.4,19.6,19.5,19.7,-21.9,-52.6442,893.0,177.0,0.0756,-0.4403,0.0065,3.1606,-3.2184,-0.186,19.9355,26.2,30.2,14.85,41.6000003814697,up,2026-08-21T16:13:11,0.0,0.0
SPXW,2026-08-25,4,Call,7670.0,SPXW260825C07670000,26.4,26.6,26.5,26.3,-1.4,-5.05415,545.0,108.0,0.0747,0.5274,0.0066,3.1857,-3.2097,0.2203,25.8191,32.0,43.83,24.63,27.6999998092651,no_change,2026-08-21T16:14:31,0.0,0.0
SPXW,2026-08-25,4,Put,7670.0,SPXW260825P07670000,21.4,21.6,21.5,21.3,-21.85,-49.6027,1212.0,422.0,0.0746,-0.4726,0.0066,3.1857,-3.2097,-0.1996,21.9212,29.2,33.37,16.2,44.0500011444092,down,2026-08-21T16:14:14,0.0,0.0
SPXW,2026-08-25,4,Call,7675.0,SPXW260825C07675000,23.5,23.7,23.6,22.91,-2.71,-10.7115,764.0,576.0,0.0739,0.4942,0.0067,3.1923,-3.178,0.2063,22.9836,31.2,37.5,21.74,25.3000001907349,down,2026-08-21T16:13:51,0.0,0.0
SPXW,2026-08-25,4,Put,7675.0,SPXW260825P07675000,23.5,23.7,23.6,23.52,-23.08,-49.5279,1888.0,553.0,0.0736,-0.5058,0.0067,3.1923,-3.178,-0.2138,24.0845,30.8,34.8,17.7,46.6000003814697,no_change,2026-08-21T16:14:55,0.0,0.0
SPXW,2026-08-25,4,Call,7680.0,SPXW260825C07680000,20.8,21.0,20.9,20.2,-2.8,-12.1739,394.0,112.0,0.0729,0.4601,0.0068,3.1786,-3.122,0.1922,20.3352,28.5,36.2,20.2,23.0,down,2026-08-21T16:13:48,0.0,0.0
SPXW,2026-08-25,4,Put,7680.0,SPXW260825P07680000,25.8,26.0,25.9,25.77,-23.53,-47.7282,846.0,292.0,0.0727,-0.5399,0.0068,3.1786,-3.122,-0.2283,26.4349,33.87,36.9,19.8,49.3000011444092,no_change,2026-08-21T16:14:55,0.0,0.0
SPXW,2026-08-25,4,Call,7685.0,SPXW260825C07685000,18.3,18.5,18.4,19.0,-3.1,-14.9038,548.0,110.0,0.0721,0.4257,0.0068,3.1434,-3.0418,0.1777,17.8781,22.1,33.0,17.07,20.8000001907349,no_change,2026-08-21T16:06:02,0.0,0.0
SPXW,2026-08-25,4,Put,7685.0,SPXW260825P07685000,28.3,28.5,28.4,28.8,-23.3,-44.7217,603.0,144.0,0.0719,-0.5743,0.0068,3.1434,-3.0418,-0.243,28.9766,36.3,39.8,21.1,52.1000003814697,no_change,2026-08-21T16:02:29,0.0,0.0
SPXW,2026-08-25,4,Call,7690.0,SPXW260825C07690000,16.0,16.2,16.1,15.5,-3.3,-17.5532,388.0,115.0,0.0713,0.3911,0.0067,3.0865,-2.9376,0.1633,15.618,20.4,30.3,15.12,18.8000001907349,down,2026-08-21T16:13:48,0.0,0.0
SPXW,2026-08-25,4,Put,7690.0,SPXW260825P07690000,31.0,31.2,31.1,31.5,-23.6,-42.8312,409.0,596.0,0.071,-0.6089,0.0067,3.0865,-2.9376,-0.2577,31.7153,38.9,42.6,23.3,55.1000003814697,no_change,2026-08-21T16:02:29,0.0,0.0
SPXW,2026-08-25,4,Call,7695.0,SPXW260825C07695000,13.9,14.1,14.0,13.9,-3.5,-20.7101,259.0,112.0,0.0705,0.3568,0.0066,3.0082,-2.8113,0.1489,13.5541,19.44,27.8,13.69,16.8999996185303,down,2026-08-21T16:14:57,0.0,0.0
SPXW,2026-08-25,4,Put,7695.0,SPXW260825P07695000,33.9,34.1,34.0,34.2,-23.0,-39.5189,271.0,174.0,0.0702,-0.6432,0.0066,3.0082,-2.8113,-0.2724,34.6502,41.7,45.6,25.1,58.1999988555908,no_change,2026-08-21T16:12:54,0.0,0.0
SPXW,2026-08-25,4,Call,7700.0,SPXW260825C07700000,12.0,12.2,12.1,11.8,-3.5,-23.1788,1337.0,1598.0,0.0698,0.3231,0.0064,2.9088,-2.6648,0.1348,11.6864,18.6,25.0,11.6,15.0999999046326,no_change,2026-08-21T16:13:19,0.0,0.0
SPXW,2026-08-25,4,Put,7700.0,SPXW260825P07700000,36.9,37.2,37.05,37.3,-24.15,-39.3002,405.0,873.0,0.0696,-0.6769,0.0064,2.9088,-2.6648,-0.2867,37.7813,45.1,48.3,27.69,61.4500007629394,up,2026-08-21T16:12:54,0.0,0.0
SPXW,2026-08-25,4,Call,7705.0,SPXW260825C07705000,10.3,10.5,10.4,10.01,-3.44,-25.5762,827.0,237.0,0.0693,0.2904,0.0062,2.7911,-2.5013,0.1211,10.0084,17.59,22.3,10.0,13.4499998092651,down,2026-08-21T16:13:51,0.0,0.0
SPXW,2026-08-25,4,Put,7705.0,SPXW260825P07705000,39.2,41.6,40.400000000000006,38.1,-26.65,-41.1583,118.0,156.0,0.0717,-0.7095,0.0062,2.7911,-2.5013,-0.3008,41.1021,47.9,51.47,30.3,64.75,down,2026-08-21T15:56:41,0.0,0.0
SPXW,2026-08-25,4,Call,7710.0,SPXW260825C07710000,8.7,8.9,8.8,8.72,-3.59,-30.1681,673.0,574.0,0.0688,0.2591,0.0058,2.6555,-2.3241,0.108,8.5142,15.63,20.0,8.6,11.9000000953674,no_change,2026-08-21T16:12:07,0.0,0.0
SPXW,2026-08-25,4,Put,7710.0,SPXW260825P07710000,42.7,45.1,43.900000000000006,40.6,-27.6,-40.4692,217.0,145.0,0.0686,-0.7409,0.0058,2.6555,-2.3241,-0.3141,44.6068,54.29,54.29,34.2,68.2000007629394,down,2026-08-21T15:59:00,0.0,0.0
SPXW,2026-08-25,4,Call,7715.0,SPXW260825C07715000,7.4,7.6,7.5,7.6,-3.75,-35.545,713.0,131.0,0.0684,0.2293,0.0055,2.5068,-2.1373,0.0954,7.193,11.8,17.71,7.3,10.5500001907349,no_change,2026-08-21T16:14:59,0.0,0.0
SPXW,2026-08-25,4,Put,7715.0,SPXW260825P07715000,42.5,52.5,47.5,43.4,-28.25,-39.4278,66.0,134.0,0.0717,-0.7707,0.0055,2.5068,-2.1373,-0.3269,48.2843,56.95,56.95,36.9,71.6500015258789,no_change,2026-08-21T15:51:55,0.0,0.0
SPXW,2026-08-25,4,Call,7720.0,SPXW260825C07720000,6.2,6.4,6.300000000000001,7.0,-3.3,-35.4839,375.0,304.0,0.068,0.2014,0.0052,2.3457,-1.9449,0.0838,6.0352,12.22,15.55,6.35,9.2999997138977,no_change,2026-08-21T16:04:28,0.0,0.0
SPXW,2026-08-25,4,Put,7720.0,SPXW260825P07720000,46.3,56.2,51.25,48.23,-27.27,-36.1192,79.0,139.0,0.0689,-0.7986,0.0052,2.3457,-1.9449,-0.3388,52.1254,60.31,63.39,38.0,75.5,down,2026-08-21T15:58:33,0.0,0.0
SPXW,2026-08-25,4,Call,7725.0,SPXW260825C07725000,5.2,5.4,5.300000000000001,5.2,-3.29,-40.6173,1524.0,402.0,0.0679,0.1754,0.0048,2.1776,-1.7513,0.0729,5.0289,10.82,13.79,5.2,8.09999990463257,down,2026-08-21T16:14:09,0.0,0.0
SPXW,2026-08-25,4,Put,7725.0,SPXW260825P07725000,52.0,58.6,55.3,55.76,-22.88,-28.8161,76.0,598.0,0.0679,-0.8246,0.0048,2.1776,-1.7513,-0.35,56.1179,62.5,66.04,44.1,79.3999977111816,no_change,2026-08-21T16:01:26,0.0,0.0
SPXW,2026-08-25,4,Call,7730.0,SPXW260825C07730000,4.4,4.5,4.45,4.75,-2.35,-33.0986,382.0,163.0,0.0677,0.1516,0.0044,2.0041,-1.5607,0.063,4.1632,9.04,12.0,4.5,7.09999990463257,down,2026-08-21T16:07:23,0.0,0.0
SPXW,2026-08-25,4,Put,7730.0,SPXW260825P07730000,56.1,62.7,59.400000000000006,59.84,-23.51,-28.2064,127.0,301.0,0.0672,-0.8483,0.0044,2.0041,-1.5607,-0.3602,60.2509,68.67,70.22,44.4,83.3499984741211,no_change,2026-08-21T16:01:26,0.0,0.0
SPXW,2026-08-25,4,Call,7735.0,SPXW260825C07735000,3.6,3.8,3.7,3.95,-2.65,-43.4426,551.0,176.0,0.0674,0.1301,0.0039,1.8304,-1.3773,0.0539,3.4264,8.24,10.4,3.87,6.09999990463257,no_change,2026-08-21T16:08:35,0.0,0.0
SPXW,2026-08-25,4,Put,7735.0,SPXW260825P07735000,59.3,69.2,64.25,59.95,-27.85,-31.7198,24.0,96.0,0.0689,-0.8698,0.0039,1.8304,-1.3773,-0.3695,64.5129,68.49,72.6,52.18,87.7999992370606,down,2026-08-21T15:58:33,0.0,0.0
SPXW,2026-08-25,4,Call,7740.0,SPXW260825C07740000,3.0,3.2,3.1,3.09,-2.28,-43.0189,465.0,316.0,0.0675,0.1109,0.0035,1.6588,-1.2046,0.046,2.8066,7.24,8.3,2.95,5.29999995231628,up,2026-08-21T16:14:38,0.0,0.0
SPXW,2026-08-25,4,Put,7740.0,SPXW260825P07740000,64.7,71.4,68.05000000000001,68.88,-22.67,-24.7624,18.0,329.0,0.0681,-0.889,0.0035,1.6588,-1.2046,-0.3777,68.8919,76.16,79.25,66.49,91.5499992370606,up,2026-08-21T14:00:37,0.0,0.0
SPXW,2026-08-25,4,Call,7745.0,SPXW260825C07745000,2.5,2.6,2.55,2.55,-2.0,-43.956,624.0,346.0,0.0674,0.094,0.0031,1.4937,-1.0458,0.0389,2.2916,5.0,7.35,2.4,4.54999995231628,up,2026-08-21T16:14:38,0.0,0.0
SPXW,2026-08-25,4,Put,7745.0,SPXW260825P07745000,69.4,79.4,74.4,68.27,-27.93,-29.0333,25.0,97.0,0.0694,-0.9059,0.0031,1.4937,-1.0458,-0.3851,73.3758,80.36,81.85,57.21,96.1999969482422,down,2026-08-21T15:24:48,0.0,0.0
SPXW,2026-08-25,4,Call,7750.0,SPXW260825C07750000,2.05,2.15,2.0999999999999996,2.0,-1.95,-50.0,2194.0,825.0,0.0675,0.0794,0.0028,1.3372,-0.9025,0.0328,1.8682,5.4,6.7,2.0,3.89999997615814,no_change,2026-08-21T16:13:39,0.0,0.0
SPXW,2026-08-25,4,Put,7750.0,SPXW260825P07750000,73.6,80.4,77.0,77.75,-21.88,-21.8363,103.0,677.0,0.0674,-0.9206,0.0028,1.3372,-0.9025,-0.3914,77.9512,80.45,87.59,61.25,100.200000762939,up,2026-08-21T16:01:49,0.0,0.0
SPXW,2026-08-25,4,Call,7755.0,SPXW260825C07755000,1.65,1.75,1.7,1.67,-1.76,-53.3333,370.0,205.0,0.0672,0.0669,0.0024,1.1917,-0.7758,0.0276,1.524,3.87,5.7,1.67,3.30000007152557,down,2026-08-21T16:11:10,0.0,0.0
SPXW,2026-08-25,4,Put,7755.0,SPXW260825P07755000,76.7,86.7,81.7,82.5,-22.4,-21.3537,27.0,54.0,0.0699,-0.9331,0.0024,1.1917,-0.7758,-0.397,82.6057,89.57,90.87,76.11,104.899997711182,up,2026-08-21T15:59:48,0.0,0.0
SPXW,2026-08-25,4,Call,7760.0,SPXW260825C07760000,1.35,1.45,1.4,1.4,-1.4,-50.0,323.0,395.0,0.0675,0.0562,0.0021,1.0588,-0.6653,0.0232,1.2457,4.01,4.9,1.4,2.79999995231628,down,2026-08-21T16:10:20,0.0,0.0
SPXW,2026-08-25,4,Put,7760.0,SPXW260825P07760000,83.4,89.8,86.6,78.35,-30.8,-28.218,58.0,897.0,0.0688,-0.9437,0.0021,1.0588,-0.6653,-0.4016,87.3263,97.5,97.5,67.7,109.149997711182,down,2026-08-21T15:46:54,0.0,0.0
SPXW,2026-08-25,4,Call,7765.0,SPXW260825C07765000,1.05,1.2,1.125,1.15,-1.25,-52.0833,681.0,463.0,0.0679,0.0473,0.0018,0.9385,-0.5703,0.0195,1.0223,2.3,4.2,1.15,2.39999997615814,down,2026-08-21T16:10:07,0.0,0.0
SPXW,2026-08-25,4,Put,7765.0,SPXW260825P07765000,87.8,97.8,92.8,92.53,-21.67,-18.9755,27.0,78.0,0.0714,-0.9526,0.0018,0.9385,-0.5703,-0.4056,92.1017,100.03,100.03,75.52,114.200000762939,up,2026-08-21T14:00:21,0.0,0.0
SPXW,2026-08-25,4,Call,7770.0,SPXW260825C07770000,0.9,1.0,0.95,0.9,-1.1,-55.0,784.0,412.0,0.0681,0.0399,0.0016,0.8315,-0.4894,0.0164,0.8433,2.2,3.4,0.9,2.0,down,2026-08-21T16:12:23,0.0,0.0
SPXW,2026-08-25,4,Put,7770.0,SPXW260825P07770000,92.6,102.5,97.55,80.39,-37.96,-32.0744,62.0,119.0,0.0721,-0.9601,0.0016,0.8315,-0.4894,-0.409,96.9214,104.83,104.83,80.03,118.350002288818,no_change,2026-08-21T11:46:16,0.0,0.0
SPXW,2026-08-25,4,Call,7775.0,SPXW260825C07775000,0.7,0.8,0.75,0.65,-1.01,-59.4118,511.0,1044.0,0.0682,0.0338,0.0014,0.7366,-0.421,0.0138,0.6999,2.31,2.95,0.65,1.69999998807907,down,2026-08-21T16:13:39,0.0,0.0
SPXW,2026-08-25,4,Put,7775.0,SPXW260825P07775000,97.4,107.3,102.35,100.94,-21.81,-17.7678,44.0,155.0,0.0724,-0.9662,0.0014,0.7366,-0.421,-0.4118,101.7769,84.27,100.94,84.14,122.749996185303,up,2026-08-21T16:01:49,0.0,0.0
SPXW,2026-08-25,4,Call,7780.0,SPXW260825C07780000,0.55,0.65,0.6000000000000001,0.65,-0.875,-61.4035,782.0,680.0,0.0686,0.0287,0.0012,0.6533,-0.3634,0.0118,0.5852,2.0,2.1,0.64,1.42500001192093,up,2026-08-21T16:09:18,0.0,0.0
SPXW,2026-08-25,4,Put,7780.0,SPXW260825P07780000,100.4,110.4,105.4,101.69,-25.86,-20.2744,14.0,64.0,0.0738,-0.9713,0.0012,0.6533,-0.3634,-0.4142,106.661,112.7,112.7,88.39,127.550003051758,up,2026-08-21T15:54:30,0.0,0.0
SPXW,2026-08-25,4,Call,7785.0,SPXW260825C07785000,0.45,0.55,0.5,0.55,-0.65,-54.1667,359.0,586.0,0.0692,0.0245,0.001,0.5806,-0.3151,0.01,0.493,1.8,1.9,0.55,1.19999998807907,down,2026-08-21T16:07:21,0.0,0.0
SPXW,2026-08-25,4,Put,7785.0,SPXW260825P07785000,104.2,119.7,111.95,113.29,-19.76,-14.8516,6.0,78.0,0.0741,-0.9755,0.001,0.5806,-0.3151,-0.4162,111.5675,113.29,113.29,113.29,133.049995422363,up,2026-08-21T10:08:19,0.0,0.0
SPXW,2026-08-25,4,Call,7790.0,SPXW260825C07790000,0.35,0.45,0.4,0.55,-0.45,-45.0,201.0,259.0,0.0699,0.021,0.0009,0.5171,-0.2748,0.0086,0.4189,1.25,1.65,0.5,0.999999970197678,no_change,2026-08-21T15:58:59,0.0,0.0
SPXW,2026-08-25,4,Put,7790.0,SPXW260825P07790000,109.1,125.0,117.05,101.61,-36.19,-26.2627,5.0,46.0,0.076,-0.979,0.0009,0.5171,-0.2748,-0.4179,116.4923,128.37,128.37,101.61,137.799995422363,down,2026-08-21T11:49:42,0.0,0.0
SPXW,2026-08-25,4,Call,7795.0,SPXW260825C07795000,0.3,0.35,0.32499999999999996,0.35,-0.55,-64.7059,191.0,454.0,0.0695,0.0181,0.0008,0.4622,-0.2411,0.0074,0.359,1.26,1.26,0.35,0.849999994039536,down,2026-08-21T16:14:58,0.0,0.0
SPXW,2026-08-25,4,Put,7795.0,SPXW260825P07795000,110.5,130.4,120.45,91.67,0.0,0.0,0.0,31.0,0.0767,-0.9818,0.0008,0.4622,-0.2411,-0.4193,121.4312,0.0,0.0,0.0,142.549995422363,up,2026-08-19T15:50:14,0.0,0.0
SPXW,2026-08-25,4,Call,7800.0,SPXW260825C07800000,0.25,0.35,0.3,0.31,-0.39,-55.7143,667.0,879.0,0.0711,0.0158,0.0007,0.4147,-0.2129,0.0064,0.3106,1.02,1.2,0.3,0.699999988079071,up,2026-08-21T16:14:12,0.0,0.0
SPXW,2026-08-25,4,Put,7800.0,SPXW260825P07800000,121.7,128.9,125.30000000000001,118.72,-28.28,-19.2381,45.0,229.0,0.0694,-0.9842,0.0007,0.4147,-0.2129,-0.4206,126.3816,133.12,133.12,118.31,147.0,no_change,2026-08-21T15:08:27,0.0,0.0
SPXW,2026-08-25,4,Call,7805.0,SPXW260825C07805000,0.2,0.25,0.225,0.27,-0.35,-58.3333,529.0,205.0,0.0726,0.0138,0.0006,0.3736,-0.1895,0.0056,0.2713,0.88,0.95,0.25,0.599999994039536,no_change,2026-08-21T16:11:38,0.0,0.0
SPXW,2026-08-25,4,Put,7805.0,SPXW260825P07805000,120.4,140.3,130.35000000000002,141.76,-10.69,-7.01213,7.0,24.0,0.0796,-0.9862,0.0006,0.3736,-0.1895,-0.4217,131.3411,141.76,141.76,141.76,152.449996948242,up,2026-08-21T09:58:36,0.0,0.0
SPXW,2026-08-25,4,Call,7810.0,SPXW260825C07810000,0.2,0.25,0.225,0.25,-0.275,-52.381,111.0,280.0,0.0728,0.0122,0.0005,0.3381,-0.1699,0.005,0.2392,0.82,0.9,0.25,0.525000005960464,no_change,2026-08-21T16:04:28,0.0,0.0
SPXW,2026-08-25,4,Put,7810.0,SPXW260825P07810000,125.3,145.3,135.3,134.78,-22.47,-14.2893,1.0,16.0,0.0822,-0.9878,0.0005,0.3381,-0.1699,-0.4226,136.3078,134.78,134.78,134.78,157.25,up,2026-08-21T13:39:55,0.0,0.0
SPXW,2026-08-25,4,Call,7815.0,SPXW260825C07815000,0.15,0.2,0.175,0.2,-0.25,-55.5556,90.0,228.0,0.0739,0.0108,0.0005,0.3076,-0.1535,0.0044,0.213,0.45,0.7,0.2,0.450000002980232,no_change,2026-08-21T16:05:39,0.0,0.0
SPXW,2026-08-25,4,Put,7815.0,SPXW260825P07815000,130.3,150.2,140.25,109.35,0.0,0.0,0.0,39.0,0.0834,-0.9892,0.0005,0.3076,-0.1535,-0.4234,141.2804,0.0,0.0,0.0,162.450004577637,no_change,2026-08-19T15:52:56,0.0,0.0
SPXW,2026-08-25,4,Call,7820.0,SPXW260825C07820000,0.15,0.2,0.175,0.15,-0.25,-62.5,138.0,217.0,0.0748,0.0097,0.0004,0.2808,-0.1396,0.0039,0.1911,0.58,0.58,0.15,0.399999991059303,no_change,2026-08-21T16:13:35,0.0,0.0
SPXW,2026-08-25,4,Put,7820.0,SPXW260825P07820000,135.3,155.2,145.25,138.47,-28.88,-17.2572,5.0,12.0,0.0844,-0.9903,0.0004,0.2813,-0.1398,-0.4242,146.2577,143.57,143.57,138.47,167.349998474121,no_change,2026-08-21T15:08:27,0.0,0.0
SPXW,2026-08-25,4,Call,7825.0,SPXW260825C07825000,0.1,0.2,0.15000000000000002,0.15,-0.2,-57.1429,209.0,1602.0,0.077,0.0088,0.0004,0.2585,-0.1284,0.0035,0.1738,0.52,0.52,0.15,0.350000008940697,no_change,2026-08-21T16:14:12,0.0,0.0
SPXW,2026-08-25,4,Put,7825.0,SPXW260825P07825000,140.3,160.2,150.25,161.54,-10.76,-6.24492,7.0,55.0,0.0869,-0.9912,0.0004,0.2585,-0.1284,-0.4248,151.2389,161.54,161.54,161.54,172.299995422363,up,2026-08-21T09:58:36,0.0,0.0
SPXW,2026-08-25,4,Call,7830.0,SPXW260825C07830000,0.1,0.15,0.125,0.15,-0.15,-50.0,212.0,1677.0,0.0792,0.008,0.0003,0.2386,-0.1188,0.0032,0.1591,0.3,0.5,0.15,0.299999997019768,no_change,2026-08-21T16:03:34,0.0,0.0
SPXW,2026-08-25,4,Put,7830.0,SPXW260825P07830000,145.3,165.2,155.25,153.38,-23.87,-13.4669,1.0,17.0,0.0894,-0.992,0.0003,0.2388,-0.1189,-0.4254,156.2231,153.38,153.38,153.38,177.25,up,2026-08-21T09:30:03,0.0,0.0
SPXW,2026-08-25,4,Call,7835.0,SPXW260825C07835000,0.1,0.15,0.125,0.1,-0.175,-63.6364,102.0,314.0,0.0814,0.0073,0.0003,0.2216,-0.1108,0.003,0.147,0.38,0.4,0.1,0.275000005960464,no_change,2026-08-21T16:13:35,0.0,0.0
SPXW,2026-08-25,4,Put,7835.0,SPXW260825P07835000,150.2,170.2,160.2,157.91,-23.99,-13.1886,1.0,13.0,0.0918,-0.9927,0.0003,0.2217,-0.1108,-0.426,161.2098,157.91,157.91,157.91,181.900001525879,up,2026-08-21T14:55:55,0.0,0.0
SPXW,2026-08-25,4,Call,7840.0,SPXW260825C07840000,0.1,0.15,0.125,0.1,-0.15,-60.0,452.0,1079.0,0.0799,0.0067,0.0003,0.2066,-0.1039,0.0027,0.1368,0.35,0.35,0.1,0.250000007450581,no_change,2026-08-21T16:13:35,0.0,0.0
SPXW,2026-08-25,4,Put,7840.0,SPXW260825P07840000,155.3,175.2,165.25,94.96,0.0,0.0,0.0,13.0,0.0943,-0.9932,0.0003,0.207,-0.1041,-0.4265,166.1985,0.0,0.0,0.0,187.150001525879,no_change,2026-08-17T15:44:56,0.0,0.0
SPXW,2026-08-25,4,Call,7845.0,SPXW260825C07845000,0.05,0.15,0.1,0.1,-0.15,-60.0,52.0,314.0,0.0821,0.0062,0.0003,0.1938,-0.0983,0.0025,0.1284,0.32,0.32,0.09,0.250000007450581,no_change,2026-08-21T16:13:35,0.0,0.0
SPXW,2026-08-25,4,Put,7845.0,SPXW260825P07845000,160.2,180.2,170.2,138.68,0.0,0.0,0.0,0.0,0.0967,-0.9937,0.0003,0.1941,-0.0984,-0.427,171.1888,0.0,0.0,0.0,191.850006103516,up,2026-08-19T15:55:28,0.0,0.0
SPXW,2026-08-25,4,Call,7850.0,SPXW260825C07850000,0.1,0.15,0.125,0.15,-0.05,-25.0,443.0,907.0,0.0842,0.0058,0.0002,0.1824,-0.0934,0.0024,0.1213,0.3,0.3,0.15,0.200000002980232,no_change,2026-08-21T16:13:22,0.0,0.0
SPXW,2026-08-25,4,Put,7850.0,SPXW260825P07850000,165.2,183.9,174.55,174.35,-22.25,-11.3174,1.0,24.0,0.0992,-0.9941,0.0002,0.1827,-0.0936,-0.4274,176.1805,174.35,174.35,174.35,196.600006103516,up,2026-08-21T11:20:36,0.0,0.0
SPXW,2026-08-25,4,Call,7855.0,SPXW260825C07855000,0.1,0.15,0.125,0.15,-0.05,-25.0,32.0,1318.0,0.0863,0.0055,0.0002,0.1726,-0.0894,0.0022,0.1154,0.26,0.26,0.15,0.200000002980232,down,2026-08-21T15:54:40,0.0,0.0
SPXW,2026-08-25,4,Put,7855.0,SPXW260825P07855000,170.2,190.1,180.14999999999998,0.0,0.0,0.0,0.0,0.0,0.0998,-0.9945,0.0002,0.1727,-0.0895,-0.4278,181.1734,0.0,0.0,0.0,201.950004577637,no_change,,0.0,0.0
SPXW,2026-08-25,4,Call,7860.0,SPXW260825C07860000,0.1,0.15,0.125,0.15,-0.05,-25.0,51.0,745.0,0.0883,0.0052,0.0002,0.1638,-0.086,0.0021,0.1104,0.24,0.24,0.12,0.200000002980232,no_change,2026-08-21T15:58:16,0.0,0.0
SPXW,2026-08-25,4,Put,7860.0,SPXW260825P07860000,175.2,195.1,185.14999999999998,0.0,0.0,0.0,0.0,1.0,0.1022,-0.9948,0.0002,0.1639,-0.086,-0.4282,186.1671,0.0,0.0,0.0,206.549995422363,no_change,,0.0,0.0
SPXW,2026-08-25,4,Call,7865.0,SPXW260825C07865000,0.05,0.15,0.1,0.15,-0.025,-14.2857,25.0,386.0,0.0926,0.0049,0.0002,0.156,-0.083,0.002,0.1061,0.25,0.25,0.15,0.175000004470348,no_change,2026-08-21T15:58:00,0.0,0.0
SPXW,2026-08-25,4,Put,7865.0,SPXW260825P07865000,180.2,200.1,190.14999999999998,0.0,0.0,0.0,0.0,0.0,0.1046,-0.9951,0.0002,0.156,-0.083,-0.4286,191.1615,0.0,0.0,0.0,211.450004577637,no_change,,0.0,0.0
SPXW,2026-08-25,4,Call,7870.0,SPXW260825C07870000,0.05,0.15,0.1,0.1,-0.075,-42.8571,231.0,451.0,0.0899,0.0047,0.0002,0.1486,-0.0803,0.0019,0.1022,0.17,0.2,0.1,0.175000004470348,no_change,2026-08-21T16:10:37,0.0,0.0
SPXW,2026-08-25,4,Put,7870.0,SPXW260825P07870000,185.2,205.1,195.14999999999998,0.0,0.0,0.0,0.0,0.0,0.1048,-0.9953,0.0002,0.149,-0.0804,-0.429,196.1566,0.0,0.0,0.0,216.450004577637,no_change,,0.0,0.0
SPXW,2026-08-25,4,Call,7875.0,SPXW260825C07875000,0.05,0.15,0.1,0.1,-0.05,-33.3333,101.0,424.0,0.0918,0.0045,0.0002,0.1428,-0.0782,0.0018,0.0991,0.17,0.2,0.1,0.150000002235174,down,2026-08-21T16:02:56,0.0,0.0
SPXW,2026-08-25,4,Put,7875.0,SPXW260825P07875000,190.2,210.1,200.14999999999998,125.45,0.0,0.0,0.0,1.0,0.1072,-0.9955,0.0002,0.1427,-0.0782,-0.4293,201.1522,0.0,0.0,0.0,220.5,down,2026-08-17T15:43:17,0.0,0.0
SPXW,2026-08-25,4,Call,7880.0,SPXW260825C07880000,0.05,0.15,0.1,0.1,-0.05,-33.3333,130.0,1106.0,0.094,0.0043,0.0002,0.1366,-0.0761,0.0017,0.0961,0.15,0.17,0.1,0.150000002235174,down,2026-08-21T16:02:56,0.0,0.0
SPXW,2026-08-25,4,Put,7880.0,SPXW260825P07880000,195.2,213.9,204.55,188.17,-37.68,-16.6836,1.0,2.0,0.1095,-0.9957,0.0002,0.137,-0.0763,-0.4297,206.1482,188.17,188.17,188.17,225.849998474121,down,2026-08-21T11:46:37,0.0,0.0
SPXW,2026-08-25,4,Call,7885.0,SPXW260825C07885000,0.05,0.15,0.1,0.17,0.02,13.3333,14.0,198.0,0.0988,0.0041,0.0001,0.1315,-0.0744,0.0016,0.0937,0.15,0.17,0.15,0.150000002235174,no_change,2026-08-21T15:07:33,0.0,0.0
SPXW,2026-08-25,4,Put,7885.0,SPXW260825P07885000,200.2,219.0,209.6,127.11,0.0,0.0,0.0,1.0,0.1429,-0.9959,0.0001,0.1318,-0.0746,-0.43,211.1445,0.0,0.0,0.0,231.25,up,2026-08-17T13:24:13,0.0,0.0
SPXW,2026-08-25,4,Call,7890.0,SPXW260825C07890000,0.05,0.15,0.1,0.1,-0.05,-33.3333,44.0,926.0,0.1009,0.004,0.0001,0.1268,-0.0729,0.0016,0.0915,0.08,0.15,0.08,0.150000002235174,down,2026-08-21T15:46:48,0.0,0.0
SPXW,2026-08-25,4,Put,7890.0,SPXW260825P07890000,203.3,226.3,214.8,201.21,-34.59,-14.6692,1.0,0.0,0.1142,-0.996,0.0001,0.127,-0.073,-0.4304,216.1411,201.21,201.21,201.21,235.800003051758,down,2026-08-21T11:49:20,0.0,0.0
SPXW,2026-08-25,4,Call,7895.0,SPXW260825C07895000,0.05,0.15,0.1,0.2,0.05,33.3333,1.0,212.0,0.103,0.0038,0.0001,0.1224,-0.0716,0.0015,0.0896,0.2,0.2,0.2,0.150000002235174,up,2026-08-21T13:37:10,0.0,0.0
SPXW,2026-08-25,4,Put,7895.0,SPXW260825P07895000,208.2,232.0,220.1,206.19,-34.91,-14.4795,1.0,0.0,0.1165,-0.9962,0.0001,0.1227,-0.0717,-0.4307,221.138,206.19,206.19,206.19,241.099998474121,down,2026-08-21T11:49:20,0.0,0.0
SPXW,2026-08-25,4,Call,7900.0,SPXW260825C07900000,0.05,0.15,0.1,0.15,0.025,20.0,85.0,924.0,0.105,0.0037,0.0001,0.1184,-0.0704,0.0015,0.0878,0.12,0.2,0.1,0.12500000372529,up,2026-08-21T15:40:31,0.0,0.0
SPXW,2026-08-25,4,Put,7900.0,SPXW260825P07900000,213.2,237.0,225.1,199.35,0.0,0.0,0.0,8.0,0.1188,-0.9963,0.0001,0.1187,-0.0705,-0.431,226.135,0.0,0.0,0.0,246.199996948242,up,2026-08-18T13:59:10,0.0,0.0
SPXW,2026-08-25,4,Call,7905.0,SPXW260825C07905000,0.05,0.15,0.1,0.1,-0.025,-20.0,2.0,235.0,0.1071,0.0036,0.0001,0.1147,-0.0694,0.0014,0.0863,0.1,0.1,0.1,0.12500000372529,no_change,2026-08-21T09:56:45,0.0,0.0
SPXW,2026-08-25,4,Put,7905.0,SPXW260825P07905000,218.2,238.4,228.3,0.0,0.0,0.0,0.0,0.0,0.1212,-0.9964,0.0001,0.1149,-0.0694,-0.4313,231.1323,0.0,0.0,0.0,250.800003051758,no_change,,0.0,0.0
SPXW,2026-08-25,4,Call,7910.0,SPXW260825C07910000,0.05,0.15,0.1,0.12,0.02,20.0,8.0,274.0,0.1091,0.0035,0.0001,0.1112,-0.0684,0.0014,0.0849,0.14,0.14,0.12,0.100000003352761,no_change,2026-08-21T15:07:33,0.0,0.0
SPXW,2026-08-25,4,Put,7910.0,SPXW260825P07910000,223.2,247.0,235.1,0.0,0.0,0.0,0.0,0.0,0.1235,-0.9965,0.0001,0.1114,-0.0684,-0.4316,236.1297,0.0,0.0,0.0,255.75,no_change,,0.0,0.0
SPXW,2026-08-25,4,Call,7915.0,SPXW260825C07915000,0.05,0.15,0.1,0.25,0.0,0.0,0.0,186.0,0.1111,0.0034,0.0001,0.108,-0.0675,0.0014,0.0836,0.0,0.0,0.0,0.100000003352761,up,2026-08-19T16:01:43,0.0,0.0
SPXW,2026-08-25,4,Put,7915.0,SPXW260825P07915000,228.2,252.0,240.1,0.0,0.0,0.0,0.0,0.0,0.136,-0.9966,0.0001,0.1082,-0.0676,-0.432,241.1272,0.0,0.0,0.0,260.800003051758,no_change,,0.0,0.0
SPXW,2026-08-25,4,Call,7920.0,SPXW260825C07920000,0.05,0.15,0.1,0.1,0.0,-3.35276e-06,1.0,270.0,0.1132,0.0033,0.0001,0.105,-0.0667,0.0013,0.0825,0.1,0.1,0.1,0.100000003352761,down,2026-08-21T10:05:09,0.0,0.0
SPXW,2026-08-25,4,Put,7920.0,SPXW260825P07920000,233.2,257.0,245.1,0.0,0.0,0.0,0.0,0.0,0.1384,-0.9967,0.0001,0.1052,-0.0668,-0.4323,246.1248,0.0,0.0,0.0,265.800003051758,no_change,,0.0,0.0
SPXW,2026-08-25,4,Call,7925.0,SPXW260825C07925000,0.05,0.1,0.07500000000000001,0.15,0.05,50.0,20.0,226.0,0.1152,0.0032,0.0001,0.1022,-0.066,0.0013,0.0814,0.15,0.15,0.15,0.100000003352761,no_change,2026-08-21T14:46:13,0.0,0.0
SPXW,2026-08-25,4,Put,7925.0,SPXW260825P07925000,238.2,261.8,250.0,0.0,0.0,0.0,0.0,0.0,0.1408,-0.9968,0.0001,0.1023,-0.066,-0.4326,251.1226,0.0,0.0,0.0,271.149993896484,no_change,,0.0,0.0
SPXW,2026-08-25,4,Call,7930.0,SPXW260825C07930000,0.05,0.1,0.07500000000000001,0.12,0.02,20.0,3.0,292.0,0.1172,0.0031,0.0001,0.0995,-0.0653,0.0012,0.0804,0.1,0.12,0.1,0.100000003352761,up,2026-08-21T11:36:07,0.0,0.0
SPXW,2026-08-25,4,Put,7930.0,SPXW260825P07930000,244.7,267.2,255.95,0.0,0.0,0.0,0.0,0.0,0.1432,-0.9969,0.0001,0.0996,-0.0654,-0.4329,256.1204,0.0,0.0,0.0,276.149993896484,no_change,,0.0,0.0
SPXW,2026-08-25,4,Call,7935.0,SPXW260825C07935000,0.05,0.1,0.07500000000000001,0.15,0.05,50.0,111.0,209.0,0.1192,0.003,0.0001,0.097,-0.0647,0.0012,0.0795,0.1,0.15,0.1,0.100000003352761,no_change,2026-08-21T12:49:57,0.0,0.0
SPXW,2026-08-25,4,Put,7935.0,SPXW260825P07935000,248.2,272.0,260.1,0.0,0.0,0.0,0.0,0.0,0.1456,-0.997,0.0001,0.0971,-0.0647,-0.4332,261.1183,0.0,0.0,0.0,281.099990844727,no_change,,0.0,0.0
SPXW,2026-08-25,4,Call,7940.0,SPXW260825C07940000,0.05,0.1,0.07500000000000001,0.15,0.05,50.0,4.0,353.0,0.1212,0.003,0.0001,0.0946,-0.0641,0.0012,0.0787,0.12,0.15,0.1,0.100000003352761,up,2026-08-21T14:50:09,0.0,0.0
SPXW,2026-08-25,4,Put,7940.0,SPXW260825P07940000,253.2,277.0,265.1,0.0,0.0,0.0,0.0,0.0,0.148,-0.997,0.0001,0.0948,-0.0642,-0.4335,266.1162,0.0,0.0,0.0,286.099990844727,no_change,,0.0,0.0
SPXW,2026-08-25,4,Call,7950.0,SPXW260825C07950000,0.05,0.1,0.07500000000000001,0.15,0.05,50.0,47.0,344.0,0.1218,0.0028,0.0001,0.0902,-0.0631,0.0011,0.0771,0.13,0.15,0.1,0.100000003352761,no_change,2026-08-21T14:07:15,0.0,0.0
SPXW,2026-08-25,4,Put,7950.0,SPXW260825P07950000,263.2,283.8,273.5,0.0,0.0,0.0,0.0,0.0,0.1528,-0.9972,0.0001,0.0904,-0.0631,-0.4341,276.1123,0.0,0.0,0.0,295.899993896484,no_change,,0.0,0.0
SPXW,2026-08-25,4,Call,7960.0,SPXW260825C07960000,0.05,0.1,0.07500000000000001,0.05,-0.05,-50.0,20.0,224.0,0.1257,0.0027,0.0001,0.0863,-0.0622,0.0011,0.0758,0.05,0.05,0.05,0.100000003352761,down,2026-08-21T15:56:59,0.0,0.0
SPXW,2026-08-25,4,Put,7960.0,SPXW260825P07960000,273.1,297.0,285.05,0.0,0.0,0.0,0.0,0.0,0.1576,-0.9973,0.0001,0.0864,-0.0622,-0.4347,286.1086,0.0,0.0,0.0,306.099990844727,no_change,,0.0,0.0
SPXW,2026-08-25,4,Call,7970.0,SPXW260825C07970000,0.05,0.1,0.07500000000000001,0.1,0.0,-3.35276e-06,1.0,76.0,0.1296,0.0026,0.0001,0.0827,-0.0614,0.001,0.0746,0.1,0.1,0.1,0.100000003352761,down,2026-08-21T09:35:05,0.0,0.0
SPXW,2026-08-25,4,Put,7970.0,SPXW260825P07970000,283.1,306.3,294.70000000000005,0.0,0.0,0.0,0.0,0.0,0.1623,-0.9974,0.0001,0.0828,-0.0614,-0.4353,296.105,0.0,0.0,0.0,316.050003051758,no_change,,0.0,0.0
SPXW,2026-08-25,4,Call,7975.0,SPXW260825C07975000,0.05,0.1,0.07500000000000001,0.1,0.0,-3.35276e-06,3.0,258.0,0.1315,0.0025,0.0001,0.081,-0.061,0.001,0.074,0.1,0.1,0.1,0.100000003352761,down,2026-08-21T12:33:38,0.0,0.0
SPXW,2026-08-25,4,Put,7975.0,SPXW260825P07975000,288.1,311.8,299.95000000000005,0.0,0.0,0.0,0.0,0.0,0.1647,-0.9974,0.0001,0.0811,-0.061,-0.4356,301.1032,0.0,0.0,0.0,320.849990844727,no_change,,0.0,0.0
SPXW,2026-08-25,4,Call,7980.0,SPXW260825C07980000,0.0,0.1,0.05,0.11,0.0,0.0,0.0,207.0,0.1335,0.0025,0.0001,0.0794,-0.0606,0.001,0.0735,0.0,0.0,0.0,0.100000003352761,down,2026-08-20T15:29:00,0.0,0.0
SPXW,2026-08-25,4,Put,7980.0,SPXW260825P07980000,293.1,317.0,305.05,0.0,0.0,0.0,0.0,0.0,0.1671,-0.9975,0.0001,0.0795,-0.0606,-0.4359,306.1015,0.0,0.0,0.0,326.050003051758,no_change,,0.0,0.0
SPXW,2026-08-25,4,Call,7990.0,SPXW260825C07990000,0.0,0.1,0.05,0.1,0.0,0.0,0.0,234.0,0.1373,0.0024,0.0001,0.0764,-0.06,0.001,0.0725,0.0,0.0,0.0,0.100000003352761,down,2026-08-20T15:29:00,0.0,0.0
SPXW,2026-08-25,4,Put,7990.0,SPXW260825P07990000,303.1,327.0,315.05,0.0,0.0,0.0,0.0,0.0,0.1718,-0.9976,0.0001,0.0764,-0.06,-0.4365,316.0981,0.0,0.0,0.0,335.550003051758,no_change,,0.0,0.0
SPXW,2026-08-25,4,Call,8000.0,SPXW260825C08000000,0.0,0.1,0.05,0.1,0.0,-3.35276e-06,20.0,2390.0,0.136,0.0023,0.0001,0.0736,-0.0594,0.0009,0.0716,0.1,0.13,0.1,0.100000003352761,no_change,2026-08-21T15:27:19,0.0,0.0
SPXW,2026-08-25,4,Put,8000.0,SPXW260825P08000000,313.1,333.9,323.5,0.0,0.0,0.0,0.0,0.0,0.1765,-0.9976,0.0001,0.0736,-0.0594,-0.437,326.0948,0.0,0.0,0.0,345.949996948242,no_change,,0.0,0.0
SPXW,2026-08-25,4,Call,8010.0,SPXW260825C08010000,0.0,0.1,0.05,0.1,0.0,-3.35276e-06,45.0,32.0,0.1398,0.0022,0.0001,0.0709,-0.0588,0.0009,0.0707,0.1,0.1,0.1,0.100000003352761,no_change,2026-08-21T10:19:15,0.0,0.0
SPXW,2026-08-25,4,Put,8010.0,SPXW260825P08010000,323.1,347.0,335.05,0.0,0.0,0.0,0.0,0.0,0.1812,-0.9977,0.0001,0.071,-0.0588,-0.4376,336.0916,0.0,0.0,0.0,355.550003051758,no_change,,0.0,0.0
SPXW,2026-08-25,4,Call,8025.0,SPXW260825C08025000,0.0,0.1,0.05,0.1,0.0,-3.35276e-06,4.0,228.0,0.1453,0.0021,0.0001,0.0673,-0.058,0.0008,0.0696,0.1,0.1,0.1,0.100000003352761,down,2026-08-21T11:09:42,0.0,0.0
SPXW,2026-08-25,4,Put,8025.0,SPXW260825P08025000,338.1,361.9,350.0,0.0,0.0,0.0,0.0,0.0,0.1881,-0.9978,0.0001,0.0674,-0.058,-0.4385,351.0868,0.0,0.0,0.0,371.0,no_change,,0.0,0.0
SPXW,2026-08-25,4,Call,8050.0,SPXW260825C08050000,0.0,0.1,0.05,0.1,0.0,-3.35276e-06,60.0,927.0,0.1545,0.002,0.0,0.0621,-0.0568,0.0008,0.0678,0.07,0.1,0.07,0.100000003352761,no_change,2026-08-21T15:49:57,0.0,0.0
SPXW,2026-08-25,4,Put,8050.0,SPXW260825P08050000,364.6,387.1,375.85,0.0,0.0,0.0,0.0,0.0,0.1997,-0.998,0.0,0.0622,-0.0568,-0.4399,376.0791,0.0,0.0,0.0,396.050003051758,no_change,,0.0,0.0
SPXW,2026-08-25,4,Call,8075.0,SPXW260825C08075000,0.0,0.1,0.05,0.07,-0.03,-30.0,2.0,53.0,0.1636,0.0018,0.0,0.0576,-0.0558,0.0007,0.0663,0.07,0.07,0.07,0.100000003352761,no_change,2026-08-21T11:36:25,0.0,0.0
SPXW,2026-08-25,4,Put,8075.0,SPXW260825P08075000,388.1,411.9,400.0,0.0,0.0,0.0,0.0,0.0,0.2064,-0.9981,0.0,0.0577,-0.0558,-0.4413,401.0716,0.0,0.0,0.0,420.949996948242,no_change,,0.0,0.0
SPXW,2026-08-25,4,Call,8100.0,SPXW260825C08100000,0.0,0.1,0.05,0.05,-0.05,-50.0,5.0,123.0,0.1726,0.0017,0.0,0.0537,-0.0548,0.0007,0.0648,0.1,0.1,0.05,0.100000003352761,down,2026-08-21T15:55:14,0.0,0.0
SPXW,2026-08-25,4,Put,8100.0,SPXW260825P08100000,413.1,436.9,425.0,391.27,0.0,0.0,0.0,1.0,0.2176,-0.9982,0.0,0.0538,-0.0548,-0.4428,426.0642,0.0,0.0,0.0,445.699996948242,up,2026-08-18T09:37:20,0.0,0.0
SPXW,2026-08-25,4,Call,8125.0,SPXW260825C08125000,0.0,0.1,0.05,0.17,0.0,0.0,0.0,19.0,0.1816,0.0016,0.0,0.0503,-0.0539,0.0006,0.0635,0.0,0.0,0.0,0.100000003352761,no_change,2026-08-19T14:30:28,0.0,0.0
SPXW,2026-08-25,4,Put,8125.0,SPXW260825P08125000,438.1,461.9,450.0,0.0,0.0,0.0,0.0,0.0,0.2288,-0.9984,0.0,0.0503,-0.0539,-0.4442,451.0569,0.0,0.0,0.0,470.949996948242,no_change,,0.0,0.0
SPXW,2026-08-25,4,Call,8150.0,SPXW260825C08150000,0.0,0.1,0.05,0.05,-0.05,-50.0,21.0,21.0,0.1803,0.0015,0.0,0.0472,-0.053,0.0006,0.0623,0.1,0.1,0.05,0.100000003352761,no_change,2026-08-21T16:10:51,0.0,0.0
SPXW,2026-08-25,4,Put,8150.0,SPXW260825P08150000,463.1,482.5,472.8,0.0,0.0,0.0,0.0,0.0,0.2399,-0.9984,0.0,0.0472,-0.053,-0.4456,476.0496,0.0,0.0,0.0,495.949996948242,no_change,,0.0,0.0
SPXW,2026-08-25,4,Call,8175.0,SPXW260825C08175000,0.0,0.1,0.05,0.05,-0.05,-50.0,3.0,6.0,0.1994,0.0014,0.0,0.0444,-0.0521,0.0006,0.0611,0.05,0.05,0.05,0.100000003352761,no_change,2026-08-21T15:05:51,0.0,0.0
SPXW,2026-08-25,4,Put,8175.0,SPXW260825P08175000,488.1,508.7,498.4,0.0,0.0,0.0,0.0,0.0,0.2509,-0.9985,0.0,0.0445,-0.0521,-0.447,501.0424,0.0,0.0,0.0,520.549987792969,no_change,,0.0,0.0
SPXW,2026-08-25,4,Call,8200.0,SPXW260825C08200000,0.0,0.05,0.025,0.15,0.0,0.0,0.0,18.0,0.2081,0.0014,0.0,0.042,-0.0513,0.0005,0.0599,0.0,0.0,0.0,0.100000003352761,down,2026-08-19T16:08:16,0.0,0.0
SPXW,2026-08-25,4,Put,8200.0,SPXW260825P08200000,513.1,536.2,524.6500000000001,0.0,0.0,0.0,0.0,0.0,0.2619,-0.9986,0.0,0.042,-0.0513,-0.4484,526.0353,0.0,0.0,0.0,545.549987792969,no_change,,0.0,0.0
SPXW,2026-08-25,4,Call,8225.0,SPXW260825C08225000,0.0,0.1,0.05,0.1,0.0,0.0,0.0,101.0,0.2168,0.0013,0.0,0.0397,-0.0505,0.0005,0.0588,0.0,0.0,0.0,0.0750000011175871,no_change,2026-08-20T15:30:40,0.0,0.0
SPXW,2026-08-25,4,Put,8225.0,SPXW260825P08225000,538.0,558.6,548.3,452.08,0.0,0.0,0.0,1.0,0.2728,-0.9987,0.0,0.0397,-0.0505,-0.4498,551.0282,0.0,0.0,0.0,570.850006103516,down,2026-08-12T09:30:06,0.0,0.0
SPXW,2026-08-25,4,Call,8250.0,SPXW260825C08250000,0.0,0.1,0.05,2.15,0.0,0.0,0.0,24.0,0.2255,0.0012,0.0,0.0377,-0.0497,0.0005,0.0577,0.0,0.0,0.0,0.0750000011175871,down,2026-08-05T10:52:40,0.0,0.0
SPXW,2026-08-25,4,Put,8250.0,SPXW260825P08250000,564.5,587.0,575.75,0.0,0.0,0.0,0.0,0.0,0.2836,-0.9988,0.0,0.0377,-0.0497,-0.4512,576.0212,0.0,0.0,0.0,595.899993896484,no_change,,0.0,0.0
SPXW,2026-08-25,4,Call,8275.0,SPXW260825C08275000,0.0,0.1,0.05,0.0,0.0,0.0,0.0,0.0,0.2341,0.0012,0.0,0.0358,-0.0489,0.0005,0.0566,0.0,0.0,0.0,0.0750000011175871,no_change,,0.0,0.0
SPXW,2026-08-25,4,Put,8275.0,SPXW260825P08275000,588.0,611.8,599.9,0.0,0.0,0.0,0.0,0.0,0.2944,-0.9988,0.0,0.0358,-0.0489,-0.4526,601.0141,0.0,0.0,0.0,620.700012207031,no_change,,0.0,0.0
SPXW,2026-08-25,4,Call,8300.0,SPXW260825C08300000,0.0,0.1,0.05,0.1,0.0,0.0,0.0,23.0,0.2426,0.0011,0.0,0.0341,-0.0481,0.0004,0.0556,0.0,0.0,0.0,0.0750000011175871,down,2026-08-20T15:04:53,0.0,0.0
SPXW,2026-08-25,4,Put,8300.0,SPXW260825P08300000,614.6,637.0,625.8,0.0,0.0,0.0,0.0,0.0,0.3051,-0.9989,0.0,0.0341,-0.0481,-0.454,626.0071,0.0,0.0,0.0,645.450012207031,no_change,,0.0,0.0
SPXW,2026-08-25,4,Call,8325.0,SPXW260825C08325000,0.0,0.1,0.05,0.0,0.0,0.0,0.0,0.0,0.2512,0.0011,0.0,0.0325,-0.0474,0.0004,0.0546,0.0,0.0,0.0,0.0750000011175871,no_change,,0.0,0.0
SPXW,2026-08-25,4,Put,8325.0,SPXW260825P08325000,638.0,661.8,649.9,0.0,0.0,0.0,0.0,0.0,0.3158,-0.9989,0.0,0.0325,-0.0474,-0.4553,651.0001,0.0,0.0,0.0,670.450012207031,no_change,,0.0,0.0
SPXW,2026-08-25,4,Call,8400.0,SPXW260825C08400000,0.0,0.05,0.025,0.2,0.0,0.0,0.0,112.0,0.2625,0.0009,0.0,0.0283,-0.0451,0.0004,0.0517,0.0,0.0,0.0,0.0500000007450581,down,2026-08-14T12:44:58,0.0,0.0
SPXW,2026-08-25,4,Put,8400.0,SPXW260825P08400000,713.0,736.1,724.55,690.67,0.0,0.0,0.0,1.0,0.3402,-0.999,0.0,0.0284,-0.0452,-0.4595,725.9793,0.0,0.0,0.0,745.799987792969,up,2026-08-18T09:37:20,0.0,0.0
SPXW,2026-08-25,4,Call,8500.0,SPXW260825C08500000,0.0,0.05,0.025,0.0,0.0,0.0,0.0,0.0,0.3096,0.0008,0.0,0.024,-0.0423,0.0003,0.0481,0.0,0.0,0.0,0.0500000007450581,no_change,,0.0,0.0
SPXW,2026-08-25,4,Put,8500.0,SPXW260825P08500000,813.0,833.6,823.3,0.0,0.0,0.0,0.0,0.0,0.3814,-0.9992,0.0,0.024,-0.0423,-0.465,825.9518,0.0,0.0,0.0,845.399993896484,no_change,,0.0,0.0
SPXW,2026-08-25,4,Call,8600.0,SPXW260825C08600000,0.0,0.05,0.025,0.0,0.0,0.0,0.0,0.0,0.3252,0.0007,0.0,0.0206,-0.0396,0.0003,0.0447,0.0,0.0,0.0,0.0500000007450581,no_change,,0.0,0.0
SPXW,2026-08-25,4,Put,8600.0,SPXW260825P08600000,913.0,936.7,924.85,0.0,0.0,0.0,0.0,0.0,0.422,-0.9993,0.0,0.0206,-0.0396,-0.4706,925.9246,0.0,0.0,0.0,945.700012207031,no_change,,0.0,0.0
SPXW,2026-08-25,4,Call,8800.0,SPXW260825C08800000,0.0,0.05,0.025,0.1,0.0,0.0,0.0,2.0,0.3855,0.0005,0.0,0.0156,-0.0346,0.0002,0.0387,0.0,0.0,0.0,0.0500000007450581,no_change,2026-08-14T12:21:19,0.0,0.0
SPXW,2026-08-25,4,Put,8800.0,SPXW260825P08800000,1112.9,1136.0,1124.45,1132.0,-13.6,-1.18715,1.0,0.0,0.4914,-0.9995,0.0,0.0156,-0.0346,-0.4816,1125.8707,1132.0,1132.0,1132.0,1145.60003662109,down,2026-08-21T09:35:37,0.0,0.0
SPXW,2026-08-25,4,Call,9000.0,SPXW260825C09000000,0.0,0.05,0.025,0.05,0.0,0.0,0.0,9.0,0.4438,0.0004,0.0,0.0121,-0.0302,0.0001,0.0334,0.0,0.0,0.0,0.025000000372529,no_change,2026-08-19T12:26:50,0.0,0.0
SPXW,2026-08-25,4,Put,9000.0,SPXW260825P09000000,1312.9,1336.6,1324.75,0.0,0.0,0.0,0.0,0.0,0.5683,-0.9996,0.0,0.0122,-0.0302,-0.4926,1325.8176,0.0,0.0,0.0,1345.5,no_change,,0.0,0.0
SPXW,2026-08-25,4,Call,9200.0,SPXW260825C09200000,0.0,0.05,0.025,0.0,0.0,0.0,0.0,0.0,0.5004,0.0003,0.0,0.0096,-0.0262,0.0001,0.0288,0.0,0.0,0.0,0.025000000372529,no_change,,0.0,0.0
SPXW,2026-08-25,4,Put,9200.0,SPXW260825P09200000,1512.8,1536.6,1524.6999999999998,0.0,0.0,0.0,0.0,0.0,0.6433,-0.9997,0.0,0.0096,-0.0262,-0.5035,1525.7653,0.0,0.0,0.0,1545.39996337891,no_change,,0.0,0.0
SPXW,2026-08-25,4,Call,9400.0,SPXW260825C09400000,0.0,0.05,0.025,0.0,0.0,0.0,0.0,1.0,0.5552,0.0002,0.0,0.0077,-0.0227,0.0001,0.0248,0.0,0.0,0.0,0.025000000372529,no_change,,0.0,0.0
SPXW,2026-08-25,4,Put,9400.0,SPXW260825P09400000,1712.8,1736.6,1724.6999999999998,0.0,0.0,0.0,0.0,0.0,0.7042,-0.9997,0.0,0.0077,-0.0227,-0.5145,1725.7135,0.0,0.0,0.0,1745.20001220703,no_change,,0.0,0.0
SPXW,2026-08-25,4,Call,9600.0,SPXW260825C09600000,0.0,0.05,0.025,0.0,0.0,0.0,0.0,0.0,0.6085,0.0002,0.0,0.0063,-0.0197,0.0001,0.0213,0.0,0.0,0.0,0.025000000372529,no_change,,0.0,0.0
SPXW,2026-08-25,4,Put,9600.0,SPXW260825P09600000,1912.7,1936.5,1924.6,0.0,0.0,0.0,0.0,0.0,0.7758,-0.9998,0.0,0.0063,-0.0197,-0.5255,1925.6622,0.0,0.0,0.0,1945.04998779297,no_change,,0.0,0.0
SPXW,2026-08-25,4,Call,9800.0,SPXW260825C09800000,0.0,0.05,0.025,0.08,0.0,0.0,0.0,50.0,0.6604,0.0002,0.0,0.0051,-0.017,0.0001,0.0183,0.0,0.0,0.0,0.025000000372529,no_change,2026-08-13T15:11:26,0.0,0.0
SPXW,2026-08-25,4,Put,9800.0,SPXW260825P09800000,2112.7,2133.3,2123.0,0.0,0.0,0.0,0.0,0.0,0.8317,-0.9998,0.0,0.0051,-0.017,-0.5364,2125.6114,0.0,0.0,0.0,2145.0,no_change,,0.0,0.0
SPXW,2026-08-25,4,Call,10000.0,SPXW260825C10000000,0.0,0.05,0.025,0.05,0.025,100.0,1.0,50.0,0.7109,0.0001,0.0,0.0042,-0.0146,0.0,0.0157,0.05,0.05,0.05,0.025000000372529,up,2026-08-21T16:14:32,0.0,0.0
SPXW,2026-08-25,4,Put,10000.0,SPXW260825P10000000,2312.6,2336.4,2324.5,0.0,0.0,0.0,0.0,2.0,0.9004,-0.9998,0.0,0.0042,-0.0146,-0.5474,2325.561,0.0,0.0,0.0,2344.65002441406,no_change,,0.0,0.0
SPXW,2026-08-26,5,Call,3000.0,SPXW260826C03000000,4662.4,4686.2,4674.299999999999,0.0,0.0,0.0,0.0,0.0,0.0,1.0,0.0,0.0001,-0.0005,0.2463,4672.9781,0.0,0.0,0.0,4651.55004882812,no_change,,0.0,0.0
SPXW,2026-08-26,5,Put,3000.0,SPXW260826P03000000,0.0,0.05,0.025,0.0,0.0,0.0,0.0,0.0,2.1658,0.0,0.0,0.0001,-0.0005,0.0,0.0005,0.0,0.0,0.0,0.025000000372529,no_change,,0.0,0.0
SPXW,2026-08-26,5,Call,3200.0,SPXW260826C03200000,4462.4,4486.2,4474.299999999999,0.0,0.0,0.0,0.0,0.0,0.0,1.0,0.0,0.0001,-0.0005,0.2628,4473.0498,0.0,0.0,0.0,4451.60009765625,no_change,,0.0,0.0
SPXW,2026-08-26,5,Put,3200.0,SPXW260826P03200000,0.0,0.05,0.025,0.0,0.0,0.0,0.0,0.0,2.0215,0.0,0.0,0.0001,-0.0005,0.0,0.0006,0.0,0.0,0.0,0.025000000372529,no_change,,0.0,0.0
SPXW,2026-08-26,5,Call,3400.0,SPXW260826C03400000,4262.5,4286.3,4274.4,0.0,0.0,0.0,0.0,0.0,0.0,1.0,0.0,0.0001,-0.0006,0.2792,4273.1215,0.0,0.0,0.0,4251.69995117188,no_change,,0.0,0.0
SPXW,2026-08-26,5,Put,3400.0,SPXW260826P03400000,0.0,0.05,0.025,0.05,0.0,0.0,0.0,1.0,1.8859,0.0,0.0,0.0001,-0.0006,0.0,0.0006,0.0,0.0,0.0,0.025000000372529,down,2026-08-03T12:39:32,0.0,0.0
SPXW,2026-08-26,5,Call,3600.0,SPXW260826C03600000,4062.4,4086.3,4074.3500000000004,0.0,0.0,0.0,0.0,0.0,0.0,1.0,0.0,0.0001,-0.0006,0.2956,4073.1933,0.0,0.0,0.0,4051.95007324219,no_change,,0.0,0.0
SPXW,2026-08-26,5,Put,3600.0,SPXW260826P03600000,0.0,0.05,0.025,0.0,0.0,0.0,0.0,0.0,1.758,0.0,0.0,0.0001,-0.0006,0.0,0.0007,0.0,0.0,0.0,0.025000000372529,no_change,,0.0,0.0
SPXW,2026-08-26,5,Call,3800.0,SPXW260826C03800000,3862.6,3886.4,3874.5,0.0,0.0,0.0,0.0,0.0,0.0,1.0,0.0,0.0001,-0.0007,0.312,3873.2651,0.0,0.0,0.0,3852.0,no_change,,0.0,0.0
SPXW,2026-08-26,5,Put,3800.0,SPXW260826P03800000,0.0,0.05,0.025,0.3,0.0,0.0,0.0,50.0,1.6369,0.0,0.0,0.0001,-0.0007,0.0,0.0008,0.0,0.0,0.0,0.025000000372529,up,2026-07-29T15:57:30,0.0,0.0
SPXW,2026-08-26,5,Call,4000.0,SPXW260826C04000000,3662.5,3686.3,3674.4,0.0,0.0,0.0,0.0,0.0,0.0,1.0,0.0,0.0002,-0.0008,0.3284,3673.3369,0.0,0.0,0.0,3652.5,no_change,,0.0,0.0
SPXW,2026-08-26,5,Put,4000.0,SPXW260826P04000000,0.0,0.05,0.025,0.0,0.0,0.0,0.0,0.0,1.522,0.0,0.0,0.0002,-0.0008,0.0,0.0009,0.0,0.0,0.0,0.025000000372529,no_change,,0.0,0.0
SPXW,2026-08-26,5,Call,4200.0,SPXW260826C04200000,3462.8,3486.5,3474.65,0.0,0.0,0.0,0.0,0.0,0.0,1.0,0.0,0.0002,-0.001,0.3449,3473.4087,0.0,0.0,0.0,3452.34997558594,no_change,,0.0,0.0
SPXW,2026-08-26,5,Put,4200.0,SPXW260826P04200000,0.0,0.05,0.025,0.05,0.0,0.0,0.0,15.0,1.4125,0.0,0.0,0.0002,-0.001,0.0,0.0011,0.0,0.0,0.0,0.025000000372529,no_change,2026-08-19T12:58:53,0.0,0.0
SPXW,2026-08-26,5,Call,4400.0,SPXW260826C04400000,3262.7,3286.4,3274.55,0.0,0.0,0.0,0.0,0.0,0.0,1.0,0.0,0.0003,-0.0012,0.3613,3273.4807,0.0,0.0,0.0,3252.40002441406,no_change,,0.0,0.0
SPXW,2026-08-26,5,Put,4400.0,SPXW260826P04400000,0.0,0.05,0.025,0.05,0.0,0.0,0.0,11.0,1.308,0.0,0.0,0.0003,-0.0013,0.0,0.0014,0.0,0.0,0.0,0.025000000372529,no_change,2026-08-10T13:49:41,0.0,0.0
SPXW,2026-08-26,5,Call,4600.0,SPXW260826C04600000,3065.7,3086.7,3076.2,0.0,0.0,0.0,0.0,0.0,0.0,1.0,0.0,0.0004,-0.0017,0.3777,3073.5528,0.0,0.0,0.0,3052.5,no_change,,0.0,0.0
SPXW,2026-08-26,5,Put,4600.0,SPXW260826P04600000,0.0,0.05,0.025,0.05,0.0,0.0,0.0,166.0,1.2079,0.0,0.0,0.0004,-0.0017,0.0,0.0018,0.0,0.0,0.0,0.025000000372529,down,2026-08-10T11:25:57,0.0,0.0
SPXW,2026-08-26,5,Call,4800.0,SPXW260826C04800000,2862.8,2885.6,2874.2,2867.85,15.1,0.529314,1.0,0.0,0.0,1.0,0.0,0.0006,-0.0023,0.3941,2873.6252,2867.85,2867.85,2867.85,2852.75,up,2026-08-21T09:36:55,0.0,0.0
SPXW,2026-08-26,5,Put,4800.0,SPXW260826P04800000,0.0,0.05,0.025,0.05,0.0,0.0,0.0,331.0,1.1119,0.0,0.0,0.0006,-0.0023,0.0,0.0026,0.0,0.0,0.0,0.025000000372529,no_change,2026-08-13T09:49:59,0.0,0.0
SPXW,2026-08-26,5,Call,5000.0,SPXW260826C05000000,2662.9,2686.8,2674.8500000000004,0.0,0.0,0.0,0.0,0.0,0.0,0.9999,0.0,0.0009,-0.0034,0.4105,2673.6982,0.0,0.0,0.0,2652.84997558594,no_change,,0.0,0.0
SPXW,2026-08-26,5,Put,5000.0,SPXW260826P05000000,0.0,0.05,0.025,0.05,0.0,0.0,0.0,160.0,1.0196,0.0,0.0,0.0009,-0.0035,0.0,0.0039,0.0,0.0,0.0,0.025000000372529,no_change,2026-08-13T09:51:53,0.0,0.0
SPXW,2026-08-26,5,Call,5200.0,SPXW260826C05200000,2463.1,2486.9,2475.0,0.0,0.0,0.0,0.0,0.0,0.0,0.9999,0.0,0.0014,-0.0053,0.427,2473.772,0.0,0.0,0.0,2453.30004882812,no_change,,0.0,0.0
SPXW,2026-08-26,5,Put,5200.0,SPXW260826P05200000,0.0,0.05,0.025,0.05,0.0,0.0,0.0,92.0,0.9306,0.0,0.0,0.0014,-0.0053,0.0,0.0059,0.0,0.0,0.0,0.025000000372529,no_change,2026-08-13T10:49:09,0.0,0.0
SPXW,2026-08-26,5,Call,5400.0,SPXW260826C05400000,2267.3,2286.9,2277.1000000000004,0.0,0.0,0.0,0.0,0.0,0.0,0.9999,0.0,0.0022,-0.0081,0.4434,2273.8469,0.0,0.0,0.0,2253.25,no_change,,0.0,0.0
SPXW,2026-08-26,5,Put,5400.0,SPXW260826P05400000,0.0,0.05,0.025,0.03,0.0,0.0,0.0,982.0,0.8447,-0.0001,0.0,0.0022,-0.0081,0.0,0.0092,0.0,0.0,0.0,0.025000000372529,down,2026-08-19T11:35:44,0.0,0.0
SPXW,2026-08-26,5,Call,5600.0,SPXW260826C05600000,2063.3,2087.0,2075.15,0.0,0.0,0.0,0.0,0.0,0.0,0.9999,0.0,0.0036,-0.0123,0.4598,2073.9237,0.0,0.0,0.0,2053.60003662109,no_change,,0.0,0.0
SPXW,2026-08-26,5,Put,5600.0,SPXW260826P05600000,0.0,0.05,0.025,0.05,0.0,0.0,0.0,1552.0,0.7617,-0.0001,0.0,0.0036,-0.0123,-0.0001,0.0143,0.0,0.0,0.0,0.025000000372529,no_change,2026-08-20T12:34:26,0.0,0.0
SPXW,2026-08-26,5,Call,5800.0,SPXW260826C05800000,1863.3,1887.1,1875.1999999999998,0.0,0.0,0.0,0.0,0.0,0.0,0.9998,0.0,0.0056,-0.0185,0.4761,1874.0028,0.0,0.0,0.0,1853.40002441406,no_change,,0.0,0.0
SPXW,2026-08-26,5,Put,5800.0,SPXW260826P05800000,0.0,0.05,0.025,0.05,0.0,0.0,0.0,487.0,0.6812,-0.0002,0.0,0.0056,-0.0185,-0.0001,0.0218,0.0,0.0,0.0,0.025000000372529,no_change,2026-08-20T11:19:43,0.0,0.0
SPXW,2026-08-26,5,Call,5900.0,SPXW260826C05900000,1763.2,1786.9,1775.0500000000002,0.0,0.0,0.0,0.0,0.0,0.0,0.9998,0.0,0.007,-0.0224,0.4843,1774.0435,0.0,0.0,0.0,1753.65002441406,no_change,,0.0,0.0
SPXW,2026-08-26,5,Put,5900.0,SPXW260826P05900000,0.0,0.05,0.025,0.05,0.0,-1.49012e-06,38.0,344.0,0.6725,-0.0002,0.0,0.007,-0.0224,-0.0001,0.0267,0.05,0.05,0.05,0.0500000007450581,no_change,2026-08-21T09:39:49,0.0,0.0
SPXW,2026-08-26,5,Call,6000.0,SPXW260826C06000000,1663.4,1687.1,1675.25,0.0,0.0,0.0,0.0,0.0,0.0,0.9997,0.0,0.0087,-0.027,0.4925,1674.0852,0.0,0.0,0.0,1653.90002441406,no_change,,0.0,0.0
SPXW,2026-08-26,5,Put,6000.0,SPXW260826P06000000,0.0,0.05,0.025,0.05,0.0,-1.49012e-06,269.0,1262.0,0.6031,-0.0002,0.0,0.0087,-0.0271,-0.0001,0.0325,0.05,0.05,0.05,0.0500000007450581,no_change,2026-08-21T16:02:10,0.0,0.0
SPXW,2026-08-26,5,Call,6100.0,SPXW260826C06100000,1563.2,1587.1,1575.15,0.0,0.0,0.0,0.0,0.0,0.0,0.9996,0.0,0.0108,-0.0325,0.5007,1574.128,0.0,0.0,0.0,1553.70001220703,no_change,,0.0,0.0
SPXW,2026-08-26,5,Put,6100.0,SPXW260826P06100000,0.0,0.1,0.05,0.05,-0.025,-33.3333,792.0,374.0,0.5922,-0.0003,0.0,0.0108,-0.0325,-0.0002,0.0394,0.05,0.1,0.05,0.0750000011175871,no_change,2026-08-21T16:04:57,0.0,0.0
SPXW,2026-08-26,5,Call,6200.0,SPXW260826C06200000,1466.4,1487.2,1476.8000000000002,0.0,0.0,0.0,0.0,0.0,0.0,0.9996,0.0,0.0134,-0.0388,0.5088,1474.1719,0.0,0.0,0.0,1453.70001220703,no_change,,0.0,0.0
SPXW,2026-08-26,5,Put,6200.0,SPXW260826P06200000,0.0,0.1,0.05,0.05,-0.025,-33.3333,374.0,718.0,0.5528,-0.0004,0.0,0.0134,-0.0388,-0.0002,0.0476,0.05,0.05,0.05,0.0750000011175871,no_change,2026-08-21T15:57:45,0.0,0.0
SPXW,2026-08-26,5,Call,6300.0,SPXW260826C06300000,1363.5,1387.3,1375.4,1399.52,0.0,0.0,0.0,10.0,0.0,0.9995,0.0,0.0166,-0.0461,0.517,1374.2174,0.0,0.0,0.0,1354.14996337891,no_change,2026-08-20T11:05:24,0.0,0.0
SPXW,2026-08-26,5,Put,6300.0,SPXW260826P06300000,0.0,0.1,0.05,0.05,-0.05,-50.0,95.0,1021.0,0.5139,-0.0005,0.0,0.0167,-0.0461,-0.0003,0.0572,0.05,0.05,0.05,0.100000003352761,no_change,2026-08-21T16:07:36,0.0,0.0
SPXW,2026-08-26,5,Call,6325.0,SPXW260826C06325000,1338.3,1362.3,1350.3,1374.57,0.0,0.0,0.0,10.0,0.0,0.9994,0.0,0.0176,-0.0481,0.519,1349.229,0.0,0.0,0.0,1328.79998779297,no_change,2026-08-20T11:05:24,0.0,0.0
SPXW,2026-08-26,5,Put,6325.0,SPXW260826P06325000,0.0,0.1,0.05,0.05,-0.05,-50.0,51.0,48.0,0.5042,-0.0005,0.0,0.0176,-0.0481,-0.0003,0.0598,0.05,0.05,0.05,0.100000003352761,no_change,2026-08-21T15:31:34,0.0,0.0
SPXW,2026-08-26,5,Call,6350.0,SPXW260826C06350000,1313.3,1337.3,1325.3,0.0,0.0,0.0,0.0,0.0,0.0,0.9994,0.0,0.0185,-0.0502,0.521,1324.2407,0.0,0.0,0.0,1303.79998779297,no_change,,0.0,0.0
SPXW,2026-08-26,5,Put,6350.0,SPXW260826P06350000,0.0,0.1,0.05,0.05,-0.05,-50.0,101.0,70.0,0.4946,-0.0006,0.0,0.0186,-0.0502,-0.0003,0.0626,0.05,0.05,0.05,0.100000003352761,no_change,2026-08-21T15:29:49,0.0,0.0
SPXW,2026-08-26,5,Call,6375.0,SPXW260826C06375000,1288.4,1312.3,1300.35,0.0,0.0,0.0,0.0,0.0,0.0,0.9994,0.0,0.0196,-0.0523,0.5231,1299.2526,0.0,0.0,0.0,1279.25,no_change,,0.0,0.0
SPXW,2026-08-26,5,Put,6375.0,SPXW260826P06375000,0.0,0.1,0.05,0.1,0.0,0.0,0.0,170.0,0.485,-0.0006,0.0,0.0196,-0.0524,-0.0004,0.0655,0.0,0.0,0.0,0.100000003352761,no_change,2026-08-19T16:04:18,0.0,0.0
SPXW,2026-08-26,5,Call,6400.0,SPXW260826C06400000,1263.6,1287.3,1275.4499999999998,0.0,0.0,0.0,0.0,0.0,0.0,0.9993,0.0,0.0206,-0.0545,0.5251,1274.2646,0.0,0.0,0.0,1253.85003662109,no_change,,0.0,0.0
SPXW,2026-08-26,5,Put,6400.0,SPXW260826P06400000,0.0,0.1,0.05,0.1,0.0,0.0,0.0,1597.0,0.4755,-0.0006,0.0,0.0207,-0.0546,-0.0004,0.0685,0.0,0.0,0.0,0.100000003352761,no_change,2026-08-19T16:07:58,0.0,0.0
SPXW,2026-08-26,5,Call,6425.0,SPXW260826C06425000,1238.4,1262.1,1250.25,0.0,0.0,0.0,0.0,0.0,0.0,0.9993,0.0,0.0217,-0.0569,0.5272,1249.2767,0.0,0.0,0.0,1228.90002441406,no_change,,0.0,0.0
SPXW,2026-08-26,5,Put,6425.0,SPXW260826P06425000,0.0,0.1,0.05,0.1,0.0,-3.35276e-06,60.0,30.0,0.4803,-0.0007,0.0,0.0218,-0.0569,-0.0004,0.0717,0.1,0.1,0.1,0.100000003352761,no_change,2026-08-21T14:48:57,0.0,0.0
SPXW,2026-08-26,5,Call,6450.0,SPXW260826C06450000,1216.6,1237.3,1226.9499999999998,0.0,0.0,0.0,0.0,0.0,0.0,0.9992,0.0,0.023,-0.0593,0.5292,1224.2889,0.0,0.0,0.0,1203.90002441406,no_change,,0.0,0.0
SPXW,2026-08-26,5,Put,6450.0,SPXW260826P06450000,0.05,0.1,0.07500000000000001,0.1,-0.025,-20.0,1.0,322.0,0.4706,-0.0007,0.0,0.023,-0.0593,-0.0004,0.0749,0.1,0.1,0.1,0.12500000372529,no_change,2026-08-21T15:59:55,0.0,0.0
SPXW,2026-08-26,5,Call,6475.0,SPXW260826C06475000,1188.4,1212.3,1200.35,0.0,0.0,0.0,0.0,0.0,0.0,0.9992,0.0,0.0242,-0.0618,0.5312,1199.3013,0.0,0.0,0.0,1179.35003662109,no_change,,0.0,0.0
SPXW,2026-08-26,5,Put,6475.0,SPXW260826P06475000,0.0,0.1,0.05,0.2,0.0,0.0,0.0,19.0,0.4609,-0.0008,0.0,0.0242,-0.0618,-0.0004,0.0784,0.0,0.0,0.0,0.150000002235174,up,2026-08-19T15:59:55,0.0,0.0
SPXW,2026-08-26,5,Call,6500.0,SPXW260826C06500000,1163.6,1187.3,1175.4499999999998,0.0,0.0,0.0,0.0,0.0,0.0,0.9992,0.0,0.0256,-0.0644,0.5332,1174.3138,0.0,0.0,0.0,1153.95001220703,no_change,,0.0,0.0
SPXW,2026-08-26,5,Put,6500.0,SPXW260826P06500000,0.05,0.1,0.07500000000000001,0.1,-0.05,-33.3333,150.0,771.0,0.4512,-0.0008,0.0,0.0256,-0.0644,-0.0005,0.0819,0.1,0.1,0.07,0.150000002235174,up,2026-08-21T16:09:26,0.0,0.0
SPXW,2026-08-26,5,Call,6525.0,SPXW260826C06525000,1138.4,1162.2,1150.3000000000002,0.0,0.0,0.0,0.0,0.0,0.0,0.9991,0.0,0.027,-0.067,0.5352,1149.3265,0.0,0.0,0.0,1129.29998779297,no_change,,0.0,0.0
SPXW,2026-08-26,5,Put,6525.0,SPXW260826P06525000,0.05,0.1,0.07500000000000001,0.1,-0.05,-33.3333,5.0,47.0,0.4518,-0.0008,0.0,0.027,-0.0671,-0.0005,0.0856,0.1,0.1,0.1,0.150000002235174,down,2026-08-21T14:20:59,0.0,0.0
SPXW,2026-08-26,5,Call,6550.0,SPXW260826C06550000,1113.4,1137.1,1125.25,0.0,0.0,0.0,0.0,0.0,0.0,0.9991,0.0,0.0286,-0.0698,0.5373,1124.3393,0.0,0.0,0.0,1105.5,no_change,,0.0,0.0
SPXW,2026-08-26,5,Put,6550.0,SPXW260826P06550000,0.05,0.15,0.1,0.07,-0.08,-53.3333,6.0,989.0,0.4419,-0.0009,0.0,0.0286,-0.0699,-0.0005,0.0895,0.1,0.1,0.07,0.150000002235174,down,2026-08-21T16:13:40,0.0,0.0
SPXW,2026-08-26,5,Call,6575.0,SPXW260826C06575000,1091.4,1112.4,1101.9,0.0,0.0,0.0,0.0,0.0,0.0,0.999,0.0,0.0302,-0.0728,0.5393,1099.3524,0.0,0.0,0.0,1079.04998779297,no_change,,0.0,0.0
SPXW,2026-08-26,5,Put,6575.0,SPXW260826P06575000,0.05,0.15,0.1,0.1,-0.05,-33.3333,79.0,238.0,0.4321,-0.0009,0.0,0.0302,-0.0728,-0.0006,0.0936,0.15,0.15,0.1,0.150000002235174,down,2026-08-21T15:57:47,0.0,0.0
SPXW,2026-08-26,5,Call,6600.0,SPXW260826C06600000,1063.5,1086.3,1074.9,1205.01,0.0,0.0,0.0,2.0,0.0,0.999,0.0,0.032,-0.0758,0.5413,1074.3656,0.0,0.0,0.0,1054.09997558594,up,2026-08-13T16:06:44,0.0,0.0
SPXW,2026-08-26,5,Put,6600.0,SPXW260826P06600000,0.05,0.15,0.1,0.1,-0.075,-42.8571,77.0,296.0,0.4223,-0.001,0.0,0.032,-0.0758,-0.0006,0.0978,0.1,0.1,0.1,0.175000004470348,no_change,2026-08-21T15:57:46,0.0,0.0
SPXW,2026-08-26,5,Call,6625.0,SPXW260826C06625000,1038.5,1061.3,1049.9,0.0,0.0,0.0,0.0,0.0,0.0,0.9989,0.0,0.0338,-0.079,0.5433,1049.379,0.0,0.0,0.0,1029.09997558594,no_change,,0.0,0.0
SPXW,2026-08-26,5,Put,6625.0,SPXW260826P06625000,0.05,0.15,0.1,0.15,-0.05,-25.0,1.0,101.0,0.4125,-0.0011,0.0,0.0338,-0.079,-0.0006,0.1023,0.15,0.15,0.15,0.200000002980232,no_change,2026-08-21T13:00:36,0.0,0.0
SPXW,2026-08-26,5,Call,6650.0,SPXW260826C06650000,1013.5,1037.3,1025.4,0.0,0.0,0.0,0.0,0.0,0.0,0.9988,0.0,0.0358,-0.0822,0.5453,1024.3927,0.0,0.0,0.0,1004.20001220703,no_change,,0.0,0.0
SPXW,2026-08-26,5,Put,6650.0,SPXW260826P06650000,0.05,0.15,0.1,0.15,0.0,0.0,0.0,149.0,0.4027,-0.0011,0.0,0.0358,-0.0822,-0.0007,0.107,0.0,0.0,0.0,0.200000002980232,no_change,2026-08-19T15:57:49,0.0,0.0
SPXW,2026-08-26,5,Call,6675.0,SPXW260826C06675000,988.5,1012.4,1000.45,0.0,0.0,0.0,0.0,0.0,0.0,0.9988,0.0,0.0379,-0.0857,0.5474,999.4066,0.0,0.0,0.0,979.599975585938,no_change,,0.0,0.0
SPXW,2026-08-26,5,Put,6675.0,SPXW260826P06675000,0.05,0.1,0.07500000000000001,0.15,-0.075,-33.3333,601.0,81.0,0.3928,-0.0012,0.0,0.0379,-0.0858,-0.0007,0.1121,0.15,0.2,0.15,0.225000001490116,down,2026-08-21T11:34:04,0.0,0.0
SPXW,2026-08-26,5,Call,6700.0,SPXW260826C06700000,963.7,987.4,975.55,1105.36,0.0,0.0,0.0,2.0,0.0,0.9987,0.0,0.0401,-0.0893,0.5494,974.4208,0.0,0.0,0.0,954.299987792969,up,2026-08-13T16:06:44,0.0,0.0
SPXW,2026-08-26,5,Put,6700.0,SPXW260826P06700000,0.05,0.15,0.1,0.1,-0.15,-60.0,36.0,254.0,0.3831,-0.0013,0.0,0.0402,-0.0894,-0.0008,0.1173,0.15,0.15,0.1,0.250000007450581,no_change,2026-08-21T15:47:37,0.0,0.0
SPXW,2026-08-26,5,Call,6725.0,SPXW260826C06725000,938.5,962.2,950.35,0.0,0.0,0.0,0.0,0.0,0.0,0.9986,0.0,0.0425,-0.093,0.5514,949.4352,0.0,0.0,0.0,929.199981689453,no_change,,0.0,0.0
SPXW,2026-08-26,5,Put,6725.0,SPXW260826P06725000,0.05,0.15,0.1,0.2,0.0,0.0,0.0,133.0,0.3805,-0.0014,0.0,0.0426,-0.0931,-0.0008,0.1227,0.0,0.0,0.0,0.250000007450581,no_change,2026-08-19T16:00:51,0.0,0.0
SPXW,2026-08-26,5,Call,6750.0,SPXW260826C06750000,913.5,936.4,924.95,0.0,0.0,0.0,0.0,0.0,0.0,0.9985,0.0,0.0451,-0.097,0.5534,924.4499,0.0,0.0,0.0,904.599975585938,no_change,,0.0,0.0
SPXW,2026-08-26,5,Put,6750.0,SPXW260826P06750000,0.05,0.15,0.1,0.15,-0.125,-45.4545,75.0,53.0,0.3706,-0.0014,0.0,0.0452,-0.097,-0.0009,0.1285,0.15,0.15,0.15,0.275000005960464,no_change,2026-08-21T15:08:03,0.0,0.0
SPXW,2026-08-26,5,Call,6775.0,SPXW260826C06775000,888.6,912.5,900.55,0.0,0.0,0.0,0.0,0.0,0.0,0.9984,0.0,0.0479,-0.1011,0.5554,899.465,0.0,0.0,0.0,879.600006103516,no_change,,0.0,0.0
SPXW,2026-08-26,5,Put,6775.0,SPXW260826P06775000,0.1,0.2,0.15000000000000002,0.15,-0.15,-50.0,3.0,94.0,0.361,-0.0015,0.0,0.0479,-0.1011,-0.0009,0.1345,0.15,0.15,0.15,0.299999997019768,down,2026-08-21T11:13:49,0.0,0.0
SPXW,2026-08-26,5,Call,6800.0,SPXW260826C06800000,864.2,887.5,875.85,0.0,0.0,0.0,0.0,0.0,0.0,0.9983,0.0,0.0509,-0.1054,0.5573,874.4804,0.0,0.0,0.0,854.300018310547,no_change,,0.0,0.0
SPXW,2026-08-26,5,Put,6800.0,SPXW260826P06800000,0.1,0.2,0.15000000000000002,0.15,-0.175,-53.8462,849.0,1285.0,0.3567,-0.0016,0.0,0.051,-0.1055,-0.001,0.141,0.2,0.2,0.15,0.325000002980232,no_change,2026-08-21T16:07:25,0.0,0.0
SPXW,2026-08-26,5,Call,6825.0,SPXW260826C06825000,838.6,862.5,850.55,0.0,0.0,0.0,0.0,0.0,0.0,0.9982,0.0,0.0542,-0.11,0.5593,849.4961,0.0,0.0,0.0,829.600006103516,no_change,,0.0,0.0
SPXW,2026-08-26,5,Put,6825.0,SPXW260826P06825000,0.1,0.2,0.15000000000000002,0.1,-0.25,-71.4286,1.0,100.0,0.3468,-0.0018,0.0,0.0542,-0.1101,-0.0011,0.1479,0.1,0.1,0.1,0.350000008940697,down,2026-08-21T15:59:55,0.0,0.0
SPXW,2026-08-26,5,Call,6850.0,SPXW260826C06850000,813.6,837.5,825.55,0.0,0.0,0.0,0.0,0.0,0.0,0.9981,0.0,0.0577,-0.1148,0.5613,824.5124,0.0,0.0,0.0,804.399993896484,no_change,,0.0,0.0
SPXW,2026-08-26,5,Put,6850.0,SPXW260826P06850000,0.1,0.2,0.15000000000000002,0.14,-0.21,-60.0,388.0,78.0,0.3368,-0.0019,0.0,0.0578,-0.1149,-0.0011,0.1551,0.2,0.22,0.14,0.350000008940697,down,2026-08-21T15:56:54,0.0,0.0
SPXW,2026-08-26,5,Call,6875.0,SPXW260826C06875000,792.7,812.5,802.6,0.0,0.0,0.0,0.0,0.0,0.0,0.998,0.0,0.0615,-0.1199,0.5633,799.5291,0.0,0.0,0.0,779.600006103516,no_change,,0.0,0.0
SPXW,2026-08-26,5,Put,6875.0,SPXW260826P06875000,0.1,0.2,0.15000000000000002,0.17,-0.23,-57.5,1.0,278.0,0.3316,-0.002,0.0,0.0616,-0.12,-0.0012,0.1629,0.17,0.17,0.17,0.399999991059303,down,2026-08-21T15:53:39,0.0,0.0
SPXW,2026-08-26,5,Call,6900.0,SPXW260826C06900000,763.9,787.6,775.75,0.0,0.0,0.0,0.0,0.0,0.0,0.9978,0.0,0.0656,-0.1252,0.5652,774.5463,0.0,0.0,0.0,754.75,no_change,,0.0,0.0
SPXW,2026-08-26,5,Put,6900.0,SPXW260826P06900000,0.1,0.2,0.15000000000000002,0.19,-0.235,-55.2941,10.0,1180.0,0.3216,-0.0022,0.0,0.0656,-0.1253,-0.0013,0.1712,0.22,0.25,0.15,0.424999997019768,down,2026-08-21T15:56:54,0.0,0.0
SPXW,2026-08-26,5,Call,6925.0,SPXW260826C06925000,738.9,762.6,750.75,0.0,0.0,0.0,0.0,0.0,0.0,0.9976,0.0,0.07,-0.131,0.5672,749.5641,0.0,0.0,0.0,729.5,no_change,,0.0,0.0
SPXW,2026-08-26,5,Put,6925.0,SPXW260826P06925000,0.15,0.2,0.175,0.28,-0.17,-37.7778,800.0,44.0,0.3117,-0.0023,0.0,0.07,-0.131,-0.0014,0.1799,0.28,0.28,0.28,0.450000002980232,no_change,2026-08-21T14:23:11,0.0,0.0
SPXW,2026-08-26,5,Call,6950.0,SPXW260826C06950000,713.9,737.6,725.75,0.0,0.0,0.0,0.0,0.0,0.0,0.9975,0.0,0.0749,-0.137,0.5692,724.5826,0.0,0.0,0.0,704.550018310547,no_change,,0.0,0.0
SPXW,2026-08-26,5,Put,6950.0,SPXW260826P06950000,0.15,0.25,0.2,0.25,-0.25,-50.0,150.0,316.0,0.3054,-0.0025,0.0,0.075,-0.1371,-0.0015,0.1896,0.25,0.25,0.25,0.5,no_change,2026-08-21T14:56:04,0.0,0.0
SPXW,2026-08-26,5,Call,6975.0,SPXW260826C06975000,692.8,712.6,702.7,0.0,0.0,0.0,0.0,0.0,0.0,0.9973,0.0,0.0803,-0.1435,0.5711,699.6018,0.0,0.0,0.0,679.600006103516,no_change,,0.0,0.0
SPXW,2026-08-26,5,Put,6975.0,SPXW260826P06975000,0.15,0.25,0.2,0.2,-0.35,-63.6364,550.0,443.0,0.2954,-0.0027,0.0,0.0804,-0.1436,-0.0016,0.1998,0.27,0.29,0.2,0.550000011920929,no_change,2026-08-21T15:48:56,0.0,0.0
SPXW,2026-08-26,5,Call,7000.0,SPXW260826C07000000,664.0,687.6,675.8,808.88,0.0,0.0,0.0,10.0,0.0,0.9971,0.0,0.0862,-0.1504,0.573,674.6218,0.0,0.0,0.0,655.299987792969,up,2026-08-14T10:04:59,0.0,0.0
SPXW,2026-08-26,5,Put,7000.0,SPXW260826P07000000,0.15,0.25,0.2,0.2,-0.4,-66.6667,739.0,486.0,0.2886,-0.0029,0.0,0.0864,-0.1505,-0.0018,0.2109,0.3,0.3,0.2,0.599999994039536,down,2026-08-21T15:56:25,0.0,0.0
SPXW,2026-08-26,5,Call,7025.0,SPXW260826C07025000,638.7,662.4,650.55,0.0,0.0,0.0,0.0,0.0,0.0,0.9968,0.0,0.0928,-0.1578,0.5749,649.6427,0.0,0.0,0.0,629.75,no_change,,0.0,0.0
SPXW,2026-08-26,5,Put,7025.0,SPXW260826P07025000,0.15,0.25,0.2,0.3,-0.35,-53.8462,8.0,406.0,0.2786,-0.0031,0.0,0.0928,-0.1578,-0.0019,0.2226,0.32,0.34,0.3,0.650000005960464,down,2026-08-21T15:02:32,0.0,0.0
SPXW,2026-08-26,5,Call,7030.0,SPXW260826C07030000,633.7,657.6,645.6500000000001,0.0,0.0,0.0,0.0,0.0,0.0,0.9968,0.0,0.0942,-0.1594,0.5753,644.647,0.0,0.0,0.0,625.149993896484,no_change,,0.0,0.0
SPXW,2026-08-26,5,Put,7030.0,SPXW260826P07030000,0.2,0.25,0.225,0.6,0.0,0.0,0.0,37.0,0.2765,-0.0032,0.0,0.0942,-0.1594,-0.0019,0.2252,0.0,0.0,0.0,0.650000005960464,no_change,2026-08-20T15:57:35,0.0,0.0
SPXW,2026-08-26,5,Call,7040.0,SPXW260826C07040000,623.7,647.7,635.7,0.0,0.0,0.0,0.0,0.0,0.0,0.9967,0.0,0.0971,-0.1625,0.576,634.6558,0.0,0.0,0.0,614.75,no_change,,0.0,0.0
SPXW,2026-08-26,5,Put,7040.0,SPXW260826P07040000,0.2,0.25,0.225,0.6,0.0,0.0,0.0,17.0,0.2752,-0.0033,0.0,0.0972,-0.1627,-0.002,0.2306,0.0,0.0,0.0,0.650000005960464,no_change,2026-08-20T15:55:42,0.0,0.0
SPXW,2026-08-26,5,Call,7050.0,SPXW260826C07050000,614.0,637.7,625.85,759.01,0.0,0.0,0.0,10.0,0.0,0.9966,0.0,0.1,-0.1658,0.5768,624.6648,0.0,0.0,0.0,605.200012207031,up,2026-08-14T10:04:59,0.0,0.0
SPXW,2026-08-26,5,Put,7050.0,SPXW260826P07050000,0.2,0.25,0.225,0.2,-0.5,-71.4286,1.0,362.0,0.2711,-0.0034,0.0,0.1002,-0.1659,-0.0021,0.236,0.2,0.2,0.2,0.699999988079071,down,2026-08-21T15:55:26,0.0,0.0
SPXW,2026-08-26,5,Call,7060.0,SPXW260826C07060000,603.7,627.7,615.7,0.0,0.0,0.0,0.0,0.0,0.0,0.9965,0.0,0.1031,-0.1692,0.5776,614.6739,0.0,0.0,0.0,595.0,no_change,,0.0,0.0
SPXW,2026-08-26,5,Put,7060.0,SPXW260826P07060000,0.2,0.3,0.25,0.65,0.0,0.0,0.0,48.0,0.267,-0.0035,0.0,0.1032,-0.1693,-0.0021,0.2415,0.0,0.0,0.0,0.699999988079071,no_change,2026-08-20T15:55:41,0.0,0.0
SPXW,2026-08-26,5,Call,7070.0,SPXW260826C07070000,593.7,617.7,605.7,0.0,0.0,0.0,0.0,0.0,0.0,0.9964,0.0,0.1063,-0.1727,0.5783,604.6833,0.0,0.0,0.0,584.950012207031,no_change,,0.0,0.0
SPXW,2026-08-26,5,Put,7070.0,SPXW260826P07070000,0.2,0.3,0.25,0.33,-0.42,-56.0,700.0,21.0,0.2629,-0.0036,0.0,0.1065,-0.1728,-0.0022,0.2473,0.33,0.33,0.33,0.75,no_change,2026-08-21T15:20:55,0.0,0.0
SPXW,2026-08-26,5,Call,7075.0,SPXW260826C07075000,588.8,612.7,600.75,0.0,0.0,0.0,0.0,0.0,0.0,0.9963,0.0,0.108,-0.1745,0.5787,599.6881,0.0,0.0,0.0,579.850006103516,no_change,,0.0,0.0
SPXW,2026-08-26,5,Put,7075.0,SPXW260826P07075000,0.2,0.3,0.25,0.7,0.0,0.0,0.0,363.0,0.261,-0.0037,0.0,0.108,-0.1745,-0.0022,0.2501,0.0,0.0,0.0,0.75,up,2026-08-20T15:47:13,0.0,0.0
SPXW,2026-08-26,5,Call,7080.0,SPXW260826C07080000,584.0,607.7,595.85,0.0,0.0,0.0,0.0,0.0,0.0,0.9962,0.0,0.1097,-0.1763,0.579,594.6929,0.0,0.0,0.0,575.25,no_change,,0.0,0.0
SPXW,2026-08-26,5,Put,7080.0,SPXW260826P07080000,0.2,0.3,0.25,0.35,-0.4,-53.3333,1000.0,5.0,0.2615,-0.0037,0.0,0.1097,-0.1763,-0.0023,0.2532,0.35,0.35,0.35,0.75,no_change,2026-08-21T14:50:56,0.0,0.0
SPXW,2026-08-26,5,Call,7090.0,SPXW260826C07090000,573.8,597.7,585.75,0.0,0.0,0.0,0.0,0.0,0.0,0.9961,0.0,0.1132,-0.18,0.5798,584.7027,0.0,0.0,0.0,565.199981689453,no_change,,0.0,0.0
SPXW,2026-08-26,5,Put,7090.0,SPXW260826P07090000,0.2,0.3,0.25,0.6,0.0,0.0,0.0,54.0,0.2573,-0.0039,0.0,0.1133,-0.1802,-0.0024,0.2596,0.0,0.0,0.0,0.800000011920929,down,2026-08-19T15:54:43,0.0,0.0
SPXW,2026-08-26,5,Call,7100.0,SPXW260826C07100000,564.1,587.7,575.9000000000001,0.0,0.0,0.0,0.0,1.0,0.2304,0.996,0.0,0.1169,-0.1839,0.5805,574.7128,0.0,0.0,0.0,555.0,no_change,,0.0,0.0
SPXW,2026-08-26,5,Put,7100.0,SPXW260826P07100000,0.2,0.3,0.25,0.2,-0.6,-75.0,44.0,174.0,0.2531,-0.004,0.0,0.117,-0.184,-0.0024,0.2661,0.25,0.25,0.2,0.800000011920929,no_change,2026-08-21T15:59:53,0.0,0.0
SPXW,2026-08-26,5,Call,7110.0,SPXW260826C07110000,553.8,577.7,565.75,0.0,0.0,0.0,0.0,0.0,0.2259,0.9958,0.0,0.1207,-0.1879,0.5813,564.7231,0.0,0.0,0.0,544.949981689453,no_change,,0.0,0.0
SPXW,2026-08-26,5,Put,7110.0,SPXW260826P07110000,0.2,0.3,0.25,0.25,-0.6,-70.5882,37.0,24.0,0.249,-0.0042,0.0,0.1209,-0.188,-0.0025,0.2729,0.25,0.25,0.2,0.849999994039536,no_change,2026-08-21T15:59:51,0.0,0.0
SPXW,2026-08-26,5,Call,7120.0,SPXW260826C07120000,544.1,567.7,555.9000000000001,0.0,0.0,0.0,0.0,0.0,0.2214,0.9957,0.0001,0.1248,-0.192,0.582,554.7338,0.0,0.0,0.0,535.350006103516,no_change,,0.0,0.0
SPXW,2026-08-26,5,Put,7120.0,SPXW260826P07120000,0.25,0.3,0.275,0.25,-0.6,-70.5882,38.0,19.0,0.245,-0.0043,0.0001,0.1248,-0.192,-0.0026,0.2796,0.25,0.25,0.25,0.849999994039536,no_change,2026-08-21T15:59:54,0.0,0.0
SPXW,2026-08-26,5,Call,7125.0,SPXW260826C07125000,542.0,562.7,552.35,0.0,0.0,0.0,0.0,0.0,0.2191,0.9956,0.0001,0.1269,-0.1941,0.5824,549.7392,0.0,0.0,0.0,530.450012207031,no_change,,0.0,0.0
SPXW,2026-08-26,5,Put,7125.0,SPXW260826P07125000,0.25,0.3,0.275,0.45,-0.45,-50.0,12.0,76.0,0.243,-0.0044,0.0001,0.1269,-0.1941,-0.0027,0.2832,0.45,0.45,0.45,0.900000005960464,down,2026-08-21T10:41:56,0.0,0.0
SPXW,2026-08-26,5,Call,7130.0,SPXW260826C07130000,537.6,557.7,547.6500000000001,0.0,0.0,0.0,0.0,0.0,0.2168,0.9955,0.0001,0.129,-0.1963,0.5827,544.7447,0.0,0.0,0.0,525.150024414062,no_change,,0.0,0.0
SPXW,2026-08-26,5,Put,7130.0,SPXW260826P07130000,0.25,0.35,0.3,0.85,0.0,0.0,0.0,23.0,0.243,-0.0045,0.0001,0.1292,-0.1964,-0.0027,0.2873,0.0,0.0,0.0,0.900000005960464,up,2026-08-20T15:58:29,0.0,0.0
SPXW,2026-08-26,5,Call,7140.0,SPXW260826C07140000,523.9,547.7,535.8,0.0,0.0,0.0,0.0,0.0,0.2123,0.9953,0.0001,0.1335,-0.2007,0.5834,534.7559,0.0,0.0,0.0,515.349990844727,no_change,,0.0,0.0
SPXW,2026-08-26,5,Put,7140.0,SPXW260826P07140000,0.25,0.35,0.3,0.85,0.0,0.0,0.0,24.0,0.2388,-0.0046,0.0001,0.1337,-0.2009,-0.0028,0.2949,0.0,0.0,0.0,0.949999988079071,no_change,2026-08-20T15:58:27,0.0,0.0
SPXW,2026-08-26,5,Call,7150.0,SPXW260826C07150000,514.1,537.7,525.9000000000001,0.0,0.0,0.0,0.0,1.0,0.2167,0.9952,0.0001,0.1383,-0.2053,0.5841,524.7675,0.0,0.0,0.0,505.549987792969,no_change,,0.0,0.0
SPXW,2026-08-26,5,Put,7150.0,SPXW260826P07150000,0.25,0.35,0.3,0.3,-0.65,-68.4211,1.0,74.0,0.2348,-0.0048,0.0001,0.1383,-0.2053,-0.0029,0.3026,0.3,0.3,0.3,0.949999988079071,down,2026-08-21T15:55:24,0.0,0.0
SPXW,2026-08-26,5,Call,7160.0,SPXW260826C07160000,503.9,527.8,515.8499999999999,0.0,0.0,0.0,0.0,0.0,0.2123,0.995,0.0001,0.1432,-0.2101,0.5848,514.7794,0.0,0.0,0.0,495.149993896484,no_change,,0.0,0.0
SPXW,2026-08-26,5,Put,7160.0,SPXW260826P07160000,0.25,0.35,0.3,0.3,-0.7,-70.0,244.0,40.0,0.2325,-0.005,0.0001,0.1434,-0.2103,-0.0031,0.3113,0.4,0.42,0.3,0.999999970197678,down,2026-08-21T16:10:53,0.0,0.0
SPXW,2026-08-26,5,Call,7170.0,SPXW260826C07170000,497.7,517.8,507.75,0.0,0.0,0.0,0.0,0.0,0.2146,0.9948,0.0001,0.1485,-0.2151,0.5856,504.7917,0.0,0.0,0.0,485.650009155273,no_change,,0.0,0.0
SPXW,2026-08-26,5,Put,7170.0,SPXW260826P07170000,0.25,0.35,0.3,0.95,0.0,0.0,0.0,158.0,0.2283,-0.0052,0.0001,0.1487,-0.2153,-0.0032,0.3201,0.0,0.0,0.0,1.05000001192093,down,2026-08-20T15:55:31,0.0,0.0
SPXW,2026-08-26,5,Call,7175.0,SPXW260826C07175000,492.2,512.8,502.5,0.0,0.0,0.0,0.0,0.0,0.2124,0.9947,0.0001,0.1512,-0.2177,0.5859,499.7981,0.0,0.0,0.0,480.25,no_change,,0.0,0.0
SPXW,2026-08-26,5,Put,7175.0,SPXW260826P07175000,0.25,0.35,0.3,0.5,-0.55,-52.381,1.0,215.0,0.2262,-0.0053,0.0001,0.1514,-0.2179,-0.0032,0.3246,0.5,0.5,0.5,1.05000001192093,down,2026-08-21T09:32:31,0.0,0.0
SPXW,2026-08-26,5,Call,7180.0,SPXW260826C07180000,483.9,507.8,495.85,0.0,0.0,0.0,0.0,0.0,0.2102,0.9946,0.0001,0.154,-0.2203,0.5862,494.8045,0.0,0.0,0.0,475.25,no_change,,0.0,0.0
SPXW,2026-08-26,5,Put,7180.0,SPXW260826P07180000,0.25,0.35,0.3,0.3,-0.8,-72.7273,1.0,43.0,0.2241,-0.0054,0.0001,0.1542,-0.2205,-0.0033,0.3293,0.3,0.3,0.3,1.09999996423721,down,2026-08-21T15:56:04,0.0,0.0
SPXW,2026-08-26,5,Call,7190.0,SPXW260826C07190000,477.5,497.8,487.65,0.0,0.0,0.0,0.0,0.0,0.2058,0.9943,0.0001,0.1597,-0.2257,0.5869,484.8178,0.0,0.0,0.0,465.75,no_change,,0.0,0.0
SPXW,2026-08-26,5,Put,7190.0,SPXW260826P07190000,0.25,0.35,0.3,0.45,-0.7,-60.8696,1.0,31.0,0.2199,-0.0056,0.0001,0.16,-0.226,-0.0034,0.339,0.45,0.45,0.45,1.15000003576279,down,2026-08-21T10:08:15,0.0,0.0
SPXW,2026-08-26,5,Call,7195.0,SPXW260826C07195000,472.2,492.8,482.5,0.0,0.0,0.0,0.0,0.0,0.2036,0.9942,0.0001,0.1627,-0.2286,0.5873,479.8246,0.0,0.0,0.0,0.0,no_change,,0.0,0.0
SPXW,2026-08-26,5,Put,7195.0,SPXW260826P07195000,0.3,0.4,0.35,0.0,0.0,0.0,0.0,0.0,0.2196,-0.0058,0.0001,0.163,-0.2288,-0.0035,0.344,0.0,0.0,0.0,0.0,no_change,,0.0,0.0
SPXW,2026-08-26,5,Call,7200.0,SPXW260826C07200000,464.2,487.8,476.0,0.0,0.0,0.0,0.0,2.0,0.2014,0.9941,0.0001,0.1658,-0.2314,0.5876,474.8315,0.0,0.0,0.0,455.450012207031,no_change,,0.0,0.0
SPXW,2026-08-26,5,Put,7200.0,SPXW260826P07200000,0.3,0.4,0.35,0.35,-0.85,-70.8333,199.0,1000.0,0.2175,-0.0059,0.0001,0.166,-0.2316,-0.0036,0.3492,0.55,0.55,0.35,1.19999998807907,down,2026-08-21T15:55:35,0.0,0.0
SPXW,2026-08-26,5,Call,7205.0,SPXW260826C07205000,462.3,482.8,472.55,0.0,0.0,0.0,0.0,0.0,0.1992,0.994,0.0001,0.169,-0.2344,0.5879,469.8386,0.0,0.0,0.0,0.0,no_change,,0.0,0.0
SPXW,2026-08-26,5,Put,7205.0,SPXW260826P07205000,0.3,0.4,0.35,0.47,0.47,0.0,237.0,0.0,0.2154,-0.006,0.0001,0.1692,-0.2346,-0.0037,0.3545,0.47,0.47,0.47,0.0,no_change,2026-08-21T14:33:08,0.0,0.0
SPXW,2026-08-26,5,Call,7210.0,SPXW260826C07210000,457.7,477.8,467.75,0.0,0.0,0.0,0.0,0.0,0.197,0.9938,0.0001,0.1722,-0.2374,0.5883,464.8458,0.0,0.0,0.0,445.449996948242,no_change,,0.0,0.0
SPXW,2026-08-26,5,Put,7210.0,SPXW260826P07210000,0.3,0.4,0.35,0.4,-0.85,-68.0,7.0,43.0,0.2134,-0.0061,0.0001,0.1724,-0.2375,-0.0037,0.3598,0.35,0.4,0.35,1.25,no_change,2026-08-21T15:58:48,0.0,0.0
SPXW,2026-08-26,5,Call,7215.0,SPXW260826C07215000,449.0,472.8,460.9,0.0,0.0,0.0,0.0,0.0,0.1948,0.9937,0.0001,0.1755,-0.2405,0.5886,459.8532,0.0,0.0,0.0,0.0,no_change,,0.0,0.0
SPXW,2026-08-26,5,Put,7215.0,SPXW260826P07215000,0.3,0.4,0.35,0.3,0.3,0.0,7.0,0.0,0.213,-0.0062,0.0001,0.1755,-0.2405,-0.0038,0.365,0.3,0.35,0.3,0.0,down,2026-08-21T15:58:48,0.0,0.0
SPXW,2026-08-26,5,Call,7220.0,SPXW260826C07220000,447.8,467.8,457.8,0.0,0.0,0.0,0.0,0.0,0.1926,0.9936,0.0001,0.179,-0.2436,0.5889,454.8608,0.0,0.0,0.0,435.949996948242,no_change,,0.0,0.0
SPXW,2026-08-26,5,Put,7220.0,SPXW260826P07220000,0.3,0.4,0.35,0.5,-0.8,-61.5385,174.0,24.0,0.2107,-0.0064,0.0001,0.1792,-0.2439,-0.0039,0.3713,0.48,0.5,0.48,1.30000001192093,up,2026-08-21T14:44:44,0.0,0.0
SPXW,2026-08-26,5,Call,7225.0,SPXW260826C07225000,439.0,461.9,450.45,0.0,0.0,0.0,0.0,0.0,0.1958,0.9934,0.0001,0.1825,-0.2469,0.5892,449.8685,0.0,0.0,0.0,430.550003051758,no_change,,0.0,0.0
SPXW,2026-08-26,5,Put,7225.0,SPXW260826P07225000,0.3,0.4,0.35,1.25,0.0,0.0,0.0,164.0,0.2086,-0.0065,0.0001,0.1828,-0.2471,-0.004,0.3772,0.0,0.0,0.0,1.30000001192093,no_change,2026-08-20T15:55:01,0.0,0.0
SPXW,2026-08-26,5,Call,7230.0,SPXW260826C07230000,437.8,457.9,447.85,0.0,0.0,0.0,0.0,0.0,0.1936,0.9933,0.0001,0.1862,-0.2502,0.5896,444.8764,0.0,0.0,0.0,425.849990844727,no_change,,0.0,0.0
SPXW,2026-08-26,5,Put,7230.0,SPXW260826P07230000,0.3,0.4,0.35,1.3,0.0,0.0,0.0,146.0,0.2065,-0.0067,0.0001,0.1865,-0.2504,-0.0041,0.3833,0.0,0.0,0.0,1.34999996423721,up,2026-08-20T15:03:26,0.0,0.0
SPXW,2026-08-26,5,Call,7235.0,SPXW260826C07235000,429.0,452.9,440.95,0.0,0.0,0.0,0.0,0.0,0.1914,0.9932,0.0001,0.19,-0.2536,0.5899,439.8845,0.0,0.0,0.0,0.0,no_change,,0.0,0.0
SPXW,2026-08-26,5,Put,7235.0,SPXW260826P07235000,0.3,0.45,0.375,0.0,0.0,0.0,0.0,0.0,0.2043,-0.0068,0.0001,0.1903,-0.2539,-0.0042,0.3896,0.0,0.0,0.0,0.0,no_change,,0.0,0.0
SPXW,2026-08-26,5,Call,7240.0,SPXW260826C07240000,424.0,447.9,435.95,0.0,0.0,0.0,0.0,0.0,0.1937,0.993,0.0001,0.1939,-0.2571,0.5902,434.8927,0.0,0.0,0.0,415.800003051758,no_change,,0.0,0.0
SPXW,2026-08-26,5,Put,7240.0,SPXW260826P07240000,0.3,0.45,0.375,0.5,-0.9,-64.2857,2.0,39.0,0.2022,-0.007,0.0001,0.1942,-0.2574,-0.0043,0.3961,0.55,0.55,0.5,1.40000003576279,down,2026-08-21T15:27:30,0.0,0.0
SPXW,2026-08-26,5,Call,7245.0,SPXW260826C07245000,419.0,442.9,430.95,0.0,0.0,0.0,0.0,0.0,0.1915,0.9928,0.0001,0.1979,-0.2607,0.5905,429.9012,0.0,0.0,0.0,410.699996948242,no_change,,0.0,0.0
SPXW,2026-08-26,5,Put,7245.0,SPXW260826P07245000,0.35,0.45,0.4,0.35,-1.1,-75.8621,2778.0,1.0,0.2016,-0.0071,0.0001,0.1982,-0.261,-0.0044,0.4028,0.6,0.6,0.35,1.44999998807907,no_change,2026-08-21T15:59:46,0.0,0.0
SPXW,2026-08-26,5,Call,7250.0,SPXW260826C07250000,418.1,437.9,428.0,452.92,0.0,0.0,0.0,9.0,0.1893,0.9927,0.0001,0.2021,-0.2644,0.5908,424.9099,0.0,0.0,0.0,405.949996948242,up,2026-08-18T15:12:37,0.0,0.0
SPXW,2026-08-26,5,Put,7250.0,SPXW260826P07250000,0.35,0.45,0.4,0.35,-1.15,-76.6667,19.0,350.0,0.1994,-0.0073,0.0001,0.2024,-0.2647,-0.0045,0.4097,0.4,0.4,0.35,1.5,no_change,2026-08-21T16:01:22,0.0,0.0
SPXW,2026-08-26,5,Call,7255.0,SPXW260826C07255000,409.0,432.9,420.95,0.0,0.0,0.0,0.0,0.0,0.1871,0.9925,0.0001,0.2064,-0.2682,0.5911,419.9188,0.0,0.0,0.0,401.050003051758,no_change,,0.0,0.0
SPXW,2026-08-26,5,Put,7255.0,SPXW260826P07255000,0.35,0.45,0.4,1.45,0.0,0.0,0.0,1.0,0.1974,-0.0075,0.0001,0.2066,-0.2684,-0.0046,0.4167,0.0,0.0,0.0,1.52500003576279,up,2026-08-20T15:02:51,0.0,0.0
SPXW,2026-08-26,5,Call,7260.0,SPXW260826C07260000,404.0,427.3,415.65,0.0,0.0,0.0,0.0,0.0,0.1849,0.9923,0.0001,0.2109,-0.2721,0.5914,414.9279,0.0,0.0,0.0,395.800003051758,no_change,,0.0,0.0
SPXW,2026-08-26,5,Put,7260.0,SPXW260826P07260000,0.35,0.45,0.4,0.45,-1.1,-70.9677,33.0,366.0,0.1965,-0.0077,0.0001,0.2112,-0.2724,-0.0047,0.4242,0.71,0.71,0.45,1.55000001192093,down,2026-08-21T15:51:12,0.0,0.0
SPXW,2026-08-26,5,Call,7265.0,SPXW260826C07265000,399.0,422.9,410.95,0.0,0.0,0.0,0.0,0.0,0.1827,0.9921,0.0001,0.2155,-0.2762,0.5917,409.9373,0.0,0.0,0.0,391.150009155273,no_change,,0.0,0.0
SPXW,2026-08-26,5,Put,7265.0,SPXW260826P07265000,0.35,0.45,0.4,0.7,-0.9,-56.25,15.0,32.0,0.1944,-0.0078,0.0001,0.2159,-0.2765,-0.0048,0.4319,0.7,0.7,0.7,1.59999996423721,no_change,2026-08-21T10:23:45,0.0,0.0
SPXW,2026-08-26,5,Call,7270.0,SPXW260826C07270000,394.0,417.9,405.95,183.38,0.0,0.0,0.0,2.0,0.1805,0.9919,0.0001,0.2203,-0.2804,0.592,404.947,0.0,0.0,0.0,386.0,up,2026-07-29T15:52:53,0.0,0.0
SPXW,2026-08-26,5,Put,7270.0,SPXW260826P07270000,0.35,0.5,0.425,1.6,0.0,0.0,0.0,36.0,0.1922,-0.008,0.0001,0.2207,-0.2806,-0.0049,0.4398,0.0,0.0,0.0,1.65000003576279,up,2026-08-20T15:02:57,0.0,0.0
SPXW,2026-08-26,5,Call,7275.0,SPXW260826C07275000,389.3,412.9,401.1,517.28,0.0,0.0,0.0,7.0,0.1783,0.9917,0.0001,0.2253,-0.2846,0.5923,399.957,0.0,0.0,0.0,381.25,up,2026-08-14T12:15:36,0.0,0.0
SPXW,2026-08-26,5,Put,7275.0,SPXW260826P07275000,0.35,0.5,0.425,0.45,-1.25,-73.5294,5.0,55.0,0.1901,-0.0082,0.0001,0.2256,-0.285,-0.005,0.448,0.65,0.65,0.45,1.69999998807907,no_change,2026-08-21T15:55:26,0.0,0.0
SPXW,2026-08-26,5,Call,7280.0,SPXW260826C07280000,387.9,407.9,397.9,0.0,0.0,0.0,0.0,0.0,0.1761,0.9915,0.0001,0.2304,-0.2891,0.5926,394.9673,0.0,0.0,0.0,376.099990844727,no_change,,0.0,0.0
SPXW,2026-08-26,5,Put,7280.0,SPXW260826P07280000,0.35,0.5,0.425,0.5,-1.25,-71.4286,2.0,31.0,0.188,-0.0084,0.0001,0.2304,-0.2891,-0.0052,0.4559,0.75,0.75,0.5,1.75,down,2026-08-21T15:06:09,0.0,0.0
SPXW,2026-08-26,5,Call,7285.0,SPXW260826C07285000,379.1,402.9,391.0,0.0,0.0,0.0,0.0,0.0,0.1776,0.9913,0.0001,0.2357,-0.2937,0.5929,389.9779,0.0,0.0,0.0,371.25,no_change,,0.0,0.0
SPXW,2026-08-26,5,Put,7285.0,SPXW260826P07285000,0.4,0.5,0.45,0.55,-1.25,-69.4444,1.0,13.0,0.187,-0.0087,0.0001,0.2362,-0.2941,-0.0053,0.4655,0.55,0.55,0.55,1.80000001192093,down,2026-08-21T15:06:00,0.0,0.0
SPXW,2026-08-26,5,Call,7290.0,SPXW260826C07290000,377.9,398.0,387.95,218.65,0.0,0.0,0.0,18.0,0.1754,0.9911,0.0001,0.2412,-0.2985,0.5931,384.9889,0.0,0.0,0.0,366.550003051758,up,2026-07-30T14:46:32,0.0,0.0
SPXW,2026-08-26,5,Put,7290.0,SPXW260826P07290000,0.4,0.5,0.45,0.55,-1.3,-70.2703,122.0,203.0,0.1848,-0.0089,0.0001,0.2416,-0.2988,-0.0054,0.4745,0.75,0.75,0.55,1.84999996423721,down,2026-08-21T15:06:09,0.0,0.0
SPXW,2026-08-26,5,Call,7295.0,SPXW260826C07295000,369.1,393.0,381.05,0.0,0.0,0.0,0.0,0.0,0.1764,0.9908,0.0001,0.247,-0.3034,0.5934,380.0003,0.0,0.0,0.0,361.199996948242,no_change,,0.0,0.0
SPXW,2026-08-26,5,Put,7295.0,SPXW260826P07295000,0.4,0.5,0.45,0.5,-1.4,-73.6842,60.0,1.0,0.184,-0.0091,0.0001,0.2469,-0.3034,-0.0056,0.4834,0.75,0.8,0.5,1.90000003576279,down,2026-08-21T15:36:06,0.0,0.0
SPXW,2026-08-26,5,Call,7300.0,SPXW260826C07300000,364.4,388.0,376.2,384.83,28.63,8.03762,1.0,8.0,0.1742,0.9906,0.0001,0.2529,-0.3086,0.5936,375.0121,384.83,384.83,384.83,356.199996948242,up,2026-08-21T15:45:13,0.0,0.0
SPXW,2026-08-26,5,Put,7300.0,SPXW260826P07300000,0.4,0.5,0.45,0.45,-1.5,-76.9231,171.0,759.0,0.1817,-0.0094,0.0001,0.2533,-0.3089,-0.0058,0.4943,0.8,0.85,0.45,1.94999998807907,no_change,2026-08-21T15:59:35,0.0,0.0
SPXW,2026-08-26,5,Call,7305.0,SPXW260826C07305000,362.9,383.0,372.95,0.0,0.0,0.0,0.0,0.0,0.172,0.9903,0.0002,0.2591,-0.314,0.5939,370.0244,0.0,0.0,0.0,351.699996948242,no_change,,0.0,0.0
SPXW,2026-08-26,5,Put,7305.0,SPXW260826P07305000,0.4,0.55,0.47500000000000003,0.6,-1.4,-70.0,1.0,6.0,0.1796,-0.0096,0.0002,0.2592,-0.314,-0.0059,0.5042,0.6,0.6,0.6,2.0,down,2026-08-21T15:06:00,0.0,0.0
SPXW,2026-08-26,5,Call,7310.0,SPXW260826C07310000,354.1,378.0,366.05,0.0,0.0,0.0,0.0,0.0,0.1698,0.9901,0.0002,0.2655,-0.3195,0.5941,365.0371,0.0,0.0,0.0,347.100006103516,no_change,,0.0,0.0
SPXW,2026-08-26,5,Put,7310.0,SPXW260826P07310000,0.45,0.55,0.5,0.6,-1.45,-70.7317,1.0,126.0,0.1786,-0.0099,0.0002,0.2656,-0.3196,-0.0061,0.5151,0.6,0.6,0.6,2.04999995231628,down,2026-08-21T15:06:09,0.0,0.0
SPXW,2026-08-26,5,Call,7315.0,SPXW260826C07315000,349.1,373.0,361.05,0.0,0.0,0.0,0.0,0.0,0.1675,0.9898,0.0002,0.2722,-0.3254,0.5944,360.0504,0.0,0.0,0.0,341.400009155273,no_change,,0.0,0.0
SPXW,2026-08-26,5,Put,7315.0,SPXW260826P07315000,0.45,0.55,0.5,0.55,-1.55,-73.8095,203.0,13.0,0.1773,-0.0102,0.0002,0.2726,-0.3258,-0.0063,0.5272,0.9,0.9,0.55,2.10000002384186,no_change,2026-08-21T15:35:48,0.0,0.0
SPXW,2026-08-26,5,Call,7320.0,SPXW260826C07320000,348.0,368.0,358.0,353.76,16.11,4.77121,1.0,24.0,0.1653,0.9895,0.0002,0.2791,-0.3315,0.5946,355.0643,353.76,353.76,353.76,337.649993896484,up,2026-08-21T14:40:06,0.0,0.0
SPXW,2026-08-26,5,Put,7320.0,SPXW260826P07320000,0.45,0.55,0.5,0.6,-1.575,-72.4138,5.0,76.0,0.1753,-0.0105,0.0002,0.2791,-0.3314,-0.0064,0.5384,0.95,0.95,0.6,2.17499995231628,down,2026-08-21T15:06:09,0.0,0.0
SPXW,2026-08-26,5,Call,7325.0,SPXW260826C07325000,343.0,363.0,353.0,202.43,0.0,0.0,0.0,1.0,0.1659,0.9892,0.0002,0.2864,-0.3378,0.5948,350.0788,0.0,0.0,0.0,331.5,up,2026-07-31T10:59:59,0.0,0.0
SPXW,2026-08-26,5,Put,7325.0,SPXW260826P07325000,0.45,0.55,0.5,0.65,-1.6,-71.1111,3.0,115.0,0.173,-0.0108,0.0002,0.2864,-0.3378,-0.0066,0.5511,0.65,0.65,0.65,2.25,no_change,2026-08-21T15:20:53,0.0,0.0
SPXW,2026-08-26,5,Call,7330.0,SPXW260826C07330000,334.2,358.0,346.1,355.38,28.73,8.79535,1.0,21.0,0.1636,0.9888,0.0002,0.2941,-0.3445,0.595,345.094,355.38,355.38,355.38,326.649993896484,down,2026-08-21T15:45:13,0.0,0.0
SPXW,2026-08-26,5,Put,7330.0,SPXW260826P07330000,0.45,0.6,0.525,0.65,-1.675,-72.043,1.0,3173.0,0.1708,-0.0111,0.0002,0.294,-0.3445,-0.0068,0.5645,0.65,0.65,0.65,2.32500004768372,down,2026-08-21T15:06:09,0.0,0.0
SPXW,2026-08-26,5,Call,7335.0,SPXW260826C07335000,333.0,353.1,343.05,0.0,0.0,0.0,0.0,0.0,0.1662,0.9885,0.0002,0.3021,-0.3515,0.5952,340.1098,0.0,0.0,0.0,321.75,no_change,,0.0,0.0
SPXW,2026-08-26,5,Put,7335.0,SPXW260826P07335000,0.5,0.6,0.55,0.5,-1.9,-79.1667,21.0,1.0,0.1706,-0.0115,0.0002,0.302,-0.3515,-0.007,0.5786,1.05,1.05,0.5,2.39999997615814,down,2026-08-21T15:59:20,0.0,0.0
SPXW,2026-08-26,5,Call,7340.0,SPXW260826C07340000,328.0,348.1,338.05,342.68,0.0,0.0,0.0,1.0,0.1616,0.9881,0.0002,0.3105,-0.3588,0.5954,335.1265,0.0,0.0,0.0,316.800003051758,up,2026-08-20T11:40:16,0.0,0.0
SPXW,2026-08-26,5,Put,7340.0,SPXW260826P07340000,0.5,0.6,0.55,0.7,-1.775,-71.7172,15.0,122.0,0.1683,-0.0118,0.0002,0.3106,-0.3589,-0.0073,0.5936,0.85,0.85,0.7,2.47500002384186,no_change,2026-08-21T15:06:10,0.0,0.0
SPXW,2026-08-26,5,Call,7345.0,SPXW260826C07345000,319.2,341.7,330.45,0.0,0.0,0.0,0.0,0.0,0.1594,0.9877,0.0002,0.3194,-0.3666,0.5956,330.144,0.0,0.0,0.0,311.900009155273,no_change,,0.0,0.0
SPXW,2026-08-26,5,Put,7345.0,SPXW260826P07345000,0.5,0.65,0.575,0.55,-2.0,-78.4314,16.0,3.0,0.1661,-0.0122,0.0002,0.3194,-0.3666,-0.0075,0.6094,1.05,1.05,0.55,2.54999995231628,no_change,2026-08-21T15:59:30,0.0,0.0
SPXW,2026-08-26,5,Call,7350.0,SPXW260826C07350000,318.1,338.1,328.1,323.87,16.92,5.51229,15.0,17.0,0.1571,0.9873,0.0002,0.3286,-0.3747,0.5957,325.1625,326.19,326.54,323.87,306.950012207031,down,2026-08-21T14:40:06,0.0,0.0
SPXW,2026-08-26,5,Put,7350.0,SPXW260826P07350000,0.55,0.65,0.6000000000000001,0.65,-2.0,-75.4717,41.0,724.0,0.1657,-0.0126,0.0002,0.3286,-0.3746,-0.0078,0.6258,1.1,1.1,0.65,2.64999997615814,down,2026-08-21T15:51:12,0.0,0.0
SPXW,2026-08-26,5,Call,7355.0,SPXW260826C07355000,309.3,333.1,321.20000000000005,0.0,0.0,0.0,0.0,0.0,0.1571,0.9869,0.0002,0.3384,-0.3833,0.5959,320.1819,0.0,0.0,0.0,302.049987792969,no_change,,0.0,0.0
SPXW,2026-08-26,5,Put,7355.0,SPXW260826P07355000,0.55,0.65,0.6000000000000001,0.75,-1.975,-72.4771,22.0,1.0,0.1634,-0.0131,0.0002,0.3385,-0.3833,-0.008,0.6437,1.25,1.25,0.75,2.72500002384186,down,2026-08-21T15:06:09,0.0,0.0
SPXW,2026-08-26,5,Call,7360.0,SPXW260826C07360000,304.3,327.4,315.85,311.39,0.0,0.0,0.0,5.0,0.1569,0.9864,0.0002,0.3487,-0.3923,0.596,315.2025,0.0,0.0,0.0,297.149993896484,down,2026-08-20T13:57:17,0.0,0.0
SPXW,2026-08-26,5,Put,7360.0,SPXW260826P07360000,0.55,0.7,0.625,0.75,-2.075,-73.4513,110.0,72.0,0.1611,-0.0135,0.0002,0.3489,-0.3925,-0.0083,0.6627,1.3,1.3,0.75,2.82500004768372,down,2026-08-21T15:06:09,0.0,0.0
SPXW,2026-08-26,5,Call,7365.0,SPXW260826C07365000,302.6,323.2,312.9,0.0,0.0,0.0,0.0,0.0,0.1546,0.986,0.0002,0.3595,-0.4019,0.5961,310.2243,0.0,0.0,0.0,292.550003051758,no_change,,0.0,0.0
SPXW,2026-08-26,5,Put,7365.0,SPXW260826P07365000,0.6,0.7,0.6499999999999999,0.8,-2.125,-72.6496,21.0,22.0,0.1605,-0.014,0.0002,0.3596,-0.4019,-0.0086,0.6825,1.06,1.25,0.8,2.92499995231628,down,2026-08-21T15:06:09,0.0,0.0
SPXW,2026-08-26,5,Call,7370.0,SPXW260826C07370000,294.3,317.2,305.75,188.57,0.0,0.0,0.0,17.0,0.1523,0.9854,0.0003,0.3709,-0.412,0.5962,305.2474,0.0,0.0,0.0,287.300003051758,up,2026-07-31T15:05:48,0.0,0.0
SPXW,2026-08-26,5,Put,7370.0,SPXW260826P07370000,0.6,0.7,0.6499999999999999,0.7,-2.35,-77.0492,4.0,95.0,0.1582,-0.0145,0.0003,0.371,-0.4122,-0.0089,0.704,1.05,1.05,0.7,3.04999995231628,down,2026-08-21T15:54:50,0.0,0.0
SPXW,2026-08-26,5,Call,7375.0,SPXW260826C07375000,289.6,313.2,301.4,313.45,0.0,0.0,0.0,13.0,0.1518,0.9849,0.0003,0.3828,-0.4228,0.5963,300.272,0.0,0.0,0.0,282.900009155273,up,2026-08-20T11:22:41,0.0,0.0
SPXW,2026-08-26,5,Put,7375.0,SPXW260826P07375000,0.65,0.75,0.7,0.7,-2.45,-77.7778,28.0,507.0,0.1574,-0.0151,0.0003,0.383,-0.423,-0.0093,0.7269,1.4,1.4,0.7,3.14999997615814,no_change,2026-08-21T15:57:39,0.0,0.0
SPXW,2026-08-26,5,Call,7380.0,SPXW260826C07380000,284.4,307.5,295.95,225.5,0.0,0.0,0.0,29.0,0.1495,0.9843,0.0003,0.3954,-0.4342,0.5963,295.2982,0.0,0.0,0.0,277.949996948242,up,2026-08-03T09:55:19,0.0,0.0
SPXW,2026-08-26,5,Put,7380.0,SPXW260826P07380000,0.65,0.75,0.7,0.7,-2.6,-78.7879,93.0,155.0,0.1551,-0.0157,0.0003,0.3956,-0.4344,-0.0097,0.7513,1.45,1.45,0.7,3.30000007152557,down,2026-08-21T15:57:04,0.0,0.0
SPXW,2026-08-26,5,Call,7385.0,SPXW260826C07385000,283.2,303.3,293.25,0.0,0.0,0.0,0.0,0.0,0.1489,0.9837,0.0003,0.4087,-0.4464,0.5963,290.3261,0.0,0.0,0.0,273.099990844727,no_change,,0.0,0.0
SPXW,2026-08-26,5,Put,7385.0,SPXW260826P07385000,0.7,0.8,0.75,0.75,-2.65,-77.9412,82.0,2.0,0.1543,-0.0163,0.0003,0.4088,-0.4464,-0.01,0.7772,0.9,0.9,0.75,3.39999997615814,no_change,2026-08-21T15:57:17,0.0,0.0
SPXW,2026-08-26,5,Call,7390.0,SPXW260826C07390000,274.4,297.6,286.0,272.13,0.0,0.0,0.0,44.0,0.1466,0.983,0.0003,0.4228,-0.4593,0.5963,285.3559,0.0,0.0,0.0,268.300003051758,down,2026-08-20T14:26:33,0.0,0.0
SPXW,2026-08-26,5,Put,7390.0,SPXW260826P07390000,0.7,0.85,0.7749999999999999,0.75,-2.8,-78.8732,13.0,149.0,0.1519,-0.017,0.0003,0.4229,-0.4593,-0.0105,0.8052,1.2,1.2,0.75,3.54999995231628,no_change,2026-08-21T15:58:14,0.0,0.0
SPXW,2026-08-26,5,Call,7395.0,SPXW260826C07395000,269.5,293.4,281.45,0.0,0.0,0.0,0.0,0.0,0.1459,0.9823,0.0003,0.4378,-0.473,0.5963,280.3878,0.0,0.0,0.0,263.250007629395,no_change,,0.0,0.0
SPXW,2026-08-26,5,Put,7395.0,SPXW260826P07395000,0.75,0.85,0.8,0.75,-2.9,-79.4521,21.0,32.0,0.1509,-0.0177,0.0003,0.4379,-0.4731,-0.0109,0.8353,1.65,1.65,0.75,3.64999997615814,no_change,2026-08-21T15:58:21,0.0,0.0
SPXW,2026-08-26,5,Call,7400.0,SPXW260826C07400000,264.5,287.4,275.95,385.25,0.0,0.0,0.0,49.0,0.1464,0.9815,0.0003,0.4537,-0.4876,0.5962,275.422,0.0,0.0,0.0,258.399993896484,no_change,2026-08-17T09:37:06,0.0,0.0
SPXW,2026-08-26,5,Put,7400.0,SPXW260826P07400000,0.75,0.9,0.825,0.86,-2.94,-77.3684,686.0,664.0,0.1499,-0.0184,0.0003,0.4538,-0.4877,-0.0114,0.8677,1.75,1.75,0.8,3.80000007152557,no_change,2026-08-21T16:06:37,0.0,0.0
SPXW,2026-08-26,5,Call,7405.0,SPXW260826C07405000,263.6,283.4,273.5,287.03,0.0,0.0,0.0,3.0,0.1426,0.9807,0.0004,0.4706,-0.5032,0.5961,270.4585,0.0,0.0,0.0,253.349998474121,no_change,2026-08-20T10:02:08,0.0,0.0
SPXW,2026-08-26,5,Put,7405.0,SPXW260826P07405000,0.8,0.95,0.875,0.85,-3.05,-78.2051,47.0,114.0,0.1475,-0.0193,0.0004,0.4706,-0.5033,-0.0119,0.9025,1.85,1.85,0.85,3.89999997615814,no_change,2026-08-21T15:58:17,0.0,0.0
SPXW,2026-08-26,5,Call,7410.0,SPXW260826C07410000,258.4,278.5,268.45,271.28,22.68,9.12309,1.0,46.0,0.1417,0.9798,0.0004,0.4885,-0.5198,0.596,265.4978,271.28,271.28,271.28,248.600006103516,down,2026-08-21T15:07:27,0.0,0.0
SPXW,2026-08-26,5,Put,7410.0,SPXW260826P07410000,0.85,0.95,0.8999999999999999,0.9,-3.2,-78.0488,9.0,268.0,0.1463,-0.0202,0.0004,0.4886,-0.5199,-0.0124,0.9399,1.85,1.85,0.9,4.09999990463257,no_change,2026-08-21T15:57:53,0.0,0.0
SPXW,2026-08-26,5,Call,7415.0,SPXW260826C07415000,253.7,272.8,263.25,0.0,0.0,0.0,0.0,0.0,0.1406,0.9789,0.0004,0.5075,-0.5376,0.5958,260.5399,0.0,0.0,0.0,243.75,no_change,,0.0,0.0
SPXW,2026-08-26,5,Put,7415.0,SPXW260826P07415000,0.9,1.0,0.95,0.9,-3.4,-79.0698,15.0,134.0,0.1451,-0.0211,0.0004,0.5076,-0.5376,-0.013,0.9803,1.8,1.8,0.9,4.29999995231628,down,2026-08-21T15:49:07,0.0,0.0
SPXW,2026-08-26,5,Call,7420.0,SPXW260826C07420000,248.7,267.8,258.25,261.79,22.94,9.60435,1.0,15.0,0.1394,0.9779,0.0004,0.5276,-0.5564,0.5956,255.5852,261.79,261.79,261.79,238.849998474121,down,2026-08-21T13:31:24,0.0,0.0
SPXW,2026-08-26,5,Put,7420.0,SPXW260826P07420000,0.95,1.05,1.0,1.07,-3.33,-75.6818,269.0,239.0,0.1438,-0.0221,0.0004,0.5276,-0.5564,-0.0136,1.0236,2.1,2.1,1.06,4.40000009536743,no_change,2026-08-21T15:55:37,0.0,0.0
SPXW,2026-08-26,5,Call,7425.0,SPXW260826C07425000,243.8,262.9,253.35,300.32,0.0,0.0,0.0,16.0,0.1382,0.9768,0.0004,0.5489,-0.5766,0.5953,250.6341,0.0,0.0,0.0,234.150001525879,up,2026-08-19T10:20:08,0.0,0.0
SPXW,2026-08-26,5,Put,7425.0,SPXW260826P07425000,0.95,1.1,1.025,1.05,-3.55,-77.1739,25.0,720.0,0.1424,-0.0232,0.0004,0.5489,-0.5766,-0.0143,1.0706,1.6,1.6,1.05,4.59999990463257,no_change,2026-08-21T15:46:49,0.0,0.0
SPXW,2026-08-26,5,Call,7430.0,SPXW260826C07430000,238.6,258.0,248.3,251.51,22.01,9.59041,1.0,20.0,0.1369,0.9756,0.0004,0.5714,-0.5981,0.595,245.6867,251.51,251.51,251.51,229.5,down,2026-08-21T15:07:27,0.0,0.0
SPXW,2026-08-26,5,Put,7430.0,SPXW260826P07430000,1.0,1.15,1.075,1.05,-3.75,-78.125,213.0,96.0,0.1409,-0.0244,0.0004,0.5714,-0.5981,-0.0151,1.1215,1.9,2.05,1.05,4.79999995231628,down,2026-08-21T15:47:12,0.0,0.0
SPXW,2026-08-26,5,Call,7435.0,SPXW260826C07435000,234.1,253.0,243.55,0.0,0.0,0.0,0.0,0.0,0.1356,0.9743,0.0005,0.5953,-0.621,0.5946,240.7435,0.0,0.0,0.0,224.450004577637,no_change,,0.0,0.0
SPXW,2026-08-26,5,Put,7435.0,SPXW260826P07435000,1.05,1.2,1.125,1.4,-3.6,-72.0,8.0,92.0,0.1394,-0.0256,0.0005,0.5953,-0.621,-0.0159,1.1765,1.65,1.65,1.4,5.0,down,2026-08-21T15:06:02,0.0,0.0
SPXW,2026-08-26,5,Call,7440.0,SPXW260826C07440000,228.9,248.1,238.5,328.85,0.0,0.0,0.0,22.0,0.1351,0.973,0.0005,0.6207,-0.6455,0.5942,235.8048,0.0,0.0,0.0,219.550003051758,up,2026-08-07T10:50:43,0.0,0.0
SPXW,2026-08-26,5,Put,7440.0,SPXW260826P07440000,1.15,1.25,1.2,1.2,-4.0,-76.9231,43.0,135.0,0.1383,-0.027,0.0005,0.6207,-0.6455,-0.0167,1.236,2.32,2.35,1.2,5.20000004768372,no_change,2026-08-21T16:08:09,0.0,0.0
SPXW,2026-08-26,5,Call,7445.0,SPXW260826C07445000,224.0,243.2,233.6,0.0,0.0,0.0,0.0,0.0,0.1336,0.9715,0.0005,0.6478,-0.6716,0.5937,230.871,0.0,0.0,0.0,214.149993896484,no_change,,0.0,0.0
SPXW,2026-08-26,5,Put,7445.0,SPXW260826P07445000,1.2,1.35,1.275,1.25,-4.25,-77.2727,50.0,102.0,0.1367,-0.0285,0.0005,0.6478,-0.6716,-0.0176,1.3004,2.35,2.35,1.25,5.5,no_change,2026-08-21T16:02:58,0.0,0.0
SPXW,2026-08-26,5,Call,7450.0,SPXW260826C07450000,219.7,238.2,228.95,233.6,24.1,11.5036,20.0,10.0,0.1329,0.9699,0.0006,0.6765,-0.6994,0.5931,225.9424,247.39,247.39,233.6,209.5,no_change,2026-08-21T13:06:31,0.0,0.0
SPXW,2026-08-26,5,Put,7450.0,SPXW260826P07450000,1.25,1.4,1.325,1.35,-4.35,-76.3158,1736.0,405.0,0.1355,-0.03,0.0006,0.6765,-0.6994,-0.0186,1.37,2.52,2.52,1.3,5.70000004768372,down,2026-08-21T16:14:07,0.0,0.0
SPXW,2026-08-26,5,Call,7455.0,SPXW260826C07455000,210.1,233.1,221.6,0.0,0.0,0.0,0.0,0.0,0.1312,0.9682,0.0006,0.7071,-0.7289,0.5925,221.0195,0.0,0.0,0.0,204.600006103516,no_change,,0.0,0.0
SPXW,2026-08-26,5,Put,7455.0,SPXW260826P07455000,1.35,1.5,1.425,1.4,-4.55,-76.4706,175.0,428.0,0.1345,-0.0317,0.0006,0.7071,-0.7289,-0.0196,1.4453,2.6,2.75,1.4,5.95000004768372,no_change,2026-08-21T16:02:58,0.0,0.0
SPXW,2026-08-26,5,Call,7460.0,SPXW260826C07460000,205.8,227.6,216.7,221.63,20.98,10.456,1.0,52.0,0.1311,0.9664,0.0006,0.7393,-0.7603,0.5917,216.1027,221.63,221.63,221.63,200.650001525879,up,2026-08-21T13:31:24,0.0,0.0
SPXW,2026-08-26,5,Put,7460.0,SPXW260826P07460000,1.45,1.55,1.5,1.45,-4.75,-76.6129,370.0,252.0,0.1327,-0.0336,0.0006,0.7393,-0.7603,-0.0208,1.5267,2.74,2.82,1.4,6.20000004768372,down,2026-08-21T16:02:58,0.0,0.0
SPXW,2026-08-26,5,Call,7465.0,SPXW260826C07465000,204.6,224.1,214.35,225.36,0.0,0.0,0.0,2.0,0.1252,0.9644,0.0007,0.7734,-0.7937,0.5909,211.1928,0.0,0.0,0.0,195.850006103516,down,2026-08-20T10:07:33,0.0,0.0
SPXW,2026-08-26,5,Put,7465.0,SPXW260826P07465000,1.5,1.65,1.575,1.45,-5.05,-77.6923,88.0,105.0,0.1316,-0.0355,0.0007,0.7734,-0.7937,-0.022,1.615,3.02,3.1,1.45,6.5,no_change,2026-08-21T15:47:12,0.0,0.0
SPXW,2026-08-26,5,Call,7470.0,SPXW260826C07470000,199.7,213.8,206.75,213.95,23.25,12.1919,20.0,31.0,0.1289,0.9623,0.0007,0.8092,-0.8291,0.59,206.2901,228.14,228.14,213.95,190.699996948242,no_change,2026-08-21T13:06:31,0.0,0.0
SPXW,2026-08-26,5,Put,7470.0,SPXW260826P07470000,1.6,1.75,1.675,1.7,-5.1,-75.0,385.0,290.0,0.1304,-0.0377,0.0007,0.8092,-0.8291,-0.0234,1.7106,2.99,3.08,1.65,6.79999995231628,up,2026-08-21T16:08:34,0.0,0.0
SPXW,2026-08-26,5,Call,7475.0,SPXW260826C07475000,195.5,211.5,203.5,191.91,0.0,0.0,0.0,61.0,0.1276,0.96,0.0007,0.8471,-0.8667,0.5889,201.3954,0.0,0.0,0.0,185.75,down,2026-08-20T14:08:13,0.0,0.0
SPXW,2026-08-26,5,Put,7475.0,SPXW260826P07475000,1.7,1.85,1.775,1.75,-5.35,-75.3521,185.0,284.0,0.1291,-0.0399,0.0007,0.8471,-0.8667,-0.0248,1.8141,3.2,3.2,1.65,7.09999990463257,no_change,2026-08-21T16:02:58,0.0,0.0
SPXW,2026-08-26,5,Call,7480.0,SPXW260826C07480000,189.1,204.1,196.6,240.04,0.0,0.0,0.0,33.0,0.1256,0.9576,0.0008,0.8873,-0.9065,0.5878,196.5092,0.0,0.0,0.0,181.050003051758,up,2026-08-19T16:00:11,0.0,0.0
SPXW,2026-08-26,5,Put,7480.0,SPXW260826P07480000,1.85,1.95,1.9,1.9,-5.5,-74.3243,266.0,189.0,0.1277,-0.0424,0.0008,0.8873,-0.9065,-0.0264,1.926,3.4,3.73,1.77,7.40000009536743,no_change,2026-08-21T16:08:34,0.0,0.0
SPXW,2026-08-26,5,Call,7485.0,SPXW260826C07485000,185.2,200.7,192.95,224.26,0.0,0.0,0.0,1.0,0.1248,0.9549,0.0008,0.9299,-0.9485,0.5866,191.6319,0.0,0.0,0.0,176.400001525879,down,2026-08-18T15:12:37,0.0,0.0
SPXW,2026-08-26,5,Put,7485.0,SPXW260826P07485000,1.95,2.1,2.025,1.98,-5.82,-74.6154,294.0,310.0,0.1268,-0.045,0.0008,0.9299,-0.9485,-0.028,2.047,3.55,3.65,1.75,7.79999995231628,no_change,2026-08-21T16:12:08,0.0,0.0
SPXW,2026-08-26,5,Call,7490.0,SPXW260826C07490000,180.3,195.4,187.85000000000002,194.26,22.36,13.0076,2.0,9.0,0.1233,0.9521,0.0009,0.9748,-0.9928,0.5852,186.7644,180.15,194.26,180.15,171.899993896484,up,2026-08-21T13:18:35,0.0,0.0
SPXW,2026-08-26,5,Put,7490.0,SPXW260826P07490000,2.05,2.2,2.125,2.1,-6.0,-74.0741,68.0,304.0,0.1255,-0.0479,0.0009,0.9748,-0.9928,-0.0298,2.1777,3.93,4.0,2.1,8.09999990463257,down,2026-08-21T16:02:58,0.0,0.0
SPXW,2026-08-26,5,Call,7495.0,SPXW260826C07495000,175.0,191.0,183.0,0.0,0.0,0.0,0.0,0.0,0.1223,0.949,0.0009,1.0219,-1.0396,0.5837,181.9075,0.0,0.0,0.0,167.650001525879,no_change,,0.0,0.0
SPXW,2026-08-26,5,Put,7495.0,SPXW260826P07495000,2.2,2.35,2.2750000000000004,2.27,-6.23,-73.2941,91.0,212.0,0.1241,-0.0509,0.0009,1.0219,-1.0396,-0.0317,2.319,4.4,4.4,2.1,8.5,down,2026-08-21T16:12:17,0.0,0.0
SPXW,2026-08-26,5,Call,7500.0,SPXW260826C07500000,173.0,183.0,178.0,184.3,21.1,12.9289,11.0,661.0,0.1222,0.9457,0.001,1.0711,-1.0888,0.582,177.0621,171.05,184.84,171.05,163.199996948242,down,2026-08-21T15:29:01,0.0,0.0
SPXW,2026-08-26,5,Put,7500.0,SPXW260826P07500000,2.35,2.5,2.425,2.38,-6.37,-71.573,313.0,826.0,0.1231,-0.0542,0.001,1.0711,-1.0888,-0.0338,2.4718,4.5,4.71,2.25,8.90000009536743,down,2026-08-21T16:14:38,0.0,0.0
SPXW,2026-08-26,5,Call,7505.0,SPXW260826C07505000,166.0,181.4,173.7,190.88,0.0,0.0,0.0,3.0,0.1204,0.9422,0.0011,1.1227,-1.1404,0.5802,172.2291,0.0,0.0,0.0,158.649993896484,no_change,2026-08-20T10:02:08,0.0,0.0
SPXW,2026-08-26,5,Put,7505.0,SPXW260826P07505000,2.5,2.65,2.575,2.41,-6.99,-74.3617,80.0,181.0,0.1218,-0.0578,0.0011,1.1227,-1.1404,-0.036,2.6369,4.65,4.65,2.4,9.40000009536743,no_change,2026-08-21T15:46:39,0.0,0.0
SPXW,2026-08-26,5,Call,7510.0,SPXW260826C07510000,161.2,176.9,169.05,174.66,20.21,13.0851,2.0,52.0,0.1194,0.9384,0.0011,1.177,-1.1946,0.5782,167.4091,161.2,174.66,161.2,154.449996948242,up,2026-08-21T15:30:09,0.0,0.0
SPXW,2026-08-26,5,Put,7510.0,SPXW260826P07510000,2.7,2.85,2.7750000000000004,2.78,-7.02,-71.6327,89.0,399.0,0.1206,-0.0615,0.0011,1.177,-1.1946,-0.0384,2.8152,5.0,5.2,2.45,9.7999997138977,no_change,2026-08-21T16:12:08,0.0,0.0
SPXW,2026-08-26,5,Call,7515.0,SPXW260826C07515000,156.4,172.1,164.25,178.21,0.0,0.0,0.0,2.0,0.1188,0.9344,0.0012,1.2342,-1.2513,0.5761,162.6031,0.0,0.0,0.0,149.0,down,2026-08-20T10:07:33,0.0,0.0
SPXW,2026-08-26,5,Put,7515.0,SPXW260826P07515000,2.9,3.0,2.95,3.0,-7.3,-70.8738,93.0,169.0,0.1194,-0.0656,0.0012,1.2342,-1.2513,-0.0409,3.0074,5.0,5.1,2.55,10.2999997138977,up,2026-08-21T16:07:27,0.0,0.0
SPXW,2026-08-26,5,Call,7520.0,SPXW260826C07520000,150.9,166.9,158.9,152.1,7.3,5.04143,9.0,59.0,0.1172,0.93,0.0013,1.294,-1.3104,0.5738,157.812,152.1,152.1,152.1,144.800003051758,no_change,2026-08-21T10:20:55,0.0,0.0
SPXW,2026-08-26,5,Put,7520.0,SPXW260826P07520000,3.0,3.2,3.1,3.13,-7.67,-71.0185,62.0,1294.0,0.118,-0.07,0.0013,1.294,-1.3104,-0.0436,3.2145,5.85,5.85,3.0,10.7999997138977,down,2026-08-21T16:14:38,0.0,0.0
SPXW,2026-08-26,5,Call,7525.0,SPXW260826C07525000,146.6,162.1,154.35,241.75,0.0,0.0,0.0,125.0,0.1158,0.9253,0.0013,1.3562,-1.372,0.5712,153.0373,0.0,0.0,0.0,140.600006103516,up,2026-08-12T12:39:54,0.0,0.0
SPXW,2026-08-26,5,Put,7525.0,SPXW260826P07525000,3.2,3.5,3.35,3.27,-8.03,-71.0619,117.0,2141.0,0.1166,-0.0746,0.0013,1.3562,-1.372,-0.0466,3.438,5.66,5.8,2.95,11.2999997138977,down,2026-08-21T15:56:45,0.0,0.0
SPXW,2026-08-26,5,Call,7530.0,SPXW260826C07530000,144.4,154.2,149.3,155.35,19.15,14.0602,1.0,581.0,0.1156,0.9203,0.0014,1.4206,-1.4361,0.5685,148.2801,155.35,155.35,155.35,136.199996948242,down,2026-08-21T15:29:01,0.0,0.0
SPXW,2026-08-26,5,Put,7530.0,SPXW260826P07530000,3.5,3.7,3.6,3.5,-8.4,-70.5882,38.0,339.0,0.1159,-0.0796,0.0014,1.4206,-1.4361,-0.0498,3.679,6.7,6.7,3.5,11.9000000953674,no_change,2026-08-21T15:54:03,0.0,0.0
SPXW,2026-08-26,5,Call,7535.0,SPXW260826C07535000,137.0,152.6,144.8,0.0,0.0,0.0,0.0,0.0,0.1136,0.915,0.0015,1.4875,-1.5026,0.5655,143.5417,0.0,0.0,0.0,131.75,no_change,,0.0,0.0
SPXW,2026-08-26,5,Put,7535.0,SPXW260826P07535000,3.7,3.9,3.8,3.41,-9.09,-72.72,141.0,322.0,0.1143,-0.085,0.0015,1.4875,-1.5026,-0.0532,3.9388,7.1,7.1,3.41,12.5,down,2026-08-21T15:47:01,0.0,0.0
SPXW,2026-08-26,5,Call,7540.0,SPXW260826C07540000,132.3,147.7,140.0,179.02,0.0,0.0,0.0,133.0,0.1126,0.9092,0.0016,1.5576,-1.5714,0.5623,138.8231,0.0,0.0,0.0,126.899997711182,down,2026-08-18T12:39:19,0.0,0.0
SPXW,2026-08-26,5,Put,7540.0,SPXW260826P07540000,4.0,4.2,4.1,4.05,-9.05,-69.084,167.0,424.0,0.1133,-0.0907,0.0016,1.5576,-1.5714,-0.0568,4.2184,7.22,7.57,3.8,13.0999999046326,up,2026-08-21T15:54:33,0.0,0.0
SPXW,2026-08-26,5,Call,7545.0,SPXW260826C07545000,127.6,142.5,135.05,252.83,0.0,0.0,0.0,1.0,0.1115,0.9031,0.0017,1.6307,-1.6425,0.5589,134.1258,0.0,0.0,0.0,123.500003814697,down,2026-08-14T12:15:36,0.0,0.0
SPXW,2026-08-26,5,Put,7545.0,SPXW260826P07545000,4.3,4.5,4.4,4.4,-9.35,-68.0,113.0,151.0,0.1122,-0.0969,0.0017,1.6307,-1.6425,-0.0606,4.5194,7.2,8.2,4.1,13.75,up,2026-08-21T16:11:40,0.0,0.0
SPXW,2026-08-26,5,Call,7550.0,SPXW260826C07550000,122.1,137.8,129.95,135.6,16.1,13.4728,8.0,93.0,0.1102,0.8965,0.0018,1.706,-1.7156,0.5551,129.4518,124.82,135.6,124.82,119.5,up,2026-08-21T12:54:20,0.0,0.0
SPXW,2026-08-26,5,Put,7550.0,SPXW260826P07550000,4.6,4.8,4.699999999999999,4.71,-9.79,-67.5172,405.0,689.0,0.1112,-0.1034,0.0018,1.706,-1.7156,-0.0648,4.8435,8.3,8.45,4.15,14.5,no_change,2026-08-21T16:08:22,0.0,0.0
SPXW,2026-08-26,5,Call,7555.0,SPXW260826C07555000,117.4,133.2,125.3,120.86,5.61,4.86768,7.0,7.0,0.1093,0.8895,0.0019,1.7832,-1.7909,0.551,124.803,120.86,120.86,120.86,115.25,down,2026-08-21T10:19:03,0.0,0.0
SPXW,2026-08-26,5,Put,7555.0,SPXW260826P07555000,5.0,5.2,5.1,4.51,-10.64,-70.231,93.0,183.0,0.11,-0.1105,0.0019,1.7832,-1.7909,-0.0693,5.1929,7.83,8.7,4.51,15.1500000953674,no_change,2026-08-21T15:46:39,0.0,0.0
SPXW,2026-08-26,5,Call,7560.0,SPXW260826C07560000,113.2,128.6,120.9,116.11,5.91,5.36298,3.0,85.0,0.1078,0.882,0.002,1.8628,-1.868,0.5467,120.1812,116.11,116.11,116.11,110.200000762939,up,2026-08-21T10:19:31,0.0,0.0
SPXW,2026-08-26,5,Put,7560.0,SPXW260826P07560000,5.3,5.5,5.4,5.7,-10.25,-64.2633,292.0,137.0,0.1087,-0.118,0.002,1.8628,-1.868,-0.074,5.5693,9.12,9.4,4.8,15.9500002861023,up,2026-08-21T15:59:56,0.0,0.0
SPXW,2026-08-26,5,Call,7565.0,SPXW260826C07565000,108.6,124.2,116.4,133.49,27.64,26.1124,19.0,11.0,0.1071,0.874,0.0021,1.9455,-1.9468,0.5421,115.588,114.05,133.49,111.66,105.849998474121,up,2026-08-21T11:42:40,0.0,0.0
SPXW,2026-08-26,5,Put,7565.0,SPXW260826P07565000,5.7,5.9,5.800000000000001,5.9,-10.85,-64.7761,117.0,459.0,0.1078,-0.126,0.0021,1.9455,-1.9468,-0.079,5.9744,10.3,10.3,5.4,16.75,up,2026-08-21T16:13:19,0.0,0.0
SPXW,2026-08-26,5,Call,7570.0,SPXW260826C07570000,107.2,116.5,111.85,111.03,9.73,9.60513,46.0,1043.0,0.106,0.8654,0.0023,2.0309,-2.027,0.5371,111.026,111.32,121.08,103.37,101.299999237061,down,2026-08-21T14:28:05,0.0,0.0
SPXW,2026-08-26,5,Put,7570.0,SPXW260826P07570000,6.1,6.3,6.199999999999999,6.23,-11.37,-64.6023,79.0,274.0,0.1064,-0.1345,0.0023,2.0309,-2.027,-0.0844,6.4106,10.8,10.8,5.35,17.6000003814697,down,2026-08-21T16:14:42,0.0,0.0
SPXW,2026-08-26,5,Call,7575.0,SPXW260826C07575000,101.0,117.0,109.0,110.91,13.06,13.347,13.0,95.0,0.1048,0.8563,0.0024,2.1177,-2.1086,0.5317,106.4983,104.64,112.61,104.64,97.8499984741211,down,2026-08-21T13:48:38,0.0,0.0
SPXW,2026-08-26,5,Put,7575.0,SPXW260826P07575000,6.6,6.8,6.699999999999999,6.76,-11.74,-63.4595,200.0,433.0,0.1054,-0.1437,0.0024,2.1177,-2.1086,-0.0903,6.8811,10.35,10.6,5.75,18.5,up,2026-08-21T16:13:19,0.0,0.0
SPXW,2026-08-26,5,Call,7580.0,SPXW260826C07580000,98.2,106.1,102.15,106.24,7.85,8.39124,1.0,245.0,0.1038,0.8465,0.0025,2.2057,-2.1912,0.5259,102.0078,106.24,106.24,106.24,93.5499992370606,up,2026-08-21T13:48:38,0.0,0.0
SPXW,2026-08-26,5,Put,7580.0,SPXW260826P07580000,7.1,7.3,7.199999999999999,7.14,-12.31,-63.2905,562.0,741.0,0.1041,-0.1534,0.0025,2.2057,-2.1912,-0.0965,7.3888,11.35,12.2,6.5,19.4499998092651,down,2026-08-21T16:14:42,0.0,0.0
SPXW,2026-08-26,5,Call,7585.0,SPXW260826C07585000,92.0,102.0,97.0,97.0,7.15,7.95771,10.0,81.0,0.1022,0.8361,0.0027,2.2959,-2.2745,0.5198,97.5571,97.0,97.0,97.0,89.8499984741211,down,2026-08-21T09:47:30,0.0,0.0
SPXW,2026-08-26,5,Put,7585.0,SPXW260826P07585000,7.6,7.8,7.699999999999999,7.8,-12.7,-62.1027,257.0,213.0,0.103,-0.1639,0.0027,2.2959,-2.2745,-0.103,7.9363,11.75,12.05,7.0,20.4499998092651,no_change,2026-08-21T16:10:03,0.0,0.0
SPXW,2026-08-26,5,Call,7590.0,SPXW260826C07590000,87.7,97.7,92.7,96.87,11.02,12.8363,2.0,5.0,0.1011,0.825,0.0028,2.3886,-2.3582,0.5131,93.1493,91.29,96.87,91.29,85.8499984741211,up,2026-08-21T15:55:52,0.0,0.0
SPXW,2026-08-26,5,Put,7590.0,SPXW260826P07590000,8.2,8.4,8.3,8.31,-13.19,-61.3488,652.0,340.0,0.1018,-0.175,0.0028,2.3886,-2.3582,-0.1101,8.5267,12.4,13.12,7.3,21.5,no_change,2026-08-21T16:14:46,0.0,0.0
SPXW,2026-08-26,5,Call,7595.0,SPXW260826C07595000,84.9,92.8,88.85,92.52,6.3,7.68761,4.0,6.0,0.1004,0.8131,0.003,2.482,-2.4418,0.5059,88.7889,99.0,99.0,88.8,81.9500007629394,up,2026-08-21T15:55:52,0.0,0.0
SPXW,2026-08-26,5,Put,7595.0,SPXW260826P07595000,8.8,9.1,8.95,9.3,-13.35,-58.9404,179.0,211.0,0.1005,-0.1868,0.003,2.482,-2.4418,-0.1177,9.1645,14.7,14.7,7.87,22.6499996185303,up,2026-08-21T16:00:13,0.0,0.0
SPXW,2026-08-26,5,Call,7600.0,SPXW260826C07600000,79.0,88.5,83.75,85.47,7.37,9.43662,71.0,139.0,0.0995,0.8005,0.0031,2.5751,-2.5249,0.4983,84.4804,83.66,97.7,81.44,78.0999984741211,no_change,2026-08-21T16:12:24,0.0,0.0
SPXW,2026-08-26,5,Put,7600.0,SPXW260826P07600000,9.5,9.8,9.65,9.57,-13.92,-58.4874,998.0,3127.0,0.0994,-0.1995,0.0031,2.5751,-2.5249,-0.1258,9.8542,14.2,15.4,8.1,23.8000001907349,no_change,2026-08-21T16:14:46,0.0,0.0
SPXW,2026-08-26,5,Call,7605.0,SPXW260826C07605000,74.8,84.3,79.55,93.2,18.85,25.3531,25.0,22.0,0.0979,0.787,0.0033,2.6687,-2.607,0.4902,80.2272,83.94,93.2,78.99,74.3499984741211,no_change,2026-08-21T11:37:15,0.0,0.0
SPXW,2026-08-26,5,Put,7605.0,SPXW260826P07605000,10.2,10.5,10.35,9.79,-14.45,-57.6846,306.0,197.0,0.0984,-0.2129,0.0033,2.6687,-2.607,-0.1342,10.5993,15.2,15.9,9.3,25.0500001907349,down,2026-08-21T15:58:33,0.0,0.0
SPXW,2026-08-26,5,Call,7610.0,SPXW260826C07610000,72.5,80.1,76.3,77.1,6.45,9.12951,33.0,27.0,0.0968,0.7727,0.0035,2.7634,-2.6874,0.4816,76.034,79.94,92.99,77.1,70.6500015258789,no_change,2026-08-21T16:12:24,0.0,0.0
SPXW,2026-08-26,5,Put,7610.0,SPXW260826P07610000,11.0,11.3,11.15,11.37,-14.98,-56.8501,233.0,397.0,0.0972,-0.2272,0.0035,2.7634,-2.6874,-0.1433,11.4042,16.05,17.8,9.5,26.3500003814697,no_change,2026-08-21T16:11:26,0.0,0.0
SPXW,2026-08-26,5,Call,7615.0,SPXW260826C07615000,68.4,76.0,72.2,73.2,6.15,9.17226,12.0,6.0,0.0955,0.7575,0.0036,2.8568,-2.7655,0.4722,71.9067,81.41,81.41,73.2,67.0499992370606,no_change,2026-08-21T16:06:56,0.0,0.0
SPXW,2026-08-26,5,Put,7615.0,SPXW260826P07615000,11.9,12.1,12.0,12.02,-15.73,-56.6847,141.0,548.0,0.096,-0.2425,0.0036,2.8568,-2.7655,-0.1531,12.2751,17.0,18.0,10.48,27.75,down,2026-08-21T16:12:17,0.0,0.0
SPXW,2026-08-26,5,Call,7620.0,SPXW260826C07620000,66.4,70.8,68.6,68.08,4.58,7.2126,14.0,44.0,0.0943,0.7413,0.0038,2.9474,-2.8404,0.4623,67.8508,65.4,75.9,65.4,63.5,no_change,2026-08-21T14:11:14,0.0,0.0
SPXW,2026-08-26,5,Put,7620.0,SPXW260826P07620000,12.8,13.0,12.9,13.22,-15.9,-54.4521,453.0,1234.0,0.0949,-0.2586,0.0038,2.9474,-2.8404,-0.1634,13.2175,17.9,20.1,11.0,29.1999998092651,up,2026-08-21T16:11:30,0.0,0.0
SPXW,2026-08-26,5,Call,7625.0,SPXW260826C07625000,62.4,66.8,64.6,65.15,5.1,8.49292,283.0,438.0,0.0931,0.7242,0.004,3.0364,-2.9114,0.452,63.8708,64.1,80.15,59.56,60.0500011444092,no_change,2026-08-21T16:06:56,0.0,0.0
SPXW,2026-08-26,5,Put,7625.0,SPXW260826P07625000,13.8,14.1,13.95,14.1,-16.65,-54.1463,250.0,652.0,0.0937,-0.2757,0.004,3.0364,-2.9114,-0.1741,14.2357,21.3,21.3,11.59,30.75,no_change,2026-08-21T16:10:44,0.0,0.0
SPXW,2026-08-26,5,Call,7630.0,SPXW260826C07630000,58.5,62.9,60.7,64.12,7.47,13.1862,12.0,55.0,0.092,0.7062,0.0041,3.1232,-2.9775,0.4408,59.9731,60.8,64.12,58.7,56.6499996185303,up,2026-08-21T15:56:38,0.0,0.0
SPXW,2026-08-26,5,Put,7630.0,SPXW260826P07630000,14.9,15.1,15.0,15.06,-17.29,-53.4467,140.0,339.0,0.0926,-0.2938,0.0041,3.1232,-2.9775,-0.1857,15.3362,21.0,21.95,12.7,32.3500003814697,up,2026-08-21T16:04:48,0.0,0.0
SPXW,2026-08-26,5,Call,7635.0,SPXW260826C07635000,56.7,57.0,56.85,57.83,1.83,3.43018,62.0,87.0,0.0914,0.6871,0.0043,3.2047,-3.0375,0.4289,56.165,55.3,62.5,52.4,53.3500003814697,up,2026-08-21T16:04:26,0.0,0.0
SPXW,2026-08-26,5,Put,7635.0,SPXW260826P07635000,16.0,16.3,16.15,16.43,-17.9,-52.5698,409.0,145.0,0.0915,-0.3129,0.0043,3.2047,-3.0375,-0.198,16.5263,22.06,22.06,13.5,34.0500011444092,up,2026-08-21T16:02:14,0.0,0.0
SPXW,2026-08-26,5,Call,7640.0,SPXW260826C07640000,53.0,53.3,53.15,54.08,1.33,2.65204,156.0,53.0,0.0904,0.6669,0.0045,3.2805,-3.0906,0.4166,52.4516,60.1,65.3,49.54,50.1499996185303,down,2026-08-21T16:04:26,0.0,0.0
SPXW,2026-08-26,5,Put,7640.0,SPXW260826P07640000,17.3,17.6,17.450000000000003,17.82,-18.4,-51.325,633.0,311.0,0.0905,-0.333,0.0045,3.2805,-3.0906,-0.2107,17.811,22.8,25.88,14.7,35.8500003814697,up,2026-08-21T16:13:40,0.0,0.0
SPXW,2026-08-26,5,Call,7645.0,SPXW260826C07645000,49.3,49.7,49.5,49.88,2.88,6.12766,77.0,54.0,0.0894,0.6458,0.0046,3.3513,-3.1356,0.4036,48.8388,54.0,64.1,45.6,47.0,up,2026-08-21T16:07:30,0.0,0.0
SPXW,2026-08-26,5,Put,7645.0,SPXW260826P07645000,18.7,18.9,18.799999999999997,19.1,-18.6,-49.3369,369.0,139.0,0.0894,-0.3541,0.0046,3.3513,-3.1356,-0.2242,19.1965,24.3,27.1,15.2,37.6999988555908,up,2026-08-21T16:02:57,0.0,0.0
SPXW,2026-08-26,5,Call,7650.0,SPXW260826C07650000,45.8,46.1,45.95,51.1,7.1,16.1364,208.0,3747.0,0.0884,0.6237,0.0048,3.4142,-3.1712,0.3897,45.3351,49.67,63.85,41.9,44.0,up,2026-08-21T15:59:26,0.0,0.0
SPXW,2026-08-26,5,Put,7650.0,SPXW260826P07650000,20.1,20.3,20.200000000000003,20.24,-19.41,-48.9533,627.0,936.0,0.0883,-0.3762,0.0048,3.4142,-3.1712,-0.2384,20.691,27.34,29.85,16.3,39.6499996185303,down,2026-08-21T16:12:36,0.0,0.0
SPXW,2026-08-26,5,Call,7655.0,SPXW260826C07655000,42.4,42.7,42.55,45.8,-0.31,-0.755179,75.0,40.0,0.0873,0.6007,0.0049,3.4674,-3.1964,0.3756,41.9458,48.33,58.1,39.3,41.0500011444092,down,2026-08-21T15:54:30,0.0,0.0
SPXW,2026-08-26,5,Put,7655.0,SPXW260826P07655000,21.7,22.0,21.85,21.5,-18.61,-44.5749,165.0,339.0,0.0873,-0.3993,0.0049,3.4674,-3.1964,-0.253,22.2999,27.5,30.38,19.2,41.75,up,2026-08-21T15:56:29,0.0,0.0
SPXW,2026-08-26,5,Call,7660.0,SPXW260826C07660000,39.1,39.4,39.25,39.66,1.46,3.82199,203.0,199.0,0.0862,0.5767,0.005,3.5117,-3.2101,0.3606,38.6766,43.8,46.5,35.7,38.1999988555908,down,2026-08-21T16:07:30,0.0,0.0
SPXW,2026-08-26,5,Put,7660.0,SPXW260826P07660000,23.4,23.7,23.549999999999997,23.4,-20.5,-46.697,268.0,228.0,0.0864,-0.4232,0.005,3.5117,-3.2101,-0.2683,24.0289,28.9,33.85,19.3,43.8999996185303,down,2026-08-21T16:14:38,0.0,0.0
SPXW,2026-08-26,5,Call,7665.0,SPXW260826C07665000,36.0,36.3,36.15,39.3,3.8,10.7042,197.0,65.0,0.0854,0.5519,0.0052,3.5447,-3.2111,0.345,35.5359,43.5,49.7,32.5,35.5,down,2026-08-21T15:54:21,0.0,0.0
SPXW,2026-08-26,5,Put,7665.0,SPXW260826P07665000,25.3,25.6,25.450000000000003,25.5,-20.65,-44.7454,122.0,321.0,0.0854,-0.448,0.0052,3.5447,-3.2111,-0.2843,25.8864,32.1,34.6,20.8,46.1499996185303,up,2026-08-21T16:09:17,0.0,0.0
SPXW,2026-08-26,5,Call,7670.0,SPXW260826C07670000,32.9,33.2,33.05,32.9,0.0,1.15948e-06,154.0,272.0,0.0843,0.5264,0.0052,3.565,-3.1988,0.3293,32.5283,39.7,44.11,29.8,32.8999996185303,down,2026-08-21T16:11:37,0.0,0.0
SPXW,2026-08-26,5,Put,7670.0,SPXW260826P07670000,27.2,27.5,27.35,27.4,-20.65,-42.5335,424.0,534.0,0.0845,-0.4736,0.0052,3.565,-3.1988,-0.3005,27.8771,32.47,36.92,21.8,48.5500011444092,no_change,2026-08-21T16:08:01,0.0,0.0
SPXW,2026-08-26,5,Call,7675.0,SPXW260826C07675000,30.0,30.3,30.15,30.54,0.19,0.626028,778.0,230.0,0.0835,0.5001,0.0053,3.5721,-3.1724,0.3128,29.6595,36.2,41.4,27.16,30.3500003814697,up,2026-08-21T16:07:30,0.0,0.0
SPXW,2026-08-26,5,Put,7675.0,SPXW260826P07675000,29.3,29.6,29.450000000000003,29.43,-20.86,-40.902,842.0,376.0,0.0835,-0.4998,0.0053,3.5721,-3.1724,-0.3174,30.0064,36.3,40.3,23.5,51.0,down,2026-08-21T16:12:36,0.0,0.0
SPXW,2026-08-26,5,Call,7680.0,SPXW260826C07680000,27.3,27.6,27.450000000000003,27.9,-0.05,-0.17889,396.0,212.0,0.0825,0.4733,0.0054,3.565,-3.1312,0.296,26.9364,32.4,43.2,24.83,27.9499998092651,up,2026-08-21T16:01:23,0.0,0.0
SPXW,2026-08-26,5,Put,7680.0,SPXW260826P07680000,31.6,31.9,31.75,32.0,-21.6,-40.2985,432.0,1694.0,0.0827,-0.5266,0.0054,3.565,-3.1312,-0.3346,32.2816,37.1,41.8,25.02,53.6000003814697,up,2026-08-21T16:13:11,0.0,0.0
SPXW,2026-08-26,5,Call,7685.0,SPXW260826C07685000,24.7,25.0,24.85,24.6,-1.05,-4.09357,203.0,83.0,0.0816,0.4462,0.0054,3.5432,-3.0752,0.2792,24.3617,32.0,36.3,22.53,25.6499996185303,down,2026-08-21T16:12:47,0.0,0.0
SPXW,2026-08-26,5,Put,7685.0,SPXW260826P07685000,34.0,34.3,34.15,34.0,-22.3,-39.6092,293.0,168.0,0.0818,-0.5538,0.0054,3.5432,-3.0752,-0.3518,34.705,40.87,46.0,26.77,56.3000011444092,up,2026-08-21T16:09:08,0.0,0.0
SPXW,2026-08-26,5,Call,7690.0,SPXW260826C07690000,22.2,22.5,22.35,22.5,-2.45,-10.4478,185.0,107.0,0.0809,0.4187,0.0054,3.5052,-3.0045,0.2618,21.9403,26.81,36.92,21.1,23.4499998092651,down,2026-08-21T16:14:54,0.0,0.0
SPXW,2026-08-26,5,Put,7690.0,SPXW260826P07690000,36.5,36.8,36.65,33.8,-25.35,-42.8571,194.0,183.0,0.0809,-0.5812,0.0054,3.5052,-3.0045,-0.3696,37.2819,45.6,46.9,28.6,59.1499996185303,down,2026-08-21T15:59:26,0.0,0.0
SPXW,2026-08-26,5,Call,7695.0,SPXW260826C07695000,19.9,20.2,20.049999999999997,23.4,2.0,9.3458,121.0,41.0,0.08,0.3912,0.0053,3.4522,-2.9192,0.2447,19.6753,25.0,33.7,19.4,21.3999996185303,up,2026-08-21T15:58:47,0.0,0.0
SPXW,2026-08-26,5,Put,7695.0,SPXW260826P07695000,39.2,39.5,39.35,39.38,-21.55,-34.7301,240.0,84.0,0.0801,-0.6087,0.0053,3.4522,-2.9192,-0.3871,40.0151,49.4,50.0,32.8,62.0500011444092,up,2026-08-21T15:55:18,0.0,0.0
SPXW,2026-08-26,5,Call,7700.0,SPXW260826C07700000,17.8,18.0,17.9,17.48,-2.02,-10.359,1169.0,885.0,0.0794,0.3638,0.0052,3.3836,-2.8204,0.2275,17.5665,24.4,31.1,16.4,19.5,down,2026-08-21T16:13:34,0.0,0.0
SPXW,2026-08-26,5,Put,7700.0,SPXW260826P07700000,42.0,42.4,42.2,42.23,-22.87,-35.1306,369.0,2551.0,0.0794,-0.6361,0.0052,3.3836,-2.8204,-0.4047,42.9044,50.94,53.03,33.2,65.0999984741211,up,2026-08-21T15:55:18,0.0,0.0
SPXW,2026-08-26,5,Call,7705.0,SPXW260826C07705000,15.8,16.1,15.950000000000001,16.82,-0.83,-4.70255,272.0,251.0,0.0787,0.3368,0.0052,3.2988,-2.7089,0.2104,15.616,22.3,28.0,14.95,17.6499996185303,down,2026-08-21T16:00:20,0.0,0.0
SPXW,2026-08-26,5,Put,7705.0,SPXW260826P07705000,45.1,45.4,45.25,43.1,-25.15,-36.8498,81.0,268.0,0.0786,-0.6632,0.0052,3.2988,-2.7089,-0.4222,45.9522,54.1,55.4,35.5,68.25,up,2026-08-21T15:54:00,0.0,0.0
SPXW,2026-08-26,5,Call,7710.0,SPXW260826C07710000,14.0,14.2,14.1,13.73,-2.2,-13.8365,359.0,129.0,0.078,0.3102,0.005,3.2012,-2.5861,0.1939,13.8203,18.77,25.8,13.26,15.9000000953674,down,2026-08-21T16:13:34,0.0,0.0
SPXW,2026-08-26,5,Put,7710.0,SPXW260826P07710000,48.2,48.5,48.35,48.5,-22.25,-31.0971,159.0,215.0,0.0779,-0.6898,0.005,3.2012,-2.5861,-0.4391,49.1547,57.3,57.3,39.4,71.5499992370606,up,2026-08-21T16:12:47,0.0,0.0
SPXW,2026-08-26,5,Call,7715.0,SPXW260826C07715000,12.3,12.5,12.4,11.9,-2.4,-16.7832,339.0,152.0,0.0774,0.2843,0.0048,3.0888,-2.4537,0.1775,12.177,16.2,23.6,11.9,14.2999997138977,down,2026-08-21T16:13:39,0.0,0.0
SPXW,2026-08-26,5,Put,7715.0,SPXW260826P07715000,49.5,54.0,51.75,51.83,-22.25,-29.6865,73.0,207.0,0.0776,-0.7156,0.0048,3.0888,-2.4537,-0.456,52.5096,57.4,59.16,42.5,74.9500007629394,up,2026-08-21T16:04:26,0.0,0.0
SPXW,2026-08-26,5,Call,7720.0,SPXW260826C07720000,10.8,11.0,10.9,10.9,-2.3,-17.8988,343.0,392.0,0.0769,0.2593,0.0047,2.9647,-2.3132,0.1619,10.6814,17.0,21.1,10.38,12.8499999046326,no_change,2026-08-21T16:10:39,0.0,0.0
SPXW,2026-08-26,5,Put,7720.0,SPXW260826P07720000,53.0,57.4,55.2,55.94,-21.98,-28.0536,184.0,240.0,0.0776,-0.7407,0.0047,2.9647,-2.3132,-0.4719,56.0122,58.51,59.0,44.9,78.3499984741211,up,2026-08-21T16:11:30,0.0,0.0
SPXW,2026-08-26,5,Call,7725.0,SPXW260826C07725000,9.4,9.6,9.5,9.4,-2.33,-20.3493,279.0,729.0,0.0764,0.2352,0.0045,2.831,-2.1667,0.1468,9.3264,13.52,17.9,9.05,11.4500002861023,down,2026-08-21T16:14:36,0.0,0.0
SPXW,2026-08-26,5,Put,7725.0,SPXW260826P07725000,54.4,63.2,58.8,51.87,-30.28,-36.8594,194.0,531.0,0.077,-0.7648,0.0045,2.831,-2.1667,-0.4875,59.6554,62.62,70.54,46.3,82.1499977111816,down,2026-08-21T15:49:48,0.0,0.0
SPXW,2026-08-26,5,Call,7730.0,SPXW260826C07730000,8.2,8.4,8.3,8.17,-2.28,-22.3529,256.0,187.0,0.076,0.2123,0.0042,2.6868,-2.016,0.1324,8.1068,13.3,16.9,8.17,10.2000002861023,down,2026-08-21T16:12:17,0.0,0.0
SPXW,2026-08-26,5,Put,7730.0,SPXW260826P07730000,58.1,67.1,62.599999999999994,63.2,-22.9,-26.597,58.0,219.0,0.0764,-0.7877,0.0042,2.6868,-2.016,-0.5023,63.434,72.26,72.28,51.3,86.0999984741211,no_change,2026-08-21T16:13:46,0.0,0.0
SPXW,2026-08-26,5,Call,7735.0,SPXW260826C07735000,7.1,7.3,7.199999999999999,7.1,-1.7,-18.8889,293.0,117.0,0.0757,0.1906,0.004,2.5376,-1.8633,0.1188,7.0133,11.7,14.79,6.8,9.0,up,2026-08-21T16:14:32,0.0,0.0
SPXW,2026-08-26,5,Put,7735.0,SPXW260826P07735000,63.5,71.6,67.55,64.34,-25.16,-28.1117,34.0,115.0,0.0766,-0.8094,0.004,2.5376,-1.8633,-0.5163,67.3388,75.56,75.56,59.87,89.5,up,2026-08-21T15:54:54,0.0,0.0
SPXW,2026-08-26,5,Call,7740.0,SPXW260826C07740000,6.1,6.3,6.199999999999999,5.95,-2.05,-25.625,489.0,305.0,0.0754,0.1702,0.0037,2.3822,-1.7107,0.106,6.0401,10.5,13.61,5.95,8.00000023841858,no_change,2026-08-21T16:13:46,0.0,0.0
SPXW,2026-08-26,5,Put,7740.0,SPXW260826P07740000,65.6,75.6,70.6,71.15,-22.7,-24.1875,49.0,192.0,0.0766,-0.8298,0.0037,2.3822,-1.7107,-0.5296,71.3637,79.76,80.79,56.2,93.8499984741211,no_change,2026-08-21T16:13:46,0.0,0.0
SPXW,2026-08-26,5,Call,7745.0,SPXW260826C07745000,5.3,5.5,5.4,5.42,-1.89,-27.0,699.0,132.0,0.0751,0.1512,0.0035,2.2242,-1.5601,0.0942,5.1785,9.52,11.67,5.35,7.0,down,2026-08-21T16:09:34,0.0,0.0
SPXW,2026-08-26,5,Put,7745.0,SPXW260826P07745000,69.4,79.3,74.35,74.38,-22.33,-22.7741,17.0,118.0,0.0762,-0.8488,0.0035,2.2242,-1.5601,-0.5418,75.5003,83.71,87.02,68.1,98.0499992370606,up,2026-08-21T13:54:36,0.0,0.0
SPXW,2026-08-26,5,Call,7750.0,SPXW260826C07750000,4.5,4.6,4.55,4.4,-1.6,-26.2295,1134.0,1563.0,0.0749,0.1337,0.0032,2.066,-1.4137,0.0831,4.4215,8.5,10.8,4.4,6.09999990463257,no_change,2026-08-21T16:13:46,0.0,0.0
SPXW,2026-08-26,5,Put,7750.0,SPXW260826P07750000,74.3,83.5,78.9,79.49,-22.26,-21.8771,48.0,2299.0,0.0756,-0.8663,0.0032,2.066,-1.4137,-0.5533,79.7415,87.29,87.29,69.79,101.75,up,2026-08-21T16:13:24,0.0,0.0
SPXW,2026-08-26,5,Call,7755.0,SPXW260826C07755000,3.8,4.0,3.9,3.97,-1.7,-32.0755,447.0,481.0,0.0747,0.1176,0.0029,1.9082,-1.2733,0.0731,3.7616,5.81,9.4,3.97,5.29999995231628,down,2026-08-21T16:14:42,0.0,0.0
SPXW,2026-08-26,5,Put,7755.0,SPXW260826P07755000,78.2,87.9,83.05000000000001,85.59,-20.71,-19.4826,10.0,60.0,0.0765,-0.8824,0.0029,1.9082,-1.2733,-0.5636,84.0799,80.22,85.59,69.82,106.300003051758,up,2026-08-21T14:28:29,0.0,0.0
SPXW,2026-08-26,5,Call,7760.0,SPXW260826C07760000,3.3,3.5,3.4,3.45,-1.2,-25.8064,641.0,342.0,0.075,0.103,0.0027,1.7548,-1.1406,0.0639,3.1906,6.5,8.3,3.4,4.64999985694885,down,2026-08-21T16:09:34,0.0,0.0
SPXW,2026-08-26,5,Put,7760.0,SPXW260826P07760000,82.3,92.2,87.25,87.3,-23.25,-21.0312,37.0,138.0,0.0764,-0.8969,0.0027,1.7548,-1.1406,-0.5732,88.5071,95.07,97.82,73.72,110.550003051758,up,2026-08-21T16:08:37,0.0,0.0
SPXW,2026-08-26,5,Call,7765.0,SPXW260826C07765000,2.8,2.95,2.875,2.88,-1.3,-32.5,712.0,147.0,0.0746,0.09,0.0024,1.6062,-1.017,0.0558,2.7013,5.72,7.2,2.85,4.0,down,2026-08-21T16:14:42,0.0,0.0
SPXW,2026-08-26,5,Put,7765.0,SPXW260826P07765000,89.1,99.1,94.1,94.2,-20.6,-17.9443,23.0,86.0,0.0761,-0.91,0.0024,1.6062,-1.017,-0.5818,93.016,98.2,104.49,85.94,114.799999237061,up,2026-08-21T14:15:24,0.0,0.0
SPXW,2026-08-26,5,Call,7770.0,SPXW260826C07770000,2.35,2.5,2.425,2.44,-1.13,-32.7536,872.0,577.0,0.0748,0.0783,0.0022,1.4647,-0.9034,0.0485,2.2844,4.4,6.3,2.44,3.45000004768372,no_change,2026-08-21T16:14:46,0.0,0.0
SPXW,2026-08-26,5,Put,7770.0,SPXW260826P07770000,93.7,103.6,98.65,98.85,-20.75,-17.3495,13.0,140.0,0.0767,-0.9216,0.0022,1.4647,-0.9034,-0.5895,97.5973,102.7,102.7,90.29,119.600002288818,up,2026-08-21T14:15:24,0.0,0.0
SPXW,2026-08-26,5,Call,7775.0,SPXW260826C07775000,2.0,2.1,2.05,2.25,-0.75,-25.0,635.0,654.0,0.0744,0.068,0.002,1.3317,-0.8004,0.0421,1.9323,4.2,4.7,2.1,3.0,down,2026-08-21T16:06:51,0.0,0.0
SPXW,2026-08-26,5,Put,7775.0,SPXW260826P07775000,98.2,106.2,102.2,96.05,-26.95,-21.9106,9.0,86.0,0.077,-0.9319,0.002,1.3317,-0.8004,-0.5963,102.2434,102.47,110.98,96.05,123.000003814697,down,2026-08-21T11:33:06,0.0,0.0
SPXW,2026-08-26,5,Call,7780.0,SPXW260826C07780000,1.7,1.8,1.75,1.75,-0.93,-36.4706,556.0,516.0,0.0746,0.0591,0.0018,1.2078,-0.7078,0.0365,1.6362,3.7,4.8,1.75,2.54999995231628,no_change,2026-08-21T16:14:46,0.0,0.0
SPXW,2026-08-26,5,Put,7780.0,SPXW260826P07780000,101.0,110.7,105.85,120.7,0.0,0.0,0.0,67.0,0.077,-0.9409,0.0018,1.2078,-0.7078,-0.6023,106.9455,0.0,0.0,0.0,127.949996948242,up,2026-08-20T14:49:16,0.0,0.0
SPXW,2026-08-26,5,Call,7785.0,SPXW260826C07785000,1.4,1.55,1.475,1.6,-0.55,-25.5814,330.0,187.0,0.0748,0.0513,0.0016,1.0934,-0.6254,0.0316,1.3884,2.46,3.5,1.6,2.14999997615814,down,2026-08-21T15:59:52,0.0,0.0
SPXW,2026-08-26,5,Put,7785.0,SPXW260826P07785000,103.7,119.6,111.65,111.5,-21.85,-16.3855,2.0,128.0,0.0779,-0.9487,0.0016,1.0934,-0.6254,-0.6076,111.6959,98.97,111.5,98.97,133.350002288818,up,2026-08-21T16:01:46,0.0,0.0
SPXW,2026-08-26,5,Call,7790.0,SPXW260826C07790000,1.2,1.3,1.25,1.6,-0.25,-13.5135,459.0,401.0,0.0748,0.0446,0.0014,0.9891,-0.5528,0.0275,1.1818,2.46,3.0,1.4,1.84999996423721,no_change,2026-08-21T15:58:37,0.0,0.0
SPXW,2026-08-26,5,Put,7790.0,SPXW260826P07790000,108.2,124.2,116.2,109.1,-28.45,-20.6834,1.0,68.0,0.0787,-0.9554,0.0014,0.9891,-0.5528,-0.6122,116.4875,109.1,109.1,109.1,137.550003051758,down,2026-08-21T15:43:28,0.0,0.0
SPXW,2026-08-26,5,Call,7795.0,SPXW260826C07795000,1.0,1.15,1.075,1.2,-0.4,-25.0,452.0,408.0,0.0752,0.0388,0.0012,0.8943,-0.4889,0.0239,1.0093,2.7,3.0,1.16,1.59999996423721,down,2026-08-21T16:01:40,0.0,0.0
SPXW,2026-08-26,5,Put,7795.0,SPXW260826P07795000,111.9,127.5,119.7,82.06,0.0,0.0,0.0,17.0,0.0792,-0.9612,0.0012,0.8943,-0.4889,-0.6162,121.3133,0.0,0.0,0.0,142.550003051758,up,2026-08-19T09:45:42,0.0,0.0
SPXW,2026-08-26,5,Call,7800.0,SPXW260826C07800000,0.85,0.95,0.8999999999999999,0.99,-0.45,-33.3333,520.0,1049.0,0.0756,0.0338,0.0011,0.8086,-0.4332,0.0208,0.8658,2.0,2.55,0.95,1.34999996423721,no_change,2026-08-21T16:06:37,0.0,0.0
SPXW,2026-08-26,5,Put,7800.0,SPXW260826P07800000,120.2,130.2,125.19999999999999,125.99,-20.91,-14.2342,2.0,269.0,0.0787,-0.9662,0.0011,0.8086,-0.4332,-0.6197,126.168,125.99,125.99,125.99,146.900001525879,up,2026-08-21T16:13:24,0.0,0.0
SPXW,2026-08-26,5,Call,7805.0,SPXW260826C07805000,0.7,0.85,0.7749999999999999,0.75,-0.4,-34.7826,1408.0,779.0,0.076,0.0295,0.001,0.7318,-0.3848,0.0181,0.7463,1.8,2.22,0.75,1.15000003576279,down,2026-08-21T16:13:58,0.0,0.0
SPXW,2026-08-26,5,Put,7805.0,SPXW260826P07805000,123.7,137.2,130.45,151.9,0.0,0.0,0.0,66.0,0.0806,-0.9704,0.001,0.7318,-0.3848,-0.6227,131.0466,0.0,0.0,0.0,151.400001525879,up,2026-08-20T15:44:43,0.0,0.0
SPXW,2026-08-26,5,Call,7810.0,SPXW260826C07810000,0.6,0.7,0.6499999999999999,0.65,-0.325,-33.3333,363.0,320.0,0.0761,0.0259,0.0009,0.663,-0.3426,0.0159,0.6463,1.35,1.84,0.65,0.974999994039536,down,2026-08-21T16:09:34,0.0,0.0
SPXW,2026-08-26,5,Put,7810.0,SPXW260826P07810000,128.3,142.1,135.2,129.7,0.0,0.0,0.0,32.0,0.0816,-0.9741,0.0009,0.663,-0.3426,-0.6254,135.9449,0.0,0.0,0.0,156.950004577637,up,2026-08-20T10:35:15,0.0,0.0
SPXW,2026-08-26,5,Call,7815.0,SPXW260826C07815000,0.5,0.65,0.575,0.6,-0.25,-29.4118,602.0,953.0,0.0774,0.0228,0.0008,0.6015,-0.3061,0.0139,0.5629,1.42,1.67,0.6,0.849999994039536,no_change,2026-08-21T16:01:40,0.0,0.0
SPXW,2026-08-26,5,Put,7815.0,SPXW260826P07815000,133.6,149.2,141.39999999999998,158.7,0.0,0.0,0.0,41.0,0.0825,-0.9772,0.0008,0.6015,-0.3061,-0.6277,140.8596,0.0,0.0,0.0,160.799995422363,up,2026-08-20T14:58:35,0.0,0.0
SPXW,2026-08-26,5,Call,7820.0,SPXW260826C07820000,0.45,0.55,0.5,0.5,-0.225,-31.0345,1200.0,567.0,0.0774,0.0201,0.0007,0.5467,-0.2745,0.0123,0.4931,1.24,1.35,0.5,0.724999994039536,down,2026-08-21T16:08:34,0.0,0.0
SPXW,2026-08-26,5,Put,7820.0,SPXW260826P07820000,138.1,153.9,146.0,119.89,0.0,0.0,0.0,24.0,0.0832,-0.9799,0.0007,0.5467,-0.2745,-0.6298,145.788,0.0,0.0,0.0,166.400001525879,up,2026-08-18T15:32:32,0.0,0.0
SPXW,2026-08-26,5,Call,7825.0,SPXW260826C07825000,0.35,0.5,0.425,0.45,-0.175,-28.0,1315.0,908.0,0.0784,0.0178,0.0006,0.4983,-0.2471,0.0109,0.4344,0.95,1.25,0.45,0.625,no_change,2026-08-21T16:01:40,0.0,0.0
SPXW,2026-08-26,5,Put,7825.0,SPXW260826P07825000,139.9,159.7,149.8,140.58,-31.17,-18.1485,3.0,43.0,0.0856,-0.9821,0.0006,0.4983,-0.2471,-0.6316,150.7276,140.58,140.58,140.58,171.75,up,2026-08-21T11:35:13,0.0,0.0
SPXW,2026-08-26,5,Call,7830.0,SPXW260826C07830000,0.3,0.45,0.375,0.4,-0.15,-27.2727,576.0,825.0,0.0792,0.0159,0.0006,0.4552,-0.2234,0.0097,0.385,0.66,1.05,0.4,0.550000011920929,no_change,2026-08-21T16:08:34,0.0,0.0
SPXW,2026-08-26,5,Put,7830.0,SPXW260826P07830000,144.8,164.7,154.75,150.34,-26.06,-14.7732,85.0,116.0,0.0861,-0.9841,0.0006,0.4552,-0.2234,-0.6332,155.6764,150.34,150.34,150.34,176.400001525879,up,2026-08-21T15:56:52,0.0,0.0
SPXW,2026-08-26,5,Call,7835.0,SPXW260826C07835000,0.3,0.4,0.35,0.3,-0.175,-36.8421,224.0,1483.0,0.0798,0.0142,0.0005,0.4169,-0.203,0.0087,0.3435,0.85,0.85,0.3,0.474999994039536,no_change,2026-08-21T16:13:35,0.0,0.0
SPXW,2026-08-26,5,Put,7835.0,SPXW260826P07835000,149.8,169.6,159.7,120.73,0.0,0.0,0.0,10.0,0.0894,-0.9858,0.0005,0.4169,-0.203,-0.6347,160.6331,0.0,0.0,0.0,181.700004577637,up,2026-08-19T09:54:50,0.0,0.0
SPXW,2026-08-26,5,Call,7840.0,SPXW260826C07840000,0.25,0.35,0.3,0.35,-0.05,-12.5,267.0,1302.0,0.081,0.0128,0.0004,0.3831,-0.1854,0.0078,0.3084,0.65,0.65,0.3,0.399999991059303,no_change,2026-08-21T16:03:16,0.0,0.0
SPXW,2026-08-26,5,Put,7840.0,SPXW260826P07840000,154.7,174.6,164.64999999999998,147.87,-38.53,-20.6706,1.0,26.0,0.0885,-0.9872,0.0004,0.3831,-0.1854,-0.6359,165.5963,147.87,147.87,147.87,186.400001525879,down,2026-08-21T11:46:37,0.0,0.0
SPXW,2026-08-26,5,Call,7845.0,SPXW260826C07845000,0.2,0.35,0.275,0.25,-0.125,-33.3333,93.0,190.0,0.0822,0.0116,0.0004,0.3532,-0.1701,0.007,0.2788,0.35,0.7,0.25,0.375,no_change,2026-08-21T16:13:35,0.0,0.0
SPXW,2026-08-26,5,Put,7845.0,SPXW260826P07845000,159.7,179.6,169.64999999999998,132.53,0.0,0.0,0.0,2.0,0.0908,-0.9884,0.0004,0.3532,-0.1701,-0.6371,170.5648,0.0,0.0,0.0,191.199996948242,up,2026-08-19T13:22:35,0.0,0.0
SPXW,2026-08-26,5,Call,7850.0,SPXW260826C07850000,0.2,0.3,0.25,0.25,-0.1,-28.5714,426.0,1525.0,0.0833,0.0105,0.0004,0.3269,-0.157,0.0064,0.2536,0.55,0.6,0.25,0.350000008940697,no_change,2026-08-21T16:01:40,0.0,0.0
SPXW,2026-08-26,5,Put,7850.0,SPXW260826P07850000,169.5,179.6,174.55,175.49,-20.41,-10.4186,86.0,633.0,0.0858,-0.9895,0.0004,0.3269,-0.157,-0.6382,175.5379,170.18,175.49,170.18,195.899993896484,up,2026-08-21T16:13:24,0.0,0.0
SPXW,2026-08-26,5,Call,7855.0,SPXW260826C07855000,0.15,0.3,0.22499999999999998,0.2,-0.1,-33.3333,207.0,245.0,0.0842,0.0096,0.0003,0.3035,-0.1456,0.0058,0.2323,0.39,0.5,0.2,0.299999997019768,down,2026-08-21T16:13:35,0.0,0.0
SPXW,2026-08-26,5,Put,7855.0,SPXW260826P07855000,169.6,189.5,179.55,0.0,0.0,0.0,0.0,0.0,0.0954,-0.9904,0.0003,0.3035,-0.1456,-0.6391,180.5147,0.0,0.0,0.0,201.099998474121,no_change,,0.0,0.0
SPXW,2026-08-26,5,Call,7860.0,SPXW260826C07860000,0.15,0.25,0.2,0.2,-0.025,-9.09091,101.0,421.0,0.085,0.0088,0.0003,0.2828,-0.1359,0.0054,0.2142,0.29,0.45,0.2,0.275000005960464,no_change,2026-08-21T16:05:39,0.0,0.0
SPXW,2026-08-26,5,Put,7860.0,SPXW260826P07860000,174.6,192.9,183.75,149.14,0.0,0.0,0.0,6.0,0.0976,-0.9911,0.0003,0.2828,-0.1359,-0.64,185.4948,0.0,0.0,0.0,206.199996948242,down,2026-08-19T15:48:06,0.0,0.0
SPXW,2026-08-26,5,Call,7865.0,SPXW260826C07865000,0.15,0.2,0.175,0.25,0.0,-2.98023e-06,300.0,361.0,0.087,0.0081,0.0003,0.2644,-0.1274,0.0049,0.1987,0.4,0.45,0.22,0.250000007450581,no_change,2026-08-21T15:53:45,0.0,0.0
SPXW,2026-08-26,5,Put,7865.0,SPXW260826P07865000,179.6,199.5,189.55,0.0,0.0,0.0,0.0,0.0,0.0972,-0.9918,0.0003,0.2646,-0.1274,-0.6408,190.4776,0.0,0.0,0.0,211.349998474121,no_change,,0.0,0.0
SPXW,2026-08-26,5,Call,7870.0,SPXW260826C07870000,0.15,0.25,0.2,0.15,-0.1,-40.0,94.0,316.0,0.0876,0.0076,0.0003,0.2483,-0.1201,0.0046,0.1856,0.4,0.4,0.15,0.250000007450581,no_change,2026-08-21T16:13:35,0.0,0.0
SPXW,2026-08-26,5,Put,7870.0,SPXW260826P07870000,184.6,204.5,194.55,155.3,0.0,0.0,0.0,9.0,0.0994,-0.9924,0.0003,0.2484,-0.1201,-0.6416,195.4627,0.0,0.0,0.0,216.150001525879,up,2026-08-19T13:21:58,0.0,0.0
SPXW,2026-08-26,5,Call,7875.0,SPXW260826C07875000,0.1,0.25,0.175,0.15,-0.05,-25.0,90.0,1240.0,0.0896,0.007,0.0002,0.2338,-0.1137,0.0043,0.1742,0.25,0.4,0.15,0.200000002980232,no_change,2026-08-21T16:05:39,0.0,0.0
SPXW,2026-08-26,5,Put,7875.0,SPXW260826P07875000,189.6,209.5,199.55,172.26,0.0,0.0,0.0,103.0,0.1016,-0.9929,0.0002,0.2342,-0.1138,-0.6423,200.4497,0.0,0.0,0.0,220.449996948242,no_change,2026-08-18T10:55:40,0.0,0.0
SPXW,2026-08-26,5,Call,7880.0,SPXW260826C07880000,0.1,0.2,0.15000000000000002,0.15,-0.05,-25.0,178.0,1900.0,0.09,0.0066,0.0002,0.2212,-0.1083,0.004,0.1646,0.19,0.32,0.15,0.200000002980232,down,2026-08-21T16:05:39,0.0,0.0
SPXW,2026-08-26,5,Put,7880.0,SPXW260826P07880000,194.6,214.5,204.55,164.52,0.0,0.0,0.0,2.0,0.1038,-0.9934,0.0002,0.2215,-0.1084,-0.643,205.4382,0.0,0.0,0.0,225.599998474121,down,2026-08-19T10:12:13,0.0,0.0
SPXW,2026-08-26,5,Call,7885.0,SPXW260826C07885000,0.1,0.2,0.15000000000000002,0.15,-0.05,-25.0,48.0,448.0,0.0919,0.0062,0.0002,0.2099,-0.1036,0.0038,0.1563,0.2,0.25,0.15,0.200000002980232,down,2026-08-21T16:05:39,0.0,0.0
SPXW,2026-08-26,5,Put,7885.0,SPXW260826P07885000,199.5,219.5,209.5,209.28,-21.32,-9.24545,1.0,2.0,0.1088,-0.9937,0.0002,0.2102,-0.1037,-0.6437,210.4281,209.28,209.28,209.28,230.599998474121,up,2026-08-21T13:52:58,0.0,0.0
SPXW,2026-08-26,5,Call,7890.0,SPXW260826C07890000,0.1,0.2,0.15000000000000002,0.18,-0.02,-10.0,38.0,353.0,0.0938,0.0059,0.0002,0.1998,-0.0996,0.0036,0.1492,0.3,0.3,0.15,0.200000002980232,down,2026-08-21T15:45:12,0.0,0.0
SPXW,2026-08-26,5,Put,7890.0,SPXW260826P07890000,202.6,226.5,214.55,0.0,0.0,0.0,0.0,0.0,0.1097,-0.9941,0.0002,0.2,-0.0996,-0.6443,215.4192,0.0,0.0,0.0,235.599998474121,no_change,,0.0,0.0
SPXW,2026-08-26,5,Call,7895.0,SPXW260826C07895000,0.1,0.2,0.15000000000000002,0.25,0.1,66.6667,10.0,596.0,0.0956,0.0056,0.0002,0.1911,-0.0962,0.0034,0.1433,0.25,0.25,0.25,0.150000002235174,up,2026-08-21T14:57:44,0.0,0.0
SPXW,2026-08-26,5,Put,7895.0,SPXW260826P07895000,207.6,231.4,219.5,174.73,0.0,0.0,0.0,5.0,0.1119,-0.9944,0.0002,0.191,-0.0961,-0.6449,220.4113,0.0,0.0,0.0,240.150001525879,up,2026-08-19T10:00:29,0.0,0.0
SPXW,2026-08-26,5,Call,7900.0,SPXW260826C07900000,0.1,0.2,0.15000000000000002,0.15,-0.025,-14.2857,182.0,1401.0,0.0975,0.0053,0.0002,0.1829,-0.0931,0.0032,0.1379,0.25,0.25,0.15,0.175000004470348,no_change,2026-08-21T15:55:30,0.0,0.0
SPXW,2026-08-26,5,Put,7900.0,SPXW260826P07900000,213.7,236.4,225.05,218.34,0.0,0.0,0.0,3.0,0.1126,-0.9946,0.0002,0.1828,-0.0931,-0.6454,225.4042,0.0,0.0,0.0,245.5,no_change,2026-08-20T12:03:02,0.0,0.0
SPXW,2026-08-26,5,Call,7905.0,SPXW260826C07905000,0.05,0.2,0.125,0.2,0.025,14.2857,98.0,467.0,0.0994,0.0051,0.0002,0.1755,-0.0904,0.0031,0.1333,0.2,0.2,0.2,0.175000004470348,no_change,2026-08-21T14:55:12,0.0,0.0
SPXW,2026-08-26,5,Put,7905.0,SPXW260826P07905000,217.6,241.4,229.5,184.33,0.0,0.0,0.0,2.0,0.1147,-0.9949,0.0002,0.1754,-0.0904,-0.646,230.3977,0.0,0.0,0.0,250.499992370605,up,2026-08-19T10:00:29,0.0,0.0
SPXW,2026-08-26,5,Call,7910.0,SPXW260826C07910000,0.05,0.2,0.125,0.2,0.05,33.3333,1.0,361.0,0.0995,0.0049,0.0002,0.1684,-0.0879,0.0029,0.129,0.2,0.2,0.2,0.150000002235174,up,2026-08-21T11:06:00,0.0,0.0
SPXW,2026-08-26,5,Put,7910.0,SPXW260826P07910000,222.5,246.4,234.45,233.63,-21.77,-8.52388,1.0,0.0,0.1169,-0.9951,0.0002,0.1688,-0.088,-0.6465,235.3919,233.63,233.63,233.63,255.399993896484,down,2026-08-21T13:54:36,0.0,0.0
SPXW,2026-08-26,5,Call,7915.0,SPXW260826C07915000,0.05,0.2,0.125,0.15,0.0,-1.49012e-06,3.0,247.0,0.1014,0.0047,0.0001,0.1623,-0.0858,0.0028,0.1254,0.15,0.15,0.15,0.150000002235174,no_change,2026-08-21T10:15:16,0.0,0.0
SPXW,2026-08-26,5,Put,7915.0,SPXW260826P07915000,227.5,251.4,239.45,194.35,0.0,0.0,0.0,2.0,0.1191,-0.9953,0.0001,0.1627,-0.086,-0.647,240.3865,0.0,0.0,0.0,260.499992370605,up,2026-08-19T10:00:29,0.0,0.0
SPXW,2026-08-26,5,Call,7920.0,SPXW260826C07920000,0.05,0.15,0.1,0.25,0.1,66.6667,6.0,412.0,0.1009,0.0045,0.0001,0.1568,-0.084,0.0027,0.1223,0.24,0.25,0.24,0.150000002235174,up,2026-08-21T14:07:50,0.0,0.0
SPXW,2026-08-26,5,Put,7920.0,SPXW260826P07920000,232.5,256.4,244.45,0.0,0.0,0.0,0.0,0.0,0.1212,-0.9954,0.0001,0.1572,-0.0842,-0.6476,245.3816,0.0,0.0,0.0,265.399993896484,no_change,,0.0,0.0
SPXW,2026-08-26,5,Call,7925.0,SPXW260826C07925000,0.05,0.15,0.1,0.15,0.0,-1.49012e-06,6.0,1476.0,0.1026,0.0044,0.0001,0.1518,-0.0825,0.0026,0.1195,0.2,0.2,0.15,0.150000002235174,no_change,2026-08-21T15:19:48,0.0,0.0
SPXW,2026-08-26,5,Put,7925.0,SPXW260826P07925000,237.5,261.4,249.45,172.59,0.0,0.0,0.0,5.0,0.1198,-0.9956,0.0001,0.1521,-0.0826,-0.6481,250.377,0.0,0.0,0.0,270.449996948242,down,2026-08-11T10:08:53,0.0,0.0
SPXW,2026-08-26,5,Call,7930.0,SPXW260826C07930000,0.05,0.15,0.1,0.15,0.0,-1.49012e-06,3.0,236.0,0.1044,0.0042,0.0001,0.1472,-0.081,0.0026,0.1171,0.19,0.25,0.15,0.150000002235174,down,2026-08-21T15:26:14,0.0,0.0
SPXW,2026-08-26,5,Put,7930.0,SPXW260826P07930000,242.5,266.4,254.45,0.0,0.0,0.0,0.0,0.0,0.1219,-0.9957,0.0001,0.1474,-0.0811,-0.6486,255.3727,0.0,0.0,0.0,275.0,no_change,,0.0,0.0
SPXW,2026-08-26,5,Call,7935.0,SPXW260826C07935000,0.05,0.15,0.1,0.22,0.07,46.6667,4.0,146.0,0.1062,0.0041,0.0001,0.1428,-0.0798,0.0025,0.1149,0.2,0.22,0.2,0.150000002235174,up,2026-08-21T13:23:15,0.0,0.0
SPXW,2026-08-26,5,Put,7935.0,SPXW260826P07935000,247.5,268.3,257.9,220.2,0.0,0.0,0.0,1.0,0.124,-0.9959,0.0001,0.1431,-0.0798,-0.649,260.3687,0.0,0.0,0.0,280.449996948242,down,2026-08-19T13:22:35,0.0,0.0
SPXW,2026-08-26,5,Call,7940.0,SPXW260826C07940000,0.05,0.15,0.1,0.15,0.025,20.0,60.0,252.0,0.108,0.004,0.0001,0.1388,-0.0786,0.0024,0.1128,0.15,0.15,0.15,0.12500000372529,no_change,2026-08-21T15:43:33,0.0,0.0
SPXW,2026-08-26,5,Put,7940.0,SPXW260826P07940000,252.5,276.4,264.45,185.06,0.0,0.0,0.0,5.0,0.1261,-0.996,0.0001,0.139,-0.0787,-0.6495,265.3649,0.0,0.0,0.0,285.25,down,2026-08-11T10:08:53,0.0,0.0
SPXW,2026-08-26,5,Call,7950.0,SPXW260826C07950000,0.05,0.15,0.1,0.15,0.025,20.0,48.0,433.0,0.1116,0.0038,0.0001,0.1315,-0.0766,0.0023,0.1093,0.16,0.2,0.14,0.12500000372529,down,2026-08-21T15:40:31,0.0,0.0
SPXW,2026-08-26,5,Put,7950.0,SPXW260826P07950000,263.6,286.4,275.0,269.26,0.0,0.0,0.0,3.0,0.1303,-0.9962,0.0001,0.1317,-0.0766,-0.6505,275.3578,0.0,0.0,0.0,295.25,no_change,2026-08-20T12:03:02,0.0,0.0
SPXW,2026-08-26,5,Call,7960.0,SPXW260826C07960000,0.05,0.15,0.1,0.12,-0.005,-4.0,6.0,189.0,0.1152,0.0036,0.0001,0.125,-0.0749,0.0022,0.1064,0.12,0.12,0.12,0.12500000372529,no_change,2026-08-21T15:33:34,0.0,0.0
SPXW,2026-08-26,5,Put,7960.0,SPXW260826P07960000,272.5,296.4,284.45,0.0,0.0,0.0,0.0,0.0,0.1345,-0.9964,0.0001,0.1252,-0.075,-0.6514,285.3512,0.0,0.0,0.0,305.0,no_change,,0.0,0.0
SPXW,2026-08-26,5,Call,7970.0,SPXW260826C07970000,0.05,0.15,0.1,0.15,0.05,50.0,36.0,176.0,0.1188,0.0034,0.0001,0.1192,-0.0734,0.002,0.1038,0.15,0.15,0.15,0.100000003352761,no_change,2026-08-21T14:42:37,0.0,0.0
SPXW,2026-08-26,5,Put,7970.0,SPXW260826P07970000,282.5,306.4,294.45,0.0,0.0,0.0,0.0,0.0,0.1476,-0.9965,0.0001,0.1194,-0.0735,-0.6524,295.3451,0.0,0.0,0.0,315.0,no_change,,0.0,0.0
SPXW,2026-08-26,5,Call,7975.0,SPXW260826C07975000,0.05,0.15,0.1,0.15,0.05,50.0,17.0,285.0,0.1205,0.0033,0.0001,0.1166,-0.0728,0.002,0.1027,0.15,0.15,0.15,0.100000003352761,down,2026-08-21T14:45:44,0.0,0.0
SPXW,2026-08-26,5,Put,7975.0,SPXW260826P07975000,287.5,307.7,297.6,0.0,0.0,0.0,0.0,0.0,0.1498,-0.9966,0.0001,0.1167,-0.0728,-0.6528,300.3422,0.0,0.0,0.0,319.950012207031,no_change,,0.0,0.0
SPXW,2026-08-26,5,Call,7980.0,SPXW260826C07980000,0.05,0.15,0.1,0.17,0.0,0.0,0.0,107.0,0.1223,0.0033,0.0001,0.114,-0.0722,0.002,0.1016,0.0,0.0,0.0,0.100000003352761,down,2026-08-20T13:58:49,0.0,0.0
SPXW,2026-08-26,5,Put,7980.0,SPXW260826P07980000,292.5,316.4,304.45,0.0,0.0,0.0,0.0,0.0,0.152,-0.9967,0.0001,0.1141,-0.0722,-0.6533,305.3393,0.0,0.0,0.0,324.950012207031,no_change,,0.0,0.0
SPXW,2026-08-26,5,Call,7990.0,SPXW260826C07990000,0.05,0.15,0.1,0.2,0.1,100.0,100.0,55.0,0.1258,0.0031,0.0001,0.1092,-0.071,0.0019,0.0996,0.2,0.2,0.2,0.100000003352761,no_change,2026-08-21T12:50:25,0.0,0.0
SPXW,2026-08-26,5,Put,7990.0,SPXW260826P07990000,302.5,326.4,314.45,0.0,0.0,0.0,0.0,0.0,0.1563,-0.9968,0.0001,0.1093,-0.0711,-0.6542,315.3337,0.0,0.0,0.0,335.350006103516,no_change,,0.0,0.0
SPXW,2026-08-26,5,Call,8000.0,SPXW260826C08000000,0.05,0.15,0.1,0.1,0.0,-3.35276e-06,139.0,4005.0,0.1293,0.003,0.0001,0.1049,-0.07,0.0018,0.0978,0.15,0.2,0.1,0.100000003352761,no_change,2026-08-21T15:55:15,0.0,0.0
SPXW,2026-08-26,5,Put,8000.0,SPXW260826P08000000,312.5,336.0,324.25,0.0,0.0,0.0,0.0,0.0,0.1606,-0.997,0.0001,0.105,-0.07,-0.6551,325.3283,0.0,0.0,0.0,345.150009155273,no_change,,0.0,0.0
SPXW,2026-08-26,5,Call,8010.0,SPXW260826C08010000,0.05,0.15,0.1,0.35,0.0,0.0,0.0,66.0,0.1329,0.0029,0.0001,0.1008,-0.069,0.0017,0.0961,0.0,0.0,0.0,0.100000003352761,down,2026-08-19T13:19:38,0.0,0.0
SPXW,2026-08-26,5,Put,8010.0,SPXW260826P08010000,322.4,346.4,334.4,0.0,0.0,0.0,0.0,0.0,0.1648,-0.9971,0.0001,0.1009,-0.0691,-0.656,335.323,0.0,0.0,0.0,354.049987792969,no_change,,0.0,0.0
SPXW,2026-08-26,5,Call,8025.0,SPXW260826C08025000,0.05,0.15,0.1,0.15,0.05,50.0,1.0,347.0,0.1381,0.0027,0.0001,0.0953,-0.0677,0.0016,0.0938,0.15,0.15,0.15,0.100000003352761,down,2026-08-21T14:16:22,0.0,0.0
SPXW,2026-08-26,5,Put,8025.0,SPXW260826P08025000,337.4,358.0,347.7,0.0,0.0,0.0,0.0,0.0,0.1712,-0.9972,0.0001,0.0954,-0.0678,-0.6573,350.3153,0.0,0.0,0.0,370.200012207031,no_change,,0.0,0.0
SPXW,2026-08-26,5,Call,8050.0,SPXW260826C08050000,0.05,0.15,0.1,0.08,-0.02,-20.0,50.0,766.0,0.1467,0.0025,0.0001,0.0872,-0.0657,0.0015,0.0903,0.08,0.08,0.08,0.100000003352761,no_change,2026-08-21T10:38:01,0.0,0.0
SPXW,2026-08-26,5,Put,8050.0,SPXW260826P08050000,362.4,385.8,374.1,337.47,0.0,0.0,0.0,1.0,0.1781,-0.9974,0.0001,0.0873,-0.0658,-0.6595,375.3029,0.0,0.0,0.0,394.900009155273,up,2026-08-18T09:38:51,0.0,0.0
SPXW,2026-08-26,5,Call,8075.0,SPXW260826C08075000,0.05,0.1,0.07500000000000001,0.05,-0.05,-50.0,1.0,246.0,0.1512,0.0023,0.0,0.0804,-0.0639,0.0014,0.0872,0.05,0.05,0.05,0.100000003352761,down,2026-08-21T15:24:08,0.0,0.0
SPXW,2026-08-26,5,Put,8075.0,SPXW260826P08075000,387.4,408.2,397.79999999999995,319.15,0.0,0.0,0.0,3.0,0.1885,-0.9976,0.0,0.0804,-0.064,-0.6616,400.2908,0.0,0.0,0.0,419.850006103516,no_change,2026-08-07T15:36:00,0.0,0.0
SPXW,2026-08-26,5,Call,8100.0,SPXW260826C08100000,0.05,0.15,0.1,0.1,0.0,-3.35276e-06,73.0,1238.0,0.1637,0.0022,0.0,0.0744,-0.0623,0.0013,0.0844,0.1,0.12,0.1,0.100000003352761,no_change,2026-08-21T14:33:25,0.0,0.0
SPXW,2026-08-26,5,Put,8100.0,SPXW260826P08100000,413.6,436.4,425.0,386.92,0.0,0.0,0.0,1.0,0.1988,-0.9978,0.0,0.0744,-0.0623,-0.6638,425.279,0.0,0.0,0.0,444.850006103516,up,2026-08-18T09:48:42,0.0,0.0
SPXW,2026-08-26,5,Call,8125.0,SPXW260826C08125000,0.05,0.15,0.1,0.26,0.0,0.0,0.0,177.0,0.1721,0.002,0.0,0.0691,-0.0607,0.0012,0.0818,0.0,0.0,0.0,0.100000003352761,up,2026-08-19T11:18:39,0.0,0.0
SPXW,2026-08-26,5,Put,8125.0,SPXW260826P08125000,438.4,461.4,449.9,328.9,0.0,0.0,0.0,0.0,0.2091,-0.998,0.0,0.0691,-0.0607,-0.6659,450.2674,0.0,0.0,0.0,470.199996948242,down,2026-08-14T11:08:03,0.0,0.0
SPXW,2026-08-26,5,Call,8150.0,SPXW260826C08150000,0.05,0.1,0.07500000000000001,0.1,0.0,-3.35276e-06,2.0,160.0,0.1805,0.0019,0.0,0.0645,-0.0592,0.0011,0.0793,0.1,0.1,0.1,0.100000003352761,down,2026-08-21T10:59:19,0.0,0.0
SPXW,2026-08-26,5,Put,8150.0,SPXW260826P08150000,462.4,485.6,474.0,0.0,0.0,0.0,0.0,0.0,0.2192,-0.9981,0.0,0.0644,-0.0592,-0.6681,475.256,0.0,0.0,0.0,495.150009155273,no_change,,0.0,0.0
SPXW,2026-08-26,5,Call,8175.0,SPXW260826C08175000,0.05,0.1,0.07500000000000001,0.1,0.0,-3.35276e-06,4.0,102.0,0.184,0.0018,0.0,0.0603,-0.0577,0.001,0.0769,0.1,0.1,0.1,0.100000003352761,down,2026-08-21T11:01:40,0.0,0.0
SPXW,2026-08-26,5,Put,8175.0,SPXW260826P08175000,487.4,511.3,499.35,0.0,0.0,0.0,0.0,0.0,0.2294,-0.9982,0.0,0.0602,-0.0577,-0.6702,500.2446,0.0,0.0,0.0,520.199981689453,no_change,,0.0,0.0
SPXW,2026-08-26,5,Call,8200.0,SPXW260826C08200000,0.05,0.1,0.07500000000000001,0.2,0.0,0.0,0.0,1645.0,0.1921,0.0016,0.0,0.0565,-0.0563,0.001,0.0746,0.0,0.0,0.0,0.100000003352761,down,2026-08-17T14:52:50,0.0,0.0
SPXW,2026-08-26,5,Put,8200.0,SPXW260826P08200000,512.3,535.9,524.0999999999999,0.0,0.0,0.0,0.0,0.0,0.2394,-0.9983,0.0,0.0565,-0.0563,-0.6723,525.2334,0.0,0.0,0.0,545.0,no_change,,0.0,0.0
SPXW,2026-08-26,5,Call,8225.0,SPXW260826C08225000,0.05,0.1,0.07500000000000001,1.07,0.0,0.0,0.0,133.0,0.2001,0.0015,0.0,0.053,-0.0549,0.0009,0.0725,0.0,0.0,0.0,0.100000003352761,no_change,2026-08-07T12:59:58,0.0,0.0
SPXW,2026-08-26,5,Put,8225.0,SPXW260826P08225000,537.4,561.3,549.3499999999999,0.0,0.0,0.0,0.0,0.0,0.2494,-0.9984,0.0,0.053,-0.0549,-0.6744,550.2223,0.0,0.0,0.0,569.75,no_change,,0.0,0.0
SPXW,2026-08-26,5,Call,8250.0,SPXW260826C08250000,0.05,0.1,0.07500000000000001,0.2,0.0,0.0,0.0,106.0,0.2081,0.0014,0.0,0.0499,-0.0536,0.0009,0.0704,0.0,0.0,0.0,0.100000003352761,up,2026-08-19T12:39:09,0.0,0.0
SPXW,2026-08-26,5,Put,8250.0,SPXW260826P08250000,562.3,586.3,574.3,0.0,0.0,0.0,0.0,0.0,0.2544,-0.9985,0.0,0.0499,-0.0536,-0.6765,575.2112,0.0,0.0,0.0,595.100006103516,no_change,,0.0,0.0
SPXW,2026-08-26,5,Call,8275.0,SPXW260826C08275000,0.05,0.1,0.07500000000000001,0.1,0.0,-3.35276e-06,4.0,81.0,0.2162,0.0014,0.0,0.047,-0.0522,0.0008,0.0683,0.1,0.1,0.1,0.100000003352761,down,2026-08-21T09:33:15,0.0,0.0
SPXW,2026-08-26,5,Put,8275.0,SPXW260826P08275000,587.3,611.2,599.25,597.3,-22.45,-3.62243,1.0,0.0,0.2642,-0.9986,0.0,0.047,-0.0522,-0.6786,600.2002,597.3,597.3,597.3,619.75,down,2026-08-21T13:34:35,0.0,0.0
SPXW,2026-08-26,5,Call,8300.0,SPXW260826C08300000,0.0,0.1,0.05,0.19,0.0,0.0,0.0,8.0,0.224,0.0013,0.0,0.0444,-0.0509,0.0008,0.0663,0.0,0.0,0.0,0.100000003352761,down,2026-08-14T15:53:02,0.0,0.0
SPXW,2026-08-26,5,Put,8300.0,SPXW260826P08300000,612.3,635.6,623.95,587.27,0.0,0.0,0.0,1.0,0.274,-0.9987,0.0,0.0444,-0.0509,-0.6807,625.1893,0.0,0.0,0.0,645.149993896484,up,2026-08-18T09:38:51,0.0,0.0
SPXW,2026-08-26,5,Call,8325.0,SPXW260826C08325000,0.0,0.1,0.05,0.1,0.0,0.0,0.0,2.0,0.2243,0.0012,0.0,0.042,-0.0496,0.0007,0.0644,0.0,0.0,0.0,0.0750000011175871,down,2026-08-19T09:54:02,0.0,0.0
SPXW,2026-08-26,5,Put,8325.0,SPXW260826P08325000,637.3,661.2,649.25,0.0,0.0,0.0,0.0,0.0,0.2837,-0.9987,0.0,0.042,-0.0496,-0.6828,650.1784,0.0,0.0,0.0,670.149993896484,no_change,,0.0,0.0
SPXW,2026-08-26,5,Call,8400.0,SPXW260826C08400000,0.0,0.1,0.05,0.1,0.0,0.0,0.0,18.0,0.2468,0.001,0.0,0.0357,-0.046,0.0006,0.0589,0.0,0.0,0.0,0.0750000011175871,down,2026-08-19T09:54:02,0.0,0.0
SPXW,2026-08-26,5,Put,8400.0,SPXW260826P08400000,712.3,735.8,724.05,686.6,0.0,0.0,0.0,1.0,0.3127,-0.9989,0.0,0.0358,-0.046,-0.6891,725.1461,0.0,0.0,0.0,744.650024414062,up,2026-08-18T09:48:42,0.0,0.0
SPXW,2026-08-26,5,Call,8500.0,SPXW260826C08500000,0.0,0.1,0.05,0.1,0.0,0.0,0.0,3.0,0.2764,0.0008,0.0,0.0292,-0.0414,0.0005,0.0524,0.0,0.0,0.0,0.0750000011175871,down,2026-08-20T11:12:10,0.0,0.0
SPXW,2026-08-26,5,Put,8500.0,SPXW260826P08500000,812.2,835.5,823.85,0.0,0.0,0.0,0.0,0.0,0.3443,-0.9991,0.0,0.0292,-0.0414,-0.6974,825.1036,0.0,0.0,0.0,844.75,no_change,,0.0,0.0
SPXW,2026-08-26,5,Call,8600.0,SPXW260826C08600000,0.0,0.05,0.025,0.05,0.0,-1.49012e-06,50.0,11.0,0.2904,0.0007,0.0,0.0242,-0.0371,0.0004,0.0464,0.05,0.05,0.05,0.0500000007450581,no_change,2026-08-21T15:10:48,0.0,0.0
SPXW,2026-08-26,5,Put,8600.0,SPXW260826P08600000,912.2,935.7,923.95,0.0,0.0,0.0,0.0,0.0,0.3816,-0.9993,0.0,0.0242,-0.0371,-0.7057,925.0619,0.0,0.0,0.0,944.850006103516,no_change,,0.0,0.0
SPXW,2026-08-26,5,Call,8800.0,SPXW260826C08800000,0.0,0.05,0.025,0.15,0.0,0.0,0.0,5.0,0.3443,0.0005,0.0,0.0169,-0.0297,0.0003,0.0364,0.0,0.0,0.0,0.0500000007450581,down,2026-08-11T09:55:53,0.0,0.0
SPXW,2026-08-26,5,Put,8800.0,SPXW260826P08800000,1112.1,1135.7,1123.9,0.0,0.0,0.0,0.0,0.0,0.4468,-0.9995,0.0,0.0169,-0.0297,-0.7223,1124.9801,0.0,0.0,0.0,1144.45001220703,no_change,,0.0,0.0
SPXW,2026-08-26,5,Call,9000.0,SPXW260826C09000000,0.0,0.05,0.025,0.05,0.0,0.0,0.0,9.0,0.3965,0.0003,0.0,0.0121,-0.0235,0.0002,0.0283,0.0,0.0,0.0,0.0500000007450581,no_change,2026-08-19T15:23:34,0.0,0.0
SPXW,2026-08-26,5,Put,9000.0,SPXW260826P09000000,1312.0,1335.6,1323.8,0.0,0.0,0.0,0.0,0.0,0.5179,-0.9996,0.0,0.0122,-0.0235,-0.7388,1324.9004,0.0,0.0,0.0,1344.34997558594,no_change,,0.0,0.0
SPXW,2026-08-26,5,Call,9200.0,SPXW260826C09200000,0.0,0.05,0.025,0.05,0.0,0.0,0.0,4.0,0.447,0.0002,0.0,0.0088,-0.0184,0.0001,0.0219,0.0,0.0,0.0,0.025000000372529,no_change,2026-08-19T10:21:34,0.0,0.0
SPXW,2026-08-26,5,Put,9200.0,SPXW260826P09200000,1512.0,1535.5,1523.75,0.0,0.0,0.0,0.0,0.0,0.5783,-0.9997,0.0,0.0088,-0.0184,-0.7552,1524.8223,0.0,0.0,0.0,1544.20001220703,no_change,,0.0,0.0
SPXW,2026-08-26,5,Call,9400.0,SPXW260826C09400000,0.0,0.05,0.025,0.0,0.0,0.0,0.0,0.0,0.4959,0.0002,0.0,0.0064,-0.0144,0.0001,0.0168,0.0,0.0,0.0,0.025000000372529,no_change,,0.0,0.0
SPXW,2026-08-26,5,Put,9400.0,SPXW260826P09400000,1711.9,1735.5,1723.7,0.0,0.0,0.0,0.0,0.0,0.636,-0.9998,0.0,0.0064,-0.0144,-0.7717,1724.7455,0.0,0.0,0.0,1744.09997558594,no_change,,0.0,0.0
SPXW,2026-08-26,5,Call,9600.0,SPXW260826C09600000,0.0,0.05,0.025,0.05,0.0,0.0,0.0,1.0,0.5436,0.0001,0.0,0.0047,-0.0111,0.0001,0.0128,0.0,0.0,0.0,0.025000000372529,down,2026-07-27T15:39:20,0.0,0.0
SPXW,2026-08-26,5,Put,9600.0,SPXW260826P09600000,1911.8,1935.7,1923.75,0.0,0.0,0.0,0.0,0.0,0.7026,-0.9998,0.0,0.0047,-0.0111,-0.7882,1924.6699,0.0,0.0,0.0,1944.0,no_change,,0.0,0.0
SPXW,2026-08-26,5,Call,9800.0,SPXW260826C09800000,0.0,0.05,0.025,0.05,0.0,0.0,0.0,3.0,0.59,0.0001,0.0,0.0035,-0.0085,0.0,0.0097,0.0,0.0,0.0,0.025000000372529,no_change,2026-08-07T11:11:22,0.0,0.0
SPXW,2026-08-26,5,Put,9800.0,SPXW260826P09800000,2111.8,2135.1,2123.45,0.0,0.0,0.0,0.0,0.0,0.7567,-0.9999,0.0,0.0035,-0.0085,-0.8046,2124.5951,0.0,0.0,0.0,2143.84997558594,no_change,,0.0,0.0
SPXW,2026-08-26,5,Call,10000.0,SPXW260826C10000000,0.0,0.05,0.025,0.0,0.0,0.0,0.0,0.0,0.6352,0.0001,0.0,0.0026,-0.0065,0.0,0.0074,0.0,0.0,0.0,0.025000000372529,no_change,,0.0,0.0
SPXW,2026-08-26,5,Put,10000.0,SPXW260826P10000000,2311.7,2335.7,2323.7,0.0,0.0,0.0,0.0,0.0,0.8087,-0.9999,0.0,0.0026,-0.0065,-0.821,2324.521,0.0,0.0,0.0,2344.09997558594,no_change,,0.0,0.0
SPXW,2026-08-27,6,Call,3000.0,SPXW260827C03000000,4665.5,4686.3,4675.9,0.0,0.0,0.0,0.0,0.0,0.0,0.9999,0.0,0.0008,-0.0066,0.3284,4673.0735,0.0,0.0,0.0,4651.80004882812,no_change,,0.0,0.0
SPXW,2026-08-27,6,Put,3000.0,SPXW260827P03000000,0.0,0.05,0.025,0.0,0.0,0.0,0.0,0.0,1.9762,0.0,0.0,0.0008,-0.0066,0.0,0.0074,0.0,0.0,0.0,0.025000000372529,no_change,,0.0,0.0
SPXW,2026-08-27,6,Call,3200.0,SPXW260827C03200000,4462.6,4486.4,4474.5,0.0,0.0,0.0,0.0,0.0,0.0,0.9999,0.0,0.0009,-0.0069,0.3503,4473.1695,0.0,0.0,0.0,4451.85009765625,no_change,,0.0,0.0
SPXW,2026-08-27,6,Put,3200.0,SPXW260827P03200000,0.0,0.05,0.025,0.0,0.0,0.0,0.0,0.0,1.8445,0.0,0.0,0.0009,-0.0069,0.0,0.0079,0.0,0.0,0.0,0.025000000372529,no_change,,0.0,0.0
SPXW,2026-08-27,6,Call,3400.0,SPXW260827C03400000,4267.3,4286.5,4276.9,0.0,0.0,0.0,0.0,0.0,0.0,0.9999,0.0,0.001,-0.0074,0.3722,4273.2656,0.0,0.0,0.0,4252.05004882812,no_change,,0.0,0.0
SPXW,2026-08-27,6,Put,3400.0,SPXW260827P03400000,0.0,0.05,0.025,0.0,0.0,0.0,0.0,0.0,1.7208,0.0,0.0,0.001,-0.0074,0.0,0.0084,0.0,0.0,0.0,0.025000000372529,no_change,,0.0,0.0
SPXW,2026-08-27,6,Call,3600.0,SPXW260827C03600000,4062.6,4086.3,4074.45,0.0,0.0,0.0,0.0,0.0,0.0,0.9999,0.0,0.0012,-0.0079,0.3941,4073.3618,0.0,0.0,0.0,4052.25,no_change,,0.0,0.0
SPXW,2026-08-27,6,Put,3600.0,SPXW260827P03600000,0.0,0.05,0.025,0.0,0.0,0.0,0.0,0.0,1.6041,0.0,0.0,0.0012,-0.008,0.0,0.0091,0.0,0.0,0.0,0.025000000372529,no_change,,0.0,0.0
SPXW,2026-08-27,6,Call,3800.0,SPXW260827C03800000,3867.5,3886.6,3877.05,0.0,0.0,0.0,0.0,0.0,0.0,0.9999,0.0,0.0014,-0.0086,0.416,3873.4582,0.0,0.0,0.0,3852.34997558594,no_change,,0.0,0.0
SPXW,2026-08-27,6,Put,3800.0,SPXW260827P03800000,0.0,0.05,0.025,0.55,0.0,0.0,0.0,2.0,1.4937,0.0,0.0,0.0014,-0.0086,0.0,0.0099,0.0,0.0,0.0,0.025000000372529,up,2026-07-23T11:10:05,0.0,0.0
SPXW,2026-08-27,6,Call,4000.0,SPXW260827C04000000,3663.2,3686.7,3674.95,0.0,0.0,0.0,0.0,0.0,0.0,0.9999,0.0,0.0016,-0.0094,0.4378,3673.5547,0.0,0.0,0.0,3652.55004882812,no_change,,0.0,0.0
SPXW,2026-08-27,6,Put,4000.0,SPXW260827P04000000,0.0,0.05,0.025,0.05,0.0,0.0,0.0,3.0,1.3888,0.0,0.0,0.0016,-0.0094,0.0,0.0108,0.0,0.0,0.0,0.025000000372529,down,2026-08-06T11:20:02,0.0,0.0
SPXW,2026-08-27,6,Call,4200.0,SPXW260827C04200000,3466.9,3486.8,3476.8500000000004,0.0,0.0,0.0,0.0,0.0,0.0,0.9999,0.0,0.0018,-0.0103,0.4597,3473.6514,0.0,0.0,0.0,3452.69995117188,no_change,,0.0,0.0
SPXW,2026-08-27,6,Put,4200.0,SPXW260827P04200000,0.0,0.05,0.025,0.1,0.0,0.0,0.0,242.0,1.2889,0.0,0.0,0.0018,-0.0103,0.0,0.0119,0.0,0.0,0.0,0.025000000372529,no_change,2026-08-06T12:28:47,0.0,0.0
SPXW,2026-08-27,6,Call,4400.0,SPXW260827C04400000,3263.0,3286.8,3274.9,0.0,0.0,0.0,0.0,0.0,0.0,0.9999,0.0,0.0022,-0.0114,0.4816,3273.7484,0.0,0.0,0.0,3253.15002441406,no_change,,0.0,0.0
SPXW,2026-08-27,6,Put,4400.0,SPXW260827P04400000,0.0,0.05,0.025,0.05,0.0,0.0,0.0,20.0,1.1935,-0.0001,0.0,0.0022,-0.0114,0.0,0.0134,0.0,0.0,0.0,0.025000000372529,no_change,2026-08-19T12:59:21,0.0,0.0
SPXW,2026-08-27,6,Call,4600.0,SPXW260827C04600000,3063.0,3086.9,3074.95,0.0,0.0,0.0,0.0,0.0,0.0,0.9999,0.0,0.0026,-0.0128,0.5035,3073.8457,0.0,0.0,0.0,3053.0,no_change,,0.0,0.0
SPXW,2026-08-27,6,Put,4600.0,SPXW260827P04600000,0.0,0.05,0.025,0.05,0.0,0.0,0.0,119.0,1.1022,-0.0001,0.0,0.0026,-0.0128,0.0,0.0151,0.0,0.0,0.0,0.025000000372529,no_change,2026-08-10T15:25:51,0.0,0.0
SPXW,2026-08-27,6,Call,4800.0,SPXW260827C04800000,2866.9,2887.1,2877.0,0.0,0.0,0.0,0.0,0.0,0.0,0.9998,0.0,0.0032,-0.0146,0.5254,2873.9434,0.0,0.0,0.0,2853.15002441406,no_change,,0.0,0.0
SPXW,2026-08-27,6,Put,4800.0,SPXW260827P04800000,0.0,0.05,0.025,0.05,0.0,0.0,0.0,79.0,1.0146,-0.0001,0.0,0.0032,-0.0146,-0.0001,0.0173,0.0,0.0,0.0,0.025000000372529,no_change,2026-08-12T13:42:41,0.0,0.0
SPXW,2026-08-27,6,Call,5000.0,SPXW260827C05000000,2663.4,2687.2,2675.3,2413.73,0.0,0.0,0.0,1.0,0.0,0.9998,0.0,0.0039,-0.0167,0.5472,2674.0417,0.0,0.0,0.0,2653.85009765625,down,2026-07-23T13:42:06,0.0,0.0
SPXW,2026-08-27,6,Put,5000.0,SPXW260827P05000000,0.0,0.05,0.025,0.05,0.0,0.0,0.0,45.0,0.9304,-0.0001,0.0,0.0039,-0.0168,-0.0001,0.02,0.0,0.0,0.0,0.025000000372529,no_change,2026-08-18T11:26:08,0.0,0.0
SPXW,2026-08-27,6,Call,5200.0,SPXW260827C05200000,2463.3,2487.2,2475.25,0.0,0.0,0.0,0.0,0.0,0.0,0.9998,0.0,0.0049,-0.0195,0.5691,2474.1408,0.0,0.0,0.0,2453.45007324219,no_change,,0.0,0.0
SPXW,2026-08-27,6,Put,5200.0,SPXW260827P05200000,0.0,0.05,0.025,0.05,0.0,0.0,0.0,244.0,0.8492,-0.0001,0.0,0.0049,-0.0195,-0.0001,0.0236,0.0,0.0,0.0,0.025000000372529,no_change,2026-08-18T11:03:05,0.0,0.0
SPXW,2026-08-27,6,Call,5400.0,SPXW260827C05400000,2263.6,2287.3,2275.45,0.0,0.0,0.0,0.0,0.0,0.0,0.9998,0.0,0.0062,-0.023,0.591,2274.241,0.0,0.0,0.0,2253.65002441406,no_change,,0.0,0.0
SPXW,2026-08-27,6,Put,5400.0,SPXW260827P05400000,0.0,0.05,0.025,0.05,0.025,100.0,46.0,182.0,0.7709,-0.0002,0.0,0.0062,-0.023,-0.0001,0.0282,0.05,0.05,0.05,0.025000000372529,no_change,2026-08-21T15:06:41,0.0,0.0
SPXW,2026-08-27,6,Call,5600.0,SPXW260827C05600000,2066.6,2087.4,2077.0,0.0,0.0,0.0,0.0,0.0,0.0,0.9997,0.0,0.008,-0.0276,0.6128,2074.3427,0.0,0.0,0.0,2053.79998779297,no_change,,0.0,0.0
SPXW,2026-08-27,6,Put,5600.0,SPXW260827P05600000,0.0,0.05,0.025,0.03,-0.02,-40.0,3.0,819.0,0.7278,-0.0002,0.0,0.008,-0.0276,-0.0002,0.0344,0.03,0.03,0.03,0.0500000007450581,no_change,2026-08-21T16:04:18,0.0,0.0
SPXW,2026-08-27,6,Call,5800.0,SPXW260827C05800000,1867.4,1887.5,1877.45,0.0,0.0,0.0,0.0,0.0,0.0,0.9996,0.0,0.0106,-0.0338,0.6347,1874.4467,0.0,0.0,0.0,1854.0,no_change,,0.0,0.0
SPXW,2026-08-27,6,Put,5800.0,SPXW260827P05800000,0.0,0.05,0.025,0.05,-0.025,-33.3333,90.0,90.0,0.6512,-0.0003,0.0,0.0107,-0.0338,-0.0002,0.0428,0.05,0.05,0.05,0.0750000011175871,no_change,2026-08-21T15:47:50,0.0,0.0
SPXW,2026-08-27,6,Call,5900.0,SPXW260827C05900000,1763.7,1787.3,1775.5,0.0,0.0,0.0,0.0,0.0,0.0,0.9996,0.0,0.0124,-0.0376,0.6456,1774.4998,0.0,0.0,0.0,1754.04998779297,no_change,,0.0,0.0
SPXW,2026-08-27,6,Put,5900.0,SPXW260827P05900000,0.0,0.1,0.05,0.05,-0.025,-33.3333,14.0,294.0,0.6138,-0.0003,0.0,0.0124,-0.0377,-0.0003,0.0481,0.05,0.05,0.05,0.0750000011175871,no_change,2026-08-21T16:02:01,0.0,0.0
SPXW,2026-08-27,6,Call,6000.0,SPXW260827C06000000,1667.5,1687.6,1677.55,0.0,0.0,0.0,0.0,0.0,0.0,0.9995,0.0,0.0145,-0.0422,0.6565,1674.554,0.0,0.0,0.0,1654.15002441406,no_change,,0.0,0.0
SPXW,2026-08-27,6,Put,6000.0,SPXW260827P06000000,0.0,0.1,0.05,0.05,-0.05,-50.0,1202.0,244.0,0.5769,-0.0004,0.0,0.0145,-0.0422,-0.0003,0.0545,0.1,0.1,0.05,0.100000003352761,no_change,2026-08-21T16:14:21,0.0,0.0
SPXW,2026-08-27,6,Call,6100.0,SPXW260827C06100000,1568.6,1587.7,1578.15,1579.23,0.0,0.0,0.0,1.0,0.0,0.9995,0.0,0.0171,-0.0476,0.6674,1574.6094,0.0,0.0,0.0,1554.25,down,2026-08-20T10:20:32,0.0,0.0
SPXW,2026-08-27,6,Put,6100.0,SPXW260827P06100000,0.05,0.1,0.07500000000000001,0.1,-0.025,-20.0,15.0,272.0,0.5405,-0.0005,0.0,0.0172,-0.0476,-0.0004,0.0622,0.1,0.1,0.1,0.12500000372529,no_change,2026-08-21T14:52:54,0.0,0.0
SPXW,2026-08-27,6,Call,6200.0,SPXW260827C06200000,1463.8,1487.7,1475.75,0.0,0.0,0.0,0.0,0.0,0.0,0.9994,0.0,0.0204,-0.054,0.6782,1474.6666,0.0,0.0,0.0,1454.44995117188,no_change,,0.0,0.0
SPXW,2026-08-27,6,Put,6200.0,SPXW260827P06200000,0.0,0.1,0.05,0.2,0.0,0.0,0.0,135.0,0.5316,-0.0006,0.0,0.0204,-0.054,-0.0005,0.0715,0.0,0.0,0.0,0.150000002235174,no_change,2026-08-19T15:59:45,0.0,0.0
SPXW,2026-08-27,6,Call,6300.0,SPXW260827C06300000,1363.9,1387.7,1375.8000000000002,0.0,0.0,0.0,0.0,0.0,0.0,0.9992,0.0,0.0245,-0.0617,0.6891,1374.7258,0.0,0.0,0.0,1354.60003662109,no_change,,0.0,0.0
SPXW,2026-08-27,6,Put,6300.0,SPXW260827P06300000,0.05,0.1,0.07500000000000001,0.15,0.0,0.0,0.0,52.0,0.4943,-0.0007,0.0,0.0246,-0.0618,-0.0006,0.083,0.0,0.0,0.0,0.175000004470348,no_change,2026-08-20T15:55:22,0.0,0.0
SPXW,2026-08-27,6,Call,6325.0,SPXW260827C06325000,1338.9,1362.6,1350.75,0.0,0.0,0.0,0.0,0.0,0.0,0.9992,0.0,0.0257,-0.0639,0.6918,1349.741,0.0,0.0,0.0,1329.60003662109,no_change,,0.0,0.0
SPXW,2026-08-27,6,Put,6325.0,SPXW260827P06325000,0.05,0.15,0.1,0.15,0.0,0.0,0.0,10.0,0.4851,-0.0007,0.0,0.0257,-0.064,-0.0006,0.0863,0.0,0.0,0.0,0.175000004470348,no_change,2026-08-20T16:03:17,0.0,0.0
SPXW,2026-08-27,6,Call,6350.0,SPXW260827C06350000,1313.9,1337.7,1325.8000000000002,1334.74,0.0,0.0,0.0,1.0,0.0,0.9992,0.0,0.027,-0.0662,0.6945,1324.7564,0.0,0.0,0.0,1304.60003662109,down,2026-08-20T10:20:58,0.0,0.0
SPXW,2026-08-27,6,Put,6350.0,SPXW260827P06350000,0.05,0.15,0.1,0.3,0.0,0.0,0.0,1.0,0.4759,-0.0008,0.0,0.027,-0.0663,-0.0006,0.0898,0.0,0.0,0.0,0.200000002980232,down,2026-08-14T09:57:10,0.0,0.0
SPXW,2026-08-27,6,Call,6375.0,SPXW260827C06375000,1293.8,1312.8,1303.3,0.0,0.0,0.0,0.0,0.0,0.0,0.9991,0.0,0.0284,-0.0686,0.6972,1299.772,0.0,0.0,0.0,1279.54998779297,no_change,,0.0,0.0
SPXW,2026-08-27,6,Put,6375.0,SPXW260827P06375000,0.05,0.15,0.1,0.2,0.0,0.0,0.0,35.0,0.4668,-0.0008,0.0,0.0284,-0.0687,-0.0006,0.0934,0.0,0.0,0.0,0.200000002980232,down,2026-08-20T15:56:52,0.0,0.0
SPXW,2026-08-27,6,Call,6400.0,SPXW260827C06400000,1268.0,1287.8,1277.9,1372.38,0.0,0.0,0.0,1.0,0.0,0.9991,0.0,0.0298,-0.0711,0.6999,1274.7878,0.0,0.0,0.0,1254.59997558594,up,2026-08-05T10:41:26,0.0,0.0
SPXW,2026-08-27,6,Put,6400.0,SPXW260827P06400000,0.05,0.1,0.07500000000000001,0.1,-0.1,-50.0,2.0,393.0,0.4576,-0.0008,0.0,0.0298,-0.0712,-0.0007,0.0973,0.15,0.15,0.1,0.200000002980232,down,2026-08-21T15:58:48,0.0,0.0
SPXW,2026-08-27,6,Call,6425.0,SPXW260827C06425000,1239.0,1262.6,1250.8,0.0,0.0,0.0,0.0,0.0,0.0,0.999,0.0,0.0314,-0.0738,0.7026,1249.8038,0.0,0.0,0.0,1229.95001220703,no_change,,0.0,0.0
SPXW,2026-08-27,6,Put,6425.0,SPXW260827P06425000,0.05,0.15,0.1,0.35,0.0,0.0,0.0,17.0,0.4485,-0.0009,0.0,0.0314,-0.0739,-0.0007,0.1013,0.0,0.0,0.0,0.225000001490116,down,2026-08-14T09:57:18,0.0,0.0
SPXW,2026-08-27,6,Call,6450.0,SPXW260827C06450000,1216.9,1237.9,1227.4,0.0,0.0,0.0,0.0,0.0,0.0,0.999,0.0,0.0331,-0.0766,0.7053,1224.8201,0.0,0.0,0.0,1204.70001220703,no_change,,0.0,0.0
SPXW,2026-08-27,6,Put,6450.0,SPXW260827P06450000,0.05,0.15,0.1,0.15,-0.1,-40.0,1.0,75.0,0.4394,-0.001,0.0,0.0331,-0.0767,-0.0008,0.1057,0.15,0.15,0.15,0.250000007450581,down,2026-08-21T15:54:59,0.0,0.0
SPXW,2026-08-27,6,Call,6475.0,SPXW260827C06475000,1192.8,1212.9,1202.85,0.0,0.0,0.0,0.0,8.0,0.0,0.9989,0.0,0.0348,-0.0796,0.708,1199.8366,0.0,0.0,0.0,1179.75,no_change,,0.0,0.0
SPXW,2026-08-27,6,Put,6475.0,SPXW260827P06475000,0.05,0.15,0.1,0.15,-0.1,-40.0,1.0,7.0,0.4383,-0.001,0.0,0.0349,-0.0796,-0.0008,0.1102,0.15,0.15,0.15,0.250000007450581,down,2026-08-21T16:12:23,0.0,0.0
SPXW,2026-08-27,6,Call,6500.0,SPXW260827C06500000,1164.2,1187.9,1176.0500000000002,1273.04,0.0,0.0,0.0,1.0,0.0,0.9989,0.0,0.0367,-0.0827,0.7107,1174.8534,0.0,0.0,0.0,1155.04998779297,up,2026-08-05T10:41:26,0.0,0.0
SPXW,2026-08-27,6,Put,6500.0,SPXW260827P06500000,0.05,0.15,0.1,0.15,-0.1,-40.0,100.0,131.0,0.4291,-0.0011,0.0,0.0368,-0.0828,-0.0008,0.1151,0.15,0.15,0.15,0.250000007450581,down,2026-08-21T15:54:41,0.0,0.0
SPXW,2026-08-27,6,Call,6525.0,SPXW260827C06525000,1143.8,1162.9,1153.35,0.0,0.0,0.0,0.0,0.0,0.0,0.9988,0.0,0.0387,-0.086,0.7134,1149.8705,0.0,0.0,0.0,1129.79998779297,no_change,,0.0,0.0
SPXW,2026-08-27,6,Put,6525.0,SPXW260827P06525000,0.05,0.15,0.1,0.3,0.0,0.0,0.0,92.0,0.4199,-0.0011,0.0,0.0388,-0.0861,-0.0009,0.1203,0.0,0.0,0.0,0.275000005960464,down,2026-08-20T15:59:55,0.0,0.0
SPXW,2026-08-27,6,Call,6550.0,SPXW260827C06550000,1114.1,1137.8,1125.9499999999998,0.0,0.0,0.0,0.0,0.0,0.0,0.9987,0.0,0.0409,-0.0895,0.716,1124.888,0.0,0.0,0.0,1104.75,no_change,,0.0,0.0
SPXW,2026-08-27,6,Put,6550.0,SPXW260827P06550000,0.1,0.15,0.125,0.25,0.0,0.0,0.0,98.0,0.4108,-0.0012,0.0,0.0409,-0.0896,-0.001,0.1258,0.0,0.0,0.0,0.299999997019768,no_change,2026-08-20T16:00:55,0.0,0.0
SPXW,2026-08-27,6,Call,6575.0,SPXW260827C06575000,1089.1,1112.8,1100.9499999999998,0.0,0.0,0.0,0.0,0.0,0.0,0.9987,0.0,0.0432,-0.0932,0.7187,1099.9058,0.0,0.0,0.0,1080.14996337891,no_change,,0.0,0.0
SPXW,2026-08-27,6,Put,6575.0,SPXW260827P06575000,0.1,0.2,0.15000000000000002,0.28,0.0,0.0,0.0,100.0,0.4079,-0.0013,0.0,0.0432,-0.0933,-0.001,0.1317,0.0,0.0,0.0,0.299999997019768,no_change,2026-08-19T11:26:11,0.0,0.0
SPXW,2026-08-27,6,Call,6600.0,SPXW260827C06600000,1064.1,1088.0,1076.05,0.0,0.0,0.0,0.0,0.0,0.0,0.9986,0.0,0.0457,-0.0971,0.7214,1074.924,0.0,0.0,0.0,1054.84997558594,no_change,,0.0,0.0
SPXW,2026-08-27,6,Put,6600.0,SPXW260827P06600000,0.1,0.2,0.15000000000000002,0.15,-0.2,-57.1429,121.0,5575.0,0.3987,-0.0013,0.0,0.0458,-0.0972,-0.0011,0.138,0.2,0.2,0.15,0.350000008940697,down,2026-08-21T16:07:55,0.0,0.0
SPXW,2026-08-27,6,Call,6625.0,SPXW260827C06625000,1044.0,1063.0,1053.5,0.0,0.0,0.0,0.0,0.0,0.0,0.9985,0.0,0.0484,-0.1012,0.724,1049.9426,0.0,0.0,0.0,1029.94998168945,no_change,,0.0,0.0
SPXW,2026-08-27,6,Put,6625.0,SPXW260827P06625000,0.1,0.2,0.15000000000000002,0.2,-0.15,-42.8571,115.0,184.0,0.3895,-0.0014,0.0,0.0484,-0.1013,-0.0012,0.1447,0.25,0.25,0.2,0.350000008940697,down,2026-08-21T09:32:03,0.0,0.0
SPXW,2026-08-27,6,Call,6650.0,SPXW260827C06650000,1014.1,1037.8,1025.95,0.0,0.0,0.0,0.0,0.0,0.0,0.9984,0.0,0.0513,-0.1056,0.7267,1024.9617,0.0,0.0,0.0,1005.0,no_change,,0.0,0.0
SPXW,2026-08-27,6,Put,6650.0,SPXW260827P06650000,0.1,0.2,0.15000000000000002,0.35,0.0,0.0,0.0,33.0,0.3803,-0.0015,0.0,0.0514,-0.1057,-0.0012,0.1518,0.0,0.0,0.0,0.350000008940697,down,2026-08-20T12:15:32,0.0,0.0
SPXW,2026-08-27,6,Call,6675.0,SPXW260827C06675000,989.2,1013.0,1001.1,789.88,0.0,0.0,0.0,1.0,0.0,0.9983,0.0,0.0545,-0.1102,0.7294,999.9813,0.0,0.0,0.0,980.0,down,2026-07-31T11:21:12,0.0,0.0
SPXW,2026-08-27,6,Put,6675.0,SPXW260827P06675000,0.1,0.2,0.15000000000000002,0.2,-0.2,-50.0,1.0,120.0,0.3762,-0.0016,0.0,0.0546,-0.1103,-0.0013,0.1594,0.2,0.2,0.2,0.399999991059303,down,2026-08-21T10:39:53,0.0,0.0
SPXW,2026-08-27,6,Call,6700.0,SPXW260827C06700000,964.2,987.9,976.05,0.0,0.0,0.0,0.0,0.0,0.0,0.9982,0.0,0.0579,-0.1151,0.732,975.0014,0.0,0.0,0.0,955.350006103516,no_change,,0.0,0.0
SPXW,2026-08-27,6,Put,6700.0,SPXW260827P06700000,0.1,0.2,0.15000000000000002,0.35,0.0,0.0,0.0,314.0,0.367,-0.0017,0.0,0.058,-0.1153,-0.0014,0.1676,0.0,0.0,0.0,0.399999991059303,no_change,2026-08-20T16:08:41,0.0,0.0
SPXW,2026-08-27,6,Call,6725.0,SPXW260827C06725000,943.0,963.1,953.05,0.0,0.0,0.0,0.0,0.0,0.0,0.9981,0.0,0.0616,-0.1204,0.7347,950.0221,0.0,0.0,0.0,930.050018310547,no_change,,0.0,0.0
SPXW,2026-08-27,6,Put,6725.0,SPXW260827P06725000,0.15,0.2,0.175,0.4,0.0,0.0,0.0,116.0,0.3579,-0.0018,0.0,0.0616,-0.1204,-0.0015,0.1761,0.0,0.0,0.0,0.450000002980232,down,2026-08-20T10:31:37,0.0,0.0
SPXW,2026-08-27,6,Call,6750.0,SPXW260827C06750000,914.2,938.0,926.1,0.0,0.0,0.0,0.0,0.0,0.0,0.998,0.0,0.0656,-0.126,0.7373,925.0435,0.0,0.0,0.0,905.100006103516,no_change,,0.0,0.0
SPXW,2026-08-27,6,Put,6750.0,SPXW260827P06750000,0.15,0.25,0.2,0.4,0.0,0.0,0.0,241.0,0.3528,-0.002,0.0,0.0657,-0.1261,-0.0016,0.1858,0.0,0.0,0.0,0.5,no_change,2026-08-20T16:00:16,0.0,0.0
SPXW,2026-08-27,6,Call,6775.0,SPXW260827C06775000,889.2,913.1,901.1500000000001,0.0,0.0,0.0,0.0,0.0,0.0,0.9978,0.0,0.0699,-0.1319,0.7399,900.0656,0.0,0.0,0.0,880.200012207031,no_change,,0.0,0.0
SPXW,2026-08-27,6,Put,6775.0,SPXW260827P06775000,0.15,0.25,0.2,0.45,0.0,0.0,0.0,159.0,0.3435,-0.0021,0.0,0.07,-0.1321,-0.0017,0.196,0.0,0.0,0.0,0.5,no_change,2026-08-20T15:52:03,0.0,0.0
SPXW,2026-08-27,6,Call,6800.0,SPXW260827C06800000,867.8,888.1,877.95,0.0,0.0,0.0,0.0,0.0,0.0,0.9977,0.0,0.0745,-0.1383,0.7425,875.0884,0.0,0.0,0.0,855.200012207031,no_change,,0.0,0.0
SPXW,2026-08-27,6,Put,6800.0,SPXW260827P06800000,0.15,0.25,0.2,0.5,0.0,0.0,0.0,136.0,0.3379,-0.0023,0.0,0.0746,-0.1384,-0.0018,0.2069,0.0,0.0,0.0,0.550000011920929,up,2026-08-20T15:13:47,0.0,0.0
SPXW,2026-08-27,6,Call,6825.0,SPXW260827C06825000,844.1,863.1,853.6,0.0,0.0,0.0,0.0,0.0,0.0,0.9975,0.0,0.0796,-0.1451,0.7451,850.1122,0.0,0.0,0.0,830.25,no_change,,0.0,0.0
SPXW,2026-08-27,6,Put,6825.0,SPXW260827P06825000,0.15,0.25,0.2,0.2,-0.4,-66.6667,3.0,204.0,0.3286,-0.0024,0.0,0.0797,-0.1452,-0.002,0.2188,0.25,0.25,0.2,0.599999994039536,no_change,2026-08-21T16:10:20,0.0,0.0
SPXW,2026-08-27,6,Call,6850.0,SPXW260827C06850000,819.2,838.2,828.7,0.0,0.0,0.0,0.0,0.0,0.0,0.9973,0.0,0.0852,-0.1523,0.7477,825.1369,0.0,0.0,0.0,805.299987792969,no_change,,0.0,0.0
SPXW,2026-08-27,6,Put,6850.0,SPXW260827P06850000,0.2,0.25,0.225,0.57,0.0,0.0,0.0,137.0,0.3225,-0.0026,0.0,0.0853,-0.1525,-0.0021,0.2315,0.0,0.0,0.0,0.625,no_change,2026-08-20T15:52:03,0.0,0.0
SPXW,2026-08-27,6,Call,6875.0,SPXW260827C06875000,789.3,813.2,801.25,0.0,0.0,0.0,0.0,0.0,0.0,0.9971,0.0,0.0914,-0.1601,0.7503,800.1626,0.0,0.0,0.0,780.399993896484,no_change,,0.0,0.0
SPXW,2026-08-27,6,Put,6875.0,SPXW260827P06875000,0.2,0.3,0.25,0.33,-0.32,-49.2308,594.0,82.0,0.3131,-0.0028,0.0,0.0915,-0.1602,-0.0023,0.2453,0.33,0.33,0.33,0.650000005960464,no_change,2026-08-21T15:04:17,0.0,0.0
SPXW,2026-08-27,6,Call,6900.0,SPXW260827C06900000,767.9,788.2,778.05,0.0,0.0,0.0,0.0,0.0,0.0,0.9969,0.0,0.0981,-0.1684,0.7528,775.1895,0.0,0.0,0.0,755.75,no_change,,0.0,0.0
SPXW,2026-08-27,6,Put,6900.0,SPXW260827P06900000,0.2,0.3,0.25,0.4,-0.3,-42.8571,500.0,101.0,0.3066,-0.003,0.0,0.0982,-0.1686,-0.0025,0.2603,0.4,0.4,0.4,0.699999988079071,no_change,2026-08-21T13:08:36,0.0,0.0
SPXW,2026-08-27,6,Call,6925.0,SPXW260827C06925000,739.3,763.2,751.25,0.0,0.0,0.0,0.0,0.0,0.0,0.9966,0.0,0.1055,-0.1773,0.7554,750.2177,0.0,0.0,0.0,730.5,no_change,,0.0,0.0
SPXW,2026-08-27,6,Put,6925.0,SPXW260827P06925000,0.25,0.3,0.275,0.28,-0.5,-66.6667,68.0,39.0,0.2971,-0.0033,0.0,0.1056,-0.1775,-0.0027,0.2766,0.28,0.28,0.28,0.75,down,2026-08-21T16:03:50,0.0,0.0
SPXW,2026-08-27,6,Call,6950.0,SPXW260827C06950000,714.4,738.3,726.3499999999999,0.0,0.0,0.0,0.0,0.0,0.0,0.9964,0.0,0.1135,-0.1869,0.7579,725.2474,0.0,0.0,0.0,705.550018310547,no_change,,0.0,0.0
SPXW,2026-08-27,6,Put,6950.0,SPXW260827P06950000,0.25,0.35,0.3,0.28,-0.545,-66.0606,1970.0,325.0,0.2902,-0.0036,0.0,0.1136,-0.1871,-0.0029,0.2944,0.4,0.4,0.28,0.825000017881394,no_change,2026-08-21T16:11:10,0.0,0.0
SPXW,2026-08-27,6,Call,6975.0,SPXW260827C06975000,689.4,713.3,701.3499999999999,0.0,0.0,0.0,0.0,0.0,0.0,0.9961,0.0,0.1223,-0.1973,0.7604,700.2788,0.0,0.0,0.0,680.650024414062,no_change,,0.0,0.0
SPXW,2026-08-27,6,Put,6975.0,SPXW260827P06975000,0.25,0.35,0.3,0.45,-0.45,-50.0,10.0,160.0,0.2831,-0.0039,0.0,0.1224,-0.1975,-0.0032,0.3138,0.45,0.45,0.45,0.900000005960464,no_change,2026-08-21T09:53:05,0.0,0.0
SPXW,2026-08-27,6,Call,7000.0,SPXW260827C07000000,670.1,682.6,676.35,686.4,0.0,0.0,0.0,1522.0,0.2687,0.9957,0.0,0.132,-0.2085,0.7628,675.312,0.0,0.0,0.0,655.5,down,2026-08-20T12:45:20,0.0,0.0
SPXW,2026-08-27,6,Put,7000.0,SPXW260827P07000000,0.3,0.35,0.32499999999999996,0.4,-0.55,-57.8947,11.0,1942.0,0.2735,-0.0042,0.0,0.1322,-0.2087,-0.0034,0.3351,0.45,0.48,0.4,0.949999988079071,down,2026-08-21T15:35:16,0.0,0.0
SPXW,2026-08-27,6,Call,7025.0,SPXW260827C07025000,643.3,663.3,653.3,0.0,0.0,0.0,0.0,0.0,0.0,0.9954,0.0,0.143,-0.2205,0.7652,650.3472,0.0,0.0,0.0,630.849975585938,no_change,,0.0,0.0
SPXW,2026-08-27,6,Put,7025.0,SPXW260827P07025000,0.3,0.4,0.35,0.39,-0.61,-61.0,55.0,195.0,0.266,-0.0046,0.0,0.1432,-0.2208,-0.0037,0.3584,0.4,0.45,0.39,0.999999970197678,down,2026-08-21T15:42:35,0.0,0.0
SPXW,2026-08-27,6,Call,7040.0,SPXW260827C07040000,624.6,648.4,636.5,0.0,0.0,0.0,0.0,0.0,0.0,0.9951,0.0,0.1501,-0.2282,0.7667,635.3694,0.0,0.0,0.0,0.0,no_change,,0.0,0.0
SPXW,2026-08-27,6,Put,7040.0,SPXW260827P07040000,0.3,0.4,0.35,0.52,0.52,0.0,3.0,0.0,0.2622,-0.0048,0.0,0.1503,-0.2285,-0.0039,0.3735,0.52,0.52,0.52,0.0,up,2026-08-21T13:38:59,0.0,0.0
SPXW,2026-08-27,6,Call,7050.0,SPXW260827C07050000,614.4,637.4,625.9,625.55,19.6,3.23459,1.0,22.0,0.0,0.9949,0.0001,0.1551,-0.2336,0.7676,625.3848,625.55,625.55,625.55,605.950012207031,down,2026-08-21T14:16:15,0.0,0.0
SPXW,2026-08-27,6,Put,7050.0,SPXW260827P07050000,0.3,0.4,0.35,0.33,-0.77,-70.0,6.0,361.0,0.2583,-0.005,0.0001,0.1553,-0.2338,-0.0041,0.3841,0.45,0.47,0.33,1.09999996423721,no_change,2026-08-21T16:04:18,0.0,0.0
SPXW,2026-08-27,6,Call,7060.0,SPXW260827C07060000,604.6,628.4,616.5,0.0,0.0,0.0,0.0,0.0,0.0,0.9947,0.0001,0.1604,-0.2391,0.7686,615.4005,0.0,0.0,0.0,0.0,no_change,,0.0,0.0
SPXW,2026-08-27,6,Put,7060.0,SPXW260827P07060000,0.35,0.4,0.375,0.0,0.0,0.0,0.0,0.0,0.2544,-0.0052,0.0001,0.1606,-0.2394,-0.0042,0.3951,0.0,0.0,0.0,0.0,no_change,,0.0,0.0
SPXW,2026-08-27,6,Call,7070.0,SPXW260827C07070000,599.5,618.4,608.95,0.0,0.0,0.0,0.0,0.0,0.0,0.9945,0.0001,0.1658,-0.2448,0.7695,605.4167,0.0,0.0,0.0,0.0,no_change,,0.0,0.0
SPXW,2026-08-27,6,Put,7070.0,SPXW260827P07070000,0.35,0.45,0.4,0.5,0.5,0.0,44.0,0.0,0.2523,-0.0054,0.0001,0.1661,-0.2451,-0.0044,0.4065,0.5,0.5,0.5,0.0,up,2026-08-21T14:53:22,0.0,0.0
SPXW,2026-08-27,6,Call,7075.0,SPXW260827C07075000,589.5,613.4,601.45,601.15,19.8,3.40586,1.0,0.0,0.0,0.9944,0.0001,0.1686,-0.2478,0.77,600.425,601.15,601.15,601.15,581.350006103516,up,2026-08-21T14:16:15,0.0,0.0
SPXW,2026-08-27,6,Put,7075.0,SPXW260827P07075000,0.35,0.45,0.4,0.46,-0.74,-61.6667,16.0,96.0,0.2504,-0.0055,0.0001,0.1689,-0.248,-0.0045,0.4124,0.55,0.55,0.46,1.19999998807907,down,2026-08-21T15:42:35,0.0,0.0
SPXW,2026-08-27,6,Call,7080.0,SPXW260827C07080000,589.5,608.4,598.95,0.0,0.0,0.0,0.0,0.0,0.0,0.9943,0.0001,0.1715,-0.2507,0.7704,595.4334,0.0,0.0,0.0,0.0,no_change,,0.0,0.0
SPXW,2026-08-27,6,Put,7080.0,SPXW260827P07080000,0.35,0.45,0.4,0.0,0.0,0.0,0.0,0.0,0.2502,-0.0056,0.0001,0.1716,-0.2508,-0.0046,0.418,0.0,0.0,0.0,0.0,no_change,,0.0,0.0
SPXW,2026-08-27,6,Call,7090.0,SPXW260827C07090000,574.6,598.4,586.5,0.0,0.0,0.0,0.0,0.0,0.0,0.9941,0.0001,0.1774,-0.2568,0.7714,585.4506,0.0,0.0,0.0,0.0,no_change,,0.0,0.0
SPXW,2026-08-27,6,Put,7090.0,SPXW260827P07090000,0.35,0.45,0.4,0.0,0.0,0.0,0.0,0.0,0.2462,-0.0058,0.0001,0.1777,-0.2571,-0.0048,0.4309,0.0,0.0,0.0,0.0,no_change,,0.0,0.0
SPXW,2026-08-27,6,Call,7100.0,SPXW260827C07100000,564.5,588.4,576.45,498.96,0.0,0.0,0.0,1.0,0.0,0.9939,0.0001,0.1836,-0.2632,0.7723,575.4683,0.0,0.0,0.0,556.450012207031,up,2026-08-03T10:56:02,0.0,0.0
SPXW,2026-08-27,6,Put,7100.0,SPXW260827P07100000,0.35,0.45,0.4,0.53,-0.77,-59.2308,595.0,228.0,0.2423,-0.006,0.0001,0.1839,-0.2634,-0.0049,0.4439,0.5,0.53,0.5,1.30000001192093,no_change,2026-08-21T15:04:17,0.0,0.0
SPXW,2026-08-27,6,Call,7110.0,SPXW260827C07110000,554.7,578.5,566.6,0.0,0.0,0.0,0.0,0.0,0.2001,0.9936,0.0001,0.1901,-0.2698,0.7732,565.4867,0.0,0.0,0.0,0.0,no_change,,0.0,0.0
SPXW,2026-08-27,6,Put,7110.0,SPXW260827P07110000,0.4,0.5,0.45,0.0,0.0,0.0,0.0,0.0,0.2384,-0.0063,0.0001,0.1904,-0.27,-0.0051,0.4574,0.0,0.0,0.0,0.0,no_change,,0.0,0.0
SPXW,2026-08-27,6,Call,7120.0,SPXW260827C07120000,544.5,566.4,555.45,0.0,0.0,0.0,0.0,0.0,0.1956,0.9934,0.0001,0.1969,-0.2766,0.774,555.5056,0.0,0.0,0.0,0.0,no_change,,0.0,0.0
SPXW,2026-08-27,6,Put,7120.0,SPXW260827P07120000,0.4,0.5,0.45,0.0,0.0,0.0,0.0,0.0,0.2376,-0.0065,0.0001,0.1969,-0.2766,-0.0053,0.4709,0.0,0.0,0.0,0.0,no_change,,0.0,0.0
SPXW,2026-08-27,6,Call,7125.0,SPXW260827C07125000,539.6,563.5,551.55,0.0,0.0,0.0,0.0,0.0,0.1933,0.9933,0.0001,0.2004,-0.28,0.7745,550.5153,0.0,0.0,0.0,531.299987792969,no_change,,0.0,0.0
SPXW,2026-08-27,6,Put,7125.0,SPXW260827P07125000,0.4,0.5,0.45,0.55,-0.9,-62.069,1.0,33.0,0.2354,-0.0067,0.0001,0.2008,-0.2804,-0.0055,0.4792,0.55,0.55,0.55,1.44999998807907,down,2026-08-21T11:12:21,0.0,0.0
SPXW,2026-08-27,6,Call,7130.0,SPXW260827C07130000,534.5,557.5,546.0,0.0,0.0,0.0,0.0,0.0,0.191,0.9931,0.0001,0.204,-0.2836,0.7749,545.5252,0.0,0.0,0.0,0.0,no_change,,0.0,0.0
SPXW,2026-08-27,6,Put,7130.0,SPXW260827P07130000,0.4,0.5,0.45,0.75,0.75,0.0,26.0,0.0,0.2335,-0.0068,0.0001,0.2044,-0.284,-0.0056,0.4867,0.75,0.75,0.75,0.0,up,2026-08-21T09:36:05,0.0,0.0
SPXW,2026-08-27,6,Call,7140.0,SPXW260827C07140000,524.6,548.4,536.5,0.0,0.0,0.0,0.0,0.0,0.1864,0.9929,0.0001,0.2115,-0.291,0.7758,535.5455,0.0,0.0,0.0,516.399993896484,no_change,,0.0,0.0
SPXW,2026-08-27,6,Put,7140.0,SPXW260827P07140000,0.4,0.5,0.45,0.67,-0.83,-55.3333,3.0,12.0,0.2295,-0.0071,0.0001,0.2119,-0.2914,-0.0058,0.5022,0.67,0.67,0.67,1.5,down,2026-08-21T13:38:59,0.0,0.0
SPXW,2026-08-27,6,Call,7150.0,SPXW260827C07150000,518.0,538.5,528.25,0.0,0.0,0.0,0.0,0.0,0.1817,0.9926,0.0001,0.2194,-0.2986,0.7766,525.5665,0.0,0.0,0.0,506.450012207031,no_change,,0.0,0.0
SPXW,2026-08-27,6,Put,7150.0,SPXW260827P07150000,0.45,0.55,0.5,0.48,-1.1,-70.9677,68.0,211.0,0.2269,-0.0074,0.0001,0.2197,-0.2989,-0.006,0.5183,0.48,0.48,0.48,1.55000001192093,down,2026-08-21T16:03:50,0.0,0.0
SPXW,2026-08-27,6,Call,7160.0,SPXW260827C07160000,508.8,528.6,518.7,0.0,0.0,0.0,0.0,0.0,0.1959,0.9922,0.0001,0.2277,-0.3065,0.7775,515.5883,0.0,0.0,0.0,496.5,no_change,,0.0,0.0
SPXW,2026-08-27,6,Put,7160.0,SPXW260827P07160000,0.45,0.55,0.5,0.48,-1.17,-70.9091,1966.0,6.0,0.2242,-0.0077,0.0001,0.2282,-0.3069,-0.0063,0.5355,0.5,0.5,0.48,1.65000003576279,no_change,2026-08-21T16:11:10,0.0,0.0
SPXW,2026-08-27,6,Call,7170.0,SPXW260827C07170000,494.6,518.4,506.5,0.0,0.0,0.0,0.0,0.0,0.1917,0.9919,0.0001,0.2365,-0.3147,0.7783,505.6109,0.0,0.0,0.0,486.599990844727,no_change,,0.0,0.0
SPXW,2026-08-27,6,Put,7170.0,SPXW260827P07170000,0.45,0.55,0.5,1.65,0.0,0.0,0.0,5.0,0.2204,-0.008,0.0001,0.2365,-0.3147,-0.0066,0.5523,0.0,0.0,0.0,1.69999998807907,up,2026-08-20T15:56:44,0.0,0.0
SPXW,2026-08-27,6,Call,7175.0,SPXW260827C07175000,489.7,513.6,501.65,0.0,0.0,0.0,0.0,0.0,0.1896,0.9918,0.0001,0.2411,-0.319,0.7787,500.6226,0.0,0.0,0.0,481.599990844727,no_change,,0.0,0.0
SPXW,2026-08-27,6,Put,7175.0,SPXW260827P07175000,0.45,0.6,0.525,0.7,-1.05,-60.0,43.0,136.0,0.2184,-0.0082,0.0001,0.2411,-0.319,-0.0067,0.5616,0.8,0.8,0.7,1.75,down,2026-08-21T12:40:26,0.0,0.0
SPXW,2026-08-27,6,Call,7180.0,SPXW260827C07180000,484.6,508.4,496.5,0.0,0.0,0.0,0.0,0.0,0.1875,0.9916,0.0001,0.2458,-0.3233,0.7791,495.6345,0.0,0.0,0.0,476.699996948242,no_change,,0.0,0.0
SPXW,2026-08-27,6,Put,7180.0,SPXW260827P07180000,0.5,0.6,0.55,1.69,0.0,0.0,0.0,20.0,0.2164,-0.0084,0.0001,0.2458,-0.3233,-0.0068,0.5712,0.0,0.0,0.0,1.75,no_change,2026-08-20T16:07:37,0.0,0.0
SPXW,2026-08-27,6,Call,7190.0,SPXW260827C07190000,474.7,498.6,486.65,0.0,0.0,0.0,0.0,0.0,0.1833,0.9912,0.0001,0.2556,-0.3323,0.7799,485.6592,0.0,0.0,0.0,466.800003051758,no_change,,0.0,0.0
SPXW,2026-08-27,6,Put,7190.0,SPXW260827P07190000,0.5,0.6,0.55,1.8,0.0,0.0,0.0,21.0,0.2148,-0.0087,0.0001,0.2556,-0.3323,-0.0071,0.591,0.0,0.0,0.0,1.84999996423721,up,2026-08-20T15:56:43,0.0,0.0
SPXW,2026-08-27,6,Call,7195.0,SPXW260827C07195000,469.6,491.6,480.6,0.0,0.0,0.0,0.0,0.0,0.1812,0.991,0.0001,0.2607,-0.3369,0.7803,480.6719,0.0,0.0,0.0,0.0,no_change,,0.0,0.0
SPXW,2026-08-27,6,Put,7195.0,SPXW260827P07195000,0.5,0.6,0.55,0.65,0.65,0.0,1.0,0.0,0.2127,-0.0089,0.0001,0.2607,-0.337,-0.0073,0.6015,0.65,0.65,0.65,0.0,up,2026-08-21T15:06:10,0.0,0.0
SPXW,2026-08-27,6,Call,7200.0,SPXW260827C07200000,464.7,488.6,476.65,343.78,0.0,0.0,0.0,4.0,0.1791,0.9908,0.0001,0.2659,-0.3417,0.7807,475.685,0.0,0.0,0.0,456.850006103516,up,2026-07-31T15:35:57,0.0,0.0
SPXW,2026-08-27,6,Put,7200.0,SPXW260827P07200000,0.5,0.6,0.55,0.55,-1.4,-71.7949,12.0,141.0,0.2107,-0.0091,0.0001,0.2659,-0.3417,-0.0075,0.6122,0.95,0.95,0.55,1.94999998807907,down,2026-08-21T15:59:30,0.0,0.0
SPXW,2026-08-27,6,Call,7205.0,SPXW260827C07205000,464.6,483.7,474.15,0.0,0.0,0.0,0.0,0.0,0.1877,0.9906,0.0001,0.2712,-0.3466,0.781,470.6984,0.0,0.0,0.0,0.0,no_change,,0.0,0.0
SPXW,2026-08-27,6,Put,7205.0,SPXW260827P07205000,0.55,0.65,0.6000000000000001,0.7,0.7,0.0,1.0,0.0,0.2087,-0.0093,0.0001,0.2713,-0.3466,-0.0076,0.6232,0.7,0.7,0.7,0.0,up,2026-08-21T15:06:10,0.0,0.0
SPXW,2026-08-27,6,Call,7210.0,SPXW260827C07210000,459.2,478.7,468.95,0.0,0.0,0.0,0.0,0.0,0.1857,0.9904,0.0001,0.2767,-0.3516,0.7814,465.7121,0.0,0.0,0.0,446.850006103516,no_change,,0.0,0.0
SPXW,2026-08-27,6,Put,7210.0,SPXW260827P07210000,0.55,0.65,0.6000000000000001,0.7,-1.3,-65.0,10.0,39.0,0.2088,-0.0096,0.0001,0.2768,-0.3516,-0.0078,0.6345,1.05,1.05,0.7,2.0,down,2026-08-21T15:06:10,0.0,0.0
SPXW,2026-08-27,6,Call,7215.0,SPXW260827C07215000,449.7,471.7,460.7,0.0,0.0,0.0,0.0,0.0,0.1836,0.9902,0.0001,0.2824,-0.3567,0.7818,460.7261,0.0,0.0,0.0,0.0,no_change,,0.0,0.0
SPXW,2026-08-27,6,Put,7215.0,SPXW260827P07215000,0.55,0.65,0.6000000000000001,0.7,0.7,0.0,1.0,0.0,0.2068,-0.0098,0.0001,0.2824,-0.3568,-0.008,0.6462,0.7,0.7,0.7,0.0,up,2026-08-21T15:06:10,0.0,0.0
SPXW,2026-08-27,6,Call,7220.0,SPXW260827C07220000,444.7,468.5,456.6,0.0,0.0,0.0,0.0,0.0,0.1815,0.9899,0.0001,0.2882,-0.362,0.7821,455.7406,0.0,0.0,0.0,437.0,no_change,,0.0,0.0
SPXW,2026-08-27,6,Put,7220.0,SPXW260827P07220000,0.55,0.65,0.6000000000000001,0.75,-1.35,-64.2857,6.0,18.0,0.2047,-0.01,0.0001,0.2883,-0.362,-0.0082,0.6583,1.1,1.1,0.75,2.10000002384186,down,2026-08-21T15:06:10,0.0,0.0
SPXW,2026-08-27,6,Call,7225.0,SPXW260827C07225000,439.8,463.7,451.75,0.0,0.0,0.0,0.0,0.0,0.1795,0.9897,0.0001,0.2942,-0.3674,0.7825,450.7554,0.0,0.0,0.0,432.050003051758,no_change,,0.0,0.0
SPXW,2026-08-27,6,Put,7225.0,SPXW260827P07225000,0.55,0.7,0.625,0.75,-1.4,-65.1163,2.0,77.0,0.2027,-0.0102,0.0001,0.2943,-0.3675,-0.0084,0.6709,1.07,1.07,0.75,2.14999997615814,down,2026-08-21T15:06:10,0.0,0.0
SPXW,2026-08-27,6,Call,7230.0,SPXW260827C07230000,434.8,458.7,446.75,0.0,0.0,0.0,0.0,0.0,0.1774,0.9894,0.0001,0.3004,-0.373,0.7828,445.7707,0.0,0.0,0.0,427.5,no_change,,0.0,0.0
SPXW,2026-08-27,6,Put,7230.0,SPXW260827P07230000,0.6,0.7,0.6499999999999999,0.67,-1.53,-69.5455,27.0,47.0,0.2026,-0.0105,0.0001,0.3005,-0.3731,-0.0086,0.6838,0.81,0.81,0.67,2.20000004768372,no_change,2026-08-21T15:43:20,0.0,0.0
SPXW,2026-08-27,6,Call,7235.0,SPXW260827C07235000,434.7,453.7,444.2,0.0,0.0,0.0,0.0,0.0,0.1754,0.9892,0.0001,0.3068,-0.3787,0.7832,440.7864,0.0,0.0,0.0,0.0,no_change,,0.0,0.0
SPXW,2026-08-27,6,Put,7235.0,SPXW260827P07235000,0.6,0.7,0.6499999999999999,0.8,0.8,0.0,1.0,0.0,0.2005,-0.0107,0.0001,0.3069,-0.3788,-0.0088,0.6971,0.8,0.8,0.8,0.0,up,2026-08-21T15:06:02,0.0,0.0
SPXW,2026-08-27,6,Call,7240.0,SPXW260827C07240000,424.8,448.6,436.70000000000005,0.0,0.0,0.0,0.0,0.0,0.1808,0.9889,0.0001,0.3134,-0.3846,0.7835,435.8026,0.0,0.0,0.0,417.25,no_change,,0.0,0.0
SPXW,2026-08-27,6,Put,7240.0,SPXW260827P07240000,0.6,0.7,0.6499999999999999,0.8,-1.525,-65.5914,5.0,140.0,0.1985,-0.011,0.0001,0.3135,-0.3848,-0.0091,0.7109,1.17,1.17,0.8,2.32500004768372,down,2026-08-21T15:06:10,0.0,0.0
SPXW,2026-08-27,6,Call,7245.0,SPXW260827C07245000,420.0,443.8,431.9,0.0,0.0,0.0,0.0,0.0,0.1787,0.9886,0.0001,0.3202,-0.3907,0.7838,430.8193,0.0,0.0,0.0,0.0,no_change,,0.0,0.0
SPXW,2026-08-27,6,Put,7245.0,SPXW260827P07245000,0.6,0.75,0.675,0.8,0.8,0.0,1.0,0.0,0.1964,-0.0113,0.0001,0.3204,-0.3908,-0.0093,0.7252,0.8,0.8,0.8,0.0,up,2026-08-21T15:06:10,0.0,0.0
SPXW,2026-08-27,6,Call,7250.0,SPXW260827C07250000,414.8,436.7,425.75,232.7,0.0,0.0,0.0,11.0,0.1767,0.9884,0.0002,0.3273,-0.397,0.7841,425.8365,0.0,0.0,0.0,407.350006103516,no_change,2026-07-30T11:53:40,0.0,0.0
SPXW,2026-08-27,6,Put,7250.0,SPXW260827P07250000,0.65,0.75,0.7,0.65,-1.75,-71.4286,71.0,1251.0,0.1962,-0.0116,0.0002,0.3274,-0.3972,-0.0095,0.7401,0.92,0.92,0.65,2.45000004768372,down,2026-08-21T16:13:10,0.0,0.0
SPXW,2026-08-27,6,Call,7255.0,SPXW260827C07255000,414.8,433.8,424.3,0.0,0.0,0.0,0.0,0.0,0.1746,0.9881,0.0002,0.3347,-0.4035,0.7844,420.8543,0.0,0.0,0.0,0.0,no_change,,0.0,0.0
SPXW,2026-08-27,6,Put,7255.0,SPXW260827P07255000,0.65,0.75,0.7,0.85,0.85,0.0,6.0,0.0,0.1941,-0.0119,0.0002,0.3348,-0.4036,-0.0098,0.7555,1.1,1.1,0.85,0.0,down,2026-08-21T15:06:10,0.0,0.0
SPXW,2026-08-27,6,Call,7260.0,SPXW260827C07260000,409.8,428.8,419.3,225.0,0.0,0.0,0.0,2.0,0.1853,0.9878,0.0002,0.3423,-0.4102,0.7847,415.8728,0.0,0.0,0.0,397.599990844727,no_change,2026-07-30T11:53:40,0.0,0.0
SPXW,2026-08-27,6,Put,7260.0,SPXW260827P07260000,0.65,0.8,0.7250000000000001,0.7,-1.875,-72.8155,8.0,58.0,0.192,-0.0122,0.0002,0.3424,-0.4104,-0.01,0.7715,0.85,0.85,0.7,2.57500004768372,down,2026-08-21T15:59:20,0.0,0.0
SPXW,2026-08-27,6,Call,7265.0,SPXW260827C07265000,399.9,422.0,410.95,0.0,0.0,0.0,0.0,0.0,0.1811,0.9874,0.0002,0.3502,-0.4172,0.785,410.8918,0.0,0.0,0.0,0.0,no_change,,0.0,0.0
SPXW,2026-08-27,6,Put,7265.0,SPXW260827P07265000,0.7,0.8,0.75,0.9,0.9,0.0,1.0,0.0,0.1916,-0.0125,0.0002,0.3505,-0.4174,-0.0103,0.7886,0.9,0.9,0.9,0.0,up,2026-08-21T15:06:10,0.0,0.0
SPXW,2026-08-27,6,Call,7270.0,SPXW260827C07270000,395.0,418.9,406.95,0.0,0.0,0.0,0.0,0.0,0.1811,0.9871,0.0002,0.3585,-0.4244,0.7853,405.9116,0.0,0.0,0.0,387.649993896484,no_change,,0.0,0.0
SPXW,2026-08-27,6,Put,7270.0,SPXW260827P07270000,0.7,0.8,0.75,0.9,-1.8,-66.6667,5.0,49.0,0.1895,-0.0128,0.0002,0.3588,-0.4247,-0.0106,0.806,1.37,1.37,0.9,2.70000004768372,down,2026-08-21T15:06:10,0.0,0.0
SPXW,2026-08-27,6,Call,7275.0,SPXW260827C07275000,390.0,413.2,401.6,174.04,0.0,0.0,0.0,1.0,0.1829,0.9867,0.0002,0.367,-0.4319,0.7855,400.9321,0.0,0.0,0.0,382.699996948242,down,2026-07-29T15:59:06,0.0,0.0
SPXW,2026-08-27,6,Put,7275.0,SPXW260827P07275000,0.7,0.85,0.7749999999999999,0.75,-2.05,-73.2143,20.0,3035.0,0.1874,-0.0132,0.0002,0.3673,-0.4321,-0.0108,0.8241,1.3,1.3,0.75,2.79999995231628,no_change,2026-08-21T16:08:26,0.0,0.0
SPXW,2026-08-27,6,Call,7280.0,SPXW260827C07280000,388.2,408.9,398.54999999999995,0.0,0.0,0.0,0.0,0.0,0.1807,0.9864,0.0002,0.3759,-0.4396,0.7858,395.9534,0.0,0.0,0.0,378.150009155273,no_change,,0.0,0.0
SPXW,2026-08-27,6,Put,7280.0,SPXW260827P07280000,0.75,0.85,0.8,0.75,-2.1,-73.6842,7.0,246.0,0.1868,-0.0136,0.0002,0.3762,-0.4399,-0.0111,0.8431,1.35,1.35,0.75,2.85000002384186,no_change,2026-08-21T15:58:20,0.0,0.0
SPXW,2026-08-27,6,Call,7285.0,SPXW260827C07285000,380.0,402.1,391.05,0.0,0.0,0.0,0.0,0.0,0.1786,0.986,0.0002,0.3851,-0.4477,0.786,390.9757,0.0,0.0,0.0,0.0,no_change,,0.0,0.0
SPXW,2026-08-27,6,Put,7285.0,SPXW260827P07285000,0.75,0.85,0.8,0.85,0.85,0.0,29.0,0.0,0.1847,-0.014,0.0002,0.3854,-0.448,-0.0115,0.863,1.1,1.1,0.8,0.0,up,2026-08-21T16:07:26,0.0,0.0
SPXW,2026-08-27,6,Call,7290.0,SPXW260827C07290000,375.1,398.8,386.95000000000005,456.41,0.0,0.0,0.0,23.0,0.1764,0.9856,0.0002,0.3947,-0.4561,0.7862,385.9988,0.0,0.0,0.0,367.949996948242,up,2026-08-06T10:41:56,0.0,0.0
SPXW,2026-08-27,6,Put,7290.0,SPXW260827P07290000,0.8,0.9,0.8500000000000001,0.8,-2.225,-73.5537,8.0,168.0,0.1834,-0.0144,0.0002,0.395,-0.4564,-0.0118,0.8838,1.0,1.0,0.8,3.02499997615814,no_change,2026-08-21T15:59:30,0.0,0.0
SPXW,2026-08-27,6,Call,7295.0,SPXW260827C07295000,370.1,394.0,382.05,0.0,0.0,0.0,0.0,0.0,0.1743,0.9852,0.0002,0.4046,-0.4649,0.7864,381.0231,0.0,0.0,0.0,0.0,no_change,,0.0,0.0
SPXW,2026-08-27,6,Put,7295.0,SPXW260827P07295000,0.8,0.9,0.8500000000000001,0.85,0.85,0.0,5.0,0.0,0.1821,-0.0148,0.0002,0.4045,-0.4648,-0.0121,0.9046,1.0,1.0,0.85,0.0,no_change,2026-08-21T15:58:17,0.0,0.0
SPXW,2026-08-27,6,Call,7300.0,SPXW260827C07300000,365.1,387.5,376.3,362.28,0.0,0.0,0.0,15.0,0.1755,0.9847,0.0002,0.4149,-0.474,0.7866,376.0484,0.0,0.0,0.0,358.0,no_change,2026-08-20T14:25:35,0.0,0.0
SPXW,2026-08-27,6,Put,7300.0,SPXW260827P07300000,0.8,0.95,0.875,0.9,-2.3,-71.875,40.0,621.0,0.1799,-0.0152,0.0002,0.4148,-0.474,-0.0125,0.9276,1.17,1.24,0.9,3.19999992847443,down,2026-08-21T16:00:15,0.0,0.0
SPXW,2026-08-27,6,Call,7305.0,SPXW260827C07305000,360.2,384.0,372.1,0.0,0.0,0.0,0.0,0.0,0.1734,0.9843,0.0002,0.4256,-0.4836,0.7867,371.0749,0.0,0.0,0.0,0.0,no_change,,0.0,0.0
SPXW,2026-08-27,6,Put,7305.0,SPXW260827P07305000,0.85,0.95,0.8999999999999999,1.1,1.1,0.0,2.0,0.0,0.1792,-0.0157,0.0002,0.4256,-0.4835,-0.0129,0.9517,1.3,1.3,1.1,0.0,down,2026-08-21T15:06:10,0.0,0.0
SPXW,2026-08-27,6,Call,7310.0,SPXW260827C07310000,355.2,379.0,367.1,379.14,0.0,0.0,0.0,1.0,0.1712,0.9838,0.0002,0.4368,-0.4936,0.7869,366.1027,0.0,0.0,0.0,348.300003051758,down,2026-08-20T13:00:45,0.0,0.0
SPXW,2026-08-27,6,Put,7310.0,SPXW260827P07310000,0.85,1.0,0.925,1.1,-2.3,-67.6471,32.0,108.0,0.1777,-0.0162,0.0002,0.4367,-0.4935,-0.0133,0.9771,1.55,1.7,1.1,3.39999997615814,down,2026-08-21T15:06:10,0.0,0.0
SPXW,2026-08-27,6,Call,7315.0,SPXW260827C07315000,355.1,374.1,364.6,0.0,0.0,0.0,0.0,0.0,0.169,0.9833,0.0002,0.4485,-0.5041,0.787,361.1319,0.0,0.0,0.0,0.0,no_change,,0.0,0.0
SPXW,2026-08-27,6,Put,7315.0,SPXW260827P07315000,0.9,1.0,0.95,1.15,1.15,0.0,1.0,0.0,0.1762,-0.0167,0.0002,0.4484,-0.504,-0.0137,1.0039,1.15,1.15,1.15,0.0,up,2026-08-21T15:06:10,0.0,0.0
SPXW,2026-08-27,6,Call,7320.0,SPXW260827C07320000,349.3,369.1,359.20000000000005,427.94,0.0,0.0,0.0,16.0,0.1699,0.9827,0.0002,0.4607,-0.515,0.7871,356.1627,0.0,0.0,0.0,339.150009155273,up,2026-08-06T10:41:56,0.0,0.0
SPXW,2026-08-27,6,Put,7320.0,SPXW260827P07320000,0.95,1.05,1.0,1.2,-2.4,-66.6667,199.0,22.0,0.1746,-0.0172,0.0002,0.4609,-0.5152,-0.0142,1.033,1.35,1.4,1.17,3.60000002384186,up,2026-08-21T15:06:01,0.0,0.0
SPXW,2026-08-27,6,Call,7325.0,SPXW260827C07325000,344.7,364.2,354.45,473.69,0.0,0.0,0.0,4.0,0.1691,0.9822,0.0002,0.4735,-0.5266,0.7872,351.195,0.0,0.0,0.0,333.649993896484,up,2026-08-13T09:50:00,0.0,0.0
SPXW,2026-08-27,6,Put,7325.0,SPXW260827P07325000,0.95,1.05,1.0,1.15,-2.55,-68.9189,19.0,252.0,0.1731,-0.0178,0.0002,0.4736,-0.5266,-0.0147,1.0626,1.86,1.86,1.15,3.69999992847443,no_change,2026-08-21T15:32:58,0.0,0.0
SPXW,2026-08-27,6,Call,7330.0,SPXW260827C07330000,338.6,359.2,348.9,202.97,0.0,0.0,0.0,2.0,0.1655,0.9816,0.0003,0.487,-0.5387,0.7872,346.2291,0.0,0.0,0.0,328.75,up,2026-07-31T10:54:20,0.0,0.0
SPXW,2026-08-27,6,Put,7330.0,SPXW260827P07330000,1.0,1.1,1.05,1.25,-2.6,-67.5325,5.0,161.0,0.1721,-0.0184,0.0003,0.487,-0.5387,-0.0152,1.0943,1.8,1.8,1.25,3.85000002384186,no_change,2026-08-21T15:20:53,0.0,0.0
SPXW,2026-08-27,6,Call,7335.0,SPXW260827C07335000,334.4,354.2,344.29999999999995,0.0,0.0,0.0,0.0,0.0,0.166,0.9809,0.0003,0.5011,-0.5514,0.7872,341.265,0.0,0.0,0.0,0.0,no_change,,0.0,0.0
SPXW,2026-08-27,6,Put,7335.0,SPXW260827P07335000,1.0,1.15,1.075,1.3,1.3,0.0,22.0,0.0,0.1711,-0.019,0.0003,0.5012,-0.5514,-0.0157,1.1279,2.0,2.05,1.3,0.0,down,2026-08-21T15:06:10,0.0,0.0
SPXW,2026-08-27,6,Call,7340.0,SPXW260827C07340000,328.4,349.2,338.79999999999995,322.94,0.0,0.0,0.0,7.0,0.1638,0.9802,0.0003,0.516,-0.5648,0.7872,336.303,0.0,0.0,0.0,319.650009155273,no_change,2026-08-20T14:25:35,0.0,0.0
SPXW,2026-08-27,6,Put,7340.0,SPXW260827P07340000,1.05,1.15,1.1,1.14,-2.96,-72.1951,35.0,122.0,0.1689,-0.0197,0.0003,0.516,-0.5648,-0.0162,1.1634,2.01,2.1,1.14,4.09999990463257,down,2026-08-21T16:08:46,0.0,0.0
SPXW,2026-08-27,6,Call,7345.0,SPXW260827C07345000,324.5,344.3,334.4,0.0,0.0,0.0,0.0,0.0,0.164,0.9795,0.0003,0.5315,-0.5788,0.7872,331.3431,0.0,0.0,0.0,0.0,no_change,,0.0,0.0
SPXW,2026-08-27,6,Put,7345.0,SPXW260827P07345000,1.1,1.2,1.15,1.4,1.4,0.0,1.0,0.0,0.1678,-0.0204,0.0003,0.5316,-0.5789,-0.0168,1.2012,1.4,1.4,1.4,0.0,up,2026-08-21T15:06:10,0.0,0.0
SPXW,2026-08-27,6,Call,7350.0,SPXW260827C07350000,319.0,339.3,329.15,405.19,0.0,0.0,0.0,42.0,0.1629,0.9788,0.0003,0.5479,-0.5936,0.7871,326.3856,0.0,0.0,0.0,309.699996948242,down,2026-08-12T11:22:49,0.0,0.0
SPXW,2026-08-27,6,Put,7350.0,SPXW260827P07350000,1.15,1.25,1.2,1.15,-3.2,-73.5632,64.0,706.0,0.1666,-0.0212,0.0003,0.548,-0.5937,-0.0174,1.2413,2.3,2.3,1.15,4.35000014305115,no_change,2026-08-21T15:59:30,0.0,0.0
SPXW,2026-08-27,6,Call,7355.0,SPXW260827C07355000,314.8,333.8,324.3,0.0,0.0,0.0,0.0,0.0,0.1618,0.978,0.0003,0.565,-0.6092,0.787,321.4306,0.0,0.0,0.0,0.0,no_change,,0.0,0.0
SPXW,2026-08-27,6,Put,7355.0,SPXW260827P07355000,1.2,1.3,1.25,1.5,1.5,0.0,28.0,0.0,0.1654,-0.0219,0.0003,0.5651,-0.6093,-0.0181,1.284,2.2,2.2,1.5,0.0,down,2026-08-21T15:06:21,0.0,0.0
SPXW,2026-08-27,6,Call,7360.0,SPXW260827C07360000,310.3,329.4,319.85,332.91,33.31,11.1182,1.0,37.0,0.1606,0.9772,0.0003,0.583,-0.6256,0.7869,316.4785,332.91,332.91,332.91,299.599990844727,down,2026-08-21T11:42:45,0.0,0.0
SPXW,2026-08-27,6,Put,7360.0,SPXW260827P07360000,1.2,1.35,1.275,1.55,-3.1,-66.6667,21.0,188.0,0.1641,-0.0228,0.0003,0.583,-0.6257,-0.0188,1.3294,2.15,2.15,1.55,4.64999985694885,down,2026-08-21T15:06:21,0.0,0.0
SPXW,2026-08-27,6,Call,7365.0,SPXW260827C07365000,301.0,323.9,312.45,0.0,0.0,0.0,0.0,0.0,0.1594,0.9762,0.0004,0.6017,-0.643,0.7866,311.5293,0.0,0.0,0.0,0.0,no_change,,0.0,0.0
SPXW,2026-08-27,6,Put,7365.0,SPXW260827P07365000,1.25,1.4,1.325,1.6,1.6,0.0,1.0,0.0,0.1628,-0.0237,0.0004,0.6018,-0.643,-0.0196,1.3778,1.6,1.6,1.6,0.0,up,2026-08-21T15:06:10,0.0,0.0
SPXW,2026-08-27,6,Call,7370.0,SPXW260827C07370000,296.2,317.5,306.85,249.97,0.0,0.0,0.0,45.0,0.1581,0.9753,0.0004,0.6214,-0.6612,0.7864,306.5834,0.0,0.0,0.0,289.900009155273,up,2026-08-03T10:34:53,0.0,0.0
SPXW,2026-08-27,6,Put,7370.0,SPXW260827P07370000,1.3,1.45,1.375,1.38,-3.62,-72.4,16.0,70.0,0.1615,-0.0246,0.0004,0.6215,-0.6613,-0.0204,1.4295,2.47,2.47,1.38,5.0,down,2026-08-21T15:43:38,0.0,0.0
SPXW,2026-08-27,6,Call,7375.0,SPXW260827C07375000,295.4,314.2,304.79999999999995,156.91,0.0,0.0,0.0,1.0,0.1568,0.9743,0.0004,0.642,-0.6806,0.7861,301.6409,0.0,0.0,0.0,285.049987792969,down,2026-07-31T11:33:21,0.0,0.0
SPXW,2026-08-27,6,Put,7375.0,SPXW260827P07375000,1.4,1.5,1.45,1.75,-3.35,-65.6863,24.0,354.0,0.1601,-0.0256,0.0004,0.642,-0.6806,-0.0212,1.4844,2.55,2.63,1.75,5.09999990463257,down,2026-08-21T15:06:02,0.0,0.0
SPXW,2026-08-27,6,Call,7380.0,SPXW260827C07380000,289.5,309.7,299.6,272.47,0.0,0.0,0.0,10.0,0.1554,0.9732,0.0004,0.6637,-0.7009,0.7857,296.7022,0.0,0.0,0.0,280.25,no_change,2026-08-03T14:08:40,0.0,0.0
SPXW,2026-08-27,6,Put,7380.0,SPXW260827P07380000,1.45,1.55,1.5,1.5,-3.8,-71.6981,10.0,183.0,0.1591,-0.0267,0.0004,0.6637,-0.7009,-0.0221,1.5433,1.95,1.95,1.5,5.29999995231628,down,2026-08-21T15:43:26,0.0,0.0
SPXW,2026-08-27,6,Call,7385.0,SPXW260827C07385000,280.9,304.1,292.5,0.0,0.0,0.0,0.0,0.0,0.1549,0.9721,0.0004,0.6865,-0.7224,0.7854,291.7674,0.0,0.0,0.0,0.0,no_change,,0.0,0.0
SPXW,2026-08-27,6,Put,7385.0,SPXW260827P07385000,1.5,1.65,1.575,1.85,1.85,0.0,11.0,0.0,0.158,-0.0278,0.0004,0.6865,-0.7224,-0.023,1.6061,2.85,2.85,1.85,0.0,down,2026-08-21T15:06:10,0.0,0.0
SPXW,2026-08-27,6,Call,7390.0,SPXW260827C07390000,279.6,299.2,289.4,283.2,11.9,4.38629,4.0,3.0,0.1534,0.9709,0.0004,0.7106,-0.745,0.7849,286.8369,282.96,283.2,282.96,271.300003051758,up,2026-08-21T09:35:29,0.0,0.0
SPXW,2026-08-27,6,Put,7390.0,SPXW260827P07390000,1.55,1.7,1.625,1.95,-3.75,-65.7895,46.0,327.0,0.1569,-0.0291,0.0004,0.7106,-0.745,-0.024,1.6733,2.85,2.92,1.95,5.70000004768372,down,2026-08-21T15:06:21,0.0,0.0
SPXW,2026-08-27,6,Call,7395.0,SPXW260827C07395000,271.5,293.0,282.25,0.0,0.0,0.0,0.0,0.0,0.1527,0.9696,0.0004,0.7361,-0.7689,0.7844,281.911,0.0,0.0,0.0,265.850006103516,no_change,,0.0,0.0
SPXW,2026-08-27,6,Put,7395.0,SPXW260827P07395000,1.65,1.8,1.725,2.0,-3.9,-66.1017,68.0,92.0,0.1553,-0.0304,0.0004,0.7361,-0.7689,-0.0251,1.7449,3.02,3.02,2.0,5.90000009536743,down,2026-08-21T15:06:10,0.0,0.0
SPXW,2026-08-27,6,Call,7400.0,SPXW260827C07400000,266.5,288.1,277.3,288.27,26.82,10.2582,1.0,181.0,0.1511,0.9682,0.0005,0.7628,-0.794,0.7838,276.99,288.27,288.27,288.27,261.450004577637,down,2026-08-21T12:28:19,0.0,0.0
SPXW,2026-08-27,6,Put,7400.0,SPXW260827P07400000,1.75,1.85,1.8,1.75,-4.2,-68.8525,223.0,715.0,0.154,-0.0317,0.0005,0.7628,-0.794,-0.0262,1.8215,3.12,3.4,1.66,6.09999990463257,no_change,2026-08-21T16:12:46,0.0,0.0
SPXW,2026-08-27,6,Call,7405.0,SPXW260827C07405000,261.6,283.2,272.4,0.0,0.0,0.0,0.0,0.0,0.1503,0.9668,0.0005,0.7909,-0.8204,0.7831,272.0742,0.0,0.0,0.0,256.25,no_change,,0.0,0.0
SPXW,2026-08-27,6,Put,7405.0,SPXW260827P07405000,1.8,1.95,1.875,2.2,-4.15,-65.3543,18.0,23.0,0.1534,-0.0332,0.0005,0.7909,-0.8204,-0.0274,1.9033,3.3,3.3,2.2,6.34999990463257,down,2026-08-21T15:06:21,0.0,0.0
SPXW,2026-08-27,6,Call,7410.0,SPXW260827C07410000,256.3,278.3,267.3,148.88,0.0,0.0,0.0,55.0,0.1493,0.9652,0.0005,0.8202,-0.8483,0.7824,267.1641,0.0,0.0,0.0,251.949996948242,up,2026-07-30T15:19:33,0.0,0.0
SPXW,2026-08-27,6,Put,7410.0,SPXW260827P07410000,1.9,2.0,1.95,1.87,-4.73,-71.6667,57.0,352.0,0.1517,-0.0347,0.0005,0.8202,-0.8483,-0.0288,1.9909,3.09,3.45,1.75,6.59999990463257,up,2026-08-21T15:50:03,0.0,0.0
SPXW,2026-08-27,6,Call,7415.0,SPXW260827C07415000,251.4,273.3,262.35,283.0,0.0,0.0,0.0,9.0,0.1483,0.9636,0.0005,0.8508,-0.8776,0.7815,262.2602,0.0,0.0,0.0,246.75,down,2026-08-20T09:50:45,0.0,0.0
SPXW,2026-08-27,6,Put,7415.0,SPXW260827P07415000,2.0,2.1,2.05,2.14,-4.71,-68.7591,42.0,94.0,0.151,-0.0364,0.0005,0.8508,-0.8776,-0.0302,2.0845,3.66,3.66,2.14,6.85000014305115,down,2026-08-21T16:08:46,0.0,0.0
SPXW,2026-08-27,6,Call,7420.0,SPXW260827C07420000,246.9,268.3,257.6,306.02,0.0,0.0,0.0,7.0,0.1472,0.9618,0.0006,0.8828,-0.9084,0.7806,257.3627,0.0,0.0,0.0,242.050003051758,no_change,2026-08-19T15:26:24,0.0,0.0
SPXW,2026-08-27,6,Put,7420.0,SPXW260827P07420000,2.1,2.2,2.1500000000000004,2.5,-4.6,-64.7887,839.0,157.0,0.1498,-0.0381,0.0006,0.8828,-0.9084,-0.0316,2.1847,3.78,4.0,2.5,7.09999990463257,down,2026-08-21T15:06:21,0.0,0.0
SPXW,2026-08-27,6,Call,7425.0,SPXW260827C07425000,246.6,265.5,256.05,266.29,0.0,0.0,0.0,39.0,0.146,0.96,0.0006,0.9163,-0.9408,0.7796,252.4723,0.0,0.0,0.0,237.300003051758,down,2026-08-20T10:09:03,0.0,0.0
SPXW,2026-08-27,6,Put,7425.0,SPXW260827P07425000,2.2,2.35,2.2750000000000004,2.1,-5.25,-71.4286,84.0,259.0,0.1486,-0.04,0.0006,0.9163,-0.9408,-0.0332,2.2919,3.79,3.9,2.05,7.35000014305115,up,2026-08-21T15:47:08,0.0,0.0
SPXW,2026-08-27,6,Call,7430.0,SPXW260827C07430000,241.4,260.6,251.0,264.89,31.94,13.7111,2.0,85.0,0.1454,0.958,0.0006,0.9515,-0.9748,0.7785,247.5892,264.89,264.89,264.89,232.950004577637,up,2026-08-21T11:42:45,0.0,0.0
SPXW,2026-08-27,6,Put,7430.0,SPXW260827P07430000,2.3,2.45,2.375,2.12,-5.53,-72.2876,52.0,255.0,0.1473,-0.042,0.0006,0.9515,-0.9748,-0.0348,2.4064,4.13,4.2,2.12,7.64999985694885,down,2026-08-21T15:48:23,0.0,0.0
SPXW,2026-08-27,6,Call,7435.0,SPXW260827C07435000,232.2,253.7,242.95,266.34,0.0,0.0,0.0,4.0,0.1447,0.9559,0.0006,0.9885,-1.0104,0.7773,242.7139,0.0,0.0,0.0,227.449996948242,down,2026-08-20T11:01:28,0.0,0.0
SPXW,2026-08-27,6,Put,7435.0,SPXW260827P07435000,2.45,2.55,2.5,2.5,-5.45,-68.5535,34.0,81.0,0.1465,-0.0441,0.0006,0.9885,-1.0104,-0.0366,2.5287,3.8,4.09,2.5,7.95000004768372,down,2026-08-21T16:02:58,0.0,0.0
SPXW,2026-08-27,6,Call,7440.0,SPXW260827C07440000,231.9,250.9,241.4,240.76,17.96,8.06104,8.0,22.0,0.1433,0.9536,0.0007,1.0274,-1.0477,0.776,237.8468,234.71,240.76,234.71,222.799995422363,no_change,2026-08-21T13:54:48,0.0,0.0
SPXW,2026-08-27,6,Put,7440.0,SPXW260827P07440000,2.55,2.7,2.625,2.7,-5.55,-67.2727,88.0,285.0,0.145,-0.0463,0.0007,1.0274,-1.0477,-0.0384,2.6592,4.42,4.54,2.65,8.25,up,2026-08-21T16:10:39,0.0,0.0
SPXW,2026-08-27,6,Call,7445.0,SPXW260827C07445000,222.2,245.4,233.8,0.0,0.0,0.0,0.0,0.0,0.1423,0.9512,0.0007,1.068,-1.0866,0.7745,232.9886,0.0,0.0,0.0,218.150001525879,no_change,,0.0,0.0
SPXW,2026-08-27,6,Put,7445.0,SPXW260827P07445000,2.7,2.85,2.7750000000000004,2.75,-5.85,-68.0233,61.0,1094.0,0.144,-0.0487,0.0007,1.068,-1.0866,-0.0404,2.7987,3.85,3.85,2.75,8.59999990463257,down,2026-08-21T16:02:58,0.0,0.0
SPXW,2026-08-27,6,Call,7450.0,SPXW260827C07450000,223.3,235.0,229.15,210.81,0.0,0.0,0.0,726.0,0.1413,0.9487,0.0008,1.1103,-1.1274,0.7729,228.1399,0.0,0.0,0.0,213.5,up,2026-08-20T16:00:00,0.0,0.0
SPXW,2026-08-27,6,Put,7450.0,SPXW260827P07450000,2.85,2.95,2.9000000000000004,3.02,-5.93,-66.257,108.0,2056.0,0.1432,-0.0512,0.0008,1.1103,-1.1274,-0.0426,2.9476,4.8,5.13,2.66,8.94999980926514,up,2026-08-21T16:10:39,0.0,0.0
SPXW,2026-08-27,6,Call,7455.0,SPXW260827C07455000,215.5,234.3,224.9,0.0,0.0,0.0,0.0,0.0,0.1407,0.946,0.0008,1.154,-1.1699,0.7712,223.3014,0.0,0.0,0.0,208.849998474121,no_change,,0.0,0.0
SPXW,2026-08-27,6,Put,7455.0,SPXW260827P07455000,3.0,3.2,3.1,3.1,-6.2,-66.6667,28.0,41.0,0.1416,-0.0539,0.0008,1.154,-1.1699,-0.0448,3.1067,3.7,3.7,3.1,9.2999997138977,down,2026-08-21T16:02:58,0.0,0.0
SPXW,2026-08-27,6,Call,7460.0,SPXW260827C07460000,212.0,231.5,221.75,355.15,0.0,0.0,0.0,25.0,0.139,0.9432,0.0008,1.1994,-1.2142,0.7694,218.4737,0.0,0.0,0.0,204.200004577637,up,2026-08-13T15:18:28,0.0,0.0
SPXW,2026-08-27,6,Put,7460.0,SPXW260827P07460000,3.1,3.3,3.2,3.31,-6.34,-65.6995,75.0,111.0,0.1408,-0.0567,0.0008,1.1994,-1.2142,-0.0472,3.2765,4.16,4.16,2.9,9.65000009536743,up,2026-08-21T16:07:54,0.0,0.0
SPXW,2026-08-27,6,Call,7465.0,SPXW260827C07465000,207.2,226.6,216.89999999999998,0.0,0.0,0.0,0.0,0.0,0.1382,0.9402,0.0009,1.2467,-1.2604,0.7674,213.6573,0.0,0.0,0.0,199.650001525879,no_change,,0.0,0.0
SPXW,2026-08-27,6,Put,7465.0,SPXW260827P07465000,3.3,3.5,3.4,3.5,-6.55,-65.1741,15.0,87.0,0.14,-0.0597,0.0009,1.2467,-1.2604,-0.0498,3.4577,5.51,5.51,3.5,10.0500001907349,down,2026-08-21T15:55:32,0.0,0.0
SPXW,2026-08-27,6,Call,7470.0,SPXW260827C07470000,202.9,219.8,211.35000000000002,211.79,16.74,8.58242,35.0,27.0,0.1373,0.937,0.0009,1.2962,-1.3084,0.7653,208.8527,211.23,212.16,211.22,195.049995422363,no_change,2026-08-21T13:54:48,0.0,0.0
SPXW,2026-08-27,6,Put,7470.0,SPXW260827P07470000,3.5,3.7,3.6,3.6,-6.85,-65.5502,74.0,282.0,0.139,-0.0629,0.0009,1.2962,-1.3084,-0.0524,3.6508,6.2,6.2,3.3,10.4499998092651,down,2026-08-21T16:05:47,0.0,0.0
SPXW,2026-08-27,6,Call,7475.0,SPXW260827C07475000,199.2,210.8,205.0,283.14,0.0,0.0,0.0,285.0,0.1371,0.9336,0.001,1.3479,-1.3581,0.763,204.0607,0.0,0.0,0.0,190.450004577637,down,2026-08-11T13:43:55,0.0,0.0
SPXW,2026-08-27,6,Put,7475.0,SPXW260827P07475000,3.7,3.9,3.8,3.8,-7.05,-64.977,102.0,684.0,0.1379,-0.0663,0.001,1.3479,-1.3581,-0.0552,3.8564,5.91,6.45,3.4,10.8499999046326,up,2026-08-21T15:58:26,0.0,0.0
SPXW,2026-08-27,6,Call,7480.0,SPXW260827C07480000,193.3,209.0,201.15,278.56,0.0,0.0,0.0,51.0,0.1352,0.93,0.001,1.4016,-1.4096,0.7605,199.2821,0.0,0.0,0.0,185.900001525879,down,2026-08-11T13:43:55,0.0,0.0
SPXW,2026-08-27,6,Put,7480.0,SPXW260827P07480000,3.9,4.1,4.0,3.71,-7.59,-67.1681,63.0,162.0,0.1368,-0.0699,0.001,1.4016,-1.4096,-0.0582,4.0754,6.1,6.6,3.52,11.2999997138977,up,2026-08-21T15:50:52,0.0,0.0
SPXW,2026-08-27,6,Call,7485.0,SPXW260827C07485000,188.0,203.4,195.7,0.0,0.0,0.0,0.0,0.0,0.1347,0.9262,0.001,1.4569,-1.463,0.7579,194.5177,0.0,0.0,0.0,181.349998474121,no_change,,0.0,0.0
SPXW,2026-08-27,6,Put,7485.0,SPXW260827P07485000,4.1,4.3,4.199999999999999,4.25,-7.55,-63.9831,121.0,84.0,0.1355,-0.0737,0.001,1.4569,-1.463,-0.0615,4.3086,6.77,6.77,4.25,11.7999997138977,down,2026-08-21T15:34:45,0.0,0.0
SPXW,2026-08-27,6,Call,7490.0,SPXW260827C07490000,183.5,198.4,190.95,187.46,10.61,5.99944,5.0,113.0,0.1334,0.9222,0.0011,1.5138,-1.5181,0.755,189.7686,187.36,187.46,187.2,176.849998474121,up,2026-08-21T09:37:33,0.0,0.0
SPXW,2026-08-27,6,Put,7490.0,SPXW260827P07490000,4.4,4.6,4.5,4.47,-7.83,-63.6585,44.0,118.0,0.1349,-0.0777,0.0011,1.5138,-1.5181,-0.0649,4.5571,6.7,7.4,4.47,12.2999997138977,down,2026-08-21T15:34:07,0.0,0.0
SPXW,2026-08-27,6,Call,7495.0,SPXW260827C07495000,177.7,193.7,185.7,0.0,0.0,0.0,0.0,0.0,0.1327,0.918,0.0012,1.5724,-1.5749,0.752,185.0355,0.0,0.0,0.0,172.400001525879,no_change,,0.0,0.0
SPXW,2026-08-27,6,Put,7495.0,SPXW260827P07495000,4.6,4.8,4.699999999999999,4.73,-8.07,-63.0469,7.0,62.0,0.1338,-0.0819,0.0012,1.5724,-1.5749,-0.0685,4.8216,7.8,7.8,4.28,12.7999997138977,up,2026-08-21T15:55:54,0.0,0.0
SPXW,2026-08-27,6,Call,7500.0,SPXW260827C07500000,175.7,186.8,181.25,191.42,23.52,14.0083,3.0,496.0,0.1328,0.9135,0.0012,1.6329,-1.6335,0.7488,180.3191,198.07,198.07,189.22,167.900001525879,up,2026-08-21T12:28:19,0.0,0.0
SPXW,2026-08-27,6,Put,7500.0,SPXW260827P07500000,4.9,5.1,5.0,5.01,-8.29,-62.3308,178.0,699.0,0.1326,-0.0864,0.0012,1.6329,-1.6335,-0.0722,5.1029,8.3,8.3,4.46,13.2999997138977,up,2026-08-21T16:07:54,0.0,0.0
SPXW,2026-08-27,6,Call,7505.0,SPXW260827C07505000,169.2,184.6,176.89999999999998,184.42,20.92,12.7951,1.0,0.0,0.1312,0.9088,0.0013,1.6959,-1.6936,0.7454,175.6204,184.42,184.42,184.42,163.5,up,2026-08-21T12:27:35,0.0,0.0
SPXW,2026-08-27,6,Put,7505.0,SPXW260827P07505000,5.2,5.4,5.300000000000001,5.25,-8.65,-62.2302,35.0,40.0,0.1316,-0.0911,0.0013,1.6959,-1.6936,-0.0761,5.4017,8.0,8.8,5.2,13.9000000953674,down,2026-08-21T15:35:24,0.0,0.0
SPXW,2026-08-27,6,Call,7510.0,SPXW260827C07510000,163.9,179.6,171.75,172.82,0.0,0.0,0.0,26.0,0.1298,0.9038,0.0013,1.7611,-1.7554,0.7418,170.9402,0.0,0.0,0.0,159.050003051758,down,2026-08-20T13:30:23,0.0,0.0
SPXW,2026-08-27,6,Put,7510.0,SPXW260827P07510000,5.5,5.7,5.6,5.4,-9.05,-62.6298,127.0,149.0,0.1308,-0.0961,0.0013,1.7611,-1.7554,-0.0803,5.7191,8.69,8.69,5.12,14.4499998092651,up,2026-08-21T15:58:26,0.0,0.0
SPXW,2026-08-27,6,Call,7515.0,SPXW260827C07515000,159.1,175.0,167.05,0.0,0.0,0.0,0.0,0.0,0.1289,0.8985,0.0014,1.828,-1.8186,0.7378,166.2799,0.0,0.0,0.0,154.75,no_change,,0.0,0.0
SPXW,2026-08-27,6,Put,7515.0,SPXW260827P07515000,5.8,6.0,5.9,5.85,-9.2,-61.1296,25.0,109.0,0.13,-0.1014,0.0014,1.828,-1.8186,-0.0848,6.0565,6.46,7.05,5.85,15.0500001907349,down,2026-08-21T15:35:24,0.0,0.0
SPXW,2026-08-27,6,Call,7520.0,SPXW260827C07520000,154.7,170.6,162.64999999999998,178.27,0.0,0.0,0.0,12.0,0.1279,0.893,0.0014,1.8962,-1.8832,0.7336,161.6409,0.0,0.0,0.0,150.350006103516,down,2026-08-20T10:09:03,0.0,0.0
SPXW,2026-08-27,6,Put,7520.0,SPXW260827P07520000,6.2,6.4,6.300000000000001,6.05,-9.65,-61.465,34.0,213.0,0.1289,-0.107,0.0014,1.8962,-1.8832,-0.0896,6.4151,8.42,9.5,5.73,15.7000002861023,up,2026-08-21T15:58:26,0.0,0.0
SPXW,2026-08-27,6,Call,7525.0,SPXW260827C07525000,152.4,163.4,157.9,291.0,0.0,0.0,0.0,356.0,0.1276,0.8871,0.0015,1.9656,-1.9492,0.7292,157.0244,0.0,0.0,0.0,146.0,no_change,2026-08-13T16:14:02,0.0,0.0
SPXW,2026-08-27,6,Put,7525.0,SPXW260827P07525000,6.6,6.8,6.699999999999999,6.46,-9.94,-60.6098,130.0,286.0,0.1278,-0.1128,0.0015,1.9656,-1.9492,-0.0945,6.7963,9.57,10.55,6.2,16.3999996185303,up,2026-08-21T15:58:34,0.0,0.0
SPXW,2026-08-27,6,Call,7530.0,SPXW260827C07530000,145.4,161.1,153.25,155.11,0.0,0.0,0.0,6.0,0.1261,0.881,0.0016,2.0368,-2.0164,0.7246,152.4315,0.0,0.0,0.0,141.699996948242,no_change,2026-08-20T13:27:51,0.0,0.0
SPXW,2026-08-27,6,Put,7530.0,SPXW260827P07530000,7.0,7.2,7.1,6.46,-10.64,-62.2222,84.0,137.0,0.127,-0.119,0.0016,2.0368,-2.0164,-0.0997,7.2009,10.38,10.5,6.46,17.1000003814697,no_change,2026-08-21T15:50:52,0.0,0.0
SPXW,2026-08-27,6,Call,7535.0,SPXW260827C07535000,140.6,156.3,148.45,150.94,0.0,0.0,0.0,1.0,0.1252,0.8744,0.0017,2.1103,-2.0848,0.7197,147.8631,0.0,0.0,0.0,137.450004577637,down,2026-08-20T13:20:03,0.0,0.0
SPXW,2026-08-27,6,Put,7535.0,SPXW260827P07535000,7.4,7.6,7.5,7.27,-10.53,-59.1573,140.0,557.0,0.1259,-0.1255,0.0017,2.1103,-2.0848,-0.1051,7.6302,10.38,11.65,7.27,17.8000001907349,down,2026-08-21T15:34:45,0.0,0.0
SPXW,2026-08-27,6,Call,7540.0,SPXW260827C07540000,135.1,151.0,143.05,161.56,0.0,0.0,0.0,9.0,0.1242,0.8676,0.0017,2.1858,-2.1541,0.7144,143.321,0.0,0.0,0.0,133.25,down,2026-08-20T10:11:40,0.0,0.0
SPXW,2026-08-27,6,Put,7540.0,SPXW260827P07540000,7.8,8.0,7.9,8.3,-10.3,-55.3763,106.0,281.0,0.1249,-0.1323,0.0017,2.1858,-2.1541,-0.1109,8.0857,11.46,11.46,8.04,18.6000003814697,no_change,2026-08-21T15:06:31,0.0,0.0
SPXW,2026-08-27,6,Call,7545.0,SPXW260827C07545000,131.5,147.5,139.5,173.33,0.0,0.0,0.0,2.0,0.1236,0.8604,0.0018,2.2625,-2.2242,0.7088,138.8072,0.0,0.0,0.0,129.049999237061,down,2026-08-18T15:03:36,0.0,0.0
SPXW,2026-08-27,6,Put,7545.0,SPXW260827P07545000,8.3,8.5,8.4,8.5,-10.9,-56.1856,73.0,57.0,0.124,-0.1395,0.0018,2.2625,-2.2242,-0.1171,8.5694,12.4,12.4,7.7,19.3999996185303,down,2026-08-21T16:11:40,0.0,0.0
SPXW,2026-08-27,6,Call,7550.0,SPXW260827C07550000,129.7,140.5,135.1,132.66,7.76,6.21297,6.0,306.0,0.1228,0.8528,0.0019,2.3398,-2.2951,0.7029,134.3235,130.58,132.66,130.58,124.900001525879,no_change,2026-08-21T10:28:53,0.0,0.0
SPXW,2026-08-27,6,Put,7550.0,SPXW260827P07550000,8.8,9.0,8.9,9.07,-11.13,-55.099,95.0,785.0,0.123,-0.1471,0.0019,2.3398,-2.2951,-0.1236,9.0833,12.34,12.62,8.32,20.1999998092651,up,2026-08-21T16:09:34,0.0,0.0
SPXW,2026-08-27,6,Call,7555.0,SPXW260827C07555000,122.4,138.4,130.4,127.83,7.08,5.86335,14.0,33.0,0.1212,0.8448,0.002,2.4177,-2.3665,0.6967,129.8716,126.7,127.83,126.7,120.75,no_change,2026-08-21T10:27:44,0.0,0.0
SPXW,2026-08-27,6,Put,7555.0,SPXW260827P07555000,9.3,9.5,9.4,9.54,-11.56,-54.7867,62.0,46.0,0.122,-0.1551,0.002,2.4177,-2.3665,-0.1303,9.629,13.1,13.6,8.5,21.1000003814697,no_change,2026-08-21T16:02:11,0.0,0.0
SPXW,2026-08-27,6,Call,7560.0,SPXW260827C07560000,118.0,134.0,126.0,127.31,10.31,8.81197,7.0,13.0,0.1205,0.8365,0.0021,2.4973,-2.4383,0.6902,125.4529,122.27,127.31,122.27,117.0,up,2026-08-21T14:01:19,0.0,0.0
SPXW,2026-08-27,6,Put,7560.0,SPXW260827P07560000,9.9,10.1,10.0,10.24,-11.76,-53.4545,78.0,158.0,0.1211,-0.1635,0.0021,2.4973,-2.4383,-0.1373,10.208,13.96,13.96,9.01,22.0,up,2026-08-21T16:09:34,0.0,0.0
SPXW,2026-08-27,6,Call,7565.0,SPXW260827C07565000,113.8,129.6,121.69999999999999,117.62,4.67,4.13457,23.0,2.0,0.1193,0.8277,0.0022,2.5786,-2.5102,0.6834,121.0694,120.19,122.43,117.62,112.950000762939,no_change,2026-08-21T10:29:34,0.0,0.0
SPXW,2026-08-27,6,Put,7565.0,SPXW260827P07565000,10.5,10.7,10.6,10.42,-12.58,-54.6957,63.0,171.0,0.1201,-0.1722,0.0022,2.5786,-2.5102,-0.1447,10.8221,14.9,14.9,9.58,23.0,no_change,2026-08-21T15:53:14,0.0,0.0
SPXW,2026-08-27,6,Call,7570.0,SPXW260827C07570000,110.0,125.4,117.7,116.63,7.98,7.34469,2.0,62.0,0.1185,0.8184,0.0022,2.6608,-2.582,0.676,116.7239,115.6,116.63,115.6,108.649997711182,up,2026-08-21T14:42:09,0.0,0.0
SPXW,2026-08-27,6,Put,7570.0,SPXW260827P07570000,11.2,11.4,11.3,11.4,-12.6,-52.5,2097.0,266.0,0.1191,-0.1815,0.0022,2.6608,-2.582,-0.1526,11.4742,15.43,16.6,10.33,24.0,no_change,2026-08-21T16:07:21,0.0,0.0
SPXW,2026-08-27,6,Call,7575.0,SPXW260827C07575000,107.9,118.5,113.2,113.3,8.75,8.3692,11.0,302.0,0.1182,0.8087,0.0023,2.7427,-2.6534,0.6682,112.4191,111.23,129.65,109.02,104.549999237061,down,2026-08-21T15:59:49,0.0,0.0
SPXW,2026-08-27,6,Put,7575.0,SPXW260827P07575000,11.8,12.0,11.9,12.01,-12.99,-51.96,78.0,2153.0,0.1182,-0.1912,0.0023,2.7427,-2.6534,-0.161,12.167,16.2,16.7,10.96,25.0,up,2026-08-21T16:13:01,0.0,0.0
SPXW,2026-08-27,6,Call,7580.0,SPXW260827C07580000,101.0,117.0,109.0,112.08,10.93,10.8057,1.0,67.0,0.1167,0.7986,0.0024,2.824,-2.7243,0.6602,108.1573,112.08,112.08,112.08,101.150001525879,up,2026-08-21T13:48:38,0.0,0.0
SPXW,2026-08-27,6,Put,7580.0,SPXW260827P07580000,12.6,12.8,12.7,12.57,-13.53,-51.8391,89.0,447.0,0.1172,-0.2014,0.0024,2.824,-2.7243,-0.1696,12.9028,16.9,17.5,11.1,26.1000003814697,up,2026-08-21T15:54:50,0.0,0.0
SPXW,2026-08-27,6,Call,7585.0,SPXW260827C07585000,99.8,109.7,104.75,107.71,10.41,10.6989,1.0,21.0,0.1158,0.7879,0.0025,2.9057,-2.7943,0.6518,103.9404,107.71,107.71,107.71,97.2999992370606,up,2026-08-21T13:48:38,0.0,0.0
SPXW,2026-08-27,6,Put,7585.0,SPXW260827P07585000,13.3,13.5,13.4,13.2,-14.0,-51.4706,202.0,129.0,0.1164,-0.212,0.0025,2.9057,-2.7943,-0.1785,13.6836,19.27,19.27,12.0,27.1999998092651,no_change,2026-08-21T15:56:55,0.0,0.0
SPXW,2026-08-27,6,Call,7590.0,SPXW260827C07590000,96.0,105.9,100.95,102.62,9.22,9.87152,2.0,50.0,0.1151,0.7767,0.0026,2.9882,-2.8631,0.6429,99.7711,105.81,105.81,102.62,93.4000015258789,down,2026-08-21T13:38:30,0.0,0.0
SPXW,2026-08-27,6,Put,7590.0,SPXW260827P07590000,14.1,14.4,14.25,14.34,-14.06,-49.507,123.0,656.0,0.1153,-0.2232,0.0026,2.9882,-2.8631,-0.188,14.5119,20.23,20.23,12.48,28.3999996185303,up,2026-08-21T16:12:31,0.0,0.0
SPXW,2026-08-27,6,Call,7595.0,SPXW260827C07595000,90.1,99.8,94.94999999999999,96.72,7.07,7.88622,3.0,6.0,0.1139,0.765,0.0027,3.0703,-2.9303,0.6334,95.653,97.58,98.32,96.72,89.6500015258789,down,2026-08-21T16:12:35,0.0,0.0
SPXW,2026-08-27,6,Put,7595.0,SPXW260827P07595000,15.0,15.2,15.1,15.5,-14.2,-47.8114,86.0,88.0,0.1144,-0.2349,0.0027,3.0703,-2.9303,-0.198,15.3914,20.06,20.56,13.2,29.6999998092651,up,2026-08-21T16:03:13,0.0,0.0
SPXW,2026-08-27,6,Call,7600.0,SPXW260827C07600000,87.8,95.7,91.75,92.67,6.72,7.8185,9.0,1063.0,0.1133,0.7528,0.0028,3.1505,-2.9956,0.6234,91.5896,94.57,100.6,88.5,85.9500007629394,up,2026-08-21T16:12:35,0.0,0.0
SPXW,2026-08-27,6,Put,7600.0,SPXW260827P07600000,15.9,16.2,16.05,16.09,-14.91,-48.0968,144.0,1511.0,0.1134,-0.2471,0.0028,3.1505,-2.9956,-0.2085,16.3256,21.2,22.6,14.1,31.0,up,2026-08-21T16:13:01,0.0,0.0
SPXW,2026-08-27,6,Call,7605.0,SPXW260827C07605000,86.7,89.9,88.30000000000001,90.47,8.12,9.86035,3.0,48.0,0.1121,0.74,0.0029,3.2285,-3.0585,0.6131,87.5834,87.5,90.47,86.72,82.3499984741211,up,2026-08-21T13:54:01,0.0,0.0
SPXW,2026-08-27,6,Put,7605.0,SPXW260827P07605000,16.9,17.1,17.0,17.02,-15.38,-47.4691,152.0,158.0,0.1124,-0.2599,0.0029,3.2285,-3.0585,-0.2193,17.317,22.26,23.2,15.13,32.3999996185303,down,2026-08-21T16:14:30,0.0,0.0
SPXW,2026-08-27,6,Call,7610.0,SPXW260827C07610000,82.7,85.9,84.30000000000001,91.0,12.25,15.5556,15.0,26.0,0.1111,0.7267,0.003,3.3055,-3.1188,0.6025,83.637,85.16,91.0,79.2,78.75,up,2026-08-21T13:11:34,0.0,0.0
SPXW,2026-08-27,6,Put,7610.0,SPXW260827P07610000,17.9,18.2,18.049999999999997,18.47,-15.33,-45.355,141.0,157.0,0.1117,-0.2732,0.003,3.3055,-3.1188,-0.2305,18.3682,25.0,25.0,16.3,33.8000011444092,no_change,2026-08-21T16:11:26,0.0,0.0
SPXW,2026-08-27,6,Call,7615.0,SPXW260827C07615000,78.8,82.0,80.4,80.88,5.63,7.48173,12.0,15.0,0.1106,0.7128,0.0031,3.3813,-3.1758,0.5911,79.7539,79.63,89.05,75.5,75.25,down,2026-08-21T16:01:31,0.0,0.0
SPXW,2026-08-27,6,Put,7615.0,SPXW260827P07615000,19.0,19.3,19.15,19.2,-16.1,-45.6091,220.0,80.0,0.1107,-0.2872,0.0031,3.3813,-3.1758,-0.2424,19.4827,24.47,26.35,16.57,35.3000011444092,down,2026-08-21T15:55:29,0.0,0.0
SPXW,2026-08-27,6,Call,7620.0,SPXW260827C07620000,75.0,78.2,76.6,78.12,6.32,8.80223,14.0,95.0,0.1098,0.6983,0.0032,3.4542,-3.229,0.5792,75.9386,76.2,91.75,72.85,71.7999992370606,down,2026-08-21T13:53:32,0.0,0.0
SPXW,2026-08-27,6,Put,7620.0,SPXW260827P07620000,20.2,20.4,20.299999999999997,20.49,-15.7,-42.663,73.0,180.0,0.1098,-0.3016,0.0032,3.4542,-3.229,-0.2549,20.6651,26.69,26.9,17.77,36.8000011444092,down,2026-08-21T16:06:00,0.0,0.0
SPXW,2026-08-27,6,Call,7625.0,SPXW260827C07625000,72.7,73.0,72.85,74.2,5.75,8.40029,7.0,786.0,0.1088,0.6833,0.0033,3.5227,-3.2781,0.5669,72.1946,77.54,79.16,74.2,68.4500007629394,down,2026-08-21T14:03:06,0.0,0.0
SPXW,2026-08-27,6,Put,7625.0,SPXW260827P07625000,21.5,21.7,21.6,21.67,-16.55,-43.0429,409.0,413.0,0.1088,-0.3167,0.0033,3.5227,-3.2781,-0.2677,21.9186,28.2,28.2,18.86,38.4499988555908,up,2026-08-21T16:13:01,0.0,0.0
SPXW,2026-08-27,6,Call,7630.0,SPXW260827C07630000,69.1,69.3,69.19999999999999,73.1,7.95,12.2026,7.0,29.0,0.108,0.6677,0.0034,3.5874,-3.3225,0.5544,68.5241,71.96,73.6,68.15,65.1500015258789,up,2026-08-21T15:56:52,0.0,0.0
SPXW,2026-08-27,6,Put,7630.0,SPXW260827P07630000,22.8,23.0,22.9,22.5,-17.65,-43.9601,141.0,386.0,0.1081,-0.3323,0.0034,3.5874,-3.3225,-0.2809,23.2457,28.8,29.65,19.89,40.1499996185303,no_change,2026-08-21T15:55:42,0.0,0.0
SPXW,2026-08-27,6,Call,7635.0,SPXW260827C07635000,65.5,65.7,65.6,70.4,8.5,13.7318,14.0,9.0,0.1071,0.6515,0.0035,3.6489,-3.3618,0.5411,64.9306,65.4,70.4,62.8,61.8999996185303,up,2026-08-21T11:13:33,0.0,0.0
SPXW,2026-08-27,6,Put,7635.0,SPXW260827P07635000,24.2,24.4,24.299999999999997,24.7,-17.2,-41.0501,104.0,101.0,0.1072,-0.3484,0.0035,3.6489,-3.3618,-0.2947,24.6499,30.74,31.79,20.63,41.8999996185303,up,2026-08-21T16:02:03,0.0,0.0
SPXW,2026-08-27,6,Call,7640.0,SPXW260827C07640000,61.9,62.2,62.05,65.0,6.25,10.6383,26.0,20.0,0.1062,0.6348,0.0036,3.7058,-3.3952,0.5272,61.4191,65.9,69.73,58.1,58.75,up,2026-08-21T15:56:12,0.0,0.0
SPXW,2026-08-27,6,Put,7640.0,SPXW260827P07640000,25.6,25.9,25.75,25.3,-18.45,-42.1714,104.0,235.0,0.1062,-0.3652,0.0036,3.7058,-3.3952,-0.3091,26.136,33.42,33.42,22.29,43.75,up,2026-08-21T15:53:05,0.0,0.0
SPXW,2026-08-27,6,Call,7645.0,SPXW260827C07645000,58.5,58.8,58.65,60.47,4.77,8.56374,21.0,56.0,0.1053,0.6175,0.0037,3.7564,-3.4223,0.513,57.9932,62.2,70.4,56.8,55.6999988555908,down,2026-08-21T13:54:01,0.0,0.0
SPXW,2026-08-27,6,Put,7645.0,SPXW260827P07645000,27.2,27.4,27.299999999999997,27.41,-17.6,-38.512,84.0,86.0,0.1053,-0.3825,0.0037,3.7564,-3.4223,-0.3239,27.7077,33.13,34.8,23.5,45.6999988555908,down,2026-08-21T16:07:34,0.0,0.0
SPXW,2026-08-27,6,Call,7650.0,SPXW260827C07650000,55.1,55.4,55.25,55.4,2.7,5.12334,44.0,83.0,0.1044,0.5997,0.0038,3.8006,-3.4427,0.4985,54.6551,59.3,68.88,50.9,52.6999988555908,up,2026-08-21T15:55:04,0.0,0.0
SPXW,2026-08-27,6,Put,7650.0,SPXW260827P07650000,28.8,29.1,28.950000000000003,29.32,-18.38,-38.5325,1184.0,1274.0,0.1045,-0.4003,0.0038,3.8006,-3.4427,-0.3389,29.3672,35.22,38.1,24.3,47.6999988555908,up,2026-08-21T16:10:27,0.0,0.0
SPXW,2026-08-27,6,Call,7655.0,SPXW260827C07655000,51.9,52.2,52.05,51.8,2.0,4.01606,32.0,32.0,0.1036,0.5814,0.0038,3.839,-3.4558,0.4834,51.4082,56.1,56.74,48.5,49.8000011444092,down,2026-08-21T16:12:34,0.0,0.0
SPXW,2026-08-27,6,Put,7655.0,SPXW260827P07655000,30.6,30.8,30.700000000000003,29.8,-20.0,-40.1606,86.0,266.0,0.1036,-0.4186,0.0038,3.839,-3.4558,-0.3546,31.1179,36.1,39.0,25.69,49.8000011444092,down,2026-08-21T15:53:45,0.0,0.0
SPXW,2026-08-27,6,Call,7660.0,SPXW260827C07660000,48.7,49.0,48.85,51.6,4.65,9.90416,144.0,73.0,0.1028,0.5626,0.0039,3.8704,-3.4612,0.4677,48.2576,53.0,55.5,47.13,46.9499988555908,down,2026-08-21T15:56:13,0.0,0.0
SPXW,2026-08-27,6,Put,7660.0,SPXW260827P07660000,32.4,32.7,32.55,32.87,-18.4,-35.4528,164.0,222.0,0.1027,-0.4373,0.0039,3.8704,-3.4612,-0.3708,32.9649,38.22,41.13,27.34,51.8999996185303,down,2026-08-21T16:10:24,0.0,0.0
SPXW,2026-08-27,6,Call,7665.0,SPXW260827C07665000,45.7,45.9,45.8,50.69,6.49,14.6833,58.0,53.0,0.102,0.5434,0.004,3.8936,-3.4584,0.4518,45.2063,50.0,60.4,43.0,44.1999988555908,up,2026-08-21T15:50:00,0.0,0.0
SPXW,2026-08-27,6,Put,7665.0,SPXW260827P07665000,34.3,34.6,34.45,34.77,-19.43,-35.8487,196.0,167.0,0.102,-0.4566,0.004,3.8936,-3.4584,-0.3872,34.9112,39.88,43.73,29.05,54.1999988555908,up,2026-08-21T16:10:27,0.0,0.0
SPXW,2026-08-27,6,Call,7670.0,SPXW260827C07670000,42.7,43.0,42.85,43.52,1.97,4.74127,81.0,195.0,0.1012,0.5237,0.004,3.9084,-3.4473,0.4358,42.256,47.1,57.0,39.2,41.5500011444092,down,2026-08-21T16:07:06,0.0,0.0
SPXW,2026-08-27,6,Put,7670.0,SPXW260827P07670000,36.4,36.6,36.5,36.58,-19.92,-35.2566,174.0,233.0,0.1012,-0.4762,0.004,3.9084,-3.4473,-0.4038,36.9585,42.85,45.8,30.2,56.5,no_change,2026-08-21T16:07:17,0.0,0.0
SPXW,2026-08-27,6,Call,7675.0,SPXW260827C07675000,39.8,40.1,39.95,39.78,0.78,2.0,91.0,78.0,0.1004,0.5038,0.004,3.9148,-3.4273,0.4191,39.4104,44.1,52.12,37.7,39.0,no_change,2026-08-21T16:11:38,0.0,0.0
SPXW,2026-08-27,6,Put,7675.0,SPXW260827P07675000,38.5,38.8,38.65,38.83,-20.12,-34.1306,315.0,1097.0,0.1004,-0.4962,0.004,3.9148,-3.4273,-0.421,39.1106,40.92,48.1,31.47,58.9499988555908,down,2026-08-21T16:11:42,0.0,0.0
SPXW,2026-08-27,6,Call,7680.0,SPXW260827C07680000,37.1,37.3,37.2,37.4,0.9,2.46575,196.0,58.0,0.0996,0.4835,0.0041,3.912,-3.3983,0.4021,36.6739,41.4,51.2,34.5,36.5,down,2026-08-21T16:02:14,0.0,0.0
SPXW,2026-08-27,6,Put,7680.0,SPXW260827P07680000,40.7,41.0,40.85,41.25,-20.25,-32.9268,173.0,142.0,0.0996,-0.5164,0.0041,3.912,-3.3983,-0.4386,41.3717,44.77,50.7,33.74,61.5,down,2026-08-21T15:59:43,0.0,0.0
SPXW,2026-08-27,6,Call,7685.0,SPXW260827C07685000,34.4,34.7,34.55,34.7,0.6,1.75953,75.0,51.0,0.0988,0.463,0.0041,3.8998,-3.3602,0.3853,34.0479,36.84,45.94,32.8,34.1000003814697,down,2026-08-21T16:14:38,0.0,0.0
SPXW,2026-08-27,6,Put,7685.0,SPXW260827P07685000,43.1,43.4,43.25,44.0,-20.1,-31.3573,208.0,179.0,0.0988,-0.537,0.0041,3.8998,-3.3602,-0.456,43.7432,49.6,50.48,36.84,64.0999984741211,up,2026-08-21T16:01:58,0.0,0.0
SPXW,2026-08-27,6,Call,7690.0,SPXW260827C07690000,31.9,32.1,32.0,34.6,2.8,8.80503,220.0,77.0,0.098,0.4423,0.0041,3.8778,-3.3131,0.3681,31.5336,37.0,44.0,31.24,31.8000001907349,down,2026-08-21T15:53:42,0.0,0.0
SPXW,2026-08-27,6,Put,7690.0,SPXW260827P07690000,45.5,45.8,45.65,46.34,-20.46,-30.6287,189.0,213.0,0.0981,-0.5577,0.0041,3.8778,-3.3131,-0.4737,46.2266,52.3,54.4,39.05,66.7999992370606,up,2026-08-21T15:55:02,0.0,0.0
SPXW,2026-08-27,6,Call,7695.0,SPXW260827C07695000,29.5,29.7,29.6,29.7,0.1,0.337837,76.0,61.0,0.0973,0.4215,0.0041,3.8453,-3.2569,0.3506,29.1349,33.51,40.5,28.98,29.6000003814697,no_change,2026-08-21T16:14:38,0.0,0.0
SPXW,2026-08-27,6,Put,7695.0,SPXW260827P07695000,48.1,48.4,48.25,48.5,-21.1,-30.3161,38.0,131.0,0.0973,-0.5785,0.0041,3.8453,-3.2569,-0.4918,48.8254,56.51,58.55,40.9,69.5999984741211,up,2026-08-21T14:05:08,0.0,0.0
SPXW,2026-08-27,6,Call,7700.0,SPXW260827C07700000,27.1,27.4,27.25,30.2,-1.0,-3.63636,809.0,1459.0,0.0963,0.4006,0.0041,3.8031,-3.1917,0.3333,26.8532,33.3,40.5,25.3,27.5,up,2026-08-21T15:58:09,0.0,0.0
SPXW,2026-08-27,6,Put,7700.0,SPXW260827P07700000,50.8,51.1,50.95,48.9,-23.6,-32.5517,206.0,2996.0,0.0966,-0.5993,0.0041,3.8031,-3.1917,-0.5096,51.5414,57.0,61.68,42.0,72.5,down,2026-08-21T15:53:25,0.0,0.0
SPXW,2026-08-27,6,Call,7705.0,SPXW260827C07705000,24.9,25.2,25.049999999999997,25.56,0.06,0.235294,131.0,92.0,0.096,0.3798,0.004,3.7516,-3.1181,0.3161,24.6876,30.62,36.4,23.4,25.5,down,2026-08-21T16:07:34,0.0,0.0
SPXW,2026-08-27,6,Put,7705.0,SPXW260827P07705000,53.6,53.9,53.75,54.53,-20.97,-27.7748,40.0,96.0,0.0959,-0.6201,0.004,3.7516,-3.1181,-0.5273,54.3734,61.2,61.72,46.5,75.5,down,2026-08-21T15:55:02,0.0,0.0
SPXW,2026-08-27,6,Call,7710.0,SPXW260827C07710000,22.9,23.1,23.0,25.3,1.7,7.20339,138.0,130.0,0.0952,0.3591,0.004,3.6892,-3.0364,0.2987,22.6396,26.42,35.3,21.8,23.6000003814697,down,2026-08-21T15:53:40,0.0,0.0
SPXW,2026-08-27,6,Put,7710.0,SPXW260827P07710000,56.5,56.8,56.65,56.98,-21.57,-27.4602,38.0,71.0,0.0954,-0.6408,0.004,3.6892,-3.0364,-0.5453,57.323,64.3,66.98,52.7,78.5499992370606,up,2026-08-21T16:12:54,0.0,0.0
SPXW,2026-08-27,6,Call,7715.0,SPXW260827C07715000,20.9,21.1,21.0,21.4,-0.4,-1.83486,82.0,151.0,0.0947,0.3386,0.0039,3.6168,-2.9469,0.2816,20.7099,25.47,32.3,19.6,21.8000001907349,down,2026-08-21T16:00:02,0.0,0.0
SPXW,2026-08-27,6,Put,7715.0,SPXW260827P07715000,59.5,59.8,59.65,60.03,-21.82,-26.6585,49.0,3052.0,0.0946,-0.6613,0.0039,3.6168,-2.9469,-0.5629,60.3909,64.91,68.6,60.03,81.8499984741211,down,2026-08-21T16:12:54,0.0,0.0
SPXW,2026-08-27,6,Call,7720.0,SPXW260827C07720000,19.1,19.3,19.200000000000003,19.0,-1.1,-5.47264,135.0,114.0,0.0942,0.3184,0.0038,3.5366,-2.8503,0.2649,18.8953,24.47,27.99,18.8,20.1000003814697,down,2026-08-21T16:11:19,0.0,0.0
SPXW,2026-08-27,6,Put,7720.0,SPXW260827P07720000,62.7,63.0,62.85,56.94,-28.21,-33.1298,49.0,150.0,0.0941,-0.6815,0.0038,3.5366,-2.8503,-0.5801,63.574,69.65,71.7,53.5,85.1500015258789,down,2026-08-21T15:47:13,0.0,0.0
SPXW,2026-08-27,6,Call,7725.0,SPXW260827C07725000,17.3,17.6,17.450000000000003,17.33,-0.95,-5.14905,476.0,1151.0,0.0935,0.2985,0.0038,3.4471,-2.7474,0.2483,17.1942,21.64,26.0,17.0,18.4499998092651,down,2026-08-21T16:14:30,0.0,0.0
SPXW,2026-08-27,6,Put,7725.0,SPXW260827P07725000,65.6,66.6,66.1,68.32,-20.03,-22.6712,98.0,2100.0,0.0943,-0.7014,0.0038,3.4471,-2.7474,-0.5974,66.8705,71.18,75.84,54.33,88.3500022888184,up,2026-08-21T14:17:34,0.0,0.0
SPXW,2026-08-27,6,Call,7730.0,SPXW260827C07730000,15.7,15.9,15.8,16.7,-0.2,-1.18343,60.0,88.0,0.0931,0.2791,0.0037,3.348,-2.6386,0.2319,15.6054,18.93,23.7,15.52,16.8999996185303,down,2026-08-21T16:00:49,0.0,0.0
SPXW,2026-08-27,6,Put,7730.0,SPXW260827P07730000,67.8,71.1,69.44999999999999,63.06,-28.89,-31.4192,10.0,102.0,0.0939,-0.7208,0.0037,3.348,-2.6386,-0.6142,70.2793,73.92,78.15,63.06,91.9499969482422,down,2026-08-21T15:47:13,0.0,0.0
SPXW,2026-08-27,6,Call,7735.0,SPXW260827C07735000,14.2,14.4,14.3,16.12,0.62,4.0,85.0,156.0,0.0925,0.2602,0.0036,3.2428,-2.5248,0.2163,14.124,16.19,24.06,13.85,15.5,down,2026-08-21T15:53:18,0.0,0.0
SPXW,2026-08-27,6,Put,7735.0,SPXW260827P07735000,71.3,74.6,72.94999999999999,73.28,-22.22,-23.267,14.0,2057.0,0.0929,-0.7398,0.0036,3.2428,-2.5248,-0.6304,73.7954,77.37,79.07,67.1,95.5,up,2026-08-21T16:01:18,0.0,0.0
SPXW,2026-08-27,6,Call,7740.0,SPXW260827C07740000,12.8,13.0,12.9,12.94,-1.79,-12.695,94.0,166.0,0.092,0.2418,0.0034,3.1312,-2.4068,0.2009,12.7454,16.47,21.97,12.84,14.0999999046326,up,2026-08-21T16:11:56,0.0,0.0
SPXW,2026-08-27,6,Put,7740.0,SPXW260827P07740000,72.2,81.5,76.85,63.21,-35.99,-36.2802,12.0,111.0,0.0929,-0.7582,0.0034,3.1312,-2.4068,-0.6464,77.4145,83.65,86.1,63.21,99.2000007629394,no_change,2026-08-21T11:54:18,0.0,0.0
SPXW,2026-08-27,6,Call,7745.0,SPXW260827C07745000,11.5,11.7,11.6,11.71,-1.14,-8.87159,153.0,73.0,0.0914,0.224,0.0033,3.0117,-2.2851,0.1859,11.467,15.06,18.1,11.71,12.8499999046326,down,2026-08-21T16:10:38,0.0,0.0
SPXW,2026-08-27,6,Put,7745.0,SPXW260827P07745000,75.4,85.4,80.4,86.39,-16.81,-16.2888,23.0,156.0,0.0927,-0.776,0.0033,3.0117,-2.2851,-0.6619,81.1337,87.25,87.25,86.39,103.200000762939,down,2026-08-21T10:50:50,0.0,0.0
SPXW,2026-08-27,6,Call,7750.0,SPXW260827C07750000,10.3,10.5,10.4,10.4,-1.25,-10.7296,435.0,1326.0,0.0911,0.2068,0.0032,2.8873,-2.1606,0.1717,10.2832,15.21,18.0,10.12,11.6500000953674,no_change,2026-08-21T16:14:31,0.0,0.0
SPXW,2026-08-27,6,Put,7750.0,SPXW260827P07750000,79.4,89.1,84.25,80.76,-26.24,-24.5234,23.0,228.0,0.0919,-0.7932,0.0032,2.8873,-2.1606,-0.6766,84.9475,94.05,94.46,73.18,107.0,down,2026-08-21T15:59:02,0.0,0.0
SPXW,2026-08-27,6,Call,7755.0,SPXW260827C07755000,9.2,9.5,9.35,9.91,-0.64,-6.06635,215.0,212.0,0.0908,0.1902,0.003,2.7597,-2.034,0.1579,9.1889,14.14,15.1,9.1,10.5500001907349,down,2026-08-21T16:01:31,0.0,0.0
SPXW,2026-08-27,6,Put,7755.0,SPXW260827P07755000,83.3,92.8,88.05,83.54,-27.31,-24.6369,2.0,54.0,0.0918,-0.8097,0.003,2.7597,-2.034,-0.691,88.8508,83.54,83.54,83.54,110.850002288818,down,2026-08-21T13:03:21,0.0,0.0
SPXW,2026-08-27,6,Call,7760.0,SPXW260827C07760000,8.2,8.5,8.35,8.24,-1.31,-13.7173,287.0,641.0,0.0903,0.1744,0.0029,2.6265,-1.9062,0.1445,8.1812,12.47,15.51,8.1,9.55000019073486,down,2026-08-21T16:12:59,0.0,0.0
SPXW,2026-08-27,6,Put,7760.0,SPXW260827P07760000,86.9,96.7,91.80000000000001,94.0,-20.85,-18.1541,72.0,106.0,0.0915,-0.8255,0.0029,2.6265,-1.9062,-0.7049,92.8407,97.6,97.6,81.96,114.850002288818,up,2026-08-21T15:59:51,0.0,0.0
SPXW,2026-08-27,6,Call,7765.0,SPXW260827C07765000,7.3,7.5,7.4,7.9,-0.7,-8.13953,112.0,274.0,0.09,0.1592,0.0027,2.4903,-1.7779,0.132,7.2556,10.4,12.4,7.4,8.59999990463257,down,2026-08-21T16:01:44,0.0,0.0
SPXW,2026-08-27,6,Put,7765.0,SPXW260827P07765000,91.0,101.0,96.0,92.67,-26.23,-22.0606,25.0,44.0,0.0912,-0.8407,0.0027,2.4903,-1.7779,-0.7179,96.9127,92.67,92.67,92.67,118.900001525879,down,2026-08-21T15:58:11,0.0,0.0
SPXW,2026-08-27,6,Call,7770.0,SPXW260827C07770000,6.5,6.7,6.6,6.95,-0.75,-9.74026,67.0,162.0,0.0897,0.1448,0.0026,2.3533,-1.6503,0.12,6.4079,6.85,11.5,6.85,7.70000004768372,no_change,2026-08-21T16:02:11,0.0,0.0
SPXW,2026-08-27,6,Put,7770.0,SPXW260827P07770000,95.1,104.9,100.0,106.58,-16.47,-13.3848,4.0,158.0,0.0908,-0.8551,0.0026,2.3533,-1.6503,-0.7305,101.0627,106.58,106.58,106.58,123.049999237061,down,2026-08-21T10:25:48,0.0,0.0
SPXW,2026-08-27,6,Call,7775.0,SPXW260827C07775000,5.7,5.9,5.800000000000001,7.1,0.2,2.89855,163.0,251.0,0.0894,0.1312,0.0024,2.214,-1.5242,0.1086,5.6365,9.51,10.99,5.86,6.90000009536743,up,2026-08-21T15:58:50,0.0,0.0
SPXW,2026-08-27,6,Put,7775.0,SPXW260827P07775000,99.1,109.0,104.05,100.68,-26.57,-20.8802,93.0,134.0,0.0908,-0.8687,0.0024,2.214,-1.5242,-0.7425,105.2888,108.5,108.5,90.4,127.25,down,2026-08-21T15:58:11,0.0,0.0
SPXW,2026-08-27,6,Call,7780.0,SPXW260827C07780000,5.1,5.3,5.199999999999999,5.42,-1.29,-20.8065,117.0,143.0,0.0889,0.1184,0.0023,2.0742,-1.4007,0.098,4.9374,8.3,8.5,5.0,6.20000004768372,down,2026-08-21T16:06:52,0.0,0.0
SPXW,2026-08-27,6,Put,7780.0,SPXW260827P07780000,101.0,117.0,109.0,115.97,-15.53,-11.8099,10.0,82.0,0.0904,-0.8816,0.0023,2.0742,-1.4007,-0.7536,109.5874,116.47,116.47,115.97,131.5,down,2026-08-21T10:28:13,0.0,0.0
SPXW,2026-08-27,6,Call,7785.0,SPXW260827C07785000,4.4,4.6,4.5,5.45,-0.05,-0.909091,148.0,195.0,0.0886,0.1063,0.0021,1.9366,-1.2809,0.0879,4.3077,4.98,9.0,4.65,5.5,down,2026-08-21T15:58:11,0.0,0.0
SPXW,2026-08-27,6,Put,7785.0,SPXW260827P07785000,104.7,120.6,112.65,130.76,0.0,0.0,0.0,66.0,0.0903,-0.8936,0.0021,1.9366,-1.2809,-0.7642,113.9552,0.0,0.0,0.0,135.599998474121,up,2026-08-20T14:55:23,0.0,0.0
SPXW,2026-08-27,6,Call,7790.0,SPXW260827C07790000,3.9,4.1,4.0,4.07,-0.83,-16.9388,158.0,362.0,0.0883,0.0952,0.002,1.8003,-1.166,0.0786,3.7453,6.7,8.3,4.07,4.90000009536743,down,2026-08-21T16:09:34,0.0,0.0
SPXW,2026-08-27,6,Put,7790.0,SPXW260827P07790000,109.1,125.0,117.05,115.37,-24.88,-17.7397,25.0,101.0,0.0907,-0.9048,0.002,1.8003,-1.166,-0.7742,118.3904,115.37,115.37,115.37,140.25,down,2026-08-21T13:30:52,0.0,0.0
SPXW,2026-08-27,6,Call,7795.0,SPXW260827C07795000,3.4,3.6,3.5,4.3,-0.05,-1.14943,262.0,465.0,0.0883,0.0849,0.0018,1.6671,-1.0568,0.0701,3.246,5.0,7.3,3.84,4.35000014305115,no_change,2026-08-21T15:58:11,0.0,0.0
SPXW,2026-08-27,6,Put,7795.0,SPXW260827P07795000,113.5,129.5,121.5,117.61,0.0,0.0,0.0,37.0,0.0902,-0.9151,0.0018,1.6671,-1.0568,-0.7832,122.8888,0.0,0.0,0.0,144.449996948242,up,2026-08-20T10:06:25,0.0,0.0
SPXW,2026-08-27,6,Call,7800.0,SPXW260827C07800000,2.95,3.1,3.0250000000000004,3.0,-0.85,-22.0779,387.0,1598.0,0.0881,0.0754,0.0017,1.5391,-0.9542,0.0622,2.8063,4.88,6.82,2.99,3.85000002384186,no_change,2026-08-21T16:13:31,0.0,0.0
SPXW,2026-08-27,6,Put,7800.0,SPXW260827P07800000,121.2,132.2,126.69999999999999,124.28,-24.42,-16.4223,36.0,385.0,0.0894,-0.9245,0.0017,1.5391,-0.9542,-0.7916,127.4467,136.28,136.28,110.98,148.700004577637,up,2026-08-21T13:30:52,0.0,0.0
SPXW,2026-08-27,6,Call,7805.0,SPXW260827C07805000,2.55,2.7,2.625,2.66,-0.74,-21.7647,67.0,1129.0,0.0878,0.0669,0.0015,1.4164,-0.8589,0.0551,2.4225,4.35,5.3,2.65,3.39999997615814,no_change,2026-08-21T16:11:56,0.0,0.0
SPXW,2026-08-27,6,Put,7805.0,SPXW260827P07805000,122.9,138.6,130.75,129.05,-24.7,-16.065,2.0,3.0,0.0907,-0.933,0.0015,1.4164,-0.8589,-0.7993,132.0605,129.05,129.05,129.05,153.75,no_change,2026-08-21T11:27:41,0.0,0.0
SPXW,2026-08-27,6,Call,7810.0,SPXW260827C07810000,2.2,2.35,2.2750000000000004,2.85,-0.7,-23.3333,93.0,218.0,0.0875,0.0592,0.0014,1.2999,-0.7712,0.0488,2.0894,3.03,5.35,2.45,3.0,up,2026-08-21T15:58:51,0.0,0.0
SPXW,2026-08-27,6,Put,7810.0,SPXW260827P07810000,127.6,143.2,135.39999999999998,132.04,0.0,0.0,0.0,32.0,0.0899,-0.9408,0.0014,1.2999,-0.7712,-0.8062,136.725,0.0,0.0,0.0,158.099998474121,up,2026-08-20T09:31:03,0.0,0.0
SPXW,2026-08-27,6,Call,7815.0,SPXW260827C07815000,1.9,2.05,1.9749999999999999,2.35,-0.275,-10.4762,81.0,126.0,0.0873,0.0523,0.0013,1.1908,-0.6913,0.043,1.8023,3.44,3.98,2.15,2.625,no_change,2026-08-21T15:57:41,0.0,0.0
SPXW,2026-08-27,6,Put,7815.0,SPXW260827P07815000,132.2,147.9,140.05,108.37,0.0,0.0,0.0,39.0,0.09,-0.9476,0.0013,1.1908,-0.6913,-0.8125,141.4356,0.0,0.0,0.0,163.050003051758,no_change,2026-08-19T15:41:05,0.0,0.0
SPXW,2026-08-27,6,Call,7820.0,SPXW260827C07820000,1.65,1.75,1.7,1.83,-0.47,-20.4348,996.0,172.0,0.0873,0.0462,0.0011,1.0892,-0.6193,0.0379,1.5566,3.07,4.25,1.83,2.29999995231628,no_change,2026-08-21T16:02:11,0.0,0.0
SPXW,2026-08-27,6,Put,7820.0,SPXW260827P07820000,136.9,152.6,144.75,137.09,-30.56,-18.2285,9.0,33.0,0.0907,-0.9537,0.0011,1.0892,-0.6193,-0.8181,146.1874,154.44,155.15,137.09,167.650001525879,no_change,2026-08-21T15:47:22,0.0,0.0
SPXW,2026-08-27,6,Call,7825.0,SPXW260827C07825000,1.4,1.55,1.475,1.48,-0.52,-26.0,175.0,386.0,0.087,0.0408,0.001,0.9953,-0.5546,0.0335,1.3466,3.15,3.6,1.48,2.0,down,2026-08-21T16:10:39,0.0,0.0
SPXW,2026-08-27,6,Put,7825.0,SPXW260827P07825000,141.7,157.3,149.5,141.91,-30.49,-17.6856,3.0,18.0,0.0902,-0.9591,0.001,0.9953,-0.5546,-0.823,150.9751,139.13,141.91,139.13,172.400001525879,no_change,2026-08-21T15:47:22,0.0,0.0
SPXW,2026-08-27,6,Call,7830.0,SPXW260827C07830000,1.2,1.35,1.275,1.3,-0.45,-25.7143,67.0,219.0,0.0868,0.0361,0.0009,0.9091,-0.4971,0.0296,1.168,1.8,2.9,1.3,1.75,down,2026-08-21T16:05:39,0.0,0.0
SPXW,2026-08-27,6,Put,7830.0,SPXW260827P07830000,148.5,164.2,156.35,143.88,-33.07,-18.6889,3.0,42.0,0.0904,-0.9639,0.0009,0.9091,-0.4971,-0.8275,155.7941,163.97,163.97,143.88,176.949996948242,down,2026-08-21T11:37:43,0.0,0.0
SPXW,2026-08-27,6,Call,7835.0,SPXW260827C07835000,1.05,1.15,1.1,1.1,-0.45,-29.0323,195.0,241.0,0.0867,0.0319,0.0008,0.8306,-0.4462,0.0261,1.0165,1.87,1.87,1.1,1.55000001192093,down,2026-08-21T16:10:39,0.0,0.0
SPXW,2026-08-27,6,Put,7835.0,SPXW260827P07835000,153.3,169.1,161.2,0.0,0.0,0.0,0.0,0.0,0.0916,-0.968,0.0008,0.8306,-0.4462,-0.8315,160.6402,0.0,0.0,0.0,181.800003051758,no_change,,0.0,0.0
SPXW,2026-08-27,6,Call,7840.0,SPXW260827C07840000,0.9,1.0,0.95,1.0,-0.35,-25.9259,142.0,229.0,0.0871,0.0283,0.0008,0.7593,-0.4011,0.0232,0.8878,1.68,2.1,1.0,1.34999996423721,down,2026-08-21T16:01:40,0.0,0.0
SPXW,2026-08-27,6,Put,7840.0,SPXW260827P07840000,158.2,173.7,165.95,173.59,-12.81,-6.87232,2.0,2.0,0.0914,-0.9716,0.0008,0.7593,-0.4011,-0.835,165.5091,173.59,173.59,173.59,186.400001525879,up,2026-08-21T10:03:31,0.0,0.0
SPXW,2026-08-27,6,Call,7845.0,SPXW260827C07845000,0.75,0.85,0.8,0.85,-0.35,-30.4348,154.0,245.0,0.0867,0.0252,0.0007,0.6947,-0.3614,0.0206,0.7786,1.72,1.72,0.85,1.15000003576279,down,2026-08-21T16:05:39,0.0,0.0
SPXW,2026-08-27,6,Put,7845.0,SPXW260827P07845000,160.8,176.6,168.7,178.55,-12.45,-6.51832,3.0,6.0,0.0923,-0.9747,0.0007,0.6947,-0.3614,-0.8381,170.3975,178.55,178.55,178.55,191.0,up,2026-08-21T10:22:09,0.0,0.0
SPXW,2026-08-27,6,Call,7850.0,SPXW260827C07850000,0.65,0.75,0.7,0.75,-0.25,-25.0,439.0,553.0,0.0869,0.0225,0.0006,0.6363,-0.3266,0.0183,0.6859,1.8,2.0,0.75,0.999999970197678,no_change,2026-08-21T16:10:37,0.0,0.0
SPXW,2026-08-27,6,Put,7850.0,SPXW260827P07850000,167.9,183.4,175.65,183.24,-12.71,-6.48635,2.0,12.0,0.0931,-0.9775,0.0006,0.6363,-0.3266,-0.841,175.3024,183.24,183.24,183.24,195.950004577637,no_change,2026-08-21T10:04:02,0.0,0.0
SPXW,2026-08-27,6,Call,7855.0,SPXW260827C07855000,0.55,0.65,0.6000000000000001,0.65,-0.25,-27.7778,209.0,181.0,0.0869,0.0201,0.0006,0.5839,-0.296,0.0164,0.607,1.2,1.28,0.65,0.900000005960464,no_change,2026-08-21T16:06:08,0.0,0.0
SPXW,2026-08-27,6,Put,7855.0,SPXW260827P07855000,172.8,187.7,180.25,0.0,0.0,0.0,0.0,0.0,0.0937,-0.9798,0.0006,0.5839,-0.296,-0.8435,180.2212,0.0,0.0,0.0,200.800003051758,no_change,,0.0,0.0
SPXW,2026-08-27,6,Call,7860.0,SPXW260827C07860000,0.45,0.6,0.525,0.55,-0.25,-31.25,355.0,361.0,0.0878,0.018,0.0005,0.5368,-0.269,0.0147,0.5398,0.85,1.35,0.55,0.800000011920929,down,2026-08-21T16:01:36,0.0,0.0
SPXW,2026-08-27,6,Put,7860.0,SPXW260827P07860000,174.3,194.2,184.25,0.0,0.0,0.0,0.0,0.0,0.0942,-0.9819,0.0005,0.5368,-0.269,-0.8457,185.1515,0.0,0.0,0.0,205.25,no_change,,0.0,0.0
SPXW,2026-08-27,6,Call,7865.0,SPXW260827C07865000,0.4,0.5,0.45,0.5,-0.175,-25.9259,91.0,128.0,0.0878,0.0162,0.0005,0.4944,-0.2454,0.0132,0.4823,1.12,1.15,0.5,0.674999982118606,down,2026-08-21T16:01:40,0.0,0.0
SPXW,2026-08-27,6,Put,7865.0,SPXW260827P07865000,179.2,197.6,188.39999999999998,0.0,0.0,0.0,0.0,0.0,0.0954,-0.9837,0.0005,0.4944,-0.2454,-0.8477,190.0917,0.0,0.0,0.0,211.200004577637,no_change,,0.0,0.0
SPXW,2026-08-27,6,Call,7870.0,SPXW260827C07870000,0.35,0.45,0.4,0.4,-0.2,-33.3333,90.0,286.0,0.0884,0.0147,0.0004,0.4563,-0.2247,0.0119,0.4331,0.67,0.9,0.4,0.599999994039536,down,2026-08-21T16:05:39,0.0,0.0
SPXW,2026-08-27,6,Put,7870.0,SPXW260827P07870000,184.2,204.0,194.1,0.0,0.0,0.0,0.0,0.0,0.0966,-0.9853,0.0004,0.4563,-0.2247,-0.8496,195.0401,0.0,0.0,0.0,215.949996948242,no_change,,0.0,0.0
SPXW,2026-08-27,6,Call,7875.0,SPXW260827C07875000,0.3,0.4,0.35,0.35,-0.2,-36.3636,226.0,261.0,0.0887,0.0133,0.0004,0.4221,-0.2065,0.0108,0.391,0.77,1.1,0.35,0.550000011920929,down,2026-08-21T16:05:39,0.0,0.0
SPXW,2026-08-27,6,Put,7875.0,SPXW260827P07875000,189.1,206.2,197.64999999999998,168.58,0.0,0.0,0.0,2.0,0.0977,-0.9866,0.0004,0.4221,-0.2065,-0.8512,199.9956,0.0,0.0,0.0,220.150001525879,up,2026-08-18T12:06:21,0.0,0.0
SPXW,2026-08-27,6,Call,7880.0,SPXW260827C07880000,0.3,0.35,0.32499999999999996,0.35,-0.125,-26.3158,140.0,232.0,0.0898,0.0121,0.0004,0.3916,-0.1905,0.0098,0.3547,0.85,0.85,0.35,0.474999994039536,no_change,2026-08-21T16:05:58,0.0,0.0
SPXW,2026-08-27,6,Put,7880.0,SPXW260827P07880000,194.1,214.0,204.05,215.25,-9.95,-4.41829,1.0,2.0,0.0987,-0.9878,0.0004,0.3916,-0.1905,-0.8527,204.9569,215.25,215.25,215.25,225.199996948242,up,2026-08-21T09:58:17,0.0,0.0
SPXW,2026-08-27,6,Call,7885.0,SPXW260827C07885000,0.25,0.35,0.3,0.3,-0.125,-29.4118,219.0,154.0,0.0897,0.0111,0.0003,0.3641,-0.1764,0.009,0.3234,0.55,0.7,0.3,0.424999997019768,down,2026-08-21T16:01:40,0.0,0.0
SPXW,2026-08-27,6,Put,7885.0,SPXW260827P07885000,199.1,218.9,209.0,0.0,0.0,0.0,0.0,0.0,0.0984,-0.9889,0.0003,0.3641,-0.1764,-0.8541,209.9232,0.0,0.0,0.0,230.149993896484,no_change,,0.0,0.0
SPXW,2026-08-27,6,Call,7890.0,SPXW260827C07890000,0.2,0.3,0.25,0.25,-0.125,-33.3333,140.0,250.0,0.0905,0.0101,0.0003,0.339,-0.1637,0.0082,0.2958,0.54,0.6,0.25,0.375,no_change,2026-08-21T16:08:17,0.0,0.0
SPXW,2026-08-27,6,Put,7890.0,SPXW260827P07890000,202.0,225.9,213.95,225.09,-9.81,-4.17625,1.0,1.0,0.1016,-0.9898,0.0003,0.3395,-0.164,-0.8554,214.8937,225.09,225.09,225.09,234.900001525879,up,2026-08-21T09:58:17,0.0,0.0
SPXW,2026-08-27,6,Call,7895.0,SPXW260827C07895000,0.2,0.3,0.25,0.25,-0.1,-28.5714,96.0,138.0,0.0923,0.0094,0.0003,0.3173,-0.1531,0.0076,0.2729,0.44,0.5,0.25,0.350000008940697,no_change,2026-08-21T16:01:40,0.0,0.0
SPXW,2026-08-27,6,Put,7895.0,SPXW260827P07895000,207.0,230.8,218.9,0.0,0.0,0.0,0.0,0.0,0.1024,-0.9906,0.0003,0.3173,-0.1531,-0.8566,219.8679,0.0,0.0,0.0,240.050003051758,no_change,,0.0,0.0
SPXW,2026-08-27,6,Call,7900.0,SPXW260827C07900000,0.2,0.25,0.225,0.2,-0.125,-38.4615,161.0,431.0,0.0917,0.0086,0.0002,0.2974,-0.1434,0.007,0.2526,0.45,0.65,0.2,0.325000002980232,down,2026-08-21T16:13:35,0.0,0.0
SPXW,2026-08-27,6,Put,7900.0,SPXW260827P07900000,212.1,235.9,224.0,220.0,0.0,0.0,0.0,3.0,0.1102,-0.9913,0.0002,0.2974,-0.1434,-0.8578,224.8452,0.0,0.0,0.0,244.950004577637,up,2026-08-20T12:22:27,0.0,0.0
SPXW,2026-08-27,6,Call,7905.0,SPXW260827C07905000,0.15,0.25,0.2,0.2,-0.1,-33.3333,39.0,159.0,0.0935,0.008,0.0002,0.2794,-0.1349,0.0065,0.2348,0.55,0.55,0.2,0.299999997019768,down,2026-08-21T16:05:39,0.0,0.0
SPXW,2026-08-27,6,Put,7905.0,SPXW260827P07905000,216.9,240.7,228.8,0.0,0.0,0.0,0.0,0.0,0.1123,-0.9919,0.0002,0.2796,-0.135,-0.8588,229.8252,0.0,0.0,0.0,249.900009155273,no_change,,0.0,0.0
SPXW,2026-08-27,6,Call,7910.0,SPXW260827C07910000,0.15,0.25,0.2,0.15,-0.125,-45.4545,39.0,254.0,0.0953,0.0075,0.0002,0.2634,-0.1274,0.006,0.2194,0.47,0.47,0.15,0.275000005960464,down,2026-08-21T16:13:35,0.0,0.0
SPXW,2026-08-27,6,Put,7910.0,SPXW260827P07910000,221.9,242.1,232.0,0.0,0.0,0.0,0.0,0.0,0.1122,-0.9924,0.0002,0.2636,-0.1275,-0.8598,234.8074,0.0,0.0,0.0,254.900009155273,no_change,,0.0,0.0
SPXW,2026-08-27,6,Call,7915.0,SPXW260827C07915000,0.15,0.25,0.2,0.15,-0.1,-40.0,39.0,145.0,0.0956,0.007,0.0002,0.2488,-0.1207,0.0056,0.2058,0.3,0.3,0.15,0.250000007450581,down,2026-08-21T16:05:39,0.0,0.0
SPXW,2026-08-27,6,Put,7915.0,SPXW260827P07915000,226.9,250.7,238.8,0.0,0.0,0.0,0.0,0.0,0.1143,-0.9929,0.0002,0.2492,-0.1208,-0.8607,239.7916,0.0,0.0,0.0,259.850006103516,no_change,,0.0,0.0
SPXW,2026-08-27,6,Call,7920.0,SPXW260827C07920000,0.15,0.2,0.175,0.15,-0.1,-40.0,41.0,405.0,0.0973,0.0066,0.0002,0.2359,-0.1148,0.0053,0.1941,0.33,0.45,0.15,0.250000007450581,down,2026-08-21T16:05:39,0.0,0.0
SPXW,2026-08-27,6,Put,7920.0,SPXW260827P07920000,231.9,255.7,243.8,0.0,0.0,0.0,0.0,0.0,0.1163,-0.9934,0.0002,0.2362,-0.115,-0.8616,244.7774,0.0,0.0,0.0,264.650009155273,no_change,,0.0,0.0
SPXW,2026-08-27,6,Call,7925.0,SPXW260827C07925000,0.15,0.2,0.175,0.15,-0.075,-33.3333,59.0,293.0,0.099,0.0062,0.0002,0.2243,-0.1098,0.005,0.1839,0.3,0.37,0.15,0.225000001490116,down,2026-08-21T16:07:29,0.0,0.0
SPXW,2026-08-27,6,Put,7925.0,SPXW260827P07925000,237.0,260.8,248.9,0.0,0.0,0.0,0.0,0.0,0.1184,-0.9937,0.0002,0.2244,-0.1098,-0.8625,249.7647,0.0,0.0,0.0,269.75,no_change,,0.0,0.0
SPXW,2026-08-27,6,Call,7930.0,SPXW260827C07930000,0.1,0.2,0.15000000000000002,0.15,-0.05,-25.0,31.0,210.0,0.0991,0.0059,0.0002,0.2138,-0.1052,0.0047,0.175,0.25,0.25,0.15,0.200000002980232,down,2026-08-21T16:13:04,0.0,0.0
SPXW,2026-08-27,6,Put,7930.0,SPXW260827P07930000,241.9,265.7,253.8,0.0,0.0,0.0,0.0,0.0,0.1204,-0.9941,0.0002,0.2138,-0.1052,-0.8633,254.7532,0.0,0.0,0.0,274.699996948242,no_change,,0.0,0.0
SPXW,2026-08-27,6,Call,7935.0,SPXW260827C07935000,0.1,0.2,0.15000000000000002,0.15,-0.05,-25.0,11.0,174.0,0.1008,0.0056,0.0002,0.204,-0.1011,0.0045,0.1669,0.27,0.27,0.15,0.200000002980232,down,2026-08-21T16:13:35,0.0,0.0
SPXW,2026-08-27,6,Put,7935.0,SPXW260827P07935000,246.9,270.6,258.75,0.0,0.0,0.0,0.0,0.0,0.1225,-0.9944,0.0002,0.2041,-0.1012,-0.8641,259.7429,0.0,0.0,0.0,279.75,no_change,,0.0,0.0
SPXW,2026-08-27,6,Call,7940.0,SPXW260827C07940000,0.1,0.15,0.125,0.15,-0.05,-25.0,21.0,267.0,0.1025,0.0053,0.0001,0.1953,-0.0976,0.0042,0.1599,0.25,0.35,0.15,0.200000002980232,down,2026-08-21T15:55:01,0.0,0.0
SPXW,2026-08-27,6,Put,7940.0,SPXW260827P07940000,251.9,275.6,263.75,0.0,0.0,0.0,0.0,0.0,0.1245,-0.9946,0.0001,0.1954,-0.0976,-0.8649,264.7335,0.0,0.0,0.0,284.699996948242,no_change,,0.0,0.0
SPXW,2026-08-27,6,Call,7950.0,SPXW260827C07950000,0.1,0.2,0.15000000000000002,0.2,0.0,-1.49012e-06,38.0,485.0,0.1059,0.0048,0.0001,0.1802,-0.0916,0.0039,0.1483,0.25,0.3,0.17,0.200000002980232,no_change,2026-08-21T15:50:22,0.0,0.0
SPXW,2026-08-27,6,Put,7950.0,SPXW260827P07950000,261.8,285.7,273.75,0.0,0.0,0.0,0.0,0.0,0.1286,-0.9951,0.0001,0.1802,-0.0916,-0.8664,274.717,0.0,0.0,0.0,294.650009155273,no_change,,0.0,0.0
SPXW,2026-08-27,6,Call,7960.0,SPXW260827C07960000,0.1,0.2,0.15000000000000002,0.25,0.075,42.8571,19.0,83.0,0.1094,0.0044,0.0001,0.1672,-0.0866,0.0036,0.1388,0.2,0.25,0.2,0.175000004470348,up,2026-08-21T14:22:37,0.0,0.0
SPXW,2026-08-27,6,Put,7960.0,SPXW260827P07960000,271.8,295.7,283.75,0.0,0.0,0.0,0.0,0.0,0.1326,-0.9955,0.0001,0.1676,-0.0868,-0.8677,284.7031,0.0,0.0,0.0,304.600006103516,no_change,,0.0,0.0
SPXW,2026-08-27,6,Call,7970.0,SPXW260827C07970000,0.1,0.15,0.125,0.2,0.025,14.2857,6.0,156.0,0.1127,0.0042,0.0001,0.1568,-0.0829,0.0033,0.1316,0.24,0.25,0.2,0.175000004470348,down,2026-08-21T15:40:31,0.0,0.0
SPXW,2026-08-27,6,Put,7970.0,SPXW260827P07970000,281.8,301.8,291.8,0.0,0.0,0.0,0.0,0.0,0.1366,-0.9958,0.0001,0.157,-0.083,-0.8691,294.691,0.0,0.0,0.0,314.550003051758,no_change,,0.0,0.0
SPXW,2026-08-27,6,Call,7975.0,SPXW260827C07975000,0.1,0.15,0.125,0.2,0.05,33.3333,3.0,337.0,0.1144,0.004,0.0001,0.152,-0.0813,0.0032,0.1285,0.22,0.22,0.2,0.150000002235174,down,2026-08-21T09:55:18,0.0,0.0
SPXW,2026-08-27,6,Put,7975.0,SPXW260827P07975000,286.8,307.6,297.20000000000005,396.42,0.0,0.0,0.0,1.0,0.1386,-0.9959,0.0001,0.1523,-0.0814,-0.8697,299.6855,0.0,0.0,0.0,319.600006103516,down,2026-08-03T10:34:24,0.0,0.0
SPXW,2026-08-27,6,Call,7980.0,SPXW260827C07980000,0.05,0.15,0.1,0.25,0.1,66.6667,2.0,75.0,0.1139,0.0039,0.0001,0.1477,-0.0798,0.0031,0.1258,0.25,0.25,0.25,0.150000002235174,no_change,2026-08-21T11:39:58,0.0,0.0
SPXW,2026-08-27,6,Put,7980.0,SPXW260827P07980000,291.8,315.6,303.70000000000005,0.0,0.0,0.0,0.0,0.0,0.1407,-0.996,0.0001,0.148,-0.0799,-0.8704,304.6804,0.0,0.0,0.0,324.649993896484,no_change,,0.0,0.0
SPXW,2026-08-27,6,Call,7990.0,SPXW260827C07990000,0.05,0.15,0.1,0.25,0.1,66.6667,13.0,64.0,0.1146,0.0037,0.0001,0.1399,-0.0774,0.003,0.1211,0.25,0.25,0.25,0.150000002235174,no_change,2026-08-21T11:14:29,0.0,0.0
SPXW,2026-08-27,6,Put,7990.0,SPXW260827P07990000,301.8,324.9,313.35,0.0,0.0,0.0,0.0,0.0,0.1419,-0.9962,0.0001,0.1402,-0.0775,-0.8717,314.6708,0.0,0.0,0.0,334.550003051758,no_change,,0.0,0.0
SPXW,2026-08-27,6,Call,8000.0,SPXW260827C08000000,0.05,0.15,0.1,0.25,0.1,66.6667,51.0,3245.0,0.1178,0.0035,0.0001,0.1331,-0.0754,0.0028,0.1172,0.25,0.25,0.25,0.150000002235174,up,2026-08-21T12:35:47,0.0,0.0
SPXW,2026-08-27,6,Put,8000.0,SPXW260827P08000000,317.7,329.6,323.65,474.37,0.0,0.0,0.0,1500.0,0.1298,-0.9964,0.0001,0.1334,-0.0755,-0.8729,324.6622,0.0,0.0,0.0,344.850006103516,up,2026-07-22T15:56:49,0.0,0.0
SPXW,2026-08-27,6,Call,8010.0,SPXW260827C08010000,0.05,0.15,0.1,0.3,0.0,0.0,0.0,72.0,0.121,0.0033,0.0001,0.1272,-0.0738,0.0027,0.114,0.0,0.0,0.0,0.150000002235174,no_change,2026-08-19T15:20:17,0.0,0.0
SPXW,2026-08-27,6,Put,8010.0,SPXW260827P08010000,321.8,345.6,333.70000000000005,0.0,0.0,0.0,0.0,0.0,0.1497,-0.9966,0.0001,0.1274,-0.0738,-0.8741,334.6542,0.0,0.0,0.0,354.5,no_change,,0.0,0.0
SPXW,2026-08-27,6,Call,8025.0,SPXW260827C08025000,0.05,0.15,0.1,0.25,0.0,0.0,0.0,333.0,0.1257,0.0031,0.0001,0.1195,-0.0718,0.0025,0.1102,0.0,0.0,0.0,0.150000002235174,up,2026-08-19T15:43:35,0.0,0.0
SPXW,2026-08-27,6,Put,8025.0,SPXW260827P08025000,336.9,360.8,348.85,476.74,0.0,0.0,0.0,1.0,0.1556,-0.9968,0.0001,0.1196,-0.0718,-0.8759,349.6431,0.0,0.0,0.0,369.550003051758,down,2026-08-03T09:43:43,0.0,0.0
SPXW,2026-08-27,6,Call,8050.0,SPXW260827C08050000,0.05,0.15,0.1,0.2,0.0,0.0,0.0,1576.0,0.1336,0.0029,0.0001,0.109,-0.0694,0.0023,0.1053,0.0,0.0,0.0,0.150000002235174,down,2026-08-20T13:38:39,0.0,0.0
SPXW,2026-08-27,6,Put,8050.0,SPXW260827P08050000,361.8,385.7,373.75,0.0,0.0,0.0,0.0,0.0,0.1654,-0.9971,0.0001,0.109,-0.0694,-0.8789,374.6263,0.0,0.0,0.0,394.399993896484,no_change,,0.0,0.0
SPXW,2026-08-27,6,Call,8075.0,SPXW260827C08075000,0.05,0.15,0.1,0.15,0.0,-1.49012e-06,1.0,1265.0,0.1414,0.0026,0.0001,0.1001,-0.0674,0.0021,0.1014,0.15,0.15,0.15,0.150000002235174,down,2026-08-21T09:55:18,0.0,0.0
SPXW,2026-08-27,6,Put,8075.0,SPXW260827P08075000,386.8,410.6,398.70000000000005,0.0,0.0,0.0,0.0,0.0,0.175,-0.9973,0.0001,0.1004,-0.0676,-0.8818,399.6108,0.0,0.0,0.0,419.5,no_change,,0.0,0.0
SPXW,2026-08-27,6,Call,8100.0,SPXW260827C08100000,0.05,0.15,0.1,0.12,0.0,0.0,0.0,2496.0,0.1492,0.0024,0.0,0.093,-0.0661,0.002,0.0986,0.0,0.0,0.0,0.150000002235174,down,2026-08-20T15:59:02,0.0,0.0
SPXW,2026-08-27,6,Put,8100.0,SPXW260827P08100000,411.7,435.6,423.65,352.81,0.0,0.0,0.0,2.0,0.1846,-0.9975,0.0,0.0932,-0.0663,-0.8847,424.596,0.0,0.0,0.0,444.449996948242,down,2026-08-04T15:59:26,0.0,0.0
SPXW,2026-08-27,6,Call,8125.0,SPXW260827C08125000,0.05,0.15,0.1,0.27,0.0,0.0,0.0,132.0,0.1569,0.0023,0.0,0.0868,-0.065,0.0018,0.0963,0.0,0.0,0.0,0.12500000372529,down,2026-08-19T14:02:06,0.0,0.0
SPXW,2026-08-27,6,Put,8125.0,SPXW260827P08125000,436.7,460.6,448.65,329.02,0.0,0.0,0.0,1.0,0.1942,-0.9976,0.0,0.087,-0.0651,-0.8876,449.5816,0.0,0.0,0.0,469.099990844727,up,2026-08-14T11:08:41,0.0,0.0
SPXW,2026-08-27,6,Call,8150.0,SPXW260827C08150000,0.05,0.15,0.1,0.2,0.0,0.0,0.0,226.0,0.1645,0.0022,0.0,0.0815,-0.064,0.0017,0.0942,0.0,0.0,0.0,0.100000003352761,no_change,2026-08-19T14:59:01,0.0,0.0
SPXW,2026-08-27,6,Put,8150.0,SPXW260827P08150000,461.7,485.5,473.6,0.0,0.0,0.0,0.0,0.0,0.1999,-0.9978,0.0,0.0817,-0.0642,-0.8904,474.5676,0.0,0.0,0.0,494.349990844727,no_change,,0.0,0.0
SPXW,2026-08-27,6,Call,8175.0,SPXW260827C08175000,0.05,0.15,0.1,0.15,0.05,50.0,2.0,164.0,0.1721,0.002,0.0,0.0768,-0.0631,0.0016,0.0924,0.15,0.15,0.15,0.100000003352761,no_change,2026-08-21T12:09:07,0.0,0.0
SPXW,2026-08-27,6,Put,8175.0,SPXW260827P08175000,486.7,510.3,498.5,0.0,0.0,0.0,0.0,0.0,0.2093,-0.9979,0.0,0.0769,-0.0633,-0.8932,499.5538,0.0,0.0,0.0,519.299987792969,no_change,,0.0,0.0
SPXW,2026-08-27,6,Call,8200.0,SPXW260827C08200000,0.05,0.15,0.1,0.5,0.0,0.0,0.0,133.0,0.1796,0.0019,0.0,0.0726,-0.0623,0.0015,0.0907,0.0,0.0,0.0,0.100000003352761,down,2026-08-14T13:20:19,0.0,0.0
SPXW,2026-08-27,6,Put,8200.0,SPXW260827P08200000,511.7,531.8,521.75,619.58,0.0,0.0,0.0,1.0,0.2186,-0.998,0.0,0.0727,-0.0625,-0.8961,524.5402,0.0,0.0,0.0,544.399993896484,down,2026-08-03T10:34:24,0.0,0.0
SPXW,2026-08-27,6,Call,8225.0,SPXW260827C08225000,0.05,0.15,0.1,1.32,0.0,0.0,0.0,100.0,0.1872,0.0018,0.0,0.0688,-0.0616,0.0014,0.0891,0.0,0.0,0.0,0.100000003352761,no_change,2026-08-07T13:00:37,0.0,0.0
SPXW,2026-08-27,6,Put,8225.0,SPXW260827P08225000,536.7,560.4,548.55,0.0,0.0,0.0,0.0,0.0,0.2279,-0.9981,0.0,0.0689,-0.0617,-0.8989,549.5266,0.0,0.0,0.0,569.350006103516,no_change,,0.0,0.0
SPXW,2026-08-27,6,Call,8250.0,SPXW260827C08250000,0.05,0.15,0.1,0.15,0.0,0.0,0.0,7.0,0.1945,0.0018,0.0,0.0654,-0.061,0.0014,0.0878,0.0,0.0,0.0,0.100000003352761,no_change,2026-08-20T13:46:46,0.0,0.0
SPXW,2026-08-27,6,Put,8250.0,SPXW260827P08250000,561.6,585.4,573.5,523.06,0.0,0.0,0.0,1.0,0.2371,-0.9982,0.0,0.0654,-0.061,-0.9017,574.5132,0.0,0.0,0.0,594.25,down,2026-08-19T09:46:03,0.0,0.0
SPXW,2026-08-27,6,Call,8275.0,SPXW260827C08275000,0.05,0.15,0.1,0.35,0.0,0.0,0.0,1.0,0.2019,0.0017,0.0,0.0623,-0.0603,0.0013,0.0863,0.0,0.0,0.0,0.100000003352761,down,2026-08-14T14:00:44,0.0,0.0
SPXW,2026-08-27,6,Put,8275.0,SPXW260827P08275000,586.6,610.4,598.5,0.0,0.0,0.0,0.0,0.0,0.2463,-0.9983,0.0,0.0623,-0.0603,-0.9045,599.4998,0.0,0.0,0.0,619.25,no_change,,0.0,0.0
SPXW,2026-08-27,6,Call,8300.0,SPXW260827C08300000,0.05,0.1,0.07500000000000001,0.95,0.0,0.0,0.0,5.0,0.2092,0.0016,0.0,0.0593,-0.0596,0.0013,0.0849,0.0,0.0,0.0,0.100000003352761,up,2026-08-13T10:15:59,0.0,0.0
SPXW,2026-08-27,6,Put,8300.0,SPXW260827P08300000,611.6,635.6,623.6,503.2,0.0,0.0,0.0,1.0,0.2555,-0.9983,0.0,0.0593,-0.0596,-0.9073,624.4864,0.0,0.0,0.0,644.200012207031,down,2026-08-14T11:08:41,0.0,0.0
SPXW,2026-08-27,6,Call,8325.0,SPXW260827C08325000,0.05,0.1,0.07500000000000001,0.0,0.0,0.0,0.0,0.0,0.2165,0.0015,0.0,0.0566,-0.0588,0.0012,0.0836,0.0,0.0,0.0,0.100000003352761,no_change,,0.0,0.0
SPXW,2026-08-27,6,Put,8325.0,SPXW260827P08325000,636.6,660.3,648.45,0.0,0.0,0.0,0.0,0.0,0.2599,-0.9984,0.0,0.0566,-0.0588,-0.9101,649.4731,0.0,0.0,0.0,669.200012207031,no_change,,0.0,0.0
SPXW,2026-08-27,6,Call,8400.0,SPXW260827C08400000,0.0,0.1,0.05,0.75,0.0,0.0,0.0,11.0,0.2324,0.0013,0.0,0.0497,-0.0567,0.0011,0.0796,0.0,0.0,0.0,0.100000003352761,no_change,2026-08-06T10:04:57,0.0,0.0
SPXW,2026-08-27,6,Put,8400.0,SPXW260827P08400000,711.6,735.4,723.5,672.81,0.0,0.0,0.0,1.0,0.2868,-0.9986,0.0,0.0497,-0.0567,-0.9184,724.4333,0.0,0.0,0.0,744.200012207031,down,2026-08-19T09:46:03,0.0,0.0
SPXW,2026-08-27,6,Call,8500.0,SPXW260827C08500000,0.0,0.1,0.05,0.08,0.005,6.66667,1.0,90.0,0.2603,0.0011,0.0,0.0423,-0.0538,0.0009,0.0743,0.08,0.08,0.08,0.0750000011175871,down,2026-08-21T15:42:35,0.0,0.0
SPXW,2026-08-27,6,Put,8500.0,SPXW260827P08500000,811.5,835.2,823.35,0.0,0.0,0.0,0.0,0.0,0.3167,-0.9988,0.0,0.0424,-0.0539,-0.9295,824.3804,0.0,0.0,0.0,844.049987792969,no_change,,0.0,0.0
SPXW,2026-08-27,6,Call,8600.0,SPXW260827C08600000,0.0,0.1,0.05,0.05,-0.025,-33.3333,1.0,55.0,0.2784,0.001,0.0,0.0365,-0.051,0.0008,0.0696,0.05,0.05,0.05,0.0750000011175871,no_change,2026-08-21T15:42:35,0.0,0.0
SPXW,2026-08-27,6,Put,8600.0,SPXW260827P08600000,911.5,935.3,923.4,0.0,0.0,0.0,0.0,0.0,0.3515,-0.9989,0.0,0.0365,-0.051,-0.9406,924.3277,0.0,0.0,0.0,944.0,no_change,,0.0,0.0
SPXW,2026-08-27,6,Call,8800.0,SPXW260827C08800000,0.0,0.1,0.05,0.05,0.0,0.0,0.0,101.0,0.3298,0.0007,0.0,0.0276,-0.045,0.0006,0.0599,0.0,0.0,0.0,0.0750000011175871,no_change,2026-08-20T16:10:50,0.0,0.0
SPXW,2026-08-27,6,Put,8800.0,SPXW260827P08800000,1111.4,1135.2,1123.3000000000002,0.0,0.0,0.0,0.0,0.0,0.4134,-0.9992,0.0,0.0276,-0.045,-0.9627,1124.2226,0.0,0.0,0.0,1143.95001220703,no_change,,0.0,0.0
SPXW,2026-08-27,6,Call,9000.0,SPXW260827C09000000,0.0,0.05,0.025,0.13,0.0,0.0,0.0,3.0,0.3616,0.0006,0.0,0.0212,-0.0387,0.0004,0.0505,0.0,0.0,0.0,0.0500000007450581,up,2026-08-12T14:06:16,0.0,0.0
SPXW,2026-08-27,6,Put,9000.0,SPXW260827P09000000,1311.3,1335.2,1323.25,0.0,0.0,0.0,0.0,0.0,0.4727,-0.9994,0.0,0.0212,-0.0388,-0.9847,1324.1176,0.0,0.0,0.0,1343.45001220703,no_change,,0.0,0.0
SPXW,2026-08-27,6,Call,9200.0,SPXW260827C09200000,0.0,0.05,0.025,0.05,0.0,0.0,0.0,7.0,0.4275,0.0004,0.0,0.0161,-0.0324,0.0003,0.0414,0.0,0.0,0.0,0.025000000372529,down,2026-08-14T11:33:47,0.0,0.0
SPXW,2026-08-27,6,Put,9200.0,SPXW260827P09200000,1511.2,1531.9,1521.5500000000002,0.0,0.0,0.0,0.0,0.0,0.5299,-0.9995,0.0,0.0161,-0.0324,-1.0067,1524.0128,0.0,0.0,0.0,1543.29998779297,no_change,,0.0,0.0
SPXW,2026-08-27,6,Call,9400.0,SPXW260827C09400000,0.0,0.05,0.025,0.05,0.0,0.0,0.0,7.0,0.4524,0.0003,0.0,0.0121,-0.026,0.0002,0.0326,0.0,0.0,0.0,0.0500000007450581,down,2026-08-13T12:35:40,0.0,0.0
SPXW,2026-08-27,6,Put,9400.0,SPXW260827P09400000,1711.1,1731.6,1721.35,0.0,0.0,0.0,0.0,0.0,0.5851,-0.9996,0.0,0.0121,-0.026,-1.0287,1723.9085,0.0,0.0,0.0,1743.20001220703,no_change,,0.0,0.0
SPXW,2026-08-27,6,Call,9600.0,SPXW260827C09600000,0.0,0.05,0.025,0.0,0.0,0.0,0.0,0.0,0.4958,0.0002,0.0,0.0088,-0.0199,0.0002,0.0244,0.0,0.0,0.0,0.025000000372529,no_change,,0.0,0.0
SPXW,2026-08-27,6,Put,9600.0,SPXW260827P09600000,1911.0,1934.5,1922.75,0.0,0.0,0.0,0.0,0.0,0.6385,-0.9997,0.0,0.0088,-0.0199,-1.0507,1923.8048,0.0,0.0,0.0,1942.89996337891,no_change,,0.0,0.0
SPXW,2026-08-27,6,Call,9800.0,SPXW260827C09800000,0.0,0.05,0.025,0.0,0.0,0.0,0.0,0.0,0.5381,0.0001,0.0,0.0061,-0.0144,0.0001,0.0172,0.0,0.0,0.0,0.025000000372529,no_change,,0.0,0.0
SPXW,2026-08-27,6,Put,9800.0,SPXW260827P09800000,2110.9,2134.8,2122.8500000000004,0.0,0.0,0.0,0.0,0.0,0.7004,-0.9998,0.0,0.0061,-0.0144,-1.0726,2123.702,0.0,0.0,0.0,2142.84997558594,no_change,,0.0,0.0
SPXW,2026-08-27,6,Call,10000.0,SPXW260827C10000000,0.0,0.05,0.025,0.0,0.0,0.0,0.0,0.0,0.5794,0.0001,0.0,0.0041,-0.0096,0.0001,0.0113,0.0,0.0,0.0,0.025000000372529,no_change,,0.0,0.0
SPXW,2026-08-27,6,Put,10000.0,SPXW260827P10000000,2310.8,2334.4,2322.6000000000004,0.0,0.0,0.0,0.0,0.0,0.7513,-0.9998,0.0,0.0041,-0.0096,-1.0946,2323.6006,0.0,0.0,0.0,2342.75,no_change,,0.0,0.0
SPXW,2026-08-28,7,Call,2400.0,SPXW260828C02400000,5263.0,5286.5,5274.75,0.0,0.0,0.0,0.0,0.0,2.6152,0.9999,0.0,0.0013,-0.0121,0.4596,5272.8726,0.0,0.0,0.0,5252.0,no_change,,0.0,0.0
SPXW,2026-08-28,7,Put,2400.0,SPXW260828P02400000,0.0,0.05,0.025,0.0,0.0,0.0,0.0,0.0,2.2512,0.0,0.0,0.0013,-0.0121,0.0,0.0153,0.0,0.0,0.0,0.025000000372529,no_change,,0.0,0.0
SPXW,2026-08-28,7,Call,2600.0,SPXW260828C02600000,5062.7,5086.5,5074.6,0.0,0.0,0.0,0.0,0.0,2.3827,0.9999,0.0,0.0014,-0.0124,0.4979,5073.0404,0.0,0.0,0.0,5052.44995117188,no_change,,0.0,0.0
SPXW,2026-08-28,7,Put,2600.0,SPXW260828P02600000,0.0,0.05,0.025,0.0,0.0,0.0,0.0,0.0,2.0999,0.0,0.0,0.0014,-0.0124,0.0,0.0159,0.0,0.0,0.0,0.025000000372529,no_change,,0.0,0.0
SPXW,2026-08-28,7,Call,2800.0,SPXW260828C02800000,4863.8,4886.8,4875.3,0.0,0.0,0.0,0.0,0.0,2.253,0.9999,0.0,0.0016,-0.0129,0.5362,4873.2082,0.0,0.0,0.0,4852.7001953125,no_change,,0.0,0.0
SPXW,2026-08-28,7,Put,2800.0,SPXW260828P02800000,0.0,0.05,0.025,0.0,0.0,0.0,0.0,0.0,1.9598,0.0,0.0,0.0016,-0.0129,0.0,0.0165,0.0,0.0,0.0,0.025000000372529,no_change,,0.0,0.0
SPXW,2026-08-28,7,Call,3000.0,SPXW260828C03000000,4663.0,4687.0,4675.0,0.0,0.0,0.0,0.0,0.0,2.0455,0.9999,0.0,0.0018,-0.0135,0.5745,4673.3762,0.0,0.0,0.0,4653.0,no_change,,0.0,0.0
SPXW,2026-08-28,7,Put,3000.0,SPXW260828P03000000,0.0,0.05,0.025,0.05,0.0,0.0,0.0,27.0,1.8295,0.0,0.0,0.0018,-0.0134,-0.0001,0.0172,0.0,0.0,0.0,0.025000000372529,down,2026-08-04T09:35:14,0.0,0.0
SPXW,2026-08-28,7,Call,3200.0,SPXW260828C03200000,4467.5,4487.1,4477.3,0.0,0.0,0.0,0.0,0.0,1.9392,0.9998,0.0,0.002,-0.0141,0.6128,4473.5443,0.0,0.0,0.0,4452.90014648438,no_change,,0.0,0.0
SPXW,2026-08-28,7,Put,3200.0,SPXW260828P03200000,0.0,0.05,0.025,0.1,0.0,0.0,0.0,20.0,1.7076,0.0,0.0,0.002,-0.0141,-0.0001,0.0181,0.0,0.0,0.0,0.025000000372529,no_change,2026-07-31T15:59:39,0.0,0.0
SPXW,2026-08-28,7,Call,3400.0,SPXW260828C03400000,4263.6,4287.3,4275.450000000001,0.0,0.0,0.0,0.0,0.0,1.8337,0.9998,0.0,0.0022,-0.0149,0.6511,4273.7126,0.0,0.0,0.0,4253.0,no_change,,0.0,0.0
SPXW,2026-08-28,7,Put,3400.0,SPXW260828P03400000,0.0,0.05,0.025,0.05,0.0,0.0,0.0,38.0,1.5931,0.0,0.0,0.0022,-0.0148,-0.0001,0.0192,0.0,0.0,0.0,0.025000000372529,down,2026-08-03T14:57:09,0.0,0.0
SPXW,2026-08-28,7,Call,3600.0,SPXW260828C03600000,4063.7,4087.4,4075.55,0.0,0.0,0.0,0.0,0.0,1.6616,0.9998,0.0,0.0025,-0.0158,0.6894,4073.8811,0.0,0.0,0.0,4053.45007324219,no_change,,0.0,0.0
SPXW,2026-08-28,7,Put,3600.0,SPXW260828P03600000,0.0,0.05,0.025,0.17,0.0,0.0,0.0,242.0,1.4852,-0.0001,0.0,0.0025,-0.0158,-0.0001,0.0205,0.0,0.0,0.0,0.025000000372529,no_change,2026-07-30T15:04:37,0.0,0.0
SPXW,2026-08-28,7,Call,3800.0,SPXW260828C03800000,3863.6,3887.3,3875.45,0.0,0.0,0.0,0.0,0.0,1.5723,0.9998,0.0,0.0029,-0.0169,0.7276,3874.0499,0.0,0.0,0.0,3853.40002441406,no_change,,0.0,0.0
SPXW,2026-08-28,7,Put,3800.0,SPXW260828P03800000,0.0,0.05,0.025,0.1,0.0,0.0,0.0,145.0,1.3829,-0.0001,0.0,0.0029,-0.0168,-0.0001,0.022,0.0,0.0,0.0,0.025000000372529,down,2026-08-03T09:47:11,0.0,0.0
SPXW,2026-08-28,7,Call,4000.0,SPXW260828C04000000,3668.1,3687.8,3677.95,0.0,0.0,0.0,0.0,0.0,1.4114,0.9998,0.0,0.0033,-0.0182,0.7659,3674.2189,0.0,0.0,0.0,3653.65002441406,no_change,,0.0,0.0
SPXW,2026-08-28,7,Put,4000.0,SPXW260828P04000000,0.0,0.05,0.025,0.1,0.0,0.0,0.0,81.0,1.2859,-0.0001,0.0,0.0033,-0.0181,-0.0001,0.0239,0.0,0.0,0.0,0.025000000372529,no_change,2026-08-05T10:40:46,0.0,0.0
SPXW,2026-08-28,7,Call,4200.0,SPXW260828C04200000,3467.0,3487.9,3477.45,0.0,0.0,0.0,0.0,0.0,1.3366,0.9998,0.0,0.0038,-0.0197,0.8042,3474.3884,0.0,0.0,0.0,3453.90002441406,no_change,,0.0,0.0
SPXW,2026-08-28,7,Put,4200.0,SPXW260828P04200000,0.0,0.05,0.025,0.05,0.0,0.0,0.0,1069.0,1.1934,-0.0001,0.0,0.0038,-0.0196,-0.0001,0.0261,0.0,0.0,0.0,0.025000000372529,no_change,2026-08-19T12:59:31,0.0,0.0
SPXW,2026-08-28,7,Call,4400.0,SPXW260828C04400000,3264.2,3288.1,3276.1499999999996,0.0,0.0,0.0,0.0,0.0,1.1813,0.9998,0.0,0.0045,-0.0216,0.8425,3274.5582,0.0,0.0,0.0,3254.09997558594,no_change,,0.0,0.0
SPXW,2026-08-28,7,Put,4400.0,SPXW260828P04400000,0.0,0.05,0.025,0.05,0.0,0.0,0.0,624.0,1.1052,-0.0001,0.0,0.0045,-0.0215,-0.0001,0.0288,0.0,0.0,0.0,0.025000000372529,no_change,2026-08-12T12:13:11,0.0,0.0
SPXW,2026-08-28,7,Call,4600.0,SPXW260828C04600000,3068.6,3088.2,3078.3999999999996,3124.86,0.0,0.0,0.0,1.0,1.121,0.9998,0.0,0.0053,-0.0238,0.8808,3074.7287,0.0,0.0,0.0,3054.29992675781,up,2026-08-19T09:33:56,0.0,0.0
SPXW,2026-08-28,7,Put,4600.0,SPXW260828P04600000,0.0,0.05,0.025,0.05,0.0,0.0,0.0,1180.0,1.0207,-0.0001,0.0,0.0053,-0.0237,-0.0002,0.032,0.0,0.0,0.0,0.025000000372529,no_change,2026-08-13T15:50:26,0.0,0.0
SPXW,2026-08-28,7,Call,4800.0,SPXW260828C04800000,2864.7,2888.4,2876.55,0.0,0.0,0.0,0.0,0.0,0.9616,0.9997,0.0,0.0063,-0.0265,0.919,2874.9,0.0,0.0,0.0,2854.59997558594,no_change,,0.0,0.0
SPXW,2026-08-28,7,Put,4800.0,SPXW260828P04800000,0.0,0.05,0.025,0.05,0.0,0.0,0.0,722.0,0.982,-0.0001,0.0,0.0063,-0.0265,-0.0002,0.0361,0.0,0.0,0.0,0.025000000372529,no_change,2026-08-18T15:24:04,0.0,0.0
SPXW,2026-08-28,7,Call,5000.0,SPXW260828C05000000,2664.6,2688.5,2676.55,2781.91,0.0,0.0,0.0,3.0,0.9208,0.9997,0.0,0.0076,-0.0299,0.9573,2675.0723,0.0,0.0,0.0,2655.09997558594,up,2026-08-14T13:42:19,0.0,0.0
SPXW,2026-08-28,7,Put,5000.0,SPXW260828P05000000,0.0,0.05,0.025,0.05,0.0,0.0,0.0,764.0,0.9009,-0.0002,0.0,0.0076,-0.0298,-0.0003,0.0411,0.0,0.0,0.0,0.0500000007450581,no_change,2026-08-18T09:51:04,0.0,0.0
SPXW,2026-08-28,7,Call,5200.0,SPXW260828C05200000,2468.5,2488.7,2478.6,0.0,0.0,0.0,0.0,0.0,0.6798,0.9997,0.0,0.0093,-0.0341,0.9955,2475.2458,0.0,0.0,0.0,2455.05004882812,no_change,,0.0,0.0
SPXW,2026-08-28,7,Put,5200.0,SPXW260828P05200000,0.0,0.05,0.025,0.05,0.0,-1.49012e-06,1.0,394.0,0.8227,-0.0002,0.0,0.0093,-0.034,-0.0003,0.0475,0.05,0.05,0.05,0.0500000007450581,no_change,2026-08-21T15:44:35,0.0,0.0
SPXW,2026-08-28,7,Call,5400.0,SPXW260828C05400000,2264.9,2288.8,2276.8500000000004,2006.12,0.0,0.0,0.0,3.0,0.729,0.9996,0.0,0.0116,-0.0393,1.0337,2275.4213,0.0,0.0,0.0,2255.29992675781,up,2026-07-30T09:48:10,0.0,0.0
SPXW,2026-08-28,7,Put,5400.0,SPXW260828P05400000,0.0,0.1,0.05,0.05,-0.025,-33.3333,4444.0,517.0,0.7472,-0.0003,0.0,0.0116,-0.0392,-0.0004,0.0556,0.05,0.07,0.05,0.0750000011175871,no_change,2026-08-21T15:06:48,0.0,0.0
SPXW,2026-08-28,7,Call,5500.0,SPXW260828C05500000,2165.0,2186.9,2175.95,0.0,0.0,0.0,0.0,0.0,0.7112,0.9996,0.0,0.013,-0.0425,1.0528,2175.5099,0.0,0.0,0.0,2155.80004882812,no_change,,0.0,0.0
SPXW,2026-08-28,7,Put,5500.0,SPXW260828P05500000,0.0,0.1,0.05,0.05,-0.025,-33.3333,356.0,73.0,0.7103,-0.0003,0.0,0.013,-0.0424,-0.0005,0.0606,0.05,0.05,0.05,0.0750000011175871,no_change,2026-08-21T13:00:40,0.0,0.0
SPXW,2026-08-28,7,Call,5600.0,SPXW260828C05600000,2065.2,2089.0,2077.1,2110.4,0.0,0.0,0.0,1.0,0.6883,0.9995,0.0,0.0147,-0.0461,1.0719,2075.5992,0.0,0.0,0.0,2055.55004882812,down,2026-08-18T09:37:27,0.0,0.0
SPXW,2026-08-28,7,Put,5600.0,SPXW260828P05600000,0.0,0.1,0.05,0.07,-0.005,-6.66667,117.0,5930.0,0.6741,-0.0004,0.0,0.0147,-0.046,-0.0005,0.0663,0.05,0.07,0.05,0.0750000011175871,no_change,2026-08-21T13:51:44,0.0,0.0
SPXW,2026-08-28,7,Call,5700.0,SPXW260828C05700000,1968.3,1989.1,1978.6999999999998,2006.71,0.0,0.0,0.0,2.0,0.6624,0.9995,0.0,0.0167,-0.0502,1.091,1975.6894,0.0,0.0,0.0,1955.70001220703,down,2026-08-18T14:46:27,0.0,0.0
SPXW,2026-08-28,7,Put,5700.0,SPXW260828P05700000,0.05,0.1,0.07500000000000001,0.1,0.0,-3.35276e-06,11.0,192.0,0.6571,-0.0004,0.0,0.0167,-0.0501,-0.0006,0.0729,0.07,0.1,0.07,0.100000003352761,up,2026-08-21T15:02:04,0.0,0.0
SPXW,2026-08-28,7,Call,5800.0,SPXW260828C05800000,1865.3,1889.2,1877.25,1979.17,0.0,0.0,0.0,1.0,0.433,0.9994,0.0,0.0191,-0.0549,1.11,1875.7807,0.0,0.0,0.0,1855.79998779297,down,2026-08-17T12:20:13,0.0,0.0
SPXW,2026-08-28,7,Put,5800.0,SPXW260828P05800000,0.05,0.1,0.07500000000000001,0.05,-0.075,-60.0,2.0,5050.0,0.6345,-0.0005,0.0,0.0191,-0.0548,-0.0007,0.0806,0.1,0.1,0.05,0.12500000372529,down,2026-08-21T16:08:41,0.0,0.0
SPXW,2026-08-28,7,Call,5900.0,SPXW260828C05900000,1765.4,1789.3,1777.35,1515.41,0.0,0.0,0.0,1.0,0.5286,0.9993,0.0,0.022,-0.0604,1.1291,1775.8733,0.0,0.0,0.0,1755.95001220703,up,2026-07-30T09:50:49,0.0,0.0
SPXW,2026-08-28,7,Put,5900.0,SPXW260828P05900000,0.05,0.1,0.07500000000000001,0.1,-0.05,-33.3333,1017.0,1046.0,0.5982,-0.0006,0.0,0.0219,-0.0602,-0.0008,0.0896,0.1,0.1,0.1,0.150000002235174,no_change,2026-08-21T12:40:33,0.0,0.0
SPXW,2026-08-28,7,Call,5950.0,SPXW260828C05950000,1719.7,1739.3,1729.5,0.0,0.0,0.0,0.0,0.0,0.5677,0.9993,0.0,0.0236,-0.0634,1.1386,1725.9202,0.0,0.0,0.0,1706.0,no_change,,0.0,0.0
SPXW,2026-08-28,7,Put,5950.0,SPXW260828P05950000,0.05,0.1,0.07500000000000001,0.1,-0.05,-33.3333,4955.0,1317.0,0.5803,-0.0006,0.0,0.0236,-0.0632,-0.0009,0.0947,0.1,0.15,0.1,0.150000002235174,no_change,2026-08-21T15:54:11,0.0,0.0
SPXW,2026-08-28,7,Call,6000.0,SPXW260828C06000000,1670.2,1684.7,1677.45,1721.11,0.0,0.0,0.0,1676.0,0.6301,0.9992,0.0,0.0254,-0.0667,1.1481,1675.9675,0.0,0.0,0.0,1655.89996337891,up,2026-08-06T15:28:02,0.0,0.0
SPXW,2026-08-28,7,Put,6000.0,SPXW260828P06000000,0.05,0.15,0.1,0.1,-0.05,-33.3333,18158.0,2191.0,0.5625,-0.0007,0.0,0.0253,-0.0665,-0.0009,0.1002,0.12,0.15,0.1,0.150000002235174,no_change,2026-08-21T16:07:25,0.0,0.0
SPXW,2026-08-28,7,Call,6050.0,SPXW260828C06050000,1615.8,1639.4,1627.6,1636.96,30.41,1.89288,1.0,0.0,0.541,0.9992,0.0,0.0273,-0.0702,1.1576,1626.0154,1636.96,1636.96,1636.96,1606.54998779297,up,2026-08-21T12:10:17,0.0,0.0
SPXW,2026-08-28,7,Put,6050.0,SPXW260828P06050000,0.05,0.15,0.1,0.15,-0.05,-25.0,521.0,722.0,0.5448,-0.0007,0.0,0.0273,-0.07,-0.001,0.1062,0.15,0.15,0.15,0.200000002980232,no_change,2026-08-21T15:24:48,0.0,0.0
SPXW,2026-08-28,7,Call,6100.0,SPXW260828C06100000,1569.9,1589.5,1579.7,1586.98,30.68,1.97134,1.0,8.0,0.5003,0.9991,0.0,0.0295,-0.074,1.1671,1576.0637,1586.98,1586.98,1586.98,1556.29998779297,down,2026-08-21T12:10:17,0.0,0.0
SPXW,2026-08-28,7,Put,6100.0,SPXW260828P06100000,0.1,0.15,0.125,0.13,-0.07,-35.0,206.0,50438.0,0.5366,-0.0008,0.0,0.0295,-0.0739,-0.0011,0.1127,0.15,0.15,0.13,0.200000002980232,no_change,2026-08-21T14:57:23,0.0,0.0
SPXW,2026-08-28,7,Call,6125.0,SPXW260828C06125000,1540.5,1564.5,1552.5,0.0,0.0,0.0,0.0,0.0,0.4736,0.9991,0.0,0.0307,-0.076,1.1718,1551.0881,0.0,0.0,0.0,0.0,no_change,,0.0,0.0
SPXW,2026-08-28,7,Put,6125.0,SPXW260828P06125000,0.1,0.15,0.125,0.0,0.0,0.0,0.0,0.0,0.5356,-0.0008,0.0,0.0307,-0.0759,-0.0012,0.1162,0.0,0.0,0.0,0.0,no_change,,0.0,0.0
SPXW,2026-08-28,7,Call,6150.0,SPXW260828C06150000,1515.9,1539.5,1527.7,1520.83,14.58,0.967967,1.0,3.0,0.5127,0.999,0.0,0.032,-0.0782,1.1765,1526.1127,1520.83,1520.83,1520.83,1506.25,down,2026-08-21T10:14:41,0.0,0.0
SPXW,2026-08-28,7,Put,6150.0,SPXW260828P06150000,0.1,0.15,0.125,0.15,-0.05,-25.0,201.0,3306.0,0.5267,-0.0008,0.0,0.032,-0.078,-0.0012,0.1199,0.2,0.2,0.15,0.200000002980232,no_change,2026-08-21T15:36:30,0.0,0.0
SPXW,2026-08-28,7,Call,6175.0,SPXW260828C06175000,1490.7,1514.5,1502.6,0.0,0.0,0.0,0.0,0.0,0.4956,0.999,0.0,0.0333,-0.0804,1.1813,1501.1375,0.0,0.0,0.0,1482.10003662109,no_change,,0.0,0.0
SPXW,2026-08-28,7,Put,6175.0,SPXW260828P06175000,0.1,0.15,0.125,0.24,0.0,0.0,0.0,28.0,0.5177,-0.0009,0.0,0.0333,-0.0802,-0.0013,0.1237,0.0,0.0,0.0,0.250000007450581,down,2026-08-17T13:21:04,0.0,0.0
SPXW,2026-08-28,7,Call,6200.0,SPXW260828C06200000,1470.0,1489.6,1479.8,1503.51,0.0,0.0,0.0,4.0,0.477,0.999,0.0,0.0347,-0.0827,1.186,1476.1624,0.0,0.0,0.0,1456.45001220703,no_change,2026-08-18T11:12:38,0.0,0.0
SPXW,2026-08-28,7,Put,6200.0,SPXW260828P06200000,0.1,0.15,0.125,0.2,-0.05,-20.0,4017.0,54007.0,0.5088,-0.0009,0.0,0.0347,-0.0825,-0.0013,0.1278,0.15,0.2,0.15,0.250000007450581,no_change,2026-08-21T15:13:28,0.0,0.0
SPXW,2026-08-28,7,Call,6225.0,SPXW260828C06225000,1443.9,1464.6,1454.25,0.0,0.0,0.0,0.0,0.0,0.4557,0.9989,0.0,0.0362,-0.0851,1.1907,1451.1876,0.0,0.0,0.0,1431.80004882812,no_change,,0.0,0.0
SPXW,2026-08-28,7,Put,6225.0,SPXW260828P06225000,0.1,0.15,0.125,0.15,-0.1,-40.0,430.0,89.0,0.5,-0.001,0.0,0.0362,-0.0849,-0.0014,0.132,0.2,0.2,0.15,0.250000007450581,down,2026-08-21T14:50:49,0.0,0.0
SPXW,2026-08-28,7,Call,6250.0,SPXW260828C06250000,1420.5,1439.6,1430.05,0.0,0.0,0.0,0.0,0.0,0.4835,0.9989,0.0,0.0378,-0.0876,1.1955,1426.2129,0.0,0.0,0.0,1406.45001220703,no_change,,0.0,0.0
SPXW,2026-08-28,7,Put,6250.0,SPXW260828P06250000,0.1,0.2,0.15000000000000002,0.15,-0.1,-40.0,2.0,397.0,0.4911,-0.001,0.0,0.0377,-0.0874,-0.0014,0.1364,0.15,0.15,0.15,0.250000007450581,down,2026-08-21T16:04:51,0.0,0.0
SPXW,2026-08-28,7,Call,6275.0,SPXW260828C06275000,1393.8,1414.6,1404.1999999999998,1424.52,0.0,0.0,0.0,3.0,0.4678,0.9988,0.0,0.0394,-0.0902,1.2002,1401.2385,0.0,0.0,0.0,1381.60003662109,down,2026-08-20T09:37:07,0.0,0.0
SPXW,2026-08-28,7,Put,6275.0,SPXW260828P06275000,0.1,0.2,0.15000000000000002,0.45,0.0,0.0,0.0,12.0,0.4823,-0.0011,0.0,0.0394,-0.09,-0.0015,0.1411,0.0,0.0,0.0,0.275000005960464,down,2026-08-13T11:29:21,0.0,0.0
SPXW,2026-08-28,7,Call,6300.0,SPXW260828C06300000,1365.8,1389.7,1377.75,1398.03,0.0,0.0,0.0,8.0,0.4511,0.9988,0.0,0.0412,-0.0929,1.2049,1376.2643,0.0,0.0,0.0,1356.60003662109,up,2026-08-20T09:38:15,0.0,0.0
SPXW,2026-08-28,7,Put,6300.0,SPXW260828P06300000,0.1,0.2,0.15000000000000002,0.15,-0.15,-50.0,1.0,656.0,0.4735,-0.0011,0.0,0.0411,-0.0927,-0.0016,0.146,0.15,0.15,0.15,0.299999997019768,down,2026-08-21T16:08:28,0.0,0.0
SPXW,2026-08-28,7,Call,6325.0,SPXW260828C06325000,1344.0,1364.7,1354.35,0.0,0.0,0.0,0.0,0.0,0.433,0.9987,0.0,0.043,-0.0958,1.2096,1351.2904,0.0,0.0,0.0,1331.59997558594,no_change,,0.0,0.0
SPXW,2026-08-28,7,Put,6325.0,SPXW260828P06325000,0.1,0.2,0.15000000000000002,0.2,-0.1,-33.3333,5.0,22.0,0.4647,-0.0012,0.0,0.0429,-0.0956,-0.0016,0.1512,0.18,0.2,0.18,0.299999997019768,up,2026-08-21T11:56:27,0.0,0.0
SPXW,2026-08-28,7,Call,6350.0,SPXW260828C06350000,1315.8,1339.7,1327.75,0.0,0.0,0.0,0.0,0.0,0.4534,0.9987,0.0,0.0449,-0.0988,1.2143,1326.3167,0.0,0.0,0.0,1307.34997558594,no_change,,0.0,0.0
SPXW,2026-08-28,7,Put,6350.0,SPXW260828P06350000,0.1,0.2,0.15000000000000002,0.15,-0.15,-50.0,5.0,339.0,0.4559,-0.0012,0.0,0.0448,-0.0986,-0.0017,0.1566,0.15,0.15,0.15,0.299999997019768,down,2026-08-21T15:28:11,0.0,0.0
SPXW,2026-08-28,7,Call,6375.0,SPXW260828C06375000,1291.8,1314.7,1303.25,0.0,0.0,0.0,0.0,0.0,0.4388,0.9986,0.0,0.047,-0.1019,1.219,1301.3434,0.0,0.0,0.0,1281.64996337891,no_change,,0.0,0.0
SPXW,2026-08-28,7,Put,6375.0,SPXW260828P06375000,0.1,0.2,0.15000000000000002,0.15,-0.2,-57.1429,6.0,135.0,0.4531,-0.0013,0.0,0.0469,-0.1017,-0.0018,0.1623,0.23,0.23,0.15,0.350000008940697,down,2026-08-21T15:28:11,0.0,0.0
SPXW,2026-08-28,7,Call,6400.0,SPXW260828C06400000,1265.9,1289.8,1277.85,0.0,0.0,0.0,0.0,0.0,0.4236,0.9986,0.0,0.0492,-0.1052,1.2237,1276.3703,0.0,0.0,0.0,1256.79998779297,no_change,,0.0,0.0
SPXW,2026-08-28,7,Put,6400.0,SPXW260828P06400000,0.15,0.2,0.175,0.2,-0.125,-38.4615,104.0,664.0,0.4443,-0.0013,0.0,0.0491,-0.105,-0.0019,0.1684,0.25,0.25,0.2,0.325000002980232,no_change,2026-08-21T15:47:48,0.0,0.0
SPXW,2026-08-28,7,Call,6425.0,SPXW260828C06425000,1244.1,1264.8,1254.4499999999998,0.0,0.0,0.0,0.0,0.0,0.4075,0.9985,0.0,0.0515,-0.1086,1.2284,1251.3976,0.0,0.0,0.0,1231.79998779297,no_change,,0.0,0.0
SPXW,2026-08-28,7,Put,6425.0,SPXW260828P06425000,0.15,0.2,0.175,0.2,-0.15,-42.8571,4.0,547.0,0.4406,-0.0014,0.0,0.0514,-0.1084,-0.002,0.1747,0.2,0.2,0.2,0.350000008940697,down,2026-08-21T15:28:11,0.0,0.0
SPXW,2026-08-28,7,Call,6450.0,SPXW260828C06450000,1221.0,1234.7,1227.85,1074.9,0.0,0.0,0.0,276.0,0.4612,0.9984,0.0,0.054,-0.1122,1.2331,1226.4252,0.0,0.0,0.0,1206.59997558594,down,2026-07-20T12:08:42,0.0,0.0
SPXW,2026-08-28,7,Put,6450.0,SPXW260828P06450000,0.15,0.2,0.175,0.25,-0.15,-37.5,51.0,1470.0,0.4318,-0.0015,0.0,0.0539,-0.112,-0.0021,0.1814,0.22,0.25,0.2,0.399999991059303,up,2026-08-21T15:59:55,0.0,0.0
SPXW,2026-08-28,7,Call,6475.0,SPXW260828C06475000,1191.0,1214.0,1202.5,0.0,0.0,0.0,0.0,0.0,0.4091,0.9983,0.0,0.0567,-0.116,1.2378,1201.4532,0.0,0.0,0.0,1182.19995117188,no_change,,0.0,0.0
SPXW,2026-08-28,7,Put,6475.0,SPXW260828P06475000,0.15,0.25,0.2,0.2,-0.2,-50.0,8.0,666.0,0.423,-0.0016,0.0,0.0566,-0.1158,-0.0022,0.1885,0.25,0.25,0.2,0.399999991059303,down,2026-08-21T15:28:11,0.0,0.0
SPXW,2026-08-28,7,Call,6500.0,SPXW260828C06500000,1171.1,1184.7,1177.9,913.87,0.0,0.0,0.0,381.0,0.4379,0.9982,0.0,0.0596,-0.12,1.2424,1176.4816,0.0,0.0,0.0,1156.64996337891,down,2026-07-29T10:13:01,0.0,0.0
SPXW,2026-08-28,7,Put,6500.0,SPXW260828P06500000,0.15,0.25,0.2,0.2,-0.225,-52.9412,94.0,1096.0,0.4142,-0.0016,0.0,0.0595,-0.1198,-0.0023,0.196,0.25,0.25,0.2,0.424999997019768,no_change,2026-08-21T16:06:10,0.0,0.0
SPXW,2026-08-28,7,Call,6525.0,SPXW260828C06525000,1142.0,1164.9,1153.45,0.0,0.0,0.0,0.0,0.0,0.3803,0.9982,0.0,0.0626,-0.1242,1.2471,1151.5105,0.0,0.0,0.0,1132.0,no_change,,0.0,0.0
SPXW,2026-08-28,7,Put,6525.0,SPXW260828P06525000,0.15,0.25,0.2,0.2,-0.25,-55.5556,4.0,254.0,0.4054,-0.0017,0.0,0.0625,-0.1239,-0.0025,0.2039,0.2,0.2,0.2,0.450000002980232,down,2026-08-21T15:28:11,0.0,0.0
SPXW,2026-08-28,7,Call,6550.0,SPXW260828C06550000,1116.3,1139.9,1128.1,0.0,0.0,0.0,0.0,0.0,0.3916,0.9981,0.0,0.0658,-0.1286,1.2517,1126.5398,0.0,0.0,0.0,1107.35003662109,no_change,,0.0,0.0
SPXW,2026-08-28,7,Put,6550.0,SPXW260828P06550000,0.15,0.25,0.2,0.2,-0.275,-57.8947,25.0,1821.0,0.4008,-0.0018,0.0,0.0657,-0.1283,-0.0026,0.2124,0.28,0.3,0.2,0.474999994039536,no_change,2026-08-21T16:12:27,0.0,0.0
SPXW,2026-08-28,7,Call,6575.0,SPXW260828C06575000,1094.0,1114.9,1104.45,1213.98,0.0,0.0,0.0,1.0,0.3787,0.998,0.0,0.0693,-0.1332,1.2564,1101.5697,0.0,0.0,0.0,1082.10003662109,down,2026-08-14T15:00:50,0.0,0.0
SPXW,2026-08-28,7,Put,6575.0,SPXW260828P06575000,0.2,0.25,0.225,0.25,-0.25,-50.0,39.0,402.0,0.392,-0.0019,0.0,0.0692,-0.133,-0.0028,0.2213,0.3,0.3,0.25,0.5,no_change,2026-08-21T15:28:11,0.0,0.0
SPXW,2026-08-28,7,Call,6600.0,SPXW260828C06600000,1066.1,1090.0,1078.05,1096.35,0.0,0.0,0.0,2.0,0.3655,0.9978,0.0,0.073,-0.1381,1.261,1076.6001,0.0,0.0,0.0,1057.0,down,2026-08-20T09:42:18,0.0,0.0
SPXW,2026-08-28,7,Put,6600.0,SPXW260828P06600000,0.2,0.25,0.225,0.25,-0.275,-52.381,38.0,1009.0,0.3832,-0.002,0.0,0.073,-0.1381,-0.0029,0.2313,0.3,0.3,0.25,0.525000005960464,down,2026-08-21T15:28:11,0.0,0.0
SPXW,2026-08-28,7,Call,6625.0,SPXW260828C06625000,1045.1,1065.0,1055.05,0.0,0.0,0.0,0.0,0.0,0.3519,0.9977,0.0,0.0769,-0.1433,1.2656,1051.6312,0.0,0.0,0.0,1032.84997558594,no_change,,0.0,0.0
SPXW,2026-08-28,7,Put,6625.0,SPXW260828P06625000,0.2,0.25,0.225,0.25,-0.3,-54.5455,44.0,300.0,0.3781,-0.0022,0.0,0.0768,-0.143,-0.0031,0.241,0.3,0.3,0.25,0.550000011920929,down,2026-08-21T15:28:11,0.0,0.0
SPXW,2026-08-28,7,Call,6650.0,SPXW260828C06650000,1019.6,1040.0,1029.8,0.0,0.0,0.0,0.0,0.0,0.36,0.9976,0.0,0.0811,-0.1487,1.2702,1026.6628,0.0,0.0,0.0,1007.10000610352,no_change,,0.0,0.0
SPXW,2026-08-28,7,Put,6650.0,SPXW260828P06650000,0.2,0.3,0.25,0.3,-0.3,-50.0,152.0,2057.0,0.3693,-0.0023,0.0,0.081,-0.1484,-0.0033,0.2517,0.35,0.37,0.3,0.599999994039536,no_change,2026-08-21T15:35:12,0.0,0.0
SPXW,2026-08-28,7,Call,6675.0,SPXW260828C06675000,992.1,1015.1,1003.6,804.0,0.0,0.0,0.0,4.0,0.3477,0.9975,0.0,0.0856,-0.1544,1.2748,1001.6952,0.0,0.0,0.0,982.25,up,2026-07-28T11:50:37,0.0,0.0
SPXW,2026-08-28,7,Put,6675.0,SPXW260828P06675000,0.2,0.3,0.25,0.3,-0.3,-50.0,126.0,380.0,0.3604,-0.0024,0.0,0.0855,-0.1541,-0.0035,0.2632,0.35,0.35,0.3,0.599999994039536,no_change,2026-08-21T15:28:11,0.0,0.0
SPXW,2026-08-28,7,Call,6700.0,SPXW260828C06700000,970.5,990.1,980.3,1107.36,0.0,0.0,0.0,1.0,0.3352,0.9973,0.0,0.0905,-0.1605,1.2794,976.7284,0.0,0.0,0.0,957.199981689453,up,2026-08-13T16:03:48,0.0,0.0
SPXW,2026-08-28,7,Put,6700.0,SPXW260828P06700000,0.2,0.3,0.25,0.3,-0.35,-53.8462,83.0,1233.0,0.3548,-0.0026,0.0,0.0904,-0.1602,-0.0037,0.2754,0.35,0.35,0.3,0.650000005960464,no_change,2026-08-21T15:28:11,0.0,0.0
SPXW,2026-08-28,7,Call,6725.0,SPXW260828C06725000,942.2,965.1,953.6500000000001,957.26,24.61,2.63872,4.0,2.0,0.3398,0.9971,0.0,0.0959,-0.1669,1.2839,951.7624,957.26,957.26,957.26,932.649993896484,down,2026-08-21T11:16:42,0.0,0.0
SPXW,2026-08-28,7,Put,6725.0,SPXW260828P06725000,0.25,0.3,0.275,0.3,-0.4,-57.1429,12.0,6272.0,0.346,-0.0028,0.0,0.0959,-0.1669,-0.0039,0.2891,0.37,0.37,0.3,0.699999988079071,down,2026-08-21T15:28:11,0.0,0.0
SPXW,2026-08-28,7,Call,6730.0,SPXW260828C06730000,936.3,960.1,948.2,0.0,0.0,0.0,0.0,0.0,0.3374,0.9971,0.0,0.097,-0.1682,1.2848,946.7693,0.0,0.0,0.0,0.0,no_change,,0.0,0.0
SPXW,2026-08-28,7,Put,6730.0,SPXW260828P06730000,0.25,0.3,0.275,0.3,0.3,0.0,1.0,0.0,0.3442,-0.0028,0.0,0.097,-0.1682,-0.004,0.2918,0.3,0.3,0.3,0.0,up,2026-08-21T15:28:11,0.0,0.0
SPXW,2026-08-28,7,Call,6740.0,SPXW260828C06740000,926.3,950.1,938.2,0.0,0.0,0.0,0.0,0.0,0.3328,0.997,0.0,0.0993,-0.1709,1.2866,936.7832,0.0,0.0,0.0,917.700012207031,no_change,,0.0,0.0
SPXW,2026-08-28,7,Put,6740.0,SPXW260828P06740000,0.25,0.3,0.275,0.3,-0.4,-57.1429,5.0,194.0,0.3436,-0.0029,0.0,0.0991,-0.1706,-0.0041,0.2968,0.43,0.43,0.3,0.699999988079071,down,2026-08-21T15:28:11,0.0,0.0
SPXW,2026-08-28,7,Call,6750.0,SPXW260828C06750000,916.6,940.1,928.35,844.7,0.0,0.0,0.0,5.0,0.3281,0.997,0.0,0.1016,-0.1737,1.2885,926.7973,0.0,0.0,0.0,907.5,no_change,2026-08-03T11:19:42,0.0,0.0
SPXW,2026-08-28,7,Put,6750.0,SPXW260828P06750000,0.25,0.3,0.275,0.35,-0.35,-50.0,7.0,5973.0,0.34,-0.0029,0.0,0.1015,-0.1734,-0.0042,0.3025,0.4,0.4,0.3,0.699999988079071,down,2026-08-21T15:28:12,0.0,0.0
SPXW,2026-08-28,7,Call,6760.0,SPXW260828C06760000,906.3,928.3,917.3,1005.35,0.0,0.0,0.0,2.0,0.3234,0.9969,0.0,0.1041,-0.1765,1.2903,916.8115,0.0,0.0,0.0,897.399993896484,no_change,2026-08-04T15:53:09,0.0,0.0
SPXW,2026-08-28,7,Put,6760.0,SPXW260828P06760000,0.25,0.35,0.3,0.35,-0.4,-53.3333,2.0,52.0,0.3365,-0.003,0.0,0.1039,-0.1762,-0.0043,0.3083,0.35,0.35,0.35,0.75,down,2026-08-21T15:28:11,0.0,0.0
SPXW,2026-08-28,7,Call,6770.0,SPXW260828C06770000,899.4,920.2,909.8,825.24,0.0,0.0,0.0,1.0,0.3187,0.9968,0.0,0.1066,-0.1794,1.2921,906.826,0.0,0.0,0.0,887.850006103516,no_change,2026-08-03T11:19:42,0.0,0.0
SPXW,2026-08-28,7,Put,6770.0,SPXW260828P06770000,0.25,0.35,0.3,0.35,-0.4,-53.3333,12.0,49.0,0.3329,-0.0031,0.0,0.1064,-0.1791,-0.0044,0.3144,0.4,0.4,0.35,0.75,down,2026-08-21T15:28:11,0.0,0.0
SPXW,2026-08-28,7,Call,6775.0,SPXW260828C06775000,894.4,915.2,904.8,907.42,24.62,2.78886,4.0,0.0,0.3163,0.9968,0.0,0.1079,-0.1809,1.293,901.8332,907.42,907.42,907.42,882.799987792969,no_change,2026-08-21T11:18:37,0.0,0.0
SPXW,2026-08-28,7,Put,6775.0,SPXW260828P06775000,0.25,0.35,0.3,0.35,-0.4,-53.3333,2.0,565.0,0.3312,-0.0031,0.0,0.1077,-0.1805,-0.0044,0.3175,0.4,0.4,0.35,0.75,down,2026-08-21T15:28:11,0.0,0.0
SPXW,2026-08-28,7,Call,6780.0,SPXW260828C06780000,886.3,909.6,897.95,0.0,0.0,0.0,0.0,0.0,0.314,0.9967,0.0,0.1092,-0.1824,1.2939,896.8405,0.0,0.0,0.0,877.449981689453,no_change,,0.0,0.0
SPXW,2026-08-28,7,Put,6780.0,SPXW260828P06780000,0.25,0.35,0.3,0.35,-0.4,-53.3333,1.0,86.0,0.3294,-0.0032,0.0,0.109,-0.182,-0.0045,0.3206,0.35,0.35,0.35,0.75,down,2026-08-21T15:28:11,0.0,0.0
SPXW,2026-08-28,7,Call,6790.0,SPXW260828C06790000,876.3,900.2,888.25,975.6,0.0,0.0,0.0,2.0,0.3092,0.9966,0.0,0.1118,-0.1854,1.2957,886.8553,0.0,0.0,0.0,867.900024414062,no_change,2026-08-04T15:53:09,0.0,0.0
SPXW,2026-08-28,7,Put,6790.0,SPXW260828P06790000,0.25,0.35,0.3,0.35,-0.45,-56.25,2.0,153.0,0.3284,-0.0032,0.0,0.1116,-0.1851,-0.0046,0.327,0.35,0.35,0.35,0.800000011920929,down,2026-08-21T15:28:11,0.0,0.0
SPXW,2026-08-28,7,Call,6800.0,SPXW260828C06800000,866.4,890.2,878.3,1011.06,0.0,0.0,0.0,192.0,0.3183,0.9966,0.0,0.1145,-0.1886,1.2974,876.8703,0.0,0.0,0.0,857.5,up,2026-08-14T09:44:49,0.0,0.0
SPXW,2026-08-28,7,Put,6800.0,SPXW260828P06800000,0.3,0.35,0.32499999999999996,0.38,-0.42,-52.5,380.0,2831.0,0.3249,-0.0033,0.0,0.1144,-0.1882,-0.0048,0.3336,0.47,0.47,0.35,0.800000011920929,up,2026-08-21T15:35:14,0.0,0.0
SPXW,2026-08-28,7,Call,6810.0,SPXW260828C06810000,859.6,880.2,869.9000000000001,1001.09,0.0,0.0,0.0,10.0,0.3138,0.9965,0.0,0.1174,-0.1918,1.2992,866.8854,0.0,0.0,0.0,847.5,up,2026-08-14T09:44:49,0.0,0.0
SPXW,2026-08-28,7,Put,6810.0,SPXW260828P06810000,0.25,0.35,0.3,0.4,-0.45,-52.9412,2.0,112.0,0.3212,-0.0034,0.0,0.1172,-0.1914,-0.0049,0.3405,0.4,0.4,0.4,0.849999994039536,down,2026-08-21T15:28:11,0.0,0.0
SPXW,2026-08-28,7,Call,6820.0,SPXW260828C06820000,846.3,868.3,857.3,0.0,0.0,0.0,0.0,0.0,0.3093,0.9964,0.0,0.1203,-0.195,1.301,856.9008,0.0,0.0,0.0,837.600006103516,no_change,,0.0,0.0
SPXW,2026-08-28,7,Put,6820.0,SPXW260828P06820000,0.3,0.35,0.32499999999999996,0.4,-0.45,-52.9412,1.0,219.0,0.3177,-0.0035,0.0,0.1202,-0.195,-0.005,0.3481,0.4,0.4,0.4,0.849999994039536,down,2026-08-21T15:28:11,0.0,0.0
SPXW,2026-08-28,7,Call,6825.0,SPXW260828C06825000,841.4,865.2,853.3,0.0,0.0,0.0,0.0,0.0,0.3071,0.9963,0.0,0.1217,-0.1967,1.3019,851.9086,0.0,0.0,0.0,832.700012207031,no_change,,0.0,0.0
SPXW,2026-08-28,7,Put,6825.0,SPXW260828P06825000,0.3,0.35,0.32499999999999996,0.35,-0.5,-58.8235,105.0,361.0,0.3183,-0.0036,0.0,0.1216,-0.1963,-0.0051,0.3509,0.4,0.4,0.35,0.849999994039536,no_change,2026-08-21T15:56:17,0.0,0.0
SPXW,2026-08-28,7,Call,6830.0,SPXW260828C06830000,839.6,860.2,849.9000000000001,0.0,0.0,0.0,0.0,0.0,0.3048,0.9963,0.0,0.1232,-0.1984,1.3028,846.9164,0.0,0.0,0.0,827.600006103516,no_change,,0.0,0.0
SPXW,2026-08-28,7,Put,6830.0,SPXW260828P06830000,0.3,0.35,0.32499999999999996,0.4,-0.45,-52.9412,1.0,55.0,0.3165,-0.0036,0.0,0.1231,-0.198,-0.0052,0.3546,0.4,0.4,0.4,0.849999994039536,down,2026-08-21T15:28:11,0.0,0.0
SPXW,2026-08-28,7,Call,6840.0,SPXW260828C06840000,826.4,850.2,838.3,827.38,9.38,1.1467,6.0,6.0,0.3003,0.9962,0.0,0.1263,-0.2018,1.3046,836.9322,827.38,827.38,827.38,818.0,down,2026-08-21T10:38:38,0.0,0.0
SPXW,2026-08-28,7,Put,6840.0,SPXW260828P06840000,0.3,0.4,0.35,0.35,-0.55,-61.1111,4.0,154.0,0.3129,-0.0037,0.0,0.1262,-0.2015,-0.0053,0.362,0.4,0.4,0.35,0.900000005960464,down,2026-08-21T15:59:19,0.0,0.0
SPXW,2026-08-28,7,Call,6850.0,SPXW260828C06850000,816.7,840.3,828.5,817.51,9.86,1.22083,6.0,8.0,0.2958,0.9961,0.0,0.1295,-0.2054,1.3063,826.9482,817.51,817.51,817.51,807.649993896484,down,2026-08-21T10:38:38,0.0,0.0
SPXW,2026-08-28,7,Put,6850.0,SPXW260828P06850000,0.3,0.4,0.35,0.36,-0.54,-60.0,241.0,1068.0,0.3094,-0.0038,0.0,0.1294,-0.205,-0.0055,0.3696,0.4,0.4,0.35,0.900000005960464,no_change,2026-08-21T16:10:12,0.0,0.0
SPXW,2026-08-28,7,Call,6860.0,SPXW260828C06860000,809.7,830.3,820.0,878.2,0.0,0.0,0.0,1.0,0.2913,0.996,0.0,0.1328,-0.209,1.3081,816.9645,0.0,0.0,0.0,797.699981689453,up,2026-08-19T11:33:18,0.0,0.0
SPXW,2026-08-28,7,Put,6860.0,SPXW260828P06860000,0.3,0.4,0.35,0.4,-0.55,-57.8947,113.0,47.0,0.3079,-0.0039,0.0,0.1326,-0.2086,-0.0056,0.3775,0.4,0.4,0.4,0.949999988079071,no_change,2026-08-21T15:35:16,0.0,0.0
SPXW,2026-08-28,7,Call,6870.0,SPXW260828C06870000,796.5,820.3,808.4,0.0,0.0,0.0,0.0,0.0,0.2981,0.9958,0.0,0.1363,-0.2127,1.3098,806.981,0.0,0.0,0.0,788.099975585938,no_change,,0.0,0.0
SPXW,2026-08-28,7,Put,6870.0,SPXW260828P06870000,0.3,0.4,0.35,0.35,-0.6,-63.1579,168.0,138.0,0.3043,-0.004,0.0,0.1361,-0.2123,-0.0058,0.3857,0.4,0.4,0.35,0.949999988079071,no_change,2026-08-21T15:38:49,0.0,0.0
SPXW,2026-08-28,7,Call,6875.0,SPXW260828C06875000,791.5,815.3,803.4,0.0,0.0,0.0,0.0,0.0,0.2959,0.9958,0.0,0.138,-0.2146,1.3107,801.9894,0.0,0.0,0.0,782.849975585938,no_change,,0.0,0.0
SPXW,2026-08-28,7,Put,6875.0,SPXW260828P06875000,0.3,0.4,0.35,0.4,-0.575,-58.9744,212.0,278.0,0.3026,-0.0041,0.0,0.1378,-0.2142,-0.0058,0.3898,0.4,0.45,0.4,0.974999964237213,no_change,2026-08-21T15:35:22,0.0,0.0
SPXW,2026-08-28,7,Call,6880.0,SPXW260828C06880000,786.4,809.3,797.8499999999999,0.0,0.0,0.0,0.0,0.0,0.2937,0.9957,0.0,0.1398,-0.2166,1.3116,796.9978,0.0,0.0,0.0,778.5,no_change,,0.0,0.0
SPXW,2026-08-28,7,Put,6880.0,SPXW260828P06880000,0.35,0.4,0.375,0.35,-0.65,-65.0,149.0,117.0,0.3008,-0.0042,0.0,0.1396,-0.2161,-0.0059,0.3941,0.45,0.45,0.35,0.999999970197678,no_change,2026-08-21T15:38:45,0.0,0.0
SPXW,2026-08-28,7,Call,6890.0,SPXW260828C06890000,777.5,800.3,788.9,0.0,0.0,0.0,0.0,0.0,0.2894,0.9956,0.0,0.1435,-0.2205,1.3133,787.0148,0.0,0.0,0.0,767.850006103516,no_change,,0.0,0.0
SPXW,2026-08-28,7,Put,6890.0,SPXW260828P06890000,0.35,0.4,0.375,0.35,-0.65,-65.0,148.0,197.0,0.2972,-0.0043,0.0,0.1435,-0.2205,-0.0061,0.4035,0.5,0.5,0.35,0.999999970197678,no_change,2026-08-21T15:38:06,0.0,0.0
SPXW,2026-08-28,7,Call,6900.0,SPXW260828C06900000,766.5,790.3,778.4,570.3,0.0,0.0,0.0,2.0,0.285,0.9955,0.0,0.1473,-0.2245,1.3151,777.0321,0.0,0.0,0.0,757.800018310547,down,2026-07-31T10:03:47,0.0,0.0
SPXW,2026-08-28,7,Put,6900.0,SPXW260828P06900000,0.35,0.4,0.375,0.4,-0.625,-60.9756,1169.0,4048.0,0.2956,-0.0044,0.0,0.1471,-0.2241,-0.0063,0.4116,0.55,0.55,0.35,1.02499997615814,no_change,2026-08-21T16:09:10,0.0,0.0
SPXW,2026-08-28,7,Call,6910.0,SPXW260828C06910000,759.7,780.4,770.05,0.0,0.0,0.0,0.0,0.0,0.2807,0.9954,0.0,0.1513,-0.2286,1.3168,767.0497,0.0,0.0,0.0,748.0,no_change,,0.0,0.0
SPXW,2026-08-28,7,Put,6910.0,SPXW260828P06910000,0.35,0.45,0.4,0.45,-0.6,-57.1429,402.0,73.0,0.2919,-0.0045,0.0,0.1511,-0.2282,-0.0065,0.4208,0.5,0.5,0.45,1.05000001192093,down,2026-08-21T15:28:11,0.0,0.0
SPXW,2026-08-28,7,Call,6920.0,SPXW260828C06920000,749.6,770.4,760.0,0.0,0.0,0.0,0.0,0.0,0.2763,0.9952,0.0,0.1555,-0.2329,1.3185,757.0676,0.0,0.0,0.0,738.100006103516,no_change,,0.0,0.0
SPXW,2026-08-28,7,Put,6920.0,SPXW260828P06920000,0.35,0.45,0.4,0.4,-0.7,-63.6364,139.0,41.0,0.2902,-0.0047,0.0,0.1552,-0.2324,-0.0067,0.4304,0.45,0.45,0.4,1.09999996423721,no_change,2026-08-21T15:36:47,0.0,0.0
SPXW,2026-08-28,7,Call,6925.0,SPXW260828C06925000,741.6,765.4,753.5,774.79,0.0,0.0,0.0,4.0,0.2833,0.9952,0.0,0.1576,-0.235,1.3194,752.0767,0.0,0.0,0.0,733.049987792969,down,2026-08-20T09:45:21,0.0,0.0
SPXW,2026-08-28,7,Put,6925.0,SPXW260828P06925000,0.35,0.45,0.4,0.4,-0.7,-63.6364,122.0,172.0,0.2884,-0.0047,0.0,0.1574,-0.2346,-0.0068,0.4352,0.55,0.55,0.4,1.09999996423721,no_change,2026-08-21T15:36:52,0.0,0.0
SPXW,2026-08-28,7,Call,6930.0,SPXW260828C06930000,742.1,754.8,748.45,0.0,0.0,0.0,0.0,250.0,0.298,0.9951,0.0,0.1598,-0.2372,1.3202,747.0858,0.0,0.0,0.0,727.75,no_change,,0.0,0.0
SPXW,2026-08-28,7,Put,6930.0,SPXW260828P06930000,0.35,0.45,0.4,0.4,-0.725,-64.4444,58.0,30.0,0.2866,-0.0048,0.0,0.1595,-0.2368,-0.0069,0.4402,0.55,0.55,0.4,1.125,no_change,2026-08-21T15:39:30,0.0,0.0
SPXW,2026-08-28,7,Call,6940.0,SPXW260828C06940000,727.0,750.4,738.7,0.0,0.0,0.0,0.0,0.0,0.2769,0.9949,0.0,0.1642,-0.2417,1.3219,737.1044,0.0,0.0,0.0,718.050018310547,no_change,,0.0,0.0
SPXW,2026-08-28,7,Put,6940.0,SPXW260828P06940000,0.35,0.45,0.4,0.4,-0.75,-65.2174,93.0,58.0,0.2829,-0.005,0.0,0.164,-0.2412,-0.0071,0.4504,0.5,0.5,0.4,1.15000003576279,no_change,2026-08-21T15:38:49,0.0,0.0
SPXW,2026-08-28,7,Call,6950.0,SPXW260828C06950000,720.9,740.4,730.65,739.76,0.0,0.0,0.0,3.0,0.2727,0.9948,0.0,0.1688,-0.2463,1.3236,727.1233,0.0,0.0,0.0,708.650024414062,up,2026-08-20T10:33:16,0.0,0.0
SPXW,2026-08-28,7,Put,6950.0,SPXW260828P06950000,0.4,0.45,0.42500000000000004,0.4,-0.8,-66.6667,129.0,2090.0,0.2793,-0.0051,0.0,0.1688,-0.2463,-0.0073,0.4618,0.65,0.65,0.4,1.19999998807907,down,2026-08-21T16:09:03,0.0,0.0
SPXW,2026-08-28,7,Call,6960.0,SPXW260828C06960000,706.5,729.7,718.1,728.84,0.0,0.0,0.0,1.0,0.2684,0.9946,0.0,0.1736,-0.251,1.3253,717.1425,0.0,0.0,0.0,698.100006103516,down,2026-08-20T10:23:07,0.0,0.0
SPXW,2026-08-28,7,Put,6960.0,SPXW260828P06960000,0.4,0.5,0.45,0.45,-0.75,-62.5,87.0,87.0,0.2774,-0.0053,0.0,0.1734,-0.2506,-0.0075,0.4718,0.6,0.6,0.4,1.19999998807907,no_change,2026-08-21T15:46:11,0.0,0.0
SPXW,2026-08-28,7,Call,6970.0,SPXW260828C06970000,696.5,719.5,708.0,733.58,0.0,0.0,0.0,3.0,0.2642,0.9945,0.0,0.1786,-0.2559,1.327,707.1622,0.0,0.0,0.0,688.100006103516,up,2026-08-20T11:03:05,0.0,0.0
SPXW,2026-08-28,7,Put,6970.0,SPXW260828P06970000,0.4,0.5,0.45,0.45,-0.8,-64.0,228.0,81.0,0.2754,-0.0054,0.0,0.1784,-0.2554,-0.0078,0.4831,0.6,0.6,0.45,1.25,no_change,2026-08-21T15:36:43,0.0,0.0
SPXW,2026-08-28,7,Call,6975.0,SPXW260828C06975000,691.5,715.5,703.5,714.74,0.0,0.0,0.0,2.0,0.2621,0.9944,0.0,0.1812,-0.2584,1.3278,702.1722,0.0,0.0,0.0,683.5,up,2026-08-20T10:33:16,0.0,0.0
SPXW,2026-08-28,7,Put,6975.0,SPXW260828P06975000,0.4,0.5,0.45,0.5,-0.775,-60.7843,101.0,229.0,0.2736,-0.0055,0.0,0.1809,-0.2579,-0.0079,0.4889,0.69,0.69,0.5,1.27500003576279,down,2026-08-21T15:35:16,0.0,0.0
SPXW,2026-08-28,7,Call,6980.0,SPXW260828C06980000,687.6,710.5,699.05,695.38,16.78,2.47274,2.0,4.0,0.2676,0.9943,0.0,0.1838,-0.2609,1.3287,697.1823,687.67,695.38,687.67,678.599975585938,up,2026-08-21T10:53:28,0.0,0.0
SPXW,2026-08-28,7,Put,6980.0,SPXW260828P06980000,0.4,0.5,0.45,0.45,-0.85,-65.3846,143.0,165.0,0.2717,-0.0056,0.0,0.1835,-0.2604,-0.008,0.4948,0.6,0.6,0.45,1.30000001192093,no_change,2026-08-21T15:39:59,0.0,0.0
SPXW,2026-08-28,7,Call,6990.0,SPXW260828C06990000,676.6,699.5,688.05,692.82,23.97,3.58377,4.0,2.0,0.2635,0.9941,0.0001,0.1891,-0.2661,1.3303,687.2028,677.3,692.82,677.3,668.849975585938,up,2026-08-21T11:16:31,0.0,0.0
SPXW,2026-08-28,7,Put,6990.0,SPXW260828P06990000,0.4,0.5,0.45,0.52,-0.805,-60.7547,28.0,338.0,0.2681,-0.0058,0.0001,0.1891,-0.2661,-0.0083,0.5079,0.6,0.6,0.45,1.32499998807907,up,2026-08-21T15:52:39,0.0,0.0
SPXW,2026-08-28,7,Call,7000.0,SPXW260828C07000000,672.2,684.8,678.5,685.0,26.9,4.08753,8.0,2720.0,0.2739,0.9939,0.0001,0.1946,-0.2715,1.3319,677.2238,672.71,694.66,672.71,658.099975585938,down,2026-08-21T12:23:54,0.0,0.0
SPXW,2026-08-28,7,Put,7000.0,SPXW260828P07000000,0.45,0.55,0.5,0.5,-0.85,-62.963,540.0,5095.0,0.2644,-0.006,0.0001,0.1946,-0.2714,-0.0086,0.5206,0.75,0.75,0.45,1.34999996423721,no_change,2026-08-21T15:57:57,0.0,0.0
SPXW,2026-08-28,7,Call,7010.0,SPXW260828C07010000,657.7,680.5,669.1,685.3,36.95,5.69908,6.0,0.0,0.2551,0.9937,0.0001,0.2003,-0.277,1.3336,667.2453,658.5,689.31,657.35,648.350006103516,down,2026-08-21T12:01:20,0.0,0.0
SPXW,2026-08-28,7,Put,7010.0,SPXW260828P07010000,0.45,0.55,0.5,0.45,-0.95,-67.8571,136.0,37.0,0.2637,-0.0062,0.0001,0.2003,-0.277,-0.0088,0.5337,0.65,0.65,0.45,1.40000003576279,no_change,2026-08-21T15:38:07,0.0,0.0
SPXW,2026-08-28,7,Call,7020.0,SPXW260828C07020000,646.6,669.6,658.1,674.69,36.29,5.68453,3.0,1.0,0.2509,0.9935,0.0001,0.2063,-0.2826,1.3352,657.2673,647.99,679.36,647.99,638.399993896484,down,2026-08-21T12:01:55,0.0,0.0
SPXW,2026-08-28,7,Put,7020.0,SPXW260828P07020000,0.45,0.55,0.5,0.5,-0.95,-65.5172,63.0,106.0,0.26,-0.0064,0.0001,0.2063,-0.2826,-0.0092,0.5473,0.65,0.65,0.5,1.44999998807907,no_change,2026-08-21T15:36:47,0.0,0.0
SPXW,2026-08-28,7,Call,7025.0,SPXW260828C07025000,647.3,659.8,653.55,719.4,0.0,0.0,0.0,296.0,0.2634,0.9934,0.0001,0.2094,-0.2856,1.336,652.2785,0.0,0.0,0.0,633.200012207031,up,2026-08-06T11:05:17,0.0,0.0
SPXW,2026-08-28,7,Put,7025.0,SPXW260828P07025000,0.45,0.55,0.5,0.5,-0.95,-65.5172,32.0,407.0,0.2582,-0.0065,0.0001,0.2094,-0.2856,-0.0093,0.5544,0.65,0.65,0.5,1.44999998807907,no_change,2026-08-21T15:38:57,0.0,0.0
SPXW,2026-08-28,7,Call,7030.0,SPXW260828C07030000,636.6,659.8,648.2,639.1,10.65,1.69465,2.0,1.0,0.2532,0.9933,0.0001,0.2125,-0.2885,1.3368,647.2898,642.41,642.41,639.1,628.449981689453,down,2026-08-21T10:39:01,0.0,0.0
SPXW,2026-08-28,7,Put,7030.0,SPXW260828P07030000,0.45,0.55,0.5,0.5,-1.0,-66.6667,78.0,222.0,0.2563,-0.0066,0.0001,0.2123,-0.2881,-0.0094,0.5606,0.7,0.7,0.5,1.5,no_change,2026-08-21T15:37:01,0.0,0.0
SPXW,2026-08-28,7,Call,7040.0,SPXW260828C07040000,627.7,650.6,639.1500000000001,628.05,9.55,1.54406,2.0,1.0,0.2491,0.9931,0.0001,0.219,-0.2946,1.3384,637.3129,632.46,632.46,628.05,618.5,down,2026-08-21T10:36:36,0.0,0.0
SPXW,2026-08-28,7,Put,7040.0,SPXW260828P07040000,0.5,0.6,0.55,0.5,-1.05,-67.7419,177.0,52.0,0.2526,-0.0068,0.0001,0.219,-0.2946,-0.0098,0.5762,0.7,0.7,0.5,1.55000001192093,no_change,2026-08-21T15:37:16,0.0,0.0
SPXW,2026-08-28,7,Call,7050.0,SPXW260828C07050000,621.1,640.6,630.85,672.38,0.0,0.0,0.0,9.0,0.245,0.9928,0.0001,0.2258,-0.3008,1.34,627.3366,0.0,0.0,0.0,608.900024414062,down,2026-08-19T13:48:43,0.0,0.0
SPXW,2026-08-28,7,Put,7050.0,SPXW260828P07050000,0.5,0.6,0.55,0.55,-1.05,-65.625,3067.0,838.0,0.2516,-0.0071,0.0001,0.2258,-0.3008,-0.0101,0.5916,0.84,0.84,0.5,1.59999996423721,up,2026-08-21T15:55:21,0.0,0.0
SPXW,2026-08-28,7,Call,7060.0,SPXW260828C07060000,610.8,630.6,620.7,598.67,0.0,0.0,0.0,1.0,0.2408,0.9926,0.0001,0.2329,-0.3073,1.3415,617.361,0.0,0.0,0.0,598.649993896484,up,2026-08-20T15:48:07,0.0,0.0
SPXW,2026-08-28,7,Put,7060.0,SPXW260828P07060000,0.5,0.6,0.55,0.55,-1.1,-66.6667,2889.0,84.0,0.2478,-0.0073,0.0001,0.2329,-0.3073,-0.0105,0.6076,0.85,0.85,0.55,1.65000003576279,no_change,2026-08-21T16:09:34,0.0,0.0
SPXW,2026-08-28,7,Call,7070.0,SPXW260828C07070000,596.7,619.7,608.2,613.07,24.37,4.13963,2.0,0.0,0.2422,0.9923,0.0001,0.2404,-0.3141,1.3431,607.3861,613.07,613.07,613.07,588.699981689453,up,2026-08-21T11:33:55,0.0,0.0
SPXW,2026-08-28,7,Put,7070.0,SPXW260828P07070000,0.55,0.65,0.6000000000000001,0.56,-1.14,-67.0588,4439.0,137.0,0.2441,-0.0076,0.0001,0.2404,-0.314,-0.0108,0.6243,0.9,0.9,0.55,1.69999998807907,no_change,2026-08-21T16:10:12,0.0,0.0
SPXW,2026-08-28,7,Call,7075.0,SPXW260828C07075000,591.9,615.7,603.8,397.33,0.0,0.0,0.0,2.0,0.2402,0.9922,0.0001,0.2442,-0.3175,1.3438,602.3989,0.0,0.0,0.0,583.75,down,2026-07-27T11:46:35,0.0,0.0
SPXW,2026-08-28,7,Put,7075.0,SPXW260828P07075000,0.55,0.65,0.6000000000000001,0.6,-1.15,-65.7143,288.0,142.0,0.2435,-0.0077,0.0001,0.2442,-0.3175,-0.011,0.6329,0.9,0.95,0.6,1.75,no_change,2026-08-21T15:55:36,0.0,0.0
SPXW,2026-08-28,7,Call,7080.0,SPXW260828C07080000,586.7,609.7,598.2,606.6,27.85,4.8121,1.0,1.0,0.2381,0.992,0.0001,0.2482,-0.321,1.3446,597.4119,606.6,606.6,606.6,578.75,up,2026-08-21T11:35:16,0.0,0.0
SPXW,2026-08-28,7,Put,7080.0,SPXW260828P07080000,0.55,0.65,0.6000000000000001,0.6,-1.15,-65.7143,1631.0,60.0,0.2428,-0.0078,0.0001,0.2482,-0.321,-0.0112,0.6418,0.95,0.95,0.55,1.75,up,2026-08-21T15:55:19,0.0,0.0
SPXW,2026-08-28,7,Call,7090.0,SPXW260828C07090000,576.8,599.9,588.3499999999999,573.02,0.0,0.0,0.0,176.0,0.234,0.9918,0.0001,0.2564,-0.3283,1.3461,587.4385,0.0,0.0,0.0,568.899993896484,up,2026-08-20T14:27:11,0.0,0.0
SPXW,2026-08-28,7,Put,7090.0,SPXW260828P07090000,0.55,0.65,0.6000000000000001,0.6,-1.225,-67.1233,2985.0,123.0,0.239,-0.0081,0.0001,0.2564,-0.3283,-0.0117,0.66,1.0,1.0,0.6,1.82499998807907,no_change,2026-08-21T15:59:46,0.0,0.0
SPXW,2026-08-28,7,Call,7100.0,SPXW260828C07100000,567.0,590.8,578.9,584.54,25.44,4.55017,8.0,79.0,0.2299,0.9915,0.0001,0.265,-0.3358,1.3476,577.466,569.83,584.54,569.83,559.100006103516,no_change,2026-08-21T15:03:22,0.0,0.0
SPXW,2026-08-28,7,Put,7100.0,SPXW260828P07100000,0.6,0.7,0.6499999999999999,0.6,-1.3,-68.4211,799.0,1136.0,0.2364,-0.0084,0.0001,0.265,-0.3358,-0.0121,0.6792,1.0,1.05,0.6,1.90000003576279,no_change,2026-08-21T15:59:23,0.0,0.0
SPXW,2026-08-28,7,Call,7110.0,SPXW260828C07110000,556.9,580.8,568.8499999999999,553.1,0.0,0.0,0.0,2.0,0.2306,0.9911,0.0001,0.2741,-0.3436,1.349,567.4945,0.0,0.0,0.0,549.050018310547,no_change,2026-08-20T14:26:10,0.0,0.0
SPXW,2026-08-28,7,Put,7110.0,SPXW260828P07110000,0.6,0.7,0.6499999999999999,0.65,-1.3,-66.6667,152.0,120.0,0.2337,-0.0088,0.0001,0.2741,-0.3436,-0.0126,0.6993,1.05,1.05,0.6,1.94999998807907,down,2026-08-21T15:59:19,0.0,0.0
SPXW,2026-08-28,7,Call,7120.0,SPXW260828C07120000,546.8,570.8,558.8,563.07,23.72,4.39789,1.0,14.0,0.2265,0.9908,0.0001,0.2835,-0.3518,1.3504,557.5241,563.07,563.07,563.07,539.350006103516,down,2026-08-21T11:32:48,0.0,0.0
SPXW,2026-08-28,7,Put,7120.0,SPXW260828P07120000,0.6,0.7,0.6499999999999999,0.65,-1.4,-68.2927,220.0,244.0,0.2298,-0.0091,0.0001,0.2833,-0.3514,-0.013,0.7195,1.1,1.1,0.65,2.04999995231628,no_change,2026-08-21T15:59:46,0.0,0.0
SPXW,2026-08-28,7,Call,7125.0,SPXW260828C07125000,542.3,565.8,554.05,510.43,0.0,0.0,0.0,4.0,0.2244,0.9906,0.0001,0.2884,-0.3561,1.3511,552.5393,0.0,0.0,0.0,534.950012207031,up,2026-07-16T10:43:21,0.0,0.0
SPXW,2026-08-28,7,Put,7125.0,SPXW260828P07125000,0.65,0.75,0.7,0.7,-1.375,-66.2651,195.0,170.0,0.228,-0.0093,0.0001,0.2884,-0.3561,-0.0133,0.7315,1.09,1.11,0.65,2.07500004768372,no_change,2026-08-21T15:54:37,0.0,0.0
SPXW,2026-08-28,7,Call,7130.0,SPXW260828C07130000,536.9,560.0,548.45,533.25,0.0,0.0,0.0,5.0,0.2224,0.9904,0.0001,0.2934,-0.3604,1.3518,547.5548,0.0,0.0,0.0,529.149993896484,down,2026-08-20T14:24:59,0.0,0.0
SPXW,2026-08-28,7,Put,7130.0,SPXW260828P07130000,0.65,0.75,0.7,0.75,-1.375,-64.7059,240.0,145.0,0.2271,-0.0095,0.0001,0.2934,-0.3604,-0.0136,0.7429,1.15,1.15,0.65,2.125,up,2026-08-21T15:53:03,0.0,0.0
SPXW,2026-08-28,7,Call,7140.0,SPXW260828C07140000,526.9,550.9,538.9,539.15,19.5,3.75252,1.0,3.0,0.2183,0.9901,0.0001,0.3038,-0.3694,1.3532,537.5869,539.15,539.15,539.15,519.650009155273,down,2026-08-21T16:09:28,0.0,0.0
SPXW,2026-08-28,7,Put,7140.0,SPXW260828P07140000,0.65,0.75,0.7,0.7,-1.5,-68.1818,60.0,123.0,0.2243,-0.0098,0.0001,0.3038,-0.3694,-0.0142,0.7666,1.05,1.05,0.65,2.20000004768372,up,2026-08-21T16:10:06,0.0,0.0
SPXW,2026-08-28,7,Call,7150.0,SPXW260828C07150000,521.7,540.9,531.3,530.55,21.0,4.12128,8.0,55.0,0.2184,0.9896,0.0001,0.3147,-0.3789,1.3545,527.6204,521.79,534.73,521.79,509.550018310547,up,2026-08-21T16:09:28,0.0,0.0
SPXW,2026-08-28,7,Put,7150.0,SPXW260828P07150000,0.7,0.8,0.75,0.7,-1.6,-69.5652,3076.0,1211.0,0.2214,-0.0102,0.0001,0.3147,-0.3789,-0.0147,0.7917,1.21,1.21,0.7,2.29999995231628,no_change,2026-08-21T15:59:51,0.0,0.0
SPXW,2026-08-28,7,Call,7160.0,SPXW260828C07160000,507.0,530.1,518.55,512.62,0.0,0.0,0.0,3.0,0.2143,0.9892,0.0001,0.3263,-0.3888,1.3558,517.6554,0.0,0.0,0.0,499.5,up,2026-08-20T13:42:43,0.0,0.0
SPXW,2026-08-28,7,Put,7160.0,SPXW260828P07160000,0.7,0.8,0.75,0.75,-1.615,-68.0,2954.0,271.0,0.2185,-0.0107,0.0001,0.3263,-0.3888,-0.0154,0.8184,1.3,1.3,0.75,2.375,no_change,2026-08-21T16:09:34,0.0,0.0
SPXW,2026-08-28,7,Call,7170.0,SPXW260828C07170000,498.1,521.0,509.55,509.84,19.79,4.03836,2.0,0.0,0.214,0.9888,0.0001,0.3385,-0.3994,1.357,507.6923,508.96,509.84,508.96,490.050003051758,up,2026-08-21T16:08:43,0.0,0.0
SPXW,2026-08-28,7,Put,7170.0,SPXW260828P07170000,0.75,0.85,0.8,0.85,-1.675,-67.6768,4303.0,145.0,0.2155,-0.0111,0.0001,0.3385,-0.3994,-0.016,0.8469,1.35,1.35,0.8,2.47500002384186,up,2026-08-21T15:53:06,0.0,0.0
SPXW,2026-08-28,7,Call,7175.0,SPXW260828C07175000,492.2,516.0,504.1,498.2,0.0,0.0,0.0,40.0,0.2119,0.9885,0.0001,0.345,-0.4049,1.3576,502.7114,0.0,0.0,0.0,484.699996948242,down,2026-08-20T13:38:30,0.0,0.0
SPXW,2026-08-28,7,Put,7175.0,SPXW260828P07175000,0.75,0.85,0.8,0.75,-1.8,-70.5882,68.0,135.0,0.2145,-0.0114,0.0001,0.345,-0.4049,-0.0164,0.8618,1.39,1.39,0.75,2.54999995231628,down,2026-08-21T15:58:20,0.0,0.0
SPXW,2026-08-28,7,Call,7180.0,SPXW260828C07180000,491.8,511.0,501.4,258.0,0.0,0.0,0.0,1.0,0.2098,0.9883,0.0001,0.3516,-0.4105,1.3582,497.731,0.0,0.0,0.0,479.949996948242,down,2026-07-29T15:40:20,0.0,0.0
SPXW,2026-08-28,7,Put,7180.0,SPXW260828P07180000,0.75,0.9,0.825,0.8,-1.8,-69.2308,1524.0,110.0,0.2125,-0.0116,0.0001,0.3516,-0.4105,-0.0167,0.8773,1.43,1.43,0.8,2.60000002384186,no_change,2026-08-21T15:58:21,0.0,0.0
SPXW,2026-08-28,7,Call,7185.0,SPXW260828C07185000,482.1,504.3,493.20000000000005,494.48,19.53,4.11201,2.0,0.0,0.2078,0.988,0.0001,0.3585,-0.4163,1.3588,492.7512,494.25,494.48,494.25,474.949996948242,up,2026-08-21T16:07:04,0.0,0.0
SPXW,2026-08-28,7,Put,7185.0,SPXW260828P07185000,0.8,0.9,0.8500000000000001,0.8,-1.85,-69.8113,126.0,16.0,0.2114,-0.0119,0.0001,0.3585,-0.4163,-0.0171,0.8932,1.45,1.45,0.8,2.64999997615814,no_change,2026-08-21T15:58:20,0.0,0.0
SPXW,2026-08-28,7,Call,7190.0,SPXW260828C07190000,481.5,501.1,491.3,496.3,26.45,5.62945,1.0,4.0,0.2057,0.9877,0.0001,0.3656,-0.4223,1.3594,487.7719,496.3,496.3,496.3,469.850006103516,up,2026-08-21T12:26:13,0.0,0.0
SPXW,2026-08-28,7,Put,7190.0,SPXW260828P07190000,0.8,0.9,0.8500000000000001,0.8,-1.9,-70.3704,2899.0,271.0,0.2103,-0.0122,0.0001,0.3656,-0.4223,-0.0175,0.9099,1.45,1.45,0.8,2.70000004768372,down,2026-08-21T15:58:18,0.0,0.0
SPXW,2026-08-28,7,Call,7195.0,SPXW260828C07195000,476.0,496.1,486.05,473.18,8.18,1.75914,3.0,3.0,0.207,0.9874,0.0001,0.3729,-0.4285,1.36,482.7933,473.18,473.18,473.18,465.0,down,2026-08-21T10:38:11,0.0,0.0
SPXW,2026-08-28,7,Put,7195.0,SPXW260828P07195000,0.8,0.9,0.8500000000000001,0.85,-1.925,-69.3694,32.0,58.0,0.2083,-0.0124,0.0001,0.3729,-0.4285,-0.0179,0.927,1.1,1.15,0.85,2.77499997615814,no_change,2026-08-21T15:58:21,0.0,0.0
SPXW,2026-08-28,7,Call,7200.0,SPXW260828C07200000,472.0,491.1,481.55,480.8,20.75,4.51038,5.0,118.0,0.2049,0.9872,0.0001,0.3805,-0.4349,1.3605,477.8153,468.33,480.8,468.33,460.049987792969,up,2026-08-21T16:05:44,0.0,0.0
SPXW,2026-08-28,7,Put,7200.0,SPXW260828P07200000,0.85,0.95,0.8999999999999999,0.85,-1.95,-68.4211,762.0,2546.0,0.2079,-0.0127,0.0001,0.3805,-0.4349,-0.0183,0.9449,1.55,1.55,0.84,2.85000002384186,no_change,2026-08-21T16:07:32,0.0,0.0
SPXW,2026-08-28,7,Call,7205.0,SPXW260828C07205000,462.1,485.4,473.75,470.25,0.0,0.0,0.0,1.0,0.2029,0.9869,0.0001,0.3883,-0.4415,1.361,472.838,0.0,0.0,0.0,455.449996948242,down,2026-08-20T13:36:11,0.0,0.0
SPXW,2026-08-28,7,Put,7205.0,SPXW260828P07205000,0.85,0.95,0.8999999999999999,0.95,-1.95,-67.2414,28.0,60.0,0.2059,-0.013,0.0001,0.3883,-0.4415,-0.0188,0.9634,1.15,1.2,0.95,2.89999997615814,no_change,2026-08-21T15:53:37,0.0,0.0
SPXW,2026-08-28,7,Call,7210.0,SPXW260828C07210000,458.3,481.1,469.70000000000005,467.15,16.9,3.75347,2.0,3.0,0.2008,0.9866,0.0002,0.3965,-0.4484,1.3615,467.8614,467.07,467.15,467.07,450.25,up,2026-08-21T14:39:47,0.0,0.0
SPXW,2026-08-28,7,Put,7210.0,SPXW260828P07210000,0.9,1.0,0.95,0.95,-2.05,-68.3333,30.0,124.0,0.204,-0.0134,0.0002,0.3965,-0.4483,-0.0192,0.9826,1.2,1.2,0.95,3.0,no_change,2026-08-21T15:54:00,0.0,0.0
SPXW,2026-08-28,7,Call,7215.0,SPXW260828C07215000,452.2,476.2,464.2,0.0,0.0,0.0,0.0,0.0,0.1987,0.9862,0.0002,0.4048,-0.4554,1.362,462.8856,0.0,0.0,0.0,445.550003051758,no_change,,0.0,0.0
SPXW,2026-08-28,7,Put,7215.0,SPXW260828P07215000,0.9,1.0,0.95,0.95,-2.075,-68.595,197.0,40.0,0.2035,-0.0137,0.0002,0.4048,-0.4554,-0.0197,1.0026,1.5,1.7,0.95,3.02499997615814,down,2026-08-21T15:57:51,0.0,0.0
SPXW,2026-08-28,7,Call,7220.0,SPXW260828C07220000,447.2,470.5,458.85,457.07,16.62,3.77341,2.0,11.0,0.1997,0.9859,0.0002,0.4135,-0.4627,1.3625,457.9107,457.0,457.07,457.0,440.449996948242,up,2026-08-21T14:38:55,0.0,0.0
SPXW,2026-08-28,7,Put,7220.0,SPXW260828P07220000,0.9,1.0,0.95,0.95,-2.15,-69.3548,33.0,117.0,0.2015,-0.014,0.0002,0.4135,-0.4627,-0.0202,1.0235,1.25,1.25,0.95,3.10000002384186,no_change,2026-08-21T15:59:30,0.0,0.0
SPXW,2026-08-28,7,Call,7225.0,SPXW260828C07225000,442.4,466.2,454.29999999999995,453.22,0.0,0.0,0.0,6.0,0.1976,0.9855,0.0002,0.4225,-0.4703,1.3629,452.9366,0.0,0.0,0.0,435.450012207031,down,2026-08-20T13:20:35,0.0,0.0
SPXW,2026-08-28,7,Put,7225.0,SPXW260828P07225000,0.95,1.05,1.0,1.0,-2.2,-68.75,235.0,246.0,0.2009,-0.0144,0.0002,0.4222,-0.4698,-0.0207,1.0441,1.62,1.75,1.0,3.19999992847443,no_change,2026-08-21T16:05:48,0.0,0.0
SPXW,2026-08-28,7,Call,7230.0,SPXW260828C07230000,437.3,460.6,448.95000000000005,447.05,16.6,3.85643,2.0,1.0,0.1955,0.9852,0.0002,0.4317,-0.4782,1.3633,447.9635,451.94,451.94,447.05,430.449996948242,down,2026-08-21T14:37:46,0.0,0.0
SPXW,2026-08-28,7,Put,7230.0,SPXW260828P07230000,0.95,1.05,1.0,1.05,-2.2,-67.6923,27.0,388.0,0.1989,-0.0147,0.0002,0.4315,-0.4777,-0.0212,1.0668,1.7,1.75,1.02,3.25,no_change,2026-08-21T15:57:20,0.0,0.0
SPXW,2026-08-28,7,Call,7235.0,SPXW260828C07235000,432.4,456.3,444.35,0.0,0.0,0.0,0.0,0.0,0.1962,0.9848,0.0002,0.4413,-0.4864,1.3637,442.9914,0.0,0.0,0.0,425.850006103516,no_change,,0.0,0.0
SPXW,2026-08-28,7,Put,7235.0,SPXW260828P07235000,1.0,1.1,1.05,1.05,-2.24,-67.8788,32.0,75.0,0.1982,-0.0151,0.0002,0.441,-0.4859,-0.0218,1.0905,1.3,1.3,1.03,3.30000007152557,no_change,2026-08-21T16:00:50,0.0,0.0
SPXW,2026-08-28,7,Call,7240.0,SPXW260828C07240000,427.5,451.3,439.4,442.0,21.05,5.00059,2.0,15.0,0.1942,0.9844,0.0002,0.4512,-0.4949,1.3641,438.0203,441.77,442.0,441.77,420.949996948242,up,2026-08-21T13:45:38,0.0,0.0
SPXW,2026-08-28,7,Put,7240.0,SPXW260828P07240000,1.0,1.1,1.05,1.1,-2.3,-67.6471,50.0,227.0,0.1962,-0.0155,0.0002,0.4509,-0.4944,-0.0224,1.1153,1.82,1.82,1.05,3.39999997615814,up,2026-08-21T15:53:51,0.0,0.0
SPXW,2026-08-28,7,Call,7245.0,SPXW260828C07245000,422.4,446.3,434.35,0.0,0.0,0.0,0.0,0.0,0.1921,0.984,0.0002,0.4614,-0.5037,1.3644,433.0504,0.0,0.0,0.0,415.75,no_change,,0.0,0.0
SPXW,2026-08-28,7,Put,7245.0,SPXW260828P07245000,1.05,1.15,1.1,1.1,-2.4,-68.5714,61.0,42.0,0.1955,-0.0159,0.0002,0.4612,-0.5033,-0.023,1.1413,1.35,1.4,1.04,3.5,no_change,2026-08-21T16:11:51,0.0,0.0
SPXW,2026-08-28,7,Call,7250.0,SPXW260828C07250000,417.4,440.8,429.1,432.09,21.54,5.24662,2.0,197.0,0.19,0.9835,0.0002,0.4721,-0.5129,1.3648,428.0818,432.11,432.11,432.09,410.549987792969,down,2026-08-21T13:43:42,0.0,0.0
SPXW,2026-08-28,7,Put,7250.0,SPXW260828P07250000,1.05,1.15,1.1,1.2,-2.4,-66.6667,1323.0,1160.0,0.1934,-0.0164,0.0002,0.4718,-0.5125,-0.0236,1.1685,1.99,1.99,1.1,3.60000002384186,up,2026-08-21T16:00:07,0.0,0.0
SPXW,2026-08-28,7,Call,7255.0,SPXW260828C07255000,413.1,436.4,424.75,0.0,0.0,0.0,0.0,0.0,0.1904,0.9831,0.0002,0.4831,-0.5225,1.3651,423.1144,0.0,0.0,0.0,406.650009155273,no_change,,0.0,0.0
SPXW,2026-08-28,7,Put,7255.0,SPXW260828P07255000,1.1,1.2,1.15,1.15,-2.55,-68.9189,42.0,68.0,0.1926,-0.0168,0.0002,0.4829,-0.522,-0.0243,1.197,1.6,1.6,1.15,3.69999992847443,no_change,2026-08-21T16:13:34,0.0,0.0
SPXW,2026-08-28,7,Call,7260.0,SPXW260828C07260000,407.9,431.4,419.65,422.19,20.44,5.08774,2.0,10.0,0.1883,0.9826,0.0002,0.4946,-0.5324,1.3653,418.1484,427.78,427.78,422.19,401.75,down,2026-08-21T13:42:55,0.0,0.0
SPXW,2026-08-28,7,Put,7260.0,SPXW260828P07260000,1.1,1.25,1.175,1.2,-2.6,-68.4211,92.0,83.0,0.1918,-0.0173,0.0002,0.4944,-0.532,-0.025,1.2268,1.6,1.63,1.2,3.80000007152557,no_change,2026-08-21T15:54:08,0.0,0.0
SPXW,2026-08-28,7,Call,7265.0,SPXW260828C07265000,402.5,426.5,414.5,219.3,0.0,0.0,0.0,2.0,0.1862,0.9821,0.0002,0.5065,-0.5428,1.3656,413.1838,0.0,0.0,0.0,396.699996948242,down,2026-07-29T15:30:37,0.0,0.0
SPXW,2026-08-28,7,Put,7265.0,SPXW260828P07265000,1.15,1.25,1.2,1.23,-2.67,-68.4615,44.0,147.0,0.1897,-0.0178,0.0002,0.5063,-0.5424,-0.0257,1.2581,1.69,1.69,1.2,3.89999997615814,down,2026-08-21T15:59:14,0.0,0.0
SPXW,2026-08-28,7,Call,7270.0,SPXW260828C07270000,402.5,421.5,412.0,494.84,0.0,0.0,0.0,6.0,0.1865,0.9816,0.0002,0.519,-0.5536,1.3658,408.2208,0.0,0.0,0.0,391.5,up,2026-08-17T14:36:45,0.0,0.0
SPXW,2026-08-28,7,Put,7270.0,SPXW260828P07270000,1.2,1.3,1.25,1.3,-2.7,-67.5,130.0,181.0,0.1888,-0.0183,0.0002,0.5188,-0.5532,-0.0264,1.291,2.2,2.2,1.25,4.0,up,2026-08-21T15:53:06,0.0,0.0
SPXW,2026-08-28,7,Call,7275.0,SPXW260828C07275000,392.7,416.6,404.65,412.84,26.54,6.87031,2.0,56.0,0.1844,0.981,0.0002,0.532,-0.5649,1.366,403.2594,412.34,412.84,412.34,386.300003051758,up,2026-08-21T12:34:40,0.0,0.0
SPXW,2026-08-28,7,Put,7275.0,SPXW260828P07275000,1.2,1.35,1.275,1.3,-2.8,-68.2927,135.0,131.0,0.1878,-0.0188,0.0002,0.5318,-0.5645,-0.0272,1.3255,2.17,2.2,1.2,4.09999990463257,no_change,2026-08-21T16:12:27,0.0,0.0
SPXW,2026-08-28,7,Call,7280.0,SPXW260828C07280000,387.8,411.6,399.70000000000005,406.91,0.0,0.0,0.0,4.0,0.1844,0.9805,0.0002,0.5455,-0.5766,1.3661,398.2998,0.0,0.0,0.0,381.450012207031,up,2026-08-20T12:05:37,0.0,0.0
SPXW,2026-08-28,7,Put,7280.0,SPXW260828P07280000,1.25,1.35,1.3,1.35,-2.85,-67.8571,304.0,226.0,0.1863,-0.0194,0.0002,0.5454,-0.5763,-0.028,1.3617,2.28,2.33,1.3,4.20000004768372,no_change,2026-08-21T16:04:53,0.0,0.0
SPXW,2026-08-28,7,Call,7285.0,SPXW260828C07285000,387.7,406.6,397.15,185.2,0.0,0.0,0.0,11.0,0.1823,0.9799,0.0002,0.5597,-0.5889,1.3662,393.342,0.0,0.0,0.0,377.0,down,2026-07-29T15:40:37,0.0,0.0
SPXW,2026-08-28,7,Put,7285.0,SPXW260828P07285000,1.3,1.4,1.35,1.35,-2.95,-68.6047,105.0,35.0,0.1847,-0.02,0.0002,0.5596,-0.5886,-0.0289,1.3998,1.7,1.75,1.35,4.29999995231628,no_change,2026-08-21T16:13:36,0.0,0.0
SPXW,2026-08-28,7,Call,7290.0,SPXW260828C07290000,378.1,401.7,389.9,397.6,25.6,6.88172,2.0,7.0,0.1823,0.9792,0.0002,0.5745,-0.6016,1.3662,388.3861,398.24,398.24,397.6,372.0,down,2026-08-21T12:33:35,0.0,0.0
SPXW,2026-08-28,7,Put,7290.0,SPXW260828P07290000,1.35,1.45,1.4,1.4,-3.05,-68.5393,531.0,285.0,0.1837,-0.0207,0.0002,0.5745,-0.6016,-0.0298,1.4404,2.47,2.47,1.4,4.45000004768372,down,2026-08-21T16:13:34,0.0,0.0
SPXW,2026-08-28,7,Call,7295.0,SPXW260828C07295000,376.7,396.7,386.7,392.1,0.0,0.0,0.0,4.0,0.1801,0.9786,0.0003,0.5898,-0.615,1.3662,383.4324,0.0,0.0,0.0,366.850006103516,up,2026-08-20T12:04:34,0.0,0.0
SPXW,2026-08-28,7,Put,7295.0,SPXW260828P07295000,1.4,1.5,1.45,1.45,-3.1,-68.1319,229.0,84.0,0.1826,-0.0213,0.0003,0.5898,-0.615,-0.0308,1.4826,2.37,2.37,1.4,4.54999995231628,no_change,2026-08-21T16:11:39,0.0,0.0
SPXW,2026-08-28,7,Call,7300.0,SPXW260828C07300000,372.6,391.8,382.20000000000005,373.98,11.83,3.2666,1.0,105.0,0.1799,0.9779,0.0003,0.6058,-0.6289,1.3662,378.481,373.98,373.98,373.98,362.150009155273,down,2026-08-21T10:17:37,0.0,0.0
SPXW,2026-08-28,7,Put,7300.0,SPXW260828P07300000,1.4,1.55,1.475,1.49,-3.21,-68.2979,486.0,2047.0,0.1814,-0.022,0.0003,0.6058,-0.6289,-0.0318,1.5269,2.45,2.72,1.38,4.70000004768372,up,2026-08-21T16:11:57,0.0,0.0
SPXW,2026-08-28,7,Call,7305.0,SPXW260828C07305000,363.0,386.8,374.9,383.74,26.69,7.47515,2.0,11.0,0.1778,0.9772,0.0003,0.6224,-0.6435,1.366,373.532,383.89,383.89,383.74,357.049987792969,down,2026-08-21T12:31:33,0.0,0.0
SPXW,2026-08-28,7,Put,7305.0,SPXW260828P07305000,1.5,1.55,1.525,1.6,-3.2,-66.6667,140.0,130.0,0.1802,-0.0227,0.0003,0.6224,-0.6435,-0.0329,1.5737,2.35,2.55,1.45,4.79999995231628,up,2026-08-21T15:55:42,0.0,0.0
SPXW,2026-08-28,7,Call,7310.0,SPXW260828C07310000,358.3,381.9,370.1,458.57,0.0,0.0,0.0,36.0,0.1774,0.9764,0.0003,0.6397,-0.6587,1.3659,368.5855,0.0,0.0,0.0,352.199996948242,down,2026-08-11T11:14:08,0.0,0.0
SPXW,2026-08-28,7,Put,7310.0,SPXW260828P07310000,1.55,1.6,1.5750000000000002,1.6,-3.35,-67.6768,108.0,145.0,0.179,-0.0235,0.0003,0.6397,-0.6587,-0.034,1.6231,2.82,2.82,1.57,4.95000004768372,no_change,2026-08-21T16:11:35,0.0,0.0
SPXW,2026-08-28,7,Call,7315.0,SPXW260828C07315000,353.1,376.8,364.95000000000005,360.87,13.47,3.87738,1.0,6.0,0.1753,0.9756,0.0003,0.6576,-0.6746,1.3656,363.6418,360.87,360.87,360.87,347.399993896484,down,2026-08-21T09:43:14,0.0,0.0
SPXW,2026-08-28,7,Put,7315.0,SPXW260828P07315000,1.55,1.7,1.625,1.68,-3.43,-67.2549,118.0,172.0,0.1777,-0.0243,0.0003,0.6576,-0.6746,-0.0352,1.6752,2.75,2.75,1.63,5.09999990463257,up,2026-08-21T16:11:57,0.0,0.0
SPXW,2026-08-28,7,Call,7320.0,SPXW260828C07320000,353.0,370.9,361.95,369.17,26.47,7.72395,2.0,44.0,0.1748,0.9748,0.0003,0.6762,-0.6912,1.3654,358.701,369.11,369.17,369.11,342.700012207031,up,2026-08-21T12:30:09,0.0,0.0
SPXW,2026-08-28,7,Put,7320.0,SPXW260828P07320000,1.65,1.75,1.7,1.7,-3.55,-67.619,75.0,317.0,0.1764,-0.0251,0.0003,0.6762,-0.6912,-0.0364,1.7302,2.78,2.98,1.6,5.25,no_change,2026-08-21T16:11:40,0.0,0.0
SPXW,2026-08-28,7,Call,7325.0,SPXW260828C07325000,348.1,366.6,357.35,492.49,0.0,0.0,0.0,113.0,0.1726,0.9739,0.0003,0.6956,-0.7086,1.365,353.7632,0.0,0.0,0.0,337.599990844727,down,2026-08-13T10:18:03,0.0,0.0
SPXW,2026-08-28,7,Put,7325.0,SPXW260828P07325000,1.7,1.8,1.75,1.7,-3.65,-67.5926,227.0,429.0,0.1751,-0.026,0.0003,0.6956,-0.7086,-0.0377,1.7883,3.0,3.2,1.62,5.40000009536743,down,2026-08-21T16:14:21,0.0,0.0
SPXW,2026-08-28,7,Call,7330.0,SPXW260828C07330000,338.3,362.0,350.15,359.19,26.29,7.89727,4.0,31.0,0.1721,0.9729,0.0003,0.7158,-0.7267,1.3646,348.8287,366.9,366.9,359.19,332.899993896484,down,2026-08-21T12:29:19,0.0,0.0
SPXW,2026-08-28,7,Put,7330.0,SPXW260828P07330000,1.75,1.85,1.8,1.8,-3.75,-67.5676,157.0,836.0,0.1745,-0.027,0.0003,0.7158,-0.7267,-0.0391,1.8496,3.08,3.27,1.7,5.54999995231628,no_change,2026-08-21T16:13:45,0.0,0.0
SPXW,2026-08-28,7,Call,7335.0,SPXW260828C07335000,333.7,356.8,345.25,351.25,22.9,6.97426,3.0,7.0,0.1715,0.9719,0.0004,0.7369,-0.7457,1.3641,343.8977,341.08,361.14,341.08,328.350006103516,down,2026-08-21T15:07:03,0.0,0.0
SPXW,2026-08-28,7,Put,7335.0,SPXW260828P07335000,1.8,1.9,1.85,1.9,-3.8,-66.6667,88.0,194.0,0.1731,-0.028,0.0004,0.7369,-0.7457,-0.0405,1.9144,2.9,3.02,1.85,5.70000004768372,no_change,2026-08-21T16:11:39,0.0,0.0
SPXW,2026-08-28,7,Call,7340.0,SPXW260828C07340000,328.8,352.3,340.55,356.25,0.0,0.0,0.0,33.0,0.1708,0.9709,0.0004,0.7591,-0.7655,1.3636,338.9702,0.0,0.0,0.0,323.149993896484,up,2026-08-20T11:16:13,0.0,0.0
SPXW,2026-08-28,7,Put,7340.0,SPXW260828P07340000,1.9,2.0,1.95,2.0,-3.9,-66.1017,3049.0,338.0,0.1717,-0.029,0.0004,0.7591,-0.7655,-0.042,1.9827,3.26,3.26,1.75,5.90000009536743,up,2026-08-21T15:54:50,0.0,0.0
SPXW,2026-08-28,7,Call,7345.0,SPXW260828C07345000,323.6,346.8,335.20000000000005,341.82,23.37,7.33867,2.0,4.0,0.1685,0.9698,0.0004,0.7822,-0.7861,1.363,334.0466,341.35,341.82,341.35,318.449996948242,up,2026-08-21T15:07:58,0.0,0.0
SPXW,2026-08-28,7,Put,7345.0,SPXW260828P07345000,1.95,2.05,2.0,2.05,-4.05,-66.3934,118.0,132.0,0.1709,-0.0301,0.0004,0.7822,-0.7861,-0.0436,2.0549,3.4,3.5,1.85,6.09999990463257,up,2026-08-21T15:54:11,0.0,0.0
SPXW,2026-08-28,7,Call,7350.0,SPXW260828C07350000,322.2,342.4,332.29999999999995,345.47,0.0,0.0,0.0,153.0,0.1677,0.9687,0.0004,0.8064,-0.8077,1.3623,329.1271,0.0,0.0,0.0,313.600006103516,down,2026-08-20T11:16:50,0.0,0.0
SPXW,2026-08-28,7,Put,7350.0,SPXW260828P07350000,2.05,2.15,2.0999999999999996,2.1,-4.15,-66.4,613.0,20991.0,0.1694,-0.0312,0.0004,0.8064,-0.8077,-0.0452,2.1312,3.4,3.75,2.0,6.25,no_change,2026-08-21T16:13:34,0.0,0.0
SPXW,2026-08-28,7,Call,7355.0,SPXW260828C07355000,313.7,335.6,324.65,331.47,22.02,7.11585,2.0,13.0,0.1669,0.9675,0.0004,0.8316,-0.8301,1.3615,324.2118,331.73,331.73,331.47,309.449996948242,down,2026-08-21T15:08:50,0.0,0.0
SPXW,2026-08-28,7,Put,7355.0,SPXW260828P07355000,2.1,2.2,2.1500000000000004,2.2,-4.25,-65.8915,353.0,300.0,0.1686,-0.0324,0.0004,0.8316,-0.8301,-0.047,2.2118,3.51,3.6,2.0,6.45000004768372,up,2026-08-21T15:54:06,0.0,0.0
SPXW,2026-08-28,7,Call,7360.0,SPXW260828C07360000,313.6,332.6,323.1,326.78,22.13,7.26407,1.0,18.0,0.166,0.9662,0.0004,0.8578,-0.8536,1.3606,319.3012,326.78,326.78,326.78,304.650009155273,down,2026-08-21T15:08:45,0.0,0.0
SPXW,2026-08-28,7,Put,7360.0,SPXW260828P07360000,2.2,2.3,2.25,2.25,-4.4,-66.1654,156.0,136.0,0.1676,-0.0337,0.0004,0.8578,-0.8536,-0.0489,2.297,3.87,3.87,2.05,6.64999985694885,no_change,2026-08-21T16:13:36,0.0,0.0
SPXW,2026-08-28,7,Call,7365.0,SPXW260828C07365000,304.2,326.2,315.2,321.7,22.55,7.53803,2.0,4.0,0.165,0.9648,0.0004,0.8849,-0.878,1.3595,314.3955,321.62,321.7,321.62,299.149993896484,up,2026-08-21T15:09:55,0.0,0.0
SPXW,2026-08-28,7,Put,7365.0,SPXW260828P07365000,2.3,2.4,2.3499999999999996,2.35,-4.55,-65.942,139.0,104.0,0.1663,-0.035,0.0004,0.8849,-0.878,-0.0509,2.387,3.93,3.95,2.15,6.90000009536743,no_change,2026-08-21T16:13:35,0.0,0.0
SPXW,2026-08-28,7,Call,7370.0,SPXW260828C07370000,303.2,322.8,313.0,321.26,0.0,0.0,0.0,67.0,0.1639,0.9634,0.0004,0.9131,-0.9035,1.3584,309.495,0.0,0.0,0.0,294.5,down,2026-08-20T12:39:26,0.0,0.0
SPXW,2026-08-28,7,Put,7370.0,SPXW260828P07370000,2.4,2.5,2.45,2.35,-4.75,-66.9014,222.0,266.0,0.1653,-0.0365,0.0004,0.9131,-0.9035,-0.053,2.4824,3.9,4.2,2.3,7.09999990463257,down,2026-08-21T15:59:30,0.0,0.0
SPXW,2026-08-28,7,Call,7375.0,SPXW260828C07375000,294.4,317.9,306.15,299.15,8.85,3.04857,2.0,54.0,0.1628,0.962,0.0005,0.9422,-0.93,1.3572,304.6,299.15,299.15,299.15,290.299987792969,no_change,2026-08-21T10:49:03,0.0,0.0
SPXW,2026-08-28,7,Put,7375.0,SPXW260828P07375000,2.45,2.6,2.5250000000000004,2.61,-4.74,-64.4898,747.0,2787.0,0.1642,-0.0379,0.0005,0.9422,-0.93,-0.0552,2.5831,4.0,4.45,2.3,7.35000014305115,up,2026-08-21T16:09:31,0.0,0.0
SPXW,2026-08-28,7,Call,7380.0,SPXW260828C07380000,289.3,313.0,301.15,301.85,17.0,5.96805,2.0,113.0,0.1617,0.9604,0.0005,0.9725,-0.9577,1.3558,299.7107,306.9,306.9,301.85,284.850006103516,down,2026-08-21T16:14:26,0.0,0.0
SPXW,2026-08-28,7,Put,7380.0,SPXW260828P07380000,2.6,2.7,2.6500000000000004,2.75,-4.8,-63.5762,132.0,223.0,0.1634,-0.0395,0.0005,0.9725,-0.9577,-0.0575,2.6898,4.0,4.62,2.4,7.54999995231628,up,2026-08-21T16:02:31,0.0,0.0
SPXW,2026-08-28,7,Call,7385.0,SPXW260828C07385000,288.8,308.1,298.45000000000005,297.25,16.9,6.02818,1.0,8.0,0.1605,0.9588,0.0005,1.004,-0.9864,1.3544,294.8275,297.25,297.25,297.25,280.349990844727,up,2026-08-21T16:14:26,0.0,0.0
SPXW,2026-08-28,7,Put,7385.0,SPXW260828P07385000,2.7,2.8,2.75,2.7,-5.1,-65.3846,154.0,191.0,0.1622,-0.0412,0.0005,1.004,-0.9864,-0.0599,2.8024,4.56,4.56,2.6,7.79999995231628,no_change,2026-08-21T16:12:42,0.0,0.0
SPXW,2026-08-28,7,Call,7390.0,SPXW260828C07390000,279.5,303.2,291.35,287.74,11.64,4.21586,1.0,57.0,0.1603,0.957,0.0005,1.0369,-1.0163,1.3528,289.9507,287.74,287.74,287.74,276.100006103516,up,2026-08-21T09:44:46,0.0,0.0
SPXW,2026-08-28,7,Put,7390.0,SPXW260828P07390000,2.8,2.9,2.8499999999999996,2.9,-5.19,-64.0741,330.0,213.0,0.1609,-0.0429,0.0005,1.0369,-1.0163,-0.0624,2.9214,4.6,4.92,2.78,8.09999990463257,down,2026-08-21T16:11:32,0.0,0.0
SPXW,2026-08-28,7,Call,7395.0,SPXW260828C07395000,274.6,297.8,286.20000000000005,290.05,19.05,7.02952,3.0,55.0,0.159,0.9552,0.0006,1.0712,-1.0474,1.3512,285.0805,290.05,290.05,290.05,271.0,down,2026-08-21T13:27:27,0.0,0.0
SPXW,2026-08-28,7,Put,7395.0,SPXW260828P07395000,2.9,3.1,3.0,2.95,-5.4,-64.6707,367.0,298.0,0.1599,-0.0447,0.0006,1.0712,-1.0473,-0.065,3.0469,5.1,5.1,2.7,8.34999990463257,no_change,2026-08-21T16:12:39,0.0,0.0
SPXW,2026-08-28,7,Call,7400.0,SPXW260828C07400000,275.5,287.4,281.45,285.63,19.88,7.48071,11.0,509.0,0.1596,0.9533,0.0006,1.107,-1.0796,1.3493,280.2173,276.92,289.98,276.92,265.75,down,2026-08-21T15:13:43,0.0,0.0
SPXW,2026-08-28,7,Put,7400.0,SPXW260828P07400000,3.0,3.2,3.1,3.21,-5.5,-63.9535,3450.0,22514.0,0.159,-0.0466,0.0006,1.107,-1.0796,-0.0678,3.1797,5.0,5.3,2.82,8.59999990463257,no_change,2026-08-21T16:00:18,0.0,0.0
SPXW,2026-08-28,7,Call,7405.0,SPXW260828C07405000,269.5,288.6,279.05,277.2,15.85,6.06466,3.0,86.0,0.1572,0.9513,0.0006,1.1441,-1.113,1.3473,275.3616,273.21,277.2,273.21,261.349998474121,up,2026-08-21T16:04:25,0.0,0.0
SPXW,2026-08-28,7,Put,7405.0,SPXW260828P07405000,3.2,3.3,3.25,3.2,-5.7,-64.0449,221.0,1324.0,0.1576,-0.0486,0.0006,1.1441,-1.113,-0.0707,3.3198,5.1,5.53,3.05,8.90000009536743,down,2026-08-21T16:12:37,0.0,0.0
SPXW,2026-08-28,7,Call,7410.0,SPXW260828C07410000,260.0,283.8,271.9,274.1,18.1,7.07031,2.0,83.0,0.1558,0.9492,0.0006,1.1824,-1.1476,1.3451,270.5139,274.1,274.1,274.1,256.0,down,2026-08-21T11:21:19,0.0,0.0
SPXW,2026-08-28,7,Put,7410.0,SPXW260828P07410000,3.3,3.5,3.4,3.4,-5.8,-63.0435,700.0,340.0,0.1571,-0.0508,0.0006,1.1824,-1.1476,-0.0739,3.4678,5.4,5.6,3.1,9.2000002861023,no_change,2026-08-21T16:13:43,0.0,0.0
SPXW,2026-08-28,7,Call,7415.0,SPXW260828C07415000,259.4,278.9,269.15,383.77,0.0,0.0,0.0,11.0,0.1552,0.9469,0.0006,1.2219,-1.1835,1.3428,265.6745,0.0,0.0,0.0,251.349998474121,no_change,2026-08-13T09:37:55,0.0,0.0
SPXW,2026-08-28,7,Put,7415.0,SPXW260828P07415000,3.4,3.6,3.5,3.56,-5.99,-62.7225,283.0,280.0,0.1556,-0.053,0.0006,1.2219,-1.1835,-0.0772,3.6243,5.2,5.7,3.18,9.55000019073486,no_change,2026-08-21T16:11:58,0.0,0.0
SPXW,2026-08-28,7,Call,7420.0,SPXW260828C07420000,253.9,274.1,264.0,334.76,0.0,0.0,0.0,43.0,0.1545,0.9446,0.0007,1.2626,-1.2206,1.3402,260.8439,0.0,0.0,0.0,246.700004577637,no_change,2026-08-06T15:09:44,0.0,0.0
SPXW,2026-08-28,7,Put,7420.0,SPXW260828P07420000,3.6,3.8,3.7,3.7,-6.15,-62.4365,320.0,280.0,0.155,-0.0553,0.0007,1.2626,-1.2206,-0.0807,3.7895,5.76,6.12,3.45,9.84999990463257,down,2026-08-21T16:12:32,0.0,0.0
SPXW,2026-08-28,7,Call,7425.0,SPXW260828C07425000,249.1,269.2,259.15,243.55,0.0,0.0,0.0,139.0,0.1529,0.9421,0.0007,1.3045,-1.259,1.3376,256.0226,0.0,0.0,0.0,242.050003051758,down,2026-08-20T14:40:48,0.0,0.0
SPXW,2026-08-28,7,Put,7425.0,SPXW260828P07425000,3.8,4.0,3.9,3.9,-6.3,-61.7647,519.0,642.0,0.1542,-0.0578,0.0007,1.3045,-1.259,-0.0843,3.9641,5.9,6.45,3.47,10.2000002861023,no_change,2026-08-21T16:13:42,0.0,0.0
SPXW,2026-08-28,7,Call,7430.0,SPXW260828C07430000,240.7,264.4,252.54999999999998,238.9,0.0,0.0,0.0,115.0,0.152,0.9395,0.0007,1.348,-1.2987,1.3348,251.2109,0.0,0.0,0.0,237.400001525879,down,2026-08-20T14:40:48,0.0,0.0
SPXW,2026-08-28,7,Put,7430.0,SPXW260828P07430000,3.9,4.1,4.0,4.1,-6.45,-61.1374,332.0,321.0,0.1533,-0.0604,0.0007,1.348,-1.2987,-0.0881,4.1482,6.2,6.37,3.7,10.5500001907349,no_change,2026-08-21T16:11:33,0.0,0.0
SPXW,2026-08-28,7,Call,7435.0,SPXW260828C07435000,240.5,259.6,250.05,246.2,13.45,5.77873,2.0,58.0,0.1511,0.9368,0.0008,1.3932,-1.3396,1.3318,246.4093,245.76,246.2,245.76,232.75,up,2026-08-21T09:47:23,0.0,0.0
SPXW,2026-08-28,7,Put,7435.0,SPXW260828P07435000,4.1,4.3,4.199999999999999,4.2,-6.7,-61.4679,755.0,643.0,0.1524,-0.0631,0.0008,1.3932,-1.3396,-0.092,4.3423,6.6,7.1,3.8,10.9000000953674,down,2026-08-21T16:12:28,0.0,0.0
SPXW,2026-08-28,7,Call,7440.0,SPXW260828C07440000,235.8,252.8,244.3,247.32,19.12,8.37861,8.0,82.0,0.1501,0.934,0.0008,1.4402,-1.3818,1.3286,241.6181,247.43,247.43,247.32,228.200004577637,no_change,2026-08-21T11:18:37,0.0,0.0
SPXW,2026-08-28,7,Put,7440.0,SPXW260828P07440000,4.3,4.5,4.4,4.48,-6.82,-60.354,1578.0,557.0,0.1514,-0.0659,0.0008,1.4402,-1.3818,-0.0962,4.547,6.62,7.03,4.0,11.2999997138977,no_change,2026-08-21T16:07:37,0.0,0.0
SPXW,2026-08-28,7,Call,7445.0,SPXW260828C07445000,229.9,248.5,239.2,325.15,0.0,0.0,0.0,18.0,0.1491,0.931,0.0008,1.4887,-1.4253,1.3252,236.8381,0.0,0.0,0.0,223.599998474121,down,2026-08-12T13:17:43,0.0,0.0
SPXW,2026-08-28,7,Put,7445.0,SPXW260828P07445000,4.5,4.7,4.6,4.7,-7.0,-59.8291,1370.0,487.0,0.1503,-0.0689,0.0008,1.4887,-1.4253,-0.1006,4.7628,6.9,7.25,4.3,11.7000002861023,up,2026-08-21T16:01:23,0.0,0.0
SPXW,2026-08-28,7,Call,7450.0,SPXW260828C07450000,227.6,238.9,233.25,238.82,19.77,9.02534,5.0,927.0,0.15,0.9279,0.0009,1.5387,-1.47,1.3215,232.0698,240.11,240.11,238.23,219.049995422363,up,2026-08-21T15:59:05,0.0,0.0
SPXW,2026-08-28,7,Put,7450.0,SPXW260828P07450000,4.8,4.9,4.85,4.9,-7.2,-59.5041,1226.0,2045.0,0.1492,-0.072,0.0009,1.5387,-1.47,-0.1052,4.9903,7.1,7.85,4.33,12.0999999046326,down,2026-08-21T16:00:30,0.0,0.0
SPXW,2026-08-28,7,Call,7455.0,SPXW260828C07455000,216.8,239.7,228.25,241.91,0.0,0.0,0.0,24.0,0.1474,0.9246,0.0009,1.5899,-1.5159,1.3175,227.314,0.0,0.0,0.0,214.450004577637,down,2026-08-20T12:38:37,0.0,0.0
SPXW,2026-08-28,7,Put,7455.0,SPXW260828P07455000,5.0,5.2,5.1,5.2,-7.35,-58.5657,392.0,173.0,0.148,-0.0753,0.0009,1.5898,-1.5159,-0.1101,5.2302,7.4,7.85,4.56,12.5500001907349,no_change,2026-08-21T16:05:01,0.0,0.0
SPXW,2026-08-28,7,Call,7460.0,SPXW260828C07460000,211.9,233.7,222.8,220.65,10.75,5.12149,11.0,158.0,0.1468,0.9211,0.0009,1.6422,-1.5632,1.3133,222.5714,226.78,226.78,220.65,209.900001525879,down,2026-08-21T09:48:30,0.0,0.0
SPXW,2026-08-28,7,Put,7460.0,SPXW260828P07460000,5.2,5.4,5.300000000000001,5.41,-7.59,-58.3846,677.0,384.0,0.1474,-0.0788,0.0009,1.6422,-1.5632,-0.1153,5.4835,8.0,8.65,4.75,13.0,down,2026-08-21T16:05:35,0.0,0.0
SPXW,2026-08-28,7,Call,7465.0,SPXW260828C07465000,207.3,230.3,218.8,353.78,0.0,0.0,0.0,10.0,0.1461,0.9175,0.001,1.6958,-1.6116,1.3089,217.8424,0.0,0.0,0.0,205.349998474121,down,2026-08-13T15:48:23,0.0,0.0
SPXW,2026-08-28,7,Put,7465.0,SPXW260828P07465000,5.5,5.7,5.6,5.68,-7.7,-57.037,241.0,204.0,0.146,-0.0824,0.001,1.6958,-1.6116,-0.1206,5.7504,8.3,8.8,5.0,13.5,no_change,2026-08-21T16:08:25,0.0,0.0
SPXW,2026-08-28,7,Call,7470.0,SPXW260828C07470000,206.2,225.0,215.6,213.72,12.87,6.40777,2.0,189.0,0.1446,0.9137,0.001,1.751,-1.6612,1.3044,213.1276,213.72,213.72,213.72,200.849998474121,down,2026-08-21T10:55:56,0.0,0.0
SPXW,2026-08-28,7,Put,7470.0,SPXW260828P07470000,5.8,5.9,5.85,5.9,-8.05,-57.7061,472.0,462.0,0.1452,-0.0862,0.001,1.751,-1.6612,-0.1261,6.0314,8.7,9.07,5.2,13.9499998092651,no_change,2026-08-21T16:01:05,0.0,0.0
SPXW,2026-08-28,7,Call,7475.0,SPXW260828C07475000,202.5,219.5,211.0,218.75,0.0,0.0,0.0,150.0,0.1437,0.9098,0.0011,1.8081,-1.712,1.2996,208.4276,0.0,0.0,0.0,196.400001525879,no_change,2026-08-20T11:48:08,0.0,0.0
SPXW,2026-08-28,7,Put,7475.0,SPXW260828P07475000,6.0,6.2,6.1,6.1,-8.25,-57.0934,1367.0,1007.0,0.1443,-0.0901,0.0011,1.8081,-1.712,-0.1319,6.3273,8.96,9.38,5.5,14.4499998092651,no_change,2026-08-21T16:12:39,0.0,0.0
SPXW,2026-08-28,7,Call,7480.0,SPXW260828C07480000,197.5,213.4,205.45,239.7,0.0,0.0,0.0,93.0,0.1433,0.9056,0.0011,1.8671,-1.7639,1.2944,203.7432,0.0,0.0,0.0,191.949996948242,down,2026-08-18T15:47:42,0.0,0.0
SPXW,2026-08-28,7,Put,7480.0,SPXW260828P07480000,6.3,6.5,6.4,6.5,-8.5,-56.6667,472.0,727.0,0.1433,-0.0943,0.0011,1.8671,-1.7639,-0.138,6.6387,9.45,9.8,5.75,15.0,up,2026-08-21T16:13:34,0.0,0.0
SPXW,2026-08-28,7,Call,7485.0,SPXW260828C07485000,197.5,203.4,200.45,202.22,14.67,7.82191,5.0,30.0,0.1428,0.9013,0.0011,1.9276,-1.8169,1.2889,199.0753,202.22,202.22,202.22,187.550003051758,up,2026-08-21T11:19:45,0.0,0.0
SPXW,2026-08-28,7,Put,7485.0,SPXW260828P07485000,6.7,6.8,6.75,6.8,-8.7,-56.129,417.0,1177.0,0.1425,-0.0986,0.0011,1.9276,-1.8169,-0.1444,6.9666,9.4,10.1,6.1,15.5,no_change,2026-08-21T16:13:36,0.0,0.0
SPXW,2026-08-28,7,Call,7490.0,SPXW260828C07490000,192.9,198.4,195.65,198.96,15.86,8.66193,6.0,173.0,0.1413,0.8967,0.0012,1.9893,-1.8709,1.2831,194.4249,192.79,198.96,192.79,183.099998474121,up,2026-08-21T11:27:43,0.0,0.0
SPXW,2026-08-28,7,Put,7490.0,SPXW260828P07490000,7.0,7.2,7.1,7.1,-9.0,-55.9006,1263.0,523.0,0.1416,-0.1032,0.0012,1.9893,-1.8709,-0.1512,7.312,10.8,10.8,6.31,16.1000003814697,down,2026-08-21T16:12:27,0.0,0.0
SPXW,2026-08-28,7,Call,7495.0,SPXW260828C07495000,188.2,193.7,190.95,191.74,13.09,7.32718,1.0,27.0,0.1408,0.892,0.0012,2.0519,-1.926,1.2769,189.793,191.74,191.74,191.74,178.649993896484,down,2026-08-21T13:59:32,0.0,0.0
SPXW,2026-08-28,7,Put,7495.0,SPXW260828P07495000,7.3,7.5,7.4,7.4,-9.3,-55.6886,601.0,270.0,0.1409,-0.1079,0.0012,2.0519,-1.926,-0.1584,7.6759,10.8,10.9,6.7,16.6999998092651,down,2026-08-21T16:12:28,0.0,0.0
SPXW,2026-08-28,7,Call,7500.0,SPXW260828C07500000,183.6,189.1,186.35,190.5,16.15,9.26297,8.0,1013.0,0.14,0.887,0.0013,2.1155,-1.982,1.2705,185.1805,186.15,196.96,181.8,174.350006103516,up,2026-08-21T14:54:37,0.0,0.0
SPXW,2026-08-28,7,Put,7500.0,SPXW260828P07500000,7.7,7.9,7.800000000000001,7.83,-9.3,-53.7572,1955.0,3036.0,0.1396,-0.1129,0.0013,2.1155,-1.982,-0.1658,8.0592,10.9,11.9,7.0,17.3000001907349,no_change,2026-08-21T16:14:47,0.0,0.0
SPXW,2026-08-28,7,Call,7505.0,SPXW260828C07505000,179.0,184.5,181.75,222.73,0.0,0.0,0.0,23.0,0.139,0.8818,0.0013,2.1805,-2.0389,1.2638,180.588,0.0,0.0,0.0,169.949996948242,no_change,2026-08-18T09:31:02,0.0,0.0
SPXW,2026-08-28,7,Put,7505.0,SPXW260828P07505000,8.1,8.3,8.2,8.16,-9.36,-52.1448,317.0,540.0,0.1387,-0.1181,0.0013,2.1805,-2.0389,-0.1734,8.4625,11.65,12.2,7.36,17.9499998092651,no_change,2026-08-21T16:14:47,0.0,0.0
SPXW,2026-08-28,7,Call,7510.0,SPXW260828C07510000,174.5,179.9,177.2,192.48,0.0,0.0,0.0,341.0,0.1384,0.8764,0.0014,2.2473,-2.0967,1.2568,176.0165,0.0,0.0,0.0,165.649993896484,down,2026-08-20T09:30:04,0.0,0.0
SPXW,2026-08-28,7,Put,7510.0,SPXW260828P07510000,8.5,8.7,8.6,8.7,-9.9,-53.2258,561.0,417.0,0.1381,-0.1235,0.0014,2.2473,-2.0967,-0.1814,8.8868,12.5,12.5,7.76,18.6000003814697,no_change,2026-08-21T16:13:40,0.0,0.0
SPXW,2026-08-28,7,Call,7515.0,SPXW260828C07515000,169.9,175.3,172.60000000000002,219.87,0.0,0.0,0.0,6.0,0.1366,0.8707,0.0014,2.3159,-2.1552,1.2494,171.467,0.0,0.0,0.0,161.400001525879,down,2026-08-19T15:27:12,0.0,0.0
SPXW,2026-08-28,7,Put,7515.0,SPXW260828P07515000,9.0,9.2,9.1,9.1,-9.84,-50.9845,237.0,290.0,0.137,-0.1292,0.0014,2.3159,-2.1552,-0.1897,9.3332,12.3,13.3,8.05,19.3000001907349,down,2026-08-21T16:12:27,0.0,0.0
SPXW,2026-08-28,7,Call,7520.0,SPXW260828C07520000,165.3,170.8,168.05,186.58,29.48,18.7651,3.0,118.0,0.1363,0.8647,0.0015,2.3858,-2.2143,1.2415,166.9409,167.2,186.58,161.48,157.099998474121,up,2026-08-21T11:42:18,0.0,0.0
SPXW,2026-08-28,7,Put,7520.0,SPXW260828P07520000,9.4,9.6,9.5,9.58,-10.47,-52.2195,367.0,348.0,0.136,-0.1352,0.0015,2.3858,-2.2143,-0.1986,9.803,14.0,14.0,8.45,20.0500001907349,down,2026-08-21T16:13:03,0.0,0.0
SPXW,2026-08-28,7,Call,7525.0,SPXW260828C07525000,160.8,166.2,163.5,168.58,16.03,10.508,6.0,544.0,0.1356,0.8585,0.0016,2.4565,-2.2741,1.2331,162.4399,163.69,168.58,163.69,152.549995422363,up,2026-08-21T15:52:39,0.0,0.0
SPXW,2026-08-28,7,Put,7525.0,SPXW260828P07525000,9.9,10.1,10.0,10.23,-10.33,-49.6635,1159.0,1458.0,0.1351,-0.1414,0.0016,2.4565,-2.2741,-0.2079,10.2977,13.5,14.6,8.93,20.8000001907349,up,2026-08-21T16:03:33,0.0,0.0
SPXW,2026-08-28,7,Call,7530.0,SPXW260828C07530000,156.4,161.7,159.05,152.7,4.05,2.72452,7.0,114.0,0.134,0.852,0.0016,2.5275,-2.3343,1.2244,157.9651,157.25,157.25,152.62,148.650001525879,up,2026-08-21T10:44:39,0.0,0.0
SPXW,2026-08-28,7,Put,7530.0,SPXW260828P07530000,10.4,10.6,10.5,10.8,-10.8,-50.0,386.0,426.0,0.1342,-0.1478,0.0016,2.5274,-2.3343,-0.2176,10.8186,14.4,14.6,9.5,21.6000003814697,up,2026-08-21T16:02:10,0.0,0.0
SPXW,2026-08-28,7,Call,7535.0,SPXW260828C07535000,151.9,157.2,154.55,154.65,10.2,7.06126,4.0,28.0,0.1332,0.8453,0.0017,2.5991,-2.395,1.2153,153.5178,154.72,154.72,148.35,144.450004577637,up,2026-08-21T10:56:00,0.0,0.0
SPXW,2026-08-28,7,Put,7535.0,SPXW260828P07535000,11.0,11.2,11.1,11.18,-11.4,-50.8929,297.0,246.0,0.1335,-0.1546,0.0017,2.5991,-2.395,-0.2276,11.3673,14.32,15.66,10.0,22.3999996185303,down,2026-08-21T16:00:44,0.0,0.0
SPXW,2026-08-28,7,Call,7540.0,SPXW260828C07540000,147.5,152.8,150.15,167.42,27.42,19.5857,9.0,422.0,0.133,0.8382,0.0017,2.6719,-2.456,1.206,149.099,150.28,167.42,147.79,140.0,up,2026-08-21T11:41:39,0.0,0.0
SPXW,2026-08-28,7,Put,7540.0,SPXW260828P07540000,11.5,11.7,11.6,11.6,-11.64,-49.9571,623.0,623.0,0.1326,-0.1617,0.0017,2.6719,-2.456,-0.238,11.9443,14.92,16.4,10.45,23.3000001907349,down,2026-08-21T16:14:36,0.0,0.0
SPXW,2026-08-28,7,Call,7545.0,SPXW260828C07545000,143.1,148.4,145.75,151.74,15.54,11.4097,5.0,6.0,0.1313,0.8309,0.0018,2.7462,-2.5171,1.1961,144.7101,145.72,151.97,143.37,136.200004577637,down,2026-08-21T15:40:20,0.0,0.0
SPXW,2026-08-28,7,Put,7545.0,SPXW260828P07545000,12.1,12.3,12.2,12.38,-11.3,-46.888,368.0,486.0,0.1317,-0.169,0.0018,2.7462,-2.5171,-0.2488,12.5512,15.7,17.1,11.0,24.1000003814697,no_change,2026-08-21T16:07:09,0.0,0.0
SPXW,2026-08-28,7,Call,7550.0,SPXW260828C07550000,138.4,144.0,141.2,150.49,18.19,13.7491,23.0,1122.0,0.1312,0.8232,0.0019,2.8216,-2.5782,1.1856,140.3529,142.5,151.66,136.92,132.299995422363,no_change,2026-08-21T15:47:53,0.0,0.0
SPXW,2026-08-28,7,Put,7550.0,SPXW260828P07550000,12.8,13.0,12.9,12.8,-11.7,-46.6135,1160.0,4173.0,0.1307,-0.1767,0.0019,2.8216,-2.5782,-0.2602,13.1898,16.93,17.75,11.5,25.1000003814697,no_change,2026-08-21T16:14:54,0.0,0.0
SPXW,2026-08-28,7,Call,7555.0,SPXW260828C07555000,134.5,139.6,137.05,146.05,18.35,14.3696,10.0,24.0,0.1291,0.8152,0.0019,2.8973,-2.6392,1.1745,136.0296,135.06,146.05,135.06,127.700000762939,up,2026-08-21T12:41:02,0.0,0.0
SPXW,2026-08-28,7,Put,7555.0,SPXW260828P07555000,13.4,13.6,13.5,13.68,-12.2,-46.9231,239.0,171.0,0.1299,-0.1847,0.0019,2.8973,-2.6392,-0.2723,13.8623,17.55,18.63,12.1,26.0,down,2026-08-21T16:13:12,0.0,0.0
SPXW,2026-08-28,7,Call,7560.0,SPXW260828C07560000,130.2,135.3,132.75,138.17,6.8,5.49717,60.0,301.0,0.1296,0.8069,0.002,2.9725,-2.6998,1.1629,131.742,130.35,138.17,130.35,123.700000762939,up,2026-08-21T15:38:08,0.0,0.0
SPXW,2026-08-28,7,Put,7560.0,SPXW260828P07560000,14.1,14.3,14.2,14.3,-12.7,-47.037,393.0,589.0,0.129,-0.193,0.002,2.9725,-2.6998,-0.2848,14.5705,17.4,19.81,12.97,27.0,down,2026-08-21T16:12:27,0.0,0.0
SPXW,2026-08-28,7,Call,7565.0,SPXW260828C07565000,125.5,131.0,128.25,124.82,4.57,3.80042,17.0,25.0,0.128,0.7982,0.0021,3.0473,-2.7601,1.151,127.4916,129.85,129.85,124.82,120.25,no_change,2026-08-21T10:29:34,0.0,0.0
SPXW,2026-08-28,7,Put,7565.0,SPXW260828P07565000,14.8,15.1,14.95,15.3,-12.7,-45.3571,735.0,948.0,0.1281,-0.2017,0.0021,3.0473,-2.7601,-0.2977,15.316,18.7,20.4,13.5,28.0,up,2026-08-21T16:11:32,0.0,0.0
SPXW,2026-08-28,7,Call,7570.0,SPXW260828C07570000,121.3,126.8,124.05,129.54,13.19,11.3365,67.0,1606.0,0.1275,0.7892,0.0021,3.1224,-2.8197,1.1387,123.2798,127.58,140.87,124.25,116.349998474121,up,2026-08-21T15:38:08,0.0,0.0
SPXW,2026-08-28,7,Put,7570.0,SPXW260828P07570000,15.6,15.8,15.7,15.88,-13.36,-45.9107,935.0,679.0,0.1271,-0.2108,0.0021,3.1224,-2.8197,-0.3109,16.1,21.4,21.6,14.1,29.1000003814697,no_change,2026-08-21T16:13:53,0.0,0.0
SPXW,2026-08-28,7,Call,7575.0,SPXW260828C07575000,117.2,122.5,119.85,120.71,8.26,7.34549,14.0,418.0,0.1268,0.7798,0.0022,3.1982,-2.8785,1.1258,119.1084,118.6,129.26,116.52,112.449996948242,down,2026-08-21T16:00:01,0.0,0.0
SPXW,2026-08-28,7,Put,7575.0,SPXW260828P07575000,16.4,16.6,16.5,16.9,-13.3,-44.0397,466.0,883.0,0.1265,-0.2201,0.0022,3.1982,-2.8785,-0.3248,16.9244,20.16,22.0,14.85,30.1999998092651,up,2026-08-21T16:11:04,0.0,0.0
SPXW,2026-08-28,7,Call,7580.0,SPXW260828C07580000,113.0,118.4,115.7,114.55,5.85,5.38178,9.0,215.0,0.1259,0.77,0.0023,3.2742,-2.9362,1.1121,114.98,117.23,133.15,114.55,108.700000762939,down,2026-08-21T16:13:40,0.0,0.0
SPXW,2026-08-28,7,Put,7580.0,SPXW260828P07580000,17.3,17.5,17.4,17.6,-13.8,-43.949,1025.0,327.0,0.1254,-0.2299,0.0023,3.2742,-2.9362,-0.3395,17.7918,22.38,24.0,15.52,31.3999996185303,down,2026-08-21T16:13:34,0.0,0.0
SPXW,2026-08-28,7,Call,7585.0,SPXW260828C07585000,108.9,114.2,111.55000000000001,110.45,5.5,5.24059,13.0,60.0,0.1247,0.7598,0.0023,3.3492,-2.9926,1.0977,110.8972,128.94,128.94,110.45,104.950000762939,down,2026-08-21T16:13:40,0.0,0.0
SPXW,2026-08-28,7,Put,7585.0,SPXW260828P07585000,18.2,18.4,18.299999999999997,18.5,-14.35,-44.0184,405.0,425.0,0.1246,-0.24,0.0023,3.3491,-2.9927,-0.3548,18.7046,22.0,24.1,16.2,32.6000003814697,no_change,2026-08-21T16:13:36,0.0,0.0
SPXW,2026-08-28,7,Call,7590.0,SPXW260828C07590000,106.2,109.3,107.75,114.4,13.15,12.9877,31.0,596.0,0.1244,0.7493,0.0024,3.4223,-3.0475,1.0829,106.8621,105.6,114.4,102.02,101.25,up,2026-08-21T12:48:22,0.0,0.0
SPXW,2026-08-28,7,Put,7590.0,SPXW260828P07590000,19.1,19.4,19.25,19.2,-14.09,-41.6248,582.0,1643.0,0.1238,-0.2506,0.0024,3.4223,-3.0475,-0.3706,19.6655,23.4,25.6,17.1,33.8500003814697,down,2026-08-21T16:14:38,0.0,0.0
SPXW,2026-08-28,7,Call,7595.0,SPXW260828C07595000,102.2,105.3,103.75,108.35,10.85,11.1282,50.0,25.0,0.1226,0.7384,0.0025,3.4938,-3.1007,1.0677,102.8762,104.37,123.71,97.45,97.5,down,2026-08-21T15:41:41,0.0,0.0
SPXW,2026-08-28,7,Put,7595.0,SPXW260828P07595000,20.1,20.3,20.200000000000003,20.5,-14.35,-40.825,843.0,286.0,0.1229,-0.2615,0.0025,3.4938,-3.1007,-0.3867,20.6755,25.55,27.0,17.8,35.1499996185303,up,2026-08-21T16:13:35,0.0,0.0
SPXW,2026-08-28,7,Call,7600.0,SPXW260828C07600000,98.3,101.3,99.8,100.77,6.87,7.31629,61.0,879.0,0.1225,0.7271,0.0026,3.5646,-3.1518,1.052,98.9414,99.2,115.7,94.2,93.9000015258789,down,2026-08-21T16:00:01,0.0,0.0
SPXW,2026-08-28,7,Put,7600.0,SPXW260828P07600000,21.2,21.4,21.299999999999997,21.2,-14.7,-40.274,1583.0,2387.0,0.1221,-0.2728,0.0026,3.5646,-3.1518,-0.4034,21.7366,25.0,28.2,18.71,36.5,down,2026-08-21T16:14:36,0.0,0.0
SPXW,2026-08-28,7,Call,7605.0,SPXW260828C07605000,94.4,97.4,95.9,101.65,11.35,12.5692,46.0,50.0,0.1208,0.7153,0.0026,3.6346,-3.2006,1.0354,95.0604,96.73,104.23,92.8,90.2999992370606,no_change,2026-08-21T15:39:54,0.0,0.0
SPXW,2026-08-28,7,Put,7605.0,SPXW260828P07605000,22.3,22.5,22.4,22.64,-15.26,-40.2639,551.0,223.0,0.1212,-0.2846,0.0026,3.6346,-3.2006,-0.4209,22.8513,27.77,29.1,20.2,37.8999996185303,down,2026-08-21T16:13:12,0.0,0.0
SPXW,2026-08-28,7,Call,7610.0,SPXW260828C07610000,90.5,93.6,92.05,95.57,3.75,4.32277,27.0,398.0,0.121,0.7032,0.0027,3.7026,-3.2467,1.018,91.2362,93.3,100.39,90.5,86.75,down,2026-08-21T15:57:22,0.0,0.0
SPXW,2026-08-28,7,Put,7610.0,SPXW260828P07610000,23.4,23.7,23.549999999999997,23.7,-15.7,-39.8477,393.0,686.0,0.1205,-0.2967,0.0027,3.7026,-3.2467,-0.4393,24.023,27.8,30.7,20.7,39.3999996185303,down,2026-08-21T16:07:14,0.0,0.0
SPXW,2026-08-28,7,Call,7615.0,SPXW260828C07615000,88.2,88.4,88.30000000000001,87.7,4.4,5.28211,72.0,103.0,0.1196,0.6907,0.0028,3.7674,-3.2899,1.0001,87.4716,87.5,94.9,83.9,83.2999992370606,down,2026-08-21T16:13:18,0.0,0.0
SPXW,2026-08-28,7,Put,7615.0,SPXW260828P07615000,24.6,24.9,24.75,25.1,-15.8,-38.6308,273.0,308.0,0.1196,-0.3092,0.0028,3.7674,-3.2899,-0.4582,25.2541,30.5,31.9,21.85,40.8999996185303,no_change,2026-08-21T16:13:34,0.0,0.0
SPXW,2026-08-28,7,Call,7620.0,SPXW260828C07620000,84.4,84.7,84.55000000000001,89.9,10.0,12.5156,119.0,649.0,0.1188,0.6777,0.0028,3.8288,-3.3299,0.9819,83.768,86.7,92.74,79.71,79.9000015258789,up,2026-08-21T15:59:24,0.0,0.0
SPXW,2026-08-28,7,Put,7620.0,SPXW260828P07620000,25.9,26.2,26.049999999999997,26.3,-15.41,-36.2588,530.0,562.0,0.1188,-0.3222,0.0028,3.8288,-3.3299,-0.4773,26.5464,30.4,33.9,23.3,42.5,no_change,2026-08-21T16:13:38,0.0,0.0
SPXW,2026-08-28,7,Call,7625.0,SPXW260828C07625000,80.8,81.1,80.94999999999999,80.5,4.52,5.90464,133.0,1261.0,0.1181,0.6644,0.0029,3.8875,-3.3664,0.9632,80.1274,82.52,89.8,77.2,76.5499992370606,down,2026-08-21T16:11:26,0.0,0.0
SPXW,2026-08-28,7,Put,7625.0,SPXW260828P07625000,27.3,27.5,27.4,27.6,-15.66,-35.5102,1115.0,660.0,0.1179,-0.3355,0.0029,3.8874,-3.3664,-0.497,27.9013,31.17,34.8,23.63,44.1000003814697,no_change,2026-08-21T16:11:40,0.0,0.0
SPXW,2026-08-28,7,Call,7630.0,SPXW260828C07630000,77.2,77.5,77.35,80.8,7.55,10.3072,65.0,633.0,0.1172,0.6506,0.003,3.9436,-3.399,0.9435,76.5525,79.4,86.7,72.96,73.25,up,2026-08-21T15:56:46,0.0,0.0
SPXW,2026-08-28,7,Put,7630.0,SPXW260828P07630000,28.7,28.9,28.799999999999997,28.75,-16.08,-35.1092,1551.0,419.0,0.1172,-0.3493,0.003,3.9436,-3.399,-0.5177,29.3225,33.0,36.7,25.1,45.8000011444092,down,2026-08-21T16:14:24,0.0,0.0
SPXW,2026-08-28,7,Call,7635.0,SPXW260828C07635000,73.7,74.0,73.85,73.4,3.35,4.7823,130.0,65.0,0.1165,0.6365,0.003,3.9961,-3.4274,0.923,73.0468,75.6,91.9,69.24,70.0499992370606,down,2026-08-21T16:11:26,0.0,0.0
SPXW,2026-08-28,7,Put,7635.0,SPXW260828P07635000,30.1,30.4,30.25,30.6,-16.1,-33.8235,626.0,408.0,0.1164,-0.3634,0.003,3.9961,-3.4274,-0.5391,30.8123,36.4,38.35,26.0,47.6000003814697,up,2026-08-21T16:13:35,0.0,0.0
SPXW,2026-08-28,7,Call,7640.0,SPXW260828C07640000,70.2,70.5,70.35,71.1,3.66,5.47495,133.0,174.0,0.1157,0.622,0.0031,4.0438,-3.4513,0.9021,69.6128,72.55,87.8,66.4,66.8499984741211,down,2026-08-21T15:55:06,0.0,0.0
SPXW,2026-08-28,7,Put,7640.0,SPXW260828P07640000,31.7,31.9,31.799999999999997,32.4,-16.85,-34.0748,816.0,1068.0,0.1156,-0.3779,0.0031,4.0438,-3.4513,-0.5609,32.3745,36.95,39.7,27.4,49.4499988555908,up,2026-08-21T16:13:40,0.0,0.0
SPXW,2026-08-28,7,Call,7645.0,SPXW260828C07645000,66.9,67.1,67.0,73.6,1.65,2.58824,125.0,119.0,0.1149,0.6071,0.0032,4.0863,-3.4704,0.881,66.252,69.75,80.45,62.95,63.75,up,2026-08-21T15:45:11,0.0,0.0
SPXW,2026-08-28,7,Put,7645.0,SPXW260828P07645000,33.3,33.5,33.4,33.5,-17.48,-34.0409,541.0,258.0,0.1147,-0.3928,0.0032,4.0863,-3.4704,-0.583,34.0095,38.9,41.5,29.0,51.3500003814697,no_change,2026-08-21T16:12:07,0.0,0.0
SPXW,2026-08-28,7,Call,7650.0,SPXW260828C07650000,63.6,63.8,63.7,64.6,2.01,3.30864,223.0,1671.0,0.114,0.5918,0.0032,4.1243,-3.4844,0.8593,62.9662,67.4,77.17,59.3,60.75,down,2026-08-21T16:00:49,0.0,0.0
SPXW,2026-08-28,7,Put,7650.0,SPXW260828P07650000,35.0,35.2,35.1,34.94,-17.26,-32.3827,970.0,2792.0,0.114,-0.4081,0.0032,4.1243,-3.4845,-0.6057,35.7192,39.51,44.4,30.1,53.3000011444092,down,2026-08-21T16:14:36,0.0,0.0
SPXW,2026-08-28,7,Call,7655.0,SPXW260828C07655000,60.3,60.6,60.45,63.2,5.4,9.34256,118.0,184.0,0.1133,0.5762,0.0032,4.1575,-3.4931,0.8367,59.7586,63.8,77.0,56.6,57.8000011444092,up,2026-08-21T15:59:40,0.0,0.0
SPXW,2026-08-28,7,Put,7655.0,SPXW260828P07655000,36.8,37.0,36.9,37.5,-17.85,-32.2493,382.0,209.0,0.1132,-0.4237,0.0032,4.1575,-3.4931,-0.6292,37.5077,43.02,46.1,31.4,55.3500003814697,up,2026-08-21T16:13:41,0.0,0.0
SPXW,2026-08-28,7,Call,7660.0,SPXW260828C07660000,57.2,57.5,57.35,58.2,3.3,6.01093,262.0,1006.0,0.1126,0.5603,0.0033,4.185,-3.496,0.8135,56.6326,64.6,70.0,53.05,54.8999996185303,no_change,2026-08-21T16:00:51,0.0,0.0
SPXW,2026-08-28,7,Put,7660.0,SPXW260828P07660000,38.6,38.9,38.75,38.8,-18.24,-31.7493,788.0,1903.0,0.1125,-0.4396,0.0033,4.185,-3.496,-0.6534,39.3775,44.89,47.8,33.6,57.4499988555908,down,2026-08-21T16:08:56,0.0,0.0
SPXW,2026-08-28,7,Call,7665.0,SPXW260828C07665000,54.1,54.4,54.25,54.9,1.5,2.87908,266.0,65.0,0.1118,0.544,0.0033,4.2059,-3.493,0.7902,53.5898,60.0,65.2,51.12,52.1000003814697,up,2026-08-21T16:00:58,0.0,0.0
SPXW,2026-08-28,7,Put,7665.0,SPXW260828P07665000,40.6,40.8,40.7,40.73,-17.85,-29.9246,567.0,631.0,0.1117,-0.4559,0.0033,4.2059,-3.493,-0.6777,41.3305,49.2,50.6,34.63,59.6499996185303,no_change,2026-08-21T16:12:54,0.0,0.0
SPXW,2026-08-28,7,Call,7670.0,SPXW260828C07670000,51.2,51.4,51.3,51.0,1.65,3.34346,341.0,168.0,0.1111,0.5275,0.0034,4.2205,-3.484,0.7666,50.6311,57.0,65.5,47.4,49.3500003814697,down,2026-08-21T16:14:26,0.0,0.0
SPXW,2026-08-28,7,Put,7670.0,SPXW260828P07670000,42.6,42.8,42.7,42.5,-19.45,-31.3963,710.0,1898.0,0.111,-0.4724,0.0034,4.2205,-3.484,-0.7022,43.3677,48.36,51.8,36.2,61.9499988555908,no_change,2026-08-21T16:14:40,0.0,0.0
SPXW,2026-08-28,7,Call,7675.0,SPXW260828C07675000,48.3,48.5,48.4,48.3,1.05,2.24599,2372.0,620.0,0.1103,0.5107,0.0034,4.2286,-3.4688,0.7423,47.7592,52.38,62.5,44.8,46.75,up,2026-08-21T16:14:26,0.0,0.0
SPXW,2026-08-28,7,Put,7675.0,SPXW260828P07675000,44.7,44.9,44.8,44.93,-18.8,-29.2379,1324.0,604.0,0.1102,-0.4892,0.0034,4.2285,-3.4688,-0.7275,45.4913,50.64,53.8,37.75,64.2999992370606,up,2026-08-21T16:12:59,0.0,0.0
SPXW,2026-08-28,7,Call,7680.0,SPXW260828C07680000,45.5,45.7,45.6,45.5,1.45,3.28426,522.0,513.0,0.1096,0.4937,0.0034,4.2296,-3.447,0.7174,44.9772,50.4,58.48,42.4,44.1499996185303,up,2026-08-21T16:14:21,0.0,0.0
SPXW,2026-08-28,7,Put,7680.0,SPXW260828P07680000,46.9,47.1,47.0,47.35,-19.15,-28.6891,816.0,449.0,0.1095,-0.5062,0.0034,4.2296,-3.447,-0.7534,47.7055,51.75,56.51,39.7,66.75,down,2026-08-21T16:11:33,0.0,0.0
SPXW,2026-08-28,7,Call,7685.0,SPXW260828C07685000,42.8,43.0,42.9,43.34,1.64,3.93286,480.0,73.0,0.1088,0.4765,0.0034,4.2234,-3.4186,0.6924,42.2871,43.8,56.8,40.5,41.6999988555908,down,2026-08-21T16:02:32,0.0,0.0
SPXW,2026-08-28,7,Put,7685.0,SPXW260828P07685000,49.2,49.4,49.3,49.9,-19.35,-27.9422,463.0,500.0,0.1088,-0.5234,0.0034,4.2234,-3.4186,-0.7793,50.0111,58.1,59.9,42.85,69.25,up,2026-08-21T16:09:35,0.0,0.0
SPXW,2026-08-28,7,Call,7690.0,SPXW260828C07690000,40.1,40.4,40.25,40.05,0.75,1.90839,846.0,272.0,0.1081,0.4591,0.0034,4.2099,-3.3837,0.6676,39.689,42.0,53.0,37.8,39.3000011444092,down,2026-08-21T16:12:18,0.0,0.0
SPXW,2026-08-28,7,Put,7690.0,SPXW260828P07690000,51.5,51.8,51.65,51.7,-20.1,-27.9944,561.0,2803.0,0.1081,-0.5408,0.0034,4.2099,-3.3837,-0.8051,52.4089,56.15,61.2,43.5,71.7999992370606,down,2026-08-21T15:59:43,0.0,0.0
SPXW,2026-08-28,7,Call,7695.0,SPXW260828C07695000,37.6,37.9,37.75,37.5,0.08,0.216512,195.0,93.0,0.1075,0.4416,0.0034,4.1886,-3.3423,0.6422,37.1844,43.9,52.05,35.1,36.9499988555908,down,2026-08-21T16:12:18,0.0,0.0
SPXW,2026-08-28,7,Put,7695.0,SPXW260828P07695000,54.0,54.3,54.15,54.15,-20.3,-27.2666,281.0,221.0,0.1074,-0.5583,0.0034,4.1886,-3.3423,-0.8314,54.9001,58.55,63.65,45.92,74.4500007629394,up,2026-08-21T16:09:12,0.0,0.0
SPXW,2026-08-28,7,Call,7700.0,SPXW260828C07700000,35.2,35.4,35.3,35.38,-0.04,-0.11527,3188.0,3085.0,0.1068,0.424,0.0034,4.1592,-3.2942,0.6163,34.7762,41.1,48.88,33.0,34.6999988555908,down,2026-08-21T16:14:39,0.0,0.0
SPXW,2026-08-28,7,Put,7700.0,SPXW260828P07700000,56.6,56.8,56.7,56.48,-20.77,-26.8867,849.0,5441.0,0.1068,-0.5759,0.0034,4.1592,-3.2942,-0.8582,57.4877,61.14,66.86,47.79,77.25,down,2026-08-21T16:14:36,0.0,0.0
SPXW,2026-08-28,7,Call,7705.0,SPXW260828C07705000,32.8,33.1,32.95,33.43,-0.69,-2.11657,389.0,197.0,0.1062,0.4064,0.0034,4.122,-3.2397,0.5907,32.4654,37.06,45.9,32.19,32.6000003814697,down,2026-08-21T16:07:34,0.0,0.0
SPXW,2026-08-28,7,Put,7705.0,SPXW260828P07705000,59.2,59.5,59.35,59.85,-20.2,-25.2342,146.0,581.0,0.1059,-0.5935,0.0034,4.122,-3.2397,-0.8848,60.1727,67.1,67.2,50.0,80.0499992370606,up,2026-08-21T16:09:34,0.0,0.0
SPXW,2026-08-28,7,Call,7710.0,SPXW260828C07710000,30.6,30.8,30.700000000000003,30.5,-0.2,-0.655738,655.0,496.0,0.1054,0.3888,0.0034,4.0777,-3.1788,0.5654,30.2512,36.6,42.8,29.1,30.5,no_change,2026-08-21T16:11:42,0.0,0.0
SPXW,2026-08-28,7,Put,7710.0,SPXW260828P07710000,62.0,62.2,62.1,62.6,-20.35,-24.5329,245.0,552.0,0.1054,-0.6111,0.0034,4.0777,-3.1788,-0.9111,62.9544,69.0,72.56,52.78,82.9500007629394,up,2026-08-21T16:09:34,0.0,0.0
SPXW,2026-08-28,7,Call,7715.0,SPXW260828C07715000,28.5,28.7,28.6,28.4,-0.1,-0.350877,262.0,338.0,0.1048,0.3712,0.0034,4.0254,-3.1119,0.5399,28.134,33.8,39.7,26.93,28.5,down,2026-08-21T16:11:38,0.0,0.0
SPXW,2026-08-28,7,Put,7715.0,SPXW260828P07715000,64.8,65.1,64.94999999999999,61.7,-19.65,-22.8621,195.0,480.0,0.1048,-0.6287,0.0034,4.0254,-3.1119,-0.9376,65.833,74.9,74.9,57.1,85.9500007629394,up,2026-08-21T15:51:47,0.0,0.0
SPXW,2026-08-28,7,Call,7720.0,SPXW260828C07720000,26.4,26.7,26.549999999999997,25.9,-0.7,-2.63158,487.0,413.0,0.1042,0.3537,0.0034,3.9644,-3.0391,0.514,26.1153,30.73,36.33,25.4,26.6000003814697,down,2026-08-21T16:13:35,0.0,0.0
SPXW,2026-08-28,7,Put,7720.0,SPXW260828P07720000,67.8,68.0,67.9,66.55,-19.75,-22.1786,241.0,442.0,0.1041,-0.6462,0.0034,3.9643,-3.0391,-0.9643,68.8099,75.5,77.8,59.62,89.0499992370606,down,2026-08-21T15:57:22,0.0,0.0
SPXW,2026-08-28,7,Call,7725.0,SPXW260828C07725000,24.5,24.7,24.6,24.0,-0.8,-3.22581,1311.0,814.0,0.1036,0.3363,0.0033,3.896,-2.9606,0.4888,24.1947,30.3,36.24,23.52,24.8000001907349,down,2026-08-21T16:13:35,0.0,0.0
SPXW,2026-08-28,7,Put,7725.0,SPXW260828P07725000,70.8,71.1,70.94999999999999,67.65,-24.6,-26.6667,464.0,1499.0,0.1035,-0.6636,0.0033,3.896,-2.9606,-0.9905,71.8853,74.67,82.13,61.2,92.25,down,2026-08-21T15:59:24,0.0,0.0
SPXW,2026-08-28,7,Call,7730.0,SPXW260828C07730000,22.6,22.9,22.75,22.5,-0.5,-2.17391,274.0,1653.0,0.1029,0.3192,0.0032,3.8216,-2.877,0.4642,22.3699,27.15,31.7,21.82,23.0,down,2026-08-21T16:13:11,0.0,0.0
SPXW,2026-08-28,7,Put,7730.0,SPXW260828P07730000,74.0,74.2,74.1,74.2,-21.4,-22.3849,203.0,399.0,0.103,-0.6807,0.0032,3.8216,-2.877,-1.0161,75.0563,80.0,85.2,62.8,95.5999984741211,up,2026-08-21T16:12:34,0.0,0.0
SPXW,2026-08-28,7,Call,7735.0,SPXW260828C07735000,20.9,21.1,21.0,20.8,-0.91,-4.25233,332.0,78.0,0.1024,0.3022,0.0032,3.7399,-2.7886,0.4394,20.6398,23.73,31.7,19.91,21.3999996185303,no_change,2026-08-21T16:11:42,0.0,0.0
SPXW,2026-08-28,7,Put,7735.0,SPXW260828P07735000,76.7,77.8,77.25,75.66,-23.24,-23.4985,183.0,191.0,0.1026,-0.6977,0.0032,3.7399,-2.7886,-1.0418,78.3221,87.1,87.1,67.9,98.9000015258789,down,2026-08-21T15:57:22,0.0,0.0
SPXW,2026-08-28,7,Call,7740.0,SPXW260828C07740000,19.2,19.4,19.299999999999997,18.8,-1.0,-5.05051,528.0,441.0,0.1019,0.2856,0.0031,3.65,-2.6957,0.4148,19.0046,24.31,29.64,18.3,19.8000001907349,down,2026-08-21T16:13:35,0.0,0.0
SPXW,2026-08-28,7,Put,7740.0,SPXW260828P07740000,80.1,81.1,80.6,81.72,-20.58,-20.1173,174.0,1007.0,0.1019,-0.7143,0.0031,3.65,-2.6957,-1.0674,81.6827,88.77,91.33,68.55,102.299999237061,no_change,2026-08-21T16:13:44,0.0,0.0
SPXW,2026-08-28,7,Call,7745.0,SPXW260828C07745000,17.6,17.9,17.75,17.0,-1.3,-7.10383,498.0,264.0,0.1013,0.2692,0.0031,3.5544,-2.5988,0.3912,17.4615,21.1,27.6,17.0,18.3000001907349,down,2026-08-21T16:13:41,0.0,0.0
SPXW,2026-08-28,7,Put,7745.0,SPXW260828P07745000,82.5,85.6,84.05,85.12,-20.68,-19.5463,122.0,238.0,0.1014,-0.7306,0.0031,3.5544,-2.5988,-1.092,85.1354,92.17,95.44,73.8,105.799999237061,no_change,2026-08-21T16:13:44,0.0,0.0
SPXW,2026-08-28,7,Call,7750.0,SPXW260828C07750000,16.2,16.4,16.299999999999997,16.32,-0.9,-5.32544,2031.0,1537.0,0.1008,0.2533,0.003,3.4544,-2.4983,0.3681,16.0071,20.8,25.75,15.3,16.8999996185303,up,2026-08-21T16:14:38,0.0,0.0
SPXW,2026-08-28,7,Put,7750.0,SPXW260828P07750000,86.0,89.1,87.55,88.75,-21.0,-19.1344,142.0,2570.0,0.1009,-0.7466,0.003,3.4544,-2.4983,-1.116,88.6768,95.81,98.5,76.07,109.75,up,2026-08-21T15:59:47,0.0,0.0
SPXW,2026-08-28,7,Call,7755.0,SPXW260828C07755000,14.8,15.0,14.9,15.38,-0.17,-1.09325,360.0,294.0,0.1002,0.2376,0.0029,3.3482,-2.3949,0.3451,14.6398,16.6,22.2,14.44,15.5500001907349,down,2026-08-21T16:02:14,0.0,0.0
SPXW,2026-08-28,7,Put,7755.0,SPXW260828P07755000,88.2,93.6,90.9,91.75,-21.65,-19.0917,276.0,523.0,0.1003,-0.7622,0.0029,3.3482,-2.3949,-1.14,92.3054,101.58,102.93,81.2,113.400001525879,up,2026-08-21T16:11:12,0.0,0.0
SPXW,2026-08-28,7,Call,7760.0,SPXW260828C07760000,13.5,13.7,13.6,14.47,0.17,1.18881,395.0,1385.0,0.0998,0.2225,0.0028,3.2357,-2.2888,0.3228,13.3582,16.62,22.23,13.2,14.2999997138977,down,2026-08-21T16:00:19,0.0,0.0
SPXW,2026-08-28,7,Put,7760.0,SPXW260828P07760000,91.9,97.3,94.6,90.9,-26.3,-22.4403,114.0,729.0,0.0999,-0.7774,0.0028,3.2357,-2.2888,-1.1632,96.0195,102.93,106.89,81.66,117.200000762939,down,2026-08-21T15:30:21,0.0,0.0
SPXW,2026-08-28,7,Call,7765.0,SPXW260828C07765000,12.3,12.5,12.4,12.92,-0.18,-1.37405,427.0,293.0,0.0995,0.2077,0.0027,3.1199,-2.1808,0.3016,12.1582,14.84,20.08,11.99,13.0999999046326,up,2026-08-21T16:05:51,0.0,0.0
SPXW,2026-08-28,7,Put,7765.0,SPXW260828P07765000,95.6,101.1,98.35,99.26,-21.74,-17.9669,12.0,198.0,0.0994,-0.7922,0.0027,3.1199,-2.1808,-1.1854,99.8154,105.7,105.7,93.42,121.0,up,2026-08-21T13:52:57,0.0,0.0
SPXW,2026-08-28,7,Call,7770.0,SPXW260828C07770000,11.2,11.4,11.3,10.89,-1.08,-9.0,880.0,845.0,0.099,0.1935,0.0026,3.0015,-2.0713,0.2809,11.0368,15.46,19.1,10.89,12.0,down,2026-08-21T16:13:40,0.0,0.0
SPXW,2026-08-28,7,Put,7770.0,SPXW260828P07770000,99.5,105.0,102.25,103.1,-21.85,-17.487,42.0,245.0,0.099,-0.8064,0.0026,3.0015,-2.0713,-1.2071,103.6898,111.69,113.0,96.51,124.950000762939,up,2026-08-21T16:11:12,0.0,0.0
SPXW,2026-08-28,7,Call,7775.0,SPXW260828C07775000,10.1,10.3,10.2,9.8,-1.15,-10.5023,1289.0,1176.0,0.0985,0.1797,0.0025,2.8786,-1.961,0.2605,9.9928,14.3,17.36,9.8,10.9499998092651,no_change,2026-08-21T16:13:38,0.0,0.0
SPXW,2026-08-28,7,Put,7775.0,SPXW260828P07775000,103.4,109.0,106.2,106.35,-22.5,-17.4622,221.0,765.0,0.0989,-0.8202,0.0025,2.8786,-1.961,-1.2284,107.6416,113.5,116.86,96.22,128.850002288818,up,2026-08-21T16:04:35,0.0,0.0
SPXW,2026-08-28,7,Call,7780.0,SPXW260828C07780000,9.1,9.3,9.2,8.84,-1.09,-10.9,938.0,763.0,0.0981,0.1665,0.0024,2.7523,-1.8504,0.2413,9.0235,11.54,14.65,8.84,10.0,down,2026-08-21T16:13:40,0.0,0.0
SPXW,2026-08-28,7,Put,7780.0,SPXW260828P07780000,107.4,113.1,110.25,106.15,-26.75,-20.1279,44.0,532.0,0.0982,-0.8334,0.0024,2.7523,-1.8504,-1.2486,111.6682,118.03,122.49,98.55,132.899993896484,down,2026-08-21T15:31:37,0.0,0.0
SPXW,2026-08-28,7,Call,7785.0,SPXW260828C07785000,8.3,8.5,8.4,8.3,-1.03,-11.3187,685.0,353.0,0.0977,0.1538,0.0023,2.6255,-1.7402,0.223,8.1255,10.21,13.3,8.17,9.09999990463257,down,2026-08-21T16:11:38,0.0,0.0
SPXW,2026-08-28,7,Put,7785.0,SPXW260828P07785000,111.8,117.2,114.5,100.0,-37.0,-27.0073,476.0,179.0,0.0973,-0.8461,0.0023,2.6255,-1.7402,-1.2678,115.766,120.41,126.61,100.0,137.0,no_change,2026-08-21T11:48:54,0.0,0.0
SPXW,2026-08-28,7,Call,7790.0,SPXW260828C07790000,7.4,7.6,7.5,7.3,-0.95,-11.5152,1285.0,1118.0,0.0973,0.1416,0.0022,2.4979,-1.6312,0.2052,7.297,11.1,12.88,7.3,8.25,down,2026-08-21T16:13:47,0.0,0.0
SPXW,2026-08-28,7,Put,7790.0,SPXW260828P07790000,116.0,121.4,118.7,112.9,-28.25,-20.0142,19.0,266.0,0.0974,-0.8583,0.0022,2.4979,-1.6312,-1.2866,119.9332,130.96,130.96,109.2,141.150001525879,up,2026-08-21T15:50:42,0.0,0.0
SPXW,2026-08-28,7,Call,7795.0,SPXW260828C07795000,6.7,6.9,6.800000000000001,6.6,-0.9,-12.0,823.0,529.0,0.0972,0.1301,0.0021,2.3685,-1.5239,0.1883,6.5364,10.08,12.4,6.6,7.5,down,2026-08-21T16:13:47,0.0,0.0
SPXW,2026-08-28,7,Put,7795.0,SPXW260828P07795000,120.2,125.7,122.95,127.44,-17.66,-12.1709,8.0,105.0,0.0966,-0.8698,0.0021,2.3685,-1.5239,-1.3045,124.1685,127.79,130.1,117.22,145.099998474121,up,2026-08-21T14:33:39,0.0,0.0
SPXW,2026-08-28,7,Call,7800.0,SPXW260828C07800000,6.0,6.2,6.1,5.8,-0.95,-14.0741,2821.0,5435.0,0.0967,0.1192,0.0019,2.2396,-1.4191,0.1726,5.8404,9.25,11.4,5.8,6.75,down,2026-08-21T16:13:35,0.0,0.0
SPXW,2026-08-28,7,Put,7800.0,SPXW260828P07800000,124.1,130.0,127.05,125.0,-24.25,-16.2479,110.0,1211.0,0.0966,-0.8807,0.0019,2.2396,-1.4191,-1.3211,128.4684,136.07,138.65,110.2,149.25,no_change,2026-08-21T15:56:49,0.0,0.0
SPXW,2026-08-28,7,Call,7805.0,SPXW260828C07805000,5.4,5.5,5.45,5.4,-0.7,-11.4754,632.0,265.0,0.0965,0.1089,0.0018,2.1131,-1.3175,0.1576,5.2064,7.2,9.4,5.4,6.09999990463257,no_change,2026-08-21T16:11:49,0.0,0.0
SPXW,2026-08-28,7,Put,7805.0,SPXW260828P07805000,128.8,134.4,131.60000000000002,132.4,-21.35,-13.8862,30.0,194.0,0.0967,-0.891,0.0018,2.1131,-1.3175,-1.3371,132.8301,139.76,139.76,120.11,153.75,up,2026-08-21T16:11:33,0.0,0.0
SPXW,2026-08-28,7,Call,7810.0,SPXW260828C07810000,4.8,5.0,4.9,4.88,-0.75,-13.6364,709.0,1369.0,0.0961,0.0993,0.0017,1.9881,-1.2196,0.1434,4.6324,6.6,8.7,4.7,5.5,no_change,2026-08-21T16:14:47,0.0,0.0
SPXW,2026-08-28,7,Put,7810.0,SPXW260828P07810000,133.2,138.8,136.0,136.9,-21.25,-13.4366,8.0,531.0,0.096,-0.9006,0.0017,1.9881,-1.2196,-1.3522,137.2519,141.39,142.68,134.55,158.150001525879,up,2026-08-21T16:11:33,0.0,0.0
SPXW,2026-08-28,7,Call,7815.0,SPXW260828C07815000,4.3,4.4,4.35,4.36,-0.59,-11.9192,1606.0,428.0,0.0959,0.0903,0.0016,1.8652,-1.1261,0.1304,4.1151,5.39,8.12,4.2,4.95000004768372,no_change,2026-08-21T16:14:47,0.0,0.0
SPXW,2026-08-28,7,Put,7815.0,SPXW260828P07815000,134.4,148.3,141.35000000000002,140.83,-21.22,-13.0947,27.0,112.0,0.0978,-0.9096,0.0016,1.8652,-1.1261,-1.3662,141.7305,151.16,151.16,140.83,162.049995422363,down,2026-08-21T16:10:19,0.0,0.0
SPXW,2026-08-28,7,Call,7820.0,SPXW260828C07820000,3.8,4.0,3.9,3.82,-0.63,-14.1573,1791.0,739.0,0.0957,0.082,0.0015,1.7466,-1.0374,0.1184,3.6507,5.05,7.6,3.7,4.45000004768372,no_change,2026-08-21T16:14:38,0.0,0.0
SPXW,2026-08-28,7,Put,7820.0,SPXW260828P07820000,136.9,152.9,144.9,148.5,-18.7,-11.1842,13.0,64.0,0.0975,-0.9179,0.0015,1.7466,-1.0374,-1.3791,146.2619,153.57,153.57,147.14,167.200004577637,up,2026-08-21T14:41:04,0.0,0.0
SPXW,2026-08-28,7,Call,7825.0,SPXW260828C07825000,3.4,3.5,3.45,3.42,-0.53,-13.4177,1518.0,1520.0,0.0953,0.0743,0.0014,1.6326,-0.9538,0.1071,3.2363,5.8,7.07,3.32,3.95000004768372,no_change,2026-08-21T16:14:38,0.0,0.0
SPXW,2026-08-28,7,Put,7825.0,SPXW260828P07825000,143.4,157.4,150.4,145.27,-26.43,-15.3931,23.0,81.0,0.0975,-0.9256,0.0014,1.6326,-0.9538,-1.3914,150.8433,150.85,151.75,145.27,171.700004577637,down,2026-08-21T15:23:43,0.0,0.0
SPXW,2026-08-28,7,Call,7830.0,SPXW260828C07830000,3.0,3.1,3.05,3.29,-0.62,-17.4648,455.0,279.0,0.0949,0.0673,0.0013,1.5228,-0.8757,0.0969,2.8684,4.1,6.5,3.25,3.54999995231628,no_change,2026-08-21T16:05:01,0.0,0.0
SPXW,2026-08-28,7,Put,7830.0,SPXW260828P07830000,148.0,162.0,155.0,155.45,-21.1,-11.9513,2.0,19.0,0.0974,-0.9326,0.0013,1.5228,-0.8757,-1.4026,155.4713,155.45,155.45,155.45,176.550003051758,no_change,2026-08-21T14:23:49,0.0,0.0
SPXW,2026-08-28,7,Call,7835.0,SPXW260828C07835000,2.65,2.8,2.7249999999999996,2.72,-0.48,-15.0,179.0,189.0,0.0948,0.0608,0.0012,1.4182,-0.803,0.0877,2.5425,3.85,4.8,2.72,3.19999992847443,down,2026-08-21T16:10:58,0.0,0.0
SPXW,2026-08-28,7,Put,7835.0,SPXW260828P07835000,151.8,166.6,159.2,140.18,0.0,0.0,0.0,10.0,0.0969,-0.9391,0.0012,1.4183,-0.803,-1.4127,160.1412,0.0,0.0,0.0,181.150001525879,up,2026-08-18T13:58:09,0.0,0.0
SPXW,2026-08-28,7,Call,7840.0,SPXW260828C07840000,2.35,2.45,2.4000000000000004,2.4,-0.55,-19.2982,415.0,400.0,0.0947,0.055,0.0011,1.3197,-0.7359,0.0792,2.2549,3.5,5.1,2.4,2.85000002384186,down,2026-08-21T16:12:32,0.0,0.0
SPXW,2026-08-28,7,Put,7840.0,SPXW260828P07840000,156.5,171.2,163.85,165.32,-20.33,-10.9507,2.0,85.0,0.097,-0.9449,0.0011,1.3197,-0.7359,-1.4222,164.8493,165.31,165.32,165.31,185.650001525879,up,2026-08-21T14:17:24,0.0,0.0
SPXW,2026-08-28,7,Call,7845.0,SPXW260828C07845000,2.05,2.2,2.125,2.27,-0.55,-21.5686,374.0,200.0,0.0947,0.0497,0.001,1.227,-0.6742,0.0714,2.0021,2.65,4.51,2.24,2.54999995231628,no_change,2026-08-21T16:07:04,0.0,0.0
SPXW,2026-08-28,7,Put,7845.0,SPXW260828P07845000,161.2,176.0,168.6,169.5,-20.95,-11.0003,202.0,92.0,0.0968,-0.9502,0.001,1.227,-0.6742,-1.4309,169.5924,148.5,170.01,148.5,190.449996948242,down,2026-08-21T14:22:26,0.0,0.0
SPXW,2026-08-28,7,Call,7850.0,SPXW260828C07850000,1.8,1.95,1.875,1.9,-0.45,-20.0,2619.0,1994.0,0.0946,0.0449,0.0009,1.14,-0.6177,0.0646,1.7803,3.4,4.3,1.9,2.25,down,2026-08-21T16:10:52,0.0,0.0
SPXW,2026-08-28,7,Put,7850.0,SPXW260828P07850000,166.9,182.3,174.60000000000002,164.56,-30.09,-15.4585,2.0,77.0,0.0973,-0.955,0.0009,1.14,-0.6177,-1.4387,174.3664,169.06,169.06,164.56,194.650001525879,down,2026-08-21T15:50:16,0.0,0.0
SPXW,2026-08-28,7,Call,7855.0,SPXW260828C07855000,1.6,1.75,1.675,1.74,-0.285,-14.0741,486.0,202.0,0.0946,0.0407,0.0009,1.0588,-0.5661,0.0584,1.5856,3.05,3.9,1.74,2.02499997615814,down,2026-08-21T16:09:12,0.0,0.0
SPXW,2026-08-28,7,Put,7855.0,SPXW260828P07855000,170.6,185.5,178.05,179.57,-19.73,-9.89965,2.0,12.0,0.0977,-0.9592,0.0009,1.0588,-0.5661,-1.4458,179.1676,179.47,179.57,179.47,199.299995422363,up,2026-08-21T14:12:07,0.0,0.0
SPXW,2026-08-28,7,Call,7860.0,SPXW260828C07860000,1.4,1.55,1.475,1.45,-0.38,-21.1111,528.0,1651.0,0.0945,0.0368,0.0008,0.9835,-0.5192,0.0528,1.4152,2.95,3.35,1.45,1.80000001192093,down,2026-08-21T16:09:50,0.0,0.0
SPXW,2026-08-28,7,Put,7860.0,SPXW260828P07860000,175.3,190.3,182.8,184.42,-19.73,-9.66446,2.0,8.0,0.0978,-0.9631,0.0008,0.9835,-0.5192,-1.4524,183.9929,184.27,184.42,184.27,204.150001525879,up,2026-08-21T14:17:24,0.0,0.0
SPXW,2026-08-28,7,Call,7865.0,SPXW260828C07865000,1.25,1.35,1.3,1.3,-0.25,-15.625,361.0,366.0,0.0947,0.0334,0.0007,0.9137,-0.4768,0.0478,1.2662,2.2,3.0,1.3,1.59999996423721,down,2026-08-21T16:09:50,0.0,0.0
SPXW,2026-08-28,7,Put,7865.0,SPXW260828P07865000,180.1,195.1,187.6,194.4,0.0,0.0,0.0,7.0,0.0978,-0.9665,0.0007,0.9137,-0.4768,-1.4584,188.8398,0.0,0.0,0.0,208.850006103516,up,2026-08-20T13:34:53,0.0,0.0
SPXW,2026-08-28,7,Call,7870.0,SPXW260828C07870000,1.1,1.2,1.15,1.15,-0.275,-19.2982,496.0,579.0,0.0947,0.0303,0.0007,0.8493,-0.4383,0.0434,1.1358,2.17,2.9,1.15,1.42500001192093,down,2026-08-21T16:09:50,0.0,0.0
SPXW,2026-08-28,7,Put,7870.0,SPXW260828P07870000,184.5,199.9,192.2,200.49,-13.46,-6.29119,2.0,9.0,0.0975,-0.9696,0.0007,0.8493,-0.4383,-1.4637,193.7052,202.12,202.12,200.49,213.949996948242,down,2026-08-21T10:20:09,0.0,0.0
SPXW,2026-08-28,7,Call,7875.0,SPXW260828C07875000,0.95,1.05,1.0,1.0,-0.25,-20.0,755.0,1230.0,0.0945,0.0276,0.0006,0.7899,-0.4036,0.0394,1.0216,2.05,2.33,1.0,1.25,down,2026-08-21T16:09:50,0.0,0.0
SPXW,2026-08-28,7,Put,7875.0,SPXW260828P07875000,189.8,204.8,197.3,198.93,-19.22,-8.81045,14.0,21.0,0.0982,-0.9724,0.0006,0.7899,-0.4036,-1.4686,198.5868,206.97,206.97,191.38,218.150001525879,up,2026-08-21T14:12:07,0.0,0.0
SPXW,2026-08-28,7,Call,7880.0,SPXW260828C07880000,0.85,0.95,0.8999999999999999,0.9,-0.25,-21.7391,249.0,381.0,0.0948,0.0251,0.0006,0.7351,-0.3722,0.0359,0.9214,1.94,2.2,0.9,1.15000003576279,down,2026-08-21T16:09:50,0.0,0.0
SPXW,2026-08-28,7,Put,7880.0,SPXW260828P07880000,194.3,209.6,201.95,199.9,-23.15,-10.3788,3.0,6.0,0.0989,-0.9748,0.0006,0.7351,-0.3722,-1.4731,203.4824,196.2,199.9,196.2,223.050003051758,up,2026-08-21T15:55:00,0.0,0.0
SPXW,2026-08-28,7,Call,7885.0,SPXW260828C07885000,0.75,0.85,0.8,0.8,-0.2,-20.0,232.0,161.0,0.0949,0.0229,0.0005,0.6849,-0.3439,0.0327,0.8336,1.77,1.77,0.8,0.999999970197678,no_change,2026-08-21T16:09:50,0.0,0.0
SPXW,2026-08-28,7,Put,7885.0,SPXW260828P07885000,198.5,214.5,206.5,207.25,-20.1,-8.84099,2.0,2.0,0.0995,-0.977,0.0005,0.6849,-0.3439,-1.4773,208.3905,206.02,207.25,206.02,227.349998474121,up,2026-08-21T14:06:00,0.0,0.0
SPXW,2026-08-28,7,Call,7890.0,SPXW260828C07890000,0.65,0.75,0.7,0.7,-0.2,-22.2222,428.0,859.0,0.0959,0.0209,0.0005,0.6389,-0.3184,0.0299,0.7567,1.65,1.9,0.7,0.900000005960464,down,2026-08-21T16:09:50,0.0,0.0
SPXW,2026-08-28,7,Put,7890.0,SPXW260828P07890000,201.0,224.1,212.55,211.62,-20.88,-8.98065,12.0,12.0,0.0999,-0.979,0.0005,0.6389,-0.3184,-1.4811,213.3093,206.08,211.62,206.08,232.5,up,2026-08-21T14:03:31,0.0,0.0
SPXW,2026-08-28,7,Call,7895.0,SPXW260828C07895000,0.6,0.7,0.6499999999999999,0.65,-0.15,-18.75,1162.0,976.0,0.0956,0.0192,0.0004,0.5967,-0.2954,0.0274,0.6889,1.1,1.3,0.6,0.800000011920929,no_change,2026-08-21T16:09:50,0.0,0.0
SPXW,2026-08-28,7,Put,7895.0,SPXW260828P07895000,205.1,229.0,217.05,215.74,-22.26,-9.35294,2.0,0.0,0.1002,-0.9807,0.0004,0.5967,-0.2954,-1.4845,218.2374,216.49,216.49,215.74,238.0,down,2026-08-21T14:04:44,0.0,0.0
SPXW,2026-08-28,7,Call,7900.0,SPXW260828C07900000,0.55,0.65,0.6000000000000001,0.6,-0.15,-20.0,1203.0,2041.0,0.0964,0.0176,0.0004,0.558,-0.2746,0.0252,0.6292,1.35,1.52,0.55,0.75,no_change,2026-08-21T16:13:31,0.0,0.0
SPXW,2026-08-28,7,Put,7900.0,SPXW260828P07900000,210.0,233.8,221.9,218.16,-24.84,-10.2222,4.0,14.0,0.1022,-0.9823,0.0004,0.558,-0.2746,-1.4877,223.1735,216.37,218.16,216.36,243.0,up,2026-08-21T15:19:28,0.0,0.0
SPXW,2026-08-28,7,Call,7905.0,SPXW260828C07905000,0.5,0.6,0.55,0.5,-0.175,-25.9259,272.0,343.0,0.0969,0.0162,0.0004,0.5225,-0.2559,0.0231,0.5766,0.95,1.1,0.5,0.674999982118606,down,2026-08-21T16:09:50,0.0,0.0
SPXW,2026-08-28,7,Put,7905.0,SPXW260828P07905000,214.9,238.8,226.85000000000002,226.43,-21.47,-8.66075,2.0,0.0,0.1022,-0.9837,0.0004,0.5225,-0.2559,-1.4907,228.1167,225.02,226.43,225.02,247.900001525879,up,2026-08-21T14:03:31,0.0,0.0
SPXW,2026-08-28,7,Call,7910.0,SPXW260828C07910000,0.45,0.55,0.5,0.45,-0.15,-25.0,149.0,275.0,0.0974,0.015,0.0004,0.4901,-0.2391,0.0213,0.5302,1.1,1.1,0.45,0.599999994039536,no_change,2026-08-21T16:09:50,0.0,0.0
SPXW,2026-08-28,7,Put,7910.0,SPXW260828P07910000,219.9,243.8,231.85000000000002,141.3,0.0,0.0,0.0,0.0,0.1042,-0.9849,0.0004,0.4901,-0.2391,-1.4935,233.0662,0.0,0.0,0.0,252.449996948242,down,2026-08-17T12:36:33,0.0,0.0
SPXW,2026-08-28,7,Call,7915.0,SPXW260828C07915000,0.4,0.5,0.45,0.46,-0.115,-20.0,255.0,271.0,0.0977,0.0139,0.0003,0.4604,-0.2239,0.0197,0.4892,0.85,1.05,0.4,0.575000017881394,up,2026-08-21T16:11:57,0.0,0.0
SPXW,2026-08-28,7,Put,7915.0,SPXW260828P07915000,224.8,248.7,236.75,0.0,0.0,0.0,0.0,0.0,0.104,-0.986,0.0003,0.4604,-0.2239,-1.496,238.021,0.0,0.0,0.0,257.699996948242,no_change,,0.0,0.0
SPXW,2026-08-28,7,Call,7920.0,SPXW260828C07920000,0.35,0.45,0.4,0.4,-0.125,-23.8095,199.0,324.0,0.0987,0.0129,0.0003,0.4333,-0.2102,0.0183,0.4529,0.8,1.0,0.4,0.525000005960464,no_change,2026-08-21T16:09:50,0.0,0.0
SPXW,2026-08-28,7,Put,7920.0,SPXW260828P07920000,229.8,253.7,241.75,0.0,0.0,0.0,0.0,0.0,0.1059,-0.987,0.0003,0.4333,-0.2102,-1.4984,242.9805,0.0,0.0,0.0,262.699996948242,no_change,,0.0,0.0
SPXW,2026-08-28,7,Call,7925.0,SPXW260828C07925000,0.35,0.45,0.4,0.4,-0.075,-15.7895,435.0,907.0,0.0996,0.012,0.0003,0.4085,-0.1979,0.017,0.4206,0.7,0.9,0.35,0.474999994039536,up,2026-08-21T16:11:57,0.0,0.0
SPXW,2026-08-28,7,Put,7925.0,SPXW260828P07925000,234.8,257.6,246.20000000000002,138.42,0.0,0.0,0.0,4.0,0.1078,-0.9879,0.0003,0.4085,-0.1979,-1.5006,247.944,0.0,0.0,0.0,266.949996948242,no_change,2026-08-13T10:09:50,0.0,0.0
SPXW,2026-08-28,7,Call,7930.0,SPXW260828C07930000,0.3,0.4,0.35,0.35,-0.1,-22.2222,292.0,259.0,0.1005,0.0112,0.0003,0.3858,-0.1867,0.0158,0.3919,0.65,0.85,0.35,0.450000002980232,no_change,2026-08-21T16:09:50,0.0,0.0
SPXW,2026-08-28,7,Put,7930.0,SPXW260828P07930000,239.7,263.6,251.65,245.3,-27.3,-10.0147,2.0,2.0,0.1098,-0.9887,0.0003,0.3858,-0.1867,-1.5028,252.9112,245.3,245.3,245.3,272.599990844727,no_change,2026-08-21T11:33:03,0.0,0.0
SPXW,2026-08-28,7,Call,7935.0,SPXW260828C07935000,0.3,0.4,0.35,0.3,-0.13,-28.8889,158.0,45.0,0.1012,0.0104,0.0002,0.3649,-0.1767,0.0148,0.3664,0.55,0.7,0.3,0.450000002980232,no_change,2026-08-21T16:09:50,0.0,0.0
SPXW,2026-08-28,7,Put,7935.0,SPXW260828P07935000,244.7,268.6,256.65,0.0,0.0,0.0,0.0,0.0,0.1093,-0.9895,0.0002,0.3649,-0.1767,-1.5048,257.8814,0.0,0.0,0.0,277.549987792969,no_change,,0.0,0.0
SPXW,2026-08-28,7,Call,7940.0,SPXW260828C07940000,0.25,0.35,0.3,0.25,-0.15,-37.5,160.0,412.0,0.1019,0.0098,0.0002,0.3458,-0.1676,0.0138,0.3436,0.6,0.7,0.25,0.399999991059303,down,2026-08-21T16:09:50,0.0,0.0
SPXW,2026-08-28,7,Put,7940.0,SPXW260828P07940000,249.7,273.6,261.65,0.0,0.0,0.0,0.0,0.0,0.1112,-0.9901,0.0002,0.3458,-0.1676,-1.5067,262.8545,0.0,0.0,0.0,282.100006103516,no_change,,0.0,0.0
SPXW,2026-08-28,7,Call,7945.0,SPXW260828C07945000,0.25,0.35,0.3,0.3,-0.1,-25.0,65.0,42.0,0.1036,0.0092,0.0002,0.3283,-0.1593,0.013,0.3233,0.45,0.45,0.3,0.399999991059303,no_change,2026-08-21T16:01:36,0.0,0.0
SPXW,2026-08-28,7,Put,7945.0,SPXW260828P07945000,254.6,277.8,266.2,0.0,0.0,0.0,0.0,0.0,0.1131,-0.9907,0.0002,0.3283,-0.1593,-1.5085,267.83,0.0,0.0,0.0,287.450012207031,no_change,,0.0,0.0
SPXW,2026-08-28,7,Call,7950.0,SPXW260828C07950000,0.25,0.35,0.3,0.3,-0.05,-14.2857,178.0,2178.0,0.1042,0.0086,0.0002,0.3123,-0.1519,0.0122,0.3052,0.6,0.65,0.25,0.350000008940697,up,2026-08-21T16:13:31,0.0,0.0
SPXW,2026-08-28,7,Put,7950.0,SPXW260828P07950000,259.6,283.4,271.5,267.43,-24.62,-8.43006,4.0,6.0,0.115,-0.9912,0.0002,0.3123,-0.1519,-1.5102,272.8077,266.17,267.43,266.17,292.050003051758,up,2026-08-21T15:19:28,0.0,0.0
SPXW,2026-08-28,7,Call,7955.0,SPXW260828C07955000,0.2,0.3,0.25,0.25,-0.1,-28.5714,95.0,78.0,0.1046,0.0082,0.0002,0.2976,-0.1451,0.0116,0.2889,0.55,0.55,0.2,0.350000008940697,up,2026-08-21T16:01:36,0.0,0.0
SPXW,2026-08-28,7,Put,7955.0,SPXW260828P07955000,264.6,288.5,276.55,0.0,0.0,0.0,0.0,0.0,0.114,-0.9917,0.0002,0.2976,-0.1451,-1.5118,277.7872,0.0,0.0,0.0,297.350006103516,no_change,,0.0,0.0
SPXW,2026-08-28,7,Call,7960.0,SPXW260828C07960000,0.2,0.3,0.25,0.25,-0.05,-16.6667,109.0,353.0,0.1063,0.0077,0.0002,0.2841,-0.139,0.0109,0.2743,0.4,0.52,0.2,0.299999997019768,up,2026-08-21T16:01:36,0.0,0.0
SPXW,2026-08-28,7,Put,7960.0,SPXW260828P07960000,269.6,293.5,281.55,214.88,0.0,0.0,0.0,2.0,0.1159,-0.9922,0.0002,0.2841,-0.139,-1.5134,282.7684,0.0,0.0,0.0,301.550003051758,up,2026-08-11T11:20:49,0.0,0.0
SPXW,2026-08-28,7,Call,7965.0,SPXW260828C07965000,0.2,0.3,0.25,0.2,-0.1,-33.3333,117.0,103.0,0.1079,0.0073,0.0002,0.2716,-0.1334,0.0104,0.2611,0.45,0.45,0.2,0.299999997019768,down,2026-08-21T16:05:39,0.0,0.0
SPXW,2026-08-28,7,Put,7965.0,SPXW260828P07965000,274.6,294.1,284.35,0.0,0.0,0.0,0.0,0.0,0.1178,-0.9926,0.0002,0.2716,-0.1334,-1.5149,287.7511,0.0,0.0,0.0,307.25,no_change,,0.0,0.0
SPXW,2026-08-28,7,Call,7970.0,SPXW260828C07970000,0.2,0.3,0.25,0.2,-0.1,-33.3333,116.0,236.0,0.1095,0.007,0.0002,0.2602,-0.1284,0.0099,0.2493,0.52,0.55,0.2,0.299999997019768,down,2026-08-21T16:05:39,0.0,0.0
SPXW,2026-08-28,7,Put,7970.0,SPXW260828P07970000,279.6,303.5,291.55,0.0,0.0,0.0,0.0,0.0,0.1196,-0.9929,0.0002,0.2602,-0.1284,-1.5164,292.735,0.0,0.0,0.0,311.900009155273,no_change,,0.0,0.0
SPXW,2026-08-28,7,Call,7975.0,SPXW260828C07975000,0.2,0.3,0.25,0.2,-0.1,-33.3333,73.0,658.0,0.1098,0.0066,0.0002,0.2496,-0.1238,0.0094,0.2386,0.39,0.49,0.2,0.299999997019768,down,2026-08-21T16:05:39,0.0,0.0
SPXW,2026-08-28,7,Put,7975.0,SPXW260828P07975000,284.5,307.4,295.95,252.76,0.0,0.0,0.0,2.0,0.1215,-0.9932,0.0002,0.2496,-0.1238,-1.5178,297.7202,0.0,0.0,0.0,317.25,down,2026-08-19T15:39:29,0.0,0.0
SPXW,2026-08-28,7,Call,7980.0,SPXW260828C07980000,0.15,0.25,0.2,0.2,-0.075,-27.2727,68.0,228.0,0.11,0.0064,0.0001,0.2398,-0.1196,0.009,0.2289,0.4,0.44,0.2,0.275000005960464,down,2026-08-21T16:05:39,0.0,0.0
SPXW,2026-08-28,7,Put,7980.0,SPXW260828P07980000,289.6,313.5,301.55,0.0,0.0,0.0,0.0,0.0,0.1234,-0.9935,0.0001,0.2398,-0.1196,-1.5192,302.7063,0.0,0.0,0.0,322.199996948242,no_change,,0.0,0.0
SPXW,2026-08-28,7,Call,7985.0,SPXW260828C07985000,0.15,0.25,0.2,0.2,-0.05,-20.0,41.0,140.0,0.1116,0.0061,0.0001,0.2307,-0.1158,0.0086,0.2201,0.48,0.48,0.2,0.250000007450581,down,2026-08-21T16:05:39,0.0,0.0
SPXW,2026-08-28,7,Put,7985.0,SPXW260828P07985000,294.5,318.5,306.5,0.0,0.0,0.0,0.0,0.0,0.1252,-0.9938,0.0001,0.2307,-0.1158,-1.5206,307.6933,0.0,0.0,0.0,327.25,no_change,,0.0,0.0
SPXW,2026-08-28,7,Call,7990.0,SPXW260828C07990000,0.15,0.25,0.2,0.2,-0.05,-20.0,72.0,92.0,0.1132,0.0058,0.0001,0.2223,-0.1123,0.0082,0.2121,0.35,0.45,0.2,0.250000007450581,down,2026-08-21T16:01:36,0.0,0.0
SPXW,2026-08-28,7,Put,7990.0,SPXW260828P07990000,301.0,323.4,312.2,0.0,0.0,0.0,0.0,0.0,0.1271,-0.9941,0.0001,0.2223,-0.1123,-1.5219,312.6812,0.0,0.0,0.0,332.0,no_change,,0.0,0.0
SPXW,2026-08-28,7,Call,7995.0,SPXW260828C07995000,0.15,0.25,0.2,0.15,-0.1,-40.0,66.0,27.0,0.1147,0.0056,0.0001,0.2146,-0.1091,0.0079,0.2049,0.35,0.4,0.15,0.250000007450581,down,2026-08-21T16:05:39,0.0,0.0
SPXW,2026-08-28,7,Put,7995.0,SPXW260828P07995000,304.5,328.4,316.45,0.0,0.0,0.0,0.0,0.0,0.1256,-0.9943,0.0001,0.2146,-0.1091,-1.5232,317.6698,0.0,0.0,0.0,337.050003051758,no_change,,0.0,0.0
SPXW,2026-08-28,7,Call,8000.0,SPXW260828C08000000,0.15,0.25,0.2,0.19,-0.06,-24.0,1607.0,4021.0,0.1163,0.0054,0.0001,0.2073,-0.1062,0.0076,0.1983,0.42,0.45,0.19,0.250000007450581,down,2026-08-21T15:59:23,0.0,0.0
SPXW,2026-08-28,7,Put,8000.0,SPXW260828P08000000,315.4,327.5,321.45,317.57,-24.93,-7.27883,4.0,1009.0,0.112,-0.9945,0.0001,0.2073,-0.1062,-1.5244,322.659,324.67,324.67,317.57,342.5,down,2026-08-21T14:59:08,0.0,0.0
SPXW,2026-08-28,7,Call,8005.0,SPXW260828C08005000,0.15,0.25,0.2,0.25,0.0,-2.98023e-06,30.0,65.0,0.1179,0.0052,0.0001,0.2006,-0.1035,0.0073,0.1923,0.31,0.35,0.25,0.250000007450581,down,2026-08-21T15:28:11,0.0,0.0
SPXW,2026-08-28,7,Put,8005.0,SPXW260828P08005000,314.5,338.4,326.45,322.37,-24.38,-7.031,2.0,0.0,0.1293,-0.9947,0.0001,0.2006,-0.1035,-1.5257,327.6488,322.66,322.66,322.37,346.75,down,2026-08-21T15:00:00,0.0,0.0
SPXW,2026-08-28,7,Call,8010.0,SPXW260828C08010000,0.15,0.25,0.2,0.2,-0.05,-20.0,19.0,274.0,0.1194,0.005,0.0001,0.1943,-0.101,0.007,0.1867,0.35,0.4,0.2,0.250000007450581,no_change,2026-08-21T15:45:18,0.0,0.0
SPXW,2026-08-28,7,Put,8010.0,SPXW260828P08010000,319.5,338.3,328.9,0.0,0.0,0.0,0.0,0.0,0.1311,-0.9949,0.0001,0.1943,-0.101,-1.5269,332.6391,0.0,0.0,0.0,352.149993896484,no_change,,0.0,0.0
SPXW,2026-08-28,7,Call,8015.0,SPXW260828C08015000,0.15,0.25,0.2,0.2,0.0,-1.49012e-06,33.0,70.0,0.121,0.0048,0.0001,0.1885,-0.0987,0.0068,0.1817,0.35,0.35,0.2,0.200000002980232,no_change,2026-08-21T15:45:06,0.0,0.0
SPXW,2026-08-28,7,Put,8015.0,SPXW260828P08015000,324.5,345.2,334.85,331.1,-26.0,-7.28088,2.0,0.0,0.133,-0.995,0.0001,0.1885,-0.0987,-1.5281,337.6298,332.27,332.27,331.1,357.100006103516,down,2026-08-21T15:01:28,0.0,0.0
SPXW,2026-08-28,7,Call,8020.0,SPXW260828C08020000,0.15,0.25,0.2,0.19,-0.01,-5.0,310.0,507.0,0.1226,0.0047,0.0001,0.183,-0.0966,0.0066,0.177,0.29,0.4,0.19,0.200000002980232,down,2026-08-21T16:09:11,0.0,0.0
SPXW,2026-08-28,7,Put,8020.0,SPXW260828P08020000,330.6,353.4,342.0,0.0,0.0,0.0,0.0,0.0,0.1348,-0.9952,0.0001,0.183,-0.0966,-1.5292,342.621,0.0,0.0,0.0,362.100006103516,no_change,,0.0,0.0
SPXW,2026-08-28,7,Call,8025.0,SPXW260828C08025000,0.15,0.2,0.175,0.16,-0.04,-20.0,89.0,554.0,0.1224,0.0046,0.0001,0.1778,-0.0947,0.0064,0.1727,0.3,0.38,0.16,0.200000002980232,down,2026-08-21T16:09:11,0.0,0.0
SPXW,2026-08-28,7,Put,8025.0,SPXW260828P08025000,334.5,357.3,345.9,341.08,-25.62,-6.98664,1.0,8.0,0.1366,-0.9954,0.0001,0.1778,-0.0947,-1.5304,347.6125,341.08,341.08,341.08,366.699996948242,up,2026-08-21T15:01:28,0.0,0.0
SPXW,2026-08-28,7,Call,8030.0,SPXW260828C08030000,0.1,0.2,0.15000000000000002,0.2,0.0,-1.49012e-06,28.0,172.0,0.1239,0.0044,0.0001,0.173,-0.0929,0.0062,0.1687,0.27,0.27,0.2,0.200000002980232,no_change,2026-08-21T15:40:45,0.0,0.0
SPXW,2026-08-28,7,Put,8030.0,SPXW260828P08030000,339.4,363.4,351.4,0.0,0.0,0.0,0.0,0.0,0.1384,-0.9955,0.0001,0.173,-0.0929,-1.5315,352.6043,0.0,0.0,0.0,371.899993896484,no_change,,0.0,0.0
SPXW,2026-08-28,7,Call,8040.0,SPXW260828C08040000,0.1,0.2,0.15000000000000002,0.2,0.0,-1.49012e-06,38.0,835.0,0.125,0.0042,0.0001,0.1642,-0.0897,0.0059,0.1616,0.3,0.3,0.2,0.200000002980232,down,2026-08-21T15:38:58,0.0,0.0
SPXW,2026-08-28,7,Put,8040.0,SPXW260828P08040000,349.4,373.3,361.35,320.78,0.0,0.0,0.0,8.0,0.1421,-0.9957,0.0001,0.1642,-0.0897,-1.5338,362.5889,0.0,0.0,0.0,382.050003051758,up,2026-08-06T15:31:26,0.0,0.0
SPXW,2026-08-28,7,Call,8050.0,SPXW260828C08050000,0.1,0.2,0.15000000000000002,0.2,0.0,-1.49012e-06,1312.0,2190.0,0.128,0.0039,0.0001,0.1558,-0.0865,0.0055,0.1548,0.33,0.4,0.2,0.200000002980232,no_change,2026-08-21T15:43:27,0.0,0.0
SPXW,2026-08-28,7,Put,8050.0,SPXW260828P08050000,360.7,383.4,372.04999999999995,335.8,0.0,0.0,0.0,2.0,0.1458,-0.996,0.0001,0.1563,-0.0869,-1.536,372.5744,0.0,0.0,0.0,391.949996948242,up,2026-08-18T09:30:11,0.0,0.0
SPXW,2026-08-28,7,Call,8060.0,SPXW260828C08060000,0.1,0.2,0.15000000000000002,0.2,0.0,-1.49012e-06,2.0,97.0,0.131,0.0038,0.0001,0.1488,-0.0841,0.0053,0.1495,0.3,0.3,0.2,0.200000002980232,down,2026-08-21T15:28:11,0.0,0.0
SPXW,2026-08-28,7,Put,8060.0,SPXW260828P08060000,369.4,393.4,381.4,0.0,0.0,0.0,0.0,0.0,0.1494,-0.9961,0.0001,0.1492,-0.0844,-1.5382,382.5606,0.0,0.0,0.0,401.599990844727,no_change,,0.0,0.0
SPXW,2026-08-28,7,Call,8070.0,SPXW260828C08070000,0.1,0.2,0.15000000000000002,0.15,-0.05,-25.0,8.0,125.0,0.134,0.0036,0.0001,0.1425,-0.082,0.005,0.1449,0.2,0.2,0.15,0.200000002980232,no_change,2026-08-21T15:45:23,0.0,0.0
SPXW,2026-08-28,7,Put,8070.0,SPXW260828P08070000,379.4,403.3,391.35,0.0,0.0,0.0,0.0,0.0,0.149,-0.9963,0.0001,0.1428,-0.0823,-1.5404,392.5476,0.0,0.0,0.0,412.0,no_change,,0.0,0.0
SPXW,2026-08-28,7,Call,8075.0,SPXW260828C08075000,0.1,0.2,0.15000000000000002,0.15,-0.05,-25.0,2281.0,2716.0,0.1355,0.0035,0.0001,0.1395,-0.0811,0.0049,0.1428,0.28,0.31,0.15,0.200000002980232,no_change,2026-08-21T15:46:02,0.0,0.0
SPXW,2026-08-28,7,Put,8075.0,SPXW260828P08075000,384.4,408.2,396.29999999999995,0.0,0.0,0.0,0.0,0.0,0.1508,-0.9964,0.0001,0.1398,-0.0813,-1.5414,397.5412,0.0,0.0,0.0,417.0,no_change,,0.0,0.0
SPXW,2026-08-28,7,Call,8080.0,SPXW260828C08080000,0.1,0.2,0.15000000000000002,0.15,-0.05,-25.0,21.0,149.0,0.1369,0.0034,0.0001,0.1367,-0.0802,0.0048,0.1408,0.2,0.2,0.15,0.200000002980232,no_change,2026-08-21T15:47:31,0.0,0.0
SPXW,2026-08-28,7,Put,8080.0,SPXW260828P08080000,389.4,413.3,401.35,0.0,0.0,0.0,0.0,0.0,0.1526,-0.9965,0.0001,0.1369,-0.0804,-1.5425,402.535,0.0,0.0,0.0,421.849990844727,no_change,,0.0,0.0
SPXW,2026-08-28,7,Call,8090.0,SPXW260828C08090000,0.1,0.2,0.15000000000000002,0.15,-0.05,-25.0,48.0,57.0,0.1399,0.0033,0.0001,0.1314,-0.0785,0.0046,0.1372,0.25,0.25,0.15,0.200000002980232,no_change,2026-08-21T15:46:02,0.0,0.0
SPXW,2026-08-28,7,Put,8090.0,SPXW260828P08090000,399.4,418.8,409.1,301.0,0.0,0.0,0.0,34.0,0.1562,-0.9966,0.0001,0.1316,-0.0786,-1.5446,412.5229,0.0,0.0,0.0,431.5,up,2026-08-14T15:56:45,0.0,0.0
SPXW,2026-08-28,7,Call,8100.0,SPXW260828C08100000,0.1,0.2,0.15000000000000002,0.15,0.05,33.3333,303.0,3235.0,0.1429,0.0032,0.0001,0.1266,-0.077,0.0044,0.1339,0.17,0.3,0.15,0.150000002235174,no_change,2026-08-21T15:49:50,0.0,0.0
SPXW,2026-08-28,7,Put,8100.0,SPXW260828P08100000,409.4,428.8,419.1,378.23,0.0,0.0,0.0,36.0,0.1598,-0.9967,0.0001,0.1268,-0.0771,-1.5467,422.5112,0.0,0.0,0.0,441.899993896484,down,2026-08-19T15:39:29,0.0,0.0
SPXW,2026-08-28,7,Call,8110.0,SPXW260828C08110000,0.1,0.2,0.15000000000000002,0.15,0.0,-1.49012e-06,32.0,242.0,0.1458,0.0031,0.0001,0.1221,-0.0756,0.0043,0.1309,0.15,0.15,0.15,0.150000002235174,no_change,2026-08-21T15:52:12,0.0,0.0
SPXW,2026-08-28,7,Put,8110.0,SPXW260828P08110000,419.3,443.3,431.3,0.0,0.0,0.0,0.0,0.0,0.1634,-0.9968,0.0001,0.1222,-0.0757,-1.5488,432.4998,0.0,0.0,0.0,451.5,no_change,,0.0,0.0
SPXW,2026-08-28,7,Call,8120.0,SPXW260828C08120000,0.1,0.2,0.15000000000000002,0.15,0.0,-1.49012e-06,17.0,75.0,0.1488,0.003,0.0001,0.118,-0.0744,0.0041,0.1282,0.15,0.15,0.15,0.150000002235174,no_change,2026-08-21T15:39:00,0.0,0.0
SPXW,2026-08-28,7,Put,8120.0,SPXW260828P08120000,429.3,453.3,441.3,0.0,0.0,0.0,0.0,0.0,0.167,-0.997,0.0001,0.1181,-0.0744,-1.5509,442.4887,0.0,0.0,0.0,461.25,no_change,,0.0,0.0
SPXW,2026-08-28,7,Call,8125.0,SPXW260828C08125000,0.1,0.2,0.15000000000000002,0.13,-0.02,-13.3333,24.0,257.0,0.1502,0.0029,0.0001,0.116,-0.0738,0.004,0.1269,0.25,0.25,0.12,0.150000002235174,up,2026-08-21T15:59:46,0.0,0.0
SPXW,2026-08-28,7,Put,8125.0,SPXW260828P08125000,434.3,458.2,446.25,410.34,0.0,0.0,0.0,2.0,0.1688,-0.997,0.0001,0.1161,-0.0738,-1.5519,447.4832,0.0,0.0,0.0,466.599990844727,up,2026-08-18T09:30:04,0.0,0.0
SPXW,2026-08-28,7,Call,8130.0,SPXW260828C08130000,0.1,0.2,0.15000000000000002,0.15,0.0,-1.49012e-06,19.0,15.0,0.1517,0.0028,0.0,0.1142,-0.0732,0.004,0.1257,0.15,0.15,0.15,0.150000002235174,no_change,2026-08-21T15:37:06,0.0,0.0
SPXW,2026-08-28,7,Put,8130.0,SPXW260828P08130000,439.3,463.2,451.25,0.0,0.0,0.0,0.0,0.0,0.1706,-0.997,0.0,0.1142,-0.0732,-1.5529,452.4778,0.0,0.0,0.0,471.25,no_change,,0.0,0.0
SPXW,2026-08-28,7,Call,8140.0,SPXW260828C08140000,0.1,0.2,0.15000000000000002,0.15,0.0,-1.49012e-06,22.0,136.0,0.1546,0.0028,0.0,0.1105,-0.0721,0.0038,0.1234,0.15,0.15,0.15,0.150000002235174,no_change,2026-08-21T15:35:43,0.0,0.0
SPXW,2026-08-28,7,Put,8140.0,SPXW260828P08140000,449.3,473.3,461.3,0.0,0.0,0.0,0.0,0.0,0.1742,-0.9971,0.0,0.1106,-0.0722,-1.555,462.467,0.0,0.0,0.0,481.75,no_change,,0.0,0.0
SPXW,2026-08-28,7,Call,8150.0,SPXW260828C08150000,0.1,0.2,0.15000000000000002,0.15,0.0,-1.49012e-06,105.0,159.0,0.1548,0.0027,0.0,0.1072,-0.0712,0.0037,0.1212,0.2,0.2,0.1,0.150000002235174,no_change,2026-08-21T16:07:00,0.0,0.0
SPXW,2026-08-28,7,Put,8150.0,SPXW260828P08150000,459.3,482.2,470.75,385.03,0.0,0.0,0.0,4.0,0.1778,-0.9972,0.0,0.1072,-0.0712,-1.557,472.4565,0.0,0.0,0.0,491.799987792969,down,2026-08-07T11:57:04,0.0,0.0
SPXW,2026-08-28,7,Call,8160.0,SPXW260828C08160000,0.1,0.2,0.15000000000000002,0.15,0.0,-1.49012e-06,30.0,1.0,0.1577,0.0026,0.0,0.104,-0.0702,0.0036,0.1192,0.15,0.15,0.15,0.150000002235174,no_change,2026-08-21T15:36:45,0.0,0.0
SPXW,2026-08-28,7,Put,8160.0,SPXW260828P08160000,469.3,493.2,481.25,0.0,0.0,0.0,0.0,0.0,0.1814,-0.9973,0.0,0.104,-0.0702,-1.559,482.4461,0.0,0.0,0.0,501.799987792969,no_change,,0.0,0.0
SPXW,2026-08-28,7,Call,8170.0,SPXW260828C08170000,0.1,0.15,0.125,0.1,-0.05,-33.3333,22.0,1.0,0.1605,0.0025,0.0,0.101,-0.0694,0.0035,0.1173,0.15,0.15,0.1,0.150000002235174,no_change,2026-08-21T15:59:18,0.0,0.0
SPXW,2026-08-28,7,Put,8170.0,SPXW260828P08170000,479.3,503.2,491.25,0.0,0.0,0.0,0.0,0.0,0.1801,-0.9974,0.0,0.101,-0.0693,-1.561,492.4358,0.0,0.0,0.0,511.550003051758,no_change,,0.0,0.0
SPXW,2026-08-28,7,Call,8175.0,SPXW260828C08175000,0.05,0.15,0.1,0.1,-0.05,-33.3333,23.0,411.0,0.1619,0.0025,0.0,0.0996,-0.0689,0.0035,0.1164,0.16,0.2,0.1,0.150000002235174,no_change,2026-08-21T15:57:00,0.0,0.0
SPXW,2026-08-28,7,Put,8175.0,SPXW260828P08175000,484.3,503.7,494.0,460.23,0.0,0.0,0.0,1.0,0.1819,-0.9974,0.0,0.0995,-0.0689,-1.562,497.4307,0.0,0.0,0.0,516.250015258789,up,2026-08-18T09:30:11,0.0,0.0
SPXW,2026-08-28,7,Call,8180.0,SPXW260828C08180000,0.05,0.15,0.1,0.1,-0.05,-33.3333,27.0,2.0,0.16,0.0024,0.0,0.0982,-0.0685,0.0034,0.1155,0.15,0.15,0.1,0.150000002235174,no_change,2026-08-21T15:59:18,0.0,0.0
SPXW,2026-08-28,7,Put,8180.0,SPXW260828P08180000,489.3,513.2,501.25,498.04,-23.36,-4.48025,4.0,0.0,0.1836,-0.9974,0.0,0.0981,-0.0685,-1.5631,502.4256,498.04,498.04,498.04,521.400009155273,down,2026-08-21T11:18:20,0.0,0.0
SPXW,2026-08-28,7,Call,8190.0,SPXW260828C08190000,0.05,0.15,0.1,0.1,-0.05,-33.3333,27.0,2.0,0.1628,0.0024,0.0,0.0955,-0.0678,0.0033,0.1138,0.1,0.15,0.1,0.150000002235174,no_change,2026-08-21T15:58:14,0.0,0.0
SPXW,2026-08-28,7,Put,8190.0,SPXW260828P08190000,499.3,519.8,509.54999999999995,0.0,0.0,0.0,0.0,0.0,0.1872,-0.9975,0.0,0.0954,-0.0677,-1.5651,512.4156,0.0,0.0,0.0,531.649993896484,no_change,,0.0,0.0
SPXW,2026-08-28,7,Call,8200.0,SPXW260828C08200000,0.05,0.15,0.1,0.1,-0.05,-33.3333,45.0,387.0,0.1656,0.0023,0.0,0.093,-0.067,0.0032,0.1122,0.15,0.2,0.1,0.150000002235174,no_change,2026-08-21T15:56:35,0.0,0.0
SPXW,2026-08-28,7,Put,8200.0,SPXW260828P08200000,509.3,533.0,521.15,516.47,-25.28,-4.66636,10.0,0.0,0.1908,-0.9976,0.0,0.0929,-0.0669,-1.5671,522.4056,516.47,516.47,516.47,541.75,down,2026-08-21T11:12:06,0.0,0.0
SPXW,2026-08-28,7,Call,8210.0,SPXW260828C08210000,0.05,0.15,0.1,0.1,-0.05,-33.3333,1.0,3.0,0.1684,0.0022,0.0,0.0906,-0.0663,0.0031,0.1107,0.1,0.1,0.1,0.150000002235174,down,2026-08-21T15:28:11,0.0,0.0
SPXW,2026-08-28,7,Put,8210.0,SPXW260828P08210000,519.2,543.2,531.2,0.0,0.0,0.0,0.0,0.0,0.1943,-0.9976,0.0,0.0904,-0.0662,-1.5691,532.3957,0.0,0.0,0.0,551.75,no_change,,0.0,0.0
SPXW,2026-08-28,7,Call,8220.0,SPXW260828C08220000,0.05,0.15,0.1,0.1,-0.05,-33.3333,1.0,0.0,0.1712,0.0022,0.0,0.0883,-0.0656,0.0031,0.1093,0.1,0.1,0.1,0.150000002235174,down,2026-08-21T15:28:11,0.0,0.0
SPXW,2026-08-28,7,Put,8220.0,SPXW260828P08220000,529.2,553.2,541.2,0.0,0.0,0.0,0.0,0.0,0.1979,-0.9977,0.0,0.0882,-0.0655,-1.5711,542.3858,0.0,0.0,0.0,561.700012207031,no_change,,0.0,0.0
SPXW,2026-08-28,7,Call,8225.0,SPXW260828C08225000,0.05,0.15,0.1,0.1,-0.05,-33.3333,1.0,40.0,0.1725,0.0022,0.0,0.0872,-0.0653,0.003,0.1086,0.1,0.1,0.1,0.150000002235174,down,2026-08-21T15:28:11,0.0,0.0
SPXW,2026-08-28,7,Put,8225.0,SPXW260828P08225000,534.2,558.1,546.1500000000001,541.82,-24.83,-4.38189,4.0,0.0,0.1997,-0.9977,0.0,0.087,-0.0652,-1.5721,547.3809,541.82,541.82,541.82,566.649993896484,down,2026-08-21T11:18:20,0.0,0.0
SPXW,2026-08-28,7,Call,8230.0,SPXW260828C08230000,0.05,0.15,0.1,0.1,-0.05,-33.3333,1.0,4.0,0.1739,0.0021,0.0,0.0861,-0.065,0.003,0.1079,0.1,0.1,0.1,0.150000002235174,down,2026-08-21T15:28:11,0.0,0.0
SPXW,2026-08-28,7,Put,8230.0,SPXW260828P08230000,541.2,563.2,552.2,546.4,-24.65,-4.31661,10.0,0.0,0.2014,-0.9978,0.0,0.086,-0.0649,-1.5731,552.3761,546.4,546.4,546.4,571.049987792969,down,2026-08-21T11:12:06,0.0,0.0
SPXW,2026-08-28,7,Call,8240.0,SPXW260828C08240000,0.05,0.15,0.1,0.1,-0.05,-33.3333,4.0,0.0,0.1767,0.0021,0.0,0.084,-0.0644,0.0029,0.1065,0.15,0.15,0.1,0.150000002235174,down,2026-08-21T15:28:11,0.0,0.0
SPXW,2026-08-28,7,Put,8240.0,SPXW260828P08240000,549.2,573.1,561.1500000000001,557.33,-24.42,-4.19768,35.0,0.0,0.205,-0.9978,0.0,0.0839,-0.0642,-1.575,562.3663,556.54,557.35,556.54,581.75,no_change,2026-08-21T11:15:51,0.0,0.0
SPXW,2026-08-28,7,Call,8250.0,SPXW260828C08250000,0.05,0.15,0.1,0.12,-0.03,-20.0,7.0,1069.0,0.1794,0.002,0.0,0.082,-0.0638,0.0028,0.1053,0.17,0.2,0.1,0.150000002235174,up,2026-08-21T15:46:26,0.0,0.0
SPXW,2026-08-28,7,Put,8250.0,SPXW260828P08250000,561.1,583.2,572.1500000000001,0.0,0.0,0.0,0.0,0.0,0.2085,-0.9979,0.0,0.0819,-0.0636,-1.577,572.3567,0.0,0.0,0.0,591.349975585938,no_change,,0.0,0.0
SPXW,2026-08-28,7,Call,8275.0,SPXW260828C08275000,0.05,0.15,0.1,0.1,-0.025,-20.0,8.0,71.0,0.1863,0.0019,0.0,0.0774,-0.0623,0.0027,0.1022,0.15,0.15,0.1,0.12500000372529,down,2026-08-21T15:28:11,0.0,0.0
SPXW,2026-08-28,7,Put,8275.0,SPXW260828P08275000,584.2,608.1,596.1500000000001,596.83,-19.87,-3.22199,40.0,0.0,0.2117,-0.998,0.0,0.0772,-0.0622,-1.582,597.3327,591.41,596.83,591.41,616.699981689453,up,2026-08-21T14:26:25,0.0,0.0
SPXW,2026-08-28,7,Call,8300.0,SPXW260828C08300000,0.05,0.15,0.1,0.1,-0.025,-20.0,100.0,1161.0,0.193,0.0018,0.0,0.0732,-0.061,0.0025,0.0994,0.14,0.2,0.1,0.12500000372529,no_change,2026-08-21T15:45:04,0.0,0.0
SPXW,2026-08-28,7,Put,8300.0,SPXW260828P08300000,609.2,632.0,620.6,585.02,0.0,0.0,0.0,2.0,0.2205,-0.9981,0.0,0.073,-0.0608,-1.5869,622.309,0.0,0.0,0.0,641.350006103516,up,2026-08-18T09:30:04,0.0,0.0
SPXW,2026-08-28,7,Call,8325.0,SPXW260828C08325000,0.05,0.15,0.1,0.1,0.0,-3.35276e-06,112.0,62.0,0.1998,0.0017,0.0,0.0694,-0.0597,0.0024,0.0968,0.17,0.17,0.1,0.100000003352761,no_change,2026-08-21T15:37:03,0.0,0.0
SPXW,2026-08-28,7,Put,8325.0,SPXW260828P08325000,634.1,654.8,644.45,0.0,0.0,0.0,0.0,0.0,0.2294,-0.9982,0.0,0.0692,-0.0595,-1.5918,647.2854,0.0,0.0,0.0,666.600006103516,no_change,,0.0,0.0
SPXW,2026-08-28,7,Call,8350.0,SPXW260828C08350000,0.05,0.15,0.1,0.1,-0.025,-20.0,6.0,1571.0,0.2065,0.0016,0.0,0.0658,-0.0585,0.0023,0.0943,0.1,0.1,0.1,0.12500000372529,no_change,2026-08-21T15:28:11,0.0,0.0
SPXW,2026-08-28,7,Put,8350.0,SPXW260828P08350000,661.0,683.1,672.05,0.0,0.0,0.0,0.0,0.0,0.2382,-0.9983,0.0,0.0657,-0.0583,-1.5968,672.262,0.0,0.0,0.0,691.200012207031,no_change,,0.0,0.0
SPXW,2026-08-28,7,Call,8375.0,SPXW260828C08375000,0.05,0.15,0.1,0.05,-0.05,-50.0,3.0,1.0,0.2132,0.0016,0.0,0.0626,-0.0573,0.0022,0.0919,0.05,0.05,0.05,0.100000003352761,down,2026-08-21T15:28:11,0.0,0.0
SPXW,2026-08-28,7,Put,8375.0,SPXW260828P08375000,684.1,708.0,696.05,0.0,0.0,0.0,0.0,0.0,0.2404,-0.9983,0.0,0.0624,-0.0571,-1.6017,697.2387,0.0,0.0,0.0,716.5,no_change,,0.0,0.0
SPXW,2026-08-28,7,Call,8400.0,SPXW260828C08400000,0.05,0.1,0.07500000000000001,0.1,0.0,-3.35276e-06,1004.0,162.0,0.2146,0.0015,0.0,0.0596,-0.0562,0.002,0.0896,0.05,0.1,0.05,0.100000003352761,no_change,2026-08-21T16:13:02,0.0,0.0
SPXW,2026-08-28,7,Put,8400.0,SPXW260828P08400000,709.1,728.5,718.8,0.0,0.0,0.0,0.0,0.0,0.2492,-0.9984,0.0,0.0594,-0.056,-1.6066,722.2155,0.0,0.0,0.0,741.549987792969,no_change,,0.0,0.0
SPXW,2026-08-28,7,Call,8425.0,SPXW260828C08425000,0.05,0.15,0.1,0.05,-0.05,-50.0,3.0,0.0,0.221,0.0014,0.0,0.0568,-0.055,0.002,0.0874,0.1,0.1,0.05,0.100000003352761,down,2026-08-21T15:29:42,0.0,0.0
SPXW,2026-08-28,7,Put,8425.0,SPXW260828P08425000,734.0,754.8,744.4,0.0,0.0,0.0,0.0,0.0,0.258,-0.9985,0.0,0.0566,-0.0548,-1.6114,747.1923,0.0,0.0,0.0,766.400024414062,no_change,,0.0,0.0
SPXW,2026-08-28,7,Call,8450.0,SPXW260828C08450000,0.05,0.15,0.1,0.1,0.0,-3.35276e-06,5.0,8.0,0.233,0.0014,0.0,0.0542,-0.0539,0.0019,0.0852,0.15,0.15,0.1,0.100000003352761,down,2026-08-21T15:28:11,0.0,0.0
SPXW,2026-08-28,7,Put,8450.0,SPXW260828P08450000,759.0,782.9,770.95,0.0,0.0,0.0,0.0,0.0,0.2668,-0.9986,0.0,0.054,-0.0537,-1.6163,772.1693,0.0,0.0,0.0,791.400024414062,no_change,,0.0,0.0
SPXW,2026-08-28,7,Call,8475.0,SPXW260828C08475000,0.05,0.1,0.07500000000000001,0.05,-0.05,-50.0,103.0,0.0,0.2338,0.0013,0.0,0.0518,-0.0528,0.0018,0.0831,0.15,0.15,0.05,0.100000003352761,down,2026-08-21T15:28:11,0.0,0.0
SPXW,2026-08-28,7,Put,8475.0,SPXW260828P08475000,784.0,807.9,795.95,0.0,0.0,0.0,0.0,0.0,0.2755,-0.9986,0.0,0.0516,-0.0526,-1.6212,797.1463,0.0,0.0,0.0,816.449981689453,no_change,,0.0,0.0
SPXW,2026-08-28,7,Call,8500.0,SPXW260828C08500000,0.05,0.1,0.07500000000000001,0.05,-0.025,-33.3333,4.0,190.0,0.2402,0.0012,0.0,0.0495,-0.0518,0.0017,0.081,0.1,0.1,0.05,0.0750000011175871,down,2026-08-21T15:28:11,0.0,0.0
SPXW,2026-08-28,7,Put,8500.0,SPXW260828P08500000,809.0,829.0,819.0,0.0,0.0,0.0,0.0,0.0,0.277,-0.9987,0.0,0.0493,-0.0516,-1.626,822.1233,0.0,0.0,0.0,841.449981689453,no_change,,0.0,0.0
SPXW,2026-08-28,7,Call,8525.0,SPXW260828C08525000,0.0,0.1,0.05,0.05,-0.025,-33.3333,2.0,30.0,0.2388,0.0012,0.0,0.0474,-0.0507,0.0016,0.079,0.05,0.05,0.05,0.0750000011175871,down,2026-08-21T15:28:11,0.0,0.0
SPXW,2026-08-28,7,Put,8525.0,SPXW260828P08525000,834.0,857.8,845.9,0.0,0.0,0.0,0.0,0.0,0.2857,-0.9987,0.0,0.0472,-0.0505,-1.6309,847.1004,0.0,0.0,0.0,866.049987792969,no_change,,0.0,0.0
SPXW,2026-08-28,7,Call,8550.0,SPXW260828C08550000,0.0,0.1,0.05,0.05,-0.025,-33.3333,4.0,0.0,0.2449,0.0011,0.0,0.0454,-0.0497,0.0016,0.0771,0.05,0.05,0.05,0.0750000011175871,down,2026-08-21T15:28:11,0.0,0.0
SPXW,2026-08-28,7,Put,8550.0,SPXW260828P08550000,858.9,882.8,870.8499999999999,0.0,0.0,0.0,0.0,0.0,0.2945,-0.9988,0.0,0.0452,-0.0494,-1.6358,872.0775,0.0,0.0,0.0,891.25,no_change,,0.0,0.0
SPXW,2026-08-28,7,Call,8600.0,SPXW260828C08600000,0.0,0.1,0.05,0.05,-0.05,-50.0,7.0,448.0,0.2571,0.001,0.0,0.0416,-0.0476,0.0014,0.0732,0.05,0.05,0.05,0.100000003352761,no_change,2026-08-21T15:28:11,0.0,0.0
SPXW,2026-08-28,7,Put,8600.0,SPXW260828P08600000,908.9,932.6,920.75,0.0,0.0,0.0,0.0,0.0,0.3038,-0.9989,0.0,0.0415,-0.0474,-1.6455,922.0319,0.0,0.0,0.0,940.950012207031,no_change,,0.0,0.0
SPXW,2026-08-28,7,Call,8700.0,SPXW260828C08700000,0.0,0.1,0.05,0.0,0.0,0.0,0.0,1.0,0.2811,0.0009,0.0,0.0352,-0.0436,0.0012,0.066,0.0,0.0,0.0,0.0750000011175871,no_change,,0.0,0.0
SPXW,2026-08-28,7,Put,8700.0,SPXW260828P08700000,1009.9,1032.8,1021.3499999999999,0.0,0.0,0.0,0.0,0.0,0.3387,-0.999,0.0,0.0351,-0.0433,-1.6648,1021.941,0.0,0.0,0.0,1041.25,no_change,,0.0,0.0
SPXW,2026-08-28,7,Call,8800.0,SPXW260828C08800000,0.0,0.05,0.025,0.05,0.0,0.0,0.0,1521.0,0.3046,0.0007,0.0,0.03,-0.0396,0.001,0.0591,0.0,0.0,0.0,0.025000000372529,no_change,2026-08-19T10:02:42,0.0,0.0
SPXW,2026-08-28,7,Put,8800.0,SPXW260828P08800000,1108.7,1132.4,1120.5500000000002,0.0,0.0,0.0,0.0,0.0,0.3647,-0.9992,0.0,0.0298,-0.0394,-1.6842,1121.8505,0.0,0.0,0.0,1141.04998779297,no_change,,0.0,0.0
SPXW,2026-08-28,7,Call,9000.0,SPXW260828C09000000,0.0,0.05,0.025,0.05,0.0,0.0,0.0,54.0,0.3506,0.0005,0.0,0.0217,-0.032,0.0007,0.0465,0.0,0.0,0.0,0.025000000372529,down,2026-08-19T15:18:24,0.0,0.0
SPXW,2026-08-28,7,Put,9000.0,SPXW260828P09000000,1308.6,1332.3,1320.4499999999998,1271.71,0.0,0.0,0.0,0.0,0.4146,-0.9994,0.0,0.0216,-0.0318,-1.7228,1321.6708,0.0,0.0,0.0,1340.29998779297,down,2026-08-06T15:28:02,0.0,0.0
SPXW,2026-08-28,7,Call,9200.0,SPXW260828C09200000,0.0,0.05,0.025,0.03,0.0,0.0,0.0,174.0,0.395,0.0004,0.0,0.0157,-0.0252,0.0005,0.0355,0.0,0.0,0.0,0.025000000372529,down,2026-08-18T13:41:37,0.0,0.0
SPXW,2026-08-28,7,Put,9200.0,SPXW260828P09200000,1508.4,1531.8,1520.1,0.0,0.0,0.0,0.0,0.0,0.4618,-0.9995,0.0,0.0156,-0.025,-1.7613,1521.4926,0.0,0.0,0.0,1540.70001220703,no_change,,0.0,0.0
SPXW,2026-08-28,7,Call,9400.0,SPXW260828C09400000,0.0,0.05,0.025,0.05,0.0,0.0,0.0,130.0,0.4181,0.0003,0.0,0.0112,-0.0191,0.0004,0.0263,0.0,0.0,0.0,0.025000000372529,no_change,2026-08-14T10:45:56,0.0,0.0
SPXW,2026-08-28,7,Put,9400.0,SPXW260828P09400000,1708.2,1728.9,1718.5500000000002,0.0,0.0,0.0,0.0,0.0,0.5194,-0.9996,0.0,0.0111,-0.0189,-1.7997,1721.3162,0.0,0.0,0.0,1740.15002441406,no_change,,0.0,0.0
SPXW,2026-08-28,7,Call,9600.0,SPXW260828C09600000,0.0,0.05,0.025,0.15,0.0,0.0,0.0,3.0,0.4583,0.0002,0.0,0.0078,-0.014,0.0002,0.0188,0.0,0.0,0.0,0.025000000372529,up,2026-08-04T15:37:36,0.0,0.0
SPXW,2026-08-28,7,Put,9600.0,SPXW260828P09600000,1908.1,1930.9,1919.5,0.0,0.0,0.0,0.0,0.0,0.5633,-0.9997,0.0,0.0078,-0.0139,-1.8381,1921.1416,0.0,0.0,0.0,1940.29998779297,no_change,,0.0,0.0
SPXW,2026-08-28,7,Call,9800.0,SPXW260828C09800000,0.0,0.05,0.025,0.1,0.0,0.0,0.0,116.0,0.4975,0.0001,0.0,0.0053,-0.0099,0.0002,0.013,0.0,0.0,0.0,0.025000000372529,up,2026-08-05T09:59:10,0.0,0.0
SPXW,2026-08-28,7,Put,9800.0,SPXW260828P09800000,2107.9,2131.6,2119.75,0.0,0.0,0.0,0.0,0.0,0.619,-0.9998,0.0,0.0053,-0.0098,-1.8765,2120.9686,0.0,0.0,0.0,2140.09997558594,no_change,,0.0,0.0
SPXW,2026-08-28,7,Call,10000.0,SPXW260828C10000000,0.0,0.05,0.025,0.0,0.0,0.0,0.0,0.0,0.5356,0.0001,0.0,0.0036,-0.0067,0.0001,0.0086,0.0,0.0,0.0,0.025000000372529,no_change,,0.0,0.0
SPXW,2026-08-28,7,Put,10000.0,SPXW260828P10000000,2307.8,2331.6,2319.7,0.0,0.0,0.0,0.0,0.0,0.6602,-0.9998,0.0,0.0035,-0.0066,-1.9149,2320.797,0.0,0.0,0.0,2339.84997558594,no_change,,0.0,0.0
SPXW,2026-08-31,10,Call,2600.0,SPXW260831C02600000,5066.6,5086.5,5076.55,4824.19,0.0,0.0,0.0,1.0,1.9939,0.9998,0.0,0.0017,-0.0099,0.569,5072.8377,0.0,0.0,0.0,5051.69995117188,up,2026-07-30T13:23:33,0.0,0.0
SPXW,2026-08-31,10,Put,2600.0,SPXW260831P02600000,0.0,0.05,0.025,0.1,0.0,0.0,0.0,298.0,1.7558,0.0,0.0,0.0017,-0.0099,0.0,0.0152,0.0,0.0,0.0,0.025000000372529,down,2026-07-27T14:26:39,0.0,0.0
SPXW,2026-08-31,10,Call,2800.0,SPXW260831C02800000,4866.4,4886.7,4876.549999999999,4583.68,0.0,0.0,0.0,1.0,1.8685,0.9998,0.0,0.0019,-0.0103,0.6128,4873.0295,0.0,0.0,0.0,4852.0498046875,down,2026-06-24T14:23:16,0.0,0.0
SPXW,2026-08-31,10,Put,2800.0,SPXW260831P02800000,0.0,0.05,0.025,0.05,0.0,0.0,0.0,2202.0,1.6388,0.0,0.0,0.0019,-0.0103,-0.0001,0.0159,0.0,0.0,0.0,0.025000000372529,no_change,2026-08-03T09:30:04,0.0,0.0
SPXW,2026-08-31,10,Call,3000.0,SPXW260831C03000000,4665.9,4686.8,4676.35,0.0,0.0,0.0,0.0,0.0,1.7512,0.9998,0.0,0.0021,-0.0108,0.6565,4673.2214,0.0,0.0,0.0,4652.15014648438,no_change,,0.0,0.0
SPXW,2026-08-31,10,Put,3000.0,SPXW260831P03000000,0.0,0.05,0.025,0.15,0.0,0.0,0.0,797.0,1.5298,0.0,0.0,0.0021,-0.0108,-0.0001,0.0167,0.0,0.0,0.0,0.025000000372529,no_change,2026-07-27T09:52:55,0.0,0.0
SPXW,2026-08-31,10,Call,3200.0,SPXW260831C03200000,4463.1,4486.8,4474.950000000001,0.0,0.0,0.0,0.0,0.0,1.6409,0.9998,0.0,0.0023,-0.0113,0.7003,4473.4134,0.0,0.0,0.0,4452.39990234375,no_change,,0.0,0.0
SPXW,2026-08-31,10,Put,3200.0,SPXW260831P03200000,0.0,0.05,0.025,0.1,0.0,0.0,0.0,213.0,1.4279,0.0,0.0,0.0023,-0.0113,-0.0001,0.0176,0.0,0.0,0.0,0.025000000372529,no_change,2026-08-03T10:45:11,0.0,0.0
SPXW,2026-08-31,10,Call,3400.0,SPXW260831C03400000,4263.2,4285.0,4274.1,0.0,0.0,0.0,0.0,0.0,1.4676,0.9998,0.0,0.0026,-0.012,0.744,4273.6056,0.0,0.0,0.0,4252.60009765625,no_change,,0.0,0.0
SPXW,2026-08-31,10,Put,3400.0,SPXW260831P03400000,0.0,0.05,0.025,0.05,0.0,0.0,0.0,454.0,1.3322,0.0,0.0,0.0026,-0.012,-0.0001,0.0187,0.0,0.0,0.0,0.025000000372529,no_change,2026-08-14T15:22:49,0.0,0.0
SPXW,2026-08-31,10,Call,3600.0,SPXW260831C03600000,4063.4,4087.2,4075.3,0.0,0.0,0.0,0.0,0.0,1.3761,0.9998,0.0,0.003,-0.0127,0.7878,4073.7981,0.0,0.0,0.0,4052.90002441406,no_change,,0.0,0.0
SPXW,2026-08-31,10,Put,3600.0,SPXW260831P03600000,0.0,0.05,0.025,0.05,0.0,0.0,0.0,641.0,1.2419,-0.0001,0.0,0.003,-0.0127,-0.0001,0.0201,0.0,0.0,0.0,0.025000000372529,down,2026-08-10T13:08:41,0.0,0.0
SPXW,2026-08-31,10,Call,3800.0,SPXW260831C03800000,3863.6,3887.5,3875.55,0.0,0.0,0.0,0.0,0.0,1.2886,0.9998,0.0,0.0034,-0.0136,0.8315,3873.9908,0.0,0.0,0.0,3853.19995117188,no_change,,0.0,0.0
SPXW,2026-08-31,10,Put,3800.0,SPXW260831P03800000,0.0,0.05,0.025,0.05,0.0,0.0,0.0,3178.0,1.1564,-0.0001,0.0,0.0034,-0.0136,-0.0001,0.0216,0.0,0.0,0.0,0.025000000372529,no_change,2026-08-11T10:54:58,0.0,0.0
SPXW,2026-08-31,10,Call,3900.0,SPXW260831C03900000,3766.8,3787.6,3777.2,0.0,0.0,0.0,0.0,0.0,1.2462,0.9998,0.0,0.0037,-0.0141,0.8534,3774.0872,0.0,0.0,0.0,3753.34997558594,no_change,,0.0,0.0
SPXW,2026-08-31,10,Put,3900.0,SPXW260831P03900000,0.0,0.05,0.025,0.05,0.0,0.0,0.0,15244.0,1.1153,-0.0001,0.0,0.0037,-0.0141,-0.0001,0.0226,0.0,0.0,0.0,0.025000000372529,no_change,2026-08-12T14:48:35,0.0,0.0
SPXW,2026-08-31,10,Call,4000.0,SPXW260831C04000000,3663.8,3687.5,3675.65,0.0,0.0,0.0,0.0,0.0,1.2046,0.9998,0.0,0.0039,-0.0147,0.8753,3674.1838,0.0,0.0,0.0,3653.84997558594,no_change,,0.0,0.0
SPXW,2026-08-31,10,Put,4000.0,SPXW260831P04000000,0.0,0.05,0.025,0.32,0.0,0.0,0.0,680.0,1.0752,-0.0001,0.0,0.0039,-0.0147,-0.0001,0.0236,0.0,0.0,0.0,0.025000000372529,no_change,2026-07-31T10:07:02,0.0,0.0
SPXW,2026-08-31,10,Call,4100.0,SPXW260831C04100000,3563.9,3587.6,3575.75,0.0,0.0,0.0,0.0,0.0,1.1639,0.9998,0.0,0.0042,-0.0153,0.8971,3574.2805,0.0,0.0,0.0,3553.44995117188,no_change,,0.0,0.0
SPXW,2026-08-31,10,Put,4100.0,SPXW260831P04100000,0.0,0.05,0.025,0.05,0.0,0.0,0.0,356.0,1.0819,-0.0001,0.0,0.0042,-0.0153,-0.0001,0.0247,0.0,0.0,0.0,0.025000000372529,no_change,2026-08-20T15:36:18,0.0,0.0
SPXW,2026-08-31,10,Call,4200.0,SPXW260831C04200000,3468.2,3487.9,3478.05,3319.76,0.0,0.0,0.0,2.0,1.1239,0.9998,0.0,0.0046,-0.016,0.919,3474.3773,0.0,0.0,0.0,3453.59997558594,up,2026-06-18T10:42:45,0.0,0.0
SPXW,2026-08-31,10,Put,4200.0,SPXW260831P04200000,0.0,0.05,0.025,0.05,0.0,0.0,0.0,285.0,1.0421,-0.0001,0.0,0.0046,-0.016,-0.0001,0.0259,0.0,0.0,0.0,0.025000000372529,down,2026-08-20T15:36:14,0.0,0.0
SPXW,2026-08-31,10,Call,4300.0,SPXW260831C04300000,3367.1,3388.0,3377.55,0.0,0.0,0.0,0.0,0.0,1.0073,0.9998,0.0,0.005,-0.0168,0.9409,3374.4742,0.0,0.0,0.0,3353.84997558594,no_change,,0.0,0.0
SPXW,2026-08-31,10,Put,4300.0,SPXW260831P04300000,0.0,0.05,0.025,0.05,0.0,0.0,0.0,528.0,1.0033,-0.0001,0.0,0.005,-0.0168,-0.0002,0.0273,0.0,0.0,0.0,0.025000000372529,no_change,2026-08-19T13:05:57,0.0,0.0
SPXW,2026-08-31,10,Call,4400.0,SPXW260831C04400000,3267.2,3288.1,3277.6499999999996,0.0,0.0,0.0,0.0,0.0,0.9744,0.9998,0.0,0.0054,-0.0176,0.9627,3274.5714,0.0,0.0,0.0,3253.90002441406,no_change,,0.0,0.0
SPXW,2026-08-31,10,Put,4400.0,SPXW260831P04400000,0.0,0.05,0.025,0.05,0.0,0.0,0.0,304.0,0.9653,-0.0001,0.0,0.0054,-0.0176,-0.0002,0.0289,0.0,0.0,0.0,0.025000000372529,down,2026-08-12T14:49:34,0.0,0.0
SPXW,2026-08-31,10,Call,4500.0,SPXW260831C04500000,3168.5,3188.2,3178.35,0.0,0.0,0.0,0.0,0.0,0.9416,0.9998,0.0,0.0059,-0.0186,0.9846,3174.6687,0.0,0.0,0.0,3153.94995117188,no_change,,0.0,0.0
SPXW,2026-08-31,10,Put,4500.0,SPXW260831P04500000,0.0,0.05,0.025,0.05,0.0,0.0,0.0,589.0,0.9281,-0.0001,0.0,0.0059,-0.0186,-0.0002,0.0307,0.0,0.0,0.0,0.025000000372529,down,2026-08-20T14:22:37,0.0,0.0
SPXW,2026-08-31,10,Call,4600.0,SPXW260831C04600000,3064.3,3088.0,3076.15,2832.09,0.0,0.0,0.0,2.0,0.909,0.9998,0.0,0.0065,-0.0197,1.0065,3074.7663,0.0,0.0,0.0,3054.15002441406,down,2026-07-30T13:23:33,0.0,0.0
SPXW,2026-08-31,10,Put,4600.0,SPXW260831P04600000,0.0,0.05,0.025,0.04,0.0,0.0,0.0,289.0,0.8918,-0.0001,0.0,0.0065,-0.0197,-0.0002,0.0328,0.0,0.0,0.0,0.025000000372529,down,2026-08-18T15:08:51,0.0,0.0
SPXW,2026-08-31,10,Call,4700.0,SPXW260831C04700000,2964.4,2986.2,2975.3,1964.62,0.0,0.0,0.0,5.0,0.8766,0.9997,0.0,0.0072,-0.021,1.0283,2974.8642,0.0,0.0,0.0,2954.90002441406,down,2026-04-07T15:46:11,0.0,0.0
SPXW,2026-08-31,10,Put,4700.0,SPXW260831P04700000,0.0,0.05,0.025,0.05,0.0,0.0,0.0,258.0,0.8561,-0.0001,0.0,0.0072,-0.021,-0.0002,0.0352,0.0,0.0,0.0,0.025000000372529,no_change,2026-08-17T12:55:27,0.0,0.0
SPXW,2026-08-31,10,Call,4800.0,SPXW260831C04800000,2864.5,2888.4,2876.45,1869.87,0.0,0.0,0.0,6.0,0.8444,0.9997,0.0,0.0079,-0.0224,1.0502,2874.9625,0.0,0.0,0.0,2854.34997558594,up,2026-04-07T15:46:11,0.0,0.0
SPXW,2026-08-31,10,Put,4800.0,SPXW260831P04800000,0.0,0.05,0.025,0.1,0.0,0.0,0.0,15270.0,0.8212,-0.0002,0.0,0.0079,-0.0224,-0.0003,0.0379,0.0,0.0,0.0,0.0500000007450581,down,2026-08-12T10:23:59,0.0,0.0
SPXW,2026-08-31,10,Call,4850.0,SPXW260831C04850000,2817.6,2838.5,2828.05,0.0,0.0,0.0,0.0,0.0,0.7739,0.9997,0.0,0.0083,-0.0232,1.0611,2825.0118,0.0,0.0,0.0,2804.54992675781,no_change,,0.0,0.0
SPXW,2026-08-31,10,Put,4850.0,SPXW260831P04850000,0.0,0.05,0.025,0.05,0.0,0.0,0.0,207.0,0.804,-0.0002,0.0,0.0083,-0.0232,-0.0003,0.0394,0.0,0.0,0.0,0.0500000007450581,no_change,2026-08-17T13:53:29,0.0,0.0
SPXW,2026-08-31,10,Call,4900.0,SPXW260831C04900000,2767.6,2788.5,2778.05,0.0,0.0,0.0,0.0,0.0,0.8125,0.9997,0.0,0.0088,-0.0241,1.072,2775.0612,0.0,0.0,0.0,2754.54992675781,no_change,,0.0,0.0
SPXW,2026-08-31,10,Put,4900.0,SPXW260831P04900000,0.0,0.05,0.025,0.3,0.0,0.0,0.0,119.0,0.787,-0.0002,0.0,0.0088,-0.0241,-0.0003,0.041,0.0,0.0,0.0,0.0500000007450581,no_change,2026-08-05T16:11:54,0.0,0.0
SPXW,2026-08-31,10,Call,4950.0,SPXW260831C04950000,2717.7,2738.6,2728.1499999999996,0.0,0.0,0.0,0.0,0.0,0.7481,0.9997,0.0,0.0093,-0.025,1.083,2725.1107,0.0,0.0,0.0,2704.55004882812,no_change,,0.0,0.0
SPXW,2026-08-31,10,Put,4950.0,SPXW260831P04950000,0.0,0.05,0.025,0.05,0.0,0.0,0.0,116.0,0.7701,-0.0002,0.0,0.0093,-0.025,-0.0003,0.0427,0.0,0.0,0.0,0.0500000007450581,no_change,2026-08-17T15:22:09,0.0,0.0
SPXW,2026-08-31,10,Call,5000.0,SPXW260831C05000000,2667.9,2686.0,2676.95,2508.68,0.0,0.0,0.0,401.0,0.8892,0.9997,0.0,0.0098,-0.026,1.0939,2675.1603,0.0,0.0,0.0,2654.29992675781,up,2026-07-31T15:29:40,0.0,0.0
SPXW,2026-08-31,10,Put,5000.0,SPXW260831P05000000,0.0,0.1,0.05,0.05,0.025,100.0,185.0,1112.0,0.7533,-0.0002,0.0,0.0098,-0.026,-0.0003,0.0446,0.05,0.05,0.05,0.025000000372529,no_change,2026-08-21T15:31:28,0.0,0.0
SPXW,2026-08-31,10,Call,5050.0,SPXW260831C05050000,2617.8,2638.7,2628.25,0.0,0.0,0.0,0.0,0.0,0.7217,0.9997,0.0,0.0104,-0.027,1.1048,2625.2101,0.0,0.0,0.0,2604.65002441406,no_change,,0.0,0.0
SPXW,2026-08-31,10,Put,5050.0,SPXW260831P05050000,0.0,0.1,0.05,0.45,0.0,0.0,0.0,87.0,0.7368,-0.0002,0.0,0.0104,-0.027,-0.0004,0.0466,0.0,0.0,0.0,0.0500000007450581,no_change,2026-08-04T10:59:01,0.0,0.0
SPXW,2026-08-31,10,Call,5100.0,SPXW260831C05100000,2568.0,2588.7,2578.35,0.0,0.0,0.0,0.0,0.0,0.7496,0.9996,0.0,0.011,-0.0281,1.1157,2575.2601,0.0,0.0,0.0,2554.79992675781,no_change,,0.0,0.0
SPXW,2026-08-31,10,Put,5100.0,SPXW260831P05100000,0.0,0.1,0.05,0.1,0.0,0.0,0.0,204.0,0.7204,-0.0002,0.0,0.011,-0.0281,-0.0004,0.0488,0.0,0.0,0.0,0.0500000007450581,down,2026-08-13T11:37:57,0.0,0.0
SPXW,2026-08-31,10,Call,5125.0,SPXW260831C05125000,2539.8,2563.5,2551.65,2438.4,0.0,0.0,0.0,1.0,0.7249,0.9996,0.0,0.0114,-0.0287,1.1212,2550.2851,0.0,0.0,0.0,2529.75,down,2026-07-16T12:24:39,0.0,0.0
SPXW,2026-08-31,10,Put,5125.0,SPXW260831P05125000,0.0,0.1,0.05,2.6,0.0,0.0,0.0,32.0,0.7122,-0.0002,0.0,0.0114,-0.0287,-0.0004,0.05,0.0,0.0,0.0,0.0500000007450581,down,2026-07-15T13:18:34,0.0,0.0
SPXW,2026-08-31,10,Call,5150.0,SPXW260831C05150000,2517.9,2538.8,2528.3500000000004,2302.05,0.0,0.0,0.0,1.0,0.6948,0.9996,0.0,0.0117,-0.0293,1.1266,2525.3102,0.0,0.0,0.0,2504.95007324219,down,2026-05-21T10:27:18,0.0,0.0
SPXW,2026-08-31,10,Put,5150.0,SPXW260831P05150000,0.0,0.1,0.05,0.55,0.0,0.0,0.0,393.0,0.7041,-0.0002,0.0,0.0117,-0.0293,-0.0004,0.0512,0.0,0.0,0.0,0.0500000007450581,down,2026-08-04T09:30:10,0.0,0.0
SPXW,2026-08-31,10,Call,5175.0,SPXW260831C05175000,2492.8,2513.8,2503.3,0.0,0.0,0.0,0.0,0.0,0.6501,0.9996,0.0,0.0121,-0.03,1.1321,2500.3353,0.0,0.0,0.0,2479.90002441406,no_change,,0.0,0.0
SPXW,2026-08-31,10,Put,5175.0,SPXW260831P05175000,0.0,0.1,0.05,0.55,0.0,0.0,0.0,31.0,0.696,-0.0002,0.0,0.0121,-0.03,-0.0004,0.0524,0.0,0.0,0.0,0.0500000007450581,no_change,2026-08-04T09:46:26,0.0,0.0
SPXW,2026-08-31,10,Call,5200.0,SPXW260831C05200000,2464.9,2487.6,2476.25,2336.05,0.0,0.0,0.0,2.0,0.7186,0.9996,0.0,0.0125,-0.0306,1.1376,2475.3605,0.0,0.0,0.0,2454.90002441406,up,2026-06-30T15:32:53,0.0,0.0
SPXW,2026-08-31,10,Put,5200.0,SPXW260831P05200000,0.0,0.1,0.05,0.05,0.0,-1.49012e-06,15.0,469.0,0.6879,-0.0003,0.0,0.0125,-0.0306,-0.0004,0.0537,0.05,0.05,0.05,0.0500000007450581,down,2026-08-21T16:04:51,0.0,0.0
SPXW,2026-08-31,10,Call,5225.0,SPXW260831C05225000,2440.1,2463.8,2451.95,2189.29,0.0,0.0,0.0,1.0,0.6954,0.9996,0.0,0.0129,-0.0313,1.143,2450.3858,0.0,0.0,0.0,2430.59997558594,up,2026-07-30T10:09:32,0.0,0.0
SPXW,2026-08-31,10,Put,5225.0,SPXW260831P05225000,0.0,0.1,0.05,0.1,0.0,0.0,0.0,137.0,0.6799,-0.0003,0.0,0.0129,-0.0313,-0.0004,0.0551,0.0,0.0,0.0,0.0500000007450581,down,2026-08-18T15:50:43,0.0,0.0
SPXW,2026-08-31,10,Call,5250.0,SPXW260831C05250000,2415.0,2438.7,2426.85,0.0,0.0,0.0,0.0,0.0,0.6676,0.9996,0.0,0.0133,-0.032,1.1485,2425.411,0.0,0.0,0.0,2404.94995117188,no_change,,0.0,0.0
SPXW,2026-08-31,10,Put,5250.0,SPXW260831P05250000,0.0,0.1,0.05,0.2,0.0,0.0,0.0,176.0,0.672,-0.0003,0.0,0.0133,-0.032,-0.0004,0.0565,0.0,0.0,0.0,0.0500000007450581,no_change,2026-08-12T09:30:03,0.0,0.0
SPXW,2026-08-31,10,Call,5275.0,SPXW260831C05275000,2392.9,2413.9,2403.4,2289.49,0.0,0.0,0.0,1.0,0.6289,0.9996,0.0,0.0137,-0.0328,1.1539,2400.4364,0.0,0.0,0.0,2379.94995117188,down,2026-07-16T12:26:07,0.0,0.0
SPXW,2026-08-31,10,Put,5275.0,SPXW260831P05275000,0.0,0.1,0.05,0.1,0.0,0.0,0.0,40.0,0.664,-0.0003,0.0,0.0137,-0.0328,-0.0005,0.0579,0.0,0.0,0.0,0.0750000011175871,no_change,2026-08-20T14:08:45,0.0,0.0
SPXW,2026-08-31,10,Call,5300.0,SPXW260831C05300000,2365.0,2386.8,2375.9,0.0,0.0,0.0,0.0,57.0,0.6878,0.9996,0.0,0.0141,-0.0335,1.1594,2375.4618,0.0,0.0,0.0,2355.65002441406,no_change,,0.0,0.0
SPXW,2026-08-31,10,Put,5300.0,SPXW260831P05300000,0.0,0.1,0.05,0.05,-0.025,-33.3333,13.0,497.0,0.6561,-0.0003,0.0,0.0142,-0.0335,-0.0005,0.0594,0.05,0.05,0.05,0.0750000011175871,no_change,2026-08-21T16:06:12,0.0,0.0
SPXW,2026-08-31,10,Call,5325.0,SPXW260831C05325000,2344.3,2363.9,2354.1000000000004,0.0,0.0,0.0,0.0,0.0,0.666,0.9996,0.0,0.0146,-0.0343,1.1648,2350.4872,0.0,0.0,0.0,2330.05004882812,no_change,,0.0,0.0
SPXW,2026-08-31,10,Put,5325.0,SPXW260831P05325000,0.0,0.1,0.05,0.35,0.0,0.0,0.0,147.0,0.6482,-0.0003,0.0,0.0146,-0.0343,-0.0005,0.061,0.0,0.0,0.0,0.100000003352761,up,2026-08-07T13:25:23,0.0,0.0
SPXW,2026-08-31,10,Call,5350.0,SPXW260831C05350000,2318.1,2339.0,2328.55,0.0,0.0,0.0,0.0,0.0,0.6403,0.9996,0.0,0.0151,-0.0351,1.1703,2325.5128,0.0,0.0,0.0,2305.05004882812,no_change,,0.0,0.0
SPXW,2026-08-31,10,Put,5350.0,SPXW260831P05350000,0.0,0.1,0.05,0.1,0.0,0.0,0.0,574.0,0.6404,-0.0003,0.0,0.0151,-0.0351,-0.0005,0.0626,0.0,0.0,0.0,0.100000003352761,no_change,2026-08-19T10:40:07,0.0,0.0
SPXW,2026-08-31,10,Call,5375.0,SPXW260831C05375000,2293.1,2314.0,2303.55,0.0,0.0,0.0,0.0,0.0,0.606,0.9996,0.0,0.0156,-0.0359,1.1757,2300.5383,0.0,0.0,0.0,2280.10009765625,no_change,,0.0,0.0
SPXW,2026-08-31,10,Put,5375.0,SPXW260831P05375000,0.0,0.1,0.05,0.1,0.0,0.0,0.0,34.0,0.6326,-0.0003,0.0,0.0156,-0.036,-0.0005,0.0643,0.0,0.0,0.0,0.100000003352761,down,2026-08-19T10:46:00,0.0,0.0
SPXW,2026-08-31,10,Call,5400.0,SPXW260831C05400000,2265.1,2286.9,2276.0,0.0,0.0,0.0,0.0,0.0,0.5199,0.9995,0.0,0.0161,-0.0368,1.1812,2275.564,0.0,0.0,0.0,2255.55004882812,no_change,,0.0,0.0
SPXW,2026-08-31,10,Put,5400.0,SPXW260831P05400000,0.0,0.1,0.05,0.05,-0.05,-50.0,4.0,695.0,0.6248,-0.0003,0.0,0.0161,-0.0368,-0.0006,0.0661,0.1,0.1,0.05,0.100000003352761,no_change,2026-08-21T16:06:35,0.0,0.0
SPXW,2026-08-31,10,Call,5425.0,SPXW260831C05425000,2240.1,2261.9,2251.0,0.0,0.0,0.0,0.0,0.0,0.6367,0.9995,0.0,0.0167,-0.0377,1.1866,2250.5897,0.0,0.0,0.0,2230.15002441406,no_change,,0.0,0.0
SPXW,2026-08-31,10,Put,5425.0,SPXW260831P05425000,0.0,0.1,0.05,0.06,-0.04,-40.0,6.0,235.0,0.617,-0.0004,0.0,0.0167,-0.0377,-0.0006,0.0679,0.06,0.06,0.06,0.100000003352761,no_change,2026-08-21T14:22:06,0.0,0.0
SPXW,2026-08-31,10,Call,5450.0,SPXW260831C05450000,2215.2,2238.9,2227.05,0.0,0.0,0.0,0.0,0.0,0.6128,0.9995,0.0,0.0172,-0.0386,1.1921,2225.6155,0.0,0.0,0.0,2205.19995117188,no_change,,0.0,0.0
SPXW,2026-08-31,10,Put,5450.0,SPXW260831P05450000,0.05,0.1,0.07500000000000001,0.75,0.0,0.0,0.0,83.0,0.6093,-0.0004,0.0,0.0172,-0.0386,-0.0006,0.0698,0.0,0.0,0.0,0.100000003352761,down,2026-08-04T12:40:49,0.0,0.0
SPXW,2026-08-31,10,Call,5475.0,SPXW260831C05475000,2190.2,2213.9,2202.05,0.0,0.0,0.0,0.0,0.0,0.5821,0.9995,0.0,0.0178,-0.0396,1.1975,2200.6414,0.0,0.0,0.0,2180.25,no_change,,0.0,0.0
SPXW,2026-08-31,10,Put,5475.0,SPXW260831P05475000,0.0,0.1,0.05,2.25,0.0,0.0,0.0,239.0,0.619,-0.0004,0.0,0.0178,-0.0396,-0.0006,0.0718,0.0,0.0,0.0,0.100000003352761,down,2026-07-31T10:29:55,0.0,0.0
SPXW,2026-08-31,10,Call,5500.0,SPXW260831C05500000,2168.8,2185.6,2177.2,1909.56,0.0,0.0,0.0,6003.0,0.6919,0.9995,0.0,0.0185,-0.0406,1.203,2175.6673,0.0,0.0,0.0,2155.0,down,2026-07-30T09:49:54,0.0,0.0
SPXW,2026-08-31,10,Put,5500.0,SPXW260831P05500000,0.05,0.1,0.07500000000000001,0.05,-0.075,-60.0,1.0,4872.0,0.6112,-0.0004,0.0,0.0185,-0.0406,-0.0006,0.0738,0.05,0.05,0.05,0.12500000372529,down,2026-08-21T11:49:01,0.0,0.0
SPXW,2026-08-31,10,Call,5525.0,SPXW260831C05525000,2140.2,2162.9,2151.55,0.0,0.0,0.0,0.0,0.0,0.6076,0.9995,0.0,0.0191,-0.0416,1.2084,2150.6933,0.0,0.0,0.0,2130.34997558594,no_change,,0.0,0.0
SPXW,2026-08-31,10,Put,5525.0,SPXW260831P05525000,0.0,0.1,0.05,0.35,0.0,0.0,0.0,156.0,0.6033,-0.0004,0.0,0.0191,-0.0416,-0.0007,0.0759,0.0,0.0,0.0,0.100000003352761,down,2026-08-10T13:41:08,0.0,0.0
SPXW,2026-08-31,10,Call,5550.0,SPXW260831C05550000,2118.3,2139.1,2128.7,0.0,0.0,0.0,0.0,0.0,0.5853,0.9995,0.0,0.0198,-0.0427,1.2139,2125.7194,0.0,0.0,0.0,2105.34997558594,no_change,,0.0,0.0
SPXW,2026-08-31,10,Put,5550.0,SPXW260831P05550000,0.0,0.1,0.05,0.12,0.0,0.0,0.0,542.0,0.5956,-0.0004,0.0,0.0198,-0.0427,-0.0007,0.0782,0.0,0.0,0.0,0.100000003352761,no_change,2026-08-14T09:53:16,0.0,0.0
SPXW,2026-08-31,10,Call,5575.0,SPXW260831C05575000,2090.3,2114.0,2102.15,1893.91,0.0,0.0,0.0,45.0,0.5576,0.9994,0.0,0.0205,-0.0438,1.2193,2100.7456,0.0,0.0,0.0,2080.5,down,2026-07-24T12:33:56,0.0,0.0
SPXW,2026-08-31,10,Put,5575.0,SPXW260831P05575000,0.0,0.1,0.05,0.05,-0.05,-50.0,43.0,417.0,0.5878,-0.0004,0.0,0.0205,-0.0438,-0.0007,0.0804,0.1,0.12,0.05,0.100000003352761,down,2026-08-21T16:09:17,0.0,0.0
SPXW,2026-08-31,10,Call,5600.0,SPXW260831C05600000,2068.3,2089.2,2078.75,0.0,0.0,0.0,0.0,0.0,0.5122,0.9994,0.0,0.0213,-0.0449,1.2248,2075.7718,0.0,0.0,0.0,2055.39996337891,no_change,,0.0,0.0
SPXW,2026-08-31,10,Put,5600.0,SPXW260831P05600000,0.05,0.1,0.07500000000000001,0.1,-0.025,-20.0,31.0,1599.0,0.5801,-0.0005,0.0,0.0213,-0.0449,-0.0007,0.0828,0.12,0.12,0.1,0.12500000372529,down,2026-08-21T15:08:04,0.0,0.0
SPXW,2026-08-31,10,Call,5625.0,SPXW260831C05625000,2040.3,2064.2,2052.25,1844.76,0.0,0.0,0.0,1.0,0.5787,0.9994,0.0,0.0221,-0.0461,1.2302,2050.7982,0.0,0.0,0.0,2031.04998779297,up,2026-07-24T12:33:56,0.0,0.0
SPXW,2026-08-31,10,Put,5625.0,SPXW260831P05625000,0.05,0.1,0.07500000000000001,0.15,0.0,0.0,0.0,379.0,0.5724,-0.0005,0.0,0.0221,-0.0461,-0.0008,0.0853,0.0,0.0,0.0,0.150000002235174,no_change,2026-08-20T15:45:57,0.0,0.0
SPXW,2026-08-31,10,Call,5650.0,SPXW260831C05650000,2018.4,2039.2,2028.8000000000002,2032.75,0.0,0.0,0.0,8.0,0.5578,0.9994,0.0,0.0229,-0.0473,1.2356,2025.8247,0.0,0.0,0.0,2006.15002441406,up,2026-08-20T11:40:03,0.0,0.0
SPXW,2026-08-31,10,Put,5650.0,SPXW260831P05650000,0.05,0.1,0.07500000000000001,0.15,0.0,0.0,0.0,590.0,0.5647,-0.0005,0.0,0.0229,-0.0473,-0.0008,0.0879,0.0,0.0,0.0,0.150000002235174,down,2026-08-14T11:56:42,0.0,0.0
SPXW,2026-08-31,10,Call,5675.0,SPXW260831C05675000,1993.3,2014.3,2003.8,0.0,0.0,0.0,0.0,0.0,0.5325,0.9994,0.0,0.0238,-0.0486,1.2411,2000.8513,0.0,0.0,0.0,1980.5,no_change,,0.0,0.0
SPXW,2026-08-31,10,Put,5675.0,SPXW260831P05675000,0.05,0.15,0.1,3.7,0.0,0.0,0.0,394.0,0.5571,-0.0005,0.0,0.0238,-0.0486,-0.0008,0.0906,0.0,0.0,0.0,0.150000002235174,down,2026-07-30T11:58:09,0.0,0.0
SPXW,2026-08-31,10,Call,5700.0,SPXW260831C05700000,1968.6,1989.3,1978.9499999999998,1949.63,0.0,0.0,0.0,44.0,0.4948,0.9994,0.0,0.0246,-0.0499,1.2465,1975.878,0.0,0.0,0.0,1955.54998779297,no_change,2026-05-29T10:15:08,0.0,0.0
SPXW,2026-08-31,10,Put,5700.0,SPXW260831P05700000,0.05,0.15,0.1,0.1,-0.05,-33.3333,10.0,310.0,0.5495,-0.0005,0.0,0.0246,-0.0499,-0.0009,0.0934,0.1,0.1,0.1,0.150000002235174,no_change,2026-08-21T10:08:02,0.0,0.0
SPXW,2026-08-31,10,Call,5720.0,SPXW260831C05720000,1949.7,1969.3,1959.5,2068.7,0.0,0.0,0.0,1.0,0.5536,0.9993,0.0,0.0254,-0.051,1.2509,1955.8994,0.0,0.0,0.0,1936.0,up,2026-08-14T15:34:21,0.0,0.0
SPXW,2026-08-31,10,Put,5720.0,SPXW260831P05720000,0.05,0.15,0.1,5.09,0.0,0.0,0.0,36.0,0.5434,-0.0006,0.0,0.0254,-0.051,-0.0009,0.0957,0.0,0.0,0.0,0.150000002235174,down,2026-07-13T10:02:30,0.0,0.0
SPXW,2026-08-31,10,Call,5725.0,SPXW260831C05725000,1943.4,1964.3,1953.85,0.0,0.0,0.0,0.0,0.0,0.5499,0.9993,0.0,0.0256,-0.0512,1.2519,1950.9048,0.0,0.0,0.0,1930.59997558594,no_change,,0.0,0.0
SPXW,2026-08-31,10,Put,5725.0,SPXW260831P05725000,0.05,0.15,0.1,0.3,0.0,0.0,0.0,193.0,0.5419,-0.0006,0.0,0.0256,-0.0512,-0.0009,0.0963,0.0,0.0,0.0,0.150000002235174,down,2026-08-12T13:03:57,0.0,0.0
SPXW,2026-08-31,10,Call,5730.0,SPXW260831C05730000,1936.4,1959.3,1947.85,2058.41,0.0,0.0,0.0,1.0,0.5462,0.9993,0.0,0.0258,-0.0515,1.253,1945.9101,0.0,0.0,0.0,1925.64996337891,up,2026-08-14T15:34:21,0.0,0.0
SPXW,2026-08-31,10,Put,5730.0,SPXW260831P05730000,0.05,0.15,0.1,0.9,0.0,0.0,0.0,22.0,0.5404,-0.0006,0.0,0.0258,-0.0515,-0.0009,0.0969,0.0,0.0,0.0,0.150000002235174,down,2026-08-05T10:08:09,0.0,0.0
SPXW,2026-08-31,10,Call,5740.0,SPXW260831C05740000,1928.4,1949.3,1938.85,0.0,0.0,0.0,0.0,0.0,0.5385,0.9993,0.0,0.0262,-0.0521,1.2552,1935.9209,0.0,0.0,0.0,1915.84997558594,no_change,,0.0,0.0
SPXW,2026-08-31,10,Put,5740.0,SPXW260831P05740000,0.05,0.15,0.1,0.95,0.0,0.0,0.0,37.0,0.5374,-0.0006,0.0,0.0262,-0.0521,-0.0009,0.0981,0.0,0.0,0.0,0.150000002235174,no_change,2026-08-05T10:31:25,0.0,0.0
SPXW,2026-08-31,10,Call,5750.0,SPXW260831C05750000,1918.5,1939.4,1928.95,0.0,0.0,0.0,0.0,0.0,0.5304,0.9993,0.0,0.0266,-0.0526,1.2574,1925.9317,0.0,0.0,0.0,1905.70001220703,no_change,,0.0,0.0
SPXW,2026-08-31,10,Put,5750.0,SPXW260831P05750000,0.05,0.15,0.1,0.12,-0.03,-20.0,10.0,321.0,0.5344,-0.0006,0.0,0.0265,-0.0526,-0.0009,0.0993,0.12,0.12,0.12,0.150000002235174,down,2026-08-21T15:35:38,0.0,0.0
SPXW,2026-08-31,10,Call,5760.0,SPXW260831C05760000,1906.5,1929.4,1917.95,0.0,0.0,0.0,0.0,0.0,0.5217,0.9993,0.0,0.0269,-0.0532,1.2596,1915.9425,0.0,0.0,0.0,1895.59997558594,no_change,,0.0,0.0
SPXW,2026-08-31,10,Put,5760.0,SPXW260831P05760000,0.05,0.15,0.1,0.15,0.0,-1.49012e-06,1.0,75.0,0.5314,-0.0006,0.0,0.0269,-0.0532,-0.001,0.1005,0.15,0.15,0.15,0.150000002235174,down,2026-08-21T14:06:17,0.0,0.0
SPXW,2026-08-31,10,Call,5770.0,SPXW260831C05770000,1896.5,1919.4,1907.95,0.0,0.0,0.0,0.0,0.0,0.5122,0.9993,0.0,0.0274,-0.0538,1.2617,1905.9533,0.0,0.0,0.0,1885.69995117188,no_change,,0.0,0.0
SPXW,2026-08-31,10,Put,5770.0,SPXW260831P05770000,0.05,0.15,0.1,5.3,0.0,0.0,0.0,30.0,0.5284,-0.0006,0.0,0.0274,-0.0538,-0.001,0.1018,0.0,0.0,0.0,0.150000002235174,no_change,2026-07-16T09:47:14,0.0,0.0
SPXW,2026-08-31,10,Call,5775.0,SPXW260831C05775000,1890.5,1914.4,1902.45,0.0,0.0,0.0,0.0,0.0,0.5071,0.9993,0.0,0.0276,-0.0541,1.2628,1900.9587,0.0,0.0,0.0,1880.69995117188,no_change,,0.0,0.0
SPXW,2026-08-31,10,Put,5775.0,SPXW260831P05775000,0.05,0.15,0.1,4.2,0.0,0.0,0.0,51.0,0.5382,-0.0006,0.0,0.0276,-0.0541,-0.001,0.1025,0.0,0.0,0.0,0.150000002235174,down,2026-07-30T11:58:08,0.0,0.0
SPXW,2026-08-31,10,Call,5780.0,SPXW260831C05780000,1885.9,1909.4,1897.65,0.0,0.0,0.0,0.0,0.0,0.5017,0.9993,0.0,0.0278,-0.0544,1.2639,1895.9641,0.0,0.0,0.0,1876.09997558594,no_change,,0.0,0.0
SPXW,2026-08-31,10,Put,5780.0,SPXW260831P05780000,0.05,0.15,0.1,7.65,0.0,0.0,0.0,22.0,0.5367,-0.0006,0.0,0.0278,-0.0544,-0.001,0.1031,0.0,0.0,0.0,0.150000002235174,down,2026-07-17T14:26:53,0.0,0.0
SPXW,2026-08-31,10,Call,5790.0,SPXW260831C05790000,1876.5,1899.4,1887.95,0.0,0.0,0.0,0.0,0.0,0.4896,0.9993,0.0,0.0282,-0.055,1.2661,1885.975,0.0,0.0,0.0,1866.09997558594,no_change,,0.0,0.0
SPXW,2026-08-31,10,Put,5790.0,SPXW260831P05790000,0.05,0.15,0.1,17.0,0.0,0.0,0.0,3.0,0.5336,-0.0006,0.0,0.0282,-0.055,-0.001,0.1044,0.0,0.0,0.0,0.150000002235174,up,2026-06-01T12:37:16,0.0,0.0
SPXW,2026-08-31,10,Call,5800.0,SPXW260831C05800000,1865.5,1889.4,1877.45,1393.79,0.0,0.0,0.0,19.0,0.4747,0.9993,0.0,0.0286,-0.0556,1.2683,1875.9858,0.0,0.0,0.0,1855.79998779297,up,2026-04-21T15:42:06,0.0,0.0
SPXW,2026-08-31,10,Put,5800.0,SPXW260831P05800000,0.05,0.15,0.1,0.2,0.025,14.2857,6.0,526.0,0.5306,-0.0006,0.0,0.0286,-0.0556,-0.001,0.1057,0.14,0.2,0.14,0.175000000745058,up,2026-08-21T15:46:31,0.0,0.0
SPXW,2026-08-31,10,Call,5810.0,SPXW260831C05810000,1855.5,1879.1,1867.3,0.0,0.0,0.0,0.0,0.0,0.5315,0.9992,0.0,0.029,-0.0562,1.2704,1865.9967,0.0,0.0,0.0,1845.75,no_change,,0.0,0.0
SPXW,2026-08-31,10,Put,5810.0,SPXW260831P05810000,0.05,0.15,0.1,7.0,0.0,0.0,0.0,56.0,0.5275,-0.0006,0.0,0.029,-0.0562,-0.001,0.1071,0.0,0.0,0.0,0.175000000745058,down,2026-07-20T10:55:01,0.0,0.0
SPXW,2026-08-31,10,Call,5820.0,SPXW260831C05820000,1846.6,1869.4,1858.0,0.0,0.0,0.0,0.0,0.0,0.5248,0.9992,0.0,0.0295,-0.0568,1.2726,1856.0077,0.0,0.0,0.0,1835.84997558594,no_change,,0.0,0.0
SPXW,2026-08-31,10,Put,5820.0,SPXW260831P05820000,0.05,0.15,0.1,0.25,0.0,0.0,0.0,5.0,0.5245,-0.0006,0.0,0.0295,-0.0568,-0.001,0.1084,0.0,0.0,0.0,0.200000002980232,no_change,2026-08-18T15:36:22,0.0,0.0
SPXW,2026-08-31,10,Call,5825.0,SPXW260831C05825000,1840.6,1864.2,1852.4,0.0,0.0,0.0,0.0,0.0,0.5214,0.9992,0.0,0.0297,-0.0572,1.2737,1851.0131,0.0,0.0,0.0,1830.79998779297,no_change,,0.0,0.0
SPXW,2026-08-31,10,Put,5825.0,SPXW260831P05825000,0.05,0.15,0.1,3.0,0.0,0.0,0.0,581.0,0.523,-0.0006,0.0,0.0297,-0.0572,-0.001,0.1091,0.0,0.0,0.0,0.200000002980232,no_change,2026-07-31T13:01:31,0.0,0.0
SPXW,2026-08-31,10,Call,5830.0,SPXW260831C05830000,1835.6,1859.4,1847.5,0.0,0.0,0.0,0.0,0.0,0.5178,0.9992,0.0,0.0299,-0.0575,1.2748,1846.0186,0.0,0.0,0.0,1825.69995117188,no_change,,0.0,0.0
SPXW,2026-08-31,10,Put,5830.0,SPXW260831P05830000,0.05,0.15,0.1,6.0,0.0,0.0,0.0,1.0,0.5305,-0.0006,0.0,0.0299,-0.0575,-0.0011,0.1098,0.0,0.0,0.0,0.200000002980232,down,2026-07-10T12:13:42,0.0,0.0
SPXW,2026-08-31,10,Call,5840.0,SPXW260831C05840000,1825.6,1849.4,1837.5,0.0,0.0,0.0,0.0,0.0,0.5106,0.9992,0.0,0.0304,-0.0581,1.2769,1836.0296,0.0,0.0,0.0,1815.75,no_change,,0.0,0.0
SPXW,2026-08-31,10,Put,5840.0,SPXW260831P05840000,0.05,0.15,0.1,7.38,0.0,0.0,0.0,53.0,0.5274,-0.0007,0.0,0.0304,-0.0581,-0.0011,0.1112,0.0,0.0,0.0,0.200000002980232,down,2026-07-20T10:58:23,0.0,0.0
SPXW,2026-08-31,10,Call,5850.0,SPXW260831C05850000,1818.6,1839.5,1829.05,1968.77,0.0,0.0,0.0,1.0,0.503,0.9992,0.0,0.0309,-0.0588,1.2791,1826.0405,0.0,0.0,0.0,1805.90002441406,up,2026-08-13T10:38:29,0.0,0.0
SPXW,2026-08-31,10,Put,5850.0,SPXW260831P05850000,0.05,0.15,0.1,0.2,0.0,0.0,0.0,340.0,0.5244,-0.0007,0.0,0.0309,-0.0588,-0.0011,0.1126,0.0,0.0,0.0,0.200000002980232,up,2026-08-20T10:15:46,0.0,0.0
SPXW,2026-08-31,10,Call,5860.0,SPXW260831C05860000,1805.6,1829.5,1817.55,0.0,0.0,0.0,0.0,0.0,0.4949,0.9992,0.0,0.0314,-0.0594,1.2813,1816.0516,0.0,0.0,0.0,1795.95001220703,no_change,,0.0,0.0
SPXW,2026-08-31,10,Put,5860.0,SPXW260831P05860000,0.05,0.15,0.1,0.2,0.0,0.0,0.0,29.0,0.5213,-0.0007,0.0,0.0314,-0.0594,-0.0011,0.1141,0.0,0.0,0.0,0.200000002980232,down,2026-08-14T09:30:04,0.0,0.0
SPXW,2026-08-31,10,Call,5870.0,SPXW260831C05870000,1795.6,1819.4,1807.5,0.0,0.0,0.0,0.0,0.0,0.4862,0.9992,0.0,0.0318,-0.0601,1.2834,1806.0626,0.0,0.0,0.0,1785.80004882812,no_change,,0.0,0.0
SPXW,2026-08-31,10,Put,5870.0,SPXW260831P05870000,0.05,0.15,0.1,0.5,0.0,0.0,0.0,44.0,0.5182,-0.0007,0.0,0.0318,-0.0601,-0.0011,0.1156,0.0,0.0,0.0,0.200000002980232,down,2026-08-10T12:22:45,0.0,0.0
SPXW,2026-08-31,10,Call,5875.0,SPXW260831C05875000,1793.5,1814.5,1804.0,0.0,0.0,0.0,0.0,0.0,0.4815,0.9992,0.0,0.0321,-0.0604,1.2845,1801.0681,0.0,0.0,0.0,1781.20001220703,no_change,,0.0,0.0
SPXW,2026-08-31,10,Put,5875.0,SPXW260831P05875000,0.05,0.15,0.1,4.6,0.0,0.0,0.0,92.0,0.5167,-0.0007,0.0,0.0321,-0.0604,-0.0011,0.1163,0.0,0.0,0.0,0.200000002980232,down,2026-07-30T12:26:40,0.0,0.0
SPXW,2026-08-31,10,Call,5880.0,SPXW260831C05880000,1786.6,1809.5,1798.05,1595.7,0.0,0.0,0.0,1.0,0.4766,0.9992,0.0,0.0323,-0.0608,1.2856,1796.0736,0.0,0.0,0.0,1776.20001220703,down,2026-07-02T13:54:38,0.0,0.0
SPXW,2026-08-31,10,Put,5880.0,SPXW260831P05880000,0.05,0.15,0.1,0.2,0.0,0.0,0.0,3.0,0.5151,-0.0007,0.0,0.0323,-0.0608,-0.0012,0.1171,0.0,0.0,0.0,0.200000002980232,no_change,2026-08-18T11:23:38,0.0,0.0
SPXW,2026-08-31,10,Call,5890.0,SPXW260831C05890000,1779.7,1799.5,1789.6,0.0,0.0,0.0,0.0,0.0,0.4659,0.9992,0.0,0.0328,-0.0614,1.2878,1786.0847,0.0,0.0,0.0,1765.80004882812,no_change,,0.0,0.0
SPXW,2026-08-31,10,Put,5890.0,SPXW260831P05890000,0.05,0.15,0.1,0.15,-0.05,-25.0,2.0,49.0,0.5121,-0.0007,0.0,0.0329,-0.0614,-0.0012,0.1186,0.15,0.15,0.15,0.200000002980232,no_change,2026-08-21T11:56:28,0.0,0.0
SPXW,2026-08-31,10,Call,5900.0,SPXW260831C05900000,1769.8,1785.4,1777.6,1918.87,0.0,0.0,0.0,201.0,0.5587,0.9992,0.0,0.0334,-0.0621,1.29,1776.0958,0.0,0.0,0.0,1755.54998779297,up,2026-08-13T10:38:29,0.0,0.0
SPXW,2026-08-31,10,Put,5900.0,SPXW260831P05900000,0.05,0.15,0.1,0.2,0.0,0.0,0.0,2077.0,0.509,-0.0007,0.0,0.0334,-0.0621,-0.0012,0.1201,0.0,0.0,0.0,0.200000002980232,down,2026-08-19T09:39:30,0.0,0.0
SPXW,2026-08-31,10,Call,5910.0,SPXW260831C05910000,1756.7,1779.5,1768.1,1515.36,0.0,0.0,0.0,197.0,0.5026,0.9991,0.0,0.0339,-0.0628,1.2921,1766.1069,0.0,0.0,0.0,1746.0,no_change,2026-07-24T15:11:02,0.0,0.0
SPXW,2026-08-31,10,Put,5910.0,SPXW260831P05910000,0.05,0.15,0.1,1.32,0.0,0.0,0.0,100.0,0.506,-0.0008,0.0,0.0339,-0.0628,-0.0012,0.1217,0.0,0.0,0.0,0.200000002980232,down,2026-08-04T10:29:34,0.0,0.0
SPXW,2026-08-31,10,Call,5920.0,SPXW260831C05920000,1746.0,1769.5,1757.75,0.0,0.0,0.0,0.0,0.0,0.4962,0.9991,0.0,0.0344,-0.0635,1.2943,1756.1181,0.0,0.0,0.0,1736.65002441406,no_change,,0.0,0.0
SPXW,2026-08-31,10,Put,5920.0,SPXW260831P05920000,0.05,0.15,0.1,0.15,0.0,0.0,0.0,25.0,0.5029,-0.0008,0.0,0.0344,-0.0636,-0.0012,0.1233,0.0,0.0,0.0,0.200000002980232,down,2026-08-19T11:33:52,0.0,0.0
SPXW,2026-08-31,10,Call,5925.0,SPXW260831C05925000,1740.7,1764.2,1752.45,0.0,0.0,0.0,0.0,0.0,0.493,0.9991,0.0,0.0347,-0.0639,1.2954,1751.1236,0.0,0.0,0.0,1730.90002441406,no_change,,0.0,0.0
SPXW,2026-08-31,10,Put,5925.0,SPXW260831P05925000,0.05,0.15,0.1,3.3,0.0,0.0,0.0,395.0,0.5014,-0.0008,0.0,0.0347,-0.0639,-0.0012,0.1241,0.0,0.0,0.0,0.200000002980232,no_change,2026-07-31T13:56:22,0.0,0.0
SPXW,2026-08-31,10,Call,5930.0,SPXW260831C05930000,1736.0,1759.5,1747.75,0.0,0.0,0.0,0.0,0.0,0.4896,0.9991,0.0,0.035,-0.0643,1.2965,1746.1292,0.0,0.0,0.0,1726.0,no_change,,0.0,0.0
SPXW,2026-08-31,10,Put,5930.0,SPXW260831P05930000,0.05,0.15,0.1,6.4,0.0,0.0,0.0,29.0,0.4999,-0.0008,0.0,0.035,-0.0643,-0.0012,0.1249,0.0,0.0,0.0,0.200000002980232,down,2026-07-16T09:47:14,0.0,0.0
SPXW,2026-08-31,10,Call,5940.0,SPXW260831C05940000,1728.7,1749.5,1739.1,0.0,0.0,0.0,0.0,0.0,0.4828,0.9991,0.0,0.0356,-0.065,1.2986,1736.1404,0.0,0.0,0.0,1716.04998779297,no_change,,0.0,0.0
SPXW,2026-08-31,10,Put,5940.0,SPXW260831P05940000,0.05,0.15,0.1,9.15,0.0,0.0,0.0,33.0,0.4968,-0.0008,0.0,0.0356,-0.065,-0.0013,0.1266,0.0,0.0,0.0,0.200000002980232,down,2026-07-08T15:45:25,0.0,0.0
SPXW,2026-08-31,10,Call,5950.0,SPXW260831C05950000,1718.7,1739.6,1729.15,0.0,0.0,0.0,0.0,0.0,0.4757,0.9991,0.0,0.0361,-0.0657,1.3008,1726.1517,0.0,0.0,0.0,1705.95001220703,no_change,,0.0,0.0
SPXW,2026-08-31,10,Put,5950.0,SPXW260831P05950000,0.05,0.15,0.1,0.21,0.0,0.0,0.0,233.0,0.4938,-0.0008,0.0,0.0361,-0.0657,-0.0013,0.1282,0.0,0.0,0.0,0.200000002980232,down,2026-08-19T13:24:43,0.0,0.0
SPXW,2026-08-31,10,Call,5960.0,SPXW260831C05960000,1706.1,1729.6,1717.85,0.0,0.0,0.0,0.0,0.0,0.4681,0.9991,0.0,0.0367,-0.0665,1.303,1716.1629,0.0,0.0,0.0,1696.04998779297,no_change,,0.0,0.0
SPXW,2026-08-31,10,Put,5960.0,SPXW260831P05960000,0.05,0.15,0.1,4.0,0.0,0.0,0.0,145.0,0.4908,-0.0008,0.0,0.0367,-0.0665,-0.0013,0.1299,0.0,0.0,0.0,0.225000008940697,no_change,2026-07-31T11:05:30,0.0,0.0
SPXW,2026-08-31,10,Call,5970.0,SPXW260831C05970000,1696.7,1719.6,1708.15,0.0,0.0,0.0,0.0,0.0,0.46,0.9991,0.0,0.0373,-0.0672,1.3051,1706.1742,0.0,0.0,0.0,1687.09997558594,no_change,,0.0,0.0
SPXW,2026-08-31,10,Put,5970.0,SPXW260831P05970000,0.1,0.15,0.125,3.2,0.0,0.0,0.0,7.0,0.4878,-0.0008,0.0,0.0373,-0.0672,-0.0013,0.1316,0.0,0.0,0.0,0.250000007450581,down,2026-07-31T15:31:47,0.0,0.0
SPXW,2026-08-31,10,Call,5975.0,SPXW260831C05975000,1690.7,1714.5,1702.6,0.0,0.0,0.0,0.0,0.0,0.4558,0.999,0.0,0.0376,-0.0676,1.3062,1701.1798,0.0,0.0,0.0,1681.09997558594,no_change,,0.0,0.0
SPXW,2026-08-31,10,Put,5975.0,SPXW260831P05975000,0.1,0.15,0.125,0.25,0.0,0.0,0.0,315.0,0.4862,-0.0008,0.0,0.0376,-0.0676,-0.0014,0.1325,0.0,0.0,0.0,0.250000007450581,down,2026-08-19T09:39:04,0.0,0.0
SPXW,2026-08-31,10,Call,5980.0,SPXW260831C05980000,1689.8,1709.6,1699.6999999999998,0.0,0.0,0.0,0.0,0.0,0.4513,0.999,0.0,0.0379,-0.068,1.3073,1696.1855,0.0,0.0,0.0,1676.09997558594,no_change,,0.0,0.0
SPXW,2026-08-31,10,Put,5980.0,SPXW260831P05980000,0.1,0.15,0.125,2.96,0.0,0.0,0.0,454.0,0.4847,-0.0008,0.0,0.0379,-0.068,-0.0014,0.1334,0.0,0.0,0.0,0.250000007450581,no_change,2026-07-31T15:53:36,0.0,0.0
SPXW,2026-08-31,10,Call,5990.0,SPXW260831C05990000,1679.8,1699.6,1689.6999999999998,0.0,0.0,0.0,0.0,0.0,0.4416,0.999,0.0,0.0386,-0.0688,1.3094,1686.1968,0.0,0.0,0.0,1666.09997558594,no_change,,0.0,0.0
SPXW,2026-08-31,10,Put,5990.0,SPXW260831P05990000,0.1,0.2,0.15000000000000002,0.65,0.0,0.0,0.0,28.0,0.4817,-0.0008,0.0,0.0386,-0.0688,-0.0014,0.1352,0.0,0.0,0.0,0.250000007450581,down,2026-08-10T09:40:32,0.0,0.0
SPXW,2026-08-31,10,Call,6000.0,SPXW260831C06000000,1666.0,1689.6,1677.8,1615.58,0.0,0.0,0.0,179.0,0.4799,0.999,0.0,0.0392,-0.0696,1.3116,1676.2082,0.0,0.0,0.0,1656.40002441406,up,2026-08-03T14:27:37,0.0,0.0
SPXW,2026-08-31,10,Put,6000.0,SPXW260831P06000000,0.1,0.2,0.15000000000000002,0.15,-0.1,-40.0,14.0,11117.0,0.4787,-0.0009,0.0,0.0392,-0.0696,-0.0014,0.137,0.17,0.17,0.15,0.250000007450581,no_change,2026-08-21T15:59:13,0.0,0.0
SPXW,2026-08-31,10,Call,6010.0,SPXW260831C06010000,1656.8,1679.6,1668.1999999999998,0.0,0.0,0.0,0.0,0.0,0.4739,0.999,0.0,0.0398,-0.0704,1.3138,1666.2196,0.0,0.0,0.0,1646.15002441406,no_change,,0.0,0.0
SPXW,2026-08-31,10,Put,6010.0,SPXW260831P06010000,0.1,0.2,0.15000000000000002,1.1,0.0,0.0,0.0,99.0,0.4757,-0.0009,0.0,0.0398,-0.0704,-0.0014,0.1388,0.0,0.0,0.0,0.250000007450581,no_change,2026-08-06T11:57:16,0.0,0.0
SPXW,2026-08-31,10,Call,6020.0,SPXW260831C06020000,1648.9,1669.6,1659.25,0.0,0.0,0.0,0.0,0.0,0.4679,0.999,0.0,0.0405,-0.0712,1.3159,1656.231,0.0,0.0,0.0,1636.04998779297,no_change,,0.0,0.0
SPXW,2026-08-31,10,Put,6020.0,SPXW260831P06020000,0.1,0.2,0.15000000000000002,1.1,0.0,0.0,0.0,104.0,0.4727,-0.0009,0.0,0.0405,-0.0712,-0.0015,0.1407,0.0,0.0,0.0,0.250000007450581,down,2026-08-05T15:38:34,0.0,0.0
SPXW,2026-08-31,10,Call,6025.0,SPXW260831C06025000,1643.8,1664.6,1654.1999999999998,0.0,0.0,0.0,0.0,0.0,0.4648,0.999,0.0,0.0408,-0.0716,1.317,1651.2367,0.0,0.0,0.0,1631.34997558594,no_change,,0.0,0.0
SPXW,2026-08-31,10,Put,6025.0,SPXW260831P06025000,0.1,0.2,0.15000000000000002,0.17,-0.08,-32.0,1.0,72.0,0.4712,-0.0009,0.0,0.0408,-0.0716,-0.0015,0.1416,0.17,0.17,0.17,0.250000007450581,down,2026-08-21T09:34:24,0.0,0.0
SPXW,2026-08-31,10,Call,6030.0,SPXW260831C06030000,1638.8,1659.6,1649.1999999999998,0.0,0.0,0.0,0.0,0.0,0.4616,0.999,0.0,0.0412,-0.072,1.3181,1646.2425,0.0,0.0,0.0,1626.09997558594,no_change,,0.0,0.0
SPXW,2026-08-31,10,Put,6030.0,SPXW260831P06030000,0.1,0.2,0.15000000000000002,0.15,-0.1,-40.0,1.0,59.0,0.4697,-0.0009,0.0,0.0412,-0.072,-0.0015,0.1426,0.15,0.15,0.15,0.250000007450581,down,2026-08-21T16:09:05,0.0,0.0
SPXW,2026-08-31,10,Call,6040.0,SPXW260831C06040000,1628.8,1649.7,1639.25,1561.61,0.0,0.0,0.0,1.0,0.4551,0.999,0.0,0.0418,-0.0728,1.3203,1636.254,0.0,0.0,0.0,1616.20001220703,up,2026-07-10T13:39:34,0.0,0.0
SPXW,2026-08-31,10,Put,6040.0,SPXW260831P06040000,0.1,0.2,0.15000000000000002,0.85,0.0,0.0,0.0,688.0,0.4667,-0.0009,0.0,0.0418,-0.0728,-0.0015,0.1445,0.0,0.0,0.0,0.250000007450581,down,2026-08-07T10:17:19,0.0,0.0
SPXW,2026-08-31,10,Call,6050.0,SPXW260831C06050000,1618.7,1639.7,1629.2,1711.25,0.0,0.0,0.0,1.0,0.4484,0.9989,0.0,0.0425,-0.0737,1.3224,1626.2655,0.0,0.0,0.0,1606.04998779297,up,2026-08-17T14:08:23,0.0,0.0
SPXW,2026-08-31,10,Put,6050.0,SPXW260831P06050000,0.1,0.2,0.15000000000000002,0.24,0.0,0.0,0.0,527.0,0.4706,-0.001,0.0,0.0426,-0.0737,-0.0015,0.1465,0.0,0.0,0.0,0.250000007450581,no_change,2026-08-20T09:40:32,0.0,0.0
SPXW,2026-08-31,10,Call,6060.0,SPXW260831C06060000,1605.8,1628.6,1617.1999999999998,0.0,0.0,0.0,0.0,0.0,0.4414,0.9989,0.0,0.0432,-0.0746,1.3246,1616.277,0.0,0.0,0.0,1596.09997558594,no_change,,0.0,0.0
SPXW,2026-08-31,10,Put,6060.0,SPXW260831P06060000,0.1,0.2,0.15000000000000002,7.77,0.0,0.0,0.0,59.0,0.4607,-0.001,0.0,0.0432,-0.0746,-0.0016,0.1484,0.0,0.0,0.0,0.250000007450581,down,2026-07-27T14:59:24,0.0,0.0
SPXW,2026-08-31,10,Call,6070.0,SPXW260831C06070000,1595.8,1619.4,1607.6,0.0,0.0,0.0,0.0,0.0,0.4339,0.9989,0.0,0.044,-0.0754,1.3268,1606.2886,0.0,0.0,0.0,1586.09997558594,no_change,,0.0,0.0
SPXW,2026-08-31,10,Put,6070.0,SPXW260831P06070000,0.1,0.2,0.15000000000000002,8.5,0.0,0.0,0.0,189.0,0.4578,-0.001,0.0,0.044,-0.0754,-0.0016,0.1505,0.0,0.0,0.0,0.250000007450581,up,2026-07-29T11:56:05,0.0,0.0
SPXW,2026-08-31,10,Call,6075.0,SPXW260831C06075000,1594.2,1614.7,1604.45,766.78,0.0,0.0,0.0,11.0,0.4299,0.9989,0.0,0.0443,-0.0759,1.3278,1601.2944,0.0,0.0,0.0,1581.09997558594,down,2026-04-01T12:19:51,0.0,0.0
SPXW,2026-08-31,10,Put,6075.0,SPXW260831P06075000,0.1,0.2,0.15000000000000002,7.8,0.0,0.0,0.0,40.0,0.4563,-0.001,0.0,0.0443,-0.0759,-0.0016,0.1515,0.0,0.0,0.0,0.274999998509884,up,2026-07-27T15:55:06,0.0,0.0
SPXW,2026-08-31,10,Call,6080.0,SPXW260831C06080000,1589.5,1609.7,1599.6,0.0,0.0,0.0,0.0,0.0,0.4258,0.9989,0.0,0.0447,-0.0763,1.3289,1596.3002,0.0,0.0,0.0,1576.14996337891,no_change,,0.0,0.0
SPXW,2026-08-31,10,Put,6080.0,SPXW260831P06080000,0.1,0.2,0.15000000000000002,0.95,0.0,0.0,0.0,163.0,0.4548,-0.001,0.0,0.0447,-0.0763,-0.0016,0.1525,0.0,0.0,0.0,0.274999998509884,no_change,2026-08-07T10:43:07,0.0,0.0
SPXW,2026-08-31,10,Call,6090.0,SPXW260831C06090000,1575.8,1599.4,1587.6,1512.4,0.0,0.0,0.0,1.0,0.4566,0.9989,0.0,0.0454,-0.0772,1.3311,1586.3119,0.0,0.0,0.0,1566.14996337891,up,2026-07-10T13:39:34,0.0,0.0
SPXW,2026-08-31,10,Put,6090.0,SPXW260831P06090000,0.1,0.2,0.15000000000000002,0.16,-0.14,-46.6667,1.0,35.0,0.4518,-0.001,0.0,0.0454,-0.0772,-0.0016,0.1546,0.16,0.16,0.16,0.299999997019768,down,2026-08-21T12:30:25,0.0,0.0
SPXW,2026-08-31,10,Call,6100.0,SPXW260831C06100000,1566.0,1589.7,1577.85,1654.29,0.0,0.0,0.0,1.0,0.4511,0.9988,0.0,0.0462,-0.0781,1.3332,1576.3236,0.0,0.0,0.0,1556.29998779297,up,2026-08-07T13:59:14,0.0,0.0
SPXW,2026-08-31,10,Put,6100.0,SPXW260831P06100000,0.1,0.2,0.15000000000000002,0.15,-0.15,-50.0,7.0,821.0,0.4555,-0.001,0.0,0.0462,-0.0781,-0.0017,0.1568,0.2,0.2,0.15,0.299999997019768,down,2026-08-21T15:53:05,0.0,0.0
SPXW,2026-08-31,10,Call,6110.0,SPXW260831C06110000,1559.0,1579.7,1569.35,0.0,0.0,0.0,0.0,0.0,0.4454,0.9988,0.0,0.047,-0.079,1.3354,1566.3353,0.0,0.0,0.0,1546.14996337891,no_change,,0.0,0.0
SPXW,2026-08-31,10,Put,6110.0,SPXW260831P06110000,0.1,0.2,0.15000000000000002,2.4,0.0,0.0,0.0,6.0,0.4525,-0.001,0.0,0.047,-0.079,-0.0017,0.1589,0.0,0.0,0.0,0.299999997019768,down,2026-08-03T15:58:13,0.0,0.0
SPXW,2026-08-31,10,Call,6120.0,SPXW260831C06120000,1548.9,1569.7,1559.3000000000002,1453.83,0.0,0.0,0.0,2.0,0.4397,0.9988,0.0,0.0478,-0.08,1.3375,1556.347,0.0,0.0,0.0,1536.14996337891,down,2026-07-06T12:04:38,0.0,0.0
SPXW,2026-08-31,10,Put,6120.0,SPXW260831P06120000,0.1,0.2,0.15000000000000002,1.55,0.0,0.0,0.0,45.0,0.4552,-0.0011,0.0,0.0478,-0.08,-0.0017,0.1612,0.0,0.0,0.0,0.299999997019768,down,2026-08-05T09:42:51,0.0,0.0
SPXW,2026-08-31,10,Call,6125.0,SPXW260831C06125000,1540.9,1564.6,1552.75,598.13,0.0,0.0,0.0,1.0,0.4367,0.9988,0.0,0.0482,-0.0804,1.3386,1551.3529,0.0,0.0,0.0,1531.59997558594,up,2026-03-30T12:02:48,0.0,0.0
SPXW,2026-08-31,10,Put,6125.0,SPXW260831P06125000,0.1,0.2,0.15000000000000002,5.2,0.0,0.0,0.0,1707.0,0.4537,-0.0011,0.0,0.0482,-0.0805,-0.0018,0.1623,0.0,0.0,0.0,0.299999997019768,down,2026-07-31T09:47:52,0.0,0.0
SPXW,2026-08-31,10,Call,6130.0,SPXW260831C06130000,1538.9,1559.8,1549.35,0.0,0.0,0.0,0.0,0.0,0.4337,0.9988,0.0,0.0486,-0.0809,1.3397,1546.3588,0.0,0.0,0.0,1526.19995117188,no_change,,0.0,0.0
SPXW,2026-08-31,10,Put,6130.0,SPXW260831P06130000,0.1,0.2,0.15000000000000002,0.29,0.0,0.0,0.0,54.0,0.4522,-0.0011,0.0,0.0486,-0.0809,-0.0018,0.1634,0.0,0.0,0.0,0.299999997019768,down,2026-08-20T13:49:16,0.0,0.0
SPXW,2026-08-31,10,Call,6140.0,SPXW260831C06140000,1530.1,1549.8,1539.9499999999998,0.0,0.0,0.0,0.0,0.0,0.4276,0.9988,0.0,0.0494,-0.0819,1.3418,1536.3707,0.0,0.0,0.0,1516.25,no_change,,0.0,0.0
SPXW,2026-08-31,10,Put,6140.0,SPXW260831P06140000,0.1,0.2,0.15000000000000002,0.75,0.0,0.0,0.0,113.0,0.4492,-0.0011,0.0,0.0494,-0.0819,-0.0018,0.1657,0.0,0.0,0.0,0.299999997019768,down,2026-08-10T10:03:37,0.0,0.0
SPXW,2026-08-31,10,Call,6150.0,SPXW260831C06150000,1518.9,1539.8,1529.35,1603.77,0.0,0.0,0.0,1.0,0.4212,0.9988,0.0,0.0502,-0.0829,1.344,1526.3826,0.0,0.0,0.0,1506.30004882812,up,2026-08-07T13:59:14,0.0,0.0
SPXW,2026-08-31,10,Put,6150.0,SPXW260831P06150000,0.1,0.2,0.15000000000000002,0.3,0.0,0.0,0.0,732.0,0.4461,-0.0011,0.0,0.0502,-0.0829,-0.0018,0.168,0.0,0.0,0.0,0.299999997019768,down,2026-08-17T15:44:30,0.0,0.0
SPXW,2026-08-31,10,Call,6160.0,SPXW260831C06160000,1505.9,1529.5,1517.7,0.0,0.0,0.0,0.0,0.0,0.4146,0.9987,0.0,0.0511,-0.0838,1.3462,1516.3945,0.0,0.0,0.0,1496.35003662109,no_change,,0.0,0.0
SPXW,2026-08-31,10,Put,6160.0,SPXW260831P06160000,0.1,0.2,0.15000000000000002,18.52,0.0,0.0,0.0,36.0,0.4431,-0.0012,0.0,0.0511,-0.0839,-0.0019,0.1704,0.0,0.0,0.0,0.299999997019768,down,2026-06-16T14:15:34,0.0,0.0
SPXW,2026-08-31,10,Call,6170.0,SPXW260831C06170000,1495.9,1519.8,1507.85,0.0,0.0,0.0,0.0,0.0,0.4077,0.9987,0.0,0.0519,-0.0848,1.3483,1506.4064,0.0,0.0,0.0,1486.25,no_change,,0.0,0.0
SPXW,2026-08-31,10,Put,6170.0,SPXW260831P06170000,0.1,0.2,0.15000000000000002,1.65,0.0,0.0,0.0,68.0,0.4401,-0.0012,0.0,0.052,-0.0849,-0.0019,0.1728,0.0,0.0,0.0,0.299999997019768,down,2026-08-05T09:42:51,0.0,0.0
SPXW,2026-08-31,10,Call,6175.0,SPXW260831C06175000,1490.9,1514.6,1502.75,1358.82,0.0,0.0,0.0,1.0,0.404,0.9987,0.0,0.0524,-0.0854,1.3494,1501.4124,0.0,0.0,0.0,1481.40002441406,up,2026-05-21T15:39:42,0.0,0.0
SPXW,2026-08-31,10,Put,6175.0,SPXW260831P06175000,0.1,0.2,0.15000000000000002,0.31,0.0,0.0,0.0,499.0,0.4386,-0.0012,0.0,0.0524,-0.0854,-0.0019,0.174,0.0,0.0,0.0,0.299999997019768,down,2026-08-19T13:24:43,0.0,0.0
SPXW,2026-08-31,10,Call,6180.0,SPXW260831C06180000,1485.9,1508.6,1497.25,1333.21,0.0,0.0,0.0,9.0,0.4331,0.9987,0.0,0.0528,-0.0859,1.3505,1496.4184,0.0,0.0,0.0,1476.25,down,2026-07-17T10:01:42,0.0,0.0
SPXW,2026-08-31,10,Put,6180.0,SPXW260831P06180000,0.1,0.2,0.15000000000000002,0.25,-0.075,-23.0769,1.0,50.0,0.4371,-0.0012,0.0,0.0528,-0.0859,-0.0019,0.1752,0.25,0.25,0.25,0.325000002980232,down,2026-08-21T09:38:47,0.0,0.0
SPXW,2026-08-31,10,Call,6190.0,SPXW260831C06190000,1476.1,1499.8,1487.9499999999998,0.0,0.0,0.0,0.0,0.0,0.4279,0.9987,0.0,0.0537,-0.0869,1.3526,1486.4304,0.0,0.0,0.0,1466.30004882812,no_change,,0.0,0.0
SPXW,2026-08-31,10,Put,6190.0,SPXW260831P06190000,0.1,0.2,0.15000000000000002,0.3,0.0,0.0,0.0,182.0,0.4341,-0.0012,0.0,0.0537,-0.0869,-0.002,0.1777,0.0,0.0,0.0,0.350000008940697,down,2026-08-17T13:14:33,0.0,0.0
SPXW,2026-08-31,10,Call,6200.0,SPXW260831C06200000,1466.0,1489.7,1477.85,1375.6,0.0,0.0,0.0,13.0,0.4226,0.9986,0.0,0.0546,-0.088,1.3548,1476.4425,0.0,0.0,0.0,1456.30004882812,down,2026-07-06T11:49:59,0.0,0.0
SPXW,2026-08-31,10,Put,6200.0,SPXW260831P06200000,0.1,0.2,0.15000000000000002,0.2,-0.15,-42.8571,42.0,2428.0,0.431,-0.0012,0.0,0.0547,-0.088,-0.002,0.1802,0.2,0.21,0.2,0.350000008940697,no_change,2026-08-21T16:02:35,0.0,0.0
SPXW,2026-08-31,10,Call,6210.0,SPXW260831C06210000,1459.0,1479.8,1469.4,1033.05,0.0,0.0,0.0,12.0,0.4172,0.9986,0.0,0.0556,-0.089,1.3569,1466.4546,0.0,0.0,0.0,1446.75,no_change,2026-04-21T12:42:48,0.0,0.0
SPXW,2026-08-31,10,Put,6210.0,SPXW260831P06210000,0.1,0.2,0.15000000000000002,4.48,0.0,0.0,0.0,18.0,0.428,-0.0013,0.0,0.0556,-0.089,-0.002,0.1828,0.0,0.0,0.0,0.350000008940697,down,2026-07-31T15:20:46,0.0,0.0
SPXW,2026-08-31,10,Call,6220.0,SPXW260831C06220000,1446.0,1468.1,1457.05,0.0,0.0,0.0,0.0,0.0,0.4116,0.9986,0.0,0.0566,-0.0901,1.3591,1456.4668,0.0,0.0,0.0,1436.35003662109,no_change,,0.0,0.0
SPXW,2026-08-31,10,Put,6220.0,SPXW260831P06220000,0.1,0.25,0.175,1.45,0.0,0.0,0.0,80.0,0.425,-0.0013,0.0,0.0566,-0.0901,-0.0021,0.1854,0.0,0.0,0.0,0.350000008940697,up,2026-08-06T14:30:18,0.0,0.0
SPXW,2026-08-31,10,Call,6225.0,SPXW260831C06225000,1443.9,1464.9,1454.4,1423.14,0.0,0.0,0.0,2.0,0.4088,0.9986,0.0,0.057,-0.0906,1.3602,1451.4729,0.0,0.0,0.0,1431.75,down,2026-06-01T11:11:42,0.0,0.0
SPXW,2026-08-31,10,Put,6225.0,SPXW260831P06225000,0.15,0.25,0.2,0.3,0.0,0.0,0.0,101.0,0.4235,-0.0013,0.0,0.057,-0.0906,-0.0021,0.1867,0.0,0.0,0.0,0.350000008940697,no_change,2026-08-17T15:59:55,0.0,0.0
SPXW,2026-08-31,10,Call,6230.0,SPXW260831C06230000,1438.9,1459.9,1449.4,0.0,0.0,0.0,0.0,0.0,0.406,0.9986,0.0,0.0575,-0.0912,1.3612,1446.479,0.0,0.0,0.0,1426.45001220703,no_change,,0.0,0.0
SPXW,2026-08-31,10,Put,6230.0,SPXW260831P06230000,0.15,0.25,0.2,0.3,0.0,0.0,0.0,109.0,0.422,-0.0013,0.0,0.0576,-0.0912,-0.0021,0.188,0.0,0.0,0.0,0.350000008940697,down,2026-08-17T11:40:05,0.0,0.0
SPXW,2026-08-31,10,Call,6240.0,SPXW260831C06240000,1426.0,1449.7,1437.85,480.7,0.0,0.0,0.0,8.0,0.4002,0.9986,0.0,0.0585,-0.0923,1.3634,1436.4913,0.0,0.0,0.0,1416.35003662109,down,2026-03-30T15:10:43,0.0,0.0
SPXW,2026-08-31,10,Put,6240.0,SPXW260831P06240000,0.15,0.25,0.2,0.45,0.0,0.0,0.0,165.0,0.419,-0.0013,0.0,0.0585,-0.0923,-0.0022,0.1907,0.0,0.0,0.0,0.350000008940697,no_change,2026-08-18T16:12:18,0.0,0.0
SPXW,2026-08-31,10,Call,6250.0,SPXW260831C06250000,1416.0,1439.8,1427.9,1438.01,0.0,0.0,0.0,14.0,0.3942,0.9985,0.0,0.0596,-0.0934,1.3655,1426.5035,0.0,0.0,0.0,1406.5,up,2026-08-20T11:25:18,0.0,0.0
SPXW,2026-08-31,10,Put,6250.0,SPXW260831P06250000,0.15,0.25,0.2,0.2,-0.15,-42.8571,4.0,194.0,0.4208,-0.0014,0.0,0.0596,-0.0934,-0.0022,0.1935,0.22,0.22,0.2,0.350000008940697,down,2026-08-21T16:04:51,0.0,0.0
SPXW,2026-08-31,10,Call,6260.0,SPXW260831C06260000,1406.0,1429.6,1417.8,0.0,0.0,0.0,0.0,0.0,0.388,0.9985,0.0,0.0606,-0.0945,1.3677,1416.5159,0.0,0.0,0.0,1396.40002441406,no_change,,0.0,0.0
SPXW,2026-08-31,10,Put,6260.0,SPXW260831P06260000,0.15,0.25,0.2,0.45,0.0,0.0,0.0,100.0,0.4178,-0.0014,0.0,0.0606,-0.0946,-0.0022,0.1963,0.0,0.0,0.0,0.375,no_change,2026-08-18T15:59:16,0.0,0.0
SPXW,2026-08-31,10,Call,6270.0,SPXW260831C06270000,1399.2,1419.9,1409.5500000000002,0.0,0.0,0.0,0.0,0.0,0.4092,0.9985,0.0,0.0617,-0.0957,1.3698,1406.5283,0.0,0.0,0.0,1386.65002441406,no_change,,0.0,0.0
SPXW,2026-08-31,10,Put,6270.0,SPXW260831P06270000,0.15,0.25,0.2,0.25,-0.125,-33.3333,1.0,102.0,0.4148,-0.0014,0.0,0.0617,-0.0957,-0.0023,0.1991,0.25,0.25,0.25,0.375,down,2026-08-21T15:07:06,0.0,0.0
SPXW,2026-08-31,10,Call,6275.0,SPXW260831C06275000,1391.1,1414.7,1402.9,1476.93,0.0,0.0,0.0,4.0,0.4068,0.9985,0.0,0.0623,-0.0963,1.3709,1401.5345,0.0,0.0,0.0,1381.65002441406,down,2026-08-05T12:45:19,0.0,0.0
SPXW,2026-08-31,10,Put,6275.0,SPXW260831P06275000,0.15,0.25,0.2,0.25,-0.15,-37.5,4.0,182.0,0.4133,-0.0014,0.0,0.0623,-0.0963,-0.0023,0.2005,0.25,0.25,0.25,0.399999991059303,down,2026-08-21T09:30:19,0.0,0.0
SPXW,2026-08-31,10,Call,6280.0,SPXW260831C06280000,1386.1,1408.3,1397.1999999999998,0.0,0.0,0.0,0.0,0.0,0.4043,0.9984,0.0,0.0628,-0.0968,1.372,1396.5407,0.0,0.0,0.0,1376.5,no_change,,0.0,0.0
SPXW,2026-08-31,10,Put,6280.0,SPXW260831P06280000,0.15,0.25,0.2,10.55,0.0,0.0,0.0,842.0,0.4118,-0.0014,0.0,0.0628,-0.0969,-0.0023,0.202,0.0,0.0,0.0,0.399999991059303,up,2026-07-27T11:11:38,0.0,0.0
SPXW,2026-08-31,10,Call,6290.0,SPXW260831C06290000,1376.1,1399.8,1387.9499999999998,1055.25,0.0,0.0,0.0,1.0,0.3993,0.9984,0.0,0.0639,-0.098,1.3741,1386.5532,0.0,0.0,0.0,1366.45001220703,up,2026-04-30T15:32:20,0.0,0.0
SPXW,2026-08-31,10,Put,6290.0,SPXW260831P06290000,0.15,0.25,0.2,0.52,0.0,0.0,0.0,165.0,0.4088,-0.0015,0.0,0.064,-0.098,-0.0024,0.2049,0.0,0.0,0.0,0.399999991059303,down,2026-08-13T11:01:04,0.0,0.0
SPXW,2026-08-31,10,Call,6300.0,SPXW260831C06300000,1370.7,1385.3,1378.0,1511.81,0.0,0.0,0.0,2428.0,0.4412,0.9984,0.0,0.0651,-0.0992,1.3762,1376.5658,0.0,0.0,0.0,1356.44995117188,no_change,2026-08-14T09:30:08,0.0,0.0
SPXW,2026-08-31,10,Put,6300.0,SPXW260831P06300000,0.15,0.25,0.2,0.35,0.0,0.0,0.0,908.0,0.41,-0.0015,0.0,0.0651,-0.0993,-0.0024,0.2079,0.0,0.0,0.0,0.399999991059303,no_change,2026-08-20T15:54:59,0.0,0.0
SPXW,2026-08-31,10,Call,6310.0,SPXW260831C06310000,1356.1,1379.8,1367.9499999999998,1501.86,0.0,0.0,0.0,15.0,0.389,0.9984,0.0,0.0663,-0.1005,1.3784,1366.5784,0.0,0.0,0.0,1346.5,no_change,2026-08-14T09:30:08,0.0,0.0
SPXW,2026-08-31,10,Put,6310.0,SPXW260831P06310000,0.15,0.25,0.2,0.5,0.0,0.0,0.0,70.0,0.407,-0.0015,0.0,0.0663,-0.1005,-0.0025,0.211,0.0,0.0,0.0,0.399999991059303,no_change,2026-08-18T15:59:51,0.0,0.0
SPXW,2026-08-31,10,Call,6320.0,SPXW260831C06320000,1349.3,1370.0,1359.65,0.0,0.0,0.0,0.0,1.0,0.3838,0.9983,0.0,0.0675,-0.1017,1.3805,1356.591,0.0,0.0,0.0,1336.90002441406,no_change,,0.0,0.0
SPXW,2026-08-31,10,Put,6320.0,SPXW260831P06320000,0.15,0.25,0.2,0.35,0.0,0.0,0.0,85.0,0.4039,-0.0016,0.0,0.0675,-0.1017,-0.0025,0.2141,0.0,0.0,0.0,0.399999991059303,down,2026-08-19T15:44:15,0.0,0.0
SPXW,2026-08-31,10,Call,6325.0,SPXW260831C06325000,1341.1,1364.8,1352.9499999999998,679.64,0.0,0.0,0.0,0.0,0.3811,0.9983,0.0,0.0681,-0.1023,1.3816,1351.5974,0.0,0.0,0.0,1331.64996337891,up,2026-03-12T10:35:36,0.0,0.0
SPXW,2026-08-31,10,Put,6325.0,SPXW260831P06325000,0.15,0.25,0.2,0.2,-0.2,-50.0,5.0,117.0,0.4024,-0.0016,0.0,0.0681,-0.1023,-0.0026,0.2156,0.2,0.2,0.2,0.399999991059303,no_change,2026-08-21T15:56:13,0.0,0.0
SPXW,2026-08-31,10,Call,6330.0,SPXW260831C06330000,1340.2,1360.0,1350.1,0.0,0.0,0.0,0.0,0.0,0.3784,0.9983,0.0,0.0687,-0.103,1.3827,1346.6037,0.0,0.0,0.0,1326.75,no_change,,0.0,0.0
SPXW,2026-08-31,10,Put,6330.0,SPXW260831P06330000,0.15,0.25,0.2,0.78,0.0,0.0,0.0,109.0,0.4009,-0.0016,0.0,0.0687,-0.103,-0.0026,0.2172,0.0,0.0,0.0,0.399999991059303,no_change,2026-08-12T11:19:31,0.0,0.0
SPXW,2026-08-31,10,Call,6340.0,SPXW260831C06340000,1326.1,1349.7,1337.9,1241.76,0.0,0.0,0.0,15.0,0.3729,0.9983,0.0,0.07,-0.1042,1.3848,1336.6165,0.0,0.0,0.0,1316.75,up,2026-07-15T12:03:47,0.0,0.0
SPXW,2026-08-31,10,Put,6340.0,SPXW260831P06340000,0.15,0.25,0.2,0.5,0.0,0.0,0.0,137.0,0.3979,-0.0016,0.0,0.07,-0.1042,-0.0026,0.2204,0.0,0.0,0.0,0.424999997019768,no_change,2026-08-18T15:59:55,0.0,0.0
SPXW,2026-08-31,10,Call,6350.0,SPXW260831C06350000,1319.2,1340.0,1329.6,966.01,0.0,0.0,0.0,5.0,0.3898,0.9982,0.0,0.0713,-0.1055,1.3869,1326.6293,0.0,0.0,0.0,1306.54998779297,up,2026-04-27T12:16:36,0.0,0.0
SPXW,2026-08-31,10,Put,6350.0,SPXW260831P06350000,0.15,0.25,0.2,0.4,0.0,0.0,0.0,383.0,0.3949,-0.0016,0.0,0.0713,-0.1055,-0.0027,0.2237,0.0,0.0,0.0,0.450000002980232,up,2026-08-20T13:03:22,0.0,0.0
SPXW,2026-08-31,10,Call,6360.0,SPXW260831C06360000,1309.2,1330.0,1319.6,1218.34,0.0,0.0,0.0,2.0,0.3852,0.9982,0.0,0.0726,-0.1068,1.3891,1316.6422,0.0,0.0,0.0,1296.54998779297,down,2026-07-06T12:04:38,0.0,0.0
SPXW,2026-08-31,10,Put,6360.0,SPXW260831P06360000,0.15,0.25,0.2,0.4,0.0,0.0,0.0,918.0,0.3919,-0.0017,0.0,0.0726,-0.1068,-0.0027,0.227,0.0,0.0,0.0,0.450000002980232,no_change,2026-08-19T15:59:38,0.0,0.0
SPXW,2026-08-31,10,Call,6370.0,SPXW260831C06370000,1299.3,1320.0,1309.65,1094.59,0.0,0.0,0.0,3.0,0.3805,0.9982,0.0,0.0739,-0.1082,1.3912,1306.6552,0.0,0.0,0.0,1286.70001220703,up,2026-06-23T14:11:58,0.0,0.0
SPXW,2026-08-31,10,Put,6370.0,SPXW260831P06370000,0.15,0.25,0.2,0.4,0.0,0.0,0.0,119.0,0.3889,-0.0017,0.0,0.074,-0.1082,-0.0028,0.2304,0.0,0.0,0.0,0.450000002980232,no_change,2026-08-20T10:24:58,0.0,0.0
SPXW,2026-08-31,10,Call,6375.0,SPXW260831C06375000,1291.2,1315.0,1303.1,0.0,0.0,0.0,0.0,0.0,0.3781,0.9982,0.0,0.0746,-0.1088,1.3923,1301.6617,0.0,0.0,0.0,1281.70001220703,no_change,,0.0,0.0
SPXW,2026-08-31,10,Put,6375.0,SPXW260831P06375000,0.15,0.25,0.2,0.24,-0.185,-43.5294,1.0,218.0,0.3874,-0.0017,0.0,0.0746,-0.1089,-0.0028,0.2322,0.24,0.24,0.24,0.424999997019768,down,2026-08-21T15:46:59,0.0,0.0
SPXW,2026-08-31,10,Call,6380.0,SPXW260831C06380000,1289.2,1310.0,1299.6,527.81,0.0,0.0,0.0,1.0,0.3757,0.9981,0.0,0.0753,-0.1095,1.3933,1296.6682,0.0,0.0,0.0,1276.64996337891,up,2026-04-01T15:47:29,0.0,0.0
SPXW,2026-08-31,10,Put,6380.0,SPXW260831P06380000,0.15,0.25,0.2,0.42,0.0,0.0,0.0,79.0,0.3859,-0.0017,0.0,0.0753,-0.1095,-0.0028,0.2339,0.0,0.0,0.0,0.450000002980232,up,2026-08-20T11:55:14,0.0,0.0
SPXW,2026-08-31,10,Call,6390.0,SPXW260831C06390000,1276.6,1300.1,1288.35,520.66,0.0,0.0,0.0,0.0,0.3709,0.9981,0.0,0.0767,-0.1109,1.3955,1286.6813,0.0,0.0,0.0,1266.84997558594,up,2026-04-01T15:47:29,0.0,0.0
SPXW,2026-08-31,10,Put,6390.0,SPXW260831P06390000,0.15,0.3,0.22499999999999998,0.5,0.0,0.0,0.0,48.0,0.3829,-0.0018,0.0,0.0767,-0.1109,-0.0029,0.2374,0.0,0.0,0.0,0.450000002980232,no_change,2026-08-18T09:40:47,0.0,0.0
SPXW,2026-08-31,10,Call,6400.0,SPXW260831C06400000,1266.2,1290.1,1278.15,1118.22,0.0,0.0,0.0,30.0,0.366,0.9981,0.0,0.0781,-0.1123,1.3976,1276.6944,0.0,0.0,0.0,1257.04998779297,down,2026-07-17T10:01:42,0.0,0.0
SPXW,2026-08-31,10,Put,6400.0,SPXW260831P06400000,0.15,0.3,0.22499999999999998,0.45,0.0,0.0,0.0,1192.0,0.3799,-0.0018,0.0,0.0781,-0.1123,-0.003,0.2409,0.0,0.0,0.0,0.475000008940697,no_change,2026-08-20T15:24:27,0.0,0.0
SPXW,2026-08-31,10,Call,6410.0,SPXW260831C06410000,1256.2,1279.8,1268.0,1341.88,0.0,0.0,0.0,2.0,0.3611,0.998,0.0,0.0796,-0.1137,1.3997,1266.7076,0.0,0.0,0.0,1246.69995117188,up,2026-08-05T12:45:19,0.0,0.0
SPXW,2026-08-31,10,Put,6410.0,SPXW260831P06410000,0.15,0.3,0.22499999999999998,0.4,0.0,0.0,0.0,239.0,0.3805,-0.0018,0.0,0.0796,-0.1137,-0.003,0.2447,0.0,0.0,0.0,0.5,no_change,2026-08-19T15:58:50,0.0,0.0
SPXW,2026-08-31,10,Call,6420.0,SPXW260831C06420000,1246.2,1268.9,1257.5500000000002,1163.3,0.0,0.0,0.0,7.0,0.3561,0.998,0.0,0.0811,-0.1152,1.4018,1256.7209,0.0,0.0,0.0,1236.79998779297,up,2026-07-06T12:12:48,0.0,0.0
SPXW,2026-08-31,10,Put,6420.0,SPXW260831P06420000,0.2,0.3,0.25,0.4,0.0,0.0,0.0,35.0,0.3774,-0.0019,0.0,0.0811,-0.1152,-0.0031,0.2484,0.0,0.0,0.0,0.5,down,2026-08-19T15:58:38,0.0,0.0
SPXW,2026-08-31,10,Call,6425.0,SPXW260831C06425000,1244.4,1265.1,1254.75,0.0,0.0,0.0,0.0,0.0,0.3535,0.998,0.0,0.0819,-0.1159,1.4029,1251.7276,0.0,0.0,0.0,1231.69995117188,no_change,,0.0,0.0
SPXW,2026-08-31,10,Put,6425.0,SPXW260831P06425000,0.2,0.3,0.25,0.45,0.0,0.0,0.0,286.0,0.3759,-0.0019,0.0,0.0819,-0.1159,-0.0031,0.2503,0.0,0.0,0.0,0.5,up,2026-08-19T15:58:52,0.0,0.0
SPXW,2026-08-31,10,Call,6430.0,SPXW260831C06430000,1239.3,1260.1,1249.6999999999998,999.12,0.0,0.0,0.0,0.0,0.3509,0.998,0.0,0.0826,-0.1166,1.404,1246.7343,0.0,0.0,0.0,1226.69995117188,down,2026-06-25T14:03:48,0.0,0.0
SPXW,2026-08-31,10,Put,6430.0,SPXW260831P06430000,0.2,0.3,0.25,0.45,0.0,0.0,0.0,146.0,0.3744,-0.0019,0.0,0.0826,-0.1166,-0.0031,0.2522,0.0,0.0,0.0,0.5,no_change,2026-08-19T15:59:17,0.0,0.0
SPXW,2026-08-31,10,Call,6440.0,SPXW260831C06440000,1229.3,1250.1,1239.6999999999998,1313.24,0.0,0.0,0.0,4.0,0.3654,0.9979,0.0,0.0842,-0.1181,1.4061,1236.7477,0.0,0.0,0.0,1217.15002441406,up,2026-08-05T12:38:19,0.0,0.0
SPXW,2026-08-31,10,Put,6440.0,SPXW260831P06440000,0.2,0.3,0.25,0.32,-0.18,-36.0,1.0,125.0,0.3679,-0.002,0.0,0.0842,-0.1181,-0.0032,0.256,0.32,0.32,0.32,0.5,down,2026-08-21T09:34:24,0.0,0.0
SPXW,2026-08-31,10,Call,6450.0,SPXW260831C06450000,1219.2,1240.1,1229.65,1301.76,0.0,0.0,0.0,11.0,0.3609,0.9979,0.0,0.0858,-0.1196,1.4082,1226.7612,0.0,0.0,0.0,1206.75,up,2026-08-05T12:36:20,0.0,0.0
SPXW,2026-08-31,10,Put,6450.0,SPXW260831P06450000,0.2,0.3,0.25,0.3,-0.225,-42.8571,5.0,1246.0,0.3716,-0.002,0.0,0.0858,-0.1196,-0.0033,0.2601,0.3,0.3,0.3,0.525000005960464,no_change,2026-08-21T15:59:55,0.0,0.0
SPXW,2026-08-31,10,Call,6460.0,SPXW260831C06460000,1206.3,1230.0,1218.15,1296.37,0.0,0.0,0.0,20.0,0.3564,0.9978,0.0,0.0874,-0.1212,1.4103,1216.7748,0.0,0.0,0.0,1196.75,up,2026-08-05T11:47:29,0.0,0.0
SPXW,2026-08-31,10,Put,6460.0,SPXW260831P06460000,0.2,0.3,0.25,0.6,0.0,0.0,0.0,850.0,0.3686,-0.002,0.0,0.0874,-0.1212,-0.0033,0.2641,0.0,0.0,0.0,0.550000011920929,up,2026-08-18T11:54:19,0.0,0.0
SPXW,2026-08-31,10,Call,6470.0,SPXW260831C06470000,1196.3,1220.0,1208.15,1008.15,0.0,0.0,0.0,4.0,0.3519,0.9978,0.0,0.089,-0.1227,1.4125,1206.7885,0.0,0.0,0.0,1186.80004882812,down,2026-06-23T11:04:53,0.0,0.0
SPXW,2026-08-31,10,Put,6470.0,SPXW260831P06470000,0.2,0.3,0.25,0.5,0.0,0.0,0.0,103.0,0.3656,-0.0021,0.0,0.089,-0.1227,-0.0034,0.2682,0.0,0.0,0.0,0.550000011920929,no_change,2026-08-17T14:17:25,0.0,0.0
SPXW,2026-08-31,10,Call,6475.0,SPXW260831C06475000,1191.5,1215.2,1203.35,443.38,0.0,0.0,0.0,2.0,0.3496,0.9978,0.0,0.0899,-0.1235,1.4135,1201.7954,0.0,0.0,0.0,1181.80004882812,up,2026-04-02T12:37:06,0.0,0.0
SPXW,2026-08-31,10,Put,6475.0,SPXW260831P06475000,0.2,0.3,0.25,0.2,-0.35,-63.6364,1.0,234.0,0.3641,-0.0021,0.0,0.0899,-0.1235,-0.0034,0.2703,0.2,0.2,0.2,0.550000011920929,down,2026-08-21T15:59:55,0.0,0.0
SPXW,2026-08-31,10,Call,6480.0,SPXW260831C06480000,1186.3,1210.0,1198.15,1104.23,0.0,0.0,0.0,14.0,0.3473,0.9978,0.0,0.0907,-0.1243,1.4146,1196.8022,0.0,0.0,0.0,1176.80004882812,up,2026-07-15T12:03:47,0.0,0.0
SPXW,2026-08-31,10,Put,6480.0,SPXW260831P06480000,0.2,0.3,0.25,0.3,-0.25,-45.4545,1.0,194.0,0.3626,-0.0021,0.0,0.0907,-0.1243,-0.0035,0.2724,0.3,0.3,0.3,0.550000011920929,down,2026-08-21T15:45:59,0.0,0.0
SPXW,2026-08-31,10,Call,6490.0,SPXW260831C06490000,1179.3,1200.2,1189.75,803.7,0.0,0.0,0.0,5.0,0.3427,0.9977,0.0,0.0925,-0.1259,1.4167,1186.8161,0.0,0.0,0.0,1166.85003662109,up,2026-04-20T10:43:07,0.0,0.0
SPXW,2026-08-31,10,Put,6490.0,SPXW260831P06490000,0.2,0.3,0.25,0.73,0.0,0.0,0.0,78.0,0.3596,-0.0022,0.0,0.0925,-0.1259,-0.0036,0.2767,0.0,0.0,0.0,0.550000011920929,down,2026-08-13T12:49:50,0.0,0.0
SPXW,2026-08-31,10,Call,6500.0,SPXW260831C06500000,1169.4,1190.2,1179.8000000000002,940.0,0.0,0.0,0.0,25.0,0.338,0.9977,0.0,0.0942,-0.1276,1.4188,1176.83,0.0,0.0,0.0,1157.04998779297,up,2026-07-30T12:57:10,0.0,0.0
SPXW,2026-08-31,10,Put,6500.0,SPXW260831P06500000,0.25,0.3,0.275,0.37,-0.205,-35.6522,34.0,10773.0,0.3565,-0.0022,0.0,0.0943,-0.1276,-0.0036,0.2811,0.35,0.37,0.34,0.574999988079071,up,2026-08-21T13:23:15,0.0,0.0
SPXW,2026-08-31,10,Call,6510.0,SPXW260831C06510000,1159.4,1180.2,1169.8000000000002,1027.54,0.0,0.0,0.0,5.0,0.3333,0.9976,0.0,0.0961,-0.1292,1.4209,1166.844,0.0,0.0,0.0,1147.0,up,2026-05-13T11:00:39,0.0,0.0
SPXW,2026-08-31,10,Put,6510.0,SPXW260831P06510000,0.2,0.3,0.25,2.53,0.0,0.0,0.0,65.0,0.3535,-0.0023,0.0,0.0961,-0.1292,-0.0037,0.2855,0.0,0.0,0.0,0.599999994039536,no_change,2026-08-05T10:19:24,0.0,0.0
SPXW,2026-08-31,10,Call,6520.0,SPXW260831C06520000,1147.3,1170.2,1158.75,1019.41,0.0,0.0,0.0,0.0,0.3451,0.9976,0.0,0.0979,-0.1309,1.423,1156.8581,0.0,0.0,0.0,1136.90002441406,up,2026-05-11T15:40:59,0.0,0.0
SPXW,2026-08-31,10,Put,6520.0,SPXW260831P06520000,0.2,0.3,0.25,0.35,-0.25,-41.6667,4.0,78.0,0.3505,-0.0023,0.0,0.098,-0.1309,-0.0038,0.2901,0.35,0.35,0.35,0.599999994039536,down,2026-08-21T12:14:21,0.0,0.0
SPXW,2026-08-31,10,Call,6525.0,SPXW260831C06525000,1141.6,1165.2,1153.4,1228.15,0.0,0.0,0.0,8.0,0.3429,0.9975,0.0,0.0989,-0.1318,1.4241,1151.8652,0.0,0.0,0.0,1131.90002441406,up,2026-08-05T12:35:28,0.0,0.0
SPXW,2026-08-31,10,Put,6525.0,SPXW260831P06525000,0.2,0.35,0.275,0.32,-0.28,-46.6667,1.0,181.0,0.349,-0.0023,0.0,0.0989,-0.1318,-0.0038,0.2924,0.32,0.32,0.32,0.599999994039536,down,2026-08-21T15:46:59,0.0,0.0
SPXW,2026-08-31,10,Call,6530.0,SPXW260831C06530000,1136.4,1160.2,1148.3000000000002,0.0,0.0,0.0,0.0,1.0,0.3408,0.9975,0.0,0.0999,-0.1326,1.4251,1146.8723,0.0,0.0,0.0,1126.95001220703,no_change,,0.0,0.0
SPXW,2026-08-31,10,Put,6530.0,SPXW260831P06530000,0.2,0.35,0.275,0.83,0.0,0.0,0.0,30.0,0.3475,-0.0024,0.0,0.0999,-0.1326,-0.0039,0.2946,0.0,0.0,0.0,0.599999994039536,down,2026-08-13T12:49:50,0.0,0.0
SPXW,2026-08-31,10,Call,6540.0,SPXW260831C06540000,1127.0,1150.2,1138.6,876.42,0.0,0.0,0.0,1.0,0.3365,0.9975,0.0,0.1018,-0.1344,1.4272,1136.8866,0.0,0.0,0.0,1117.0,up,2026-05-05T14:09:43,0.0,0.0
SPXW,2026-08-31,10,Put,6540.0,SPXW260831P06540000,0.2,0.35,0.275,3.93,0.0,0.0,0.0,88.0,0.3445,-0.0024,0.0,0.1018,-0.1344,-0.0039,0.2994,0.0,0.0,0.0,0.599999994039536,down,2026-08-04T09:30:09,0.0,0.0
SPXW,2026-08-31,10,Call,6550.0,SPXW260831C06550000,1120.1,1140.3,1130.1999999999998,1070.08,0.0,0.0,0.0,20.0,0.3322,0.9974,0.0,0.1039,-0.1361,1.4293,1126.901,0.0,0.0,0.0,1107.09997558594,up,2026-05-14T13:42:26,0.0,0.0
SPXW,2026-08-31,10,Put,6550.0,SPXW260831P06550000,0.25,0.35,0.3,0.35,-0.3,-46.1538,1.0,440.0,0.3443,-0.0025,0.0,0.1039,-0.1362,-0.004,0.3043,0.35,0.35,0.35,0.650000005960464,down,2026-08-21T11:30:07,0.0,0.0
SPXW,2026-08-31,10,Call,6560.0,SPXW260831C06560000,1109.6,1130.3,1119.9499999999998,1191.23,0.0,0.0,0.0,3.0,0.3279,0.9974,0.0,0.106,-0.138,1.4314,1116.9155,0.0,0.0,0.0,1097.0,up,2026-08-05T12:33:54,0.0,0.0
SPXW,2026-08-31,10,Put,6560.0,SPXW260831P06560000,0.25,0.35,0.3,3.5,0.0,0.0,0.0,31.0,0.3413,-0.0025,0.0,0.106,-0.138,-0.0041,0.3092,0.0,0.0,0.0,0.650000005960464,no_change,2026-08-04T11:58:32,0.0,0.0
SPXW,2026-08-31,10,Call,6570.0,SPXW260831C06570000,1099.5,1120.3,1109.9,394.1,0.0,0.0,0.0,2.0,0.3235,0.9973,0.0,0.1081,-0.1398,1.4336,1106.93,0.0,0.0,0.0,1087.34997558594,up,2026-04-01T10:31:12,0.0,0.0
SPXW,2026-08-31,10,Put,6570.0,SPXW260831P06570000,0.25,0.35,0.3,1.15,0.0,0.0,0.0,50.0,0.3409,-0.0026,0.0,0.1081,-0.1398,-0.0042,0.3142,0.0,0.0,0.0,0.650000005960464,down,2026-08-12T13:44:27,0.0,0.0
SPXW,2026-08-31,10,Call,6575.0,SPXW260831C06575000,1094.5,1115.3,1104.9,1178.77,0.0,0.0,0.0,8.0,0.3213,0.9973,0.0,0.1092,-0.1407,1.4346,1101.9374,0.0,0.0,0.0,1082.40002441406,up,2026-08-05T12:34:48,0.0,0.0
SPXW,2026-08-31,10,Put,6575.0,SPXW260831P06575000,0.25,0.35,0.3,0.32,-0.33,-50.7692,1.0,159.0,0.3394,-0.0026,0.0,0.1092,-0.1407,-0.0042,0.3168,0.32,0.32,0.32,0.650000005960464,down,2026-08-21T16:03:05,0.0,0.0
SPXW,2026-08-31,10,Call,6580.0,SPXW260831C06580000,1086.4,1108.3,1097.35,807.73,0.0,0.0,0.0,16.0,0.3191,0.9972,0.0,0.1103,-0.1416,1.4357,1096.9447,0.0,0.0,0.0,1077.04998779297,no_change,2026-06-09T12:44:46,0.0,0.0
SPXW,2026-08-31,10,Put,6580.0,SPXW260831P06580000,0.25,0.35,0.3,0.75,0.0,0.0,0.0,66.0,0.3379,-0.0026,0.0,0.1103,-0.1417,-0.0043,0.3194,0.0,0.0,0.0,0.675000011920929,down,2026-08-14T12:17:15,0.0,0.0
SPXW,2026-08-31,10,Call,6590.0,SPXW260831C06590000,1076.8,1100.3,1088.55,1167.55,0.0,0.0,0.0,13.0,0.3284,0.9972,0.0,0.1126,-0.1436,1.4377,1086.9596,0.0,0.0,0.0,1067.20001220703,up,2026-08-05T11:47:29,0.0,0.0
SPXW,2026-08-31,10,Put,6590.0,SPXW260831P06590000,0.25,0.35,0.3,0.63,0.0,0.0,0.0,223.0,0.3348,-0.0027,0.0,0.1126,-0.1436,-0.0044,0.3246,0.0,0.0,0.0,0.699999988079071,no_change,2026-08-20T09:40:32,0.0,0.0
SPXW,2026-08-31,10,Call,6600.0,SPXW260831C06600000,1071.5,1085.3,1078.4,1098.94,0.0,0.0,0.0,227.0,0.3502,0.9971,0.0,0.1149,-0.1455,1.4398,1076.9745,0.0,0.0,0.0,1057.09997558594,up,2026-08-20T09:37:50,0.0,0.0
SPXW,2026-08-31,10,Put,6600.0,SPXW260831P06600000,0.25,0.35,0.3,0.45,-0.25,-35.7143,10.0,1744.0,0.3318,-0.0028,0.0,0.1149,-0.1455,-0.0045,0.33,0.45,0.45,0.45,0.699999988079071,no_change,2026-08-21T09:41:44,0.0,0.0
SPXW,2026-08-31,10,Call,6610.0,SPXW260831C06610000,1060.0,1080.3,1070.15,944.93,0.0,0.0,0.0,15.0,0.3202,0.9971,0.0,0.1173,-0.1474,1.4419,1066.9895,0.0,0.0,0.0,1047.45001220703,up,2026-05-20T15:52:38,0.0,0.0
SPXW,2026-08-31,10,Put,6610.0,SPXW260831P06610000,0.25,0.35,0.3,2.12,0.0,0.0,0.0,321.0,0.3288,-0.0028,0.0,0.1173,-0.1475,-0.0046,0.3355,0.0,0.0,0.0,0.699999988079071,no_change,2026-08-07T15:22:42,0.0,0.0
SPXW,2026-08-31,10,Call,6620.0,SPXW260831C06620000,1049.7,1070.3,1060.0,372.3,0.0,0.0,0.0,19.0,0.3161,0.997,0.0,0.1197,-0.1494,1.444,1057.0047,0.0,0.0,0.0,1037.25,up,2026-04-01T12:04:52,0.0,0.0
SPXW,2026-08-31,10,Put,6620.0,SPXW260831P06620000,0.25,0.35,0.3,0.6,0.0,0.0,0.0,51.0,0.3258,-0.0029,0.0,0.1197,-0.1495,-0.0047,0.3411,0.0,0.0,0.0,0.75,no_change,2026-08-17T09:30:15,0.0,0.0
SPXW,2026-08-31,10,Call,6625.0,SPXW260831C06625000,1044.5,1065.4,1054.95,966.29,0.0,0.0,0.0,26.0,0.314,0.997,0.0,0.121,-0.1505,1.445,1052.0123,0.0,0.0,0.0,1032.30001831055,no_change,2026-07-13T10:49:30,0.0,0.0
SPXW,2026-08-31,10,Put,6625.0,SPXW260831P06625000,0.25,0.35,0.3,0.58,0.0,0.0,0.0,205.0,0.3242,-0.0029,0.0,0.121,-0.1505,-0.0047,0.3439,0.0,0.0,0.0,0.75,no_change,2026-08-19T11:25:15,0.0,0.0
SPXW,2026-08-31,10,Call,6630.0,SPXW260831C06630000,1039.6,1060.4,1050.0,764.0,0.0,0.0,0.0,4.0,0.312,0.9969,0.0,0.1222,-0.1515,1.4461,1047.02,0.0,0.0,0.0,1027.50003051758,no_change,2026-06-09T12:44:46,0.0,0.0
SPXW,2026-08-31,10,Put,6630.0,SPXW260831P06630000,0.25,0.35,0.3,2.92,0.0,0.0,0.0,96.0,0.3227,-0.0029,0.0,0.1222,-0.1515,-0.0048,0.3468,0.0,0.0,0.0,0.75,down,2026-08-05T15:51:20,0.0,0.0
SPXW,2026-08-31,10,Call,6640.0,SPXW260831C06640000,1026.5,1050.3,1038.4,652.1,0.0,0.0,0.0,18.0,0.3078,0.9969,0.0,0.1248,-0.1536,1.4482,1037.0354,0.0,0.0,0.0,1017.19998168945,up,2026-04-21T15:42:06,0.0,0.0
SPXW,2026-08-31,10,Put,6640.0,SPXW260831P06640000,0.25,0.4,0.325,0.72,0.0,0.0,0.0,275.0,0.3197,-0.003,0.0,0.1248,-0.1536,-0.0049,0.3526,0.0,0.0,0.0,0.75,down,2026-08-17T13:15:45,0.0,0.0
SPXW,2026-08-31,10,Call,6650.0,SPXW260831C06650000,1016.5,1040.4,1028.45,965.2,0.0,0.0,0.0,21.0,0.3036,0.9968,0.0,0.1274,-0.1557,1.4502,1027.051,0.0,0.0,0.0,1007.55001831055,down,2026-05-27T13:08:13,0.0,0.0
SPXW,2026-08-31,10,Put,6650.0,SPXW260831P06650000,0.3,0.4,0.35,0.8,0.0,0.0,0.0,239.0,0.3167,-0.0031,0.0,0.1274,-0.1557,-0.005,0.3586,0.0,0.0,0.0,0.800000011920929,no_change,2026-08-18T15:59:34,0.0,0.0
SPXW,2026-08-31,10,Call,6660.0,SPXW260831C06660000,1006.5,1028.4,1017.45,955.39,0.0,0.0,0.0,6.0,0.3111,0.9967,0.0,0.1302,-0.1578,1.4523,1017.0667,0.0,0.0,0.0,997.200012207031,up,2026-05-27T13:11:28,0.0,0.0
SPXW,2026-08-31,10,Put,6660.0,SPXW260831P06660000,0.3,0.4,0.35,0.7,0.0,0.0,0.0,231.0,0.316,-0.0031,0.0,0.1301,-0.1578,-0.0051,0.3648,0.0,0.0,0.0,0.800000011920929,no_change,2026-08-19T09:50:40,0.0,0.0
SPXW,2026-08-31,10,Call,6670.0,SPXW260831C06670000,997.2,1020.4,1008.8,0.0,0.0,0.0,0.0,0.0,0.3071,0.9967,0.0,0.1329,-0.16,1.4544,1007.0826,0.0,0.0,0.0,987.449981689453,no_change,,0.0,0.0
SPXW,2026-08-31,10,Put,6670.0,SPXW260831P06670000,0.3,0.4,0.35,0.45,-0.35,-43.75,1.0,80.0,0.3151,-0.0032,0.0,0.133,-0.1601,-0.0052,0.3712,0.45,0.45,0.45,0.800000011920929,down,2026-08-21T11:30:07,0.0,0.0
SPXW,2026-08-31,10,Call,6675.0,SPXW260831C06675000,994.8,1015.4,1005.0999999999999,720.42,0.0,0.0,0.0,26.0,0.3051,0.9966,0.0,0.1344,-0.1611,1.4554,1002.0905,0.0,0.0,0.0,982.299987792969,up,2026-06-09T12:42:36,0.0,0.0
SPXW,2026-08-31,10,Put,6675.0,SPXW260831P06675000,0.3,0.4,0.35,0.8,0.0,0.0,0.0,190.0,0.3136,-0.0032,0.0,0.1344,-0.1612,-0.0053,0.3744,0.0,0.0,0.0,0.824999988079071,no_change,2026-08-20T15:56:25,0.0,0.0
SPXW,2026-08-31,10,Call,6680.0,SPXW260831C06680000,989.6,1010.4,1000.0,0.0,0.0,0.0,0.0,0.0,0.3032,0.9966,0.0,0.1358,-0.1623,1.4564,997.0986,0.0,0.0,0.0,977.299987792969,no_change,,0.0,0.0
SPXW,2026-08-31,10,Put,6680.0,SPXW260831P06680000,0.3,0.4,0.35,0.73,0.0,0.0,0.0,252.0,0.312,-0.0033,0.0,0.1358,-0.1623,-0.0054,0.3776,0.0,0.0,0.0,0.849999994039536,no_change,2026-08-20T10:34:30,0.0,0.0
SPXW,2026-08-31,10,Call,6690.0,SPXW260831C06690000,979.7,1000.4,990.05,0.0,0.0,0.0,0.0,0.0,0.2992,0.9965,0.0,0.1387,-0.1646,1.4585,987.1147,0.0,0.0,0.0,967.75,no_change,,0.0,0.0
SPXW,2026-08-31,10,Put,6690.0,SPXW260831P06690000,0.3,0.4,0.35,0.5,-0.35,-41.1765,3.0,152.0,0.309,-0.0034,0.0,0.1387,-0.1646,-0.0055,0.3843,0.5,0.5,0.5,0.849999994039536,no_change,2026-08-21T12:59:47,0.0,0.0
SPXW,2026-08-31,10,Call,6700.0,SPXW260831C06700000,966.9,990.5,978.7,902.48,0.0,0.0,0.0,22.0,0.2952,0.9964,0.0,0.1417,-0.1669,1.4606,977.1311,0.0,0.0,0.0,957.5,up,2026-07-10T11:52:50,0.0,0.0
SPXW,2026-08-31,10,Put,6700.0,SPXW260831P06700000,0.3,0.4,0.35,0.4,-0.475,-54.2857,22.0,2661.0,0.306,-0.0034,0.0,0.1417,-0.1669,-0.0056,0.3911,0.48,0.5,0.4,0.875,down,2026-08-21T15:56:19,0.0,0.0
SPXW,2026-08-31,10,Call,6710.0,SPXW260831C06710000,956.6,979.6,968.1,902.27,0.0,0.0,0.0,16.0,0.2912,0.9964,0.0,0.1448,-0.1693,1.4626,967.1476,0.0,0.0,0.0,947.400024414062,up,2026-07-10T12:50:16,0.0,0.0
SPXW,2026-08-31,10,Put,6710.0,SPXW260831P06710000,0.3,0.45,0.375,0.95,0.0,0.0,0.0,193.0,0.3029,-0.0035,0.0,0.1448,-0.1693,-0.0058,0.398,0.0,0.0,0.0,0.900000005960464,up,2026-08-18T15:59:50,0.0,0.0
SPXW,2026-08-31,10,Call,6720.0,SPXW260831C06720000,946.6,968.5,957.55,881.68,0.0,0.0,0.0,11.0,0.297,0.9963,0.0,0.1479,-0.1717,1.4647,957.1643,0.0,0.0,0.0,937.800018310547,up,2026-05-13T15:31:21,0.0,0.0
SPXW,2026-08-31,10,Put,6720.0,SPXW260831P06720000,0.3,0.45,0.375,1.05,0.0,0.0,0.0,49.0,0.2999,-0.0036,0.0,0.1479,-0.1717,-0.0059,0.4051,0.0,0.0,0.0,0.900000005960464,down,2026-08-18T15:54:30,0.0,0.0
SPXW,2026-08-31,10,Call,6725.0,SPXW260831C06725000,941.6,963.5,952.55,876.31,0.0,0.0,0.0,11.0,0.2951,0.9962,0.0,0.1495,-0.173,1.4657,952.1727,0.0,0.0,0.0,932.400024414062,up,2026-05-13T14:14:57,0.0,0.0
SPXW,2026-08-31,10,Put,6725.0,SPXW260831P06725000,0.35,0.45,0.4,1.05,0.0,0.0,0.0,1669.0,0.3003,-0.0037,0.0,0.1496,-0.173,-0.006,0.4088,0.0,0.0,0.0,0.925000011920929,down,2026-08-14T10:51:51,0.0,0.0
SPXW,2026-08-31,10,Call,6730.0,SPXW260831C06730000,939.9,960.5,950.2,818.43,0.0,0.0,0.0,6.0,0.2932,0.9962,0.0,0.1512,-0.1742,1.4667,947.1812,0.0,0.0,0.0,927.5,no_change,2026-05-08T11:46:51,0.0,0.0
SPXW,2026-08-31,10,Put,6730.0,SPXW260831P06730000,0.35,0.45,0.4,0.83,0.0,0.0,0.0,75.0,0.2988,-0.0037,0.0,0.1512,-0.1742,-0.0061,0.4124,0.0,0.0,0.0,0.949999988079071,no_change,2026-08-20T10:34:30,0.0,0.0
SPXW,2026-08-31,10,Call,6740.0,SPXW260831C06740000,926.6,950.4,938.5,847.2,0.0,0.0,0.0,3.0,0.2894,0.9961,0.0,0.1545,-0.1768,1.4687,937.1983,0.0,0.0,0.0,917.5,down,2026-06-18T12:52:57,0.0,0.0
SPXW,2026-08-31,10,Put,6740.0,SPXW260831P06740000,0.35,0.45,0.4,1.0,0.0,0.0,0.0,144.0,0.2976,-0.0038,0.0,0.1545,-0.1768,-0.0062,0.4201,0.0,0.0,0.0,0.949999988079071,up,2026-08-17T15:51:39,0.0,0.0
SPXW,2026-08-31,10,Call,6750.0,SPXW260831C06750000,916.9,940.5,928.7,1010.46,0.0,0.0,0.0,17.0,0.2855,0.996,0.0,0.158,-0.1793,1.4708,927.2156,0.0,0.0,0.0,907.5,up,2026-08-12T10:25:04,0.0,0.0
SPXW,2026-08-31,10,Put,6750.0,SPXW260831P06750000,0.35,0.45,0.4,0.4,-0.6,-60.0,8.0,2765.0,0.2945,-0.0039,0.0,0.158,-0.1794,-0.0064,0.4278,0.58,0.58,0.4,0.999999970197678,down,2026-08-21T15:37:31,0.0,0.0
SPXW,2026-08-31,10,Call,6760.0,SPXW260831C06760000,906.7,930.5,918.6,926.59,0.0,0.0,0.0,3.0,0.2817,0.9959,0.0,0.1615,-0.182,1.4728,917.2331,0.0,0.0,0.0,897.599975585938,down,2026-05-29T15:14:20,0.0,0.0
SPXW,2026-08-31,10,Put,6760.0,SPXW260831P06760000,0.35,0.45,0.4,0.5,-0.5,-50.0,1.0,301.0,0.2915,-0.004,0.0,0.1616,-0.182,-0.0065,0.4357,0.5,0.5,0.5,0.999999970197678,down,2026-08-21T11:07:16,0.0,0.0
SPXW,2026-08-31,10,Call,6770.0,SPXW260831C06770000,900.2,920.6,910.4000000000001,736.75,0.0,0.0,0.0,19.0,0.2778,0.9958,0.0,0.1652,-0.1847,1.4748,907.2508,0.0,0.0,0.0,887.949981689453,up,2026-07-02T13:48:57,0.0,0.0
SPXW,2026-08-31,10,Put,6770.0,SPXW260831P06770000,0.35,0.5,0.425,1.1,0.0,0.0,0.0,133.0,0.2884,-0.0041,0.0,0.1652,-0.1847,-0.0067,0.4439,0.0,0.0,0.0,1.02500000596046,no_change,2026-08-18T15:59:48,0.0,0.0
SPXW,2026-08-31,10,Call,6775.0,SPXW260831C06775000,891.7,913.6,902.6500000000001,859.62,0.0,0.0,0.0,23.0,0.2759,0.9958,0.0,0.1671,-0.1861,1.4759,902.2597,0.0,0.0,0.0,882.599975585938,down,2026-05-27T13:05:31,0.0,0.0
SPXW,2026-08-31,10,Put,6775.0,SPXW260831P06775000,0.4,0.5,0.45,0.89,0.0,0.0,0.0,590.0,0.2886,-0.0041,0.0,0.1671,-0.1861,-0.0068,0.448,0.0,0.0,0.0,1.05000001192093,down,2026-08-17T12:04:20,0.0,0.0
SPXW,2026-08-31,10,Call,6780.0,SPXW260831C06780000,889.9,910.6,900.25,726.66,0.0,0.0,0.0,12.0,0.2824,0.9957,0.0,0.169,-0.1875,1.4769,897.2687,0.0,0.0,0.0,878.0,up,2026-06-10T09:44:51,0.0,0.0
SPXW,2026-08-31,10,Put,6780.0,SPXW260831P06780000,0.4,0.5,0.45,0.85,0.0,0.0,0.0,115.0,0.2854,-0.0042,0.0,0.169,-0.1875,-0.0068,0.4522,0.0,0.0,0.0,1.05000001192093,down,2026-08-20T09:43:55,0.0,0.0
SPXW,2026-08-31,10,Call,6790.0,SPXW260831C06790000,877.0,900.6,888.8,718.26,0.0,0.0,0.0,2.0,0.2786,0.9956,0.0,0.1729,-0.1903,1.4789,887.2869,0.0,0.0,0.0,867.800018310547,up,2026-07-02T13:48:57,0.0,0.0
SPXW,2026-08-31,10,Put,6790.0,SPXW260831P06790000,0.4,0.5,0.45,0.5,-0.575,-53.4884,1000.0,193.0,0.2856,-0.0043,0.0,0.173,-0.1903,-0.007,0.4609,0.5,0.5,0.5,1.07499998807907,no_change,2026-08-21T15:47:43,0.0,0.0
SPXW,2026-08-31,10,Call,6800.0,SPXW260831C06800000,871.5,890.6,881.05,871.54,13.84,1.61362,1.0,104.0,0.2749,0.9955,0.0,0.177,-0.1932,1.4809,877.3053,871.54,871.54,871.54,857.700012207031,up,2026-08-21T10:19:51,0.0,0.0
SPXW,2026-08-31,10,Put,6800.0,SPXW260831P06800000,0.4,0.5,0.45,0.45,-0.65,-59.0909,14.0,11618.0,0.2825,-0.0044,0.0,0.177,-0.1932,-0.0072,0.4698,0.64,0.64,0.45,1.09999996423721,down,2026-08-21T15:37:31,0.0,0.0
SPXW,2026-08-31,10,Call,6810.0,SPXW260831C06810000,856.7,878.7,867.7,879.34,0.0,0.0,0.0,53.0,0.2711,0.9954,0.0,0.1812,-0.1962,1.4829,867.324,0.0,0.0,0.0,848.399993896484,up,2026-08-20T11:25:18,0.0,0.0
SPXW,2026-08-31,10,Put,6810.0,SPXW260831P06810000,0.4,0.5,0.45,0.6,-0.55,-47.8261,1.0,193.0,0.2795,-0.0045,0.0,0.1812,-0.1962,-0.0074,0.4789,0.6,0.6,0.6,1.15000003576279,down,2026-08-21T11:07:16,0.0,0.0
SPXW,2026-08-31,10,Call,6820.0,SPXW260831C06820000,846.7,869.6,858.1500000000001,943.18,0.0,0.0,0.0,22.0,0.2674,0.9952,0.0,0.1856,-0.1992,1.4849,857.343,0.0,0.0,0.0,837.799987792969,up,2026-08-12T10:28:10,0.0,0.0
SPXW,2026-08-31,10,Put,6820.0,SPXW260831P06820000,0.4,0.5,0.45,1.3,0.0,0.0,0.0,360.0,0.2764,-0.0046,0.0,0.1856,-0.1992,-0.0076,0.4883,0.0,0.0,0.0,1.15000003576279,no_change,2026-08-18T15:59:48,0.0,0.0
SPXW,2026-08-31,10,Call,6825.0,SPXW260831C06825000,845.0,865.7,855.35,764.63,0.0,0.0,0.0,7.0,0.2655,0.9952,0.0,0.1878,-0.2008,1.4859,852.3526,0.0,0.0,0.0,833.199981689453,down,2026-07-07T09:48:58,0.0,0.0
SPXW,2026-08-31,10,Put,6825.0,SPXW260831P06825000,0.45,0.55,0.5,0.5,-0.675,-57.4468,6.0,519.0,0.2748,-0.0047,0.0,0.1878,-0.2008,-0.0077,0.4931,0.65,0.65,0.5,1.17500001192093,down,2026-08-21T15:55:26,0.0,0.0
SPXW,2026-08-31,10,Call,6830.0,SPXW260831C06830000,840.0,860.7,850.35,875.6,0.0,0.0,0.0,70.0,0.2636,0.9951,0.0,0.1901,-0.2023,1.4869,847.3622,0.0,0.0,0.0,827.799987792969,up,2026-06-04T14:52:05,0.0,0.0
SPXW,2026-08-31,10,Put,6830.0,SPXW260831P06830000,0.4,0.55,0.47500000000000003,1.3,0.0,0.0,0.0,223.0,0.2733,-0.0048,0.0,0.1902,-0.2024,-0.0078,0.4981,0.0,0.0,0.0,1.19999998807907,down,2026-08-18T15:59:33,0.0,0.0
SPXW,2026-08-31,10,Call,6840.0,SPXW260831C06840000,830.0,850.7,840.35,827.36,9.41,1.15044,6.0,8.0,0.2671,0.995,0.0,0.1947,-0.2056,1.4888,837.3818,827.36,827.36,827.36,817.950012207031,up,2026-08-21T10:38:38,0.0,0.0
SPXW,2026-08-31,10,Put,6840.0,SPXW260831P06840000,0.45,0.55,0.5,0.95,0.0,0.0,0.0,121.0,0.2732,-0.0049,0.0,0.1948,-0.2056,-0.008,0.508,0.0,0.0,0.0,1.22499996423721,down,2026-08-19T13:02:40,0.0,0.0
SPXW,2026-08-31,10,Call,6845.0,SPXW260831C06845000,826.1,845.7,835.9000000000001,0.0,0.0,0.0,0.0,0.0,0.2653,0.9949,0.0,0.1971,-0.2072,1.4898,832.3917,0.0,0.0,0.0,813.25,no_change,,0.0,0.0
SPXW,2026-08-31,10,Put,6845.0,SPXW260831P06845000,0.45,0.55,0.5,1.4,0.0,0.0,0.0,56.0,0.2716,-0.005,0.0,0.1972,-0.2072,-0.0081,0.5131,0.0,0.0,0.0,1.25,up,2026-08-18T15:59:50,0.0,0.0
SPXW,2026-08-31,10,Call,6850.0,SPXW260831C06850000,819.9,840.7,830.3,817.54,9.64,1.19321,6.0,32.0,0.2635,0.9949,0.0,0.1996,-0.2088,1.4908,827.4017,817.54,817.54,817.54,807.900024414062,down,2026-08-21T10:38:38,0.0,0.0
SPXW,2026-08-31,10,Put,6850.0,SPXW260831P06850000,0.45,0.55,0.5,1.2,0.0,0.0,0.0,597.0,0.2701,-0.005,0.0,0.1996,-0.2089,-0.0082,0.5183,0.0,0.0,0.0,1.25,up,2026-08-20T15:10:28,0.0,0.0
SPXW,2026-08-31,10,Call,6855.0,SPXW260831C06855000,812.3,835.7,824.0,0.0,0.0,0.0,0.0,0.0,0.2616,0.9948,0.0,0.202,-0.2105,1.4918,822.4117,0.0,0.0,0.0,802.950012207031,no_change,,0.0,0.0
SPXW,2026-08-31,10,Put,6855.0,SPXW260831P06855000,0.45,0.55,0.5,1.0,0.0,0.0,0.0,192.0,0.2685,-0.0051,0.0,0.202,-0.2105,-0.0083,0.5236,0.0,0.0,0.0,1.27500003576279,down,2026-08-19T14:22:17,0.0,0.0
SPXW,2026-08-31,10,Call,6860.0,SPXW260831C06860000,810.6,830.7,820.6500000000001,830.17,0.0,0.0,0.0,13.0,0.2598,0.9947,0.0,0.2045,-0.2122,1.4928,817.4219,0.0,0.0,0.0,798.0,no_change,2026-08-04T10:21:47,0.0,0.0
SPXW,2026-08-31,10,Put,6860.0,SPXW260831P06860000,0.45,0.55,0.5,1.0,0.0,0.0,0.0,88.0,0.267,-0.0052,0.0,0.2046,-0.2122,-0.0084,0.529,0.0,0.0,0.0,1.30000001192093,down,2026-08-19T15:46:09,0.0,0.0
SPXW,2026-08-31,10,Call,6865.0,SPXW260831C06865000,801.8,825.7,813.75,825.27,0.0,0.0,0.0,7.0,0.258,0.9947,0.0,0.2071,-0.2139,1.4938,812.4322,0.0,0.0,0.0,793.0,no_change,2026-08-04T10:21:47,0.0,0.0
SPXW,2026-08-31,10,Put,6865.0,SPXW260831P06865000,0.45,0.55,0.5,1.04,0.0,0.0,0.0,108.0,0.2654,-0.0052,0.0,0.2071,-0.214,-0.0085,0.5345,0.0,0.0,0.0,1.30000001192093,down,2026-08-19T14:11:35,0.0,0.0
SPXW,2026-08-31,10,Call,6870.0,SPXW260831C06870000,797.2,820.8,809.0,469.43,0.0,0.0,0.0,18.0,0.2561,0.9946,0.0,0.2097,-0.2157,1.4947,807.4425,0.0,0.0,0.0,788.399993896484,up,2026-04-21T15:47:14,0.0,0.0
SPXW,2026-08-31,10,Put,6870.0,SPXW260831P06870000,0.45,0.55,0.5,1.52,0.0,0.0,0.0,43.0,0.2639,-0.0053,0.0,0.2097,-0.2157,-0.0087,0.5401,0.0,0.0,0.0,1.32499998807907,down,2026-08-18T10:42:14,0.0,0.0
SPXW,2026-08-31,10,Call,6875.0,SPXW260831C06875000,792.2,815.8,804.0,657.58,0.0,0.0,0.0,13.0,0.2543,0.9945,0.0,0.2123,-0.2175,1.4957,802.453,0.0,0.0,0.0,783.049987792969,down,2026-07-21T10:08:22,0.0,0.0
SPXW,2026-08-31,10,Put,6875.0,SPXW260831P06875000,0.5,0.6,0.55,1.25,0.0,0.0,0.0,589.0,0.2637,-0.0054,0.0,0.2124,-0.2175,-0.0088,0.5457,0.0,0.0,0.0,1.34999996423721,down,2026-08-20T11:43:34,0.0,0.0
SPXW,2026-08-31,10,Call,6880.0,SPXW260831C06880000,790.1,810.8,800.45,633.8,0.0,0.0,0.0,21.0,0.2525,0.9944,0.0,0.215,-0.2193,1.4967,797.4635,0.0,0.0,0.0,778.099975585938,up,2026-07-20T15:39:23,0.0,0.0
SPXW,2026-08-31,10,Put,6880.0,SPXW260831P06880000,0.5,0.6,0.55,1.55,0.0,0.0,0.0,146.0,0.2621,-0.0054,0.0,0.215,-0.2193,-0.0089,0.5514,0.0,0.0,0.0,1.34999996423721,no_change,2026-08-18T15:30:57,0.0,0.0
SPXW,2026-08-31,10,Call,6885.0,SPXW260831C06885000,782.2,805.8,794.0,0.0,0.0,0.0,0.0,0.0,0.2569,0.9944,0.0,0.2177,-0.2211,1.4976,792.4742,0.0,0.0,0.0,773.199981689453,no_change,,0.0,0.0
SPXW,2026-08-31,10,Put,6885.0,SPXW260831P06885000,0.5,0.6,0.55,1.55,0.0,0.0,0.0,48.0,0.2618,-0.0055,0.0,0.2178,-0.2211,-0.009,0.5574,0.0,0.0,0.0,1.375,down,2026-08-18T15:30:59,0.0,0.0
SPXW,2026-08-31,10,Call,6890.0,SPXW260831C06890000,781.5,800.8,791.15,821.25,0.0,0.0,0.0,23.0,0.2551,0.9943,0.0,0.2205,-0.223,1.4986,787.4849,0.0,0.0,0.0,768.850006103516,up,2026-06-04T14:52:05,0.0,0.0
SPXW,2026-08-31,10,Put,6890.0,SPXW260831P06890000,0.5,0.6,0.55,1.15,0.0,0.0,0.0,74.0,0.2603,-0.0056,0.0,0.2205,-0.223,-0.0092,0.5634,0.0,0.0,0.0,1.40000003576279,up,2026-08-20T12:54:34,0.0,0.0
SPXW,2026-08-31,10,Call,6895.0,SPXW260831C06895000,772.4,795.8,784.0999999999999,667.93,0.0,0.0,0.0,3.0,0.2533,0.9942,0.0,0.2233,-0.2248,1.4996,782.4958,0.0,0.0,0.0,763.149993896484,up,2026-07-21T13:39:15,0.0,0.0
SPXW,2026-08-31,10,Put,6895.0,SPXW260831P06895000,0.5,0.6,0.55,0.65,-0.75,-53.5714,1.0,708.0,0.2587,-0.0057,0.0,0.2234,-0.2249,-0.0093,0.5695,0.65,0.65,0.65,1.40000003576279,down,2026-08-21T15:16:44,0.0,0.0
SPXW,2026-08-31,10,Call,6900.0,SPXW260831C06900000,770.7,790.8,780.75,881.46,0.0,0.0,0.0,198.0,0.2515,0.9941,0.0,0.2262,-0.2268,1.5005,777.5068,0.0,0.0,0.0,758.300018310547,no_change,2026-08-17T10:23:25,0.0,0.0
SPXW,2026-08-31,10,Put,6900.0,SPXW260831P06900000,0.5,0.6,0.55,0.75,-0.7,-48.2759,19.0,2697.0,0.2572,-0.0058,0.0,0.2262,-0.2268,-0.0094,0.5757,0.8,0.85,0.75,1.44999998807907,down,2026-08-21T10:57:32,0.0,0.0
SPXW,2026-08-31,10,Call,6905.0,SPXW260831C06905000,762.4,785.8,774.0999999999999,0.0,0.0,0.0,0.0,0.0,0.2496,0.994,0.0,0.2291,-0.2287,1.5015,772.5179,0.0,0.0,0.0,753.200012207031,no_change,,0.0,0.0
SPXW,2026-08-31,10,Put,6905.0,SPXW260831P06905000,0.5,0.6,0.55,0.57,-0.88,-60.6897,1.0,24.0,0.2556,-0.0058,0.0,0.2291,-0.2287,-0.0096,0.582,0.57,0.57,0.57,1.44999998807907,down,2026-08-21T15:58:14,0.0,0.0
SPXW,2026-08-31,10,Call,6910.0,SPXW260831C06910000,757.2,780.8,769.0,551.4,0.0,0.0,0.0,10.0,0.2478,0.994,0.0,0.2321,-0.2307,1.5024,767.5291,0.0,0.0,0.0,748.600006103516,up,2026-05-05T10:22:54,0.0,0.0
SPXW,2026-08-31,10,Put,6910.0,SPXW260831P06910000,0.5,0.65,0.575,1.2,0.0,0.0,0.0,146.0,0.254,-0.0059,0.0,0.2321,-0.2307,-0.0097,0.5885,0.0,0.0,0.0,1.47499996423721,down,2026-08-19T14:22:05,0.0,0.0
SPXW,2026-08-31,10,Call,6915.0,SPXW260831C06915000,751.9,774.8,763.3499999999999,0.0,0.0,0.0,0.0,0.0,0.246,0.9939,0.0,0.2351,-0.2327,1.5034,762.5405,0.0,0.0,0.0,743.649993896484,no_change,,0.0,0.0
SPXW,2026-08-31,10,Put,6915.0,SPXW260831P06915000,0.55,0.65,0.6000000000000001,0.8,-0.7,-46.6667,1.0,55.0,0.2525,-0.006,0.0,0.2351,-0.2327,-0.0099,0.5949,0.8,0.8,0.8,1.5,down,2026-08-21T13:31:51,0.0,0.0
SPXW,2026-08-31,10,Call,6920.0,SPXW260831C06920000,750.5,770.9,760.7,603.8,0.0,0.0,0.0,14.0,0.2442,0.9938,0.0,0.2382,-0.2347,1.5043,757.5519,0.0,0.0,0.0,738.350006103516,down,2026-07-17T15:18:12,0.0,0.0
SPXW,2026-08-31,10,Put,6920.0,SPXW260831P06920000,0.55,0.65,0.6000000000000001,1.35,0.0,0.0,0.0,120.0,0.2533,-0.0061,0.0,0.2382,-0.2347,-0.01,0.6017,0.0,0.0,0.0,1.5,down,2026-08-20T13:35:02,0.0,0.0
SPXW,2026-08-31,10,Call,6925.0,SPXW260831C06925000,745.5,765.9,755.7,611.38,0.0,0.0,0.0,32.0,0.2479,0.9937,0.0,0.2413,-0.2368,1.5053,752.5636,0.0,0.0,0.0,733.699981689453,down,2026-07-21T10:08:22,0.0,0.0
SPXW,2026-08-31,10,Put,6925.0,SPXW260831P06925000,0.55,0.65,0.6000000000000001,0.6,-0.95,-61.2903,58.0,1076.0,0.2517,-0.0062,0.0,0.2414,-0.2368,-0.0102,0.6086,0.85,0.85,0.6,1.55000001192093,no_change,2026-08-21T15:58:02,0.0,0.0
SPXW,2026-08-31,10,Call,6930.0,SPXW260831C06930000,736.9,758.9,747.9,0.0,0.0,0.0,0.0,1.0,0.2461,0.9936,0.0001,0.2445,-0.2389,1.5062,747.5753,0.0,0.0,0.0,728.350006103516,no_change,,0.0,0.0
SPXW,2026-08-31,10,Put,6930.0,SPXW260831P06930000,0.55,0.65,0.6000000000000001,4.1,0.0,0.0,0.0,88.0,0.2502,-0.0063,0.0001,0.2446,-0.2389,-0.0103,0.6156,0.0,0.0,0.0,1.55000001192093,down,2026-08-07T15:34:00,0.0,0.0
SPXW,2026-08-31,10,Call,6935.0,SPXW260831C06935000,733.1,755.9,744.5,0.0,0.0,0.0,0.0,0.0,0.2443,0.9935,0.0001,0.2478,-0.241,1.5072,742.5872,0.0,0.0,0.0,723.449981689453,no_change,,0.0,0.0
SPXW,2026-08-31,10,Put,6935.0,SPXW260831P06935000,0.55,0.65,0.6000000000000001,1.86,0.0,0.0,0.0,549.0,0.2486,-0.0064,0.0001,0.2478,-0.2411,-0.0105,0.6227,0.0,0.0,0.0,1.57499998807907,down,2026-08-14T10:23:53,0.0,0.0
SPXW,2026-08-31,10,Call,6940.0,SPXW260831C06940000,727.5,750.9,739.2,638.2,0.0,0.0,0.0,37.0,0.2425,0.9934,0.0001,0.2511,-0.2432,1.5081,737.5992,0.0,0.0,0.0,718.800018310547,down,2026-07-13T15:37:47,0.0,0.0
SPXW,2026-08-31,10,Put,6940.0,SPXW260831P06940000,0.55,0.65,0.6000000000000001,1.2,0.0,0.0,0.0,208.0,0.247,-0.0065,0.0001,0.2512,-0.2433,-0.0106,0.6299,0.0,0.0,0.0,1.59999996423721,no_change,2026-08-19T15:42:33,0.0,0.0
SPXW,2026-08-31,10,Call,6945.0,SPXW260831C06945000,722.0,744.2,733.1,0.0,0.0,0.0,0.0,0.0,0.2407,0.9933,0.0001,0.2545,-0.2454,1.509,732.6114,0.0,0.0,0.0,713.550018310547,no_change,,0.0,0.0
SPXW,2026-08-31,10,Put,6945.0,SPXW260831P06945000,0.55,0.7,0.625,1.89,0.0,0.0,0.0,185.0,0.2454,-0.0066,0.0001,0.2545,-0.2454,-0.0108,0.6372,0.0,0.0,0.0,1.625,down,2026-08-18T14:20:14,0.0,0.0
SPXW,2026-08-31,10,Call,6950.0,SPXW260831C06950000,717.0,739.2,728.1,721.6,13.15,1.85616,3.0,114.0,0.2389,0.9932,0.0001,0.258,-0.2477,1.51,727.6238,726.1,726.1,721.6,708.450012207031,down,2026-08-21T10:01:38,0.0,0.0
SPXW,2026-08-31,10,Put,6950.0,SPXW260831P06950000,0.6,0.7,0.6499999999999999,0.77,-0.88,-53.3333,8.0,1115.0,0.246,-0.0067,0.0001,0.258,-0.2477,-0.011,0.6449,0.95,0.96,0.77,1.65000003576279,down,2026-08-21T15:35:11,0.0,0.0
SPXW,2026-08-31,10,Call,6955.0,SPXW260831C06955000,716.4,735.9,726.15,0.0,0.0,0.0,0.0,0.0,0.2371,0.9931,0.0001,0.2615,-0.25,1.5109,722.6363,0.0,0.0,0.0,703.5,no_change,,0.0,0.0
SPXW,2026-08-31,10,Put,6955.0,SPXW260831P06955000,0.6,0.7,0.6499999999999999,0.67,-1.005,-60.0,1.0,263.0,0.2445,-0.0068,0.0001,0.2616,-0.25,-0.0111,0.6526,0.67,0.67,0.67,1.67500001192093,down,2026-08-21T15:58:14,0.0,0.0
SPXW,2026-08-31,10,Call,6960.0,SPXW260831C06960000,711.9,731.0,721.45,677.4,0.0,0.0,0.0,32.0,0.2354,0.993,0.0001,0.2652,-0.2524,1.5118,717.649,0.0,0.0,0.0,698.549987792969,down,2026-07-10T15:33:50,0.0,0.0
SPXW,2026-08-31,10,Put,6960.0,SPXW260831P06960000,0.6,0.7,0.6499999999999999,1.15,0.0,0.0,0.0,201.0,0.2429,-0.0069,0.0001,0.2652,-0.2524,-0.0113,0.6605,0.0,0.0,0.0,1.69999998807907,no_change,2026-08-19T15:58:51,0.0,0.0
SPXW,2026-08-31,10,Call,6965.0,SPXW260831C06965000,702.4,726.0,714.2,0.0,0.0,0.0,0.0,0.0,0.2384,0.9929,0.0001,0.2689,-0.2547,1.5127,712.6618,0.0,0.0,0.0,693.950012207031,no_change,,0.0,0.0
SPXW,2026-08-31,10,Put,6965.0,SPXW260831P06965000,0.6,0.7,0.6499999999999999,2.25,0.0,0.0,0.0,121.0,0.2413,-0.007,0.0001,0.2689,-0.2548,-0.0115,0.6686,0.0,0.0,0.0,1.72499996423721,no_change,2026-08-13T15:22:30,0.0,0.0
SPXW,2026-08-31,10,Call,6970.0,SPXW260831C06970000,697.0,719.2,708.1,637.95,0.0,0.0,0.0,16.0,0.2366,0.9928,0.0001,0.2727,-0.2572,1.5136,707.6748,0.0,0.0,0.0,688.649993896484,up,2026-08-03T12:13:58,0.0,0.0
SPXW,2026-08-31,10,Put,6970.0,SPXW260831P06970000,0.6,0.7,0.6499999999999999,2.09,0.0,0.0,0.0,55.0,0.2397,-0.0071,0.0001,0.2727,-0.2572,-0.0116,0.6769,0.0,0.0,0.0,1.75,no_change,2026-08-13T10:09:44,0.0,0.0
SPXW,2026-08-31,10,Call,6975.0,SPXW260831C06975000,695.3,716.0,705.65,593.35,0.0,0.0,0.0,22.0,0.2348,0.9927,0.0001,0.2766,-0.2597,1.5146,702.688,0.0,0.0,0.0,684.200012207031,down,2026-07-21T12:24:23,0.0,0.0
SPXW,2026-08-31,10,Put,6975.0,SPXW260831P06975000,0.65,0.75,0.7,0.7,-1.075,-60.5634,5.0,631.0,0.2392,-0.0072,0.0001,0.2766,-0.2597,-0.0118,0.6853,0.7,0.7,0.7,1.77500003576279,down,2026-08-21T15:49:47,0.0,0.0
SPXW,2026-08-31,10,Call,6980.0,SPXW260831C06980000,690.7,711.0,700.85,541.15,0.0,0.0,0.0,33.0,0.233,0.9926,0.0001,0.2806,-0.2622,1.5154,697.7014,0.0,0.0,0.0,678.649993896484,no_change,2026-06-11T14:26:23,0.0,0.0
SPXW,2026-08-31,10,Put,6980.0,SPXW260831P06980000,0.65,0.75,0.7,1.2,0.0,0.0,0.0,110.0,0.2386,-0.0073,0.0001,0.2806,-0.2622,-0.012,0.6939,0.0,0.0,0.0,1.80000001192093,down,2026-08-19T15:58:47,0.0,0.0
SPXW,2026-08-31,10,Call,6985.0,SPXW260831C06985000,682.1,705.0,693.55,0.0,0.0,0.0,0.0,0.0,0.2312,0.9924,0.0001,0.2846,-0.2648,1.5164,692.715,0.0,0.0,0.0,673.899993896484,no_change,,0.0,0.0
SPXW,2026-08-31,10,Put,6985.0,SPXW260831P06985000,0.65,0.75,0.7,1.25,0.0,0.0,0.0,143.0,0.237,-0.0074,0.0001,0.2847,-0.2648,-0.0122,0.7027,0.0,0.0,0.0,1.84999996423721,no_change,2026-08-19T15:58:55,0.0,0.0
SPXW,2026-08-31,10,Call,6990.0,SPXW260831C06990000,677.5,701.0,689.25,619.8,0.0,0.0,0.0,121.0,0.2295,0.9923,0.0001,0.2888,-0.2674,1.5172,687.7288,0.0,0.0,0.0,669.149993896484,down,2026-07-09T15:40:12,0.0,0.0
SPXW,2026-08-31,10,Put,6990.0,SPXW260831P06990000,0.65,0.75,0.7,2.42,0.0,0.0,0.0,198.0,0.2354,-0.0076,0.0001,0.2888,-0.2674,-0.0124,0.7118,0.0,0.0,0.0,1.875,up,2026-08-18T11:18:41,0.0,0.0
SPXW,2026-08-31,10,Call,6995.0,SPXW260831C06995000,676.5,696.1,686.3,0.0,0.0,0.0,0.0,0.0,0.2277,0.9922,0.0001,0.2931,-0.2701,1.5181,682.7428,0.0,0.0,0.0,663.850006103516,no_change,,0.0,0.0
SPXW,2026-08-31,10,Put,6995.0,SPXW260831P06995000,0.65,0.75,0.7,0.7,-1.2,-63.1579,1.0,72.0,0.2338,-0.0077,0.0001,0.2931,-0.2701,-0.0126,0.721,0.7,0.7,0.7,1.90000003576279,down,2026-08-21T16:14:11,0.0,0.0
SPXW,2026-08-31,10,Call,7000.0,SPXW260831C07000000,672.6,685.6,679.1,762.23,0.0,0.0,0.0,630.0,0.2392,0.9921,0.0001,0.2974,-0.2728,1.519,677.7571,0.0,0.0,0.0,658.799987792969,down,2026-08-12T15:45:15,0.0,0.0
SPXW,2026-08-31,10,Put,7000.0,SPXW260831P07000000,0.65,0.8,0.7250000000000001,0.72,-1.205,-62.5974,180.0,7975.0,0.2332,-0.0078,0.0001,0.2975,-0.2728,-0.0128,0.7305,1.1,1.1,0.72,1.92500001192093,down,2026-08-21T16:14:11,0.0,0.0
SPXW,2026-08-31,10,Call,7005.0,SPXW260831C07005000,662.1,685.0,673.55,526.94,0.0,0.0,0.0,1.0,0.2284,0.9919,0.0001,0.3019,-0.2756,1.5199,672.7716,0.0,0.0,0.0,654.25,down,2026-06-25T10:51:45,0.0,0.0
SPXW,2026-08-31,10,Put,7005.0,SPXW260831P07005000,0.7,0.8,0.75,2.3,0.0,0.0,0.0,254.0,0.2316,-0.0079,0.0001,0.3019,-0.2756,-0.013,0.74,0.0,0.0,0.0,1.94999998807907,no_change,2026-08-18T15:46:24,0.0,0.0
SPXW,2026-08-31,10,Call,7010.0,SPXW260831C07010000,661.5,681.1,671.3,534.65,0.0,0.0,0.0,53.0,0.2266,0.9918,0.0001,0.3065,-0.2784,1.5208,667.7863,0.0,0.0,0.0,649.649993896484,up,2026-06-29T14:21:34,0.0,0.0
SPXW,2026-08-31,10,Put,7010.0,SPXW260831P07010000,0.7,0.8,0.75,0.9,-1.1,-55.0,3.0,206.0,0.2309,-0.0081,0.0001,0.3065,-0.2785,-0.0132,0.7501,0.9,0.9,0.9,2.0,down,2026-08-21T15:19:01,0.0,0.0
SPXW,2026-08-31,10,Call,7015.0,SPXW260831C07015000,655.5,676.1,665.8,460.95,0.0,0.0,0.0,1.0,0.2249,0.9917,0.0001,0.3112,-0.2814,1.5216,662.8012,0.0,0.0,0.0,645.5,down,2026-07-23T15:55:24,0.0,0.0
SPXW,2026-08-31,10,Put,7015.0,SPXW260831P07015000,0.7,0.8,0.75,2.4,0.0,0.0,0.0,119.0,0.2293,-0.0082,0.0001,0.3112,-0.2814,-0.0135,0.7603,0.0,0.0,0.0,2.02499997615814,up,2026-08-18T10:15:40,0.0,0.0
SPXW,2026-08-31,10,Call,7020.0,SPXW260831C07020000,651.9,671.1,661.5,0.0,0.0,0.0,0.0,0.0,0.2231,0.9915,0.0001,0.316,-0.2843,1.5225,657.8165,0.0,0.0,0.0,639.050018310547,no_change,,0.0,0.0
SPXW,2026-08-31,10,Put,7020.0,SPXW260831P07020000,0.7,0.85,0.7749999999999999,1.9,0.0,0.0,0.0,138.0,0.2277,-0.0084,0.0001,0.316,-0.2844,-0.0137,0.7707,0.0,0.0,0.0,2.04999995231628,up,2026-08-20T13:41:57,0.0,0.0
SPXW,2026-08-31,10,Call,7025.0,SPXW260831C07025000,646.6,666.1,656.35,450.57,0.0,0.0,0.0,44.0,0.2213,0.9914,0.0001,0.3209,-0.2874,1.5234,652.832,0.0,0.0,0.0,634.199981689453,down,2026-07-23T15:36:03,0.0,0.0
SPXW,2026-08-31,10,Put,7025.0,SPXW260831P07025000,0.75,0.85,0.8,1.88,0.0,0.0,0.0,323.0,0.227,-0.0085,0.0001,0.3209,-0.2874,-0.014,0.7813,0.0,0.0,0.0,2.10000002384186,down,2026-08-20T13:30:06,0.0,0.0
SPXW,2026-08-31,10,Call,7030.0,SPXW260831C07030000,637.2,661.1,649.1500000000001,611.65,0.0,0.0,0.0,3.0,0.2196,0.9912,0.0001,0.3259,-0.2905,1.5242,647.8478,0.0,0.0,0.0,629.049987792969,up,2026-07-15T09:36:54,0.0,0.0
SPXW,2026-08-31,10,Put,7030.0,SPXW260831P07030000,0.75,0.85,0.8,2.45,0.0,0.0,0.0,235.0,0.2262,-0.0086,0.0001,0.3259,-0.2905,-0.0142,0.7925,0.0,0.0,0.0,2.125,up,2026-08-18T15:45:09,0.0,0.0
SPXW,2026-08-31,10,Call,7035.0,SPXW260831C07035000,633.2,656.2,644.7,0.0,0.0,0.0,0.0,0.0,0.2216,0.9911,0.0001,0.331,-0.2937,1.525,642.8639,0.0,0.0,0.0,624.25,no_change,,0.0,0.0
SPXW,2026-08-31,10,Put,7035.0,SPXW260831P07035000,0.75,0.85,0.8,2.45,0.0,0.0,0.0,272.0,0.2246,-0.0088,0.0001,0.331,-0.2937,-0.0145,0.8038,0.0,0.0,0.0,2.14999997615814,no_change,2026-08-13T10:32:22,0.0,0.0
SPXW,2026-08-31,10,Call,7040.0,SPXW260831C07040000,631.6,651.2,641.4000000000001,649.66,0.0,0.0,0.0,7.0,0.2198,0.9909,0.0001,0.3362,-0.2969,1.5259,637.8803,0.0,0.0,0.0,619.299987792969,up,2026-08-20T12:54:41,0.0,0.0
SPXW,2026-08-31,10,Put,7040.0,SPXW260831P07040000,0.75,0.85,0.8,1.25,-0.95,-43.1818,2.0,219.0,0.223,-0.009,0.0001,0.3363,-0.297,-0.0147,0.8154,1.25,1.25,1.25,2.20000004768372,no_change,2026-08-21T10:44:22,0.0,0.0
SPXW,2026-08-31,10,Call,7045.0,SPXW260831C07045000,626.5,646.2,636.35,0.0,0.0,0.0,0.0,0.0,0.2181,0.9908,0.0001,0.3416,-0.3003,1.5267,632.897,0.0,0.0,0.0,614.299987792969,no_change,,0.0,0.0
SPXW,2026-08-31,10,Put,7045.0,SPXW260831P07045000,0.75,0.9,0.825,1.28,-0.945,-42.4719,4.0,149.0,0.2222,-0.0091,0.0001,0.3416,-0.3002,-0.015,0.8272,1.25,1.28,1.25,2.22500002384186,up,2026-08-21T09:39:56,0.0,0.0
SPXW,2026-08-31,10,Call,7050.0,SPXW260831C07050000,617.3,639.5,628.4,625.24,15.99,2.62454,1.0,57.0,0.2163,0.9906,0.0001,0.3471,-0.3037,1.5275,627.9141,625.24,625.24,625.24,609.25,up,2026-08-21T09:48:10,0.0,0.0
SPXW,2026-08-31,10,Put,7050.0,SPXW260831P07050000,0.8,0.9,0.8500000000000001,0.9,-1.375,-60.4396,13.0,980.0,0.2214,-0.0093,0.0001,0.3472,-0.3037,-0.0153,0.8397,1.24,1.24,0.9,2.27499997615814,no_change,2026-08-21T15:52:56,0.0,0.0
SPXW,2026-08-31,10,Call,7055.0,SPXW260831C07055000,612.3,636.2,624.25,0.0,0.0,0.0,0.0,0.0,0.2146,0.9904,0.0001,0.3527,-0.3072,1.5283,622.9315,0.0,0.0,0.0,604.399993896484,no_change,,0.0,0.0
SPXW,2026-08-31,10,Put,7055.0,SPXW260831P07055000,0.8,0.9,0.8500000000000001,0.9,-1.4,-60.8696,1.0,54.0,0.2198,-0.0095,0.0001,0.3528,-0.3072,-0.0156,0.8524,0.9,0.9,0.9,2.29999995231628,down,2026-08-21T15:46:02,0.0,0.0
SPXW,2026-08-31,10,Call,7060.0,SPXW260831C07060000,607.3,630.2,618.75,595.6,0.0,0.0,0.0,18.0,0.2162,0.9902,0.0001,0.3585,-0.3108,1.5291,617.9493,0.0,0.0,0.0,599.75,up,2026-06-17T10:24:22,0.0,0.0
SPXW,2026-08-31,10,Put,7060.0,SPXW260831P07060000,0.8,0.95,0.875,1.55,0.0,0.0,0.0,96.0,0.2181,-0.0096,0.0001,0.3585,-0.3108,-0.0159,0.8654,0.0,0.0,0.0,2.35000002384186,down,2026-08-19T15:58:41,0.0,0.0
SPXW,2026-08-31,10,Call,7065.0,SPXW260831C07065000,602.3,626.3,614.3,0.0,0.0,0.0,0.0,0.0,0.2145,0.9901,0.0001,0.3644,-0.3144,1.5299,612.9675,0.0,0.0,0.0,594.399993896484,no_change,,0.0,0.0
SPXW,2026-08-31,10,Put,7065.0,SPXW260831P07065000,0.8,0.95,0.875,1.35,-1.05,-43.75,1.0,93.0,0.2173,-0.0098,0.0001,0.3644,-0.3144,-0.0162,0.8786,1.35,1.35,1.35,2.39999997615814,down,2026-08-21T09:51:40,0.0,0.0
SPXW,2026-08-31,10,Call,7070.0,SPXW260831C07070000,597.3,621.3,609.3,430.4,0.0,0.0,0.0,3.0,0.2127,0.9899,0.0001,0.3704,-0.3182,1.5307,607.9861,0.0,0.0,0.0,590.649993896484,up,2026-05-01T13:43:16,0.0,0.0
SPXW,2026-08-31,10,Put,7070.0,SPXW260831P07070000,0.85,0.95,0.8999999999999999,2.32,0.0,0.0,0.0,149.0,0.2164,-0.01,0.0001,0.3705,-0.3182,-0.0165,0.8926,0.0,0.0,0.0,2.42499995231628,down,2026-08-17T16:14:49,0.0,0.0
SPXW,2026-08-31,10,Call,7075.0,SPXW260831C07075000,592.7,616.3,604.5,709.4,0.0,0.0,0.0,58.0,0.211,0.9897,0.0001,0.3766,-0.3221,1.5314,603.0051,0.0,0.0,0.0,584.650024414062,up,2026-08-17T10:07:25,0.0,0.0
SPXW,2026-08-31,10,Put,7075.0,SPXW260831P07075000,0.85,0.95,0.8999999999999999,1.1,-1.375,-55.5556,32.0,1852.0,0.2148,-0.0102,0.0001,0.3767,-0.3221,-0.0168,0.9069,1.17,1.17,1.1,2.47500002384186,down,2026-08-21T15:27:30,0.0,0.0
SPXW,2026-08-31,10,Call,7080.0,SPXW260831C07080000,587.4,610.3,598.8499999999999,415.8,0.0,0.0,0.0,5.0,0.2092,0.9895,0.0001,0.383,-0.3261,1.5322,598.0246,0.0,0.0,0.0,581.0,down,2026-06-26T09:57:25,0.0,0.0
SPXW,2026-08-31,10,Put,7080.0,SPXW260831P07080000,0.85,1.0,0.925,1.1,-1.425,-56.4356,3.0,88.0,0.2138,-0.0104,0.0001,0.3832,-0.3262,-0.0171,0.9219,1.4,1.4,1.1,2.52499997615814,down,2026-08-21T14:58:23,0.0,0.0
SPXW,2026-08-31,10,Call,7085.0,SPXW260831C07085000,583.6,606.4,595.0,0.0,0.0,0.0,0.0,0.0,0.2074,0.9893,0.0001,0.3896,-0.3302,1.533,593.0445,0.0,0.0,0.0,574.799987792969,no_change,,0.0,0.0
SPXW,2026-08-31,10,Put,7085.0,SPXW260831P07085000,0.9,1.0,0.95,2.15,0.0,0.0,0.0,54.0,0.213,-0.0106,0.0001,0.3896,-0.3302,-0.0175,0.9367,0.0,0.0,0.0,2.57500004768372,down,2026-08-20T12:43:14,0.0,0.0
SPXW,2026-08-31,10,Call,7090.0,SPXW260831C07090000,582.0,601.4,591.7,490.94,0.0,0.0,0.0,8.0,0.2088,0.9891,0.0001,0.3963,-0.3343,1.5337,588.0648,0.0,0.0,0.0,570.649993896484,up,2026-05-06T14:53:32,0.0,0.0
SPXW,2026-08-31,10,Put,7090.0,SPXW260831P07090000,0.9,1.0,0.95,1.5,-1.125,-42.8571,8.0,335.0,0.2113,-0.0108,0.0001,0.3965,-0.3345,-0.0178,0.9526,1.52,1.52,1.5,2.625,down,2026-08-21T10:38:29,0.0,0.0
SPXW,2026-08-31,10,Call,7095.0,SPXW260831C07095000,572.5,596.4,584.45,476.0,0.0,0.0,0.0,8.0,0.207,0.9888,0.0001,0.4032,-0.3386,1.5345,583.0857,0.0,0.0,0.0,564.75,up,2026-07-22T09:48:06,0.0,0.0
SPXW,2026-08-31,10,Put,7095.0,SPXW260831P07095000,0.9,1.05,0.9750000000000001,1.0,-1.675,-62.6168,20.0,138.0,0.2104,-0.011,0.0001,0.4033,-0.3387,-0.0182,0.9684,1.0,1.0,1.0,2.67499995231628,down,2026-08-21T15:36:20,0.0,0.0
SPXW,2026-08-31,10,Call,7100.0,SPXW260831C07100000,572.7,586.2,579.45,692.4,0.0,0.0,0.0,280.0,0.2133,0.9886,0.0001,0.4104,-0.3431,1.5352,578.1071,0.0,0.0,0.0,559.600006103516,down,2026-08-14T15:13:45,0.0,0.0
SPXW,2026-08-31,10,Put,7100.0,SPXW260831P07100000,0.95,1.05,1.0,0.95,-1.775,-65.1376,34.0,6241.0,0.2094,-0.0113,0.0001,0.4106,-0.3432,-0.0186,0.9854,1.52,1.58,0.95,2.72500002384186,down,2026-08-21T16:12:21,0.0,0.0
SPXW,2026-08-31,10,Call,7105.0,SPXW260831C07105000,563.6,586.4,575.0,0.0,0.0,0.0,0.0,0.0,0.2035,0.9884,0.0001,0.4177,-0.3476,1.5359,573.129,0.0,0.0,0.0,554.800018310547,no_change,,0.0,0.0
SPXW,2026-08-31,10,Put,7105.0,SPXW260831P07105000,0.95,1.05,1.0,1.34,-1.435,-51.7117,1.0,183.0,0.2078,-0.0115,0.0001,0.4176,-0.3475,-0.0189,1.0016,1.34,1.34,1.34,2.77499997615814,down,2026-08-21T13:11:45,0.0,0.0
SPXW,2026-08-31,10,Call,7110.0,SPXW260831C07110000,562.1,581.5,571.8,437.45,0.0,0.0,0.0,7.0,0.2046,0.9882,0.0001,0.4253,-0.3523,1.5366,568.1515,0.0,0.0,0.0,550.900024414062,no_change,2026-06-29T12:06:35,0.0,0.0
SPXW,2026-08-31,10,Put,7110.0,SPXW260831P07110000,0.95,1.1,1.025,1.12,-1.705,-60.354,21.0,318.0,0.2068,-0.0117,0.0001,0.4253,-0.3523,-0.0193,1.0196,1.6,1.6,1.12,2.82500004768372,down,2026-08-21T15:35:16,0.0,0.0
SPXW,2026-08-31,10,Call,7115.0,SPXW260831C07115000,555.9,576.5,566.2,400.0,0.0,0.0,0.0,4.0,0.2028,0.9879,0.0001,0.4331,-0.3571,1.5373,563.1746,0.0,0.0,0.0,545.100006103516,down,2026-06-09T13:14:22,0.0,0.0
SPXW,2026-08-31,10,Put,7115.0,SPXW260831P07115000,1.0,1.1,1.05,2.15,0.0,0.0,0.0,367.0,0.2057,-0.012,0.0001,0.4332,-0.3571,-0.0197,1.0381,0.0,0.0,0.0,2.875,down,2026-08-17T09:30:14,0.0,0.0
SPXW,2026-08-31,10,Call,7120.0,SPXW260831C07120000,547.6,571.5,559.55,667.72,0.0,0.0,0.0,17.0,0.201,0.9876,0.0001,0.4412,-0.362,1.538,558.1982,0.0,0.0,0.0,540.950012207031,up,2026-08-05T10:40:26,0.0,0.0
SPXW,2026-08-31,10,Put,7120.0,SPXW260831P07120000,1.0,1.1,1.05,1.4,-1.525,-52.1368,1.0,213.0,0.2041,-0.0122,0.0001,0.4412,-0.362,-0.0202,1.057,1.4,1.4,1.4,2.92499995231628,down,2026-08-21T11:19:01,0.0,0.0
SPXW,2026-08-31,10,Call,7125.0,SPXW260831C07125000,546.1,566.5,556.3,646.04,0.0,0.0,0.0,37.0,0.1993,0.9874,0.0001,0.4495,-0.3671,1.5386,553.2226,0.0,0.0,0.0,535.5,down,2026-08-10T15:23:37,0.0,0.0
SPXW,2026-08-31,10,Put,7125.0,SPXW260831P07125000,1.0,1.15,1.075,1.45,-1.575,-52.0661,200.0,2037.0,0.2037,-0.0125,0.0001,0.4495,-0.3671,-0.0206,1.0765,1.45,1.45,1.45,3.02499997615814,no_change,2026-08-21T13:46:54,0.0,0.0
SPXW,2026-08-31,10,Call,7130.0,SPXW260831C07130000,542.2,561.6,551.9000000000001,434.16,0.0,0.0,0.0,8.0,0.2001,0.9871,0.0001,0.458,-0.3723,1.5393,548.2475,0.0,0.0,0.0,530.299987792969,up,2026-06-10T09:45:59,0.0,0.0
SPXW,2026-08-31,10,Put,7130.0,SPXW260831P07130000,1.05,1.15,1.1,1.31,-1.74,-57.0492,2.0,68.0,0.202,-0.0128,0.0001,0.4581,-0.3723,-0.021,1.0967,1.69,1.69,1.31,3.04999995231628,down,2026-08-21T14:58:23,0.0,0.0
SPXW,2026-08-31,10,Call,7135.0,SPXW260831C07135000,533.8,556.6,545.2,626.57,0.0,0.0,0.0,15.0,0.1984,0.9868,0.0001,0.4668,-0.3777,1.5399,543.2732,0.0,0.0,0.0,526.0,up,2026-08-12T12:23:16,0.0,0.0
SPXW,2026-08-31,10,Put,7135.0,SPXW260831P07135000,1.05,1.2,1.125,2.28,0.0,0.0,0.0,93.0,0.2009,-0.0131,0.0001,0.4671,-0.3778,-0.0215,1.1182,0.0,0.0,0.0,3.10000002384186,up,2026-08-19T12:43:34,0.0,0.0
SPXW,2026-08-31,10,Call,7140.0,SPXW260831C07140000,532.4,551.6,542.0,655.72,0.0,0.0,0.0,18.0,0.1966,0.9865,0.0001,0.4759,-0.3832,1.5405,538.2997,0.0,0.0,0.0,520.399993896484,up,2026-08-13T11:33:56,0.0,0.0
SPXW,2026-08-31,10,Put,7140.0,SPXW260831P07140000,1.1,1.2,1.15,1.85,-1.35,-42.1875,1.0,337.0,0.1998,-0.0134,0.0001,0.476,-0.3832,-0.022,1.1393,1.85,1.85,1.85,3.19999992847443,down,2026-08-21T09:52:39,0.0,0.0
SPXW,2026-08-31,10,Call,7145.0,SPXW260831C07145000,523.8,546.6,535.2,343.5,0.0,0.0,0.0,7.0,0.1948,0.9862,0.0001,0.4853,-0.3889,1.5411,533.3269,0.0,0.0,0.0,515.5,down,2026-06-09T12:40:51,0.0,0.0
SPXW,2026-08-31,10,Put,7145.0,SPXW260831P07145000,1.1,1.25,1.175,1.2,-2.0,-62.5,247.0,2028.0,0.1988,-0.0136,0.0001,0.4853,-0.3889,-0.0225,1.1618,1.8,1.85,1.2,3.19999992847443,down,2026-08-21T15:36:20,0.0,0.0
SPXW,2026-08-31,10,Call,7150.0,SPXW260831C07150000,523.0,536.4,529.7,621.0,0.0,0.0,0.0,1023.0,0.1988,0.9859,0.0001,0.4949,-0.3948,1.5416,528.3549,0.0,0.0,0.0,510.25,up,2026-08-04T14:14:31,0.0,0.0
SPXW,2026-08-31,10,Put,7150.0,SPXW260831P07150000,1.15,1.25,1.2,1.15,-2.15,-65.1515,18.0,5138.0,0.1976,-0.014,0.0001,0.4949,-0.3948,-0.023,1.185,1.83,1.85,1.15,3.30000007152557,down,2026-08-21T15:45:15,0.0,0.0
SPXW,2026-08-31,10,Call,7155.0,SPXW260831C07155000,512.7,536.7,524.7,638.58,0.0,0.0,0.0,3.0,0.1937,0.9856,0.0001,0.5048,-0.4008,1.5422,523.3838,0.0,0.0,0.0,505.599990844727,up,2026-08-13T09:45:26,0.0,0.0
SPXW,2026-08-31,10,Put,7155.0,SPXW260831P07155000,1.15,1.25,1.2,1.52,-1.88,-55.2941,16.0,155.0,0.1965,-0.0143,0.0001,0.5048,-0.4008,-0.0236,1.2091,1.85,1.85,1.52,3.39999997615814,no_change,2026-08-21T11:46:56,0.0,0.0
SPXW,2026-08-31,10,Call,7160.0,SPXW260831C07160000,512.7,531.7,522.2,364.28,0.0,0.0,0.0,22.0,0.1919,0.9852,0.0001,0.5149,-0.4071,1.5427,518.4136,0.0,0.0,0.0,500.550003051758,no_change,2026-06-26T14:29:56,0.0,0.0
SPXW,2026-08-31,10,Put,7160.0,SPXW260831P07160000,1.2,1.3,1.25,1.57,-1.88,-54.4928,6.0,276.0,0.1954,-0.0146,0.0001,0.515,-0.4071,-0.0241,1.2341,1.93,2.0,1.57,3.45000004768372,no_change,2026-08-21T11:46:56,0.0,0.0
SPXW,2026-08-31,10,Call,7165.0,SPXW260831C07165000,503.2,526.8,515.0,628.73,0.0,0.0,0.0,7.0,0.1924,0.9849,0.0001,0.5254,-0.4135,1.5432,513.4443,0.0,0.0,0.0,496.449996948242,up,2026-08-13T09:45:26,0.0,0.0
SPXW,2026-08-31,10,Put,7165.0,SPXW260831P07165000,1.2,1.3,1.25,2.0,-1.5,-42.8571,3.0,116.0,0.1942,-0.015,0.0001,0.5254,-0.4135,-0.0247,1.2601,1.98,2.0,1.98,3.5,up,2026-08-21T09:51:40,0.0,0.0
SPXW,2026-08-31,10,Call,7170.0,SPXW260831C07170000,497.8,521.7,509.75,403.1,0.0,0.0,0.0,29.0,0.1906,0.9845,0.0002,0.5361,-0.4201,1.5437,508.476,0.0,0.0,0.0,491.950012207031,up,2026-06-23T13:35:53,0.0,0.0
SPXW,2026-08-31,10,Put,7170.0,SPXW260831P07170000,1.25,1.35,1.3,2.02,-2.33,-64.7222,4.0,172.0,0.193,-0.0153,0.0002,0.5362,-0.4202,-0.0253,1.287,2.03,2.05,2.02,3.60000002384186,down,2026-08-21T10:01:01,0.0,0.0
SPXW,2026-08-31,10,Call,7175.0,SPXW260831C07175000,492.9,515.2,504.05,402.68,0.0,0.0,0.0,159.0,0.1888,0.9842,0.0002,0.5472,-0.427,1.5442,503.5088,0.0,0.0,0.0,485.850006103516,up,2026-07-17T10:01:20,0.0,0.0
SPXW,2026-08-31,10,Put,7175.0,SPXW260831P07175000,1.25,1.4,1.325,1.25,-2.45,-66.2162,2.0,2218.0,0.1918,-0.0157,0.0002,0.5473,-0.427,-0.026,1.315,1.7,1.7,1.25,3.69999992847443,down,2026-08-21T15:45:08,0.0,0.0
SPXW,2026-08-31,10,Call,7180.0,SPXW260831C07180000,491.2,511.9,501.54999999999995,406.2,0.0,0.0,0.0,25.0,0.187,0.9838,0.0002,0.5586,-0.434,1.5446,498.5426,0.0,0.0,0.0,481.0,down,2026-07-21T15:43:27,0.0,0.0
SPXW,2026-08-31,10,Put,7180.0,SPXW260831P07180000,1.3,1.4,1.35,1.65,-2.1,-56.0,1.0,203.0,0.1906,-0.0161,0.0002,0.5587,-0.4341,-0.0266,1.3441,1.65,1.65,1.65,3.75,down,2026-08-21T11:42:58,0.0,0.0
SPXW,2026-08-31,10,Call,7185.0,SPXW260831C07185000,483.3,506.9,495.1,0.0,0.0,0.0,0.0,0.0,0.1873,0.9834,0.0002,0.5704,-0.4413,1.545,493.5776,0.0,0.0,0.0,476.75,no_change,,0.0,0.0
SPXW,2026-08-31,10,Put,7185.0,SPXW260831P07185000,1.3,1.45,1.375,2.2,-1.6,-42.1053,1.0,162.0,0.1894,-0.0165,0.0002,0.5705,-0.4414,-0.0273,1.3743,2.2,2.2,2.2,3.80000007152557,down,2026-08-21T10:20:24,0.0,0.0
SPXW,2026-08-31,10,Call,7190.0,SPXW260831C07190000,478.0,501.9,489.95,570.39,0.0,0.0,0.0,4.0,0.1855,0.983,0.0002,0.5826,-0.4489,1.5454,488.6137,0.0,0.0,0.0,471.75,up,2026-08-17T15:38:10,0.0,0.0
SPXW,2026-08-31,10,Put,7190.0,SPXW260831P07190000,1.35,1.45,1.4,1.5,-2.4,-61.5385,4.0,102.0,0.1882,-0.0169,0.0002,0.5826,-0.4489,-0.028,1.4056,2.16,2.2,1.5,3.89999997615814,down,2026-08-21T15:35:21,0.0,0.0
SPXW,2026-08-31,10,Call,7195.0,SPXW260831C07195000,473.6,497.0,485.3,474.93,8.03,1.71986,3.0,10.0,0.1857,0.9825,0.0002,0.5951,-0.4566,1.5458,483.6511,474.93,474.93,474.93,466.899993896484,up,2026-08-21T10:38:11,0.0,0.0
SPXW,2026-08-31,10,Put,7195.0,SPXW260831P07195000,1.35,1.5,1.425,1.45,-2.55,-63.75,6.0,201.0,0.1869,-0.0174,0.0002,0.5951,-0.4566,-0.0287,1.438,2.31,2.31,1.45,4.0,down,2026-08-21T16:01:48,0.0,0.0
SPXW,2026-08-31,10,Call,7200.0,SPXW260831C07200000,472.7,492.0,482.35,470.13,8.78,1.90311,4.0,191.0,0.1839,0.9821,0.0002,0.6081,-0.4646,1.5462,478.6898,474.53,474.53,470.13,461.350006103516,down,2026-08-21T10:38:11,0.0,0.0
SPXW,2026-08-31,10,Put,7200.0,SPXW260831P07200000,1.4,1.55,1.475,1.45,-2.63,-64.1463,51.0,15724.0,0.1862,-0.0178,0.0002,0.6078,-0.4644,-0.0294,1.4711,2.26,2.45,1.45,4.09999990463257,down,2026-08-21T15:50:57,0.0,0.0
SPXW,2026-08-31,10,Call,7205.0,SPXW260831C07205000,464.3,487.1,475.70000000000005,484.57,27.52,6.02122,2.0,7.0,0.1821,0.9816,0.0002,0.6216,-0.4729,1.5465,473.7298,484.57,484.57,484.57,457.050003051758,no_change,2026-08-21T12:39:51,0.0,0.0
SPXW,2026-08-31,10,Put,7205.0,SPXW260831P07205000,1.45,1.55,1.5,1.8,-2.4,-57.1429,3.0,126.0,0.1849,-0.0183,0.0002,0.6213,-0.4727,-0.0302,1.5063,1.8,1.8,1.8,4.20000004768372,down,2026-08-21T15:02:33,0.0,0.0
SPXW,2026-08-31,10,Call,7210.0,SPXW260831C07210000,462.8,482.1,472.45000000000005,464.63,12.78,2.82837,1.0,12.0,0.1822,0.9811,0.0002,0.6355,-0.4815,1.5468,468.7712,464.63,464.63,464.63,451.849990844727,down,2026-08-21T10:16:24,0.0,0.0
SPXW,2026-08-31,10,Put,7210.0,SPXW260831P07210000,1.45,1.6,1.525,1.66,-2.64,-61.3953,5.0,340.0,0.1836,-0.0188,0.0002,0.6355,-0.4815,-0.031,1.5438,1.85,1.85,1.66,4.29999995231628,down,2026-08-21T15:35:16,0.0,0.0
SPXW,2026-08-31,10,Call,7215.0,SPXW260831C07215000,453.2,475.0,464.1,581.48,0.0,0.0,0.0,8.0,0.1804,0.9806,0.0002,0.65,-0.4903,1.547,463.8141,0.0,0.0,0.0,447.100006103516,up,2026-08-05T10:35:26,0.0,0.0
SPXW,2026-08-31,10,Put,7215.0,SPXW260831P07215000,1.5,1.65,1.575,1.8,-2.6,-59.0909,4.0,81.0,0.1827,-0.0193,0.0002,0.6496,-0.4901,-0.0318,1.581,2.01,2.01,1.8,4.40000009536743,down,2026-08-21T15:25:34,0.0,0.0
SPXW,2026-08-31,10,Call,7220.0,SPXW260831C07220000,449.0,470.9,459.95,326.6,0.0,0.0,0.0,30.0,0.1803,0.9801,0.0002,0.6649,-0.4994,1.5472,458.8586,0.0,0.0,0.0,442.199996948242,down,2026-06-25T13:59:49,0.0,0.0
SPXW,2026-08-31,10,Put,7220.0,SPXW260831P07220000,1.55,1.65,1.6,1.65,-2.85,-63.3333,19.0,95.0,0.1818,-0.0198,0.0002,0.6645,-0.4992,-0.0327,1.6207,2.0,2.1,1.6,4.5,up,2026-08-21T16:13:01,0.0,0.0
SPXW,2026-08-31,10,Call,7225.0,SPXW260831C07225000,443.8,465.6,454.70000000000005,520.81,0.0,0.0,0.0,105.0,0.1785,0.9795,0.0002,0.6803,-0.5088,1.5474,453.9046,0.0,0.0,0.0,436.75,up,2026-08-19T11:17:17,0.0,0.0
SPXW,2026-08-31,10,Put,7225.0,SPXW260831P07225000,1.6,1.7,1.65,1.65,-2.95,-64.1304,1031.0,550.0,0.1805,-0.0203,0.0002,0.6799,-0.5086,-0.0336,1.6619,2.45,2.45,1.65,4.59999990463257,no_change,2026-08-21T15:38:26,0.0,0.0
SPXW,2026-08-31,10,Call,7230.0,SPXW260831C07230000,438.9,460.5,449.7,276.17,0.0,0.0,0.0,39.0,0.1767,0.979,0.0002,0.6963,-0.5185,1.5476,448.9524,0.0,0.0,0.0,432.550003051758,up,2026-07-31T11:33:59,0.0,0.0
SPXW,2026-08-31,10,Put,7230.0,SPXW260831P07230000,1.65,1.75,1.7,2.0,-2.7,-57.4468,41.0,669.0,0.1795,-0.0209,0.0002,0.6959,-0.5182,-0.0346,1.7048,2.19,2.19,2.0,4.70000004768372,down,2026-08-21T14:55:03,0.0,0.0
SPXW,2026-08-31,10,Call,7235.0,SPXW260831C07235000,433.9,456.8,445.35,440.03,11.98,2.79874,1.0,37.0,0.1765,0.9784,0.0002,0.7127,-0.5285,1.5477,444.002,440.03,440.03,440.03,428.050003051758,up,2026-08-21T09:52:06,0.0,0.0
SPXW,2026-08-31,10,Put,7235.0,SPXW260831P07235000,1.65,1.8,1.725,2.15,-2.65,-55.2083,3.0,68.0,0.1781,-0.0215,0.0002,0.7127,-0.5285,-0.0356,1.7506,2.15,2.2,2.15,4.79999995231628,down,2026-08-21T14:46:13,0.0,0.0
SPXW,2026-08-31,10,Call,7240.0,SPXW260831C07240000,429.0,451.9,440.45,521.17,0.0,0.0,0.0,27.0,0.1747,0.9778,0.0002,0.7297,-0.5389,1.5478,439.0534,0.0,0.0,0.0,422.699996948242,up,2026-08-17T15:38:10,0.0,0.0
SPXW,2026-08-31,10,Put,7240.0,SPXW260831P07240000,1.7,1.85,1.775,1.75,-3.15,-64.2857,13.0,231.0,0.1772,-0.0221,0.0002,0.7293,-0.5386,-0.0366,1.7962,2.69,2.69,1.75,4.90000009536743,down,2026-08-21T15:44:13,0.0,0.0
SPXW,2026-08-31,10,Call,7245.0,SPXW260831C07245000,424.5,445.8,435.15,430.13,12.23,2.92654,1.0,32.0,0.1744,0.9771,0.0002,0.7472,-0.5496,1.5478,434.1069,430.13,430.13,430.13,417.900009155273,up,2026-08-21T09:52:06,0.0,0.0
SPXW,2026-08-31,10,Put,7245.0,SPXW260831P07245000,1.75,1.9,1.825,2.25,-2.75,-55.0,1.0,144.0,0.1762,-0.0228,0.0002,0.7468,-0.5493,-0.0377,1.8448,2.25,2.25,2.25,5.0,down,2026-08-21T12:44:51,0.0,0.0
SPXW,2026-08-31,10,Call,7250.0,SPXW260831C07250000,423.8,437.1,430.45000000000005,473.35,0.0,0.0,0.0,221.0,0.177,0.9764,0.0002,0.7652,-0.5606,1.5477,429.1624,0.0,0.0,0.0,412.149993896484,up,2026-08-19T13:20:21,0.0,0.0
SPXW,2026-08-31,10,Put,7250.0,SPXW260831P07250000,1.8,1.95,1.875,1.85,-3.25,-63.7255,58.0,3391.0,0.1754,-0.0234,0.0002,0.7652,-0.5606,-0.0388,1.8968,2.9,3.05,1.85,5.09999990463257,no_change,2026-08-21T15:50:57,0.0,0.0
SPXW,2026-08-31,10,Call,7255.0,SPXW260831C07255000,414.1,435.9,425.0,512.63,0.0,0.0,0.0,26.0,0.1723,0.9757,0.0003,0.7837,-0.572,1.5476,424.2201,0.0,0.0,0.0,407.449996948242,up,2026-08-12T12:54:58,0.0,0.0
SPXW,2026-08-31,10,Put,7255.0,SPXW260831P07255000,1.85,2.0,1.925,2.0,-3.3,-62.2641,9.0,60.0,0.1741,-0.0241,0.0003,0.7833,-0.5717,-0.04,1.9484,2.35,2.35,2.0,5.29999995231628,down,2026-08-21T15:35:18,0.0,0.0
SPXW,2026-08-31,10,Call,7260.0,SPXW260831C07260000,411.9,431.9,421.9,507.78,0.0,0.0,0.0,26.0,0.1719,0.975,0.0003,0.8029,-0.5838,1.5475,419.2801,0.0,0.0,0.0,402.599990844727,up,2026-08-12T12:54:58,0.0,0.0
SPXW,2026-08-31,10,Put,7260.0,SPXW260831P07260000,1.9,2.05,1.9749999999999999,1.92,-3.48,-64.4444,10.0,117.0,0.173,-0.0248,0.0003,0.8024,-0.5835,-0.0412,2.0036,2.6,2.62,1.92,5.40000009536743,down,2026-08-21T15:37:55,0.0,0.0
SPXW,2026-08-31,10,Call,7265.0,SPXW260831C07265000,408.0,426.1,417.05,414.75,17.0,4.27404,1.0,14.0,0.17,0.9743,0.0003,0.8226,-0.596,1.5473,414.3425,414.75,414.75,414.75,397.75,up,2026-08-21T14:15:54,0.0,0.0
SPXW,2026-08-31,10,Put,7265.0,SPXW260831P07265000,1.95,2.1,2.025,2.45,-3.05,-55.4545,6.0,47.0,0.1719,-0.0256,0.0003,0.8221,-0.5957,-0.0425,2.0611,2.55,2.55,2.45,5.5,down,2026-08-21T14:49:47,0.0,0.0
SPXW,2026-08-31,10,Call,7270.0,SPXW260831C07270000,399.4,421.1,410.25,196.8,0.0,0.0,0.0,28.0,0.1695,0.9735,0.0003,0.8431,-0.6086,1.5471,409.4075,0.0,0.0,0.0,393.300003051758,down,2026-07-29T15:45:24,0.0,0.0
SPXW,2026-08-31,10,Put,7270.0,SPXW260831P07270000,2.0,2.15,2.075,1.95,-3.75,-65.7895,14.0,103.0,0.1707,-0.0264,0.0003,0.8431,-0.6086,-0.0438,2.1227,2.75,2.75,1.95,5.70000004768372,down,2026-08-21T15:45:23,0.0,0.0
SPXW,2026-08-31,10,Call,7275.0,SPXW260831C07275000,399.2,412.3,405.75,507.44,0.0,0.0,0.0,222.0,0.1716,0.9727,0.0003,0.8642,-0.6216,1.5469,404.475,0.0,0.0,0.0,387.899993896484,down,2026-08-11T09:30:15,0.0,0.0
SPXW,2026-08-31,10,Put,7275.0,SPXW260831P07275000,2.1,2.2,2.1500000000000004,2.08,-3.72,-64.1379,98.0,423.0,0.1702,-0.0272,0.0003,0.8642,-0.6216,-0.0452,2.1854,2.8,2.8,2.08,5.79999995231628,no_change,2026-08-21T15:46:43,0.0,0.0
SPXW,2026-08-31,10,Call,7280.0,SPXW260831C07280000,389.5,411.3,400.4,466.94,0.0,0.0,0.0,26.0,0.1671,0.9718,0.0003,0.8861,-0.635,1.5465,399.5452,0.0,0.0,0.0,383.199996948242,up,2026-08-19T11:17:17,0.0,0.0
SPXW,2026-08-31,10,Put,7280.0,SPXW260831P07280000,2.15,2.25,2.2,2.55,-3.4,-57.1429,16.0,90.0,0.169,-0.0281,0.0003,0.8861,-0.635,-0.0466,2.2509,2.9,2.9,2.55,5.95000004768372,down,2026-08-21T15:00:48,0.0,0.0
SPXW,2026-08-31,10,Call,7285.0,SPXW260831C07285000,384.5,407.4,395.95,185.3,0.0,0.0,0.0,11.0,0.1665,0.9709,0.0003,0.9088,-0.6489,1.5462,394.6182,0.0,0.0,0.0,378.350006103516,down,2026-07-29T15:50:07,0.0,0.0
SPXW,2026-08-31,10,Put,7285.0,SPXW260831P07285000,2.2,2.35,2.2750000000000004,2.75,-3.35,-54.918,6.0,296.0,0.1678,-0.029,0.0003,0.9088,-0.6489,-0.048,2.3192,3.0,3.0,2.75,6.09999990463257,no_change,2026-08-21T11:56:05,0.0,0.0
SPXW,2026-08-31,10,Call,7290.0,SPXW260831C07290000,379.6,401.4,390.5,529.55,0.0,0.0,0.0,18.0,0.1659,0.97,0.0003,0.9324,-0.6632,1.5457,389.6943,0.0,0.0,0.0,373.5,up,2026-08-13T10:13:41,0.0,0.0
SPXW,2026-08-31,10,Put,7290.0,SPXW260831P07290000,2.25,2.4,2.325,2.25,-4.05,-64.2857,20.0,304.0,0.1668,-0.0299,0.0003,0.9324,-0.6631,-0.0495,2.3903,3.3,3.3,2.25,6.29999995231628,down,2026-08-21T15:44:39,0.0,0.0
SPXW,2026-08-31,10,Call,7295.0,SPXW260831C07295000,374.7,396.5,385.6,244.2,0.0,0.0,0.0,3.0,0.164,0.969,0.0003,0.9567,-0.6779,1.5452,384.7734,0.0,0.0,0.0,369.149993896484,down,2026-07-28T14:46:55,0.0,0.0
SPXW,2026-08-31,10,Put,7295.0,SPXW260831P07295000,2.35,2.45,2.4000000000000004,3.0,-3.4,-53.125,1.0,131.0,0.1659,-0.0308,0.0003,0.9567,-0.6779,-0.0512,2.4647,3.0,3.0,3.0,6.40000009536743,down,2026-08-21T13:58:18,0.0,0.0
SPXW,2026-08-31,10,Call,7300.0,SPXW260831C07300000,374.5,387.6,381.05,369.57,5.77,1.58604,6.0,591.0,0.1656,0.968,0.0003,0.9819,-0.6931,1.5447,379.8557,379.35,379.35,368.96,363.800003051758,up,2026-08-21T09:54:17,0.0,0.0
SPXW,2026-08-31,10,Put,7300.0,SPXW260831P07300000,2.4,2.55,2.4749999999999996,2.55,-4.05,-61.3636,3207.0,25510.0,0.1654,-0.0319,0.0003,0.9819,-0.6931,-0.0528,2.5423,3.9,3.95,2.29,6.59999990463257,no_change,2026-08-21T16:02:31,0.0,0.0
SPXW,2026-08-31,10,Call,7305.0,SPXW260831C07305000,364.8,387.5,376.15,229.0,0.0,0.0,0.0,26.0,0.1625,0.967,0.0004,1.0079,-0.7088,1.544,374.9416,0.0,0.0,0.0,359.200012207031,down,2026-07-30T15:41:27,0.0,0.0
SPXW,2026-08-31,10,Put,7305.0,SPXW260831P07305000,2.45,2.6,2.5250000000000004,7.0,0.0,0.0,0.0,113.0,0.1638,-0.0329,0.0004,1.0079,-0.7088,-0.0546,2.6234,0.0,0.0,0.0,6.79999995231628,up,2026-08-20T15:02:36,0.0,0.0
SPXW,2026-08-31,10,Call,7310.0,SPXW260831C07310000,359.9,382.6,371.25,227.3,0.0,0.0,0.0,21.0,0.1617,0.9659,0.0004,1.0347,-0.7249,1.5432,370.031,0.0,0.0,0.0,355.0,up,2026-07-30T15:29:06,0.0,0.0
SPXW,2026-08-31,10,Put,7310.0,SPXW260831P07310000,2.55,2.7,2.625,2.45,-4.5,-64.7482,7.0,207.0,0.163,-0.034,0.0004,1.0347,-0.7249,-0.0564,2.7081,4.1,4.17,2.45,6.95000004768372,down,2026-08-21T15:44:42,0.0,0.0
SPXW,2026-08-31,10,Call,7315.0,SPXW260831C07315000,358.9,377.7,368.29999999999995,210.3,0.0,0.0,0.0,27.0,0.1609,0.9648,0.0004,1.0622,-0.7416,1.5424,365.1243,0.0,0.0,0.0,350.25,up,2026-07-30T13:01:22,0.0,0.0
SPXW,2026-08-31,10,Put,7315.0,SPXW260831P07315000,2.65,2.8,2.7249999999999996,3.3,-3.85,-53.8462,3.0,110.0,0.162,-0.0351,0.0004,1.0622,-0.7416,-0.0584,2.7965,3.52,3.52,3.3,7.15000009536743,down,2026-08-21T12:58:45,0.0,0.0
SPXW,2026-08-31,10,Call,7320.0,SPXW260831C07320000,354.0,373.0,363.5,156.06,0.0,0.0,0.0,14.0,0.16,0.9636,0.0004,1.0905,-0.7588,1.5415,360.2215,0.0,0.0,0.0,345.700012207031,up,2026-07-29T16:01:19,0.0,0.0
SPXW,2026-08-31,10,Put,7320.0,SPXW260831P07320000,2.7,2.85,2.7750000000000004,5.68,0.0,0.0,0.0,370.0,0.1611,-0.0363,0.0004,1.0905,-0.7588,-0.0604,2.889,0.0,0.0,0.0,7.29999995231628,down,2026-08-20T10:53:56,0.0,0.0
SPXW,2026-08-31,10,Call,7325.0,SPXW260831C07325000,350.0,363.1,356.55,469.16,0.0,0.0,0.0,463.0,0.1615,0.9624,0.0004,1.1196,-0.7766,1.5405,355.323,0.0,0.0,0.0,339.700012207031,down,2026-08-14T13:20:15,0.0,0.0
SPXW,2026-08-31,10,Put,7325.0,SPXW260831P07325000,2.8,2.95,2.875,2.7,-4.8,-64.0,8.0,965.0,0.1602,-0.0375,0.0004,1.1196,-0.7766,-0.0625,2.9857,4.47,4.47,2.7,7.5,down,2026-08-21T15:44:42,0.0,0.0
SPXW,2026-08-31,10,Call,7330.0,SPXW260831C07330000,340.3,362.8,351.55,453.97,0.0,0.0,0.0,33.0,0.1581,0.9611,0.0004,1.1496,-0.7948,1.5394,350.4288,0.0,0.0,0.0,335.75,no_change,2026-08-17T12:41:35,0.0,0.0
SPXW,2026-08-31,10,Put,7330.0,SPXW260831P07330000,2.9,3.1,3.0,3.2,-4.55,-58.7097,34.0,106.0,0.1592,-0.0388,0.0004,1.1496,-0.7948,-0.0646,3.0867,4.3,4.6,3.2,7.75,no_change,2026-08-21T15:29:18,0.0,0.0
SPXW,2026-08-31,10,Call,7335.0,SPXW260831C07335000,335.4,357.8,346.6,484.5,0.0,0.0,0.0,42.0,0.1571,0.9597,0.0004,1.1806,-0.8137,1.5383,345.5391,0.0,0.0,0.0,330.300003051758,up,2026-08-05T09:30:56,0.0,0.0
SPXW,2026-08-31,10,Put,7335.0,SPXW260831P07335000,3.0,3.2,3.1,7.6,0.0,0.0,0.0,171.0,0.158,-0.0402,0.0004,1.1806,-0.8137,-0.0669,3.1923,0.0,0.0,0.0,7.9500002861023,no_change,2026-08-18T12:32:30,0.0,0.0
SPXW,2026-08-31,10,Call,7340.0,SPXW260831C07340000,330.5,352.9,341.7,410.43,0.0,0.0,0.0,81.0,0.1561,0.9583,0.0004,1.2127,-0.8331,1.537,340.6542,0.0,0.0,0.0,325.5,up,2026-08-19T11:08:59,0.0,0.0
SPXW,2026-08-31,10,Put,7340.0,SPXW260831P07340000,3.1,3.3,3.2,3.21,-4.99,-60.8537,4.0,461.0,0.157,-0.0416,0.0004,1.2127,-0.8331,-0.0692,3.3026,4.24,4.24,3.21,8.2000002861023,down,2026-08-21T16:09:17,0.0,0.0
SPXW,2026-08-31,10,Call,7345.0,SPXW260831C07345000,325.6,347.1,336.35,366.76,0.0,0.0,0.0,49.0,0.155,0.9569,0.0005,1.2459,-0.8531,1.5357,335.7742,0.0,0.0,0.0,321.150009155273,no_change,2026-08-04T10:28:09,0.0,0.0
SPXW,2026-08-31,10,Put,7345.0,SPXW260831P07345000,3.2,3.4,3.3,3.3,-5.1,-60.7143,34.0,125.0,0.156,-0.043,0.0005,1.2459,-0.8531,-0.0716,3.4178,4.55,4.55,3.3,8.40000009536743,down,2026-08-21T15:35:39,0.0,0.0
SPXW,2026-08-31,10,Call,7350.0,SPXW260831C07350000,325.6,338.6,332.1,322.05,6.2,1.96296,1.0,1012.0,0.1565,0.9553,0.0005,1.2803,-0.8736,1.5343,330.8993,322.05,322.05,322.05,315.849990844727,down,2026-08-21T10:41:34,0.0,0.0
SPXW,2026-08-31,10,Put,7350.0,SPXW260831P07350000,3.3,3.5,3.4,3.4,-5.25,-60.6936,121.0,2483.0,0.1553,-0.0445,0.0005,1.2803,-0.8736,-0.0741,3.5381,5.2,5.3,3.1,8.65000009536743,down,2026-08-21T16:01:04,0.0,0.0
SPXW,2026-08-31,10,Call,7355.0,SPXW260831C07355000,320.0,339.2,329.6,417.27,0.0,0.0,0.0,22.0,0.1536,0.9538,0.0005,1.3158,-0.8948,1.5328,326.0297,0.0,0.0,0.0,311.899993896484,down,2026-08-11T11:14:19,0.0,0.0
SPXW,2026-08-31,10,Put,7355.0,SPXW260831P07355000,3.4,3.6,3.5,3.5,-5.4,-60.6742,71.0,84.0,0.155,-0.0461,0.0005,1.3158,-0.8948,-0.0768,3.6638,5.02,5.02,3.5,8.90000009536743,down,2026-08-21T15:40:39,0.0,0.0
SPXW,2026-08-31,10,Call,7360.0,SPXW260831C07360000,315.9,328.8,322.35,360.79,0.0,0.0,0.0,294.0,0.1541,0.9521,0.0005,1.3525,-0.9165,1.5311,321.1659,0.0,0.0,0.0,306.349990844727,down,2026-08-18T10:10:02,0.0,0.0
SPXW,2026-08-31,10,Put,7360.0,SPXW260831P07360000,3.6,3.8,3.7,4.0,-5.15,-56.2842,82.0,199.0,0.1538,-0.0478,0.0005,1.3525,-0.9165,-0.0795,3.7951,5.5,5.5,4.0,9.15000009536743,down,2026-08-21T15:16:45,0.0,0.0
SPXW,2026-08-31,10,Call,7365.0,SPXW260831C07365000,310.3,329.5,319.9,419.64,0.0,0.0,0.0,28.0,0.1512,0.9504,0.0005,1.3902,-0.9388,1.5292,316.308,0.0,0.0,0.0,301.649993896484,no_change,2026-08-17T12:41:35,0.0,0.0
SPXW,2026-08-31,10,Put,7365.0,SPXW260831P07365000,3.7,3.9,3.8,3.9,-5.5,-58.5106,85.0,208.0,0.1526,-0.0495,0.0005,1.3902,-0.9388,-0.0825,3.9324,4.51,4.59,3.9,9.40000009536743,down,2026-08-21T15:33:13,0.0,0.0
SPXW,2026-08-31,10,Call,7370.0,SPXW260831C07370000,304.9,324.6,314.75,407.02,0.0,0.0,0.0,53.0,0.1508,0.9486,0.0005,1.4289,-0.9618,1.5273,311.4563,0.0,0.0,0.0,297.300003051758,up,2026-08-10T13:12:00,0.0,0.0
SPXW,2026-08-31,10,Put,7370.0,SPXW260831P07370000,3.8,4.0,3.9,3.7,-6.0,-61.8557,51.0,153.0,0.1522,-0.0513,0.0005,1.4289,-0.9618,-0.0855,4.076,5.8,5.8,3.7,9.7000002861023,down,2026-08-21T15:46:16,0.0,0.0
SPXW,2026-08-31,10,Call,7375.0,SPXW260831C07375000,296.5,318.1,307.3,424.51,0.0,0.0,0.0,163.0,0.1495,0.9467,0.0006,1.4685,-0.9854,1.5252,306.6114,0.0,0.0,0.0,292.5,up,2026-08-14T11:36:58,0.0,0.0
SPXW,2026-08-31,10,Put,7375.0,SPXW260831P07375000,4.0,4.2,4.1,4.0,-5.95,-59.799,1215.0,864.0,0.1509,-0.0532,0.0006,1.4685,-0.9854,-0.0887,4.2263,5.7,6.09,3.8,9.9500002861023,no_change,2026-08-21T15:58:26,0.0,0.0
SPXW,2026-08-31,10,Call,7380.0,SPXW260831C07380000,294.1,314.0,304.05,396.12,0.0,0.0,0.0,43.0,0.149,0.9448,0.0006,1.5091,-1.0096,1.523,301.7733,0.0,0.0,0.0,287.100006103516,up,2026-08-10T13:44:07,0.0,0.0
SPXW,2026-08-31,10,Put,7380.0,SPXW260831P07380000,4.1,4.3,4.199999999999999,3.9,-6.35,-61.9512,35.0,514.0,0.15,-0.0551,0.0006,1.5091,-1.0096,-0.092,4.3834,5.87,5.87,3.9,10.25,down,2026-08-21T15:45:25,0.0,0.0
SPXW,2026-08-31,10,Call,7385.0,SPXW260831C07385000,289.9,310.1,300.0,142.14,0.0,0.0,0.0,24.0,0.1483,0.9427,0.0006,1.5509,-1.0345,1.5206,296.9424,0.0,0.0,0.0,282.449996948242,no_change,2026-07-30T11:00:03,0.0,0.0
SPXW,2026-08-31,10,Put,7385.0,SPXW260831P07385000,4.3,4.5,4.4,4.1,-6.45,-61.1374,36.0,95.0,0.149,-0.0572,0.0006,1.5509,-1.0345,-0.0955,4.5478,6.45,6.45,4.1,10.5499997138977,no_change,2026-08-21T15:44:39,0.0,0.0
SPXW,2026-08-31,10,Call,7390.0,SPXW260831C07390000,286.1,305.3,295.70000000000005,401.09,0.0,0.0,0.0,80.0,0.1476,0.9406,0.0006,1.5939,-1.0601,1.5182,292.119,0.0,0.0,0.0,277.75,up,2026-08-17T09:34:37,0.0,0.0
SPXW,2026-08-31,10,Put,7390.0,SPXW260831P07390000,4.4,4.7,4.550000000000001,4.5,-6.4,-58.7156,25.0,196.0,0.148,-0.0593,0.0006,1.5939,-1.0601,-0.099,4.7196,5.27,5.43,4.36,10.9000000953674,no_change,2026-08-21T15:56:42,0.0,0.0
SPXW,2026-08-31,10,Call,7395.0,SPXW260831C07395000,277.1,298.6,287.85,241.95,0.0,0.0,0.0,48.0,0.1462,0.9384,0.0006,1.6383,-1.0863,1.5156,287.3034,0.0,0.0,0.0,273.050003051758,up,2026-08-03T11:14:15,0.0,0.0
SPXW,2026-08-31,10,Put,7395.0,SPXW260831P07395000,4.6,4.8,4.699999999999999,4.5,-6.7,-59.8214,13.0,243.0,0.1472,-0.0615,0.0006,1.6383,-1.0863,-0.1027,4.8992,5.2,5.2,4.5,11.2000002861023,down,2026-08-21T15:38:02,0.0,0.0
SPXW,2026-08-31,10,Call,7400.0,SPXW260831C07400000,277.4,289.9,283.65,288.82,20.37,7.58801,2.0,5346.0,0.1467,0.9361,0.0007,1.6842,-1.1132,1.5128,282.4958,288.38,288.82,288.38,268.449996948242,up,2026-08-21T15:34:49,0.0,0.0
SPXW,2026-08-31,10,Put,7400.0,SPXW260831P07400000,4.8,5.0,4.9,4.68,-6.82,-59.3043,240.0,15417.0,0.1468,-0.0638,0.0007,1.6842,-1.1132,-0.1065,5.0869,7.2,7.4,4.68,11.5,down,2026-08-21T15:44:08,0.0,0.0
SPXW,2026-08-31,10,Call,7405.0,SPXW260831C07405000,271.3,288.7,280.0,392.79,0.0,0.0,0.0,96.0,0.1446,0.9337,0.0007,1.7316,-1.1407,1.5099,277.6968,0.0,0.0,0.0,263.800003051758,up,2026-08-13T11:56:16,0.0,0.0
SPXW,2026-08-31,10,Put,7405.0,SPXW260831P07405000,5.0,5.2,5.1,5.52,-6.38,-53.6134,32.0,155.0,0.1456,-0.0662,0.0007,1.7316,-1.1407,-0.1105,5.283,7.0,7.02,5.52,11.9000000953674,down,2026-08-21T15:02:44,0.0,0.0
SPXW,2026-08-31,10,Call,7410.0,SPXW260831C07410000,266.8,286.0,276.4,279.56,20.41,7.87574,1.0,160.0,0.1437,0.9312,0.0007,1.7803,-1.1688,1.5068,272.9067,279.56,279.56,279.56,259.150009155273,down,2026-08-21T15:32:00,0.0,0.0
SPXW,2026-08-31,10,Put,7410.0,SPXW260831P07410000,5.2,5.4,5.300000000000001,5.2,-7.0,-57.377,78.0,243.0,0.145,-0.0687,0.0007,1.7803,-1.1688,-0.1147,5.4882,7.2,7.22,5.2,12.2000002861023,down,2026-08-21T15:59:22,0.0,0.0
SPXW,2026-08-31,10,Call,7415.0,SPXW260831C07415000,260.8,280.4,270.6,358.41,0.0,0.0,0.0,116.0,0.1433,0.9286,0.0007,1.8303,-1.1977,1.5035,268.126,0.0,0.0,0.0,254.550003051758,down,2026-08-17T13:32:10,0.0,0.0
SPXW,2026-08-31,10,Put,7415.0,SPXW260831P07415000,5.4,5.6,5.5,5.56,-7.04,-55.873,25.0,78.0,0.1438,-0.0713,0.0007,1.8303,-1.1977,-0.1192,5.7027,7.92,7.92,5.0,12.5999999046326,no_change,2026-08-21T16:11:58,0.0,0.0
SPXW,2026-08-31,10,Call,7420.0,SPXW260831C07420000,253.4,275.6,264.5,281.17,31.27,12.513,3.0,127.0,0.1423,0.9259,0.0008,1.8814,-1.2272,1.4999,263.3553,255.32,281.17,255.32,249.900001525879,up,2026-08-21T11:41:30,0.0,0.0
SPXW,2026-08-31,10,Put,7420.0,SPXW260831P07420000,5.6,5.8,5.699999999999999,6.6,-6.4,-49.2308,122.0,310.0,0.143,-0.074,0.0008,1.8814,-1.2272,-0.1238,5.9273,8.15,8.2,5.8,13.0,no_change,2026-08-21T13:33:50,0.0,0.0
SPXW,2026-08-31,10,Call,7425.0,SPXW260831C07425000,253.5,265.9,259.7,305.88,0.0,0.0,0.0,458.0,0.1424,0.923,0.0008,1.9334,-1.2574,1.4962,258.5952,0.0,0.0,0.0,245.299995422363,up,2026-08-19T13:26:49,0.0,0.0
SPXW,2026-08-31,10,Put,7425.0,SPXW260831P07425000,5.9,6.1,6.0,5.4,-8.0,-59.7015,218.0,318.0,0.1423,-0.0768,0.0008,1.9334,-1.2574,-0.1286,6.1622,7.83,8.45,5.4,13.4000000953674,down,2026-08-21T15:48:12,0.0,0.0
SPXW,2026-08-31,10,Call,7430.0,SPXW260831C07430000,247.5,264.9,256.2,359.14,0.0,0.0,0.0,92.0,0.1407,0.9201,0.0008,1.9866,-1.2882,1.4923,253.8459,0.0,0.0,0.0,240.799995422363,down,2026-08-17T11:35:51,0.0,0.0
SPXW,2026-08-31,10,Put,7430.0,SPXW260831P07430000,6.1,6.3,6.199999999999999,6.71,-7.09,-51.3768,13.0,254.0,0.1412,-0.0798,0.0008,1.9866,-1.2882,-0.1337,6.4083,6.42,6.71,6.42,13.7999997138977,up,2026-08-21T13:09:21,0.0,0.0
SPXW,2026-08-31,10,Call,7435.0,SPXW260831C07435000,239.1,261.3,250.2,310.7,0.0,0.0,0.0,112.0,0.14,0.917,0.0008,2.0411,-1.3198,1.4882,249.1081,0.0,0.0,0.0,236.25,up,2026-08-04T11:16:05,0.0,0.0
SPXW,2026-08-31,10,Put,7435.0,SPXW260831P07435000,6.3,6.6,6.449999999999999,6.55,-7.7,-54.0351,23.0,135.0,0.1403,-0.0829,0.0008,2.0411,-1.3198,-0.1389,6.6657,9.05,9.05,6.55,14.25,down,2026-08-21T16:13:26,0.0,0.0
SPXW,2026-08-31,10,Call,7440.0,SPXW260831C07440000,238.0,255.4,246.7,249.98,18.33,7.9128,1.0,129.0,0.1394,0.9138,0.0009,2.0972,-1.352,1.4839,244.3821,249.98,249.98,249.98,231.650001525879,down,2026-08-21T13:31:24,0.0,0.0
SPXW,2026-08-31,10,Put,7440.0,SPXW260831P07440000,6.6,6.8,6.699999999999999,6.81,-7.89,-53.6735,30.0,2112.0,0.1398,-0.0861,0.0009,2.0972,-1.352,-0.1442,6.9349,9.13,9.36,6.6,14.7000002861023,up,2026-08-21T16:09:17,0.0,0.0
SPXW,2026-08-31,10,Call,7445.0,SPXW260831C07445000,233.3,250.7,242.0,352.56,0.0,0.0,0.0,42.0,0.1381,0.9105,0.0009,2.1549,-1.3848,1.4794,239.6683,0.0,0.0,0.0,227.150001525879,no_change,2026-08-13T09:36:43,0.0,0.0
SPXW,2026-08-31,10,Put,7445.0,SPXW260831P07445000,6.9,7.1,7.0,7.4,-7.75,-51.1551,61.0,2095.0,0.1391,-0.0894,0.0009,2.1549,-1.3848,-0.1498,7.2164,9.4,9.8,7.3,15.1500000953674,down,2026-08-21T14:59:45,0.0,0.0
SPXW,2026-08-31,10,Call,7450.0,SPXW260831C07450000,229.9,242.2,236.05,241.52,18.87,8.47518,73.0,1620.0,0.1382,0.907,0.0009,2.2143,-1.4183,1.4747,234.9675,241.5,241.52,241.17,222.650001525879,up,2026-08-21T15:59:05,0.0,0.0
SPXW,2026-08-31,10,Put,7450.0,SPXW260831P07450000,7.2,7.4,7.300000000000001,7.3,-8.3,-53.2051,561.0,7788.0,0.138,-0.0929,0.0009,2.2143,-1.4183,-0.1556,7.5108,10.4,10.45,6.66,15.5999999046326,down,2026-08-21T16:14:46,0.0,0.0
SPXW,2026-08-31,10,Call,7455.0,SPXW260831C07455000,220.3,242.5,231.4,232.33,14.18,6.50011,10.0,27.0,0.1368,0.9034,0.001,2.2753,-1.4524,1.4697,230.2804,237.66,237.66,232.33,218.150001525879,no_change,2026-08-21T13:52:31,0.0,0.0
SPXW,2026-08-31,10,Put,7455.0,SPXW260831P07455000,7.5,7.7,7.6,7.5,-8.24,-51.1801,69.0,106.0,0.1374,-0.0965,0.001,2.2753,-1.4524,-0.1617,7.8189,10.4,10.4,6.95,16.1000003814697,up,2026-08-21T15:52:47,0.0,0.0
SPXW,2026-08-31,10,Call,7460.0,SPXW260831C07460000,224.1,229.7,226.89999999999998,226.68,12.98,6.07394,611.0,625.0,0.1368,0.8996,0.001,2.3374,-1.4871,1.4644,225.6076,223.76,233.12,220.5,213.699996948242,down,2026-08-21T14:20:09,0.0,0.0
SPXW,2026-08-31,10,Put,7460.0,SPXW260831P07460000,7.8,8.1,7.949999999999999,7.9,-8.75,-52.5526,746.0,1291.0,0.1364,-0.1003,0.001,2.3374,-1.4871,-0.1682,8.1413,10.4,10.95,7.8,16.6499996185303,up,2026-08-21T16:14:46,0.0,0.0
SPXW,2026-08-31,10,Call,7465.0,SPXW260831C07465000,219.4,225.0,222.2,308.75,0.0,0.0,0.0,17.0,0.1353,0.8957,0.001,2.4006,-1.5224,1.4587,220.9501,0.0,0.0,0.0,209.199996948242,up,2026-08-12T09:59:48,0.0,0.0
SPXW,2026-08-31,10,Put,7465.0,SPXW260831P07465000,8.1,8.4,8.25,8.43,-8.72,-50.8455,63.0,149.0,0.1359,-0.1042,0.001,2.4006,-1.5224,-0.1749,8.4791,11.8,11.8,7.45,17.1499996185303,no_change,2026-08-21T16:08:25,0.0,0.0
SPXW,2026-08-31,10,Call,7470.0,SPXW260831C07470000,214.8,220.3,217.55,233.72,28.92,14.1211,1.0,160.0,0.1351,0.8916,0.0011,2.4647,-1.5583,1.4528,216.3086,233.72,233.72,233.72,204.800003051758,down,2026-08-21T11:41:30,0.0,0.0
SPXW,2026-08-31,10,Put,7470.0,SPXW260831P07470000,8.5,8.7,8.6,7.88,-9.82,-55.4802,56.0,285.0,0.1346,-0.1083,0.0011,2.4647,-1.5583,-0.1819,8.8328,11.7,11.75,7.88,17.6999998092651,down,2026-08-21T15:45:52,0.0,0.0
SPXW,2026-08-31,10,Call,7475.0,SPXW260831C07475000,210.2,215.7,212.95,226.42,0.0,0.0,0.0,333.0,0.1338,0.8873,0.0011,2.5298,-1.5948,1.4466,211.6838,0.0,0.0,0.0,200.300003051758,up,2026-08-20T12:38:28,0.0,0.0
SPXW,2026-08-31,10,Put,7475.0,SPXW260831P07475000,8.9,9.1,9.0,9.09,-9.21,-50.3279,117.0,1536.0,0.1341,-0.1126,0.0011,2.5298,-1.5948,-0.1891,9.2031,11.6,12.36,8.9,18.3000001907349,down,2026-08-21T16:13:38,0.0,0.0
SPXW,2026-08-31,10,Call,7480.0,SPXW260831C07480000,205.6,211.1,208.35,214.05,18.1,9.23705,2.0,107.0,0.1328,0.8829,0.0012,2.5962,-1.6318,1.4403,207.0762,211.92,214.05,211.92,195.949996948242,up,2026-08-21T15:29:00,0.0,0.0
SPXW,2026-08-31,10,Put,7480.0,SPXW260831P07480000,9.2,9.5,9.35,9.48,-9.42,-49.8413,22.0,282.0,0.1331,-0.117,0.0012,2.5962,-1.6318,-0.1966,9.5908,11.67,12.6,8.45,18.8999996185303,no_change,2026-08-21T16:11:57,0.0,0.0
SPXW,2026-08-31,10,Call,7485.0,SPXW260831C07485000,201.0,206.5,203.75,203.68,12.08,6.3048,4.0,62.0,0.1323,0.8783,0.0012,2.6644,-1.6694,1.4337,202.4866,201.24,203.68,201.24,191.599998474121,no_change,2026-08-21T14:24:39,0.0,0.0
SPXW,2026-08-31,10,Put,7485.0,SPXW260831P07485000,9.7,9.9,9.8,9.88,-9.62,-49.3333,27.0,182.0,0.1323,-0.1216,0.0012,2.6644,-1.6694,-0.2043,9.9964,12.77,13.25,9.69,19.5,up,2026-08-21T16:08:59,0.0,0.0
SPXW,2026-08-31,10,Call,7490.0,SPXW260831C07490000,196.5,201.9,199.2,190.94,3.69,1.97063,1.0,109.0,0.1319,0.8735,0.0012,2.7343,-1.7074,1.4267,197.9158,190.94,190.94,190.94,187.25,down,2026-08-21T10:41:34,0.0,0.0
SPXW,2026-08-31,10,Put,7490.0,SPXW260831P07490000,10.1,10.3,10.2,10.33,-9.82,-48.7345,137.0,222.0,0.1315,-0.1264,0.0012,2.7343,-1.7074,-0.2123,10.4208,13.4,13.75,9.89,20.1499996185303,down,2026-08-21T16:08:59,0.0,0.0
SPXW,2026-08-31,10,Call,7495.0,SPXW260831C07495000,191.5,197.3,194.4,199.69,16.79,9.17988,2.0,72.0,0.1309,0.8685,0.0013,2.8057,-1.7458,1.4193,193.3648,199.06,199.69,199.06,182.900001525879,up,2026-08-21T15:58:22,0.0,0.0
SPXW,2026-08-31,10,Put,7495.0,SPXW260831P07495000,10.5,10.8,10.65,10.8,-10.0,-48.0769,41.0,302.0,0.1307,-0.1314,0.0013,2.8057,-1.7458,-0.2208,10.865,13.8,13.91,9.6,20.8000001907349,up,2026-08-21T16:06:26,0.0,0.0
SPXW,2026-08-31,10,Call,7500.0,SPXW260831C07500000,187.3,192.8,190.05,195.09,16.49,9.23292,6.0,1702.0,0.1298,0.8633,0.0013,2.8782,-1.7847,1.4115,188.8348,188.52,195.09,188.52,178.599998474121,up,2026-08-21T15:58:22,0.0,0.0
SPXW,2026-08-31,10,Put,7500.0,SPXW260831P07500000,11.0,11.2,11.1,11.21,-10.14,-47.1628,467.0,8997.0,0.1299,-0.1366,0.0013,2.8782,-1.7847,-0.2297,11.3303,14.31,15.65,10.5,21.5,down,2026-08-21T16:13:26,0.0,0.0
SPXW,2026-08-31,10,Call,7505.0,SPXW260831C07505000,182.8,188.3,185.55,287.65,0.0,0.0,0.0,85.0,0.1294,0.8579,0.0014,2.9512,-1.8239,1.4033,184.327,0.0,0.0,0.0,174.349998474121,down,2026-08-10T11:48:55,0.0,0.0
SPXW,2026-08-31,10,Put,7505.0,SPXW260831P07505000,11.5,11.7,11.6,11.36,-10.84,-48.8288,7.0,92.0,0.1293,-0.142,0.0014,2.9512,-1.8239,-0.239,11.8177,13.5,13.5,10.4,22.1999998092651,up,2026-08-21T15:57:38,0.0,0.0
SPXW,2026-08-31,10,Call,7510.0,SPXW260831C07510000,178.4,183.8,181.10000000000002,186.65,16.55,9.72957,2.0,133.0,0.1287,0.8523,0.0014,3.0247,-1.8634,1.3948,179.8424,179.67,186.65,179.67,170.099998474121,up,2026-08-21T15:29:00,0.0,0.0
SPXW,2026-08-31,10,Put,7510.0,SPXW260831P07510000,12.0,12.2,12.1,11.54,-11.41,-49.7168,55.0,240.0,0.1284,-0.1476,0.0014,3.0247,-1.8634,-0.2486,12.3283,15.18,15.7,11.45,22.9499998092651,up,2026-08-21T15:58:24,0.0,0.0
SPXW,2026-08-31,10,Call,7515.0,SPXW260831C07515000,173.9,179.3,176.60000000000002,170.86,0.0,0.0,0.0,68.0,0.1276,0.8464,0.0015,3.0988,-1.9032,1.386,175.3818,0.0,0.0,0.0,165.849998474121,down,2026-08-20T14:10:02,0.0,0.0
SPXW,2026-08-31,10,Put,7515.0,SPXW260831P07515000,12.5,12.8,12.65,11.6,-12.1,-51.0549,74.0,199.0,0.1277,-0.1535,0.0015,3.0988,-1.9032,-0.2585,12.8629,15.1,16.13,11.6,23.6999998092651,down,2026-08-21T15:45:39,0.0,0.0
SPXW,2026-08-31,10,Call,7520.0,SPXW260831C07520000,169.5,174.8,172.15,205.46,0.0,0.0,0.0,148.0,0.1269,0.8404,0.0015,3.1741,-1.9432,1.3769,170.9461,0.0,0.0,0.0,161.650001525879,down,2026-08-19T15:50:00,0.0,0.0
SPXW,2026-08-31,10,Put,7520.0,SPXW260831P07520000,13.1,13.3,13.2,13.28,-11.22,-45.7959,199.0,637.0,0.127,-0.1595,0.0015,3.1741,-1.9432,-0.2687,13.4224,16.87,17.57,12.18,24.5,down,2026-08-21T16:13:03,0.0,0.0
SPXW,2026-08-31,10,Call,7525.0,SPXW260831C07525000,165.2,170.4,167.8,170.8,13.35,8.47888,8.0,852.0,0.1261,0.834,0.0016,3.2508,-1.9833,1.3674,166.5362,172.16,172.16,170.8,157.450004577637,down,2026-08-21T13:23:38,0.0,0.0
SPXW,2026-08-31,10,Put,7525.0,SPXW260831P07525000,13.6,13.9,13.75,13.5,-11.8,-46.6403,148.0,1386.0,0.1261,-0.1658,0.0016,3.2508,-1.9833,-0.2793,14.0078,17.86,17.86,12.65,25.3000001907349,no_change,2026-08-21T15:56:35,0.0,0.0
SPXW,2026-08-31,10,Call,7530.0,SPXW260831C07530000,160.8,166.0,163.4,199.32,0.0,0.0,0.0,120.0,0.1256,0.8275,0.0016,3.3289,-2.0235,1.3574,162.1536,0.0,0.0,0.0,153.299995422363,down,2026-08-18T11:43:48,0.0,0.0
SPXW,2026-08-31,10,Put,7530.0,SPXW260831P07530000,14.2,14.5,14.35,14.6,-11.45,-43.7859,24.0,1094.0,0.1252,-0.1724,0.0016,3.3289,-2.0235,-0.2904,14.6204,18.94,18.94,13.3,26.1499996185303,up,2026-08-21T16:03:07,0.0,0.0
SPXW,2026-08-31,10,Call,7535.0,SPXW260831C07535000,156.0,161.6,158.8,292.68,0.0,0.0,0.0,91.0,0.124,0.8207,0.0016,3.4076,-2.0636,1.3469,157.7996,0.0,0.0,0.0,149.200004577637,up,2026-08-14T09:45:12,0.0,0.0
SPXW,2026-08-31,10,Put,7535.0,SPXW260831P07535000,14.9,15.1,15.0,14.8,-12.25,-45.2865,33.0,346.0,0.1245,-0.1792,0.0016,3.4076,-2.0636,-0.3021,15.2617,18.9,18.9,13.8,27.0500001907349,up,2026-08-21T15:56:17,0.0,0.0
SPXW,2026-08-31,10,Call,7540.0,SPXW260831C07540000,152.1,157.3,154.7,148.18,0.0,0.0,0.0,73.0,0.1235,0.8136,0.0017,3.4863,-2.1036,1.3358,153.476,0.0,0.0,0.0,145.149993896484,down,2026-08-20T14:27:43,0.0,0.0
SPXW,2026-08-31,10,Put,7540.0,SPXW260831P07540000,15.5,15.8,15.65,15.09,-12.86,-46.0107,75.0,1745.0,0.1236,-0.1862,0.0017,3.4863,-2.1036,-0.3142,15.9332,19.24,20.03,14.35,27.9499998092651,down,2026-08-21T15:58:35,0.0,0.0
SPXW,2026-08-31,10,Call,7545.0,SPXW260831C07545000,147.5,153.0,150.25,145.51,4.21,2.97948,601.0,638.0,0.1231,0.8063,0.0018,3.5646,-2.1435,1.3243,149.1839,147.29,148.12,145.48,141.299995422363,down,2026-08-21T10:34:39,0.0,0.0
SPXW,2026-08-31,10,Put,7545.0,SPXW260831P07545000,16.2,16.5,16.35,16.53,-12.42,-42.9016,27.0,323.0,0.1228,-0.1935,0.0018,3.5646,-2.1435,-0.3268,16.6364,20.4,21.3,15.15,28.9499998092651,no_change,2026-08-21T16:07:09,0.0,0.0
SPXW,2026-08-31,10,Call,7550.0,SPXW260831C07550000,143.2,148.7,145.95,151.0,13.75,10.0182,3.0,1016.0,0.1222,0.7988,0.0018,3.6427,-2.183,1.3125,144.9244,143.02,151.95,143.02,137.25,down,2026-08-21T15:50:57,0.0,0.0
SPXW,2026-08-31,10,Put,7550.0,SPXW260831P07550000,17.0,17.2,17.1,17.3,-12.4,-41.4716,1378.0,2801.0,0.1222,-0.2011,0.0018,3.6427,-2.183,-0.3397,17.3721,20.57,22.07,15.56,29.8999996185303,up,2026-08-21T16:10:35,0.0,0.0
SPXW,2026-08-31,10,Call,7555.0,SPXW260831C07555000,138.9,144.4,141.65,144.8,11.85,8.91312,8.0,152.0,0.1218,0.7909,0.0019,3.7211,-2.2222,1.3004,140.6985,143.23,144.8,143.23,132.950004577637,up,2026-08-21T13:23:38,0.0,0.0
SPXW,2026-08-31,10,Put,7555.0,SPXW260831P07555000,17.7,18.0,17.85,17.8,-13.1,-42.3948,39.0,2071.0,0.1215,-0.209,0.0019,3.7211,-2.2222,-0.3529,18.1414,22.95,22.95,16.6,30.8999996185303,up,2026-08-21T16:04:50,0.0,0.0
SPXW,2026-08-31,10,Call,7560.0,SPXW260831C07560000,134.7,140.2,137.45,139.08,10.08,7.81395,11.0,259.0,0.1207,0.7827,0.0019,3.8002,-2.2609,1.2878,136.5075,138.3,139.08,138.3,129.000003814697,up,2026-08-21T10:57:20,0.0,0.0
SPXW,2026-08-31,10,Put,7560.0,SPXW260831P07560000,18.5,18.8,18.65,18.83,-13.12,-41.0642,53.0,290.0,0.1206,-0.2171,0.0019,3.8002,-2.2609,-0.3666,18.9457,23.79,23.79,17.36,31.9499988555908,up,2026-08-21T16:09:09,0.0,0.0
SPXW,2026-08-31,10,Call,7565.0,SPXW260831C07565000,130.6,136.0,133.3,141.82,16.82,13.456,1.0,518.0,0.1199,0.7743,0.002,3.8797,-2.299,1.2745,132.3532,141.82,141.82,141.82,125.0,up,2026-08-21T12:17:14,0.0,0.0
SPXW,2026-08-31,10,Put,7565.0,SPXW260831P07565000,19.3,19.6,19.450000000000003,19.67,-13.38,-40.4841,280.0,499.0,0.1198,-0.2256,0.002,3.8797,-2.299,-0.381,19.7865,24.14,24.21,17.98,33.0500011444092,up,2026-08-21T16:13:26,0.0,0.0
SPXW,2026-08-31,10,Call,7570.0,SPXW260831C07570000,126.5,131.8,129.15,124.89,3.59,2.9596,2.0,144.0,0.1193,0.7656,0.002,3.9588,-2.3363,1.2605,128.2374,124.89,124.89,124.89,121.299999237061,up,2026-08-21T10:46:08,0.0,0.0
SPXW,2026-08-31,10,Put,7570.0,SPXW260831P07570000,20.2,20.5,20.35,20.73,-13.42,-39.2972,41.0,286.0,0.119,-0.2343,0.002,3.9588,-2.3363,-0.3961,20.666,24.43,26.53,18.79,34.1499996185303,up,2026-08-21T16:11:19,0.0,0.0
SPXW,2026-08-31,10,Call,7575.0,SPXW260831C07575000,122.5,127.7,125.1,133.47,15.67,13.3022,1.0,403.0,0.1184,0.7566,0.0021,4.0364,-2.3727,1.246,124.1619,133.47,133.47,133.47,117.799999237061,up,2026-08-21T12:17:14,0.0,0.0
SPXW,2026-08-31,10,Put,7575.0,SPXW260831P07575000,21.1,21.4,21.25,20.59,-14.76,-41.7539,1107.0,1465.0,0.1183,-0.2433,0.0021,4.0364,-2.3727,-0.4116,21.5858,25.2,27.56,19.16,35.3500003814697,down,2026-08-21T15:57:58,0.0,0.0
SPXW,2026-08-31,10,Call,7580.0,SPXW260831C07580000,119.3,122.7,121.0,120.96,6.96,6.10526,4.0,132.0,0.1177,0.7472,0.0021,4.1123,-2.4082,1.2312,120.1281,116.82,120.96,116.82,114.0,up,2026-08-21T16:09:34,0.0,0.0
SPXW,2026-08-31,10,Put,7580.0,SPXW260831P07580000,22.0,22.3,22.15,22.58,-13.97,-38.2216,39.0,2068.0,0.1175,-0.2526,0.0021,4.1123,-2.4082,-0.4276,22.5472,27.81,27.81,19.41,36.5500011444092,up,2026-08-21T16:11:19,0.0,0.0
SPXW,2026-08-31,10,Call,7585.0,SPXW260831C07585000,115.3,118.6,116.94999999999999,116.54,6.29,5.70522,2.0,204.0,0.1168,0.7376,0.0022,4.1871,-2.4424,1.216,116.1366,116.54,116.54,116.54,110.25,down,2026-08-21T09:33:13,0.0,0.0
SPXW,2026-08-31,10,Put,7585.0,SPXW260831P07585000,23.0,23.3,23.15,21.65,-16.15,-42.7249,90.0,162.0,0.1168,-0.2623,0.0022,4.1871,-2.4424,-0.4438,23.5509,27.43,27.43,21.08,37.8000011444092,down,2026-08-21T15:43:59,0.0,0.0
SPXW,2026-08-31,10,Call,7590.0,SPXW260831C07590000,111.3,114.7,113.0,119.44,12.84,12.045,2.0,136.0,0.1161,0.7277,0.0022,4.2612,-2.4755,1.2004,112.1898,119.44,119.44,119.44,106.600002288818,down,2026-08-21T12:49:01,0.0,0.0
SPXW,2026-08-31,10,Put,7590.0,SPXW260831P07590000,24.0,24.3,24.15,24.63,-14.45,-36.9093,131.0,738.0,0.1159,-0.2722,0.0022,4.2612,-2.4755,-0.4606,24.5993,28.57,31.3,22.05,39.1499996185303,up,2026-08-21T16:11:19,0.0,0.0
SPXW,2026-08-31,10,Call,7595.0,SPXW260831C07595000,107.4,110.8,109.1,105.0,0.0,0.0,0.0,120.0,0.1155,0.7174,0.0023,4.3347,-2.507,1.1839,108.2886,0.0,0.0,0.0,102.799999237061,no_change,2026-08-20T15:05:08,0.0,0.0
SPXW,2026-08-31,10,Put,7595.0,SPXW260831P07595000,25.1,25.4,25.25,25.17,-15.28,-37.775,43.0,358.0,0.1151,-0.2825,0.0023,4.3347,-2.507,-0.4781,25.6933,30.53,31.44,23.66,40.4499988555908,up,2026-08-21T15:55:00,0.0,0.0
SPXW,2026-08-31,10,Call,7600.0,SPXW260831C07600000,103.5,106.9,105.2,110.6,11.4,11.4919,1031.0,6349.0,0.1144,0.7069,0.0024,4.4065,-2.537,1.1667,104.4356,105.07,121.0,103.17,99.2000007629394,up,2026-08-21T15:38:02,0.0,0.0
SPXW,2026-08-31,10,Put,7600.0,SPXW260831P07600000,26.2,26.5,26.35,26.6,-14.94,-35.7416,2838.0,6898.0,0.1144,-0.293,0.0024,4.4065,-2.537,-0.4964,26.8355,30.58,33.65,23.08,41.8000011444092,no_change,2026-08-21T16:10:00,0.0,0.0
SPXW,2026-08-31,10,Call,7605.0,SPXW260831C07605000,99.7,103.1,101.4,97.99,0.0,0.0,0.0,59.0,0.1137,0.696,0.0024,4.4756,-2.5652,1.149,100.6329,0.0,0.0,0.0,95.7999992370606,down,2026-08-20T14:42:26,0.0,0.0
SPXW,2026-08-31,10,Put,7605.0,SPXW260831P07605000,27.4,27.7,27.549999999999997,25.95,-17.3,-40.0,13.0,298.0,0.1136,-0.3039,0.0024,4.4756,-2.5652,-0.5152,28.028,31.46,31.46,25.95,43.25,no_change,2026-08-21T15:50:56,0.0,0.0
SPXW,2026-08-31,10,Call,7610.0,SPXW260831C07610000,97.4,98.0,97.7,100.59,8.39,9.09978,34.0,104.0,0.1129,0.6848,0.0025,4.5415,-2.5914,1.131,96.8816,106.53,106.53,100.59,92.2000007629394,no_change,2026-08-21T13:26:20,0.0,0.0
SPXW,2026-08-31,10,Put,7610.0,SPXW260831P07610000,28.6,28.9,28.75,28.85,-15.9,-35.5307,112.0,275.0,0.1129,-0.3151,0.0025,4.5416,-2.5914,-0.5344,29.2722,33.68,36.5,25.0,44.75,down,2026-08-21T16:05:19,0.0,0.0
SPXW,2026-08-31,10,Call,7615.0,SPXW260831C07615000,93.8,94.2,94.0,98.8,10.0,11.2613,10.0,103.0,0.1122,0.6732,0.0025,4.6047,-2.6156,1.1126,93.1833,98.8,98.8,98.8,88.7999992370606,down,2026-08-21T15:04:38,0.0,0.0
SPXW,2026-08-31,10,Put,7615.0,SPXW260831P07615000,29.9,30.2,30.049999999999997,29.98,-14.97,-32.2977,3251.0,307.0,0.1122,-0.3266,0.0025,4.6047,-2.6156,-0.5538,30.5691,34.28,37.04,27.12,46.3500003814697,down,2026-08-21T16:14:33,0.0,0.0
SPXW,2026-08-31,10,Call,7620.0,SPXW260831C07620000,90.0,90.6,90.3,95.01,9.61,11.2529,75.0,704.0,0.1114,0.6614,0.0026,4.6657,-2.6375,1.0936,89.5394,89.16,98.99,89.16,85.3999977111816,down,2026-08-21T15:59:06,0.0,0.0
SPXW,2026-08-31,10,Put,7620.0,SPXW260831P07620000,31.2,31.5,31.35,31.33,-16.62,-34.6611,41.0,188.0,0.1114,-0.3385,0.0026,4.6657,-2.6375,-0.5739,31.9202,38.54,38.54,29.75,47.9499988555908,up,2026-08-21T16:14:33,0.0,0.0
SPXW,2026-08-31,10,Call,7625.0,SPXW260831C07625000,86.5,87.0,86.75,90.5,8.45,10.2986,1020.0,3314.0,0.1107,0.6492,0.0026,4.7241,-2.657,1.0738,85.952,87.67,91.98,83.66,82.0499992370606,down,2026-08-21T15:53:37,0.0,0.0
SPXW,2026-08-31,10,Put,7625.0,SPXW260831P07625000,32.6,32.9,32.75,31.91,-15.95,-32.1897,250.0,1520.0,0.1106,-0.3506,0.0026,4.7241,-2.657,-0.5948,33.3281,36.7,39.72,29.04,49.5500011444092,up,2026-08-21T15:59:32,0.0,0.0
SPXW,2026-08-31,10,Call,7630.0,SPXW260831C07630000,82.9,83.4,83.15,86.9,8.1,10.2792,19.0,262.0,0.11,0.6368,0.0027,4.7791,-2.6739,1.0532,82.424,82.6,90.84,82.43,78.7999992370606,down,2026-08-21T15:53:37,0.0,0.0
SPXW,2026-08-31,10,Put,7630.0,SPXW260831P07630000,34.0,34.4,34.2,34.2,-17.15,-33.3982,114.0,511.0,0.1098,-0.3631,0.0027,4.7791,-2.6739,-0.6165,34.7953,39.25,41.2,29.42,51.3500003814697,up,2026-08-21T16:14:24,0.0,0.0
SPXW,2026-08-31,10,Call,7635.0,SPXW260831C07635000,79.4,79.8,79.6,81.43,5.88,7.78293,7.0,301.0,0.1092,0.624,0.0027,4.8295,-2.688,1.0323,78.9574,76.09,81.43,76.09,75.5499992370606,up,2026-08-21T13:45:24,0.0,0.0
SPXW,2026-08-31,10,Put,7635.0,SPXW260831P07635000,35.5,35.9,35.7,35.75,-17.3,-32.6107,392.0,540.0,0.1092,-0.3759,0.0027,4.8294,-2.688,-0.6385,36.3237,40.45,40.45,31.93,53.0500011444092,down,2026-08-21T16:05:19,0.0,0.0
SPXW,2026-08-31,10,Call,7640.0,SPXW260831C07640000,76.0,76.4,76.2,77.4,5.0,6.90608,12.0,93.0,0.1085,0.6109,0.0028,4.8752,-2.6993,1.0112,75.5531,78.89,88.34,71.27,72.3999977111816,down,2026-08-21T15:55:23,0.0,0.0
SPXW,2026-08-31,10,Put,7640.0,SPXW260831P07640000,37.0,37.5,37.25,37.38,-17.57,-31.9745,95.0,627.0,0.1083,-0.389,0.0028,4.8752,-2.6993,-0.6607,37.9148,42.09,45.98,33.17,54.9499988555908,no_change,2026-08-21T16:13:00,0.0,0.0
SPXW,2026-08-31,10,Call,7645.0,SPXW260831C07645000,72.6,73.0,72.8,84.84,15.49,22.336,14.0,130.0,0.1076,0.5975,0.0028,4.9167,-2.7075,0.9896,72.2127,75.59,84.84,71.4,69.3499984741211,up,2026-08-21T12:00:56,0.0,0.0
SPXW,2026-08-31,10,Put,7645.0,SPXW260831P07645000,38.7,39.1,38.900000000000006,38.86,-17.94,-31.5845,112.0,1097.0,0.1076,-0.4024,0.0028,4.9167,-2.7075,-0.6834,39.5696,44.01,44.01,34.61,56.7999992370606,down,2026-08-21T16:14:11,0.0,0.0
SPXW,2026-08-31,10,Call,7650.0,SPXW260831C07650000,69.4,69.7,69.55000000000001,69.5,3.25,4.90566,467.0,3585.0,0.1069,0.5838,0.0029,4.954,-2.7125,0.9672,68.9384,70.25,76.94,64.5,66.25,down,2026-08-21T16:10:39,0.0,0.0
SPXW,2026-08-31,10,Put,7650.0,SPXW260831P07650000,40.4,40.8,40.599999999999994,40.6,-17.32,-29.4809,4120.0,3305.0,0.1068,-0.416,0.0029,4.954,-2.7125,-0.7069,41.2906,45.86,49.73,35.19,58.75,up,2026-08-21T16:14:36,0.0,0.0
SPXW,2026-08-31,10,Call,7655.0,SPXW260831C07655000,66.2,66.6,66.4,66.22,2.87,4.53039,13.0,191.0,0.1062,0.5699,0.0029,4.9864,-2.7141,0.944,65.7333,64.64,79.4,64.64,63.3500003814697,down,2026-08-21T16:09:34,0.0,0.0
SPXW,2026-08-31,10,Put,7655.0,SPXW260831P07655000,42.2,42.6,42.400000000000006,42.6,-18.2,-29.9342,35.0,159.0,0.1061,-0.43,0.0029,4.9864,-2.7141,-0.7312,43.0809,45.8,46.16,39.97,60.7999992370606,up,2026-08-21T16:09:37,0.0,0.0
SPXW,2026-08-31,10,Call,7660.0,SPXW260831C07660000,63.0,63.4,63.2,63.07,2.67,4.42053,57.0,640.0,0.1055,0.5557,0.0029,5.0131,-2.7122,0.9205,62.6003,59.77,77.8,59.77,60.3999996185303,down,2026-08-21T16:09:34,0.0,0.0
SPXW,2026-08-31,10,Put,7660.0,SPXW260831P07660000,44.1,44.4,44.25,44.3,-18.6,-29.5707,442.0,364.0,0.1055,-0.4442,0.0029,5.013,-2.7122,-0.7558,44.9427,48.79,52.69,39.6,62.8999996185303,down,2026-08-21T16:08:56,0.0,0.0
SPXW,2026-08-31,10,Call,7665.0,SPXW260831C07665000,59.9,60.3,60.099999999999994,63.5,1.67,2.90182,58.0,72.0,0.1049,0.5412,0.003,5.0337,-2.7068,0.8969,59.5398,56.82,67.19,56.82,57.5500011444092,down,2026-08-21T15:53:37,0.0,0.0
SPXW,2026-08-31,10,Put,7665.0,SPXW260831P07665000,46.0,46.3,46.15,46.4,-17.99,-27.6769,135.0,551.0,0.1048,-0.4587,0.003,5.0337,-2.7068,-0.7804,46.8774,51.75,53.2,40.7,65.0,no_change,2026-08-21T16:13:29,0.0,0.0
SPXW,2026-08-31,10,Call,7670.0,SPXW260831C07670000,57.0,57.3,57.15,56.69,1.84,3.3546,116.0,227.0,0.1042,0.5264,0.003,5.0483,-2.6976,0.873,56.5535,57.4,67.1,52.9,54.8500003814697,down,2026-08-21T16:13:18,0.0,0.0
SPXW,2026-08-31,10,Put,7670.0,SPXW260831P07670000,48.0,48.3,48.15,48.53,-17.25,-25.6506,332.0,301.0,0.1041,-0.4734,0.003,5.0483,-2.6976,-0.8055,48.8865,54.9,56.3,42.48,67.25,up,2026-08-21T16:13:18,0.0,0.0
SPXW,2026-08-31,10,Call,7675.0,SPXW260831C07675000,54.0,54.4,54.2,54.16,2.01,3.85427,244.0,730.0,0.1034,0.5115,0.003,5.0568,-2.6848,0.8483,53.6437,57.2,60.85,53.2,52.1499996185303,down,2026-08-21T16:11:56,0.0,0.0
SPXW,2026-08-31,10,Put,7675.0,SPXW260831P07675000,50.1,50.4,50.25,50.4,-19.2,-27.5862,434.0,1018.0,0.1034,-0.4884,0.003,5.0568,-2.6848,-0.8312,50.9721,57.38,58.8,44.09,69.6000022888184,down,2026-08-21T16:07:21,0.0,0.0
SPXW,2026-08-31,10,Call,7680.0,SPXW260831C07680000,51.2,51.6,51.400000000000006,54.15,4.6,9.28355,93.0,197.0,0.1029,0.4963,0.0031,5.0587,-2.668,0.823,50.8142,52.4,63.49,50.02,49.5500011444092,down,2026-08-21T15:27:02,0.0,0.0
SPXW,2026-08-31,10,Put,7680.0,SPXW260831P07680000,52.2,52.6,52.400000000000006,52.69,-19.31,-26.8194,115.0,685.0,0.1027,-0.5036,0.0031,5.0587,-2.668,-0.8577,53.1377,56.5,59.8,45.08,72.0,up,2026-08-21T16:09:37,0.0,0.0
SPXW,2026-08-31,10,Call,7685.0,SPXW260831C07685000,48.5,48.8,48.65,51.8,4.85,10.3301,497.0,155.0,0.1021,0.481,0.0031,5.0537,-2.6473,0.7975,48.0666,50.92,62.8,48.3,46.9499988555908,no_change,2026-08-21T15:57:43,0.0,0.0
SPXW,2026-08-31,10,Put,7685.0,SPXW260831P07685000,54.5,54.8,54.65,55.3,-19.1,-25.672,112.0,311.0,0.1021,-0.5189,0.0031,5.0537,-2.6473,-0.8842,55.3853,62.0,62.7,49.18,74.3999977111816,up,2026-08-21T16:02:00,0.0,0.0
SPXW,2026-08-31,10,Call,7690.0,SPXW260831C07690000,45.8,46.1,45.95,45.9,1.0,2.24719,678.0,370.0,0.1013,0.4654,0.0031,5.0418,-2.6226,0.7722,45.4018,48.2,59.8,45.0,44.5,up,2026-08-21T16:12:28,0.0,0.0
SPXW,2026-08-31,10,Put,7690.0,SPXW260831P07690000,56.8,57.2,57.0,57.7,-19.3,-25.0649,40.0,478.0,0.1014,-0.5344,0.0031,5.0418,-2.6226,-0.9106,57.7157,63.07,64.39,50.0,77.0,up,2026-08-21T16:02:05,0.0,0.0
SPXW,2026-08-31,10,Call,7695.0,SPXW260831C07695000,43.2,43.6,43.400000000000006,44.3,2.15,5.10083,44.0,133.0,0.1009,0.4498,0.0031,5.0227,-2.5941,0.7466,42.8209,44.24,50.69,42.37,42.1499996185303,down,2026-08-21T16:05:28,0.0,0.0
SPXW,2026-08-31,10,Put,7695.0,SPXW260831P07695000,59.2,59.6,59.400000000000006,61.48,-18.07,-22.7153,25.0,345.0,0.1009,-0.5501,0.0031,5.0227,-2.5941,-0.9373,60.13,66.25,66.25,52.1,79.5499992370606,up,2026-08-21T14:26:01,0.0,0.0
SPXW,2026-08-31,10,Call,7700.0,SPXW260831C07700000,40.7,41.0,40.85,40.68,1.18,2.96482,1127.0,3738.0,0.1002,0.434,0.0031,4.9958,-2.5617,0.7203,40.3265,46.7,54.65,37.9,39.8000011444092,no_change,2026-08-21T16:13:00,0.0,0.0
SPXW,2026-08-31,10,Put,7700.0,SPXW260831P07700000,61.7,62.1,61.900000000000006,62.04,-20.16,-24.5255,886.0,2584.0,0.1002,-0.5658,0.0031,4.9958,-2.5617,-0.9647,62.6309,64.6,73.06,53.4,82.2000007629394,no_change,2026-08-21T16:13:00,0.0,0.0
SPXW,2026-08-31,10,Call,7705.0,SPXW260831C07705000,38.3,38.6,38.45,39.05,1.5,3.99467,12.0,349.0,0.0996,0.4182,0.0031,4.9611,-2.5254,0.6938,37.9211,42.1,42.1,38.67,37.5500011444092,up,2026-08-21T16:06:59,0.0,0.0
SPXW,2026-08-31,10,Put,7705.0,SPXW260831P07705000,64.3,64.6,64.44999999999999,61.9,-23.1,-27.1765,67.0,267.0,0.0996,-0.5817,0.0031,4.9611,-2.5254,-0.9923,65.2207,70.55,73.7,56.1,85.0,down,2026-08-21T15:32:55,0.0,0.0
SPXW,2026-08-31,10,Call,7710.0,SPXW260831C07710000,36.0,36.3,36.15,40.3,4.85,13.6812,98.0,300.0,0.099,0.4024,0.0031,4.9193,-2.4852,0.6676,35.6051,37.58,43.62,36.45,35.4499988555908,up,2026-08-21T15:45:15,0.0,0.0
SPXW,2026-08-31,10,Put,7710.0,SPXW260831P07710000,67.0,67.3,67.15,68.36,-19.44,-22.1412,19.0,184.0,0.099,-0.5975,0.0031,4.9193,-2.4852,-1.0196,67.8997,73.08,77.42,60.42,87.7999992370606,up,2026-08-21T13:55:24,0.0,0.0
SPXW,2026-08-31,10,Call,7715.0,SPXW260831C07715000,33.7,34.0,33.85,34.45,1.1,3.29835,91.0,1232.0,0.0984,0.3865,0.0031,4.8705,-2.4414,0.6417,33.3779,35.97,46.09,31.76,33.3500003814697,down,2026-08-21T16:06:59,0.0,0.0
SPXW,2026-08-31,10,Put,7715.0,SPXW260831P07715000,69.7,70.1,69.9,70.82,-19.98,-22.0044,3.0,150.0,0.0983,-0.6134,0.0031,4.8705,-2.4414,-1.0466,70.668,79.03,79.03,70.82,90.7999992370606,down,2026-08-21T11:14:54,0.0,0.0
SPXW,2026-08-31,10,Call,7720.0,SPXW260831C07720000,31.6,31.9,31.75,34.15,2.8,8.93142,134.0,528.0,0.0979,0.3706,0.003,4.8137,-2.394,0.6153,31.2404,32.68,43.03,29.94,31.3500003814697,down,2026-08-21T15:53:09,0.0,0.0
SPXW,2026-08-31,10,Put,7720.0,SPXW260831P07720000,72.6,72.9,72.75,70.79,-23.01,-24.5309,43.0,381.0,0.0978,-0.6293,0.003,4.8137,-2.394,-1.0741,73.5258,82.29,82.29,62.6,93.7999992370606,up,2026-08-21T15:52:56,0.0,0.0
SPXW,2026-08-31,10,Call,7725.0,SPXW260831C07725000,29.5,29.8,29.65,29.78,0.38,1.29252,115.0,1396.0,0.0972,0.3548,0.003,4.7484,-2.3431,0.5888,29.1943,34.2,37.7,28.27,29.3999996185303,down,2026-08-21T16:14:39,0.0,0.0
SPXW,2026-08-31,10,Put,7725.0,SPXW260831P07725000,75.5,76.0,75.75,73.0,-23.8,-24.5868,47.0,1121.0,0.0973,-0.645,0.003,4.7484,-2.3431,-1.1017,76.4747,84.73,84.91,71.17,96.7999992370606,down,2026-08-21T15:58:30,0.0,0.0
SPXW,2026-08-31,10,Call,7730.0,SPXW260831C07730000,27.5,27.8,27.65,29.63,2.08,7.54991,236.0,355.0,0.0968,0.3392,0.003,4.6759,-2.2888,0.5627,27.2388,29.59,35.8,27.42,27.5500001907349,down,2026-08-21T15:55:53,0.0,0.0
SPXW,2026-08-31,10,Put,7730.0,SPXW260831P07730000,78.5,78.9,78.7,78.8,-21.2,-21.2,44.0,149.0,0.0967,-0.6607,0.003,4.6759,-2.2888,-1.1289,79.5147,86.4,86.4,68.2,100.0,down,2026-08-21T16:06:40,0.0,0.0
SPXW,2026-08-31,10,Call,7735.0,SPXW260831C07735000,25.7,25.9,25.799999999999997,26.7,0.95,3.68932,89.0,537.0,0.0962,0.3236,0.0029,4.5974,-2.2314,0.5372,25.3725,28.6,35.27,26.15,25.75,down,2026-08-21T16:00:50,0.0,0.0
SPXW,2026-08-31,10,Put,7735.0,SPXW260831P07735000,81.6,82.0,81.8,84.55,-18.6,-18.032,23.0,176.0,0.0961,-0.6763,0.0029,4.5974,-2.2314,-1.1555,82.6435,86.24,86.24,72.77,103.150001525879,down,2026-08-21T14:36:00,0.0,0.0
SPXW,2026-08-31,10,Call,7740.0,SPXW260831C07740000,23.9,24.1,24.0,26.4,-0.5,-2.079,87.0,958.0,0.0956,0.3082,0.0029,4.5123,-2.1712,0.5117,23.5938,26.23,33.74,22.95,24.0500001907349,no_change,2026-08-21T15:42:45,0.0,0.0
SPXW,2026-08-31,10,Put,7740.0,SPXW260831P07740000,84.8,85.2,85.0,84.62,-21.83,-20.5073,40.0,210.0,0.0956,-0.6916,0.0029,4.5123,-2.1712,-1.182,85.86,94.25,94.25,77.61,106.449996948242,no_change,2026-08-21T13:30:05,0.0,0.0
SPXW,2026-08-31,10,Call,7745.0,SPXW260831C07745000,22.1,22.4,22.25,25.3,2.85,12.6949,62.0,199.0,0.0951,0.2931,0.0028,4.4191,-2.1081,0.4862,21.9029,24.17,29.89,22.05,22.4499998092651,up,2026-08-21T15:44:13,0.0,0.0
SPXW,2026-08-31,10,Put,7745.0,SPXW260831P07745000,87.5,88.7,88.1,85.87,-23.98,-21.8298,5.0,90.0,0.095,-0.7068,0.0028,4.4191,-2.1081,-1.2087,89.1643,97.6,97.6,85.87,109.849998474121,down,2026-08-21T11:32:48,0.0,0.0
SPXW,2026-08-31,10,Call,7750.0,SPXW260831C07750000,20.5,20.7,20.6,20.7,-0.21,-1.00478,1544.0,3055.0,0.0945,0.2781,0.0028,4.3189,-2.0425,0.4612,20.2985,24.54,30.15,19.47,20.8999996185303,up,2026-08-21T16:14:46,0.0,0.0
SPXW,2026-08-31,10,Put,7750.0,SPXW260831P07750000,89.8,93.3,91.55,88.76,-24.39,-21.5555,42.0,2260.0,0.0944,-0.7218,0.0028,4.3189,-2.0425,-1.2347,92.5553,94.78,102.51,80.78,113.149997711182,down,2026-08-21T15:33:49,0.0,0.0
SPXW,2026-08-31,10,Call,7755.0,SPXW260831C07755000,19.0,19.2,19.1,19.86,0.41,2.10797,41.0,200.0,0.0942,0.2635,0.0027,4.2141,-1.9747,0.4371,18.778,20.97,23.07,18.8,19.4499998092651,down,2026-08-21T16:00:49,0.0,0.0
SPXW,2026-08-31,10,Put,7755.0,SPXW260831P07755000,93.3,96.7,95.0,92.33,-20.24,-17.3139,8.0,433.0,0.094,-0.7364,0.0027,4.2141,-1.9747,-1.2599,96.0298,104.71,104.88,92.33,116.900001525879,down,2026-08-21T15:28:08,0.0,0.0
SPXW,2026-08-31,10,Call,7760.0,SPXW260831C07760000,17.5,17.7,17.6,17.54,-0.51,-2.82549,560.0,423.0,0.0936,0.2491,0.0027,4.1047,-1.9049,0.4133,17.3386,22.2,26.5,17.0,18.0500001907349,no_change,2026-08-21T16:13:00,0.0,0.0
SPXW,2026-08-31,10,Put,7760.0,SPXW260831P07760000,96.8,100.3,98.55,96.2,-24.3,-20.166,12.0,668.0,0.0935,-0.7508,0.0027,4.1047,-1.9049,-1.2848,99.5858,100.4,100.4,92.61,120.5,up,2026-08-21T13:20:13,0.0,0.0
SPXW,2026-08-31,10,Call,7765.0,SPXW260831C07765000,16.1,16.4,16.25,16.3,-0.4,-2.39521,76.0,413.0,0.0932,0.235,0.0026,3.9889,-1.8333,0.3897,15.9799,18.25,20.4,16.21,16.6999998092651,down,2026-08-21T16:14:38,0.0,0.0
SPXW,2026-08-31,10,Put,7765.0,SPXW260831P07765000,99.1,104.7,101.9,101.15,-23.05,-18.5588,12.0,156.0,0.0932,-0.7648,0.0026,3.9889,-1.8333,-1.3096,103.2223,108.37,108.37,101.15,124.200000762939,down,2026-08-21T11:31:57,0.0,0.0
SPXW,2026-08-31,10,Call,7770.0,SPXW260831C07770000,14.8,15.1,14.95,15.36,-0.09,-0.582526,122.0,295.0,0.0928,0.2214,0.0025,3.8672,-1.7603,0.3668,14.7004,16.08,19.0,14.73,15.4500002861023,down,2026-08-21T16:09:11,0.0,0.0
SPXW,2026-08-31,10,Put,7770.0,SPXW260831P07770000,102.8,108.4,105.6,101.74,-26.21,-20.4846,26.0,136.0,0.0932,-0.7785,0.0025,3.8672,-1.7603,-1.3336,106.9379,114.76,116.92,101.06,127.950004577637,down,2026-08-21T15:30:08,0.0,0.0
SPXW,2026-08-31,10,Call,7775.0,SPXW260831C07775000,13.6,13.8,13.7,13.82,-0.43,-3.01754,119.0,1600.0,0.0922,0.208,0.0024,3.7425,-1.6862,0.3449,13.4963,16.57,20.7,13.71,14.25,up,2026-08-21T16:14:38,0.0,0.0
SPXW,2026-08-31,10,Put,7775.0,SPXW260831P07775000,106.5,112.2,109.35,104.88,-20.25,-15.3759,4.0,769.0,0.0922,-0.7919,0.0024,3.7425,-1.6862,-1.3566,110.729,111.22,111.22,97.77,131.699996948242,up,2026-08-21T15:42:45,0.0,0.0
SPXW,2026-08-31,10,Call,7780.0,SPXW260831C07780000,12.5,12.7,12.6,15.43,2.33,17.7863,54.0,282.0,0.0918,0.1951,0.0024,3.6154,-1.6113,0.3234,12.3655,14.52,17.97,11.9,13.0999999046326,up,2026-08-21T15:49:37,0.0,0.0
SPXW,2026-08-31,10,Put,7780.0,SPXW260831P07780000,110.3,115.9,113.1,115.02,-20.58,-15.177,51.0,447.0,0.0917,-0.8048,0.0024,3.6154,-1.6113,-1.3791,114.5934,118.15,118.15,115.02,135.599998474121,down,2026-08-21T10:56:53,0.0,0.0
SPXW,2026-08-31,10,Call,7785.0,SPXW260831C07785000,11.4,11.6,11.5,12.83,0.73,6.03306,40.0,209.0,0.0915,0.1826,0.0023,3.4842,-1.5359,0.3023,11.3068,11.5,16.65,11.46,12.0999999046326,down,2026-08-21T15:57:38,0.0,0.0
SPXW,2026-08-31,10,Put,7785.0,SPXW260831P07785000,114.2,120.0,117.1,114.05,-25.5,-18.273,15.0,114.0,0.0912,-0.8173,0.0023,3.4842,-1.5359,-1.4013,118.53,114.21,114.21,104.43,139.550003051758,up,2026-08-21T15:28:08,0.0,0.0
SPXW,2026-08-31,10,Call,7790.0,SPXW260831C07790000,10.4,10.6,10.5,10.85,-0.25,-2.25225,106.0,160.0,0.0912,0.1705,0.0022,3.3492,-1.4604,0.2822,10.3183,12.37,17.45,10.6,11.0999999046326,down,2026-08-21T16:03:07,0.0,0.0
SPXW,2026-08-31,10,Put,7790.0,SPXW260831P07790000,118.2,123.8,121.0,119.39,-24.16,-16.8304,20.0,98.0,0.0906,-0.8294,0.0022,3.3492,-1.4604,-1.4225,122.5367,129.64,133.49,119.39,143.550003051758,no_change,2026-08-21T13:22:14,0.0,0.0
SPXW,2026-08-31,10,Call,7795.0,SPXW260831C07795000,9.5,9.7,9.6,9.31,-0.84,-8.27586,200.0,179.0,0.0909,0.1589,0.0021,3.2131,-1.3851,0.2631,9.3967,12.65,15.57,9.31,10.1500000953674,down,2026-08-21T16:13:38,0.0,0.0
SPXW,2026-08-31,10,Put,7795.0,SPXW260831P07795000,122.2,127.9,125.05000000000001,129.72,-17.93,-12.1436,3.0,36.0,0.0907,-0.841,0.0021,3.2131,-1.3851,-1.4427,126.6103,121.09,129.72,121.09,147.649993896484,up,2026-08-21T14:33:39,0.0,0.0
SPXW,2026-08-31,10,Call,7800.0,SPXW260831C07800000,8.6,8.8,8.7,9.05,-0.81,-8.70967,534.0,2814.0,0.0902,0.1477,0.002,3.077,-1.3104,0.2446,8.5396,11.7,14.42,8.4,9.2999997138977,down,2026-08-21T16:07:23,0.0,0.0
SPXW,2026-08-31,10,Put,7800.0,SPXW260831P07800000,126.7,132.1,129.4,120.05,-31.75,-20.9157,23.0,785.0,0.0902,-0.8522,0.002,3.077,-1.3104,-1.4623,130.7484,136.2,139.85,120.05,151.800003051758,down,2026-08-21T15:48:03,0.0,0.0
SPXW,2026-08-31,10,Call,7805.0,SPXW260831C07805000,7.8,8.0,7.9,9.2,0.7,8.23529,87.0,255.0,0.09,0.1371,0.0019,2.9395,-1.2366,0.2266,7.7457,9.7,10.9,7.95,8.5,down,2026-08-21T15:39:38,0.0,0.0
SPXW,2026-08-31,10,Put,7805.0,SPXW260831P07805000,130.9,136.5,133.7,124.76,-31.19,-20.0,1.0,73.0,0.0897,-0.8628,0.0019,2.9395,-1.2366,-1.4814,134.9498,124.76,124.76,124.76,155.950004577637,down,2026-08-21T11:39:23,0.0,0.0
SPXW,2026-08-31,10,Call,7810.0,SPXW260831C07810000,7.1,7.3,7.199999999999999,8.4,0.65,8.3871,108.0,286.0,0.0898,0.1269,0.0018,2.8009,-1.1642,0.2097,7.0126,9.12,11.5,7.23,7.75,up,2026-08-21T15:59:06,0.0,0.0
SPXW,2026-08-31,10,Put,7810.0,SPXW260831P07810000,135.1,140.6,137.85,132.43,-27.82,-17.3604,1.0,70.0,0.0894,-0.873,0.0018,2.8009,-1.1642,-1.4994,139.2118,132.43,132.43,132.43,160.25,down,2026-08-21T12:09:41,0.0,0.0
SPXW,2026-08-31,10,Call,7815.0,SPXW260831C07815000,6.4,6.6,6.5,7.35,0.25,3.52113,80.0,288.0,0.0894,0.1172,0.0017,2.6636,-1.0932,0.1939,6.3367,9.22,11.05,6.67,7.09999990463257,down,2026-08-21T15:56:42,0.0,0.0
SPXW,2026-08-31,10,Put,7815.0,SPXW260831P07815000,139.4,144.9,142.15,162.97,0.0,0.0,0.0,41.0,0.0888,-0.8826,0.0017,2.6636,-1.0932,-1.5163,143.5312,0.0,0.0,0.0,164.549995422363,up,2026-08-20T15:50:14,0.0,0.0
SPXW,2026-08-31,10,Call,7820.0,SPXW260831C07820000,5.8,6.0,5.9,5.73,-0.72,-11.25,157.0,847.0,0.0894,0.1081,0.0016,2.5285,-1.0243,0.1786,5.7158,6.8,9.55,5.73,6.40000009536743,down,2026-08-21T16:13:38,0.0,0.0
SPXW,2026-08-31,10,Put,7820.0,SPXW260831P07820000,143.8,149.3,146.55,116.81,0.0,0.0,0.0,45.0,0.0886,-0.8918,0.0016,2.5285,-1.0243,-1.5327,147.9055,0.0,0.0,0.0,168.900001525879,up,2026-08-19T15:42:00,0.0,0.0
SPXW,2026-08-31,10,Call,7825.0,SPXW260831C07825000,5.2,5.4,5.300000000000001,5.3,-0.69,-11.8966,292.0,1972.0,0.0887,0.0995,0.0016,2.3949,-0.9575,0.1641,5.1481,8.03,9.4,5.3,5.79999995231628,down,2026-08-21T16:12:52,0.0,0.0
SPXW,2026-08-31,10,Put,7825.0,SPXW260831P07825000,148.2,153.8,151.0,151.65,-21.65,-12.4928,2.0,78.0,0.0884,-0.9004,0.0016,2.3949,-0.9575,-1.5483,152.333,151.65,151.65,151.65,173.299995422363,up,2026-08-21T10:57:08,0.0,0.0
SPXW,2026-08-31,10,Call,7830.0,SPXW260831C07830000,4.7,4.9,4.800000000000001,4.75,-0.65,-12.2642,261.0,657.0,0.0888,0.0914,0.0015,2.2632,-0.8932,0.1507,4.6303,5.6,8.6,4.75,5.29999995231628,down,2026-08-21T16:12:52,0.0,0.0
SPXW,2026-08-31,10,Put,7830.0,SPXW260831P07830000,149.4,164.0,156.7,140.15,0.0,0.0,0.0,161.0,0.0901,-0.9085,0.0015,2.2632,-0.8932,-1.5627,156.8105,0.0,0.0,0.0,178.100006103516,up,2026-08-18T11:15:00,0.0,0.0
SPXW,2026-08-31,10,Call,7835.0,SPXW260831C07835000,4.2,4.4,4.300000000000001,4.6,-0.65,-13.5417,70.0,139.0,0.0884,0.0838,0.0014,2.135,-0.8316,0.1383,4.1592,6.68,6.68,4.49,4.79999995231628,down,2026-08-21T16:05:47,0.0,0.0
SPXW,2026-08-31,10,Put,7835.0,SPXW260831P07835000,153.9,168.5,161.2,90.81,0.0,0.0,0.0,67.0,0.0898,-0.9161,0.0014,2.135,-0.8316,-1.5763,161.3345,0.0,0.0,0.0,182.0,up,2026-08-17T10:35:44,0.0,0.0
SPXW,2026-08-31,10,Call,7840.0,SPXW260831C07840000,3.8,4.0,3.9,3.91,-0.44,-10.1149,101.0,2059.0,0.0881,0.0767,0.0013,2.011,-0.7728,0.1264,3.7321,5.45,6.5,3.91,4.34999990463257,down,2026-08-21T16:10:41,0.0,0.0
SPXW,2026-08-31,10,Put,7840.0,SPXW260831P07840000,157.7,173.1,165.39999999999998,157.16,-29.89,-15.9797,50.0,43.0,0.0899,-0.9232,0.0013,2.011,-0.7728,-1.5892,165.9028,157.16,157.16,157.16,187.049995422363,up,2026-08-21T12:29:20,0.0,0.0
SPXW,2026-08-31,10,Call,7845.0,SPXW260831C07845000,3.4,3.6,3.5,3.42,-0.48,-12.3077,47.0,163.0,0.0879,0.0702,0.0012,1.891,-0.7171,0.1154,3.347,4.2,6.9,3.42,3.89999997615814,down,2026-08-21T16:13:39,0.0,0.0
SPXW,2026-08-31,10,Put,7845.0,SPXW260831P07845000,162.3,177.2,169.75,135.52,0.0,0.0,0.0,34.0,0.0898,-0.9297,0.0012,1.891,-0.7171,-1.6013,170.5128,0.0,0.0,0.0,191.650001525879,up,2026-08-19T13:59:17,0.0,0.0
SPXW,2026-08-31,10,Call,7850.0,SPXW260831C07850000,3.0,3.2,3.1,3.09,-0.5,-14.2857,476.0,2739.0,0.088,0.0641,0.0011,1.7752,-0.6646,0.1055,3.0002,4.5,6.3,3.09,3.5,down,2026-08-21T16:13:38,0.0,0.0
SPXW,2026-08-31,10,Put,7850.0,SPXW260831P07850000,167.9,182.9,175.4,166.15,-30.25,-15.4022,51.0,122.0,0.0895,-0.9358,0.0011,1.7752,-0.6646,-1.6124,175.1613,157.78,166.15,157.78,196.399993896484,up,2026-08-21T12:29:20,0.0,0.0
SPXW,2026-08-31,10,Call,7855.0,SPXW260831C07855000,2.75,2.9,2.825,2.95,-0.5,-15.625,71.0,196.0,0.0877,0.0585,0.001,1.6644,-0.6151,0.0963,2.6887,4.1,4.1,2.95,3.19999992847443,no_change,2026-08-21T16:09:24,0.0,0.0
SPXW,2026-08-31,10,Put,7855.0,SPXW260831P07855000,171.6,186.5,179.05,130.71,0.0,0.0,0.0,20.0,0.0896,-0.9414,0.001,1.6644,-0.6151,-1.6226,179.845,0.0,0.0,0.0,200.700004577637,up,2026-08-19T12:28:30,0.0,0.0
SPXW,2026-08-31,10,Call,7860.0,SPXW260831C07860000,2.45,2.6,2.5250000000000004,2.47,-0.405,-14.087,147.0,227.0,0.0877,0.0534,0.001,1.5591,-0.569,0.0877,2.41,2.92,3.97,2.47,2.875,down,2026-08-21T16:13:39,0.0,0.0
SPXW,2026-08-31,10,Put,7860.0,SPXW260831P07860000,177.3,192.0,184.65,106.58,0.0,0.0,0.0,11.0,0.0896,-0.9465,0.001,1.5591,-0.569,-1.6324,184.5615,0.0,0.0,0.0,205.799995422363,down,2026-08-17T10:35:44,0.0,0.0
SPXW,2026-08-31,10,Call,7865.0,SPXW260831C07865000,2.2,2.35,2.2750000000000004,2.75,0.125,4.7619,75.0,162.0,0.0876,0.0486,0.0009,1.4593,-0.526,0.0798,2.1616,2.77,2.93,2.42,2.625,no_change,2026-08-21T15:06:25,0.0,0.0
SPXW,2026-08-31,10,Put,7865.0,SPXW260831P07865000,181.8,194.5,188.15,178.7,0.0,0.0,0.0,302.0,0.0879,-0.9512,0.0009,1.4593,-0.526,-1.6413,189.3083,0.0,0.0,0.0,209.700004577637,up,2026-08-20T10:23:39,0.0,0.0
SPXW,2026-08-31,10,Call,7870.0,SPXW260831C07870000,1.95,2.1,2.025,2.16,-0.38,-16.1702,59.0,355.0,0.0874,0.0444,0.0008,1.3649,-0.4862,0.0728,1.9404,2.6,3.4,2.16,2.35000002384186,down,2026-08-21T16:01:13,0.0,0.0
SPXW,2026-08-31,10,Put,7870.0,SPXW260831P07870000,186.8,201.7,194.25,114.49,0.0,0.0,0.0,8.0,0.0897,-0.9555,0.0008,1.3649,-0.4862,-1.6494,194.0824,0.0,0.0,0.0,215.199996948242,up,2026-08-14T13:30:59,0.0,0.0
SPXW,2026-08-31,10,Call,7875.0,SPXW260831C07875000,1.75,1.9,1.825,1.77,-0.405,-19.0588,97.0,2482.0,0.0875,0.0405,0.0008,1.2761,-0.4495,0.0664,1.7439,2.52,3.2,1.77,2.125,no_change,2026-08-21T16:14:03,0.0,0.0
SPXW,2026-08-31,10,Put,7875.0,SPXW260831P07875000,190.8,206.5,198.65,152.4,0.0,0.0,0.0,64.0,0.09,-0.9594,0.0008,1.2761,-0.4495,-1.6569,198.8811,0.0,0.0,0.0,218.899993896484,up,2026-08-19T12:37:48,0.0,0.0
SPXW,2026-08-31,10,Call,7880.0,SPXW260831C07880000,1.55,1.7,1.625,1.62,-0.345,-17.9221,297.0,491.0,0.0876,0.0369,0.0007,1.193,-0.4158,0.0605,1.5697,2.71,3.22,1.62,1.92500001192093,down,2026-08-21T16:14:03,0.0,0.0
SPXW,2026-08-31,10,Put,7880.0,SPXW260831P07880000,195.1,211.1,203.1,207.53,-16.17,-7.22843,1.0,20.0,0.0901,-0.963,0.0007,1.193,-0.4158,-1.6639,203.7021,207.53,207.53,207.53,223.699996948242,up,2026-08-21T09:40:09,0.0,0.0
SPXW,2026-08-31,10,Call,7885.0,SPXW260831C07885000,1.4,1.55,1.475,1.85,0.125,7.24638,652.0,1701.0,0.0875,0.0337,0.0007,1.1154,-0.3849,0.0552,1.4158,1.94,2.92,1.67,1.72499996423721,no_change,2026-08-21T15:07:38,0.0,0.0
SPXW,2026-08-31,10,Put,7885.0,SPXW260831P07885000,199.1,215.0,207.05,109.0,0.0,0.0,0.0,13.0,0.091,-0.9662,0.0007,1.1154,-0.3849,-1.6703,208.5434,0.0,0.0,0.0,228.050003051758,down,2026-08-13T10:40:53,0.0,0.0
SPXW,2026-08-31,10,Call,7890.0,SPXW260831C07890000,1.25,1.4,1.325,1.32,-0.23,-14.8387,102.0,550.0,0.0875,0.0308,0.0006,1.0434,-0.3567,0.0504,1.2799,1.61,2.4,1.32,1.55000001192093,down,2026-08-21T16:13:18,0.0,0.0
SPXW,2026-08-31,10,Put,7890.0,SPXW260831P07890000,201.0,223.2,212.1,217.3,-15.5,-6.65808,1.0,14.0,0.0908,-0.969,0.0006,1.0434,-0.3567,-1.6761,213.4028,217.3,217.3,217.3,232.800003051758,up,2026-08-21T09:40:09,0.0,0.0
SPXW,2026-08-31,10,Call,7895.0,SPXW260831C07895000,1.1,1.25,1.175,1.25,-0.15,-10.7143,49.0,528.0,0.0877,0.0282,0.0006,0.9766,-0.331,0.0462,1.1599,1.63,1.78,1.25,1.40000003576279,down,2026-08-21T16:08:11,0.0,0.0
SPXW,2026-08-31,10,Put,7895.0,SPXW260831P07895000,205.7,228.1,216.89999999999998,369.2,0.0,0.0,0.0,3.0,0.0915,-0.9716,0.0006,0.9766,-0.331,-1.6815,218.278,0.0,0.0,0.0,238.5,up,2026-06-03T12:40:35,0.0,0.0
SPXW,2026-08-31,10,Call,7900.0,SPXW260831C07900000,1.05,1.15,1.1,1.14,-0.28,-21.5385,329.0,5958.0,0.088,0.0259,0.0005,0.9148,-0.3077,0.0424,1.0541,1.55,2.17,1.12,1.30000001192093,no_change,2026-08-21T16:11:55,0.0,0.0
SPXW,2026-08-31,10,Put,7900.0,SPXW260831P07900000,210.2,230.2,220.2,248.71,0.0,0.0,0.0,73.0,0.0922,-0.974,0.0005,0.9148,-0.3077,-1.6864,223.1673,0.0,0.0,0.0,243.400001525879,up,2026-08-20T16:12:13,0.0,0.0
SPXW,2026-08-31,10,Call,7905.0,SPXW260831C07905000,0.9,1.05,0.9750000000000001,1.2,0.05,4.34782,38.0,1211.0,0.0883,0.0238,0.0005,0.8577,-0.2866,0.0389,0.9609,1.44,1.5,1.15,1.15000003576279,up,2026-08-21T15:06:37,0.0,0.0
SPXW,2026-08-31,10,Put,7905.0,SPXW260831P07905000,215.0,237.7,226.35,322.1,0.0,0.0,0.0,16.0,0.0915,-0.976,0.0005,0.8577,-0.2866,-1.691,228.0694,0.0,0.0,0.0,247.099998474121,no_change,2026-08-03T11:14:31,0.0,0.0
SPXW,2026-08-31,10,Call,7910.0,SPXW260831C07910000,0.8,0.95,0.875,1.05,0.0,-1.13533e-06,120.0,444.0,0.0888,0.022,0.0005,0.8053,-0.2675,0.0358,0.8789,1.56,1.56,1.05,1.05000001192093,no_change,2026-08-21T15:44:36,0.0,0.0
SPXW,2026-08-31,10,Put,7910.0,SPXW260831P07910000,219.9,242.7,231.3,143.33,0.0,0.0,0.0,8.0,0.0932,-0.9779,0.0005,0.8053,-0.2675,-1.6952,232.9826,0.0,0.0,0.0,253.150009155273,up,2026-08-17T11:34:30,0.0,0.0
SPXW,2026-08-31,10,Call,7915.0,SPXW260831C07915000,0.75,0.85,0.8,0.85,-0.125,-12.8205,36.0,152.0,0.0887,0.0203,0.0004,0.7572,-0.2503,0.033,0.8067,1.05,1.32,0.85,0.974999964237213,down,2026-08-21T16:02:04,0.0,0.0
SPXW,2026-08-31,10,Put,7915.0,SPXW260831P07915000,224.8,248.2,236.5,164.91,0.0,0.0,0.0,1.0,0.0936,-0.9796,0.0004,0.7572,-0.2503,-1.699,237.9057,0.0,0.0,0.0,257.650001525879,up,2026-08-17T15:45:57,0.0,0.0
SPXW,2026-08-31,10,Call,7920.0,SPXW260831C07920000,0.65,0.8,0.7250000000000001,0.92,0.02,2.22222,46.0,479.0,0.0894,0.0188,0.0004,0.7131,-0.2348,0.0306,0.743,0.95,1.52,0.9,0.900000005960464,up,2026-08-21T15:26:25,0.0,0.0
SPXW,2026-08-31,10,Put,7920.0,SPXW260831P07920000,229.7,252.5,241.1,209.17,0.0,0.0,0.0,4.0,0.0939,-0.9811,0.0004,0.7131,-0.2348,-1.7025,242.8372,0.0,0.0,0.0,262.849998474121,no_change,2026-08-18T12:56:47,0.0,0.0
SPXW,2026-08-31,10,Call,7925.0,SPXW260831C07925000,0.6,0.75,0.675,0.85,0.05,6.25,180.0,501.0,0.09,0.0174,0.0004,0.6728,-0.2208,0.0284,0.6869,1.32,1.4,0.83,0.800000011920929,up,2026-08-21T15:33:07,0.0,0.0
SPXW,2026-08-31,10,Put,7925.0,SPXW260831P07925000,234.7,258.6,246.65,360.0,0.0,0.0,0.0,3.0,0.0956,-0.9824,0.0004,0.6728,-0.2208,-1.7058,247.7762,0.0,0.0,0.0,267.850006103516,down,2026-06-04T14:38:30,0.0,0.0
SPXW,2026-08-31,10,Call,7930.0,SPXW260831C07930000,0.55,0.7,0.625,0.72,-0.03,-4.0,94.0,157.0,0.0906,0.0162,0.0004,0.6357,-0.2082,0.0264,0.6373,1.03,1.3,0.7,0.75,up,2026-08-21T15:57:58,0.0,0.0
SPXW,2026-08-31,10,Put,7930.0,SPXW260831P07930000,239.6,262.4,251.0,0.0,0.0,0.0,0.0,0.0,0.0957,-0.9836,0.0004,0.6357,-0.2082,-1.7089,252.7219,0.0,0.0,0.0,272.800003051758,no_change,,0.0,0.0
SPXW,2026-08-31,10,Call,7935.0,SPXW260831C07935000,0.55,0.65,0.6000000000000001,0.75,0.05,7.14286,42.0,139.0,0.091,0.0152,0.0003,0.6017,-0.1969,0.0246,0.5936,0.8,1.0,0.7,0.699999988079071,no_change,2026-08-21T15:29:29,0.0,0.0
SPXW,2026-08-31,10,Put,7935.0,SPXW260831P07935000,244.5,267.8,256.15,182.4,0.0,0.0,0.0,1.0,0.0974,-0.9847,0.0003,0.6017,-0.1969,-1.7118,257.6734,0.0,0.0,0.0,277.549987792969,up,2026-08-17T15:45:57,0.0,0.0
SPXW,2026-08-31,10,Call,7940.0,SPXW260831C07940000,0.5,0.6,0.55,0.57,-0.08,-12.3077,27.0,296.0,0.0914,0.0142,0.0003,0.5707,-0.1867,0.023,0.5549,1.0,1.0,0.55,0.650000005960464,up,2026-08-21T16:08:41,0.0,0.0
SPXW,2026-08-31,10,Put,7940.0,SPXW260831P07940000,250.9,273.4,262.15,244.75,0.0,0.0,0.0,1.0,0.0974,-0.9857,0.0003,0.5707,-0.1867,-1.7145,262.63,0.0,0.0,0.0,282.049987792969,up,2026-08-20T09:34:42,0.0,0.0
SPXW,2026-08-31,10,Call,7945.0,SPXW260831C07945000,0.45,0.6,0.525,0.6,0.0,9.93411e-07,17.0,397.0,0.0929,0.0133,0.0003,0.5423,-0.1776,0.0216,0.5207,0.71,0.71,0.6,0.599999994039536,no_change,2026-08-21T15:06:39,0.0,0.0
SPXW,2026-08-31,10,Put,7945.0,SPXW260831P07945000,254.5,278.3,266.4,379.53,0.0,0.0,0.0,10.0,0.099,-0.9866,0.0003,0.5423,-0.1776,-1.717,267.591,0.0,0.0,0.0,287.600006103516,down,2026-06-04T13:07:59,0.0,0.0
SPXW,2026-08-31,10,Call,7950.0,SPXW260831C07950000,0.45,0.55,0.5,0.5,-0.075,-13.0435,103.0,7199.0,0.0931,0.0125,0.0003,0.5164,-0.1693,0.0204,0.4903,0.65,0.95,0.5,0.575000017881394,down,2026-08-21T15:57:00,0.0,0.0
SPXW,2026-08-31,10,Put,7950.0,SPXW260831P07950000,259.4,283.0,271.2,263.68,0.0,0.0,0.0,6.0,0.0988,-0.9873,0.0003,0.5164,-0.1693,-1.7194,272.5558,0.0,0.0,0.0,292.550003051758,up,2026-08-20T10:20:38,0.0,0.0
SPXW,2026-08-31,10,Call,7955.0,SPXW260831C07955000,0.4,0.55,0.47500000000000003,0.45,-0.1,-18.1818,18.0,120.0,0.0932,0.0118,0.0003,0.4927,-0.1619,0.0192,0.4632,0.6,0.6,0.45,0.550000011920929,down,2026-08-21T15:57:13,0.0,0.0
SPXW,2026-08-31,10,Put,7955.0,SPXW260831P07955000,264.4,287.1,275.75,232.87,0.0,0.0,0.0,11.0,0.1004,-0.988,0.0003,0.4927,-0.1619,-1.7216,277.5239,0.0,0.0,0.0,297.150009155273,down,2026-08-11T15:54:13,0.0,0.0
SPXW,2026-08-31,10,Call,7960.0,SPXW260831C07960000,0.4,0.5,0.45,0.45,-0.05,-10.0,39.0,291.0,0.0946,0.0112,0.0002,0.4709,-0.1552,0.0182,0.4391,0.75,0.75,0.45,0.5,down,2026-08-21T15:57:00,0.0,0.0
SPXW,2026-08-31,10,Put,7960.0,SPXW260831P07960000,269.4,293.3,281.35,0.0,0.0,0.0,0.0,0.0,0.102,-0.9887,0.0002,0.4709,-0.1552,-1.7237,282.495,0.0,0.0,0.0,302.400009155273,no_change,,0.0,0.0
SPXW,2026-08-31,10,Call,7965.0,SPXW260831C07965000,0.35,0.5,0.425,0.4,-0.1,-20.0,18.0,105.0,0.0953,0.0106,0.0002,0.4508,-0.1491,0.0172,0.4175,0.55,0.55,0.4,0.5,down,2026-08-21T15:57:13,0.0,0.0
SPXW,2026-08-31,10,Put,7965.0,SPXW260831P07965000,274.3,297.1,285.70000000000005,0.0,0.0,0.0,0.0,0.0,0.1036,-0.9892,0.0002,0.4508,-0.1491,-1.7258,287.4687,0.0,0.0,0.0,307.050003051758,no_change,,0.0,0.0
SPXW,2026-08-31,10,Call,7970.0,SPXW260831C07970000,0.35,0.45,0.4,0.4,-0.05,-11.1111,22.0,197.0,0.096,0.0101,0.0002,0.4323,-0.1436,0.0164,0.3982,0.6,0.6,0.4,0.450000002980232,down,2026-08-21T15:57:00,0.0,0.0
SPXW,2026-08-31,10,Put,7970.0,SPXW260831P07970000,279.3,302.1,290.70000000000005,0.0,0.0,0.0,0.0,0.0,0.1032,-0.9898,0.0002,0.4323,-0.1436,-1.7277,292.4446,0.0,0.0,0.0,312.400009155273,no_change,,0.0,0.0
SPXW,2026-08-31,10,Call,7975.0,SPXW260831C07975000,0.3,0.45,0.375,0.35,-0.1,-22.2222,65.0,685.0,0.0974,0.0096,0.0002,0.4153,-0.1387,0.0156,0.3808,0.58,0.7,0.35,0.450000002980232,down,2026-08-21T15:57:14,0.0,0.0
SPXW,2026-08-31,10,Put,7975.0,SPXW260831P07975000,285.6,308.2,296.9,295.33,-21.77,-6.86534,1.0,2.0,0.1048,-0.9902,0.0002,0.4153,-0.1387,-1.7296,297.4224,295.33,295.33,295.33,317.100006103516,up,2026-08-21T14:53:04,0.0,0.0
SPXW,2026-08-31,10,Call,7980.0,SPXW260831C07980000,0.3,0.45,0.375,0.4,0.0,2.23517e-06,28.0,661.0,0.098,0.0092,0.0002,0.3996,-0.1342,0.0149,0.3653,0.45,0.65,0.4,0.399999991059303,down,2026-08-21T15:06:37,0.0,0.0
SPXW,2026-08-31,10,Put,7980.0,SPXW260831P07980000,289.3,312.6,300.95000000000005,0.0,0.0,0.0,0.0,0.0,0.1064,-0.9907,0.0002,0.3995,-0.1342,-1.7314,302.4021,0.0,0.0,0.0,322.199996948242,no_change,,0.0,0.0
SPXW,2026-08-31,10,Call,7985.0,SPXW260831C07985000,0.3,0.4,0.35,0.4,0.0,2.23517e-06,29.0,122.0,0.0994,0.0088,0.0002,0.385,-0.1301,0.0142,0.3512,0.4,0.44,0.4,0.399999991059303,down,2026-08-21T15:19:48,0.0,0.0
SPXW,2026-08-31,10,Put,7985.0,SPXW260831P07985000,294.2,318.1,306.15,303.38,-23.82,-7.27995,1.0,0.0,0.108,-0.9911,0.0002,0.3849,-0.13,-1.7331,307.3832,303.38,303.38,303.38,327.199996948242,down,2026-08-21T15:57:43,0.0,0.0
SPXW,2026-08-31,10,Call,7990.0,SPXW260831C07990000,0.3,0.4,0.35,0.4,0.0,2.23517e-06,37.0,199.0,0.0999,0.0085,0.0002,0.3715,-0.1263,0.0137,0.3384,0.5,0.65,0.4,0.399999991059303,no_change,2026-08-21T15:32:40,0.0,0.0
SPXW,2026-08-31,10,Put,7990.0,SPXW260831P07990000,299.2,322.6,310.9,308.38,-23.87,-7.18435,6.0,27.0,0.1095,-0.9914,0.0002,0.3714,-0.1263,-1.7348,312.3656,306.6,308.38,306.6,332.25,up,2026-08-21T15:57:43,0.0,0.0
SPXW,2026-08-31,10,Call,7995.0,SPXW260831C07995000,0.25,0.4,0.325,0.4,0.05,14.2857,49.0,190.0,0.1012,0.0081,0.0002,0.359,-0.1229,0.0131,0.3268,0.5,0.5,0.4,0.350000008940697,no_change,2026-08-21T15:06:31,0.0,0.0
SPXW,2026-08-31,10,Put,7995.0,SPXW260831P07995000,304.2,327.0,315.6,313.72,-23.43,-6.94943,20.0,9.0,0.1088,-0.9918,0.0002,0.3589,-0.1229,-1.7364,317.3492,310.63,313.72,310.63,337.149993896484,up,2026-08-21T13:25:39,0.0,0.0
SPXW,2026-08-31,10,Call,8000.0,SPXW260831C08000000,0.3,0.4,0.35,0.34,-0.1,-28.5714,186.0,9556.0,0.1016,0.0078,0.0002,0.3477,-0.1198,0.0126,0.3165,0.5,0.55,0.33,0.350000008940697,down,2026-08-21T15:59:23,0.0,0.0
SPXW,2026-08-31,10,Put,8000.0,SPXW260831P08000000,309.2,333.1,321.15,316.35,-25.65,-7.5,31.0,175.0,0.1104,-0.992,0.0002,0.3473,-0.1197,-1.738,322.3339,324.24,324.24,303.71,342.0,down,2026-08-21T15:19:44,0.0,0.0
SPXW,2026-08-31,10,Call,8005.0,SPXW260831C08005000,0.25,0.35,0.3,0.32,-0.03,-8.57143,1037.0,2052.0,0.103,0.0076,0.0002,0.3368,-0.1169,0.0122,0.3068,0.4,0.55,0.32,0.350000008940697,down,2026-08-21T16:13:28,0.0,0.0
SPXW,2026-08-31,10,Put,8005.0,SPXW260831P08005000,314.2,337.5,325.85,0.0,0.0,0.0,0.0,0.0,0.1119,-0.9923,0.0002,0.3364,-0.1168,-1.7396,327.3194,0.0,0.0,0.0,347.099990844727,no_change,,0.0,0.0
SPXW,2026-08-31,10,Call,8010.0,SPXW260831C08010000,0.25,0.35,0.3,0.35,0.0,-2.55448e-06,39.0,430.0,0.1043,0.0073,0.0001,0.3266,-0.1142,0.0118,0.2978,0.39,0.52,0.35,0.350000008940697,down,2026-08-21T15:06:11,0.0,0.0
SPXW,2026-08-31,10,Put,8010.0,SPXW260831P08010000,321.2,343.1,332.15,0.0,0.0,0.0,0.0,0.0,0.1135,-0.9926,0.0001,0.3262,-0.1141,-1.7411,332.3057,0.0,0.0,0.0,352.0,no_change,,0.0,0.0
SPXW,2026-08-31,10,Call,8015.0,SPXW260831C08015000,0.25,0.35,0.3,0.35,0.0,-2.55448e-06,53.0,81.0,0.1057,0.007,0.0001,0.317,-0.1118,0.0114,0.2896,0.45,0.5,0.35,0.350000008940697,down,2026-08-21T15:06:11,0.0,0.0
SPXW,2026-08-31,10,Put,8015.0,SPXW260831P08015000,324.1,346.9,335.5,0.0,0.0,0.0,0.0,0.0,0.115,-0.9928,0.0001,0.3167,-0.1117,-1.7426,337.2927,0.0,0.0,0.0,357.149993896484,no_change,,0.0,0.0
SPXW,2026-08-31,10,Call,8020.0,SPXW260831C08020000,0.2,0.35,0.275,0.3,0.0,9.93411e-07,16.0,102.0,0.106,0.0068,0.0001,0.308,-0.1094,0.011,0.282,0.35,0.35,0.3,0.299999997019768,down,2026-08-21T15:06:37,0.0,0.0
SPXW,2026-08-31,10,Put,8020.0,SPXW260831P08020000,329.1,352.6,340.85,215.65,0.0,0.0,0.0,10.0,0.1166,-0.9931,0.0001,0.3077,-0.1094,-1.744,342.2804,0.0,0.0,0.0,361.699996948242,no_change,2026-08-13T10:46:34,0.0,0.0
SPXW,2026-08-31,10,Call,8025.0,SPXW260831C08025000,0.2,0.35,0.275,0.27,-0.03,-10.0,78.0,1387.0,0.1073,0.0066,0.0001,0.2995,-0.1073,0.0107,0.2749,0.47,0.47,0.27,0.299999997019768,down,2026-08-21T16:13:28,0.0,0.0
SPXW,2026-08-31,10,Put,8025.0,SPXW260831P08025000,334.1,357.5,345.8,220.1,0.0,0.0,0.0,10.0,0.1182,-0.9933,0.0001,0.2992,-0.1072,-1.7455,347.2685,0.0,0.0,0.0,366.699996948242,no_change,2026-08-13T10:46:34,0.0,0.0
SPXW,2026-08-31,10,Call,8030.0,SPXW260831C08030000,0.2,0.35,0.275,0.45,0.15,50.0,18.0,71.0,0.1086,0.0064,0.0001,0.2915,-0.1053,0.0104,0.2684,0.34,0.45,0.34,0.299999997019768,no_change,2026-08-21T13:00:40,0.0,0.0
SPXW,2026-08-31,10,Put,8030.0,SPXW260831P08030000,339.1,361.9,350.5,515.5,0.0,0.0,0.0,3.0,0.1198,-0.9935,0.0001,0.2912,-0.1052,-1.7469,352.2572,0.0,0.0,0.0,372.049987792969,up,2026-06-05T11:36:29,0.0,0.0
SPXW,2026-08-31,10,Call,8035.0,SPXW260831C08035000,0.2,0.3,0.25,0.34,0.04,13.3333,6.0,41.0,0.1089,0.0062,0.0001,0.2836,-0.1034,0.01,0.2621,0.32,0.34,0.32,0.299999997019768,no_change,2026-08-21T10:05:15,0.0,0.0
SPXW,2026-08-31,10,Put,8035.0,SPXW260831P08035000,344.1,366.8,355.45000000000005,0.0,0.0,0.0,0.0,0.0,0.1186,-0.9936,0.0001,0.2836,-0.1034,-1.7483,357.2464,0.0,0.0,0.0,376.899993896484,no_change,,0.0,0.0
SPXW,2026-08-31,10,Call,8040.0,SPXW260831C08040000,0.2,0.3,0.25,0.49,0.19,63.3333,1.0,88.0,0.1101,0.0061,0.0001,0.2767,-0.1017,0.0098,0.2566,0.49,0.49,0.49,0.299999997019768,up,2026-08-21T12:30:25,0.0,0.0
SPXW,2026-08-31,10,Put,8040.0,SPXW260831P08040000,349.1,372.5,360.8,0.0,0.0,0.0,0.0,0.0,0.1201,-0.9938,0.0001,0.2765,-0.1016,-1.7497,362.2359,0.0,0.0,0.0,382.0,no_change,,0.0,0.0
SPXW,2026-08-31,10,Call,8045.0,SPXW260831C08045000,0.2,0.3,0.25,0.45,0.175,63.6364,1.0,47.0,0.1115,0.0059,0.0001,0.2696,-0.1,0.0095,0.2511,0.45,0.45,0.45,0.274999998509884,up,2026-08-21T11:51:20,0.0,0.0
SPXW,2026-08-31,10,Put,8045.0,SPXW260831P08045000,354.1,377.5,365.8,0.0,0.0,0.0,0.0,0.0,0.1217,-0.994,0.0001,0.2696,-0.1,-1.751,367.2258,0.0,0.0,0.0,386.899993896484,no_change,,0.0,0.0
SPXW,2026-08-31,10,Call,8050.0,SPXW260831C08050000,0.2,0.3,0.25,0.27,-0.005,-1.81818,17.0,5093.0,0.1128,0.0057,0.0001,0.2632,-0.0985,0.0092,0.2461,0.35,0.41,0.27,0.275000005960464,down,2026-08-21T16:09:11,0.0,0.0
SPXW,2026-08-31,10,Put,8050.0,SPXW260831P08050000,359.2,383.0,371.1,328.03,0.0,0.0,0.0,1.0,0.1232,-0.9942,0.0001,0.2632,-0.0985,-1.7524,372.216,0.0,0.0,0.0,391.199996948242,down,2026-08-19T15:39:09,0.0,0.0
SPXW,2026-08-31,10,Call,8055.0,SPXW260831C08055000,0.2,0.3,0.25,0.23,-0.02,-8.0,15.0,211.0,0.1141,0.0056,0.0001,0.257,-0.097,0.009,0.2414,0.31,0.31,0.23,0.250000007450581,down,2026-08-21T16:09:11,0.0,0.0
SPXW,2026-08-31,10,Put,8055.0,SPXW260831P08055000,364.1,386.8,375.45000000000005,0.0,0.0,0.0,0.0,0.0,0.1248,-0.9943,0.0001,0.257,-0.097,-1.7537,377.2065,0.0,0.0,0.0,396.899993896484,no_change,,0.0,0.0
SPXW,2026-08-31,10,Call,8060.0,SPXW260831C08060000,0.15,0.3,0.22499999999999998,0.35,0.0,0.0,0.0,137.0,0.1154,0.0054,0.0001,0.2511,-0.0956,0.0088,0.2369,0.0,0.0,0.0,0.250000007450581,down,2026-08-20T14:01:02,0.0,0.0
SPXW,2026-08-31,10,Put,8060.0,SPXW260831P08060000,369.0,391.8,380.4,0.0,0.0,0.0,0.0,0.0,0.1263,-0.9944,0.0001,0.2511,-0.0956,-1.755,382.1973,0.0,0.0,0.0,402.0,no_change,,0.0,0.0
SPXW,2026-08-31,10,Call,8065.0,SPXW260831C08065000,0.15,0.3,0.22499999999999998,0.52,0.0,0.0,0.0,105.0,0.1167,0.0053,0.0001,0.2455,-0.0943,0.0085,0.2327,0.0,0.0,0.0,0.250000007450581,down,2026-08-19T14:37:18,0.0,0.0
SPXW,2026-08-31,10,Put,8065.0,SPXW260831P08065000,374.0,397.4,385.7,0.0,0.0,0.0,0.0,0.0,0.1279,-0.9946,0.0001,0.2455,-0.0943,-1.7564,387.1883,0.0,0.0,0.0,406.949996948242,no_change,,0.0,0.0
SPXW,2026-08-31,10,Call,8070.0,SPXW260831C08070000,0.15,0.3,0.22499999999999998,0.23,-0.02,-8.0,8.0,293.0,0.1167,0.0052,0.0001,0.2401,-0.093,0.0083,0.2287,0.4,0.4,0.23,0.250000007450581,down,2026-08-21T15:55:04,0.0,0.0
SPXW,2026-08-31,10,Put,8070.0,SPXW260831P08070000,379.2,403.0,391.1,0.0,0.0,0.0,0.0,0.0,0.1294,-0.9947,0.0001,0.2401,-0.093,-1.7576,392.1795,0.0,0.0,0.0,411.900009155273,no_change,,0.0,0.0
SPXW,2026-08-31,10,Call,8075.0,SPXW260831C08075000,0.2,0.3,0.25,0.35,0.1,40.0,4.0,5140.0,0.1194,0.0051,0.0001,0.235,-0.0919,0.0081,0.2249,0.35,0.35,0.35,0.250000007450581,no_change,2026-08-21T12:08:21,0.0,0.0
SPXW,2026-08-31,10,Put,8075.0,SPXW260831P08075000,384.0,407.3,395.65,0.0,0.0,0.0,0.0,0.0,0.131,-0.9948,0.0001,0.235,-0.0918,-1.7589,397.171,0.0,0.0,0.0,416.900009155273,no_change,,0.0,0.0
SPXW,2026-08-31,10,Call,8080.0,SPXW260831C08080000,0.15,0.3,0.22499999999999998,1.25,0.0,0.0,0.0,50.0,0.1193,0.005,0.0001,0.2301,-0.0907,0.008,0.2213,0.0,0.0,0.0,0.250000007450581,no_change,2026-08-17T13:17:24,0.0,0.0
SPXW,2026-08-31,10,Put,8080.0,SPXW260831P08080000,389.0,409.9,399.45,660.97,0.0,0.0,0.0,100.0,0.1325,-0.9949,0.0001,0.23,-0.0907,-1.7602,402.1625,0.0,0.0,0.0,421.5,down,2026-06-10T10:19:38,0.0,0.0
SPXW,2026-08-31,10,Call,8085.0,SPXW260831C08085000,0.15,0.3,0.22499999999999998,2.1,0.0,0.0,0.0,143.0,0.1206,0.0048,0.0001,0.2253,-0.0896,0.0078,0.2178,0.0,0.0,0.0,0.250000007450581,no_change,2026-08-14T14:51:17,0.0,0.0
SPXW,2026-08-31,10,Put,8085.0,SPXW260831P08085000,394.0,417.4,405.7,0.0,0.0,0.0,0.0,0.0,0.134,-0.995,0.0001,0.2253,-0.0896,-1.7615,407.1543,0.0,0.0,0.0,426.75,no_change,,0.0,0.0
SPXW,2026-08-31,10,Call,8090.0,SPXW260831C08090000,0.15,0.3,0.22499999999999998,0.93,0.0,0.0,0.0,109.0,0.1218,0.0048,0.0001,0.2209,-0.0886,0.0076,0.2146,0.0,0.0,0.0,0.250000007450581,down,2026-08-17T13:45:56,0.0,0.0
SPXW,2026-08-31,10,Put,8090.0,SPXW260831P08090000,399.0,422.4,410.7,670.04,0.0,0.0,0.0,100.0,0.1324,-0.9951,0.0001,0.2207,-0.0886,-1.7628,412.1462,0.0,0.0,0.0,431.75,down,2026-06-10T10:19:38,0.0,0.0
SPXW,2026-08-31,10,Call,8095.0,SPXW260831C08095000,0.15,0.25,0.2,0.62,0.0,0.0,0.0,55.0,0.1216,0.0046,0.0001,0.2164,-0.0876,0.0074,0.2113,0.0,0.0,0.0,0.250000007450581,no_change,2026-08-19T13:03:23,0.0,0.0
SPXW,2026-08-31,10,Put,8095.0,SPXW260831P08095000,404.0,423.5,413.75,0.0,0.0,0.0,0.0,0.0,0.1339,-0.9952,0.0001,0.2164,-0.0876,-1.764,417.1383,0.0,0.0,0.0,436.75,no_change,,0.0,0.0
SPXW,2026-08-31,10,Call,8100.0,SPXW260831C08100000,0.15,0.25,0.2,0.29,0.04,16.0,21.0,2494.0,0.1229,0.0045,0.0001,0.2122,-0.0866,0.0073,0.2083,0.25,0.3,0.25,0.250000007450581,down,2026-08-21T14:56:44,0.0,0.0
SPXW,2026-08-31,10,Put,8100.0,SPXW260831P08100000,411.0,432.9,421.95,419.87,-21.98,-4.97454,1.0,59.0,0.1355,-0.9953,0.0001,0.2121,-0.0866,-1.7652,422.1304,419.87,419.87,419.87,441.850006103516,up,2026-08-21T14:53:04,0.0,0.0
SPXW,2026-08-31,10,Call,8105.0,SPXW260831C08105000,0.15,0.25,0.2,1.13,0.0,0.0,0.0,33.0,0.1242,0.0044,0.0001,0.2081,-0.0857,0.0071,0.2053,0.0,0.0,0.0,0.250000007450581,down,2026-08-17T10:39:03,0.0,0.0
SPXW,2026-08-31,10,Put,8105.0,SPXW260831P08105000,414.0,437.4,425.7,0.0,0.0,0.0,0.0,0.0,0.137,-0.9954,0.0001,0.208,-0.0856,-1.7665,427.1227,0.0,0.0,0.0,446.850006103516,no_change,,0.0,0.0
SPXW,2026-08-31,10,Call,8110.0,SPXW260831C08110000,0.15,0.25,0.2,0.33,0.0,0.0,0.0,106.0,0.1254,0.0044,0.0001,0.2041,-0.0848,0.007,0.2025,0.0,0.0,0.0,0.225000008940697,no_change,2026-08-20T11:23:59,0.0,0.0
SPXW,2026-08-31,10,Put,8110.0,SPXW260831P08110000,419.0,441.7,430.35,0.0,0.0,0.0,0.0,0.0,0.1385,-0.9955,0.0001,0.2041,-0.0848,-1.7677,432.1151,0.0,0.0,0.0,451.5,no_change,,0.0,0.0
SPXW,2026-08-31,10,Call,8115.0,SPXW260831C08115000,0.15,0.25,0.2,0.47,0.0,0.0,0.0,43.0,0.1267,0.0043,0.0001,0.2003,-0.0839,0.0069,0.1998,0.0,0.0,0.0,0.200000002980232,down,2026-08-18T09:30:04,0.0,0.0
SPXW,2026-08-31,10,Put,8115.0,SPXW260831P08115000,424.0,444.1,434.05,366.87,0.0,0.0,0.0,1.0,0.14,-0.9956,0.0001,0.2003,-0.0839,-1.769,437.1076,0.0,0.0,0.0,456.850006103516,down,2026-08-05T11:49:27,0.0,0.0
SPXW,2026-08-31,10,Call,8120.0,SPXW260831C08120000,0.15,0.25,0.2,0.28,0.08,40.0,1.0,71.0,0.1279,0.0042,0.0001,0.1967,-0.083,0.0067,0.1972,0.28,0.28,0.28,0.200000002980232,down,2026-08-21T10:53:12,0.0,0.0
SPXW,2026-08-31,10,Put,8120.0,SPXW260831P08120000,429.0,449.0,439.0,371.57,0.0,0.0,0.0,1.0,0.1416,-0.9957,0.0001,0.1966,-0.083,-1.7702,442.1002,0.0,0.0,0.0,461.850006103516,down,2026-08-05T11:49:27,0.0,0.0
SPXW,2026-08-31,10,Call,8125.0,SPXW260831C08125000,0.15,0.25,0.2,0.25,0.0,0.0,0.0,338.0,0.1292,0.0041,0.0001,0.1931,-0.0822,0.0066,0.1946,0.0,0.0,0.0,0.200000002980232,down,2026-08-20T14:28:01,0.0,0.0
SPXW,2026-08-31,10,Put,8125.0,SPXW260831P08125000,433.9,457.8,445.85,0.0,0.0,0.0,0.0,0.0,0.1431,-0.9958,0.0001,0.1931,-0.0822,-1.7714,447.0929,0.0,0.0,0.0,466.600006103516,no_change,,0.0,0.0
SPXW,2026-08-31,10,Call,8130.0,SPXW260831C08130000,0.15,0.25,0.2,0.88,0.0,0.0,0.0,155.0,0.1304,0.004,0.0001,0.1897,-0.0814,0.0065,0.1922,0.0,0.0,0.0,0.200000002980232,down,2026-08-17T10:39:03,0.0,0.0
SPXW,2026-08-31,10,Put,8130.0,SPXW260831P08130000,438.9,461.6,450.25,458.94,-12.71,-2.6948,1.0,0.0,0.1446,-0.9958,0.0001,0.1896,-0.0814,-1.7726,452.0857,458.94,458.94,458.94,471.650009155273,down,2026-08-21T10:35:00,0.0,0.0
SPXW,2026-08-31,10,Call,8135.0,SPXW260831C08135000,0.15,0.25,0.2,0.42,0.0,0.0,0.0,49.0,0.1317,0.004,0.0001,0.1863,-0.0807,0.0064,0.1898,0.0,0.0,0.0,0.200000002980232,down,2026-08-18T09:30:04,0.0,0.0
SPXW,2026-08-31,10,Put,8135.0,SPXW260831P08135000,443.9,466.6,455.25,0.0,0.0,0.0,0.0,0.0,0.1462,-0.9959,0.0001,0.1863,-0.0807,-1.7738,457.0785,0.0,0.0,0.0,476.600006103516,no_change,,0.0,0.0
SPXW,2026-08-31,10,Call,8140.0,SPXW260831C08140000,0.15,0.25,0.2,2.2,0.0,0.0,0.0,30.0,0.133,0.0039,0.0001,0.1831,-0.0799,0.0062,0.1875,0.0,0.0,0.0,0.200000002980232,up,2026-08-13T09:35:26,0.0,0.0
SPXW,2026-08-31,10,Put,8140.0,SPXW260831P08140000,448.9,471.7,460.29999999999995,0.0,0.0,0.0,0.0,0.0,0.1477,-0.996,0.0001,0.1831,-0.0799,-1.7751,462.0715,0.0,0.0,0.0,481.650009155273,no_change,,0.0,0.0
SPXW,2026-08-31,10,Call,8145.0,SPXW260831C08145000,0.1,0.25,0.175,0.55,0.0,0.0,0.0,36.0,0.1342,0.0038,0.0001,0.18,-0.0792,0.0061,0.1853,0.0,0.0,0.0,0.200000002980232,down,2026-08-19T10:38:48,0.0,0.0
SPXW,2026-08-31,10,Put,8145.0,SPXW260831P08145000,453.9,476.6,465.25,0.0,0.0,0.0,0.0,0.0,0.1492,-0.9961,0.0001,0.1799,-0.0792,-1.7763,467.0645,0.0,0.0,0.0,486.650009155273,no_change,,0.0,0.0
SPXW,2026-08-31,10,Call,8150.0,SPXW260831C08150000,0.1,0.25,0.175,0.17,-0.03,-15.0,1.0,1351.0,0.1354,0.0038,0.0001,0.1769,-0.0785,0.006,0.1832,0.17,0.17,0.17,0.200000002980232,down,2026-08-21T09:46:52,0.0,0.0
SPXW,2026-08-31,10,Put,8150.0,SPXW260831P08150000,459.0,482.9,470.95,0.0,0.0,0.0,0.0,0.0,0.1507,-0.9961,0.0001,0.1769,-0.0785,-1.7775,472.0576,0.0,0.0,0.0,491.75,no_change,,0.0,0.0
SPXW,2026-08-31,10,Call,8155.0,SPXW260831C08155000,0.1,0.25,0.175,1.94,0.0,0.0,0.0,53.0,0.1349,0.0037,0.0001,0.174,-0.0778,0.0059,0.1811,0.0,0.0,0.0,0.200000002980232,down,2026-08-14T09:58:53,0.0,0.0
SPXW,2026-08-31,10,Put,8155.0,SPXW260831P08155000,463.9,487.8,475.85,0.0,0.0,0.0,0.0,0.0,0.1522,-0.9962,0.0001,0.1739,-0.0778,-1.7787,477.0507,0.0,0.0,0.0,496.75,no_change,,0.0,0.0
SPXW,2026-08-31,10,Call,8160.0,SPXW260831C08160000,0.1,0.25,0.175,1.77,0.0,0.0,0.0,29.0,0.1361,0.0036,0.0001,0.1711,-0.0772,0.0058,0.1791,0.0,0.0,0.0,0.200000002980232,down,2026-08-11T13:30:27,0.0,0.0
SPXW,2026-08-31,10,Put,8160.0,SPXW260831P08160000,468.9,488.4,478.65,0.0,0.0,0.0,0.0,0.0,0.1538,-0.9963,0.0001,0.1711,-0.0771,-1.7799,482.0439,0.0,0.0,0.0,501.75,no_change,,0.0,0.0
SPXW,2026-08-31,10,Call,8165.0,SPXW260831C08165000,0.1,0.25,0.175,0.5,0.0,0.0,0.0,85.0,0.1373,0.0036,0.0001,0.1683,-0.0765,0.0057,0.1771,0.0,0.0,0.0,0.200000002980232,down,2026-08-17T15:11:06,0.0,0.0
SPXW,2026-08-31,10,Put,8165.0,SPXW260831P08165000,475.1,497.9,486.5,0.0,0.0,0.0,0.0,0.0,0.1553,-0.9963,0.0001,0.1683,-0.0765,-1.7811,487.0371,0.0,0.0,0.0,506.349990844727,no_change,,0.0,0.0
SPXW,2026-08-31,10,Call,8170.0,SPXW260831C08170000,0.1,0.25,0.175,0.5,0.0,0.0,0.0,6.0,0.1386,0.0035,0.0001,0.1656,-0.0759,0.0056,0.1752,0.0,0.0,0.0,0.200000002980232,down,2026-08-17T14:51:33,0.0,0.0
SPXW,2026-08-31,10,Put,8170.0,SPXW260831P08170000,478.9,501.6,490.25,0.0,0.0,0.0,0.0,0.0,0.1531,-0.9964,0.0001,0.1656,-0.0759,-1.7823,492.0304,0.0,0.0,0.0,511.749984741211,no_change,,0.0,0.0
SPXW,2026-08-31,10,Call,8175.0,SPXW260831C08175000,0.1,0.25,0.175,0.22,0.02,10.0,1.0,228.0,0.1398,0.0034,0.0001,0.163,-0.0752,0.0055,0.1733,0.22,0.22,0.22,0.200000002980232,up,2026-08-21T15:46:59,0.0,0.0
SPXW,2026-08-31,10,Put,8175.0,SPXW260831P08175000,483.9,507.9,495.9,0.0,0.0,0.0,0.0,0.0,0.1546,-0.9964,0.0001,0.163,-0.0752,-1.7834,497.0238,0.0,0.0,0.0,516.749984741211,no_change,,0.0,0.0
SPXW,2026-08-31,10,Call,8180.0,SPXW260831C08180000,0.1,0.25,0.175,0.45,0.0,0.0,0.0,79.0,0.141,0.0034,0.0001,0.1604,-0.0746,0.0054,0.1715,0.0,0.0,0.0,0.200000002980232,down,2026-08-17T13:49:39,0.0,0.0
SPXW,2026-08-31,10,Put,8180.0,SPXW260831P08180000,488.9,512.2,500.55,0.0,0.0,0.0,0.0,0.0,0.1561,-0.9965,0.0001,0.1604,-0.0746,-1.7846,502.0172,0.0,0.0,0.0,521.75,no_change,,0.0,0.0
SPXW,2026-08-31,10,Call,8190.0,SPXW260831C08190000,0.1,0.25,0.175,0.4,0.0,0.0,0.0,122.0,0.1434,0.0033,0.0,0.1555,-0.0735,0.0052,0.168,0.0,0.0,0.0,0.200000002980232,down,2026-08-17T15:02:28,0.0,0.0
SPXW,2026-08-31,10,Put,8190.0,SPXW260831P08190000,498.9,521.6,510.25,0.0,0.0,0.0,0.0,0.0,0.1592,-0.9966,0.0,0.1555,-0.0735,-1.787,512.0042,0.0,0.0,0.0,531.549987792969,no_change,,0.0,0.0
SPXW,2026-08-31,10,Call,8200.0,SPXW260831C08200000,0.1,0.25,0.175,0.2,0.0,0.0,0.0,1642.0,0.1459,0.0032,0.0,0.1509,-0.0724,0.0051,0.1647,0.0,0.0,0.0,0.175000004470348,no_change,2026-08-20T14:28:01,0.0,0.0
SPXW,2026-08-31,10,Put,8200.0,SPXW260831P08200000,508.9,532.4,520.65,447.53,0.0,0.0,0.0,2.0,0.1622,-0.9967,0.0,0.1509,-0.0724,-1.7894,521.9913,0.0,0.0,0.0,541.649993896484,up,2026-08-12T11:00:39,0.0,0.0
SPXW,2026-08-31,10,Call,8210.0,SPXW260831C08210000,0.1,0.25,0.175,0.35,0.0,0.0,0.0,120.0,0.1461,0.0031,0.0,0.1465,-0.0713,0.0049,0.1615,0.0,0.0,0.0,0.150000002235174,down,2026-08-18T11:16:16,0.0,0.0
SPXW,2026-08-31,10,Put,8210.0,SPXW260831P08210000,518.8,541.6,530.2,448.2,0.0,0.0,0.0,0.0,0.1652,-0.9968,0.0,0.1465,-0.0713,-1.7917,531.9786,0.0,0.0,0.0,551.649993896484,down,2026-08-10T09:35:49,0.0,0.0
SPXW,2026-08-31,10,Call,8220.0,SPXW260831C08220000,0.1,0.25,0.175,0.18,0.03,20.0,1.0,123.0,0.1485,0.003,0.0,0.1423,-0.0703,0.0048,0.1585,0.18,0.18,0.18,0.150000002235174,down,2026-08-21T10:53:12,0.0,0.0
SPXW,2026-08-31,10,Put,8220.0,SPXW260831P08220000,528.8,551.6,540.2,0.0,0.0,0.0,0.0,0.0,0.1682,-0.9969,0.0,0.1423,-0.0703,-1.794,541.966,0.0,0.0,0.0,561.649993896484,no_change,,0.0,0.0
SPXW,2026-08-31,10,Call,8225.0,SPXW260831C08225000,0.1,0.25,0.175,0.35,0.0,0.0,0.0,294.0,0.1497,0.003,0.0,0.1403,-0.0698,0.0047,0.1571,0.0,0.0,0.0,0.150000002235174,no_change,2026-08-19T13:39:20,0.0,0.0
SPXW,2026-08-31,10,Put,8225.0,SPXW260831P08225000,533.8,553.3,543.55,502.32,0.0,0.0,0.0,1.0,0.1698,-0.9969,0.0,0.1403,-0.0698,-1.7952,546.9598,0.0,0.0,0.0,566.649993896484,down,2026-08-19T15:39:09,0.0,0.0
SPXW,2026-08-31,10,Call,8230.0,SPXW260831C08230000,0.1,0.25,0.175,1.41,0.0,0.0,0.0,275.0,0.1509,0.0029,0.0,0.1383,-0.0693,0.0046,0.1557,0.0,0.0,0.0,0.150000002235174,up,2026-08-13T16:14:52,0.0,0.0
SPXW,2026-08-31,10,Put,8230.0,SPXW260831P08230000,538.8,558.3,548.55,0.0,0.0,0.0,0.0,0.0,0.1713,-0.997,0.0,0.1383,-0.0693,-1.7964,551.9536,0.0,0.0,0.0,571.25,no_change,,0.0,0.0
SPXW,2026-08-31,10,Call,8240.0,SPXW260831C08240000,0.1,0.2,0.15000000000000002,0.74,0.0,0.0,0.0,112.0,0.1532,0.0028,0.0,0.1345,-0.0684,0.0045,0.1529,0.0,0.0,0.0,0.150000002235174,down,2026-08-14T12:13:54,0.0,0.0
SPXW,2026-08-31,10,Put,8240.0,SPXW260831P08240000,548.8,571.5,560.15,0.0,0.0,0.0,0.0,0.0,0.1743,-0.9971,0.0,0.1345,-0.0684,-1.7987,561.9413,0.0,0.0,0.0,581.600006103516,no_change,,0.0,0.0
SPXW,2026-08-31,10,Call,8250.0,SPXW260831C08250000,0.1,0.2,0.15000000000000002,0.25,0.0,0.0,0.0,2799.0,0.1556,0.0027,0.0,0.1309,-0.0675,0.0044,0.1502,0.0,0.0,0.0,0.150000002235174,down,2026-08-20T14:21:59,0.0,0.0
SPXW,2026-08-31,10,Put,8250.0,SPXW260831P08250000,558.8,582.7,570.75,0.0,0.0,0.0,0.0,0.0,0.1773,-0.9971,0.0,0.1308,-0.0675,-1.801,571.9291,0.0,0.0,0.0,591.5,no_change,,0.0,0.0
SPXW,2026-08-31,10,Call,8260.0,SPXW260831C08260000,0.1,0.2,0.15000000000000002,0.45,0.0,0.0,0.0,77.0,0.158,0.0027,0.0,0.1274,-0.0666,0.0042,0.1477,0.0,0.0,0.0,0.175000004470348,down,2026-08-17T12:29:53,0.0,0.0
SPXW,2026-08-31,10,Put,8260.0,SPXW260831P08260000,568.8,591.5,580.15,0.0,0.0,0.0,0.0,0.0,0.176,-0.9972,0.0,0.1274,-0.0666,-1.8033,581.917,0.0,0.0,0.0,601.600006103516,no_change,,0.0,0.0
SPXW,2026-08-31,10,Call,8270.0,SPXW260831C08270000,0.1,0.2,0.15000000000000002,0.85,0.0,0.0,0.0,2212.0,0.1603,0.0026,0.0,0.124,-0.0657,0.0041,0.1452,0.0,0.0,0.0,0.150000002235174,down,2026-08-11T14:23:09,0.0,0.0
SPXW,2026-08-31,10,Put,8270.0,SPXW260831P08270000,578.8,602.1,590.45,0.0,0.0,0.0,0.0,0.0,0.1791,-0.9973,0.0,0.124,-0.0657,-1.8056,591.905,0.0,0.0,0.0,611.350006103516,no_change,,0.0,0.0
SPXW,2026-08-31,10,Call,8275.0,SPXW260831C08275000,0.1,0.2,0.15000000000000002,0.35,0.0,0.0,0.0,478.0,0.1615,0.0026,0.0,0.1224,-0.0653,0.0041,0.1441,0.0,0.0,0.0,0.150000002235174,no_change,2026-08-19T12:46:59,0.0,0.0
SPXW,2026-08-31,10,Put,8275.0,SPXW260831P08275000,583.8,607.6,595.7,0.0,0.0,0.0,0.0,0.0,0.1806,-0.9973,0.0,0.1224,-0.0653,-1.8068,596.899,0.0,0.0,0.0,616.550018310547,no_change,,0.0,0.0
SPXW,2026-08-31,10,Call,8280.0,SPXW260831C08280000,0.1,0.2,0.15000000000000002,0.25,0.0,0.0,0.0,19.0,0.1627,0.0025,0.0,0.1209,-0.0649,0.004,0.1429,0.0,0.0,0.0,0.150000002235174,down,2026-08-19T10:23:55,0.0,0.0
SPXW,2026-08-31,10,Put,8280.0,SPXW260831P08280000,588.8,612.2,600.5,0.0,0.0,0.0,0.0,0.0,0.1821,-0.9974,0.0,0.1208,-0.0649,-1.8079,601.8931,0.0,0.0,0.0,621.550018310547,no_change,,0.0,0.0
SPXW,2026-08-31,10,Call,8290.0,SPXW260831C08290000,0.1,0.2,0.15000000000000002,0.2,0.05,33.3333,3.0,57.0,0.165,0.0025,0.0,0.1178,-0.0641,0.0039,0.1406,0.25,0.25,0.2,0.150000002235174,no_change,2026-08-21T15:12:52,0.0,0.0
SPXW,2026-08-31,10,Put,8290.0,SPXW260831P08290000,598.8,621.5,610.15,0.0,0.0,0.0,0.0,0.0,0.1851,-0.9974,0.0,0.1178,-0.0641,-1.8102,611.8812,0.0,0.0,0.0,631.200012207031,no_change,,0.0,0.0
SPXW,2026-08-31,10,Call,8300.0,SPXW260831C08300000,0.1,0.2,0.15000000000000002,0.2,0.05,33.3333,47.0,2659.0,0.1674,0.0024,0.0,0.1149,-0.0633,0.0038,0.1384,0.25,0.25,0.2,0.150000002235174,down,2026-08-21T14:44:36,0.0,0.0
SPXW,2026-08-31,10,Put,8300.0,SPXW260831P08300000,609.7,632.7,621.2,546.87,0.0,0.0,0.0,1.0,0.1881,-0.9975,0.0,0.1149,-0.0633,-1.8125,621.8695,0.0,0.0,0.0,641.400024414062,up,2026-08-12T11:00:39,0.0,0.0
SPXW,2026-08-31,10,Call,8310.0,SPXW260831C08310000,0.1,0.2,0.15000000000000002,0.4,0.0,0.0,0.0,72.0,0.1697,0.0023,0.0,0.1121,-0.0626,0.0037,0.1363,0.0,0.0,0.0,0.150000002235174,down,2026-08-14T15:53:01,0.0,0.0
SPXW,2026-08-31,10,Put,8310.0,SPXW260831P08310000,618.7,637.9,628.3,0.0,0.0,0.0,0.0,0.0,0.1911,-0.9975,0.0,0.1121,-0.0626,-1.8148,631.8578,0.0,0.0,0.0,651.550018310547,no_change,,0.0,0.0
SPXW,2026-08-31,10,Call,8320.0,SPXW260831C08320000,0.05,0.2,0.125,0.45,0.0,0.0,0.0,19.0,0.172,0.0023,0.0,0.1094,-0.0618,0.0036,0.1342,0.0,0.0,0.0,0.150000002235174,down,2026-07-23T11:07:25,0.0,0.0
SPXW,2026-08-31,10,Put,8320.0,SPXW260831P08320000,628.7,652.1,640.4000000000001,0.0,0.0,0.0,0.0,0.0,0.1941,-0.9976,0.0,0.1094,-0.0618,-1.817,641.8462,0.0,0.0,0.0,661.400024414062,no_change,,0.0,0.0
SPXW,2026-08-31,10,Call,8325.0,SPXW260831C08325000,0.05,0.2,0.125,0.15,0.0,-1.49012e-06,1.0,2991.0,0.1732,0.0022,0.0,0.1081,-0.0615,0.0036,0.1332,0.15,0.15,0.15,0.150000002235174,down,2026-08-21T15:46:59,0.0,0.0
SPXW,2026-08-31,10,Put,8325.0,SPXW260831P08325000,633.7,656.4,645.05,0.0,0.0,0.0,0.0,0.0,0.1956,-0.9976,0.0,0.1081,-0.0615,-1.8182,646.8404,0.0,0.0,0.0,665.850006103516,no_change,,0.0,0.0
SPXW,2026-08-31,10,Call,8330.0,SPXW260831C08330000,0.05,0.2,0.125,0.25,0.1,66.6667,2.0,2103.0,0.1743,0.0022,0.0,0.1068,-0.0611,0.0035,0.1322,0.25,0.25,0.25,0.150000002235174,no_change,2026-08-21T13:48:03,0.0,0.0
SPXW,2026-08-31,10,Put,8330.0,SPXW260831P08330000,638.7,661.4,650.05,0.0,0.0,0.0,0.0,0.0,0.197,-0.9977,0.0,0.1068,-0.0611,-1.8193,651.8346,0.0,0.0,0.0,671.449981689453,no_change,,0.0,0.0
SPXW,2026-08-31,10,Call,8340.0,SPXW260831C08340000,0.05,0.2,0.125,0.65,0.0,0.0,0.0,2230.0,0.1767,0.0022,0.0,0.1043,-0.0604,0.0034,0.1303,0.0,0.0,0.0,0.150000002235174,down,2026-08-14T10:23:53,0.0,0.0
SPXW,2026-08-31,10,Put,8340.0,SPXW260831P08340000,648.7,671.5,660.1,0.0,0.0,0.0,0.0,0.0,0.2,-0.9977,0.0,0.1043,-0.0604,-1.8216,661.8231,0.0,0.0,0.0,681.5,no_change,,0.0,0.0
SPXW,2026-08-31,10,Call,8350.0,SPXW260831C08350000,0.05,0.2,0.125,1.15,0.0,0.0,0.0,53.0,0.179,0.0021,0.0,0.1019,-0.0598,0.0034,0.1284,0.0,0.0,0.0,0.150000002235174,down,2026-08-06T09:35:20,0.0,0.0
SPXW,2026-08-31,10,Put,8350.0,SPXW260831P08350000,658.7,682.0,670.35,0.0,0.0,0.0,0.0,0.0,0.1982,-0.9978,0.0,0.1019,-0.0598,-1.8239,671.8117,0.0,0.0,0.0,691.449981689453,no_change,,0.0,0.0
SPXW,2026-08-31,10,Call,8360.0,SPXW260831C08360000,0.05,0.2,0.125,0.9,0.0,0.0,0.0,8201.0,0.1783,0.0021,0.0,0.0996,-0.0591,0.0033,0.1266,0.0,0.0,0.0,0.150000002235174,down,2026-08-07T15:39:51,0.0,0.0
SPXW,2026-08-31,10,Put,8360.0,SPXW260831P08360000,668.7,691.4,680.05,0.0,0.0,0.0,0.0,0.0,0.2012,-0.9978,0.0,0.0996,-0.0591,-1.8262,681.8003,0.0,0.0,0.0,701.399993896484,no_change,,0.0,0.0
SPXW,2026-08-31,10,Call,8370.0,SPXW260831C08370000,0.05,0.2,0.125,0.65,0.0,0.0,0.0,54.0,0.1806,0.002,0.0,0.0974,-0.0585,0.0032,0.1248,0.0,0.0,0.0,0.150000002235174,no_change,2026-08-12T12:15:09,0.0,0.0
SPXW,2026-08-31,10,Put,8370.0,SPXW260831P08370000,680.6,702.7,691.6500000000001,0.0,0.0,0.0,0.0,0.0,0.2042,-0.9979,0.0,0.0974,-0.0585,-1.8284,691.789,0.0,0.0,0.0,711.299987792969,no_change,,0.0,0.0
SPXW,2026-08-31,10,Call,8375.0,SPXW260831C08375000,0.05,0.2,0.125,0.7,0.0,0.0,0.0,33.0,0.1817,0.002,0.0,0.0963,-0.0581,0.0032,0.1239,0.0,0.0,0.0,0.150000002235174,down,2026-08-13T10:49:26,0.0,0.0
SPXW,2026-08-31,10,Put,8375.0,SPXW260831P08375000,684.7,707.7,696.2,0.0,0.0,0.0,0.0,0.0,0.2057,-0.9979,0.0,0.0963,-0.0581,-1.8295,696.7833,0.0,0.0,0.0,716.299987792969,no_change,,0.0,0.0
SPXW,2026-08-31,10,Call,8380.0,SPXW260831C08380000,0.05,0.2,0.125,1.1,0.0,0.0,0.0,3.0,0.1828,0.002,0.0,0.0952,-0.0578,0.0031,0.1231,0.0,0.0,0.0,0.150000002235174,down,2026-07-08T13:22:57,0.0,0.0
SPXW,2026-08-31,10,Put,8380.0,SPXW260831P08380000,688.7,711.3,700.0,0.0,0.0,0.0,0.0,0.0,0.2072,-0.9979,0.0,0.0952,-0.0578,-1.8307,701.7777,0.0,0.0,0.0,721.299987792969,no_change,,0.0,0.0
SPXW,2026-08-31,10,Call,8390.0,SPXW260831C08390000,0.05,0.2,0.125,0.65,0.0,0.0,0.0,49.0,0.1851,0.0019,0.0,0.0932,-0.0572,0.0031,0.1214,0.0,0.0,0.0,0.150000002235174,no_change,2026-08-10T12:50:20,0.0,0.0
SPXW,2026-08-31,10,Put,8390.0,SPXW260831P08390000,698.6,719.4,709.0,0.0,0.0,0.0,0.0,0.0,0.2102,-0.998,0.0,0.0932,-0.0572,-1.8329,711.7665,0.0,0.0,0.0,731.299987792969,no_change,,0.0,0.0
SPXW,2026-08-31,10,Call,8400.0,SPXW260831C08400000,0.05,0.2,0.125,0.15,0.0,0.0,0.0,731.0,0.1873,0.0019,0.0,0.0912,-0.0566,0.003,0.1198,0.0,0.0,0.0,0.150000002235174,down,2026-08-18T14:09:40,0.0,0.0
SPXW,2026-08-31,10,Put,8400.0,SPXW260831P08400000,708.6,732.5,720.55,966.94,0.0,0.0,0.0,1.0,0.2132,-0.998,0.0,0.0912,-0.0566,-1.8352,721.7553,0.0,0.0,0.0,741.350006103516,up,2026-06-24T14:30:41,0.0,0.0
SPXW,2026-08-31,10,Call,8410.0,SPXW260831C08410000,0.05,0.2,0.125,0.15,0.0,0.0,0.0,80.0,0.1896,0.0018,0.0,0.0892,-0.056,0.0029,0.1182,0.0,0.0,0.0,0.150000002235174,no_change,2026-08-19T14:06:09,0.0,0.0
SPXW,2026-08-31,10,Put,8410.0,SPXW260831P08410000,718.6,741.4,730.0,0.0,0.0,0.0,0.0,0.0,0.2162,-0.998,0.0,0.0892,-0.056,-1.8374,731.7441,0.0,0.0,0.0,751.049987792969,no_change,,0.0,0.0
SPXW,2026-08-31,10,Call,8420.0,SPXW260831C08420000,0.05,0.2,0.125,0.56,0.0,0.0,0.0,4.0,0.1918,0.0018,0.0,0.0874,-0.0554,0.0029,0.1166,0.0,0.0,0.0,0.150000002235174,down,2026-08-06T15:51:37,0.0,0.0
SPXW,2026-08-31,10,Put,8420.0,SPXW260831P08420000,728.6,752.5,740.55,0.0,0.0,0.0,0.0,0.0,0.2192,-0.9981,0.0,0.0874,-0.0554,-1.8397,741.733,0.0,0.0,0.0,760.950012207031,no_change,,0.0,0.0
SPXW,2026-08-31,10,Call,8425.0,SPXW260831C08425000,0.05,0.2,0.125,0.65,0.0,0.0,0.0,5.0,0.1929,0.0018,0.0,0.0865,-0.0552,0.0028,0.1159,0.0,0.0,0.0,0.150000002235174,down,2026-08-11T10:04:51,0.0,0.0
SPXW,2026-08-31,10,Put,8425.0,SPXW260831P08425000,733.6,754.3,743.95,660.9,0.0,0.0,0.0,1.0,0.2206,-0.9981,0.0,0.0864,-0.0552,-1.8408,746.7275,0.0,0.0,0.0,766.350006103516,down,2026-08-10T14:11:45,0.0,0.0
SPXW,2026-08-31,10,Call,8430.0,SPXW260831C08430000,0.05,0.2,0.125,1.25,0.0,0.0,0.0,32.0,0.1903,0.0018,0.0,0.0856,-0.0549,0.0028,0.1151,0.0,0.0,0.0,0.150000002235174,no_change,2026-08-04T10:01:59,0.0,0.0
SPXW,2026-08-31,10,Put,8430.0,SPXW260831P08430000,738.6,762.1,750.35,0.0,0.0,0.0,0.0,0.0,0.2221,-0.9981,0.0,0.0856,-0.0549,-1.842,751.722,0.0,0.0,0.0,771.350006103516,no_change,,0.0,0.0
SPXW,2026-08-31,10,Call,8440.0,SPXW260831C08440000,0.05,0.2,0.125,0.25,0.0,0.0,0.0,3.0,0.1925,0.0017,0.0,0.0838,-0.0543,0.0027,0.1136,0.0,0.0,0.0,0.125000001862645,down,2026-08-14T15:03:17,0.0,0.0
SPXW,2026-08-31,10,Put,8440.0,SPXW260831P08440000,750.5,772.6,761.55,0.0,0.0,0.0,0.0,0.0,0.2198,-0.9981,0.0,0.0838,-0.0543,-1.8442,761.7109,0.0,0.0,0.0,781.350006103516,no_change,,0.0,0.0
SPXW,2026-08-31,10,Call,8450.0,SPXW260831C08450000,0.05,0.2,0.125,0.3,0.0,0.0,0.0,171.0,0.1947,0.0017,0.0,0.0821,-0.0538,0.0027,0.1122,0.0,0.0,0.0,0.125000001862645,up,2026-08-17T11:31:22,0.0,0.0
SPXW,2026-08-31,10,Put,8450.0,SPXW260831P08450000,758.6,781.3,769.95,0.0,0.0,0.0,0.0,0.0,0.2228,-0.9982,0.0,0.0821,-0.0538,-1.8464,771.6999,0.0,0.0,0.0,791.350006103516,no_change,,0.0,0.0
SPXW,2026-08-31,10,Call,8460.0,SPXW260831C08460000,0.05,0.15,0.1,1.03,0.0,0.0,0.0,26.0,0.1969,0.0017,0.0,0.0804,-0.0532,0.0026,0.1108,0.0,0.0,0.0,0.125000001862645,down,2026-07-02T13:52:31,0.0,0.0
SPXW,2026-08-31,10,Put,8460.0,SPXW260831P08460000,768.6,791.9,780.25,0.0,0.0,0.0,0.0,0.0,0.2258,-0.9982,0.0,0.0804,-0.0532,-1.8487,781.6889,0.0,0.0,0.0,801.25,no_change,,0.0,0.0
SPXW,2026-08-31,10,Call,8470.0,SPXW260831C08470000,0.05,0.15,0.1,0.72,0.0,0.0,0.0,69.0,0.1991,0.0016,0.0,0.0788,-0.0527,0.0026,0.1094,0.0,0.0,0.0,0.100000003352761,down,2026-08-07T09:55:52,0.0,0.0
SPXW,2026-08-31,10,Put,8470.0,SPXW260831P08470000,778.6,798.0,788.3,0.0,0.0,0.0,0.0,0.0,0.2287,-0.9982,0.0,0.0788,-0.0527,-1.8509,791.678,0.0,0.0,0.0,810.950012207031,no_change,,0.0,0.0
SPXW,2026-08-31,10,Call,8475.0,SPXW260831C08475000,0.05,0.15,0.1,0.87,0.0,0.0,0.0,34.0,0.2002,0.0016,0.0,0.078,-0.0524,0.0026,0.1087,0.0,0.0,0.0,0.100000003352761,no_change,2026-08-05T12:15:38,0.0,0.0
SPXW,2026-08-31,10,Put,8475.0,SPXW260831P08475000,783.6,806.2,794.9000000000001,0.0,0.0,0.0,0.0,0.0,0.2302,-0.9983,0.0,0.078,-0.0524,-1.852,796.6725,0.0,0.0,0.0,816.149993896484,no_change,,0.0,0.0
SPXW,2026-08-31,10,Call,8480.0,SPXW260831C08480000,0.05,0.15,0.1,0.1,0.0,0.0,0.0,111.0,0.2013,0.0016,0.0,0.0773,-0.0522,0.0025,0.108,0.0,0.0,0.0,0.100000003352761,down,2026-08-20T10:43:03,0.0,0.0
SPXW,2026-08-31,10,Put,8480.0,SPXW260831P08480000,789.7,812.5,801.1,0.0,0.0,0.0,0.0,0.0,0.2317,-0.9983,0.0,0.0773,-0.0522,-1.8532,801.6671,0.0,0.0,0.0,821.300018310547,no_change,,0.0,0.0
SPXW,2026-08-31,10,Call,8490.0,SPXW260831C08490000,0.05,0.15,0.1,0.1,0.0,-3.35276e-06,1.0,4.0,0.2034,0.0016,0.0,0.0758,-0.0517,0.0025,0.1067,0.1,0.1,0.1,0.100000003352761,down,2026-08-21T12:57:15,0.0,0.0
SPXW,2026-08-31,10,Put,8490.0,SPXW260831P08490000,798.5,822.3,810.4,0.0,0.0,0.0,0.0,0.0,0.2347,-0.9983,0.0,0.0758,-0.0517,-1.8554,811.6562,0.0,0.0,0.0,831.099975585938,no_change,,0.0,0.0
SPXW,2026-08-31,10,Call,8500.0,SPXW260831C08500000,0.05,0.15,0.1,0.1,0.0,0.0,0.0,616.0,0.2056,0.0015,0.0,0.0743,-0.0512,0.0024,0.1054,0.0,0.0,0.0,0.100000003352761,no_change,2026-08-18T10:12:28,0.0,0.0
SPXW,2026-08-31,10,Put,8500.0,SPXW260831P08500000,809.6,832.5,821.05,737.89,0.0,0.0,0.0,4.0,0.2377,-0.9984,0.0,0.0743,-0.0512,-1.8576,821.6453,0.0,0.0,0.0,841.299987792969,down,2026-08-12T10:25:04,0.0,0.0
SPXW,2026-08-31,10,Call,8510.0,SPXW260831C08510000,0.05,0.15,0.1,0.3,0.0,0.0,0.0,218.0,0.2078,0.0015,0.0,0.0729,-0.0507,0.0024,0.1041,0.0,0.0,0.0,0.100000003352761,down,2026-08-14T11:01:21,0.0,0.0
SPXW,2026-08-31,10,Put,8510.0,SPXW260831P08510000,818.5,841.8,830.15,0.0,0.0,0.0,0.0,0.0,0.2406,-0.9984,0.0,0.0728,-0.0507,-1.8599,831.6345,0.0,0.0,0.0,851.200012207031,no_change,,0.0,0.0
SPXW,2026-08-31,10,Call,8520.0,SPXW260831C08520000,0.05,0.15,0.1,0.35,0.0,0.0,0.0,172.0,0.2099,0.0015,0.0,0.0715,-0.0502,0.0023,0.1028,0.0,0.0,0.0,0.100000003352761,no_change,2026-08-12T12:17:22,0.0,0.0
SPXW,2026-08-31,10,Put,8520.0,SPXW260831P08520000,828.5,852.5,840.5,0.0,0.0,0.0,0.0,0.0,0.2436,-0.9984,0.0,0.0715,-0.0502,-1.8621,841.6237,0.0,0.0,0.0,861.25,no_change,,0.0,0.0
SPXW,2026-08-31,10,Call,8525.0,SPXW260831C08525000,0.05,0.15,0.1,0.35,0.0,0.0,0.0,65.0,0.211,0.0015,0.0,0.0708,-0.05,0.0023,0.1022,0.0,0.0,0.0,0.100000003352761,down,2026-08-14T10:32:20,0.0,0.0
SPXW,2026-08-31,10,Put,8525.0,SPXW260831P08525000,834.5,857.5,846.0,0.0,0.0,0.0,0.0,0.0,0.2451,-0.9984,0.0,0.0708,-0.05,-1.8632,846.6183,0.0,0.0,0.0,866.100006103516,no_change,,0.0,0.0
SPXW,2026-08-31,10,Call,8530.0,SPXW260831C08530000,0.05,0.15,0.1,0.1,0.0,0.0,0.0,2.0,0.2121,0.0014,0.0,0.0701,-0.0497,0.0023,0.1016,0.0,0.0,0.0,0.100000003352761,down,2026-08-20T12:30:05,0.0,0.0
SPXW,2026-08-31,10,Put,8530.0,SPXW260831P08530000,838.5,859.2,848.85,0.0,0.0,0.0,0.0,0.0,0.2465,-0.9984,0.0,0.0701,-0.0497,-1.8644,851.6129,0.0,0.0,0.0,871.100006103516,no_change,,0.0,0.0
SPXW,2026-08-31,10,Call,8540.0,SPXW260831C08540000,0.05,0.15,0.1,0.35,0.0,0.0,0.0,22.0,0.2142,0.0014,0.0,0.0688,-0.0492,0.0022,0.1004,0.0,0.0,0.0,0.100000003352761,down,2026-08-11T13:33:38,0.0,0.0
SPXW,2026-08-31,10,Put,8540.0,SPXW260831P08540000,848.5,871.9,860.2,1102.95,0.0,0.0,0.0,5.0,0.2437,-0.9985,0.0,0.0688,-0.0492,-1.8666,861.6021,0.0,0.0,0.0,881.25,up,2026-07-24T09:30:04,0.0,0.0
SPXW,2026-08-31,10,Call,8550.0,SPXW260831C08550000,0.05,0.15,0.1,0.45,0.0,0.0,0.0,267.0,0.2164,0.0014,0.0,0.0675,-0.0488,0.0022,0.0992,0.0,0.0,0.0,0.100000003352761,up,2026-08-13T15:05:02,0.0,0.0
SPXW,2026-08-31,10,Put,8550.0,SPXW260831P08550000,859.4,882.5,870.95,828.21,0.0,0.0,0.0,6.0,0.2467,-0.9985,0.0,0.0675,-0.0488,-1.8688,871.5914,0.0,0.0,0.0,891.25,up,2026-08-19T15:43:11,0.0,0.0
SPXW,2026-08-31,10,Call,8575.0,SPXW260831C08575000,0.05,0.15,0.1,0.35,0.0,0.0,0.0,121.0,0.2217,0.0013,0.0,0.0645,-0.0476,0.0021,0.0963,0.0,0.0,0.0,0.100000003352761,down,2026-08-13T12:13:42,0.0,0.0
SPXW,2026-08-31,10,Put,8575.0,SPXW260831P08575000,883.5,906.1,894.8,0.0,0.0,0.0,0.0,0.0,0.2541,-0.9986,0.0,0.0645,-0.0476,-1.8744,896.5646,0.0,0.0,0.0,916.100006103516,no_change,,0.0,0.0
SPXW,2026-08-31,10,Call,8600.0,SPXW260831C08600000,0.0,0.15,0.075,0.1,0.0,0.0,0.0,4860.0,0.227,0.0013,0.0,0.0617,-0.0465,0.002,0.0935,0.0,0.0,0.0,0.0750000011175871,no_change,2026-08-20T11:44:18,0.0,0.0
SPXW,2026-08-31,10,Put,8600.0,SPXW260831P08600000,908.4,932.2,920.3,878.52,0.0,0.0,0.0,0.0,0.2615,-0.9986,0.0,0.0617,-0.0465,-1.88,921.5379,0.0,0.0,0.0,941.049987792969,down,2026-08-19T15:43:11,0.0,0.0
SPXW,2026-08-31,10,Call,8625.0,SPXW260831C08625000,0.0,0.15,0.075,0.1,0.025,33.3333,10.0,31.0,0.227,0.0012,0.0,0.059,-0.0454,0.0019,0.0908,0.1,0.1,0.1,0.0750000011175871,no_change,2026-08-21T13:53:48,0.0,0.0
SPXW,2026-08-31,10,Put,8625.0,SPXW260831P08625000,934.4,957.4,945.9,0.0,0.0,0.0,0.0,0.0,0.2689,-0.9987,0.0,0.059,-0.0454,-1.8855,946.5114,0.0,0.0,0.0,965.75,no_change,,0.0,0.0
SPXW,2026-08-31,10,Call,8650.0,SPXW260831C08650000,0.0,0.15,0.075,0.1,0.0,-3.35276e-06,20.0,5.0,0.2321,0.0012,0.0,0.0565,-0.0444,0.0018,0.0883,0.1,0.1,0.1,0.100000003352761,no_change,2026-08-21T13:54:26,0.0,0.0
SPXW,2026-08-31,10,Put,8650.0,SPXW260831P08650000,958.4,981.0,969.7,0.0,0.0,0.0,0.0,0.0,0.27,-0.9987,0.0,0.0565,-0.0444,-1.8911,971.4849,0.0,0.0,0.0,991.0,no_change,,0.0,0.0
SPXW,2026-08-31,10,Call,8675.0,SPXW260831C08675000,0.0,0.15,0.075,0.0,0.0,0.0,0.0,0.0,0.2372,0.0011,0.0,0.0542,-0.0434,0.0017,0.0858,0.0,0.0,0.0,0.100000003352761,no_change,,0.0,0.0
SPXW,2026-08-31,10,Put,8675.0,SPXW260831P08675000,983.4,1006.0,994.7,0.0,0.0,0.0,0.0,0.0,0.2774,-0.9988,0.0,0.0542,-0.0434,-1.8966,996.4585,0.0,0.0,0.0,1016.10000610352,no_change,,0.0,0.0
SPXW,2026-08-31,10,Call,8700.0,SPXW260831C08700000,0.0,0.15,0.075,0.15,0.0,0.0,0.0,17067.0,0.2424,0.0011,0.0,0.0519,-0.0424,0.0017,0.0834,0.0,0.0,0.0,0.100000003352761,no_change,2026-08-17T09:40:02,0.0,0.0
SPXW,2026-08-31,10,Put,8700.0,SPXW260831P08700000,1008.3,1031.6,1019.9499999999999,1275.95,0.0,0.0,0.0,0.0,0.2848,-0.9988,0.0,0.0519,-0.0424,-1.9022,1021.4323,0.0,0.0,0.0,1040.90002441406,up,2026-07-23T11:12:25,0.0,0.0
SPXW,2026-08-31,10,Call,8725.0,SPXW260831C08725000,0.0,0.15,0.075,0.0,0.0,0.0,0.0,0.0,0.2399,0.001,0.0,0.0498,-0.0414,0.0016,0.0811,0.0,0.0,0.0,0.100000003352761,no_change,,0.0,0.0
SPXW,2026-08-31,10,Put,8725.0,SPXW260831P08725000,1034.3,1057.3,1045.8,0.0,0.0,0.0,0.0,0.0,0.2922,-0.9989,0.0,0.0498,-0.0414,-1.9077,1046.4061,0.0,0.0,0.0,1065.54998779297,no_change,,0.0,0.0
SPXW,2026-08-31,10,Call,8800.0,SPXW260831C08800000,0.0,0.15,0.075,0.15,0.0,0.0,0.0,423.0,0.2546,0.0009,0.0,0.0441,-0.0387,0.0014,0.0746,0.0,0.0,0.0,0.0500000007450581,down,2026-08-14T11:43:25,0.0,0.0
SPXW,2026-08-31,10,Put,8800.0,SPXW260831P08800000,1108.2,1128.9,1118.5500000000002,0.0,0.0,0.0,0.0,0.0,0.3076,-0.999,0.0,0.0441,-0.0387,-1.9243,1121.328,0.0,0.0,0.0,1140.94995117188,no_change,,0.0,0.0
SPXW,2026-08-31,10,Call,8900.0,SPXW260831C08900000,0.0,0.1,0.05,0.25,0.0,0.0,0.0,590.0,0.274,0.0008,0.0,0.0378,-0.0353,0.0012,0.0669,0.0,0.0,0.0,0.0500000007450581,down,2026-08-06T09:30:07,0.0,0.0
SPXW,2026-08-31,10,Put,8900.0,SPXW260831P08900000,1208.1,1228.9,1218.5,1414.27,0.0,0.0,0.0,1.0,0.3299,-0.9991,0.0,0.0378,-0.0353,-1.9464,1221.2247,0.0,0.0,0.0,1240.75,up,2026-07-02T13:54:38,0.0,0.0
SPXW,2026-08-31,10,Call,9000.0,SPXW260831C09000000,0.0,0.1,0.05,0.05,0.0,0.0,0.0,544.0,0.302,0.0007,0.0,0.0326,-0.0322,0.001,0.06,0.0,0.0,0.0,0.0500000007450581,down,2026-08-18T09:33:50,0.0,0.0
SPXW,2026-08-31,10,Put,9000.0,SPXW260831P09000000,1308.0,1331.3,1319.65,0.0,0.0,0.0,0.0,0.0,0.3518,-0.9992,0.0,0.0326,-0.0322,-1.9684,1321.1222,0.0,0.0,0.0,1340.70001220703,no_change,,0.0,0.0
SPXW,2026-08-31,10,Call,9100.0,SPXW260831C09100000,0.0,0.1,0.05,0.06,0.0,0.0,0.0,1.0,0.3212,0.0006,0.0,0.0282,-0.0293,0.0009,0.0538,0.0,0.0,0.0,0.0500000007450581,up,2026-08-18T11:29:42,0.0,0.0
SPXW,2026-08-31,10,Put,9100.0,SPXW260831P09100000,1407.9,1428.6,1418.25,0.0,0.0,0.0,0.0,0.0,0.3732,-0.9993,0.0,0.0282,-0.0293,-1.9905,1421.0204,0.0,0.0,0.0,1440.25,no_change,,0.0,0.0
SPXW,2026-08-31,10,Call,9200.0,SPXW260831C09200000,0.0,0.05,0.025,0.1,0.0,0.0,0.0,8.0,0.3302,0.0005,0.0,0.0244,-0.0267,0.0008,0.0482,0.0,0.0,0.0,0.025000000372529,down,2026-08-06T15:34:48,0.0,0.0
SPXW,2026-08-31,10,Put,9200.0,SPXW260831P09200000,1507.9,1531.7,1519.8000000000002,1640.44,0.0,0.0,0.0,0.0,0.3943,-0.9994,0.0,0.0244,-0.0267,-2.0125,1520.9194,0.0,0.0,0.0,1540.29998779297,down,2026-07-01T13:12:52,0.0,0.0
SPXW,2026-08-31,10,Call,9400.0,SPXW260831C09400000,0.0,0.1,0.05,0.05,0.0,0.0,0.0,4.0,0.3662,0.0004,0.0,0.0186,-0.022,0.0006,0.0387,0.0,0.0,0.0,0.0500000007450581,down,2026-08-13T10:58:13,0.0,0.0
SPXW,2026-08-31,10,Put,9400.0,SPXW260831P09400000,1707.7,1728.0,1717.85,0.0,0.0,0.0,0.0,0.0,0.4352,-0.9995,0.0,0.0186,-0.022,-2.0564,1720.7187,0.0,0.0,0.0,1740.0,no_change,,0.0,0.0
SPXW,2026-08-31,10,Call,9600.0,SPXW260831C09600000,0.0,0.1,0.05,0.15,0.0,0.0,0.0,6.0,0.4013,0.0003,0.0,0.0143,-0.0181,0.0004,0.031,0.0,0.0,0.0,0.0500000007450581,up,2026-08-05T09:30:03,0.0,0.0
SPXW,2026-08-31,10,Put,9600.0,SPXW260831P09600000,1907.5,1930.1,1918.8,0.0,0.0,0.0,0.0,0.0,0.4746,-0.9996,0.0,0.0143,-0.0181,-2.1003,1920.5199,0.0,0.0,0.0,1940.04998779297,no_change,,0.0,0.0
SPXW,2026-08-31,10,Call,9800.0,SPXW260831C09800000,0.0,0.05,0.025,0.0,0.0,0.0,0.0,0.0,0.4353,0.0002,0.0,0.011,-0.0148,0.0003,0.0248,0.0,0.0,0.0,0.025000000372529,no_change,,0.0,0.0
SPXW,2026-08-31,10,Put,9800.0,SPXW260831P09800000,2107.3,2128.0,2117.65,0.0,0.0,0.0,0.0,0.0,0.5233,-0.9997,0.0,0.011,-0.0148,-2.1442,2120.3226,0.0,0.0,0.0,2139.69995117188,no_change,,0.0,0.0
SPXW,2026-08-31,10,Call,10000.0,SPXW260831C10000000,0.0,0.05,0.025,0.05,0.025,100.0,1.0,2.0,0.4685,0.0002,0.0,0.0085,-0.012,0.0002,0.0197,0.05,0.05,0.05,0.025000000372529,down,2026-08-21T15:38:54,0.0,0.0
SPXW,2026-08-31,10,Put,10000.0,SPXW260831P10000000,2308.1,2331.1,2319.6,0.0,0.0,0.0,0.0,0.0,0.5611,-0.9997,0.0,0.0085,-0.012,-2.188,2320.1264,0.0,0.0,0.0,2339.5,no_change,,0.0,0.0
SPXW,2026-09-01,11,Call,3000.0,SPXW260901C03000000,4662.6,4686.3,4674.450000000001,0.0,0.0,0.0,0.0,0.0,1.7236,0.9998,0.0,0.0028,-0.0131,0.7386,4672.8257,0.0,0.0,0.0,4651.94995117188,no_change,,0.0,0.0
SPXW,2026-09-01,11,Put,3000.0,SPXW260901P03000000,0.0,0.05,0.025,0.1,0.0,0.0,0.0,21.0,1.4584,0.0,0.0,0.0028,-0.0131,-0.0001,0.0228,0.0,0.0,0.0,0.025000000372529,no_change,2026-08-04T10:45:11,0.0,0.0
SPXW,2026-09-01,11,Call,3200.0,SPXW260901C03200000,4462.8,4485.4,4474.1,0.0,0.0,0.0,0.0,0.0,1.6034,0.9998,0.0,0.0032,-0.0137,0.7878,4473.0418,0.0,0.0,0.0,4452.30004882812,no_change,,0.0,0.0
SPXW,2026-09-01,11,Put,3200.0,SPXW260901P03200000,0.0,0.05,0.025,0.0,0.0,0.0,0.0,0.0,1.3613,-0.0001,0.0,0.0032,-0.0137,-0.0001,0.0239,0.0,0.0,0.0,0.025000000372529,no_change,,0.0,0.0
SPXW,2026-09-01,11,Call,3400.0,SPXW260901C03400000,4264.0,4287.0,4275.5,0.0,0.0,0.0,0.0,0.0,1.4907,0.9998,0.0,0.0035,-0.0143,0.837,4273.258,0.0,0.0,0.0,4252.64990234375,no_change,,0.0,0.0
SPXW,2026-09-01,11,Put,3400.0,SPXW260901P03400000,0.0,0.05,0.025,0.1,0.0,0.0,0.0,2.0,1.27,-0.0001,0.0,0.0035,-0.0143,-0.0001,0.0251,0.0,0.0,0.0,0.025000000372529,down,2026-07-30T15:46:08,0.0,0.0
SPXW,2026-09-01,11,Call,3600.0,SPXW260901C03600000,4064.1,4087.2,4075.6499999999996,0.0,0.0,0.0,0.0,0.0,1.3845,0.9998,0.0,0.004,-0.0151,0.8862,4073.4745,0.0,0.0,0.0,4053.15002441406,no_change,,0.0,0.0
SPXW,2026-09-01,11,Put,3600.0,SPXW260901P03600000,0.0,0.05,0.025,0.1,0.0,0.0,0.0,66.0,1.184,-0.0001,0.0,0.004,-0.0151,-0.0001,0.0267,0.0,0.0,0.0,0.025000000372529,down,2026-08-03T12:26:59,0.0,0.0
SPXW,2026-09-01,11,Call,3800.0,SPXW260901C03800000,3863.4,3887.2,3875.3,0.0,0.0,0.0,0.0,0.0,1.2842,0.9998,0.0,0.0045,-0.016,0.9355,3873.6914,0.0,0.0,0.0,3853.0,no_change,,0.0,0.0
SPXW,2026-09-01,11,Put,3800.0,SPXW260901P03800000,0.0,0.05,0.025,0.07,0.0,0.0,0.0,200.0,1.1508,-0.0001,0.0,0.0045,-0.016,-0.0002,0.0285,0.0,0.0,0.0,0.025000000372529,no_change,2026-08-07T13:52:11,0.0,0.0
SPXW,2026-09-01,11,Call,4000.0,SPXW260901C04000000,3664.7,3687.6,3676.1499999999996,0.0,0.0,0.0,0.0,0.0,1.1891,0.9998,0.0,0.0052,-0.0171,0.9847,3673.9086,0.0,0.0,0.0,3653.44995117188,no_change,,0.0,0.0
SPXW,2026-09-01,11,Put,4000.0,SPXW260901P04000000,0.0,0.05,0.025,0.17,0.0,0.0,0.0,75.0,1.0702,-0.0001,0.0,0.0052,-0.0171,-0.0002,0.0308,0.0,0.0,0.0,0.025000000372529,no_change,2026-08-03T14:14:11,0.0,0.0
SPXW,2026-09-01,11,Call,4200.0,SPXW260901C04200000,3463.8,3487.5,3475.65,0.0,0.0,0.0,0.0,0.0,1.0986,0.9998,0.0,0.006,-0.0185,1.0339,3474.1264,0.0,0.0,0.0,3453.69995117188,no_change,,0.0,0.0
SPXW,2026-09-01,11,Put,4200.0,SPXW260901P04200000,0.0,0.05,0.025,0.1,0.0,0.0,0.0,132.0,0.9936,-0.0001,0.0,0.006,-0.0185,-0.0002,0.0336,0.0,0.0,0.0,0.025000000372529,down,2026-08-07T11:02:06,0.0,0.0
SPXW,2026-09-01,11,Call,4400.0,SPXW260901C04400000,3267.0,3288.0,3277.5,0.0,0.0,0.0,0.0,0.0,1.0125,0.9997,0.0,0.007,-0.0202,1.083,3274.345,0.0,0.0,0.0,3254.19995117188,no_change,,0.0,0.0
SPXW,2026-09-01,11,Put,4400.0,SPXW260901P04400000,0.0,0.05,0.025,0.1,0.0,0.0,0.0,5.0,0.9203,-0.0001,0.0,0.007,-0.0202,-0.0002,0.0372,0.0,0.0,0.0,0.0500000007450581,down,2026-08-10T10:19:44,0.0,0.0
SPXW,2026-09-01,11,Call,4600.0,SPXW260901C04600000,3067.2,3088.2,3077.7,0.0,0.0,0.0,0.0,0.0,0.9301,0.9997,0.0,0.0083,-0.0225,1.1322,3074.5648,0.0,0.0,0.0,3054.09997558594,no_change,,0.0,0.0
SPXW,2026-09-01,11,Put,4600.0,SPXW260901P04600000,0.0,0.1,0.05,0.1,0.0,0.0,0.0,51.0,0.8502,-0.0002,0.0,0.0083,-0.0225,-0.0003,0.042,0.0,0.0,0.0,0.0500000007450581,up,2026-08-19T13:06:07,0.0,0.0
SPXW,2026-09-01,11,Call,4800.0,SPXW260901C04800000,2864.5,2886.5,2875.5,0.0,0.0,0.0,0.0,0.0,0.8513,0.9997,0.0,0.0102,-0.0256,1.1814,2874.7862,0.0,0.0,0.0,2854.34997558594,no_change,,0.0,0.0
SPXW,2026-09-01,11,Put,4800.0,SPXW260901P04800000,0.0,0.1,0.05,0.12,0.0,0.0,0.0,46.0,0.7829,-0.0002,0.0,0.0102,-0.0256,-0.0004,0.0485,0.0,0.0,0.0,0.0500000007450581,no_change,2026-08-12T13:37:37,0.0,0.0
SPXW,2026-09-01,11,Call,5000.0,SPXW260901C05000000,2665.6,2688.6,2677.1,2428.0,0.0,0.0,0.0,1.0,0.7758,0.9996,0.0,0.0127,-0.0298,1.2305,2675.0102,0.0,0.0,0.0,2654.65002441406,up,2026-07-24T16:00:53,0.0,0.0
SPXW,2026-09-01,11,Put,5000.0,SPXW260901P05000000,0.0,0.1,0.05,0.05,-0.025,-33.3333,20.0,209.0,0.7182,-0.0002,0.0,0.0127,-0.0298,-0.0005,0.0575,0.05,0.05,0.05,0.0750000011175871,no_change,2026-08-21T16:06:31,0.0,0.0
SPXW,2026-09-01,11,Call,5200.0,SPXW260901C05200000,2465.8,2488.8,2477.3,0.0,0.0,0.0,0.0,0.0,0.7351,0.9996,0.0,0.0162,-0.0356,1.2796,2475.2379,0.0,0.0,0.0,2454.94995117188,no_change,,0.0,0.0
SPXW,2026-09-01,11,Put,5200.0,SPXW260901P05200000,0.0,0.1,0.05,0.1,0.0,0.0,0.0,139.0,0.6745,-0.0003,0.0,0.0161,-0.0353,-0.0006,0.0696,0.0,0.0,0.0,0.0750000011175871,no_change,2026-08-20T15:59:49,0.0,0.0
SPXW,2026-09-01,11,Call,5400.0,SPXW260901C05400000,2266.2,2289.0,2277.6,0.0,0.0,0.0,0.0,0.0,0.6647,0.9994,0.0,0.0213,-0.0435,1.3287,2275.4707,0.0,0.0,0.0,2255.65002441406,no_change,,0.0,0.0
SPXW,2026-09-01,11,Put,5400.0,SPXW260901P05400000,0.05,0.15,0.1,0.1,-0.025,-20.0,465.0,115.0,0.6257,-0.0004,0.0,0.0212,-0.0432,-0.0008,0.0873,0.1,0.1,0.07,0.125000001862645,no_change,2026-08-21T15:38:37,0.0,0.0
SPXW,2026-09-01,11,Call,5600.0,SPXW260901C05600000,2065.4,2087.1,2076.25,0.0,0.0,0.0,0.0,0.0,0.597,0.9993,0.0,0.0285,-0.0541,1.3776,2075.7105,0.0,0.0,0.0,2055.90002441406,no_change,,0.0,0.0
SPXW,2026-09-01,11,Put,5600.0,SPXW260901P05600000,0.05,0.15,0.1,0.15,-0.025,-14.2857,1.0,296.0,0.5745,-0.0006,0.0,0.0284,-0.0538,-0.0011,0.1121,0.15,0.15,0.15,0.175000000745058,no_change,2026-08-21T09:39:23,0.0,0.0
SPXW,2026-09-01,11,Call,5800.0,SPXW260901C05800000,1866.6,1889.5,1878.05,0.0,0.0,0.0,0.0,0.0,0.5316,0.999,0.0,0.0388,-0.0682,1.4264,1875.9598,0.0,0.0,0.0,1855.95001220703,no_change,,0.0,0.0
SPXW,2026-09-01,11,Put,5800.0,SPXW260901P05800000,0.1,0.2,0.15000000000000002,0.25,0.0,0.0,0.0,135.0,0.5146,-0.0008,0.0,0.0387,-0.0679,-0.0015,0.1464,0.0,0.0,0.0,0.225000001490116,no_change,2026-08-20T15:57:27,0.0,0.0
SPXW,2026-09-01,11,Call,5900.0,SPXW260901C05900000,1765.7,1789.5,1777.6,0.0,0.0,0.0,0.0,0.0,0.5189,0.9989,0.0,0.0457,-0.0768,1.4507,1776.089,0.0,0.0,0.0,1756.45001220703,no_change,,0.0,0.0
SPXW,2026-09-01,11,Put,5900.0,SPXW260901P05900000,0.1,0.2,0.15000000000000002,0.15,-0.15,-50.0,4.0,39.0,0.4986,-0.001,0.0,0.0455,-0.0765,-0.0018,0.1681,0.2,0.2,0.15,0.299999997019768,down,2026-08-21T15:53:23,0.0,0.0
SPXW,2026-09-01,11,Call,6000.0,SPXW260901C06000000,1665.9,1689.5,1677.7,0.0,0.0,0.0,0.0,0.0,0.4871,0.9987,0.0,0.0538,-0.0866,1.475,1676.222,0.0,0.0,0.0,1656.19995117188,no_change,,0.0,0.0
SPXW,2026-09-01,11,Put,6000.0,SPXW260901P06000000,0.15,0.25,0.2,0.21,-0.115,-35.3846,3.0,210.0,0.469,-0.0012,0.0,0.0536,-0.0863,-0.0021,0.1935,0.2,0.21,0.2,0.325000002980232,up,2026-08-21T12:15:47,0.0,0.0
SPXW,2026-09-01,11,Call,6100.0,SPXW260901C06100000,1567.0,1589.9,1578.45,0.0,0.0,0.0,0.0,0.0,0.4558,0.9985,0.0,0.0635,-0.0978,1.4992,1576.3592,0.0,0.0,0.0,1556.40002441406,no_change,,0.0,0.0
SPXW,2026-09-01,11,Put,6100.0,SPXW260901P06100000,0.15,0.25,0.2,0.25,-0.15,-37.5,1.0,97.0,0.4493,-0.0014,0.0,0.0634,-0.0975,-0.0026,0.2232,0.25,0.25,0.25,0.399999991059303,down,2026-08-21T13:00:42,0.0,0.0
SPXW,2026-09-01,11,Call,6200.0,SPXW260901C06200000,1470.1,1490.0,1480.05,0.0,0.0,0.0,0.0,0.0,0.425,0.9982,0.0,0.0755,-0.1105,1.5233,1476.5015,0.0,0.0,0.0,1456.59997558594,no_change,,0.0,0.0
SPXW,2026-09-01,11,Put,6200.0,SPXW260901P06200000,0.2,0.3,0.25,0.3,-0.15,-33.3333,2.0,719.0,0.4275,-0.0017,0.0,0.0753,-0.1102,-0.0031,0.2579,0.3,0.3,0.3,0.450000002980232,no_change,2026-08-21T11:57:42,0.0,0.0
SPXW,2026-09-01,11,Call,6300.0,SPXW260901C06300000,1367.2,1390.1,1378.65,0.0,0.0,0.0,0.0,0.0,0.407,0.9978,0.0,0.0899,-0.125,1.5472,1376.6499,0.0,0.0,0.0,1356.85003662109,no_change,,0.0,0.0
SPXW,2026-09-01,11,Put,6300.0,SPXW260901P06300000,0.2,0.35,0.275,0.35,-0.2,-36.3636,1.0,56.0,0.398,-0.002,0.0,0.0899,-0.125,-0.0037,0.2998,0.35,0.35,0.35,0.550000011920929,down,2026-08-21T10:34:51,0.0,0.0
SPXW,2026-09-01,11,Call,6325.0,SPXW260901C06325000,1344.1,1365.2,1354.65,0.0,0.0,0.0,0.0,0.0,0.3965,0.9978,0.0,0.094,-0.1289,1.5532,1351.6882,0.0,0.0,0.0,1332.0,no_change,,0.0,0.0
SPXW,2026-09-01,11,Put,6325.0,SPXW260901P06325000,0.25,0.35,0.3,0.35,-0.2,-36.3636,1.0,12.0,0.3938,-0.0021,0.0,0.094,-0.1289,-0.0039,0.3111,0.35,0.35,0.35,0.550000011920929,down,2026-08-21T13:08:43,0.0,0.0
SPXW,2026-09-01,11,Call,6350.0,SPXW260901C06350000,1319.3,1340.2,1329.75,0.0,0.0,0.0,0.0,0.0,0.386,0.9976,0.0,0.0982,-0.1329,1.5592,1326.7268,0.0,0.0,0.0,1307.29998779297,no_change,,0.0,0.0
SPXW,2026-09-01,11,Put,6350.0,SPXW260901P06350000,0.25,0.35,0.3,1.74,0.0,0.0,0.0,166.0,0.3893,-0.0022,0.0,0.0982,-0.1329,-0.0041,0.3229,0.0,0.0,0.0,0.599999994039536,no_change,2026-08-07T14:58:21,0.0,0.0
SPXW,2026-09-01,11,Call,6375.0,SPXW260901C06375000,1291.4,1315.1,1303.25,0.0,0.0,0.0,0.0,0.0,0.3866,0.9975,0.0,0.1027,-0.1371,1.5651,1301.766,0.0,0.0,0.0,1281.95001220703,no_change,,0.0,0.0
SPXW,2026-09-01,11,Put,6375.0,SPXW260901P06375000,0.25,0.35,0.3,8.29,0.0,0.0,0.0,1.0,0.382,-0.0023,0.0,0.1027,-0.1371,-0.0043,0.3352,0.0,0.0,0.0,0.599999994039536,down,2026-07-31T10:39:36,0.0,0.0
SPXW,2026-09-01,11,Call,6400.0,SPXW260901C06400000,1269.3,1290.3,1279.8,1214.74,0.0,0.0,0.0,1.0,0.3764,0.9974,0.0,0.1074,-0.1414,1.5711,1276.8057,0.0,0.0,0.0,1257.04998779297,up,2026-08-03T13:55:55,0.0,0.0
SPXW,2026-09-01,11,Put,6400.0,SPXW260901P06400000,0.25,0.4,0.325,0.5,0.0,0.0,0.0,104.0,0.3746,-0.0024,0.0,0.1074,-0.1414,-0.0045,0.3481,0.0,0.0,0.0,0.650000005960464,no_change,2026-08-19T15:59:14,0.0,0.0
SPXW,2026-09-01,11,Call,6425.0,SPXW260901C06425000,1241.4,1265.2,1253.3000000000002,0.0,0.0,0.0,0.0,0.0,0.3662,0.9973,0.0,0.1125,-0.1459,1.577,1251.846,0.0,0.0,0.0,1232.40002441406,no_change,,0.0,0.0
SPXW,2026-09-01,11,Put,6425.0,SPXW260901P06425000,0.25,0.4,0.325,0.4,-0.275,-40.7407,1.0,16.0,0.3673,-0.0026,0.0,0.1125,-0.1459,-0.0047,0.3614,0.4,0.4,0.4,0.675000011920929,down,2026-08-21T13:00:48,0.0,0.0
SPXW,2026-09-01,11,Call,6450.0,SPXW260901C06450000,1216.5,1238.5,1227.5,0.0,0.0,0.0,0.0,0.0,0.3662,0.9972,0.0,0.1178,-0.1505,1.5829,1226.8869,0.0,0.0,0.0,1207.25,no_change,,0.0,0.0
SPXW,2026-09-01,11,Put,6450.0,SPXW260901P06450000,0.3,0.4,0.35,0.4,-0.3,-42.8571,10.0,153.0,0.3649,-0.0027,0.0,0.1178,-0.1505,-0.005,0.3754,0.45,0.45,0.4,0.699999988079071,no_change,2026-08-21T15:59:55,0.0,0.0
SPXW,2026-09-01,11,Call,6475.0,SPXW260901C06475000,1191.5,1215.2,1203.35,0.0,0.0,0.0,0.0,11.0,0.3563,0.997,0.0,0.1235,-0.1552,1.5888,1201.9284,0.0,0.0,0.0,1182.19995117188,no_change,,0.0,0.0
SPXW,2026-09-01,11,Put,6475.0,SPXW260901P06475000,0.3,0.4,0.35,0.6,0.0,0.0,0.0,17.0,0.3575,-0.0028,0.0,0.1235,-0.1552,-0.0052,0.3901,0.0,0.0,0.0,0.75,up,2026-08-19T15:59:55,0.0,0.0
SPXW,2026-09-01,11,Call,6500.0,SPXW260901C06500000,1171.2,1190.4,1180.8000000000002,0.0,0.0,0.0,0.0,0.0,0.3553,0.9969,0.0,0.1295,-0.1602,1.5947,1176.9706,0.0,0.0,0.0,1157.25,no_change,,0.0,0.0
SPXW,2026-09-01,11,Put,6500.0,SPXW260901P06500000,0.3,0.45,0.375,0.48,-0.295,-38.0645,8.0,237.0,0.3502,-0.003,0.0,0.1295,-0.1602,-0.0055,0.4054,0.48,0.48,0.48,0.775000005960464,no_change,2026-08-21T11:28:04,0.0,0.0
SPXW,2026-09-01,11,Call,6525.0,SPXW260901C06525000,1142.6,1165.4,1154.0,0.0,0.0,0.0,0.0,0.0,0.3456,0.9967,0.0,0.1358,-0.1653,1.6005,1152.0135,0.0,0.0,0.0,1132.35003662109,no_change,,0.0,0.0
SPXW,2026-09-01,11,Put,6525.0,SPXW260901P06525000,0.35,0.45,0.4,0.8,0.0,0.0,0.0,3.0,0.3428,-0.0032,0.0,0.1358,-0.1653,-0.0058,0.4214,0.0,0.0,0.0,0.800000011920929,down,2026-08-20T15:59:02,0.0,0.0
SPXW,2026-09-01,11,Call,6550.0,SPXW260901C06550000,1120.1,1140.5,1130.3,0.0,0.0,0.0,0.0,0.0,0.336,0.9966,0.0,0.1424,-0.1706,1.6064,1127.0572,0.0,0.0,0.0,1108.10003662109,no_change,,0.0,0.0
SPXW,2026-09-01,11,Put,6550.0,SPXW260901P06550000,0.35,0.45,0.4,0.7,0.0,0.0,0.0,83.0,0.3396,-0.0033,0.0,0.1424,-0.1706,-0.0061,0.4383,0.0,0.0,0.0,0.849999994039536,no_change,2026-08-20T12:48:21,0.0,0.0
SPXW,2026-09-01,11,Call,6575.0,SPXW260901C06575000,1091.6,1115.4,1103.5,0.0,0.0,0.0,0.0,0.0,0.3345,0.9964,0.0,0.1494,-0.1762,1.6122,1102.1018,0.0,0.0,0.0,1082.45001220703,no_change,,0.0,0.0
SPXW,2026-09-01,11,Put,6575.0,SPXW260901P06575000,0.35,0.5,0.425,0.7,0.0,0.0,0.0,103.0,0.3322,-0.0035,0.0,0.1494,-0.1762,-0.0065,0.456,0.0,0.0,0.0,0.900000005960464,down,2026-08-20T11:05:23,0.0,0.0
SPXW,2026-09-01,11,Call,6600.0,SPXW260901C06600000,1066.7,1090.3,1078.5,0.0,0.0,0.0,0.0,0.0,0.325,0.9962,0.0,0.1568,-0.1819,1.618,1077.1473,0.0,0.0,0.0,1057.90002441406,no_change,,0.0,0.0
SPXW,2026-09-01,11,Put,6600.0,SPXW260901P06600000,0.4,0.5,0.45,0.6,-0.35,-36.8421,18.0,385.0,0.3267,-0.0037,0.0,0.1568,-0.1819,-0.0068,0.4746,0.6,0.6,0.55,0.949999988079071,no_change,2026-08-21T09:47:12,0.0,0.0
SPXW,2026-09-01,11,Call,6625.0,SPXW260901C06625000,1041.7,1065.5,1053.6,0.0,0.0,0.0,0.0,0.0,0.3229,0.996,0.0,0.1646,-0.1879,1.6238,1052.1938,0.0,0.0,0.0,1032.64996337891,no_change,,0.0,0.0
SPXW,2026-09-01,11,Put,6625.0,SPXW260901P06625000,0.4,0.5,0.45,0.8,0.0,0.0,0.0,73.0,0.3211,-0.0039,0.0,0.1646,-0.1879,-0.0072,0.4943,0.0,0.0,0.0,0.999999970197678,no_change,2026-08-20T12:50:18,0.0,0.0
SPXW,2026-09-01,11,Call,6650.0,SPXW260901C06650000,1020.2,1040.7,1030.45,0.0,0.0,0.0,0.0,0.0,0.3136,0.9958,0.0,0.173,-0.1942,1.6295,1027.2414,0.0,0.0,0.0,1007.70001220703,no_change,,0.0,0.0
SPXW,2026-09-01,11,Put,6650.0,SPXW260901P06650000,0.4,0.55,0.47500000000000003,1.15,0.0,0.0,0.0,19.0,0.3137,-0.0041,0.0,0.173,-0.1942,-0.0076,0.5149,0.0,0.0,0.0,1.05000001192093,down,2026-08-18T10:03:57,0.0,0.0
SPXW,2026-09-01,11,Call,6675.0,SPXW260901C06675000,992.9,1015.7,1004.3,0.0,0.0,0.0,0.0,0.0,0.3108,0.9955,0.0,0.182,-0.2007,1.6352,1002.29,0.0,0.0,0.0,983.449981689453,no_change,,0.0,0.0
SPXW,2026-09-01,11,Put,6675.0,SPXW260901P06675000,0.45,0.55,0.5,0.95,0.0,0.0,0.0,243.0,0.3095,-0.0044,0.0,0.182,-0.2007,-0.008,0.5368,0.0,0.0,0.0,1.09999996423721,no_change,2026-08-20T10:45:35,0.0,0.0
SPXW,2026-09-01,11,Call,6700.0,SPXW260901C06700000,970.0,990.7,980.35,0.0,0.0,0.0,0.0,0.0,0.3017,0.9953,0.0,0.1917,-0.2075,1.6409,977.34,0.0,0.0,0.0,958.5,no_change,,0.0,0.0
SPXW,2026-09-01,11,Put,6700.0,SPXW260901P06700000,0.45,0.6,0.525,0.7,-0.475,-40.4255,66.0,70.0,0.302,-0.0046,0.0,0.1917,-0.2075,-0.0085,0.5599,0.7,0.7,0.6,1.17500001192093,no_change,2026-08-21T14:27:43,0.0,0.0
SPXW,2026-09-01,11,Call,6725.0,SPXW260901C06725000,945.4,965.8,955.5999999999999,0.0,0.0,0.0,0.0,0.0,0.2985,0.995,0.0,0.2021,-0.2146,1.6466,952.3914,0.0,0.0,0.0,933.149993896484,no_change,,0.0,0.0
SPXW,2026-09-01,11,Put,6725.0,SPXW260901P06725000,0.5,0.6,0.55,0.75,-0.5,-40.0,11.0,45.0,0.2975,-0.0049,0.0,0.2021,-0.2146,-0.009,0.5844,0.72,0.75,0.72,1.25,up,2026-08-21T10:38:06,0.0,0.0
SPXW,2026-09-01,11,Call,6750.0,SPXW260901C06750000,918.1,940.8,929.45,0.0,0.0,0.0,0.0,0.0,0.2895,0.9947,0.0,0.2132,-0.2221,1.6522,927.4444,0.0,0.0,0.0,908.099975585938,no_change,,0.0,0.0
SPXW,2026-09-01,11,Put,6750.0,SPXW260901P06750000,0.5,0.65,0.575,0.6,-0.7,-53.8462,12.0,111.0,0.2913,-0.0052,0.0,0.2132,-0.2221,-0.0096,0.6105,0.75,0.75,0.6,1.30000001192093,no_change,2026-08-21T16:11:38,0.0,0.0
SPXW,2026-09-01,11,Call,6775.0,SPXW260901C06775000,895.5,915.9,905.7,0.0,0.0,0.0,0.0,0.0,0.2858,0.9944,0.0,0.2251,-0.23,1.6577,902.4992,0.0,0.0,0.0,883.25,no_change,,0.0,0.0
SPXW,2026-09-01,11,Put,6775.0,SPXW260901P06775000,0.55,0.65,0.6000000000000001,1.54,0.0,0.0,0.0,95.0,0.2851,-0.0055,0.0,0.2251,-0.23,-0.0102,0.6384,0.0,0.0,0.0,1.40000003576279,up,2026-08-18T13:04:25,0.0,0.0
SPXW,2026-09-01,11,Call,6800.0,SPXW260901C06800000,870.2,891.0,880.6,0.0,0.0,0.0,0.0,0.0,0.2769,0.994,0.0,0.2379,-0.2384,1.6632,877.5561,0.0,0.0,0.0,858.350006103516,no_change,,0.0,0.0
SPXW,2026-09-01,11,Put,6800.0,SPXW260901P06800000,0.6,0.7,0.6499999999999999,0.75,-0.725,-49.1525,1.0,149.0,0.28,-0.0058,0.0,0.2379,-0.2384,-0.0108,0.6684,0.75,0.75,0.75,1.47499996423721,down,2026-08-21T15:11:58,0.0,0.0
SPXW,2026-09-01,11,Call,6825.0,SPXW260901C06825000,843.2,866.0,854.6,0.0,0.0,0.0,0.0,0.0,0.2729,0.9937,0.0,0.2516,-0.2473,1.6687,852.6153,0.0,0.0,0.0,833.5,no_change,,0.0,0.0
SPXW,2026-09-01,11,Put,6825.0,SPXW260901P06825000,0.6,0.75,0.675,0.6,-0.95,-61.2903,11.0,52.0,0.2735,-0.0062,0.0,0.2516,-0.2473,-0.0115,0.7007,0.75,0.75,0.6,1.55000001192093,down,2026-08-21T15:59:55,0.0,0.0
SPXW,2026-09-01,11,Call,6850.0,SPXW260901C06850000,820.7,841.1,830.9000000000001,0.0,0.0,0.0,0.0,0.0,0.2684,0.9932,0.0,0.2665,-0.2567,1.6741,827.6771,0.0,0.0,0.0,809.25,no_change,,0.0,0.0
SPXW,2026-09-01,11,Put,6850.0,SPXW260901P06850000,0.65,0.75,0.7,0.85,-0.825,-49.2537,3.0,61.0,0.267,-0.0066,0.0,0.2665,-0.2567,-0.0123,0.7357,0.99,0.99,0.85,1.67500001192093,down,2026-08-21T15:11:58,0.0,0.0
SPXW,2026-09-01,11,Call,6875.0,SPXW260901C06875000,797.0,816.1,806.55,0.0,0.0,0.0,0.0,0.0,0.2597,0.9928,0.0001,0.2827,-0.2669,1.6794,802.7419,0.0,0.0,0.0,783.75,no_change,,0.0,0.0
SPXW,2026-09-01,11,Put,6875.0,SPXW260901P06875000,0.7,0.8,0.75,1.25,0.0,0.0,0.0,91.0,0.2614,-0.0071,0.0001,0.2827,-0.2669,-0.0131,0.7736,0.0,0.0,0.0,1.77500003576279,down,2026-08-19T16:11:11,0.0,0.0
SPXW,2026-09-01,11,Call,6900.0,SPXW260901C06900000,768.4,791.2,779.8,0.0,0.0,0.0,0.0,0.0,0.2549,0.9923,0.0001,0.3006,-0.2778,1.6846,777.8102,0.0,0.0,0.0,758.950012207031,no_change,,0.0,0.0
SPXW,2026-09-01,11,Put,6900.0,SPXW260901P06900000,0.75,0.85,0.8,1.0,-0.9,-47.3684,11.0,491.0,0.2556,-0.0076,0.0001,0.3006,-0.2778,-0.014,0.815,1.05,1.05,1.0,1.90000003576279,down,2026-08-21T14:25:50,0.0,0.0
SPXW,2026-09-01,11,Call,6925.0,SPXW260901C06925000,743.5,766.3,754.9,0.0,0.0,0.0,0.0,0.0,0.2498,0.9917,0.0001,0.3203,-0.2896,1.6898,752.8826,0.0,0.0,0.0,734.049987792969,no_change,,0.0,0.0
SPXW,2026-09-01,11,Put,6925.0,SPXW260901P06925000,0.8,0.9,0.8500000000000001,1.99,0.0,0.0,0.0,20.0,0.2497,-0.0081,0.0001,0.3203,-0.2896,-0.015,0.8605,0.0,0.0,0.0,2.02499997615814,down,2026-08-20T15:27:28,0.0,0.0
SPXW,2026-09-01,11,Call,6950.0,SPXW260901C06950000,717.4,740.0,728.7,0.0,0.0,0.0,0.0,0.0,0.2445,0.9911,0.0001,0.342,-0.3024,1.6948,727.9598,0.0,0.0,0.0,709.649993896484,no_change,,0.0,0.0
SPXW,2026-09-01,11,Put,6950.0,SPXW260901P06950000,0.85,0.95,0.8999999999999999,1.2,-0.975,-44.8276,3.0,154.0,0.2436,-0.0088,0.0001,0.342,-0.3024,-0.0162,0.9109,1.29,1.29,1.2,2.17499995231628,no_change,2026-08-21T11:06:48,0.0,0.0
SPXW,2026-09-01,11,Call,6975.0,SPXW260901C06975000,693.7,716.5,705.1,0.0,0.0,0.0,0.0,0.0,0.2358,0.9904,0.0001,0.3659,-0.3166,1.6996,703.0429,0.0,0.0,0.0,685.850006103516,no_change,,0.0,0.0
SPXW,2026-09-01,11,Put,6975.0,SPXW260901P06975000,0.9,1.05,0.9750000000000001,1.43,-0.92,-39.1489,3.0,167.0,0.2382,-0.0094,0.0001,0.3659,-0.3166,-0.0175,0.9672,1.45,1.45,1.43,2.35000002384186,down,2026-08-21T10:20:08,0.0,0.0
SPXW,2026-09-01,11,Call,7000.0,SPXW260901C07000000,668.8,691.6,680.2,769.36,0.0,0.0,0.0,1.0,0.2303,0.9896,0.0001,0.3922,-0.3321,1.7043,678.1331,0.0,0.0,0.0,659.699981689453,up,2026-08-10T09:31:06,0.0,0.0
SPXW,2026-09-01,11,Put,7000.0,SPXW260901P07000000,1.0,1.1,1.05,1.12,-1.405,-55.6436,8.0,420.0,0.2325,-0.0102,0.0001,0.3922,-0.3321,-0.019,1.0304,1.53,1.55,1.12,2.52499997615814,down,2026-08-21T15:35:24,0.0,0.0
SPXW,2026-09-01,11,Call,7025.0,SPXW260901C07025000,646.4,666.7,656.55,0.0,0.0,0.0,0.0,0.0,0.2245,0.9888,0.0001,0.4217,-0.3495,1.7088,653.2316,0.0,0.0,0.0,634.950012207031,no_change,,0.0,0.0
SPXW,2026-09-01,11,Put,7025.0,SPXW260901P07025000,1.05,1.2,1.125,1.64,-1.085,-39.8165,1.0,95.0,0.2266,-0.0111,0.0001,0.4217,-0.3495,-0.0206,1.1021,1.64,1.64,1.64,2.72500002384186,down,2026-08-21T09:30:03,0.0,0.0
SPXW,2026-09-01,11,Call,7050.0,SPXW260901C07050000,619.0,641.8,630.4,0.0,0.0,0.0,0.0,0.0,0.2209,0.9878,0.0001,0.4551,-0.3688,1.7131,628.3403,0.0,0.0,0.0,610.599975585938,no_change,,0.0,0.0
SPXW,2026-09-01,11,Put,7050.0,SPXW260901P07050000,1.15,1.25,1.2,1.35,-1.65,-55.0,2.0,400.0,0.2205,-0.0121,0.0001,0.4551,-0.3688,-0.0225,1.1839,1.5,1.5,1.35,3.0,down,2026-08-21T15:19:13,0.0,0.0
SPXW,2026-09-01,11,Call,7075.0,SPXW260901C07075000,594.1,616.9,605.5,0.0,0.0,0.0,0.0,0.0,0.2146,0.9866,0.0001,0.4931,-0.3906,1.7171,603.4612,0.0,0.0,0.0,585.900024414062,no_change,,0.0,0.0
SPXW,2026-09-01,11,Put,7075.0,SPXW260901P07075000,1.25,1.35,1.3,3.05,0.0,0.0,0.0,48.0,0.2148,-0.0133,0.0001,0.4931,-0.3906,-0.0246,1.2779,0.0,0.0,0.0,3.19999992847443,up,2026-08-20T14:06:32,0.0,0.0
SPXW,2026-09-01,11,Call,7100.0,SPXW260901C07100000,569.3,592.0,580.65,671.16,0.0,0.0,0.0,1.0,0.2081,0.9852,0.0001,0.5363,-0.4154,1.7207,578.5973,0.0,0.0,0.0,560.950012207031,up,2026-08-10T09:31:06,0.0,0.0
SPXW,2026-09-01,11,Put,7100.0,SPXW260901P07100000,1.35,1.5,1.425,1.6,-1.9,-54.2857,4.0,112.0,0.2093,-0.0146,0.0001,0.5363,-0.4154,-0.0272,1.3871,2.15,2.15,1.6,3.5,down,2026-08-21T15:28:46,0.0,0.0
SPXW,2026-09-01,11,Call,7125.0,SPXW260901C07125000,548.0,567.2,557.6,0.0,0.0,0.0,0.0,0.0,0.2033,0.9837,0.0001,0.5851,-0.4436,1.7238,553.7522,0.0,0.0,0.0,536.649993896484,no_change,,0.0,0.0
SPXW,2026-09-01,11,Put,7125.0,SPXW260901P07125000,1.5,1.6,1.55,2.7,0.0,0.0,0.0,97.0,0.2035,-0.0162,0.0001,0.5851,-0.4436,-0.0302,1.5152,0.0,0.0,0.0,3.89999997615814,down,2026-08-19T12:42:00,0.0,0.0
SPXW,2026-09-01,11,Call,7150.0,SPXW260901C07150000,519.6,542.4,531.0,0.0,0.0,0.0,0.0,0.0,0.1981,0.9818,0.0002,0.641,-0.476,1.7265,528.9302,0.0,0.0,0.0,511.649993896484,no_change,,0.0,0.0
SPXW,2026-09-01,11,Put,7150.0,SPXW260901P07150000,1.65,1.75,1.7,2.1,-2.1,-50.0,3.0,142.0,0.1979,-0.0181,0.0002,0.641,-0.476,-0.0336,1.6663,2.1,2.1,2.1,4.20000004768372,down,2026-08-21T11:06:12,0.0,0.0
SPXW,2026-09-01,11,Call,7175.0,SPXW260901C07175000,494.1,517.5,505.8,533.97,0.0,0.0,0.0,108.0,0.1925,0.9796,0.0002,0.7062,-0.5133,1.7286,504.1363,0.0,0.0,0.0,487.149993896484,up,2026-08-18T11:23:17,0.0,0.0
SPXW,2026-09-01,11,Put,7175.0,SPXW260901P07175000,1.8,1.95,1.875,5.0,0.0,0.0,0.0,39.0,0.1924,-0.0203,0.0002,0.7062,-0.5133,-0.0377,1.8455,0.0,0.0,0.0,4.70000004768372,up,2026-08-18T12:32:06,0.0,0.0
SPXW,2026-09-01,11,Call,7180.0,SPXW260901C07180000,492.1,512.5,502.3,0.0,0.0,0.0,0.0,0.0,0.1907,0.9791,0.0002,0.7205,-0.5214,1.729,499.1814,0.0,0.0,0.0,482.149993896484,no_change,,0.0,0.0
SPXW,2026-09-01,11,Put,7180.0,SPXW260901P07180000,1.85,1.95,1.9,1.95,-2.85,-59.375,39.0,42.0,0.1914,-0.0207,0.0002,0.7205,-0.5214,-0.0386,1.8853,2.42,2.42,1.95,4.79999995231628,down,2026-08-21T16:02:31,0.0,0.0
SPXW,2026-09-01,11,Call,7190.0,SPXW260901C07190000,479.0,502.6,490.8,0.0,0.0,0.0,0.0,0.0,0.1887,0.9781,0.0002,0.7502,-0.5383,1.7295,489.2762,0.0,0.0,0.0,472.350006103516,no_change,,0.0,0.0
SPXW,2026-09-01,11,Put,7190.0,SPXW260901P07190000,1.9,2.05,1.9749999999999999,2.15,-2.85,-57.0,2.0,3.0,0.1888,-0.0218,0.0002,0.7502,-0.5383,-0.0405,1.9693,2.15,2.15,2.15,5.0,down,2026-08-21T15:32:31,0.0,0.0
SPXW,2026-09-01,11,Call,7200.0,SPXW260901C07200000,469.8,492.7,481.25,236.6,0.0,0.0,0.0,54.0,0.1866,0.977,0.0002,0.7816,-0.5562,1.7299,479.3774,0.0,0.0,0.0,462.550003051758,down,2026-07-29T16:00:22,0.0,0.0
SPXW,2026-09-01,11,Put,7200.0,SPXW260901P07200000,2.0,2.15,2.075,2.24,-2.96,-56.9231,9.0,115.0,0.1868,-0.0229,0.0002,0.7816,-0.5562,-0.0426,2.0597,3.2,3.2,2.24,5.20000004768372,down,2026-08-21T15:34:57,0.0,0.0
SPXW,2026-09-01,11,Call,7210.0,SPXW260901C07210000,459.4,482.9,471.15,498.99,0.0,0.0,0.0,8.0,0.1844,0.9758,0.0002,0.8147,-0.5752,1.7301,469.4855,0.0,0.0,0.0,452.850006103516,down,2026-08-18T11:23:17,0.0,0.0
SPXW,2026-09-01,11,Put,7210.0,SPXW260901P07210000,2.1,2.25,2.175,2.12,-3.28,-60.7407,5.0,11.0,0.1848,-0.024,0.0002,0.8147,-0.5752,-0.0449,2.1571,2.65,2.7,2.12,5.40000009536743,down,2026-08-21T15:51:12,0.0,0.0
SPXW,2026-09-01,11,Call,7220.0,SPXW260901C07220000,449.3,472.9,461.1,0.0,0.0,0.0,0.0,0.0,0.1821,0.9746,0.0002,0.8497,-0.5954,1.7301,459.6013,0.0,0.0,0.0,443.099990844727,no_change,,0.0,0.0
SPXW,2026-09-01,11,Put,7220.0,SPXW260901P07220000,2.2,2.35,2.2750000000000004,2.5,-3.15,-55.7522,2.0,8.0,0.1826,-0.0253,0.0002,0.8497,-0.5954,-0.0473,2.2622,2.5,2.5,2.5,5.65000009536743,down,2026-08-21T15:25:46,0.0,0.0
SPXW,2026-09-01,11,Call,7225.0,SPXW260901C07225000,444.4,465.9,455.15,218.6,0.0,0.0,0.0,51.0,0.1816,0.9739,0.0002,0.868,-0.6059,1.7301,454.6622,0.0,0.0,0.0,438.550003051758,down,2026-07-29T16:00:22,0.0,0.0
SPXW,2026-09-01,11,Put,7225.0,SPXW260901P07225000,2.25,2.4,2.325,2.55,-3.25,-56.0345,6.0,100.0,0.1815,-0.026,0.0002,0.868,-0.6059,-0.0485,2.3177,2.8,2.85,2.55,5.79999995231628,down,2026-08-21T15:31:51,0.0,0.0
SPXW,2026-09-01,11,Call,7230.0,SPXW260901C07230000,439.5,463.0,451.25,0.0,0.0,0.0,0.0,0.0,0.1798,0.9732,0.0003,0.8868,-0.6168,1.73,449.7253,0.0,0.0,0.0,433.350006103516,no_change,,0.0,0.0
SPXW,2026-09-01,11,Put,7230.0,SPXW260901P07230000,2.3,2.45,2.375,2.65,-3.25,-55.0847,31.0,17.0,0.181,-0.0267,0.0003,0.8868,-0.6168,-0.0498,2.3754,3.0,3.0,2.65,5.90000009536743,down,2026-08-21T15:27:23,0.0,0.0
SPXW,2026-09-01,11,Call,7240.0,SPXW260901C07240000,429.6,452.1,440.85,0.0,0.0,0.0,0.0,0.0,0.1786,0.9717,0.0003,0.9263,-0.6394,1.7298,439.8582,0.0,0.0,0.0,424.0,no_change,,0.0,0.0
SPXW,2026-09-01,11,Put,7240.0,SPXW260901P07240000,2.4,2.55,2.4749999999999996,2.75,-3.4,-55.2846,6.0,5.0,0.1784,-0.0281,0.0003,0.9263,-0.6394,-0.0526,2.4976,3.0,3.0,2.75,6.15000009536743,down,2026-08-21T15:27:00,0.0,0.0
SPXW,2026-09-01,11,Call,7250.0,SPXW260901C07250000,423.0,443.3,433.15,235.07,0.0,0.0,0.0,6.0,0.1761,0.9702,0.0003,0.9685,-0.6634,1.7293,430.0008,0.0,0.0,0.0,413.950012207031,down,2026-07-29T12:54:56,0.0,0.0
SPXW,2026-09-01,11,Put,7250.0,SPXW260901P07250000,2.55,2.7,2.625,2.65,-3.8,-58.9147,131.0,246.0,0.1766,-0.0297,0.0003,0.9685,-0.6634,-0.0555,2.6293,3.2,3.2,2.65,6.45000004768372,down,2026-08-21T16:14:34,0.0,0.0
SPXW,2026-09-01,11,Call,7260.0,SPXW260901C07260000,413.6,432.8,423.20000000000005,0.0,0.0,0.0,0.0,0.0,0.1746,0.9685,0.0003,1.0135,-0.6887,1.7286,420.1538,0.0,0.0,0.0,404.199996948242,no_change,,0.0,0.0
SPXW,2026-09-01,11,Put,7260.0,SPXW260901P07260000,2.65,2.8,2.7249999999999996,6.6,0.0,0.0,0.0,6.0,0.1744,-0.0314,0.0003,1.0135,-0.6887,-0.0587,2.7716,0.0,0.0,0.0,6.75,up,2026-08-18T15:54:02,0.0,0.0
SPXW,2026-09-01,11,Call,7270.0,SPXW260901C07270000,404.1,423.6,413.85,499.5,0.0,0.0,0.0,1.0,0.172,0.9666,0.0003,1.0612,-0.7155,1.7276,410.3182,0.0,0.0,0.0,394.5,down,2026-08-17T14:53:54,0.0,0.0
SPXW,2026-09-01,11,Put,7270.0,SPXW260901P07270000,2.8,2.95,2.875,6.42,0.0,0.0,0.0,45.0,0.1727,-0.0332,0.0003,1.0612,-0.7155,-0.0621,2.9254,0.0,0.0,0.0,7.04999995231628,down,2026-08-20T10:05:25,0.0,0.0
SPXW,2026-09-01,11,Call,7275.0,SPXW260901C07275000,398.3,418.7,408.5,245.4,0.0,0.0,0.0,3.0,0.1712,0.9657,0.0003,1.086,-0.7295,1.727,405.4051,0.0,0.0,0.0,389.699996948242,up,2026-07-30T13:21:47,0.0,0.0
SPXW,2026-09-01,11,Put,7275.0,SPXW260901P07275000,2.9,3.1,3.0,3.28,-3.92,-54.4444,3.0,76.0,0.1716,-0.0342,0.0003,1.086,-0.7295,-0.064,3.0069,3.28,3.28,3.28,7.20000004768372,down,2026-08-21T15:18:15,0.0,0.0
SPXW,2026-09-01,11,Call,7280.0,SPXW260901C07280000,394.4,413.8,404.1,241.6,0.0,0.0,0.0,3.0,0.1703,0.9647,0.0003,1.1114,-0.7439,1.7263,400.4953,0.0,0.0,0.0,384.900009155273,up,2026-07-30T13:21:47,0.0,0.0
SPXW,2026-09-01,11,Put,7280.0,SPXW260901P07280000,2.95,3.2,3.075,3.7,-3.7,-50.0,5.0,58.0,0.1708,-0.0352,0.0003,1.1114,-0.7439,-0.0659,3.0917,4.3,4.3,3.7,7.40000009536743,down,2026-08-21T11:32:00,0.0,0.0
SPXW,2026-09-01,11,Call,7290.0,SPXW260901C07290000,384.8,404.0,394.4,0.0,0.0,0.0,0.0,0.0,0.1685,0.9625,0.0004,1.1643,-0.774,1.7247,390.6862,0.0,0.0,0.0,375.199996948242,no_change,,0.0,0.0
SPXW,2026-09-01,11,Put,7290.0,SPXW260901P07290000,3.1,3.3,3.2,3.9,-3.85,-49.6774,4.0,11.0,0.1681,-0.0373,0.0004,1.1643,-0.774,-0.07,3.2718,4.0,4.0,3.9,7.75,down,2026-08-21T11:31:44,0.0,0.0
SPXW,2026-09-01,11,Call,7300.0,SPXW260901C07300000,370.6,393.2,381.9,393.12,27.32,7.46856,1.0,13.0,0.1665,0.9602,0.0004,1.2202,-0.8057,1.7228,380.892,393.12,393.12,393.12,365.800003051758,down,2026-08-21T11:37:05,0.0,0.0
SPXW,2026-09-01,11,Put,7300.0,SPXW260901P07300000,3.3,3.5,3.4,3.27,-4.88,-59.8773,15.0,258.0,0.1663,-0.0396,0.0004,1.2202,-0.8057,-0.0743,3.4669,5.09,5.09,3.27,8.15000009536743,down,2026-08-21T15:51:12,0.0,0.0
SPXW,2026-09-01,11,Call,7310.0,SPXW260901C07310000,364.0,384.4,374.2,0.0,0.0,0.0,0.0,0.0,0.1644,0.9578,0.0004,1.2796,-0.8392,1.7206,371.1139,0.0,0.0,0.0,356.049987792969,no_change,,0.0,0.0
SPXW,2026-09-01,11,Put,7310.0,SPXW260901P07310000,3.5,3.7,3.6,8.09,0.0,0.0,0.0,74.0,0.1643,-0.0421,0.0004,1.2796,-0.8392,-0.0789,3.678,0.0,0.0,0.0,8.5499997138977,up,2026-08-18T14:13:52,0.0,0.0
SPXW,2026-09-01,11,Call,7320.0,SPXW260901C07320000,354.4,374.6,364.5,449.29,0.0,0.0,0.0,22.0,0.1623,0.9551,0.0004,1.343,-0.8745,1.7181,361.353,0.0,0.0,0.0,346.849990844727,down,2026-08-17T14:59:47,0.0,0.0
SPXW,2026-09-01,11,Put,7320.0,SPXW260901P07320000,3.7,3.9,3.8,4.95,-4.0,-44.6927,3.0,38.0,0.1626,-0.0448,0.0004,1.343,-0.8745,-0.0839,3.9064,4.95,4.95,4.95,8.9500002861023,no_change,2026-08-21T10:58:44,0.0,0.0
SPXW,2026-09-01,11,Call,7325.0,SPXW260901C07325000,346.1,367.7,356.9,464.53,0.0,0.0,0.0,1.0,0.1611,0.9537,0.0004,1.3762,-0.8928,1.7167,356.4795,0.0,0.0,0.0,342.449996948242,down,2026-08-17T10:11:31,0.0,0.0
SPXW,2026-09-01,11,Put,7325.0,SPXW260901P07325000,3.8,4.0,3.9,7.8,0.0,0.0,0.0,80.0,0.1616,-0.0462,0.0004,1.3762,-0.8928,-0.0866,4.0275,0.0,0.0,0.0,9.2000002861023,up,2026-08-20T13:24:41,0.0,0.0
SPXW,2026-09-01,11,Call,7330.0,SPXW260901C07330000,344.5,364.9,354.7,0.0,0.0,0.0,0.0,0.0,0.1608,0.9522,0.0005,1.4103,-0.9117,1.7152,351.611,0.0,0.0,0.0,336.950012207031,no_change,,0.0,0.0
SPXW,2026-09-01,11,Put,7330.0,SPXW260901P07330000,3.9,4.2,4.05,4.6,-4.85,-51.3228,19.0,8.0,0.1608,-0.0476,0.0005,1.4103,-0.9117,-0.0893,4.1536,6.1,6.1,4.6,9.4500002861023,down,2026-08-21T15:06:03,0.0,0.0
SPXW,2026-09-01,11,Call,7340.0,SPXW260901C07340000,336.2,355.1,345.65,0.0,0.0,0.0,0.0,0.0,0.1584,0.9491,0.0005,1.4813,-0.9508,1.7117,341.8897,0.0,0.0,0.0,328.150009155273,no_change,,0.0,0.0
SPXW,2026-09-01,11,Put,7340.0,SPXW260901P07340000,4.2,4.4,4.300000000000001,5.0,-4.95,-49.7487,18.0,33.0,0.1589,-0.0508,0.0005,1.4813,-0.9508,-0.0952,4.4216,5.4,5.41,4.82,9.9500002861023,down,2026-08-21T13:42:06,0.0,0.0
SPXW,2026-09-01,11,Call,7345.0,SPXW260901C07345000,331.1,350.3,340.70000000000005,0.0,0.0,0.0,0.0,0.0,0.1579,0.9475,0.0005,1.518,-0.9711,1.7098,337.0375,0.0,0.0,0.0,0.0,no_change,,0.0,0.0
SPXW,2026-09-01,11,Put,7345.0,SPXW260901P07345000,4.3,4.6,4.449999999999999,0.0,0.0,0.0,0.0,0.0,0.158,-0.0524,0.0005,1.518,-0.9711,-0.0984,4.564,0.0,0.0,0.0,0.0,no_change,,0.0,0.0
SPXW,2026-09-01,11,Call,7350.0,SPXW260901C07350000,325.8,345.4,335.6,420.11,0.0,0.0,0.0,3.0,0.1566,0.9458,0.0005,1.5555,-0.9919,1.7077,332.1912,0.0,0.0,0.0,318.350006103516,down,2026-08-17T14:59:47,0.0,0.0
SPXW,2026-09-01,11,Put,7350.0,SPXW260901P07350000,4.5,4.7,4.6,5.07,-5.38,-51.4833,13.0,181.0,0.1572,-0.0541,0.0005,1.5555,-0.9919,-0.1017,4.7123,6.4,6.7,5.07,10.4500002861023,down,2026-08-21T11:45:22,0.0,0.0
SPXW,2026-09-01,11,Call,7355.0,SPXW260901C07355000,321.4,340.7,331.04999999999995,0.0,0.0,0.0,0.0,0.0,0.156,0.944,0.0005,1.594,-1.0132,1.7056,327.351,0.0,0.0,0.0,0.0,no_change,,0.0,0.0
SPXW,2026-09-01,11,Put,7355.0,SPXW260901P07355000,4.6,4.8,4.699999999999999,0.0,0.0,0.0,0.0,0.0,0.1559,-0.0559,0.0005,1.594,-1.0132,-0.1051,4.8668,0.0,0.0,0.0,0.0,no_change,,0.0,0.0
SPXW,2026-09-01,11,Call,7360.0,SPXW260901C07360000,314.9,335.0,324.95,0.0,0.0,0.0,0.0,0.0,0.1553,0.9422,0.0006,1.6335,-1.0351,1.7033,322.5173,0.0,0.0,0.0,309.25,no_change,,0.0,0.0
SPXW,2026-09-01,11,Put,7360.0,SPXW260901P07360000,4.8,5.0,4.9,5.61,-5.39,-49.0,21.0,108.0,0.1553,-0.0577,0.0006,1.6335,-1.0351,-0.1086,5.0277,7.2,7.2,5.61,11.0,down,2026-08-21T13:41:56,0.0,0.0
SPXW,2026-09-01,11,Call,7365.0,SPXW260901C07365000,311.4,331.0,321.2,0.0,0.0,0.0,0.0,0.0,0.154,0.9402,0.0006,1.6741,-1.0575,1.7009,317.6902,0.0,0.0,0.0,0.0,no_change,,0.0,0.0
SPXW,2026-09-01,11,Put,7365.0,SPXW260901P07365000,4.9,5.2,5.050000000000001,5.8,5.8,0.0,17.0,0.0,0.1543,-0.0596,0.0006,1.6741,-1.0575,-0.1122,5.1952,6.85,6.85,5.8,0.0,down,2026-08-21T13:42:06,0.0,0.0
SPXW,2026-09-01,11,Call,7370.0,SPXW260901C07370000,306.6,326.1,316.35,294.29,0.0,0.0,0.0,30.0,0.1532,0.9383,0.0006,1.7159,-1.0804,1.6984,312.8699,0.0,0.0,0.0,298.799987792969,no_change,2026-08-20T15:58:51,0.0,0.0
SPXW,2026-09-01,11,Put,7370.0,SPXW260901P07370000,5.1,5.3,5.199999999999999,6.27,-5.33,-45.9483,2.0,23.0,0.1532,-0.0616,0.0006,1.7159,-1.0804,-0.1159,5.3696,7.59,7.59,6.27,11.5999999046326,down,2026-08-21T11:03:39,0.0,0.0
SPXW,2026-09-01,11,Call,7375.0,SPXW260901C07375000,302.3,319.2,310.75,443.89,0.0,0.0,0.0,14.0,0.1524,0.9362,0.0006,1.759,-1.1038,1.6958,308.0568,0.0,0.0,0.0,294.150009155273,down,2026-08-05T09:50:05,0.0,0.0
SPXW,2026-09-01,11,Put,7375.0,SPXW260901P07375000,5.3,5.5,5.4,6.18,-5.72,-48.0672,11.0,122.0,0.1525,-0.0637,0.0006,1.759,-1.1038,-0.1197,5.5511,7.3,7.3,6.18,11.9000000953674,down,2026-08-21T13:37:58,0.0,0.0
SPXW,2026-09-01,11,Call,7380.0,SPXW260901C07380000,297.2,316.5,306.85,352.56,0.0,0.0,0.0,5.0,0.1516,0.9341,0.0006,1.8035,-1.1277,1.693,303.2511,0.0,0.0,0.0,289.5,up,2026-08-19T15:25:04,0.0,0.0
SPXW,2026-09-01,11,Put,7380.0,SPXW260901P07380000,5.5,5.7,5.6,5.36,-6.89,-56.2449,7.0,162.0,0.1516,-0.0658,0.0006,1.8035,-1.1277,-0.1238,5.74,7.7,7.7,5.36,12.25,down,2026-08-21T15:51:43,0.0,0.0
SPXW,2026-09-01,11,Call,7385.0,SPXW260901C07385000,292.4,311.7,302.04999999999995,0.0,0.0,0.0,0.0,0.0,0.1507,0.9318,0.0006,1.8492,-1.1522,1.69,298.4532,0.0,0.0,0.0,0.0,no_change,,0.0,0.0
SPXW,2026-09-01,11,Put,7385.0,SPXW260901P07385000,5.6,5.9,5.75,0.0,0.0,0.0,0.0,0.0,0.1508,-0.068,0.0006,1.8492,-1.1522,-0.128,5.9368,0.0,0.0,0.0,0.0,no_change,,0.0,0.0
SPXW,2026-09-01,11,Call,7390.0,SPXW260901C07390000,287.3,306.9,297.1,193.0,0.0,0.0,0.0,8.0,0.1498,0.9295,0.0007,1.8959,-1.1772,1.6869,293.6636,0.0,0.0,0.0,280.199996948242,up,2026-07-31T15:16:31,0.0,0.0
SPXW,2026-09-01,11,Put,7390.0,SPXW260901P07390000,5.8,6.1,5.949999999999999,6.6,-6.3,-48.8372,1.0,71.0,0.1499,-0.0704,0.0007,1.8959,-1.1772,-0.1324,6.1417,6.6,6.6,6.6,12.9000000953674,down,2026-08-21T15:06:11,0.0,0.0
SPXW,2026-09-01,11,Call,7395.0,SPXW260901C07395000,281.9,301.3,291.6,0.0,0.0,0.0,0.0,0.0,0.1488,0.9271,0.0007,1.9437,-1.2028,1.6835,288.8826,0.0,0.0,0.0,275.550003051758,no_change,,0.0,0.0
SPXW,2026-09-01,11,Put,7395.0,SPXW260901P07395000,6.1,6.3,6.199999999999999,7.47,-5.78,-43.6226,40.0,29.0,0.149,-0.0728,0.0007,1.9437,-1.2028,-0.137,6.3553,7.44,7.47,7.44,13.25,no_change,2026-08-21T11:13:15,0.0,0.0
SPXW,2026-09-01,11,Call,7400.0,SPXW260901C07400000,273.8,295.6,284.70000000000005,328.51,0.0,0.0,0.0,19.0,0.1483,0.9246,0.0007,1.9924,-1.2288,1.6799,284.1106,0.0,0.0,0.0,270.899993896484,down,2026-08-19T13:40:55,0.0,0.0
SPXW,2026-09-01,11,Put,7400.0,SPXW260901P07400000,6.3,6.5,6.4,6.5,-7.15,-52.381,130.0,305.0,0.1485,-0.0752,0.0007,1.9924,-1.2288,-0.1418,6.578,9.49,9.49,6.1,13.6500000953674,up,2026-08-21T16:13:14,0.0,0.0
SPXW,2026-09-01,11,Call,7405.0,SPXW260901C07405000,273.2,292.5,282.85,0.0,0.0,0.0,0.0,0.0,0.1473,0.922,0.0007,2.042,-1.2555,1.6762,279.3481,0.0,0.0,0.0,266.300003051758,no_change,,0.0,0.0
SPXW,2026-09-01,11,Put,7405.0,SPXW260901P07405000,6.5,6.8,6.65,0.0,0.0,0.0,0.0,0.0,0.1475,-0.0778,0.0007,2.042,-1.2555,-0.1468,6.8101,0.0,0.0,0.0,14.0,no_change,,0.0,0.0
SPXW,2026-09-01,11,Call,7410.0,SPXW260901C07410000,268.3,287.8,278.05,293.7,0.0,0.0,0.0,9.0,0.1467,0.9193,0.0008,2.0926,-1.2827,1.6722,274.5955,0.0,0.0,0.0,261.699996948242,down,2026-08-20T10:49:11,0.0,0.0
SPXW,2026-09-01,11,Put,7410.0,SPXW260901P07410000,6.7,7.0,6.85,7.73,-6.67,-46.3194,7.0,38.0,0.1464,-0.0805,0.0008,2.0926,-1.2827,-0.1519,7.0521,8.2,8.2,7.73,14.4000000953674,down,2026-08-21T12:19:19,0.0,0.0
SPXW,2026-09-01,11,Call,7415.0,SPXW260901C07415000,263.5,281.0,272.25,0.0,0.0,0.0,0.0,0.0,0.1456,0.9166,0.0008,2.1444,-1.3104,1.6682,269.853,0.0,0.0,0.0,257.150001525879,no_change,,0.0,0.0
SPXW,2026-09-01,11,Put,7415.0,SPXW260901P07415000,7.0,7.2,7.1,7.85,-6.95,-46.9595,10.0,0.0,0.1458,-0.0833,0.0008,2.1444,-1.3104,-0.1572,7.3042,7.85,7.85,7.85,14.7999997138977,down,2026-08-21T12:06:31,0.0,0.0
SPXW,2026-09-01,11,Call,7420.0,SPXW260901C07420000,254.4,276.2,265.3,356.2,0.0,0.0,0.0,10.0,0.1448,0.9136,0.0008,2.1976,-1.3386,1.664,265.121,0.0,0.0,0.0,252.549995422363,down,2026-08-11T11:27:11,0.0,0.0
SPXW,2026-09-01,11,Put,7420.0,SPXW260901P07420000,7.2,7.5,7.35,11.41,0.0,0.0,0.0,30.0,0.1446,-0.0862,0.0008,2.1976,-1.3386,-0.1627,7.5669,0.0,0.0,0.0,15.25,down,2026-08-20T12:47:50,0.0,0.0
SPXW,2026-09-01,11,Call,7425.0,SPXW260901C07425000,254.3,273.6,263.95000000000005,355.3,0.0,0.0,0.0,55.0,0.1441,0.9106,0.0008,2.2523,-1.3674,1.6595,260.4,0.0,0.0,0.0,247.950004577637,no_change,2026-08-04T13:04:44,0.0,0.0
SPXW,2026-09-01,11,Put,7425.0,SPXW260901P07425000,7.5,7.8,7.65,8.39,-7.26,-46.3898,16.0,124.0,0.1439,-0.0892,0.0008,2.2523,-1.3674,-0.1683,7.8405,9.89,9.89,8.35,15.6500000953674,up,2026-08-21T13:45:49,0.0,0.0
SPXW,2026-09-01,11,Call,7430.0,SPXW260901C07430000,245.0,266.8,255.9,392.72,0.0,0.0,0.0,6.0,0.1433,0.9075,0.0009,2.3086,-1.3967,1.6549,255.6904,0.0,0.0,0.0,243.450004577637,down,2026-08-14T09:30:13,0.0,0.0
SPXW,2026-09-01,11,Put,7430.0,SPXW260901P07430000,7.8,8.1,7.949999999999999,8.0,-8.15,-50.4644,39.0,53.0,0.1431,-0.0924,0.0009,2.3086,-1.3967,-0.1742,8.1256,9.16,9.16,7.7,16.1499996185303,up,2026-08-21T16:13:18,0.0,0.0
SPXW,2026-09-01,11,Call,7435.0,SPXW260901C07435000,240.3,262.1,251.20000000000002,0.0,0.0,0.0,0.0,0.0,0.1424,0.9042,0.0009,2.3662,-1.4265,1.6499,250.9929,0.0,0.0,0.0,238.950004577637,no_change,,0.0,0.0
SPXW,2026-09-01,11,Put,7435.0,SPXW260901P07435000,8.1,8.3,8.2,8.8,-7.8,-46.988,3.0,10.0,0.1423,-0.0956,0.0009,2.3662,-1.4265,-0.1804,8.4227,9.09,9.09,8.8,16.6000003814697,down,2026-08-21T14:52:54,0.0,0.0
SPXW,2026-09-01,11,Call,7440.0,SPXW260901C07440000,244.8,250.8,247.8,156.8,0.0,0.0,0.0,1.0,0.1417,0.9009,0.0009,2.4251,-1.4568,1.6447,246.308,0.0,0.0,0.0,234.400001525879,up,2026-07-31T09:36:41,0.0,0.0
SPXW,2026-09-01,11,Put,7440.0,SPXW260901P07440000,8.4,8.7,8.55,8.4,-8.65,-50.7331,112.0,60.0,0.1416,-0.099,0.0009,2.4251,-1.4568,-0.1869,8.7324,11.86,11.86,8.25,17.0500001907349,no_change,2026-08-21T15:56:49,0.0,0.0
SPXW,2026-09-01,11,Call,7445.0,SPXW260901C07445000,240.2,245.8,243.0,0.0,0.0,0.0,0.0,0.0,0.1416,0.8974,0.001,2.4848,-1.4875,1.6392,241.6366,0.0,0.0,0.0,229.900001525879,no_change,,0.0,0.0
SPXW,2026-09-01,11,Put,7445.0,SPXW260901P07445000,8.7,9.0,8.85,0.0,0.0,0.0,0.0,0.0,0.1405,-0.1025,0.001,2.4848,-1.4875,-0.1936,9.0556,0.0,0.0,0.0,17.5500001907349,no_change,,0.0,0.0
SPXW,2026-09-01,11,Call,7450.0,SPXW260901C07450000,235.6,241.2,238.39999999999998,237.74,12.24,5.42794,2.0,663.0,0.1406,0.8937,0.001,2.5454,-1.5188,1.6334,236.9791,241.92,241.92,237.74,225.5,down,2026-08-21T16:13:14,0.0,0.0
SPXW,2026-09-01,11,Put,7450.0,SPXW260901P07450000,9.1,9.3,9.2,9.3,-8.75,-48.4765,47.0,910.0,0.1399,-0.1061,0.001,2.5454,-1.5188,-0.2007,9.3927,11.63,12.45,8.4,18.0500001907349,up,2026-08-21T16:13:18,0.0,0.0
SPXW,2026-09-01,11,Call,7455.0,SPXW260901C07455000,230.9,236.5,233.7,0.0,0.0,0.0,0.0,0.0,0.1393,0.89,0.001,2.6068,-1.5505,1.6273,232.3362,0.0,0.0,0.0,221.0,no_change,,0.0,0.0
SPXW,2026-09-01,11,Put,7455.0,SPXW260901P07455000,9.4,9.7,9.55,19.7,0.0,0.0,0.0,2.0,0.1388,-0.1099,0.001,2.6068,-1.5505,-0.2079,9.7444,0.0,0.0,0.0,18.6000003814697,up,2026-08-20T15:57:37,0.0,0.0
SPXW,2026-09-01,11,Call,7460.0,SPXW260901C07460000,226.3,231.9,229.10000000000002,323.63,0.0,0.0,0.0,14.0,0.1391,0.886,0.001,2.6693,-1.5828,1.6211,227.7084,0.0,0.0,0.0,216.5,down,2026-08-10T14:05:15,0.0,0.0
SPXW,2026-09-01,11,Put,7460.0,SPXW260901P07460000,9.8,10.0,9.9,11.49,-7.66,-40.0,4.0,60.0,0.1382,-0.1138,0.001,2.6693,-1.5828,-0.2154,10.1113,12.95,12.95,11.49,19.1499996185303,down,2026-08-21T11:15:10,0.0,0.0
SPXW,2026-09-01,11,Call,7465.0,SPXW260901C07465000,221.7,227.2,224.45,0.0,0.0,0.0,0.0,0.0,0.1382,0.882,0.0011,2.7331,-1.6154,1.6146,223.0963,0.0,0.0,0.0,212.099998474121,no_change,,0.0,0.0
SPXW,2026-09-01,11,Put,7465.0,SPXW260901P07465000,10.1,10.4,10.25,19.0,0.0,0.0,0.0,19.0,0.1374,-0.1179,0.0011,2.7331,-1.6154,-0.2231,10.4938,0.0,0.0,0.0,19.75,no_change,2026-08-20T15:25:48,0.0,0.0
SPXW,2026-09-01,11,Call,7470.0,SPXW260901C07470000,217.1,222.6,219.85,202.31,0.0,0.0,0.0,46.0,0.1373,0.8777,0.0011,2.7985,-1.6484,1.6079,218.5004,0.0,0.0,0.0,207.75,no_change,2026-08-20T15:58:51,0.0,0.0
SPXW,2026-09-01,11,Put,7470.0,SPXW260901P07470000,10.5,10.8,10.65,11.25,-9.1,-44.7174,6.0,54.0,0.1366,-0.1221,0.0011,2.7985,-1.6484,-0.231,10.8926,13.75,13.75,11.25,20.3500003814697,down,2026-08-21T14:52:54,0.0,0.0
SPXW,2026-09-01,11,Call,7475.0,SPXW260901C07475000,212.5,218.0,215.25,192.8,0.0,0.0,0.0,4.0,0.1367,0.8734,0.0011,2.8654,-1.6819,1.6009,213.9216,0.0,0.0,0.0,203.350006103516,up,2026-08-03T13:17:50,0.0,0.0
SPXW,2026-09-01,11,Put,7475.0,SPXW260901P07475000,11.0,11.2,11.1,11.0,-9.95,-47.494,47.0,128.0,0.1357,-0.1265,0.0011,2.8654,-1.6819,-0.2393,11.3083,14.3,14.3,11.0,20.9499998092651,down,2026-08-21T15:36:02,0.0,0.0
SPXW,2026-09-01,11,Call,7480.0,SPXW260901C07480000,208.0,213.4,210.7,138.8,0.0,0.0,0.0,4.0,0.135,0.8688,0.0012,2.9338,-1.7157,1.5934,209.3606,0.0,0.0,0.0,198.949996948242,up,2026-07-31T15:45:11,0.0,0.0
SPXW,2026-09-01,11,Put,7480.0,SPXW260901P07480000,11.4,11.7,11.55,10.97,-10.58,-49.0951,2.0,84.0,0.1351,-0.1311,0.0012,2.9338,-1.7157,-0.248,11.742,13.47,13.47,10.97,21.5500001907349,down,2026-08-21T15:51:43,0.0,0.0
SPXW,2026-09-01,11,Call,7485.0,SPXW260901C07485000,203.4,208.9,206.15,0.0,0.0,0.0,0.0,0.0,0.1349,0.8641,0.0012,3.0031,-1.7498,1.5856,204.8185,0.0,0.0,0.0,194.649993896484,no_change,,0.0,0.0
SPXW,2026-09-01,11,Put,7485.0,SPXW260901P07485000,11.8,12.1,11.95,12.5,-9.7,-43.6937,4.0,13.0,0.1341,-0.1358,0.0012,3.0031,-1.7498,-0.2571,12.1945,12.5,12.5,12.5,22.1999998092651,down,2026-08-21T12:49:52,0.0,0.0
SPXW,2026-09-01,11,Call,7490.0,SPXW260901C07490000,199.0,204.3,201.65,205.17,14.87,7.81398,1.0,25.0,0.1334,0.8592,0.0012,3.073,-1.7842,1.5773,200.2962,205.17,205.17,205.17,190.300003051758,down,2026-08-21T15:13:17,0.0,0.0
SPXW,2026-09-01,11,Put,7490.0,SPXW260901P07490000,12.3,12.6,12.45,13.8,-9.05,-39.6061,2.0,88.0,0.1334,-0.1407,0.0012,3.073,-1.7842,-0.2666,12.6669,13.8,13.8,13.8,22.8500003814697,down,2026-08-21T14:33:35,0.0,0.0
SPXW,2026-09-01,11,Call,7495.0,SPXW260901C07495000,194.5,199.8,197.15,0.0,0.0,0.0,0.0,0.0,0.1326,0.8541,0.0013,3.1433,-1.8189,1.5687,195.7948,0.0,0.0,0.0,186.0,no_change,,0.0,0.0
SPXW,2026-09-01,11,Put,7495.0,SPXW260901P07495000,12.8,13.1,12.95,16.25,-7.3,-30.9979,3.0,42.0,0.1326,-0.1457,0.0013,3.1433,-1.8189,-0.2764,13.16,16.25,16.25,16.25,23.5500001907349,down,2026-08-21T09:42:07,0.0,0.0
SPXW,2026-09-01,11,Call,7500.0,SPXW260901C07500000,189.9,195.3,192.60000000000002,192.09,10.39,5.71822,61.0,28.0,0.1318,0.8489,0.0013,3.2142,-1.8539,1.5599,191.3148,194.52,194.52,192.09,181.699996948242,down,2026-08-21T16:13:14,0.0,0.0
SPXW,2026-09-01,11,Put,7500.0,SPXW260901P07500000,13.3,13.6,13.45,12.61,-11.64,-48.0,95.0,231.0,0.1319,-0.151,0.0013,3.2142,-1.8539,-0.2864,13.6747,17.63,17.63,12.25,24.25,up,2026-08-21T15:50:00,0.0,0.0
SPXW,2026-09-01,11,Call,7505.0,SPXW260901C07505000,185.4,190.8,188.10000000000002,0.0,0.0,0.0,0.0,0.0,0.1308,0.8434,0.0014,3.286,-1.889,1.5508,186.857,0.0,0.0,0.0,177.549995422363,no_change,,0.0,0.0
SPXW,2026-09-01,11,Put,7505.0,SPXW260901P07505000,13.8,14.1,13.95,14.4,-10.65,-42.515,8.0,1.0,0.131,-0.1565,0.0014,3.286,-1.889,-0.2968,14.2116,17.07,17.66,14.4,25.0500001907349,down,2026-08-21T12:49:52,0.0,0.0
SPXW,2026-09-01,11,Call,7510.0,SPXW260901C07510000,181.0,186.3,183.65,186.34,0.0,0.0,0.0,26.0,0.13,0.8378,0.0014,3.359,-1.9243,1.5413,182.4223,0.0,0.0,0.0,173.25,down,2026-08-20T13:30:23,0.0,0.0
SPXW,2026-09-01,11,Put,7510.0,SPXW260901P07510000,14.4,14.7,14.55,18.24,-7.61,-29.4391,5.0,49.0,0.1303,-0.1621,0.0014,3.359,-1.9243,-0.3074,14.7714,19.31,19.31,17.63,25.8500003814697,no_change,2026-08-21T10:24:52,0.0,0.0
SPXW,2026-09-01,11,Call,7515.0,SPXW260901C07515000,176.4,181.9,179.15,0.0,0.0,0.0,0.0,0.0,0.1296,0.8319,0.0014,3.4334,-1.9597,1.5315,178.0116,0.0,0.0,0.0,169.049995422363,no_change,,0.0,0.0
SPXW,2026-09-01,11,Put,7515.0,SPXW260901P07515000,14.9,15.2,15.05,15.3,-11.3,-42.4812,26.0,10.0,0.1294,-0.168,0.0014,3.4334,-1.9597,-0.3186,15.3553,16.35,16.35,15.3,26.6000003814697,down,2026-08-21T15:10:17,0.0,0.0
SPXW,2026-09-01,11,Call,7520.0,SPXW260901C07520000,172.3,177.5,174.9,0.0,0.0,0.0,0.0,0.0,0.1291,0.8258,0.0015,3.5088,-1.9951,1.5211,173.626,0.0,0.0,0.0,164.900001525879,no_change,,0.0,0.0
SPXW,2026-09-01,11,Put,7520.0,SPXW260901P07520000,15.5,15.8,15.65,14.71,-12.74,-46.4117,6016.0,133.0,0.1287,-0.174,0.0015,3.5088,-1.9951,-0.3302,15.9644,20.36,20.36,14.71,27.4499998092651,down,2026-08-21T15:50:00,0.0,0.0
SPXW,2026-09-01,11,Call,7525.0,SPXW260901C07525000,167.9,173.1,170.5,195.18,0.0,0.0,0.0,55.0,0.1279,0.8196,0.0015,3.5848,-2.0305,1.5101,169.2671,0.0,0.0,0.0,160.799995422363,down,2026-08-20T10:45:35,0.0,0.0
SPXW,2026-09-01,11,Put,7525.0,SPXW260901P07525000,16.2,16.5,16.35,15.3,-12.95,-45.8407,74.0,128.0,0.1278,-0.1803,0.0015,3.5848,-2.0305,-0.3424,16.6001,20.95,21.45,15.3,28.25,down,2026-08-21T15:50:10,0.0,0.0
SPXW,2026-09-01,11,Call,7530.0,SPXW260901C07530000,163.6,168.7,166.14999999999998,0.0,0.0,0.0,0.0,0.0,0.1269,0.813,0.0016,3.6607,-2.0658,1.4987,164.936,0.0,0.0,0.0,156.650001525879,no_change,,0.0,0.0
SPXW,2026-09-01,11,Put,7530.0,SPXW260901P07530000,16.8,17.1,16.950000000000003,17.1,-12.05,-41.3379,6004.0,78.0,0.1271,-0.1868,0.0016,3.6607,-2.0658,-0.355,17.2636,20.99,20.99,16.15,29.1499996185303,down,2026-08-21T15:10:17,0.0,0.0
SPXW,2026-09-01,11,Call,7535.0,SPXW260901C07535000,159.3,164.4,161.85000000000002,0.0,0.0,0.0,0.0,0.0,0.1263,0.8063,0.0016,3.7362,-2.1009,1.4869,160.6338,0.0,0.0,0.0,152.75,no_change,,0.0,0.0
SPXW,2026-09-01,11,Put,7535.0,SPXW260901P07535000,17.5,17.8,17.65,17.8,-12.25,-40.7654,2.0,5.0,0.1262,-0.1936,0.0016,3.7362,-2.1009,-0.368,17.9561,22.35,22.35,17.8,30.0500001907349,down,2026-08-21T15:10:17,0.0,0.0
SPXW,2026-09-01,11,Call,7540.0,SPXW260901C07540000,155.0,160.1,157.55,151.48,0.0,0.0,0.0,4.0,0.1251,0.7993,0.0017,3.8117,-2.1358,1.4749,156.3616,0.0,0.0,0.0,148.5,down,2026-08-20T14:27:43,0.0,0.0
SPXW,2026-09-01,11,Put,7540.0,SPXW260901P07540000,18.2,18.5,18.35,17.77,-13.28,-42.7697,8.0,65.0,0.1255,-0.2005,0.0017,3.8117,-2.1358,-0.3813,18.6785,20.06,20.06,17.77,31.0500001907349,down,2026-08-21T15:35:31,0.0,0.0
SPXW,2026-09-01,11,Call,7545.0,SPXW260901C07545000,150.4,155.8,153.10000000000002,0.0,0.0,0.0,0.0,0.0,0.1245,0.7921,0.0017,3.8874,-2.1704,1.4624,152.12,0.0,0.0,0.0,144.649993896484,no_change,,0.0,0.0
SPXW,2026-09-01,11,Put,7545.0,SPXW260901P07545000,18.9,19.2,19.049999999999997,19.2,-12.8,-40.0,1.0,9.0,0.1246,-0.2078,0.0017,3.8874,-2.1704,-0.395,19.4315,19.2,19.2,19.2,32.0,down,2026-08-21T15:10:17,0.0,0.0
SPXW,2026-09-01,11,Call,7550.0,SPXW260901C07550000,146.1,151.6,148.85,148.64,8.39,5.98217,1.0,112.0,0.1237,0.7847,0.0018,3.9639,-2.2046,1.4495,147.9103,148.64,148.64,148.64,140.25,down,2026-08-21T10:12:26,0.0,0.0
SPXW,2026-09-01,11,Put,7550.0,SPXW260901P07550000,19.7,20.0,19.85,20.23,-12.77,-38.697,778.0,2367.0,0.124,-0.2152,0.0018,3.9639,-2.2046,-0.4091,20.2165,24.4,24.73,19.5,33.0,no_change,2026-08-21T16:03:08,0.0,0.0
SPXW,2026-09-01,11,Call,7555.0,SPXW260901C07555000,142.0,147.4,144.7,143.7,7.45,5.46789,17.0,1.0,0.1232,0.777,0.0018,4.0409,-2.2384,1.436,143.7339,143.7,143.7,143.3,136.25,no_change,2026-08-21T14:18:08,0.0,0.0
SPXW,2026-09-01,11,Put,7555.0,SPXW260901P07555000,20.5,20.8,20.65,21.08,-12.97,-38.091,23.0,3.0,0.123,-0.2229,0.0018,4.0409,-2.2384,-0.4238,21.0346,25.5,25.5,19.7,34.0500011444092,no_change,2026-08-21T16:03:08,0.0,0.0
SPXW,2026-09-01,11,Call,7560.0,SPXW260901C07560000,137.8,143.2,140.5,146.39,13.94,10.5247,55.0,51.0,0.1221,0.769,0.0019,4.1178,-2.2716,1.4218,139.5924,146.39,146.39,146.39,132.449996948242,up,2026-08-21T15:38:08,0.0,0.0
SPXW,2026-09-01,11,Put,7560.0,SPXW260901P07560000,21.3,21.7,21.5,21.5,-13.65,-38.8336,16.0,436.0,0.1224,-0.2308,0.0019,4.1178,-2.2716,-0.4393,21.8878,26.68,27.46,21.5,35.1499996185303,down,2026-08-21T15:10:16,0.0,0.0
SPXW,2026-09-01,11,Call,7565.0,SPXW260901C07565000,133.7,139.0,136.35,132.43,3.88,3.01828,1.0,1.0,0.1216,0.7608,0.0019,4.1937,-2.304,1.4071,135.4876,132.43,132.43,132.43,128.550003051758,up,2026-08-21T09:52:28,0.0,0.0
SPXW,2026-09-01,11,Put,7565.0,SPXW260901P07565000,22.2,22.5,22.35,22.3,-13.95,-38.4828,4.0,7.0,0.1216,-0.2391,0.0019,4.1937,-2.304,-0.4552,22.7776,27.76,27.76,20.79,36.25,down,2026-08-21T15:10:17,0.0,0.0
SPXW,2026-09-01,11,Call,7570.0,SPXW260901C07570000,129.6,134.9,132.25,138.06,13.01,10.4038,55.0,5.0,0.1212,0.7523,0.002,4.2682,-2.3357,1.3919,131.4206,138.06,138.06,138.06,125.050003051758,down,2026-08-21T15:38:08,0.0,0.0
SPXW,2026-09-01,11,Put,7570.0,SPXW260901P07570000,23.1,23.4,23.25,23.2,-13.52,-36.1981,724.0,185.0,0.1209,-0.2475,0.002,4.2682,-2.3357,-0.4716,23.7053,28.53,29.0,21.5,37.3500003814697,down,2026-08-21T15:10:17,0.0,0.0
SPXW,2026-09-01,11,Call,7575.0,SPXW260901C07575000,126.4,130.1,128.25,130.49,9.24,7.62062,61.0,60.0,0.1201,0.7436,0.002,4.3414,-2.3666,1.3765,127.3926,128.11,130.49,128.11,121.25,up,2026-08-21T11:19:37,0.0,0.0
SPXW,2026-09-01,11,Put,7575.0,SPXW260901P07575000,24.1,24.4,24.25,24.0,-14.55,-37.7432,91.0,152.0,0.1199,-0.2563,0.002,4.3414,-2.3666,-0.4883,24.6718,29.2,29.2,21.5,38.5500011444092,up,2026-08-21T15:59:40,0.0,0.0
SPXW,2026-09-01,11,Call,7580.0,SPXW260901C07580000,122.4,126.1,124.25,135.31,17.71,15.0595,1.0,17.0,0.1195,0.7346,0.0021,4.4139,-2.3964,1.3606,123.4044,135.31,135.31,135.31,117.600002288818,up,2026-08-21T11:37:05,0.0,0.0
SPXW,2026-09-01,11,Put,7580.0,SPXW260901P07580000,25.1,25.4,25.25,25.1,-14.14,-35.4831,7.0,108.0,0.1191,-0.2653,0.0021,4.4139,-2.3964,-0.5054,25.6782,28.83,28.83,25.1,39.8500003814697,down,2026-08-21T15:10:16,0.0,0.0
SPXW,2026-09-01,11,Call,7585.0,SPXW260901C07585000,118.5,122.1,120.3,114.47,0.0,0.0,0.0,1.0,0.1184,0.7253,0.0021,4.4859,-2.4252,1.3442,119.4574,0.0,0.0,0.0,113.799999237061,down,2026-08-20T15:43:42,0.0,0.0
SPXW,2026-09-01,11,Put,7585.0,SPXW260901P07585000,26.1,26.4,26.25,26.1,-14.95,-36.419,65.0,19.0,0.1185,-0.2746,0.0021,4.4859,-2.4252,-0.5231,26.7259,27.3,27.3,23.64,41.0500011444092,down,2026-08-21T15:10:16,0.0,0.0
SPXW,2026-09-01,11,Call,7590.0,SPXW260901C07590000,114.5,118.2,116.35,110.82,0.0,0.0,0.0,7.0,0.118,0.7158,0.0022,4.5572,-2.4528,1.3269,115.5534,0.0,0.0,0.0,110.200000762939,down,2026-08-20T15:43:42,0.0,0.0
SPXW,2026-09-01,11,Put,7590.0,SPXW260901P07590000,27.1,27.5,27.3,27.15,-14.35,-33.8045,11.0,39.0,0.1178,-0.2841,0.0022,4.5572,-2.4528,-0.5416,27.8166,33.0,33.0,26.56,42.4499988555908,down,2026-08-21T13:48:38,0.0,0.0
SPXW,2026-09-01,11,Call,7595.0,SPXW260901C07595000,110.7,114.3,112.5,109.29,2.79,2.61972,1.0,112.0,0.1172,0.7059,0.0022,4.6269,-2.4789,1.309,111.6946,109.29,109.29,109.29,106.5,up,2026-08-21T09:52:28,0.0,0.0
SPXW,2026-09-01,11,Put,7595.0,SPXW260901P07595000,28.3,28.6,28.450000000000003,28.94,-14.81,-33.8514,7.0,57.0,0.1169,-0.294,0.0022,4.6269,-2.4789,-0.5607,28.9524,32.33,34.81,28.94,43.75,down,2026-08-21T11:24:19,0.0,0.0
SPXW,2026-09-01,11,Call,7600.0,SPXW260901C07600000,106.8,110.5,108.65,108.9,6.0,5.83091,19.0,711.0,0.1164,0.6958,0.0022,4.6941,-2.5036,1.2905,107.8827,107.27,117.18,107.27,102.899997711182,down,2026-08-21T15:59:46,0.0,0.0
SPXW,2026-09-01,11,Put,7600.0,SPXW260901P07600000,29.4,29.7,29.549999999999997,30.1,-14.64,-32.4252,234.0,970.0,0.1162,-0.3041,0.0022,4.6941,-2.5036,-0.5804,30.1351,33.75,34.99,26.48,45.1499996185303,no_change,2026-08-21T16:11:32,0.0,0.0
SPXW,2026-09-01,11,Call,7605.0,SPXW260901C07605000,104.7,105.2,104.95,145.1,0.0,0.0,0.0,12.0,0.1156,0.6854,0.0023,4.7584,-2.5267,1.2718,104.1185,0.0,0.0,0.0,99.3999977111816,no_change,2026-08-18T09:30:03,0.0,0.0
SPXW,2026-09-01,11,Put,7605.0,SPXW260901P07605000,30.6,31.0,30.8,31.7,-14.95,-32.0472,3.0,125.0,0.1154,-0.3145,0.0023,4.7584,-2.5266,-0.6004,31.3657,36.48,36.48,31.7,46.6499996185303,down,2026-08-21T11:13:28,0.0,0.0
SPXW,2026-09-01,11,Call,7610.0,SPXW260901C07610000,101.0,101.4,101.2,103.22,7.32,7.63295,36.0,41.0,0.1149,0.6747,0.0024,4.8203,-2.548,1.2527,100.4036,119.35,119.37,103.22,95.8999977111816,no_change,2026-08-21T13:45:36,0.0,0.0
SPXW,2026-09-01,11,Put,7610.0,SPXW260901P07610000,31.9,32.2,32.05,31.0,-17.15,-35.6179,14.0,45.0,0.1146,-0.3251,0.0024,4.8203,-2.548,-0.6207,32.6453,33.55,33.55,30.86,48.1499996185303,down,2026-08-21T15:01:31,0.0,0.0
SPXW,2026-09-01,11,Call,7615.0,SPXW260901C07615000,97.3,97.8,97.55,202.19,0.0,0.0,0.0,1.0,0.1141,0.6638,0.0024,4.8802,-2.5675,1.233,96.7387,0.0,0.0,0.0,92.3999977111816,down,2026-08-14T11:32:42,0.0,0.0
SPXW,2026-09-01,11,Put,7615.0,SPXW260901P07615000,33.2,33.5,33.35,31.83,-17.87,-35.9557,24.0,224.0,0.1139,-0.3361,0.0024,4.8802,-2.5675,-0.6416,33.9751,37.78,37.78,31.83,49.7000007629394,down,2026-08-21T15:37:35,0.0,0.0
SPXW,2026-09-01,11,Call,7620.0,SPXW260901C07620000,93.7,94.2,93.95,102.95,13.95,15.6742,20.0,35.0,0.1134,0.6526,0.0024,4.938,-2.585,1.2126,93.1264,111.61,111.61,102.95,89.0,down,2026-08-21T12:08:48,0.0,0.0
SPXW,2026-09-01,11,Put,7620.0,SPXW260901P07620000,34.5,34.9,34.7,33.9,-17.4,-33.9181,20.0,88.0,0.1131,-0.3473,0.0024,4.938,-2.585,-0.6633,35.3573,40.02,42.15,30.98,51.2999992370606,down,2026-08-21T15:25:28,0.0,0.0
SPXW,2026-09-01,11,Call,7625.0,SPXW260901C07625000,90.1,90.6,90.35,102.23,0.0,0.0,0.0,28.0,0.1128,0.641,0.0025,4.9929,-2.6004,1.1913,89.5688,0.0,0.0,0.0,85.75,down,2026-08-20T10:16:54,0.0,0.0
SPXW,2026-09-01,11,Put,7625.0,SPXW260901P07625000,36.0,36.3,36.15,36.85,-16.1,-30.406,92.0,376.0,0.1124,-0.3588,0.0025,4.9929,-2.6004,-0.6858,36.7943,40.6,42.99,32.8,52.9499988555908,up,2026-08-21T13:41:21,0.0,0.0
SPXW,2026-09-01,11,Call,7630.0,SPXW260901C07630000,86.6,87.0,86.8,85.91,3.51,4.25971,1.0,14.0,0.112,0.6292,0.0025,5.0439,-2.6135,1.1695,86.0678,85.91,85.91,85.91,82.3999977111816,down,2026-08-21T09:49:54,0.0,0.0
SPXW,2026-09-01,11,Put,7630.0,SPXW260901P07630000,37.4,37.8,37.599999999999994,38.2,-16.4,-30.0366,44.0,49.0,0.1116,-0.3706,0.0025,5.0439,-2.6135,-0.7088,38.2879,39.8,39.82,33.8,54.6000003814697,down,2026-08-21T14:23:30,0.0,0.0
SPXW,2026-09-01,11,Call,7635.0,SPXW260901C07635000,83.1,83.5,83.3,87.0,7.8,9.84848,3.0,7.0,0.1112,0.6172,0.0026,5.0906,-2.6241,1.1476,82.6247,84.0,87.37,84.0,79.2000007629394,down,2026-08-21T15:42:08,0.0,0.0
SPXW,2026-09-01,11,Put,7635.0,SPXW260901P07635000,39.0,39.3,39.15,39.7,-16.7,-29.6099,26.0,333.0,0.111,-0.3827,0.0026,5.0906,-2.6242,-0.732,39.8392,45.1,45.1,34.0,56.3999996185303,up,2026-08-21T14:05:40,0.0,0.0
SPXW,2026-09-01,11,Call,7640.0,SPXW260901C07640000,79.7,80.1,79.9,83.82,7.67,10.0722,8.0,11.0,0.1105,0.6048,0.0026,5.1334,-2.6323,1.1253,79.2404,80.84,83.82,80.84,76.1500015258789,up,2026-08-21T15:35:35,0.0,0.0
SPXW,2026-09-01,11,Put,7640.0,SPXW260901P07640000,40.6,40.9,40.75,41.95,-16.35,-28.0446,16.0,357.0,0.1103,-0.395,0.0026,5.1334,-2.6323,-0.7555,41.4498,46.37,47.96,36.4,58.2999992370606,up,2026-08-21T14:13:13,0.0,0.0
SPXW,2026-09-01,11,Call,7645.0,SPXW260901C07645000,76.4,76.8,76.6,88.37,0.0,0.0,0.0,11.0,0.1098,0.5923,0.0026,5.1723,-2.6379,1.1024,75.9166,0.0,0.0,0.0,73.0,down,2026-08-20T11:58:48,0.0,0.0
SPXW,2026-09-01,11,Put,7645.0,SPXW260901P07645000,42.2,42.6,42.400000000000006,41.63,-18.52,-30.7897,8.0,82.0,0.1095,-0.4076,0.0026,5.1723,-2.6379,-0.7796,43.1206,43.65,43.65,41.63,60.1499996185303,down,2026-08-21T14:59:36,0.0,0.0
SPXW,2026-09-01,11,Call,7650.0,SPXW260901C07650000,73.1,73.5,73.3,78.1,8.1,11.5714,13.0,850.0,0.109,0.5794,0.0027,5.2073,-2.6408,1.0786,72.6559,74.8,81.4,74.3,70.0,down,2026-08-21T15:59:27,0.0,0.0
SPXW,2026-09-01,11,Put,7650.0,SPXW260901P07650000,43.9,44.3,44.099999999999994,44.2,-17.95,-28.8817,100.0,496.0,0.1088,-0.4205,0.0027,5.2073,-2.6408,-0.8046,44.8546,49.82,50.47,40.5,62.1499996185303,down,2026-08-21T16:06:49,0.0,0.0
SPXW,2026-09-01,11,Call,7655.0,SPXW260901C07655000,69.9,70.3,70.1,107.76,0.0,0.0,0.0,23.0,0.1083,0.5663,0.0027,5.2375,-2.6407,1.0542,69.4607,0.0,0.0,0.0,67.0,no_change,2026-08-19T13:48:38,0.0,0.0
SPXW,2026-09-01,11,Put,7655.0,SPXW260901P07655000,45.7,46.1,45.900000000000006,47.34,-16.86,-26.2617,13.0,12.0,0.1081,-0.4336,0.0027,5.2375,-2.6407,-0.8303,46.6542,50.15,53.8,46.26,64.2000007629394,up,2026-08-21T14:14:31,0.0,0.0
SPXW,2026-09-01,11,Call,7660.0,SPXW260901C07660000,66.8,67.2,67.0,71.6,7.55,11.7877,10.0,29.0,0.1076,0.553,0.0028,5.2624,-2.6376,1.0295,66.3332,65.58,73.68,65.58,64.0499992370606,down,2026-08-21T15:59:27,0.0,0.0
SPXW,2026-09-01,11,Put,7660.0,SPXW260901P07660000,47.6,48.0,47.8,44.9,-21.3,-32.1752,140.0,142.0,0.1074,-0.4469,0.0028,5.2624,-2.6376,-0.8562,48.5211,54.12,55.5,43.6,66.2000007629394,down,2026-08-21T15:44:01,0.0,0.0
SPXW,2026-09-01,11,Call,7665.0,SPXW260901C07665000,63.7,64.1,63.9,68.1,6.9,11.2745,3.0,337.0,0.1071,0.5394,0.0028,5.2817,-2.6316,1.0048,63.2737,65.0,68.1,65.0,61.2000007629394,up,2026-08-21T15:38:02,0.0,0.0
SPXW,2026-09-01,11,Put,7665.0,SPXW260901P07665000,49.5,49.9,49.7,48.29,-20.06,-29.3489,27.0,55.0,0.1067,-0.4605,0.0028,5.2817,-2.6316,-0.8821,50.4564,55.99,56.1,47.72,68.3499984741211,no_change,2026-08-21T15:23:08,0.0,0.0
SPXW,2026-09-01,11,Call,7670.0,SPXW260901C07670000,60.7,61.1,60.900000000000006,65.3,6.9,11.8151,17.0,53.0,0.1064,0.5256,0.0028,5.2956,-2.6224,0.9797,60.2842,59.53,71.2,59.53,58.3999996185303,no_change,2026-08-21T15:51:23,0.0,0.0
SPXW,2026-09-01,11,Put,7670.0,SPXW260901P07670000,51.5,51.9,51.7,48.2,-22.4,-31.728,34.0,159.0,0.106,-0.4743,0.0028,5.2956,-2.6224,-0.9085,52.4614,59.59,59.59,48.0,70.6000022888184,down,2026-08-21T15:44:12,0.0,0.0
SPXW,2026-09-01,11,Call,7675.0,SPXW260901C07675000,57.8,58.2,58.0,62.6,7.0,12.5899,10.0,235.0,0.1057,0.5116,0.0028,5.3038,-2.61,0.9537,57.3664,59.38,68.3,59.38,55.6000003814697,up,2026-08-21T15:44:20,0.0,0.0
SPXW,2026-09-01,11,Put,7675.0,SPXW260901P07675000,53.6,53.9,53.75,51.72,-21.08,-28.956,38.0,739.0,0.1054,-0.4882,0.0028,5.3038,-2.61,-0.9357,54.5383,61.1,61.84,46.45,72.7999992370606,down,2026-08-21T15:59:07,0.0,0.0
SPXW,2026-09-01,11,Call,7680.0,SPXW260901C07680000,54.9,55.3,55.099999999999994,59.6,6.55,12.3468,9.0,40.0,0.1049,0.4975,0.0028,5.3059,-2.5944,0.9271,54.5238,59.62,59.62,59.0,53.0500011444092,up,2026-08-21T11:12:56,0.0,0.0
SPXW,2026-09-01,11,Put,7680.0,SPXW260901P07680000,55.7,56.1,55.900000000000006,52.92,-22.28,-29.6277,16.0,135.0,0.1047,-0.5024,0.0028,5.3059,-2.5944,-0.9635,56.69,56.0,59.0,51.0,75.2000007629394,up,2026-08-21T15:42:52,0.0,0.0
SPXW,2026-09-01,11,Call,7685.0,SPXW260901C07685000,52.2,52.5,52.35,55.62,5.22,10.3571,61.0,3.0,0.1044,0.4831,0.0029,5.3017,-2.5753,0.9004,51.7577,61.9,64.4,55.62,50.3999996185303,no_change,2026-08-21T15:52:44,0.0,0.0
SPXW,2026-09-01,11,Put,7685.0,SPXW260901P07685000,57.9,58.3,58.099999999999994,56.17,-21.43,-27.616,50.0,132.0,0.1041,-0.5168,0.0029,5.3017,-2.5753,-0.9915,58.9189,60.89,60.89,52.5,77.6000022888184,no_change,2026-08-21T15:52:44,0.0,0.0
SPXW,2026-09-01,11,Call,7690.0,SPXW260901C07690000,49.5,49.8,49.65,55.6,7.6,15.8333,26.0,23.0,0.1037,0.4686,0.0029,5.2912,-2.553,0.8738,49.0694,50.2,55.6,50.2,48.0,up,2026-08-21T11:34:58,0.0,0.0
SPXW,2026-09-01,11,Put,7690.0,SPXW260901P07690000,60.2,60.6,60.400000000000006,60.79,-19.21,-24.0125,46.0,557.0,0.1034,-0.5312,0.0029,5.2912,-2.553,-1.0193,61.225,53.6,60.79,53.57,80.0,up,2026-08-21T16:00:56,0.0,0.0
SPXW,2026-09-01,11,Call,7695.0,SPXW260901C07695000,46.8,47.2,47.0,50.22,4.77,10.495,10.0,49.0,0.1031,0.454,0.0029,5.2742,-2.5274,0.847,46.4592,56.35,56.35,47.4,45.4500007629394,no_change,2026-08-21T15:52:44,0.0,0.0
SPXW,2026-09-01,11,Put,7695.0,SPXW260901P07695000,62.6,63.0,62.8,63.21,-19.39,-23.4746,72.0,38.0,0.1028,-0.5459,0.0029,5.2742,-2.5274,-1.0473,63.6095,61.35,63.21,59.52,82.6000022888184,up,2026-08-21T16:00:56,0.0,0.0
SPXW,2026-09-01,11,Call,7700.0,SPXW260901C07700000,44.3,44.7,44.5,50.0,6.85,15.8749,25.0,783.0,0.1023,0.4393,0.0029,5.2501,-2.4984,0.8195,43.9295,46.22,53.6,43.81,43.1499996185303,up,2026-08-21T15:47:53,0.0,0.0
SPXW,2026-09-01,11,Put,7700.0,SPXW260901P07700000,65.0,65.4,65.2,65.4,-19.8,-23.2394,123.0,673.0,0.102,-0.5606,0.0029,5.2501,-2.4984,-1.076,66.0744,72.0,74.63,56.84,85.2000007629394,down,2026-08-21T16:07:22,0.0,0.0
SPXW,2026-09-01,11,Call,7705.0,SPXW260901C07705000,41.8,42.2,42.0,47.52,6.67,16.328,14.0,44.0,0.1018,0.4245,0.0029,5.2186,-2.4661,0.7916,41.4826,41.27,51.1,41.27,40.8500003814697,no_change,2026-08-21T12:30:20,0.0,0.0
SPXW,2026-09-01,11,Put,7705.0,SPXW260901P07705000,67.6,68.0,67.8,65.77,-22.18,-25.2189,18.0,184.0,0.1015,-0.5754,0.0029,5.2186,-2.4661,-1.1052,68.6221,71.92,76.54,65.77,87.9500007629394,no_change,2026-08-21T15:23:08,0.0,0.0
SPXW,2026-09-01,11,Call,7710.0,SPXW260901C07710000,39.4,39.8,39.599999999999994,42.29,3.64,9.41785,18.0,533.0,0.1011,0.4096,0.0029,5.1804,-2.4305,0.7639,39.1196,41.72,44.14,41.72,38.6499996185303,down,2026-08-21T15:26:14,0.0,0.0
SPXW,2026-09-01,11,Put,7710.0,SPXW260901P07710000,70.2,70.6,70.4,68.4,-22.4,-24.6696,28.0,193.0,0.1008,-0.5903,0.0029,5.1804,-2.4305,-1.1342,71.2537,69.76,70.2,66.97,90.7999992370606,down,2026-08-21T15:25:28,0.0,0.0
SPXW,2026-09-01,11,Call,7715.0,SPXW260901C07715000,37.2,37.5,37.35,40.2,3.8,10.4396,12.0,39.0,0.1004,0.3947,0.0029,5.1358,-2.3917,0.7365,36.84,39.27,48.0,38.0,36.3999996185303,down,2026-08-21T15:35:35,0.0,0.0
SPXW,2026-09-01,11,Put,7715.0,SPXW260901P07715000,72.9,73.3,73.1,77.96,-15.64,-16.7094,6.0,42.0,0.1002,-0.6052,0.0029,5.1358,-2.3917,-1.1628,73.9688,77.96,77.96,77.96,93.6000022888184,up,2026-08-21T10:54:58,0.0,0.0
SPXW,2026-09-01,11,Call,7720.0,SPXW260901C07720000,35.0,35.3,35.15,37.65,3.25,9.44768,25.0,39.0,0.1,0.3798,0.0029,5.0843,-2.3499,0.709,34.6438,33.65,43.4,33.37,34.3999996185303,down,2026-08-21T15:42:08,0.0,0.0
SPXW,2026-09-01,11,Put,7720.0,SPXW260901P07720000,75.6,76.2,75.9,76.45,-20.05,-20.7772,2.0,58.0,0.0996,-0.62,0.0029,5.0843,-2.3499,-1.1915,76.7673,76.45,76.45,76.45,96.5,down,2026-08-21T11:21:45,0.0,0.0
SPXW,2026-09-01,11,Call,7725.0,SPXW260901C07725000,32.8,33.2,33.0,37.05,4.65,14.3519,18.0,141.0,0.0993,0.365,0.0028,5.025,-2.305,0.681,32.5327,34.2,39.89,31.75,32.3999996185303,down,2026-08-21T12:57:35,0.0,0.0
SPXW,2026-09-01,11,Put,7725.0,SPXW260901P07725000,78.6,78.9,78.75,78.93,-20.57,-20.6734,21.0,245.0,0.0991,-0.6349,0.0028,5.025,-2.305,-1.2207,79.6507,85.55,85.55,78.93,99.5,down,2026-08-21T11:00:09,0.0,0.0
SPXW,2026-09-01,11,Call,7730.0,SPXW260901C07730000,30.8,31.1,30.950000000000003,33.42,2.97,9.7537,26.0,44.0,0.0988,0.3502,0.0028,4.9581,-2.2571,0.6531,30.5072,32.73,38.1,29.4,30.4499998092651,down,2026-08-21T15:43:05,0.0,0.0
SPXW,2026-09-01,11,Put,7730.0,SPXW260901P07730000,81.5,81.9,81.7,91.48,-11.12,-10.8382,7.0,83.0,0.0986,-0.6497,0.0028,4.9581,-2.2571,-1.2498,82.6199,91.48,91.48,91.48,102.600002288818,up,2026-08-21T10:40:39,0.0,0.0
SPXW,2026-09-01,11,Call,7735.0,SPXW260901C07735000,28.8,29.2,29.0,31.76,3.11,10.8552,2.0,49.0,0.0982,0.3355,0.0028,4.885,-2.2064,0.6258,28.5665,28.82,31.76,28.82,28.6499996185303,up,2026-08-21T14:59:36,0.0,0.0
SPXW,2026-09-01,11,Put,7735.0,SPXW260901P07735000,84.4,84.9,84.65,85.34,-20.36,-19.2621,1.0,8.0,0.0979,-0.6644,0.0028,4.885,-2.2064,-1.2784,85.6737,85.34,85.34,85.34,105.700000762939,up,2026-08-21T13:57:06,0.0,0.0
SPXW,2026-09-01,11,Call,7740.0,SPXW260901C07740000,26.9,27.3,27.1,29.72,2.92,10.8955,14.0,194.0,0.0976,0.3209,0.0028,4.8063,-2.153,0.599,26.7087,28.8,31.39,27.8,26.8000001907349,down,2026-08-21T11:15:03,0.0,0.0
SPXW,2026-09-01,11,Put,7740.0,SPXW260901P07740000,87.6,88.0,87.8,78.26,-30.49,-28.0368,15.0,137.0,0.0973,-0.679,0.0028,4.8063,-2.153,-1.3064,88.8106,88.78,88.78,78.26,108.75,down,2026-08-21T11:41:25,0.0,0.0
SPXW,2026-09-01,11,Call,7745.0,SPXW260901C07745000,25.1,25.5,25.3,29.95,4.8,19.0855,6.0,12.0,0.0971,0.3065,0.0027,4.7211,-2.0972,0.572,24.9331,28.61,29.95,28.61,25.1499996185303,up,2026-08-21T12:40:26,0.0,0.0
SPXW,2026-09-01,11,Put,7745.0,SPXW260901P07745000,90.8,91.2,91.0,110.0,0.0,0.0,0.0,60.0,0.0969,-0.6934,0.0027,4.7211,-2.0972,-1.3346,92.0296,0.0,0.0,0.0,112.050003051758,up,2026-08-20T15:10:56,0.0,0.0
SPXW,2026-09-01,11,Call,7750.0,SPXW260901C07750000,23.4,23.8,23.6,25.75,2.2,9.34183,31.0,337.0,0.0966,0.2922,0.0027,4.6284,-2.0391,0.545,23.2404,24.45,29.25,24.38,23.5500001907349,up,2026-08-21T14:57:48,0.0,0.0
SPXW,2026-09-01,11,Put,7750.0,SPXW260901P07750000,92.4,96.1,94.25,91.1,-24.35,-21.0914,31.0,338.0,0.0964,-0.7076,0.0027,4.6284,-2.0391,-1.3629,95.3315,101.79,101.79,91.1,115.449996948242,down,2026-08-21T12:33:05,0.0,0.0
SPXW,2026-09-01,11,Call,7755.0,SPXW260901C07755000,21.8,22.1,21.950000000000003,21.5,-0.45,-2.05011,39.0,44.0,0.0961,0.2782,0.0026,4.5292,-1.9787,0.5187,21.6288,25.55,26.3,21.5,21.9499998092651,down,2026-08-21T16:13:38,0.0,0.0
SPXW,2026-09-01,11,Put,7755.0,SPXW260901P07755000,95.7,99.4,97.55000000000001,102.6,0.0,0.0,0.0,23.0,0.0959,-0.7217,0.0026,4.5292,-1.9787,-1.3904,98.7146,0.0,0.0,0.0,119.049999237061,no_change,2026-08-20T10:16:13,0.0,0.0
SPXW,2026-09-01,11,Call,7760.0,SPXW260901C07760000,20.2,20.6,20.4,22.42,1.92,9.36585,12.0,97.0,0.0956,0.2644,0.0026,4.4258,-1.9164,0.4932,20.0959,21.35,25.65,21.35,20.5,down,2026-08-21T13:25:05,0.0,0.0
SPXW,2026-09-01,11,Put,7760.0,SPXW260901P07760000,99.2,102.9,101.05000000000001,97.7,-24.9,-20.3099,11.0,39.0,0.0955,-0.7355,0.0026,4.4258,-1.9164,-1.4172,102.1763,112.74,112.74,97.68,122.599998474121,up,2026-08-21T12:33:05,0.0,0.0
SPXW,2026-09-01,11,Call,7765.0,SPXW260901C07765000,18.8,19.1,18.950000000000003,22.25,3.2,16.7979,7.0,36.0,0.0951,0.2508,0.0025,4.3181,-1.8524,0.4679,18.6398,20.76,22.25,18.19,19.0500001907349,up,2026-08-21T12:37:23,0.0,0.0
SPXW,2026-09-01,11,Put,7765.0,SPXW260901P07765000,102.7,106.4,104.55000000000001,102.37,-23.83,-18.8827,49.0,31.0,0.0949,-0.7491,0.0025,4.3181,-1.8524,-1.4436,105.7148,91.8,105.79,91.78,126.200000762939,down,2026-08-21T15:06:59,0.0,0.0
SPXW,2026-09-01,11,Call,7770.0,SPXW260901C07770000,17.4,17.7,17.549999999999997,19.4,1.65,9.29577,6.0,52.0,0.0946,0.2375,0.0024,4.2044,-1.7868,0.4428,17.2598,18.75,20.99,18.75,17.75,down,2026-08-21T13:25:05,0.0,0.0
SPXW,2026-09-01,11,Put,7770.0,SPXW260901P07770000,105.2,110.6,107.9,105.07,-24.78,-19.0836,32.0,53.0,0.0944,-0.7624,0.0024,4.2044,-1.7868,-1.47,109.3295,118.45,118.45,105.07,129.849998474121,down,2026-08-21T15:23:11,0.0,0.0
SPXW,2026-09-01,11,Call,7775.0,SPXW260901C07775000,16.0,16.3,16.15,18.5,2.05,12.462,18.0,152.0,0.0942,0.2245,0.0024,4.0848,-1.72,0.4183,15.9549,18.75,24.43,17.17,16.4499998092651,down,2026-08-21T15:46:32,0.0,0.0
SPXW,2026-09-01,11,Put,7775.0,SPXW260901P07775000,108.8,114.4,111.6,106.5,-27.0,-20.2247,20.0,17.0,0.0939,-0.7754,0.0024,4.0848,-1.72,-1.4957,113.0192,98.46,106.5,98.45,133.5,up,2026-08-21T12:09:29,0.0,0.0
SPXW,2026-09-01,11,Call,7780.0,SPXW260901C07780000,14.8,15.1,14.95,15.36,0.11,0.721311,5.0,113.0,0.0938,0.2118,0.0023,3.9619,-1.652,0.3948,14.7222,16.19,20.46,15.36,15.25,down,2026-08-21T14:45:04,0.0,0.0
SPXW,2026-09-01,11,Put,7780.0,SPXW260901P07780000,112.5,118.1,115.3,124.79,0.0,0.0,0.0,64.0,0.0935,-0.788,0.0023,3.9619,-1.652,-1.5204,116.7811,0.0,0.0,0.0,137.400001525879,up,2026-08-20T13:58:46,0.0,0.0
SPXW,2026-09-01,11,Call,7785.0,SPXW260901C07785000,13.6,13.9,13.75,14.46,0.31,2.19081,99.0,29.0,0.0933,0.1995,0.0022,3.8368,-1.5834,0.372,13.5593,13.36,17.85,13.36,14.1500000953674,down,2026-08-21T15:55:18,0.0,0.0
SPXW,2026-09-01,11,Put,7785.0,SPXW260901P07785000,116.3,122.0,119.15,120.41,-20.79,-14.7238,4.0,19.0,0.093,-0.8004,0.0022,3.8368,-1.5834,-1.5445,120.6129,120.41,120.41,120.41,141.199996948242,up,2026-08-21T13:40:26,0.0,0.0
SPXW,2026-09-01,11,Call,7790.0,SPXW260901C07790000,12.5,12.8,12.65,12.65,-0.4,-3.06513,65.0,96.0,0.0928,0.1875,0.0022,3.7084,-1.5142,0.3494,12.4654,13.98,16.1,12.65,13.0499997138977,no_change,2026-08-21T14:30:41,0.0,0.0
SPXW,2026-09-01,11,Put,7790.0,SPXW260901P07790000,120.1,125.9,123.0,128.24,-16.91,-11.65,1.0,19.0,0.0925,-0.8123,0.0022,3.7084,-1.5142,-1.5683,124.5135,128.24,128.24,128.24,145.149993896484,up,2026-08-21T10:05:12,0.0,0.0
SPXW,2026-09-01,11,Call,7795.0,SPXW260901C07795000,11.5,11.8,11.65,12.72,0.67,5.56017,24.0,29.0,0.0925,0.176,0.0021,3.5758,-1.4448,0.3275,11.4391,13.26,15.0,12.6,12.0499997138977,down,2026-08-21T15:35:22,0.0,0.0
SPXW,2026-09-01,11,Put,7795.0,SPXW260901P07795000,124.1,129.7,126.89999999999999,85.0,0.0,0.0,0.0,8.0,0.0921,-0.8239,0.0021,3.5758,-1.4448,-1.5915,128.4819,0.0,0.0,0.0,149.149993896484,up,2026-08-17T15:30:56,0.0,0.0
SPXW,2026-09-01,11,Call,7800.0,SPXW260901C07800000,10.5,10.8,10.65,12.48,1.38,12.4324,95.0,592.0,0.0921,0.1648,0.002,3.4409,-1.3755,0.3067,10.4779,14.1,16.8,10.8,11.0999999046326,up,2026-08-21T15:44:14,0.0,0.0
SPXW,2026-09-01,11,Put,7800.0,SPXW260901P07800000,128.1,133.7,130.89999999999998,147.35,0.0,0.0,0.0,305.0,0.0914,-0.8351,0.002,3.4409,-1.3755,-1.6135,132.5153,0.0,0.0,0.0,153.199996948242,up,2026-08-20T14:23:44,0.0,0.0
SPXW,2026-09-01,11,Call,7805.0,SPXW260901C07805000,9.6,9.9,9.75,10.8,-0.67,-6.56863,27.0,22.0,0.0916,0.154,0.0019,3.3059,-1.3066,0.2867,9.5791,10.25,14.01,10.08,10.2000002861023,up,2026-08-21T15:35:56,0.0,0.0
SPXW,2026-09-01,11,Put,7805.0,SPXW260901P07805000,132.5,137.9,135.2,80.1,0.0,0.0,0.0,13.0,0.0916,-0.8459,0.0019,3.3059,-1.3066,-1.6347,136.6111,0.0,0.0,0.0,157.300003051758,up,2026-08-14T11:33:15,0.0,0.0
SPXW,2026-09-01,11,Call,7810.0,SPXW260901C07810000,8.7,9.0,8.85,10.3,0.95,10.1604,7.0,72.0,0.0913,0.1436,0.0019,3.1704,-1.2383,0.2672,8.7413,10.46,10.9,9.34,9.34999990463257,down,2026-08-21T15:46:37,0.0,0.0
SPXW,2026-09-01,11,Put,7810.0,SPXW260901P07810000,136.2,142.0,139.1,145.14,-16.36,-10.13,3.0,14.0,0.0905,-0.8563,0.0019,3.1704,-1.2383,-1.6554,140.768,145.14,145.14,145.14,161.5,no_change,2026-08-21T09:40:45,0.0,0.0
SPXW,2026-09-01,11,Call,7815.0,SPXW260901C07815000,8.0,8.2,8.1,9.09,-0.64,-7.48538,4.0,29.0,0.091,0.1337,0.0018,3.0332,-1.1709,0.2484,7.9633,9.4,9.4,9.09,8.5499997138977,down,2026-08-21T15:36:10,0.0,0.0
SPXW,2026-09-01,11,Put,7815.0,SPXW260901P07815000,140.8,146.3,143.55,124.86,0.0,0.0,0.0,1.0,0.0908,-0.8662,0.0018,3.0332,-1.1709,-1.6754,144.9845,0.0,0.0,0.0,165.650001525879,up,2026-08-18T13:22:06,0.0,0.0
SPXW,2026-09-01,11,Call,7820.0,SPXW260901C07820000,7.2,7.5,7.35,8.45,0.6,7.64331,7.0,89.0,0.0906,0.1242,0.0017,2.8957,-1.1048,0.2308,7.2422,8.69,11.34,8.45,7.84999990463257,down,2026-08-21T14:57:48,0.0,0.0
SPXW,2026-09-01,11,Put,7820.0,SPXW260901P07820000,145.1,150.5,147.8,115.6,0.0,0.0,0.0,26.0,0.0903,-0.8757,0.0017,2.8957,-1.1048,-1.6943,149.2581,0.0,0.0,0.0,169.950004577637,no_change,2026-08-19T09:43:25,0.0,0.0
SPXW,2026-09-01,11,Call,7825.0,SPXW260901C07825000,6.6,6.8,6.699999999999999,6.6,-0.6,-8.33333,43.0,119.0,0.0905,0.1152,0.0016,2.7599,-1.0401,0.2142,6.5753,7.99,9.06,6.6,7.20000004768372,down,2026-08-21T16:13:18,0.0,0.0
SPXW,2026-09-01,11,Put,7825.0,SPXW260901P07825000,149.4,154.9,152.15,126.06,0.0,0.0,0.0,17.0,0.09,-0.8847,0.0016,2.7599,-1.0401,-1.7122,153.5858,0.0,0.0,0.0,174.299995422363,down,2026-08-19T10:12:09,0.0,0.0
SPXW,2026-09-01,11,Call,7830.0,SPXW260901C07830000,5.9,6.2,6.050000000000001,6.75,0.2,3.05344,18.0,56.0,0.09,0.1066,0.0015,2.6261,-0.9773,0.198,5.9607,6.4,7.75,6.4,6.54999995231628,up,2026-08-21T15:35:22,0.0,0.0
SPXW,2026-09-01,11,Put,7830.0,SPXW260901P07830000,153.7,159.3,156.5,122.03,0.0,0.0,0.0,4.0,0.0894,-0.8933,0.0015,2.6261,-0.9773,-1.7295,157.9658,0.0,0.0,0.0,178.700004577637,down,2026-08-19T14:01:16,0.0,0.0
SPXW,2026-09-01,11,Call,7835.0,SPXW260901C07835000,5.4,5.6,5.5,5.8,-0.15,-2.52101,8.0,20.0,0.0896,0.0985,0.0014,2.4936,-0.9164,0.1827,5.3966,7.65,7.65,5.8,5.95000004768372,down,2026-08-21T16:01:42,0.0,0.0
SPXW,2026-09-01,11,Put,7835.0,SPXW260901P07835000,158.2,163.7,160.95,0.0,0.0,0.0,0.0,1.0,0.0893,-0.9014,0.0014,2.4936,-0.9164,-1.746,162.3964,0.0,0.0,0.0,183.099998474121,no_change,,0.0,0.0
SPXW,2026-09-01,11,Call,7840.0,SPXW260901C07840000,4.8,5.1,4.949999999999999,5.7,0.3,5.55555,6.0,174.0,0.0894,0.0909,0.0014,2.363,-0.8578,0.1686,4.8801,6.15,6.15,5.5,5.40000009536743,down,2026-08-21T14:52:54,0.0,0.0
SPXW,2026-09-01,11,Put,7840.0,SPXW260901P07840000,162.2,168.2,165.2,124.4,0.0,0.0,0.0,5.0,0.0903,-0.909,0.0014,2.363,-0.8578,-1.7614,166.8745,0.0,0.0,0.0,186.949996948242,down,2026-08-11T10:47:46,0.0,0.0
SPXW,2026-09-01,11,Call,7845.0,SPXW260901C07845000,4.4,4.6,4.5,4.45,-0.45,-9.18367,39.0,47.0,0.0895,0.0838,0.0013,2.236,-0.8015,0.1554,4.4082,5.66,5.66,4.45,4.90000009536743,down,2026-08-21T16:13:18,0.0,0.0
SPXW,2026-09-01,11,Put,7845.0,SPXW260901P07845000,163.9,178.1,171.0,0.0,0.0,0.0,0.0,1.0,0.09,-0.9161,0.0013,2.236,-0.8015,-1.7758,171.3972,0.0,0.0,0.0,192.25,no_change,,0.0,0.0
SPXW,2026-09-01,11,Call,7850.0,SPXW260901C07850000,3.9,4.2,4.05,4.81,0.31,6.88889,58.0,533.0,0.0891,0.077,0.0012,2.1129,-0.7478,0.1428,3.9785,4.5,7.5,4.3,4.5,down,2026-08-21T15:18:33,0.0,0.0
SPXW,2026-09-01,11,Put,7850.0,SPXW260901P07850000,167.7,182.6,175.14999999999998,119.3,0.0,0.0,0.0,127.0,0.09,-0.9228,0.0012,2.1129,-0.7478,-1.7897,175.9622,0.0,0.0,0.0,196.649993896484,up,2026-08-17T16:14:05,0.0,0.0
SPXW,2026-09-01,11,Call,7855.0,SPXW260901C07855000,3.5,3.8,3.65,3.9,-0.2,-4.87805,17.0,30.0,0.0886,0.0708,0.0011,1.9937,-0.6967,0.131,3.5891,5.31,5.31,3.9,4.09999990463257,down,2026-08-21T16:01:42,0.0,0.0
SPXW,2026-09-01,11,Put,7855.0,SPXW260901P07855000,172.6,187.2,179.89999999999998,0.0,0.0,0.0,0.0,0.0,0.0899,-0.9291,0.0011,1.9937,-0.6967,-1.8027,180.5674,0.0,0.0,0.0,201.050003051758,no_change,,0.0,0.0
SPXW,2026-09-01,11,Call,7860.0,SPXW260901C07860000,3.2,3.4,3.3,4.0,-0.49,-13.2432,14.0,113.0,0.0888,0.065,0.0011,1.8784,-0.6484,0.1203,3.2368,3.5,5.75,3.5,3.69999992847443,no_change,2026-08-21T15:06:26,0.0,0.0
SPXW,2026-09-01,11,Put,7860.0,SPXW260901P07860000,176.9,191.8,184.35000000000002,103.05,0.0,0.0,0.0,1.0,0.0895,-0.9348,0.0011,1.8784,-0.6484,-1.8146,185.2097,0.0,0.0,0.0,205.900001525879,down,2026-08-13T15:36:51,0.0,0.0
SPXW,2026-09-01,11,Call,7870.0,SPXW260901C07870000,2.6,2.8,2.7,3.3,-0.455,-14.7967,20.0,140.0,0.0883,0.0547,0.0009,1.6625,-0.5602,0.1012,2.6324,3.55,4.5,3.0,3.07500004768372,no_change,2026-08-21T15:06:07,0.0,0.0
SPXW,2026-09-01,11,Put,7870.0,SPXW260901P07870000,186.0,201.8,193.9,140.61,0.0,0.0,0.0,1.0,0.0896,-0.9452,0.0009,1.6625,-0.5602,-1.8362,194.5945,0.0,0.0,0.0,215.349998474121,down,2026-08-12T14:19:11,0.0,0.0
SPXW,2026-09-01,11,Call,7875.0,SPXW260901C07875000,2.35,2.5,2.425,3.0,0.25,9.09091,38.0,238.0,0.0885,0.0502,0.0009,1.5623,-0.5204,0.0926,2.3756,2.78,3.0,2.78,2.75,no_change,2026-08-21T15:07:34,0.0,0.0
SPXW,2026-09-01,11,Put,7875.0,SPXW260901P07875000,190.9,206.5,198.7,120.65,0.0,0.0,0.0,2.0,0.0894,-0.9497,0.0009,1.5623,-0.5204,-1.8461,199.3325,0.0,0.0,0.0,218.75,no_change,2026-08-17T11:44:59,0.0,0.0
SPXW,2026-09-01,11,Call,7880.0,SPXW260901C07880000,2.1,2.3,2.2,2.65,0.15,6.0,12.0,87.0,0.0884,0.046,0.0008,1.4673,-0.4834,0.0849,2.1459,2.42,2.65,2.4,2.5,no_change,2026-08-21T15:06:39,0.0,0.0
SPXW,2026-09-01,11,Put,7880.0,SPXW260901P07880000,195.6,210.6,203.1,147.63,0.0,0.0,0.0,6.0,0.0897,-0.9539,0.0008,1.4673,-0.4834,-1.855,204.0974,0.0,0.0,0.0,224.149993896484,down,2026-08-12T14:19:11,0.0,0.0
SPXW,2026-09-01,11,Call,7890.0,SPXW260901C07890000,1.7,1.85,1.775,2.14,0.065,3.13253,18.0,63.0,0.0884,0.0387,0.0007,1.2932,-0.4173,0.0714,1.7571,2.02,3.8,2.02,2.07500004768372,down,2026-08-21T15:51:43,0.0,0.0
SPXW,2026-09-01,11,Put,7890.0,SPXW260901P07890000,201.0,224.4,212.7,191.72,0.0,0.0,0.0,2.0,0.09,-0.9612,0.0007,1.2932,-0.4173,-1.8709,213.6977,0.0,0.0,0.0,232.849998474121,up,2026-08-20T09:36:26,0.0,0.0
SPXW,2026-09-01,11,Call,7900.0,SPXW260901C07900000,1.4,1.55,1.475,1.85,0.15,8.82353,69.0,412.0,0.0885,0.0327,0.0006,1.1404,-0.3613,0.0601,1.449,2.0,2.77,1.7,1.69999998807907,no_change,2026-08-21T15:30:17,0.0,0.0
SPXW,2026-09-01,11,Put,7900.0,SPXW260901P07900000,210.2,230.3,220.25,200.97,0.0,0.0,0.0,9.0,0.0907,-0.9672,0.0006,1.1404,-0.3613,-1.8847,223.3789,0.0,0.0,0.0,243.400001525879,up,2026-08-20T09:36:26,0.0,0.0
SPXW,2026-09-01,11,Call,7910.0,SPXW260901C07910000,1.15,1.3,1.225,1.5,0.075,5.26316,35.0,59.0,0.0889,0.0277,0.0005,1.0078,-0.3144,0.051,1.2058,1.45,1.81,1.45,1.42500001192093,down,2026-08-21T15:07:41,0.0,0.0
SPXW,2026-09-01,11,Put,7910.0,SPXW260901P07910000,220.2,243.6,231.89999999999998,0.0,0.0,0.0,0.0,0.0,0.091,-0.9721,0.0005,1.0078,-0.3144,-1.8962,233.125,0.0,0.0,0.0,253.100006103516,no_change,,0.0,0.0
SPXW,2026-09-01,11,Call,7920.0,SPXW260901C07920000,0.95,1.05,1.0,1.25,0.05,4.16667,114.0,188.0,0.0894,0.0237,0.0005,0.8937,-0.2754,0.0435,1.0143,1.4,1.52,1.2,1.19999998807907,down,2026-08-21T15:07:41,0.0,0.0
SPXW,2026-09-01,11,Put,7920.0,SPXW260901P07920000,231.3,253.4,242.35000000000002,0.0,0.0,0.0,0.0,0.0,0.0919,-0.9762,0.0005,0.8937,-0.2754,-1.9062,242.9227,0.0,0.0,0.0,262.849998474121,no_change,,0.0,0.0
SPXW,2026-09-01,11,Call,7925.0,SPXW260901C07925000,0.85,1.0,0.925,1.15,0.05,4.54546,40.0,74.0,0.0895,0.022,0.0004,0.8431,-0.2586,0.0403,0.9346,1.36,1.47,1.15,1.09999996423721,no_change,2026-08-21T15:07:41,0.0,0.0
SPXW,2026-09-01,11,Put,7925.0,SPXW260901P07925000,235.2,258.3,246.75,245.87,-21.53,-8.05161,1.0,5.0,0.0923,-0.9779,0.0004,0.8431,-0.2586,-1.9107,247.8377,245.87,245.87,245.87,267.399993896484,up,2026-08-21T14:53:04,0.0,0.0
SPXW,2026-09-01,11,Call,7930.0,SPXW260901C07930000,0.8,0.9,0.8500000000000001,1.05,0.025,2.43902,19.0,158.0,0.0902,0.0204,0.0004,0.7964,-0.2433,0.0374,0.8639,1.55,1.55,1.0,1.02500000596046,no_change,2026-08-21T15:07:41,0.0,0.0
SPXW,2026-09-01,11,Put,7930.0,SPXW260901P07930000,240.1,259.8,249.95,248.29,-24.01,-8.81748,2.0,0.0,0.0925,-0.9794,0.0004,0.7964,-0.2433,-1.9147,252.7616,248.29,248.29,248.29,272.299987792969,down,2026-08-21T11:01:51,0.0,0.0
SPXW,2026-09-01,11,Call,7940.0,SPXW260901C07940000,0.65,0.8,0.7250000000000001,0.84,-0.035,-4.0,46.0,12.0,0.0911,0.0178,0.0004,0.714,-0.2169,0.0326,0.7453,1.15,1.35,0.84,0.875,down,2026-08-21T15:55:00,0.0,0.0
SPXW,2026-09-01,11,Put,7940.0,SPXW260901P07940000,249.5,273.3,261.4,0.0,0.0,0.0,0.0,0.0,0.0942,-0.9821,0.0004,0.714,-0.2169,-1.9221,262.6323,0.0,0.0,0.0,282.150009155273,no_change,,0.0,0.0
SPXW,2026-09-01,11,Call,7950.0,SPXW260901C07950000,0.6,0.7,0.6499999999999999,0.85,0.1,13.3333,188.0,1226.0,0.0925,0.0156,0.0003,0.6441,-0.1952,0.0285,0.6516,0.85,1.25,0.75,0.75,no_change,2026-08-21T15:08:23,0.0,0.0
SPXW,2026-09-01,11,Put,7950.0,SPXW260901P07950000,259.3,283.2,271.25,267.62,-24.73,-8.45904,2.0,1.0,0.0957,-0.9843,0.0003,0.6441,-0.1952,-1.9286,272.5277,267.62,267.62,267.62,292.350006103516,down,2026-08-21T11:01:51,0.0,0.0
SPXW,2026-09-01,11,Call,7960.0,SPXW260901C07960000,0.5,0.65,0.575,0.6,-0.075,-11.1111,28.0,25.0,0.0933,0.0138,0.0003,0.5848,-0.1775,0.0253,0.5772,0.71,0.71,0.6,0.675000011920929,down,2026-08-21T15:59:44,0.0,0.0
SPXW,2026-09-01,11,Put,7960.0,SPXW260901P07960000,269.3,293.1,281.20000000000005,298.77,0.0,0.0,0.0,2.0,0.097,-0.986,0.0003,0.5848,-0.1775,-1.9343,282.4426,0.0,0.0,0.0,302.25,no_change,2026-08-20T14:40:47,0.0,0.0
SPXW,2026-09-01,11,Call,7970.0,SPXW260901C07970000,0.45,0.6,0.525,0.55,-0.05,-8.33333,21.0,22.0,0.0949,0.0124,0.0002,0.5347,-0.1629,0.0226,0.5177,0.65,0.95,0.55,0.599999994039536,down,2026-08-21T16:01:52,0.0,0.0
SPXW,2026-09-01,11,Put,7970.0,SPXW260901P07970000,279.2,302.8,291.0,0.0,0.0,0.0,0.0,0.0,0.1001,-0.9875,0.0002,0.5347,-0.1629,-1.9394,292.3724,0.0,0.0,0.0,312.149993896484,no_change,,0.0,0.0
SPXW,2026-09-01,11,Call,7975.0,SPXW260901C07975000,0.45,0.55,0.5,0.6,0.05,9.09091,25.0,77.0,0.0962,0.0118,0.0002,0.5126,-0.1566,0.0215,0.4925,0.71,0.75,0.6,0.550000011920929,no_change,2026-08-21T15:06:20,0.0,0.0
SPXW,2026-09-01,11,Put,7975.0,SPXW260901P07975000,284.1,308.0,296.05,250.6,0.0,0.0,0.0,2.0,0.1017,-0.9881,0.0002,0.5126,-0.1566,-1.9417,297.3418,0.0,0.0,0.0,317.0,down,2026-08-19T14:01:16,0.0,0.0
SPXW,2026-09-01,11,Call,8000.0,SPXW260901C08000000,0.35,0.45,0.4,0.4,-0.075,-15.7895,546.0,199.0,0.0995,0.0094,0.0002,0.424,-0.1326,0.0171,0.3986,0.7,0.75,0.4,0.474999994039536,down,2026-08-21T16:10:52,0.0,0.0
SPXW,2026-09-01,11,Put,8000.0,SPXW260901P08000000,309.0,331.8,320.4,326.8,-15.1,-4.4165,1.0,3.0,0.105,-0.9905,0.0002,0.424,-0.1326,-1.9523,322.221,326.8,326.8,326.8,341.900009155273,up,2026-08-21T10:13:35,0.0,0.0
SPXW,2026-09-01,11,Call,8025.0,SPXW260901C08025000,0.3,0.4,0.35,0.35,-0.025,-6.66667,538.0,56.0,0.1043,0.0078,0.0001,0.3618,-0.1168,0.0142,0.3392,0.55,0.55,0.35,0.375,down,2026-08-21T15:57:25,0.0,0.0
SPXW,2026-09-01,11,Put,8025.0,SPXW260901P08025000,334.1,357.8,345.95000000000005,0.0,0.0,0.0,0.0,0.0,0.1126,-0.992,0.0001,0.362,-0.117,-1.9613,347.1353,0.0,0.0,0.0,366.75,no_change,,0.0,0.0
SPXW,2026-09-01,11,Call,8050.0,SPXW260901C08050000,0.25,0.35,0.3,0.47,0.0,0.0,0.0,73.0,0.1097,0.0067,0.0001,0.3165,-0.1062,0.0122,0.3001,0.0,0.0,0.0,0.325000002980232,down,2026-08-20T12:32:48,0.0,0.0
SPXW,2026-09-01,11,Put,8050.0,SPXW260901P08050000,358.9,382.7,370.79999999999995,369.81,-21.69,-5.54023,1.0,0.0,0.1175,-0.9932,0.0001,0.3165,-0.1062,-1.9695,372.0687,369.81,369.81,369.81,391.5,down,2026-08-21T14:53:04,0.0,0.0
SPXW,2026-09-01,11,Call,8075.0,SPXW260901C08075000,0.2,0.35,0.275,0.42,0.0,0.0,0.0,60.0,0.1138,0.0059,0.0001,0.2809,-0.0981,0.0107,0.271,0.0,0.0,0.0,0.274999998509884,down,2026-08-20T13:17:43,0.0,0.0
SPXW,2026-09-01,11,Put,8075.0,SPXW260901P08075000,383.8,407.7,395.75,0.0,0.0,0.0,0.0,0.0,0.1219,-0.994,0.0001,0.2812,-0.0982,-1.9772,397.0132,0.0,0.0,0.0,416.449996948242,no_change,,0.0,0.0
SPXW,2026-09-01,11,Call,8100.0,SPXW260901C08100000,0.2,0.3,0.25,0.38,0.13,52.0,7.0,65.0,0.1199,0.0052,0.0001,0.2527,-0.092,0.0095,0.2492,0.3,0.38,0.3,0.250000007450581,up,2026-08-21T14:56:44,0.0,0.0
SPXW,2026-09-01,11,Put,8100.0,SPXW260901P08100000,408.7,431.5,420.1,325.54,0.0,0.0,0.0,1.0,0.1293,-0.9946,0.0001,0.253,-0.0921,-1.9845,421.9644,0.0,0.0,0.0,441.349990844727,down,2026-08-12T09:30:04,0.0,0.0
SPXW,2026-09-01,11,Call,8125.0,SPXW260901C08125000,0.15,0.3,0.22499999999999998,0.3,0.0,0.0,0.0,69.0,0.1246,0.0047,0.0001,0.2296,-0.087,0.0086,0.2317,0.0,0.0,0.0,0.250000007450581,down,2026-08-20T14:20:45,0.0,0.0
SPXW,2026-09-01,11,Put,8125.0,SPXW260901P08125000,433.8,457.6,445.70000000000005,0.0,0.0,0.0,0.0,0.0,0.1332,-0.9951,0.0001,0.2296,-0.087,-1.9916,446.9198,0.0,0.0,0.0,466.299987792969,no_change,,0.0,0.0
SPXW,2026-09-01,11,Call,8150.0,SPXW260901C08150000,0.15,0.3,0.22499999999999998,0.3,0.075,33.3333,2.0,20.0,0.1291,0.0043,0.0001,0.2099,-0.0827,0.0078,0.2169,0.27,0.3,0.27,0.225000008940697,up,2026-08-21T11:01:30,0.0,0.0
SPXW,2026-09-01,11,Put,8150.0,SPXW260901P08150000,458.7,482.6,470.65,0.0,0.0,0.0,0.0,0.0,0.1406,-0.9956,0.0001,0.2099,-0.0827,-1.9986,471.8781,0.0,0.0,0.0,491.350006103516,no_change,,0.0,0.0
SPXW,2026-09-01,11,Call,8175.0,SPXW260901C08175000,0.15,0.25,0.2,0.42,0.0,0.0,0.0,16.0,0.135,0.0039,0.0001,0.193,-0.079,0.0071,0.2043,0.0,0.0,0.0,0.225000008940697,down,2026-08-19T09:30:17,0.0,0.0
SPXW,2026-09-01,11,Put,8175.0,SPXW260901P08175000,485.1,507.6,496.35,501.3,-14.85,-2.87707,1.0,1.0,0.148,-0.9959,0.0001,0.193,-0.079,-2.0054,496.8386,501.3,501.3,501.3,516.150009155273,up,2026-08-21T10:13:35,0.0,0.0
SPXW,2026-09-01,11,Call,8200.0,SPXW260901C08200000,0.15,0.25,0.2,0.3,0.1,50.0,13.0,17.0,0.1409,0.0036,0.0001,0.1782,-0.0757,0.0065,0.1932,0.27,0.3,0.27,0.200000002980232,no_change,2026-08-21T14:49:25,0.0,0.0
SPXW,2026-09-01,11,Put,8200.0,SPXW260901P08200000,508.6,531.4,520.0,0.0,0.0,0.0,0.0,0.0,0.1513,-0.9962,0.0001,0.1782,-0.0757,-2.0121,521.8006,0.0,0.0,0.0,541.300018310547,no_change,,0.0,0.0
SPXW,2026-09-01,11,Call,8225.0,SPXW260901C08225000,0.1,0.25,0.175,0.2,0.0,-1.49012e-06,1.0,2.0,0.1467,0.0034,0.0,0.1652,-0.0727,0.006,0.1834,0.2,0.2,0.2,0.200000002980232,down,2026-08-21T15:17:28,0.0,0.0
SPXW,2026-09-01,11,Put,8225.0,SPXW260901P08225000,533.5,557.4,545.45,446.4,0.0,0.0,0.0,1.0,0.1587,-0.9965,0.0,0.1652,-0.0727,-2.0188,546.7639,0.0,0.0,0.0,566.199981689453,down,2026-08-12T09:30:04,0.0,0.0
SPXW,2026-09-01,11,Call,8250.0,SPXW260901C08250000,0.1,0.25,0.175,1.95,0.0,0.0,0.0,27.0,0.1505,0.0031,0.0,0.1538,-0.07,0.0056,0.1746,0.0,0.0,0.0,0.175000000745058,up,2026-08-13T10:15:01,0.0,0.0
SPXW,2026-09-01,11,Put,8250.0,SPXW260901P08250000,558.6,582.5,570.55,0.0,0.0,0.0,0.0,0.0,0.166,-0.9968,0.0,0.1538,-0.07,-2.0254,571.7283,0.0,0.0,0.0,591.199981689453,no_change,,0.0,0.0
SPXW,2026-09-01,11,Call,8275.0,SPXW260901C08275000,0.1,0.25,0.175,1.9,0.0,0.0,0.0,19.0,0.1539,0.0029,0.0,0.1435,-0.0675,0.0052,0.1666,0.0,0.0,0.0,0.175000000745058,down,2026-08-06T10:16:28,0.0,0.0
SPXW,2026-09-01,11,Put,8275.0,SPXW260901P08275000,583.5,603.4,593.45,0.0,0.0,0.0,0.0,0.0,0.1688,-0.997,0.0,0.1435,-0.0675,-2.0319,596.6934,0.0,0.0,0.0,616.049987792969,no_change,,0.0,0.0
SPXW,2026-09-01,11,Call,8300.0,SPXW260901C08300000,0.1,0.25,0.175,0.25,0.075,42.8571,3.0,21.0,0.1595,0.0027,0.0,0.1344,-0.0652,0.0048,0.1595,0.25,0.25,0.25,0.175000000745058,down,2026-08-21T11:12:48,0.0,0.0
SPXW,2026-09-01,11,Put,8300.0,SPXW260901P08300000,608.5,632.4,620.45,560.54,0.0,0.0,0.0,0.0,0.1761,-0.9972,0.0,0.1343,-0.0652,-2.0384,621.6592,0.0,0.0,0.0,641.149993896484,up,2026-08-11T14:21:09,0.0,0.0
SPXW,2026-09-01,11,Call,8325.0,SPXW260901C08325000,0.1,0.25,0.175,0.0,0.0,0.0,0.0,0.0,0.1651,0.0025,0.0,0.126,-0.0631,0.0045,0.1528,0.0,0.0,0.0,0.175000000745058,no_change,,0.0,0.0
SPXW,2026-09-01,11,Put,8325.0,SPXW260901P08325000,633.4,654.1,643.75,0.0,0.0,0.0,0.0,0.0,0.1834,-0.9974,0.0,0.1259,-0.063,-2.0449,646.6256,0.0,0.0,0.0,666.25,no_change,,0.0,0.0
SPXW,2026-09-01,11,Call,8400.0,SPXW260901C08400000,0.05,0.2,0.125,0.05,-0.1,-66.6667,1.0,11.0,0.1815,0.0021,0.0,0.1053,-0.0574,0.0037,0.1353,0.05,0.05,0.05,0.150000002235174,down,2026-08-21T15:38:12,0.0,0.0
SPXW,2026-09-01,11,Put,8400.0,SPXW260901P08400000,708.3,729.1,718.7,0.0,0.0,0.0,0.0,0.0,0.2004,-0.9978,0.0,0.1052,-0.0573,-2.0641,721.5275,0.0,0.0,0.0,740.900024414062,no_change,,0.0,0.0
SPXW,2026-09-01,11,Call,8500.0,SPXW260901C08500000,0.05,0.2,0.125,0.15,0.0,0.0,0.0,35.0,0.196,0.0017,0.0,0.0847,-0.051,0.003,0.1167,0.0,0.0,0.0,0.125000001862645,down,2026-08-18T09:55:27,0.0,0.0
SPXW,2026-09-01,11,Put,8500.0,SPXW260901P08500000,808.2,832.2,820.2,0.0,0.0,0.0,0.0,0.0,0.2241,-0.9982,0.0,0.0846,-0.0509,-2.0895,821.4014,0.0,0.0,0.0,840.850006103516,no_change,,0.0,0.0
SPXW,2026-09-01,11,Call,8600.0,SPXW260901C08600000,0.05,0.15,0.1,0.05,0.0,0.0,0.0,5.0,0.2205,0.0014,0.0,0.0693,-0.0455,0.0024,0.1014,0.0,0.0,0.0,0.100000003352761,down,2026-08-20T09:31:47,0.0,0.0
SPXW,2026-09-01,11,Put,8600.0,SPXW260901P08600000,908.1,930.7,919.4000000000001,982.23,0.0,0.0,0.0,1.0,0.2407,-0.9985,0.0,0.0692,-0.0454,-2.1147,921.2786,0.0,0.0,0.0,940.649993896484,down,2026-08-03T13:55:55,0.0,0.0
SPXW,2026-09-01,11,Call,8800.0,SPXW260901C08800000,0.05,0.15,0.1,0.12,0.0,0.0,0.0,12.0,0.2561,0.0009,0.0,0.048,-0.0364,0.0016,0.0775,0.0,0.0,0.0,0.0750000029802322,down,2026-08-17T09:48:49,0.0,0.0
SPXW,2026-09-01,11,Put,8800.0,SPXW260901P08800000,1107.9,1126.9,1117.4,0.0,0.0,0.0,0.0,0.0,0.2852,-0.999,0.0,0.0479,-0.0362,-2.1647,1121.0397,0.0,0.0,0.0,1140.35003662109,no_change,,0.0,0.0
SPXW,2026-09-01,11,Call,9000.0,SPXW260901C09000000,0.0,0.15,0.075,0.1,0.0,0.0,0.0,20.0,0.2879,0.0006,0.0,0.0343,-0.0291,0.0012,0.0596,0.0,0.0,0.0,0.0500000007450581,down,2026-08-19T15:48:56,0.0,0.0
SPXW,2026-09-01,11,Put,9000.0,SPXW260901P09000000,1307.7,1326.7,1317.2,0.0,0.0,0.0,0.0,0.0,0.3284,-0.9992,0.0,0.0342,-0.0289,-2.2144,1320.8067,0.0,0.0,0.0,1340.09997558594,no_change,,0.0,0.0
SPXW,2026-09-01,11,Call,9200.0,SPXW260901C09200000,0.0,0.05,0.025,0.05,0.0,0.0,0.0,3.0,0.3243,0.0005,0.0,0.0248,-0.0231,0.0008,0.0457,0.0,0.0,0.0,0.0500000007450581,down,2026-08-18T15:54:19,0.0,0.0
SPXW,2026-09-01,11,Put,9200.0,SPXW260901P09200000,1507.4,1530.1,1518.75,0.0,0.0,0.0,0.0,0.0,0.3704,-0.9994,0.0,0.0247,-0.023,-2.264,1520.578,0.0,0.0,0.0,1539.79998779297,no_change,,0.0,0.0
SPXW,2026-09-01,11,Call,9400.0,SPXW260901C09400000,0.0,0.1,0.05,0.05,0.0,0.0,0.0,4.0,0.3595,0.0003,0.0,0.0182,-0.0183,0.0006,0.035,0.0,0.0,0.0,0.0500000007450581,down,2026-08-18T15:54:19,0.0,0.0
SPXW,2026-09-01,11,Put,9400.0,SPXW260901P09400000,1707.2,1730.0,1718.6,0.0,0.0,0.0,0.0,0.0,0.4112,-0.9995,0.0,0.0181,-0.0181,-2.3134,1720.3523,0.0,0.0,0.0,1739.70001220703,no_change,,0.0,0.0
SPXW,2026-09-01,11,Call,9600.0,SPXW260901C09600000,0.0,0.1,0.05,0.15,0.0,0.0,0.0,8.0,0.3937,0.0002,0.0,0.0134,-0.0143,0.0004,0.0267,0.0,0.0,0.0,0.0500000007450581,no_change,2026-08-07T11:41:06,0.0,0.0
SPXW,2026-09-01,11,Put,9600.0,SPXW260901P09600000,1907.0,1930.6,1918.8,0.0,0.0,0.0,0.0,0.0,0.4511,-0.9996,0.0,0.0133,-0.0142,-2.3628,1920.129,0.0,0.0,0.0,1939.0,no_change,,0.0,0.0
SPXW,2026-09-01,11,Call,9800.0,SPXW260901C09800000,0.0,0.1,0.05,0.05,0.0,0.0,0.0,1.0,0.415,0.0002,0.0,0.0099,-0.0112,0.0003,0.0203,0.0,0.0,0.0,0.0500000007450581,down,2026-08-20T15:24:36,0.0,0.0
SPXW,2026-09-01,11,Put,9800.0,SPXW260901P09800000,2106.9,2130.8,2118.8500000000004,0.0,0.0,0.0,0.0,0.0,0.49,-0.9997,0.0,0.0099,-0.0111,-2.4121,2119.9076,0.0,0.0,0.0,2138.84997558594,no_change,,0.0,0.0
SPXW,2026-09-01,11,Call,10000.0,SPXW260901C10000000,0.0,0.1,0.05,0.0,0.0,0.0,0.0,0.0,0.4466,0.0001,0.0,0.0074,-0.0087,0.0002,0.0153,0.0,0.0,0.0,0.025000000372529,no_change,,0.0,0.0
SPXW,2026-09-01,11,Put,10000.0,SPXW260901P10000000,2306.6,2327.4,2317.0,0.0,0.0,0.0,0.0,0.0,0.5279,-0.9997,0.0,0.0073,-0.0086,-2.4614,2319.6877,0.0,0.0,0.0,2338.95007324219,no_change,,0.0,0.0
SPXW,2026-09-02,12,Call,3000.0,SPXW260902C03000000,4665.7,4686.5,4676.1,0.0,0.0,0.0,0.0,0.0,0.0,0.9998,0.0,0.0038,-0.0169,0.8205,4673.2292,0.0,0.0,0.0,4652.09985351562,no_change,,0.0,0.0
SPXW,2026-09-02,12,Put,3000.0,SPXW260902P03000000,0.0,0.05,0.025,0.05,0.0,0.0,0.0,3.0,1.3963,-0.0001,0.0,0.0038,-0.0169,-0.0001,0.0311,0.0,0.0,0.0,0.025000000372529,down,2026-08-05T15:32:36,0.0,0.0
SPXW,2026-09-02,12,Call,3200.0,SPXW260902C03200000,4467.1,4486.7,4476.9,0.0,0.0,0.0,0.0,0.0,0.0,0.9998,0.0,0.0042,-0.0175,0.8752,4473.4692,0.0,0.0,0.0,4452.25,no_change,,0.0,0.0
SPXW,2026-09-02,12,Put,3200.0,SPXW260902P03200000,0.0,0.05,0.025,0.0,0.0,0.0,0.0,0.0,1.3033,-0.0001,0.0,0.0042,-0.0175,-0.0002,0.0323,0.0,0.0,0.0,0.025000000372529,no_change,,0.0,0.0
SPXW,2026-09-02,12,Call,3400.0,SPXW260902C03400000,4263.8,4287.0,4275.4,0.0,0.0,0.0,0.0,0.0,0.0,0.9998,0.0,0.0047,-0.0181,0.9299,4273.7095,0.0,0.0,0.0,4252.69995117188,no_change,,0.0,0.0
SPXW,2026-09-02,12,Put,3400.0,SPXW260902P03400000,0.0,0.05,0.025,0.0,0.0,0.0,0.0,0.0,1.216,-0.0001,0.0,0.0047,-0.0182,-0.0002,0.0337,0.0,0.0,0.0,0.025000000372529,no_change,,0.0,0.0
SPXW,2026-09-02,12,Call,3600.0,SPXW260902C03600000,4063.3,4087.2,4075.25,0.0,0.0,0.0,0.0,0.0,0.0,0.9998,0.0,0.0053,-0.0189,0.9846,4073.9501,0.0,0.0,0.0,4052.84997558594,no_change,,0.0,0.0
SPXW,2026-09-02,12,Put,3600.0,SPXW260902P03600000,0.0,0.05,0.025,0.08,0.0,0.0,0.0,72.0,1.1829,-0.0001,0.0,0.0053,-0.0189,-0.0002,0.0354,0.0,0.0,0.0,0.025000000372529,no_change,2026-08-04T14:28:54,0.0,0.0
SPXW,2026-09-02,12,Call,3800.0,SPXW260902C03800000,3863.6,3887.4,3875.5,0.0,0.0,0.0,0.0,0.0,0.0,0.9997,0.0,0.0059,-0.0199,1.0392,3874.1911,0.0,0.0,0.0,3853.35009765625,no_change,,0.0,0.0
SPXW,2026-09-02,12,Put,3800.0,SPXW260902P03800000,0.0,0.05,0.025,0.55,0.0,0.0,0.0,2.0,1.1018,-0.0001,0.0,0.0059,-0.0199,-0.0002,0.0375,0.0,0.0,0.0,0.025000000372529,up,2026-07-27T12:53:15,0.0,0.0
SPXW,2026-09-02,12,Call,4000.0,SPXW260902C04000000,3663.7,3687.6,3675.6499999999996,3746.5,0.0,0.0,0.0,1.0,0.0,0.9997,0.0,0.0067,-0.0211,1.0939,3674.4326,0.0,0.0,0.0,3653.44995117188,down,2026-08-10T12:32:00,0.0,0.0
SPXW,2026-09-02,12,Put,4000.0,SPXW260902P04000000,0.0,0.05,0.025,0.1,0.0,0.0,0.0,104.0,1.0247,-0.0001,0.0,0.0067,-0.0211,-0.0003,0.0401,0.0,0.0,0.0,0.025000000372529,no_change,2026-08-07T11:03:26,0.0,0.0
SPXW,2026-09-02,12,Call,4200.0,SPXW260902C04200000,3464.0,3487.9,3475.95,0.0,0.0,0.0,0.0,0.0,0.0,0.9997,0.0,0.0077,-0.0226,1.1485,3474.6747,0.0,0.0,0.0,3453.75,no_change,,0.0,0.0
SPXW,2026-09-02,12,Put,4200.0,SPXW260902P04200000,0.0,0.05,0.025,0.1,0.0,0.0,0.0,175.0,0.9513,-0.0001,0.0,0.0077,-0.0226,-0.0003,0.0434,0.0,0.0,0.0,0.0500000007450581,no_change,2026-08-07T11:08:11,0.0,0.0
SPXW,2026-09-02,12,Call,4400.0,SPXW260902C04400000,3264.3,3288.1,3276.2,0.0,0.0,0.0,0.0,0.0,0.0,0.9997,0.0,0.0089,-0.0244,1.2032,3274.9177,0.0,0.0,0.0,3254.69995117188,no_change,,0.0,0.0
SPXW,2026-09-02,12,Put,4400.0,SPXW260902P04400000,0.0,0.1,0.05,0.95,0.0,0.0,0.0,2.0,0.8812,-0.0002,0.0,0.0089,-0.0244,-0.0003,0.0475,0.0,0.0,0.0,0.0500000007450581,down,2026-07-28T10:48:07,0.0,0.0
SPXW,2026-09-02,12,Call,4600.0,SPXW260902C04600000,3064.4,3088.3,3076.3500000000004,0.0,0.0,0.0,0.0,0.0,0.0,0.9996,0.0,0.0106,-0.0269,1.2578,3075.1621,0.0,0.0,0.0,3054.45007324219,no_change,,0.0,0.0
SPXW,2026-09-02,12,Put,4600.0,SPXW260902P04600000,0.0,0.1,0.05,0.05,0.0,0.0,0.0,7.0,0.8141,-0.0002,0.0,0.0106,-0.0269,-0.0004,0.0531,0.0,0.0,0.0,0.0500000007450581,down,2026-08-19T13:18:44,0.0,0.0
SPXW,2026-09-02,12,Call,4800.0,SPXW260902C04800000,2864.7,2888.6,2876.6499999999996,0.0,0.0,0.0,0.0,0.0,0.0,0.9996,0.0,0.0128,-0.0303,1.3124,2875.4087,0.0,0.0,0.0,2854.75,no_change,,0.0,0.0
SPXW,2026-09-02,12,Put,4800.0,SPXW260902P04800000,0.0,0.1,0.05,0.1,0.0,0.0,0.0,20.0,0.7706,-0.0002,0.0,0.0128,-0.0303,-0.0005,0.0608,0.0,0.0,0.0,0.0750000029802322,down,2026-08-19T13:18:05,0.0,0.0
SPXW,2026-09-02,12,Call,5000.0,SPXW260902C05000000,2665.0,2688.8,2676.9,0.0,0.0,0.0,0.0,0.0,0.0,0.9996,0.0,0.0159,-0.0351,1.367,2675.6586,0.0,0.0,0.0,2654.94995117188,no_change,,0.0,0.0
SPXW,2026-09-02,12,Put,5000.0,SPXW260902P05000000,0.05,0.1,0.07500000000000001,0.05,-0.025,-33.3333,1.0,200.0,0.707,-0.0003,0.0,0.0158,-0.0349,-0.0006,0.0714,0.05,0.05,0.05,0.0750000011175871,down,2026-08-21T10:10:41,0.0,0.0
SPXW,2026-09-02,12,Call,5200.0,SPXW260902C05200000,2465.2,2489.0,2477.1,0.0,0.0,0.0,0.0,0.0,0.0,0.9995,0.0,0.0203,-0.0418,1.4215,2475.9134,0.0,0.0,0.0,2455.25,no_change,,0.0,0.0
SPXW,2026-09-02,12,Put,5200.0,SPXW260902P05200000,0.05,0.15,0.1,0.1,-0.025,-20.0,2.0,103.0,0.6458,-0.0004,0.0,0.0202,-0.0416,-0.0008,0.0873,0.1,0.1,0.1,0.125000001862645,down,2026-08-21T10:37:13,0.0,0.0
SPXW,2026-09-02,12,Call,5400.0,SPXW260902C05400000,2265.4,2289.3,2277.3500000000004,0.0,0.0,0.0,0.0,0.0,0.0,0.9993,0.0,0.0267,-0.0512,1.4759,2276.1754,0.0,0.0,0.0,2255.75,no_change,,0.0,0.0
SPXW,2026-09-02,12,Put,5400.0,SPXW260902P05400000,0.05,0.15,0.1,0.15,-0.025,-14.2857,2.0,77.0,0.6093,-0.0005,0.0,0.0266,-0.051,-0.0011,0.1103,0.15,0.15,0.15,0.175000000745058,no_change,2026-08-21T10:07:59,0.0,0.0
SPXW,2026-09-02,12,Call,5600.0,SPXW260902C05600000,2068.9,2089.6,2079.25,0.0,0.0,0.0,0.0,0.0,0.0,0.9991,0.0,0.036,-0.0643,1.5302,2076.4473,0.0,0.0,0.0,2056.35003662109,no_change,,0.0,0.0
SPXW,2026-09-02,12,Put,5600.0,SPXW260902P05600000,0.1,0.2,0.15000000000000002,0.25,0.0,0.0,0.0,1428.0,0.558,-0.0007,0.0,0.036,-0.0643,-0.0015,0.144,0.0,0.0,0.0,0.225000001490116,no_change,2026-08-20T16:05:24,0.0,0.0
SPXW,2026-09-02,12,Call,5800.0,SPXW260902C05800000,1866.0,1889.8,1877.9,1958.55,0.0,0.0,0.0,1.0,0.0,0.9988,0.0,0.0496,-0.0818,1.5843,1876.7328,0.0,0.0,0.0,1856.35003662109,up,2026-08-17T15:14:35,0.0,0.0
SPXW,2026-09-02,12,Put,5800.0,SPXW260902P05800000,0.15,0.25,0.2,0.25,-0.075,-23.0769,1.0,640.0,0.5169,-0.001,0.0,0.0495,-0.0816,-0.0021,0.1899,0.25,0.25,0.25,0.325000002980232,down,2026-08-21T09:41:08,0.0,0.0
SPXW,2026-09-02,12,Call,5900.0,SPXW260902C05900000,1766.3,1790.0,1778.15,0.0,0.0,0.0,0.0,0.0,0.0,0.9986,0.0,0.0584,-0.0926,1.6112,1776.882,0.0,0.0,0.0,1756.65002441406,no_change,,0.0,0.0
SPXW,2026-09-02,12,Put,5900.0,SPXW260902P05900000,0.15,0.3,0.22499999999999998,0.25,-0.125,-33.3333,12.0,3.0,0.4876,-0.0012,0.0,0.0583,-0.0923,-0.0025,0.2197,0.25,0.3,0.25,0.375,down,2026-08-21T15:48:03,0.0,0.0
SPXW,2026-09-02,12,Call,6000.0,SPXW260902C06000000,1666.3,1690.1,1678.1999999999998,0.0,0.0,0.0,0.0,0.0,0.0,0.9984,0.0,0.0691,-0.1048,1.638,1677.0364,0.0,0.0,0.0,1656.75,no_change,,0.0,0.0
SPXW,2026-09-02,12,Put,6000.0,SPXW260902P06000000,0.2,0.3,0.25,0.3,-0.125,-29.4118,3.0,69.0,0.4669,-0.0015,0.0,0.069,-0.1046,-0.003,0.2546,0.3,0.3,0.3,0.424999997019768,no_change,2026-08-21T11:59:47,0.0,0.0
SPXW,2026-09-02,12,Call,6100.0,SPXW260902C06100000,1566.4,1590.2,1578.3000000000002,0.0,0.0,0.0,0.0,0.0,0.0,0.9981,0.0,0.0821,-0.1188,1.6648,1577.1967,0.0,0.0,0.0,1556.95001220703,no_change,,0.0,0.0
SPXW,2026-09-02,12,Put,6100.0,SPXW260902P06100000,0.25,0.35,0.3,0.35,-0.15,-30.0,1.0,79.0,0.4414,-0.0018,0.0,0.082,-0.1185,-0.0036,0.2954,0.35,0.35,0.35,0.5,down,2026-08-21T10:20:28,0.0,0.0
SPXW,2026-09-02,12,Call,6200.0,SPXW260902C06200000,1466.6,1490.4,1478.5,0.0,0.0,0.0,0.0,0.0,0.0,0.9977,0.0,0.0975,-0.1345,1.6914,1477.3641,0.0,0.0,0.0,1457.54998779297,no_change,,0.0,0.0
SPXW,2026-09-02,12,Put,6200.0,SPXW260902P06200000,0.25,0.4,0.325,0.35,-0.25,-41.6667,26.0,1171.0,0.4157,-0.0021,0.0,0.0974,-0.1343,-0.0043,0.3434,0.4,0.4,0.35,0.599999994039536,down,2026-08-21T16:06:35,0.0,0.0
SPXW,2026-09-02,12,Call,6300.0,SPXW260902C06300000,1366.7,1388.7,1377.7,0.0,0.0,0.0,0.0,0.0,0.0,0.9973,0.0,0.1161,-0.1523,1.7178,1377.5396,0.0,0.0,0.0,1357.40002441406,no_change,,0.0,0.0
SPXW,2026-09-02,12,Put,6300.0,SPXW260902P06300000,0.3,0.45,0.375,0.5,0.0,0.0,0.0,194.0,0.3923,-0.0026,0.0,0.116,-0.152,-0.0052,0.3993,0.0,0.0,0.0,0.699999988079071,no_change,2026-08-19T16:06:44,0.0,0.0
SPXW,2026-09-02,12,Call,6325.0,SPXW260902C06325000,1344.9,1365.6,1355.25,0.0,0.0,0.0,0.0,0.0,0.0,0.9972,0.0,0.1214,-0.157,1.7244,1352.5848,0.0,0.0,0.0,1332.60003662109,no_change,,0.0,0.0
SPXW,2026-09-02,12,Put,6325.0,SPXW260902P06325000,0.35,0.45,0.4,0.45,-0.275,-37.931,1.0,2.0,0.3851,-0.0027,0.0,0.1213,-0.1568,-0.0055,0.4147,0.45,0.45,0.45,0.724999994039536,down,2026-08-21T13:00:42,0.0,0.0
SPXW,2026-09-02,12,Call,6350.0,SPXW260902C06350000,1317.5,1340.6,1329.05,0.0,0.0,0.0,0.0,0.0,0.2513,0.997,0.0,0.127,-0.162,1.731,1327.6308,0.0,0.0,0.0,1307.54998779297,no_change,,0.0,0.0
SPXW,2026-09-02,12,Put,6350.0,SPXW260902P06350000,0.35,0.45,0.4,0.67,0.0,0.0,0.0,34.0,0.3826,-0.0028,0.0,0.1269,-0.1617,-0.0058,0.4308,0.0,0.0,0.0,0.75,down,2026-08-14T15:50:26,0.0,0.0
SPXW,2026-09-02,12,Call,6375.0,SPXW260902C06375000,1296.3,1315.7,1306.0,0.0,0.0,0.0,0.0,0.0,0.0,0.9969,0.0,0.1329,-0.167,1.7375,1302.6773,0.0,0.0,0.0,1282.64996337891,no_change,,0.0,0.0
SPXW,2026-09-02,12,Put,6375.0,SPXW260902P06375000,0.35,0.45,0.4,0.75,0.0,0.0,0.0,10.0,0.3754,-0.003,0.0,0.1328,-0.1667,-0.0061,0.4475,0.0,0.0,0.0,0.800000011920929,no_change,2026-08-20T15:12:26,0.0,0.0
SPXW,2026-09-02,12,Call,6400.0,SPXW260902C06400000,1266.8,1290.7,1278.75,0.0,0.0,0.0,0.0,8.0,0.303,0.9967,0.0,0.1391,-0.1722,1.744,1277.7246,0.0,0.0,0.0,1258.29998779297,no_change,,0.0,0.0
SPXW,2026-09-02,12,Put,6400.0,SPXW260902P06400000,0.35,0.5,0.425,0.9,0.0,0.0,0.0,146.0,0.3681,-0.0031,0.0,0.139,-0.172,-0.0064,0.4649,0.0,0.0,0.0,0.824999988079071,down,2026-08-18T11:33:54,0.0,0.0
SPXW,2026-09-02,12,Call,6425.0,SPXW260902C06425000,1246.4,1265.7,1256.0500000000002,0.0,0.0,0.0,0.0,0.0,0.2725,0.9966,0.0,0.1456,-0.1776,1.7505,1252.7727,0.0,0.0,0.0,1232.70001220703,no_change,,0.0,0.0
SPXW,2026-09-02,12,Put,6425.0,SPXW260902P06425000,0.4,0.5,0.45,1.0,0.0,0.0,0.0,1.0,0.363,-0.0033,0.0,0.1454,-0.1774,-0.0067,0.4831,0.0,0.0,0.0,0.875,up,2026-08-18T13:59:31,0.0,0.0
SPXW,2026-09-02,12,Call,6450.0,SPXW260902C06450000,1217.0,1240.8,1228.9,0.0,0.0,0.0,0.0,0.0,0.3061,0.9964,0.0,0.1523,-0.1832,1.757,1227.8215,0.0,0.0,0.0,1208.19995117188,no_change,,0.0,0.0
SPXW,2026-09-02,12,Put,6450.0,SPXW260902P06450000,0.4,0.5,0.45,0.5,-0.4,-44.4444,1.0,25.0,0.3577,-0.0034,0.0,0.1522,-0.1829,-0.0071,0.502,0.5,0.5,0.5,0.900000005960464,down,2026-08-21T15:59:56,0.0,0.0
SPXW,2026-09-02,12,Call,6475.0,SPXW260902C06475000,1192.7,1215.8,1204.25,0.0,0.0,0.0,0.0,0.0,0.2896,0.9962,0.0,0.1594,-0.189,1.7635,1202.8712,0.0,0.0,0.0,1182.95001220703,no_change,,0.0,0.0
SPXW,2026-09-02,12,Put,6475.0,SPXW260902P06475000,0.4,0.55,0.47500000000000003,0.6,-0.35,-36.8421,1.0,26.0,0.3505,-0.0036,0.0,0.1592,-0.1887,-0.0074,0.5218,0.6,0.6,0.6,0.949999988079071,down,2026-08-21T10:26:28,0.0,0.0
SPXW,2026-09-02,12,Call,6500.0,SPXW260902C06500000,1167.1,1190.9,1179.0,0.0,0.0,0.0,0.0,0.0,0.2668,0.996,0.0,0.1669,-0.1949,1.77,1177.9218,0.0,0.0,0.0,1157.95001220703,no_change,,0.0,0.0
SPXW,2026-09-02,12,Put,6500.0,SPXW260902P06500000,0.45,0.55,0.5,0.65,-0.35,-35.0,60.0,270.0,0.3468,-0.0038,0.0,0.1667,-0.1946,-0.0078,0.5425,0.65,0.65,0.65,0.999999970197678,down,2026-08-21T09:37:16,0.0,0.0
SPXW,2026-09-02,12,Call,6525.0,SPXW260902C06525000,1143.0,1165.9,1154.45,0.0,0.0,0.0,0.0,0.0,0.29,0.9958,0.0,0.1748,-0.201,1.7764,1152.9732,0.0,0.0,0.0,1133.65002441406,no_change,,0.0,0.0
SPXW,2026-09-02,12,Put,6525.0,SPXW260902P06525000,0.45,0.55,0.5,1.1,0.0,0.0,0.0,8.0,0.3396,-0.004,0.0,0.1746,-0.2007,-0.0082,0.5641,0.0,0.0,0.0,1.05000001192093,up,2026-08-20T15:59:56,0.0,0.0
SPXW,2026-09-02,12,Call,6550.0,SPXW260902C06550000,1121.6,1141.0,1131.3,0.0,0.0,0.0,0.0,0.0,0.2751,0.9956,0.0,0.1831,-0.2073,1.7828,1128.0257,0.0,0.0,0.0,1108.09997558594,no_change,,0.0,0.0
SPXW,2026-09-02,12,Put,6550.0,SPXW260902P06550000,0.5,0.6,0.55,0.93,0.0,0.0,0.0,58.0,0.334,-0.0042,0.0,0.183,-0.207,-0.0086,0.5867,0.0,0.0,0.0,1.09999996423721,no_change,2026-08-20T09:43:13,0.0,0.0
SPXW,2026-09-02,12,Call,6575.0,SPXW260902C06575000,1093.1,1116.0,1104.55,0.0,0.0,0.0,0.0,0.0,0.2858,0.9954,0.0,0.1921,-0.2139,1.7892,1103.0792,0.0,0.0,0.0,1083.25,no_change,,0.0,0.0
SPXW,2026-09-02,12,Put,6575.0,SPXW260902P06575000,0.5,0.6,0.55,0.75,-0.4,-34.7826,48.0,46.0,0.3283,-0.0044,0.0,0.1919,-0.2136,-0.0091,0.6103,0.65,0.75,0.65,1.15000003576279,no_change,2026-08-21T14:15:02,0.0,0.0
SPXW,2026-09-02,12,Call,6600.0,SPXW260902C06600000,1067.3,1091.1,1079.1999999999998,0.0,0.0,0.0,0.0,0.0,0.29,0.9952,0.0,0.2016,-0.2206,1.7955,1078.1339,0.0,0.0,0.0,1058.69995117188,no_change,,0.0,0.0
SPXW,2026-09-02,12,Put,6600.0,SPXW260902P06600000,0.55,0.65,0.6000000000000001,0.75,-0.45,-37.5,74.0,92.0,0.3225,-0.0047,0.0,0.2014,-0.2203,-0.0096,0.6351,0.72,0.75,0.72,1.19999998807907,no_change,2026-08-21T14:25:48,0.0,0.0
SPXW,2026-09-02,12,Call,6625.0,SPXW260902C06625000,1042.2,1066.1,1054.15,0.0,0.0,0.0,0.0,0.0,0.2793,0.9949,0.0,0.2117,-0.2277,1.8018,1053.1898,0.0,0.0,0.0,1033.80004882812,no_change,,0.0,0.0
SPXW,2026-09-02,12,Put,6625.0,SPXW260902P06625000,0.55,0.65,0.6000000000000001,0.95,0.0,0.0,0.0,24.0,0.3166,-0.0049,0.0,0.2115,-0.2273,-0.0101,0.6611,0.0,0.0,0.0,1.27500003576279,down,2026-08-19T09:45:04,0.0,0.0
SPXW,2026-09-02,12,Call,6650.0,SPXW260902C06650000,1017.4,1041.2,1029.3,0.0,0.0,0.0,0.0,0.0,0.2814,0.9946,0.0,0.2224,-0.235,1.8081,1028.2471,0.0,0.0,0.0,1008.90002441406,no_change,,0.0,0.0
SPXW,2026-09-02,12,Put,6650.0,SPXW260902P06650000,0.6,0.7,0.6499999999999999,1.5,0.0,0.0,0.0,7.0,0.3119,-0.0052,0.0,0.2222,-0.2346,-0.0107,0.6886,0.0,0.0,0.0,1.34999996423721,no_change,2026-08-18T09:40:13,0.0,0.0
SPXW,2026-09-02,12,Call,6675.0,SPXW260902C06675000,996.9,1016.2,1006.55,0.0,0.0,0.0,0.0,0.0,0.2713,0.9944,0.0,0.2337,-0.2426,1.8143,1003.3059,0.0,0.0,0.0,983.649993896484,no_change,,0.0,0.0
SPXW,2026-09-02,12,Put,6675.0,SPXW260902P06675000,0.6,0.75,0.675,4.3,0.0,0.0,0.0,6.0,0.3046,-0.0055,0.0,0.2335,-0.2422,-0.0113,0.7175,0.0,0.0,0.0,1.40000003576279,down,2026-08-05T14:02:11,0.0,0.0
SPXW,2026-09-02,12,Call,6700.0,SPXW260902C06700000,971.9,991.3,981.5999999999999,0.0,0.0,0.0,0.0,0.0,0.2719,0.994,0.0,0.2457,-0.2505,1.8205,978.3665,0.0,0.0,0.0,958.699981689453,no_change,,0.0,0.0
SPXW,2026-09-02,12,Put,6700.0,SPXW260902P06700000,0.65,0.75,0.7,0.7,-0.775,-52.5424,2.0,67.0,0.2997,-0.0058,0.0,0.2455,-0.2502,-0.012,0.7482,0.7,0.7,0.7,1.47499996423721,down,2026-08-21T16:07:12,0.0,0.0
SPXW,2026-09-02,12,Call,6725.0,SPXW260902C06725000,943.3,966.4,954.8499999999999,0.0,0.0,0.0,0.0,0.0,0.2623,0.9937,0.0,0.2584,-0.2588,1.8266,953.4289,0.0,0.0,0.0,933.850006103516,no_change,,0.0,0.0
SPXW,2026-09-02,12,Put,6725.0,SPXW260902P06725000,0.7,0.8,0.75,1.37,0.0,0.0,0.0,22.0,0.2945,-0.0062,0.0,0.2583,-0.2585,-0.0127,0.7808,0.0,0.0,0.0,1.57499998807907,no_change,2026-08-20T13:52:06,0.0,0.0
SPXW,2026-09-02,12,Call,6750.0,SPXW260902C06750000,918.7,941.4,930.05,0.0,0.0,0.0,0.0,0.0,0.2618,0.9933,0.0,0.2721,-0.2675,1.8327,928.4934,0.0,0.0,0.0,909.600006103516,no_change,,0.0,0.0
SPXW,2026-09-02,12,Put,6750.0,SPXW260902P06750000,0.7,0.85,0.7749999999999999,0.75,-0.9,-54.5455,4.0,26.0,0.2882,-0.0065,0.0,0.2719,-0.2672,-0.0134,0.8154,0.95,0.95,0.75,1.65000003576279,down,2026-08-21T16:06:27,0.0,0.0
SPXW,2026-09-02,12,Call,6775.0,SPXW260902C06775000,893.5,916.5,905.0,0.0,0.0,0.0,0.0,0.0,0.26,0.9929,0.0,0.2867,-0.2767,1.8387,903.5602,0.0,0.0,0.0,884.100006103516,no_change,,0.0,0.0
SPXW,2026-09-02,12,Put,6775.0,SPXW260902P06775000,0.75,0.9,0.825,1.1,-0.65,-37.1429,1.0,25.0,0.2818,-0.0069,0.0,0.2866,-0.2763,-0.0142,0.8523,1.1,1.1,1.1,1.75,down,2026-08-21T10:45:07,0.0,0.0
SPXW,2026-09-02,12,Call,6800.0,SPXW260902C06800000,867.8,891.6,879.7,0.0,0.0,0.0,0.0,0.0,0.2575,0.9925,0.0,0.3026,-0.2863,1.8447,878.6296,0.0,0.0,0.0,859.25,no_change,,0.0,0.0
SPXW,2026-09-02,12,Put,6800.0,SPXW260902P06800000,0.8,0.9,0.8500000000000001,1.1,-0.775,-41.3333,200.0,78.0,0.2763,-0.0073,0.0,0.3024,-0.286,-0.0151,0.8919,1.1,1.1,1.1,1.875,no_change,2026-08-21T14:01:08,0.0,0.0
SPXW,2026-09-02,12,Call,6825.0,SPXW260902C06825000,842.8,866.6,854.7,0.0,0.0,0.0,0.0,0.0,0.2487,0.992,0.0001,0.3199,-0.2966,1.8506,853.702,0.0,0.0,0.0,834.399993896484,no_change,,0.0,0.0
SPXW,2026-09-02,12,Put,6825.0,SPXW260902P06825000,0.85,0.95,0.8999999999999999,0.85,-1.125,-56.962,1.0,32.0,0.2707,-0.0078,0.0001,0.3197,-0.2962,-0.016,0.9344,0.85,0.85,0.85,1.97499996423721,down,2026-08-21T15:59:56,0.0,0.0
SPXW,2026-09-02,12,Call,6850.0,SPXW260902C06850000,817.9,841.7,829.8,0.0,0.0,0.0,0.0,0.0,0.2457,0.9915,0.0001,0.3386,-0.3075,1.8564,828.7778,0.0,0.0,0.0,809.649993896484,no_change,,0.0,0.0
SPXW,2026-09-02,12,Put,6850.0,SPXW260902P06850000,0.9,1.0,0.95,0.95,-1.15,-54.7619,41.0,50.0,0.2649,-0.0083,0.0001,0.3384,-0.3071,-0.0171,0.9803,1.17,1.17,0.95,2.10000002384186,down,2026-08-21T15:45:50,0.0,0.0
SPXW,2026-09-02,12,Call,6875.0,SPXW260902C06875000,792.8,815.2,804.0,0.0,0.0,0.0,0.0,0.0,0.2421,0.991,0.0001,0.3589,-0.3191,1.862,803.8577,0.0,0.0,0.0,785.5,no_change,,0.0,0.0
SPXW,2026-09-02,12,Put,6875.0,SPXW260902P06875000,0.95,1.1,1.025,2.15,0.0,0.0,0.0,40.0,0.259,-0.0089,0.0001,0.3587,-0.3188,-0.0183,1.0303,0.0,0.0,0.0,2.25,no_change,2026-08-20T15:52:48,0.0,0.0
SPXW,2026-09-02,12,Call,6900.0,SPXW260902C06900000,768.1,791.9,780.0,0.0,0.0,0.0,0.0,0.0,0.238,0.9904,0.0001,0.3808,-0.3317,1.8676,778.9423,0.0,0.0,0.0,759.899993896484,no_change,,0.0,0.0
SPXW,2026-09-02,12,Put,6900.0,SPXW260902P06900000,1.0,1.15,1.075,1.3,-1.1,-45.8333,200.0,132.0,0.2537,-0.0095,0.0001,0.3807,-0.3313,-0.0196,1.0851,1.3,1.3,1.3,2.39999997615814,no_change,2026-08-21T14:01:08,0.0,0.0
SPXW,2026-09-02,12,Call,6925.0,SPXW260902C06925000,743.3,767.0,755.15,0.0,0.0,0.0,0.0,0.0,0.2336,0.9897,0.0001,0.4047,-0.3453,1.873,754.0324,0.0,0.0,0.0,735.100006103516,no_change,,0.0,0.0
SPXW,2026-09-02,12,Put,6925.0,SPXW260902P06925000,1.1,1.2,1.15,1.4,-1.15,-45.098,1.0,135.0,0.2482,-0.0102,0.0001,0.405,-0.3454,-0.021,1.1473,1.4,1.4,1.4,2.54999995231628,down,2026-08-21T12:45:56,0.0,0.0
SPXW,2026-09-02,12,Call,6950.0,SPXW260902C06950000,718.3,742.1,730.2,0.0,0.0,0.0,0.0,0.0,0.2289,0.9889,0.0001,0.431,-0.3601,1.8783,729.1291,0.0,0.0,0.0,710.450012207031,no_change,,0.0,0.0
SPXW,2026-09-02,12,Put,6950.0,SPXW260902P06950000,1.15,1.3,1.225,1.55,-1.175,-43.1193,7.0,98.0,0.2425,-0.0109,0.0001,0.4313,-0.3602,-0.0226,1.2142,1.52,1.55,1.52,2.72500002384186,up,2026-08-21T11:06:33,0.0,0.0
SPXW,2026-09-02,12,Call,6975.0,SPXW260902C06975000,693.8,717.2,705.5,0.0,0.0,0.0,0.0,0.0,0.2239,0.9881,0.0001,0.4602,-0.3763,1.8834,704.2335,0.0,0.0,0.0,686.450012207031,no_change,,0.0,0.0
SPXW,2026-09-02,12,Put,6975.0,SPXW260902P06975000,1.25,1.35,1.3,1.55,-1.375,-47.0085,1.0,155.0,0.2366,-0.0118,0.0001,0.4606,-0.3765,-0.0243,1.2888,1.55,1.55,1.55,2.92499995231628,down,2026-08-21T11:22:48,0.0,0.0
SPXW,2026-09-02,12,Call,7000.0,SPXW260902C07000000,668.6,692.3,680.45,487.6,0.0,0.0,0.0,1.0,0.2186,0.9871,0.0001,0.4928,-0.3942,1.8882,679.347,0.0,0.0,0.0,661.25,up,2026-07-27T11:02:08,0.0,0.0
SPXW,2026-09-02,12,Put,7000.0,SPXW260902P07000000,1.3,1.45,1.375,1.75,-1.45,-45.3125,60.0,146.0,0.2307,-0.0127,0.0001,0.4928,-0.3942,-0.0263,1.3714,1.75,1.75,1.75,3.19999992847443,no_change,2026-08-21T13:46:10,0.0,0.0
SPXW,2026-09-02,12,Call,7025.0,SPXW260902C07025000,643.6,667.4,655.5,0.0,0.0,0.0,0.0,0.0,0.2131,0.986,0.0001,0.5294,-0.414,1.8928,654.4715,0.0,0.0,0.0,636.100006103516,no_change,,0.0,0.0
SPXW,2026-09-02,12,Put,7025.0,SPXW260902P07025000,1.45,1.55,1.5,1.77,-1.63,-47.9412,2.0,246.0,0.225,-0.0138,0.0001,0.5299,-0.4142,-0.0286,1.4674,1.77,1.77,1.77,3.39999997615814,no_change,2026-08-21T11:40:03,0.0,0.0
SPXW,2026-09-02,12,Call,7050.0,SPXW260902C07050000,618.8,642.6,630.7,0.0,0.0,0.0,0.0,0.0,0.2099,0.9848,0.0001,0.5701,-0.4361,1.897,629.6095,0.0,0.0,0.0,611.399993896484,no_change,,0.0,0.0
SPXW,2026-09-02,12,Put,7050.0,SPXW260902P07050000,1.55,1.65,1.6,1.53,-2.17,-58.6486,32.0,684.0,0.2197,-0.015,0.0001,0.5701,-0.4361,-0.0311,1.5742,1.95,2.0,1.53,3.69999992847443,down,2026-08-21T15:48:21,0.0,0.0
SPXW,2026-09-02,12,Call,7075.0,SPXW260902C07075000,593.9,617.8,605.8499999999999,0.0,0.0,0.0,0.0,0.0,0.2039,0.9834,0.0001,0.6156,-0.461,1.9009,604.7638,0.0,0.0,0.0,587.200012207031,no_change,,0.0,0.0
SPXW,2026-09-02,12,Put,7075.0,SPXW260902P07075000,1.65,1.8,1.725,1.92,-2.08,-52.0,1.0,28.0,0.2141,-0.0165,0.0001,0.6156,-0.461,-0.0341,1.6987,1.92,1.92,1.92,4.0,down,2026-08-21T15:28:01,0.0,0.0
SPXW,2026-09-02,12,Call,7100.0,SPXW260902C07100000,569.1,592.9,581.0,414.99,0.0,0.0,0.0,1.0,0.1998,0.9817,0.0001,0.6671,-0.4891,1.9043,579.9378,0.0,0.0,0.0,562.299987792969,up,2026-07-28T11:44:38,0.0,0.0
SPXW,2026-09-02,12,Put,7100.0,SPXW260902P07100000,1.8,1.95,1.875,2.85,0.0,0.0,0.0,121.0,0.2086,-0.0181,0.0001,0.6671,-0.4891,-0.0375,1.8429,0.0,0.0,0.0,4.40000009536743,no_change,2026-08-19T15:59:01,0.0,0.0
SPXW,2026-09-02,12,Call,7125.0,SPXW260902C07125000,544.7,567.6,556.1500000000001,0.0,0.0,0.0,0.0,0.0,0.1951,0.9798,0.0002,0.7263,-0.5209,1.9072,555.1356,0.0,0.0,0.0,537.600006103516,no_change,,0.0,0.0
SPXW,2026-09-02,12,Put,7125.0,SPXW260902P07125000,2.0,2.1,2.05,1.99,-2.76,-58.1053,2.0,155.0,0.2036,-0.02,0.0002,0.7263,-0.5209,-0.0414,2.0107,2.07,2.07,1.99,4.75,down,2026-08-21T15:48:21,0.0,0.0
SPXW,2026-09-02,12,Call,7150.0,SPXW260902C07150000,520.0,543.4,531.7,0.0,0.0,0.0,0.0,0.0,0.1901,0.9776,0.0002,0.7939,-0.5571,1.9094,530.3623,0.0,0.0,0.0,513.050003051758,no_change,,0.0,0.0
SPXW,2026-09-02,12,Put,7150.0,SPXW260902P07150000,2.15,2.3,2.2249999999999996,2.19,-3.01,-57.8846,14.0,350.0,0.1979,-0.0222,0.0002,0.7939,-0.5571,-0.0461,2.2076,3.2,3.2,2.19,5.20000004768372,down,2026-08-21T15:59:17,0.0,0.0
SPXW,2026-09-02,12,Call,7175.0,SPXW260902C07175000,498.9,518.6,508.75,330.95,0.0,0.0,0.0,1.0,0.1861,0.975,0.0002,0.8704,-0.5984,1.9107,505.6248,0.0,0.0,0.0,488.649993896484,down,2026-07-30T14:52:27,0.0,0.0
SPXW,2026-09-02,12,Put,7175.0,SPXW260902P07175000,2.4,2.55,2.4749999999999996,2.46,-3.24,-56.8421,2.0,243.0,0.1926,-0.0248,0.0002,0.8704,-0.5984,-0.0516,2.4402,3.54,3.54,2.46,5.70000004768372,down,2026-08-21T15:59:17,0.0,0.0
SPXW,2026-09-02,12,Call,7180.0,SPXW260902C07180000,490.3,513.7,502.0,0.0,0.0,0.0,0.0,0.0,0.1858,0.9744,0.0002,0.8868,-0.6074,1.9109,500.6822,0.0,0.0,0.0,483.900009155273,no_change,,0.0,0.0
SPXW,2026-09-02,12,Put,7180.0,SPXW260902P07180000,2.45,2.6,2.5250000000000004,3.0,-2.8,-48.2759,16.0,45.0,0.1915,-0.0254,0.0002,0.8868,-0.6074,-0.0528,2.4917,3.0,3.0,3.0,5.79999995231628,no_change,2026-08-21T12:32:17,0.0,0.0
SPXW,2026-09-02,12,Call,7190.0,SPXW260902C07190000,481.3,503.3,492.3,0.0,0.0,0.0,0.0,0.0,0.1837,0.9732,0.0002,0.9212,-0.626,1.9111,490.8026,0.0,0.0,0.0,473.949996948242,no_change,,0.0,0.0
SPXW,2026-09-02,12,Put,7190.0,SPXW260902P07190000,2.55,2.7,2.625,5.31,0.0,0.0,0.0,81.0,0.1894,-0.0266,0.0002,0.9212,-0.626,-0.0554,2.6002,0.0,0.0,0.0,6.04999995231628,down,2026-08-13T10:37:14,0.0,0.0
SPXW,2026-09-02,12,Call,7200.0,SPXW260902C07200000,470.5,492.4,481.45,310.25,0.0,0.0,0.0,4.0,0.1816,0.9719,0.0002,0.9576,-0.6457,1.9111,480.9308,0.0,0.0,0.0,464.400009155273,up,2026-07-30T14:52:27,0.0,0.0
SPXW,2026-09-02,12,Put,7200.0,SPXW260902P07200000,2.65,2.8,2.7249999999999996,2.92,-3.38,-53.6508,20.0,390.0,0.1874,-0.0279,0.0002,0.9576,-0.6457,-0.0581,2.7164,3.93,4.0,2.92,6.29999995231628,down,2026-08-21T15:33:28,0.0,0.0
SPXW,2026-09-02,12,Call,7210.0,SPXW260902C07210000,465.0,484.0,474.5,0.0,0.0,0.0,0.0,0.0,0.1794,0.9705,0.0003,0.9964,-0.6664,1.911,471.0672,0.0,0.0,0.0,454.849990844727,no_change,,0.0,0.0
SPXW,2026-09-02,12,Put,7210.0,SPXW260902P07210000,2.75,2.9,2.825,4.2,0.0,0.0,0.0,59.0,0.1852,-0.0293,0.0003,0.9964,-0.6664,-0.0609,2.8409,0.0,0.0,0.0,6.54999995231628,no_change,2026-08-19T15:08:05,0.0,0.0
SPXW,2026-09-02,12,Call,7220.0,SPXW260902C07220000,454.1,473.7,463.9,0.0,0.0,0.0,0.0,0.0,0.1782,0.9691,0.0003,1.0374,-0.6882,1.9107,461.2127,0.0,0.0,0.0,444.75,no_change,,0.0,0.0
SPXW,2026-09-02,12,Put,7220.0,SPXW260902P07220000,2.9,3.1,3.0,5.19,0.0,0.0,0.0,67.0,0.1836,-0.0308,0.0003,1.0374,-0.6882,-0.064,2.9744,0.0,0.0,0.0,6.79999995231628,down,2026-08-14T15:48:00,0.0,0.0
SPXW,2026-09-02,12,Call,7225.0,SPXW260902C07225000,448.8,469.2,459.0,0.0,0.0,0.0,0.0,0.0,0.1765,0.9683,0.0003,1.0589,-0.6995,1.9104,456.2891,0.0,0.0,0.0,439.850006103516,no_change,,0.0,0.0
SPXW,2026-09-02,12,Put,7225.0,SPXW260902P07225000,2.95,3.1,3.0250000000000004,6.92,0.0,0.0,0.0,72.0,0.1821,-0.0316,0.0003,1.0589,-0.6995,-0.0656,3.0448,0.0,0.0,0.0,6.95000004768372,up,2026-08-20T15:30:24,0.0,0.0
SPXW,2026-09-02,12,Call,7230.0,SPXW260902C07230000,445.3,464.3,454.8,457.25,22.1,5.07871,2.0,3.0,0.1759,0.9675,0.0003,1.0809,-0.7111,1.9101,451.368,457.29,457.29,457.25,435.149993896484,down,2026-08-21T15:28:06,0.0,0.0
SPXW,2026-09-02,12,Put,7230.0,SPXW260902P07230000,3.0,3.2,3.1,3.2,-3.9,-54.9296,1.0,5.0,0.1812,-0.0324,0.0003,1.0809,-0.7111,-0.0673,3.1178,3.2,3.2,3.2,7.09999990463257,down,2026-08-21T15:55:38,0.0,0.0
SPXW,2026-09-02,12,Call,7240.0,SPXW260902C07240000,435.3,454.5,444.9,543.45,0.0,0.0,0.0,3.0,0.1745,0.9658,0.0003,1.1266,-0.7353,1.9092,441.534,0.0,0.0,0.0,425.400009155273,up,2026-08-04T15:39:48,0.0,0.0
SPXW,2026-09-02,12,Put,7240.0,SPXW260902P07240000,3.1,3.3,3.2,3.8,-3.6,-48.6487,6.0,13.0,0.1787,-0.0341,0.0003,1.1266,-0.7353,-0.0709,3.2718,3.9,3.9,3.8,7.40000009536743,down,2026-08-21T12:31:26,0.0,0.0
SPXW,2026-09-02,12,Call,7250.0,SPXW260902C07250000,421.3,442.9,432.1,0.0,0.0,0.0,0.0,0.0,0.172,0.964,0.0003,1.1746,-0.7609,1.9081,431.7116,0.0,0.0,0.0,415.649993896484,no_change,,0.0,0.0
SPXW,2026-09-02,12,Put,7250.0,SPXW260902P07250000,3.3,3.5,3.4,4.1,-3.6,-46.7532,6.0,43.0,0.1771,-0.0359,0.0003,1.1746,-0.7609,-0.0748,3.4375,4.1,4.1,4.1,7.70000004768372,no_change,2026-08-21T11:24:37,0.0,0.0
SPXW,2026-09-02,12,Call,7260.0,SPXW260902C07260000,415.9,434.8,425.35,0.0,0.0,0.0,0.0,0.0,0.1704,0.962,0.0003,1.225,-0.7877,1.9067,421.9018,0.0,0.0,0.0,406.050003051758,no_change,,0.0,0.0
SPXW,2026-09-02,12,Put,7260.0,SPXW260902P07260000,3.4,3.7,3.55,5.89,0.0,0.0,0.0,7.0,0.1754,-0.0378,0.0003,1.225,-0.7877,-0.0789,3.6157,0.0,0.0,0.0,8.04999995231628,down,2026-08-17T14:15:06,0.0,0.0
SPXW,2026-09-02,12,Call,7270.0,SPXW260902C07270000,406.1,425.0,415.55,0.0,0.0,0.0,0.0,0.0,0.1687,0.9599,0.0004,1.278,-0.816,1.905,412.1055,0.0,0.0,0.0,396.75,no_change,,0.0,0.0
SPXW,2026-09-02,12,Put,7270.0,SPXW260902P07270000,3.6,3.8,3.7,5.65,0.0,0.0,0.0,234.0,0.1732,-0.0399,0.0004,1.278,-0.816,-0.0833,3.8075,0.0,0.0,0.0,8.40000009536743,no_change,2026-08-19T15:55:33,0.0,0.0
SPXW,2026-09-02,12,Call,7275.0,SPXW260902C07275000,400.6,420.1,410.35,0.0,0.0,0.0,0.0,0.0,0.1678,0.9588,0.0004,1.3057,-0.8307,1.9041,407.2128,0.0,0.0,0.0,391.599990844727,no_change,,0.0,0.0
SPXW,2026-09-02,12,Put,7275.0,SPXW260902P07275000,3.7,3.9,3.8,4.61,-3.99,-46.3953,36.0,62.0,0.1726,-0.041,0.0004,1.3057,-0.8307,-0.0856,3.9088,5.3,5.3,4.61,8.59999990463257,no_change,2026-08-21T11:24:37,0.0,0.0
SPXW,2026-09-02,12,Call,7280.0,SPXW260902C07280000,395.7,415.2,405.45,0.0,0.0,0.0,0.0,0.0,0.1669,0.9577,0.0004,1.3342,-0.8457,1.9031,402.3237,0.0,0.0,0.0,386.800003051758,no_change,,0.0,0.0
SPXW,2026-09-02,12,Put,7280.0,SPXW260902P07280000,3.8,4.0,3.9,5.4,0.0,0.0,0.0,68.0,0.1712,-0.0422,0.0004,1.3342,-0.8457,-0.088,4.0138,0.0,0.0,0.0,8.7999997138977,down,2026-08-19T15:01:15,0.0,0.0
SPXW,2026-09-02,12,Call,7290.0,SPXW260902C07290000,385.5,405.4,395.45,0.0,0.0,0.0,0.0,0.0,0.1658,0.9553,0.0004,1.3939,-0.8769,1.9008,392.5575,0.0,0.0,0.0,377.199996948242,no_change,,0.0,0.0
SPXW,2026-09-02,12,Put,7290.0,SPXW260902P07290000,4.0,4.3,4.15,8.65,0.0,0.0,0.0,24.0,0.1692,-0.0446,0.0004,1.3939,-0.8769,-0.093,4.2356,0.0,0.0,0.0,9.2000002861023,no_change,2026-08-18T13:54:39,0.0,0.0
SPXW,2026-09-02,12,Call,7300.0,SPXW260902C07300000,376.7,395.7,386.2,201.5,0.0,0.0,0.0,2.0,0.1638,0.9527,0.0004,1.457,-0.9096,1.8982,382.808,0.0,0.0,0.0,367.599990844727,down,2026-07-30T09:37:49,0.0,0.0
SPXW,2026-09-02,12,Put,7300.0,SPXW260902P07300000,4.2,4.5,4.35,5.8,-3.8,-39.5833,2.0,332.0,0.1675,-0.0472,0.0004,1.457,-0.9096,-0.0984,4.4742,6.3,6.3,5.8,9.59999990463257,down,2026-08-21T10:50:47,0.0,0.0
SPXW,2026-09-02,12,Call,7310.0,SPXW260902C07310000,366.2,385.9,376.04999999999995,0.0,0.0,0.0,0.0,0.0,0.1624,0.9499,0.0004,1.5235,-0.9439,1.895,373.0769,0.0,0.0,0.0,358.050003051758,no_change,,0.0,0.0
SPXW,2026-09-02,12,Put,7310.0,SPXW260902P07310000,4.5,4.7,4.6,5.39,-4.71,-46.6337,16.0,4.0,0.1656,-0.0499,0.0004,1.5235,-0.9439,-0.1042,4.7311,5.41,5.49,5.39,10.0999999046326,no_change,2026-08-21T13:42:15,0.0,0.0
SPXW,2026-09-02,12,Call,7320.0,SPXW260902C07320000,357.5,376.2,366.85,446.34,0.0,0.0,0.0,3.0,0.1601,0.947,0.0005,1.5929,-0.9798,1.8914,363.3657,0.0,0.0,0.0,348.599990844727,no_change,2026-08-12T10:08:06,0.0,0.0
SPXW,2026-09-02,12,Put,7320.0,SPXW260902P07320000,4.7,5.0,4.85,4.92,-5.68,-53.5849,19.0,16.0,0.1637,-0.0529,0.0005,1.5929,-0.9798,-0.1106,5.008,6.97,7.02,4.92,10.5999999046326,down,2026-08-21T15:53:47,0.0,0.0
SPXW,2026-09-02,12,Call,7325.0,SPXW260902C07325000,348.3,370.0,359.15,0.0,0.0,0.0,0.0,0.0,0.1596,0.9454,0.0005,1.6287,-0.9984,1.8895,358.5182,0.0,0.0,0.0,344.199996948242,no_change,,0.0,0.0
SPXW,2026-09-02,12,Put,7325.0,SPXW260902P07325000,4.9,5.1,5.0,4.8,-6.0,-55.5556,37.0,107.0,0.1635,-0.0545,0.0005,1.6287,-0.9984,-0.1139,5.1545,5.55,5.9,4.8,10.7999997138977,down,2026-08-21T15:44:40,0.0,0.0
SPXW,2026-09-02,12,Call,7330.0,SPXW260902C07330000,347.6,366.5,357.05,0.0,0.0,0.0,0.0,0.0,0.1584,0.9438,0.0005,1.6653,-1.0174,1.8874,353.6762,0.0,0.0,0.0,339.449996948242,no_change,,0.0,0.0
SPXW,2026-09-02,12,Put,7330.0,SPXW260902P07330000,5.0,5.3,5.15,7.78,0.0,0.0,0.0,7.0,0.1619,-0.0561,0.0005,1.6653,-1.0174,-0.1173,5.3066,0.0,0.0,0.0,11.0999999046326,down,2026-08-14T09:41:35,0.0,0.0
SPXW,2026-09-02,12,Call,7340.0,SPXW260902C07340000,337.7,356.8,347.25,0.0,0.0,0.0,0.0,0.0,0.1573,0.9404,0.0005,1.7414,-1.0568,1.883,344.0098,0.0,0.0,0.0,330.399993896484,no_change,,0.0,0.0
SPXW,2026-09-02,12,Put,7340.0,SPXW260902P07340000,5.3,5.6,5.449999999999999,6.31,-5.34,-45.8369,16.0,11.0,0.1603,-0.0595,0.0005,1.7414,-1.0568,-0.1245,5.6282,6.27,6.41,6.27,11.6500000953674,no_change,2026-08-21T13:42:15,0.0,0.0
SPXW,2026-09-02,12,Call,7345.0,SPXW260902C07345000,332.8,352.1,342.45000000000005,0.0,0.0,0.0,0.0,0.0,0.1566,0.9385,0.0005,1.781,-1.077,1.8806,339.1858,0.0,0.0,0.0,0.0,no_change,,0.0,0.0
SPXW,2026-09-02,12,Put,7345.0,SPXW260902P07345000,5.5,5.8,5.65,7.92,7.92,0.0,2.0,0.0,0.159,-0.0613,0.0005,1.781,-1.077,-0.1282,5.7982,7.87,7.92,7.87,0.0,up,2026-08-21T09:43:03,0.0,0.0
SPXW,2026-09-02,12,Call,7350.0,SPXW260902C07350000,328.0,347.1,337.55,342.28,22.38,6.99594,1.0,32.0,0.1553,0.9367,0.0006,1.8218,-1.0978,1.8781,334.3681,342.28,342.28,342.28,319.899993896484,down,2026-08-21T15:45:13,0.0,0.0
SPXW,2026-09-02,12,Put,7350.0,SPXW260902P07350000,5.7,5.9,5.800000000000001,5.77,-6.43,-52.7049,22.0,98.0,0.1583,-0.0632,0.0006,1.8218,-1.0978,-0.1321,5.9745,6.79,6.8,5.36,12.2000002861023,up,2026-08-21T15:53:47,0.0,0.0
SPXW,2026-09-02,12,Call,7355.0,SPXW260902C07355000,323.0,342.4,332.7,0.0,0.0,0.0,0.0,0.0,0.1546,0.9348,0.0006,1.8637,-1.1189,1.8754,329.557,0.0,0.0,0.0,0.0,no_change,,0.0,0.0
SPXW,2026-09-02,12,Put,7355.0,SPXW260902P07355000,5.9,6.1,6.0,5.7,5.7,0.0,36.0,0.0,0.1578,-0.0651,0.0006,1.8637,-1.1189,-0.1362,6.1575,6.44,6.95,5.7,0.0,down,2026-08-21T15:44:40,0.0,0.0
SPXW,2026-09-02,12,Call,7360.0,SPXW260902C07360000,313.7,337.1,325.4,323.46,0.0,0.0,0.0,1.0,0.1538,0.9328,0.0006,1.9068,-1.1405,1.8726,324.7529,0.0,0.0,0.0,310.550003051758,down,2026-08-20T13:46:05,0.0,0.0
SPXW,2026-09-02,12,Put,7360.0,SPXW260902P07360000,6.0,6.3,6.15,6.3,-6.55,-50.9728,1.0,48.0,0.1567,-0.0671,0.0006,1.9068,-1.1405,-0.1404,6.3474,6.3,6.3,6.3,12.8499999046326,down,2026-08-21T15:34:33,0.0,0.0
SPXW,2026-09-02,12,Call,7365.0,SPXW260902C07365000,312.6,331.5,322.05,0.0,0.0,0.0,0.0,0.0,0.153,0.9307,0.0006,1.9509,-1.1625,1.8696,319.9561,0.0,0.0,0.0,0.0,no_change,,0.0,0.0
SPXW,2026-09-02,12,Put,7365.0,SPXW260902P07365000,6.2,6.5,6.35,0.0,0.0,0.0,0.0,0.0,0.1559,-0.0692,0.0006,1.9509,-1.1625,-0.1447,6.5446,0.0,0.0,0.0,0.0,no_change,,0.0,0.0
SPXW,2026-09-02,12,Call,7370.0,SPXW260902C07370000,308.7,327.9,318.29999999999995,0.0,0.0,0.0,0.0,0.0,0.1522,0.9285,0.0006,1.996,-1.185,1.8664,315.1668,0.0,0.0,0.0,301.199996948242,no_change,,0.0,0.0
SPXW,2026-09-02,12,Put,7370.0,SPXW260902P07370000,6.5,6.7,6.6,7.25,-6.71,-49.8885,26.0,154.0,0.1553,-0.0713,0.0006,1.996,-1.185,-0.1493,6.7494,7.8,7.87,7.25,13.4500002861023,down,2026-08-21T14:51:33,0.0,0.0
SPXW,2026-09-02,12,Call,7375.0,SPXW260902C07375000,304.2,321.3,312.75,436.05,0.0,0.0,0.0,14.0,0.1518,0.9263,0.0006,2.0418,-1.2078,1.863,310.3855,0.0,0.0,0.0,296.600006103516,up,2026-08-13T14:21:16,0.0,0.0
SPXW,2026-09-02,12,Put,7375.0,SPXW260902P07375000,6.7,6.9,6.800000000000001,6.4,-7.45,-53.7906,34.0,230.0,0.1543,-0.0735,0.0006,2.0418,-1.2078,-0.1541,6.9621,8.0,8.07,6.4,13.8499999046326,down,2026-08-21T15:45:50,0.0,0.0
SPXW,2026-09-02,12,Call,7380.0,SPXW260902C07380000,299.2,318.3,308.75,313.93,22.03,7.54711,1.0,0.0,0.1509,0.924,0.0007,2.0885,-1.2312,1.8594,305.6125,313.93,313.93,313.93,291.899993896484,up,2026-08-21T15:45:13,0.0,0.0
SPXW,2026-09-02,12,Put,7380.0,SPXW260902P07380000,6.9,7.1,7.0,7.1,-6.98,-49.3286,1.0,51.0,0.1531,-0.0758,0.0007,2.0885,-1.2312,-0.159,7.1831,7.1,7.1,7.1,14.1500000953674,down,2026-08-21T15:34:33,0.0,0.0
SPXW,2026-09-02,12,Call,7385.0,SPXW260902C07385000,289.8,313.2,301.5,0.0,0.0,0.0,0.0,0.0,0.1499,0.9216,0.0007,2.136,-1.2549,1.8557,300.848,0.0,0.0,0.0,0.0,no_change,,0.0,0.0
SPXW,2026-09-02,12,Put,7385.0,SPXW260902P07385000,7.1,7.3,7.199999999999999,6.82,6.82,0.0,1.0,0.0,0.1526,-0.0782,0.0007,2.136,-1.2549,-0.1641,7.4127,6.82,6.82,6.82,0.0,up,2026-08-21T15:45:27,0.0,0.0
SPXW,2026-09-02,12,Call,7390.0,SPXW260902C07390000,289.9,307.0,298.45,295.53,0.0,0.0,0.0,2.0,0.1494,0.9192,0.0007,2.1845,-1.2791,1.8518,296.0925,0.0,0.0,0.0,282.650009155273,down,2026-08-20T13:46:05,0.0,0.0
SPXW,2026-09-02,12,Put,7390.0,SPXW260902P07390000,7.3,7.6,7.449999999999999,7.53,-7.37,-49.4631,1.0,381.0,0.1516,-0.0807,0.0007,2.1845,-1.2791,-0.1693,7.6511,7.53,7.53,7.53,14.9000000953674,down,2026-08-21T15:55:33,0.0,0.0
SPXW,2026-09-02,12,Call,7395.0,SPXW260902C07395000,284.1,302.4,293.25,0.0,0.0,0.0,0.0,0.0,0.1483,0.9166,0.0007,2.234,-1.3037,1.8478,291.3461,0.0,0.0,0.0,278.100006103516,no_change,,0.0,0.0
SPXW,2026-09-02,12,Put,7395.0,SPXW260902P07395000,7.6,7.8,7.699999999999999,13.47,-7.46,-48.7582,0.0,2.0,0.1508,-0.0832,0.0007,2.234,-1.3037,-0.1747,7.8988,0.0,0.0,0.0,15.2999997138977,no_change,2026-08-20T13:46:48,0.0,0.0
SPXW,2026-09-02,12,Call,7400.0,SPXW260902C07400000,275.7,297.6,286.65,288.83,15.33,5.60512,1.0,81.0,0.1477,0.914,0.0008,2.2847,-1.3288,1.8436,286.6092,288.83,288.83,288.83,273.5,down,2026-08-21T14:50:34,0.0,0.0
SPXW,2026-09-02,12,Put,7400.0,SPXW260902P07400000,7.8,8.1,7.949999999999999,8.65,-7.56,-48.1529,147.0,504.0,0.1501,-0.0859,0.0008,2.2847,-1.3288,-0.1802,8.1559,10.24,10.85,8.0,15.7000002861023,down,2026-08-21T14:51:33,0.0,0.0
SPXW,2026-09-02,12,Call,7405.0,SPXW260902C07405000,275.4,294.6,285.0,0.0,0.0,0.0,0.0,0.0,0.1471,0.9112,0.0008,2.3368,-1.3543,1.8393,281.8821,0.0,0.0,0.0,268.899993896484,no_change,,0.0,0.0
SPXW,2026-09-02,12,Put,7405.0,SPXW260902P07405000,8.1,8.3,8.2,8.9,-7.2,-44.7205,5.0,0.0,0.1492,-0.0886,0.0008,2.3368,-1.3543,-0.186,8.4229,8.9,8.9,8.9,16.1000003814697,down,2026-08-21T12:25:05,0.0,0.0
SPXW,2026-09-02,12,Call,7410.0,SPXW260902C07410000,266.1,288.4,277.25,0.0,0.0,0.0,0.0,0.0,0.1463,0.9084,0.0008,2.3903,-1.3802,1.8347,277.1653,0.0,0.0,0.0,264.350006103516,no_change,,0.0,0.0
SPXW,2026-09-02,12,Put,7410.0,SPXW260902P07410000,8.4,8.6,8.5,9.1,-7.88,-47.6133,16.0,23.0,0.1484,-0.0915,0.0008,2.3903,-1.3802,-0.1919,8.7001,11.5,11.5,8.4,16.5500001907349,up,2026-08-21T12:30:01,0.0,0.0
SPXW,2026-09-02,12,Call,7415.0,SPXW260902C07415000,261.4,283.4,272.4,0.0,0.0,0.0,0.0,0.0,0.1456,0.9054,0.0008,2.445,-1.4065,1.8299,272.4591,0.0,0.0,0.0,259.75,no_change,,0.0,0.0
SPXW,2026-09-02,12,Put,7415.0,SPXW260902P07415000,8.6,8.9,8.75,8.88,-8.07,-47.6106,1.0,100.0,0.1476,-0.0944,0.0008,2.445,-1.4065,-0.1981,8.9879,8.88,8.88,8.88,16.9499998092651,down,2026-08-21T16:06:11,0.0,0.0
SPXW,2026-09-02,12,Call,7420.0,SPXW260902C07420000,256.7,280.5,268.6,142.8,0.0,0.0,0.0,2.0,0.1448,0.9024,0.0008,2.501,-1.4332,1.8248,267.7642,0.0,0.0,0.0,255.25,down,2026-07-31T10:28:03,0.0,0.0
SPXW,2026-09-02,12,Put,7420.0,SPXW260902P07420000,8.9,9.2,9.05,9.51,-7.94,-45.5014,116.0,334.0,0.147,-0.0975,0.0008,2.501,-1.4332,-0.2046,9.287,13.71,13.71,9.35,17.4499998092651,up,2026-08-21T12:17:12,0.0,0.0
SPXW,2026-09-02,12,Call,7425.0,SPXW260902C07425000,261.2,266.9,264.04999999999995,384.1,0.0,0.0,0.0,30.0,0.1439,0.8992,0.0009,2.5578,-1.4602,1.8194,263.081,0.0,0.0,0.0,250.650001525879,no_change,2026-08-05T10:45:00,0.0,0.0
SPXW,2026-09-02,12,Put,7425.0,SPXW260902P07425000,9.3,9.5,9.4,9.48,-8.37,-46.8908,22.0,127.0,0.1459,-0.1006,0.0009,2.5578,-1.4602,-0.2113,9.5978,12.55,12.55,9.15,17.8500003814697,up,2026-08-21T16:06:11,0.0,0.0
SPXW,2026-09-02,12,Call,7430.0,SPXW260902C07430000,256.5,262.1,259.3,260.91,14.76,5.99634,1.0,8.0,0.143,0.896,0.0009,2.6154,-1.4877,1.8137,258.4101,260.91,260.91,260.91,246.150001525879,up,2026-08-21T14:50:34,0.0,0.0
SPXW,2026-09-02,12,Put,7430.0,SPXW260902P07430000,9.6,9.8,9.7,9.78,-8.57,-46.703,94.0,127.0,0.1452,-0.1039,0.0009,2.6154,-1.4877,-0.2183,9.921,12.26,12.85,9.45,18.3500003814697,up,2026-08-21T16:06:11,0.0,0.0
SPXW,2026-09-02,12,Call,7435.0,SPXW260902C07435000,252.0,257.7,254.85,0.0,0.0,0.0,0.0,0.0,0.1424,0.8926,0.0009,2.6737,-1.5156,1.8079,253.7521,0.0,0.0,0.0,241.699996948242,no_change,,0.0,0.0
SPXW,2026-09-02,12,Put,7435.0,SPXW260902P07435000,9.9,10.2,10.05,9.42,-9.43,-50.0265,1.0,255.0,0.144,-0.1072,0.0009,2.6737,-1.5156,-0.2256,10.257,9.42,9.42,9.42,18.8500003814697,down,2026-08-21T15:45:27,0.0,0.0
SPXW,2026-09-02,12,Call,7440.0,SPXW260902C07440000,247.2,252.9,250.05,333.39,0.0,0.0,0.0,4.0,0.1414,0.8891,0.0009,2.7329,-1.5438,1.8018,249.1073,0.0,0.0,0.0,237.199996948242,no_change,2026-08-12T10:08:06,0.0,0.0
SPXW,2026-09-02,12,Put,7440.0,SPXW260902P07440000,10.3,10.5,10.4,10.53,-8.82,-45.5814,5.0,329.0,0.1434,-0.1108,0.0009,2.7329,-1.5438,-0.233,10.6063,11.1,11.5,10.53,19.3500003814697,down,2026-08-21T16:06:11,0.0,0.0
SPXW,2026-09-02,12,Call,7445.0,SPXW260902C07445000,242.6,248.4,245.5,0.0,0.0,0.0,0.0,0.0,0.1408,0.8855,0.001,2.793,-1.5724,1.7955,244.4763,0.0,0.0,0.0,232.699996948242,no_change,,0.0,0.0
SPXW,2026-09-02,12,Put,7445.0,SPXW260902P07445000,10.6,10.9,10.75,10.86,-9.04,-45.4271,28.0,0.0,0.1427,-0.1144,0.001,2.793,-1.5724,-0.2407,10.9693,13.22,13.22,10.86,19.8999996185303,down,2026-08-21T16:05:29,0.0,0.0
SPXW,2026-09-02,12,Call,7450.0,SPXW260902C07450000,238.0,243.7,240.85,234.82,6.52,2.85589,2.0,727.0,0.1406,0.8817,0.001,2.8543,-1.6014,1.789,239.8595,234.47,234.82,234.47,228.300003051758,up,2026-08-21T10:46:06,0.0,0.0
SPXW,2026-09-02,12,Put,7450.0,SPXW260902P07450000,11.0,11.3,11.15,12.3,-8.15,-39.8533,206.0,1237.0,0.142,-0.1181,0.001,2.8543,-1.6014,-0.2485,11.3465,13.57,14.45,11.68,20.4499998092651,up,2026-08-21T14:41:14,0.0,0.0
SPXW,2026-09-02,12,Call,7455.0,SPXW260902C07455000,233.4,239.0,236.2,0.0,0.0,0.0,0.0,0.0,0.1393,0.8778,0.001,2.9171,-1.6306,1.7823,235.2573,0.0,0.0,0.0,223.900001525879,no_change,,0.0,0.0
SPXW,2026-09-02,12,Put,7455.0,SPXW260902P07455000,11.4,11.7,11.55,11.59,-9.46,-44.9406,1.0,5.0,0.141,-0.122,0.001,2.9171,-1.6306,-0.2566,11.7384,11.59,11.59,11.59,21.0500001907349,down,2026-08-21T16:05:29,0.0,0.0
SPXW,2026-09-02,12,Call,7460.0,SPXW260902C07460000,228.8,234.4,231.60000000000002,225.23,5.78,2.63386,1.0,2.0,0.1384,0.8738,0.0011,2.9813,-1.6602,1.7752,230.6705,225.23,225.23,225.23,219.449996948242,down,2026-08-21T10:20:11,0.0,0.0
SPXW,2026-09-02,12,Put,7460.0,SPXW260902P07460000,11.8,12.1,11.95,11.99,-9.56,-44.3619,3.0,23.0,0.1401,-0.126,0.0011,2.9813,-1.6602,-0.2651,12.1456,14.95,14.95,11.99,21.5500001907349,down,2026-08-21T16:05:29,0.0,0.0
SPXW,2026-09-02,12,Call,7465.0,SPXW260902C07465000,224.2,229.8,227.0,0.0,0.0,0.0,0.0,0.0,0.1379,0.8697,0.0011,3.0468,-1.69,1.7678,226.0998,0.0,0.0,0.0,215.099998474121,no_change,,0.0,0.0
SPXW,2026-09-02,12,Put,7465.0,SPXW260902P07465000,12.2,12.5,12.35,22.13,0.0,0.0,0.0,250.0,0.1394,-0.1302,0.0011,3.0468,-1.69,-0.2739,12.5689,0.0,0.0,0.0,22.1499996185303,up,2026-08-20T14:41:46,0.0,0.0
SPXW,2026-09-02,12,Call,7470.0,SPXW260902C07470000,219.3,225.3,222.3,218.2,0.0,0.0,0.0,11.0,0.137,0.8654,0.0011,3.1132,-1.7201,1.7599,221.5459,0.0,0.0,0.0,210.75,down,2026-08-20T14:02:57,0.0,0.0
SPXW,2026-09-02,12,Put,7470.0,SPXW260902P07470000,12.7,12.9,12.8,12.87,-9.98,-43.6762,2.0,27.0,0.1386,-0.1345,0.0011,3.1132,-1.7201,-0.2831,13.0091,16.4,16.4,12.87,22.8500003814697,down,2026-08-21T16:05:29,0.0,0.0
SPXW,2026-09-02,12,Call,7475.0,SPXW260902C07475000,215.1,220.7,217.89999999999998,212.23,5.83,2.82461,1.0,11.0,0.1363,0.8609,0.0012,3.1803,-1.7504,1.7517,217.0098,212.23,212.23,212.23,206.400001525879,down,2026-08-21T10:46:06,0.0,0.0
SPXW,2026-09-02,12,Put,7475.0,SPXW260902P07475000,13.1,13.4,13.25,13.4,-10.05,-42.8571,88.0,243.0,0.1379,-0.1389,0.0012,3.1803,-1.7504,-0.2927,13.467,16.85,17.11,12.9,23.4499998092651,up,2026-08-21T16:04:22,0.0,0.0
SPXW,2026-09-02,12,Call,7480.0,SPXW260902C07480000,210.6,216.1,213.35,207.1,5.1,2.52475,1.0,21.0,0.1359,0.8563,0.0012,3.2479,-1.781,1.7432,212.4922,207.1,207.1,207.1,202.0,down,2026-08-21T10:21:51,0.0,0.0
SPXW,2026-09-02,12,Put,7480.0,SPXW260902P07480000,13.6,13.9,13.75,13.4,-10.75,-44.5135,11.0,90.0,0.137,-0.1435,0.0012,3.2479,-1.781,-0.3026,13.9434,14.35,14.35,13.2,24.1499996185303,up,2026-08-21T15:59:32,0.0,0.0
SPXW,2026-09-02,12,Call,7485.0,SPXW260902C07485000,205.9,211.7,208.8,0.0,0.0,0.0,0.0,0.0,0.1348,0.8516,0.0012,3.3158,-1.8117,1.7343,207.9938,0.0,0.0,0.0,197.699996948242,no_change,,0.0,0.0
SPXW,2026-09-02,12,Put,7485.0,SPXW260902P07485000,14.1,14.4,14.25,14.35,-10.4,-42.0202,7.0,4.0,0.1361,-0.1483,0.0012,3.3158,-1.8117,-0.3128,14.439,17.28,17.28,14.2,24.75,up,2026-08-21T16:04:22,0.0,0.0
SPXW,2026-09-02,12,Call,7490.0,SPXW260902C07490000,201.4,207.1,204.25,198.39,4.99,2.58014,1.0,18.0,0.1339,0.8466,0.0012,3.3844,-1.8426,1.7253,203.5152,198.39,198.39,198.39,193.400001525879,up,2026-08-21T10:21:51,0.0,0.0
SPXW,2026-09-02,12,Put,7490.0,SPXW260902P07490000,14.6,14.9,14.75,14.85,-10.55,-41.5354,3.0,584.0,0.1354,-0.1532,0.0012,3.3844,-1.8426,-0.3232,14.9545,15.25,15.25,14.85,25.3999996185303,down,2026-08-21T16:04:22,0.0,0.0
SPXW,2026-09-02,12,Call,7495.0,SPXW260902C07495000,197.2,202.6,199.89999999999998,182.62,0.0,0.0,0.0,1.0,0.1333,0.8416,0.0013,3.4539,-1.8737,1.7159,199.057,0.0,0.0,0.0,189.150001525879,up,2026-08-20T15:57:42,0.0,0.0
SPXW,2026-09-02,12,Put,7495.0,SPXW260902P07495000,15.1,15.4,15.25,15.0,-11.25,-42.8571,2.0,1.0,0.1346,-0.1583,0.0013,3.4539,-1.8737,-0.3339,15.4903,15.22,15.22,15.0,26.25,down,2026-08-21T15:53:00,0.0,0.0
SPXW,2026-09-02,12,Call,7500.0,SPXW260902C07500000,192.7,198.1,195.39999999999998,194.9,10.0,5.40833,1.0,394.0,0.1331,0.8363,0.0013,3.5247,-1.9048,1.7063,194.62,194.9,194.9,194.9,184.900001525879,up,2026-08-21T15:59:48,0.0,0.0
SPXW,2026-09-02,12,Put,7500.0,SPXW260902P07500000,15.7,16.0,15.85,15.95,-11.0,-40.8163,87.0,720.0,0.1339,-0.1636,0.0013,3.5247,-1.9048,-0.345,16.0473,19.61,19.61,14.9,26.9499998092651,up,2026-08-21T16:04:22,0.0,0.0
SPXW,2026-09-02,12,Call,7505.0,SPXW260902C07505000,188.4,193.6,191.0,0.0,0.0,0.0,0.0,0.0,0.1316,0.8308,0.0014,3.5967,-1.936,1.6961,190.2051,0.0,0.0,0.0,180.700004577637,no_change,,0.0,0.0
SPXW,2026-09-02,12,Put,7505.0,SPXW260902P07505000,16.2,16.5,16.35,16.71,-11.04,-39.7838,7.0,12.0,0.1329,-0.169,0.0014,3.5967,-1.936,-0.3565,16.6264,16.6,16.71,15.95,27.75,up,2026-08-21T16:03:21,0.0,0.0
SPXW,2026-09-02,12,Call,7510.0,SPXW260902C07510000,184.0,189.2,186.6,0.0,0.0,0.0,0.0,0.0,0.1308,0.8252,0.0014,3.6696,-1.9671,1.6855,185.8133,0.0,0.0,0.0,176.5,no_change,,0.0,0.0
SPXW,2026-09-02,12,Put,7510.0,SPXW260902P07510000,16.8,17.1,16.950000000000003,17.1,-11.45,-40.1051,14.0,74.0,0.1321,-0.1746,0.0014,3.6696,-1.9671,-0.3685,17.2286,17.1,17.1,17.1,28.5500001907349,down,2026-08-21T12:30:21,0.0,0.0
SPXW,2026-09-02,12,Call,7515.0,SPXW260902C07515000,179.6,184.8,182.2,174.42,0.0,0.0,0.0,1.0,0.1303,0.8194,0.0014,3.743,-1.9982,1.6743,181.4458,0.0,0.0,0.0,172.299995422363,up,2026-08-20T14:40:41,0.0,0.0
SPXW,2026-09-02,12,Put,7515.0,SPXW260902P07515000,17.4,17.7,17.549999999999997,17.94,-11.41,-38.8756,1.0,1.0,0.1314,-0.1804,0.0014,3.743,-1.9982,-0.381,17.8552,17.94,17.94,17.94,29.3500003814697,down,2026-08-21T16:03:21,0.0,0.0
SPXW,2026-09-02,12,Call,7520.0,SPXW260902C07520000,174.9,180.5,177.7,252.95,0.0,0.0,0.0,1.0,0.1294,0.8134,0.0015,3.8163,-2.0293,1.6627,177.1037,0.0,0.0,0.0,168.200004577637,down,2026-08-11T14:08:59,0.0,0.0
SPXW,2026-09-02,12,Put,7520.0,SPXW260902P07520000,18.1,18.4,18.25,18.54,-11.71,-38.7107,4.0,198.0,0.1306,-0.1864,0.0015,3.8163,-2.0293,-0.394,18.5072,18.55,18.55,17.63,30.25,up,2026-08-21T16:03:21,0.0,0.0
SPXW,2026-09-02,12,Call,7525.0,SPXW260902C07525000,170.6,176.1,173.35,218.04,0.0,0.0,0.0,26.0,0.1286,0.8072,0.0015,3.8894,-2.0602,1.6508,172.7881,0.0,0.0,0.0,164.299995422363,up,2026-08-19T14:55:37,0.0,0.0
SPXW,2026-09-02,12,Put,7525.0,SPXW260902P07525000,18.7,19.1,18.9,19.45,-11.6,-37.3591,7.0,292.0,0.1298,-0.1926,0.0015,3.8894,-2.0602,-0.4073,19.1855,19.04,19.45,18.1,31.0500001907349,no_change,2026-08-21T12:56:40,0.0,0.0
SPXW,2026-09-02,12,Call,7530.0,SPXW260902C07530000,166.3,171.8,169.05,300.05,0.0,0.0,0.0,2.0,0.1278,0.8008,0.0016,3.9623,-2.0909,1.6385,168.4996,0.0,0.0,0.0,160.200004577637,up,2026-08-14T09:56:09,0.0,0.0
SPXW,2026-09-02,12,Put,7530.0,SPXW260902P07530000,19.4,19.8,19.6,19.97,-12.03,-37.5938,82.0,103.0,0.1291,-0.199,0.0016,3.9623,-2.0909,-0.4209,19.8911,26.1,26.1,18.9,32.0,up,2026-08-21T16:03:21,0.0,0.0
SPXW,2026-09-02,12,Call,7535.0,SPXW260902C07535000,162.0,167.5,164.75,0.0,0.0,0.0,0.0,0.0,0.1272,0.7942,0.0016,4.0354,-2.1213,1.6259,164.239,0.0,0.0,0.0,156.200004577637,no_change,,0.0,0.0
SPXW,2026-09-02,12,Put,7535.0,SPXW260902P07535000,20.2,20.5,20.35,20.49,-12.46,-37.8149,1.0,12.0,0.1281,-0.2057,0.0016,4.0354,-2.1213,-0.4348,20.6245,20.49,20.49,20.49,32.9499988555908,down,2026-08-21T16:06:55,0.0,0.0
SPXW,2026-09-02,12,Call,7540.0,SPXW260902C07540000,157.8,163.3,160.55,110.61,0.0,0.0,0.0,1.0,0.1265,0.7874,0.0016,4.1092,-2.1515,1.613,160.0073,0.0,0.0,0.0,151.949996948242,up,2026-08-03T09:32:08,0.0,0.0
SPXW,2026-09-02,12,Put,7540.0,SPXW260902P07540000,20.9,21.2,21.049999999999997,21.0,-12.95,-38.1443,5.0,131.0,0.1275,-0.2125,0.0016,4.1092,-2.1515,-0.4492,21.3868,21.3,22.35,21.0,33.9499988555908,down,2026-08-21T15:20:22,0.0,0.0
SPXW,2026-09-02,12,Call,7545.0,SPXW260902C07545000,153.7,159.0,156.35,0.0,0.0,0.0,0.0,0.0,0.1255,0.7803,0.0017,4.1837,-2.1812,1.5994,155.8055,0.0,0.0,0.0,147.849998474121,no_change,,0.0,0.0
SPXW,2026-09-02,12,Put,7545.0,SPXW260902P07545000,21.7,22.0,21.85,22.02,-12.93,-36.9957,14.0,34.0,0.1267,-0.2195,0.0017,4.1837,-2.1812,-0.4641,22.1791,21.15,22.02,21.15,34.9499988555908,up,2026-08-21T16:06:55,0.0,0.0
SPXW,2026-09-02,12,Call,7550.0,SPXW260902C07550000,149.4,154.8,152.10000000000002,157.25,13.45,9.35327,5.0,40.0,0.125,0.7731,0.0017,4.2584,-2.2105,1.5852,151.6352,157.26,157.26,157.25,143.799995422363,down,2026-08-21T12:54:20,0.0,0.0
SPXW,2026-09-02,12,Put,7550.0,SPXW260902P07550000,22.5,22.8,22.65,22.9,-13.05,-36.3004,1599.0,491.0,0.126,-0.2268,0.0017,4.2584,-2.2105,-0.4797,23.0028,26.86,26.86,21.35,35.9499988555908,up,2026-08-21T16:11:49,0.0,0.0
SPXW,2026-09-02,12,Call,7555.0,SPXW260902C07555000,145.3,150.6,147.95,0.0,0.0,0.0,0.0,0.0,0.1241,0.7656,0.0018,4.3326,-2.2393,1.5704,147.4978,0.0,0.0,0.0,139.950004577637,no_change,,0.0,0.0
SPXW,2026-09-02,12,Put,7555.0,SPXW260902P07555000,23.3,23.7,23.5,21.16,-15.89,-42.888,1.0,28.0,0.125,-0.2343,0.0018,4.3326,-2.2393,-0.4959,23.8594,21.16,21.16,21.16,37.0500011444092,down,2026-08-21T11:53:07,0.0,0.0
SPXW,2026-09-02,12,Call,7560.0,SPXW260902C07560000,141.2,146.5,143.85,140.49,0.0,0.0,0.0,3.0,0.1233,0.7579,0.0018,4.4058,-2.2674,1.5551,143.3946,0.0,0.0,0.0,136.049995422363,down,2026-08-20T14:08:11,0.0,0.0
SPXW,2026-09-02,12,Put,7560.0,SPXW260902P07560000,24.2,24.5,24.35,24.6,-13.55,-35.5177,16.0,302.0,0.1242,-0.242,0.0018,4.4058,-2.2674,-0.5126,24.7503,29.14,29.14,23.93,38.1499996185303,up,2026-08-21T16:06:55,0.0,0.0
SPXW,2026-09-02,12,Call,7565.0,SPXW260902C07565000,137.9,141.7,139.8,0.0,0.0,0.0,0.0,0.0,0.1227,0.75,0.0018,4.4777,-2.2949,1.5394,139.3267,0.0,0.0,0.0,132.5,no_change,,0.0,0.0
SPXW,2026-09-02,12,Put,7565.0,SPXW260902P07565000,25.1,25.4,25.25,25.39,-13.86,-35.3121,10.0,13.0,0.1234,-0.2499,0.0018,4.4777,-2.2949,-0.5296,25.6764,26.6,26.6,24.6,39.25,up,2026-08-21T16:00:45,0.0,0.0
SPXW,2026-09-02,12,Call,7570.0,SPXW260902C07570000,133.8,137.7,135.75,139.32,10.67,8.29383,1.0,3.0,0.1218,0.7418,0.0019,4.5486,-2.3216,1.5235,135.2949,139.32,139.32,139.32,128.649993896484,down,2026-08-21T15:20:22,0.0,0.0
SPXW,2026-09-02,12,Put,7570.0,SPXW260902P07570000,26.1,26.4,26.25,26.04,-14.41,-35.6242,72.0,195.0,0.1228,-0.2581,0.0019,4.5486,-2.3216,-0.5469,26.6386,32.16,32.16,25.7,40.4499988555908,up,2026-08-21T15:20:22,0.0,0.0
SPXW,2026-09-02,12,Call,7575.0,SPXW260902C07575000,129.8,133.7,131.75,136.75,11.85,9.48759,5.0,118.0,0.1211,0.7333,0.0019,4.619,-2.3475,1.5071,131.3,136.74,136.75,136.74,124.899997711182,up,2026-08-21T12:54:20,0.0,0.0
SPXW,2026-09-02,12,Put,7575.0,SPXW260902P07575000,27.0,27.4,27.2,27.44,-14.21,-34.1176,29.0,210.0,0.122,-0.2665,0.0019,4.619,-2.3475,-0.5646,27.6378,30.8,30.8,25.4,41.6499996185303,up,2026-08-21T16:09:50,0.0,0.0
SPXW,2026-09-02,12,Call,7580.0,SPXW260902C07580000,125.9,129.7,127.8,0.0,0.0,0.0,0.0,0.0,0.1204,0.7247,0.002,4.689,-2.3724,1.4901,127.3435,0.0,0.0,0.0,121.150001525879,no_change,,0.0,0.0
SPXW,2026-09-02,12,Put,7580.0,SPXW260902P07580000,28.1,28.4,28.25,28.36,-14.54,-33.8928,19.0,183.0,0.1211,-0.2752,0.002,4.689,-2.3724,-0.583,28.6753,32.8,33.38,26.8,42.8999996185303,up,2026-08-21T16:00:45,0.0,0.0
SPXW,2026-09-02,12,Call,7585.0,SPXW260902C07585000,121.9,125.8,123.85,121.2,0.0,0.0,0.0,2.0,0.1198,0.7158,0.002,4.7584,-2.3963,1.4724,123.427,0.0,0.0,0.0,117.399997711182,down,2026-08-20T14:08:11,0.0,0.0
SPXW,2026-09-02,12,Put,7585.0,SPXW260902P07585000,29.1,29.5,29.3,29.67,-14.53,-32.8733,17.0,0.0,0.1204,-0.2841,0.002,4.7584,-2.3963,-0.6021,29.7528,35.8,35.8,28.8,44.2000007629394,up,2026-08-21T15:55:02,0.0,0.0
SPXW,2026-09-02,12,Call,7590.0,SPXW260902C07590000,118.0,121.9,119.95,0.0,0.0,0.0,0.0,0.0,0.119,0.7067,0.0021,4.8264,-2.4191,1.4539,119.5523,0.0,0.0,0.0,113.799999237061,no_change,,0.0,0.0
SPXW,2026-09-02,12,Put,7590.0,SPXW260902P07590000,30.2,30.6,30.4,30.58,-14.97,-32.865,11.0,50.0,0.1196,-0.2932,0.0021,4.8264,-2.4191,-0.622,30.8722,35.4,35.4,26.98,45.5500011444092,down,2026-08-21T16:00:45,0.0,0.0
SPXW,2026-09-02,12,Call,7595.0,SPXW260902C07595000,114.2,118.0,116.1,103.87,0.0,0.0,0.0,14.0,0.1183,0.6973,0.0021,4.8922,-2.4406,1.4349,115.721,0.0,0.0,0.0,110.200000762939,down,2026-08-20T15:59:48,0.0,0.0
SPXW,2026-09-02,12,Put,7595.0,SPXW260902P07595000,31.4,31.7,31.549999999999997,31.92,-14.98,-31.9403,26.0,195.0,0.119,-0.3026,0.0021,4.8922,-2.4406,-0.6423,32.0349,29.0,31.92,28.67,46.8999996185303,up,2026-08-21T15:55:02,0.0,0.0
SPXW,2026-09-02,12,Call,7600.0,SPXW260902C07600000,112.2,112.6,112.4,115.76,9.16,8.59287,17.0,74.0,0.118,0.6876,0.0022,4.9554,-2.4607,1.4156,111.9341,106.66,125.71,106.66,106.600002288818,down,2026-08-21T15:20:22,0.0,0.0
SPXW,2026-09-02,12,Put,7600.0,SPXW260902P07600000,32.6,32.9,32.75,31.6,-16.75,-34.6432,63.0,267.0,0.1182,-0.3122,0.0022,4.9554,-2.4607,-0.663,33.242,37.55,39.6,30.0,48.3500003814697,up,2026-08-21T15:58:33,0.0,0.0
SPXW,2026-09-02,12,Call,7605.0,SPXW260902C07605000,108.4,108.8,108.6,112.4,9.3,9.02037,3.0,5.0,0.1173,0.6777,0.0022,5.0164,-2.4794,1.396,108.1926,112.92,112.92,112.4,103.100002288818,down,2026-08-21T15:28:06,0.0,0.0
SPXW,2026-09-02,12,Put,7605.0,SPXW260902P07605000,33.8,34.1,33.95,33.6,-16.2,-32.5301,2.0,26.0,0.1174,-0.3221,0.0022,5.0164,-2.4794,-0.6839,34.4945,33.29,33.6,33.29,49.7999992370606,up,2026-08-21T15:54:54,0.0,0.0
SPXW,2026-09-02,12,Call,7610.0,SPXW260902C07610000,104.7,105.1,104.9,107.8,8.2,8.23293,10.0,7.0,0.1166,0.6676,0.0022,5.0754,-2.4967,1.3759,104.4974,107.8,107.8,107.8,99.6000022888184,no_change,2026-08-21T11:16:12,0.0,0.0
SPXW,2026-09-02,12,Put,7610.0,SPXW260902P07610000,35.1,35.4,35.25,34.9,-16.4,-31.9688,30.0,34.0,0.1166,-0.3323,0.0022,5.0754,-2.4967,-0.7054,35.7933,40.4,40.4,32.5,51.2999992370606,up,2026-08-21T15:54:54,0.0,0.0
SPXW,2026-09-02,12,Call,7615.0,SPXW260902C07615000,101.0,101.4,101.2,0.0,0.0,0.0,0.0,0.0,0.1159,0.6572,0.0023,5.1328,-2.5123,1.3551,100.8504,0.0,0.0,0.0,96.2000007629394,no_change,,0.0,0.0
SPXW,2026-09-02,12,Put,7615.0,SPXW260902P07615000,36.4,36.8,36.599999999999994,35.4,-17.45,-33.018,3.0,131.0,0.1159,-0.3427,0.0023,5.1328,-2.5123,-0.7276,37.1403,41.13,41.13,35.4,52.8500003814697,down,2026-08-21T15:58:08,0.0,0.0
SPXW,2026-09-02,12,Call,7620.0,SPXW260902C07620000,97.4,97.8,97.6,100.6,7.8,8.40517,10.0,13.0,0.1152,0.6466,0.0023,5.1878,-2.5261,1.3334,97.2535,100.6,100.6,100.6,92.7999992370606,no_change,2026-08-21T11:16:12,0.0,0.0
SPXW,2026-09-02,12,Put,7620.0,SPXW260902P07620000,37.8,38.2,38.0,37.6,-16.9,-31.0092,17.0,69.0,0.1153,-0.3533,0.0023,5.1878,-2.5261,-0.7506,38.5375,43.48,43.48,37.6,54.5,down,2026-08-21T15:54:54,0.0,0.0
SPXW,2026-09-02,12,Call,7625.0,SPXW260902C07625000,93.8,94.3,94.05,193.53,0.0,0.0,0.0,14.0,0.1144,0.6357,0.0024,5.2398,-2.538,1.3111,93.7089,0.0,0.0,0.0,89.5,down,2026-08-14T15:18:08,0.0,0.0
SPXW,2026-09-02,12,Put,7625.0,SPXW260902P07625000,39.2,39.6,39.400000000000006,36.18,-19.97,-35.5654,24.0,151.0,0.1145,-0.3642,0.0024,5.2398,-2.538,-0.7743,39.9869,45.2,45.2,35.75,56.1499996185303,down,2026-08-21T15:49:29,0.0,0.0
SPXW,2026-09-02,12,Call,7630.0,SPXW260902C07630000,90.4,90.8,90.6,184.7,0.0,0.0,0.0,4.0,0.1138,0.6245,0.0024,5.2879,-2.548,1.2884,90.2179,0.0,0.0,0.0,86.2000007629394,up,2026-08-17T09:51:36,0.0,0.0
SPXW,2026-09-02,12,Put,7630.0,SPXW260902P07630000,40.7,41.1,40.900000000000006,39.95,-17.85,-30.8824,12.0,61.0,0.1137,-0.3753,0.0024,5.2879,-2.548,-0.7984,41.49,39.83,39.95,39.81,57.7999992370606,up,2026-08-21T15:26:45,0.0,0.0
SPXW,2026-09-02,12,Call,7635.0,SPXW260902C07635000,86.9,87.3,87.1,91.11,8.11,9.77108,1.0,9.0,0.1129,0.6131,0.0024,5.3322,-2.556,1.2656,86.7815,91.11,91.11,91.11,83.0,up,2026-08-21T15:23:04,0.0,0.0
SPXW,2026-09-02,12,Put,7635.0,SPXW260902P07635000,42.3,42.6,42.45,40.9,-18.7,-31.3758,48.0,165.0,0.1131,-0.3867,0.0024,5.3322,-2.556,-0.8226,43.0475,48.6,48.6,38.93,59.6000003814697,up,2026-08-21T15:59:15,0.0,0.0
SPXW,2026-09-02,12,Call,7640.0,SPXW260902C07640000,83.5,84.0,83.75,165.62,0.0,0.0,0.0,5.0,0.1121,0.6015,0.0025,5.373,-2.5618,1.2423,83.4007,0.0,0.0,0.0,79.7999992370606,down,2026-08-17T13:05:27,0.0,0.0
SPXW,2026-09-02,12,Put,7640.0,SPXW260902P07640000,43.9,44.2,44.05,40.43,-20.97,-34.1531,66.0,145.0,0.1124,-0.3983,0.0025,5.373,-2.5618,-0.8472,44.6607,49.15,50.0,39.45,61.3999996185303,down,2026-08-21T15:49:29,0.0,0.0
SPXW,2026-09-02,12,Call,7645.0,SPXW260902C07645000,80.2,80.6,80.4,83.62,0.0,0.0,0.0,0.0,0.1116,0.5896,0.0025,5.4104,-2.5654,1.2183,80.0772,0.0,0.0,0.0,76.7000007629394,down,2026-08-20T13:38:05,0.0,0.0
SPXW,2026-09-02,12,Put,7645.0,SPXW260902P07645000,45.5,45.9,45.7,44.65,-18.75,-29.5741,149.0,265.0,0.1117,-0.4102,0.0025,5.4104,-2.5654,-0.8726,46.3314,53.4,53.4,41.0,63.3999996185303,down,2026-08-21T15:24:17,0.0,0.0
SPXW,2026-09-02,12,Call,7650.0,SPXW260902C07650000,76.9,77.4,77.15,84.48,10.83,14.7047,13.0,34.0,0.1108,0.5776,0.0025,5.4439,-2.5667,1.1934,76.8137,85.7,90.0,84.48,73.6500015258789,down,2026-08-21T12:13:18,0.0,0.0
SPXW,2026-09-02,12,Put,7650.0,SPXW260902P07650000,47.3,47.6,47.45,45.89,-19.36,-29.6705,57.0,198.0,0.1109,-0.4223,0.0025,5.4439,-2.5667,-0.8988,48.0618,53.0,53.55,43.23,65.25,up,2026-08-21T15:52:38,0.0,0.0
SPXW,2026-09-02,12,Call,7655.0,SPXW260902C07655000,73.7,74.1,73.9,75.67,5.02,7.10545,2.0,27.0,0.1101,0.5652,0.0026,5.473,-2.5654,1.168,73.6122,78.5,78.5,75.67,70.6500015258789,down,2026-08-21T09:40:48,0.0,0.0
SPXW,2026-09-02,12,Put,7655.0,SPXW260902P07655000,49.1,49.4,49.25,45.85,-21.45,-31.8722,1.0,59.0,0.1101,-0.4346,0.0026,5.473,-2.5654,-0.9257,49.8544,45.85,45.85,45.85,67.2999992370606,down,2026-08-21T15:47:26,0.0,0.0
SPXW,2026-09-02,12,Call,7660.0,SPXW260902C07660000,70.6,71.0,70.8,70.23,2.58,3.81374,3.0,17.0,0.1094,0.5527,0.0026,5.4972,-2.5617,1.1423,70.4743,70.23,70.23,70.23,67.6500015258789,up,2026-08-21T14:36:40,0.0,0.0
SPXW,2026-09-02,12,Put,7660.0,SPXW260902P07660000,50.9,51.3,51.099999999999994,51.6,-17.8,-25.6484,35.0,188.0,0.1096,-0.4471,0.0026,5.4972,-2.5617,-0.9527,51.7105,57.3,58.45,45.75,69.3999977111816,up,2026-08-21T16:11:32,0.0,0.0
SPXW,2026-09-02,12,Call,7665.0,SPXW260902C07665000,67.5,67.9,67.7,68.79,3.99,6.15741,3.0,4.0,0.1087,0.54,0.0026,5.5163,-2.5554,1.1165,67.4008,66.43,68.79,66.43,64.7999992370606,up,2026-08-21T10:05:46,0.0,0.0
SPXW,2026-09-02,12,Put,7665.0,SPXW260902P07665000,52.8,53.2,53.0,49.35,-22.05,-30.8824,3.0,31.0,0.1088,-0.4599,0.0026,5.5163,-2.5554,-0.9798,53.6311,56.99,56.99,49.35,71.3999977111816,down,2026-08-21T15:47:26,0.0,0.0
SPXW,2026-09-02,12,Call,7670.0,SPXW260902C07670000,64.5,64.9,64.7,68.4,6.4,10.3226,24.0,6.0,0.1081,0.527,0.0026,5.5303,-2.5465,1.0904,64.393,64.7,69.0,61.5,62.0,no_change,2026-08-21T15:10:16,0.0,0.0
SPXW,2026-09-02,12,Put,7670.0,SPXW260902P07670000,54.8,55.2,55.0,54.21,-19.39,-26.3451,23.0,22.0,0.1082,-0.4728,0.0026,5.5303,-2.5465,-1.0073,55.6173,59.99,62.43,51.25,73.6000022888184,up,2026-08-21T15:55:00,0.0,0.0
SPXW,2026-09-02,12,Call,7675.0,SPXW260902C07675000,61.6,62.0,61.8,66.4,7.15,12.0675,6.0,52.0,0.1074,0.5139,0.0027,5.5391,-2.5349,1.0634,61.453,61.55,73.23,61.55,59.25,up,2026-08-21T15:44:20,0.0,0.0
SPXW,2026-09-02,12,Put,7675.0,SPXW260902P07675000,56.9,57.3,57.099999999999994,57.19,-18.66,-24.6012,42.0,58.0,0.1075,-0.486,0.0027,5.5391,-2.5349,-1.0356,57.6713,62.6,62.6,53.9,75.8499984741211,up,2026-08-21T16:09:50,0.0,0.0
SPXW,2026-09-02,12,Call,7680.0,SPXW260902C07680000,58.7,59.1,58.900000000000006,62.4,5.8,10.2473,12.0,16.0,0.1067,0.5006,0.0027,5.5424,-2.5206,1.0358,58.5834,63.8,72.5,61.85,56.6000003814697,up,2026-08-21T15:33:00,0.0,0.0
SPXW,2026-09-02,12,Put,7680.0,SPXW260902P07680000,59.0,59.4,59.2,59.0,-19.2,-24.5524,65.0,65.0,0.1069,-0.4992,0.0027,5.5424,-2.5206,-1.0647,59.7957,64.12,64.12,53.35,78.2000007629394,up,2026-08-21T15:59:41,0.0,0.0
SPXW,2026-09-02,12,Call,7685.0,SPXW260902C07685000,55.9,56.3,56.099999999999994,59.7,5.7,10.5556,8.0,9.0,0.1061,0.4872,0.0027,5.5399,-2.5034,1.0079,55.7861,67.13,67.13,59.43,54.0,no_change,2026-08-21T15:52:29,0.0,0.0
SPXW,2026-09-02,12,Put,7685.0,SPXW260902P07685000,61.2,61.6,61.400000000000006,59.1,-21.5,-26.6749,14.0,26.0,0.1062,-0.5127,0.0027,5.5399,-2.5034,-1.0939,61.9924,61.14,61.14,57.59,80.6000022888184,no_change,2026-08-21T15:52:29,0.0,0.0
SPXW,2026-09-02,12,Call,7690.0,SPXW260902C07690000,53.2,53.6,53.400000000000006,57.22,5.77,11.2148,18.0,11.0,0.1053,0.4736,0.0027,5.5315,-2.4834,0.9801,53.062,55.59,57.24,55.59,51.4499988555908,up,2026-08-21T15:51:42,0.0,0.0
SPXW,2026-09-02,12,Put,7690.0,SPXW260902P07690000,63.5,63.8,63.65,62.0,-21.0,-25.3012,60.0,208.0,0.1055,-0.5263,0.0027,5.5315,-2.4834,-1.1231,64.2623,64.8,65.73,57.2,83.0,down,2026-08-21T15:24:17,0.0,0.0
SPXW,2026-09-02,12,Call,7695.0,SPXW260902C07695000,50.5,50.9,50.7,54.2,5.2,10.6122,5.0,10.0,0.1048,0.4598,0.0027,5.5171,-2.4606,0.9522,50.4115,54.2,54.2,54.2,49.0,no_change,2026-08-21T15:52:29,0.0,0.0
SPXW,2026-09-02,12,Put,7695.0,SPXW260902P07695000,65.8,66.2,66.0,63.81,-21.74,-25.412,61.0,103.0,0.1049,-0.54,0.0027,5.5171,-2.4606,-1.1523,66.6059,58.8,63.81,58.8,85.5500030517578,up,2026-08-21T15:52:38,0.0,0.0
SPXW,2026-09-02,12,Call,7700.0,SPXW260902C07700000,48.0,48.3,48.15,48.1,1.55,3.32975,21.0,114.0,0.1041,0.446,0.0027,5.4964,-2.435,0.9238,47.8362,50.41,62.18,48.1,46.5500011444092,down,2026-08-21T16:12:01,0.0,0.0
SPXW,2026-09-02,12,Put,7700.0,SPXW260902P07700000,68.2,68.6,68.4,64.22,-23.88,-27.1056,14.0,339.0,0.1042,-0.5539,0.0027,5.4964,-2.435,-1.1821,69.0247,74.32,74.32,61.6,88.1000022888184,down,2026-08-21T15:46:54,0.0,0.0
SPXW,2026-09-02,12,Call,7705.0,SPXW260902C07705000,45.5,45.8,45.65,48.8,4.6,10.4072,8.0,26.0,0.1035,0.432,0.0027,5.4689,-2.4065,0.8948,45.3384,48.8,48.8,48.8,44.2000007629394,up,2026-08-21T15:32:23,0.0,0.0
SPXW,2026-09-02,12,Put,7705.0,SPXW260902P07705000,70.7,71.1,70.9,69.43,-21.32,-23.4931,1.0,47.0,0.1036,-0.5678,0.0027,5.4689,-2.4065,-1.2125,71.5208,69.43,69.43,69.43,90.75,down,2026-08-21T15:54:41,0.0,0.0
SPXW,2026-09-02,12,Call,7710.0,SPXW260902C07710000,43.0,43.4,43.2,47.1,5.15,12.2765,2.0,16.0,0.1029,0.4181,0.0027,5.4347,-2.3753,0.8656,42.9195,46.5,47.1,46.5,41.9499988555908,up,2026-08-21T15:44:20,0.0,0.0
SPXW,2026-09-02,12,Put,7710.0,SPXW260902P07710000,73.2,73.8,73.5,69.1,-24.35,-26.0567,13.0,131.0,0.1029,-0.5818,0.0027,5.4347,-2.3753,-1.2431,74.096,81.9,82.09,69.1,93.4499969482422,down,2026-08-21T15:46:54,0.0,0.0
SPXW,2026-09-02,12,Call,7715.0,SPXW260902C07715000,40.7,41.1,40.900000000000006,50.4,0.0,0.0,0.0,28.0,0.1024,0.404,0.0027,5.3944,-2.3412,0.8367,40.5798,0.0,0.0,0.0,39.75,down,2026-08-20T12:22:37,0.0,0.0
SPXW,2026-09-02,12,Put,7715.0,SPXW260902P07715000,75.9,76.3,76.1,72.98,-23.22,-24.1372,2.0,59.0,0.1024,-0.5958,0.0027,5.3944,-2.3412,-1.2733,76.7503,72.9,72.98,72.9,96.2000007629394,up,2026-08-21T15:31:12,0.0,0.0
SPXW,2026-09-02,12,Call,7720.0,SPXW260902C07720000,38.4,38.8,38.599999999999994,41.89,4.29,11.4096,15.0,142.0,0.1017,0.39,0.0027,5.3481,-2.3044,0.8081,38.3188,41.95,42.6,41.32,37.6000003814697,up,2026-08-21T15:51:42,0.0,0.0
SPXW,2026-09-02,12,Put,7720.0,SPXW260902P07720000,78.6,79.0,78.8,79.34,-19.86,-20.0202,72.0,156.0,0.1018,-0.6099,0.0027,5.3481,-2.3044,-1.3033,79.4833,87.94,87.94,79.34,99.2000007629394,down,2026-08-21T14:00:49,0.0,0.0
SPXW,2026-09-02,12,Call,7725.0,SPXW260902C07725000,36.2,36.6,36.400000000000006,36.67,1.12,3.15049,21.0,109.0,0.1011,0.3759,0.0027,5.2952,-2.265,0.7792,36.1369,38.4,45.2,35.7,35.5500011444092,down,2026-08-21T16:01:49,0.0,0.0
SPXW,2026-09-02,12,Put,7725.0,SPXW260902P07725000,81.4,81.8,81.6,81.96,-20.04,-19.6471,20.0,238.0,0.1013,-0.6239,0.0027,5.2952,-2.265,-1.3336,82.2954,87.22,87.22,73.45,102.0,up,2026-08-21T16:01:25,0.0,0.0
SPXW,2026-09-02,12,Call,7730.0,SPXW260902C07730000,34.1,34.5,34.3,37.2,3.65,10.8793,21.0,51.0,0.1005,0.3619,0.0027,5.2347,-2.2231,0.7498,34.0354,36.03,38.95,36.03,33.5500011444092,up,2026-08-21T15:38:57,0.0,0.0
SPXW,2026-09-02,12,Put,7730.0,SPXW260902P07730000,84.3,84.7,84.5,79.55,-25.45,-24.2381,10.0,98.0,0.1006,-0.6379,0.0027,5.2347,-2.2231,-1.3643,85.188,90.0,90.0,79.55,105.0,down,2026-08-21T15:46:54,0.0,0.0
SPXW,2026-09-02,12,Call,7735.0,SPXW260902C07735000,32.1,32.4,32.25,37.5,5.85,18.4834,2.0,160.0,0.1,0.348,0.0026,5.1674,-2.1786,0.7206,32.0147,35.0,37.5,35.0,31.6499996185303,up,2026-08-21T12:21:28,0.0,0.0
SPXW,2026-09-02,12,Put,7735.0,SPXW260902P07735000,87.3,87.7,87.5,88.0,-20.2,-18.6691,3.0,36.0,0.1,-0.6519,0.0026,5.1674,-2.1786,-1.3949,88.1613,84.93,88.0,84.93,108.200000762939,up,2026-08-21T15:59:48,0.0,0.0
SPXW,2026-09-02,12,Call,7740.0,SPXW260902C07740000,30.1,30.5,30.3,30.25,0.5,1.68067,12.0,54.0,0.0994,0.3341,0.0026,5.0944,-2.1316,0.692,30.0736,33.1,33.24,29.99,29.75,down,2026-08-21T16:12:01,0.0,0.0
SPXW,2026-09-02,12,Put,7740.0,SPXW260902P07740000,90.2,90.7,90.45,87.58,-23.77,-21.3471,64.0,85.0,0.0995,-0.6658,0.0026,5.0944,-2.1316,-1.4248,91.2143,99.24,99.24,80.8,111.349998474121,up,2026-08-21T15:52:38,0.0,0.0
SPXW,2026-09-02,12,Call,7745.0,SPXW260902C07745000,28.2,28.6,28.4,30.8,2.75,9.80392,12.0,29.0,0.0988,0.3203,0.0026,5.0163,-2.0824,0.6638,28.2106,31.17,31.5,30.8,28.0500001907349,down,2026-08-21T11:17:26,0.0,0.0
SPXW,2026-09-02,12,Put,7745.0,SPXW260902P07745000,93.4,93.8,93.6,90.3,-24.05,-21.0319,8.0,11.0,0.0991,-0.6796,0.0026,5.0163,-2.0824,-1.4544,94.3453,84.2,90.3,83.47,114.349998474121,up,2026-08-21T15:32:18,0.0,0.0
SPXW,2026-09-02,12,Call,7750.0,SPXW260902C07750000,26.4,26.8,26.6,28.9,2.6,9.88593,32.0,1055.0,0.0983,0.3066,0.0026,4.9318,-2.0311,0.6355,26.4253,28.22,34.74,26.2,26.3000001907349,up,2026-08-21T15:15:08,0.0,0.0
SPXW,2026-09-02,12,Put,7750.0,SPXW260902P07750000,96.6,97.0,96.8,93.34,-24.26,-20.6293,16.0,424.0,0.0988,-0.6932,0.0026,4.9318,-2.0311,-1.4841,97.554,106.1,106.33,89.4,117.599998474121,no_change,2026-08-21T15:41:29,0.0,0.0
SPXW,2026-09-02,12,Call,7755.0,SPXW260902C07755000,24.7,25.1,24.9,28.1,3.45,13.9959,23.0,4.0,0.0978,0.2931,0.0025,4.8402,-1.9776,0.6071,24.7179,31.6,31.6,26.75,24.6499996185303,up,2026-08-21T15:44:30,0.0,0.0
SPXW,2026-09-02,12,Put,7755.0,SPXW260902P07755000,98.1,102.0,100.05,96.51,-24.49,-20.2397,1.0,27.0,0.0991,-0.7067,0.0025,4.8402,-1.9776,-1.5139,100.8406,96.51,96.51,96.51,121.0,up,2026-08-21T15:32:18,0.0,0.0
SPXW,2026-09-02,12,Call,7760.0,SPXW260902C07760000,23.1,23.4,23.25,25.87,2.72,11.7495,16.0,45.0,0.0974,0.2798,0.0025,4.7424,-1.9223,0.5793,23.0875,29.7,29.7,25.87,23.1499996185303,down,2026-08-21T15:05:49,0.0,0.0
SPXW,2026-09-02,12,Put,7760.0,SPXW260902P07760000,101.4,105.3,103.35,100.0,-24.4,-19.6141,1.0,35.0,0.0985,-0.7201,0.0025,4.7424,-1.9223,-1.543,104.2042,100.0,100.0,100.0,124.400001525879,down,2026-08-21T15:32:18,0.0,0.0
SPXW,2026-09-02,12,Call,7765.0,SPXW260902C07765000,21.5,21.8,21.65,23.37,1.72,7.94457,20.0,22.0,0.0968,0.2666,0.0024,4.6404,-1.8652,0.5524,21.5317,22.8,24.0,22.8,21.6499996185303,down,2026-08-21T15:35:44,0.0,0.0
SPXW,2026-09-02,12,Put,7765.0,SPXW260902P07765000,104.9,108.8,106.85,97.8,0.0,0.0,0.0,126.0,0.0982,-0.7332,0.0024,4.6404,-1.8652,-1.5713,107.6425,0.0,0.0,0.0,128.200000762939,up,2026-08-20T09:37:28,0.0,0.0
SPXW,2026-09-02,12,Call,7770.0,SPXW260902C07770000,20.0,20.3,20.15,22.25,2.1,10.4218,102.0,44.0,0.0962,0.2537,0.0024,4.5345,-1.8066,0.5258,20.0488,23.27,23.38,20.8,20.1499996185303,down,2026-08-21T15:15:08,0.0,0.0
SPXW,2026-09-02,12,Put,7770.0,SPXW260902P07770000,108.4,112.3,110.35,106.71,-25.09,-19.0364,1.0,47.0,0.0977,-0.7461,0.0024,4.5345,-1.8066,-1.5993,111.1536,106.71,106.71,106.71,131.799995422363,up,2026-08-21T15:32:18,0.0,0.0
SPXW,2026-09-02,12,Call,7775.0,SPXW260902C07775000,18.6,18.9,18.75,19.02,0.17,0.901855,36.0,211.0,0.0958,0.241,0.0023,4.4232,-1.7466,0.4992,18.6383,20.78,21.98,19.02,18.8500003814697,down,2026-08-21T16:01:49,0.0,0.0
SPXW,2026-09-02,12,Put,7775.0,SPXW260902P07775000,110.9,116.3,113.6,114.26,-19.62,-14.4958,2.0,32.0,0.0971,-0.7588,0.0023,4.4232,-1.7466,-1.6272,114.7372,116.86,116.86,114.26,135.349998474121,down,2026-08-21T16:01:25,0.0,0.0
SPXW,2026-09-02,12,Call,7780.0,SPXW260902C07780000,17.2,17.6,17.4,19.5,1.95,11.1111,16.0,110.0,0.0954,0.2286,0.0023,4.3059,-1.6854,0.4731,17.2996,18.64,19.5,18.64,17.5500001907349,up,2026-08-21T15:30:46,0.0,0.0
SPXW,2026-09-02,12,Put,7780.0,SPXW260902P07780000,114.6,120.1,117.35,141.59,0.0,0.0,0.0,22.0,0.0967,-0.7712,0.0023,4.3059,-1.6854,-1.6547,118.3925,0.0,0.0,0.0,139.150001525879,up,2026-08-20T15:55:02,0.0,0.0
SPXW,2026-09-02,12,Call,7785.0,SPXW260902C07785000,16.0,16.3,16.15,18.33,1.98,12.1101,2.0,73.0,0.0949,0.2165,0.0022,4.1845,-1.6231,0.4479,16.0308,16.13,18.33,16.13,16.3500003814697,up,2026-08-21T15:05:16,0.0,0.0
SPXW,2026-09-02,12,Put,7785.0,SPXW260902P07785000,118.2,123.9,121.05000000000001,133.71,-19.82,-13.8698,1.0,145.0,0.0962,-0.7834,0.0022,4.1845,-1.6231,-1.6812,122.1177,133.71,133.71,133.71,142.900001525879,up,2026-08-21T09:54:36,0.0,0.0
SPXW,2026-09-02,12,Call,7790.0,SPXW260902C07790000,14.8,15.1,14.95,16.03,0.0,0.0,0.0,51.0,0.0944,0.2046,0.0022,4.0611,-1.5601,0.4236,14.8294,0.0,0.0,0.0,15.1500000953674,down,2026-08-20T15:05:23,0.0,0.0
SPXW,2026-09-02,12,Put,7790.0,SPXW260902P07790000,122.0,127.7,124.85,137.61,-19.82,-13.5106,1.0,12.0,0.0958,-0.7953,0.0022,4.0611,-1.5601,-1.7069,125.9103,137.61,137.61,137.61,146.699996948242,up,2026-08-21T09:54:36,0.0,0.0
SPXW,2026-09-02,12,Call,7795.0,SPXW260902C07795000,13.6,13.9,13.75,16.42,2.37,16.8683,1.0,44.0,0.094,0.193,0.0021,3.935,-1.4965,0.3996,13.6941,16.42,16.42,16.42,14.0499997138977,up,2026-08-21T15:02:33,0.0,0.0
SPXW,2026-09-02,12,Put,7795.0,SPXW260902P07795000,125.8,131.4,128.6,119.65,0.0,0.0,0.0,2.0,0.0956,-0.8068,0.0021,3.935,-1.4965,-1.7323,129.7691,0.0,0.0,0.0,150.649993896484,up,2026-08-20T09:46:02,0.0,0.0
SPXW,2026-09-02,12,Call,7800.0,SPXW260902C07800000,12.5,12.9,12.7,14.09,1.04,7.96935,43.0,766.0,0.0937,0.1818,0.002,3.8049,-1.4327,0.376,12.6245,14.53,19.78,13.05,13.0499997138977,down,2026-08-21T15:53:30,0.0,0.0
SPXW,2026-09-02,12,Put,7800.0,SPXW260902P07800000,129.7,135.3,132.5,124.2,-19.92,-12.8849,3.0,101.0,0.0951,-0.818,0.002,3.8049,-1.4327,-1.7573,133.6935,124.2,124.2,124.2,154.599998474121,up,2026-08-21T12:04:26,0.0,0.0
SPXW,2026-09-02,12,Call,7805.0,SPXW260902C07805000,11.5,11.8,11.65,11.13,0.0,0.0,0.0,29.0,0.0931,0.171,0.002,3.6713,-1.3687,0.3533,11.619,0.0,0.0,0.0,12.0499997138977,down,2026-08-20T16:13:32,0.0,0.0
SPXW,2026-09-02,12,Put,7805.0,SPXW260902P07805000,133.7,139.3,136.5,136.7,-21.9,-13.8083,1.0,6.0,0.0948,-0.8289,0.002,3.6713,-1.3687,-1.7813,137.6821,136.7,136.7,136.7,158.599998474121,up,2026-08-21T16:06:31,0.0,0.0
SPXW,2026-09-02,12,Call,7810.0,SPXW260902C07810000,10.6,10.9,10.75,10.75,-0.35,-3.15315,14.0,136.0,0.0926,0.1604,0.0019,3.5368,-1.305,0.3318,10.675,11.88,11.88,10.75,11.0999999046326,down,2026-08-21T16:12:01,0.0,0.0
SPXW,2026-09-02,12,Put,7810.0,SPXW260902P07810000,137.7,143.4,140.55,134.48,0.0,0.0,0.0,18.0,0.0946,-0.8394,0.0019,3.5368,-1.305,-1.8042,141.7321,0.0,0.0,0.0,162.699996948242,up,2026-08-20T10:33:46,0.0,0.0
SPXW,2026-09-02,12,Call,7815.0,SPXW260902C07815000,9.7,10.0,9.85,11.71,1.46,14.2439,23.0,289.0,0.0923,0.1503,0.0018,3.4023,-1.2416,0.3108,9.7906,10.3,12.87,10.3,10.25,down,2026-08-21T15:45:08,0.0,0.0
SPXW,2026-09-02,12,Put,7815.0,SPXW260902P07815000,141.8,147.5,144.65,144.76,-22.04,-13.2134,1.0,9.0,0.0942,-0.8496,0.0018,3.4023,-1.2416,-1.8266,145.8417,144.76,144.76,144.76,166.800003051758,up,2026-08-21T16:06:31,0.0,0.0
SPXW,2026-09-02,12,Call,7820.0,SPXW260902C07820000,8.9,9.2,9.05,14.9,5.45,57.672,4.0,52.0,0.0919,0.1405,0.0017,3.2667,-1.179,0.2903,8.965,11.58,14.9,10.7,9.4500002861023,up,2026-08-21T11:53:07,0.0,0.0
SPXW,2026-09-02,12,Put,7820.0,SPXW260902P07820000,146.3,151.7,149.0,148.91,-22.04,-12.8927,1.0,16.0,0.094,-0.8593,0.0017,3.2667,-1.179,-1.8484,150.0101,148.91,148.91,148.91,170.950004577637,down,2026-08-21T16:06:31,0.0,0.0
SPXW,2026-09-02,12,Call,7825.0,SPXW260902C07825000,8.1,8.4,8.25,12.71,4.06,46.9364,131.0,112.0,0.0917,0.1312,0.0017,3.1296,-1.1173,0.2708,8.1965,9.2,12.71,9.2,8.65000009536743,up,2026-08-21T11:50:54,0.0,0.0
SPXW,2026-09-02,12,Put,7825.0,SPXW260902P07825000,150.5,156.0,153.25,137.17,0.0,0.0,0.0,54.0,0.0936,-0.8687,0.0017,3.1296,-1.1173,-1.8693,154.2357,0.0,0.0,0.0,175.25,down,2026-08-18T11:05:27,0.0,0.0
SPXW,2026-09-02,12,Call,7830.0,SPXW260902C07830000,7.4,7.7,7.550000000000001,8.32,0.37,4.65408,53.0,34.0,0.0914,0.1223,0.0016,2.9928,-1.0567,0.2524,7.4826,8.15,10.92,8.15,7.9500002861023,no_change,2026-08-21T13:51:07,0.0,0.0
SPXW,2026-09-02,12,Put,7830.0,SPXW260902P07830000,154.8,160.3,157.55,157.37,-22.18,-12.3531,1.0,12.0,0.0934,-0.8776,0.0016,2.9928,-1.0567,-1.889,158.5157,157.37,157.37,157.37,179.549995422363,down,2026-08-21T16:06:31,0.0,0.0
SPXW,2026-09-02,12,Call,7835.0,SPXW260902C07835000,6.7,7.0,6.85,6.97,-0.33,-4.52055,7.0,24.0,0.0909,0.1137,0.0015,2.858,-0.9976,0.2349,6.8206,7.45,10.07,6.97,7.29999995231628,down,2026-08-21T16:09:34,0.0,0.0
SPXW,2026-09-02,12,Put,7835.0,SPXW260902P07835000,159.1,164.6,161.85,157.25,-26.65,-14.4916,1.0,0.0,0.093,-0.8861,0.0015,2.858,-0.9976,-1.908,162.8478,157.25,157.25,157.25,183.900001525879,down,2026-08-21T15:58:31,0.0,0.0
SPXW,2026-09-02,12,Call,7840.0,SPXW260902C07840000,6.1,6.4,6.25,6.85,0.15,2.23881,1.0,81.0,0.0906,0.1056,0.0014,2.725,-0.94,0.2179,6.2093,6.85,6.85,6.85,6.70000004768372,up,2026-08-21T09:49:10,0.0,0.0
SPXW,2026-09-02,12,Put,7840.0,SPXW260902P07840000,163.5,169.0,166.25,186.57,0.0,0.0,0.0,3.0,0.0929,-0.8942,0.0014,2.725,-0.94,-1.9263,167.2305,0.0,0.0,0.0,188.25,no_change,2026-08-20T14:40:47,0.0,0.0
SPXW,2026-09-02,12,Call,7845.0,SPXW260902C07845000,5.6,5.8,5.699999999999999,6.25,0.15,2.45902,2.0,30.0,0.0901,0.098,0.0014,2.5933,-0.8844,0.2018,5.6468,6.25,6.25,6.25,6.09999990463257,down,2026-08-21T09:52:20,0.0,0.0
SPXW,2026-09-02,12,Put,7845.0,SPXW260902P07845000,167.9,173.4,170.65,166.3,-26.35,-13.6777,1.0,0.0,0.093,-0.9019,0.0014,2.5933,-0.8844,-1.9437,171.662,166.3,166.3,166.3,192.650001525879,down,2026-08-21T15:58:31,0.0,0.0
SPXW,2026-09-02,12,Call,7850.0,SPXW260902C07850000,5.0,5.3,5.15,5.5,-0.1,-1.78571,114.0,247.0,0.0899,0.0907,0.0013,2.4636,-0.8306,0.187,5.1302,6.2,8.4,5.5,5.59999990463257,down,2026-08-21T16:04:47,0.0,0.0
SPXW,2026-09-02,12,Put,7850.0,SPXW260902P07850000,171.9,177.9,174.9,170.77,-25.18,-12.8502,1.0,16.0,0.0929,-0.9091,0.0013,2.4636,-0.8306,-1.96,176.1395,170.77,170.77,170.77,195.949996948242,up,2026-08-21T15:58:31,0.0,0.0
SPXW,2026-09-02,12,Call,7855.0,SPXW260902C07855000,4.6,4.8,4.699999999999999,4.79,-0.31,-6.07843,14.0,33.0,0.0898,0.0839,0.0012,2.3373,-0.779,0.173,4.6568,5.55,6.65,4.79,5.09999990463257,down,2026-08-21T16:09:34,0.0,0.0
SPXW,2026-09-02,12,Put,7855.0,SPXW260902P07855000,172.0,187.5,179.75,0.0,0.0,0.0,0.0,0.0,0.0927,-0.9159,0.0012,2.3373,-0.779,-1.9753,180.6601,0.0,0.0,0.0,201.400001525879,no_change,,0.0,0.0
SPXW,2026-09-02,12,Call,7860.0,SPXW260902C07860000,4.1,4.4,4.25,4.34,-0.44,-9.46237,118.0,94.0,0.0897,0.0775,0.0012,2.2151,-0.7298,0.1597,4.2244,5.1,6.9,4.34,4.65000009536743,down,2026-08-21T16:09:34,0.0,0.0
SPXW,2026-09-02,12,Put,7860.0,SPXW260902P07860000,176.5,192.5,184.5,180.17,-26.18,-12.6872,1.0,1.0,0.0924,-0.9223,0.0012,2.2151,-0.7298,-1.99,185.2218,180.17,180.17,180.17,206.349998474121,up,2026-08-21T15:58:31,0.0,0.0
SPXW,2026-09-02,12,Call,7870.0,SPXW260902C07870000,3.4,3.6,3.5,3.9,-0.45,-11.6883,64.0,119.0,0.0894,0.066,0.001,1.9817,-0.6384,0.1357,3.4742,4.0,4.8,3.9,3.85000002384186,no_change,2026-08-21T14:22:40,0.0,0.0
SPXW,2026-09-02,12,Put,7870.0,SPXW260902P07870000,187.2,201.2,194.2,191.15,-24.35,-11.2993,1.0,0.0,0.0927,-0.9338,0.001,1.9817,-0.6384,-2.0167,194.4596,191.15,191.15,191.15,215.5,down,2026-08-21T13:24:59,0.0,0.0
SPXW,2026-09-02,12,Call,7875.0,SPXW260902C07875000,3.1,3.3,3.2,3.48,-0.02,-0.571429,68.0,253.0,0.0894,0.0609,0.001,1.8715,-0.5964,0.1252,3.1506,3.9,5.44,3.48,3.5,down,2026-08-21T14:41:14,0.0,0.0
SPXW,2026-09-02,12,Put,7875.0,SPXW260902P07875000,191.5,206.7,199.1,121.31,0.0,0.0,0.0,18.0,0.093,-0.939,0.001,1.8715,-0.5964,-2.0286,199.1301,0.0,0.0,0.0,218.900001525879,down,2026-08-13T13:59:41,0.0,0.0
SPXW,2026-09-02,12,Call,7880.0,SPXW260902C07880000,2.8,3.0,2.9,3.3,0.1,3.125,10.0,158.0,0.0893,0.0561,0.0009,1.7663,-0.557,0.1153,2.8582,3.3,3.3,3.3,3.19999992847443,up,2026-08-21T10:01:16,0.0,0.0
SPXW,2026-09-02,12,Put,7880.0,SPXW260902P07880000,196.2,211.6,203.89999999999998,0.0,0.0,0.0,0.0,0.0,0.0931,-0.9438,0.0009,1.7663,-0.557,-2.0398,203.8316,0.0,0.0,0.0,224.25,no_change,,0.0,0.0
SPXW,2026-09-02,12,Call,7890.0,SPXW260902C07890000,2.3,2.5,2.4,2.46,-0.215,-8.03738,8.0,63.0,0.0889,0.0477,0.0008,1.571,-0.4856,0.0977,2.3581,2.85,2.85,2.46,2.67499995231628,down,2026-08-21T16:09:34,0.0,0.0
SPXW,2026-09-02,12,Put,7890.0,SPXW260902P07890000,201.0,224.4,212.7,0.0,0.0,0.0,0.0,0.0,0.0936,-0.9522,0.0008,1.571,-0.4856,-2.0602,213.3196,0.0,0.0,0.0,233.099998474121,no_change,,0.0,0.0
SPXW,2026-09-02,12,Call,7900.0,SPXW260902C07900000,1.9,2.05,1.9749999999999999,2.35,0.125,5.61798,29.0,842.0,0.0892,0.0405,0.0007,1.3958,-0.4238,0.0831,1.9548,2.5,3.48,2.22,2.22500002384186,up,2026-08-21T15:51:55,0.0,0.0
SPXW,2026-09-02,12,Put,7900.0,SPXW260902P07900000,210.2,230.3,220.25,127.2,0.0,0.0,0.0,15.0,0.0944,-0.9593,0.0007,1.3958,-0.4238,-2.0775,222.9043,0.0,0.0,0.0,243.349998474121,down,2026-08-14T09:40:04,0.0,0.0
SPXW,2026-09-02,12,Call,7910.0,SPXW260902C07910000,1.55,1.75,1.65,1.89,0.065,3.56164,8.0,67.0,0.0893,0.0346,0.0006,1.2412,-0.371,0.0707,1.6317,1.87,2.93,1.79,1.82499998807907,down,2026-08-21T14:25:43,0.0,0.0
SPXW,2026-09-02,12,Put,7910.0,SPXW260902P07910000,219.9,243.0,231.45,0.0,0.0,0.0,0.0,0.0,0.0948,-0.9652,0.0006,1.2412,-0.371,-2.0926,232.5693,0.0,0.0,0.0,252.550003051758,no_change,,0.0,0.0
SPXW,2026-09-02,12,Call,7920.0,SPXW260902C07920000,1.3,1.45,1.375,1.57,-0.005,-0.31746,40.0,51.0,0.0895,0.0297,0.0005,1.1062,-0.3264,0.0607,1.3743,2.23,2.23,1.57,1.57499998807907,down,2026-08-21T15:58:40,0.0,0.0
SPXW,2026-09-02,12,Put,7920.0,SPXW260902P07920000,229.6,252.7,241.14999999999998,238.32,-23.73,-9.05552,1.0,0.0,0.0956,-0.9702,0.0005,1.1062,-0.3264,-2.1054,242.2999,238.32,238.32,238.32,262.049995422363,down,2026-08-21T13:24:59,0.0,0.0
SPXW,2026-09-02,12,Call,7925.0,SPXW260902C07925000,1.2,1.35,1.275,1.49,0.065,4.5614,71.0,207.0,0.0899,0.0276,0.0005,1.0455,-0.3068,0.0563,1.2658,1.47,2.32,1.47,1.42500001192093,down,2026-08-21T14:41:14,0.0,0.0
SPXW,2026-09-02,12,Put,7925.0,SPXW260902P07925000,234.5,257.8,246.15,140.18,0.0,0.0,0.0,132.0,0.0964,-0.9723,0.0005,1.0455,-0.3068,-2.1111,247.1855,0.0,0.0,0.0,267.5,down,2026-08-13T10:40:22,0.0,0.0
SPXW,2026-09-02,12,Call,7930.0,SPXW260902C07930000,1.1,1.25,1.175,1.48,0.155,11.6981,17.0,23.0,0.0902,0.0256,0.0005,0.9891,-0.289,0.0523,1.1691,1.34,1.56,1.34,1.32499998807907,down,2026-08-21T13:42:15,0.0,0.0
SPXW,2026-09-02,12,Put,7930.0,SPXW260902P07930000,239.4,263.1,251.25,0.0,0.0,0.0,0.0,0.0,0.0971,-0.9742,0.0005,0.9891,-0.289,-2.1165,252.0828,0.0,0.0,0.0,272.300003051758,no_change,,0.0,0.0
SPXW,2026-09-02,12,Call,7940.0,SPXW260902C07940000,0.9,1.05,0.9750000000000001,1.28,0.18,16.3636,39.0,300.0,0.0908,0.0223,0.0004,0.8883,-0.2578,0.0454,1.0059,1.65,1.76,1.28,1.09999996423721,down,2026-08-21T13:42:26,0.0,0.0
SPXW,2026-09-02,12,Put,7940.0,SPXW260902P07940000,250.5,272.9,261.7,200.46,0.0,0.0,0.0,2.0,0.0983,-0.9776,0.0004,0.8883,-0.2578,-2.1261,261.9077,0.0,0.0,0.0,281.75,no_change,2026-08-19T10:58:02,0.0,0.0
SPXW,2026-09-02,12,Call,7950.0,SPXW260902C07950000,0.8,0.95,0.875,1.1,0.15,15.7895,39.0,130.0,0.0918,0.0196,0.0004,0.8021,-0.2319,0.0398,0.8759,1.33,1.33,1.06,0.949999988079071,down,2026-08-21T13:43:11,0.0,0.0
SPXW,2026-09-02,12,Put,7950.0,SPXW260902P07950000,259.0,281.9,270.45,209.56,0.0,0.0,0.0,2.0,0.1004,-0.9803,0.0004,0.8021,-0.2319,-2.1344,271.7657,0.0,0.0,0.0,291.600006103516,no_change,2026-08-19T10:58:02,0.0,0.0
SPXW,2026-09-02,12,Call,7960.0,SPXW260902C07960000,0.7,0.85,0.7749999999999999,1.0,0.15,17.6471,16.0,53.0,0.0929,0.0173,0.0003,0.7283,-0.2104,0.0353,0.7716,1.02,1.02,1.0,0.849999994039536,no_change,2026-08-21T13:42:15,0.0,0.0
SPXW,2026-09-02,12,Put,7960.0,SPXW260902P07960000,268.9,292.5,280.7,0.0,0.0,0.0,0.0,0.0,0.1024,-0.9825,0.0003,0.7283,-0.2104,-2.1418,281.6495,0.0,0.0,0.0,301.449996948242,no_change,,0.0,0.0
SPXW,2026-09-02,12,Call,7970.0,SPXW260902C07970000,0.6,0.75,0.675,0.9,0.15,20.0,16.0,86.0,0.0943,0.0155,0.0003,0.6651,-0.1925,0.0314,0.6877,1.15,1.15,0.9,0.75,no_change,2026-08-21T13:42:26,0.0,0.0
SPXW,2026-09-02,12,Put,7970.0,SPXW260902P07970000,278.8,302.5,290.65,0.0,0.0,0.0,0.0,0.0,0.1043,-0.9844,0.0003,0.6651,-0.1925,-2.1483,291.5537,0.0,0.0,0.0,311.649993896484,no_change,,0.0,0.0
SPXW,2026-09-02,12,Call,7975.0,SPXW260902C07975000,0.6,0.7,0.6499999999999999,0.8,0.1,14.2857,38.0,511.0,0.0946,0.0147,0.0003,0.637,-0.1847,0.0298,0.6521,0.97,1.05,0.8,0.699999988079071,no_change,2026-08-21T15:06:56,0.0,0.0
SPXW,2026-09-02,12,Put,7975.0,SPXW260902P07975000,283.8,306.7,295.25,0.0,0.0,0.0,0.0,0.0,0.1058,-0.9852,0.0003,0.637,-0.1847,-2.1514,296.512,0.0,0.0,0.0,316.5,no_change,,0.0,0.0
SPXW,2026-09-02,12,Call,8000.0,SPXW260902C08000000,0.45,0.6,0.525,0.53,-0.02,-3.63637,3005.0,1247.0,0.0984,0.0116,0.0002,0.5242,-0.1547,0.0235,0.5187,0.63,0.77,0.53,0.550000011920929,down,2026-08-21T15:59:17,0.0,0.0
SPXW,2026-09-02,12,Put,8000.0,SPXW260902P08000000,308.6,331.3,319.95000000000005,326.45,-14.75,-4.32298,1.0,0.0,0.1108,-0.9883,0.0002,0.5242,-0.1547,-2.1645,321.3488,326.45,326.45,326.45,341.199996948242,down,2026-08-21T10:13:35,0.0,0.0
SPXW,2026-09-02,12,Call,8025.0,SPXW260902C08025000,0.4,0.5,0.45,0.45,0.0,-6.62274e-07,1.0,119.0,0.1036,0.0095,0.0002,0.4445,-0.1349,0.0192,0.4346,0.45,0.45,0.45,0.450000002980232,down,2026-08-21T15:59:17,0.0,0.0
SPXW,2026-09-02,12,Put,8025.0,SPXW260902P08025000,333.5,356.3,344.9,0.0,0.0,0.0,0.0,0.0,0.1168,-0.9903,0.0002,0.4445,-0.1349,-2.1756,346.2348,0.0,0.0,0.0,366.050003051758,no_change,,0.0,0.0
SPXW,2026-09-02,12,Call,8050.0,SPXW260902C08050000,0.3,0.45,0.375,0.45,0.0,0.0,0.0,167.0,0.1075,0.0081,0.0001,0.386,-0.1212,0.0163,0.3781,0.0,0.0,0.0,0.375,down,2026-08-20T14:41:28,0.0,0.0
SPXW,2026-09-02,12,Put,8050.0,SPXW260902P08050000,358.4,381.3,369.85,0.0,0.0,0.0,0.0,0.0,0.1226,-0.9918,0.0001,0.386,-0.1212,-2.1853,371.1486,0.0,0.0,0.0,390.949996948242,no_change,,0.0,0.0
SPXW,2026-09-02,12,Call,8075.0,SPXW260902C08075000,0.3,0.4,0.35,0.67,0.0,0.0,0.0,218.0,0.1119,0.007,0.0001,0.3411,-0.1112,0.0142,0.3376,0.0,0.0,0.0,0.325000002980232,no_change,2026-08-19T14:18:03,0.0,0.0
SPXW,2026-09-02,12,Put,8075.0,SPXW260902P08075000,383.3,406.2,394.75,0.0,0.0,0.0,0.0,0.0,0.13,-0.9928,0.0001,0.3411,-0.1112,-2.1943,396.0782,0.0,0.0,0.0,415.949996948242,no_change,,0.0,0.0
SPXW,2026-09-02,12,Call,8100.0,SPXW260902C08100000,0.25,0.4,0.325,0.31,0.0,0.0,0.0,268.0,0.1169,0.0062,0.0001,0.305,-0.1033,0.0125,0.3067,0.0,0.0,0.0,0.299999997019768,down,2026-08-20T15:10:42,0.0,0.0
SPXW,2026-09-02,12,Put,8100.0,SPXW260902P08100000,408.3,432.0,420.15,0.0,0.0,0.0,0.0,0.0,0.1355,-0.9936,0.0001,0.3052,-0.1033,-2.2028,421.0175,0.0,0.0,0.0,440.850006103516,no_change,,0.0,0.0
SPXW,2026-09-02,12,Call,8125.0,SPXW260902C08125000,0.2,0.35,0.275,0.39,0.0,0.0,0.0,6.0,0.1204,0.0056,0.0001,0.2758,-0.097,0.0112,0.2824,0.0,0.0,0.0,0.274999998509884,down,2026-08-20T11:00:06,0.0,0.0
SPXW,2026-09-02,12,Put,8125.0,SPXW260902P08125000,433.2,452.8,443.0,0.0,0.0,0.0,0.0,0.0,0.1408,-0.9943,0.0001,0.2758,-0.097,-2.211,445.9632,0.0,0.0,0.0,465.800003051758,no_change,,0.0,0.0
SPXW,2026-09-02,12,Call,8150.0,SPXW260902C08150000,0.2,0.35,0.275,0.35,0.1,40.0,2.0,11.0,0.1263,0.005,0.0001,0.251,-0.0917,0.0101,0.2623,0.35,0.35,0.35,0.250000007450581,no_change,2026-08-21T11:06:40,0.0,0.0
SPXW,2026-09-02,12,Put,8150.0,SPXW260902P08150000,458.1,477.4,467.75,0.0,0.0,0.0,0.0,0.0,0.148,-0.9948,0.0001,0.251,-0.0917,-2.2189,470.9131,0.0,0.0,0.0,490.75,no_change,,0.0,0.0
SPXW,2026-09-02,12,Call,8175.0,SPXW260902C08175000,0.2,0.3,0.25,0.92,0.0,0.0,0.0,5.0,0.1321,0.0046,0.0001,0.2298,-0.0871,0.0092,0.2452,0.0,0.0,0.0,0.225000008940697,down,2026-08-17T10:22:41,0.0,0.0
SPXW,2026-09-02,12,Put,8175.0,SPXW260902P08175000,483.1,506.0,494.55,500.8,-14.6,-2.83275,1.0,0.0,0.1552,-0.9953,0.0001,0.2298,-0.087,-2.2266,495.866,500.8,500.8,500.8,515.400009155273,down,2026-08-21T10:13:35,0.0,0.0
SPXW,2026-09-02,12,Call,8200.0,SPXW260902C08200000,0.15,0.3,0.22499999999999998,0.31,0.085,37.7778,5.0,20.0,0.1347,0.0042,0.0001,0.2112,-0.0829,0.0084,0.2297,0.3,0.31,0.3,0.225000008940697,up,2026-08-21T14:56:44,0.0,0.0
SPXW,2026-09-02,12,Put,8200.0,SPXW260902P08200000,508.1,527.9,518.0,0.0,0.0,0.0,0.0,0.0,0.1601,-0.9957,0.0001,0.2114,-0.083,-2.2343,520.8211,0.0,0.0,0.0,540.549987792969,no_change,,0.0,0.0
SPXW,2026-09-02,12,Call,8225.0,SPXW260902C08225000,0.15,0.3,0.22499999999999998,0.28,0.0,0.0,0.0,70.0,0.1403,0.0038,0.0001,0.195,-0.0792,0.0077,0.2165,0.0,0.0,0.0,0.200000002980232,down,2026-08-19T15:44:36,0.0,0.0
SPXW,2026-09-02,12,Put,8225.0,SPXW260902P08225000,533.0,555.9,544.45,0.0,0.0,0.0,0.0,0.0,0.1672,-0.996,0.0001,0.1952,-0.0793,-2.2418,545.778,0.0,0.0,0.0,565.550018310547,no_change,,0.0,0.0
SPXW,2026-09-02,12,Call,8250.0,SPXW260902C08250000,0.15,0.25,0.2,0.32,0.12,60.0,1.0,58.0,0.1458,0.0035,0.0,0.1808,-0.0759,0.0071,0.2046,0.32,0.32,0.32,0.200000002980232,down,2026-08-21T14:12:56,0.0,0.0
SPXW,2026-09-02,12,Put,8250.0,SPXW260902P08250000,558.0,580.9,569.45,0.0,0.0,0.0,0.0,0.0,0.1718,-0.9963,0.0,0.1809,-0.0759,-2.2492,570.7363,0.0,0.0,0.0,590.549987792969,no_change,,0.0,0.0
SPXW,2026-09-02,12,Call,8275.0,SPXW260902C08275000,0.15,0.25,0.2,0.35,0.0,0.0,0.0,6.0,0.1513,0.0033,0.0,0.1681,-0.0728,0.0065,0.194,0.0,0.0,0.0,0.175000000745058,down,2026-08-19T09:32:27,0.0,0.0
SPXW,2026-09-02,12,Put,8275.0,SPXW260902P08275000,582.9,605.8,594.3499999999999,0.0,0.0,0.0,0.0,0.0,0.1789,-0.9966,0.0,0.1682,-0.0728,-2.2566,595.6958,0.0,0.0,0.0,615.200012207031,no_change,,0.0,0.0
SPXW,2026-09-02,12,Call,8300.0,SPXW260902C08300000,0.1,0.25,0.175,0.4,0.0,0.0,0.0,67.0,0.1568,0.003,0.0,0.1567,-0.07,0.006,0.1843,0.0,0.0,0.0,0.175000000745058,down,2026-08-17T14:04:15,0.0,0.0
SPXW,2026-09-02,12,Put,8300.0,SPXW260902P08300000,607.9,628.5,618.2,0.0,0.0,0.0,0.0,0.0,0.1859,-0.9968,0.0,0.1568,-0.07,-2.2639,620.6562,0.0,0.0,0.0,640.450012207031,no_change,,0.0,0.0
SPXW,2026-09-02,12,Call,8325.0,SPXW260902C08325000,0.1,0.25,0.175,0.0,0.0,0.0,0.0,0.0,0.1579,0.0028,0.0,0.1464,-0.0673,0.0056,0.1754,0.0,0.0,0.0,0.175000000745058,no_change,,0.0,0.0
SPXW,2026-09-02,12,Put,8325.0,SPXW260902P08325000,632.9,652.1,642.5,0.0,0.0,0.0,0.0,0.0,0.1903,-0.997,0.0,0.1465,-0.0673,-2.2712,645.6174,0.0,0.0,0.0,665.200012207031,no_change,,0.0,0.0
SPXW,2026-09-02,12,Call,8400.0,SPXW260902C08400000,0.1,0.25,0.175,0.16,0.01,6.66667,1.0,6.0,0.1736,0.0023,0.0,0.1208,-0.0603,0.0046,0.1524,0.16,0.16,0.16,0.150000002235174,down,2026-08-21T15:48:21,0.0,0.0
SPXW,2026-09-02,12,Put,8400.0,SPXW260902P08400000,707.8,728.3,718.05,0.0,0.0,0.0,0.0,0.0,0.2082,-0.9975,0.0,0.1209,-0.0603,-2.2927,720.5049,0.0,0.0,0.0,739.700012207031,no_change,,0.0,0.0
SPXW,2026-09-02,12,Call,8500.0,SPXW260902C08500000,0.05,0.2,0.125,0.12,-0.005,-4.0,1.0,6.0,0.1942,0.0018,0.0,0.0956,-0.0525,0.0036,0.1282,0.12,0.12,0.12,0.125000001862645,down,2026-08-21T15:48:21,0.0,0.0
SPXW,2026-09-02,12,Put,8500.0,SPXW260902P08500000,807.6,830.5,819.05,739.2,0.0,0.0,0.0,1.0,0.2327,-0.998,0.0,0.0957,-0.0526,-2.3211,820.3612,0.0,0.0,0.0,839.600006103516,down,2026-08-12T15:50:26,0.0,0.0
SPXW,2026-09-02,12,Call,8600.0,SPXW260902C08600000,0.05,0.2,0.125,0.34,0.0,0.0,0.0,21.0,0.207,0.0014,0.0,0.077,-0.046,0.0028,0.1089,0.0,0.0,0.0,0.125000001862645,down,2026-08-12T10:34:52,0.0,0.0
SPXW,2026-09-02,12,Put,8600.0,SPXW260902P08600000,907.5,926.7,917.1,838.58,0.0,0.0,0.0,3.0,0.2566,-0.9984,0.0,0.077,-0.046,-2.3492,920.2225,0.0,0.0,0.0,940.050018310547,down,2026-08-12T15:50:26,0.0,0.0
SPXW,2026-09-02,12,Call,8800.0,SPXW260902C08800000,0.0,0.15,0.075,0.96,0.0,0.0,0.0,5.0,0.245,0.001,0.0,0.0517,-0.0355,0.0019,0.0796,0.0,0.0,0.0,0.0750000029802322,down,2026-08-04T15:02:35,0.0,0.0
SPXW,2026-09-02,12,Put,8800.0,SPXW260902P08800000,1107.3,1130.8,1119.05,0.0,0.0,0.0,0.0,0.0,0.2994,-0.9989,0.0,0.0517,-0.0355,-2.4048,1119.9543,0.0,0.0,0.0,1139.14996337891,no_change,,0.0,0.0
SPXW,2026-09-02,12,Call,9000.0,SPXW260902C09000000,0.0,0.15,0.075,0.0,0.0,0.0,0.0,0.0,0.2755,0.0006,0.0,0.036,-0.0276,0.0013,0.0592,0.0,0.0,0.0,0.0500000007450581,no_change,,0.0,0.0
SPXW,2026-09-02,12,Put,9000.0,SPXW260902P09000000,1307.0,1330.6,1318.8,0.0,0.0,0.0,0.0,0.0,0.3443,-0.9992,0.0,0.0357,-0.0273,-2.4602,1319.6943,0.0,0.0,0.0,1338.95001220703,no_change,,0.0,0.0
SPXW,2026-09-02,12,Call,9200.0,SPXW260902C09200000,0.0,0.1,0.05,0.2,0.0,0.0,0.0,1.0,0.3103,0.0004,0.0,0.0252,-0.0212,0.0009,0.0436,0.0,0.0,0.0,0.0500000007450581,up,2026-08-03T15:35:32,0.0,0.0
SPXW,2026-09-02,12,Put,9200.0,SPXW260902P09200000,1506.8,1530.1,1518.4499999999998,0.0,0.0,0.0,0.0,0.0,0.383,-0.9994,0.0,0.025,-0.0209,-2.5152,1519.44,0.0,0.0,0.0,1539.25,no_change,,0.0,0.0
SPXW,2026-09-02,12,Call,9400.0,SPXW260902C09400000,0.0,0.1,0.05,0.0,0.0,0.0,0.0,0.0,0.344,0.0003,0.0,0.0179,-0.0161,0.0006,0.032,0.0,0.0,0.0,0.0500000007450581,no_change,,0.0,0.0
SPXW,2026-09-02,12,Put,9400.0,SPXW260902P09400000,1706.6,1730.1,1718.35,1636.37,0.0,0.0,0.0,2.0,0.4252,-0.9995,0.0,0.0177,-0.0159,-2.5702,1719.1896,0.0,0.0,0.0,1738.65002441406,down,2026-08-12T15:50:26,0.0,0.0
SPXW,2026-09-02,12,Call,9600.0,SPXW260902C09600000,0.0,0.1,0.05,0.0,0.0,0.0,0.0,0.0,0.3768,0.0002,0.0,0.0127,-0.0122,0.0004,0.0233,0.0,0.0,0.0,0.0500000007450581,no_change,,0.0,0.0
SPXW,2026-09-02,12,Put,9600.0,SPXW260902P09600000,1906.3,1930.1,1918.1999999999998,0.0,0.0,0.0,0.0,0.0,0.4663,-0.9996,0.0,0.0126,-0.012,-2.6251,1918.9422,0.0,0.0,0.0,1938.14996337891,no_change,,0.0,0.0
SPXW,2026-09-02,12,Call,9800.0,SPXW260902C09800000,0.0,0.1,0.05,0.0,0.0,0.0,0.0,0.0,0.4086,0.0001,0.0,0.0091,-0.0091,0.0003,0.0169,0.0,0.0,0.0,0.0500000007450581,no_change,,0.0,0.0
SPXW,2026-09-02,12,Put,9800.0,SPXW260902P09800000,2106.1,2128.9,2117.5,0.0,0.0,0.0,0.0,0.0,0.5006,-0.9997,0.0,0.009,-0.009,-2.6799,2118.697,0.0,0.0,0.0,2138.14990234375,no_change,,0.0,0.0
SPXW,2026-09-02,12,Call,10000.0,SPXW260902C10000000,0.0,0.1,0.05,0.0,0.0,0.0,0.0,0.0,0.4274,0.0001,0.0,0.0065,-0.0068,0.0002,0.0122,0.0,0.0,0.0,0.025000000372529,no_change,,0.0,0.0
SPXW,2026-09-02,12,Put,10000.0,SPXW260902P10000000,2305.9,2326.4,2316.15,0.0,0.0,0.0,0.0,0.0,0.5397,-0.9998,0.0,0.0064,-0.0067,-2.7347,2318.4534,0.0,0.0,0.0,2338.05004882812,no_change,,0.0,0.0
SPXW,2026-09-03,13,Call,3000.0,SPXW260903C03000000,4662.4,4686.4,4674.4,0.0,0.0,0.0,0.0,1.0,0.0,0.9998,0.0,0.0053,-0.0212,0.9025,4673.0004,0.0,0.0,0.0,4652.05004882812,no_change,,0.0,0.0
SPXW,2026-09-03,13,Put,3000.0,SPXW260903P03000000,0.0,0.05,0.025,0.0,0.0,0.0,0.0,1.0,1.3415,-0.0001,0.0,0.0053,-0.0212,-0.0002,0.0432,0.0,0.0,0.0,0.025000000372529,no_change,,0.0,0.0
SPXW,2026-09-03,13,Call,3200.0,SPXW260903C03200000,4465.8,4486.6,4476.200000000001,0.0,0.0,0.0,0.0,0.0,0.0,0.9997,0.0,0.0058,-0.0217,0.9627,4473.2645,0.0,0.0,0.0,4452.19995117188,no_change,,0.0,0.0
SPXW,2026-09-03,13,Put,3200.0,SPXW260903P03200000,0.0,0.05,0.025,0.0,0.0,0.0,0.0,0.0,1.2521,-0.0001,0.0,0.0058,-0.0217,-0.0002,0.0445,0.0,0.0,0.0,0.025000000372529,no_change,,0.0,0.0
SPXW,2026-09-03,13,Call,3400.0,SPXW260903C03400000,4266.2,4286.9,4276.549999999999,0.0,0.0,0.0,0.0,0.0,0.0,0.9997,0.0,0.0064,-0.0224,1.0228,4273.5289,0.0,0.0,0.0,4252.75,no_change,,0.0,0.0
SPXW,2026-09-03,13,Put,3400.0,SPXW260903P03400000,0.0,0.05,0.025,0.0,0.0,0.0,0.0,0.0,1.1682,-0.0001,0.0,0.0064,-0.0224,-0.0003,0.0461,0.0,0.0,0.0,0.025000000372529,no_change,,0.0,0.0
SPXW,2026-09-03,13,Call,3600.0,SPXW260903C03600000,4066.3,4087.1,4076.7,0.0,0.0,0.0,0.0,0.0,0.0,0.9997,0.0,0.0071,-0.0232,1.0829,4073.7936,0.0,0.0,0.0,4052.95007324219,no_change,,0.0,0.0
SPXW,2026-09-03,13,Put,3600.0,SPXW260903P03600000,0.0,0.05,0.025,0.25,0.0,0.0,0.0,15.0,1.1365,-0.0001,0.0,0.0071,-0.0232,-0.0003,0.0481,0.0,0.0,0.0,0.025000000372529,down,2026-07-30T15:35:29,0.0,0.0
SPXW,2026-09-03,13,Call,3800.0,SPXW260903C03800000,3863.5,3887.4,3875.45,0.0,0.0,0.0,0.0,0.0,0.0,0.9997,0.0,0.0079,-0.0242,1.143,3874.0588,0.0,0.0,0.0,3853.35009765625,no_change,,0.0,0.0
SPXW,2026-09-03,13,Put,3800.0,SPXW260903P03800000,0.0,0.05,0.025,0.55,0.0,0.0,0.0,2.0,1.0585,-0.0001,0.0,0.0079,-0.0242,-0.0003,0.0506,0.0,0.0,0.0,0.025000000372529,up,2026-07-29T12:15:09,0.0,0.0
SPXW,2026-09-03,13,Call,4000.0,SPXW260903C04000000,3663.7,3687.6,3675.6499999999996,0.0,0.0,0.0,0.0,0.0,0.0,0.9997,0.0,0.0089,-0.0254,1.2032,3674.3246,0.0,0.0,0.0,3653.59997558594,no_change,,0.0,0.0
SPXW,2026-09-03,13,Put,4000.0,SPXW260903P04000000,0.0,0.05,0.025,0.05,0.0,0.0,0.0,93.0,0.9844,-0.0002,0.0,0.0089,-0.0254,-0.0004,0.0536,0.0,0.0,0.0,0.0500000007450581,down,2026-08-12T09:46:25,0.0,0.0
SPXW,2026-09-03,13,Call,4200.0,SPXW260903C04200000,3464.0,3487.9,3475.95,0.0,0.0,0.0,0.0,0.0,0.0,0.9997,0.0,0.0101,-0.0269,1.2633,3474.5911,0.0,0.0,0.0,3453.79992675781,no_change,,0.0,0.0
SPXW,2026-09-03,13,Put,4200.0,SPXW260903P04200000,0.0,0.1,0.05,0.25,0.0,0.0,0.0,1.0,0.9139,-0.0002,0.0,0.0101,-0.0269,-0.0004,0.0573,0.0,0.0,0.0,0.0500000007450581,up,2026-08-05T09:30:09,0.0,0.0
SPXW,2026-09-03,13,Call,4400.0,SPXW260903C04400000,3265.0,3288.1,3276.55,0.0,0.0,0.0,0.0,0.0,0.0,0.9996,0.0,0.0116,-0.0288,1.3234,3274.8586,0.0,0.0,0.0,3254.09997558594,no_change,,0.0,0.0
SPXW,2026-09-03,13,Put,4400.0,SPXW260903P04400000,0.0,0.1,0.05,0.1,0.0,0.0,0.0,255.0,0.8466,-0.0002,0.0,0.0116,-0.0288,-0.0005,0.062,0.0,0.0,0.0,0.0500000007450581,down,2026-08-10T12:58:33,0.0,0.0
SPXW,2026-09-03,13,Call,4600.0,SPXW260903C04600000,3067.6,3088.4,3078.0,0.0,0.0,0.0,0.0,0.0,0.0,0.9996,0.0,0.0135,-0.0313,1.3834,3075.1276,0.0,0.0,0.0,3054.69995117188,no_change,,0.0,0.0
SPXW,2026-09-03,13,Put,4600.0,SPXW260903P04600000,0.0,0.1,0.05,0.05,0.0,0.0,0.0,5.0,0.8038,-0.0002,0.0,0.0135,-0.0313,-0.0006,0.0683,0.0,0.0,0.0,0.0500000007450581,down,2026-08-17T15:58:36,0.0,0.0
SPXW,2026-09-03,13,Call,4800.0,SPXW260903C04800000,2865.3,2888.6,2876.95,0.0,0.0,0.0,0.0,0.0,0.0,0.9996,0.0,0.0161,-0.0347,1.4435,2875.399,0.0,0.0,0.0,2854.94995117188,no_change,,0.0,0.0
SPXW,2026-09-03,13,Put,4800.0,SPXW260903P04800000,0.0,0.1,0.05,0.1,0.025,33.3333,4.0,20.0,0.7403,-0.0003,0.0,0.0161,-0.0347,-0.0007,0.0769,0.1,0.1,0.1,0.0750000029802322,no_change,2026-08-21T12:21:49,0.0,0.0
SPXW,2026-09-03,13,Call,5000.0,SPXW260903C05000000,2668.1,2688.9,2678.5,0.0,0.0,0.0,0.0,0.0,0.0,0.9995,0.0,0.0196,-0.0394,1.5035,2675.6741,0.0,0.0,0.0,2655.25,no_change,,0.0,0.0
SPXW,2026-09-03,13,Put,5000.0,SPXW260903P05000000,0.05,0.15,0.1,0.1,0.0,-3.35276e-06,2.0,132.0,0.6793,-0.0004,0.0,0.0196,-0.0395,-0.0008,0.0893,0.1,0.1,0.1,0.100000003352761,no_change,2026-08-21T15:40:13,0.0,0.0
SPXW,2026-09-03,13,Call,5200.0,SPXW260903C05200000,2468.6,2489.2,2478.8999999999996,0.0,0.0,0.0,0.0,0.0,0.0,0.9994,0.0,0.0249,-0.0464,1.5634,2475.955,0.0,0.0,0.0,2455.44995117188,no_change,,0.0,0.0
SPXW,2026-09-03,13,Put,5200.0,SPXW260903P05200000,0.05,0.15,0.1,0.15,0.0,0.0,0.0,88.0,0.6441,-0.0005,0.0,0.0249,-0.0464,-0.0011,0.1075,0.0,0.0,0.0,0.150000002235174,no_change,2026-08-20T15:43:43,0.0,0.0
SPXW,2026-09-03,13,Call,5400.0,SPXW260903C05400000,2265.5,2289.5,2277.5,0.0,0.0,0.0,0.0,0.0,0.0,0.9992,0.0,0.0324,-0.0563,1.6232,2276.2448,0.0,0.0,0.0,2255.84997558594,no_change,,0.0,0.0
SPXW,2026-09-03,13,Put,5400.0,SPXW260903P05400000,0.1,0.2,0.15000000000000002,0.15,-0.05,-25.0,2.0,38.0,0.5937,-0.0006,0.0,0.0324,-0.0563,-0.0014,0.1346,0.15,0.15,0.15,0.200000002980232,no_change,2026-08-21T12:00:39,0.0,0.0
SPXW,2026-09-03,13,Call,5600.0,SPXW260903C05600000,2069.1,2089.7,2079.3999999999996,0.0,0.0,0.0,0.0,0.0,0.0,0.999,0.0,0.0436,-0.0705,1.6828,2076.5474,0.0,0.0,0.0,2056.34997558594,no_change,,0.0,0.0
SPXW,2026-09-03,13,Put,5600.0,SPXW260903P05600000,0.15,0.25,0.2,0.21,-0.065,-23.6364,643.0,1183.0,0.5428,-0.0009,0.0,0.0437,-0.0705,-0.0019,0.1744,0.21,0.21,0.2,0.275000005960464,no_change,2026-08-21T15:50:34,0.0,0.0
SPXW,2026-09-03,13,Call,5800.0,SPXW260903C05800000,1866.2,1890.0,1878.1,0.0,0.0,0.0,0.0,0.0,0.0,0.9986,0.0,0.0601,-0.0901,1.7422,1876.8681,0.0,0.0,0.0,1856.90002441406,no_change,,0.0,0.0
SPXW,2026-09-03,13,Put,5800.0,SPXW260903P05800000,0.2,0.3,0.25,0.3,-0.075,-20.0,1.0,115.0,0.5011,-0.0012,0.0,0.0599,-0.0896,-0.0027,0.231,0.3,0.3,0.3,0.375,down,2026-08-21T09:41:41,0.0,0.0
SPXW,2026-09-03,13,Call,6000.0,SPXW260903C06000000,1669.7,1690.3,1680.0,0.0,0.0,0.0,0.0,0.0,0.3185,0.9981,0.0,0.0845,-0.1164,1.8011,1677.2131,0.0,0.0,0.0,1657.09997558594,no_change,,0.0,0.0
SPXW,2026-09-03,13,Put,6000.0,SPXW260903P06000000,0.25,0.35,0.3,0.3,-0.225,-42.8571,1.0,632.0,0.4553,-0.0017,0.0,0.0842,-0.116,-0.0039,0.3133,0.3,0.3,0.3,0.525000005960464,down,2026-08-21T12:10:03,0.0,0.0
SPXW,2026-09-03,13,Call,6100.0,SPXW260903C06100000,1566.7,1590.5,1578.6,0.0,0.0,0.0,0.0,0.0,0.3766,0.9977,0.0,0.1004,-0.1326,1.8304,1577.3973,0.0,0.0,0.0,1557.35003662109,no_change,,0.0,0.0
SPXW,2026-09-03,13,Put,6100.0,SPXW260903P06100000,0.3,0.4,0.35,0.4,-0.2,-33.3333,6.0,66.0,0.4329,-0.0021,0.0,0.1001,-0.1321,-0.0047,0.3661,0.4,0.4,0.4,0.599999994039536,no_change,2026-08-21T15:30:20,0.0,0.0
SPXW,2026-09-03,13,Call,6200.0,SPXW260903C06200000,1466.8,1490.7,1478.75,0.0,0.0,0.0,0.0,0.0,0.337,0.9973,0.0,0.1196,-0.1509,1.8595,1477.5909,0.0,0.0,0.0,1457.84997558594,no_change,,0.0,0.0
SPXW,2026-09-03,13,Put,6200.0,SPXW260903P06200000,0.35,0.45,0.4,0.5,-0.225,-31.0345,1.0,96.0,0.4096,-0.0025,0.0,0.1194,-0.1505,-0.0057,0.4283,0.5,0.5,0.5,0.724999994039536,down,2026-08-21T10:19:18,0.0,0.0
SPXW,2026-09-03,13,Call,6300.0,SPXW260903C06300000,1370.4,1390.9,1380.65,0.0,0.0,0.0,0.0,0.0,0.3381,0.9968,0.0,0.1432,-0.1715,1.8883,1377.7953,0.0,0.0,0.0,1357.90002441406,no_change,,0.0,0.0
SPXW,2026-09-03,13,Put,6300.0,SPXW260903P06300000,0.4,0.5,0.45,0.53,-0.32,-37.6471,5.0,832.0,0.3857,-0.0031,0.0,0.1429,-0.1711,-0.007,0.5014,0.55,0.55,0.53,0.849999994039536,down,2026-08-21T12:01:25,0.0,0.0
SPXW,2026-09-03,13,Call,6400.0,SPXW260903C06400000,1267.2,1291.0,1279.1,0.0,0.0,0.0,0.0,0.0,0.3263,0.9961,0.0,0.1714,-0.1949,1.9168,1278.0129,0.0,0.0,0.0,1258.59997558594,no_change,,0.0,0.0
SPXW,2026-09-03,13,Put,6400.0,SPXW260903P06400000,0.5,0.6,0.55,0.63,-0.395,-38.5366,6.0,984.0,0.3646,-0.0038,0.0,0.1712,-0.1945,-0.0085,0.5875,0.65,0.65,0.6,1.02500000596046,up,2026-08-21T12:01:25,0.0,0.0
SPXW,2026-09-03,13,Call,6425.0,SPXW260903C06425000,1242.4,1266.1,1254.25,0.0,0.0,0.0,0.0,0.0,0.3291,0.9959,0.0,0.1794,-0.2012,1.9239,1253.0696,0.0,0.0,0.0,1233.69995117188,no_change,,0.0,0.0
SPXW,2026-09-03,13,Put,6425.0,SPXW260903P06425000,0.5,0.6,0.55,1.06,0.0,0.0,0.0,30.0,0.3576,-0.004,0.0,0.1791,-0.2008,-0.009,0.6114,0.0,0.0,0.0,1.07499998807907,down,2026-08-20T15:27:28,0.0,0.0
SPXW,2026-09-03,13,Call,6450.0,SPXW260903C06450000,1217.4,1241.1,1229.25,0.0,0.0,0.0,0.0,0.0,0.3183,0.9957,0.0,0.1878,-0.2077,1.931,1228.1274,0.0,0.0,0.0,1208.34997558594,no_change,,0.0,0.0
SPXW,2026-09-03,13,Put,6450.0,SPXW260903P06450000,0.5,0.65,0.575,0.6,-0.525,-46.6667,32.0,13.0,0.3505,-0.0042,0.0,0.1875,-0.2073,-0.0094,0.6363,0.7,0.7,0.6,1.125,down,2026-08-21T15:57:02,0.0,0.0
SPXW,2026-09-03,13,Call,6475.0,SPXW260903C06475000,1192.5,1216.2,1204.35,0.0,0.0,0.0,0.0,0.0,0.3198,0.9955,0.0,0.1967,-0.2144,1.938,1203.1862,0.0,0.0,0.0,1183.45001220703,no_change,,0.0,0.0
SPXW,2026-09-03,13,Put,6475.0,SPXW260903P06475000,0.55,0.65,0.6000000000000001,0.7,-0.475,-40.4255,150.0,53.0,0.3465,-0.0044,0.0,0.1964,-0.214,-0.0099,0.6622,0.7,0.7,0.7,1.17500001192093,no_change,2026-08-21T14:23:12,0.0,0.0
SPXW,2026-09-03,13,Call,6500.0,SPXW260903C06500000,1167.4,1191.3,1179.35,0.0,0.0,0.0,0.0,0.0,0.3096,0.9952,0.0,0.2061,-0.2213,1.945,1178.2462,0.0,0.0,0.0,1159.15002441406,no_change,,0.0,0.0
SPXW,2026-09-03,13,Put,6500.0,SPXW260903P06500000,0.55,0.7,0.625,0.67,-0.58,-46.4,220.0,963.0,0.3395,-0.0046,0.0,0.2061,-0.2213,-0.0104,0.6906,0.7,0.7,0.67,1.25,down,2026-08-21T15:36:48,0.0,0.0
SPXW,2026-09-03,13,Call,6525.0,SPXW260903C06525000,1142.4,1164.6,1153.5,0.0,0.0,0.0,0.0,0.0,0.31,0.995,0.0,0.2161,-0.2284,1.952,1153.3074,0.0,0.0,0.0,1134.25,no_change,,0.0,0.0
SPXW,2026-09-03,13,Put,6525.0,SPXW260903P06525000,0.6,0.7,0.6499999999999999,1.4,0.0,0.0,0.0,4.0,0.3351,-0.0048,0.0,0.2159,-0.228,-0.011,0.7176,0.0,0.0,0.0,1.30000001192093,down,2026-08-20T15:59:56,0.0,0.0
SPXW,2026-09-03,13,Call,6550.0,SPXW260903C06550000,1117.7,1141.4,1129.5500000000002,0.0,0.0,0.0,0.0,0.0,0.3091,0.9947,0.0,0.2267,-0.2358,1.9589,1128.3699,0.0,0.0,0.0,1108.89996337891,no_change,,0.0,0.0
SPXW,2026-09-03,13,Put,6550.0,SPXW260903P06550000,0.6,0.75,0.675,1.3,0.0,0.0,0.0,243.0,0.3293,-0.0051,0.0,0.2268,-0.2359,-0.0116,0.7491,0.0,0.0,0.0,1.375,no_change,2026-08-20T14:05:50,0.0,0.0
SPXW,2026-09-03,13,Call,6575.0,SPXW260903C06575000,1092.8,1116.4,1104.6,0.0,0.0,0.0,0.0,0.0,0.2997,0.9944,0.0,0.2378,-0.2434,1.9658,1103.4339,0.0,0.0,0.0,1084.19995117188,no_change,,0.0,0.0
SPXW,2026-09-03,13,Put,6575.0,SPXW260903P06575000,0.65,0.75,0.7,0.75,-0.675,-47.3684,1.0,543.0,0.3234,-0.0054,0.0,0.2379,-0.2435,-0.0122,0.7802,0.75,0.75,0.75,1.42500001192093,down,2026-08-21T15:52:53,0.0,0.0
SPXW,2026-09-03,13,Call,6600.0,SPXW260903C06600000,1071.0,1091.5,1081.25,0.0,0.0,0.0,0.0,0.0,0.2982,0.9942,0.0,0.2495,-0.2513,1.9726,1078.4994,0.0,0.0,0.0,1059.0,no_change,,0.0,0.0
SPXW,2026-09-03,13,Put,6600.0,SPXW260903P06600000,0.7,0.8,0.75,0.75,-0.75,-50.0,2.0,105.0,0.3186,-0.0057,0.0,0.2496,-0.2514,-0.0129,0.813,0.75,0.75,0.75,1.5,down,2026-08-21T16:02:31,0.0,0.0
SPXW,2026-09-03,13,Call,6625.0,SPXW260903C06625000,1042.9,1066.6,1054.75,0.0,0.0,0.0,0.0,0.0,0.289,0.9938,0.0,0.2618,-0.2595,1.9794,1053.5667,0.0,0.0,0.0,1034.25,no_change,,0.0,0.0
SPXW,2026-09-03,13,Put,6625.0,SPXW260903P06625000,0.7,0.85,0.7749999999999999,1.0,-0.6,-37.5,1.0,52.0,0.3126,-0.006,0.0,0.2619,-0.2596,-0.0136,0.8474,1.0,1.0,1.0,1.59999996423721,down,2026-08-21T10:04:57,0.0,0.0
SPXW,2026-09-03,13,Call,6650.0,SPXW260903C06650000,1018.0,1041.6,1029.8,0.0,0.0,0.0,0.0,0.0,0.287,0.9935,0.0,0.2748,-0.268,1.9862,1028.6358,0.0,0.0,0.0,1009.39999389648,no_change,,0.0,0.0
SPXW,2026-09-03,13,Put,6650.0,SPXW260903P06650000,0.75,0.9,0.825,0.86,-0.815,-48.6567,30.0,574.0,0.3065,-0.0063,0.0,0.2749,-0.2681,-0.0144,0.8837,1.05,1.05,0.86,1.67500001192093,down,2026-08-21T15:52:53,0.0,0.0
SPXW,2026-09-03,13,Call,6675.0,SPXW260903C06675000,993.0,1016.7,1004.85,0.0,0.0,0.0,0.0,0.0,0.2844,0.9932,0.0,0.2886,-0.2769,1.9928,1003.707,0.0,0.0,0.0,984.300018310547,no_change,,0.0,0.0
SPXW,2026-09-03,13,Put,6675.0,SPXW260903P06675000,0.8,0.9,0.8500000000000001,1.9,0.0,0.0,0.0,7.0,0.3014,-0.0067,0.0,0.2888,-0.277,-0.0152,0.922,0.0,0.0,0.0,1.77500003576279,down,2026-08-18T15:02:14,0.0,0.0
SPXW,2026-09-03,13,Call,6700.0,SPXW260903C06700000,968.1,991.8,979.95,0.0,0.0,0.0,0.0,2.0,0.2812,0.9928,0.0,0.3034,-0.2861,1.9995,978.7803,0.0,0.0,0.0,960.100006103516,no_change,,0.0,0.0
SPXW,2026-09-03,13,Put,6700.0,SPXW260903P06700000,0.85,0.95,0.8999999999999999,0.9,-0.975,-52.0,1.0,146.0,0.2961,-0.0071,0.0,0.3036,-0.2862,-0.0161,0.9625,0.9,0.9,0.9,1.875,down,2026-08-21T15:50:39,0.0,0.0
SPXW,2026-09-03,13,Call,6725.0,SPXW260903C06725000,946.4,966.8,956.5999999999999,897.0,0.0,0.0,0.0,1.0,0.2725,0.9923,0.0,0.3194,-0.2958,2.0061,953.856,0.0,0.0,0.0,934.600006103516,up,2026-08-03T13:59:12,0.0,0.0
SPXW,2026-09-03,13,Put,6725.0,SPXW260903P06725000,0.9,1.0,0.95,1.0,-0.975,-49.3671,2.0,552.0,0.2907,-0.0075,0.0,0.3195,-0.2959,-0.017,1.0055,1.2,1.2,1.0,1.97499996423721,down,2026-08-21T15:53:16,0.0,0.0
SPXW,2026-09-03,13,Call,6750.0,SPXW260903C06750000,921.5,941.9,931.7,0.0,0.0,0.0,0.0,0.0,0.269,0.9919,0.0,0.3365,-0.3059,2.0126,928.9345,0.0,0.0,0.0,909.950012207031,no_change,,0.0,0.0
SPXW,2026-09-03,13,Put,6750.0,SPXW260903P06750000,0.95,1.05,1.0,1.25,-0.825,-39.759,2.0,36.0,0.2851,-0.008,0.0,0.3367,-0.306,-0.018,1.0511,1.25,1.25,1.25,2.07500004768372,down,2026-08-21T11:06:49,0.0,0.0
SPXW,2026-09-03,13,Call,6775.0,SPXW260903C06775000,896.6,917.0,906.8,0.0,0.0,0.0,0.0,0.0,0.2651,0.9914,0.0001,0.3549,-0.3165,2.019,904.0161,0.0,0.0,0.0,884.899993896484,no_change,,0.0,0.0
SPXW,2026-09-03,13,Put,6775.0,SPXW260903P06775000,1.0,1.1,1.05,1.94,0.0,0.0,0.0,36.0,0.2795,-0.0084,0.0001,0.3551,-0.3166,-0.0192,1.0999,0.0,0.0,0.0,2.22500002384186,no_change,2026-08-20T09:45:22,0.0,0.0
SPXW,2026-09-03,13,Call,6800.0,SPXW260903C06800000,872.2,892.1,882.1500000000001,0.0,0.0,0.0,0.0,2.0,0.2609,0.9909,0.0001,0.3745,-0.3278,2.0253,879.1013,0.0,0.0,0.0,860.100006103516,no_change,,0.0,0.0
SPXW,2026-09-03,13,Put,6800.0,SPXW260903P06800000,1.05,1.15,1.1,1.27,-1.08,-45.9574,1.0,35.0,0.2737,-0.009,0.0001,0.3748,-0.3279,-0.0204,1.1523,1.27,1.27,1.27,2.35000002384186,down,2026-08-21T11:41:28,0.0,0.0
SPXW,2026-09-03,13,Call,6825.0,SPXW260903C06825000,843.6,867.2,855.4000000000001,0.0,0.0,0.0,0.0,0.0,0.2564,0.9903,0.0001,0.3956,-0.3397,2.0315,854.1906,0.0,0.0,0.0,835.25,no_change,,0.0,0.0
SPXW,2026-09-03,13,Put,6825.0,SPXW260903P06825000,1.1,1.25,1.175,1.1,-1.375,-55.5556,2.0,234.0,0.2685,-0.0095,0.0001,0.3958,-0.3398,-0.0217,1.2088,1.18,1.18,1.1,2.47500002384186,down,2026-08-21T15:59:56,0.0,0.0
SPXW,2026-09-03,13,Call,6850.0,SPXW260903C06850000,818.5,842.3,830.4,0.0,0.0,0.0,0.0,0.0,0.2517,0.9897,0.0001,0.4182,-0.3524,2.0376,829.2846,0.0,0.0,0.0,810.450012207031,no_change,,0.0,0.0
SPXW,2026-09-03,13,Put,6850.0,SPXW260903P06850000,1.15,1.3,1.225,2.6,0.0,0.0,0.0,54.0,0.2625,-0.0102,0.0001,0.4185,-0.3525,-0.0231,1.2701,0.0,0.0,0.0,2.625,up,2026-08-20T11:51:02,0.0,0.0
SPXW,2026-09-03,13,Call,6875.0,SPXW260903C06875000,797.4,817.4,807.4,0.0,0.0,0.0,0.0,0.0,0.2467,0.989,0.0001,0.4428,-0.366,2.0436,804.3841,0.0,0.0,0.0,786.149993896484,no_change,,0.0,0.0
SPXW,2026-09-03,13,Put,6875.0,SPXW260903P06875000,1.25,1.35,1.3,1.33,-1.495,-52.9204,1.0,639.0,0.2571,-0.0108,0.0001,0.4431,-0.3661,-0.0247,1.3367,1.33,1.33,1.33,2.82500004768372,down,2026-08-21T15:52:53,0.0,0.0
SPXW,2026-09-03,13,Call,6900.0,SPXW260903C06900000,768.8,792.5,780.65,0.0,0.0,0.0,0.0,0.0,0.2416,0.9882,0.0001,0.4697,-0.3806,2.0494,779.4897,0.0,0.0,0.0,760.899993896484,no_change,,0.0,0.0
SPXW,2026-09-03,13,Put,6900.0,SPXW260903P06900000,1.35,1.45,1.4,1.44,-1.585,-52.3967,7.0,276.0,0.2514,-0.0116,0.0001,0.47,-0.3808,-0.0264,1.4096,1.7,1.7,1.37,3.02499997615814,up,2026-08-21T15:53:16,0.0,0.0
SPXW,2026-09-03,13,Call,6925.0,SPXW260903C06925000,748.3,767.6,757.95,0.0,0.0,0.0,0.0,0.0,0.2362,0.9874,0.0001,0.4993,-0.3964,2.055,754.6026,0.0,0.0,0.0,736.149993896484,no_change,,0.0,0.0
SPXW,2026-09-03,13,Put,6925.0,SPXW260903P06925000,1.4,1.55,1.475,2.83,0.0,0.0,0.0,76.0,0.2462,-0.0124,0.0001,0.4996,-0.3966,-0.0283,1.4898,0.0,0.0,0.0,3.19999992847443,no_change,2026-08-20T12:37:54,0.0,0.0
SPXW,2026-09-03,13,Call,6950.0,SPXW260903C06950000,719.8,742.8,731.3,0.0,0.0,0.0,0.0,0.0,0.2332,0.9865,0.0001,0.532,-0.4136,2.0604,729.7241,0.0,0.0,0.0,711.700012207031,no_change,,0.0,0.0
SPXW,2026-09-03,13,Put,6950.0,SPXW260903P06950000,1.5,1.65,1.575,1.61,-1.79,-52.6471,7.0,219.0,0.2408,-0.0134,0.0001,0.5324,-0.4138,-0.0304,1.5785,2.0,2.0,1.61,3.39999997615814,down,2026-08-21T15:53:16,0.0,0.0
SPXW,2026-09-03,13,Call,6975.0,SPXW260903C06975000,694.2,717.9,706.05,0.0,0.0,0.0,0.0,0.0,0.2274,0.9854,0.0001,0.5679,-0.4323,2.0655,704.8559,0.0,0.0,0.0,687.349975585938,no_change,,0.0,0.0
SPXW,2026-09-03,13,Put,6975.0,SPXW260903P06975000,1.65,1.75,1.7,1.75,-1.95,-52.7027,2.0,594.0,0.2357,-0.0144,0.0001,0.5684,-0.4325,-0.0328,1.6776,2.0,2.0,1.75,3.69999992847443,down,2026-08-21T15:53:16,0.0,0.0
SPXW,2026-09-03,13,Call,7000.0,SPXW260903C07000000,670.6,693.1,681.85,814.75,0.0,0.0,0.0,1.0,0.2214,0.9843,0.0001,0.6074,-0.453,2.0703,680.0,0.0,0.0,0.0,662.0,no_change,2026-08-14T09:50:08,0.0,0.0
SPXW,2026-09-03,13,Put,7000.0,SPXW260903P07000000,1.75,1.85,1.8,2.12,-1.78,-45.641,1.0,52.0,0.2305,-0.0156,0.0001,0.6073,-0.453,-0.0355,1.7875,2.12,2.12,2.12,3.89999997615814,down,2026-08-21T11:41:28,0.0,0.0
SPXW,2026-09-03,13,Call,7025.0,SPXW260903C07025000,644.4,668.2,656.3,0.0,0.0,0.0,0.0,0.0,0.2174,0.983,0.0001,0.651,-0.4759,2.0748,655.1587,0.0,0.0,0.0,637.300018310547,no_change,,0.0,0.0
SPXW,2026-09-03,13,Put,7025.0,SPXW260903P07025000,1.9,2.0,1.95,1.97,-2.23,-53.0952,1.0,550.0,0.2249,-0.0169,0.0001,0.651,-0.4759,-0.0386,1.9135,1.97,1.97,1.97,4.20000004768372,down,2026-08-21T15:54:15,0.0,0.0
SPXW,2026-09-03,13,Call,7050.0,SPXW260903C07050000,619.8,643.4,631.5999999999999,765.55,0.0,0.0,0.0,0.0,0.2129,0.9814,0.0001,0.6999,-0.5013,2.0789,630.3347,0.0,0.0,0.0,612.699981689453,no_change,2026-08-14T09:50:08,0.0,0.0
SPXW,2026-09-03,13,Put,7050.0,SPXW260903P07050000,2.0,2.15,2.075,4.3,0.0,0.0,0.0,66.0,0.2191,-0.0184,0.0001,0.6999,-0.5013,-0.042,2.0567,0.0,0.0,0.0,4.59999990463257,up,2026-08-20T11:51:49,0.0,0.0
SPXW,2026-09-03,13,Call,7075.0,SPXW260903C07075000,595.0,618.6,606.8,0.0,0.0,0.0,0.0,0.0,0.208,0.9797,0.0002,0.7552,-0.5296,2.0825,605.5313,0.0,0.0,0.0,588.100006103516,no_change,,0.0,0.0
SPXW,2026-09-03,13,Put,7075.0,SPXW260903P07075000,2.2,2.3,2.25,2.32,-2.58,-52.6531,4.0,46.0,0.2143,-0.0201,0.0002,0.7552,-0.5296,-0.0459,2.2204,2.67,2.67,2.32,4.90000009536743,down,2026-08-21T15:44:08,0.0,0.0
SPXW,2026-09-03,13,Call,7100.0,SPXW260903C07100000,570.0,591.9,580.95,616.9,0.0,0.0,0.0,3.0,0.2029,0.9778,0.0002,0.8176,-0.5614,2.0854,580.7527,0.0,0.0,0.0,563.900024414062,up,2026-08-04T11:01:52,0.0,0.0
SPXW,2026-09-03,13,Put,7100.0,SPXW260903P07100000,2.4,2.5,2.45,2.47,-2.83,-53.3962,4.0,1545.0,0.2091,-0.0221,0.0002,0.8176,-0.5614,-0.0504,2.409,2.9,2.9,2.47,5.29999995231628,down,2026-08-21T15:54:15,0.0,0.0
SPXW,2026-09-03,13,Call,7125.0,SPXW260903C07125000,550.1,568.0,559.05,384.7,0.0,0.0,0.0,1.0,0.1988,0.9755,0.0002,0.8873,-0.5972,2.0876,556.0044,0.0,0.0,0.0,539.200012207031,up,2026-07-30T15:35:23,0.0,0.0
SPXW,2026-09-03,13,Put,7125.0,SPXW260903P07125000,2.6,2.75,2.675,2.65,-3.15,-54.3103,26.0,240.0,0.2036,-0.0244,0.0002,0.8873,-0.5972,-0.0558,2.6278,3.5,3.5,2.65,5.79999995231628,down,2026-08-21T15:59:21,0.0,0.0
SPXW,2026-09-03,13,Call,7150.0,SPXW260903C07150000,521.8,543.9,532.8499999999999,0.0,0.0,0.0,0.0,0.0,0.193,0.9728,0.0002,0.9656,-0.6375,2.0891,531.2924,0.0,0.0,0.0,514.550003051758,no_change,,0.0,0.0
SPXW,2026-09-03,13,Put,7150.0,SPXW260903P07150000,2.8,3.0,2.9,3.5,-2.8,-44.4444,3.0,286.0,0.1987,-0.027,0.0002,0.9656,-0.6375,-0.0618,2.883,3.5,3.5,3.5,6.29999995231628,no_change,2026-08-21T11:06:11,0.0,0.0
SPXW,2026-09-03,13,Call,7175.0,SPXW260903C07175000,500.4,519.7,510.05,517.87,0.0,0.0,0.0,5.0,0.1892,0.9698,0.0002,1.0551,-0.683,2.0896,506.6236,0.0,0.0,0.0,490.350006103516,down,2026-08-20T10:22:11,0.0,0.0
SPXW,2026-09-03,13,Put,7175.0,SPXW260903P07175000,3.1,3.3,3.2,3.2,-3.7,-53.6232,1.0,551.0,0.1934,-0.0301,0.0002,1.0551,-0.683,-0.0689,3.1813,3.2,3.2,3.2,6.90000009536743,down,2026-08-21T15:54:34,0.0,0.0
SPXW,2026-09-03,13,Call,7190.0,SPXW260903C07190000,481.2,504.9,493.04999999999995,0.0,0.0,0.0,0.0,0.0,0.1862,0.9677,0.0003,1.1149,-0.713,2.0893,491.8465,0.0,0.0,0.0,0.0,no_change,,0.0,0.0
SPXW,2026-09-03,13,Put,7190.0,SPXW260903P07190000,3.3,3.5,3.4,0.0,0.0,0.0,0.0,0.0,0.1904,-0.0322,0.0003,1.1149,-0.713,-0.0737,3.3846,0.0,0.0,0.0,0.0,no_change,,0.0,0.0
SPXW,2026-09-03,13,Call,7200.0,SPXW260903C07200000,471.2,493.5,482.35,294.33,0.0,0.0,0.0,3.0,0.1838,0.9662,0.0003,1.1573,-0.7342,2.0888,482.0066,0.0,0.0,0.0,465.949996948242,up,2026-07-30T09:57:06,0.0,0.0
SPXW,2026-09-03,13,Put,7200.0,SPXW260903P07200000,3.4,3.6,3.5,3.5,-4.1,-53.9474,10.0,422.0,0.188,-0.0337,0.0003,1.1573,-0.7342,-0.0772,3.5315,4.3,4.3,3.4,7.59999990463257,down,2026-08-21T15:58:03,0.0,0.0
SPXW,2026-09-03,13,Call,7210.0,SPXW260903C07210000,461.4,483.5,472.45,0.0,0.0,0.0,0.0,0.0,0.1824,0.9646,0.0003,1.2016,-0.7565,2.088,472.1769,0.0,0.0,0.0,0.0,no_change,,0.0,0.0
SPXW,2026-09-03,13,Put,7210.0,SPXW260903P07210000,3.6,3.8,3.7,0.0,0.0,0.0,0.0,0.0,0.1864,-0.0353,0.0003,1.2016,-0.7565,-0.0809,3.6887,0.0,0.0,0.0,0.0,no_change,,0.0,0.0
SPXW,2026-09-03,13,Call,7220.0,SPXW260903C07220000,452.0,474.6,463.3,0.0,0.0,0.0,0.0,0.0,0.1808,0.9628,0.0003,1.2478,-0.7799,2.087,462.358,0.0,0.0,0.0,0.0,no_change,,0.0,0.0
SPXW,2026-09-03,13,Put,7220.0,SPXW260903P07220000,3.7,3.9,3.8,0.0,0.0,0.0,0.0,0.0,0.1839,-0.037,0.0003,1.2478,-0.7799,-0.0849,3.8567,0.0,0.0,0.0,0.0,no_change,,0.0,0.0
SPXW,2026-09-03,13,Call,7225.0,SPXW260903C07225000,447.1,469.5,458.3,279.5,0.0,0.0,0.0,6.0,0.18,0.9619,0.0003,1.2718,-0.7921,2.0864,457.4529,0.0,0.0,0.0,441.649993896484,down,2026-07-28T09:48:53,0.0,0.0
SPXW,2026-09-03,13,Put,7225.0,SPXW260903P07225000,3.8,4.0,3.9,4.7,-3.65,-43.7126,1.0,110.0,0.1831,-0.0379,0.0003,1.2718,-0.7921,-0.087,3.945,4.7,4.7,4.7,8.34999990463257,down,2026-08-21T11:06:11,0.0,0.0
SPXW,2026-09-03,13,Call,7230.0,SPXW260903C07230000,446.8,465.6,456.20000000000005,0.0,0.0,0.0,0.0,0.0,0.1791,0.961,0.0003,1.2963,-0.8045,2.0858,452.5509,0.0,0.0,0.0,0.0,no_change,,0.0,0.0
SPXW,2026-09-03,13,Put,7230.0,SPXW260903P07230000,3.9,4.1,4.0,0.0,0.0,0.0,0.0,0.0,0.1822,-0.0388,0.0003,1.2963,-0.8045,-0.0892,4.0363,0.0,0.0,0.0,0.0,no_change,,0.0,0.0
SPXW,2026-09-03,13,Call,7240.0,SPXW260903C07240000,432.6,455.0,443.8,0.0,0.0,0.0,0.0,0.0,0.1773,0.9591,0.0003,1.3473,-0.8302,2.0844,442.7561,0.0,0.0,0.0,0.0,no_change,,0.0,0.0
SPXW,2026-09-03,13,Put,7240.0,SPXW260903P07240000,4.1,4.3,4.199999999999999,0.0,0.0,0.0,0.0,0.0,0.1804,-0.0408,0.0003,1.3473,-0.8302,-0.0936,4.2285,0.0,0.0,0.0,0.0,no_change,,0.0,0.0
SPXW,2026-09-03,13,Call,7250.0,SPXW260903C07250000,422.9,445.0,433.95,472.37,0.0,0.0,0.0,17.0,0.1754,0.957,0.0004,1.4011,-0.8571,2.0826,432.9747,0.0,0.0,0.0,417.550003051758,up,2026-08-18T12:12:14,0.0,0.0
SPXW,2026-09-03,13,Put,7250.0,SPXW260903P07250000,4.3,4.5,4.4,4.4,-4.8,-52.1739,34.0,282.0,0.1789,-0.0428,0.0004,1.4011,-0.8571,-0.0984,4.4339,5.8,5.9,4.4,9.2000002861023,down,2026-08-21T15:54:34,0.0,0.0
SPXW,2026-09-03,13,Call,7260.0,SPXW260903C07260000,412.4,435.5,423.95,0.0,0.0,0.0,0.0,0.0,0.1734,0.9548,0.0004,1.4581,-0.8853,2.0806,423.2074,0.0,0.0,0.0,0.0,no_change,,0.0,0.0
SPXW,2026-09-03,13,Put,7260.0,SPXW260903P07260000,4.5,4.7,4.6,0.0,0.0,0.0,0.0,0.0,0.1765,-0.0451,0.0004,1.4581,-0.8853,-0.1034,4.6535,0.0,0.0,0.0,0.0,no_change,,0.0,0.0
SPXW,2026-09-03,13,Call,7270.0,SPXW260903C07270000,402.6,424.6,413.6,0.0,0.0,0.0,0.0,0.0,0.1714,0.9524,0.0004,1.5181,-0.9147,2.0781,413.4555,0.0,0.0,0.0,0.0,no_change,,0.0,0.0
SPXW,2026-09-03,13,Put,7270.0,SPXW260903P07270000,4.7,4.9,4.800000000000001,0.0,0.0,0.0,0.0,0.0,0.1748,-0.0474,0.0004,1.5181,-0.9147,-0.1089,4.8884,0.0,0.0,0.0,0.0,no_change,,0.0,0.0
SPXW,2026-09-03,13,Call,7275.0,SPXW260903C07275000,401.6,421.5,411.55,421.2,0.0,0.0,0.0,30.0,0.1711,0.9512,0.0004,1.5492,-0.93,2.0767,408.5857,0.0,0.0,0.0,393.599990844727,down,2026-08-20T10:22:11,0.0,0.0
SPXW,2026-09-03,13,Put,7275.0,SPXW260903P07275000,4.8,5.0,4.9,4.92,-5.33,-52.0,55.0,52.0,0.1741,-0.0487,0.0004,1.5492,-0.93,-0.1118,5.012,7.25,7.25,4.92,10.25,no_change,2026-08-21T16:14:08,0.0,0.0
SPXW,2026-09-03,13,Call,7280.0,SPXW260903C07280000,393.0,416.7,404.85,0.0,0.0,0.0,0.0,0.0,0.17,0.9499,0.0004,1.581,-0.9455,2.0752,403.7202,0.0,0.0,0.0,0.0,no_change,,0.0,0.0
SPXW,2026-09-03,13,Put,7280.0,SPXW260903P07280000,4.9,5.2,5.050000000000001,0.0,0.0,0.0,0.0,0.0,0.1726,-0.0499,0.0004,1.581,-0.9455,-0.1148,5.14,0.0,0.0,0.0,0.0,no_change,,0.0,0.0
SPXW,2026-09-03,13,Call,7290.0,SPXW260903C07290000,387.6,406.9,397.25,0.0,0.0,0.0,0.0,0.0,0.1684,0.9472,0.0004,1.6464,-0.9776,2.0719,394.003,0.0,0.0,0.0,379.400009155273,no_change,,0.0,0.0
SPXW,2026-09-03,13,Put,7290.0,SPXW260903P07290000,5.2,5.4,5.300000000000001,8.08,0.0,0.0,0.0,32.0,0.1711,-0.0526,0.0004,1.6464,-0.9776,-0.1211,5.4096,0.0,0.0,0.0,10.9000000953674,no_change,2026-08-14T10:34:18,0.0,0.0
SPXW,2026-09-03,13,Call,7300.0,SPXW260903C07300000,374.1,396.0,385.05,384.96,0.0,0.0,0.0,5.0,0.1668,0.9444,0.0004,1.7146,-1.0112,2.0682,384.3052,0.0,0.0,0.0,370.199996948242,up,2026-08-20T13:51:34,0.0,0.0
SPXW,2026-09-03,13,Put,7300.0,SPXW260903P07300000,5.5,5.7,5.6,5.56,-5.84,-51.2281,55.0,191.0,0.1697,-0.0555,0.0004,1.7146,-1.0112,-0.1278,5.6987,7.37,7.37,5.56,11.4000000953674,no_change,2026-08-21T16:14:08,0.0,0.0
SPXW,2026-09-03,13,Call,7310.0,SPXW260903C07310000,368.2,387.5,377.85,495.89,0.0,0.0,0.0,1.0,0.165,0.9413,0.0005,1.7858,-1.0462,2.0641,374.628,0.0,0.0,0.0,360.699996948242,up,2026-08-13T12:44:03,0.0,0.0
SPXW,2026-09-03,13,Put,7310.0,SPXW260903P07310000,5.7,6.0,5.85,6.1,-5.8,-48.7395,2.0,27.0,0.1676,-0.0586,0.0005,1.7858,-1.0462,-0.1349,6.0084,6.4,6.4,6.1,11.9000000953674,down,2026-08-21T15:31:49,0.0,0.0
SPXW,2026-09-03,13,Call,7320.0,SPXW260903C07320000,357.8,376.8,367.3,468.37,0.0,0.0,0.0,3.0,0.1631,0.938,0.0005,1.8607,-1.0826,2.0596,364.9728,0.0,0.0,0.0,351.600006103516,up,2026-08-07T11:51:49,0.0,0.0
SPXW,2026-09-03,13,Put,7320.0,SPXW260903P07320000,6.1,6.3,6.199999999999999,8.58,-3.87,-31.0843,1.0,171.0,0.1656,-0.0618,0.0005,1.8607,-1.0826,-0.1424,6.34,8.58,8.58,8.58,12.4500002861023,down,2026-08-21T10:38:51,0.0,0.0
SPXW,2026-09-03,13,Call,7325.0,SPXW260903C07325000,354.2,373.0,363.6,324.9,0.0,0.0,0.0,6.0,0.1624,0.9363,0.0005,1.8997,-1.1013,2.0572,360.1539,0.0,0.0,0.0,345.700012207031,up,2026-08-03T13:24:53,0.0,0.0
SPXW,2026-09-03,13,Put,7325.0,SPXW260903P07325000,6.2,6.5,6.35,12.27,0.0,0.0,0.0,14.0,0.1649,-0.0636,0.0005,1.8997,-1.1013,-0.1463,6.5146,0.0,0.0,0.0,12.75,up,2026-08-20T14:09:25,0.0,0.0
SPXW,2026-09-03,13,Call,7330.0,SPXW260903C07330000,347.7,366.8,357.25,0.0,0.0,0.0,0.0,0.0,0.1616,0.9345,0.0005,1.9397,-1.1204,2.0546,355.341,0.0,0.0,0.0,341.0,no_change,,0.0,0.0
SPXW,2026-09-03,13,Put,7330.0,SPXW260903P07330000,6.4,6.7,6.550000000000001,13.18,0.0,0.0,0.0,116.0,0.1639,-0.0653,0.0005,1.9396,-1.1204,-0.1504,6.6948,0.0,0.0,0.0,13.0499997138977,down,2026-08-20T16:14:09,0.0,0.0
SPXW,2026-09-03,13,Call,7340.0,SPXW260903C07340000,335.3,357.5,346.4,346.98,0.0,0.0,0.0,31.0,0.1601,0.9308,0.0006,2.0227,-1.1597,2.049,345.7346,0.0,0.0,0.0,331.600006103516,up,2026-08-20T13:51:34,0.0,0.0
SPXW,2026-09-03,13,Put,7340.0,SPXW260903P07340000,6.8,7.0,6.9,7.4,-6.25,-45.7875,28.0,33.0,0.162,-0.069,0.0006,2.0227,-1.1597,-0.1591,7.0756,9.53,9.53,7.4,13.6500000953674,down,2026-08-21T11:50:17,0.0,0.0
SPXW,2026-09-03,13,Call,7345.0,SPXW260903C07345000,334.9,352.1,343.5,0.0,0.0,0.0,0.0,0.0,0.1592,0.9288,0.0006,2.0655,-1.1799,2.0459,340.9416,0.0,0.0,0.0,0.0,no_change,,0.0,0.0
SPXW,2026-09-03,13,Put,7345.0,SPXW260903P07345000,7.0,7.2,7.1,8.97,8.97,0.0,25.0,0.0,0.1611,-0.071,0.0006,2.0655,-1.1799,-0.1636,7.276,8.97,8.97,8.97,0.0,no_change,2026-08-21T10:54:52,0.0,0.0
SPXW,2026-09-03,13,Call,7350.0,SPXW260903C07350000,325.2,347.9,336.54999999999995,315.55,0.0,0.0,0.0,37.0,0.1583,0.9268,0.0006,2.1091,-1.2005,2.0427,336.1558,0.0,0.0,0.0,322.25,no_change,2026-08-20T15:58:01,0.0,0.0
SPXW,2026-09-03,13,Put,7350.0,SPXW260903P07350000,7.2,7.4,7.300000000000001,8.3,-5.95,-41.7544,20.0,150.0,0.1602,-0.073,0.0006,2.1091,-1.2005,-0.1684,7.4837,9.22,10.14,8.0,14.25,up,2026-08-21T13:36:44,0.0,0.0
SPXW,2026-09-03,13,Call,7355.0,SPXW260903C07355000,320.5,343.2,331.85,0.0,0.0,0.0,0.0,0.0,0.1574,0.9248,0.0006,2.1534,-1.2214,2.0392,331.3775,0.0,0.0,0.0,0.0,no_change,,0.0,0.0
SPXW,2026-09-03,13,Put,7355.0,SPXW260903P07355000,7.4,7.7,7.550000000000001,8.33,8.33,0.0,1.0,0.0,0.1598,-0.0751,0.0006,2.1533,-1.2214,-0.1733,7.6983,8.33,8.33,8.33,0.0,up,2026-08-21T12:58:13,0.0,0.0
SPXW,2026-09-03,13,Call,7360.0,SPXW260903C07360000,319.4,338.4,328.9,228.27,0.0,0.0,0.0,5.0,0.157,0.9226,0.0006,2.1984,-1.2427,2.0357,326.6069,0.0,0.0,0.0,313.0,up,2026-07-31T15:23:24,0.0,0.0
SPXW,2026-09-03,13,Put,7360.0,SPXW260903P07360000,7.6,7.9,7.75,12.52,0.0,0.0,0.0,64.0,0.1589,-0.0773,0.0006,2.1984,-1.2427,-0.1784,7.9216,0.0,0.0,0.0,14.9500002861023,up,2026-08-20T13:15:40,0.0,0.0
SPXW,2026-09-03,13,Call,7365.0,SPXW260903C07365000,311.4,333.3,322.35,0.0,0.0,0.0,0.0,0.0,0.156,0.9204,0.0006,2.2442,-1.2644,2.032,321.8443,0.0,0.0,0.0,0.0,no_change,,0.0,0.0
SPXW,2026-09-03,13,Put,7365.0,SPXW260903P07365000,7.8,8.1,7.949999999999999,0.0,0.0,0.0,0.0,0.0,0.1579,-0.0795,0.0006,2.2442,-1.2644,-0.1836,8.1524,0.0,0.0,0.0,0.0,no_change,,0.0,0.0
SPXW,2026-09-03,13,Call,7370.0,SPXW260903C07370000,310.8,329.9,320.35,317.86,0.0,0.0,0.0,1.0,0.1554,0.9181,0.0007,2.2909,-1.2865,2.0281,317.0899,0.0,0.0,0.0,303.699996948242,down,2026-08-20T13:57:17,0.0,0.0
SPXW,2026-09-03,13,Put,7370.0,SPXW260903P07370000,8.1,8.3,8.2,8.6,-7.05,-45.0479,1.0,43.0,0.1573,-0.0818,0.0007,2.2908,-1.2865,-0.189,8.391,8.6,8.6,8.6,15.6500000953674,down,2026-08-21T11:50:17,0.0,0.0
SPXW,2026-09-03,13,Call,7375.0,SPXW260903C07375000,306.3,323.4,314.85,0.0,0.0,0.0,0.0,0.0,0.1544,0.9157,0.0007,2.3386,-1.3089,2.0241,312.344,0.0,0.0,0.0,299.100006103516,no_change,,0.0,0.0
SPXW,2026-09-03,13,Put,7375.0,SPXW260903P07375000,8.3,8.6,8.45,9.2,-6.85,-42.6791,7.0,188.0,0.1562,-0.0842,0.0007,2.3386,-1.3089,-0.1945,8.639,10.9,10.9,9.2,16.0500001907349,down,2026-08-21T12:46:01,0.0,0.0
SPXW,2026-09-03,13,Call,7380.0,SPXW260903C07380000,300.5,319.5,310.0,313.44,18.94,6.43124,1.0,8.0,0.1538,0.9132,0.0007,2.3874,-1.3317,2.02,307.6069,313.44,313.44,313.44,294.5,down,2026-08-21T12:56:43,0.0,0.0
SPXW,2026-09-03,13,Put,7380.0,SPXW260903P07380000,8.6,8.8,8.7,9.71,-6.74,-40.9726,19.0,116.0,0.1556,-0.0866,0.0007,2.3874,-1.3317,-0.2001,8.8953,10.84,11.88,9.45,16.4499998092651,up,2026-08-21T13:36:44,0.0,0.0
SPXW,2026-09-03,13,Call,7385.0,SPXW260903C07385000,292.4,314.4,303.4,0.0,0.0,0.0,0.0,0.0,0.1531,0.9107,0.0007,2.4375,-1.3548,2.0157,302.8788,0.0,0.0,0.0,0.0,no_change,,0.0,0.0
SPXW,2026-09-03,13,Put,7385.0,SPXW260903P07385000,8.8,9.1,8.95,9.08,9.08,0.0,3.0,0.0,0.1545,-0.0892,0.0007,2.4375,-1.3548,-0.2059,9.1607,8.9,9.08,8.9,0.0,up,2026-08-21T15:55:33,0.0,0.0
SPXW,2026-09-03,13,Call,7390.0,SPXW260903C07390000,287.7,309.4,298.54999999999995,0.0,0.0,0.0,0.0,0.0,0.1519,0.9081,0.0007,2.4888,-1.3783,2.0111,298.1601,0.0,0.0,0.0,285.300003051758,no_change,,0.0,0.0
SPXW,2026-09-03,13,Put,7390.0,SPXW260903P07390000,9.1,9.4,9.25,14.85,0.0,0.0,0.0,52.0,0.1538,-0.0918,0.0007,2.4888,-1.3783,-0.212,9.4354,0.0,0.0,0.0,17.25,down,2026-08-20T11:54:54,0.0,0.0
SPXW,2026-09-03,13,Call,7395.0,SPXW260903C07395000,283.0,305.3,294.15,0.0,0.0,0.0,0.0,0.0,0.1512,0.9054,0.0008,2.5413,-1.4021,2.0064,293.4513,0.0,0.0,0.0,0.0,no_change,,0.0,0.0
SPXW,2026-09-03,13,Put,7395.0,SPXW260903P07395000,9.4,9.7,9.55,10.3,10.3,0.0,1.0,0.0,0.153,-0.0945,0.0008,2.5413,-1.4021,-0.2183,9.72,10.3,10.3,10.3,0.0,up,2026-08-21T13:15:22,0.0,0.0
SPXW,2026-09-03,13,Call,7400.0,SPXW260903C07400000,278.3,300.3,289.3,290.14,0.0,0.0,0.0,9.0,0.1506,0.9026,0.0008,2.5948,-1.4263,2.0013,288.7527,0.0,0.0,0.0,276.149993896484,down,2026-08-20T13:57:17,0.0,0.0
SPXW,2026-09-03,13,Put,7400.0,SPXW260903P07400000,9.7,10.0,9.85,10.6,-7.45,-41.2742,24.0,144.0,0.1522,-0.0973,0.0008,2.5948,-1.4263,-0.2248,10.0148,12.45,12.45,10.2,18.0500001907349,down,2026-08-21T13:15:22,0.0,0.0
SPXW,2026-09-03,13,Call,7405.0,SPXW260903C07405000,282.3,287.9,285.1,0.0,0.0,0.0,0.0,0.0,0.15,0.8997,0.0008,2.6491,-1.4508,1.996,284.0644,0.0,0.0,0.0,0.0,no_change,,0.0,0.0
SPXW,2026-09-03,13,Put,7405.0,SPXW260903P07405000,10.0,10.3,10.15,11.9,11.9,0.0,1.0,0.0,0.1513,-0.1002,0.0008,2.6492,-1.4508,-0.2316,10.3204,11.9,11.9,11.9,0.0,up,2026-08-21T10:58:13,0.0,0.0
SPXW,2026-09-03,13,Call,7410.0,SPXW260903C07410000,277.2,283.2,280.2,286.08,18.98,7.10595,1.0,1.0,0.1491,0.8967,0.0008,2.7041,-1.4756,1.9904,279.3877,286.08,286.08,286.08,267.100006103516,up,2026-08-21T12:56:43,0.0,0.0
SPXW,2026-09-03,13,Put,7410.0,SPXW260903P07410000,10.3,10.6,10.45,10.5,-8.45,-44.591,1.0,99.0,0.1504,-0.1031,0.0008,2.7042,-1.4756,-0.2387,10.6372,10.5,10.5,10.5,18.9499998092651,down,2026-08-21T15:31:49,0.0,0.0
SPXW,2026-09-03,13,Call,7415.0,SPXW260903C07415000,272.9,278.5,275.7,0.0,0.0,0.0,0.0,0.0,0.1481,0.8936,0.0008,2.7599,-1.5007,1.9847,274.7227,0.0,0.0,0.0,0.0,no_change,,0.0,0.0
SPXW,2026-09-03,13,Put,7415.0,SPXW260903P07415000,10.6,10.9,10.75,0.0,0.0,0.0,0.0,0.0,0.1499,-0.1062,0.0008,2.7599,-1.5007,-0.246,10.9651,0.0,0.0,0.0,0.0,no_change,,0.0,0.0
SPXW,2026-09-03,13,Call,7420.0,SPXW260903C07420000,268.3,273.8,271.05,0.0,0.0,0.0,0.0,0.0,0.1475,0.8904,0.0009,2.8163,-1.5262,1.9787,270.0697,0.0,0.0,0.0,258.049995422363,no_change,,0.0,0.0
SPXW,2026-09-03,13,Put,7420.0,SPXW260903P07420000,11.0,11.3,11.15,11.35,-8.6,-43.1078,23.0,39.0,0.1489,-0.1094,0.0009,2.8164,-1.5262,-0.2534,11.3061,12.95,12.95,11.35,19.9499998092651,no_change,2026-08-21T15:23:44,0.0,0.0
SPXW,2026-09-03,13,Call,7425.0,SPXW260903C07425000,263.6,269.2,266.4,300.33,0.0,0.0,0.0,26.0,0.1469,0.8872,0.0009,2.8735,-1.552,1.9725,265.4291,0.0,0.0,0.0,253.599998474121,down,2026-08-18T10:12:17,0.0,0.0
SPXW,2026-09-03,13,Put,7425.0,SPXW260903P07425000,11.3,11.6,11.45,12.6,-7.85,-38.3863,10.0,73.0,0.1483,-0.1127,0.0009,2.8735,-1.552,-0.2611,11.6584,11.97,12.6,11.97,20.4499998092651,up,2026-08-21T14:11:41,0.0,0.0
SPXW,2026-09-03,13,Call,7430.0,SPXW260903C07430000,259.0,264.5,261.75,295.73,0.0,0.0,0.0,6.0,0.1459,0.8838,0.0009,2.9318,-1.5781,1.9662,260.8014,0.0,0.0,0.0,249.099998474121,down,2026-08-18T10:12:17,0.0,0.0
SPXW,2026-09-03,13,Put,7430.0,SPXW260903P07430000,11.7,12.0,11.85,12.6,-8.35,-39.8568,5.0,60.0,0.1476,-0.1161,0.0009,2.9318,-1.5781,-0.269,12.0241,12.6,12.6,12.6,20.9499998092651,down,2026-08-21T11:00:53,0.0,0.0
SPXW,2026-09-03,13,Call,7435.0,SPXW260903C07435000,254.0,259.9,256.95,0.0,0.0,0.0,0.0,0.0,0.1451,0.8802,0.0009,2.9912,-1.6044,1.9596,256.1868,0.0,0.0,0.0,0.0,no_change,,0.0,0.0
SPXW,2026-09-03,13,Put,7435.0,SPXW260903P07435000,12.1,12.3,12.2,0.0,0.0,0.0,0.0,0.0,0.1465,-0.1196,0.0009,2.9913,-1.6044,-0.277,12.4035,0.0,0.0,0.0,0.0,no_change,,0.0,0.0
SPXW,2026-09-03,13,Call,7440.0,SPXW260903C07440000,249.8,255.3,252.55,356.97,0.0,0.0,0.0,52.0,0.1443,0.8766,0.001,3.0519,-1.631,1.9528,251.5859,0.0,0.0,0.0,240.199996948242,up,2026-08-17T10:14:31,0.0,0.0
SPXW,2026-09-03,13,Put,7440.0,SPXW260903P07440000,12.5,12.7,12.6,21.98,0.0,0.0,0.0,67.0,0.1457,-0.1232,0.001,3.052,-1.631,-0.2854,12.796,0.0,0.0,0.0,22.0500001907349,down,2026-08-20T16:00:01,0.0,0.0
SPXW,2026-09-03,13,Call,7445.0,SPXW260903C07445000,245.2,250.7,247.95,0.0,0.0,0.0,0.0,0.0,0.1438,0.8729,0.001,3.114,-1.6579,1.9456,246.9992,0.0,0.0,0.0,0.0,no_change,,0.0,0.0
SPXW,2026-09-03,13,Put,7445.0,SPXW260903P07445000,12.9,13.2,13.05,13.39,13.39,0.0,9.0,0.0,0.145,-0.127,0.001,3.114,-1.6579,-0.294,13.2022,13.39,13.39,13.39,0.0,up,2026-08-21T12:17:39,0.0,0.0
SPXW,2026-09-03,13,Call,7450.0,SPXW260903C07450000,240.7,246.1,243.39999999999998,225.14,0.0,0.0,0.0,53.0,0.143,0.869,0.001,3.1771,-1.685,1.9381,242.4275,0.0,0.0,0.0,231.400001525879,no_change,2026-08-20T15:58:01,0.0,0.0
SPXW,2026-09-03,13,Put,7450.0,SPXW260903P07450000,13.3,13.6,13.45,12.8,-10.35,-44.7084,15.0,227.0,0.1443,-0.1308,0.001,3.1772,-1.685,-0.3031,13.6245,14.2,14.7,12.8,23.1499996185303,down,2026-08-21T15:44:01,0.0,0.0
SPXW,2026-09-03,13,Call,7455.0,SPXW260903C07455000,236.0,241.5,238.75,0.0,0.0,0.0,0.0,0.0,0.142,0.8651,0.001,3.2411,-1.7123,1.9302,237.8713,0.0,0.0,0.0,0.0,no_change,,0.0,0.0
SPXW,2026-09-03,13,Put,7455.0,SPXW260903P07455000,13.7,14.0,13.85,0.0,0.0,0.0,0.0,0.0,0.1434,-0.1348,0.001,3.2412,-1.7123,-0.3125,14.0618,0.0,0.0,0.0,0.0,no_change,,0.0,0.0
SPXW,2026-09-03,13,Call,7460.0,SPXW260903C07460000,231.6,237.0,234.3,239.21,0.0,0.0,0.0,5.0,0.1414,0.861,0.0011,3.3057,-1.7398,1.9219,233.3315,0.0,0.0,0.0,222.649993896484,down,2026-08-20T13:22:11,0.0,0.0
SPXW,2026-09-03,13,Put,7460.0,SPXW260903P07460000,14.2,14.5,14.35,14.81,-9.54,-39.1786,15.0,50.0,0.1425,-0.1389,0.0011,3.3058,-1.7398,-0.3222,14.5154,14.96,14.96,14.81,24.3500003814697,down,2026-08-21T14:54:44,0.0,0.0
SPXW,2026-09-03,13,Call,7465.0,SPXW260903C07465000,227.0,232.4,229.7,0.0,0.0,0.0,0.0,0.0,0.1407,0.8567,0.0011,3.3707,-1.7676,1.9134,228.8087,0.0,0.0,0.0,0.0,no_change,,0.0,0.0
SPXW,2026-09-03,13,Put,7465.0,SPXW260903P07465000,14.6,14.9,14.75,18.42,18.42,0.0,3.0,0.0,0.1418,-0.1431,0.0011,3.3708,-1.7675,-0.3323,14.986,18.42,18.42,18.42,0.0,no_change,2026-08-21T09:51:55,0.0,0.0
SPXW,2026-09-03,13,Call,7470.0,SPXW260903C07470000,222.5,227.9,225.2,124.92,0.0,0.0,0.0,3.0,0.1399,0.8523,0.0011,3.436,-1.7954,1.9046,224.3035,0.0,0.0,0.0,213.949996948242,up,2026-07-31T11:14:25,0.0,0.0
SPXW,2026-09-03,13,Put,7470.0,SPXW260903P07470000,15.1,15.4,15.25,14.65,-11.0,-42.885,9.0,53.0,0.1411,-0.1475,0.0011,3.436,-1.7954,-0.3426,15.4737,17.6,17.6,14.65,25.6499996185303,no_change,2026-08-21T15:50:57,0.0,0.0
SPXW,2026-09-03,13,Call,7475.0,SPXW260903C07475000,218.0,223.4,220.7,267.68,0.0,0.0,0.0,11.0,0.1391,0.8478,0.0012,3.5019,-1.8234,1.8955,219.8164,0.0,0.0,0.0,209.599998474121,up,2026-08-19T10:20:08,0.0,0.0
SPXW,2026-09-03,13,Put,7475.0,SPXW260903P07475000,15.6,15.9,15.75,16.67,-9.68,-36.7362,25.0,133.0,0.1402,-0.152,0.0012,3.502,-1.8234,-0.3532,15.9806,19.52,19.52,15.2,26.3500003814697,down,2026-08-21T14:47:30,0.0,0.0
SPXW,2026-09-03,13,Call,7480.0,SPXW260903C07480000,213.5,218.9,216.2,262.67,0.0,0.0,0.0,4.0,0.1382,0.8431,0.0012,3.5686,-1.8516,1.8862,215.3479,0.0,0.0,0.0,205.349998474121,down,2026-08-19T10:20:08,0.0,0.0
SPXW,2026-09-03,13,Put,7480.0,SPXW260903P07480000,16.1,16.4,16.25,26.63,0.0,0.0,0.0,46.0,0.1394,-0.1567,0.0012,3.5687,-1.8515,-0.364,16.5055,0.0,0.0,0.0,27.0500001907349,up,2026-08-20T15:09:49,0.0,0.0
SPXW,2026-09-03,13,Call,7485.0,SPXW260903C07485000,208.7,214.4,211.55,0.0,0.0,0.0,0.0,0.0,0.1348,0.8383,0.0012,3.6363,-1.8798,1.8766,210.8986,0.0,0.0,0.0,0.0,no_change,,0.0,0.0
SPXW,2026-09-03,13,Put,7485.0,SPXW260903P07485000,16.7,17.0,16.85,17.39,17.39,0.0,10.0,0.0,0.1386,-0.1615,0.0012,3.6364,-1.8797,-0.3751,17.0497,17.9,17.9,16.87,0.0,no_change,2026-08-21T14:01:24,0.0,0.0
SPXW,2026-09-03,13,Call,7490.0,SPXW260903C07490000,204.6,210.0,207.3,302.51,0.0,0.0,0.0,8.0,0.1369,0.8334,0.0012,3.7052,-1.908,1.8666,206.4693,0.0,0.0,0.0,196.800003051758,up,2026-08-10T14:13:25,0.0,0.0
SPXW,2026-09-03,13,Put,7490.0,SPXW260903P07490000,17.2,17.5,17.35,17.65,-10.85,-38.0702,10.0,32.0,0.1378,-0.1665,0.0012,3.7053,-1.908,-0.3866,17.6138,17.58,17.65,16.65,28.5,up,2026-08-21T16:11:04,0.0,0.0
SPXW,2026-09-03,13,Call,7495.0,SPXW260903C07495000,199.9,205.5,202.7,0.0,0.0,0.0,0.0,0.0,0.1362,0.8282,0.0013,3.7752,-1.9363,1.8561,202.0608,0.0,0.0,0.0,0.0,no_change,,0.0,0.0
SPXW,2026-09-03,13,Put,7495.0,SPXW260903P07495000,17.8,18.1,17.950000000000003,19.55,19.55,0.0,1.0,0.0,0.137,-0.1716,0.0013,3.7753,-1.9363,-0.3986,18.1988,19.55,19.55,19.55,0.0,up,2026-08-21T11:10:10,0.0,0.0
SPXW,2026-09-03,13,Call,7500.0,SPXW260903C07500000,195.5,201.1,198.3,204.82,16.47,8.74436,1.0,63.0,0.1354,0.823,0.0013,3.8458,-1.9646,1.8452,197.6742,204.82,204.82,204.82,188.349998474121,up,2026-08-21T15:38:23,0.0,0.0
SPXW,2026-09-03,13,Put,7500.0,SPXW260903P07500000,18.4,18.7,18.549999999999997,18.85,-11.2,-37.2712,26.0,183.0,0.1362,-0.1769,0.0013,3.8459,-1.9645,-0.4111,18.8056,22.75,22.75,17.55,30.0500001907349,up,2026-08-21T16:11:04,0.0,0.0
SPXW,2026-09-03,13,Call,7505.0,SPXW260903C07505000,191.1,196.7,193.89999999999998,0.0,0.0,0.0,0.0,0.0,0.1345,0.8175,0.0014,3.9166,-1.9928,1.8337,193.3103,0.0,0.0,0.0,0.0,no_change,,0.0,0.0
SPXW,2026-09-03,13,Put,7505.0,SPXW260903P07505000,19.0,19.3,19.15,22.93,22.93,0.0,6.0,0.0,0.1355,-0.1823,0.0014,3.9166,-1.9928,-0.424,19.4345,22.95,22.95,22.93,0.0,down,2026-08-21T10:30:24,0.0,0.0
SPXW,2026-09-03,13,Call,7510.0,SPXW260903C07510000,186.8,192.4,189.60000000000002,182.6,0.0,0.0,0.0,7.0,0.1338,0.8119,0.0014,3.9873,-2.0209,1.8219,188.9703,0.0,0.0,0.0,180.049995422363,down,2026-08-20T14:35:42,0.0,0.0
SPXW,2026-09-03,13,Put,7510.0,SPXW260903P07510000,19.7,20.0,19.85,19.2,-12.5,-39.4322,11.0,32.0,0.1347,-0.1879,0.0014,3.9874,-2.0208,-0.4374,20.0885,23.8,23.8,19.2,31.6999998092651,down,2026-08-21T15:41:48,0.0,0.0
SPXW,2026-09-03,13,Call,7515.0,SPXW260903C07515000,182.5,188.0,185.25,0.0,0.0,0.0,0.0,0.0,0.1331,0.8061,0.0014,4.0578,-2.0488,1.8097,184.6547,0.0,0.0,0.0,0.0,no_change,,0.0,0.0
SPXW,2026-09-03,13,Put,7515.0,SPXW260903P07515000,20.3,20.7,20.5,25.3,25.3,0.0,15.0,0.0,0.134,-0.1937,0.0014,4.0578,-2.0488,-0.451,20.7658,25.3,25.3,25.3,0.0,up,2026-08-21T09:52:29,0.0,0.0
SPXW,2026-09-03,13,Call,7520.0,SPXW260903C07520000,178.2,183.7,180.95,274.94,0.0,0.0,0.0,10.0,0.1323,0.8002,0.0014,4.1283,-2.0766,1.7973,180.3643,0.0,0.0,0.0,172.100006103516,up,2026-08-06T10:03:09,0.0,0.0
SPXW,2026-09-03,13,Put,7520.0,SPXW260903P07520000,21.0,21.3,21.15,20.62,-12.83,-38.3558,7.0,228.0,0.1332,-0.1997,0.0014,4.1283,-2.0766,-0.4649,21.4688,23.8,24.15,20.33,33.4499988555908,up,2026-08-21T15:58:40,0.0,0.0
SPXW,2026-09-03,13,Call,7525.0,SPXW260903C07525000,173.9,179.4,176.65,226.95,0.0,0.0,0.0,26.0,0.1315,0.794,0.0015,4.199,-2.1042,1.7846,176.0997,0.0,0.0,0.0,167.849998474121,no_change,2026-08-19T09:37:26,0.0,0.0
SPXW,2026-09-03,13,Put,7525.0,SPXW260903P07525000,21.7,22.1,21.9,21.7,-12.65,-36.8268,18.0,44.0,0.1323,-0.2058,0.0015,4.1991,-2.1042,-0.4792,22.1983,27.0,27.1,21.0,34.3500003814697,up,2026-08-21T12:05:56,0.0,0.0
SPXW,2026-09-03,13,Call,7530.0,SPXW260903C07530000,169.7,175.1,172.39999999999998,173.34,9.39,5.72736,1.0,0.0,0.1308,0.7877,0.0015,4.2703,-2.1316,1.7714,171.8617,173.34,173.34,173.34,163.949996948242,up,2026-08-21T14:49:22,0.0,0.0
SPXW,2026-09-03,13,Put,7530.0,SPXW260903P07530000,22.5,22.8,22.65,24.3,-11.0,-31.1615,2.0,98.0,0.1317,-0.2122,0.0015,4.2703,-2.1316,-0.4938,22.9531,26.32,26.32,24.3,35.2999992370606,down,2026-08-21T14:32:56,0.0,0.0
SPXW,2026-09-03,13,Call,7535.0,SPXW260903C07535000,165.4,170.9,168.15,0.0,0.0,0.0,0.0,0.0,0.1301,0.7812,0.0016,4.3423,-2.1586,1.7577,167.6514,0.0,0.0,0.0,0.0,no_change,,0.0,0.0
SPXW,2026-09-03,13,Put,7535.0,SPXW260903P07535000,23.3,23.6,23.450000000000003,0.0,0.0,0.0,0.0,0.0,0.1307,-0.2187,0.0016,4.3424,-2.1586,-0.509,23.7369,0.0,0.0,0.0,0.0,no_change,,0.0,0.0
SPXW,2026-09-03,13,Call,7540.0,SPXW260903C07540000,161.3,166.7,164.0,158.02,0.0,0.0,0.0,10.0,0.1293,0.7745,0.0016,4.4146,-2.1852,1.7434,163.47,0.0,0.0,0.0,155.949996948242,no_change,2026-08-03T13:37:24,0.0,0.0
SPXW,2026-09-03,13,Put,7540.0,SPXW260903P07540000,24.1,24.4,24.25,24.95,-12.3,-33.0201,6.0,84.0,0.13,-0.2254,0.0016,4.4146,-2.1852,-0.5248,24.5482,28.38,29.4,24.12,37.25,up,2026-08-21T13:56:24,0.0,0.0
SPXW,2026-09-03,13,Call,7545.0,SPXW260903C07545000,157.1,162.5,159.8,0.0,0.0,0.0,0.0,0.0,0.1284,0.7676,0.0016,4.4866,-2.2114,1.7285,159.3187,0.0,0.0,0.0,151.75,no_change,,0.0,0.0
SPXW,2026-09-03,13,Put,7545.0,SPXW260903P07545000,24.9,25.2,25.049999999999997,24.93,-13.42,-34.9935,7.0,12.0,0.1293,-0.2322,0.0016,4.4866,-2.2114,-0.5412,25.3904,29.23,29.23,24.41,38.3500003814697,down,2026-08-21T15:03:48,0.0,0.0
SPXW,2026-09-03,13,Call,7550.0,SPXW260903C07550000,153.0,158.3,155.65,156.61,8.81,5.96076,1.0,14.0,0.1277,0.7605,0.0017,4.5578,-2.237,1.7131,155.1989,156.61,156.61,156.61,147.800003051758,down,2026-08-21T14:49:22,0.0,0.0
SPXW,2026-09-03,13,Put,7550.0,SPXW260903P07550000,25.7,26.1,25.9,27.65,-11.75,-29.8223,18.0,295.0,0.1285,-0.2393,0.0017,4.5578,-2.237,-0.5581,26.264,30.4,30.4,24.27,39.3999996185303,up,2026-08-21T14:32:56,0.0,0.0
SPXW,2026-09-03,13,Call,7555.0,SPXW260903C07555000,148.9,154.2,151.55,0.0,0.0,0.0,0.0,0.0,0.127,0.7532,0.0017,4.6279,-2.2621,1.6973,151.1113,0.0,0.0,0.0,143.900001525879,no_change,,0.0,0.0
SPXW,2026-09-03,13,Put,7555.0,SPXW260903P07555000,26.6,27.0,26.8,28.4,-12.05,-29.7899,4.0,190.0,0.1277,-0.2466,0.0017,4.6279,-2.2621,-0.5754,27.1699,28.4,28.4,28.4,40.4499988555908,down,2026-08-21T14:39:22,0.0,0.0
SPXW,2026-09-03,13,Call,7560.0,SPXW260903C07560000,145.6,149.6,147.6,196.51,0.0,0.0,0.0,11.0,0.1263,0.7457,0.0017,4.697,-2.2866,1.6813,147.0569,0.0,0.0,0.0,140.300003051758,up,2026-08-19T09:56:49,0.0,0.0
SPXW,2026-09-03,13,Put,7560.0,SPXW260903P07560000,27.6,27.9,27.75,27.85,-13.75,-33.0529,8.0,35.0,0.127,-0.2541,0.0017,4.697,-2.2866,-0.593,28.1088,32.42,32.42,27.29,41.6000003814697,up,2026-08-21T16:05:40,0.0,0.0
SPXW,2026-09-03,13,Call,7565.0,SPXW260903C07565000,141.5,145.6,143.55,0.0,0.0,0.0,0.0,0.0,0.1254,0.738,0.0018,4.7654,-2.3104,1.6649,143.0363,0.0,0.0,0.0,136.400001525879,no_change,,0.0,0.0
SPXW,2026-09-03,13,Put,7565.0,SPXW260903P07565000,28.5,28.8,28.65,28.85,-13.63,-31.883,3.0,8.0,0.1262,-0.2618,0.0018,4.7654,-2.3104,-0.6109,29.0816,33.42,33.42,27.4,42.75,up,2026-08-21T16:05:40,0.0,0.0
SPXW,2026-09-03,13,Call,7570.0,SPXW260903C07570000,137.5,141.6,139.55,182.99,0.0,0.0,0.0,4.0,0.1249,0.7301,0.0018,4.8334,-2.3335,1.648,139.0504,0.0,0.0,0.0,132.599998474121,no_change,2026-08-19T09:42:32,0.0,0.0
SPXW,2026-09-03,13,Put,7570.0,SPXW260903P07570000,29.5,29.8,29.65,29.26,-14.69,-33.4243,14.0,32.0,0.1254,-0.2698,0.0018,4.8334,-2.3335,-0.6293,30.0892,34.5,34.5,29.26,43.9499988555908,down,2026-08-21T12:22:06,0.0,0.0
SPXW,2026-09-03,13,Call,7575.0,SPXW260903C07575000,133.6,137.6,135.6,145.67,0.0,0.0,0.0,57.0,0.124,0.722,0.0018,4.9012,-2.3557,1.6304,135.1007,0.0,0.0,0.0,128.900001525879,down,2026-08-20T11:45:05,0.0,0.0
SPXW,2026-09-03,13,Put,7575.0,SPXW260903P07575000,30.5,30.9,30.7,30.8,-14.07,-31.1283,5.0,152.0,0.1247,-0.2779,0.0018,4.9012,-2.3557,-0.6483,31.1329,32.05,32.05,30.8,45.2000007629394,down,2026-08-21T16:00:49,0.0,0.0
SPXW,2026-09-03,13,Call,7580.0,SPXW260903C07580000,129.6,133.7,131.64999999999998,124.52,0.0,0.0,0.0,5.0,0.1233,0.7136,0.0019,4.9683,-2.377,1.6121,131.1886,0.0,0.0,0.0,125.200000762939,down,2026-08-20T15:47:35,0.0,0.0
SPXW,2026-09-03,13,Put,7580.0,SPXW260903P07580000,31.6,31.9,31.75,31.6,-14.9,-32.043,4.0,209.0,0.1239,-0.2862,0.0019,4.9684,-2.3769,-0.6682,32.215,31.6,31.6,30.6,46.5,no_change,2026-08-21T12:47:51,0.0,0.0
SPXW,2026-09-03,13,Call,7585.0,SPXW260903C07585000,125.8,129.8,127.80000000000001,0.0,0.0,0.0,0.0,0.0,0.1225,0.7051,0.0019,5.0339,-2.3972,1.5932,127.3157,0.0,0.0,0.0,121.5,no_change,,0.0,0.0
SPXW,2026-09-03,13,Put,7585.0,SPXW260903P07585000,32.7,33.0,32.85,29.35,-18.45,-38.5983,50.0,64.0,0.1232,-0.2948,0.0019,5.0339,-2.3972,-0.6886,33.3348,29.35,29.35,29.35,47.7999992370606,down,2026-08-21T11:53:07,0.0,0.0
SPXW,2026-09-03,13,Call,7590.0,SPXW260903C07590000,121.9,125.9,123.9,209.01,0.0,0.0,0.0,5.0,0.1224,0.6963,0.002,5.0974,-2.4164,1.5738,123.4832,0.0,0.0,0.0,117.899997711182,down,2026-08-12T13:33:39,0.0,0.0
SPXW,2026-09-03,13,Put,7590.0,SPXW260903P07590000,33.8,34.2,34.0,34.1,-15.05,-30.6205,7.0,301.0,0.1224,-0.3035,0.002,5.0974,-2.4164,-0.7095,34.4958,34.2,34.2,34.1,49.1499996185303,down,2026-08-21T16:00:49,0.0,0.0
SPXW,2026-09-03,13,Call,7595.0,SPXW260903C07595000,120.0,120.4,120.2,139.22,0.0,0.0,0.0,6.0,0.1216,0.6873,0.002,5.1586,-2.4344,1.5541,119.6922,0.0,0.0,0.0,114.299999237061,down,2026-08-20T10:42:03,0.0,0.0
SPXW,2026-09-03,13,Put,7595.0,SPXW260903P07595000,35.0,35.4,35.2,31.35,-19.2,-37.9822,56.0,64.0,0.1217,-0.3125,0.002,5.1586,-2.4344,-0.7307,35.6981,38.95,38.95,31.35,50.5500011444092,down,2026-08-21T11:53:07,0.0,0.0
SPXW,2026-09-03,13,Call,7600.0,SPXW260903C07600000,116.2,116.6,116.4,121.8,11.1,10.0271,13.0,171.0,0.1211,0.6781,0.002,5.2178,-2.4513,1.5341,115.9432,110.81,122.49,110.81,110.700000762939,down,2026-08-21T15:59:26,0.0,0.0
SPXW,2026-09-03,13,Put,7600.0,SPXW260903P07600000,36.3,36.6,36.45,37.15,-14.85,-28.5577,11.0,259.0,0.1209,-0.3218,0.002,5.2179,-2.4512,-0.7522,36.9434,41.67,43.18,37.15,52.0,down,2026-08-21T13:56:24,0.0,0.0
SPXW,2026-09-03,13,Call,7605.0,SPXW260903C07605000,112.5,113.0,112.75,109.63,0.0,0.0,0.0,1.0,0.1202,0.6687,0.0021,5.2754,-2.4668,1.5136,112.2373,0.0,0.0,0.0,107.200000762939,down,2026-08-20T14:14:42,0.0,0.0
SPXW,2026-09-03,13,Put,7605.0,SPXW260903P07605000,37.5,37.9,37.7,45.17,0.0,0.0,0.0,178.0,0.1202,-0.3312,0.0021,5.2754,-2.4668,-0.7742,38.2302,0.0,0.0,0.0,53.3999996185303,no_change,2026-08-20T11:37:04,0.0,0.0
SPXW,2026-09-03,13,Call,7610.0,SPXW260903C07610000,108.8,109.2,109.0,107.9,4.1,3.9499,4.0,8.0,0.1195,0.659,0.0021,5.3313,-2.4809,1.4924,108.576,107.9,107.9,107.9,103.799999237061,up,2026-08-21T14:39:22,0.0,0.0
SPXW,2026-09-03,13,Put,7610.0,SPXW260903P07610000,38.8,39.2,39.0,42.82,-12.18,-22.1455,2.0,81.0,0.1194,-0.3408,0.0021,5.3314,-2.4809,-0.7968,39.5631,42.82,42.82,42.82,55.0,down,2026-08-21T10:05:13,0.0,0.0
SPXW,2026-09-03,13,Call,7615.0,SPXW260903C07615000,105.2,105.6,105.4,104.3,4.05,4.0399,4.0,1.0,0.1188,0.6491,0.0022,5.3854,-2.4936,1.4704,104.9612,104.3,104.3,104.3,100.25,up,2026-08-21T14:39:22,0.0,0.0
SPXW,2026-09-03,13,Put,7615.0,SPXW260903P07615000,40.2,40.6,40.400000000000006,38.87,-17.68,-31.2644,1.0,5.0,0.1187,-0.3507,0.0022,5.3855,-2.4935,-0.8203,40.9416,38.87,38.87,38.87,56.5500011444092,down,2026-08-21T15:30:08,0.0,0.0
SPXW,2026-09-03,13,Call,7620.0,SPXW260903C07620000,101.6,102.0,101.8,102.6,5.6,5.7732,5.0,10.0,0.118,0.639,0.0022,5.4369,-2.5046,1.4478,101.3953,102.6,102.6,102.6,97.0,down,2026-08-21T16:00:49,0.0,0.0
SPXW,2026-09-03,13,Put,7620.0,SPXW260903P07620000,41.6,42.0,41.8,60.87,0.0,0.0,0.0,39.0,0.1179,-0.3608,0.0022,5.4369,-2.5046,-0.8445,42.3684,0.0,0.0,0.0,58.2000007629394,up,2026-08-20T15:59:56,0.0,0.0
SPXW,2026-09-03,13,Call,7625.0,SPXW260903C07625000,98.1,98.5,98.3,104.9,0.0,0.0,0.0,45.0,0.1172,0.6287,0.0022,5.4851,-2.514,1.4247,97.8783,0.0,0.0,0.0,93.6000022888184,no_change,2026-08-20T13:19:35,0.0,0.0
SPXW,2026-09-03,13,Put,7625.0,SPXW260903P07625000,43.1,43.5,43.3,42.81,-16.99,-28.4114,2.0,297.0,0.1172,-0.3711,0.0022,5.4851,-2.514,-0.8691,43.8448,43.39,43.39,42.81,59.7999992370606,down,2026-08-21T14:58:13,0.0,0.0
SPXW,2026-09-03,13,Call,7630.0,SPXW260903C07630000,94.6,95.0,94.8,95.6,5.2,5.75221,12.0,14.0,0.1166,0.6182,0.0022,5.5296,-2.5217,1.4014,94.411,100.8,100.8,95.6,90.3999977111816,down,2026-08-21T16:00:49,0.0,0.0
SPXW,2026-09-03,13,Put,7630.0,SPXW260903P07630000,44.6,45.0,44.8,43.9,-17.7,-28.7338,17.0,41.0,0.1165,-0.3816,0.0022,5.5297,-2.5216,-0.8939,45.3717,49.18,50.8,42.85,61.6000003814697,up,2026-08-21T15:53:29,0.0,0.0
SPXW,2026-09-03,13,Call,7635.0,SPXW260903C07635000,91.2,91.6,91.4,88.83,0.0,0.0,0.0,9.0,0.1158,0.6074,0.0023,5.571,-2.5275,1.3778,90.9966,0.0,0.0,0.0,87.2000007629394,no_change,2026-08-20T15:36:49,0.0,0.0
SPXW,2026-09-03,13,Put,7635.0,SPXW260903P07635000,46.2,46.5,46.35,45.4,-17.95,-28.3347,7.0,11.0,0.1158,-0.3924,0.0023,5.571,-2.5275,-0.919,46.95,45.29,45.4,45.29,63.3500003814697,up,2026-08-21T15:57:06,0.0,0.0
SPXW,2026-09-03,13,Call,7640.0,SPXW260903C07640000,87.8,88.2,88.0,91.3,7.3,8.69048,7.0,7.0,0.1152,0.5965,0.0023,5.6091,-2.5316,1.3537,87.6332,87.9,91.3,87.9,84.0,up,2026-08-21T15:13:24,0.0,0.0
SPXW,2026-09-03,13,Put,7640.0,SPXW260903P07640000,47.8,48.2,48.0,55.3,-9.9,-15.184,2.0,22.0,0.115,-0.4034,0.0023,5.6092,-2.5315,-0.9446,48.5809,53.5,55.3,53.5,65.2000007629394,up,2026-08-21T10:36:12,0.0,0.0
SPXW,2026-09-03,13,Call,7645.0,SPXW260903C07645000,84.5,84.9,84.7,88.4,7.55,9.33828,9.0,0.0,0.1144,0.5853,0.0023,5.6442,-2.5336,1.3287,84.326,88.85,90.2,88.4,80.8499984741211,no_change,2026-08-21T09:30:37,0.0,0.0
SPXW,2026-09-03,13,Put,7645.0,SPXW260903P07645000,49.5,49.8,49.65,50.3,-16.7,-24.9254,5.0,21.0,0.1144,-0.4145,0.0023,5.6442,-2.5336,-0.9711,50.2662,56.8,56.8,49.0,67.0,no_change,2026-08-21T13:58:59,0.0,0.0
SPXW,2026-09-03,13,Call,7650.0,SPXW260903C07650000,81.3,81.7,81.5,85.6,7.8,10.0257,1.0,69.0,0.1138,0.574,0.0024,5.6755,-2.5336,1.303,81.0739,85.6,85.6,85.6,77.7999992370606,up,2026-08-21T09:30:08,0.0,0.0
SPXW,2026-09-03,13,Put,7650.0,SPXW260903P07650000,51.2,51.6,51.400000000000006,50.25,-18.7,-27.1211,14.0,269.0,0.1138,-0.4259,0.0024,5.6755,-2.5336,-0.9983,52.0076,56.5,59.71,46.92,68.9500007629394,down,2026-08-21T15:03:17,0.0,0.0
SPXW,2026-09-03,13,Call,7655.0,SPXW260903C07655000,78.0,78.5,78.25,83.2,8.4,11.2299,1.0,52.0,0.1131,0.5624,0.0024,5.7027,-2.5314,1.2768,77.8811,83.2,83.2,83.2,74.7999992370606,up,2026-08-21T15:44:20,0.0,0.0
SPXW,2026-09-03,13,Put,7655.0,SPXW260903P07655000,53.0,53.4,53.2,54.25,-16.7,-23.5377,27.0,268.0,0.1131,-0.4374,0.0024,5.7027,-2.5314,-1.026,53.8082,58.9,59.93,47.9,70.9500007629394,up,2026-08-21T13:34:54,0.0,0.0
SPXW,2026-09-03,13,Call,7660.0,SPXW260903C07660000,74.9,75.3,75.1,76.0,4.15,5.77592,7.0,10.0,0.1124,0.5506,0.0024,5.7253,-2.5271,1.2505,74.7478,76.0,76.0,76.0,71.8499984741211,up,2026-08-21T10:08:31,0.0,0.0
SPXW,2026-09-03,13,Put,7660.0,SPXW260903P07660000,54.8,55.2,55.0,56.43,-16.57,-22.6986,4.0,157.0,0.1123,-0.4492,0.0024,5.7254,-2.527,-1.0539,55.6692,56.1,56.43,56.1,73.0,up,2026-08-21T14:09:17,0.0,0.0
SPXW,2026-09-03,13,Call,7665.0,SPXW260903C07665000,71.8,72.3,72.05,77.18,8.18,11.8551,4.0,30.0,0.1118,0.5387,0.0024,5.7432,-2.5205,1.224,71.675,68.6,77.48,68.6,69.0,no_change,2026-08-21T12:36:38,0.0,0.0
SPXW,2026-09-03,13,Put,7665.0,SPXW260903P07665000,56.8,57.2,57.0,54.74,-20.36,-27.1105,31.0,113.0,0.1117,-0.4611,0.0024,5.7432,-2.5205,-1.0818,57.589,60.9,64.6,54.74,75.1000022888184,no_change,2026-08-21T15:59:23,0.0,0.0
SPXW,2026-09-03,13,Call,7670.0,SPXW260903C07670000,68.8,69.2,69.0,68.8,2.7,4.08472,52.0,20.0,0.1111,0.5266,0.0025,5.7566,-2.5117,1.1971,68.6636,69.4,70.5,67.5,66.1000022888184,up,2026-08-21T10:28:27,0.0,0.0
SPXW,2026-09-03,13,Put,7670.0,SPXW260903P07670000,58.7,59.1,58.900000000000006,57.72,-19.48,-25.2332,11.0,51.0,0.111,-0.4732,0.0025,5.7566,-2.5117,-1.1102,59.571,67.1,67.1,56.76,77.2000007629394,down,2026-08-21T15:13:57,0.0,0.0
SPXW,2026-09-03,13,Call,7675.0,SPXW260903C07675000,65.9,66.3,66.1,66.65,3.25,5.12618,32.0,126.0,0.1103,0.5143,0.0025,5.7653,-2.5006,1.1695,65.7165,65.9,70.43,65.2,63.3999996185303,down,2026-08-21T16:08:17,0.0,0.0
SPXW,2026-09-03,13,Put,7675.0,SPXW260903P07675000,60.8,61.2,61.0,58.61,-20.84,-26.2303,31.0,310.0,0.1104,-0.4855,0.0025,5.7652,-2.5006,-1.1394,61.6166,69.03,69.03,58.5,79.4499969482422,no_change,2026-08-21T15:59:23,0.0,0.0
SPXW,2026-09-03,13,Call,7680.0,SPXW260903C07680000,63.0,63.4,63.2,67.22,6.62,10.9241,22.0,10.0,0.1097,0.5019,0.0025,5.7688,-2.4871,1.1411,62.8337,67.6,68.3,67.22,60.6000003814697,no_change,2026-08-21T15:59:23,0.0,0.0
SPXW,2026-09-03,13,Put,7680.0,SPXW260903P07680000,62.9,63.3,63.099999999999994,61.57,-20.23,-24.7311,16.0,141.0,0.1096,-0.498,0.0025,5.7689,-2.487,-1.1693,63.7287,71.6,71.6,60.0,81.7999992370606,down,2026-08-21T15:53:24,0.0,0.0
SPXW,2026-09-03,13,Call,7685.0,SPXW260903C07685000,60.2,60.6,60.400000000000006,63.82,5.82,10.0345,8.0,15.0,0.1091,0.4893,0.0025,5.767,-2.4711,1.1124,60.0192,66.47,70.1,63.82,58.0,no_change,2026-08-21T15:43:25,0.0,0.0
SPXW,2026-09-03,13,Put,7685.0,SPXW260903P07685000,65.1,65.5,65.3,65.38,-18.77,-22.3054,10.0,42.0,0.1091,-0.5105,0.0025,5.767,-2.4711,-1.1995,65.9069,63.7,65.38,62.78,84.1500015258789,up,2026-08-21T14:50:12,0.0,0.0
SPXW,2026-09-03,13,Call,7690.0,SPXW260903C07690000,57.4,57.8,57.599999999999994,61.54,6.14,11.083,10.0,195.0,0.1083,0.4766,0.0025,5.7599,-2.4527,1.0838,57.2731,68.81,68.81,60.72,55.3999996185303,no_change,2026-08-21T15:59:23,0.0,0.0
SPXW,2026-09-03,13,Put,7690.0,SPXW260903P07690000,67.3,67.7,67.5,65.73,-20.77,-24.0116,3.0,42.0,0.1084,-0.5233,0.0025,5.7599,-2.4527,-1.2296,68.1542,65.4,65.9,65.4,86.5,down,2026-08-21T15:21:50,0.0,0.0
SPXW,2026-09-03,13,Call,7695.0,SPXW260903C07695000,54.8,55.2,55.0,55.72,2.87,5.43046,3.0,44.0,0.1077,0.4638,0.0025,5.7475,-2.4319,1.0552,54.5964,59.08,59.08,55.72,52.8500003814697,down,2026-08-21T16:08:17,0.0,0.0
SPXW,2026-09-03,13,Put,7695.0,SPXW260903P07695000,69.6,70.0,69.8,67.08,-21.92,-24.6292,4.0,72.0,0.1078,-0.5361,0.0025,5.7474,-2.4319,-1.2596,70.4702,68.48,68.48,67.08,89.0,no_change,2026-08-21T12:41:49,0.0,0.0
SPXW,2026-09-03,13,Call,7700.0,SPXW260903C07700000,52.1,52.5,52.3,55.8,5.4,10.7143,14.0,276.0,0.1071,0.4508,0.0026,5.7293,-2.4086,1.0262,51.9888,51.97,66.43,50.81,50.3999996185303,up,2026-08-21T15:38:57,0.0,0.0
SPXW,2026-09-03,13,Put,7700.0,SPXW260903P07700000,72.0,72.4,72.2,70.22,-21.28,-23.2568,1.0,501.0,0.1071,-0.549,0.0026,5.7292,-2.4087,-1.2902,72.8561,70.22,70.22,70.22,91.5,down,2026-08-21T13:01:16,0.0,0.0
SPXW,2026-09-03,13,Call,7705.0,SPXW260903C07705000,49.6,50.0,49.8,54.63,6.63,13.8125,2.0,17.0,0.1065,0.4378,0.0026,5.7049,-2.3829,0.9965,49.453,55.46,55.46,54.63,48.0,down,2026-08-21T15:02:10,0.0,0.0
SPXW,2026-09-03,13,Put,7705.0,SPXW260903P07705000,74.4,74.9,74.65,72.57,-21.53,-22.8799,7.0,16.0,0.1064,-0.5621,0.0026,5.7049,-2.3829,-1.3214,75.3144,79.6,79.6,72.57,94.1000022888184,down,2026-08-21T13:01:16,0.0,0.0
SPXW,2026-09-03,13,Call,7710.0,SPXW260903C07710000,47.1,47.5,47.3,50.7,5.0,10.9409,26.0,45.0,0.1059,0.4247,0.0026,5.6743,-2.3547,0.9664,46.9906,57.86,57.86,47.51,45.7000007629394,up,2026-08-21T15:38:57,0.0,0.0
SPXW,2026-09-03,13,Put,7710.0,SPXW260903P07710000,77.0,77.4,77.2,75.33,-21.47,-22.1798,11.0,60.0,0.1059,-0.5752,0.0026,5.6742,-2.3548,-1.353,77.8447,70.8,75.33,70.8,96.7999992370606,up,2026-08-21T12:36:55,0.0,0.0
SPXW,2026-09-03,13,Call,7715.0,SPXW260903C07715000,44.7,45.1,44.900000000000006,47.7,4.25,9.78136,15.0,25.0,0.1052,0.4116,0.0026,5.6378,-2.3241,0.9365,44.6023,48.0,48.0,47.7,43.4499988555908,down,2026-08-21T15:57:52,0.0,0.0
SPXW,2026-09-03,13,Put,7715.0,SPXW260903P07715000,79.6,80.0,79.8,101.23,-19.02,-19.106,0.0,25.0,0.1052,-0.5883,0.0026,5.6378,-2.3241,-1.3844,80.4506,0.0,0.0,0.0,99.5500030517578,no_change,2026-08-20T16:04:12,0.0,0.0
SPXW,2026-09-03,13,Call,7720.0,SPXW260903C07720000,42.4,42.8,42.599999999999994,41.97,0.72,1.74545,3.0,38.0,0.1047,0.3984,0.0025,5.596,-2.2911,0.9069,42.2878,46.4,46.4,41.97,41.25,down,2026-08-21T09:59:52,0.0,0.0
SPXW,2026-09-03,13,Put,7720.0,SPXW260903P07720000,82.3,82.8,82.55,82.1,-19.17,-18.7298,7.0,37.0,0.1047,-0.6015,0.0025,5.5959,-2.2912,-1.4154,83.1288,80.0,82.1,80.0,102.349998474121,up,2026-08-21T15:55:26,0.0,0.0
SPXW,2026-09-03,13,Call,7725.0,SPXW260903C07725000,40.2,40.6,40.400000000000006,45.15,6.05,15.4731,2.0,79.0,0.1042,0.3852,0.0025,5.5482,-2.2558,0.8774,40.0462,44.3,45.15,44.3,39.1000003814697,up,2026-08-21T13:03:46,0.0,0.0
SPXW,2026-09-03,13,Put,7725.0,SPXW260903P07725000,85.0,85.4,85.2,84.05,-21.15,-20.1046,9.0,89.0,0.1042,-0.6147,0.0025,5.5482,-2.2558,-1.4465,85.8814,94.44,94.44,81.65,105.200000762939,no_change,2026-08-21T15:55:00,0.0,0.0
SPXW,2026-09-03,13,Call,7730.0,SPXW260903C07730000,38.0,38.4,38.2,40.53,3.48,9.39271,8.0,28.0,0.1035,0.372,0.0025,5.4942,-2.2182,0.8473,37.8805,38.21,40.53,38.21,37.0500011444092,up,2026-08-21T13:27:44,0.0,0.0
SPXW,2026-09-03,13,Put,7730.0,SPXW260903P07730000,87.8,88.2,88.0,95.16,0.0,0.0,0.0,42.0,0.1035,-0.6278,0.0025,5.4942,-2.2182,-1.478,88.7091,0.0,0.0,0.0,108.100002288818,down,2026-08-20T13:22:25,0.0,0.0
SPXW,2026-09-03,13,Call,7735.0,SPXW260903C07735000,35.9,36.3,36.099999999999994,33.6,0.0,0.0,0.0,13.0,0.1029,0.3588,0.0025,5.4332,-2.1783,0.817,35.7896,0.0,0.0,0.0,35.0,down,2026-08-20T16:11:17,0.0,0.0
SPXW,2026-09-03,13,Put,7735.0,SPXW260903P07735000,90.7,91.1,90.9,96.97,0.0,0.0,0.0,9.0,0.1028,-0.641,0.0025,5.4331,-2.1784,-1.5099,91.611,0.0,0.0,0.0,111.200000762939,up,2026-08-20T11:48:57,0.0,0.0
SPXW,2026-09-03,13,Call,7740.0,SPXW260903C07740000,33.9,34.2,34.05,36.68,3.53,10.6486,4.0,54.0,0.1024,0.3457,0.0025,5.3659,-2.1363,0.7869,33.7736,35.53,37.8,35.53,33.1499996185303,down,2026-08-21T15:32:26,0.0,0.0
SPXW,2026-09-03,13,Put,7740.0,SPXW260903P07740000,93.7,94.1,93.9,91.65,-22.55,-19.7461,6.0,63.0,0.1023,-0.6541,0.0025,5.366,-2.1363,-1.5414,94.5898,102.35,102.35,84.8,114.200000762939,up,2026-08-21T15:08:47,0.0,0.0
SPXW,2026-09-03,13,Call,7745.0,SPXW260903C07745000,31.8,32.3,32.05,33.0,1.7,5.43131,18.0,54.0,0.1018,0.3327,0.0025,5.2939,-2.0921,0.7575,31.8333,33.53,37.0,31.82,31.3000001907349,down,2026-08-21T15:55:02,0.0,0.0
SPXW,2026-09-03,13,Put,7745.0,SPXW260903P07745000,96.7,97.1,96.9,94.62,-19.72,-16.7973,1.0,72.0,0.1018,-0.6672,0.0025,5.2938,-2.0921,-1.5724,97.6415,94.62,94.62,94.62,117.399997711182,down,2026-08-21T15:22:53,0.0,0.0
SPXW,2026-09-03,13,Call,7750.0,SPXW260903C07750000,30.0,30.4,30.2,32.8,3.25,10.9983,9.0,255.0,0.1013,0.3197,0.0024,5.2168,-2.046,0.7284,29.9647,30.56,35.3,30.56,29.5500001907349,down,2026-08-21T15:38:57,0.0,0.0
SPXW,2026-09-03,13,Put,7750.0,SPXW260903P07750000,99.8,100.2,100.0,97.55,-19.82,-16.4277,2.0,195.0,0.1013,-0.6801,0.0024,5.2168,-2.046,-1.603,100.767,105.87,105.87,97.55,120.650001525879,down,2026-08-21T15:08:47,0.0,0.0
SPXW,2026-09-03,13,Call,7755.0,SPXW260903C07755000,28.2,28.6,28.4,30.9,3.05,10.9515,2.0,26.0,0.1007,0.3069,0.0024,5.1339,-1.9979,0.6991,28.1704,31.77,31.77,30.9,27.8500003814697,down,2026-08-21T15:38:57,0.0,0.0
SPXW,2026-09-03,13,Put,7755.0,SPXW260903P07755000,103.0,103.4,103.2,0.0,0.0,0.0,0.0,0.0,0.1007,-0.693,0.0024,5.1338,-1.998,-1.6338,103.9655,0.0,0.0,0.0,123.75,no_change,,0.0,0.0
SPXW,2026-09-03,13,Call,7760.0,SPXW260903C07760000,26.5,26.8,26.65,31.05,4.9,18.7381,1.0,22.0,0.1002,0.2941,0.0024,5.0441,-1.9481,0.6697,26.4486,31.05,31.05,31.05,26.1499996185303,up,2026-08-21T12:14:11,0.0,0.0
SPXW,2026-09-03,13,Put,7760.0,SPXW260903P07760000,105.3,107.5,106.4,103.04,-24.06,-18.93,61.0,202.0,0.1007,-0.7057,0.0024,5.044,-1.9481,-1.6647,107.2371,111.8,112.95,103.04,127.100002288818,down,2026-08-21T15:32:26,0.0,0.0
SPXW,2026-09-03,13,Call,7765.0,SPXW260903C07765000,24.8,25.2,25.0,25.8,1.2,4.87805,26.0,31.0,0.0996,0.2816,0.0023,4.9486,-1.8965,0.6408,24.7993,27.6,32.91,25.8,24.5999994277954,down,2026-08-21T16:00:49,0.0,0.0
SPXW,2026-09-03,13,Put,7765.0,SPXW260903P07765000,107.7,111.8,109.75,0.0,0.0,0.0,0.0,0.0,0.1006,-0.7183,0.0023,4.9485,-1.8966,-1.6951,110.5813,0.0,0.0,0.0,130.5,no_change,,0.0,0.0
SPXW,2026-09-03,13,Call,7770.0,SPXW260903C07770000,23.2,23.6,23.4,26.03,2.98,12.9284,2.0,31.0,0.0991,0.2692,0.0023,4.849,-1.8434,0.6128,23.2207,25.79,26.03,25.79,23.0500001907349,up,2026-08-21T12:50:17,0.0,0.0
SPXW,2026-09-03,13,Put,7770.0,SPXW260903P07770000,111.1,115.2,113.15,90.9,0.0,0.0,0.0,30.0,0.1003,-0.7307,0.0023,4.8489,-1.8435,-1.7246,113.9962,0.0,0.0,0.0,134.0,down,2026-08-19T15:39:18,0.0,0.0
SPXW,2026-09-03,13,Call,7775.0,SPXW260903C07775000,21.7,22.0,21.85,24.8,3.15,14.5497,29.0,153.0,0.0986,0.2569,0.0022,4.7459,-1.7889,0.5852,21.711,22.75,31.13,22.75,21.6499996185303,up,2026-08-21T15:47:12,0.0,0.0
SPXW,2026-09-03,13,Put,7775.0,SPXW260903P07775000,114.6,118.6,116.6,112.71,-24.99,-18.1481,4.0,30.0,0.0997,-0.7429,0.0022,4.7458,-1.789,-1.7537,117.4799,117.25,117.25,112.71,137.699996948242,down,2026-08-21T15:30:08,0.0,0.0
SPXW,2026-09-03,13,Call,7780.0,SPXW260903C07780000,20.2,20.6,20.4,22.4,2.15,10.6173,4.0,82.0,0.0982,0.2449,0.0022,4.6378,-1.7332,0.5576,20.2692,27.0,27.0,22.4,20.25,down,2026-08-21T13:27:44,0.0,0.0
SPXW,2026-09-03,13,Put,7780.0,SPXW260903P07780000,117.1,122.6,119.85,125.06,-16.39,-11.5871,1.0,30.0,0.0993,-0.755,0.0022,4.6378,-1.7332,-1.7828,121.0322,125.06,125.06,125.06,141.450004577637,down,2026-08-21T10:05:12,0.0,0.0
SPXW,2026-09-03,13,Call,7785.0,SPXW260903C07785000,18.9,19.2,19.049999999999997,20.83,1.88,9.92085,1.0,10.0,0.0977,0.233,0.0022,4.5242,-1.6763,0.5303,18.8969,20.83,20.83,20.83,18.9499998092651,down,2026-08-21T14:55:09,0.0,0.0
SPXW,2026-09-03,13,Put,7785.0,SPXW260903P07785000,120.7,126.3,123.5,104.54,0.0,0.0,0.0,7.0,0.0988,-0.7668,0.0022,4.5241,-1.6763,-1.8116,124.6527,0.0,0.0,0.0,145.150001525879,up,2026-08-19T15:57:52,0.0,0.0
SPXW,2026-09-03,13,Call,7790.0,SPXW260903C07790000,17.5,17.9,17.7,23.8,6.15,34.8442,4.0,98.0,0.0972,0.2215,0.0021,4.406,-1.6185,0.5038,17.591,18.32,23.8,18.32,17.6499996185303,up,2026-08-21T11:50:27,0.0,0.0
SPXW,2026-09-03,13,Put,7790.0,SPXW260903P07790000,124.4,130.0,127.2,146.73,0.0,0.0,0.0,69.0,0.0984,-0.7784,0.0021,4.4059,-1.6185,-1.8397,128.3403,0.0,0.0,0.0,148.849998474121,up,2026-08-20T15:05:37,0.0,0.0
SPXW,2026-09-03,13,Call,7795.0,SPXW260903C07795000,16.3,16.6,16.450000000000003,18.03,1.58,9.60486,4.0,29.0,0.0966,0.2101,0.002,4.2852,-1.5599,0.4782,16.35,16.9,18.09,16.9,16.4499998092651,down,2026-08-21T15:36:10,0.0,0.0
SPXW,2026-09-03,13,Put,7795.0,SPXW260903P07795000,128.1,133.8,130.95,116.23,0.0,0.0,0.0,1.0,0.0981,-0.7897,0.002,4.2851,-1.5599,-1.8667,132.0927,0.0,0.0,0.0,152.699996948242,up,2026-08-18T12:08:06,0.0,0.0
SPXW,2026-09-03,13,Call,7800.0,SPXW260903C07800000,15.1,15.4,15.25,16.83,1.48,9.64169,67.0,303.0,0.0963,0.199,0.002,4.1624,-1.5008,0.4531,15.1723,17.43,23.2,14.8,15.3499999046326,down,2026-08-21T15:53:30,0.0,0.0
SPXW,2026-09-03,13,Put,7800.0,SPXW260903P07800000,131.9,137.6,134.75,138.89,-17.66,-11.2807,3.0,61.0,0.0976,-0.8008,0.002,4.1623,-1.5008,-1.8933,135.9084,138.89,138.89,138.89,156.550003051758,up,2026-08-21T14:30:44,0.0,0.0
SPXW,2026-09-03,13,Call,7805.0,SPXW260903C07805000,14.0,14.3,14.15,16.36,2.11,14.807,4.0,15.0,0.0959,0.1883,0.0019,4.0364,-1.4412,0.4282,14.0574,14.45,16.36,14.45,14.25,up,2026-08-21T14:59:53,0.0,0.0
SPXW,2026-09-03,13,Put,7805.0,SPXW260903P07805000,135.8,141.5,138.65,0.0,0.0,0.0,0.0,0.0,0.0973,-0.8116,0.0019,4.0363,-1.4413,-1.9197,139.787,0.0,0.0,0.0,160.5,no_change,,0.0,0.0
SPXW,2026-09-03,13,Call,7810.0,SPXW260903C07810000,12.9,13.3,13.100000000000001,15.25,2.0,15.0943,26.0,85.0,0.0954,0.1778,0.0019,3.9065,-1.3816,0.404,13.0047,14.22,16.15,13.85,13.25,up,2026-08-21T14:59:56,0.0,0.0
SPXW,2026-09-03,13,Put,7810.0,SPXW260903P07810000,139.7,145.3,142.5,85.36,0.0,0.0,0.0,53.0,0.0968,-0.8221,0.0019,3.9064,-1.3816,-1.9454,143.7278,0.0,0.0,0.0,164.400001525879,down,2026-08-14T14:54:08,0.0,0.0
SPXW,2026-09-03,13,Call,7815.0,SPXW260903C07815000,11.9,12.3,12.100000000000001,13.61,-0.36,-2.92683,13.0,36.0,0.0949,0.1676,0.0018,3.7742,-1.3219,0.3809,12.0124,12.65,15.1,12.65,12.2999997138977,down,2026-08-21T14:54:44,0.0,0.0
SPXW,2026-09-03,13,Put,7815.0,SPXW260903P07815000,143.7,149.3,146.5,150.76,-17.74,-10.5282,3.0,0.0,0.0964,-0.8323,0.0018,3.7741,-1.3219,-1.9701,147.7288,150.76,150.76,150.76,168.5,down,2026-08-21T14:30:44,0.0,0.0
SPXW,2026-09-03,13,Call,7820.0,SPXW260903C07820000,11.0,11.3,11.15,12.52,1.17,10.3084,1.0,125.0,0.0946,0.1577,0.0018,3.6415,-1.2625,0.3587,11.078,12.52,12.52,12.52,11.3499999046326,up,2026-08-21T14:55:37,0.0,0.0
SPXW,2026-09-03,13,Put,7820.0,SPXW260903P07820000,147.7,153.4,150.55,125.65,0.0,0.0,0.0,154.0,0.0961,-0.8421,0.0018,3.6414,-1.2625,-1.9938,151.7879,0.0,0.0,0.0,172.599998474121,up,2026-08-19T13:23:31,0.0,0.0
SPXW,2026-09-03,13,Call,7825.0,SPXW260903C07825000,10.1,10.4,10.25,11.46,-0.4,-3.79147,17.0,182.0,0.0941,0.1482,0.0017,3.5086,-1.2035,0.3369,10.2001,10.86,16.03,10.86,10.5499997138977,down,2026-08-21T15:36:10,0.0,0.0
SPXW,2026-09-03,13,Put,7825.0,SPXW260903P07825000,152.2,157.6,154.89999999999998,94.94,0.0,0.0,0.0,7.0,0.0957,-0.8516,0.0017,3.5086,-1.2035,-2.017,155.9039,0.0,0.0,0.0,176.75,down,2026-08-14T15:05:44,0.0,0.0
SPXW,2026-09-03,13,Call,7830.0,SPXW260903C07830000,9.3,9.6,9.45,9.5,-0.25,-2.5641,3.0,63.0,0.0937,0.139,0.0016,3.3745,-1.1453,0.3157,9.379,10.35,10.35,9.5,9.75,down,2026-08-21T16:11:04,0.0,0.0
SPXW,2026-09-03,13,Put,7830.0,SPXW260903P07830000,155.9,161.8,158.85000000000002,100.38,0.0,0.0,0.0,22.0,0.0955,-0.8608,0.0016,3.3744,-1.1453,-2.0398,160.0758,0.0,0.0,0.0,180.950004577637,up,2026-08-14T11:51:54,0.0,0.0
SPXW,2026-09-03,13,Call,7835.0,SPXW260903C07835000,8.5,8.8,8.65,9.8,0.8,8.88889,1.0,5.0,0.0934,0.1302,0.0016,3.239,-1.0879,0.2955,8.612,9.8,9.8,9.8,9.0,up,2026-08-21T15:40:22,0.0,0.0
SPXW,2026-09-03,13,Put,7835.0,SPXW260903P07835000,160.5,166.0,163.25,0.0,0.0,0.0,0.0,0.0,0.0951,-0.8696,0.0016,3.2389,-1.0879,-2.0614,164.3023,0.0,0.0,0.0,185.150001525879,no_change,,0.0,0.0
SPXW,2026-09-03,13,Call,7840.0,SPXW260903C07840000,7.8,8.1,7.949999999999999,8.0,-0.25,-3.0303,21.0,38.0,0.0931,0.1218,0.0015,3.1041,-1.0316,0.2765,7.8969,8.62,8.62,8.0,8.25,down,2026-08-21T16:11:04,0.0,0.0
SPXW,2026-09-03,13,Put,7840.0,SPXW260903P07840000,164.8,170.3,167.55,150.39,0.0,0.0,0.0,12.0,0.0948,-0.878,0.0015,3.104,-1.0316,-2.082,168.5806,0.0,0.0,0.0,189.400001525879,up,2026-08-18T15:34:13,0.0,0.0
SPXW,2026-09-03,13,Call,7845.0,SPXW260903C07845000,7.2,7.5,7.35,8.25,0.0,0.0,0.0,39.0,0.0928,0.1137,0.0014,2.9712,-0.9765,0.2582,7.2316,0.0,0.0,0.0,7.65000009536743,down,2026-08-20T14:14:51,0.0,0.0
SPXW,2026-09-03,13,Put,7845.0,SPXW260903P07845000,169.1,174.6,171.85,0.0,0.0,0.0,0.0,0.0,0.0948,-0.8861,0.0014,2.9711,-0.9765,-2.1017,172.9088,0.0,0.0,0.0,193.799995422363,no_change,,0.0,0.0
SPXW,2026-09-03,13,Call,7850.0,SPXW260903C07850000,6.6,6.8,6.699999999999999,7.71,0.66,9.3617,19.0,267.0,0.0923,0.106,0.0014,2.8399,-0.9229,0.2405,6.6149,8.25,11.14,7.2,7.04999995231628,down,2026-08-21T15:18:33,0.0,0.0
SPXW,2026-09-03,13,Put,7850.0,SPXW260903P07850000,173.5,179.0,176.25,157.91,0.0,0.0,0.0,17.0,0.0943,-0.8938,0.0014,2.8398,-0.9229,-2.121,177.2855,0.0,0.0,0.0,198.200004577637,up,2026-08-18T15:34:13,0.0,0.0
SPXW,2026-09-03,13,Call,7855.0,SPXW260903C07855000,6.0,6.3,6.15,8.94,2.49,38.6046,1.0,80.0,0.0923,0.0988,0.0013,2.7098,-0.871,0.2237,6.045,8.94,8.94,8.94,6.45000004768372,up,2026-08-21T11:40:30,0.0,0.0
SPXW,2026-09-03,13,Put,7855.0,SPXW260903P07855000,177.9,183.5,180.7,0.0,0.0,0.0,0.0,0.0,0.0944,-0.9011,0.0013,2.7097,-0.871,-2.1393,181.7091,0.0,0.0,0.0,202.550003051758,no_change,,0.0,0.0
SPXW,2026-09-03,13,Call,7860.0,SPXW260903C07860000,5.5,5.7,5.6,6.6,0.65,10.9244,20.0,191.0,0.0917,0.0918,0.0012,2.5813,-0.8208,0.2081,5.5193,6.96,6.96,6.6,5.95000004768372,down,2026-08-21T14:59:16,0.0,0.0
SPXW,2026-09-03,13,Put,7860.0,SPXW260903P07860000,182.3,188.3,185.3,161.02,0.0,0.0,0.0,1.0,0.094,-0.908,0.0012,2.5813,-0.8208,-2.1564,186.1771,0.0,0.0,0.0,206.849998474121,up,2026-08-18T09:48:57,0.0,0.0
SPXW,2026-09-03,13,Call,7870.0,SPXW260903C07870000,4.5,4.8,4.65,6.54,1.54,30.8,7.0,118.0,0.0913,0.0792,0.0011,2.3348,-0.7262,0.1793,4.5919,5.19,6.54,5.19,5.0,no_change,2026-08-21T12:16:29,0.0,0.0
SPXW,2026-09-03,13,Put,7870.0,SPXW260903P07870000,186.5,202.5,194.5,119.94,0.0,0.0,0.0,1.0,0.0939,-0.9207,0.0011,2.3348,-0.7262,-2.1881,195.2365,0.0,0.0,0.0,216.300003051758,down,2026-08-13T14:30:06,0.0,0.0
SPXW,2026-09-03,13,Call,7875.0,SPXW260903C07875000,4.1,4.4,4.25,6.0,1.45,31.8681,12.0,84.0,0.0911,0.0734,0.001,2.217,-0.6821,0.166,4.1859,5.15,7.55,4.95,4.54999995231628,no_change,2026-08-21T12:16:29,0.0,0.0
SPXW,2026-09-03,13,Put,7875.0,SPXW260903P07875000,190.6,206.6,198.6,161.95,0.0,0.0,0.0,1.0,0.0939,-0.9264,0.001,2.217,-0.6821,-2.2029,199.824,0.0,0.0,0.0,220.050003051758,up,2026-08-19T13:01:23,0.0,0.0
SPXW,2026-09-03,13,Call,7880.0,SPXW260903C07880000,3.7,4.0,3.85,4.87,0.67,15.9524,5.0,191.0,0.0908,0.068,0.001,2.1025,-0.6401,0.1538,3.8154,4.65,4.87,4.5,4.20000004768372,up,2026-08-21T15:01:41,0.0,0.0
SPXW,2026-09-03,13,Put,7880.0,SPXW260903P07880000,195.6,211.2,203.39999999999998,204.7,-18.65,-8.35013,2.0,6.0,0.0925,-0.9318,0.001,2.1025,-0.6401,-2.2167,204.4469,204.7,204.7,204.7,223.350006103516,no_change,2026-08-21T11:14:23,0.0,0.0
SPXW,2026-09-03,13,Call,7890.0,SPXW260903C07890000,3.1,3.3,3.2,3.59,0.09,2.57143,23.0,335.0,0.0908,0.0584,0.0009,1.8864,-0.5627,0.1319,3.1715,4.77,4.77,3.59,3.5,no_change,2026-08-21T14:01:24,0.0,0.0
SPXW,2026-09-03,13,Put,7890.0,SPXW260903P07890000,201.1,224.8,212.95,0.0,0.0,0.0,0.0,0.0,0.0941,-0.9415,0.0009,1.8864,-0.5627,-2.2416,213.7899,0.0,0.0,0.0,232.599998474121,no_change,,0.0,0.0
SPXW,2026-09-03,13,Call,7900.0,SPXW260903C07900000,2.6,2.75,2.675,2.63,-0.27,-9.31034,117.0,2677.0,0.0908,0.05,0.0008,1.6893,-0.4943,0.1127,2.6419,3.65,5.01,2.63,2.89999997615814,no_change,2026-08-21T16:14:08,0.0,0.0
SPXW,2026-09-03,13,Put,7900.0,SPXW260903P07900000,211.0,234.0,222.5,128.23,0.0,0.0,0.0,166.0,0.0941,-0.9498,0.0008,1.6894,-0.4943,-2.2638,223.2474,0.0,0.0,0.0,243.599998474121,up,2026-08-14T10:00:11,0.0,0.0
SPXW,2026-09-03,13,Call,7910.0,SPXW260903C07910000,2.15,2.3,2.2249999999999996,2.72,0.245,9.89899,18.0,25.0,0.0907,0.0429,0.0007,1.5111,-0.4346,0.0968,2.2105,3.44,3.44,2.57,2.47500002384186,down,2026-08-21T13:36:44,0.0,0.0
SPXW,2026-09-03,13,Put,7910.0,SPXW260903P07910000,220.1,243.8,231.95,0.0,0.0,0.0,0.0,0.0,0.0949,-0.9569,0.0007,1.5111,-0.4346,-2.2828,232.8026,0.0,0.0,0.0,251.749992370605,no_change,,0.0,0.0
SPXW,2026-09-03,13,Call,7920.0,SPXW260903C07920000,1.8,1.95,1.875,2.13,0.055,2.6506,51.0,19.0,0.0909,0.0369,0.0006,1.3522,-0.383,0.0831,1.86,2.33,2.33,2.13,2.07500004768372,down,2026-08-21T15:58:40,0.0,0.0
SPXW,2026-09-03,13,Put,7920.0,SPXW260903P07920000,229.7,253.4,241.55,0.0,0.0,0.0,0.0,0.0,0.0953,-0.9629,0.0006,1.3522,-0.383,-2.2994,242.439,0.0,0.0,0.0,262.649993896484,no_change,,0.0,0.0
SPXW,2026-09-03,13,Call,7925.0,SPXW260903C07925000,1.65,1.8,1.725,1.72,-0.205,-10.6494,61.0,302.0,0.0908,0.0343,0.0006,1.2798,-0.36,0.0771,1.7109,2.4,2.5,1.72,1.92500001192093,no_change,2026-08-21T16:14:08,0.0,0.0
SPXW,2026-09-03,13,Put,7925.0,SPXW260903P07925000,234.5,258.3,246.4,146.2,0.0,0.0,0.0,3.0,0.0962,-0.9656,0.0006,1.2799,-0.3601,-2.3069,247.2835,0.0,0.0,0.0,267.400009155273,down,2026-08-13T10:21:25,0.0,0.0
SPXW,2026-09-03,13,Call,7930.0,SPXW260903C07930000,1.5,1.65,1.575,2.2,0.425,23.9437,1.0,3.0,0.0911,0.0319,0.0005,1.2121,-0.3389,0.0717,1.5774,2.2,2.2,2.2,1.77500003576279,up,2026-08-21T11:10:48,0.0,0.0
SPXW,2026-09-03,13,Put,7930.0,SPXW260903P07930000,239.4,263.1,251.25,0.0,0.0,0.0,0.0,0.0,0.0962,-0.968,0.0005,1.2121,-0.3389,-2.3139,252.1432,0.0,0.0,0.0,272.350006103516,no_change,,0.0,0.0
SPXW,2026-09-03,13,Call,7940.0,SPXW260903C07940000,1.25,1.4,1.325,1.6,0.125,8.47458,14.0,27.0,0.0914,0.0277,0.0005,1.0895,-0.3015,0.0623,1.3494,1.65,1.65,1.6,1.47499996423721,down,2026-08-21T15:32:44,0.0,0.0
SPXW,2026-09-03,13,Put,7940.0,SPXW260903P07940000,250.4,272.9,261.65,0.0,0.0,0.0,0.0,0.0,0.0976,-0.9721,0.0005,1.0895,-0.3015,-2.3262,261.9021,0.0,0.0,0.0,282.0,no_change,,0.0,0.0
SPXW,2026-09-03,13,Call,7950.0,SPXW260903C07950000,1.05,1.2,1.125,1.25,-0.025,-1.96079,12.0,371.0,0.0922,0.0242,0.0004,0.9828,-0.27,0.0543,1.1658,1.35,1.37,1.25,1.27500003576279,no_change,2026-08-21T16:03:27,0.0,0.0
SPXW,2026-09-03,13,Put,7950.0,SPXW260903P07950000,260.5,282.7,271.6,0.0,0.0,0.0,0.0,0.0,0.0989,-0.9756,0.0004,0.9828,-0.27,-2.3372,271.7053,0.0,0.0,0.0,291.75,no_change,,0.0,0.0
SPXW,2026-09-03,13,Call,7960.0,SPXW260903C07960000,0.9,1.05,0.9750000000000001,1.4,0.3,27.2727,2.0,43.0,0.093,0.0214,0.0004,0.8904,-0.2435,0.0478,1.0178,1.25,1.4,1.25,1.09999996423721,up,2026-08-21T11:00:24,0.0,0.0
SPXW,2026-09-03,13,Put,7960.0,SPXW260903P07960000,270.4,292.6,281.5,0.0,0.0,0.0,0.0,0.0,0.0999,-0.9785,0.0004,0.8904,-0.2435,-2.3468,281.5442,0.0,0.0,0.0,301.25,no_change,,0.0,0.0
SPXW,2026-09-03,13,Call,7970.0,SPXW260903C07970000,0.8,0.95,0.875,1.02,0.0,0.0,0.0,28.0,0.0935,0.019,0.0003,0.8108,-0.2212,0.0424,0.898,0.0,0.0,0.0,0.974999964237213,down,2026-08-20T14:11:17,0.0,0.0
SPXW,2026-09-03,13,Put,7970.0,SPXW260903P07970000,278.6,302.3,290.45000000000005,235.29,0.0,0.0,0.0,2.0,0.1018,-0.9809,0.0003,0.8108,-0.2212,-2.3551,291.4113,0.0,0.0,0.0,311.300003051758,down,2026-08-19T10:42:56,0.0,0.0
SPXW,2026-09-03,13,Call,7975.0,SPXW260903C07975000,0.75,0.9,0.825,1.1,0.2,22.2222,1.0,268.0,0.094,0.0179,0.0003,0.7752,-0.2114,0.0401,0.8468,1.1,1.1,1.1,0.900000005960464,up,2026-08-21T11:19:36,0.0,0.0
SPXW,2026-09-03,13,Put,7975.0,SPXW260903P07975000,283.5,307.4,295.45,0.0,0.0,0.0,0.0,0.0,0.1022,-0.9819,0.0003,0.7752,-0.2114,-2.359,296.3535,0.0,0.0,0.0,316.350006103516,no_change,,0.0,0.0
SPXW,2026-09-03,13,Call,8000.0,SPXW260903C08000000,0.6,0.7,0.6499999999999999,0.77,0.095,14.0741,5.0,281.0,0.0978,0.0139,0.0002,0.6306,-0.1734,0.0309,0.655,0.8,0.85,0.77,0.675000011920929,down,2026-08-21T15:31:49,0.0,0.0
SPXW,2026-09-03,13,Put,8000.0,SPXW260903P08000000,308.3,332.0,320.15,277.2,0.0,0.0,0.0,2.0,0.1071,-0.986,0.0002,0.6306,-0.1734,-2.3757,321.1289,0.0,0.0,0.0,341.0,no_change,2026-08-19T14:57:57,0.0,0.0
SPXW,2026-09-03,13,Call,8025.0,SPXW260903C08025000,0.45,0.6,0.525,0.6,0.05,9.09091,1.0,315.0,0.102,0.0112,0.0002,0.5286,-0.1482,0.025,0.5345,0.6,0.6,0.6,0.550000011920929,up,2026-08-21T15:16:02,0.0,0.0
SPXW,2026-09-03,13,Put,8025.0,SPXW260903P08025000,333.1,356.8,344.95000000000005,0.0,0.0,0.0,0.0,0.0,0.113,-0.9886,0.0002,0.5286,-0.1482,-2.3891,345.9756,0.0,0.0,0.0,365.699996948242,no_change,,0.0,0.0
SPXW,2026-09-03,13,Call,8050.0,SPXW260903C08050000,0.4,0.5,0.45,0.62,0.0,0.0,0.0,838.0,0.1048,0.0094,0.0002,0.4537,-0.1307,0.0208,0.4544,0.0,0.0,0.0,0.450000002980232,down,2026-08-20T13:17:11,0.0,0.0
SPXW,2026-09-03,13,Put,8050.0,SPXW260903P08050000,358.0,381.6,369.8,0.0,0.0,0.0,0.0,0.0,0.1187,-0.9905,0.0002,0.4537,-0.1307,-2.4008,370.8626,0.0,0.0,0.0,390.599990844727,no_change,,0.0,0.0
SPXW,2026-09-03,13,Call,8075.0,SPXW260903C08075000,0.35,0.45,0.4,0.6,0.225,60.0,10.0,135.0,0.1092,0.008,0.0001,0.397,-0.118,0.0178,0.3981,0.6,0.6,0.6,0.375,up,2026-08-21T15:03:08,0.0,0.0
SPXW,2026-09-03,13,Put,8075.0,SPXW260903P08075000,384.4,406.7,395.54999999999995,0.0,0.0,0.0,0.0,0.0,0.1242,-0.9918,0.0001,0.397,-0.118,-2.4113,395.7734,0.0,0.0,0.0,415.5,no_change,,0.0,0.0
SPXW,2026-09-03,13,Call,8100.0,SPXW260903C08100000,0.3,0.4,0.35,0.47,0.145,44.6154,4.0,64.0,0.1142,0.007,0.0001,0.3523,-0.1083,0.0155,0.356,0.47,0.47,0.47,0.325000002980232,down,2026-08-21T14:56:44,0.0,0.0
SPXW,2026-09-03,13,Put,8100.0,SPXW260903P08100000,407.9,431.6,419.75,0.0,0.0,0.0,0.0,0.0,0.1295,-0.9928,0.0001,0.3523,-0.1083,-2.4211,420.6985,0.0,0.0,0.0,440.400009155273,no_change,,0.0,0.0
SPXW,2026-09-03,13,Call,8125.0,SPXW260903C08125000,0.25,0.4,0.325,0.47,0.0,0.0,0.0,23.0,0.118,0.0062,0.0001,0.3155,-0.1004,0.0137,0.3228,0.0,0.0,0.0,0.299999997019768,down,2026-08-20T09:46:15,0.0,0.0
SPXW,2026-09-03,13,Put,8125.0,SPXW260903P08125000,432.8,456.4,444.6,0.0,0.0,0.0,0.0,0.0,0.1365,-0.9936,0.0001,0.316,-0.1005,-2.4304,445.6328,0.0,0.0,0.0,465.150009155273,no_change,,0.0,0.0
SPXW,2026-09-03,13,Call,8150.0,SPXW260903C08150000,0.25,0.35,0.3,0.4,0.125,45.4545,3.0,21.0,0.1237,0.0056,0.0001,0.2853,-0.094,0.0122,0.2961,0.35,0.4,0.35,0.274999998509884,no_change,2026-08-21T11:38:27,0.0,0.0
SPXW,2026-09-03,13,Put,8150.0,SPXW260903P08150000,457.7,481.6,469.65,0.0,0.0,0.0,0.0,0.0,0.1416,-0.9943,0.0001,0.2857,-0.094,-2.4394,470.5732,0.0,0.0,0.0,490.199996948242,no_change,,0.0,0.0
SPXW,2026-09-03,13,Call,8175.0,SPXW260903C08175000,0.2,0.35,0.275,3.2,0.0,0.0,0.0,29.0,0.1268,0.005,0.0001,0.2597,-0.0885,0.011,0.2738,0.0,0.0,0.0,0.274999998509884,up,2026-08-13T15:44:07,0.0,0.0
SPXW,2026-09-03,13,Put,8175.0,SPXW260903P08175000,482.7,506.3,494.5,0.0,0.0,0.0,0.0,0.0,0.1464,-0.9948,0.0001,0.26,-0.0885,-2.4482,495.518,0.0,0.0,0.0,515.099990844727,no_change,,0.0,0.0
SPXW,2026-09-03,13,Call,8200.0,SPXW260903C08200000,0.2,0.3,0.25,0.35,0.0,0.0,0.0,1005.0,0.1323,0.0045,0.0001,0.2375,-0.0836,0.01,0.2546,0.0,0.0,0.0,0.250000007450581,down,2026-08-20T12:01:00,0.0,0.0
SPXW,2026-09-03,13,Put,8200.0,SPXW260903P08200000,507.6,531.3,519.45,0.0,0.0,0.0,0.0,0.0,0.1533,-0.9953,0.0001,0.2378,-0.0837,-2.4567,520.4659,0.0,0.0,0.0,540.100006103516,no_change,,0.0,0.0
SPXW,2026-09-03,13,Call,8225.0,SPXW260903C08225000,0.2,0.3,0.25,1.97,0.0,0.0,0.0,1.0,0.1377,0.0042,0.0001,0.2184,-0.0793,0.0091,0.2379,0.0,0.0,0.0,0.225000008940697,up,2026-08-13T09:46:05,0.0,0.0
SPXW,2026-09-03,13,Put,8225.0,SPXW260903P08225000,533.5,556.5,545.0,0.0,0.0,0.0,0.0,0.0,0.1578,-0.9957,0.0001,0.2184,-0.0793,-2.4651,545.4162,0.0,0.0,0.0,564.850006103516,no_change,,0.0,0.0
SPXW,2026-09-03,13,Call,8250.0,SPXW260903C08250000,0.15,0.3,0.22499999999999998,2.15,0.0,0.0,0.0,68.0,0.14,0.0038,0.0,0.2011,-0.0754,0.0083,0.2227,0.0,0.0,0.0,0.225000008940697,up,2026-08-13T10:00:35,0.0,0.0
SPXW,2026-09-03,13,Put,8250.0,SPXW260903P08250000,557.6,581.2,569.4000000000001,0.0,0.0,0.0,0.0,0.0,0.1647,-0.996,0.0,0.2013,-0.0754,-2.4734,570.3683,0.0,0.0,0.0,590.0,no_change,,0.0,0.0
SPXW,2026-09-03,13,Call,8275.0,SPXW260903C08275000,0.15,0.3,0.22499999999999998,1.25,0.0,0.0,0.0,33.0,0.1453,0.0035,0.0,0.186,-0.0718,0.0076,0.2093,0.0,0.0,0.0,0.200000002980232,down,2026-08-13T12:00:17,0.0,0.0
SPXW,2026-09-03,13,Put,8275.0,SPXW260903P08275000,582.5,603.0,592.75,0.0,0.0,0.0,0.0,0.0,0.1715,-0.9964,0.0,0.1861,-0.0718,-2.4816,595.3221,0.0,0.0,0.0,614.75,no_change,,0.0,0.0
SPXW,2026-09-03,13,Call,8300.0,SPXW260903C08300000,0.15,0.25,0.2,1.2,0.0,0.0,0.0,29.0,0.1506,0.0032,0.0,0.1725,-0.0685,0.007,0.1972,0.0,0.0,0.0,0.200000002980232,down,2026-08-13T09:41:20,0.0,0.0
SPXW,2026-09-03,13,Put,8300.0,SPXW260903P08300000,607.5,631.2,619.35,0.0,0.0,0.0,0.0,0.0,0.1758,-0.9966,0.0,0.1726,-0.0686,-2.4898,620.2771,0.0,0.0,0.0,639.950012207031,no_change,,0.0,0.0
SPXW,2026-09-03,13,Call,8325.0,SPXW260903C08325000,0.15,0.25,0.2,0.0,0.0,0.0,0.0,0.0,0.1558,0.003,0.0,0.1603,-0.0655,0.0065,0.1862,0.0,0.0,0.0,0.175000000745058,no_change,,0.0,0.0
SPXW,2026-09-03,13,Put,8325.0,SPXW260903P08325000,632.4,656.1,644.25,0.0,0.0,0.0,0.0,0.0,0.1826,-0.9969,0.0,0.1605,-0.0655,-2.4978,645.2333,0.0,0.0,0.0,664.899993896484,no_change,,0.0,0.0
SPXW,2026-09-03,13,Call,8400.0,SPXW260903C08400000,0.1,0.25,0.175,0.8,0.0,0.0,0.0,12.0,0.1667,0.0024,0.0,0.1303,-0.0575,0.0052,0.1582,0.0,0.0,0.0,0.175000000745058,down,2026-08-13T09:41:20,0.0,0.0
SPXW,2026-09-03,13,Put,8400.0,SPXW260903P08400000,707.3,731.0,719.15,0.0,0.0,0.0,0.0,0.0,0.2001,-0.9975,0.0,0.1304,-0.0575,-2.5217,720.1067,0.0,0.0,0.0,739.399993896484,no_change,,0.0,0.0
SPXW,2026-09-03,13,Call,8500.0,SPXW260903C08500000,0.05,0.2,0.125,0.75,0.0,0.0,0.0,8.0,0.1865,0.0018,0.0,0.1011,-0.0488,0.004,0.1293,0.0,0.0,0.0,0.125000001862645,down,2026-08-06T10:31:03,0.0,0.0
SPXW,2026-09-03,13,Put,8500.0,SPXW260903P08500000,807.2,830.7,818.95,0.0,0.0,0.0,0.0,0.0,0.2208,-0.998,0.0,0.1011,-0.0488,-2.553,819.9463,0.0,0.0,0.0,839.450012207031,no_change,,0.0,0.0
SPXW,2026-09-03,13,Call,8600.0,SPXW260903C08600000,0.05,0.2,0.125,0.4,0.0,0.0,0.0,13.0,0.2026,0.0014,0.0,0.0797,-0.0417,0.0031,0.1068,0.0,0.0,0.0,0.125000001862645,down,2026-08-13T09:58:15,0.0,0.0
SPXW,2026-09-03,13,Put,8600.0,SPXW260903P08600000,907.0,930.7,918.85,0.0,0.0,0.0,0.0,0.0,0.244,-0.9984,0.0,0.0798,-0.0417,-2.584,919.7924,0.0,0.0,0.0,939.449981689453,no_change,,0.0,0.0
SPXW,2026-09-03,13,Call,8800.0,SPXW260903C08800000,0.0,0.15,0.075,0.05,0.0,0.0,0.0,2.0,0.2354,0.0009,0.0,0.0514,-0.0306,0.0019,0.074,0.0,0.0,0.0,0.0750000029802322,no_change,2026-08-18T11:02:39,0.0,0.0
SPXW,2026-09-03,13,Put,8800.0,SPXW260903P08800000,1106.8,1129.7,1118.25,0.0,0.0,0.0,0.0,0.0,0.2856,-0.999,0.0,0.0514,-0.0307,-2.6453,1119.4969,0.0,0.0,0.0,1139.04998779297,no_change,,0.0,0.0
SPXW,2026-09-03,13,Call,9000.0,SPXW260903C09000000,0.0,0.1,0.05,0.12,0.0,0.0,0.0,24.0,0.2567,0.0006,0.0,0.0342,-0.0226,0.0012,0.0519,0.0,0.0,0.0,0.0750000029802322,down,2026-08-17T13:04:17,0.0,0.0
SPXW,2026-09-03,13,Put,9000.0,SPXW260903P09000000,1306.5,1330.1,1318.3,0.0,0.0,0.0,0.0,0.0,0.3251,-0.9993,0.0,0.034,-0.0225,-2.7061,1319.2117,0.0,0.0,0.0,1338.79998779297,no_change,,0.0,0.0
SPXW,2026-09-03,13,Call,9200.0,SPXW260903C09200000,0.0,0.15,0.075,0.05,0.0,0.0,0.0,7.0,0.298,0.0004,0.0,0.023,-0.0165,0.0008,0.0362,0.0,0.0,0.0,0.0500000007450581,no_change,2026-08-20T10:47:01,0.0,0.0
SPXW,2026-09-03,13,Put,9200.0,SPXW260903P09200000,1506.2,1529.8,1518.0,0.0,0.0,0.0,0.0,0.0,0.3678,-0.9995,0.0,0.0228,-0.0164,-2.7667,1518.9333,0.0,0.0,0.0,1538.04998779297,no_change,,0.0,0.0
SPXW,2026-09-03,13,Call,9400.0,SPXW260903C09400000,0.0,0.1,0.05,0.05,0.0,0.0,0.0,2.0,0.3304,0.0002,0.0,0.0156,-0.012,0.0005,0.0252,0.0,0.0,0.0,0.0500000007450581,down,2026-08-19T12:49:30,0.0,0.0
SPXW,2026-09-03,13,Put,9400.0,SPXW260903P09400000,1706.0,1729.5,1717.75,0.0,0.0,0.0,0.0,0.0,0.4044,-0.9996,0.0,0.0155,-0.0119,-2.8271,1718.6596,0.0,0.0,0.0,1738.20001220703,no_change,,0.0,0.0
SPXW,2026-09-03,13,Call,9600.0,SPXW260903C09600000,0.0,0.1,0.05,0.0,0.0,0.0,0.0,0.0,0.3619,0.0002,0.0,0.0106,-0.0086,0.0004,0.0174,0.0,0.0,0.0,0.0500000007450581,no_change,,0.0,0.0
SPXW,2026-09-03,13,Put,9600.0,SPXW260903P09600000,1905.7,1929.3,1917.5,0.0,0.0,0.0,0.0,0.0,0.445,-0.9997,0.0,0.0105,-0.0085,-2.8874,1918.3891,0.0,0.0,0.0,1937.84997558594,no_change,,0.0,0.0
SPXW,2026-09-03,13,Call,9800.0,SPXW260903C09800000,0.0,0.1,0.05,0.0,0.0,0.0,0.0,0.0,0.3925,0.0001,0.0,0.0072,-0.0061,0.0002,0.0119,0.0,0.0,0.0,0.0500000007450581,no_change,,0.0,0.0
SPXW,2026-09-03,13,Put,9800.0,SPXW260903P09800000,2105.5,2129.0,2117.25,0.0,0.0,0.0,0.0,0.0,0.4791,-0.9997,0.0,0.0071,-0.006,-2.9477,2118.1209,0.0,0.0,0.0,2137.75,no_change,,0.0,0.0
SPXW,2026-09-03,13,Call,10000.0,SPXW260903C10000000,0.0,0.1,0.05,0.0,0.0,0.0,0.0,1.0,0.4105,0.0001,0.0,0.0049,-0.0043,0.0002,0.0082,0.0,0.0,0.0,0.025000000372529,no_change,,0.0,0.0
SPXW,2026-09-03,13,Put,10000.0,SPXW260903P10000000,2305.2,2328.8,2317.0,0.0,0.0,0.0,0.0,1.0,0.5181,-0.9998,0.0,0.0048,-0.0043,-3.008,2317.8544,0.0,0.0,0.0,2337.45007324219,no_change,,0.0,0.0
SPXW,2026-09-04,14,Call,2600.0,SPXW260904C02600000,5065.2,5086.1,5075.65,0.0,0.0,0.0,0.0,0.0,1.6937,0.9998,0.0,0.0058,-0.0258,1.0667,5072.5645,0.0,0.0,0.0,5051.60009765625,no_change,,0.0,0.0
SPXW,2026-09-04,14,Put,2600.0,SPXW260904P02600000,0.0,0.05,0.025,0.0,0.0,0.0,0.0,0.0,1.5473,-0.0001,0.0,0.0058,-0.0258,-0.0003,0.0547,0.0,0.0,0.0,0.025000000372529,no_change,,0.0,0.0
SPXW,2026-09-04,14,Call,2800.0,SPXW260904C02800000,4865.5,4886.4,4875.95,0.0,0.0,0.0,0.0,0.0,1.5405,0.9997,0.0,0.0063,-0.026,1.1486,4872.9235,0.0,0.0,0.0,4852.64990234375,no_change,,0.0,0.0
SPXW,2026-09-04,14,Put,2800.0,SPXW260904P02800000,0.0,0.05,0.025,0.0,0.0,0.0,0.0,0.0,1.4444,-0.0001,0.0,0.0063,-0.0261,-0.0004,0.0555,0.0,0.0,0.0,0.025000000372529,no_change,,0.0,0.0
SPXW,2026-09-04,14,Call,3000.0,SPXW260904C03000000,4665.9,4686.8,4676.35,0.0,0.0,0.0,0.0,0.0,1.3826,0.9997,0.0,0.0068,-0.0264,1.2306,4673.2828,0.0,0.0,0.0,4653.64990234375,no_change,,0.0,0.0
SPXW,2026-09-04,14,Put,3000.0,SPXW260904P03000000,0.0,0.05,0.025,0.2,0.0,0.0,0.0,1.0,1.3486,-0.0001,0.0,0.0068,-0.0265,-0.0004,0.0565,0.0,0.0,0.0,0.025000000372529,down,2026-07-28T09:37:13,0.0,0.0
SPXW,2026-09-04,14,Call,3200.0,SPXW260904C03200000,4463.7,4487.1,4475.4,0.0,0.0,0.0,0.0,0.0,1.3309,0.9997,0.0,0.0074,-0.0269,1.3125,4473.6424,0.0,0.0,0.0,4452.90014648438,no_change,,0.0,0.0
SPXW,2026-09-04,14,Put,3200.0,SPXW260904P03200000,0.0,0.05,0.025,0.05,0.0,0.0,0.0,163.0,1.259,-0.0001,0.0,0.0074,-0.027,-0.0004,0.0579,0.0,0.0,0.0,0.025000000372529,down,2026-08-07T12:22:09,0.0,0.0
SPXW,2026-09-04,14,Call,3400.0,SPXW260904C03400000,4263.6,4287.4,4275.5,0.0,0.0,0.0,0.0,0.0,1.1848,0.9997,0.0,0.0081,-0.0275,1.3945,4274.0025,0.0,0.0,0.0,4253.19995117188,no_change,,0.0,0.0
SPXW,2026-09-04,14,Put,3400.0,SPXW260904P03400000,0.0,0.05,0.025,0.1,0.0,0.0,0.0,169.0,1.1749,-0.0001,0.0,0.0081,-0.0276,-0.0004,0.0596,0.0,0.0,0.0,0.025000000372529,no_change,2026-08-05T12:32:23,0.0,0.0
SPXW,2026-09-04,14,Call,3600.0,SPXW260904C03600000,4063.9,4087.8,4075.8500000000004,0.0,0.0,0.0,0.0,0.0,0.0,0.9997,0.0,0.009,-0.0283,1.4764,4074.3629,0.0,0.0,0.0,4053.69995117188,no_change,,0.0,0.0
SPXW,2026-09-04,14,Put,3600.0,SPXW260904P03600000,0.0,0.05,0.025,0.05,0.0,0.0,0.0,377.0,1.0955,-0.0002,0.0,0.009,-0.0284,-0.0005,0.0618,0.0,0.0,0.0,0.025000000372529,down,2026-08-07T10:45:10,0.0,0.0
SPXW,2026-09-04,14,Call,3800.0,SPXW260904C03800000,3864.2,3888.1,3876.1499999999996,0.0,0.0,0.0,0.0,0.0,1.0068,0.9997,0.0,0.01,-0.0294,1.5583,3874.7239,0.0,0.0,0.0,3854.20007324219,no_change,,0.0,0.0
SPXW,2026-09-04,14,Put,3800.0,SPXW260904P03800000,0.0,0.05,0.025,0.08,0.0,0.0,0.0,349.0,1.0204,-0.0002,0.0,0.01,-0.0294,-0.0005,0.0645,0.0,0.0,0.0,0.025000000372529,down,2026-08-06T12:43:47,0.0,0.0
SPXW,2026-09-04,14,Call,4000.0,SPXW260904C04000000,3664.5,3688.5,3676.5,3483.18,0.0,0.0,0.0,1.0,0.0,0.9996,0.0,0.0112,-0.0306,1.6403,3675.0856,0.0,0.0,0.0,3654.44995117188,up,2026-07-31T13:16:36,0.0,0.0
SPXW,2026-09-04,14,Put,4000.0,SPXW260904P04000000,0.0,0.1,0.05,0.1,0.0,0.0,0.0,168.0,0.949,-0.0002,0.0,0.0112,-0.0307,-0.0006,0.0679,0.0,0.0,0.0,0.0500000007450581,no_change,2026-08-11T11:50:19,0.0,0.0
SPXW,2026-09-04,14,Call,4200.0,SPXW260904C04200000,3464.9,3488.8,3476.8500000000004,0.0,0.0,0.0,0.0,0.0,0.8414,0.9996,0.0,0.0126,-0.0322,1.7222,3475.4481,0.0,0.0,0.0,3454.84997558594,no_change,,0.0,0.0
SPXW,2026-09-04,14,Put,4200.0,SPXW260904P04200000,0.0,0.1,0.05,0.1,0.0,0.0,0.0,512.0,0.881,-0.0002,0.0,0.0126,-0.0323,-0.0007,0.0722,0.0,0.0,0.0,0.0500000007450581,no_change,2026-08-12T16:05:08,0.0,0.0
SPXW,2026-09-04,14,Call,4400.0,SPXW260904C04400000,3265.3,3289.2,3277.25,0.0,0.0,0.0,0.0,0.0,0.0,0.9996,0.0,0.0144,-0.0342,1.8041,3275.8118,0.0,0.0,0.0,3255.29992675781,no_change,,0.0,0.0
SPXW,2026-09-04,14,Put,4400.0,SPXW260904P04400000,0.0,0.1,0.05,0.05,0.0,0.0,0.0,246.0,0.8162,-0.0003,0.0,0.0144,-0.0343,-0.0008,0.0777,0.0,0.0,0.0,0.0500000007450581,no_change,2026-08-14T15:18:30,0.0,0.0
SPXW,2026-09-04,14,Call,4600.0,SPXW260904C04600000,3065.6,3089.5,3077.55,3158.06,0.0,0.0,0.0,2.0,0.6728,0.9996,0.0,0.0167,-0.0369,1.8859,3076.1774,0.0,0.0,0.0,3056.10009765625,no_change,2026-08-12T14:30:27,0.0,0.0
SPXW,2026-09-04,14,Put,4600.0,SPXW260904P04600000,0.0,0.1,0.05,0.05,0.0,0.0,0.0,475.0,0.7749,-0.0003,0.0,0.0167,-0.037,-0.0009,0.0849,0.0,0.0,0.0,0.0500000007450581,down,2026-08-14T14:37:47,0.0,0.0
SPXW,2026-09-04,14,Call,4800.0,SPXW260904C04800000,2869.0,2889.9,2879.45,0.0,0.0,0.0,0.0,0.0,0.0,0.9995,0.0,0.0197,-0.0406,1.9677,2876.5457,0.0,0.0,0.0,2857.34997558594,no_change,,0.0,0.0
SPXW,2026-09-04,14,Put,4800.0,SPXW260904P04800000,0.0,0.1,0.05,0.1,0.0,0.0,0.0,346.0,0.6944,-0.0004,0.0,0.0197,-0.0407,-0.0011,0.095,0.0,0.0,0.0,0.0750000011175871,no_change,2026-08-20T15:57:25,0.0,0.0
SPXW,2026-09-04,14,Call,5000.0,SPXW260904C05000000,2666.4,2690.2,2678.3,2584.94,0.0,0.0,0.0,154.0,0.0,0.9994,0.0,0.024,-0.0459,2.0495,2676.9186,0.0,0.0,0.0,2657.19995117188,no_change,2026-08-03T11:09:05,0.0,0.0
SPXW,2026-09-04,14,Put,5000.0,SPXW260904P05000000,0.05,0.15,0.1,0.1,-0.025,-20.0,6.0,531.0,0.6551,-0.0004,0.0,0.024,-0.0459,-0.0013,0.1094,0.1,0.1,0.1,0.12500000372529,no_change,2026-08-21T12:01:05,0.0,0.0
SPXW,2026-09-04,14,Call,5200.0,SPXW260904C05200000,2466.7,2489.8,2478.25,0.0,0.0,0.0,0.0,0.0,0.5657,0.9993,0.0,0.0303,-0.0538,2.1311,2477.2992,0.0,0.0,0.0,2457.05004882812,no_change,,0.0,0.0
SPXW,2026-09-04,14,Put,5200.0,SPXW260904P05200000,0.1,0.2,0.15000000000000002,0.15,-0.025,-14.2857,391.0,1218.0,0.6211,-0.0006,0.0,0.0303,-0.0539,-0.0017,0.1319,0.15,0.2,0.15,0.175000004470348,no_change,2026-08-21T15:29:43,0.0,0.0
SPXW,2026-09-04,14,Call,5400.0,SPXW260904C05400000,2267.1,2290.9,2279.0,0.0,0.0,0.0,0.0,0.0,0.0,0.9991,0.0,0.0396,-0.0655,2.2125,2277.6914,0.0,0.0,0.0,2258.84997558594,no_change,,0.0,0.0
SPXW,2026-09-04,14,Put,5400.0,SPXW260904P05400000,0.1,0.25,0.175,0.2,-0.075,-27.2727,462.0,1125.0,0.5795,-0.0008,0.0,0.0396,-0.0656,-0.0023,0.1659,0.2,0.2,0.15,0.275000005960464,no_change,2026-08-21T15:38:37,0.0,0.0
SPXW,2026-09-04,14,Call,5500.0,SPXW260904C05500000,2168.0,2191.2,2179.6,0.0,0.0,0.0,0.0,0.0,0.0,0.999,0.0,0.0459,-0.0732,2.2531,2177.8936,0.0,0.0,0.0,2157.84997558594,no_change,,0.0,0.0
SPXW,2026-09-04,14,Put,5500.0,SPXW260904P05500000,0.15,0.25,0.2,0.25,-0.05,-16.6667,6.0,186.0,0.5574,-0.0009,0.0,0.0459,-0.0732,-0.0027,0.1887,0.25,0.25,0.25,0.299999997019768,no_change,2026-08-21T15:00:01,0.0,0.0
SPXW,2026-09-04,14,Call,5600.0,SPXW260904C05600000,2067.5,2091.3,2079.4,0.0,0.0,0.0,0.0,0.0,0.4431,0.9988,0.0,0.0537,-0.0825,2.2936,2078.1012,0.0,0.0,0.0,2058.15002441406,no_change,,0.0,0.0
SPXW,2026-09-04,14,Put,5600.0,SPXW260904P05600000,0.2,0.3,0.25,0.25,-0.1,-28.5714,31.0,2033.0,0.5391,-0.001,0.0,0.0537,-0.0826,-0.0032,0.2174,0.25,0.25,0.25,0.350000008940697,no_change,2026-08-21T16:09:07,0.0,0.0
SPXW,2026-09-04,14,Call,5700.0,SPXW260904C05700000,1967.7,1991.6,1979.65,1771.58,0.0,0.0,0.0,1.0,0.4425,0.9986,0.0,0.063,-0.0935,2.334,1978.315,0.0,0.0,0.0,1958.95001220703,down,2026-07-17T09:43:09,0.0,0.0
SPXW,2026-09-04,14,Put,5700.0,SPXW260904P05700000,0.2,0.35,0.275,0.3,-0.1,-25.0,3.0,1284.0,0.5152,-0.0012,0.0,0.0631,-0.0936,-0.0038,0.2521,0.3,0.3,0.3,0.399999991059303,no_change,2026-08-21T12:31:58,0.0,0.0
SPXW,2026-09-04,14,Call,5800.0,SPXW260904C05800000,1871.1,1891.8,1881.4499999999998,1798.22,0.0,0.0,0.0,1.0,0.4313,0.9984,0.0,0.0746,-0.1065,2.3742,1878.5361,0.0,0.0,0.0,1858.54998779297,up,2026-08-03T11:46:29,0.0,0.0
SPXW,2026-09-04,14,Put,5800.0,SPXW260904P05800000,0.25,0.35,0.3,0.36,-0.14,-28.0,7.0,1608.0,0.4946,-0.0015,0.0,0.0746,-0.1066,-0.0045,0.294,0.35,0.36,0.35,0.5,up,2026-08-21T14:21:51,0.0,0.0
SPXW,2026-09-04,14,Call,5900.0,SPXW260904C05900000,1768.2,1792.0,1780.1,0.0,0.0,0.0,0.0,0.0,0.4434,0.9981,0.0,0.0887,-0.1216,2.4143,1778.7657,0.0,0.0,0.0,1758.85003662109,no_change,,0.0,0.0
SPXW,2026-09-04,14,Put,5900.0,SPXW260904P05900000,0.3,0.4,0.35,0.4,-0.2,-33.3333,5.0,5805.0,0.4728,-0.0018,0.0,0.0888,-0.1217,-0.0055,0.3445,0.4,0.4,0.4,0.599999994039536,no_change,2026-08-21T15:35:59,0.0,0.0
SPXW,2026-09-04,14,Call,5950.0,SPXW260904C05950000,1719.0,1742.1,1730.55,0.0,0.0,0.0,0.0,0.0,0.4322,0.9979,0.0,0.0968,-0.1301,2.4342,1728.8842,0.0,0.0,0.0,1709.0,no_change,,0.0,0.0
SPXW,2026-09-04,14,Put,5950.0,SPXW260904P05950000,0.3,0.45,0.375,0.37,-0.28,-43.0769,7.0,282.0,0.4589,-0.002,0.0,0.0968,-0.1301,-0.006,0.3734,0.45,0.45,0.37,0.650000005960464,down,2026-08-21T16:12:42,0.0,0.0
SPXW,2026-09-04,14,Call,6000.0,SPXW260904C06000000,1672.1,1688.8,1680.4499999999998,1749.3,0.0,0.0,0.0,1635.0,0.4694,0.9977,0.0,0.1056,-0.1392,2.4541,1679.0054,0.0,0.0,0.0,1659.14996337891,up,2026-08-07T14:43:59,0.0,0.0
SPXW,2026-09-04,14,Put,6000.0,SPXW260904P06000000,0.35,0.45,0.4,0.45,-0.25,-35.7143,20.0,57690.0,0.4503,-0.0021,0.0,0.1056,-0.1392,-0.0066,0.405,0.5,0.5,0.45,0.699999988079071,no_change,2026-08-21T14:58:03,0.0,0.0
SPXW,2026-09-04,14,Call,6050.0,SPXW260904C06050000,1622.2,1642.3,1632.25,0.0,0.0,0.0,0.0,0.0,0.4097,0.9975,0.0,0.1153,-0.1489,2.474,1629.1294,0.0,0.0,0.0,1609.44995117188,no_change,,0.0,0.0
SPXW,2026-09-04,14,Put,6050.0,SPXW260904P06050000,0.4,0.5,0.45,0.5,-0.25,-33.3333,18.0,3303.0,0.4388,-0.0024,0.0,0.1153,-0.1489,-0.0073,0.4394,0.5,0.5,0.5,0.75,no_change,2026-08-21T13:00:56,0.0,0.0
SPXW,2026-09-04,14,Call,6100.0,SPXW260904C06100000,1571.8,1592.4,1582.1,0.0,0.0,0.0,0.0,0.0,0.3982,0.9972,0.0,0.1261,-0.1592,2.4937,1579.2564,0.0,0.0,0.0,1559.5,no_change,,0.0,0.0
SPXW,2026-09-04,14,Put,6100.0,SPXW260904P06100000,0.4,0.5,0.45,0.55,-0.25,-31.25,67.0,57016.0,0.4271,-0.0026,0.0,0.1261,-0.1592,-0.008,0.4768,0.6,0.6,0.54,0.800000011920929,no_change,2026-08-21T14:58:23,0.0,0.0
SPXW,2026-09-04,14,Call,6150.0,SPXW260904C06150000,1518.7,1542.5,1530.6,1535.96,26.31,1.74279,1.0,0.0,0.3868,0.997,0.0,0.138,-0.1702,2.5134,1529.3866,1535.96,1535.96,1535.96,1509.64996337891,up,2026-08-21T11:33:28,0.0,0.0
SPXW,2026-09-04,14,Put,6150.0,SPXW260904P06150000,0.45,0.55,0.5,0.54,-0.36,-40.0,26.0,501.0,0.4173,-0.0029,0.0,0.138,-0.1702,-0.0088,0.5174,0.59,0.59,0.54,0.900000005960464,down,2026-08-21T15:37:02,0.0,0.0
SPXW,2026-09-04,14,Call,6200.0,SPXW260904C06200000,1468.8,1492.7,1480.75,1484.95,25.05,1.71587,1.0,0.0,0.3752,0.9967,0.0,0.151,-0.1819,2.533,1479.5204,1484.95,1484.95,1484.95,1459.89996337891,up,2026-08-21T15:20:30,0.0,0.0
SPXW,2026-09-04,14,Put,6200.0,SPXW260904P06200000,0.45,0.6,0.525,0.5,-0.45,-47.3684,179.0,4210.0,0.4053,-0.0032,0.0,0.1511,-0.1819,-0.0098,0.5616,0.65,0.65,0.5,0.949999988079071,down,2026-08-21T16:07:47,0.0,0.0
SPXW,2026-09-04,14,Call,6250.0,SPXW260904C06250000,1419.0,1442.8,1430.9,0.0,0.0,0.0,0.0,0.0,0.3749,0.9964,0.0,0.1652,-0.1944,2.5524,1429.6581,0.0,0.0,0.0,1410.10003662109,no_change,,0.0,0.0
SPXW,2026-09-04,14,Put,6250.0,SPXW260904P06250000,0.5,0.65,0.575,0.75,0.0,0.0,0.0,424.0,0.395,-0.0035,0.0,0.1652,-0.1944,-0.0108,0.6097,0.0,0.0,0.0,1.05000001192093,no_change,2026-08-19T09:30:22,0.0,0.0
SPXW,2026-09-04,14,Call,6275.0,SPXW260904C06275000,1395.0,1417.8,1406.4,0.0,0.0,0.0,0.0,0.0,0.3636,0.9962,0.0,0.1728,-0.2009,2.5621,1404.7285,0.0,0.0,0.0,0.0,no_change,,0.0,0.0
SPXW,2026-09-04,14,Put,6275.0,SPXW260904P06275000,0.55,0.65,0.6000000000000001,0.75,0.75,0.0,46.0,0.0,0.3896,-0.0037,0.0,0.1728,-0.2009,-0.0114,0.6353,0.7,0.75,0.7,0.0,up,2026-08-21T14:59:12,0.0,0.0
SPXW,2026-09-04,14,Call,6300.0,SPXW260904C06300000,1372.3,1392.9,1382.6,1383.95,23.6,1.73485,1.0,3.0,0.3626,0.996,0.0,0.1807,-0.2076,2.5718,1379.7999,1383.95,1383.95,1383.95,1360.34997558594,up,2026-08-21T09:30:03,0.0,0.0
SPXW,2026-09-04,14,Put,6300.0,SPXW260904P06300000,0.55,0.65,0.6000000000000001,0.6,-0.55,-47.8261,283.0,1953.0,0.3826,-0.0039,0.0,0.1807,-0.2076,-0.0119,0.6619,0.75,0.75,0.6,1.15000003576279,no_change,2026-08-21T16:00:38,0.0,0.0
SPXW,2026-09-04,14,Call,6325.0,SPXW260904C06325000,1347.2,1368.0,1357.6,0.0,0.0,0.0,0.0,0.0,0.3609,0.9958,0.0,0.189,-0.2145,2.5814,1354.8724,0.0,0.0,0.0,1335.34997558594,no_change,,0.0,0.0
SPXW,2026-09-04,14,Put,6325.0,SPXW260904P06325000,0.6,0.7,0.6499999999999999,0.7,-0.5,-41.6667,235.0,63.0,0.3787,-0.0041,0.0,0.1891,-0.2145,-0.0126,0.6896,0.74,0.75,0.7,1.19999998807907,no_change,2026-08-21T15:34:02,0.0,0.0
SPXW,2026-09-04,14,Call,6350.0,SPXW260904C06350000,1319.2,1343.0,1331.1,1334.15,23.7,1.80854,1.0,4.0,0.3503,0.9956,0.0,0.1979,-0.2216,2.591,1329.9461,1334.15,1334.15,1334.15,1310.44995117188,up,2026-08-21T09:30:03,0.0,0.0
SPXW,2026-09-04,14,Put,6350.0,SPXW260904P06350000,0.6,0.7,0.6499999999999999,0.85,-0.4,-32.0,360.0,943.0,0.3718,-0.0043,0.0,0.1979,-0.2216,-0.0132,0.7184,0.85,0.85,0.85,1.25,no_change,2026-08-21T10:00:43,0.0,0.0
SPXW,2026-09-04,14,Call,6375.0,SPXW260904C06375000,1297.3,1318.1,1307.6999999999998,0.0,0.0,0.0,0.0,0.0,0.3484,0.9954,0.0,0.2072,-0.2289,2.6006,1305.0209,0.0,0.0,0.0,1285.55004882812,no_change,,0.0,0.0
SPXW,2026-09-04,14,Put,6375.0,SPXW260904P06375000,0.65,0.75,0.7,0.85,-0.45,-34.6154,35.0,15.0,0.3676,-0.0045,0.0,0.2072,-0.2289,-0.0139,0.7484,0.8,0.85,0.8,1.30000001192093,up,2026-08-21T14:59:44,0.0,0.0
SPXW,2026-09-04,14,Call,6400.0,SPXW260904C06400000,1269.3,1293.2,1281.25,1285.27,24.62,1.95296,1.0,3.0,0.3458,0.9951,0.0,0.217,-0.2365,2.6101,1280.097,1285.27,1285.27,1285.27,1260.65002441406,down,2026-08-21T15:20:30,0.0,0.0
SPXW,2026-09-04,14,Put,6400.0,SPXW260904P06400000,0.65,0.8,0.7250000000000001,0.71,-0.64,-47.4074,16.0,2760.0,0.3606,-0.0047,0.0,0.217,-0.2364,-0.0146,0.7797,0.96,0.96,0.7,1.34999996423721,up,2026-08-21T16:10:40,0.0,0.0
SPXW,2026-09-04,14,Call,6425.0,SPXW260904C06425000,1247.7,1268.2,1257.95,0.0,0.0,0.0,0.0,0.0,0.3358,0.9949,0.0,0.2273,-0.2442,2.6196,1255.1745,0.0,0.0,0.0,1236.95001220703,no_change,,0.0,0.0
SPXW,2026-09-04,14,Put,6425.0,SPXW260904P06425000,0.7,0.8,0.75,0.85,-0.575,-40.3509,2.0,55.0,0.3562,-0.005,0.0,0.2273,-0.2441,-0.0154,0.8123,0.95,0.95,0.85,1.42500001192093,down,2026-08-21T12:00:12,0.0,0.0
SPXW,2026-09-04,14,Call,6450.0,SPXW260904C06450000,1219.4,1241.5,1230.45,0.0,0.0,0.0,0.0,0.0,0.3331,0.9946,0.0,0.2381,-0.2522,2.629,1230.2533,0.0,0.0,0.0,1210.79998779297,no_change,,0.0,0.0
SPXW,2026-09-04,14,Put,6450.0,SPXW260904P06450000,0.75,0.85,0.8,0.8,-0.675,-45.7627,306.0,472.0,0.3516,-0.0052,0.0,0.2381,-0.252,-0.0162,0.8464,0.9,0.94,0.8,1.47499996423721,down,2026-08-21T15:56:02,0.0,0.0
SPXW,2026-09-04,14,Call,6475.0,SPXW260904C06475000,1195.5,1218.4,1206.95,0.0,0.0,0.0,0.0,0.0,0.33,0.9944,0.0,0.2494,-0.2604,2.6384,1205.3337,0.0,0.0,0.0,1185.90002441406,no_change,,0.0,0.0
SPXW,2026-09-04,14,Put,6475.0,SPXW260904P06475000,0.75,0.85,0.8,0.81,-0.74,-47.7419,125.0,65.0,0.3446,-0.0055,0.0,0.2494,-0.2602,-0.017,0.8819,1.02,1.02,0.81,1.55000001192093,down,2026-08-21T16:11:19,0.0,0.0
SPXW,2026-09-04,14,Call,6500.0,SPXW260904C06500000,1172.7,1193.5,1183.1,1216.0,0.0,0.0,0.0,5.0,0.3265,0.9941,0.0,0.2613,-0.2688,2.6478,1180.4157,0.0,0.0,0.0,1161.0,up,2026-08-18T10:18:21,0.0,0.0
SPXW,2026-09-04,14,Put,6500.0,SPXW260904P06500000,0.8,0.9,0.8500000000000001,0.85,-0.775,-47.6923,1082.0,5763.0,0.3398,-0.0058,0.0,0.2612,-0.2687,-0.018,0.9191,1.1,1.1,0.85,1.625,down,2026-08-21T16:06:20,0.0,0.0
SPXW,2026-09-04,14,Call,6525.0,SPXW260904C06525000,1145.7,1168.5,1157.1,0.0,0.0,0.0,0.0,0.0,0.3171,0.9938,0.0,0.2736,-0.2775,2.657,1155.4994,0.0,0.0,0.0,1136.29998779297,no_change,,0.0,0.0
SPXW,2026-09-04,14,Put,6525.0,SPXW260904P06525000,0.8,0.95,0.875,0.9,-0.8,-47.0588,2.0,170.0,0.3339,-0.0061,0.0,0.2738,-0.2776,-0.019,0.9588,0.9,0.9,0.9,1.69999998807907,down,2026-08-21T16:12:42,0.0,0.0
SPXW,2026-09-04,14,Call,6550.0,SPXW260904C06550000,1122.8,1143.6,1133.1999999999998,0.0,0.0,0.0,0.0,0.0,0.3135,0.9934,0.0,0.2867,-0.2865,2.6663,1130.5849,0.0,0.0,0.0,1111.29998779297,no_change,,0.0,0.0
SPXW,2026-09-04,14,Put,6550.0,SPXW260904P06550000,0.85,1.0,0.925,1.0,-0.8,-44.4444,56.0,531.0,0.328,-0.0064,0.0,0.2867,-0.2865,-0.02,0.999,1.1,1.1,1.0,1.80000001192093,no_change,2026-08-21T15:35:28,0.0,0.0
SPXW,2026-09-04,14,Call,6575.0,SPXW260904C06575000,1098.7,1118.7,1108.7,1111.37,24.97,2.29841,1.0,0.0,0.3096,0.9931,0.0,0.3005,-0.2958,2.6754,1105.6722,1111.37,1111.37,1111.37,1086.40002441406,up,2026-08-21T15:27:01,0.0,0.0
SPXW,2026-09-04,14,Put,6575.0,SPXW260904P06575000,0.9,1.05,0.9750000000000001,1.1,-0.775,-41.3333,14.0,201.0,0.3228,-0.0068,0.0,0.3004,-0.2957,-0.021,1.0411,1.29,1.29,1.1,1.875,down,2026-08-21T13:39:28,0.0,0.0
SPXW,2026-09-04,14,Call,6600.0,SPXW260904C06600000,1069.9,1093.8,1081.85,0.0,0.0,0.0,0.0,0.0,0.3054,0.9927,0.0,0.3151,-0.3054,2.6845,1080.7616,0.0,0.0,0.0,1061.59997558594,no_change,,0.0,0.0
SPXW,2026-09-04,14,Put,6600.0,SPXW260904P06600000,0.95,1.05,1.0,1.0,-0.975,-49.3671,223.0,1230.0,0.3176,-0.0072,0.0,0.3151,-0.3052,-0.0222,1.0857,1.17,1.25,0.97,1.97499996423721,no_change,2026-08-21T16:10:09,0.0,0.0
SPXW,2026-09-04,14,Call,6625.0,SPXW260904C06625000,1048.7,1068.9,1058.8000000000002,0.0,0.0,0.0,0.0,0.0,0.301,0.9923,0.0,0.3307,-0.3153,2.6936,1055.8533,0.0,0.0,0.0,1036.75,no_change,,0.0,0.0
SPXW,2026-09-04,14,Put,6625.0,SPXW260904P06625000,1.0,1.1,1.05,2.05,0.0,0.0,0.0,70.0,0.3123,-0.0075,0.0,0.3307,-0.3151,-0.0234,1.1325,0.0,0.0,0.0,2.07500004768372,down,2026-08-20T15:58:35,0.0,0.0
SPXW,2026-09-04,14,Call,6650.0,SPXW260904C06650000,1020.1,1044.0,1032.05,0.0,0.0,0.0,0.0,0.0,0.2964,0.9919,0.0,0.3473,-0.3256,2.7025,1030.9473,0.0,0.0,0.0,1012.0,no_change,,0.0,0.0
SPXW,2026-09-04,14,Put,6650.0,SPXW260904P06650000,1.05,1.15,1.1,1.15,-1.05,-47.7273,129.0,581.0,0.3068,-0.008,0.0,0.3475,-0.3257,-0.0247,1.183,1.39,1.39,1.15,2.20000004768372,no_change,2026-08-21T15:53:24,0.0,0.0
SPXW,2026-09-04,14,Call,6675.0,SPXW260904C06675000,995.6,1019.1,1007.35,0.0,0.0,0.0,0.0,0.0,0.2916,0.9914,0.0,0.365,-0.3362,2.7114,1006.044,0.0,0.0,0.0,987.149993896484,no_change,,0.0,0.0
SPXW,2026-09-04,14,Put,6675.0,SPXW260904P06675000,1.1,1.2,1.15,1.56,-0.74,-32.1739,3.0,211.0,0.3013,-0.0084,0.0,0.3652,-0.3363,-0.0261,1.235,1.56,1.56,1.56,2.29999995231628,down,2026-08-21T09:57:39,0.0,0.0
SPXW,2026-09-04,14,Call,6700.0,SPXW260904C06700000,973.5,994.2,983.85,0.0,0.0,0.0,0.0,0.0,0.2867,0.991,0.0,0.3836,-0.3473,2.7201,981.1438,0.0,0.0,0.0,962.599975585938,no_change,,0.0,0.0
SPXW,2026-09-04,14,Put,6700.0,SPXW260904P06700000,1.15,1.3,1.225,1.17,-1.255,-51.7526,214.0,1650.0,0.2957,-0.0089,0.0,0.3839,-0.3474,-0.0276,1.29,1.6,1.6,1.17,2.42499995231628,down,2026-08-21T16:00:11,0.0,0.0
SPXW,2026-09-04,14,Call,6725.0,SPXW260904C06725000,948.8,969.3,959.05,0.0,0.0,0.0,0.0,0.0,0.2816,0.9904,0.0001,0.4034,-0.3589,2.7287,956.2469,0.0,0.0,0.0,937.5,no_change,,0.0,0.0
SPXW,2026-09-04,14,Put,6725.0,SPXW260904P06725000,1.2,1.35,1.275,1.38,-1.17,-45.8824,18.0,214.0,0.2907,-0.0094,0.0001,0.4036,-0.359,-0.0293,1.3484,1.8,1.8,1.38,2.54999995231628,down,2026-08-21T15:35:20,0.0,0.0
SPXW,2026-09-04,14,Call,6750.0,SPXW260904C06750000,920.4,944.3,932.3499999999999,0.0,0.0,0.0,0.0,0.0,0.2764,0.9899,0.0001,0.4243,-0.371,2.7372,931.3538,0.0,0.0,0.0,912.549987792969,no_change,,0.0,0.0
SPXW,2026-09-04,14,Put,6750.0,SPXW260904P06750000,1.3,1.4,1.35,1.65,-1.025,-38.3178,5.0,1939.0,0.2855,-0.01,0.0001,0.4245,-0.3711,-0.031,1.4105,1.85,1.85,1.6,2.67499995231628,up,2026-08-21T13:35:00,0.0,0.0
SPXW,2026-09-04,14,Call,6775.0,SPXW260904C06775000,900.1,919.5,909.8,0.0,0.0,0.0,0.0,0.0,0.2711,0.9893,0.0001,0.4466,-0.3837,2.7455,906.4649,0.0,0.0,0.0,888.399993896484,no_change,,0.0,0.0
SPXW,2026-09-04,14,Put,6775.0,SPXW260904P06775000,1.35,1.5,1.425,1.68,-1.145,-40.531,38.0,172.0,0.2796,-0.0106,0.0001,0.4465,-0.3834,-0.0329,1.4748,1.92,1.92,1.68,2.82500004768372,down,2026-08-21T11:43:20,0.0,0.0
SPXW,2026-09-04,14,Call,6800.0,SPXW260904C06800000,875.7,894.6,885.1500000000001,0.0,0.0,0.0,0.0,0.0,0.2656,0.9886,0.0001,0.4706,-0.3971,2.7538,881.5807,0.0,0.0,0.0,863.150024414062,no_change,,0.0,0.0
SPXW,2026-09-04,14,Put,6800.0,SPXW260904P06800000,1.45,1.55,1.5,1.5,-1.525,-50.4132,384.0,2890.0,0.2747,-0.0112,0.0001,0.4709,-0.3972,-0.035,1.5479,2.02,2.05,1.5,3.02499997615814,down,2026-08-21T16:11:30,0.0,0.0
SPXW,2026-09-04,14,Call,6825.0,SPXW260904C06825000,850.3,869.7,860.0,0.0,0.0,0.0,0.0,0.0,0.2626,0.9879,0.0001,0.4966,-0.4112,2.7618,856.7017,0.0,0.0,0.0,838.25,no_change,,0.0,0.0
SPXW,2026-09-04,14,Put,6825.0,SPXW260904P06825000,1.5,1.65,1.575,1.57,-1.63,-50.9375,80.0,218.0,0.2692,-0.012,0.0001,0.4969,-0.4114,-0.0371,1.6243,2.22,2.22,1.55,3.19999992847443,up,2026-08-21T16:11:19,0.0,0.0
SPXW,2026-09-04,14,Call,6850.0,SPXW260904C06850000,820.9,843.2,832.05,923.48,0.0,0.0,0.0,4.0,0.2568,0.9871,0.0001,0.5248,-0.4262,2.7697,831.8289,0.0,0.0,0.0,813.450012207031,no_change,2026-08-07T15:19:30,0.0,0.0
SPXW,2026-09-04,14,Put,6850.0,SPXW260904P06850000,1.6,1.75,1.675,2.05,-1.35,-39.7059,82.0,879.0,0.264,-0.0127,0.0001,0.5251,-0.4264,-0.0395,1.7067,2.27,2.38,2.0,3.39999997615814,no_change,2026-08-21T14:31:19,0.0,0.0
SPXW,2026-09-04,14,Call,6875.0,SPXW260904C06875000,796.1,820.0,808.05,0.0,0.0,0.0,0.0,0.0,0.251,0.9863,0.0001,0.5554,-0.4422,2.7773,806.9632,0.0,0.0,0.0,788.899993896484,no_change,,0.0,0.0
SPXW,2026-09-04,14,Put,6875.0,SPXW260904P06875000,1.7,1.85,1.775,2.0,-1.6,-44.4444,2.0,259.0,0.2587,-0.0136,0.0001,0.5558,-0.4423,-0.0422,1.7963,2.0,2.0,2.0,3.60000002384186,no_change,2026-08-21T15:01:13,0.0,0.0
SPXW,2026-09-04,14,Call,6890.0,SPXW260904C06890000,785.9,800.5,793.2,0.0,0.0,0.0,0.0,250.0,0.2535,0.9857,0.0001,0.575,-0.4523,2.7817,792.0476,0.0,0.0,0.0,773.850006103516,no_change,,0.0,0.0
SPXW,2026-09-04,14,Put,6890.0,SPXW260904P06890000,1.75,1.9,1.825,2.15,-1.55,-41.8919,1.0,18.0,0.2552,-0.0141,0.0001,0.5754,-0.4525,-0.0439,1.854,2.15,2.15,2.15,3.69999992847443,down,2026-08-21T11:06:13,0.0,0.0
SPXW,2026-09-04,14,Call,6900.0,SPXW260904C06900000,771.4,795.2,783.3,874.33,0.0,0.0,0.0,3.0,0.2471,0.9854,0.0001,0.5885,-0.4593,2.7846,782.1058,0.0,0.0,0.0,764.350006103516,no_change,2026-08-07T15:19:30,0.0,0.0
SPXW,2026-09-04,14,Put,6900.0,SPXW260904P06900000,1.8,1.95,1.875,1.87,-1.93,-50.7895,91.0,704.0,0.2532,-0.0145,0.0001,0.589,-0.4595,-0.0452,1.8942,2.29,2.29,1.87,3.80000007152557,no_change,2026-08-21T16:11:30,0.0,0.0
SPXW,2026-09-04,14,Call,6910.0,SPXW260904C06910000,762.4,785.2,773.8,910.95,0.0,0.0,0.0,1.0,0.2438,0.985,0.0001,0.6025,-0.4665,2.7874,772.1654,0.0,0.0,0.0,754.049987792969,up,2026-08-14T10:14:29,0.0,0.0
SPXW,2026-09-04,14,Put,6910.0,SPXW260904P06910000,1.85,2.0,1.925,3.5,0.0,0.0,0.0,552.0,0.2511,-0.0149,0.0001,0.603,-0.4667,-0.0464,1.936,0.0,0.0,0.0,3.89999997615814,no_change,2026-08-17T15:42:44,0.0,0.0
SPXW,2026-09-04,14,Call,6920.0,SPXW260904C06920000,752.5,775.3,763.9,0.0,0.0,0.0,0.0,0.0,0.2426,0.9845,0.0001,0.617,-0.4739,2.7902,762.2268,0.0,0.0,0.0,744.349975585938,no_change,,0.0,0.0
SPXW,2026-09-04,14,Put,6920.0,SPXW260904P06920000,1.9,2.0,1.95,6.55,0.0,0.0,0.0,11.0,0.249,-0.0153,0.0001,0.6174,-0.4741,-0.0477,1.9795,0.0,0.0,0.0,4.0,down,2026-08-11T13:27:45,0.0,0.0
SPXW,2026-09-04,14,Call,6925.0,SPXW260904C06925000,751.5,770.3,760.9,0.0,0.0,0.0,0.0,0.0,0.241,0.9843,0.0001,0.6243,-0.4777,2.7916,757.2581,0.0,0.0,0.0,739.300018310547,no_change,,0.0,0.0
SPXW,2026-09-04,14,Put,6925.0,SPXW260904P06925000,1.9,2.05,1.9749999999999999,1.97,-2.03,-50.75,14.0,112.0,0.2476,-0.0155,0.0001,0.6248,-0.478,-0.0484,2.0019,2.8,2.8,1.97,4.0,down,2026-08-21T15:52:00,0.0,0.0
SPXW,2026-09-04,14,Call,6930.0,SPXW260904C06930000,741.4,764.3,752.8499999999999,775.94,0.0,0.0,0.0,1.0,0.2413,0.9841,0.0001,0.6318,-0.4816,2.7929,752.2899,0.0,0.0,0.0,734.5,down,2026-08-20T09:45:21,0.0,0.0
SPXW,2026-09-04,14,Put,6930.0,SPXW260904P06930000,1.95,2.05,2.0,2.45,-1.65,-40.2439,1.0,73.0,0.2469,-0.0158,0.0001,0.6323,-0.4818,-0.0491,2.0248,2.45,2.45,2.45,4.09999990463257,down,2026-08-21T11:31:50,0.0,0.0
SPXW,2026-09-04,14,Call,6940.0,SPXW260904C06940000,735.0,755.4,745.2,0.0,0.0,0.0,0.0,0.0,0.238,0.9837,0.0001,0.6473,-0.4895,2.7956,742.3549,0.0,0.0,0.0,724.5,no_change,,0.0,0.0
SPXW,2026-09-04,14,Put,6940.0,SPXW260904P06940000,2.0,2.1,2.05,2.47,-1.73,-41.1905,2.0,114.0,0.2448,-0.0162,0.0001,0.6477,-0.4898,-0.0505,2.0719,2.47,2.47,2.47,4.20000004768372,down,2026-08-21T11:55:11,0.0,0.0
SPXW,2026-09-04,14,Call,6950.0,SPXW260904C06950000,726.0,745.5,735.75,608.97,0.0,0.0,0.0,6.0,0.2366,0.9832,0.0001,0.6632,-0.4977,2.7982,732.4219,0.0,0.0,0.0,714.600006103516,up,2026-07-20T09:57:14,0.0,0.0
SPXW,2026-09-04,14,Put,6950.0,SPXW260904P06950000,2.05,2.15,2.0999999999999996,2.05,-2.25,-52.3256,1053.0,1512.0,0.2426,-0.0167,0.0001,0.6637,-0.498,-0.052,2.1211,3.02,3.02,2.05,4.29999995231628,down,2026-08-21T15:47:12,0.0,0.0
SPXW,2026-09-04,14,Call,6960.0,SPXW260904C06960000,715.6,735.6,725.6,0.0,0.0,0.0,0.0,0.0,0.2351,0.9827,0.0001,0.6798,-0.5062,2.8008,722.491,0.0,0.0,0.0,705.299987792969,no_change,,0.0,0.0
SPXW,2026-09-04,14,Put,6960.0,SPXW260904P06960000,2.1,2.25,2.175,3.9,0.0,0.0,0.0,125.0,0.2405,-0.0172,0.0001,0.6798,-0.5062,-0.0535,2.1707,0.0,0.0,0.0,4.40000009536743,no_change,2026-08-17T15:16:37,0.0,0.0
SPXW,2026-09-04,14,Call,6970.0,SPXW260904C06970000,701.9,725.7,713.8,0.0,0.0,0.0,0.0,0.0,0.2336,0.9822,0.0001,0.6971,-0.515,2.8033,712.5623,0.0,0.0,0.0,695.0,no_change,,0.0,0.0
SPXW,2026-09-04,14,Put,6970.0,SPXW260904P06970000,2.15,2.3,2.2249999999999996,2.25,-2.25,-50.0,28.0,110.0,0.2382,-0.0177,0.0001,0.6971,-0.515,-0.0551,2.2241,2.25,2.25,2.25,4.5,down,2026-08-21T15:52:30,0.0,0.0
SPXW,2026-09-04,14,Call,6975.0,SPXW260904C06975000,696.9,720.7,708.8,722.17,0.0,0.0,0.0,5.0,0.2319,0.9819,0.0001,0.706,-0.5195,2.8045,707.5989,0.0,0.0,0.0,690.100006103516,up,2026-08-20T09:57:54,0.0,0.0
SPXW,2026-09-04,14,Put,6975.0,SPXW260904P06975000,2.2,2.3,2.25,3.2,-1.4,-30.4348,2.0,193.0,0.2371,-0.0179,0.0001,0.706,-0.5195,-0.0559,2.2517,3.2,3.2,3.2,4.59999990463257,down,2026-08-21T09:40:44,0.0,0.0
SPXW,2026-09-04,14,Call,6980.0,SPXW260904C06980000,696.3,715.7,706.0,0.0,0.0,0.0,0.0,0.0,0.2303,0.9816,0.0001,0.7151,-0.5241,2.8057,702.6361,0.0,0.0,0.0,684.950012207031,no_change,,0.0,0.0
SPXW,2026-09-04,14,Put,6980.0,SPXW260904P06980000,2.2,2.35,2.2750000000000004,3.27,0.0,0.0,0.0,222.0,0.236,-0.0182,0.0001,0.7151,-0.5241,-0.0568,2.28,0.0,0.0,0.0,4.65000009536743,down,2026-08-19T15:33:07,0.0,0.0
SPXW,2026-09-04,14,Call,6990.0,SPXW260904C06990000,682.0,704.2,693.1,488.67,0.0,0.0,0.0,1.0,0.2287,0.9811,0.0001,0.7339,-0.5335,2.8081,692.7124,0.0,0.0,0.0,675.25,down,2026-07-23T11:25:24,0.0,0.0
SPXW,2026-09-04,14,Put,6990.0,SPXW260904P06990000,2.25,2.4,2.325,4.45,0.0,0.0,0.0,244.0,0.2337,-0.0188,0.0001,0.7339,-0.5335,-0.0585,2.3383,0.0,0.0,0.0,4.79999995231628,no_change,2026-08-20T13:31:00,0.0,0.0
SPXW,2026-09-04,14,Call,7000.0,SPXW260904C07000000,676.8,691.2,684.0,759.4,0.0,0.0,0.0,4539.0,0.2315,0.9805,0.0001,0.7536,-0.5433,2.8104,682.7914,0.0,0.0,0.0,665.25,up,2026-08-07T14:43:59,0.0,0.0
SPXW,2026-09-04,14,Put,7000.0,SPXW260904P07000000,2.35,2.45,2.4000000000000004,2.3,-2.6,-53.0612,98.0,7091.0,0.2321,-0.0194,0.0001,0.7536,-0.5433,-0.0603,2.3994,3.0,3.0,2.3,4.90000009536743,no_change,2026-08-21T15:47:12,0.0,0.0
SPXW,2026-09-04,14,Call,7010.0,SPXW260904C07010000,666.4,686.0,676.2,0.0,0.0,0.0,0.0,0.0,0.2252,0.9799,0.0001,0.7741,-0.5534,2.8126,672.8733,0.0,0.0,0.0,655.450012207031,no_change,,0.0,0.0
SPXW,2026-09-04,14,Put,7010.0,SPXW260904P07010000,2.4,2.55,2.4749999999999996,4.18,0.0,0.0,0.0,204.0,0.2298,-0.02,0.0001,0.7741,-0.5534,-0.0622,2.4635,0.0,0.0,0.0,5.04999995231628,down,2026-08-19T09:53:57,0.0,0.0
SPXW,2026-09-04,14,Call,7020.0,SPXW260904C07020000,656.3,676.1,666.2,0.0,0.0,0.0,0.0,0.0,0.2234,0.9792,0.0001,0.7955,-0.564,2.8146,662.9584,0.0,0.0,0.0,645.75,no_change,,0.0,0.0
SPXW,2026-09-04,14,Put,7020.0,SPXW260904P07020000,2.45,2.6,2.5250000000000004,4.73,0.0,0.0,0.0,40.0,0.2274,-0.0206,0.0001,0.7955,-0.564,-0.0643,2.5306,0.0,0.0,0.0,5.20000004768372,no_change,2026-08-20T09:30:03,0.0,0.0
SPXW,2026-09-04,14,Call,7025.0,SPXW260904C07025000,647.3,670.3,658.8,0.0,0.0,0.0,0.0,0.0,0.2218,0.9789,0.0001,0.8065,-0.5694,2.8156,658.0022,0.0,0.0,0.0,640.649993896484,no_change,,0.0,0.0
SPXW,2026-09-04,14,Put,7025.0,SPXW260904P07025000,2.5,2.65,2.575,2.6,-2.7,-50.9434,24.0,7971.0,0.2265,-0.021,0.0001,0.8065,-0.5694,-0.0653,2.5655,3.7,3.7,2.55,5.29999995231628,up,2026-08-21T15:52:30,0.0,0.0
SPXW,2026-09-04,14,Call,7030.0,SPXW260904C07030000,643.4,666.2,654.8,0.0,0.0,0.0,0.0,0.0,0.2202,0.9785,0.0001,0.8178,-0.5749,2.8166,653.0469,0.0,0.0,0.0,635.75,no_change,,0.0,0.0
SPXW,2026-09-04,14,Put,7030.0,SPXW260904P07030000,2.55,2.7,2.625,5.47,0.0,0.0,0.0,60.0,0.2257,-0.0213,0.0001,0.8178,-0.5749,-0.0664,2.6012,0.0,0.0,0.0,5.34999990463257,no_change,2026-08-18T12:44:41,0.0,0.0
SPXW,2026-09-04,14,Call,7040.0,SPXW260904C07040000,633.4,656.2,644.8,0.0,0.0,0.0,0.0,0.0,0.2183,0.9778,0.0002,0.841,-0.5863,2.8184,643.139,0.0,0.0,0.0,626.299987792969,no_change,,0.0,0.0
SPXW,2026-09-04,14,Put,7040.0,SPXW260904P07040000,2.6,2.75,2.675,3.21,-2.29,-41.6364,10.0,146.0,0.2232,-0.022,0.0002,0.841,-0.5863,-0.0687,2.6754,3.86,3.93,3.21,5.5,down,2026-08-21T11:48:02,0.0,0.0
SPXW,2026-09-04,14,Call,7050.0,SPXW260904C07050000,622.6,646.3,634.45,767.83,0.0,0.0,0.0,179.0,0.2164,0.9771,0.0002,0.8651,-0.5982,2.8201,633.2351,0.0,0.0,0.0,616.049987792969,no_change,2026-08-14T09:50:31,0.0,0.0
SPXW,2026-09-04,14,Put,7050.0,SPXW260904P07050000,2.7,2.85,2.7750000000000004,2.7,-2.9,-51.7857,390.0,8678.0,0.2214,-0.0228,0.0002,0.8651,-0.5982,-0.0711,2.7535,3.91,3.95,2.7,5.59999990463257,no_change,2026-08-21T15:51:09,0.0,0.0
SPXW,2026-09-04,14,Call,7060.0,SPXW260904C07060000,617.0,636.4,626.7,0.0,0.0,0.0,0.0,0.0,0.2144,0.9763,0.0002,0.8901,-0.6106,2.8217,623.3353,0.0,0.0,0.0,606.350006103516,no_change,,0.0,0.0
SPXW,2026-09-04,14,Put,7060.0,SPXW260904P07060000,2.75,2.9,2.825,4.92,0.0,0.0,0.0,85.0,0.2192,-0.0236,0.0002,0.8901,-0.6106,-0.0736,2.8359,0.0,0.0,0.0,5.79999995231628,down,2026-08-17T14:34:55,0.0,0.0
SPXW,2026-09-04,14,Call,7070.0,SPXW260904C07070000,607.5,626.5,617.0,0.0,0.0,0.0,0.0,0.0,0.2124,0.9754,0.0002,0.9162,-0.6235,2.8232,613.4401,0.0,0.0,0.0,596.450012207031,no_change,,0.0,0.0
SPXW,2026-09-04,14,Put,7070.0,SPXW260904P07070000,2.85,3.0,2.925,5.9,0.0,0.0,0.0,49.0,0.2173,-0.0244,0.0002,0.9162,-0.6235,-0.0762,2.9227,0.0,0.0,0.0,6.0,down,2026-08-18T09:35:20,0.0,0.0
SPXW,2026-09-04,14,Call,7075.0,SPXW260904C07075000,597.7,620.0,608.85,382.37,0.0,0.0,0.0,5.0,0.2121,0.975,0.0002,0.9296,-0.6301,2.8238,608.4942,0.0,0.0,0.0,591.75,down,2026-07-30T11:15:46,0.0,0.0
SPXW,2026-09-04,14,Put,7075.0,SPXW260904P07075000,2.9,3.1,3.0,3.08,-3.02,-49.5082,10.0,132.0,0.216,-0.0248,0.0002,0.9296,-0.6301,-0.0776,2.9679,4.25,4.25,3.08,6.09999990463257,down,2026-08-21T15:42:40,0.0,0.0
SPXW,2026-09-04,14,Call,7080.0,SPXW260904C07080000,593.9,616.4,605.15,0.0,0.0,0.0,0.0,0.0,0.2104,0.9746,0.0002,0.9433,-0.6369,2.8245,603.5496,0.0,0.0,0.0,586.75,no_change,,0.0,0.0
SPXW,2026-09-04,14,Put,7080.0,SPXW260904P07080000,2.95,3.1,3.0250000000000004,3.28,-2.92,-47.0968,5.0,50.0,0.2153,-0.0253,0.0002,0.9433,-0.6369,-0.079,3.0144,3.6,3.6,3.28,6.20000004768372,down,2026-08-21T15:33:30,0.0,0.0
SPXW,2026-09-04,14,Call,7090.0,SPXW260904C07090000,587.7,606.8,597.25,0.0,0.0,0.0,0.0,0.0,0.2095,0.9736,0.0002,0.9716,-0.651,2.8257,593.6643,0.0,0.0,0.0,576.949981689453,no_change,,0.0,0.0
SPXW,2026-09-04,14,Put,7090.0,SPXW260904P07090000,3.0,3.2,3.1,3.7,-2.7,-42.1875,57.0,51.0,0.213,-0.0262,0.0002,0.9716,-0.651,-0.0819,3.1111,3.7,3.7,3.7,6.40000009536743,no_change,2026-08-21T13:54:32,0.0,0.0
SPXW,2026-09-04,14,Call,7100.0,SPXW260904C07100000,576.2,596.9,586.55,717.66,0.0,0.0,0.0,5.0,0.2073,0.9727,0.0002,1.0013,-0.6656,2.8267,583.7845,0.0,0.0,0.0,567.049987792969,no_change,2026-08-14T09:50:31,0.0,0.0
SPXW,2026-09-04,14,Put,7100.0,SPXW260904P07100000,3.1,3.3,3.2,3.17,-3.43,-51.9697,609.0,1202.0,0.2109,-0.0272,0.0002,1.0013,-0.6656,-0.085,3.2134,4.55,4.6,3.1,6.59999990463257,no_change,2026-08-21T15:51:09,0.0,0.0
SPXW,2026-09-04,14,Call,7110.0,SPXW260904C07110000,567.6,587.0,577.3,0.0,0.0,0.0,0.0,0.0,0.2051,0.9716,0.0002,1.0325,-0.6809,2.8276,573.9104,0.0,0.0,0.0,557.450012207031,no_change,,0.0,0.0
SPXW,2026-09-04,14,Put,7110.0,SPXW260904P07110000,3.2,3.4,3.3,6.7,0.0,0.0,0.0,40.0,0.2088,-0.0282,0.0002,1.0325,-0.6809,-0.0882,3.3214,0.0,0.0,0.0,6.79999995231628,no_change,2026-08-20T15:41:12,0.0,0.0
SPXW,2026-09-04,14,Call,7120.0,SPXW260904C07120000,557.4,576.9,567.15,0.0,0.0,0.0,0.0,0.0,0.2029,0.9706,0.0002,1.0652,-0.6969,2.8283,564.0426,0.0,0.0,0.0,547.549987792969,no_change,,0.0,0.0
SPXW,2026-09-04,14,Put,7120.0,SPXW260904P07120000,3.3,3.5,3.4,3.3,-3.7,-52.8571,7.0,208.0,0.2066,-0.0293,0.0002,1.0652,-0.6969,-0.0915,3.4357,4.81,4.81,3.3,7.0,down,2026-08-21T15:49:53,0.0,0.0
SPXW,2026-09-04,14,Call,7125.0,SPXW260904C07125000,548.4,570.6,559.5,457.46,0.0,0.0,0.0,4.0,0.2023,0.97,0.0002,1.0822,-0.7051,2.8286,559.1111,0.0,0.0,0.0,542.75,no_change,2026-07-22T15:41:39,0.0,0.0
SPXW,2026-09-04,14,Put,7125.0,SPXW260904P07125000,3.4,3.6,3.5,3.45,-3.65,-51.4085,152.0,651.0,0.206,-0.0299,0.0002,1.0822,-0.7051,-0.0933,3.4953,5.0,5.0,3.45,7.09999990463257,down,2026-08-21T15:59:05,0.0,0.0
SPXW,2026-09-04,14,Call,7130.0,SPXW260904C07130000,544.2,567.3,555.75,0.0,0.0,0.0,0.0,0.0,0.2017,0.9694,0.0002,1.0997,-0.7135,2.8288,554.1814,0.0,0.0,0.0,537.800018310547,no_change,,0.0,0.0
SPXW,2026-09-04,14,Put,7130.0,SPXW260904P07130000,3.4,3.6,3.5,3.83,-3.42,-47.1724,2.0,104.0,0.2044,-0.0304,0.0002,1.0997,-0.7135,-0.0951,3.5566,4.1,4.1,3.83,7.25,down,2026-08-21T15:33:30,0.0,0.0
SPXW,2026-09-04,14,Call,7140.0,SPXW260904C07140000,538.0,557.4,547.7,612.96,0.0,0.0,0.0,6.0,0.1993,0.9682,0.0002,1.1358,-0.7309,2.8291,544.3274,0.0,0.0,0.0,528.049987792969,down,2026-08-19T10:58:47,0.0,0.0
SPXW,2026-09-04,14,Put,7140.0,SPXW260904P07140000,3.6,3.8,3.7,3.7,-3.8,-50.6667,18.0,10067.0,0.2027,-0.0317,0.0002,1.1358,-0.7309,-0.099,3.6847,5.17,5.34,3.7,7.5,down,2026-08-21T15:52:30,0.0,0.0
SPXW,2026-09-04,14,Call,7150.0,SPXW260904C07150000,528.3,547.6,537.95,636.51,0.0,0.0,0.0,3.0,0.1979,0.9669,0.0002,1.1736,-0.7491,2.8291,534.4812,0.0,0.0,0.0,518.300018310547,up,2026-08-04T15:09:48,0.0,0.0
SPXW,2026-09-04,14,Put,7150.0,SPXW260904P07150000,3.7,3.9,3.8,3.83,-3.87,-50.2597,6410.0,20989.0,0.2004,-0.033,0.0002,1.1736,-0.7491,-0.103,3.8206,5.39,5.4,3.8,7.70000004768372,no_change,2026-08-21T16:13:49,0.0,0.0
SPXW,2026-09-04,14,Call,7160.0,SPXW260904C07160000,518.3,537.7,528.0,386.29,0.0,0.0,0.0,5.0,0.1955,0.9655,0.0002,1.2131,-0.7681,2.8289,524.6433,0.0,0.0,0.0,508.600006103516,no_change,2026-07-31T15:05:28,0.0,0.0
SPXW,2026-09-04,14,Put,7160.0,SPXW260904P07160000,3.8,4.0,3.9,5.62,0.0,0.0,0.0,109.0,0.1985,-0.0343,0.0002,1.2131,-0.7681,-0.1074,3.9648,0.0,0.0,0.0,8.00000023841858,up,2026-08-19T10:49:24,0.0,0.0
SPXW,2026-09-04,14,Call,7170.0,SPXW260904C07170000,504.1,526.3,515.2,0.0,0.0,0.0,0.0,0.0,0.1939,0.9641,0.0003,1.2541,-0.7879,2.8284,514.8144,0.0,0.0,0.0,499.449996948242,no_change,,0.0,0.0
SPXW,2026-09-04,14,Put,7170.0,SPXW260904P07170000,4.0,4.2,4.1,4.9,-3.4,-40.9639,1.0,184.0,0.197,-0.0358,0.0003,1.2541,-0.7879,-0.112,4.1179,4.9,4.9,4.9,8.2999997138977,down,2026-08-21T14:35:35,0.0,0.0
SPXW,2026-09-04,14,Call,7175.0,SPXW260904C07175000,503.5,523.0,513.25,290.1,0.0,0.0,0.0,99.0,0.1931,0.9633,0.0003,1.2753,-0.7982,2.828,509.9035,0.0,0.0,0.0,494.149993896484,down,2026-07-29T15:37:55,0.0,0.0
SPXW,2026-09-04,14,Put,7175.0,SPXW260904P07175000,4.0,4.3,4.15,4.03,-4.37,-52.0238,20.0,183.0,0.1962,-0.0365,0.0003,1.2753,-0.7982,-0.1144,4.1981,5.89,5.89,4.03,8.40000009536743,down,2026-08-21T15:50:33,0.0,0.0
SPXW,2026-09-04,14,Call,7180.0,SPXW260904C07180000,494.2,517.5,505.85,286.2,0.0,0.0,0.0,1.0,0.1914,0.9626,0.0003,1.2968,-0.8086,2.8276,504.9951,0.0,0.0,0.0,489.300003051758,down,2026-07-29T15:37:55,0.0,0.0
SPXW,2026-09-04,14,Put,7180.0,SPXW260904P07180000,4.1,4.3,4.199999999999999,4.9,-3.65,-42.6901,10.0,70.0,0.1945,-0.0373,0.0003,1.2968,-0.8086,-0.1169,4.2807,5.0,5.0,4.8,8.5499997138977,up,2026-08-21T15:06:35,0.0,0.0
SPXW,2026-09-04,14,Call,7190.0,SPXW260904C07190000,488.8,508.2,498.5,436.91,0.0,0.0,0.0,4.0,0.1897,0.9609,0.0003,1.3415,-0.8303,2.8265,495.186,0.0,0.0,0.0,479.5,up,2026-08-03T11:20:49,0.0,0.0
SPXW,2026-09-04,14,Put,7190.0,SPXW260904P07190000,4.3,4.5,4.4,5.05,-3.85,-43.2584,4.0,122.0,0.1928,-0.0389,0.0003,1.3415,-0.8303,-0.122,4.4537,5.06,5.06,5.05,8.90000009536743,down,2026-08-21T11:55:11,0.0,0.0
SPXW,2026-09-04,14,Call,7200.0,SPXW260904C07200000,479.2,498.4,488.79999999999995,599.15,0.0,0.0,0.0,18.0,0.1879,0.9592,0.0003,1.3882,-0.8529,2.8252,485.3878,0.0,0.0,0.0,469.899993896484,up,2026-08-14T14:04:37,0.0,0.0
SPXW,2026-09-04,14,Put,7200.0,SPXW260904P07200000,4.4,4.7,4.550000000000001,4.59,-4.61,-50.1087,331.0,2137.0,0.1907,-0.0406,0.0003,1.3882,-0.8529,-0.1274,4.6376,6.35,6.4,4.4,9.2000002861023,down,2026-08-21T16:14:15,0.0,0.0
SPXW,2026-09-04,14,Call,7210.0,SPXW260904C07210000,468.5,488.6,478.55,572.14,0.0,0.0,0.0,7.0,0.186,0.9574,0.0003,1.4373,-0.8765,2.8237,475.6011,0.0,0.0,0.0,460.25,no_change,2026-08-07T12:17:28,0.0,0.0
SPXW,2026-09-04,14,Put,7210.0,SPXW260904P07210000,4.6,4.9,4.75,4.6,-4.95,-51.8325,11.0,250.0,0.1892,-0.0425,0.0003,1.4373,-0.8765,-0.1331,4.833,6.26,6.26,4.6,9.5499997138977,down,2026-08-21T15:49:53,0.0,0.0
SPXW,2026-09-04,14,Call,7220.0,SPXW260904C07220000,458.9,478.8,468.85,572.14,0.0,0.0,0.0,11.0,0.1841,0.9554,0.0003,1.4891,-0.9011,2.8217,465.8268,0.0,0.0,0.0,451.0,down,2026-08-17T10:20:57,0.0,0.0
SPXW,2026-09-04,14,Put,7220.0,SPXW260904P07220000,4.8,5.1,4.949999999999999,4.82,-5.08,-51.3131,235.0,176.0,0.187,-0.0444,0.0003,1.4891,-0.9011,-0.1392,5.0407,6.73,6.8,4.82,9.90000009536743,no_change,2026-08-21T15:45:44,0.0,0.0
SPXW,2026-09-04,14,Call,7225.0,SPXW260904C07225000,454.5,473.9,464.2,268.48,0.0,0.0,0.0,57.0,0.1839,0.9544,0.0003,1.516,-0.9137,2.8206,460.9445,0.0,0.0,0.0,445.850006103516,up,2026-07-29T13:02:47,0.0,0.0
SPXW,2026-09-04,14,Put,7225.0,SPXW260904P07225000,4.9,5.2,5.050000000000001,4.93,-5.12,-50.9453,11.0,415.0,0.1863,-0.0454,0.0003,1.516,-0.9137,-0.1423,5.1495,5.86,5.86,4.93,10.0499997138977,down,2026-08-21T15:46:30,0.0,0.0
SPXW,2026-09-04,14,Call,7230.0,SPXW260904C07230000,449.7,469.1,459.4,591.31,0.0,0.0,0.0,4.0,0.1828,0.9534,0.0004,1.5436,-0.9267,2.8194,456.0656,0.0,0.0,0.0,441.399993896484,no_change,2026-08-13T15:49:27,0.0,0.0
SPXW,2026-09-04,14,Put,7230.0,SPXW260904P07230000,5.0,5.3,5.15,6.15,-4.1,-40.0,10.0,65.0,0.1853,-0.0464,0.0004,1.5436,-0.9267,-0.1456,5.2617,6.65,6.65,6.15,10.25,down,2026-08-21T14:42:25,0.0,0.0
SPXW,2026-09-04,14,Call,7240.0,SPXW260904C07240000,439.9,459.3,449.6,260.7,0.0,0.0,0.0,5.0,0.1807,0.9512,0.0004,1.6006,-0.9534,2.8165,446.3187,0.0,0.0,0.0,431.799987792969,down,2026-07-29T13:05:56,0.0,0.0
SPXW,2026-09-04,14,Put,7240.0,SPXW260904P07240000,5.3,5.5,5.4,6.27,-4.33,-40.8491,204.0,93.0,0.1836,-0.0486,0.0004,1.6006,-0.9534,-0.1525,5.4968,7.6,7.6,6.27,10.5999999046326,no_change,2026-08-21T14:00:19,0.0,0.0
SPXW,2026-09-04,14,Call,7250.0,SPXW260904C07250000,425.8,449.1,437.45000000000005,451.87,30.02,7.11627,1.0,29.0,0.1792,0.9489,0.0004,1.66,-0.9812,2.8132,436.5871,451.87,451.87,451.87,421.850006103516,down,2026-08-21T11:40:02,0.0,0.0
SPXW,2026-09-04,14,Put,7250.0,SPXW260904P07250000,5.5,5.7,5.6,5.7,-5.3,-48.1818,1653.0,627.0,0.1815,-0.051,0.0004,1.66,-0.9812,-0.1599,5.7473,7.2,7.8,5.2,11.0,up,2026-08-21T15:59:50,0.0,0.0
SPXW,2026-09-04,14,Call,7260.0,SPXW260904C07260000,416.0,439.0,427.5,237.6,0.0,0.0,0.0,7.0,0.1776,0.9464,0.0004,1.7216,-1.0101,2.8094,426.872,0.0,0.0,0.0,412.300003051758,down,2026-07-30T11:16:04,0.0,0.0
SPXW,2026-09-04,14,Put,7260.0,SPXW260904P07260000,5.8,6.0,5.9,6.77,-4.73,-41.1304,48.0,231.0,0.1799,-0.0534,0.0004,1.7216,-1.0101,-0.1678,6.0143,6.5,6.77,6.5,11.5,up,2026-08-21T12:02:50,0.0,0.0
SPXW,2026-09-04,14,Call,7270.0,SPXW260904C07270000,406.3,429.6,417.95000000000005,242.2,0.0,0.0,0.0,8.0,0.1759,0.9438,0.0004,1.7855,-1.0402,2.8052,417.1745,0.0,0.0,0.0,402.75,up,2026-07-30T09:49:48,0.0,0.0
SPXW,2026-09-04,14,Put,7270.0,SPXW260904P07270000,6.1,6.3,6.199999999999999,7.0,-4.95,-41.4226,137.0,206.0,0.1779,-0.056,0.0004,1.7855,-1.0402,-0.1762,6.2989,8.4,8.4,6.8,11.9500002861023,no_change,2026-08-21T12:05:05,0.0,0.0
SPXW,2026-09-04,14,Call,7275.0,SPXW260904C07275000,401.5,423.8,412.65,427.52,29.42,7.39011,1.0,10.0,0.1747,0.9425,0.0004,1.8185,-1.0557,2.8029,412.3327,427.52,427.52,427.52,398.099990844727,down,2026-08-21T11:40:02,0.0,0.0
SPXW,2026-09-04,14,Put,7275.0,SPXW260904P07275000,6.2,6.4,6.300000000000001,6.05,-6.15,-50.4098,47.0,669.0,0.1773,-0.0574,0.0004,1.8185,-1.0557,-0.1805,6.4481,8.52,8.65,6.05,12.2000002861023,down,2026-08-21T15:49:53,0.0,0.0
SPXW,2026-09-04,14,Call,7280.0,SPXW260904C07280000,396.7,418.9,407.79999999999995,403.75,10.5,2.67006,1.0,4.0,0.1741,0.9411,0.0004,1.8522,-1.0715,2.8006,407.4957,403.75,403.75,403.75,393.25,up,2026-08-21T10:05:08,0.0,0.0
SPXW,2026-09-04,14,Put,7280.0,SPXW260904P07280000,6.4,6.6,6.5,6.6,-5.8,-46.7742,99.0,62.0,0.1761,-0.0588,0.0004,1.8522,-1.0715,-0.1849,6.6021,8.49,8.49,6.25,12.4000000953674,up,2026-08-21T15:55:00,0.0,0.0
SPXW,2026-09-04,14,Call,7290.0,SPXW260904C07290000,391.6,410.7,401.15,253.9,0.0,0.0,0.0,1.0,0.1722,0.9381,0.0005,1.9221,-1.104,2.7955,397.8365,0.0,0.0,0.0,384.100006103516,up,2026-07-30T15:34:50,0.0,0.0
SPXW,2026-09-04,14,Put,7290.0,SPXW260904P07290000,6.6,6.9,6.75,11.51,0.0,0.0,0.0,94.0,0.1745,-0.0617,0.0005,1.9221,-1.104,-0.1941,6.925,0.0,0.0,0.0,12.9500002861023,up,2026-08-20T13:48:46,0.0,0.0
SPXW,2026-09-04,14,Call,7300.0,SPXW260904C07300000,377.5,400.9,389.2,388.82,14.47,3.86537,3.0,59.0,0.1708,0.935,0.0005,1.9957,-1.1377,2.7898,388.1983,383.47,388.82,383.47,374.350006103516,up,2026-08-21T16:03:25,0.0,0.0
SPXW,2026-09-04,14,Put,7300.0,SPXW260904P07300000,7.0,7.2,7.1,7.23,-6.27,-46.4444,1820.0,2251.0,0.1728,-0.0649,0.0005,1.9957,-1.1377,-0.2039,7.2689,9.22,9.8,6.72,13.5,down,2026-08-21T16:00:15,0.0,0.0
SPXW,2026-09-04,14,Call,7310.0,SPXW260904C07310000,372.3,391.5,381.9,498.02,0.0,0.0,0.0,11.0,0.1692,0.9317,0.0005,2.0727,-1.1726,2.7834,378.5826,0.0,0.0,0.0,364.5,no_change,2026-08-13T12:29:35,0.0,0.0
SPXW,2026-09-04,14,Put,7310.0,SPXW260904P07310000,7.3,7.6,7.449999999999999,8.1,-5.95,-42.3488,13.0,122.0,0.171,-0.0682,0.0005,2.0727,-1.1726,-0.2144,7.6353,10.0,10.11,8.1,14.0499997138977,down,2026-08-21T15:08:19,0.0,0.0
SPXW,2026-09-04,14,Call,7320.0,SPXW260904C07320000,362.7,380.1,371.4,228.9,0.0,0.0,0.0,9.0,0.1675,0.9281,0.0005,2.1529,-1.2086,2.7762,368.9913,0.0,0.0,0.0,355.100006103516,up,2026-07-31T09:54:14,0.0,0.0
SPXW,2026-09-04,14,Put,7320.0,SPXW260904P07320000,7.7,8.0,7.85,7.55,-7.1,-48.4642,55.0,109.0,0.1694,-0.0717,0.0005,2.1529,-1.2086,-0.2257,8.0261,10.31,10.31,7.55,14.6500000953674,down,2026-08-21T15:49:53,0.0,0.0
SPXW,2026-09-04,14,Call,7325.0,SPXW260904C07325000,356.5,375.6,366.05,473.68,0.0,0.0,0.0,14.0,0.1666,0.9263,0.0006,2.194,-1.2272,2.7723,364.2053,0.0,0.0,0.0,350.399993896484,up,2026-08-17T09:51:10,0.0,0.0
SPXW,2026-09-04,14,Put,7325.0,SPXW260904P07325000,7.9,8.2,8.05,8.1,-6.8,-45.6376,955.0,861.0,0.1685,-0.0736,0.0006,2.194,-1.2272,-0.2316,8.2312,10.55,10.9,7.5,14.9000000953674,no_change,2026-08-21T15:59:50,0.0,0.0
SPXW,2026-09-04,14,Call,7330.0,SPXW260904C07330000,353.2,372.3,362.75,404.27,0.0,0.0,0.0,3.0,0.1657,0.9244,0.0006,2.2358,-1.246,2.7682,359.4262,0.0,0.0,0.0,345.75,down,2026-08-19T13:37:17,0.0,0.0
SPXW,2026-09-04,14,Put,7330.0,SPXW260904P07330000,8.1,8.4,8.25,8.28,-6.97,-45.7049,62.0,126.0,0.1676,-0.0754,0.0006,2.2358,-1.246,-0.2378,8.4431,10.54,11.09,8.28,15.25,down,2026-08-21T15:40:41,0.0,0.0
SPXW,2026-09-04,14,Call,7340.0,SPXW260904C07340000,342.6,362.7,352.65,249.1,0.0,0.0,0.0,4.0,0.1643,0.9204,0.0006,2.3212,-1.2846,2.7596,349.8891,0.0,0.0,0.0,336.449996948242,up,2026-07-31T15:21:04,0.0,0.0
SPXW,2026-09-04,14,Put,7340.0,SPXW260904P07340000,8.6,8.8,8.7,8.77,-7.18,-45.0157,157.0,1056.0,0.1659,-0.0794,0.0006,2.3212,-1.2846,-0.2505,8.8881,10.97,12.08,8.65,15.9500002861023,up,2026-08-21T16:05:12,0.0,0.0
SPXW,2026-09-04,14,Call,7345.0,SPXW260904C07345000,337.5,358.1,347.8,0.0,0.0,0.0,0.0,0.0,0.1633,0.9183,0.0006,2.365,-1.3043,2.755,345.1317,0.0,0.0,0.0,0.0,no_change,,0.0,0.0
SPXW,2026-09-04,14,Put,7345.0,SPXW260904P07345000,8.8,9.1,8.95,10.02,10.02,0.0,21.0,0.0,0.1651,-0.0815,0.0006,2.365,-1.3043,-0.2571,9.1217,11.13,12.42,9.52,0.0,up,2026-08-21T14:14:24,0.0,0.0
SPXW,2026-09-04,14,Call,7350.0,SPXW260904C07350000,329.5,351.9,340.7,339.36,12.21,3.73223,1.0,92.0,0.1627,0.9162,0.0006,2.4098,-1.3244,2.7503,340.3818,339.36,339.36,339.36,327.150009155273,down,2026-08-21T14:40:06,0.0,0.0
SPXW,2026-09-04,14,Put,7350.0,SPXW260904P07350000,9.0,9.3,9.15,9.1,-7.5,-45.1807,114.0,913.0,0.1643,-0.0837,0.0006,2.4098,-1.3244,-0.2639,9.3629,11.5,12.01,9.1,16.6000003814697,no_change,2026-08-21T15:52:39,0.0,0.0
SPXW,2026-09-04,14,Call,7355.0,SPXW260904C07355000,329.4,346.7,338.04999999999995,0.0,0.0,0.0,0.0,0.0,0.1621,0.914,0.0006,2.4555,-1.3447,2.7454,335.6398,0.0,0.0,0.0,0.0,no_change,,0.0,0.0
SPXW,2026-09-04,14,Put,7355.0,SPXW260904P07355000,9.3,9.5,9.4,9.39,9.39,0.0,68.0,0.0,0.1635,-0.0859,0.0006,2.4555,-1.3447,-0.2708,9.6119,12.3,12.38,9.39,0.0,down,2026-08-21T15:40:41,0.0,0.0
SPXW,2026-09-04,14,Call,7360.0,SPXW260904C07360000,324.6,343.7,334.15,340.4,0.0,0.0,0.0,15.0,0.161,0.9117,0.0006,2.5023,-1.3654,2.7403,330.9059,0.0,0.0,0.0,317.899993896484,down,2026-08-20T11:48:25,0.0,0.0
SPXW,2026-09-04,14,Put,7360.0,SPXW260904P07360000,9.5,9.8,9.65,10.57,-6.78,-39.0778,52.0,201.0,0.1624,-0.0882,0.0006,2.5023,-1.3654,-0.2779,9.869,12.27,12.69,9.91,17.3500003814697,down,2026-08-21T13:30:39,0.0,0.0
SPXW,2026-09-04,14,Call,7365.0,SPXW260904C07365000,318.3,338.4,328.35,0.0,0.0,0.0,0.0,0.0,0.1603,0.9094,0.0007,2.5502,-1.3863,2.735,326.1803,0.0,0.0,0.0,0.0,no_change,,0.0,0.0
SPXW,2026-09-04,14,Put,7365.0,SPXW260904P07365000,9.8,10.1,9.95,9.97,9.97,0.0,136.0,0.0,0.1619,-0.0905,0.0007,2.5502,-1.3863,-0.2853,10.1345,12.32,13.58,9.85,0.0,up,2026-08-21T16:05:12,0.0,0.0
SPXW,2026-09-04,14,Call,7370.0,SPXW260904C07370000,310.5,332.9,321.7,416.42,0.0,0.0,0.0,32.0,0.1595,0.9069,0.0007,2.5991,-1.4075,2.7294,321.4635,0.0,0.0,0.0,308.699996948242,up,2026-08-12T09:37:09,0.0,0.0
SPXW,2026-09-04,14,Put,7370.0,SPXW260904P07370000,10.1,10.3,10.2,10.3,-7.85,-43.2507,55.0,772.0,0.161,-0.0929,0.0007,2.5991,-1.4075,-0.293,10.4087,12.58,13.97,10.15,18.1499996185303,up,2026-08-21T15:55:00,0.0,0.0
SPXW,2026-09-04,14,Call,7375.0,SPXW260904C07375000,305.8,328.2,317.0,191.1,0.0,0.0,0.0,83.0,0.1588,0.9044,0.0007,2.6491,-1.429,2.7235,316.7557,0.0,0.0,0.0,304.100006103516,up,2026-07-30T15:34:50,0.0,0.0
SPXW,2026-09-04,14,Put,7375.0,SPXW260904P07375000,10.3,10.6,10.45,10.15,-8.4,-45.283,50.0,691.0,0.16,-0.0954,0.0007,2.6491,-1.429,-0.3009,10.692,13.34,13.85,10.15,18.5500001907349,down,2026-08-21T15:44:34,0.0,0.0
SPXW,2026-09-04,14,Call,7380.0,SPXW260904C07380000,306.0,324.9,315.45,311.12,11.57,3.86246,1.0,35.0,0.158,0.9019,0.0007,2.6999,-1.4508,2.7174,312.0573,311.12,311.12,311.12,299.550003051758,down,2026-08-21T14:40:06,0.0,0.0
SPXW,2026-09-04,14,Put,7380.0,SPXW260904P07380000,10.6,10.9,10.75,11.56,-7.39,-38.9974,9.0,153.0,0.1592,-0.098,0.0007,2.6999,-1.4508,-0.3091,10.9846,13.67,13.67,11.14,18.9499998092651,no_change,2026-08-21T14:50:22,0.0,0.0
SPXW,2026-09-04,14,Call,7385.0,SPXW260904C07385000,305.6,311.2,308.4,0.0,0.0,0.0,0.0,0.0,0.1571,0.8992,0.0007,2.7515,-1.4729,2.7109,307.3688,0.0,0.0,0.0,0.0,no_change,,0.0,0.0
SPXW,2026-09-04,14,Put,7385.0,SPXW260904P07385000,10.9,11.2,11.05,12.05,12.05,0.0,8.0,0.0,0.1586,-0.1006,0.0007,2.7515,-1.4729,-0.3176,11.2871,13.67,13.67,12.05,0.0,down,2026-08-21T13:56:10,0.0,0.0
SPXW,2026-09-04,14,Call,7390.0,SPXW260904C07390000,300.9,306.5,303.7,342.91,0.0,0.0,0.0,21.0,0.1562,0.8965,0.0008,2.8037,-1.4952,2.7041,302.6904,0.0,0.0,0.0,290.449996948242,down,2026-08-18T09:30:14,0.0,0.0
SPXW,2026-09-04,14,Put,7390.0,SPXW260904P07390000,11.3,11.5,11.4,11.54,-8.31,-41.864,30.0,299.0,0.1577,-0.1033,0.0008,2.8037,-1.4952,-0.3264,11.5998,14.39,14.4,11.54,19.8500003814697,no_change,2026-08-21T15:32:05,0.0,0.0
SPXW,2026-09-04,14,Call,7395.0,SPXW260904C07395000,296.2,301.8,299.0,0.0,0.0,0.0,0.0,0.0,0.1557,0.8937,0.0008,2.8564,-1.5178,2.6971,298.0227,0.0,0.0,0.0,285.949996948242,no_change,,0.0,0.0
SPXW,2026-09-04,14,Put,7395.0,SPXW260904P07395000,11.6,11.9,11.75,11.69,-8.61,-42.4138,83.0,8.0,0.1568,-0.1062,0.0008,2.8564,-1.5178,-0.3355,11.9231,14.84,15.17,11.68,20.3000001907349,down,2026-08-21T15:56:07,0.0,0.0
SPXW,2026-09-04,14,Call,7400.0,SPXW260904C07400000,291.6,297.2,294.4,296.0,14.65,5.20704,4.0,158.0,0.1556,0.8908,0.0008,2.9098,-1.5407,2.6899,293.3658,294.5,296.0,294.5,281.350006103516,up,2026-08-21T11:29:19,0.0,0.0
SPXW,2026-09-04,14,Put,7400.0,SPXW260904P07400000,11.9,12.2,12.05,11.95,-8.8,-42.4096,408.0,1762.0,0.156,-0.109,0.0008,2.9098,-1.5407,-0.3448,12.2573,14.77,15.7,11.6,20.75,up,2026-08-21T15:52:50,0.0,0.0
SPXW,2026-09-04,14,Call,7405.0,SPXW260904C07405000,286.6,292.5,289.55,0.0,0.0,0.0,0.0,0.0,0.1541,0.8878,0.0008,2.9638,-1.5638,2.6824,288.7202,0.0,0.0,0.0,276.850006103516,no_change,,0.0,0.0
SPXW,2026-09-04,14,Put,7405.0,SPXW260904P07405000,12.3,12.5,12.4,12.2,-9.05,-42.5882,7.0,2.0,0.1552,-0.112,0.0008,2.9638,-1.5638,-0.3543,12.6027,15.07,15.47,12.2,21.25,down,2026-08-21T15:40:06,0.0,0.0
SPXW,2026-09-04,14,Call,7410.0,SPXW260904C07410000,282.3,287.9,285.1,338.7,0.0,0.0,0.0,46.0,0.1534,0.8848,0.0008,3.0188,-1.5872,2.6747,284.086,0.0,0.0,0.0,272.350006103516,up,2026-08-19T10:35:27,0.0,0.0
SPXW,2026-09-04,14,Put,7410.0,SPXW260904P07410000,12.6,12.9,12.75,13.0,-8.75,-40.2299,61.0,195.0,0.1544,-0.1151,0.0008,3.0188,-1.5872,-0.364,12.9596,15.2,15.2,13.0,21.75,down,2026-08-21T15:26:50,0.0,0.0
SPXW,2026-09-04,14,Call,7415.0,SPXW260904C07415000,277.7,283.2,280.45,0.0,0.0,0.0,0.0,0.0,0.1524,0.8816,0.0008,3.0747,-1.6108,2.6668,279.4637,0.0,0.0,0.0,267.900009155273,no_change,,0.0,0.0
SPXW,2026-09-04,14,Put,7415.0,SPXW260904P07415000,13.0,13.3,13.15,14.0,-8.25,-37.0787,3.0,20.0,0.1537,-0.1183,0.0008,3.0747,-1.6108,-0.374,13.3284,14.43,14.43,14.0,22.25,down,2026-08-21T13:22:29,0.0,0.0
SPXW,2026-09-04,14,Call,7420.0,SPXW260904C07420000,273.0,278.6,275.8,290.5,27.1,10.2885,2.0,22.0,0.1516,0.8783,0.0009,3.1318,-1.6347,2.6586,274.8537,290.5,290.5,290.5,263.400009155273,no_change,2026-08-21T11:39:49,0.0,0.0
SPXW,2026-09-04,14,Put,7420.0,SPXW260904P07420000,13.4,13.6,13.5,13.3,-9.45,-41.5385,65.0,362.0,0.1528,-0.1215,0.0009,3.1318,-1.6347,-0.3842,13.7094,16.28,17.35,13.21,22.75,up,2026-08-21T15:59:34,0.0,0.0
SPXW,2026-09-04,14,Call,7425.0,SPXW260904C07425000,268.4,274.0,271.2,318.5,0.0,0.0,0.0,55.0,0.1512,0.875,0.0009,3.1901,-1.6587,2.6501,270.2563,0.0,0.0,0.0,259.0,down,2026-08-19T14:32:30,0.0,0.0
SPXW,2026-09-04,14,Put,7425.0,SPXW260904P07425000,13.8,14.0,13.9,14.11,-9.19,-39.4421,99.0,1279.0,0.152,-0.1249,0.0009,3.1901,-1.6587,-0.3948,14.1031,16.8,17.4,12.9,23.3000001907349,up,2026-08-21T15:55:15,0.0,0.0
SPXW,2026-09-04,14,Call,7430.0,SPXW260904C07430000,263.9,269.4,266.65,320.2,0.0,0.0,0.0,19.0,0.1503,0.8715,0.0009,3.2494,-1.683,2.6411,265.6722,0.0,0.0,0.0,254.499992370605,down,2026-08-19T10:35:28,0.0,0.0
SPXW,2026-09-04,14,Put,7430.0,SPXW260904P07430000,14.2,14.4,14.3,14.0,-9.85,-41.2998,66.0,132.0,0.1512,-0.1284,0.0009,3.2494,-1.683,-0.4058,14.51,17.24,17.6,13.62,23.8500003814697,up,2026-08-21T15:52:00,0.0,0.0
SPXW,2026-09-04,14,Call,7435.0,SPXW260904C07435000,259.3,264.8,262.05,0.0,0.0,0.0,0.0,0.0,0.1494,0.8679,0.0009,3.3098,-1.7074,2.6317,261.1018,0.0,0.0,0.0,250.099998474121,no_change,,0.0,0.0
SPXW,2026-09-04,14,Put,7435.0,SPXW260904P07435000,14.6,14.9,14.75,15.3,-9.15,-37.4233,21.0,37.0,0.1504,-0.1319,0.0009,3.3098,-1.7074,-0.4172,14.9306,15.05,15.3,15.05,24.4499998092651,up,2026-08-21T12:09:32,0.0,0.0
SPXW,2026-09-04,14,Call,7440.0,SPXW260904C07440000,254.8,260.2,257.5,379.07,0.0,0.0,0.0,28.0,0.1488,0.8643,0.001,3.3708,-1.732,2.622,256.5458,0.0,0.0,0.0,245.699996948242,up,2026-08-13T13:45:35,0.0,0.0
SPXW,2026-09-04,14,Put,7440.0,SPXW260904P07440000,15.0,15.3,15.15,14.33,-10.67,-42.68,58.0,172.0,0.1497,-0.1356,0.001,3.3708,-1.732,-0.4291,15.3657,18.87,18.87,14.33,25.0,no_change,2026-08-21T15:50:01,0.0,0.0
SPXW,2026-09-04,14,Call,7445.0,SPXW260904C07445000,250.3,255.7,253.0,256.94,15.64,6.48156,1.0,0.0,0.1479,0.8605,0.001,3.4322,-1.7567,2.6117,252.0048,256.94,256.94,256.94,241.300003051758,up,2026-08-21T15:54:32,0.0,0.0
SPXW,2026-09-04,14,Put,7445.0,SPXW260904P07445000,15.5,15.7,15.6,15.6,-9.95,-38.9432,48.0,25.0,0.1487,-0.1394,0.001,3.4322,-1.7567,-0.4414,15.8157,19.13,19.5,14.77,25.5500001907349,up,2026-08-21T15:55:54,0.0,0.0
SPXW,2026-09-04,14,Call,7450.0,SPXW260904C07450000,245.7,251.1,248.39999999999998,242.75,0.0,0.0,0.0,179.0,0.1472,0.8566,0.001,3.4941,-1.7816,2.6012,247.4794,0.0,0.0,0.0,236.949996948242,up,2026-08-20T14:20:26,0.0,0.0
SPXW,2026-09-04,14,Put,7450.0,SPXW260904P07450000,15.9,16.2,16.05,15.93,-10.27,-39.1985,156.0,3860.0,0.148,-0.1433,0.001,3.4941,-1.7816,-0.454,16.2813,19.03,20.06,14.9,26.1999998092651,up,2026-08-21T16:00:24,0.0,0.0
SPXW,2026-09-04,14,Call,7455.0,SPXW260904C07455000,241.1,246.8,243.95,0.0,0.0,0.0,0.0,0.0,0.1464,0.8526,0.001,3.5562,-1.8067,2.5904,242.9699,0.0,0.0,0.0,232.550003051758,no_change,,0.0,0.0
SPXW,2026-09-04,14,Put,7455.0,SPXW260904P07455000,16.4,16.7,16.549999999999997,16.82,-10.03,-37.3557,134.0,8.0,0.1473,-0.1473,0.001,3.5562,-1.8067,-0.4668,16.7629,19.84,20.1,15.62,26.8500003814697,up,2026-08-21T16:11:30,0.0,0.0
SPXW,2026-09-04,14,Call,7460.0,SPXW260904C07460000,236.3,242.3,239.3,339.91,0.0,0.0,0.0,41.0,0.1456,0.8484,0.0011,3.6189,-1.8318,2.5792,238.4768,0.0,0.0,0.0,228.25,down,2026-08-17T09:46:57,0.0,0.0
SPXW,2026-09-04,14,Put,7460.0,SPXW260904P07460000,16.9,17.2,17.049999999999997,17.38,-10.07,-36.6849,86.0,314.0,0.1465,-0.1514,0.0011,3.6189,-1.8318,-0.48,17.2609,20.92,21.1,16.18,27.4499998092651,up,2026-08-21T16:11:30,0.0,0.0
SPXW,2026-09-04,14,Call,7465.0,SPXW260904C07465000,232.3,237.8,235.05,0.0,0.0,0.0,0.0,0.0,0.1448,0.8442,0.0011,3.6822,-1.8571,2.5678,234.0007,0.0,0.0,0.0,224.0,no_change,,0.0,0.0
SPXW,2026-09-04,14,Put,7465.0,SPXW260904P07465000,17.4,17.7,17.549999999999997,17.58,-10.57,-37.5488,31.0,25.0,0.1458,-0.1556,0.0011,3.6822,-1.8571,-0.4935,17.7758,18.78,19.08,17.25,28.1499996185303,down,2026-08-21T15:27:37,0.0,0.0
SPXW,2026-09-04,14,Call,7470.0,SPXW260904C07470000,227.7,233.3,230.5,235.39,15.69,7.14156,1.0,15.0,0.1441,0.8398,0.0011,3.7465,-1.8824,2.5561,229.5419,235.39,235.39,235.39,219.699996948242,down,2026-08-21T15:41:46,0.0,0.0
SPXW,2026-09-04,14,Put,7470.0,SPXW260904P07470000,17.9,18.2,18.049999999999997,17.9,-10.9,-37.8472,34.0,512.0,0.1449,-0.16,0.0011,3.7465,-1.8824,-0.5073,18.308,22.55,22.55,17.9,28.8000001907349,down,2026-08-21T15:53:00,0.0,0.0
SPXW,2026-09-04,14,Call,7475.0,SPXW260904C07475000,223.3,228.7,226.0,242.5,0.0,0.0,0.0,76.0,0.1432,0.8353,0.0011,3.8118,-1.9078,2.5439,225.1011,0.0,0.0,0.0,215.400001525879,down,2026-08-20T10:09:03,0.0,0.0
SPXW,2026-09-04,14,Put,7475.0,SPXW260904P07475000,18.4,18.5,18.45,18.5,-11.05,-37.3942,182.0,883.0,0.1441,-0.1645,0.0011,3.8118,-1.9078,-0.5215,18.8583,24.39,24.39,18.05,29.5500001907349,no_change,2026-08-21T16:14:55,0.0,0.0
SPXW,2026-09-04,14,Call,7480.0,SPXW260904C07480000,218.9,224.3,221.60000000000002,239.29,0.0,0.0,0.0,56.0,0.1425,0.8307,0.0012,3.8781,-1.9332,2.5312,220.679,0.0,0.0,0.0,211.099998474121,down,2026-08-20T10:23:02,0.0,0.0
SPXW,2026-09-04,14,Put,7480.0,SPXW260904P07480000,19.0,19.4,19.2,19.25,-11.0,-36.3636,36.0,161.0,0.1433,-0.1692,0.0012,3.8781,-1.9332,-0.5362,19.4272,23.0,23.25,18.12,30.25,no_change,2026-08-21T16:14:10,0.0,0.0
SPXW,2026-09-04,14,Call,7485.0,SPXW260904C07485000,214.5,220.0,217.25,267.84,0.0,0.0,0.0,2.0,0.1417,0.8259,0.0012,3.9452,-1.9586,2.518,216.2764,0.0,0.0,0.0,206.849998474121,up,2026-08-19T11:50:23,0.0,0.0
SPXW,2026-09-04,14,Put,7485.0,SPXW260904P07485000,19.6,19.9,19.75,20.4,-10.65,-34.2995,14.0,24.0,0.1426,-0.1739,0.0012,3.9452,-1.9586,-0.5515,20.0156,21.3,21.3,19.25,31.0500001907349,up,2026-08-21T14:05:05,0.0,0.0
SPXW,2026-09-04,14,Call,7490.0,SPXW260904C07490000,210.1,215.6,212.85,202.16,0.0,0.0,0.0,15.0,0.1425,0.821,0.0012,4.0127,-1.9839,2.5041,211.8941,0.0,0.0,0.0,202.650001525879,down,2026-08-20T15:48:04,0.0,0.0
SPXW,2026-09-04,14,Put,7490.0,SPXW260904P07490000,20.2,20.5,20.35,19.8,-10.93,-34.3171,41.0,105.0,0.1417,-0.1788,0.0012,4.0127,-1.9839,-0.5674,20.6244,24.75,24.75,19.8,31.8500003814697,down,2026-08-21T15:58:32,0.0,0.0
SPXW,2026-09-04,14,Call,7495.0,SPXW260904C07495000,205.8,211.1,208.45,0.0,0.0,0.0,0.0,0.0,0.1403,0.816,0.0012,4.0804,-2.0092,2.4898,207.533,0.0,0.0,0.0,198.5,no_change,,0.0,0.0
SPXW,2026-09-04,14,Put,7495.0,SPXW260904P07495000,20.8,21.1,20.950000000000003,21.05,-11.6,-35.5283,68.0,39.0,0.141,-0.1839,0.0012,4.0804,-2.0092,-0.5838,21.2544,24.46,25.5,19.8,32.6499996185303,no_change,2026-08-21T16:14:10,0.0,0.0
SPXW,2026-09-04,14,Call,7500.0,SPXW260904C07500000,201.4,206.6,204.0,208.24,13.99,7.20206,11.0,504.0,0.1403,0.8108,0.0013,4.1479,-2.0344,2.475,203.1939,203.9,220.0,198.7,194.25,down,2026-08-21T15:54:16,0.0,0.0
SPXW,2026-09-04,14,Put,7500.0,SPXW260904P07500000,21.5,21.8,21.65,21.8,-11.6,-34.7305,441.0,5855.0,0.1404,-0.1891,0.0013,4.1479,-2.0344,-0.6007,21.9062,27.6,27.6,20.2,33.3999996185303,up,2026-08-21T16:07:18,0.0,0.0
SPXW,2026-09-04,14,Call,7505.0,SPXW260904C07505000,197.1,202.3,199.7,0.0,0.0,0.0,0.0,0.0,0.1387,0.8054,0.0013,4.2152,-2.0594,2.4598,198.8772,0.0,0.0,0.0,190.150001525879,no_change,,0.0,0.0
SPXW,2026-09-04,14,Put,7505.0,SPXW260904P07505000,22.1,22.5,22.3,22.65,-11.6,-33.8686,34.0,23.0,0.1395,-0.1944,0.0013,4.2152,-2.0594,-0.6178,22.5806,26.2,26.78,21.75,34.25,up,2026-08-21T15:55:03,0.0,0.0
SPXW,2026-09-04,14,Call,7510.0,SPXW260904C07510000,192.8,198.0,195.4,199.2,12.85,6.89563,3.0,1050.0,0.1386,0.7999,0.0013,4.2826,-2.0844,2.4444,194.5836,190.06,199.2,190.06,186.349998474121,up,2026-08-21T15:54:27,0.0,0.0
SPXW,2026-09-04,14,Put,7510.0,SPXW260904P07510000,22.8,23.1,22.950000000000003,22.75,-11.53,-32.849,606.0,2432.0,0.1386,-0.1999,0.0013,4.2826,-2.0844,-0.6354,23.2781,27.0,27.4,21.34,35.1000003814697,no_change,2026-08-21T15:54:46,0.0,0.0
SPXW,2026-09-04,14,Call,7515.0,SPXW260904C07515000,188.1,193.7,190.89999999999998,0.0,0.0,0.0,0.0,0.0,0.1373,0.7943,0.0014,4.3502,-2.1091,2.4286,190.3137,0.0,0.0,0.0,182.25,no_change,,0.0,0.0
SPXW,2026-09-04,14,Put,7515.0,SPXW260904P07515000,23.5,23.9,23.7,23.28,-12.77,-35.423,121.0,58.0,0.1379,-0.2056,0.0014,4.3502,-2.1091,-0.6532,23.9992,27.35,27.8,23.1,36.0500011444092,down,2026-08-21T15:56:54,0.0,0.0
SPXW,2026-09-04,14,Call,7520.0,SPXW260904C07520000,183.9,189.4,186.65,204.3,26.15,14.6786,1.0,40.0,0.1364,0.7885,0.0014,4.4184,-2.1336,2.4123,186.0682,204.3,204.3,204.3,178.150001525879,down,2026-08-21T11:42:18,0.0,0.0
SPXW,2026-09-04,14,Put,7520.0,SPXW260904P07520000,24.3,24.6,24.450000000000003,24.0,-12.95,-35.0474,224.0,5134.0,0.1371,-0.2114,0.0014,4.4184,-2.1336,-0.6716,24.7447,28.7,29.43,22.9,36.9499988555908,no_change,2026-08-21T15:57:05,0.0,0.0
SPXW,2026-09-04,14,Call,7525.0,SPXW260904C07525000,179.7,185.2,182.45,184.65,10.5,6.02928,6.0,1179.0,0.1364,0.7825,0.0014,4.4872,-2.1578,2.3953,181.8478,190.4,190.4,184.65,174.150001525879,down,2026-08-21T14:04:24,0.0,0.0
SPXW,2026-09-04,14,Put,7525.0,SPXW260904P07525000,25.0,25.4,25.2,25.51,-12.34,-32.6024,150.0,4210.0,0.1365,-0.2173,0.0014,4.4872,-2.1578,-0.6906,25.5154,29.3,30.51,24.4,37.8500003814697,down,2026-08-21T16:00:07,0.0,0.0
SPXW,2026-09-04,14,Call,7530.0,SPXW260904C07530000,175.5,180.9,178.2,274.6,0.0,0.0,0.0,28.0,0.135,0.7764,0.0015,4.5564,-2.1818,2.3777,177.6538,0.0,0.0,0.0,170.100006103516,down,2026-08-07T11:02:44,0.0,0.0
SPXW,2026-09-04,14,Put,7530.0,SPXW260904P07530000,25.8,26.1,25.950000000000003,24.5,-14.35,-36.9369,76.0,171.0,0.1356,-0.2235,0.0015,4.5564,-2.1818,-0.7103,26.3124,29.48,31.1,24.5,38.8500003814697,down,2026-08-21T15:44:20,0.0,0.0
SPXW,2026-09-04,14,Call,7535.0,SPXW260904C07535000,171.3,176.7,174.0,0.0,0.0,0.0,0.0,0.0,0.1341,0.7701,0.0015,4.6256,-2.2053,2.3593,173.4871,0.0,0.0,0.0,165.950004577637,no_change,,0.0,0.0
SPXW,2026-09-04,14,Put,7535.0,SPXW260904P07535000,26.6,27.0,26.8,24.93,-14.92,-37.4404,103.0,38.0,0.1348,-0.2298,0.0015,4.6256,-2.2053,-0.7307,27.1368,31.41,32.1,24.93,39.8500003814697,no_change,2026-08-21T15:49:04,0.0,0.0
SPXW,2026-09-04,14,Call,7540.0,SPXW260904C07540000,167.2,172.6,169.89999999999998,177.65,15.85,9.79604,15.0,56.0,0.1335,0.7636,0.0015,4.6942,-2.2284,2.3403,169.3489,177.65,177.65,177.65,161.800003051758,down,2026-08-21T12:15:07,0.0,0.0
SPXW,2026-09-04,14,Put,7540.0,SPXW260904P07540000,27.5,27.8,27.65,27.91,-12.94,-31.6769,45.0,227.0,0.1342,-0.2362,0.0015,4.6942,-2.2284,-0.7517,27.9896,32.0,34.11,27.14,40.8500003814697,down,2026-08-21T16:02:52,0.0,0.0
SPXW,2026-09-04,14,Call,7545.0,SPXW260904C07545000,163.1,168.4,165.75,0.0,0.0,0.0,0.0,0.0,0.1328,0.757,0.0016,4.7619,-2.2511,2.3208,165.24,0.0,0.0,0.0,158.0,no_change,,0.0,0.0
SPXW,2026-09-04,14,Put,7545.0,SPXW260904P07545000,28.3,28.7,28.5,28.26,-13.69,-32.6341,63.0,82.0,0.1334,-0.2429,0.0016,4.7619,-2.2511,-0.7733,28.8718,33.41,34.0,27.57,41.9499988555908,down,2026-08-21T15:18:47,0.0,0.0
SPXW,2026-09-04,14,Call,7550.0,SPXW260904C07550000,159.0,164.3,161.65,167.65,13.55,8.79299,10.0,213.0,0.1326,0.7502,0.0016,4.8287,-2.2733,2.301,161.1612,160.05,177.39,160.05,154.099998474121,no_change,2026-08-21T15:52:00,0.0,0.0
SPXW,2026-09-04,14,Put,7550.0,SPXW260904P07550000,29.2,29.6,29.4,29.3,-13.65,-31.7811,968.0,613.0,0.1326,-0.2497,0.0016,4.8287,-2.2733,-0.7952,29.784,33.4,35.21,27.1,42.9499988555908,down,2026-08-21T16:14:38,0.0,0.0
SPXW,2026-09-04,14,Call,7555.0,SPXW260904C07555000,155.7,159.7,157.7,162.13,11.73,7.7992,6.0,5.0,0.1311,0.7432,0.0016,4.8947,-2.2949,2.2808,157.1131,162.13,162.13,162.13,150.400001525879,down,2026-08-21T15:18:47,0.0,0.0
SPXW,2026-09-04,14,Put,7555.0,SPXW260904P07555000,30.2,30.5,30.35,30.65,-13.5,-30.5776,115.0,79.0,0.1318,-0.2567,0.0016,4.8947,-2.2949,-0.8174,30.727,35.82,35.82,28.4,44.1499996185303,up,2026-08-21T15:55:03,0.0,0.0
SPXW,2026-09-04,14,Call,7560.0,SPXW260904C07560000,151.7,155.7,153.7,161.15,14.65,10.0,19.0,52.0,0.1304,0.736,0.0016,4.9602,-2.316,2.2601,153.0964,158.07,161.15,158.07,146.5,up,2026-08-21T12:15:07,0.0,0.0
SPXW,2026-09-04,14,Put,7560.0,SPXW260904P07560000,31.1,31.5,31.3,29.16,-16.09,-35.558,247.0,242.0,0.1311,-0.2638,0.0016,4.9602,-2.316,-0.8401,31.7013,35.74,36.9,29.11,45.25,down,2026-08-21T15:49:10,0.0,0.0
SPXW,2026-09-04,14,Call,7565.0,SPXW260904C07565000,147.7,151.7,149.7,145.34,2.64,1.85004,2.0,0.0,0.1296,0.7287,0.0017,5.0255,-2.3363,2.2388,149.112,144.81,145.34,144.81,142.699996948242,up,2026-08-21T09:56:25,0.0,0.0
SPXW,2026-09-04,14,Put,7565.0,SPXW260904P07565000,32.1,32.4,32.25,30.95,-15.5,-33.3692,1308.0,14.0,0.1304,-0.2712,0.0017,5.0255,-2.3363,-0.8635,32.708,37.97,38.24,30.15,46.4499988555908,down,2026-08-21T15:39:23,0.0,0.0
SPXW,2026-09-04,14,Call,7570.0,SPXW260904C07570000,143.7,147.8,145.75,138.83,-0.07,-0.0503971,5.0,412.0,0.1296,0.7211,0.0017,5.0906,-2.356,2.2167,145.1612,138.83,138.83,138.83,138.900001525879,down,2026-08-21T10:42:04,0.0,0.0
SPXW,2026-09-04,14,Put,7570.0,SPXW260904P07570000,33.1,33.5,33.3,33.46,-14.19,-29.7796,1791.0,441.0,0.1296,-0.2787,0.0017,5.0906,-2.356,-0.8877,33.7481,37.77,39.61,30.84,47.6499996185303,up,2026-08-21T16:08:04,0.0,0.0
SPXW,2026-09-04,14,Call,7575.0,SPXW260904C07575000,139.8,143.8,141.8,146.1,10.9,8.06213,3.0,346.0,0.1287,0.7134,0.0018,5.1549,-2.3749,2.1937,141.2452,141.66,146.1,137.87,135.199996948242,up,2026-08-21T15:34:39,0.0,0.0
SPXW,2026-09-04,14,Put,7575.0,SPXW260904P07575000,34.2,34.5,34.35,34.93,-13.97,-28.5685,635.0,708.0,0.1289,-0.2864,0.0018,5.1549,-2.3749,-0.9127,34.8232,37.36,40.06,31.9,48.8999996185303,up,2026-08-21T15:59:50,0.0,0.0
SPXW,2026-09-04,14,Call,7580.0,SPXW260904C07580000,135.9,139.9,137.9,139.0,7.5,5.70342,8.0,154.0,0.1276,0.7055,0.0018,5.218,-2.3929,2.1699,137.3655,134.11,139.0,134.11,131.5,up,2026-08-21T11:25:57,0.0,0.0
SPXW,2026-09-04,14,Put,7580.0,SPXW260904P07580000,35.3,35.6,35.45,35.63,-14.57,-29.0239,115.0,318.0,0.1281,-0.2943,0.0018,5.218,-2.3929,-0.9385,35.9345,39.66,41.52,32.27,50.2000007629394,up,2026-08-21T16:06:11,0.0,0.0
SPXW,2026-09-04,14,Call,7585.0,SPXW260904C07585000,132.0,136.1,134.05,138.25,10.45,8.17684,4.0,8.0,0.1267,0.6974,0.0018,5.2793,-2.41,2.1456,133.523,146.95,146.95,135.76,127.799999237061,up,2026-08-21T15:34:39,0.0,0.0
SPXW,2026-09-04,14,Put,7585.0,SPXW260904P07585000,36.4,36.8,36.599999999999994,35.8,-15.7,-30.4854,187.0,71.0,0.1273,-0.3024,0.0018,5.2793,-2.41,-0.9648,37.0831,43.18,43.2,33.36,51.5,up,2026-08-21T15:59:32,0.0,0.0
SPXW,2026-09-04,14,Call,7590.0,SPXW260904C07590000,130.0,130.6,130.3,129.77,5.57,4.4847,6.0,98.0,0.1268,0.6891,0.0018,5.3386,-2.4261,2.121,129.7187,126.49,129.77,126.49,124.200000762939,up,2026-08-21T16:13:30,0.0,0.0
SPXW,2026-09-04,14,Put,7590.0,SPXW260904P07590000,37.6,37.9,37.75,37.92,-14.93,-28.2498,174.0,291.0,0.1266,-0.3107,0.0018,5.3386,-2.4261,-0.9915,38.2699,43.09,44.07,35.2,52.8500003814697,no_change,2026-08-21T16:05:55,0.0,0.0
SPXW,2026-09-04,14,Call,7595.0,SPXW260904C07595000,126.2,126.7,126.45,130.77,10.17,8.43283,60.0,6.0,0.126,0.6807,0.0019,5.396,-2.4412,2.096,125.9532,123.05,133.18,120.47,120.600002288818,down,2026-08-21T15:22:12,0.0,0.0
SPXW,2026-09-04,14,Put,7595.0,SPXW260904P07595000,38.8,39.1,38.95,37.19,-17.06,-31.447,279.0,118.0,0.1258,-0.3192,0.0019,5.396,-2.4412,-1.0186,39.4954,44.47,45.44,35.55,54.25,down,2026-08-21T15:43:27,0.0,0.0
SPXW,2026-09-04,14,Call,7600.0,SPXW260904C07600000,122.4,123.0,122.7,123.81,6.81,5.82051,73.0,480.0,0.1251,0.672,0.0019,5.4519,-2.4553,2.0706,122.2272,123.15,129.18,118.3,117.0,down,2026-08-21T16:05:17,0.0,0.0
SPXW,2026-09-04,14,Put,7600.0,SPXW260904P07600000,40.0,40.4,40.2,40.1,-14.2,-25.4937,428.0,1723.0,0.1251,-0.3278,0.0019,5.4519,-2.4553,-1.0461,40.7605,45.9,48.14,37.2,55.7000007629394,no_change,2026-08-21T16:14:42,0.0,0.0
SPXW,2026-09-04,14,Call,7605.0,SPXW260904C07605000,118.8,119.3,119.05,123.37,9.87,8.69604,2.0,6.0,0.1246,0.6631,0.002,5.5064,-2.4682,2.0443,118.542,122.95,123.37,122.95,113.5,up,2026-08-21T11:01:44,0.0,0.0
SPXW,2026-09-04,14,Put,7605.0,SPXW260904P07605000,41.3,41.7,41.5,41.69,-15.51,-27.1154,81.0,48.0,0.1243,-0.3367,0.002,5.5064,-2.4682,-1.0744,42.0663,46.81,46.81,37.75,57.2000007629394,up,2026-08-21T16:00:27,0.0,0.0
SPXW,2026-09-04,14,Call,7610.0,SPXW260904C07610000,115.2,115.6,115.4,119.94,9.94,9.03636,46.0,71.0,0.1237,0.6541,0.002,5.5594,-2.4798,2.0171,114.8991,115.13,119.94,111.4,110.0,up,2026-08-21T15:37:54,0.0,0.0
SPXW,2026-09-04,14,Put,7610.0,SPXW260904P07610000,42.7,43.0,42.85,42.96,-15.74,-26.8143,176.0,345.0,0.1236,-0.3458,0.002,5.5594,-2.4798,-1.1036,43.4144,48.0,49.02,39.32,58.7000007629394,up,2026-08-21T16:00:27,0.0,0.0
SPXW,2026-09-04,14,Call,7615.0,SPXW260904C07615000,111.6,112.0,111.8,110.56,3.91,3.6662,19.0,6.0,0.123,0.6448,0.002,5.6104,-2.4902,1.989,111.3,111.67,113.75,110.56,106.650001525879,no_change,2026-08-21T14:39:37,0.0,0.0
SPXW,2026-09-04,14,Put,7615.0,SPXW260904P07615000,44.0,44.4,44.2,42.9,-17.4,-28.8557,58.0,61.0,0.1229,-0.355,0.002,5.6104,-2.4902,-1.1338,44.8064,49.59,51.2,42.35,60.2999992370606,down,2026-08-21T15:58:27,0.0,0.0
SPXW,2026-09-04,14,Call,7620.0,SPXW260904C07620000,108.0,108.4,108.2,113.87,10.67,10.3391,74.0,163.0,0.1224,0.6354,0.002,5.6589,-2.4992,1.9602,107.7463,110.28,121.2,107.03,103.200000762939,no_change,2026-08-21T15:02:43,0.0,0.0
SPXW,2026-09-04,14,Put,7620.0,SPXW260904P07620000,45.5,45.8,45.65,45.7,-16.2,-26.1712,490.0,232.0,0.1222,-0.3644,0.002,5.6589,-2.4992,-1.1647,46.2437,51.81,52.4,42.24,61.8999996185303,no_change,2026-08-21T16:14:10,0.0,0.0
SPXW,2026-09-04,14,Call,7625.0,SPXW260904C07625000,104.5,105.0,104.75,108.01,8.06,8.06404,5.0,183.0,0.1216,0.6258,0.0021,5.7042,-2.5068,1.931,104.239,102.53,108.01,102.53,99.9499969482422,up,2026-08-21T15:25:19,0.0,0.0
SPXW,2026-09-04,14,Put,7625.0,SPXW260904P07625000,46.9,47.3,47.099999999999994,47.33,-16.22,-25.5232,2668.0,287.0,0.1214,-0.3741,0.0021,5.7042,-2.5068,-1.1959,47.7274,52.48,54.7,43.35,63.5500011444092,up,2026-08-21T16:12:59,0.0,0.0
SPXW,2026-09-04,14,Call,7630.0,SPXW260904C07630000,101.0,101.4,101.2,100.45,3.85,3.9855,9.0,54.0,0.1208,0.616,0.0021,5.7465,-2.5128,1.9016,100.7787,97.6,108.14,97.6,96.6000022888184,down,2026-08-21T14:35:38,0.0,0.0
SPXW,2026-09-04,14,Put,7630.0,SPXW260904P07630000,48.4,48.8,48.599999999999994,47.05,-18.15,-27.8374,4104.0,487.0,0.1209,-0.3839,0.0021,5.7465,-2.5128,-1.2273,49.2582,52.93,56.16,44.56,65.2000007629394,down,2026-08-21T15:59:13,0.0,0.0
SPXW,2026-09-04,14,Call,7635.0,SPXW260904C07635000,97.6,98.0,97.8,99.4,6.0,6.42399,60.0,111.0,0.1201,0.606,0.0021,5.7858,-2.5174,1.8719,97.3663,95.03,104.04,92.71,93.3999977111816,no_change,2026-08-21T14:05:28,0.0,0.0
SPXW,2026-09-04,14,Put,7635.0,SPXW260904P07635000,50.0,50.4,50.2,48.42,-18.58,-27.7313,133.0,35.0,0.1202,-0.3939,0.0021,5.7858,-2.5174,-1.2591,50.8369,52.83,56.43,45.0,67.0,down,2026-08-21T15:59:19,0.0,0.0
SPXW,2026-09-04,14,Call,7640.0,SPXW260904C07640000,94.2,94.6,94.4,94.63,4.43,4.91131,7.0,56.0,0.1196,0.5958,0.0022,5.8224,-2.5204,1.8413,94.003,92.7,101.53,92.7,90.2000007629394,down,2026-08-21T16:14:48,0.0,0.0
SPXW,2026-09-04,14,Put,7640.0,SPXW260904P07640000,51.6,52.0,51.8,51.94,-16.86,-24.5058,298.0,931.0,0.1194,-0.4041,0.0022,5.8224,-2.5204,-1.2917,52.4646,56.79,59.62,47.39,68.7999992370606,down,2026-08-21T16:01:08,0.0,0.0
SPXW,2026-09-04,14,Call,7645.0,SPXW260904C07645000,90.9,91.3,91.1,91.23,4.23,4.86207,25.0,9.0,0.119,0.5854,0.0022,5.8562,-2.5217,1.8098,90.6906,90.9,105.2,90.9,87.0,down,2026-08-21T16:14:48,0.0,0.0
SPXW,2026-09-04,14,Put,7645.0,SPXW260904P07645000,53.3,53.7,53.5,53.8,-16.8,-23.796,136.0,99.0,0.1188,-0.4144,0.0022,5.8562,-2.5217,-1.3253,54.1432,55.9,55.9,49.26,70.6000022888184,up,2026-08-21T16:10:20,0.0,0.0
SPXW,2026-09-04,14,Call,7650.0,SPXW260904C07650000,87.6,88.0,87.8,86.68,2.73,3.25193,210.0,1156.0,0.118,0.5749,0.0022,5.8867,-2.5212,1.7773,87.4309,90.44,103.4,82.76,83.9500007629394,down,2026-08-21T16:13:43,0.0,0.0
SPXW,2026-09-04,14,Put,7650.0,SPXW260904P07650000,55.0,55.4,55.2,55.68,-16.87,-23.2529,2456.0,1859.0,0.118,-0.425,0.0022,5.8867,-2.5212,-1.3598,55.8746,61.41,64.47,49.45,72.5499992370606,no_change,2026-08-21T16:13:58,0.0,0.0
SPXW,2026-09-04,14,Call,7655.0,SPXW260904C07655000,84.4,84.8,84.6,84.85,3.95,4.88257,4.0,137.0,0.1174,0.5642,0.0022,5.9134,-2.519,1.7443,84.2255,89.89,99.48,84.85,80.8999977111816,down,2026-08-21T14:44:37,0.0,0.0
SPXW,2026-09-04,14,Put,7655.0,SPXW260904P07655000,56.8,57.2,57.0,57.3,-17.2,-23.0872,22.0,135.0,0.1173,-0.4357,0.0022,5.9134,-2.519,-1.3949,57.6602,61.11,63.1,54.72,74.5,up,2026-08-21T16:10:20,0.0,0.0
SPXW,2026-09-04,14,Call,7660.0,SPXW260904C07660000,81.3,81.7,81.5,86.9,8.9,11.4103,14.0,63.0,0.1169,0.5533,0.0022,5.936,-2.5149,1.7111,81.0755,81.6,93.43,78.0,78.0,down,2026-08-21T15:44:30,0.0,0.0
SPXW,2026-09-04,14,Put,7660.0,SPXW260904P07660000,58.6,59.0,58.8,58.0,-18.45,-24.1334,122.0,266.0,0.1166,-0.4466,0.0022,5.936,-2.5149,-1.4302,59.5013,63.2,66.7,53.37,76.4499969482422,down,2026-08-21T15:56:36,0.0,0.0
SPXW,2026-09-04,14,Call,7665.0,SPXW260904C07665000,78.2,78.6,78.4,82.09,7.09,9.45333,119.0,13.0,0.116,0.5422,0.0023,5.9546,-2.5089,1.6777,77.9815,80.02,82.09,74.0,75.0,no_change,2026-08-21T15:58:30,0.0,0.0
SPXW,2026-09-04,14,Put,7665.0,SPXW260904P07665000,60.5,60.9,60.7,60.76,-17.79,-22.648,233.0,79.0,0.1159,-0.4576,0.0023,5.9546,-2.5089,-1.4655,61.3983,67.2,69.04,56.45,78.5499992370606,down,2026-08-21T16:06:15,0.0,0.0
SPXW,2026-09-04,14,Call,7670.0,SPXW260904C07670000,75.1,75.5,75.3,76.1,3.9,5.40166,310.0,41.0,0.1153,0.531,0.0023,5.969,-2.5011,1.644,74.9444,74.8,81.09,71.9,72.2000007629394,down,2026-08-21T16:00:37,0.0,0.0
SPXW,2026-09-04,14,Put,7670.0,SPXW260904P07670000,62.5,62.9,62.7,62.84,-17.76,-22.0347,745.0,223.0,0.1153,-0.4688,0.0023,5.969,-2.5011,-1.5014,63.3522,70.5,71.05,56.77,80.6000022888184,up,2026-08-21T16:12:59,0.0,0.0
SPXW,2026-09-04,14,Call,7675.0,SPXW260904C07675000,72.0,72.6,72.3,73.08,3.83,5.53069,373.0,242.0,0.1147,0.5197,0.0023,5.9792,-2.4912,1.6094,71.9657,75.41,86.8,70.0,69.25,down,2026-08-21T16:00:44,0.0,0.0
SPXW,2026-09-04,14,Put,7675.0,SPXW260904P07675000,64.5,64.9,64.7,62.6,-20.2,-24.3961,2037.0,317.0,0.1147,-0.4802,0.0023,5.9792,-2.4912,-1.538,65.3646,71.13,73.28,58.26,82.7999992370606,down,2026-08-21T15:59:13,0.0,0.0
SPXW,2026-09-04,14,Call,7680.0,SPXW260904C07680000,69.2,69.6,69.4,73.7,7.15,10.7438,185.0,167.0,0.1141,0.5082,0.0023,5.985,-2.4794,1.5739,69.0475,72.4,81.0,66.59,66.5499992370606,up,2026-08-21T15:50:52,0.0,0.0
SPXW,2026-09-04,14,Put,7680.0,SPXW260904P07680000,66.6,67.0,66.8,67.47,-17.58,-20.6702,1806.0,323.0,0.114,-0.4917,0.0023,5.985,-2.4794,-1.5756,67.4374,74.8,75.57,60.98,85.0499992370606,up,2026-08-21T15:59:57,0.0,0.0
SPXW,2026-09-04,14,Call,7685.0,SPXW260904C07685000,66.4,66.8,66.6,67.31,3.51,5.50157,105.0,68.0,0.1134,0.4965,0.0023,5.9861,-2.4656,1.5377,66.1915,66.69,77.7,66.3,63.7999992370606,down,2026-08-21T16:06:15,0.0,0.0
SPXW,2026-09-04,14,Put,7685.0,SPXW260904P07685000,68.7,69.1,68.9,69.01,-18.39,-21.0412,65.0,91.0,0.1133,-0.5033,0.0023,5.9861,-2.4656,-1.6138,69.5725,73.09,76.56,63.44,87.3999977111816,up,2026-08-21T16:06:15,0.0,0.0
SPXW,2026-09-04,14,Call,7690.0,SPXW260904C07690000,63.6,64.0,63.8,67.18,5.98,9.77124,75.0,95.0,0.1127,0.4848,0.0024,5.9823,-2.4496,1.5014,63.399,63.6,75.82,62.1,61.2000007629394,no_change,2026-08-21T15:58:30,0.0,0.0
SPXW,2026-09-04,14,Put,7690.0,SPXW260904P07690000,70.9,71.3,71.1,67.23,-22.47,-25.0502,210.0,324.0,0.1127,-0.5151,0.0024,5.9823,-2.4496,-1.6521,71.771,77.73,80.32,64.36,89.7000007629394,no_change,2026-08-21T15:45:02,0.0,0.0
SPXW,2026-09-04,14,Call,7695.0,SPXW260904C07695000,60.8,61.2,61.0,61.33,2.73,4.6587,70.0,53.0,0.1121,0.4729,0.0024,5.9738,-2.4316,1.4653,60.6703,61.81,75.0,60.89,58.6000003814697,down,2026-08-21T15:59:57,0.0,0.0
SPXW,2026-09-04,14,Put,7695.0,SPXW260904P07695000,73.1,73.6,73.35,73.52,-18.58,-20.1737,73.0,162.0,0.1122,-0.5269,0.0024,5.9738,-2.4316,-1.6903,74.0334,79.6,79.6,68.81,92.1000022888184,down,2026-08-21T16:07:31,0.0,0.0
SPXW,2026-09-04,14,Call,7700.0,SPXW260904C07700000,58.2,58.6,58.400000000000006,58.21,2.16,3.8537,471.0,1524.0,0.1114,0.461,0.0024,5.9604,-2.4115,1.429,58.006,61.1,72.6,55.11,56.0500011444092,no_change,2026-08-21T16:12:21,0.0,0.0
SPXW,2026-09-04,14,Put,7700.0,SPXW260904P07700000,75.5,75.9,75.7,76.09,-18.51,-19.5666,258.0,1672.0,0.1114,-0.5389,0.0024,5.9604,-2.4115,-1.7286,76.3601,82.43,84.94,68.2,94.6000022888184,down,2026-08-21T16:11:33,0.0,0.0
SPXW,2026-09-04,14,Call,7705.0,SPXW260904C07705000,55.6,56.0,55.8,56.51,2.91,5.4291,55.0,48.0,0.1109,0.4489,0.0024,5.9416,-2.3894,1.3921,55.4071,56.73,62.11,52.9,53.6000003814697,down,2026-08-21T16:06:15,0.0,0.0
SPXW,2026-09-04,14,Put,7705.0,SPXW260904P07705000,77.8,78.4,78.1,76.56,-20.54,-21.1535,14.0,109.0,0.1107,-0.551,0.0024,5.9416,-2.3894,-1.7676,78.7522,77.2,77.4,71.86,97.1000022888184,up,2026-08-21T15:03:12,0.0,0.0
SPXW,2026-09-04,14,Call,7710.0,SPXW260904C07710000,53.0,53.4,53.2,56.55,5.35,10.4492,126.0,121.0,0.1102,0.4368,0.0024,5.9173,-2.3652,1.3544,52.8754,50.17,59.53,50.17,51.2000007629394,up,2026-08-21T15:58:55,0.0,0.0
SPXW,2026-09-04,14,Put,7710.0,SPXW260904P07710000,80.3,80.7,80.5,74.96,-24.74,-24.8144,44.0,638.0,0.1102,-0.5631,0.0024,5.9173,-2.3652,-1.8073,81.2116,84.67,89.98,74.96,99.7000007629394,down,2026-08-21T15:49:17,0.0,0.0
SPXW,2026-09-04,14,Call,7715.0,SPXW260904C07715000,50.6,51.0,50.8,54.6,5.75,11.7707,182.0,143.0,0.1096,0.4246,0.0024,5.8874,-2.3389,1.3163,50.4125,49.26,63.03,47.49,48.8499984741211,up,2026-08-21T15:44:20,0.0,0.0
SPXW,2026-09-04,14,Put,7715.0,SPXW260904P07715000,82.8,83.2,83.0,79.82,-22.53,-22.0127,16.0,141.0,0.1095,-0.5753,0.0024,5.8874,-2.3389,-1.8475,83.7397,86.6,92.44,79.82,102.349998474121,down,2026-08-21T15:40:36,0.0,0.0
SPXW,2026-09-04,14,Call,7720.0,SPXW260904C07720000,48.2,48.6,48.400000000000006,51.5,4.9,10.515,143.0,214.0,0.1091,0.4123,0.0024,5.8522,-2.3105,1.2783,48.0187,48.87,59.02,46.96,46.6000003814697,down,2026-08-21T15:58:21,0.0,0.0
SPXW,2026-09-04,14,Put,7720.0,SPXW260904P07720000,85.4,85.8,85.6,83.88,-21.12,-20.1143,22.0,268.0,0.1089,-0.5875,0.0024,5.8522,-2.3105,-1.8875,86.337,83.59,88.08,78.78,105.0,up,2026-08-21T15:53:47,0.0,0.0
SPXW,2026-09-04,14,Call,7725.0,SPXW260904C07725000,45.8,46.2,46.0,45.19,0.79,1.77928,94.0,762.0,0.1085,0.4001,0.0024,5.8122,-2.28,1.2408,45.6939,47.06,56.48,44.5,44.3999996185303,down,2026-08-21T16:13:43,0.0,0.0
SPXW,2026-09-04,14,Put,7725.0,SPXW260904P07725000,88.0,88.5,88.25,88.56,-19.24,-17.8479,40.0,1248.0,0.1083,-0.5998,0.0024,5.8122,-2.28,-1.927,89.0032,95.36,97.76,81.33,107.799999237061,up,2026-08-21T15:59:47,0.0,0.0
SPXW,2026-09-04,14,Call,7730.0,SPXW260904C07730000,43.6,43.9,43.75,46.25,4.0,9.46746,63.0,82.0,0.1079,0.3878,0.0024,5.767,-2.2476,1.2034,43.4377,44.47,53.38,41.97,42.25,down,2026-08-21T15:26:37,0.0,0.0
SPXW,2026-09-04,14,Put,7730.0,SPXW260904P07730000,90.8,91.2,91.0,88.99,-21.61,-19.5389,16.0,269.0,0.1078,-0.6121,0.0024,5.767,-2.2476,-1.9666,91.7381,94.26,94.26,88.99,110.600002288818,down,2026-08-21T15:26:50,0.0,0.0
SPXW,2026-09-04,14,Call,7735.0,SPXW260904C07735000,41.4,41.7,41.55,43.84,3.69,9.19054,26.0,57.0,0.1073,0.3755,0.0024,5.716,-2.2133,1.1654,41.251,43.3,50.82,41.22,40.1499996185303,down,2026-08-21T15:41:54,0.0,0.0
SPXW,2026-09-04,14,Put,7735.0,SPXW260904P07735000,93.6,94.0,93.8,90.22,-23.38,-20.581,10.0,25.0,0.1072,-0.6244,0.0024,5.716,-2.2133,-2.0066,94.5424,99.03,99.92,90.22,113.600002288818,down,2026-08-21T15:40:36,0.0,0.0
SPXW,2026-09-04,14,Call,7740.0,SPXW260904C07740000,39.2,39.6,39.400000000000006,39.57,1.42,3.72215,47.0,149.0,0.1067,0.3632,0.0023,5.6588,-2.177,1.127,39.1345,38.97,48.8,38.4,38.1499996185303,no_change,2026-08-21T16:14:41,0.0,0.0
SPXW,2026-09-04,14,Put,7740.0,SPXW260904P07740000,96.5,97.0,96.75,100.07,-16.53,-14.1767,35.0,432.0,0.1066,-0.6366,0.0023,5.6588,-2.177,-2.047,97.417,96.89,100.07,89.74,116.600002288818,up,2026-08-21T14:30:34,0.0,0.0
SPXW,2026-09-04,14,Call,7745.0,SPXW260904C07745000,37.2,37.6,37.400000000000006,38.24,2.04,5.63536,22.0,48.0,0.1062,0.351,0.0023,5.5957,-2.1388,1.0886,37.0889,37.02,42.69,36.99,36.2000007629394,down,2026-08-21T16:00:27,0.0,0.0
SPXW,2026-09-04,14,Put,7745.0,SPXW260904P07745000,99.4,99.8,99.6,97.42,-22.18,-18.5452,4.0,75.0,0.106,-0.6489,0.0023,5.5957,-2.1388,-2.0874,100.3624,106.2,106.2,97.42,119.600002288818,down,2026-08-21T15:22:53,0.0,0.0
SPXW,2026-09-04,14,Call,7750.0,SPXW260904C07750000,35.2,35.6,35.400000000000006,35.95,1.6,4.65793,410.0,2947.0,0.1057,0.3388,0.0023,5.5278,-2.0988,1.051,35.1132,38.19,47.0,34.5,34.3500003814697,down,2026-08-21T16:08:21,0.0,0.0
SPXW,2026-09-04,14,Put,7750.0,SPXW260904P07750000,102.4,102.8,102.6,100.9,-21.8,-17.7669,166.0,2032.0,0.1056,-0.661,0.0023,5.5278,-2.0988,-2.1271,103.3778,108.16,108.16,96.74,122.700000762939,up,2026-08-21T15:55:51,0.0,0.0
SPXW,2026-09-04,14,Call,7755.0,SPXW260904C07755000,33.3,33.6,33.45,36.9,4.45,13.7134,24.0,162.0,0.1051,0.3267,0.0023,5.4556,-2.0571,1.0139,33.2063,41.57,41.79,34.4,32.4500007629394,up,2026-08-21T15:44:13,0.0,0.0
SPXW,2026-09-04,14,Put,7755.0,SPXW260904P07755000,105.5,106.0,105.75,102.79,-22.96,-18.2584,1.0,65.0,0.1049,-0.6732,0.0023,5.4556,-2.0571,-2.1662,106.4619,102.79,102.79,102.79,125.75,down,2026-08-21T15:52:10,0.0,0.0
SPXW,2026-09-04,14,Call,7760.0,SPXW260904C07760000,31.4,31.8,31.6,31.64,0.45,1.46341,43.0,226.0,0.1045,0.3146,0.0022,5.3785,-2.0137,0.9769,31.3675,32.4,37.76,30.61,30.75,no_change,2026-08-21T16:14:41,0.0,0.0
SPXW,2026-09-04,14,Put,7760.0,SPXW260904P07760000,108.6,109.0,108.8,110.4,-18.6,-14.4186,6.0,245.0,0.1044,-0.6852,0.0022,5.3785,-2.0137,-2.2053,109.6142,112.73,112.73,106.3,129.0,up,2026-08-21T14:47:01,0.0,0.0
SPXW,2026-09-04,14,Call,7765.0,SPXW260904C07765000,29.6,30.0,29.8,30.47,1.42,4.88812,23.0,75.0,0.104,0.3027,0.0022,5.2956,-1.9688,0.9396,29.5971,31.18,37.75,29.44,29.0500001907349,up,2026-08-21T14:44:29,0.0,0.0
SPXW,2026-09-04,14,Put,7765.0,SPXW260904P07765000,110.8,112.9,111.85,119.43,-12.87,-9.72789,3.0,27.0,0.1042,-0.6972,0.0022,5.2956,-1.9688,-2.2447,112.8348,117.7,119.43,117.7,132.300003051758,up,2026-08-21T10:30:36,0.0,0.0
SPXW,2026-09-04,14,Call,7770.0,SPXW260904C07770000,27.9,28.3,28.1,29.68,2.23,8.12386,155.0,141.0,0.1035,0.2909,0.0022,5.2068,-1.9223,0.9023,27.8951,29.8,37.2,26.8,27.4499998092651,down,2026-08-21T15:55:47,0.0,0.0
SPXW,2026-09-04,14,Put,7770.0,SPXW260904P07770000,113.2,117.3,115.25,116.83,-18.82,-13.8739,6.0,85.0,0.1043,-0.709,0.0022,5.2068,-1.9223,-2.284,116.1238,123.94,125.98,116.83,135.650001525879,no_change,2026-08-21T14:44:25,0.0,0.0
SPXW,2026-09-04,14,Call,7775.0,SPXW260904C07775000,26.3,26.6,26.450000000000003,27.14,1.29,4.99033,212.0,491.0,0.103,0.2792,0.0022,5.1131,-1.8744,0.8659,26.2606,28.58,33.76,24.8,25.8500003814697,down,2026-08-21T16:00:44,0.0,0.0
SPXW,2026-09-04,14,Put,7775.0,SPXW260904P07775000,116.5,120.6,118.55,113.09,-26.16,-18.7864,54.0,328.0,0.1035,-0.7207,0.0022,5.1131,-1.8744,-2.3224,119.4803,126.38,126.38,105.8,139.25,no_change,2026-08-21T15:45:03,0.0,0.0
SPXW,2026-09-04,14,Call,7780.0,SPXW260904C07780000,24.7,25.0,24.85,27.6,3.25,13.347,28.0,209.0,0.1025,0.2676,0.0021,5.016,-1.8252,0.8305,24.6917,26.6,32.2,24.5,24.3500003814697,no_change,2026-08-21T15:44:36,0.0,0.0
SPXW,2026-09-04,14,Put,7780.0,SPXW260904P07780000,119.9,124.0,121.95,123.89,0.0,0.0,0.0,180.0,0.1034,-0.7322,0.0021,5.016,-1.8252,-2.36,122.9025,0.0,0.0,0.0,142.75,up,2026-08-20T13:09:05,0.0,0.0
SPXW,2026-09-04,14,Call,7785.0,SPXW260904C07785000,23.2,23.5,23.35,24.58,1.63,7.1024,30.0,159.0,0.102,0.2562,0.0021,4.9156,-1.7748,0.7955,23.1872,25.51,26.78,23.2,22.9499998092651,down,2026-08-21T15:55:31,0.0,0.0
SPXW,2026-09-04,14,Put,7785.0,SPXW260904P07785000,123.4,127.5,125.45,118.25,-28.15,-19.2281,25.0,75.0,0.1029,-0.7436,0.0021,4.9156,-1.7748,-2.397,126.389,131.3,131.81,118.25,146.400001525879,no_change,2026-08-21T15:47:54,0.0,0.0
SPXW,2026-09-04,14,Call,7790.0,SPXW260904C07790000,21.7,22.0,21.85,23.65,2.1,9.74478,28.0,206.0,0.1014,0.245,0.002,4.8108,-1.7233,0.7604,21.7467,21.58,25.65,21.58,21.5500001907349,no_change,2026-08-21T15:36:28,0.0,0.0
SPXW,2026-09-04,14,Put,7790.0,SPXW260904P07790000,126.0,131.5,128.75,127.16,-22.89,-15.2549,20.0,106.0,0.1024,-0.7548,0.002,4.8108,-1.7233,-2.4341,129.9396,127.16,127.16,127.16,150.049995422363,no_change,2026-08-21T12:50:07,0.0,0.0
SPXW,2026-09-04,14,Call,7795.0,SPXW260904C07795000,20.3,20.7,20.5,23.47,3.22,15.9012,40.0,40.0,0.101,0.234,0.002,4.7007,-1.6709,0.7256,20.3701,22.35,28.13,20.49,20.25,up,2026-08-21T15:47:39,0.0,0.0
SPXW,2026-09-04,14,Put,7795.0,SPXW260904P07795000,129.6,135.2,132.39999999999998,125.71,-28.04,-18.2374,3.0,20.0,0.1019,-0.7659,0.002,4.7007,-1.6709,-2.471,133.554,140.34,140.34,125.71,153.75,down,2026-08-21T15:47:39,0.0,0.0
SPXW,2026-09-04,14,Call,7800.0,SPXW260904C07800000,19.0,19.3,19.15,18.7,-0.25,-1.31926,676.0,1579.0,0.1006,0.2232,0.002,4.5863,-1.6177,0.6918,19.0564,23.0,27.2,18.0,18.9499998092651,down,2026-08-21T16:13:43,0.0,0.0
SPXW,2026-09-04,14,Put,7800.0,SPXW260904P07800000,133.2,138.7,135.95,131.27,-26.13,-16.601,105.0,802.0,0.101,-0.7767,0.002,4.5863,-1.6177,-2.5068,137.2313,144.15,145.26,126.01,157.400001525879,down,2026-08-21T15:50:45,0.0,0.0
SPXW,2026-09-04,14,Call,7805.0,SPXW260904C07805000,17.7,18.1,17.9,18.13,0.38,2.14085,91.0,57.0,0.1001,0.2125,0.0019,4.4696,-1.5638,0.6592,17.8035,19.6,24.42,18.05,17.75,down,2026-08-21T16:00:07,0.0,0.0
SPXW,2026-09-04,14,Put,7805.0,SPXW260904P07805000,136.9,142.6,139.75,137.51,-23.74,-14.7225,26.0,184.0,0.101,-0.7873,0.0019,4.4696,-1.5638,-2.5415,140.9695,147.9,147.9,131.09,161.25,down,2026-08-21T15:54:46,0.0,0.0
SPXW,2026-09-04,14,Call,7810.0,SPXW260904C07810000,16.5,16.9,16.7,17.15,0.5,3.00301,644.0,293.0,0.0996,0.2021,0.0019,4.3512,-1.5094,0.6272,16.61,17.65,22.22,17.05,16.6499996185303,down,2026-08-21T16:02:52,0.0,0.0
SPXW,2026-09-04,14,Put,7810.0,SPXW260904P07810000,140.7,146.4,143.55,141.26,-23.84,-14.4397,4.0,69.0,0.1006,-0.7977,0.0019,4.3512,-1.5094,-2.5755,144.7671,152.79,152.79,132.16,165.099998474121,up,2026-08-21T15:54:46,0.0,0.0
SPXW,2026-09-04,14,Call,7815.0,SPXW260904C07815000,15.4,15.7,15.55,16.82,1.27,8.1672,86.0,94.0,0.0993,0.192,0.0018,4.2301,-1.4546,0.5955,15.4753,17.6,21.08,15.76,15.5499997138977,down,2026-08-21T15:56:40,0.0,0.0
SPXW,2026-09-04,14,Put,7815.0,SPXW260904P07815000,144.5,150.3,147.4,158.11,-10.84,-6.4161,15.0,178.0,0.1002,-0.8078,0.0018,4.2301,-1.4546,-2.6093,148.6234,158.11,158.11,158.11,168.949996948242,no_change,2026-08-21T09:55:21,0.0,0.0
SPXW,2026-09-04,14,Call,7820.0,SPXW260904C07820000,14.3,14.6,14.45,15.83,1.38,9.55017,1100.0,619.0,0.0989,0.1821,0.0018,4.1054,-1.3996,0.5643,14.399,16.98,18.26,14.65,14.4500002861023,down,2026-08-21T15:56:54,0.0,0.0
SPXW,2026-09-04,14,Put,7820.0,SPXW260904P07820000,148.4,154.2,151.3,136.11,0.0,0.0,0.0,38.0,0.0998,-0.8178,0.0018,4.1054,-1.3996,-2.6425,152.5382,0.0,0.0,0.0,172.949996948242,down,2026-08-18T15:30:34,0.0,0.0
SPXW,2026-09-04,14,Call,7825.0,SPXW260904C07825000,13.3,13.6,13.45,15.5,2.0,14.8148,360.0,1184.0,0.0984,0.1725,0.0017,3.9778,-1.3446,0.5343,13.3799,16.19,20.15,13.7,13.5,up,2026-08-21T15:47:12,0.0,0.0
SPXW,2026-09-04,14,Put,7825.0,SPXW260904P07825000,152.4,158.2,155.3,150.19,-26.71,-15.0989,8.0,279.0,0.099,-0.8274,0.0017,3.9778,-1.3446,-2.6746,156.5101,160.34,160.34,142.31,176.900001525879,up,2026-08-21T12:10:23,0.0,0.0
SPXW,2026-09-04,14,Call,7830.0,SPXW260904C07830000,12.3,12.6,12.45,13.95,1.4,11.1554,33.0,1056.0,0.0979,0.1631,0.0017,3.8493,-1.2896,0.5055,12.4159,15.44,18.45,12.35,12.5499997138977,down,2026-08-21T15:42:53,0.0,0.0
SPXW,2026-09-04,14,Put,7830.0,SPXW260904P07830000,156.4,162.3,159.35000000000002,164.38,-16.57,-9.15723,1.0,9.0,0.099,-0.8367,0.0017,3.8493,-1.2896,-2.7054,160.5372,164.38,164.38,164.38,180.950004577637,down,2026-08-21T10:52:35,0.0,0.0
SPXW,2026-09-04,14,Call,7835.0,SPXW260904C07835000,11.4,11.7,11.55,12.9,1.15,9.78723,35.0,38.0,0.0975,0.1541,0.0016,3.7208,-1.2349,0.4776,11.5054,12.08,15.6,11.85,11.75,up,2026-08-21T15:59:05,0.0,0.0
SPXW,2026-09-04,14,Put,7835.0,SPXW260904P07835000,160.4,166.4,163.4,159.4,-25.7,-13.8844,2.0,1.0,0.0987,-0.8458,0.0016,3.7208,-1.2349,-2.7354,164.6177,168.48,168.48,159.4,185.099998474121,down,2026-08-21T15:59:31,0.0,0.0
SPXW,2026-09-04,14,Call,7840.0,SPXW260904C07840000,10.6,10.9,10.75,11.3,0.45,4.14747,172.0,292.0,0.0971,0.1453,0.0016,3.5917,-1.1807,0.4501,10.6476,11.2,16.58,10.4,10.8499999046326,down,2026-08-21T15:55:03,0.0,0.0
SPXW,2026-09-04,14,Put,7840.0,SPXW260904P07840000,164.5,170.3,167.4,163.45,-25.8,-13.6328,1.0,20.0,0.0985,-0.8546,0.0016,3.5917,-1.1807,-2.7649,168.7509,163.45,163.45,163.45,189.25,down,2026-08-21T15:59:31,0.0,0.0
SPXW,2026-09-04,14,Call,7845.0,SPXW260904C07845000,9.7,10.0,9.85,11.2,1.1,10.8911,62.0,36.0,0.0967,0.1368,0.0015,3.4611,-1.1272,0.4234,9.8418,10.0,12.55,10.0,10.0999999046326,up,2026-08-21T15:58:15,0.0,0.0
SPXW,2026-09-04,14,Put,7845.0,SPXW260904P07845000,168.7,174.5,171.6,0.0,0.0,0.0,0.0,5.0,0.0982,-0.863,0.0015,3.4611,-1.1272,-2.7936,172.9362,0.0,0.0,0.0,193.549995422363,no_change,,0.0,0.0
SPXW,2026-09-04,14,Call,7850.0,SPXW260904C07850000,9.0,9.3,9.15,9.42,0.02,0.212765,345.0,1971.0,0.0964,0.1287,0.0014,3.3297,-1.0744,0.3981,9.0862,12.3,14.42,9.34,9.40000009536743,down,2026-08-21T16:03:16,0.0,0.0
SPXW,2026-09-04,14,Put,7850.0,SPXW260904P07850000,173.3,178.7,176.0,177.75,-19.95,-10.091,7.0,127.0,0.0978,-0.8712,0.0014,3.3297,-1.0744,-2.821,177.1716,183.7,188.0,174.91,197.700004577637,up,2026-08-21T11:25:44,0.0,0.0
SPXW,2026-09-04,14,Call,7855.0,SPXW260904C07855000,8.3,8.6,8.45,9.45,0.8,9.24855,49.0,39.0,0.096,0.1209,0.0014,3.1992,-1.0225,0.3742,8.3785,9.6,12.7,8.18,8.65000009536743,down,2026-08-21T15:34:11,0.0,0.0
SPXW,2026-09-04,14,Put,7855.0,SPXW260904P07855000,177.5,183.0,180.25,0.0,0.0,0.0,0.0,5.0,0.0976,-0.879,0.0014,3.1992,-1.0225,-2.847,181.4549,0.0,0.0,0.0,202.099998474121,no_change,,0.0,0.0
SPXW,2026-09-04,14,Call,7860.0,SPXW260904C07860000,7.6,7.9,7.75,7.79,-0.48,-5.96273,65.0,220.0,0.0959,0.1134,0.0013,3.0706,-0.9717,0.351,7.717,9.28,10.7,7.79,8.04999995231628,no_change,2026-08-21T16:14:41,0.0,0.0
SPXW,2026-09-04,14,Put,7860.0,SPXW260904P07860000,181.9,187.4,184.65,116.0,0.0,0.0,0.0,22.0,0.0972,-0.8865,0.0013,3.0706,-0.9717,-2.8723,185.7845,0.0,0.0,0.0,206.400001525879,down,2026-08-13T11:12:43,0.0,0.0
SPXW,2026-09-04,14,Call,7865.0,SPXW260904C07865000,7.0,7.3,7.15,8.6,1.15,15.4362,10.0,37.0,0.0954,0.1062,0.0013,2.9434,-0.9222,0.3284,7.1007,7.78,11.6,7.23,7.45000004768372,up,2026-08-21T15:49:01,0.0,0.0
SPXW,2026-09-04,14,Put,7865.0,SPXW260904P07865000,186.2,191.8,189.0,0.0,0.0,0.0,0.0,0.0,0.097,-0.8936,0.0013,2.9434,-0.9222,-2.8968,190.1593,0.0,0.0,0.0,210.75,no_change,,0.0,0.0
SPXW,2026-09-04,14,Call,7870.0,SPXW260904C07870000,6.4,6.7,6.550000000000001,7.44,0.59,8.61314,60.0,92.0,0.0952,0.0994,0.0012,2.8171,-0.8741,0.307,6.5282,7.65,9.9,6.7,6.84999990463257,no_change,2026-08-21T15:53:38,0.0,0.0
SPXW,2026-09-04,14,Put,7870.0,SPXW260904P07870000,190.6,196.2,193.39999999999998,114.4,0.0,0.0,0.0,5.0,0.0971,-0.9005,0.0012,2.8171,-0.8741,-2.9204,194.5778,0.0,0.0,0.0,215.150001525879,up,2026-08-14T09:41:03,0.0,0.0
SPXW,2026-09-04,14,Call,7875.0,SPXW260904C07875000,5.9,6.2,6.050000000000001,6.05,-0.3,-4.72441,257.0,1096.0,0.0948,0.0929,0.0012,2.6923,-0.8274,0.2869,5.9973,7.83,10.15,5.98,6.34999990463257,no_change,2026-08-21T16:14:41,0.0,0.0
SPXW,2026-09-04,14,Put,7875.0,SPXW260904P07875000,195.1,200.7,197.89999999999998,126.36,0.0,0.0,0.0,124.0,0.0967,-0.907,0.0012,2.6923,-0.8274,-2.9425,199.0379,0.0,0.0,0.0,217.650001525879,up,2026-08-17T12:08:22,0.0,0.0
SPXW,2026-09-04,14,Call,7880.0,SPXW260904C07880000,5.4,5.7,5.550000000000001,6.25,0.4,6.83761,397.0,1750.0,0.0948,0.0867,0.0011,2.5704,-0.7824,0.268,5.5056,5.87,9.67,5.8,5.84999990463257,down,2026-08-21T15:59:32,0.0,0.0
SPXW,2026-09-04,14,Put,7880.0,SPXW260904P07880000,194.8,210.2,202.5,129.63,0.0,0.0,0.0,8.0,0.0965,-0.9131,0.0011,2.5704,-0.7824,-2.9634,203.5372,0.0,0.0,0.0,222.75,down,2026-08-17T12:08:22,0.0,0.0
SPXW,2026-09-04,14,Call,7885.0,SPXW260904C07885000,4.9,5.2,5.050000000000001,5.75,0.35,6.48148,70.0,45.0,0.0943,0.0809,0.001,2.4518,-0.739,0.25,5.0513,7.17,8.94,5.75,5.40000009536743,down,2026-08-21T15:59:32,0.0,0.0
SPXW,2026-09-04,14,Put,7885.0,SPXW260904P07885000,199.3,214.9,207.10000000000002,0.0,0.0,0.0,0.0,0.0,0.0966,-0.9189,0.001,2.4518,-0.739,-2.9835,208.074,0.0,0.0,0.0,227.050003051758,no_change,,0.0,0.0
SPXW,2026-09-04,14,Call,7890.0,SPXW260904C07890000,4.6,4.8,4.699999999999999,4.99,-0.4,-8.0,99.0,1084.0,0.0942,0.0754,0.001,2.3365,-0.6974,0.2327,4.633,5.94,8.05,4.87,5.0,no_change,2026-08-21T15:55:17,0.0,0.0
SPXW,2026-09-04,14,Put,7890.0,SPXW260904P07890000,201.0,223.8,212.4,134.13,0.0,0.0,0.0,8.0,0.0967,-0.9244,0.001,2.3365,-0.6974,-3.0028,212.6467,0.0,0.0,0.0,232.900001525879,up,2026-08-14T15:30:08,0.0,0.0
SPXW,2026-09-04,14,Call,7895.0,SPXW260904C07895000,4.1,4.4,4.25,4.9,0.3,6.52174,11.0,16.0,0.0942,0.0703,0.001,2.2242,-0.6577,0.2165,4.2488,5.06,6.3,4.34,4.59999990463257,down,2026-08-21T14:52:39,0.0,0.0
SPXW,2026-09-04,14,Put,7895.0,SPXW260904P07895000,205.9,228.3,217.10000000000002,0.0,0.0,0.0,0.0,0.0,0.0966,-0.9296,0.001,2.2242,-0.6577,-3.021,217.2536,0.0,0.0,0.0,237.400001525879,no_change,,0.0,0.0
SPXW,2026-09-04,14,Call,7900.0,SPXW260904C07900000,3.8,4.1,3.9499999999999997,3.9,-0.3,-7.14286,484.0,14682.0,0.0938,0.0654,0.0009,2.1153,-0.6198,0.2016,3.8964,5.35,7.02,3.9,4.20000004768372,down,2026-08-21T16:12:07,0.0,0.0
SPXW,2026-09-04,14,Put,7900.0,SPXW260904P07900000,209.2,233.0,221.1,212.0,0.0,0.0,0.0,45.0,0.0964,-0.9344,0.0009,2.1153,-0.6198,-3.038,221.8923,0.0,0.0,0.0,242.0,no_change,2026-08-20T11:33:00,0.0,0.0
SPXW,2026-09-04,14,Call,7905.0,SPXW260904C07905000,3.5,3.7,3.6,3.88,-0.02,-0.51282,45.0,9.0,0.0938,0.0609,0.0008,2.0104,-0.5839,0.1877,3.5736,3.76,5.72,3.76,3.89999997615814,down,2026-08-21T15:55:15,0.0,0.0
SPXW,2026-09-04,14,Put,7905.0,SPXW260904P07905000,213.9,237.6,225.75,0.0,0.0,0.0,0.0,0.0,0.0966,-0.939,0.0008,2.0104,-0.5839,-3.0539,226.5605,0.0,0.0,0.0,246.050003051758,no_change,,0.0,0.0
SPXW,2026-09-04,14,Call,7910.0,SPXW260904C07910000,3.2,3.4,3.3,3.42,-0.18,-5.0,63.0,250.0,0.0937,0.0566,0.0008,1.9099,-0.5498,0.1746,3.2786,3.58,6.02,3.42,3.60000002384186,no_change,2026-08-21T16:01:56,0.0,0.0
SPXW,2026-09-04,14,Put,7910.0,SPXW260904P07910000,218.6,241.5,230.05,0.0,0.0,0.0,0.0,0.0,0.0966,-0.9432,0.0008,1.9099,-0.5498,-3.0691,231.2565,0.0,0.0,0.0,251.400001525879,no_change,,0.0,0.0
SPXW,2026-09-04,14,Call,7915.0,SPXW260904C07915000,2.95,3.2,3.075,3.17,-0.13,-3.9394,180.0,13.0,0.0936,0.0527,0.0008,1.8138,-0.5177,0.1622,3.0098,3.29,4.2,3.0,3.30000007152557,no_change,2026-08-21T16:01:56,0.0,0.0
SPXW,2026-09-04,14,Put,7915.0,SPXW260904P07915000,223.3,246.6,234.95,0.0,0.0,0.0,0.0,0.0,0.0966,-0.9471,0.0008,1.8138,-0.5177,-3.0836,235.9787,0.0,0.0,0.0,255.999992370605,no_change,,0.0,0.0
SPXW,2026-09-04,14,Call,7920.0,SPXW260904C07920000,2.7,2.9,2.8,3.15,0.125,4.13223,403.0,243.0,0.0935,0.0491,0.0007,1.7218,-0.4876,0.1508,2.7654,4.07,5.21,3.02,3.02499997615814,up,2026-08-21T15:59:32,0.0,0.0
SPXW,2026-09-04,14,Put,7920.0,SPXW260904P07920000,228.0,251.4,239.7,0.0,0.0,0.0,0.0,0.0,0.0971,-0.9508,0.0007,1.7218,-0.4876,-3.0971,240.7253,0.0,0.0,0.0,260.849998474121,no_change,,0.0,0.0
SPXW,2026-09-04,14,Call,7925.0,SPXW260904C07925000,2.45,2.65,2.55,3.1,0.325,11.7117,2619.0,1544.0,0.0937,0.0457,0.0007,1.6342,-0.4592,0.1404,2.5432,4.0,4.4,2.68,2.77499997615814,up,2026-08-21T15:45:16,0.0,0.0
SPXW,2026-09-04,14,Put,7925.0,SPXW260904P07925000,232.7,255.7,244.2,151.4,0.0,0.0,0.0,3.0,0.0968,-0.9542,0.0007,1.6342,-0.4592,-3.1095,245.4942,0.0,0.0,0.0,265.5,up,2026-08-13T10:50:41,0.0,0.0
SPXW,2026-09-04,14,Call,7930.0,SPXW260904C07930000,2.25,2.45,2.35,2.99,0.415,16.1165,78.0,675.0,0.0934,0.0425,0.0006,1.5508,-0.4327,0.1308,2.3414,2.83,4.1,2.53,2.57500004768372,up,2026-08-21T15:00:00,0.0,0.0
SPXW,2026-09-04,14,Put,7930.0,SPXW260904P07930000,237.5,260.4,248.95,265.17,0.0,0.0,0.0,7.0,0.0971,-0.9573,0.0006,1.5508,-0.4327,-3.1212,250.2835,0.0,0.0,0.0,270.300003051758,up,2026-08-20T14:09:29,0.0,0.0
SPXW,2026-09-04,14,Call,7935.0,SPXW260904C07935000,2.1,2.25,2.175,2.58,0.205,8.63158,19.0,19.0,0.0935,0.0396,0.0006,1.472,-0.408,0.1218,2.1585,2.4,2.99,2.4,2.375,down,2026-08-21T14:05:31,0.0,0.0
SPXW,2026-09-04,14,Put,7935.0,SPXW260904P07935000,242.3,265.2,253.75,0.0,0.0,0.0,0.0,0.0,0.0974,-0.9602,0.0006,1.472,-0.408,-3.1322,255.0916,0.0,0.0,0.0,275.149993896484,no_change,,0.0,0.0
SPXW,2026-09-04,14,Call,7940.0,SPXW260904C07940000,1.9,2.1,2.0,1.97,-0.23,-10.4545,320.0,327.0,0.0935,0.0369,0.0006,1.3976,-0.3849,0.1134,1.9929,2.42,3.4,1.97,2.20000004768372,down,2026-08-21T16:13:38,0.0,0.0
SPXW,2026-09-04,14,Put,7940.0,SPXW260904P07940000,247.1,271.0,259.05,0.0,0.0,0.0,0.0,0.0,0.0975,-0.9629,0.0006,1.3976,-0.3849,-3.1426,259.9171,0.0,0.0,0.0,279.850006103516,no_change,,0.0,0.0
SPXW,2026-09-04,14,Call,7950.0,SPXW260904C07950000,1.6,1.8,1.7000000000000002,1.82,-0.055,-2.93333,477.0,2987.0,0.094,0.0322,0.0005,1.2615,-0.3437,0.0988,1.7082,2.55,2.88,1.8,1.875,down,2026-08-21T16:00:50,0.0,0.0
SPXW,2026-09-04,14,Put,7950.0,SPXW260904P07950000,256.8,280.6,268.70000000000005,242.4,0.0,0.0,0.0,12.0,0.0983,-0.9676,0.0005,1.2615,-0.3437,-3.1614,269.6145,0.0,0.0,0.0,289.25,up,2026-08-18T10:22:41,0.0,0.0
SPXW,2026-09-04,14,Call,7960.0,SPXW260904C07960000,1.4,1.55,1.475,1.6,-0.025,-1.53846,58.0,329.0,0.0943,0.0283,0.0004,1.1414,-0.3083,0.0866,1.4757,1.8,1.92,1.6,1.625,down,2026-08-21T15:55:02,0.0,0.0
SPXW,2026-09-04,14,Put,7960.0,SPXW260904P07960000,267.3,290.3,278.8,0.0,0.0,0.0,0.0,1.0,0.0996,-0.9716,0.0004,1.1414,-0.3083,-3.1776,279.364,0.0,0.0,0.0,298.949996948242,no_change,,0.0,0.0
SPXW,2026-09-04,14,Call,7970.0,SPXW260904C07970000,1.2,1.35,1.275,1.6,0.2,14.2857,105.0,262.0,0.0948,0.0249,0.0004,1.0361,-0.2781,0.0762,1.2858,1.44,1.82,1.43,1.40000003576279,no_change,2026-08-21T14:07:04,0.0,0.0
SPXW,2026-09-04,14,Put,7970.0,SPXW260904P07970000,278.0,299.2,288.6,192.47,0.0,0.0,0.0,35.0,0.1009,-0.9749,0.0004,1.0361,-0.2781,-3.1921,289.1563,0.0,0.0,0.0,308.700012207031,no_change,2026-08-14T15:46:01,0.0,0.0
SPXW,2026-09-04,14,Call,7975.0,SPXW260904C07975000,1.1,1.25,1.175,1.45,0.15,11.5385,152.0,523.0,0.0952,0.0234,0.0004,0.9886,-0.2648,0.0717,1.2045,1.48,1.82,1.3,1.30000001192093,up,2026-08-21T15:31:14,0.0,0.0
SPXW,2026-09-04,14,Put,7975.0,SPXW260904P07975000,282.6,305.0,293.8,186.53,0.0,0.0,0.0,1.0,0.1014,-0.9764,0.0004,0.9886,-0.2648,-3.1987,294.066,0.0,0.0,0.0,313.900009155273,down,2026-08-13T10:10:19,0.0,0.0
SPXW,2026-09-04,14,Call,7980.0,SPXW260904C07980000,1.05,1.2,1.125,1.31,0.085,6.93878,3.0,142.0,0.0956,0.0221,0.0004,0.9442,-0.2525,0.0675,1.1311,1.31,1.31,1.31,1.22499996423721,no_change,2026-08-21T09:43:12,0.0,0.0
SPXW,2026-09-04,14,Put,7980.0,SPXW260904P07980000,287.9,309.9,298.9,200.57,0.0,0.0,0.0,36.0,0.1019,-0.9777,0.0004,0.9442,-0.2525,-3.2049,298.9836,0.0,0.0,0.0,318.5,no_change,2026-08-14T15:46:01,0.0,0.0
SPXW,2026-09-04,14,Call,7990.0,SPXW260904C07990000,0.9,1.05,0.9750000000000001,0.97,-0.105,-9.76744,13.0,75.0,0.0964,0.0198,0.0003,0.8644,-0.2308,0.0603,1.0045,1.04,1.12,0.97,1.07499998807907,down,2026-08-21T16:13:38,0.0,0.0
SPXW,2026-09-04,14,Put,7990.0,SPXW260904P07990000,296.0,319.7,307.85,261.85,0.0,0.0,0.0,16.0,0.1038,-0.9801,0.0003,0.8644,-0.2308,-3.2162,308.8391,0.0,0.0,0.0,328.549987792969,up,2026-08-11T15:46:34,0.0,0.0
SPXW,2026-09-04,14,Call,8000.0,SPXW260904C08000000,0.8,0.95,0.875,0.95,0.0,1.25483e-06,309.0,5104.0,0.0975,0.0178,0.0003,0.7948,-0.2124,0.0543,0.9004,1.11,1.45,0.92,0.949999988079071,up,2026-08-21T15:55:53,0.0,0.0
SPXW,2026-09-04,14,Put,8000.0,SPXW260904P08000000,310.8,324.6,317.70000000000005,274.2,0.0,0.0,0.0,3122.0,0.1013,-0.9821,0.0003,0.7948,-0.2124,-3.2263,318.7171,0.0,0.0,0.0,338.5,down,2026-08-19T14:58:58,0.0,0.0
SPXW,2026-09-04,14,Call,8010.0,SPXW260904C08010000,0.75,0.85,0.8,1.1,0.25,29.4118,10.0,143.0,0.0984,0.0161,0.0003,0.7341,-0.1968,0.0491,0.8144,0.95,1.1,0.85,0.849999994039536,up,2026-08-21T13:29:21,0.0,0.0
SPXW,2026-09-04,14,Put,8010.0,SPXW260904P08010000,315.7,338.6,327.15,0.0,0.0,0.0,0.0,0.0,0.1061,-0.9837,0.0003,0.7341,-0.1968,-3.2356,328.6131,0.0,0.0,0.0,348.300003051758,no_change,,0.0,0.0
SPXW,2026-09-04,14,Call,8020.0,SPXW260904C08020000,0.65,0.8,0.7250000000000001,0.78,0.005,0.64516,7.0,86.0,0.1,0.0147,0.0002,0.6811,-0.1835,0.0447,0.743,1.02,1.02,0.78,0.775000005960464,down,2026-08-21T15:57:56,0.0,0.0
SPXW,2026-09-04,14,Put,8020.0,SPXW260904P08020000,325.7,348.5,337.1,0.0,0.0,0.0,0.0,0.0,0.109,-0.9852,0.0002,0.6811,-0.1835,-3.2441,338.5239,0.0,0.0,0.0,358.050003051758,no_change,,0.0,0.0
SPXW,2026-09-04,14,Call,8025.0,SPXW260904C08025000,0.65,0.75,0.7,0.75,0.025,3.44828,27.0,803.0,0.1003,0.0141,0.0002,0.6572,-0.1776,0.0427,0.7118,0.75,1.0,0.75,0.724999994039536,down,2026-08-21T16:14:54,0.0,0.0
SPXW,2026-09-04,14,Put,8025.0,SPXW260904P08025000,335.6,349.4,342.5,285.15,0.0,0.0,0.0,800.0,0.1063,-0.9858,0.0002,0.6572,-0.1776,-3.2481,343.4837,0.0,0.0,0.0,363.099990844727,no_change,2026-08-06T10:26:59,0.0,0.0
SPXW,2026-09-04,14,Call,8030.0,SPXW260904C08030000,0.6,0.75,0.675,0.95,0.25,35.7143,13.0,100.0,0.1015,0.0135,0.0002,0.6348,-0.1721,0.041,0.6833,0.85,0.95,0.69,0.699999988079071,no_change,2026-08-21T13:18:24,0.0,0.0
SPXW,2026-09-04,14,Put,8030.0,SPXW260904P08030000,335.6,359.3,347.45000000000005,0.0,0.0,0.0,0.0,0.0,0.1106,-0.9864,0.0002,0.6348,-0.1721,-3.252,348.4462,0.0,0.0,0.0,368.149993896484,no_change,,0.0,0.0
SPXW,2026-09-04,14,Call,8040.0,SPXW260904C08040000,0.55,0.7,0.625,0.63,-0.02,-3.07692,4.0,60.0,0.1029,0.0124,0.0002,0.594,-0.1623,0.0378,0.6329,0.65,0.65,0.63,0.650000005960464,down,2026-08-21T15:57:56,0.0,0.0
SPXW,2026-09-04,14,Put,8040.0,SPXW260904P08040000,346.7,369.4,358.04999999999995,0.0,0.0,0.0,0.0,0.0,0.1121,-0.9874,0.0002,0.594,-0.1623,-3.2592,358.3779,0.0,0.0,0.0,378.049987792969,no_change,,0.0,0.0
SPXW,2026-09-04,14,Call,8050.0,SPXW260904C08050000,0.5,0.65,0.575,0.65,0.05,8.33333,37.0,760.0,0.1042,0.0115,0.0002,0.558,-0.1538,0.0351,0.59,0.65,0.95,0.6,0.599999994039536,down,2026-08-21T15:37:14,0.0,0.0
SPXW,2026-09-04,14,Put,8050.0,SPXW260904P08050000,360.4,374.3,367.35,325.97,0.0,0.0,0.0,202.0,0.1083,-0.9883,0.0002,0.558,-0.1538,-3.266,368.3171,0.0,0.0,0.0,388.0,up,2026-08-19T13:21:45,0.0,0.0
SPXW,2026-09-04,14,Call,8060.0,SPXW260904C08060000,0.5,0.6,0.55,0.6,0.05,9.09091,5.0,30.0,0.1054,0.0108,0.0002,0.5259,-0.1464,0.0327,0.5531,0.57,0.6,0.55,0.550000011920929,up,2026-08-21T16:14:09,0.0,0.0
SPXW,2026-09-04,14,Put,8060.0,SPXW260904P08060000,365.4,389.2,377.29999999999995,0.0,0.0,0.0,0.0,0.0,0.1163,-0.9891,0.0002,0.5259,-0.1464,-3.2725,378.2623,0.0,0.0,0.0,397.900009155273,no_change,,0.0,0.0
SPXW,2026-09-04,14,Call,8070.0,SPXW260904C08070000,0.45,0.6,0.525,0.55,0.05,10.0,3.0,3.0,0.1071,0.0101,0.0002,0.4971,-0.1399,0.0306,0.5212,0.57,0.57,0.55,0.5,down,2026-08-21T10:24:01,0.0,0.0
SPXW,2026-09-04,14,Put,8070.0,SPXW260904P08070000,375.3,398.1,386.70000000000005,0.0,0.0,0.0,0.0,0.0,0.1191,-0.9898,0.0002,0.4971,-0.1399,-3.2788,388.2125,0.0,0.0,0.0,407.199996948242,no_change,,0.0,0.0
SPXW,2026-09-04,14,Call,8075.0,SPXW260904C08075000,0.45,0.55,0.5,0.5,0.0,0.0,3.0,138.0,0.1076,0.0098,0.0002,0.4838,-0.137,0.0296,0.5069,0.5,0.5,0.5,0.5,no_change,2026-08-21T15:47:31,0.0,0.0
SPXW,2026-09-04,14,Put,8075.0,SPXW260904P08075000,380.3,404.0,392.15,0.0,0.0,0.0,0.0,0.0,0.1205,-0.9901,0.0002,0.4838,-0.137,-3.2818,393.1892,0.0,0.0,0.0,412.800003051758,no_change,,0.0,0.0
SPXW,2026-09-04,14,Call,8080.0,SPXW260904C08080000,0.45,0.55,0.5,0.5,0.025,5.26316,3.0,1.0,0.1088,0.0095,0.0001,0.4713,-0.1342,0.0287,0.4934,0.5,0.5,0.5,0.475000008940697,no_change,2026-08-21T09:43:12,0.0,0.0
SPXW,2026-09-04,14,Put,8080.0,SPXW260904P08080000,385.3,407.9,396.6,0.0,0.0,0.0,0.0,0.0,0.1203,-0.9904,0.0001,0.4713,-0.1342,-3.2848,398.1668,0.0,0.0,0.0,417.650009155273,no_change,,0.0,0.0
SPXW,2026-09-04,14,Call,8090.0,SPXW260904C08090000,0.4,0.55,0.47500000000000003,0.5,0.05,11.1111,6.0,19.0,0.1104,0.0089,0.0001,0.4479,-0.1291,0.027,0.469,0.45,0.5,0.45,0.450000002980232,no_change,2026-08-21T10:16:07,0.0,0.0
SPXW,2026-09-04,14,Put,8090.0,SPXW260904P08090000,395.3,418.0,406.65,0.0,0.0,0.0,0.0,0.0,0.1231,-0.9909,0.0001,0.4479,-0.1291,-3.2905,408.1244,0.0,0.0,0.0,427.650009155273,no_change,,0.0,0.0
SPXW,2026-09-04,14,Call,8100.0,SPXW260904C08100000,0.4,0.5,0.45,0.47,0.045,10.5882,55.0,751.0,0.1119,0.0084,0.0001,0.4267,-0.1246,0.0255,0.4473,0.45,0.7,0.45,0.424999997019768,down,2026-08-21T15:45:19,0.0,0.0
SPXW,2026-09-04,14,Put,8100.0,SPXW260904P08100000,405.2,428.0,416.6,374.9,0.0,0.0,0.0,101.0,0.1259,-0.9914,0.0001,0.4267,-0.1246,-3.2961,418.0848,0.0,0.0,0.0,437.649993896484,down,2026-08-19T13:21:45,0.0,0.0
SPXW,2026-09-04,14,Call,8110.0,SPXW260904C08110000,0.35,0.5,0.425,0.52,0.12,30.0,6.0,24.0,0.1142,0.008,0.0001,0.4073,-0.1204,0.0242,0.4278,0.45,0.52,0.45,0.399999991059303,up,2026-08-21T11:34:55,0.0,0.0
SPXW,2026-09-04,14,Put,8110.0,SPXW260904P08110000,415.2,438.9,427.04999999999995,0.0,0.0,0.0,0.0,0.0,0.127,-0.9918,0.0001,0.4073,-0.1204,-3.3015,428.0474,0.0,0.0,0.0,447.649993896484,no_change,,0.0,0.0
SPXW,2026-09-04,14,Call,8120.0,SPXW260904C08120000,0.35,0.45,0.4,0.0,0.0,0.0,0.0,0.0,0.1156,0.0076,0.0001,0.3895,-0.1166,0.023,0.4103,0.0,0.0,0.0,0.399999991059303,no_change,,0.0,0.0
SPXW,2026-09-04,14,Put,8120.0,SPXW260904P08120000,425.1,448.8,436.95000000000005,0.0,0.0,0.0,0.0,0.0,0.1298,-0.9922,0.0001,0.3895,-0.1166,-3.3068,438.012,0.0,0.0,0.0,457.399993896484,no_change,,0.0,0.0
SPXW,2026-09-04,14,Call,8125.0,SPXW260904C08125000,0.35,0.45,0.4,0.51,0.11,27.5,6.0,482.0,0.1168,0.0074,0.0001,0.3806,-0.1148,0.0224,0.4016,0.51,0.51,0.51,0.399999991059303,up,2026-08-21T11:21:34,0.0,0.0
SPXW,2026-09-04,14,Put,8125.0,SPXW260904P08125000,430.1,453.8,441.95000000000005,0.0,0.0,0.0,0.0,0.0,0.1312,-0.9924,0.0001,0.3812,-0.1149,-3.3094,442.9949,0.0,0.0,0.0,461.300003051758,no_change,,0.0,0.0
SPXW,2026-09-04,14,Call,8130.0,SPXW260904C08130000,0.35,0.45,0.4,0.0,0.0,0.0,0.0,0.0,0.1171,0.0072,0.0001,0.3726,-0.1131,0.0219,0.3938,0.0,0.0,0.0,0.375,no_change,,0.0,0.0
SPXW,2026-09-04,14,Put,8130.0,SPXW260904P08130000,435.1,458.8,446.95000000000005,0.0,0.0,0.0,0.0,0.0,0.1307,-0.9926,0.0001,0.3731,-0.1132,-3.312,447.9781,0.0,0.0,0.0,467.550003051758,no_change,,0.0,0.0
SPXW,2026-09-04,14,Call,8140.0,SPXW260904C08140000,0.3,0.45,0.375,0.0,0.0,0.0,0.0,0.0,0.1193,0.0069,0.0001,0.3574,-0.1099,0.0209,0.3793,0.0,0.0,0.0,0.350000008940697,no_change,,0.0,0.0
SPXW,2026-09-04,14,Put,8140.0,SPXW260904P08140000,445.1,467.9,456.5,0.0,0.0,0.0,0.0,0.0,0.1335,-0.9929,0.0001,0.3578,-0.11,-3.3171,457.9456,0.0,0.0,0.0,477.349990844727,no_change,,0.0,0.0
SPXW,2026-09-04,14,Call,8150.0,SPXW260904C08150000,0.3,0.4,0.35,0.4,0.05,14.2857,1.0,532.0,0.1206,0.0066,0.0001,0.3432,-0.1069,0.0199,0.3659,0.4,0.4,0.4,0.350000008940697,up,2026-08-21T10:59:42,0.0,0.0
SPXW,2026-09-04,14,Put,8150.0,SPXW260904P08150000,455.0,478.9,466.95,0.0,0.0,0.0,0.0,0.0,0.1363,-0.9932,0.0001,0.3436,-0.107,-3.3221,467.9142,0.0,0.0,0.0,487.349990844727,no_change,,0.0,0.0
SPXW,2026-09-04,14,Call,8160.0,SPXW260904C08160000,0.3,0.4,0.35,0.5,0.15,42.8571,2.0,0.0,0.1228,0.0063,0.0001,0.33,-0.1042,0.0191,0.3535,0.45,0.5,0.45,0.350000008940697,up,2026-08-21T11:43:03,0.0,0.0
SPXW,2026-09-04,14,Put,8160.0,SPXW260904P08160000,465.0,487.6,476.3,0.0,0.0,0.0,0.0,0.0,0.1391,-0.9935,0.0001,0.3304,-0.1043,-3.3271,477.8839,0.0,0.0,0.0,497.299987792969,no_change,,0.0,0.0
SPXW,2026-09-04,14,Call,8170.0,SPXW260904C08170000,0.25,0.4,0.325,0.0,0.0,0.0,0.0,0.0,0.124,0.0061,0.0001,0.3176,-0.1016,0.0182,0.3419,0.0,0.0,0.0,0.350000008940697,no_change,,0.0,0.0
SPXW,2026-09-04,14,Put,8170.0,SPXW260904P08170000,475.0,495.7,485.35,0.0,0.0,0.0,0.0,0.0,0.1399,-0.9938,0.0001,0.318,-0.1017,-3.332,487.8544,0.0,0.0,0.0,507.399993896484,no_change,,0.0,0.0
SPXW,2026-09-04,14,Call,8175.0,SPXW260904C08175000,0.25,0.4,0.325,0.45,0.125,38.4615,700.0,229.0,0.1251,0.0059,0.0001,0.3117,-0.1004,0.0179,0.3365,0.4,0.45,0.4,0.325000002980232,no_change,2026-08-21T10:59:57,0.0,0.0
SPXW,2026-09-04,14,Put,8175.0,SPXW260904P08175000,480.0,502.6,491.3,409.12,0.0,0.0,0.0,6.0,0.1412,-0.9939,0.0001,0.312,-0.1004,-3.3345,492.84,0.0,0.0,0.0,512.399993896484,down,2026-08-07T15:24:18,0.0,0.0
SPXW,2026-09-04,14,Call,8200.0,SPXW260904C08200000,0.25,0.35,0.3,0.3,0.0,9.93411e-07,27.0,787.0,0.1294,0.0054,0.0001,0.2847,-0.0947,0.0161,0.3116,0.37,0.45,0.3,0.299999997019768,down,2026-08-21T16:14:15,0.0,0.0
SPXW,2026-09-04,14,Put,8200.0,SPXW260904P08200000,504.9,528.7,516.8,433.17,0.0,0.0,0.0,6.0,0.146,-0.9945,0.0001,0.285,-0.0948,-3.3464,517.7703,0.0,0.0,0.0,537.200012207031,down,2026-08-07T15:24:18,0.0,0.0
SPXW,2026-09-04,14,Call,8225.0,SPXW260904C08225000,0.2,0.35,0.275,0.3,0.0,9.93411e-07,3.0,293.0,0.1348,0.0049,0.0001,0.2613,-0.0896,0.0147,0.2901,0.28,0.3,0.28,0.299999997019768,up,2026-08-21T15:54:32,0.0,0.0
SPXW,2026-09-04,14,Put,8225.0,SPXW260904P08225000,529.8,553.7,541.75,0.0,0.0,0.0,0.0,0.0,0.1529,-0.995,0.0001,0.2616,-0.0897,-3.3582,542.704,0.0,0.0,0.0,562.049987792969,no_change,,0.0,0.0
SPXW,2026-09-04,14,Call,8250.0,SPXW260904C08250000,0.2,0.35,0.275,0.3,0.05,20.0,2.0,4107.0,0.1388,0.0045,0.0001,0.2406,-0.0851,0.0134,0.2711,0.32,0.32,0.3,0.250000007450581,down,2026-08-21T09:34:53,0.0,0.0
SPXW,2026-09-04,14,Put,8250.0,SPXW260904P08250000,556.7,578.7,567.7,0.0,0.0,0.0,0.0,0.0,0.1575,-0.9954,0.0001,0.2409,-0.0852,-3.3697,567.6401,0.0,0.0,0.0,587.149993896484,no_change,,0.0,0.0
SPXW,2026-09-04,14,Call,8275.0,SPXW260904C08275000,0.2,0.3,0.25,0.3,0.0,0.0,0.0,252.0,0.1426,0.0041,0.0001,0.2223,-0.081,0.0123,0.254,0.0,0.0,0.0,0.250000007450581,up,2026-08-20T13:31:13,0.0,0.0
SPXW,2026-09-04,14,Put,8275.0,SPXW260904P08275000,579.7,602.5,591.1,0.0,0.0,0.0,0.0,0.0,0.1644,-0.9957,0.0001,0.2225,-0.081,-3.381,592.5783,0.0,0.0,0.0,612.0,no_change,,0.0,0.0
SPXW,2026-09-04,14,Call,8300.0,SPXW260904C08300000,0.2,0.3,0.25,0.4,0.15,60.0,26.0,2336.0,0.1478,0.0038,0.0,0.2059,-0.0772,0.0113,0.2387,0.35,0.4,0.35,0.250000007450581,up,2026-08-21T13:05:07,0.0,0.0
SPXW,2026-09-04,14,Put,8300.0,SPXW260904P08300000,604.7,627.7,616.2,0.0,0.0,0.0,0.0,0.0,0.1688,-0.9961,0.0,0.2061,-0.0772,-3.3923,617.5181,0.0,0.0,0.0,637.049987792969,no_change,,0.0,0.0
SPXW,2026-09-04,14,Call,8325.0,SPXW260904C08325000,0.15,0.3,0.22499999999999998,0.3,0.0,0.0,0.0,77.0,0.1513,0.0035,0.0,0.1912,-0.0736,0.0104,0.2247,0.0,0.0,0.0,0.250000007450581,down,2026-08-20T11:53:27,0.0,0.0
SPXW,2026-09-04,14,Put,8325.0,SPXW260904P08325000,630.5,653.6,642.05,0.0,0.0,0.0,0.0,0.0,0.1756,-0.9964,0.0,0.1914,-0.0737,-3.4034,642.4594,0.0,0.0,0.0,661.900024414062,no_change,,0.0,0.0
SPXW,2026-09-04,14,Call,8350.0,SPXW260904C08350000,0.15,0.3,0.22499999999999998,0.49,0.0,0.0,0.0,239.0,0.1564,0.0032,0.0,0.1779,-0.0704,0.0096,0.212,0.0,0.0,0.0,0.200000002980232,down,2026-08-17T10:19:17,0.0,0.0
SPXW,2026-09-04,14,Put,8350.0,SPXW260904P08350000,654.6,678.2,666.4000000000001,0.0,0.0,0.0,0.0,0.0,0.1798,-0.9966,0.0,0.1781,-0.0704,-3.4145,667.4018,0.0,0.0,0.0,686.850006103516,no_change,,0.0,0.0
SPXW,2026-09-04,14,Call,8375.0,SPXW260904C08375000,0.15,0.25,0.2,0.35,0.15,75.0,500.0,0.0,0.1595,0.003,0.0,0.1659,-0.0673,0.0089,0.2002,0.35,0.35,0.35,0.200000002980232,no_change,2026-08-21T13:00:42,0.0,0.0
SPXW,2026-09-04,14,Put,8375.0,SPXW260904P08375000,679.5,702.3,690.9,0.0,0.0,0.0,0.0,0.0,0.1867,-0.9968,0.0,0.166,-0.0673,-3.4254,692.3453,0.0,0.0,0.0,711.899993896484,no_change,,0.0,0.0
SPXW,2026-09-04,14,Call,8400.0,SPXW260904C08400000,0.15,0.25,0.2,0.35,0.15,75.0,500.0,3252.0,0.1645,0.0028,0.0,0.1549,-0.0644,0.0083,0.1894,0.35,0.35,0.35,0.200000002980232,no_change,2026-08-21T13:05:36,0.0,0.0
SPXW,2026-09-04,14,Put,8400.0,SPXW260904P08400000,704.5,728.2,716.35,0.0,0.0,0.0,0.0,0.0,0.1907,-0.9971,0.0,0.155,-0.0644,-3.4363,717.2897,0.0,0.0,0.0,736.399993896484,no_change,,0.0,0.0
SPXW,2026-09-04,14,Call,8425.0,SPXW260904C08425000,0.1,0.25,0.175,0.0,0.0,0.0,0.0,0.0,0.1694,0.0026,0.0,0.1448,-0.0617,0.0077,0.1793,0.0,0.0,0.0,0.200000002980232,no_change,,0.0,0.0
SPXW,2026-09-04,14,Put,8425.0,SPXW260904P08425000,729.4,749.8,739.5999999999999,0.0,0.0,0.0,0.0,0.0,0.1976,-0.9973,0.0,0.1449,-0.0617,-3.4471,742.2348,0.0,0.0,0.0,761.75,no_change,,0.0,0.0
SPXW,2026-09-04,14,Call,8450.0,SPXW260904C08450000,0.1,0.25,0.175,0.15,0.0,-1.49012e-06,2.0,43.0,0.1721,0.0024,0.0,0.1356,-0.0591,0.0072,0.1699,0.15,0.15,0.15,0.150000002235174,no_change,2026-08-21T10:45:21,0.0,0.0
SPXW,2026-09-04,14,Put,8450.0,SPXW260904P08450000,754.4,777.1,765.75,0.0,0.0,0.0,0.0,0.0,0.2014,-0.9974,0.0,0.1357,-0.0591,-3.4579,767.1806,0.0,0.0,0.0,786.099975585938,no_change,,0.0,0.0
SPXW,2026-09-04,14,Call,8475.0,SPXW260904C08475000,0.1,0.25,0.175,0.0,0.0,0.0,0.0,0.0,0.1769,0.0022,0.0,0.1271,-0.0566,0.0067,0.1611,0.0,0.0,0.0,0.150000002235174,no_change,,0.0,0.0
SPXW,2026-09-04,14,Put,8475.0,SPXW260904P08475000,779.3,802.1,790.7,0.0,0.0,0.0,0.0,0.0,0.2083,-0.9976,0.0,0.1272,-0.0566,-3.4686,792.127,0.0,0.0,0.0,811.599975585938,no_change,,0.0,0.0
SPXW,2026-09-04,14,Call,8500.0,SPXW260904C08500000,0.1,0.2,0.15000000000000002,0.25,0.1,66.6667,700.0,1207.0,0.1792,0.0021,0.0,0.1194,-0.0543,0.0062,0.1529,0.13,0.25,0.13,0.150000002235174,no_change,2026-08-21T12:51:04,0.0,0.0
SPXW,2026-09-04,14,Put,8500.0,SPXW260904P08500000,804.3,827.3,815.8,0.0,0.0,0.0,0.0,0.0,0.212,-0.9977,0.0,0.1194,-0.0543,-3.4793,817.074,0.0,0.0,0.0,836.450012207031,no_change,,0.0,0.0
SPXW,2026-09-04,14,Call,8550.0,SPXW260904C08550000,0.1,0.2,0.15000000000000002,0.0,0.0,0.0,0.0,0.0,0.1886,0.0018,0.0,0.1055,-0.05,0.0055,0.138,0.0,0.0,0.0,0.150000002235174,no_change,,0.0,0.0
SPXW,2026-09-04,14,Put,8550.0,SPXW260904P08550000,854.2,876.9,865.55,0.0,0.0,0.0,0.0,0.0,0.2224,-0.998,0.0,0.1056,-0.05,-3.5006,866.9695,0.0,0.0,0.0,886.550018310547,no_change,,0.0,0.0
SPXW,2026-09-04,14,Call,8600.0,SPXW260904C08600000,0.1,0.2,0.15000000000000002,0.12,-0.005,-4.0,201.0,6322.0,0.1947,0.0016,0.0,0.0935,-0.046,0.0048,0.1248,0.15,0.15,0.12,0.12500000372529,down,2026-08-21T15:45:19,0.0,0.0
SPXW,2026-09-04,14,Put,8600.0,SPXW260904P08600000,904.1,927.8,915.95,0.0,0.0,0.0,0.0,0.0,0.2326,-0.9982,0.0,0.0936,-0.046,-3.5218,916.8667,0.0,0.0,0.0,936.049987792969,no_change,,0.0,0.0
SPXW,2026-09-04,14,Call,8700.0,SPXW260904C08700000,0.05,0.15,0.1,0.15,0.0,0.0,0.0,36.0,0.2088,0.0013,0.0,0.0745,-0.0393,0.0038,0.1031,0.0,0.0,0.0,0.100000003352761,down,2026-08-18T16:07:53,0.0,0.0
SPXW,2026-09-04,14,Put,8700.0,SPXW260904P08700000,1003.9,1027.3,1015.5999999999999,0.0,0.0,0.0,0.0,0.0,0.2527,-0.9986,0.0,0.0742,-0.0391,-3.5638,1016.6651,0.0,0.0,0.0,1036.20001220703,no_change,,0.0,0.0
SPXW,2026-09-04,14,Call,8800.0,SPXW260904C08800000,0.05,0.2,0.125,0.1,0.0,-3.35276e-06,3.0,3050.0,0.2211,0.001,0.0,0.0596,-0.0334,0.003,0.0848,0.1,0.1,0.1,0.100000003352761,up,2026-08-21T11:53:41,0.0,0.0
SPXW,2026-09-04,14,Put,8800.0,SPXW260904P08800000,1103.7,1127.5,1115.6,0.0,0.0,0.0,0.0,0.0,0.2722,-0.9988,0.0,0.0593,-0.0332,-3.6056,1116.4678,0.0,0.0,0.0,1135.65002441406,no_change,,0.0,0.0
SPXW,2026-09-04,14,Call,9000.0,SPXW260904C09000000,0.0,0.15,0.075,0.1,0.05,100.0,7.0,65.0,0.2469,0.0006,0.0,0.0387,-0.024,0.0019,0.0575,0.1,0.1,0.1,0.0500000007450581,no_change,2026-08-21T15:08:46,0.0,0.0
SPXW,2026-09-04,14,Put,9000.0,SPXW260904P09000000,1303.4,1324.0,1313.7,0.0,0.0,0.0,0.0,0.0,0.3143,-0.9992,0.0,0.0385,-0.0238,-3.6887,1316.0824,0.0,0.0,0.0,1335.54998779297,no_change,,0.0,0.0
SPXW,2026-09-04,14,Call,9200.0,SPXW260904C09200000,0.0,0.1,0.05,0.7,0.0,0.0,0.0,26.0,0.2867,0.0004,0.0,0.0254,-0.0171,0.0012,0.0389,0.0,0.0,0.0,0.0500000007450581,no_change,2026-08-05T09:30:02,0.0,0.0
SPXW,2026-09-04,14,Put,9200.0,SPXW260904P09200000,1504.8,1527.0,1515.9,0.0,0.0,0.0,0.0,0.0,0.3505,-0.9994,0.0,0.0253,-0.017,-3.7714,1515.7057,0.0,0.0,0.0,1534.65002441406,no_change,,0.0,0.0
SPXW,2026-09-04,14,Call,9400.0,SPXW260904C09400000,0.0,0.1,0.05,0.1,0.0,0.0,0.0,228.0,0.3179,0.0003,0.0,0.0168,-0.0121,0.0008,0.0262,0.0,0.0,0.0,0.0500000007450581,no_change,2026-08-13T10:44:50,0.0,0.0
SPXW,2026-09-04,14,Put,9400.0,SPXW260904P09400000,1702.7,1723.3,1713.0,0.0,0.0,0.0,0.0,0.0,0.3904,-0.9996,0.0,0.0167,-0.012,-3.8538,1715.3347,0.0,0.0,0.0,1734.75,no_change,,0.0,0.0
SPXW,2026-09-04,14,Call,9600.0,SPXW260904C09600000,0.0,0.1,0.05,0.05,0.0,0.0,0.0,60.0,0.3482,0.0002,0.0,0.0111,-0.0084,0.0005,0.0175,0.0,0.0,0.0,0.0500000007450581,no_change,2026-08-12T09:31:30,0.0,0.0
SPXW,2026-09-04,14,Put,9600.0,SPXW260904P09600000,1902.3,1926.0,1914.15,0.0,0.0,0.0,0.0,0.0,0.424,-0.9997,0.0,0.0111,-0.0084,-3.936,1914.9678,0.0,0.0,0.0,1934.39996337891,no_change,,0.0,0.0
SPXW,2026-09-04,14,Call,9800.0,SPXW260904C09800000,0.0,0.05,0.025,0.05,0.0,0.0,0.0,21.0,0.3671,0.0001,0.0,0.0074,-0.0058,0.0003,0.0116,0.0,0.0,0.0,0.0500000007450581,down,2026-08-07T09:43:05,0.0,0.0
SPXW,2026-09-04,14,Put,9800.0,SPXW260904P09800000,2102.0,2124.7,2113.35,0.0,0.0,0.0,0.0,0.0,0.4621,-0.9997,0.0,0.0073,-0.0058,-4.0182,2114.6037,0.0,0.0,0.0,2133.5,no_change,,0.0,0.0
SPXW,2026-09-04,14,Call,10000.0,SPXW260904C10000000,0.0,0.05,0.025,0.1,0.0,0.0,0.0,37.0,0.3951,0.0001,0.0,0.0049,-0.004,0.0002,0.0076,0.0,0.0,0.0,0.025000000372529,no_change,2026-08-05T14:15:25,0.0,0.0
SPXW,2026-09-04,14,Put,10000.0,SPXW260904P10000000,2301.6,2325.4,2313.5,0.0,0.0,0.0,0.0,0.0,0.4934,-0.9998,0.0,0.0048,-0.004,-4.1003,2314.2415,0.0,0.0,0.0,2333.75,no_change,,0.0,0.0
SPXW,2026-09-08,18,Call,3000.0,SPXW260908C03000000,4663.0,4686.8,4674.9,0.0,0.0,0.0,0.0,0.0,1.2514,0.9997,0.0,0.0103,-0.0295,1.312,4673.4714,0.0,0.0,0.0,4652.69995117188,no_change,,0.0,0.0
SPXW,2026-09-08,18,Put,3000.0,SPXW260908P03000000,0.0,0.05,0.025,0.1,0.0,0.0,0.0,1.0,1.1892,-0.0002,0.0,0.0103,-0.0295,-0.0005,0.0797,0.0,0.0,0.0,0.025000000372529,down,2026-08-03T11:12:28,0.0,0.0
SPXW,2026-09-08,18,Call,3200.0,SPXW260908C03200000,4466.9,4487.3,4477.1,0.0,0.0,0.0,0.0,0.0,1.1811,0.9997,0.0,0.0113,-0.0302,1.3994,4473.8559,0.0,0.0,0.0,4453.0,no_change,,0.0,0.0
SPXW,2026-09-08,18,Put,3200.0,SPXW260908P03200000,0.0,0.05,0.025,0.1,0.0,0.0,0.0,1.0,1.1102,-0.0002,0.0,0.0113,-0.0302,-0.0006,0.0821,0.0,0.0,0.0,0.025000000372529,down,2026-08-04T09:30:14,0.0,0.0
SPXW,2026-09-08,18,Call,3400.0,SPXW260908C03400000,4263.8,4287.7,4275.75,0.0,0.0,0.0,0.0,0.0,1.0278,0.9997,0.0,0.0124,-0.031,1.4868,4274.2411,0.0,0.0,0.0,4253.89990234375,no_change,,0.0,0.0
SPXW,2026-09-08,18,Put,3400.0,SPXW260908P03400000,0.0,0.1,0.05,0.0,0.0,0.0,0.0,0.0,1.036,-0.0002,0.0,0.0124,-0.0311,-0.0006,0.0851,0.0,0.0,0.0,0.025000000372529,no_change,,0.0,0.0
SPXW,2026-09-08,18,Call,3600.0,SPXW260908C03600000,4064.2,4088.0,4076.1,0.0,0.0,0.0,0.0,0.0,0.9795,0.9996,0.0,0.0138,-0.0321,1.5742,4074.6269,0.0,0.0,0.0,4053.90002441406,no_change,,0.0,0.0
SPXW,2026-09-08,18,Put,3600.0,SPXW260908P03600000,0.0,0.1,0.05,0.05,0.0,0.0,0.0,2.0,0.966,-0.0002,0.0,0.0138,-0.0321,-0.0007,0.0888,0.0,0.0,0.0,0.025000000372529,down,2026-08-11T10:45:03,0.0,0.0
SPXW,2026-09-08,18,Call,3800.0,SPXW260908C03800000,3867.5,3888.4,3877.95,0.0,0.0,0.0,0.0,0.0,0.928,0.9996,0.0,0.0153,-0.0334,1.6615,3875.0134,0.0,0.0,0.0,3854.40002441406,no_change,,0.0,0.0
SPXW,2026-09-08,18,Put,3800.0,SPXW260908P03800000,0.0,0.1,0.05,0.1,0.0,0.0,0.0,64.0,0.8998,-0.0002,0.0,0.0154,-0.0334,-0.0008,0.0932,0.0,0.0,0.0,0.0500000007450581,no_change,2026-08-10T10:39:06,0.0,0.0
SPXW,2026-09-08,18,Call,4000.0,SPXW260908C04000000,3664.9,3688.8,3676.8500000000004,0.0,0.0,0.0,0.0,0.0,0.0,0.9996,0.0,0.0172,-0.035,1.7489,3675.401,0.0,0.0,0.0,3655.40002441406,no_change,,0.0,0.0
SPXW,2026-09-08,18,Put,4000.0,SPXW260908P04000000,0.0,0.05,0.025,0.1,0.0,0.0,0.0,9.0,0.8369,-0.0003,0.0,0.0172,-0.035,-0.0009,0.0986,0.0,0.0,0.0,0.0500000007450581,no_change,2026-08-10T15:57:22,0.0,0.0
SPXW,2026-09-08,18,Call,4200.0,SPXW260908C04200000,3468.2,3489.1,3478.6499999999996,0.0,0.0,0.0,0.0,0.0,0.7233,0.9996,0.0,0.0194,-0.0369,1.8362,3475.7897,0.0,0.0,0.0,3455.34997558594,no_change,,0.0,0.0
SPXW,2026-09-08,18,Put,4200.0,SPXW260908P04200000,0.0,0.1,0.05,0.05,0.0,0.0,0.0,333.0,0.7982,-0.0003,0.0,0.0193,-0.0366,-0.001,0.1044,0.0,0.0,0.0,0.0500000007450581,no_change,2026-08-20T12:56:43,0.0,0.0
SPXW,2026-09-08,18,Call,4400.0,SPXW260908C04400000,3265.7,3289.5,3277.6,0.0,0.0,0.0,0.0,0.0,0.7013,0.9995,0.0,0.0222,-0.0392,1.9235,3276.1802,0.0,0.0,0.0,3255.65002441406,no_change,,0.0,0.0
SPXW,2026-09-08,18,Put,4400.0,SPXW260908P04400000,0.0,0.1,0.05,0.21,0.0,0.0,0.0,22.0,0.7395,-0.0004,0.0,0.0221,-0.039,-0.0012,0.1127,0.0,0.0,0.0,0.0750000029802322,no_change,2026-08-10T11:03:10,0.0,0.0
SPXW,2026-09-08,18,Call,4600.0,SPXW260908C04600000,3066.1,3089.9,3078.0,0.0,0.0,0.0,0.0,0.0,0.666,0.9994,0.0,0.0258,-0.0423,2.0107,3076.5732,0.0,0.0,0.0,3056.20007324219,no_change,,0.0,0.0
SPXW,2026-09-08,18,Put,4600.0,SPXW260908P04600000,0.0,0.15,0.075,0.1,0.025,33.3333,7.0,20.0,0.6834,-0.0004,0.0,0.0257,-0.0421,-0.0014,0.1235,0.1,0.1,0.1,0.0750000011175871,no_change,2026-08-21T13:16:09,0.0,0.0
SPXW,2026-09-08,18,Call,4800.0,SPXW260908C04800000,2869.4,2890.3,2879.8500000000004,0.0,0.0,0.0,0.0,0.0,0.6259,0.9994,0.0,0.0306,-0.0465,2.0979,2876.9704,0.0,0.0,0.0,2857.0,no_change,,0.0,0.0
SPXW,2026-09-08,18,Put,4800.0,SPXW260908P04800000,0.05,0.15,0.1,0.14,0.0,0.0,0.0,504.0,0.6425,-0.0005,0.0,0.0306,-0.0465,-0.0016,0.1394,0.0,0.0,0.0,0.125000001862645,up,2026-08-20T14:40:09,0.0,0.0
SPXW,2026-09-08,18,Call,5000.0,SPXW260908C05000000,2666.9,2690.6,2678.75,2596.8,0.0,0.0,0.0,12.0,0.0,0.9992,0.0,0.0372,-0.0525,2.185,2677.3743,0.0,0.0,0.0,2657.15002441406,up,2026-08-03T13:00:21,0.0,0.0
SPXW,2026-09-08,18,Put,5000.0,SPXW260908P05000000,0.1,0.2,0.15000000000000002,0.15,-0.025,-14.2857,4.0,202.0,0.615,-0.0006,0.0,0.037,-0.0523,-0.002,0.1603,0.15,0.15,0.15,0.175000004470348,down,2026-08-21T15:47:49,0.0,0.0
SPXW,2026-09-08,18,Call,5200.0,SPXW260908C05200000,2470.2,2491.1,2480.6499999999996,0.0,0.0,0.0,0.0,0.0,0.5406,0.9991,0.0,0.0467,-0.0613,2.2719,2477.7889,0.0,0.0,0.0,2457.65002441406,no_change,,0.0,0.0
SPXW,2026-09-08,18,Put,5200.0,SPXW260908P05200000,0.15,0.25,0.2,0.25,0.0,0.0,0.0,205.0,0.5682,-0.0008,0.0,0.0465,-0.061,-0.0025,0.1927,0.0,0.0,0.0,0.250000007450581,no_change,2026-08-20T15:51:50,0.0,0.0
SPXW,2026-09-08,18,Call,5400.0,SPXW260908C05400000,2270.6,2291.5,2281.05,0.0,0.0,0.0,0.0,0.0,0.4972,0.9988,0.0,0.0608,-0.0741,2.3585,2278.2203,0.0,0.0,0.0,2258.75,no_change,,0.0,0.0
SPXW,2026-09-08,18,Put,5400.0,SPXW260908P05400000,0.2,0.3,0.25,0.25,-0.1,-28.5714,32.0,241.0,0.5304,-0.001,0.0,0.0607,-0.0739,-0.0034,0.242,0.3,0.3,0.25,0.350000008940697,down,2026-08-21T12:50:48,0.0,0.0
SPXW,2026-09-08,18,Call,5600.0,SPXW260908C05600000,2068.2,2091.9,2080.05,2061.56,0.0,0.0,0.0,1.0,0.4538,0.9984,0.0,0.0816,-0.0925,2.4447,2078.6764,0.0,0.0,0.0,2059.70007324219,down,2026-08-20T15:36:56,0.0,0.0
SPXW,2026-09-08,18,Put,5600.0,SPXW260908P05600000,0.25,0.4,0.325,0.35,-0.15,-30.0,4.0,299.0,0.4896,-0.0014,0.0,0.0815,-0.0923,-0.0046,0.3161,0.35,0.35,0.35,0.5,down,2026-08-21T15:47:49,0.0,0.0
SPXW,2026-09-08,18,Call,5800.0,SPXW260908C05800000,1868.6,1892.4,1880.5,0.0,0.0,0.0,0.0,0.0,0.4276,0.9979,0.0,0.1125,-0.1182,2.5302,1879.1674,0.0,0.0,0.0,1859.89996337891,no_change,,0.0,0.0
SPXW,2026-09-08,18,Put,5800.0,SPXW260908P05800000,0.35,0.5,0.425,0.5,-0.175,-25.9259,1.0,1092.0,0.4493,-0.002,0.0,0.1124,-0.118,-0.0066,0.425,0.5,0.5,0.5,0.675000011920929,down,2026-08-21T09:43:29,0.0,0.0
SPXW,2026-09-08,18,Call,6000.0,SPXW260908C06000000,1669.1,1692.9,1681.0,0.0,0.0,0.0,0.0,0.0,0.3927,0.997,0.0,0.1575,-0.1524,2.6147,1679.7055,0.0,0.0,0.0,1660.55004882812,no_change,,0.0,0.0
SPXW,2026-09-08,18,Put,6000.0,SPXW260908P06000000,0.5,0.6,0.55,0.65,-0.3,-31.5789,5.0,767.0,0.4089,-0.0029,0.0,0.1575,-0.1523,-0.0095,0.5811,0.65,0.65,0.65,0.949999988079071,down,2026-08-21T13:29:39,0.0,0.0
SPXW,2026-09-08,18,Call,6100.0,SPXW260908C06100000,1572.3,1593.1,1582.6999999999998,0.0,0.0,0.0,0.0,0.0,0.3694,0.9964,0.0,0.187,-0.1732,2.6564,1579.997,0.0,0.0,0.0,1560.44995117188,no_change,,0.0,0.0
SPXW,2026-09-08,18,Put,6100.0,SPXW260908P06100000,0.6,0.7,0.6499999999999999,0.67,-0.43,-39.0909,43.0,424.0,0.3901,-0.0035,0.0,0.1869,-0.1731,-0.0115,0.6814,0.75,0.75,0.67,1.09999996423721,down,2026-08-21T15:47:13,0.0,0.0
SPXW,2026-09-08,18,Call,6200.0,SPXW260908C06200000,1469.6,1492.3,1480.9499999999998,0.0,0.0,0.0,0.0,0.0,0.3538,0.9956,0.0,0.222,-0.1966,2.6977,1480.3062,0.0,0.0,0.0,1460.84997558594,no_change,,0.0,0.0
SPXW,2026-09-08,18,Put,6200.0,SPXW260908P06200000,0.7,0.8,0.75,0.75,-0.55,-42.3077,171.0,579.0,0.3703,-0.0042,0.0,0.2219,-0.1965,-0.0139,0.7996,0.92,0.92,0.75,1.30000001192093,no_change,2026-08-21T15:50:29,0.0,0.0
SPXW,2026-09-08,18,Call,6300.0,SPXW260908C06300000,1369.9,1393.7,1381.8000000000002,0.0,0.0,0.0,0.0,0.0,0.3364,0.9948,0.0,0.2647,-0.2228,2.7385,1380.6358,0.0,0.0,0.0,1361.25,no_change,,0.0,0.0
SPXW,2026-09-08,18,Put,6300.0,SPXW260908P06300000,0.85,0.95,0.8999999999999999,0.85,-0.7,-45.1613,44.0,1106.0,0.3509,-0.0051,0.0,0.2646,-0.2227,-0.0169,0.9381,1.1,1.1,0.85,1.55000001192093,no_change,2026-08-21T15:49:20,0.0,0.0
SPXW,2026-09-08,18,Call,6400.0,SPXW260908C06400000,1274.4,1294.1,1284.25,0.0,0.0,0.0,0.0,0.0,0.3221,0.9936,0.0,0.3154,-0.2521,2.7785,1280.9899,0.0,0.0,0.0,1261.59997558594,no_change,,0.0,0.0
SPXW,2026-09-08,18,Put,6400.0,SPXW260908P06400000,0.95,1.1,1.025,1.4,0.0,0.0,0.0,144.0,0.3314,-0.0062,0.0,0.3153,-0.252,-0.0206,1.1012,0.0,0.0,0.0,1.82499998807907,no_change,2026-08-19T15:59:37,0.0,0.0
SPXW,2026-09-08,18,Call,6500.0,SPXW260908C06500000,1171.5,1194.4,1182.95,0.0,0.0,0.0,0.0,0.0,0.3016,0.9923,0.0,0.3769,-0.2848,2.8177,1181.3735,0.0,0.0,0.0,1162.25,no_change,,0.0,0.0
SPXW,2026-09-08,18,Put,6500.0,SPXW260908P06500000,1.15,1.3,1.225,1.25,-0.925,-42.5287,253.0,257.0,0.3124,-0.0076,0.0,0.3769,-0.2847,-0.0252,1.2936,1.58,1.58,1.25,2.17499995231628,down,2026-08-21T16:14:25,0.0,0.0
SPXW,2026-09-08,18,Call,6550.0,SPXW260908C06550000,1124.5,1144.6,1134.55,0.0,0.0,0.0,0.0,0.0,0.2927,0.9915,0.0,0.413,-0.3026,2.8368,1131.5786,0.0,0.0,0.0,1112.54998779297,no_change,,0.0,0.0
SPXW,2026-09-08,18,Put,6550.0,SPXW260908P06550000,1.25,1.4,1.325,1.31,-1.09,-45.4167,8.0,41.0,0.3024,-0.0084,0.0,0.413,-0.3025,-0.0279,1.4032,1.65,1.65,1.31,2.39999997615814,down,2026-08-21T15:47:13,0.0,0.0
SPXW,2026-09-08,18,Call,6575.0,SPXW260908C06575000,1099.6,1119.7,1109.65,0.0,0.0,0.0,0.0,0.0,0.2882,0.991,0.0,0.4325,-0.312,2.8462,1106.6852,0.0,0.0,0.0,1088.29998779297,no_change,,0.0,0.0
SPXW,2026-09-08,18,Put,6575.0,SPXW260908P06575000,1.35,1.45,1.4,1.55,-0.95,-38.0,16.0,8.0,0.2973,-0.0088,0.0,0.4325,-0.3118,-0.0294,1.4619,1.6,1.6,1.55,2.5,down,2026-08-21T15:03:13,0.0,0.0
SPXW,2026-09-08,18,Call,6600.0,SPXW260908C06600000,1070.9,1094.8,1082.85,0.0,0.0,0.0,0.0,0.0,0.2835,0.9905,0.0,0.4529,-0.3216,2.8556,1081.7947,0.0,0.0,0.0,1062.79998779297,no_change,,0.0,0.0
SPXW,2026-09-08,18,Put,6600.0,SPXW260908P06600000,1.4,1.5,1.45,1.5,-1.125,-42.8571,32.0,283.0,0.2928,-0.0093,0.0,0.4529,-0.3215,-0.031,1.5237,1.7,1.7,1.5,2.625,no_change,2026-08-21T16:13:16,0.0,0.0
SPXW,2026-09-08,18,Call,6625.0,SPXW260908C06625000,1046.0,1069.9,1057.95,0.0,0.0,0.0,0.0,0.0,0.2814,0.99,0.0,0.4743,-0.3316,2.8648,1056.9075,0.0,0.0,0.0,1038.09997558594,no_change,,0.0,0.0
SPXW,2026-09-08,18,Put,6625.0,SPXW260908P06625000,1.45,1.6,1.525,0.0,0.0,0.0,0.0,0.0,0.2881,-0.0098,0.0,0.4743,-0.3315,-0.0327,1.5888,0.0,0.0,0.0,2.75,no_change,,0.0,0.0
SPXW,2026-09-08,18,Call,6650.0,SPXW260908C06650000,1025.5,1045.1,1035.3,0.0,0.0,0.0,0.0,0.0,0.2764,0.9895,0.0001,0.4969,-0.342,2.8739,1032.0239,0.0,0.0,0.0,1013.54998779297,no_change,,0.0,0.0
SPXW,2026-09-08,18,Put,6650.0,SPXW260908P06650000,1.55,1.65,1.6,2.07,-0.805,-28.0,6.0,1.0,0.2828,-0.0104,0.0001,0.4969,-0.3418,-0.0345,1.6573,2.07,2.07,2.07,2.875,no_change,2026-08-21T10:00:06,0.0,0.0
SPXW,2026-09-08,18,Call,6675.0,SPXW260908C06675000,996.2,1020.2,1008.2,0.0,0.0,0.0,0.0,0.0,0.2714,0.9889,0.0001,0.5209,-0.3528,2.883,1007.1441,0.0,0.0,0.0,989.149993896484,no_change,,0.0,0.0
SPXW,2026-09-08,18,Put,6675.0,SPXW260908P06675000,1.6,1.75,1.675,1.91,-1.115,-36.8595,4.0,84.0,0.2784,-0.0109,0.0001,0.5209,-0.3526,-0.0364,1.7297,1.96,1.96,1.91,3.02499997615814,down,2026-08-21T14:34:14,0.0,0.0
SPXW,2026-09-08,18,Call,6700.0,SPXW260908C06700000,971.4,994.4,982.9,0.0,0.0,0.0,0.0,0.0,0.2662,0.9883,0.0001,0.5465,-0.364,2.8918,982.2684,0.0,0.0,0.0,963.600006103516,no_change,,0.0,0.0
SPXW,2026-09-08,18,Put,6700.0,SPXW260908P06700000,1.7,1.8,1.75,3.3,0.0,0.0,0.0,34.0,0.2734,-0.0116,0.0001,0.5465,-0.3638,-0.0384,1.8063,0.0,0.0,0.0,3.19999992847443,down,2026-08-18T09:47:13,0.0,0.0
SPXW,2026-09-08,18,Call,6725.0,SPXW260908C06725000,950.4,970.4,960.4,1048.0,0.0,0.0,0.0,4.0,0.2632,0.9876,0.0001,0.574,-0.3756,2.9006,957.3975,0.0,0.0,0.0,938.800018310547,up,2026-08-04T16:07:29,0.0,0.0
SPXW,2026-09-08,18,Put,6725.0,SPXW260908P06725000,1.75,1.9,1.825,2.8,0.0,0.0,0.0,53.0,0.2684,-0.0122,0.0001,0.574,-0.3755,-0.0406,1.8875,0.0,0.0,0.0,3.35000002384186,down,2026-08-17T10:35:48,0.0,0.0
SPXW,2026-09-08,18,Call,6750.0,SPXW260908C06750000,921.6,944.6,933.1,0.0,0.0,0.0,0.0,0.0,0.2578,0.9869,0.0001,0.6034,-0.3878,2.9092,932.5318,0.0,0.0,0.0,914.450012207031,no_change,,0.0,0.0
SPXW,2026-09-08,18,Put,6750.0,SPXW260908P06750000,1.85,2.0,1.925,2.3,-1.2,-34.2857,2.0,14.0,0.2637,-0.0129,0.0001,0.6034,-0.3877,-0.043,1.974,2.3,2.3,2.3,3.5,down,2026-08-21T11:06:31,0.0,0.0
SPXW,2026-09-08,18,Call,6775.0,SPXW260908C06775000,897.2,920.7,908.95,0.0,0.0,0.0,0.0,0.0,0.2524,0.9862,0.0001,0.6348,-0.4007,2.9175,907.672,0.0,0.0,0.0,889.450012207031,no_change,,0.0,0.0
SPXW,2026-09-08,18,Put,6775.0,SPXW260908P06775000,1.95,2.1,2.025,3.0,0.0,0.0,0.0,44.0,0.2589,-0.0137,0.0001,0.6348,-0.4005,-0.0455,2.0665,0.0,0.0,0.0,3.69999992847443,no_change,2026-08-17T11:08:34,0.0,0.0
SPXW,2026-09-08,18,Call,6800.0,SPXW260908C06800000,876.4,895.9,886.15,0.0,0.0,0.0,0.0,0.0,0.2488,0.9853,0.0001,0.6683,-0.4142,2.9256,882.8192,0.0,0.0,0.0,864.549987792969,no_change,,0.0,0.0
SPXW,2026-09-08,18,Put,6800.0,SPXW260908P06800000,2.05,2.2,2.125,2.1,-1.8,-46.1538,33.0,268.0,0.2539,-0.0145,0.0001,0.6683,-0.414,-0.0483,2.1659,2.54,2.54,2.1,3.89999997615814,down,2026-08-21T16:00:31,0.0,0.0
SPXW,2026-09-08,18,Call,6825.0,SPXW260908C06825000,847.1,871.1,859.1,0.0,0.0,0.0,0.0,0.0,0.2448,0.9844,0.0001,0.7039,-0.4284,2.9335,857.9741,0.0,0.0,0.0,839.950012207031,no_change,,0.0,0.0
SPXW,2026-09-08,18,Put,6825.0,SPXW260908P06825000,2.2,2.3,2.25,2.3,-1.8,-43.9024,2.0,21.0,0.2496,-0.0154,0.0001,0.7041,-0.4283,-0.0514,2.2735,2.62,2.62,2.3,4.09999990463257,down,2026-08-21T15:55:00,0.0,0.0
SPXW,2026-09-08,18,Call,6850.0,SPXW260908C06850000,826.2,846.2,836.2,0.0,0.0,0.0,0.0,0.0,0.2391,0.9834,0.0001,0.7421,-0.4436,2.9411,833.1378,0.0,0.0,0.0,815.049987792969,no_change,,0.0,0.0
SPXW,2026-09-08,18,Put,6850.0,SPXW260908P06850000,2.3,2.45,2.375,2.77,-1.63,-37.0455,1.0,66.0,0.2444,-0.0164,0.0001,0.7423,-0.4435,-0.0547,2.3895,2.77,2.77,2.77,4.40000009536743,down,2026-08-21T12:51:25,0.0,0.0
SPXW,2026-09-08,18,Call,6875.0,SPXW260908C06875000,797.5,820.5,809.0,0.0,0.0,0.0,0.0,0.0,0.2349,0.9824,0.0001,0.7834,-0.4598,2.9485,808.3116,0.0,0.0,0.0,790.350006103516,no_change,,0.0,0.0
SPXW,2026-09-08,18,Put,6875.0,SPXW260908P06875000,2.45,2.6,2.5250000000000004,3.89,0.0,0.0,0.0,46.0,0.2398,-0.0175,0.0001,0.7836,-0.4596,-0.0583,2.5156,0.0,0.0,0.0,4.59999990463257,up,2026-08-17T12:07:49,0.0,0.0
SPXW,2026-09-08,18,Call,6900.0,SPXW260908C06900000,773.5,796.6,785.05,0.0,0.0,0.0,0.0,0.0,0.2304,0.9812,0.0001,0.8283,-0.477,2.9555,783.4969,0.0,0.0,0.0,766.099975585938,no_change,,0.0,0.0
SPXW,2026-09-08,18,Put,6900.0,SPXW260908P06900000,2.6,2.75,2.675,4.7,0.0,0.0,0.0,4693.0,0.235,-0.0187,0.0001,0.8284,-0.4768,-0.0622,2.6525,0.0,0.0,0.0,4.90000009536743,down,2026-08-20T16:00:01,0.0,0.0
SPXW,2026-09-08,18,Call,6925.0,SPXW260908C06925000,752.3,771.8,762.05,0.0,0.0,0.0,0.0,0.0,0.2258,0.9799,0.0001,0.8775,-0.4955,2.9621,758.6953,0.0,0.0,0.0,741.0,no_change,,0.0,0.0
SPXW,2026-09-08,18,Put,6925.0,SPXW260908P06925000,2.75,2.9,2.825,2.75,-2.45,-47.1154,8.0,52.0,0.2302,-0.02,0.0001,0.8775,-0.4955,-0.0665,2.8041,3.81,3.81,2.75,5.20000004768372,down,2026-08-21T15:46:37,0.0,0.0
SPXW,2026-09-08,18,Call,6950.0,SPXW260908C06950000,723.1,746.3,734.7,732.5,15.5,2.16179,2.0,2.0,0.221,0.9784,0.0001,0.9312,-0.5155,2.9682,733.9091,732.5,732.5,732.5,717.0,down,2026-08-21T10:05:23,0.0,0.0
SPXW,2026-09-08,18,Put,6950.0,SPXW260908P06950000,2.9,3.1,3.0,3.0,-2.5,-45.4545,4.0,124.0,0.2257,-0.0214,0.0001,0.9312,-0.5155,-0.0714,2.9701,3.6,3.6,3.0,5.5,down,2026-08-21T15:44:28,0.0,0.0
SPXW,2026-09-08,18,Call,6975.0,SPXW260908C06975000,698.3,721.6,709.95,0.0,0.0,0.0,0.0,0.0,0.2172,0.9768,0.0001,0.9895,-0.537,2.9737,709.141,0.0,0.0,0.0,691.950012207031,no_change,,0.0,0.0
SPXW,2026-09-08,18,Put,6975.0,SPXW260908P06975000,3.1,3.3,3.2,3.4,-2.45,-41.8803,174.0,46.0,0.221,-0.023,0.0001,0.9896,-0.5371,-0.0768,3.1543,3.79,3.79,3.4,5.84999990463257,down,2026-08-21T15:30:07,0.0,0.0
SPXW,2026-09-08,18,Call,7000.0,SPXW260908C07000000,677.9,697.5,687.7,683.15,15.55,2.32924,2.0,2.0,0.2121,0.9751,0.0002,1.0528,-0.5605,2.9786,684.3941,683.15,683.15,683.15,667.599975585938,down,2026-08-21T10:05:23,0.0,0.0
SPXW,2026-09-08,18,Put,7000.0,SPXW260908P07000000,3.3,3.5,3.4,3.34,-2.91,-46.56,277.0,243.0,0.2161,-0.0248,0.0002,1.0528,-0.5605,-0.0828,3.3596,4.51,4.55,3.34,6.25,down,2026-08-21T15:47:13,0.0,0.0
SPXW,2026-09-08,18,Call,7025.0,SPXW260908C07025000,648.8,672.1,660.45,0.0,0.0,0.0,0.0,0.0,0.2078,0.9731,0.0002,1.122,-0.5861,2.9829,659.6717,0.0,0.0,0.0,642.649993896484,no_change,,0.0,0.0
SPXW,2026-09-08,18,Put,7025.0,SPXW260908P07025000,3.5,3.7,3.6,3.6,-3.05,-45.8647,11.0,228.0,0.211,-0.0268,0.0002,1.122,-0.5861,-0.0895,3.5894,4.6,4.6,3.6,6.65000009536743,down,2026-08-21T15:45:42,0.0,0.0
SPXW,2026-09-08,18,Call,7050.0,SPXW260908C07050000,624.1,647.5,635.8,0.0,0.0,0.0,0.0,0.0,0.2032,0.9708,0.0002,1.1987,-0.614,2.9864,634.9775,0.0,0.0,0.0,618.199981689453,no_change,,0.0,0.0
SPXW,2026-09-08,18,Put,7050.0,SPXW260908P07050000,3.7,4.0,3.85,3.9,-3.25,-45.4545,24.0,212.0,0.2063,-0.029,0.0002,1.1988,-0.6141,-0.0969,3.8475,5.2,5.2,3.73,7.15000009536743,no_change,2026-08-21T16:13:55,0.0,0.0
SPXW,2026-09-08,18,Call,7075.0,SPXW260908C07075000,602.6,623.4,613.0,0.0,0.0,0.0,0.0,0.0,0.1985,0.9683,0.0002,1.2841,-0.6446,2.9889,610.3162,0.0,0.0,0.0,593.75,no_change,,0.0,0.0
SPXW,2026-09-08,18,Put,7075.0,SPXW260908P07075000,4.0,4.3,4.15,4.2,-3.45,-45.098,21.0,444.0,0.2017,-0.0315,0.0002,1.2841,-0.6446,-0.1053,4.1382,4.8,4.8,4.2,7.65000009536743,down,2026-08-21T16:13:42,0.0,0.0
SPXW,2026-09-08,18,Call,7100.0,SPXW260908C07100000,579.4,598.8,589.0999999999999,0.0,0.0,0.0,0.0,0.0,0.1943,0.9655,0.0002,1.3783,-0.6782,2.9902,585.6938,0.0,0.0,0.0,569.399993896484,no_change,,0.0,0.0
SPXW,2026-09-08,18,Put,7100.0,SPXW260908P07100000,4.3,4.6,4.449999999999999,4.6,-3.65,-44.2424,20.0,429.0,0.1969,-0.0344,0.0002,1.3784,-0.6782,-0.115,4.4683,6.0,6.0,4.33,8.25,no_change,2026-08-21T16:11:39,0.0,0.0
SPXW,2026-09-08,18,Call,7125.0,SPXW260908C07125000,550.2,573.7,561.95,0.0,0.0,0.0,0.0,0.0,0.1898,0.9623,0.0002,1.4813,-0.715,2.9901,561.1174,0.0,0.0,0.0,545.050018310547,no_change,,0.0,0.0
SPXW,2026-09-08,18,Put,7125.0,SPXW260908P07125000,4.7,4.9,4.800000000000001,4.9,-3.95,-44.6328,3.0,160.0,0.1926,-0.0376,0.0002,1.4813,-0.715,-0.126,4.8439,5.6,5.6,4.9,8.84999990463257,down,2026-08-21T15:40:30,0.0,0.0
SPXW,2026-09-08,18,Call,7150.0,SPXW260908C07150000,530.3,549.7,540.0,610.36,0.0,0.0,0.0,1.0,0.1858,0.9586,0.0003,1.5949,-0.7556,2.9888,536.5943,0.0,0.0,0.0,521.0,down,2026-08-06T09:31:23,0.0,0.0
SPXW,2026-09-08,18,Put,7150.0,SPXW260908P07150000,5.1,5.4,5.25,5.28,-4.32,-45.0,29.0,211.0,0.188,-0.0413,0.0003,1.5949,-0.7556,-0.1383,5.273,6.1,6.1,5.28,9.59999990463257,down,2026-08-21T15:41:25,0.0,0.0
SPXW,2026-09-08,18,Call,7175.0,SPXW260908C07175000,501.2,524.0,512.6,0.0,0.0,0.0,0.0,0.0,0.1813,0.9544,0.0003,1.7221,-0.8,2.9858,512.1326,0.0,0.0,0.0,496.649993896484,no_change,,0.0,0.0
SPXW,2026-09-08,18,Put,7175.0,SPXW260908P07175000,5.6,5.8,5.699999999999999,5.8,-4.6,-44.2308,11.0,46.0,0.1837,-0.0454,0.0003,1.7221,-0.8,-0.1522,5.7635,7.4,7.4,5.8,10.4000000953674,down,2026-08-21T15:40:30,0.0,0.0
SPXW,2026-09-08,18,Call,7200.0,SPXW260908C07200000,476.8,500.1,488.45000000000005,491.72,19.07,4.0347,1.0,0.0,0.1772,0.9496,0.0003,1.8634,-0.8487,2.9805,487.743,491.72,491.72,491.72,472.649993896484,up,2026-08-21T15:55:04,0.0,0.0
SPXW,2026-09-08,18,Put,7200.0,SPXW260908P07200000,6.1,6.4,6.25,6.1,-5.15,-45.7778,16.0,114.0,0.179,-0.0502,0.0003,1.8634,-0.8487,-0.1684,6.3262,8.25,8.25,6.1,11.25,down,2026-08-21T15:45:24,0.0,0.0
SPXW,2026-09-08,18,Call,7225.0,SPXW260908C07225000,457.0,476.4,466.7,554.25,0.0,0.0,0.0,1.0,0.1732,0.9442,0.0004,2.0176,-0.902,2.9728,463.4386,0.0,0.0,0.0,449.050003051758,up,2026-08-07T10:49:33,0.0,0.0
SPXW,2026-09-08,18,Put,7225.0,SPXW260908P07225000,6.7,7.0,6.85,12.55,0.0,0.0,0.0,55.0,0.1749,-0.0557,0.0004,2.0176,-0.902,-0.187,6.9741,0.0,0.0,0.0,12.2999997138977,up,2026-08-20T15:58:44,0.0,0.0
SPXW,2026-09-08,18,Call,7250.0,SPXW260908C07250000,428.3,451.6,439.95000000000005,0.0,0.0,0.0,0.0,0.0,0.1692,0.9379,0.0004,2.1874,-0.9601,2.9628,439.2328,0.0,0.0,0.0,424.850006103516,no_change,,0.0,0.0
SPXW,2026-09-08,18,Put,7250.0,SPXW260908P07250000,7.5,7.7,7.6,7.38,-6.07,-45.1301,7.0,178.0,0.1708,-0.0619,0.0004,2.1874,-0.9601,-0.208,7.7204,8.9,8.9,7.38,13.4500002861023,down,2026-08-21T15:44:40,0.0,0.0
SPXW,2026-09-08,18,Call,7270.0,SPXW260908C07270000,413.6,433.0,423.3,0.0,0.0,0.0,0.0,0.0,0.166,0.9323,0.0005,2.3375,-1.0101,2.9525,419.9488,0.0,0.0,0.0,0.0,no_change,,0.0,0.0
SPXW,2026-09-08,18,Put,7270.0,SPXW260908P07270000,8.1,8.4,8.25,10.32,10.32,0.0,2.0,0.0,0.1676,-0.0676,0.0005,2.3375,-1.0101,-0.2269,8.3982,10.32,10.32,10.32,0.0,up,2026-08-21T09:30:08,0.0,0.0
SPXW,2026-09-08,18,Call,7275.0,SPXW260908C07275000,408.8,428.1,418.45000000000005,372.5,0.0,0.0,0.0,1.0,0.1653,0.9308,0.0005,2.3769,-1.0231,2.9496,415.1403,0.0,0.0,0.0,401.600006103516,up,2026-08-03T12:45:25,0.0,0.0
SPXW,2026-09-08,18,Put,7275.0,SPXW260908P07275000,8.3,8.6,8.45,9.13,-5.57,-37.8912,10.0,188.0,0.1667,-0.0691,0.0005,2.3769,-1.0231,-0.2321,8.5802,11.36,11.36,9.13,14.7000002861023,no_change,2026-08-21T13:54:15,0.0,0.0
SPXW,2026-09-08,18,Call,7280.0,SPXW260908C07280000,399.3,422.4,410.85,0.0,0.0,0.0,0.0,0.0,0.1645,0.9292,0.0005,2.417,-1.0364,2.9464,410.3372,0.0,0.0,0.0,0.0,no_change,,0.0,0.0
SPXW,2026-09-08,18,Put,7280.0,SPXW260908P07280000,8.5,8.8,8.65,9.4,9.4,0.0,12.0,0.0,0.1659,-0.0706,0.0005,2.417,-1.0364,-0.2374,8.7675,10.72,10.8,9.4,0.0,no_change,2026-08-21T12:32:08,0.0,0.0
SPXW,2026-09-08,18,Call,7290.0,SPXW260908C07290000,394.4,413.7,404.04999999999995,0.0,0.0,0.0,0.0,0.0,0.1629,0.926,0.0005,2.499,-1.0634,2.9397,400.7478,0.0,0.0,0.0,0.0,no_change,,0.0,0.0
SPXW,2026-09-08,18,Put,7290.0,SPXW260908P07290000,8.9,9.1,9.0,0.0,0.0,0.0,0.0,0.0,0.1644,-0.0738,0.0005,2.499,-1.0634,-0.2485,9.159,0.0,0.0,0.0,0.0,no_change,,0.0,0.0
SPXW,2026-09-08,18,Call,7300.0,SPXW260908C07300000,384.8,404.1,394.45000000000005,395.12,17.82,4.72304,1.0,1.0,0.1612,0.9226,0.0005,2.5834,-1.0913,2.9324,391.1821,395.12,395.12,395.12,377.299987792969,up,2026-08-21T15:55:04,0.0,0.0
SPXW,2026-09-08,18,Put,7300.0,SPXW260908P07300000,9.3,9.6,9.45,10.12,-6.03,-37.3375,57.0,411.0,0.1627,-0.0773,0.0005,2.5834,-1.0913,-0.2602,9.5742,12.54,12.54,10.12,16.1499996185303,no_change,2026-08-21T14:51:27,0.0,0.0
SPXW,2026-09-08,18,Call,7310.0,SPXW260908C07310000,375.2,394.5,384.85,0.0,0.0,0.0,0.0,0.0,0.1598,0.919,0.0005,2.6705,-1.12,2.9245,381.6415,0.0,0.0,0.0,367.949996948242,no_change,,0.0,0.0
SPXW,2026-09-08,18,Put,7310.0,SPXW260908P07310000,9.7,10.0,9.85,10.52,0.0,0.0,0.0,10.0,0.1612,-0.0809,0.0005,2.6705,-1.12,-0.2725,10.0145,0.0,0.0,0.0,16.75,no_change,2026-08-19T12:13:11,0.0,0.0
SPXW,2026-09-08,18,Call,7320.0,SPXW260908C07320000,366.0,385.0,375.5,0.0,0.0,0.0,0.0,0.0,0.1584,0.9152,0.0006,2.7608,-1.1495,2.916,372.1272,0.0,0.0,0.0,358.650009155273,no_change,,0.0,0.0
SPXW,2026-09-08,18,Put,7320.0,SPXW260908P07320000,10.2,10.5,10.35,15.88,0.0,0.0,0.0,2.0,0.1597,-0.0847,0.0006,2.7608,-1.1495,-0.2853,10.4811,0.0,0.0,0.0,17.4499998092651,up,2026-08-20T11:45:19,0.0,0.0
SPXW,2026-09-08,18,Call,7325.0,SPXW260908C07325000,356.4,378.7,367.54999999999995,357.26,0.0,0.0,0.0,27.0,0.1574,0.9132,0.0006,2.8073,-1.1646,2.9115,367.3803,0.0,0.0,0.0,354.0,up,2026-08-20T15:36:56,0.0,0.0
SPXW,2026-09-08,18,Put,7325.0,SPXW260908P07325000,10.4,10.7,10.55,11.95,-5.85,-32.8652,1.0,327.0,0.1588,-0.0867,0.0006,2.8073,-1.1646,-0.292,10.7247,11.95,11.95,11.95,17.8000001907349,down,2026-08-21T10:59:18,0.0,0.0
SPXW,2026-09-08,18,Call,7330.0,SPXW260908C07330000,356.2,375.5,365.85,0.0,0.0,0.0,0.0,0.0,0.1568,0.9111,0.0006,2.8549,-1.1798,2.9069,362.6407,0.0,0.0,0.0,349.349990844727,no_change,,0.0,0.0
SPXW,2026-09-08,18,Put,7330.0,SPXW260908P07330000,10.7,10.9,10.8,0.0,0.0,0.0,0.0,0.0,0.158,-0.0887,0.0006,2.8549,-1.1798,-0.2988,10.9754,0.0,0.0,0.0,18.1499996185303,no_change,,0.0,0.0
SPXW,2026-09-08,18,Call,7340.0,SPXW260908C07340000,346.9,366.0,356.45,0.0,0.0,0.0,0.0,0.0,0.1551,0.9069,0.0006,2.953,-1.2109,2.8969,353.1838,0.0,0.0,0.0,340.100006103516,no_change,,0.0,0.0
SPXW,2026-09-08,18,Put,7340.0,SPXW260908P07340000,11.2,11.5,11.35,12.3,-6.55,-34.748,2.0,0.0,0.1565,-0.093,0.0006,2.953,-1.2109,-0.3131,11.4994,13.39,13.39,12.3,18.8500003814697,down,2026-08-21T14:06:21,0.0,0.0
SPXW,2026-09-08,18,Call,7350.0,SPXW260908C07350000,332.7,355.6,344.15,0.0,0.0,0.0,0.0,0.0,0.1537,0.9024,0.0006,3.0547,-1.2428,2.886,343.7587,0.0,0.0,0.0,330.899993896484,no_change,,0.0,0.0
SPXW,2026-09-08,18,Put,7350.0,SPXW260908P07350000,11.7,12.0,11.85,11.77,-7.88,-40.1018,30.0,345.0,0.155,-0.0975,0.0006,3.0547,-1.2428,-0.3285,12.0552,14.0,15.1,11.77,19.6499996185303,down,2026-08-21T15:52:36,0.0,0.0
SPXW,2026-09-08,18,Call,7360.0,SPXW260908C07360000,332.6,338.3,335.45000000000005,0.0,0.0,0.0,0.0,0.0,0.1522,0.8976,0.0007,3.1593,-1.2754,2.874,334.3679,0.0,0.0,0.0,321.75,no_change,,0.0,0.0
SPXW,2026-09-08,18,Put,7360.0,SPXW260908P07360000,12.3,12.6,12.45,13.5,-6.95,-33.9853,2.0,21.0,0.1534,-0.1022,0.0007,3.1593,-1.2754,-0.3448,12.6453,13.05,13.5,13.05,20.4499998092651,up,2026-08-21T14:06:21,0.0,0.0
SPXW,2026-09-08,18,Call,7370.0,SPXW260908C07370000,323.3,328.9,326.1,0.0,0.0,0.0,0.0,0.0,0.1509,0.8926,0.0007,3.2661,-1.3087,2.8611,325.0138,0.0,0.0,0.0,312.600006103516,no_change,,0.0,0.0
SPXW,2026-09-08,18,Put,7370.0,SPXW260908P07370000,12.9,13.2,13.05,19.65,0.0,0.0,0.0,15.0,0.152,-0.1072,0.0007,3.2661,-1.3087,-0.3621,13.2721,0.0,0.0,0.0,21.3500003814697,no_change,2026-08-18T13:59:00,0.0,0.0
SPXW,2026-09-08,18,Call,7375.0,SPXW260908C07375000,318.6,324.2,321.4,368.5,0.0,0.0,0.0,1.0,0.15,0.89,0.0007,3.3204,-1.3256,2.8544,320.3511,0.0,0.0,0.0,308.100006103516,up,2026-08-19T15:27:38,0.0,0.0
SPXW,2026-09-08,18,Put,7375.0,SPXW260908P07375000,13.3,13.6,13.45,14.3,-7.45,-34.2529,96.0,409.0,0.1511,-0.1098,0.0007,3.3204,-1.3256,-0.371,13.5999,15.65,16.85,13.53,21.75,up,2026-08-21T13:55:42,0.0,0.0
SPXW,2026-09-08,18,Call,7380.0,SPXW260908C07380000,313.7,319.5,316.6,0.0,0.0,0.0,0.0,0.0,0.1494,0.8873,0.0007,3.3755,-1.3428,2.8474,315.6985,0.0,0.0,0.0,303.5,no_change,,0.0,0.0
SPXW,2026-09-08,18,Put,7380.0,SPXW260908P07380000,13.6,13.9,13.75,13.98,-8.27,-37.1685,1.0,1.0,0.1504,-0.1125,0.0007,3.3755,-1.3428,-0.3801,13.9377,13.98,13.98,13.98,22.25,down,2026-08-21T15:55:15,0.0,0.0
SPXW,2026-09-08,18,Call,7390.0,SPXW260908C07390000,304.5,310.2,307.35,0.0,0.0,0.0,0.0,0.0,0.1479,0.8817,0.0008,3.4884,-1.3774,2.833,306.424,0.0,0.0,0.0,294.550003051758,no_change,,0.0,0.0
SPXW,2026-09-08,18,Put,7390.0,SPXW260908P07390000,14.3,14.6,14.45,15.12,-8.03,-34.6868,110.0,10.0,0.1489,-0.1181,0.0008,3.4884,-1.3774,-0.399,14.6442,15.2,15.62,15.12,23.1499996185303,down,2026-08-21T14:53:33,0.0,0.0
SPXW,2026-09-08,18,Call,7400.0,SPXW260908C07400000,295.4,301.0,298.2,421.26,0.0,0.0,0.0,3.0,0.1465,0.8758,0.0008,3.6055,-1.4128,2.8175,297.1929,0.0,0.0,0.0,285.550003051758,up,2026-08-13T13:57:52,0.0,0.0
SPXW,2026-09-08,18,Put,7400.0,SPXW260908P07400000,15.0,15.4,15.2,15.2,-8.95,-37.06,65.0,370.0,0.1475,-0.124,0.0008,3.6055,-1.4128,-0.4188,15.394,15.18,16.37,14.96,24.1499996185303,no_change,2026-08-21T15:53:55,0.0,0.0
SPXW,2026-09-08,18,Call,7410.0,SPXW260908C07410000,286.2,291.8,289.0,0.0,0.0,0.0,0.0,0.0,0.145,0.8696,0.0008,3.7268,-1.4486,2.8006,288.0083,0.0,0.0,0.0,276.649993896484,no_change,,0.0,0.0
SPXW,2026-09-08,18,Put,7410.0,SPXW260908P07410000,15.8,16.2,16.0,25.13,0.0,0.0,0.0,4.0,0.146,-0.1303,0.0008,3.7268,-1.4486,-0.4401,16.1902,0.0,0.0,0.0,25.25,up,2026-08-20T14:42:23,0.0,0.0
SPXW,2026-09-08,18,Call,7420.0,SPXW260908C07420000,276.8,282.6,279.70000000000005,0.0,0.0,0.0,0.0,0.0,0.1436,0.863,0.0009,3.851,-1.4849,2.7822,278.8738,0.0,0.0,0.0,267.75,no_change,,0.0,0.0
SPXW,2026-09-08,18,Put,7420.0,SPXW260908P07420000,16.7,17.0,16.85,16.66,-9.69,-36.7742,4.0,82.0,0.1444,-0.1369,0.0009,3.851,-1.4849,-0.4628,17.0366,16.66,16.66,16.66,26.3500003814697,down,2026-08-21T15:35:00,0.0,0.0
SPXW,2026-09-08,18,Call,7425.0,SPXW260908C07425000,272.3,278.0,275.15,375.08,0.0,0.0,0.0,51.0,0.1427,0.8596,0.0009,3.9139,-1.5033,2.7726,274.3265,0.0,0.0,0.0,263.350006103516,down,2026-08-13T09:30:18,0.0,0.0
SPXW,2026-09-08,18,Put,7425.0,SPXW260908P07425000,17.1,17.4,17.25,18.1,-8.85,-32.8386,47.0,157.0,0.1438,-0.1403,0.0009,3.9139,-1.5033,-0.4747,17.4798,20.47,21.55,17.82,26.9499998092651,no_change,2026-08-21T14:23:14,0.0,0.0
SPXW,2026-09-08,18,Call,7430.0,SPXW260908C07430000,267.7,273.5,270.6,0.0,0.0,0.0,0.0,0.0,0.1421,0.856,0.0009,3.977,-1.5217,2.7626,269.7932,0.0,0.0,0.0,258.950012207031,no_change,,0.0,0.0
SPXW,2026-09-08,18,Put,7430.0,SPXW260908P07430000,17.6,17.9,17.75,17.15,-10.4,-37.7495,7.0,66.0,0.1429,-0.1438,0.0009,3.977,-1.5217,-0.4868,17.9369,21.63,21.63,17.15,27.5500001907349,down,2026-08-21T11:52:15,0.0,0.0
SPXW,2026-09-08,18,Call,7440.0,SPXW260908C07440000,258.7,264.4,261.54999999999995,383.45,0.0,0.0,0.0,1.0,0.1407,0.8487,0.001,4.1046,-1.5588,2.7418,260.7699,0.0,0.0,0.0,250.199996948242,up,2026-08-13T13:57:52,0.0,0.0
SPXW,2026-09-08,18,Put,7440.0,SPXW260908P07440000,18.5,18.8,18.65,23.72,0.0,0.0,0.0,39.0,0.1415,-0.1512,0.001,4.1046,-1.5588,-0.5119,18.8945,0.0,0.0,0.0,28.75,up,2026-08-20T10:34:24,0.0,0.0
SPXW,2026-09-08,18,Call,7450.0,SPXW260908C07450000,249.7,255.4,252.55,258.89,17.34,7.17864,3.0,3.0,0.1392,0.8409,0.001,4.235,-1.5962,2.7201,251.8069,258.89,258.89,258.89,241.550003051758,up,2026-08-21T12:36:07,0.0,0.0
SPXW,2026-09-08,18,Put,7450.0,SPXW260908P07450000,19.5,19.9,19.7,19.55,-10.5,-34.9418,20.0,446.0,0.14,-0.1589,0.001,4.235,-1.5962,-0.5381,19.9124,23.14,23.25,19.55,30.0500001907349,down,2026-08-21T15:53:56,0.0,0.0
SPXW,2026-09-08,18,Call,7460.0,SPXW260908C07460000,240.8,246.5,243.65,342.43,0.0,0.0,0.0,1.0,0.1377,0.8328,0.0011,4.3693,-1.6337,2.6968,242.9076,0.0,0.0,0.0,232.900001525879,up,2026-08-11T10:26:45,0.0,0.0
SPXW,2026-09-08,18,Put,7460.0,SPXW260908P07460000,20.6,20.9,20.75,20.4,-11.05,-35.1351,9.0,52.0,0.1386,-0.1671,0.0011,4.3693,-1.6337,-0.5657,20.994,21.65,21.65,20.37,31.4499998092651,up,2026-08-21T15:59:34,0.0,0.0
SPXW,2026-09-08,18,Call,7470.0,SPXW260908C07470000,232.0,237.6,234.8,0.0,0.0,0.0,0.0,0.0,0.1364,0.8241,0.0011,4.5069,-1.6712,2.6716,234.0771,0.0,0.0,0.0,224.350006103516,no_change,,0.0,0.0
SPXW,2026-09-08,18,Put,7470.0,SPXW260908P07470000,21.7,22.1,21.9,21.5,-11.35,-34.551,20.0,120.0,0.1371,-0.1757,0.0011,4.5069,-1.6712,-0.5953,22.1443,22.75,22.75,21.5,32.8500003814697,down,2026-08-21T15:59:34,0.0,0.0
SPXW,2026-09-08,18,Call,7475.0,SPXW260908C07475000,227.6,233.2,230.39999999999998,352.54,0.0,0.0,0.0,14.0,0.1356,0.8196,0.0011,4.5762,-1.6899,2.6582,229.6893,0.0,0.0,0.0,220.099998474121,up,2026-08-14T10:37:09,0.0,0.0
SPXW,2026-09-08,18,Put,7475.0,SPXW260908P07475000,22.3,22.7,22.5,22.35,-11.25,-33.4821,15.0,401.0,0.1364,-0.1802,0.0011,4.5762,-1.6899,-0.6108,22.747,26.15,26.15,22.3,33.6000003814697,up,2026-08-21T15:53:56,0.0,0.0
SPXW,2026-09-08,18,Call,7480.0,SPXW260908C07480000,223.2,228.8,226.0,0.0,0.0,0.0,0.0,0.0,0.1351,0.815,0.0012,4.6456,-1.7085,2.6445,225.3207,0.0,0.0,0.0,215.900001525879,no_change,,0.0,0.0
SPXW,2026-09-08,18,Put,7480.0,SPXW260908P07480000,22.9,23.3,23.1,23.55,-10.8,-31.441,2.0,90.0,0.1357,-0.1848,0.0012,4.6456,-1.7085,-0.6268,23.3688,23.55,23.55,23.55,34.3500003814697,no_change,2026-08-21T11:30:12,0.0,0.0
SPXW,2026-09-08,18,Call,7490.0,SPXW260908C07490000,214.5,220.1,217.3,315.88,0.0,0.0,0.0,25.0,0.1336,0.8055,0.0012,4.7842,-1.7456,2.6158,216.6434,0.0,0.0,0.0,207.549995422363,down,2026-08-13T09:30:18,0.0,0.0
SPXW,2026-09-08,18,Put,7490.0,SPXW260908P07490000,24.2,24.6,24.4,24.2,-11.75,-32.6843,32.0,80.0,0.1343,-0.1944,0.0012,4.7842,-1.7456,-0.6598,24.6724,27.05,27.05,24.2,35.9499988555908,down,2026-08-21T15:53:05,0.0,0.0
SPXW,2026-09-08,18,Call,7495.0,SPXW260908C07495000,210.2,215.8,213.0,0.0,0.0,0.0,0.0,0.0,0.1331,0.8005,0.0012,4.8534,-1.764,2.6011,212.3356,0.0,0.0,0.0,0.0,no_change,,0.0,0.0
SPXW,2026-09-08,18,Put,7495.0,SPXW260908P07495000,24.9,25.3,25.1,25.77,25.77,0.0,3.0,0.0,0.1335,-0.1994,0.0012,4.8534,-1.764,-0.6768,25.3551,29.2,29.2,25.77,0.0,down,2026-08-21T13:27:53,0.0,0.0
SPXW,2026-09-08,18,Call,7500.0,SPXW260908C07500000,206.0,211.5,208.75,195.92,0.0,0.0,0.0,28.0,0.1322,0.7954,0.0012,4.923,-1.7823,2.586,208.0492,0.0,0.0,0.0,199.5,down,2026-08-20T16:00:34,0.0,0.0
SPXW,2026-09-08,18,Put,7500.0,SPXW260908P07500000,25.6,25.9,25.75,25.9,-11.75,-31.2085,77.0,1067.0,0.1328,-0.2045,0.0012,4.923,-1.7823,-0.694,26.0591,29.04,30.1,24.1,37.6499996185303,up,2026-08-21T16:04:53,0.0,0.0
SPXW,2026-09-08,18,Call,7505.0,SPXW260908C07505000,201.7,207.2,204.45,0.0,0.0,0.0,0.0,0.0,0.1314,0.7901,0.0013,4.9932,-1.8004,2.5705,203.7845,0.0,0.0,0.0,0.0,no_change,,0.0,0.0
SPXW,2026-09-08,18,Put,7505.0,SPXW260908P07505000,26.3,26.7,26.5,26.0,26.0,0.0,17.0,0.0,0.1321,-0.2097,0.0013,4.9932,-1.8004,-0.7117,26.7849,27.12,27.12,25.46,0.0,up,2026-08-21T15:59:34,0.0,0.0
SPXW,2026-09-08,18,Call,7510.0,SPXW260908C07510000,197.4,202.9,200.15,206.36,15.06,7.87245,3.0,2.0,0.1308,0.7847,0.0013,5.0639,-1.8183,2.5544,199.5424,206.36,206.36,206.36,191.299995422363,down,2026-08-21T12:36:07,0.0,0.0
SPXW,2026-09-08,18,Put,7510.0,SPXW260908P07510000,27.1,27.4,27.25,26.35,-13.1,-33.2066,6.0,113.0,0.1314,-0.2151,0.0013,5.0639,-1.8183,-0.73,27.5333,27.47,27.88,26.35,39.4499988555908,down,2026-08-21T15:37:35,0.0,0.0
SPXW,2026-09-08,18,Call,7515.0,SPXW260908C07515000,193.3,198.7,196.0,0.0,0.0,0.0,0.0,0.0,0.1301,0.7792,0.0013,5.1352,-1.836,2.5378,195.3237,0.0,0.0,0.0,0.0,no_change,,0.0,0.0
SPXW,2026-09-08,18,Put,7515.0,SPXW260908P07515000,27.8,28.2,28.0,28.87,28.87,0.0,3.0,0.0,0.1306,-0.2206,0.0013,5.1352,-1.836,-0.7488,28.305,28.4,28.97,28.4,0.0,down,2026-08-21T14:22:13,0.0,0.0
SPXW,2026-09-08,18,Call,7520.0,SPXW260908C07520000,189.1,194.4,191.75,186.53,3.33,1.81768,1.0,5.0,0.1294,0.7736,0.0014,5.2066,-1.8535,2.5204,191.1293,186.53,186.53,186.53,183.200004577637,down,2026-08-21T10:21:51,0.0,0.0
SPXW,2026-09-08,18,Put,7520.0,SPXW260908P07520000,28.6,29.0,28.8,28.5,-12.85,-31.0762,4.0,60.0,0.13,-0.2263,0.0014,5.2066,-1.8535,-0.7684,29.101,28.37,28.95,28.37,41.3500003814697,down,2026-08-21T15:53:05,0.0,0.0
SPXW,2026-09-08,18,Call,7525.0,SPXW260908C07525000,184.9,190.2,187.55,320.39,0.0,0.0,0.0,26.0,0.1286,0.7678,0.0014,5.2777,-1.8707,2.5025,186.9601,0.0,0.0,0.0,179.200004577637,up,2026-08-13T10:45:09,0.0,0.0
SPXW,2026-09-08,18,Put,7525.0,SPXW260908P07525000,29.4,29.8,29.6,29.84,-12.46,-29.4563,46.0,165.0,0.1293,-0.2321,0.0014,5.2777,-1.8707,-0.7885,29.9222,28.55,30.75,28.27,42.2999992370606,down,2026-08-21T16:06:22,0.0,0.0
SPXW,2026-09-08,18,Call,7530.0,SPXW260908C07530000,180.7,186.0,183.35,178.52,3.32,1.89497,1.0,21.0,0.128,0.7618,0.0014,5.3483,-1.8876,2.484,182.8169,178.52,178.52,178.52,175.200004577637,down,2026-08-21T10:21:51,0.0,0.0
SPXW,2026-09-08,18,Put,7530.0,SPXW260908P07530000,30.3,30.6,30.450000000000003,30.66,-12.64,-29.1917,1.0,127.0,0.1285,-0.238,0.0014,5.3483,-1.8876,-0.8091,30.7696,30.66,30.66,30.66,43.2999992370606,down,2026-08-21T16:07:19,0.0,0.0
SPXW,2026-09-08,18,Call,7535.0,SPXW260908C07535000,176.6,181.9,179.25,0.0,0.0,0.0,0.0,0.0,0.1272,0.7558,0.0014,5.4179,-1.9042,2.4651,178.7006,0.0,0.0,0.0,0.0,no_change,,0.0,0.0
SPXW,2026-09-08,18,Put,7535.0,SPXW260908P07535000,31.1,31.5,31.3,0.0,0.0,0.0,0.0,0.0,0.1279,-0.2441,0.0014,5.4179,-1.9042,-0.8302,31.6436,0.0,0.0,0.0,0.0,no_change,,0.0,0.0
SPXW,2026-09-08,18,Call,7540.0,SPXW260908C07540000,173.0,177.5,175.25,272.9,0.0,0.0,0.0,2.0,0.1267,0.7495,0.0015,5.4868,-1.9204,2.4459,174.6116,0.0,0.0,0.0,167.299995422363,up,2026-08-11T10:24:20,0.0,0.0
SPXW,2026-09-08,18,Put,7540.0,SPXW260908P07540000,32.0,32.4,32.2,32.05,-13.35,-29.4053,6.0,69.0,0.1272,-0.2504,0.0015,5.4868,-1.9204,-0.8516,32.5451,31.89,32.05,31.89,45.3999996185303,up,2026-08-21T12:15:41,0.0,0.0
SPXW,2026-09-08,18,Call,7545.0,SPXW260908C07545000,168.9,173.4,171.15,0.0,0.0,0.0,0.0,0.0,0.1259,0.7431,0.0015,5.555,-1.9363,2.4264,170.5504,0.0,0.0,0.0,163.400001525879,no_change,,0.0,0.0
SPXW,2026-09-08,18,Put,7545.0,SPXW260908P07545000,32.9,33.3,33.099999999999994,45.81,0.0,0.0,0.0,11.0,0.1264,-0.2567,0.0015,5.555,-1.9363,-0.8733,33.4744,0.0,0.0,0.0,46.5,no_change,2026-08-20T15:36:03,0.0,0.0
SPXW,2026-09-08,18,Call,7550.0,SPXW260908C07550000,164.8,169.3,167.05,165.41,5.81,3.64035,3.0,202.0,0.1253,0.7366,0.0015,5.6228,-1.9517,2.4064,166.5178,167.52,167.52,163.29,159.599998474121,up,2026-08-21T10:25:33,0.0,0.0
SPXW,2026-09-08,18,Put,7550.0,SPXW260908P07550000,33.9,34.2,34.05,33.05,-14.55,-30.5672,65.0,851.0,0.1257,-0.2633,0.0015,5.6228,-1.9517,-0.8954,34.4322,38.5,38.83,32.55,47.6000003814697,down,2026-08-21T15:58:15,0.0,0.0
SPXW,2026-09-08,18,Call,7555.0,SPXW260908C07555000,160.8,165.3,163.05,0.0,0.0,0.0,0.0,0.0,0.1244,0.7299,0.0016,5.6905,-1.9666,2.3859,162.5144,0.0,0.0,0.0,155.699996948242,no_change,,0.0,0.0
SPXW,2026-09-08,18,Put,7555.0,SPXW260908P07555000,34.8,35.2,35.0,34.91,-13.84,-28.3897,3.0,4.0,0.125,-0.27,0.0016,5.6905,-1.9666,-0.9182,35.4193,40.62,40.62,34.91,48.75,down,2026-08-21T12:32:47,0.0,0.0
SPXW,2026-09-08,18,Call,7560.0,SPXW260908C07560000,156.8,161.3,159.05,157.64,5.79,3.81297,1.0,5.0,0.1239,0.723,0.0016,5.758,-1.9811,2.3646,158.5414,157.64,157.64,157.64,151.850006103516,up,2026-08-21T10:25:33,0.0,0.0
SPXW,2026-09-08,18,Put,7560.0,SPXW260908P07560000,35.8,36.2,36.0,36.23,-13.67,-27.3948,14.0,53.0,0.1244,-0.2768,0.0016,5.758,-1.9811,-0.9416,36.4367,38.57,39.59,35.42,49.8999996185303,up,2026-08-21T16:07:19,0.0,0.0
SPXW,2026-09-08,18,Call,7565.0,SPXW260908C07565000,152.9,157.4,155.15,0.0,0.0,0.0,0.0,0.0,0.1231,0.716,0.0016,5.825,-1.995,2.3426,154.5998,0.0,0.0,0.0,148.099998474121,no_change,,0.0,0.0
SPXW,2026-09-08,18,Put,7565.0,SPXW260908P07565000,36.9,37.2,37.05,37.65,-13.5,-26.393,17.0,4.0,0.1236,-0.2838,0.0016,5.825,-1.995,-0.9659,37.4856,40.59,40.63,34.02,51.1499996185303,up,2026-08-21T13:58:01,0.0,0.0
SPXW,2026-09-08,18,Call,7570.0,SPXW260908C07570000,149.0,153.5,151.25,188.79,0.0,0.0,0.0,2.0,0.1224,0.7088,0.0016,5.8909,-2.0083,2.3198,150.6908,0.0,0.0,0.0,144.300003051758,down,2026-08-19T13:22:46,0.0,0.0
SPXW,2026-09-08,18,Put,7570.0,SPXW260908P07570000,37.9,38.3,38.099999999999994,37.0,-15.35,-29.3219,18.0,33.0,0.123,-0.291,0.0016,5.8909,-2.0083,-0.9909,38.567,42.63,42.63,34.97,52.3500003814697,down,2026-08-21T15:58:15,0.0,0.0
SPXW,2026-09-08,18,Call,7575.0,SPXW260908C07575000,145.1,149.6,147.35,276.19,0.0,0.0,0.0,94.0,0.1217,0.7015,0.0017,5.9553,-2.021,2.2964,146.8155,0.0,0.0,0.0,140.599998474121,up,2026-08-13T10:45:09,0.0,0.0
SPXW,2026-09-08,18,Put,7575.0,SPXW260908P07575000,39.0,39.4,39.2,39.61,-14.04,-26.1696,55.0,1944.0,0.1223,-0.2984,0.0017,5.9553,-2.021,-1.0164,39.6821,43.27,44.7,38.94,53.6499996185303,down,2026-08-21T16:03:56,0.0,0.0
SPXW,2026-09-08,18,Call,7580.0,SPXW260908C07580000,141.2,145.7,143.45,141.79,4.89,3.57195,5.0,3.0,0.1215,0.694,0.0017,6.0179,-2.0331,2.2726,142.9745,142.55,142.55,141.79,136.900001525879,down,2026-08-21T10:26:06,0.0,0.0
SPXW,2026-09-08,18,Put,7580.0,SPXW260908P07580000,40.2,40.6,40.400000000000006,40.74,-14.21,-25.8599,2.0,55.0,0.1215,-0.3059,0.0017,6.0179,-2.0331,-1.0424,40.8316,41.51,41.51,40.74,54.9499988555908,down,2026-08-21T16:03:56,0.0,0.0
SPXW,2026-09-08,18,Call,7585.0,SPXW260908C07585000,139.4,140.0,139.7,139.94,6.64,4.98124,1.0,5.0,0.1212,0.6863,0.0017,6.0786,-2.0444,2.2486,139.1686,139.94,139.94,139.94,133.300003051758,up,2026-08-21T10:08:45,0.0,0.0
SPXW,2026-09-08,18,Put,7585.0,SPXW260908P07585000,41.3,41.7,41.5,40.13,-16.22,-28.7844,45.0,11.0,0.1209,-0.3135,0.0017,6.0786,-2.0444,-1.0686,42.0161,42.76,42.78,40.13,56.3499984741211,down,2026-08-21T15:42:25,0.0,0.0
SPXW,2026-09-08,18,Call,7590.0,SPXW260908C07590000,135.7,136.2,135.95,139.0,9.3,7.1704,10.0,2.0,0.1203,0.6785,0.0017,6.1377,-2.0551,2.2241,135.3983,136.47,139.0,134.31,129.699996948242,up,2026-08-21T14:50:48,0.0,0.0
SPXW,2026-09-08,18,Put,7590.0,SPXW260908P07590000,42.5,42.9,42.7,42.47,-15.18,-26.3313,4.0,48.0,0.1202,-0.3214,0.0017,6.1377,-2.0551,-1.0952,43.2363,49.0,49.0,42.39,57.6499996185303,up,2026-08-21T14:58:19,0.0,0.0
SPXW,2026-09-08,18,Call,7595.0,SPXW260908C07595000,132.0,132.4,132.2,132.81,6.71,5.32117,3.0,1.0,0.1196,0.6705,0.0018,6.1955,-2.0649,2.1992,131.6644,132.41,132.81,128.9,126.100002288818,up,2026-08-21T15:59:41,0.0,0.0
SPXW,2026-09-08,18,Put,7595.0,SPXW260908P07595000,43.8,44.2,44.0,43.78,-15.32,-25.9222,1.0,6.0,0.1196,-0.3294,0.0018,6.1955,-2.0649,-1.1224,44.4929,43.78,43.78,43.78,59.1000003814697,down,2026-08-21T15:10:26,0.0,0.0
SPXW,2026-09-08,18,Call,7600.0,SPXW260908C07600000,128.3,128.8,128.55,128.02,5.42,4.42088,27.0,2480.0,0.1189,0.6623,0.0018,6.252,-2.074,2.1735,127.968,130.0,134.61,125.0,122.600002288818,down,2026-08-21T16:13:30,0.0,0.0
SPXW,2026-09-08,18,Put,7600.0,SPXW260908P07600000,45.1,45.5,45.3,45.8,-14.7,-24.2975,141.0,2519.0,0.1189,-0.3375,0.0018,6.252,-2.074,-1.1503,45.7869,49.91,53.1,42.55,60.5,up,2026-08-21T16:11:22,0.0,0.0
SPXW,2026-09-08,18,Call,7605.0,SPXW260908C07605000,124.6,125.1,124.85,0.0,0.0,0.0,0.0,0.0,0.1183,0.654,0.0018,6.3071,-2.0821,2.1469,124.3105,0.0,0.0,0.0,119.100002288818,no_change,,0.0,0.0
SPXW,2026-09-08,18,Put,7605.0,SPXW260908P07605000,46.4,46.8,46.599999999999994,46.65,-15.35,-24.7581,1.0,6.0,0.1182,-0.3458,0.0018,6.3071,-2.0821,-1.179,47.1198,46.65,46.65,46.65,62.0,down,2026-08-21T14:56:36,0.0,0.0
SPXW,2026-09-08,18,Call,7610.0,SPXW260908C07610000,121.0,121.4,121.2,122.9,7.3,6.31488,1.0,5.0,0.1177,0.6455,0.0018,6.3603,-2.0894,2.1194,120.6932,122.9,122.9,122.9,115.600002288818,up,2026-08-21T09:32:19,0.0,0.0
SPXW,2026-09-08,18,Put,7610.0,SPXW260908P07610000,47.7,48.1,47.900000000000006,46.75,-16.8,-26.4359,24.0,209.0,0.1176,-0.3543,0.0018,6.3603,-2.0894,-1.2087,48.493,52.72,53.25,46.35,63.5500011444092,up,2026-08-21T15:33:39,0.0,0.0
SPXW,2026-09-08,18,Call,7615.0,SPXW260908C07615000,117.4,117.8,117.6,108.21,0.0,0.0,0.0,1.0,0.1169,0.6369,0.0019,6.411,-2.0957,2.0914,117.1175,0.0,0.0,0.0,112.200000762939,down,2026-08-20T16:07:19,0.0,0.0
SPXW,2026-09-08,18,Put,7615.0,SPXW260908P07615000,49.1,49.5,49.3,49.3,-15.8,-24.2704,33.0,27.0,0.1169,-0.363,0.0019,6.411,-2.0957,-1.2389,49.9077,53.98,53.98,47.65,65.1000022888184,up,2026-08-21T15:53:02,0.0,0.0
SPXW,2026-09-08,18,Call,7620.0,SPXW260908C07620000,113.8,114.3,114.05,114.87,6.07,5.57904,2.0,6.0,0.1163,0.628,0.0019,6.4588,-2.1009,2.0629,113.5843,111.1,114.87,111.1,108.799999237061,up,2026-08-21T15:59:41,0.0,0.0
SPXW,2026-09-08,18,Put,7620.0,SPXW260908P07620000,50.6,51.0,50.8,50.7,-16.05,-24.0449,18.0,68.0,0.1161,-0.3718,0.0019,6.4588,-2.1009,-1.2696,51.3649,55.11,57.4,47.8,66.75,up,2026-08-21T15:53:02,0.0,0.0
SPXW,2026-09-08,18,Call,7625.0,SPXW260908C07625000,110.3,110.8,110.55,107.83,0.0,0.0,0.0,1863.0,0.1158,0.619,0.0019,6.5037,-2.1052,2.0343,110.0942,0.0,0.0,0.0,105.5,down,2026-08-20T14:45:50,0.0,0.0
SPXW,2026-09-08,18,Put,7625.0,SPXW260908P07625000,52.1,52.5,52.3,51.3,-17.1,-25.0,17.0,333.0,0.1155,-0.3808,0.0019,6.5037,-2.1052,-1.3004,52.8653,58.88,58.88,51.09,68.3999977111816,down,2026-08-21T15:23:01,0.0,0.0
SPXW,2026-09-08,18,Call,7630.0,SPXW260908C07630000,106.9,107.3,107.1,139.26,0.0,0.0,0.0,19.0,0.115,0.6099,0.002,6.5457,-2.1084,2.0053,106.6478,0.0,0.0,0.0,102.200000762939,down,2026-08-18T13:45:03,0.0,0.0
SPXW,2026-09-08,18,Put,7630.0,SPXW260908P07630000,53.6,54.0,53.8,53.33,-16.77,-23.923,38.0,85.0,0.1148,-0.39,0.002,6.5457,-2.1084,-1.3316,54.4094,60.53,60.8,50.57,70.1000022888184,up,2026-08-21T15:16:24,0.0,0.0
SPXW,2026-09-08,18,Call,7635.0,SPXW260908C07635000,103.5,103.9,103.7,100.9,1.9,1.91919,2.0,0.0,0.1144,0.6006,0.002,6.5851,-2.1105,1.9757,103.2462,102.8,102.8,100.9,99.0,down,2026-08-21T10:32:59,0.0,0.0
SPXW,2026-09-08,18,Put,7635.0,SPXW260908P07635000,55.2,55.6,55.400000000000006,53.35,-18.45,-25.6964,21.0,5.0,0.1142,-0.3993,0.002,6.5851,-2.1105,-1.3633,55.9982,57.78,60.86,53.35,71.7999992370606,down,2026-08-21T12:04:46,0.0,0.0
SPXW,2026-09-08,18,Call,7640.0,SPXW260908C07640000,100.1,100.6,100.35,97.93,2.13,2.22338,3.0,2.0,0.1137,0.5911,0.002,6.6219,-2.1114,1.9453,99.8908,99.95,99.95,97.93,95.7999992370606,down,2026-08-21T10:14:49,0.0,0.0
SPXW,2026-09-08,18,Put,7640.0,SPXW260908P07640000,56.8,57.2,57.0,57.36,-16.24,-22.0652,29.0,64.0,0.1136,-0.4088,0.002,6.6219,-2.1114,-1.3959,57.6332,63.27,63.27,52.99,73.6000022888184,up,2026-08-21T15:55:02,0.0,0.0
SPXW,2026-09-08,18,Call,7645.0,SPXW260908C07645000,96.8,97.2,97.0,98.38,5.78,6.2419,1.0,15.0,0.1131,0.5814,0.002,6.6558,-2.1112,1.9139,96.5831,98.38,98.38,98.38,92.6000022888184,down,2026-08-21T09:41:49,0.0,0.0
SPXW,2026-09-08,18,Put,7645.0,SPXW260908P07645000,58.5,58.9,58.7,57.38,-18.07,-23.9496,8.0,21.0,0.113,-0.4184,0.002,6.6558,-2.1112,-1.4295,59.316,65.85,65.85,57.38,75.4500007629394,down,2026-08-21T13:06:00,0.0,0.0
SPXW,2026-09-08,18,Call,7650.0,SPXW260908C07650000,93.4,94.0,93.7,99.38,9.88,11.0391,4.0,652.0,0.1125,0.5716,0.002,6.6863,-2.1096,1.8818,93.3249,94.87,99.38,94.87,89.5,up,2026-08-21T12:34:33,0.0,0.0
SPXW,2026-09-08,18,Put,7650.0,SPXW260908P07650000,60.2,60.6,60.400000000000006,60.95,-16.4,-21.2023,76.0,585.0,0.1123,-0.4282,0.002,6.6863,-2.1096,-1.4638,61.0482,67.65,67.89,58.23,77.3499984741211,up,2026-08-21T16:11:32,0.0,0.0
SPXW,2026-09-08,18,Call,7655.0,SPXW260908C07655000,90.3,90.8,90.55,88.13,1.73,2.00232,2.0,4.0,0.1118,0.5617,0.0021,6.7132,-2.1068,1.8493,90.1173,87.63,88.13,87.63,86.3999977111816,up,2026-08-21T10:30:08,0.0,0.0
SPXW,2026-09-08,18,Put,7655.0,SPXW260908P07655000,62.0,62.4,62.2,77.0,0.0,0.0,0.0,63.0,0.1116,-0.4382,0.0021,6.7132,-2.1068,-1.4985,62.8311,0.0,0.0,0.0,79.3499984741211,down,2026-08-20T15:24:57,0.0,0.0
SPXW,2026-09-08,18,Call,7660.0,SPXW260908C07660000,87.2,87.6,87.4,88.39,4.99,5.98322,10.0,20.0,0.1112,0.5516,0.0021,6.736,-2.1027,1.8166,86.9612,87.27,88.39,87.27,83.3999977111816,up,2026-08-21T09:44:51,0.0,0.0
SPXW,2026-09-08,18,Put,7660.0,SPXW260908P07660000,63.8,64.2,64.0,63.5,-17.75,-21.8462,41.0,44.0,0.111,-0.4483,0.0021,6.736,-2.1027,-1.5333,64.6654,67.8,71.28,57.67,81.25,no_change,2026-08-21T15:20:09,0.0,0.0
SPXW,2026-09-08,18,Call,7665.0,SPXW260908C07665000,84.0,84.5,84.25,81.4,0.95,1.18086,9.0,3.0,0.1105,0.5414,0.0021,6.7549,-2.0973,1.7838,83.8571,81.18,81.65,80.7,80.4499969482422,no_change,2026-08-21T10:39:00,0.0,0.0
SPXW,2026-09-08,18,Put,7665.0,SPXW260908P07665000,65.7,66.1,65.9,65.28,-17.97,-21.5856,28.0,55.0,0.1104,-0.4585,0.0021,6.7549,-2.0973,-1.5683,66.5518,72.88,73.23,65.1,83.25,up,2026-08-21T15:20:26,0.0,0.0
SPXW,2026-09-08,18,Call,7670.0,SPXW260908C07670000,81.0,81.4,81.2,85.13,7.53,9.7036,48.0,69.0,0.1099,0.531,0.0021,6.7698,-2.0906,1.7506,80.806,82.56,88.94,78.4,77.6000022888184,no_change,2026-08-21T15:58:34,0.0,0.0
SPXW,2026-09-08,18,Put,7670.0,SPXW260908P07670000,67.6,68.1,67.85,67.78,-17.62,-20.6323,46.0,132.0,0.1097,-0.4689,0.0021,6.7698,-2.0906,-1.6038,68.4911,72.4,76.05,63.0,85.3999977111816,no_change,2026-08-21T16:07:54,0.0,0.0
SPXW,2026-09-08,18,Call,7675.0,SPXW260908C07675000,78.0,78.4,78.2,78.82,4.07,5.44482,14.0,97.0,0.1093,0.5205,0.0021,6.7806,-2.0824,1.7166,77.8093,78.0,84.9,74.63,74.75,down,2026-08-21T16:06:22,0.0,0.0
SPXW,2026-09-08,18,Put,7675.0,SPXW260908P07675000,69.6,70.0,69.8,65.58,-21.92,-25.0514,30.0,277.0,0.1091,-0.4794,0.0021,6.7806,-2.0824,-1.64,70.4849,74.97,77.6,65.51,87.5,up,2026-08-21T15:49:44,0.0,0.0
SPXW,2026-09-08,18,Call,7680.0,SPXW260908C07680000,75.0,75.5,75.25,78.34,6.39,8.88117,29.0,17.0,0.1086,0.5098,0.0022,6.7872,-2.0729,1.6816,74.8688,73.47,86.13,71.73,71.9500007629394,down,2026-08-21T15:17:34,0.0,0.0
SPXW,2026-09-08,18,Put,7680.0,SPXW260908P07680000,71.7,72.1,71.9,70.79,-18.86,-21.0374,25.0,89.0,0.1086,-0.49,0.0022,6.7872,-2.0729,-1.6771,72.5348,79.2,79.36,66.0,89.6500015258789,down,2026-08-21T15:17:34,0.0,0.0
SPXW,2026-09-08,18,Call,7685.0,SPXW260908C07685000,72.2,72.6,72.4,75.5,6.3,9.10404,7.0,2.0,0.1082,0.4991,0.0022,6.7893,-2.0619,1.646,71.9861,72.94,84.0,69.2,69.2000007629394,down,2026-08-21T15:42:17,0.0,0.0
SPXW,2026-09-08,18,Put,7685.0,SPXW260908P07685000,73.8,74.2,74.0,75.73,-16.27,-17.6848,16.0,41.0,0.108,-0.5008,0.0022,6.7893,-2.0619,-1.7149,74.6426,80.0,80.0,69.03,92.0,no_change,2026-08-21T14:15:23,0.0,0.0
SPXW,2026-09-08,18,Call,7690.0,SPXW260908C07690000,69.3,69.8,69.55,70.71,4.26,6.41084,17.0,51.0,0.1074,0.4882,0.0022,6.7866,-2.0494,1.6102,69.1625,71.7,80.63,67.6,66.4499969482422,down,2026-08-21T15:59:41,0.0,0.0
SPXW,2026-09-08,18,Put,7690.0,SPXW260908P07690000,75.9,76.4,76.15,73.2,-21.05,-22.3342,52.0,175.0,0.1073,-0.5117,0.0022,6.7866,-2.0494,-1.7529,76.8094,82.4,82.4,68.38,94.25,down,2026-08-21T15:39:24,0.0,0.0
SPXW,2026-09-08,18,Call,7695.0,SPXW260908C07695000,66.6,67.0,66.8,67.08,3.23,5.05873,73.0,25.0,0.1068,0.4772,0.0022,6.7794,-2.0355,1.5745,66.3984,64.95,81.42,64.95,63.8499984741211,down,2026-08-21T15:59:57,0.0,0.0
SPXW,2026-09-08,18,Put,7695.0,SPXW260908P07695000,78.2,78.6,78.4,77.23,-19.37,-20.0518,15.0,38.0,0.1068,-0.5226,0.0022,6.7794,-2.0355,-1.7908,79.0358,85.72,85.72,73.81,96.6000022888184,up,2026-08-21T15:54:45,0.0,0.0
SPXW,2026-09-08,18,Call,7700.0,SPXW260908C07700000,63.8,64.3,64.05,64.58,3.33,5.43673,170.0,298.0,0.1062,0.4661,0.0022,6.7674,-2.0201,1.5388,63.6942,64.6,74.35,63.09,61.25,down,2026-08-21T16:06:22,0.0,0.0
SPXW,2026-09-08,18,Put,7700.0,SPXW260908P07700000,80.4,80.9,80.65,81.54,-17.46,-17.6364,52.0,266.0,0.1062,-0.5337,0.0022,6.7674,-2.0201,-1.8286,81.322,86.47,88.3,76.58,99.0,up,2026-08-21T16:00:11,0.0,0.0
SPXW,2026-09-08,18,Call,7705.0,SPXW260908C07705000,61.2,61.6,61.400000000000006,88.0,0.0,0.0,0.0,21.0,0.1057,0.455,0.0022,6.7504,-2.0033,1.5027,61.0508,0.0,0.0,0.0,58.7999992370606,up,2026-08-19T15:59:38,0.0,0.0
SPXW,2026-09-08,18,Put,7705.0,SPXW260908P07705000,82.8,83.2,83.0,81.46,-20.14,-19.8228,7.0,41.0,0.1056,-0.5449,0.0022,6.7504,-2.0033,-1.867,83.669,89.45,89.45,79.35,101.600002288818,up,2026-08-21T15:03:12,0.0,0.0
SPXW,2026-09-08,18,Call,7710.0,SPXW260908C07710000,58.6,59.2,58.900000000000006,61.03,4.63,8.20922,6.0,78.0,0.1053,0.4437,0.0022,6.7281,-1.985,1.4658,58.4694,69.04,69.6,61.03,56.3999996185303,down,2026-08-21T13:31:52,0.0,0.0
SPXW,2026-09-08,18,Put,7710.0,SPXW260908P07710000,85.2,85.6,85.4,79.96,-24.14,-23.1892,20.0,149.0,0.105,-0.5561,0.0022,6.7281,-1.985,-1.906,86.0781,91.13,91.13,79.6,104.100002288818,down,2026-08-21T15:49:17,0.0,0.0
SPXW,2026-09-08,18,Call,7715.0,SPXW260908C07715000,56.1,56.5,56.3,58.43,4.48,8.30399,4.0,37.0,0.1046,0.4324,0.0022,6.7002,-1.9652,1.4283,55.9517,54.44,59.62,53.8,53.9499988555908,down,2026-08-21T13:31:52,0.0,0.0
SPXW,2026-09-08,18,Put,7715.0,SPXW260908P07715000,87.7,88.1,87.9,91.2,-15.45,-14.4866,2.0,39.0,0.1044,-0.5674,0.0022,6.7002,-1.9652,-1.9457,88.5508,91.2,91.2,91.2,106.650001525879,down,2026-08-21T10:11:09,0.0,0.0
SPXW,2026-09-08,18,Call,7720.0,SPXW260908C07720000,53.7,54.1,53.900000000000006,56.2,4.6,8.91473,11.0,53.0,0.104,0.4211,0.0022,6.667,-1.9439,1.3906,53.4987,55.16,56.2,51.91,51.6000003814697,up,2026-08-21T11:27:57,0.0,0.0
SPXW,2026-09-08,18,Put,7720.0,SPXW260908P07720000,90.2,90.6,90.4,89.0,-20.35,-18.61,5.0,63.0,0.1038,-0.5788,0.0022,6.667,-1.9439,-1.9857,91.0883,97.0,99.4,88.15,109.349998474121,up,2026-08-21T15:54:20,0.0,0.0
SPXW,2026-09-08,18,Call,7725.0,SPXW260908C07725000,51.3,51.7,51.5,53.99,4.64,9.40223,45.0,237.0,0.1034,0.4097,0.0022,6.6288,-1.9212,1.3531,51.1105,50.76,61.41,49.2,49.3500003814697,up,2026-08-21T15:27:37,0.0,0.0
SPXW,2026-09-08,18,Put,7725.0,SPXW260908P07725000,92.8,93.2,93.0,111.86,0.0,0.0,0.0,151.0,0.1033,-0.5902,0.0022,6.6288,-1.9212,-2.0253,93.6905,0.0,0.0,0.0,112.0,up,2026-08-20T15:34:52,0.0,0.0
SPXW,2026-09-08,18,Call,7730.0,SPXW260908C07730000,48.9,49.3,49.099999999999994,52.1,1.6,3.39703,20.0,62.0,0.1029,0.3983,0.0022,6.5858,-1.897,1.3161,48.7868,50.44,58.0,49.58,47.1000003814697,no_change,2026-08-21T15:19:17,0.0,0.0
SPXW,2026-09-08,18,Put,7730.0,SPXW260908P07730000,95.4,95.9,95.65,93.59,-21.21,-18.4756,6.0,157.0,0.1028,-0.6016,0.0022,6.5858,-1.897,-2.0645,96.3573,96.0,97.99,93.59,114.799999237061,down,2026-08-21T15:26:50,0.0,0.0
SPXW,2026-09-08,18,Call,7735.0,SPXW260908C07735000,46.7,47.1,46.900000000000006,47.28,2.28,5.06667,7.0,10.0,0.1024,0.3868,0.0022,6.5377,-1.8715,1.2789,46.5276,45.6,49.57,44.65,45.0,down,2026-08-21T16:03:56,0.0,0.0
SPXW,2026-09-08,18,Put,7735.0,SPXW260908P07735000,98.2,98.6,98.4,107.63,-9.97,-8.47789,1.0,1.0,0.1022,-0.613,0.0022,6.5377,-1.8715,-2.1038,99.0885,107.63,107.63,107.63,117.600002288818,down,2026-08-21T10:36:12,0.0,0.0
SPXW,2026-09-08,18,Call,7740.0,SPXW260908C07740000,44.5,44.9,44.7,45.11,2.26,5.27422,12.0,28.0,0.1019,0.3754,0.0022,6.4839,-1.8446,1.2413,44.3335,44.0,45.5,43.0,42.8499984741211,up,2026-08-21T16:03:56,0.0,0.0
SPXW,2026-09-08,18,Put,7740.0,SPXW260908P07740000,100.9,101.4,101.15,96.6,-24.0,-19.9005,43.0,80.0,0.1017,-0.6245,0.0022,6.4839,-1.8446,-2.1437,101.8848,101.83,101.83,94.34,120.600002288818,up,2026-08-21T12:04:46,0.0,0.0
SPXW,2026-09-08,18,Call,7745.0,SPXW260908C07745000,42.3,42.7,42.5,45.4,4.55,11.1383,13.0,35.0,0.1013,0.364,0.0022,6.4239,-1.8162,1.2032,42.2054,44.12,46.53,41.8,40.8500003814697,down,2026-08-21T15:38:57,0.0,0.0
SPXW,2026-09-08,18,Put,7745.0,SPXW260908P07745000,103.8,104.2,104.0,109.1,-14.45,-11.6957,2.0,3.0,0.1013,-0.6359,0.0022,6.4239,-1.8162,-2.184,104.7472,110.92,110.92,109.1,123.550003051758,down,2026-08-21T10:54:49,0.0,0.0
SPXW,2026-09-08,18,Call,7750.0,SPXW260908C07750000,40.2,40.6,40.400000000000006,41.0,2.15,5.53411,20.0,393.0,0.1008,0.3526,0.0022,6.3581,-1.7866,1.1651,40.1437,41.97,49.33,39.0,38.8499984741211,down,2026-08-21T15:59:44,0.0,0.0
SPXW,2026-09-08,18,Put,7750.0,SPXW260908P07750000,106.7,107.2,106.95,105.23,-21.27,-16.8142,21.0,279.0,0.1007,-0.6473,0.0022,6.3581,-1.7866,-2.2242,107.676,113.88,113.88,105.23,126.5,down,2026-08-21T11:06:03,0.0,0.0
SPXW,2026-09-08,18,Call,7755.0,SPXW260908C07755000,38.2,38.6,38.400000000000006,42.68,5.68,15.3514,5.0,4.0,0.1003,0.3412,0.0021,6.2875,-1.7556,1.1276,38.1478,40.65,42.68,40.65,37.0,up,2026-08-21T12:37:11,0.0,0.0
SPXW,2026-09-08,18,Put,7755.0,SPXW260908P07755000,109.7,110.2,109.95,100.88,0.0,0.0,0.0,2.0,0.1002,-0.6586,0.0021,6.2875,-1.7556,-2.2639,110.6706,0.0,0.0,0.0,129.599998474121,up,2026-08-18T09:45:35,0.0,0.0
SPXW,2026-09-08,18,Call,7760.0,SPXW260908C07760000,36.3,36.7,36.5,41.03,5.88,16.7283,10.0,117.0,0.0997,0.3299,0.0021,6.2126,-1.7234,1.0908,36.2167,35.42,46.58,35.42,35.1499996185303,up,2026-08-21T12:59:16,0.0,0.0
SPXW,2026-09-08,18,Put,7760.0,SPXW260908P07760000,112.7,113.2,112.95,118.2,-14.6,-10.994,4.0,60.0,0.0995,-0.67,0.0021,6.2126,-1.7234,-2.3029,113.7298,119.97,119.97,118.2,132.800003051758,down,2026-08-21T10:54:49,0.0,0.0
SPXW,2026-09-08,18,Call,7765.0,SPXW260908C07765000,34.4,34.8,34.599999999999994,37.85,4.5,13.4933,18.0,7.0,0.0994,0.3186,0.0021,6.1332,-1.6901,1.0541,34.3495,34.36,39.13,33.08,33.3500003814697,down,2026-08-21T15:44:33,0.0,0.0
SPXW,2026-09-08,18,Put,7765.0,SPXW260908P07765000,115.8,116.3,116.05,122.65,0.0,0.0,0.0,17.0,0.0992,-0.6812,0.0021,6.1332,-1.6901,-2.3418,116.8531,0.0,0.0,0.0,136.049995422363,up,2026-08-20T11:47:06,0.0,0.0
SPXW,2026-09-08,18,Call,7770.0,SPXW260908C07770000,32.6,33.0,32.8,37.05,5.4,17.0616,40.0,102.0,0.0987,0.3075,0.0021,6.0483,-1.6555,1.0171,32.5463,31.42,38.4,31.31,31.6499996185303,down,2026-08-21T12:44:36,0.0,0.0
SPXW,2026-09-08,18,Put,7770.0,SPXW260908P07770000,119.0,119.6,119.3,113.8,-25.3,-18.1884,5.0,207.0,0.0985,-0.6924,0.0021,6.0483,-1.6555,-2.381,120.0404,127.31,127.31,113.8,139.099998474121,down,2026-08-21T15:44:20,0.0,0.0
SPXW,2026-09-08,18,Call,7775.0,SPXW260908C07775000,30.8,31.2,31.0,41.23,11.28,37.6628,4.0,138.0,0.0983,0.2964,0.0021,5.9575,-1.6199,0.98,30.8076,31.82,41.23,29.75,29.9499998092651,up,2026-08-21T11:53:06,0.0,0.0
SPXW,2026-09-08,18,Put,7775.0,SPXW260908P07775000,121.3,123.6,122.44999999999999,116.9,-25.8,-18.0799,5.0,74.0,0.099,-0.7034,0.0021,5.9575,-1.6199,-2.4203,123.2921,122.1,122.1,116.9,142.699996948242,down,2026-08-21T15:44:20,0.0,0.0
SPXW,2026-09-08,18,Call,7780.0,SPXW260908C07780000,29.2,29.5,29.35,30.85,2.5,8.81834,9.0,141.0,0.0978,0.2854,0.002,5.8612,-1.5832,0.9434,29.1327,29.24,31.65,28.2,28.3500003814697,no_change,2026-08-21T15:56:15,0.0,0.0
SPXW,2026-09-08,18,Put,7780.0,SPXW260908P07780000,123.4,128.0,125.7,144.16,0.0,0.0,0.0,77.0,0.0986,-0.7144,0.002,5.8612,-1.5832,-2.4591,126.6077,0.0,0.0,0.0,146.099998474121,no_change,2026-08-20T15:04:56,0.0,0.0
SPXW,2026-09-08,18,Call,7785.0,SPXW260908C07785000,27.5,27.9,27.7,31.42,4.57,17.0205,2.0,24.0,0.0974,0.2746,0.002,5.7609,-1.5456,0.9076,27.5205,26.44,31.42,26.44,26.8500003814697,up,2026-08-21T12:32:47,0.0,0.0
SPXW,2026-09-08,18,Put,7785.0,SPXW260908P07785000,126.8,131.3,129.05,0.0,0.0,0.0,0.0,2.0,0.0982,-0.7253,0.002,5.7609,-1.5456,-2.497,129.9859,0.0,0.0,0.0,149.299995422363,no_change,,0.0,0.0
SPXW,2026-09-08,18,Call,7790.0,SPXW260908C07790000,26.0,26.3,26.15,28.02,2.67,10.5325,9.0,120.0,0.097,0.2639,0.002,5.6575,-1.5071,0.8727,25.9694,26.96,33.35,26.96,25.3500003814697,down,2026-08-21T15:43:05,0.0,0.0
SPXW,2026-09-08,18,Put,7790.0,SPXW260908P07790000,130.2,134.8,132.5,130.35,-22.7,-14.8318,3.0,31.0,0.0977,-0.736,0.002,5.6575,-1.5071,-2.5341,133.4252,134.14,134.14,130.35,153.049995422363,down,2026-08-21T15:17:32,0.0,0.0
SPXW,2026-09-08,18,Call,7795.0,SPXW260908C07795000,24.5,24.8,24.65,26.1,2.15,8.97704,8.0,20.0,0.0965,0.2533,0.0019,5.5505,-1.4677,0.8379,24.4786,24.18,27.08,24.18,23.9499998092651,down,2026-08-21T15:55:50,0.0,0.0
SPXW,2026-09-08,18,Put,7795.0,SPXW260908P07795000,133.7,138.3,136.0,115.8,0.0,0.0,0.0,5.0,0.0973,-0.7466,0.0019,5.5505,-1.4677,-2.5711,136.9249,0.0,0.0,0.0,156.650001525879,down,2026-08-19T13:34:54,0.0,0.0
SPXW,2026-09-08,18,Call,7800.0,SPXW260908C07800000,23.0,23.4,23.2,23.63,1.08,4.78936,20.0,827.0,0.096,0.2428,0.0019,5.4388,-1.4277,0.803,23.0481,22.27,27.0,22.27,22.5500001907349,down,2026-08-21T16:07:19,0.0,0.0
SPXW,2026-09-08,18,Put,7800.0,SPXW260908P07800000,136.5,142.0,139.25,157.45,0.0,0.0,0.0,786.0,0.0969,-0.757,0.0019,5.4388,-1.4277,-2.6081,140.4849,0.0,0.0,0.0,160.25,up,2026-08-20T14:46:22,0.0,0.0
SPXW,2026-09-08,18,Call,7805.0,SPXW260908C07805000,21.6,22.0,21.8,22.04,0.79,3.71765,28.0,20.0,0.0957,0.2326,0.0019,5.322,-1.3869,0.7686,21.6777,25.9,25.98,22.04,21.25,down,2026-08-21T16:00:07,0.0,0.0
SPXW,2026-09-08,18,Put,7805.0,SPXW260908P07805000,140.1,145.7,142.89999999999998,121.8,0.0,0.0,0.0,5.0,0.0965,-0.7673,0.0019,5.322,-1.3869,-2.6448,144.1049,0.0,0.0,0.0,164.0,down,2026-08-19T13:34:54,0.0,0.0
SPXW,2026-09-08,18,Call,7810.0,SPXW260908C07810000,20.3,20.7,20.5,21.29,1.24,6.18454,17.0,106.0,0.0953,0.2225,0.0018,5.2013,-1.3456,0.7351,20.3662,19.84,23.74,19.84,20.0500001907349,up,2026-08-21T14:23:20,0.0,0.0
SPXW,2026-09-08,18,Put,7810.0,SPXW260908P07810000,143.8,149.4,146.60000000000002,164.79,0.0,0.0,0.0,15.0,0.0961,-0.7774,0.0018,5.2013,-1.3456,-2.6804,147.7839,0.0,0.0,0.0,167.699996948242,up,2026-08-20T15:10:34,0.0,0.0
SPXW,2026-09-08,18,Call,7815.0,SPXW260908C07815000,19.1,19.4,19.25,20.07,1.22,6.47215,28.0,26.0,0.0949,0.2126,0.0018,5.0782,-1.3039,0.7027,19.112,18.95,22.48,18.94,18.8500003814697,down,2026-08-21T14:22:13,0.0,0.0
SPXW,2026-09-08,18,Put,7815.0,SPXW260908P07815000,147.5,153.1,150.3,0.0,0.0,0.0,0.0,0.0,0.0956,-0.7872,0.0018,5.0782,-1.3039,-2.715,151.5201,0.0,0.0,0.0,171.449996948242,no_change,,0.0,0.0
SPXW,2026-09-08,18,Call,7820.0,SPXW260908C07820000,17.9,18.2,18.049999999999997,19.55,1.85,10.452,24.0,89.0,0.0945,0.2029,0.0018,4.9535,-1.2618,0.671,17.9137,18.05,19.98,18.05,17.6999998092651,no_change,2026-08-21T15:13:17,0.0,0.0
SPXW,2026-09-08,18,Put,7820.0,SPXW260908P07820000,151.2,156.9,154.05,145.0,0.0,0.0,0.0,73.0,0.0953,-0.797,0.0018,4.9535,-1.2618,-2.749,155.3122,0.0,0.0,0.0,175.350006103516,up,2026-08-20T10:44:02,0.0,0.0
SPXW,2026-09-08,18,Call,7825.0,SPXW260908C07825000,16.7,17.1,16.9,18.55,1.9,11.4114,33.0,125.0,0.094,0.1934,0.0017,4.8263,-1.2194,0.6394,16.7708,19.63,20.55,16.91,16.6499996185303,up,2026-08-21T15:58:15,0.0,0.0
SPXW,2026-09-08,18,Put,7825.0,SPXW260908P07825000,155.1,160.8,157.95,147.73,0.0,0.0,0.0,20.0,0.095,-0.8064,0.0017,4.8263,-1.2194,-2.7827,159.1597,0.0,0.0,0.0,179.300003051758,up,2026-08-18T11:33:20,0.0,0.0
SPXW,2026-09-08,18,Call,7830.0,SPXW260908C07830000,15.6,16.0,15.8,16.2,0.65,4.18007,49.0,48.0,0.0936,0.1842,0.0017,4.6957,-1.1769,0.6083,15.683,16.45,19.2,15.69,15.5499997138977,down,2026-08-21T16:07:19,0.0,0.0
SPXW,2026-09-08,18,Put,7830.0,SPXW260908P07830000,159.0,164.6,161.8,136.11,0.0,0.0,0.0,14.0,0.0946,-0.8157,0.0017,4.6957,-1.1769,-2.816,163.0624,0.0,0.0,0.0,183.25,down,2026-08-19T14:23:19,0.0,0.0
SPXW,2026-09-08,18,Call,7840.0,SPXW260908C07840000,13.6,13.9,13.75,13.68,0.03,0.21978,1.0,87.0,0.0929,0.1663,0.0016,4.4266,-1.0918,0.5492,13.6683,13.68,13.68,13.68,13.6500000953674,up,2026-08-21T10:40:16,0.0,0.0
SPXW,2026-09-08,18,Put,7840.0,SPXW260908P07840000,166.9,172.6,169.75,153.13,0.0,0.0,0.0,8.0,0.094,-0.8335,0.0016,4.4266,-1.0918,-2.8795,171.0286,0.0,0.0,0.0,191.25,up,2026-08-18T14:27:59,0.0,0.0
SPXW,2026-09-08,18,Call,7850.0,SPXW260908C07850000,11.8,12.1,11.95,13.28,1.33,11.1297,59.0,1048.0,0.0922,0.1495,0.0015,4.1556,-1.0075,0.4938,11.8572,13.26,14.53,12.0,11.9500002861023,no_change,2026-08-21T15:32:31,0.0,0.0
SPXW,2026-09-08,18,Put,7850.0,SPXW260908P07850000,175.0,181.0,178.0,174.21,-25.29,-12.6767,1.0,16.0,0.0935,-0.8504,0.0015,4.1556,-1.0075,-2.9393,179.1984,174.21,174.21,174.21,199.5,down,2026-08-21T11:00:54,0.0,0.0
SPXW,2026-09-08,18,Call,7860.0,SPXW260908C07860000,10.2,10.5,10.35,10.88,-0.28,-2.70531,4.0,342.0,0.0915,0.1337,0.0014,3.8812,-0.9248,0.4409,10.2427,11.25,12.95,10.3,10.3499999046326,down,2026-08-21T14:15:41,0.0,0.0
SPXW,2026-09-08,18,Put,7860.0,SPXW260908P07860000,183.3,189.1,186.2,175.9,0.0,0.0,0.0,6.0,0.093,-0.8661,0.0014,3.8812,-0.9248,-2.9965,187.5648,0.0,0.0,0.0,208.0,up,2026-08-18T15:56:21,0.0,0.0
SPXW,2026-09-08,18,Call,7870.0,SPXW260908C07870000,8.7,9.1,8.899999999999999,11.35,2.4,26.8156,4.0,30.0,0.091,0.1191,0.0013,3.6063,-0.8446,0.3928,8.8131,11.16,11.35,11.16,8.9500002861023,up,2026-08-21T12:29:06,0.0,0.0
SPXW,2026-09-08,18,Put,7870.0,SPXW260908P07870000,192.2,198.0,195.1,167.89,0.0,0.0,0.0,1.0,0.0923,-0.8808,0.0013,3.6063,-0.8446,-3.049,196.1161,0.0,0.0,0.0,216.550003051758,up,2026-08-18T09:31:56,0.0,0.0
SPXW,2026-09-08,18,Call,7875.0,SPXW260908C07875000,8.1,8.4,8.25,9.31,0.96,11.497,21.0,2079.0,0.0905,0.1122,0.0012,3.4714,-0.8057,0.37,8.1636,8.72,11.9,8.51,8.34999990463257,up,2026-08-21T15:43:54,0.0,0.0
SPXW,2026-09-08,18,Put,7875.0,SPXW260908P07875000,196.6,202.1,199.35,216.5,0.0,0.0,0.0,191.0,0.0922,-0.8877,0.0012,3.4714,-0.8057,-3.074,200.457,0.0,0.0,0.0,220.949996948242,no_change,2026-08-20T14:53:33,0.0,0.0
SPXW,2026-09-08,18,Call,7880.0,SPXW260908C07880000,7.5,7.8,7.65,8.04,0.29,3.74194,153.0,74.0,0.0904,0.1056,0.0012,3.3378,-0.7677,0.3478,7.556,9.63,10.82,7.84,7.75,up,2026-08-21T16:00:49,0.0,0.0
SPXW,2026-09-08,18,Put,7880.0,SPXW260908P07880000,200.9,206.5,203.7,0.0,0.0,0.0,0.0,0.0,0.0921,-0.8943,0.0012,3.3378,-0.7677,-3.0984,204.8399,0.0,0.0,0.0,225.349998474121,no_change,,0.0,0.0
SPXW,2026-09-08,18,Call,7890.0,SPXW260908C07890000,6.4,6.7,6.550000000000001,7.5,0.8,11.9403,30.0,30.0,0.0899,0.0932,0.0011,3.0744,-0.6948,0.3068,6.4611,9.42,9.42,7.03,6.70000004768372,up,2026-08-21T14:57:07,0.0,0.0
SPXW,2026-09-08,18,Put,7890.0,SPXW260908P07890000,209.8,215.4,212.60000000000002,174.66,0.0,0.0,0.0,2.0,0.0914,-0.9066,0.0011,3.0744,-0.6948,-3.1437,213.7259,0.0,0.0,0.0,232.0,up,2026-08-19T15:30:20,0.0,0.0
SPXW,2026-09-08,18,Call,7900.0,SPXW260908C07900000,5.4,5.7,5.550000000000001,5.85,0.1,1.73913,51.0,3634.0,0.0895,0.082,0.001,2.821,-0.6265,0.2702,5.513,6.6,8.62,5.85,5.75,down,2026-08-21T16:04:53,0.0,0.0
SPXW,2026-09-08,18,Put,7900.0,SPXW260908P07900000,210.2,233.9,222.05,195.25,0.0,0.0,0.0,40.0,0.0914,-0.9178,0.001,2.821,-0.6265,-3.1847,222.7587,0.0,0.0,0.0,241.550003051758,no_change,2026-08-11T15:50:38,0.0,0.0
SPXW,2026-09-08,18,Call,7910.0,SPXW260908C07910000,4.6,4.9,4.75,4.9,-0.05,-1.0101,251.0,343.0,0.089,0.072,0.0009,2.5807,-0.5634,0.2366,4.6995,6.26,6.26,4.9,4.95000004768372,down,2026-08-21T16:00:06,0.0,0.0
SPXW,2026-09-08,18,Put,7910.0,SPXW260908P07910000,219.3,243.0,231.15,0.0,0.0,0.0,0.0,0.0,0.0914,-0.9278,0.0009,2.5807,-0.5634,-3.2227,231.9261,0.0,0.0,0.0,250.549995422363,no_change,,0.0,0.0
SPXW,2026-09-08,18,Call,7920.0,SPXW260908C07920000,3.9,4.2,4.05,4.59,0.34,8.0,13.0,62.0,0.0887,0.0631,0.0008,2.3535,-0.5055,0.2074,4.0068,4.9,6.47,4.48,4.25,up,2026-08-21T15:35:00,0.0,0.0
SPXW,2026-09-08,18,Put,7920.0,SPXW260908P07920000,228.5,251.8,240.15,0.0,0.0,0.0,0.0,0.0,0.091,-0.9367,0.0008,2.3535,-0.5055,-3.2562,241.2142,0.0,0.0,0.0,261.25,no_change,,0.0,0.0
SPXW,2026-09-08,18,Call,7925.0,SPXW260908C07925000,3.6,3.9,3.75,3.82,-0.13,-3.29114,16.0,309.0,0.0887,0.0591,0.0008,2.2459,-0.4787,0.1941,3.7009,3.89,4.6,3.82,3.94999992847443,down,2026-08-21T16:03:21,0.0,0.0
SPXW,2026-09-08,18,Put,7925.0,SPXW260908P07925000,233.2,257.0,245.1,188.66,0.0,0.0,0.0,4.0,0.0911,-0.9408,0.0008,2.2459,-0.4787,-3.2717,245.8988,0.0,0.0,0.0,265.250007629395,down,2026-08-12T15:36:29,0.0,0.0
SPXW,2026-09-08,18,Call,7930.0,SPXW260908C07930000,3.3,3.6,3.45,3.57,-0.08,-2.19178,15.0,48.0,0.0885,0.0553,0.0007,2.1426,-0.4532,0.1815,3.4201,3.7,3.95,3.57,3.64999997615814,down,2026-08-21T16:03:21,0.0,0.0
SPXW,2026-09-08,18,Put,7930.0,SPXW260908P07930000,237.9,261.7,249.8,0.0,0.0,0.0,0.0,0.0,0.0911,-0.9446,0.0007,2.1426,-0.4532,-3.2865,250.6084,0.0,0.0,0.0,270.699996948242,no_change,,0.0,0.0
SPXW,2026-09-08,18,Call,7940.0,SPXW260908C07940000,2.85,3.1,2.975,3.06,-0.09,-2.85714,130.0,49.0,0.0886,0.0484,0.0007,1.9487,-0.4064,0.1587,2.9274,4.04,4.04,3.06,3.14999997615814,down,2026-08-21T16:00:06,0.0,0.0
SPXW,2026-09-08,18,Put,7940.0,SPXW260908P07940000,247.4,271.2,259.3,0.0,0.0,0.0,0.0,0.0,0.0914,-0.9514,0.0007,1.9487,-0.4064,-3.3137,260.0967,0.0,0.0,0.0,280.149993896484,no_change,,0.0,0.0
SPXW,2026-09-08,18,Call,7950.0,SPXW260908C07950000,2.4,2.6,2.5,2.92,0.22,8.14815,77.0,244.0,0.0887,0.0425,0.0006,1.7717,-0.3648,0.1393,2.5154,2.62,2.96,2.62,2.69999992847443,up,2026-08-21T15:52:36,0.0,0.0
SPXW,2026-09-08,18,Put,7950.0,SPXW260908P07950000,256.9,280.7,268.79999999999995,180.2,0.0,0.0,0.0,2.0,0.092,-0.9574,0.0006,1.7717,-0.3648,-3.3375,269.6655,0.0,0.0,0.0,289.550003051758,down,2026-08-14T12:44:56,0.0,0.0
SPXW,2026-09-08,18,Call,7975.0,SPXW260908C07975000,1.65,1.85,1.75,1.97,0.095,5.06667,75.0,642.0,0.0893,0.0311,0.0005,1.403,-0.2821,0.1014,1.764,2.07,2.32,1.97,1.875,no_change,2026-08-21T15:53:55,0.0,0.0
SPXW,2026-09-08,18,Put,7975.0,SPXW260908P07975000,281.0,299.9,290.45,249.05,0.0,0.0,0.0,1.0,0.0936,-0.9688,0.0005,1.403,-0.2821,-3.3863,293.8663,0.0,0.0,0.0,313.800003051758,up,2026-08-11T15:36:08,0.0,0.0
SPXW,2026-09-08,18,Call,8000.0,SPXW260908C08000000,1.15,1.3,1.225,1.34,-0.01,-0.740738,124.0,533.0,0.0905,0.0234,0.0004,1.1281,-0.2244,0.0761,1.2936,1.59,2.0,1.34,1.34999996423721,down,2026-08-21T15:55:02,0.0,0.0
SPXW,2026-09-08,18,Put,8000.0,SPXW260908P08000000,305.5,326.4,315.95,324.56,-13.44,-3.97633,5.0,1.0,0.0954,-0.9765,0.0004,1.1281,-0.2244,-3.4226,318.3481,324.56,324.56,324.56,338.0,no_change,2026-08-21T09:52:56,0.0,0.0
SPXW,2026-09-08,18,Call,8025.0,SPXW260908C08025000,0.85,1.0,0.925,1.07,0.045,4.39024,3.0,327.0,0.0925,0.0182,0.0003,0.9272,-0.1846,0.0592,0.9966,1.2,1.2,1.07,1.02500000596046,down,2026-08-21T09:48:54,0.0,0.0
SPXW,2026-09-08,18,Put,8025.0,SPXW260908P08025000,331.4,354.0,342.7,349.09,-13.61,-3.75241,5.0,1.0,0.099,-0.9817,0.0003,0.9272,-0.1846,-3.4503,343.0034,349.09,349.09,349.09,362.699996948242,no_change,2026-08-21T09:52:56,0.0,0.0
SPXW,2026-09-08,18,Call,8050.0,SPXW260908C08050000,0.7,0.85,0.7749999999999999,0.95,0.125,15.1515,2.0,436.0,0.095,0.0147,0.0002,0.7792,-0.1569,0.0475,0.8031,0.97,0.97,0.95,0.824999988079071,down,2026-08-21T15:10:51,0.0,0.0
SPXW,2026-09-08,18,Put,8050.0,SPXW260908P08050000,354.9,378.7,366.79999999999995,0.0,0.0,0.0,0.0,0.0,0.1032,-0.9852,0.0002,0.7792,-0.1569,-3.473,367.7621,0.0,0.0,0.0,387.450012207031,no_change,,0.0,0.0
SPXW,2026-09-08,18,Call,8075.0,SPXW260908C08075000,0.6,0.75,0.675,0.67,-0.005,-0.740743,2.0,336.0,0.0985,0.0122,0.0002,0.6684,-0.1371,0.0394,0.6717,0.67,0.67,0.67,0.675000011920929,down,2026-08-21T10:05:23,0.0,0.0
SPXW,2026-09-08,18,Put,8075.0,SPXW260908P08075000,379.7,403.5,391.6,0.0,0.0,0.0,0.0,0.0,0.107,-0.9877,0.0002,0.6684,-0.1371,-3.492,392.583,0.0,0.0,0.0,412.25,no_change,,0.0,0.0
SPXW,2026-09-08,18,Call,8100.0,SPXW260908C08100000,0.5,0.65,0.575,0.6,0.05,9.09091,4.0,1342.0,0.1017,0.0103,0.0002,0.5823,-0.1223,0.0334,0.5774,0.65,0.65,0.6,0.550000011920929,no_change,2026-08-21T16:14:52,0.0,0.0
SPXW,2026-09-08,18,Put,8100.0,SPXW260908P08100000,404.6,428.4,416.5,0.0,0.0,0.0,0.0,0.0,0.1119,-0.9895,0.0002,0.5828,-0.1223,-3.5089,417.4414,0.0,0.0,0.0,437.0,no_change,,0.0,0.0
SPXW,2026-09-08,18,Call,8125.0,SPXW260908C08125000,0.45,0.55,0.5,0.58,0.08,16.0,43.0,200.0,0.1056,0.009,0.0001,0.5148,-0.111,0.0288,0.5081,0.52,0.7,0.52,0.5,down,2026-08-21T15:33:02,0.0,0.0
SPXW,2026-09-08,18,Put,8125.0,SPXW260908P08125000,430.5,453.3,441.9,0.0,0.0,0.0,0.0,0.0,0.1167,-0.9909,0.0001,0.5147,-0.111,-3.5244,442.3238,0.0,0.0,0.0,461.900009155273,no_change,,0.0,0.0
SPXW,2026-09-08,18,Call,8150.0,SPXW260908C08150000,0.4,0.55,0.47500000000000003,0.58,0.155,36.4706,2.0,34.0,0.1092,0.0078,0.0001,0.4596,-0.1019,0.0253,0.4538,0.58,0.58,0.58,0.424999997019768,down,2026-08-21T11:11:37,0.0,0.0
SPXW,2026-09-08,18,Put,8150.0,SPXW260908P08150000,455.4,478.2,466.79999999999995,0.0,0.0,0.0,0.0,0.0,0.1213,-0.992,0.0001,0.4595,-0.1019,-3.5389,467.2218,0.0,0.0,0.0,486.75,no_change,,0.0,0.0
SPXW,2026-09-08,18,Call,8175.0,SPXW260908C08175000,0.35,0.5,0.425,0.45,0.075,20.0,3.0,20.0,0.1127,0.007,0.0001,0.4136,-0.0944,0.0224,0.4101,0.57,0.62,0.45,0.375,down,2026-08-21T15:40:30,0.0,0.0
SPXW,2026-09-08,18,Put,8175.0,SPXW260908P08175000,479.3,500.1,489.70000000000005,0.0,0.0,0.0,0.0,0.0,0.1258,-0.9929,0.0001,0.4136,-0.0944,-3.5527,492.1302,0.0,0.0,0.0,511.25,no_change,,0.0,0.0
SPXW,2026-09-08,18,Call,8200.0,SPXW260908C08200000,0.3,0.45,0.375,0.41,0.035,9.33333,1.0,355.0,0.1159,0.0062,0.0001,0.3745,-0.088,0.02,0.3741,0.41,0.41,0.41,0.375,down,2026-08-21T15:41:25,0.0,0.0
SPXW,2026-09-08,18,Put,8200.0,SPXW260908P08200000,504.2,524.7,514.45,0.0,0.0,0.0,0.0,0.0,0.1302,-0.9936,0.0001,0.3745,-0.0879,-3.5661,517.0462,0.0,0.0,0.0,536.450012207031,no_change,,0.0,0.0
SPXW,2026-09-08,18,Call,8225.0,SPXW260908C08225000,0.3,0.4,0.35,0.4,0.075,23.0769,7.0,76.0,0.1207,0.0056,0.0001,0.3409,-0.0824,0.018,0.3433,0.45,0.45,0.4,0.325000002980232,no_change,2026-08-21T15:40:30,0.0,0.0
SPXW,2026-09-08,18,Put,8225.0,SPXW260908P08225000,530.2,553.0,541.6,0.0,0.0,0.0,0.0,0.0,0.1363,-0.9942,0.0001,0.3409,-0.0824,-3.579,541.9677,0.0,0.0,0.0,561.400024414062,no_change,,0.0,0.0
SPXW,2026-09-08,18,Call,8250.0,SPXW260908C08250000,0.25,0.4,0.325,0.35,0.05,16.6667,1.0,34.0,0.1234,0.0051,0.0001,0.3117,-0.0775,0.0162,0.3167,0.35,0.35,0.35,0.299999997019768,down,2026-08-21T15:41:25,0.0,0.0
SPXW,2026-09-08,18,Put,8250.0,SPXW260908P08250000,554.1,574.8,564.45,0.0,0.0,0.0,0.0,0.0,0.1406,-0.9948,0.0001,0.3117,-0.0775,-3.5917,566.8934,0.0,0.0,0.0,586.399993896484,no_change,,0.0,0.0
SPXW,2026-09-08,18,Call,8275.0,SPXW260908C08275000,0.25,0.4,0.325,0.39,0.115,41.8182,4.0,20.0,0.128,0.0046,0.0001,0.286,-0.0731,0.0148,0.2934,0.44,0.44,0.39,0.274999998509884,down,2026-08-21T14:34:14,0.0,0.0
SPXW,2026-09-08,18,Put,8275.0,SPXW260908P08275000,579.0,599.5,589.25,0.0,0.0,0.0,0.0,0.0,0.1446,-0.9952,0.0001,0.286,-0.073,-3.6041,591.8224,0.0,0.0,0.0,611.350006103516,no_change,,0.0,0.0
SPXW,2026-09-08,18,Call,8300.0,SPXW260908C08300000,0.2,0.35,0.275,0.45,0.0,0.0,0.0,132.0,0.1302,0.0042,0.0,0.2632,-0.069,0.0135,0.2726,0.0,0.0,0.0,0.274999998509884,up,2026-08-19T09:33:30,0.0,0.0
SPXW,2026-09-08,18,Put,8300.0,SPXW260908P08300000,605.0,627.9,616.45,0.0,0.0,0.0,0.0,0.0,0.1508,-0.9956,0.0001,0.2632,-0.069,-3.6163,616.7539,0.0,0.0,0.0,635.649993896484,no_change,,0.0,0.0
SPXW,2026-09-08,18,Call,8325.0,SPXW260908C08325000,0.2,0.35,0.275,0.0,0.0,0.0,0.0,0.0,0.1347,0.0038,0.0,0.2428,-0.0653,0.0123,0.2539,0.0,0.0,0.0,0.250000007450581,no_change,,0.0,0.0
SPXW,2026-09-08,18,Put,8325.0,SPXW260908P08325000,628.9,652.6,640.75,0.0,0.0,0.0,0.0,0.0,0.1547,-0.996,0.0,0.2429,-0.0653,-3.6284,641.6875,0.0,0.0,0.0,661.0,no_change,,0.0,0.0
SPXW,2026-09-08,18,Call,8400.0,SPXW260908C08400000,0.15,0.3,0.22499999999999998,0.57,0.0,0.0,0.0,112.0,0.1449,0.003,0.0,0.1931,-0.0559,0.0096,0.208,0.0,0.0,0.0,0.225000008940697,up,2026-08-17T09:30:03,0.0,0.0
SPXW,2026-09-08,18,Put,8400.0,SPXW260908P08400000,703.7,724.4,714.05,0.0,0.0,0.0,0.0,0.0,0.1682,-0.9968,0.0,0.1932,-0.0559,-3.664,716.4983,0.0,0.0,0.0,735.899993896484,no_change,,0.0,0.0
SPXW,2026-09-08,18,Call,8500.0,SPXW260908C08500000,0.1,0.25,0.175,0.62,0.0,0.0,0.0,3.0,0.1601,0.0022,0.0,0.1456,-0.0459,0.007,0.1624,0.0,0.0,0.0,0.175000000745058,no_change,2026-08-12T10:15:29,0.0,0.0
SPXW,2026-09-08,18,Put,8500.0,SPXW260908P08500000,803.5,827.3,815.4,0.0,0.0,0.0,0.0,0.0,0.1874,-0.9976,0.0,0.1457,-0.0459,-3.7102,816.2617,0.0,0.0,0.0,835.5,no_change,,0.0,0.0
SPXW,2026-09-08,18,Call,8600.0,SPXW260908C08600000,0.05,0.25,0.15,2.5,0.0,0.0,0.0,2.0,0.1743,0.0017,0.0,0.1118,-0.038,0.0053,0.1288,0.0,0.0,0.0,0.125000001862645,up,2026-08-05T09:54:33,0.0,0.0
SPXW,2026-09-08,18,Put,8600.0,SPXW260908P08600000,903.3,924.0,913.65,0.0,0.0,0.0,0.0,0.0,0.206,-0.9982,0.0,0.1119,-0.038,-3.7557,916.037,0.0,0.0,0.0,935.5,no_change,,0.0,0.0
SPXW,2026-09-08,18,Call,8800.0,SPXW260908C08800000,0.05,0.2,0.125,0.1,0.0,-3.35276e-06,3.0,26.0,0.1994,0.001,0.0,0.0684,-0.0264,0.0031,0.0828,0.1,0.1,0.1,0.100000003352761,no_change,2026-08-21T14:22:03,0.0,0.0
SPXW,2026-09-08,18,Put,8800.0,SPXW260908P08800000,1102.9,1122.5,1112.7,0.0,0.0,0.0,0.0,0.0,0.2419,-0.9989,0.0,0.0685,-0.0264,-3.8453,1115.6088,0.0,0.0,0.0,1135.20001220703,no_change,,0.0,0.0
SPXW,2026-09-08,18,Call,9000.0,SPXW260908C09000000,0.0,0.15,0.075,0.0,0.0,0.0,0.0,0.0,0.2293,0.0006,0.0,0.0431,-0.0184,0.0019,0.0539,0.0,0.0,0.0,0.0750000029802322,no_change,,0.0,0.0
SPXW,2026-09-08,18,Put,9000.0,SPXW260908P09000000,1302.5,1323.2,1312.85,0.0,0.0,0.0,0.0,0.0,0.2762,-0.9993,0.0,0.0431,-0.0184,-3.934,1315.1978,0.0,0.0,0.0,1334.79998779297,no_change,,0.0,0.0
SPXW,2026-09-08,18,Call,9200.0,SPXW260908C09200000,0.0,0.15,0.075,0.15,0.0,0.0,0.0,6.0,0.2526,0.0004,0.0,0.0276,-0.0127,0.0012,0.0353,0.0,0.0,0.0,0.0500000007450581,down,2026-08-06T15:36:51,0.0,0.0
SPXW,2026-09-08,18,Put,9200.0,SPXW260908P09200000,1502.1,1522.8,1512.4499999999998,0.0,0.0,0.0,0.0,0.0,0.3091,-0.9995,0.0,0.0276,-0.0127,-4.0221,1514.797,0.0,0.0,0.0,1534.34997558594,no_change,,0.0,0.0
SPXW,2026-09-08,18,Call,9400.0,SPXW260908C09400000,0.0,0.1,0.05,0.15,0.0,0.0,0.0,1.0,0.2802,0.0002,0.0,0.0178,-0.0088,0.0007,0.0231,0.0,0.0,0.0,0.0500000007450581,down,2026-08-06T15:49:53,0.0,0.0
SPXW,2026-09-08,18,Put,9400.0,SPXW260908P09400000,1701.8,1722.1,1711.9499999999998,0.0,0.0,0.0,0.0,0.0,0.3408,-0.9996,0.0,0.0178,-0.0088,-4.11,1714.4026,0.0,0.0,0.0,1734.0,no_change,,0.0,0.0
SPXW,2026-09-08,18,Call,9600.0,SPXW260908C09600000,0.0,0.1,0.05,0.1,0.0,0.0,0.0,2.0,0.3069,0.0001,0.0,0.0116,-0.006,0.0005,0.0151,0.0,0.0,0.0,0.0500000007450581,down,2026-08-05T12:42:39,0.0,0.0
SPXW,2026-09-08,18,Put,9600.0,SPXW260908P09600000,1901.4,1925.2,1913.3000000000002,0.0,0.0,0.0,0.0,0.0,0.3763,-0.9997,0.0,0.0116,-0.006,-4.1977,1914.0124,0.0,0.0,0.0,1933.60003662109,no_change,,0.0,0.0
SPXW,2026-09-08,18,Call,9800.0,SPXW260908C09800000,0.0,0.1,0.05,0.0,0.0,0.0,0.0,0.0,0.3329,0.0001,0.0,0.0075,-0.0041,0.0003,0.0098,0.0,0.0,0.0,0.0500000007450581,no_change,,0.0,0.0
SPXW,2026-09-08,18,Put,9800.0,SPXW260908P09800000,2101.0,2121.7,2111.35,0.0,0.0,0.0,0.0,0.0,0.4061,-0.9998,0.0,0.0075,-0.0041,-4.2853,2113.625,0.0,0.0,0.0,2133.05004882812,no_change,,0.0,0.0
SPXW,2026-09-08,18,Call,10000.0,SPXW260908C10000000,0.0,0.1,0.05,0.0,0.0,0.0,0.0,0.0,0.3582,0.0001,0.0,0.0049,-0.0028,0.0002,0.0063,0.0,0.0,0.0,0.0500000007450581,no_change,,0.0,0.0
SPXW,2026-09-08,18,Put,10000.0,SPXW260908P10000000,2301.4,2324.6,2313.0,0.0,0.0,0.0,0.0,0.0,0.4349,-0.9998,0.0,0.0049,-0.0028,-4.3729,2313.2394,0.0,0.0,0.0,2332.44995117188,no_change,,0.0,0.0
SPXW,2026-09-09,19,Call,3200.0,SPXW260909C03200000,4463.5,4486.2,4474.85,0.0,0.0,0.0,0.0,0.0,1.1119,0.9997,0.0,0.0124,-0.0308,1.4867,4474.0116,0.0,0.0,0.0,4453.19995117188,no_change,,0.0,0.0
SPXW,2026-09-09,19,Put,3200.0,SPXW260909P03200000,0.0,0.1,0.05,0.0,0.0,0.0,0.0,0.0,1.0807,-0.0002,0.0,0.0124,-0.0308,-0.0007,0.0891,0.0,0.0,0.0,0.025000000372529,no_change,,0.0,0.0
SPXW,2026-09-09,19,Call,3400.0,SPXW260909C03400000,4264.5,4287.8,4276.15,0.0,0.0,0.0,0.0,0.0,1.0321,0.9996,0.0,0.0137,-0.0317,1.5796,4274.4211,0.0,0.0,0.0,4254.35009765625,no_change,,0.0,0.0
SPXW,2026-09-09,19,Put,3400.0,SPXW260909P03400000,0.0,0.1,0.05,0.0,0.0,0.0,0.0,0.0,1.0084,-0.0002,0.0,0.0137,-0.0317,-0.0007,0.0925,0.0,0.0,0.0,0.0500000007450581,no_change,,0.0,0.0
SPXW,2026-09-09,19,Call,3600.0,SPXW260909C03600000,4067.3,4088.2,4077.75,4141.88,0.0,0.0,0.0,0.0,0.9569,0.9996,0.0,0.0152,-0.0329,1.6724,4074.8313,0.0,0.0,0.0,4054.19995117188,up,2026-08-05T13:23:43,0.0,0.0
SPXW,2026-09-09,19,Put,3600.0,SPXW260909P03600000,0.0,0.1,0.05,0.1,0.0,0.0,0.0,4.0,0.9403,-0.0002,0.0,0.0152,-0.0329,-0.0008,0.0967,0.0,0.0,0.0,0.0500000007450581,no_change,2026-08-12T10:45:11,0.0,0.0
SPXW,2026-09-09,19,Call,3800.0,SPXW260909C03800000,3867.7,3888.6,3878.1499999999996,0.0,0.0,0.0,0.0,0.0,0.8857,0.9996,0.0,0.0169,-0.0342,1.7652,3875.2424,0.0,0.0,0.0,3855.14990234375,no_change,,0.0,0.0
SPXW,2026-09-09,19,Put,3800.0,SPXW260909P03800000,0.0,0.1,0.05,0.0,0.0,0.0,0.0,0.0,0.8759,-0.0003,0.0,0.0169,-0.0342,-0.0009,0.1018,0.0,0.0,0.0,0.0500000007450581,no_change,,0.0,0.0
SPXW,2026-09-09,19,Call,4000.0,SPXW260909C04000000,3668.1,3689.0,3678.55,0.0,0.0,0.0,0.0,0.0,0.8181,0.9996,0.0,0.019,-0.0359,1.8579,3675.6546,0.0,0.0,0.0,3655.09997558594,no_change,,0.0,0.0
SPXW,2026-09-09,19,Put,4000.0,SPXW260909P04000000,0.0,0.1,0.05,0.15,0.0,0.0,0.0,11.0,0.8368,-0.0003,0.0,0.019,-0.0359,-0.001,0.1079,0.0,0.0,0.0,0.0500000007450581,down,2026-08-10T10:17:29,0.0,0.0
SPXW,2026-09-09,19,Call,4200.0,SPXW260909C04200000,3465.5,3489.4,3477.45,0.0,0.0,0.0,0.0,0.0,0.7536,0.9995,0.0,0.0216,-0.038,1.9507,3476.0683,0.0,0.0,0.0,3455.80004882812,no_change,,0.0,0.0
SPXW,2026-09-09,19,Put,4200.0,SPXW260909P04200000,0.0,0.1,0.05,0.0,0.0,0.0,0.0,0.0,0.777,-0.0003,0.0,0.0216,-0.038,-0.0012,0.1156,0.0,0.0,0.0,0.0750000029802322,no_change,,0.0,0.0
SPXW,2026-09-09,19,Call,4400.0,SPXW260909C04400000,3265.9,3288.4,3277.15,0.0,0.0,0.0,0.0,0.0,0.692,0.9995,0.0,0.0248,-0.0406,2.0434,3276.4841,0.0,0.0,0.0,3255.90002441406,no_change,,0.0,0.0
SPXW,2026-09-09,19,Put,4400.0,SPXW260909P04400000,0.0,0.15,0.075,0.1,0.025,33.3333,7.0,1.0,0.7199,-0.0004,0.0,0.0248,-0.0406,-0.0014,0.1254,0.05,0.1,0.05,0.0750000029802322,no_change,2026-08-21T16:03:17,0.0,0.0
SPXW,2026-09-09,19,Call,4600.0,SPXW260909C04600000,3066.3,3088.7,3077.5,0.0,0.0,0.0,0.0,0.0,0.6329,0.9994,0.0,0.029,-0.0442,2.1361,3076.9034,0.0,0.0,0.0,3056.40002441406,no_change,,0.0,0.0
SPXW,2026-09-09,19,Put,4600.0,SPXW260909P04600000,0.05,0.15,0.1,0.1,0.0,0.0,0.0,7.0,0.6788,-0.0005,0.0,0.029,-0.0442,-0.0016,0.1387,0.0,0.0,0.0,0.125000001862645,no_change,2026-08-20T09:52:33,0.0,0.0
SPXW,2026-09-09,19,Call,4800.0,SPXW260909C04800000,2866.7,2889.4,2878.05,0.0,0.0,0.0,0.0,0.0,0.576,0.9993,0.0,0.0347,-0.0492,2.2286,2877.3284,0.0,0.0,0.0,2856.90002441406,no_change,,0.0,0.0
SPXW,2026-09-09,19,Put,4800.0,SPXW260909P04800000,0.05,0.2,0.125,0.15,-0.025,-14.2857,1.0,35.0,0.6444,-0.0006,0.0,0.0347,-0.0492,-0.0019,0.1577,0.15,0.15,0.15,0.175000000745058,no_change,2026-08-21T11:45:38,0.0,0.0
SPXW,2026-09-09,19,Call,5000.0,SPXW260909C05000000,2667.2,2691.1,2679.1499999999996,0.0,0.0,0.0,0.0,0.0,0.583,0.9992,0.0,0.0426,-0.0564,2.3211,2677.7625,0.0,0.0,0.0,2657.59997558594,no_change,,0.0,0.0
SPXW,2026-09-09,19,Put,5000.0,SPXW260909P05000000,0.1,0.25,0.175,0.2,-0.025,-11.1111,1.0,109.0,0.605,-0.0007,0.0,0.0427,-0.0564,-0.0024,0.1858,0.2,0.2,0.2,0.225000008940697,up,2026-08-21T15:36:31,0.0,0.0
SPXW,2026-09-09,19,Call,5200.0,SPXW260909C05200000,2468.7,2491.5,2480.1,0.0,0.0,0.0,0.0,0.0,0.5307,0.999,0.0,0.0546,-0.0671,2.4132,2478.211,0.0,0.0,0.0,2458.0,no_change,,0.0,0.0
SPXW,2026-09-09,19,Put,5200.0,SPXW260909P05200000,0.15,0.3,0.22499999999999998,0.25,-0.075,-23.0769,127.0,204.0,0.5632,-0.0009,0.0,0.0546,-0.0671,-0.0031,0.2283,0.25,0.25,0.25,0.325000002980232,no_change,2026-08-21T15:45:12,0.0,0.0
SPXW,2026-09-09,19,Call,5400.0,SPXW260909C05400000,2269.0,2292.0,2280.5,0.0,0.0,0.0,0.0,0.0,0.5052,0.9987,0.0,0.0719,-0.0827,2.505,2278.6815,0.0,0.0,0.0,2258.60009765625,no_change,,0.0,0.0
SPXW,2026-09-09,19,Put,5400.0,SPXW260909P05400000,0.25,0.35,0.3,0.33,-0.095,-22.3529,901.0,13.0,0.5238,-0.0012,0.0,0.072,-0.0827,-0.0042,0.2927,0.35,0.35,0.33,0.424999997019768,no_change,2026-08-21T16:02:48,0.0,0.0
SPXW,2026-09-09,19,Call,5600.0,SPXW260909C05600000,2068.5,2092.5,2080.5,0.0,0.0,0.0,0.0,0.0,0.4554,0.9982,0.0,0.0979,-0.1047,2.5963,2079.1831,0.0,0.0,0.0,2059.30004882812,no_change,,0.0,0.0
SPXW,2026-09-09,19,Put,5600.0,SPXW260909P05600000,0.35,0.45,0.4,0.4,-0.2,-33.3333,25.0,101.0,0.485,-0.0017,0.0,0.0979,-0.1047,-0.0059,0.3884,0.4,0.4,0.4,0.599999994039536,no_change,2026-08-21T16:09:07,0.0,0.0
SPXW,2026-09-09,19,Call,5800.0,SPXW260909C05800000,1869.0,1892.8,1880.9,0.0,0.0,0.0,0.0,0.0,0.4216,0.9975,0.0,0.1352,-0.1346,2.6867,1879.7276,0.0,0.0,0.0,1860.54998779297,no_change,,0.0,0.0
SPXW,2026-09-09,19,Put,5800.0,SPXW260909P05800000,0.45,0.6,0.525,0.82,0.0,0.0,0.0,738.0,0.4439,-0.0024,0.0,0.1353,-0.1346,-0.0084,0.5269,0.0,0.0,0.0,0.824999988079071,no_change,2026-08-20T16:13:39,0.0,0.0
SPXW,2026-09-09,19,Call,6000.0,SPXW260909C06000000,1669.6,1691.6,1680.6,0.0,0.0,0.0,0.0,0.0,0.3923,0.9964,0.0,0.1891,-0.1736,2.7758,1680.3282,0.0,0.0,0.0,1660.75,no_change,,0.0,0.0
SPXW,2026-09-09,19,Put,6000.0,SPXW260909P06000000,0.65,0.75,0.7,0.75,-0.375,-33.3333,81.0,267.0,0.406,-0.0034,0.0,0.1892,-0.1737,-0.0121,0.7216,0.8,0.8,0.75,1.125,down,2026-08-21T12:11:39,0.0,0.0
SPXW,2026-09-09,19,Call,6100.0,SPXW260909C06100000,1569.9,1592.8,1581.35,0.0,0.0,0.0,0.0,0.0,0.3748,0.9957,0.0,0.2235,-0.1969,2.8198,1580.6545,0.0,0.0,0.0,1561.0,no_change,,0.0,0.0
SPXW,2026-09-09,19,Put,6100.0,SPXW260909P06100000,0.75,0.85,0.8,0.8,-0.525,-39.6226,13.0,116.0,0.3878,-0.0041,0.0,0.2236,-0.197,-0.0146,0.8449,0.8,0.8,0.8,1.32499998807907,down,2026-08-21T16:00:09,0.0,0.0
SPXW,2026-09-09,19,Call,6200.0,SPXW260909C06200000,1470.3,1494.1,1482.1999999999998,0.0,0.0,0.0,0.0,0.0,0.3561,0.9949,0.0,0.2651,-0.2228,2.8633,1481.001,0.0,0.0,0.0,1461.54998779297,no_change,,0.0,0.0
SPXW,2026-09-09,19,Put,6200.0,SPXW260909P06200000,0.85,1.0,0.925,0.92,-0.63,-40.6452,25.0,1333.0,0.3686,-0.005,0.0,0.2652,-0.2229,-0.0176,0.9885,0.92,0.92,0.92,1.55000001192093,no_change,2026-08-21T16:14:36,0.0,0.0
SPXW,2026-09-09,19,Call,6300.0,SPXW260909C06300000,1374.8,1394.5,1384.65,0.0,0.0,0.0,0.0,0.0,0.341,0.9938,0.0,0.314,-0.2516,2.906,1381.3714,0.0,0.0,0.0,1361.95001220703,no_change,,0.0,0.0
SPXW,2026-09-09,19,Put,6300.0,SPXW260909P06300000,1.05,1.15,1.1,1.32,-0.505,-27.6712,4.0,192.0,0.3494,-0.006,0.0,0.3141,-0.2516,-0.0213,1.1559,1.32,1.32,1.32,1.82499998807907,down,2026-08-21T10:15:04,0.0,0.0
SPXW,2026-09-09,19,Call,6400.0,SPXW260909C06400000,1271.0,1294.8,1282.9,0.0,0.0,0.0,0.0,0.0,0.3203,0.9926,0.0,0.3722,-0.2833,2.948,1281.7694,0.0,0.0,0.0,1262.55004882812,no_change,,0.0,0.0
SPXW,2026-09-09,19,Put,6400.0,SPXW260909P06400000,1.2,1.35,1.275,1.6,-0.575,-26.4368,40.0,143.0,0.3308,-0.0073,0.0,0.3724,-0.2834,-0.0258,1.3511,1.5,1.6,1.5,2.17499995231628,up,2026-08-21T10:14:10,0.0,0.0
SPXW,2026-09-09,19,Call,6500.0,SPXW260909C06500000,1175.1,1195.2,1185.15,0.0,0.0,0.0,0.0,0.0,0.3051,0.991,0.0,0.4432,-0.3185,2.9888,1182.2011,0.0,0.0,0.0,1163.09997558594,no_change,,0.0,0.0
SPXW,2026-09-09,19,Put,6500.0,SPXW260909P06500000,1.45,1.55,1.5,1.55,-1.025,-39.8058,12.0,357.0,0.311,-0.0089,0.0,0.4434,-0.3186,-0.0313,1.5798,1.85,1.85,1.55,2.57500004768372,down,2026-08-21T15:59:55,0.0,0.0
SPXW,2026-09-09,19,Call,6600.0,SPXW260909C06600000,1071.8,1095.7,1083.75,0.0,0.0,0.0,0.0,0.0,0.2852,0.989,0.0001,0.5284,-0.3579,3.0283,1082.6771,0.0,0.0,0.0,1063.79998779297,no_change,,0.0,0.0
SPXW,2026-09-09,19,Put,6600.0,SPXW260909P06600000,1.75,1.85,1.8,1.8,-1.3,-41.9355,73.0,138.0,0.2924,-0.0108,0.0001,0.5286,-0.358,-0.0384,1.8529,2.12,2.25,1.8,3.10000002384186,no_change,2026-08-21T15:58:46,0.0,0.0
SPXW,2026-09-09,19,Call,6625.0,SPXW260909C06625000,1050.3,1070.8,1060.55,0.0,0.0,0.0,0.0,0.0,0.2823,0.9885,0.0001,0.5527,-0.3686,3.0379,1057.8046,0.0,0.0,0.0,1039.40002441406,no_change,,0.0,0.0
SPXW,2026-09-09,19,Put,6625.0,SPXW260909P06625000,1.8,1.95,1.875,2.34,-0.86,-26.875,6.0,0.0,0.288,-0.0114,0.0001,0.553,-0.3687,-0.0404,1.9298,2.34,2.34,2.34,3.19999992847443,down,2026-08-21T10:15:04,0.0,0.0
SPXW,2026-09-09,19,Call,6650.0,SPXW260909C06650000,1022.1,1046.0,1034.05,0.0,0.0,0.0,0.0,0.0,0.277,0.9878,0.0001,0.5785,-0.3796,3.0474,1032.9362,0.0,0.0,0.0,1014.19998168945,no_change,,0.0,0.0
SPXW,2026-09-09,19,Put,6650.0,SPXW260909P06650000,1.85,2.0,1.925,1.93,-1.47,-43.2353,16.0,90.0,0.2825,-0.012,0.0001,0.5788,-0.3797,-0.0425,2.0107,2.1,2.1,1.93,3.39999997615814,no_change,2026-08-21T16:05:18,0.0,0.0
SPXW,2026-09-09,19,Call,6675.0,SPXW260909C06675000,1001.6,1021.1,1011.35,0.0,0.0,0.0,0.0,0.0,0.2717,0.9872,0.0001,0.6061,-0.3911,3.0567,1008.0722,0.0,0.0,0.0,989.399993896484,no_change,,0.0,0.0
SPXW,2026-09-09,19,Put,6675.0,SPXW260909P06675000,1.95,2.1,2.025,4.4,0.0,0.0,0.0,3.0,0.2779,-0.0127,0.0001,0.6064,-0.3912,-0.0448,2.096,0.0,0.0,0.0,3.5,down,2026-08-12T11:29:37,0.0,0.0
SPXW,2026-09-09,19,Call,6700.0,SPXW260909C06700000,976.8,996.3,986.55,0.0,0.0,0.0,0.0,0.0,0.2682,0.9865,0.0001,0.6353,-0.403,3.0658,983.2133,0.0,0.0,0.0,964.600006103516,no_change,,0.0,0.0
SPXW,2026-09-09,19,Put,6700.0,SPXW260909P06700000,2.05,2.2,2.125,2.4,-1.3,-35.1351,5.0,3.0,0.2732,-0.0134,0.0001,0.6357,-0.4031,-0.0473,2.1864,2.4,2.4,2.4,3.69999992847443,down,2026-08-21T12:13:34,0.0,0.0
SPXW,2026-09-09,19,Call,6725.0,SPXW260909C06725000,951.9,971.4,961.65,0.0,0.0,0.0,0.0,0.0,0.2628,0.9858,0.0001,0.6664,-0.4154,3.0748,958.36,0.0,0.0,0.0,940.0,no_change,,0.0,0.0
SPXW,2026-09-09,19,Put,6725.0,SPXW260909P06725000,2.15,2.3,2.2249999999999996,3.11,0.0,0.0,0.0,48.0,0.2684,-0.0141,0.0001,0.6667,-0.4155,-0.05,2.2824,0.0,0.0,0.0,3.89999997615814,no_change,2026-08-19T09:43:41,0.0,0.0
SPXW,2026-09-09,19,Call,6750.0,SPXW260909C06750000,927.1,946.6,936.85,0.0,0.0,0.0,0.0,0.0,0.259,0.985,0.0001,0.6992,-0.4284,3.0835,933.5131,0.0,0.0,0.0,915.100006103516,no_change,,0.0,0.0
SPXW,2026-09-09,19,Put,6750.0,SPXW260909P06750000,2.25,2.4,2.325,2.35,-1.75,-42.6829,6.0,15.0,0.2639,-0.0149,0.0001,0.6995,-0.4286,-0.0529,2.3848,2.75,2.75,2.35,4.09999990463257,no_change,2026-08-21T16:05:18,0.0,0.0
SPXW,2026-09-09,19,Call,6775.0,SPXW260909C06775000,897.8,921.7,909.75,0.0,0.0,0.0,0.0,0.0,0.255,0.9841,0.0001,0.7339,-0.4421,3.092,908.6733,0.0,0.0,0.0,890.799987792969,no_change,,0.0,0.0
SPXW,2026-09-09,19,Put,6775.0,SPXW260909P06775000,2.4,2.55,2.4749999999999996,3.5,0.0,0.0,0.0,5.0,0.2592,-0.0158,0.0001,0.7343,-0.4422,-0.056,2.4943,0.0,0.0,0.0,4.29999995231628,down,2026-08-17T11:02:53,0.0,0.0
SPXW,2026-09-09,19,Call,6800.0,SPXW260909C06800000,873.0,896.9,884.95,0.0,0.0,0.0,0.0,0.0,0.2492,0.9832,0.0001,0.771,-0.4565,3.1002,883.8415,0.0,0.0,0.0,865.699981689453,no_change,,0.0,0.0
SPXW,2026-09-09,19,Put,6800.0,SPXW260909P06800000,2.5,2.65,2.575,2.5,-2.0,-44.4444,1.0,16.0,0.2541,-0.0167,0.0001,0.7711,-0.4565,-0.0593,2.6111,2.5,2.5,2.5,4.5,down,2026-08-21T16:00:52,0.0,0.0
SPXW,2026-09-09,19,Call,6825.0,SPXW260909C06825000,848.2,872.1,860.1500000000001,0.0,0.0,0.0,0.0,0.0,0.2449,0.9821,0.0001,0.8108,-0.4716,3.1083,859.0188,0.0,0.0,0.0,840.950012207031,no_change,,0.0,0.0
SPXW,2026-09-09,19,Put,6825.0,SPXW260909P06825000,2.65,2.8,2.7249999999999996,2.7,-2.0,-42.5532,1.0,17.0,0.2495,-0.0177,0.0001,0.8112,-0.4718,-0.0629,2.7385,2.7,2.7,2.7,4.70000004768372,down,2026-08-21T15:59:56,0.0,0.0
SPXW,2026-09-09,19,Call,6850.0,SPXW260909C06850000,828.0,847.3,837.65,0.0,0.0,0.0,0.0,0.0,0.2405,0.981,0.0001,0.8539,-0.4878,3.116,834.2062,0.0,0.0,0.0,816.25,no_change,,0.0,0.0
SPXW,2026-09-09,19,Put,6850.0,SPXW260909P06850000,2.8,2.95,2.875,4.8,0.0,0.0,0.0,18.0,0.2448,-0.0188,0.0001,0.8539,-0.4878,-0.0667,2.8737,0.0,0.0,0.0,5.0,up,2026-08-20T11:50:47,0.0,0.0
SPXW,2026-09-09,19,Call,6875.0,SPXW260909C06875000,803.3,822.5,812.9,0.0,0.0,0.0,0.0,0.0,0.2358,0.9798,0.0001,0.9006,-0.5049,3.1234,809.4053,0.0,0.0,0.0,791.549987792969,no_change,,0.0,0.0
SPXW,2026-09-09,19,Put,6875.0,SPXW260909P06875000,2.95,3.1,3.0250000000000004,5.4,0.0,0.0,0.0,37.0,0.2403,-0.02,0.0001,0.9007,-0.5049,-0.071,3.0221,0.0,0.0,0.0,5.25,no_change,2026-08-18T13:53:10,0.0,0.0
SPXW,2026-09-09,19,Call,6900.0,SPXW260909C06900000,777.7,797.7,787.7,0.0,0.0,0.0,0.0,0.0,0.2311,0.9785,0.0001,0.9513,-0.5231,3.1302,784.6178,0.0,0.0,0.0,766.899993896484,no_change,,0.0,0.0
SPXW,2026-09-09,19,Put,6900.0,SPXW260909P06900000,3.1,3.3,3.2,3.2,-2.35,-42.3423,1.0,110.0,0.2356,-0.0214,0.0001,0.9514,-0.5232,-0.0758,3.184,3.2,3.2,3.2,5.54999995231628,down,2026-08-21T15:55:46,0.0,0.0
SPXW,2026-09-09,19,Call,6925.0,SPXW260909C06925000,749.0,772.2,760.6,0.0,0.0,0.0,0.0,0.0,0.2273,0.977,0.0001,1.006,-0.5427,3.1366,759.8461,0.0,0.0,0.0,742.899993896484,no_change,,0.0,0.0
SPXW,2026-09-09,19,Put,6925.0,SPXW260909P06925000,3.3,3.5,3.4,4.33,-1.57,-26.6102,2.0,119.0,0.231,-0.0228,0.0001,1.006,-0.5428,-0.081,3.3615,4.33,4.33,4.33,5.90000009536743,down,2026-08-21T10:15:04,0.0,0.0
SPXW,2026-09-09,19,Call,6950.0,SPXW260909C06950000,728.5,748.2,738.35,0.0,0.0,0.0,0.0,0.0,0.2222,0.9754,0.0001,1.0648,-0.5638,3.1424,735.0926,0.0,0.0,0.0,717.649993896484,no_change,,0.0,0.0
SPXW,2026-09-09,19,Put,6950.0,SPXW260909P06950000,3.5,3.7,3.6,4.2,-2.05,-32.8,4.0,109.0,0.2262,-0.0244,0.0001,1.0648,-0.5639,-0.0868,3.5572,4.6,4.6,4.2,6.25,down,2026-08-21T11:06:33,0.0,0.0
SPXW,2026-09-09,19,Call,6975.0,SPXW260909C06975000,700.3,723.5,711.9,0.0,0.0,0.0,0.0,0.0,0.218,0.9737,0.0002,1.1285,-0.5867,3.1477,710.3599,0.0,0.0,0.0,693.149993896484,no_change,,0.0,0.0
SPXW,2026-09-09,19,Put,6975.0,SPXW260909P06975000,3.7,3.9,3.8,5.32,0.0,0.0,0.0,35.0,0.2213,-0.0262,0.0002,1.1285,-0.5867,-0.0932,3.7738,0.0,0.0,0.0,6.65000009536743,no_change,2026-08-17T12:02:29,0.0,0.0
SPXW,2026-09-09,19,Call,7000.0,SPXW260909C07000000,679.1,698.8,688.95,708.22,0.0,0.0,0.0,6.0,0.2135,0.9717,0.0002,1.1983,-0.6113,3.1523,685.6511,0.0,0.0,0.0,668.700012207031,down,2026-08-20T09:46:42,0.0,0.0
SPXW,2026-09-09,19,Put,7000.0,SPXW260909P07000000,3.9,4.1,4.0,4.0,-3.05,-43.2624,4.0,63.0,0.2162,-0.0282,0.0002,1.1984,-0.6114,-0.1001,4.0143,4.0,4.0,4.0,7.04999995231628,no_change,2026-08-21T16:05:18,0.0,0.0
SPXW,2026-09-09,19,Call,7025.0,SPXW260909C07025000,654.5,674.1,664.3,0.0,0.0,0.0,0.0,0.0,0.2089,0.9695,0.0002,1.2755,-0.6382,3.1561,660.9699,0.0,0.0,0.0,644.200012207031,no_change,,0.0,0.0
SPXW,2026-09-09,19,Put,7025.0,SPXW260909P07025000,4.2,4.4,4.300000000000001,4.32,-3.23,-42.7815,15.0,513.0,0.2118,-0.0304,0.0002,1.2756,-0.6382,-0.1079,4.2823,5.6,5.6,4.32,7.54999995231628,down,2026-08-21T15:53:25,0.0,0.0
SPXW,2026-09-09,19,Call,7050.0,SPXW260909C07050000,629.1,649.4,639.25,659.07,0.0,0.0,0.0,6.0,0.204,0.967,0.0002,1.3604,-0.6673,3.1589,636.3208,0.0,0.0,0.0,619.799987792969,down,2026-08-20T09:46:42,0.0,0.0
SPXW,2026-09-09,19,Put,7050.0,SPXW260909P07050000,4.5,4.7,4.6,4.67,-3.38,-41.9876,7.0,433.0,0.2068,-0.0328,0.0002,1.3605,-0.6673,-0.1168,4.5824,5.85,5.85,4.67,8.04999995231628,down,2026-08-21T15:39:05,0.0,0.0
SPXW,2026-09-09,19,Call,7075.0,SPXW260909C07075000,605.3,624.8,615.05,0.0,0.0,0.0,0.0,0.0,0.1998,0.9643,0.0002,1.453,-0.6991,3.1605,611.7094,0.0,0.0,0.0,595.300018310547,no_change,,0.0,0.0
SPXW,2026-09-09,19,Put,7075.0,SPXW260909P07075000,4.8,5.0,4.9,6.4,-2.25,-26.0116,5.0,556.0,0.2023,-0.0356,0.0002,1.4531,-0.6991,-0.1268,4.9204,6.4,6.4,6.4,8.65000009536743,no_change,2026-08-21T09:52:25,0.0,0.0
SPXW,2026-09-09,19,Call,7100.0,SPXW260909C07100000,580.7,600.2,590.45,0.0,0.0,0.0,0.0,0.0,0.1952,0.9611,0.0002,1.5538,-0.7338,3.1609,587.142,0.0,0.0,0.0,571.0,no_change,,0.0,0.0
SPXW,2026-09-09,19,Put,7100.0,SPXW260909P07100000,5.1,5.4,5.25,5.32,-3.93,-42.4865,6.0,200.0,0.1976,-0.0387,0.0002,1.5538,-0.7338,-0.138,5.302,5.41,5.41,5.32,9.25,no_change,2026-08-21T16:05:18,0.0,0.0
SPXW,2026-09-09,19,Call,7125.0,SPXW260909C07125000,555.4,575.7,565.55,0.0,0.0,0.0,0.0,0.0,0.1911,0.9576,0.0003,1.6649,-0.7717,3.16,562.625,0.0,0.0,0.0,546.899993896484,no_change,,0.0,0.0
SPXW,2026-09-09,19,Put,7125.0,SPXW260909P07125000,5.5,5.8,5.65,9.8,0.0,0.0,0.0,99.0,0.1934,-0.0422,0.0003,1.6649,-0.7717,-0.1505,5.7341,0.0,0.0,0.0,9.9500002861023,no_change,2026-08-20T14:34:04,0.0,0.0
SPXW,2026-09-09,19,Call,7150.0,SPXW260909C07150000,531.6,551.2,541.4000000000001,0.0,0.0,0.0,0.0,0.0,0.1867,0.9537,0.0003,1.7886,-0.8131,3.1575,538.1657,0.0,0.0,0.0,522.600006103516,no_change,,0.0,0.0
SPXW,2026-09-09,19,Put,7150.0,SPXW260909P07150000,6.0,6.3,6.15,6.2,-4.55,-42.3256,7.0,40.0,0.1888,-0.0462,0.0003,1.7886,-0.8131,-0.1646,6.2242,7.0,7.0,6.2,10.75,no_change,2026-08-21T15:39:20,0.0,0.0
SPXW,2026-09-09,19,Call,7175.0,SPXW260909C07175000,507.4,526.8,517.0999999999999,521.52,23.07,4.62835,3.0,0.0,0.1825,0.9492,0.0003,1.9248,-0.8582,3.1528,513.7743,521.52,521.52,521.52,498.449996948242,no_change,2026-08-21T15:39:20,0.0,0.0
SPXW,2026-09-09,19,Put,7175.0,SPXW260909P07175000,6.5,6.8,6.65,6.75,-4.85,-41.8103,3.0,48.0,0.1848,-0.0507,0.0003,1.9248,-0.8582,-0.1809,6.782,6.75,6.75,6.75,11.5999999046326,no_change,2026-08-21T15:39:20,0.0,0.0
SPXW,2026-09-09,19,Call,7200.0,SPXW260909C07200000,478.5,501.8,490.15,497.27,22.72,4.78769,5.0,0.0,0.1786,0.944,0.0004,2.0727,-0.9073,3.1459,489.4622,495.73,497.27,495.73,474.550003051758,no_change,2026-08-21T15:39:20,0.0,0.0
SPXW,2026-09-09,19,Put,7200.0,SPXW260909P07200000,7.2,7.4,7.300000000000001,9.5,-3.05,-24.3028,4.0,203.0,0.1804,-0.0558,0.0004,2.0727,-0.9073,-0.1994,7.4191,9.5,9.5,9.5,12.5499997138977,down,2026-08-21T09:57:58,0.0,0.0
SPXW,2026-09-09,19,Call,7225.0,SPXW260909C07225000,458.7,478.2,468.45,0.0,0.0,0.0,0.0,0.0,0.1747,0.9382,0.0004,2.2349,-0.9606,3.1368,465.2409,0.0,0.0,0.0,450.649993896484,no_change,,0.0,0.0
SPXW,2026-09-09,19,Put,7225.0,SPXW260909P07225000,7.9,8.2,8.05,11.38,0.0,0.0,0.0,41.0,0.1761,-0.0616,0.0004,2.2349,-0.9606,-0.2201,8.147,0.0,0.0,0.0,13.6500000953674,up,2026-08-20T09:51:27,0.0,0.0
SPXW,2026-09-09,19,Call,7250.0,SPXW260909C07250000,434.7,454.1,444.4,474.4,0.0,0.0,0.0,1.0,0.1704,0.9316,0.0004,2.415,-1.0183,3.1248,441.1235,0.0,0.0,0.0,427.349990844727,up,2026-08-18T11:37:43,0.0,0.0
SPXW,2026-09-09,19,Put,7250.0,SPXW260909P07250000,8.7,9.0,8.85,10.1,-4.75,-31.9865,1.0,92.0,0.1721,-0.0682,0.0004,2.415,-1.0183,-0.2438,8.9789,10.1,10.1,10.1,14.8499999046326,down,2026-08-21T11:13:25,0.0,0.0
SPXW,2026-09-09,19,Call,7270.0,SPXW260909C07270000,415.5,434.9,425.2,0.0,0.0,0.0,0.0,0.0,0.1673,0.9257,0.0005,2.5709,-1.0676,3.1124,421.9164,0.0,0.0,0.0,0.0,no_change,,0.0,0.0
SPXW,2026-09-09,19,Put,7270.0,SPXW260909P07270000,9.4,9.7,9.55,0.0,0.0,0.0,0.0,0.0,0.1689,-0.0741,0.0005,2.5709,-1.0676,-0.2654,9.7312,0.0,0.0,0.0,0.0,no_change,,0.0,0.0
SPXW,2026-09-09,19,Call,7275.0,SPXW260909C07275000,410.7,430.0,420.35,0.0,0.0,0.0,0.0,0.0,0.1669,0.9241,0.0005,2.6113,-1.0804,3.109,417.128,0.0,0.0,0.0,402.949996948242,no_change,,0.0,0.0
SPXW,2026-09-09,19,Put,7275.0,SPXW260909P07275000,9.6,9.9,9.75,16.09,0.0,0.0,0.0,107.0,0.1681,-0.0757,0.0005,2.6113,-1.0804,-0.2712,9.9326,0.0,0.0,0.0,16.25,no_change,2026-08-20T15:59:59,0.0,0.0
SPXW,2026-09-09,19,Call,7280.0,SPXW260909C07280000,405.9,425.3,415.6,0.0,0.0,0.0,0.0,0.0,0.166,0.9225,0.0005,2.6522,-1.0934,3.1054,412.3452,0.0,0.0,0.0,0.0,no_change,,0.0,0.0
SPXW,2026-09-09,19,Put,7280.0,SPXW260909P07280000,9.8,10.1,9.95,9.92,9.92,0.0,1.0,0.0,0.1673,-0.0774,0.0005,2.6522,-1.0934,-0.2771,10.1398,9.92,9.92,9.92,0.0,up,2026-08-21T15:35:53,0.0,0.0
SPXW,2026-09-09,19,Call,7290.0,SPXW260909C07290000,396.3,415.8,406.05,0.0,0.0,0.0,0.0,0.0,0.1643,0.9191,0.0005,2.7359,-1.1199,3.0978,402.7974,0.0,0.0,0.0,0.0,no_change,,0.0,0.0
SPXW,2026-09-09,19,Put,7290.0,SPXW260909P07290000,10.3,10.6,10.45,11.27,11.27,0.0,10.0,0.0,0.1658,-0.0807,0.0005,2.7359,-1.1199,-0.2893,10.5716,11.27,11.27,11.27,0.0,no_change,2026-08-21T14:22:26,0.0,0.0
SPXW,2026-09-09,19,Call,7300.0,SPXW260909C07300000,382.2,404.2,393.2,0.0,0.0,0.0,0.0,0.0,0.1629,0.9156,0.0005,2.8226,-1.1471,3.0897,393.2739,0.0,0.0,0.0,379.5,no_change,,0.0,0.0
SPXW,2026-09-09,19,Put,7300.0,SPXW260909P07300000,10.7,11.0,10.85,10.85,-7.0,-39.2157,37.0,105.0,0.1642,-0.0843,0.0005,2.8226,-1.1471,-0.302,11.0278,17.92,17.92,10.72,17.8500003814697,up,2026-08-21T16:00:19,0.0,0.0
SPXW,2026-09-09,19,Call,7310.0,SPXW260909C07310000,377.3,396.7,387.0,0.0,0.0,0.0,0.0,0.0,0.1613,0.9118,0.0006,2.9128,-1.175,3.081,383.7761,0.0,0.0,0.0,0.0,no_change,,0.0,0.0
SPXW,2026-09-09,19,Put,7310.0,SPXW260909P07310000,11.2,11.5,11.35,0.0,0.0,0.0,0.0,0.0,0.1627,-0.088,0.0006,2.9128,-1.175,-0.3154,11.5097,0.0,0.0,0.0,0.0,no_change,,0.0,0.0
SPXW,2026-09-09,19,Call,7320.0,SPXW260909C07320000,363.3,385.4,374.35,0.0,0.0,0.0,0.0,0.0,0.1597,0.9079,0.0006,3.0066,-1.2036,3.0716,374.3055,0.0,0.0,0.0,360.949996948242,no_change,,0.0,0.0
SPXW,2026-09-09,19,Put,7320.0,SPXW260909P07320000,11.7,12.0,11.85,15.65,0.0,0.0,0.0,1.0,0.1611,-0.092,0.0006,3.0066,-1.2036,-0.3295,12.0188,0.0,0.0,0.0,19.1499996185303,up,2026-08-20T10:59:10,0.0,0.0
SPXW,2026-09-09,19,Call,7325.0,SPXW260909C07325000,358.5,381.4,369.95,0.0,0.0,0.0,0.0,0.0,0.159,0.9058,0.0006,3.0549,-1.2182,3.0665,369.581,0.0,0.0,0.0,356.349990844727,no_change,,0.0,0.0
SPXW,2026-09-09,19,Put,7325.0,SPXW260909P07325000,12.0,12.3,12.15,18.82,0.0,0.0,0.0,73.0,0.1603,-0.094,0.0006,3.0549,-1.2182,-0.3369,12.2841,0.0,0.0,0.0,19.5500001907349,up,2026-08-20T14:24:41,0.0,0.0
SPXW,2026-09-09,19,Call,7330.0,SPXW260909C07330000,358.6,377.7,368.15,0.0,0.0,0.0,0.0,0.0,0.1584,0.9037,0.0006,3.104,-1.2329,3.0612,364.864,0.0,0.0,0.0,351.75,no_change,,0.0,0.0
SPXW,2026-09-09,19,Put,7330.0,SPXW260909P07330000,12.2,12.5,12.35,12.91,-7.04,-35.2882,1.0,1.0,0.1596,-0.0961,0.0006,3.104,-1.2329,-0.3445,12.557,12.91,12.91,12.91,19.9499998092651,down,2026-08-21T11:36:28,0.0,0.0
SPXW,2026-09-09,19,Call,7340.0,SPXW260909C07340000,344.4,366.7,355.54999999999995,0.0,0.0,0.0,0.0,0.0,0.1569,0.8993,0.0006,3.2042,-1.2628,3.0498,355.4537,0.0,0.0,0.0,342.550003051758,no_change,,0.0,0.0
SPXW,2026-09-09,19,Put,7340.0,SPXW260909P07340000,12.8,13.1,12.95,0.0,0.0,0.0,0.0,0.0,0.1581,-0.1005,0.0006,3.2042,-1.2628,-0.3605,13.1264,0.0,0.0,0.0,20.75,no_change,,0.0,0.0
SPXW,2026-09-09,19,Call,7350.0,SPXW260909C07350000,344.3,349.9,347.1,452.15,0.0,0.0,0.0,2.0,0.1553,0.8947,0.0007,3.3066,-1.2934,3.0375,346.0769,0.0,0.0,0.0,333.399993896484,down,2026-08-17T10:14:03,0.0,0.0
SPXW,2026-09-09,19,Put,7350.0,SPXW260909P07350000,13.4,13.7,13.55,13.55,-8.0,-37.123,22.0,122.0,0.1566,-0.1051,0.0007,3.3066,-1.2934,-0.3775,13.7293,20.93,20.93,13.0,21.5500001907349,up,2026-08-21T16:00:19,0.0,0.0
SPXW,2026-09-09,19,Call,7360.0,SPXW260909C07360000,334.6,340.6,337.6,0.0,0.0,0.0,0.0,0.0,0.154,0.8899,0.0007,3.4112,-1.3246,3.0245,336.7353,0.0,0.0,0.0,324.25,no_change,,0.0,0.0
SPXW,2026-09-09,19,Put,7360.0,SPXW260909P07360000,14.0,14.3,14.15,17.68,0.0,0.0,0.0,22.0,0.1549,-0.11,0.0007,3.4112,-1.3246,-0.3952,14.3674,0.0,0.0,0.0,22.3500003814697,up,2026-08-20T09:45:22,0.0,0.0
SPXW,2026-09-09,19,Call,7370.0,SPXW260909C07370000,325.4,331.3,328.35,0.0,0.0,0.0,0.0,0.0,0.1525,0.8847,0.0007,3.5185,-1.3564,3.0107,327.431,0.0,0.0,0.0,315.199996948242,no_change,,0.0,0.0
SPXW,2026-09-09,19,Put,7370.0,SPXW260909P07370000,14.7,15.0,14.85,0.0,0.0,0.0,0.0,0.0,0.1535,-0.1151,0.0007,3.5185,-1.3564,-0.4136,15.0428,0.0,0.0,0.0,23.3000001907349,no_change,,0.0,0.0
SPXW,2026-09-09,19,Call,7375.0,SPXW260909C07375000,320.7,326.6,323.65,0.0,0.0,0.0,0.0,0.0,0.1518,0.8821,0.0007,3.5736,-1.3726,3.0035,322.7933,0.0,0.0,0.0,310.649993896484,no_change,,0.0,0.0
SPXW,2026-09-09,19,Put,7375.0,SPXW260909P07375000,15.1,15.4,15.25,15.01,-8.74,-36.8,1.0,268.0,0.1529,-0.1178,0.0007,3.5736,-1.3726,-0.4231,15.395,15.01,15.01,15.01,23.75,down,2026-08-21T15:59:02,0.0,0.0
SPXW,2026-09-09,19,Call,7380.0,SPXW260909C07380000,316.0,322.0,319.0,0.0,0.0,0.0,0.0,0.0,0.1512,0.8793,0.0008,3.6296,-1.3888,2.996,318.1657,0.0,0.0,0.0,306.149993896484,no_change,,0.0,0.0
SPXW,2026-09-09,19,Put,7380.0,SPXW260909P07380000,15.4,15.7,15.55,15.2,-9.05,-37.3196,2.0,1.0,0.1519,-0.1205,0.0008,3.6296,-1.3888,-0.4329,15.7572,15.2,15.2,15.2,24.25,no_change,2026-08-21T15:37:56,0.0,0.0
SPXW,2026-09-09,19,Call,7390.0,SPXW260909C07390000,306.8,312.7,309.75,0.0,0.0,0.0,0.0,0.0,0.1495,0.8736,0.0008,3.7447,-1.4217,2.9803,308.942,0.0,0.0,0.0,297.149993896484,no_change,,0.0,0.0
SPXW,2026-09-09,19,Put,7390.0,SPXW260909P07390000,16.2,16.5,16.35,21.16,0.0,0.0,0.0,5.0,0.1505,-0.1262,0.0008,3.7447,-1.4217,-0.4533,16.5132,0.0,0.0,0.0,25.25,up,2026-08-20T12:38:00,0.0,0.0
SPXW,2026-09-09,19,Call,7400.0,SPXW260909C07400000,297.6,303.5,300.55,305.46,17.21,5.97051,1.0,0.0,0.1482,0.8677,0.0008,3.8634,-1.4551,2.9632,299.7628,305.46,305.46,305.46,288.25,down,2026-08-21T15:34:19,0.0,0.0
SPXW,2026-09-09,19,Put,7400.0,SPXW260909P07400000,17.0,17.3,17.15,16.63,-9.62,-36.6476,5.0,482.0,0.149,-0.1322,0.0008,3.8634,-1.4551,-0.475,17.3137,21.03,21.03,16.63,26.25,down,2026-08-21T15:37:56,0.0,0.0
SPXW,2026-09-09,19,Call,7410.0,SPXW260909C07410000,288.5,294.3,291.4,0.0,0.0,0.0,0.0,0.0,0.1466,0.8614,0.0008,3.9844,-1.4888,2.9446,290.6316,0.0,0.0,0.0,279.400009155273,no_change,,0.0,0.0
SPXW,2026-09-09,19,Put,7410.0,SPXW260909P07410000,17.8,18.1,17.950000000000003,19.06,-8.29,-30.3108,1.0,1.0,0.1477,-0.1385,0.0008,3.9844,-1.4888,-0.4982,18.1622,19.06,19.06,19.06,27.3500003814697,down,2026-08-21T14:41:53,0.0,0.0
SPXW,2026-09-09,19,Call,7420.0,SPXW260909C07420000,279.4,285.2,282.29999999999995,0.0,0.0,0.0,0.0,0.0,0.1453,0.8547,0.0009,4.107,-1.5229,2.9249,281.5517,0.0,0.0,0.0,270.5,no_change,,0.0,0.0
SPXW,2026-09-09,19,Put,7420.0,SPXW260909P07420000,18.7,19.0,18.85,19.92,-8.63,-30.2277,11.0,0.0,0.1461,-0.1452,0.0009,4.107,-1.5229,-0.5226,19.0619,22.68,22.68,19.92,28.5500001907349,down,2026-08-21T14:41:53,0.0,0.0
SPXW,2026-09-09,19,Call,7425.0,SPXW260909C07425000,275.0,280.7,277.85,0.0,0.0,0.0,0.0,0.0,0.1444,0.8512,0.0009,4.1688,-1.5401,2.9147,277.0318,0.0,0.0,0.0,266.099990844727,no_change,,0.0,0.0
SPXW,2026-09-09,19,Put,7425.0,SPXW260909P07425000,19.2,19.5,19.35,20.25,-8.9,-30.5317,12.0,184.0,0.1453,-0.1486,0.0009,4.1688,-1.5401,-0.5352,19.5319,19.0,20.25,19.0,29.1499996185303,up,2026-08-21T13:23:07,0.0,0.0
SPXW,2026-09-09,19,Call,7430.0,SPXW260909C07430000,270.4,276.2,273.29999999999995,0.0,0.0,0.0,0.0,0.0,0.1437,0.8477,0.0009,4.2312,-1.5573,2.9042,272.5258,0.0,0.0,0.0,261.800003051758,no_change,,0.0,0.0
SPXW,2026-09-09,19,Put,7430.0,SPXW260909P07430000,19.6,20.0,19.8,20.37,-9.38,-31.5294,1.0,2.0,0.1446,-0.1522,0.0009,4.2312,-1.5573,-0.548,20.0157,20.37,20.37,20.37,29.75,down,2026-08-21T13:05:01,0.0,0.0
SPXW,2026-09-09,19,Call,7440.0,SPXW260909C07440000,261.6,267.2,264.4,269.04,15.99,6.31891,1.0,1.0,0.1424,0.8403,0.001,4.3583,-1.5919,2.8824,263.5566,269.04,269.04,269.04,253.050003051758,down,2026-08-21T15:34:19,0.0,0.0
SPXW,2026-09-09,19,Put,7440.0,SPXW260909P07440000,20.6,21.0,20.8,21.2,-9.85,-31.723,11.0,3.0,0.1431,-0.1595,0.001,4.3583,-1.5919,-0.5744,21.0263,20.3,21.2,20.3,31.0500001907349,up,2026-08-21T12:21:22,0.0,0.0
SPXW,2026-09-09,19,Call,7450.0,SPXW260909C07450000,252.7,258.2,255.45,358.21,0.0,0.0,0.0,12.0,0.141,0.8326,0.001,4.489,-1.6266,2.8592,254.6476,0.0,0.0,0.0,244.449996948242,up,2026-08-17T10:14:03,0.0,0.0
SPXW,2026-09-09,19,Put,7450.0,SPXW260909P07450000,21.7,22.0,21.85,22.75,-9.6,-29.6754,1.0,428.0,0.1417,-0.1673,0.001,4.489,-1.6266,-0.6022,22.097,22.75,22.75,22.75,32.3500003814697,down,2026-08-21T13:23:07,0.0,0.0
SPXW,2026-09-09,19,Call,7460.0,SPXW260909C07460000,243.7,249.4,246.55,0.0,0.0,0.0,0.0,0.0,0.1394,0.8244,0.001,4.6229,-1.6613,2.8341,245.8031,0.0,0.0,0.0,235.900001525879,no_change,,0.0,0.0
SPXW,2026-09-09,19,Put,7460.0,SPXW260909P07460000,22.8,23.2,23.0,30.27,0.0,0.0,0.0,11.0,0.1402,-0.1754,0.001,4.6229,-1.6613,-0.632,23.2322,0.0,0.0,0.0,33.7999992370606,up,2026-08-20T11:43:34,0.0,0.0
SPXW,2026-09-09,19,Call,7470.0,SPXW260909C07470000,234.9,240.5,237.7,367.52,0.0,0.0,0.0,2.0,0.1381,0.8158,0.0011,4.758,-1.6959,2.8071,237.0282,0.0,0.0,0.0,227.400001525879,up,2026-08-14T10:16:04,0.0,0.0
SPXW,2026-09-09,19,Put,7470.0,SPXW260909P07470000,24.0,24.4,24.2,31.57,0.0,0.0,0.0,14.0,0.1388,-0.184,0.0011,4.758,-1.6959,-0.6636,24.437,0.0,0.0,0.0,35.25,up,2026-08-20T11:43:34,0.0,0.0
SPXW,2026-09-09,19,Call,7475.0,SPXW260909C07475000,230.6,236.2,233.39999999999998,0.0,0.0,0.0,0.0,0.0,0.1373,0.8114,0.0011,4.8255,-1.7131,2.7931,232.6682,0.0,0.0,0.0,223.199996948242,no_change,,0.0,0.0
SPXW,2026-09-09,19,Put,7475.0,SPXW260909P07475000,24.6,25.0,24.8,24.06,-11.99,-33.2594,1.0,128.0,0.138,-0.1885,0.0011,4.8255,-1.7131,-0.68,25.0669,24.06,24.06,24.06,36.0500011444092,down,2026-08-21T11:56:49,0.0,0.0
SPXW,2026-09-09,19,Call,7480.0,SPXW260909C07480000,226.2,231.8,229.0,273.59,0.0,0.0,0.0,22.0,0.1367,0.8068,0.0011,4.893,-1.7303,2.7787,228.3273,0.0,0.0,0.0,219.0,down,2026-08-19T13:12:18,0.0,0.0
SPXW,2026-09-09,19,Put,7480.0,SPXW260909P07480000,25.3,25.6,25.450000000000003,24.8,0.0,0.0,0.0,3.0,0.1374,-0.193,0.0011,4.893,-1.7303,-0.6967,25.7157,0.0,0.0,0.0,36.8500003814697,down,2026-08-19T13:07:39,0.0,0.0
SPXW,2026-09-09,19,Call,7490.0,SPXW260909C07490000,217.7,223.2,220.45,0.0,0.0,0.0,0.0,0.0,0.1351,0.7973,0.0012,5.0282,-1.7643,2.7491,219.704,0.0,0.0,0.0,210.650001525879,no_change,,0.0,0.0
SPXW,2026-09-09,19,Put,7490.0,SPXW260909P07490000,26.6,27.0,26.8,27.65,-10.85,-28.1818,2.0,155.0,0.1359,-0.2025,0.0012,5.0282,-1.7643,-0.7309,27.0722,29.52,29.52,27.65,38.5,down,2026-08-21T13:25:42,0.0,0.0
SPXW,2026-09-09,19,Call,7495.0,SPXW260909C07495000,213.4,218.9,216.15,0.0,0.0,0.0,0.0,0.0,0.1346,0.7924,0.0012,5.0964,-1.7811,2.7337,215.4227,0.0,0.0,0.0,0.0,no_change,,0.0,0.0
SPXW,2026-09-09,19,Put,7495.0,SPXW260909P07495000,27.3,27.7,27.5,28.3,28.3,0.0,1.0,0.0,0.1352,-0.2074,0.0012,5.0964,-1.7811,-0.7486,27.7807,28.3,28.3,28.3,0.0,up,2026-08-21T13:25:42,0.0,0.0
SPXW,2026-09-09,19,Call,7500.0,SPXW260909C07500000,209.1,214.5,211.8,229.2,26.5,13.0735,1.0,15.0,0.1364,0.7874,0.0012,5.1651,-1.7977,2.7179,211.1623,229.2,229.2,229.2,202.699996948242,up,2026-08-21T11:56:49,0.0,0.0
SPXW,2026-09-09,19,Put,7500.0,SPXW260909P07500000,28.0,28.4,28.2,28.4,-11.8,-29.3532,7.0,350.0,0.1345,-0.2125,0.0012,5.1651,-1.7977,-0.7667,28.5102,32.68,33.37,27.05,40.2000007629394,up,2026-08-21T16:08:13,0.0,0.0
SPXW,2026-09-09,19,Call,7505.0,SPXW260909C07505000,204.8,210.3,207.55,0.0,0.0,0.0,0.0,0.0,0.1332,0.7822,0.0012,5.2344,-1.8142,2.7016,206.9236,0.0,0.0,0.0,0.0,no_change,,0.0,0.0
SPXW,2026-09-09,19,Put,7505.0,SPXW260909P07505000,28.8,29.2,29.0,30.63,30.63,0.0,1.0,0.0,0.1337,-0.2176,0.0012,5.2344,-1.8142,-0.7854,29.2613,30.63,30.63,30.63,0.0,up,2026-08-21T11:01:40,0.0,0.0
SPXW,2026-09-09,19,Call,7510.0,SPXW260909C07510000,200.6,206.0,203.3,324.54,0.0,0.0,0.0,1.0,0.1323,0.7769,0.0013,5.3041,-1.8305,2.6845,202.7074,0.0,0.0,0.0,194.550003051758,down,2026-08-14T10:22:17,0.0,0.0
SPXW,2026-09-09,19,Put,7510.0,SPXW260909P07510000,29.6,29.9,29.75,31.38,-10.67,-25.3746,6.0,11.0,0.133,-0.223,0.0013,5.3041,-1.8305,-0.8048,30.0349,34.37,34.37,31.38,42.0500011444092,down,2026-08-21T11:01:40,0.0,0.0
SPXW,2026-09-09,19,Call,7515.0,SPXW260909C07515000,196.5,201.8,199.15,0.0,0.0,0.0,0.0,0.0,0.1318,0.7715,0.0013,5.3738,-1.8465,2.6669,198.5145,0.0,0.0,0.0,0.0,no_change,,0.0,0.0
SPXW,2026-09-09,19,Put,7515.0,SPXW260909P07515000,30.3,30.7,30.5,0.0,0.0,0.0,0.0,0.0,0.1323,-0.2284,0.0013,5.3738,-1.8465,-0.8247,30.8319,0.0,0.0,0.0,0.0,no_change,,0.0,0.0
SPXW,2026-09-09,19,Call,7520.0,SPXW260909C07520000,192.3,197.6,194.95,317.13,0.0,0.0,0.0,1.0,0.131,0.7659,0.0013,5.4432,-1.8623,2.6487,194.3457,0.0,0.0,0.0,186.25,down,2026-08-14T10:23:31,0.0,0.0
SPXW,2026-09-09,19,Put,7520.0,SPXW260909P07520000,31.2,31.5,31.35,31.99,-11.96,-27.2127,2.0,8.0,0.1316,-0.2339,0.0013,5.4432,-1.8623,-0.8453,31.653,31.99,31.99,31.99,43.9499988555908,down,2026-08-21T14:49:45,0.0,0.0
SPXW,2026-09-09,19,Call,7525.0,SPXW260909C07525000,188.1,193.5,190.8,207.76,25.31,13.8723,1.0,17.0,0.1302,0.7603,0.0014,5.5119,-1.8779,2.63,190.2019,207.76,207.76,207.76,182.449996948242,down,2026-08-21T11:56:49,0.0,0.0
SPXW,2026-09-09,19,Put,7525.0,SPXW260909P07525000,32.0,32.4,32.2,32.0,-12.95,-28.8098,1.0,155.0,0.1309,-0.2396,0.0014,5.5119,-1.8779,-0.8662,32.499,32.0,32.0,32.0,44.9499988555908,down,2026-08-21T12:10:42,0.0,0.0
SPXW,2026-09-09,19,Call,7530.0,SPXW260909C07530000,184.0,189.3,186.65,182.1,0.0,0.0,0.0,3.0,0.1296,0.7544,0.0014,5.5798,-1.8931,2.611,186.0835,0.0,0.0,0.0,178.5,no_change,2026-08-20T14:12:20,0.0,0.0
SPXW,2026-09-09,19,Put,7530.0,SPXW260909P07530000,32.8,33.2,33.0,40.51,0.0,0.0,0.0,10.0,0.1302,-0.2454,0.0014,5.5798,-1.8931,-0.8876,33.3705,0.0,0.0,0.0,45.9499988555908,up,2026-08-20T12:05:44,0.0,0.0
SPXW,2026-09-09,19,Call,7535.0,SPXW260909C07535000,180.0,185.2,182.6,0.0,0.0,0.0,0.0,0.0,0.1289,0.7485,0.0014,5.647,-1.908,2.5916,181.9912,0.0,0.0,0.0,0.0,no_change,,0.0,0.0
SPXW,2026-09-09,19,Put,7535.0,SPXW260909P07535000,33.7,34.1,33.900000000000006,0.0,0.0,0.0,0.0,0.0,0.1295,-0.2514,0.0014,5.647,-1.908,-0.9093,34.268,0.0,0.0,0.0,0.0,no_change,,0.0,0.0
SPXW,2026-09-09,19,Call,7540.0,SPXW260909C07540000,176.2,180.9,178.55,292.45,0.0,0.0,0.0,1.0,0.1283,0.7424,0.0014,5.7136,-1.9225,2.572,177.9253,0.0,0.0,0.0,170.650001525879,down,2026-08-13T12:45:22,0.0,0.0
SPXW,2026-09-09,19,Put,7540.0,SPXW260909P07540000,34.6,35.0,34.8,42.67,0.0,0.0,0.0,19.0,0.1287,-0.2575,0.0014,5.7136,-1.9225,-0.9313,35.192,0.0,0.0,0.0,48.1000003814697,no_change,2026-08-20T12:14:38,0.0,0.0
SPXW,2026-09-09,19,Call,7545.0,SPXW260909C07545000,171.8,177.0,174.4,0.0,0.0,0.0,0.0,0.0,0.1275,0.7361,0.0014,5.78,-1.9367,2.5518,173.8866,0.0,0.0,0.0,0.0,no_change,,0.0,0.0
SPXW,2026-09-09,19,Put,7545.0,SPXW260909P07545000,35.6,36.0,35.8,0.0,0.0,0.0,0.0,0.0,0.1281,-0.2637,0.0014,5.78,-1.9367,-0.9537,36.1431,0.0,0.0,0.0,0.0,no_change,,0.0,0.0
SPXW,2026-09-09,19,Call,7550.0,SPXW260909C07550000,168.1,172.8,170.45,218.83,0.0,0.0,0.0,5.0,0.1269,0.7298,0.0015,5.8463,-1.9505,2.5311,169.8758,0.0,0.0,0.0,162.900001525879,up,2026-08-04T10:38:30,0.0,0.0
SPXW,2026-09-09,19,Put,7550.0,SPXW260909P07550000,36.5,36.9,36.7,36.4,-13.9,-27.6342,6.0,253.0,0.1275,-0.2701,0.0015,5.8463,-1.9505,-0.9768,37.1221,36.3,37.32,36.3,50.2999992370606,down,2026-08-21T15:53:05,0.0,0.0
SPXW,2026-09-09,19,Call,7555.0,SPXW260909C07555000,164.1,168.8,166.45,163.5,0.0,0.0,0.0,1.0,0.1262,0.7232,0.0015,5.9124,-1.9638,2.5097,165.8937,0.0,0.0,0.0,159.099998474121,up,2026-08-20T14:24:40,0.0,0.0
SPXW,2026-09-09,19,Put,7555.0,SPXW260909P07555000,37.5,37.9,37.7,0.0,0.0,0.0,0.0,0.0,0.1268,-0.2766,0.0015,5.9124,-1.9638,-1.0005,38.1299,0.0,0.0,0.0,51.4499988555908,no_change,,0.0,0.0
SPXW,2026-09-09,19,Call,7560.0,SPXW260909C07560000,160.2,164.9,162.55,0.0,0.0,0.0,0.0,0.0,0.1256,0.7166,0.0015,5.9781,-1.9766,2.4875,161.9415,0.0,0.0,0.0,155.199996948242,no_change,,0.0,0.0
SPXW,2026-09-09,19,Put,7560.0,SPXW260909P07560000,38.6,38.9,38.75,38.2,-14.45,-27.4454,1.0,42.0,0.126,-0.2833,0.0015,5.9781,-1.9766,-1.025,39.1676,38.2,38.2,38.2,52.6499996185303,down,2026-08-21T12:21:22,0.0,0.0
SPXW,2026-09-09,19,Call,7565.0,SPXW260909C07565000,156.2,160.9,158.55,0.0,0.0,0.0,0.0,0.0,0.1249,0.7097,0.0016,6.0428,-1.9889,2.4646,158.0203,0.0,0.0,0.0,151.5,no_change,,0.0,0.0
SPXW,2026-09-09,19,Put,7565.0,SPXW260909P07565000,39.6,40.0,39.8,0.0,0.0,0.0,0.0,0.0,0.1254,-0.2901,0.0016,6.0428,-1.9889,-1.0503,40.2362,0.0,0.0,0.0,53.8500003814697,no_change,,0.0,0.0
SPXW,2026-09-09,19,Call,7570.0,SPXW260909C07570000,152.3,157.0,154.65,0.0,0.0,0.0,0.0,0.0,0.1242,0.7028,0.0016,6.1062,-2.0007,2.4411,154.131,0.0,0.0,0.0,147.699996948242,no_change,,0.0,0.0
SPXW,2026-09-09,19,Put,7570.0,SPXW260909P07570000,40.7,41.1,40.900000000000006,42.35,-12.75,-23.1397,11.0,38.0,0.1247,-0.2971,0.0016,6.1062,-2.0007,-1.0761,41.3368,44.79,44.79,42.35,55.1000003814697,down,2026-08-21T14:43:15,0.0,0.0
SPXW,2026-09-09,19,Call,7575.0,SPXW260909C07575000,148.4,153.2,150.8,205.67,0.0,0.0,0.0,12.0,0.124,0.6956,0.0016,6.1679,-2.0118,2.4172,150.2743,0.0,0.0,0.0,144.0,up,2026-08-19T11:22:11,0.0,0.0
SPXW,2026-09-09,19,Put,7575.0,SPXW260909P07575000,41.8,42.2,42.0,40.75,-15.65,-27.7482,1004.0,92.0,0.124,-0.3042,0.0016,6.1679,-2.0118,-1.1023,42.47,45.05,45.6,40.48,56.3999996185303,down,2026-08-21T15:42:11,0.0,0.0
SPXW,2026-09-09,19,Call,7580.0,SPXW260909C07580000,146.8,147.4,147.10000000000002,186.22,0.0,0.0,0.0,1.0,0.1235,0.6884,0.0016,6.2279,-2.0224,2.3929,146.451,0.0,0.0,0.0,140.400001525879,down,2026-08-18T09:30:15,0.0,0.0
SPXW,2026-09-09,19,Put,7580.0,SPXW260909P07580000,43.0,43.4,43.2,44.6,-13.1,-22.7036,2.0,16.0,0.1233,-0.3115,0.0016,6.2279,-2.0224,-1.1289,43.6364,42.5,44.6,42.5,57.7000007629394,up,2026-08-21T14:41:10,0.0,0.0
SPXW,2026-09-09,19,Call,7585.0,SPXW260909C07585000,143.0,143.6,143.3,148.2,11.5,8.41258,1.0,0.0,0.1227,0.681,0.0017,6.2864,-2.0323,2.3684,142.6614,148.2,148.2,148.2,136.699996948242,up,2026-08-21T15:38:56,0.0,0.0
SPXW,2026-09-09,19,Put,7585.0,SPXW260909P07585000,44.2,44.6,44.400000000000006,58.08,0.0,0.0,0.0,21.0,0.1226,-0.3189,0.0017,6.2864,-2.0323,-1.1557,44.8367,0.0,0.0,0.0,59.0500011444092,up,2026-08-20T15:38:15,0.0,0.0
SPXW,2026-09-09,19,Call,7590.0,SPXW260909C07590000,139.2,139.7,139.45,143.8,10.7,8.03907,2.0,2.0,0.1221,0.6734,0.0017,6.3435,-2.0415,2.3434,138.9063,143.48,143.8,143.48,133.099998474121,up,2026-08-21T15:28:48,0.0,0.0
SPXW,2026-09-09,19,Put,7590.0,SPXW260909P07590000,45.4,45.8,45.599999999999994,43.74,-16.66,-27.5828,11.0,26.0,0.1219,-0.3265,0.0017,6.3435,-2.0415,-1.1831,46.0715,44.02,44.02,43.74,60.3999996185303,no_change,2026-08-21T15:42:49,0.0,0.0
SPXW,2026-09-09,19,Call,7595.0,SPXW260909C07595000,135.4,136.0,135.7,137.74,0.0,0.0,0.0,9.0,0.1213,0.6656,0.0017,6.3995,-2.05,2.3177,135.1867,0.0,0.0,0.0,129.449996948242,down,2026-08-20T13:45:21,0.0,0.0
SPXW,2026-09-09,19,Put,7595.0,SPXW260909P07595000,46.6,47.0,46.8,43.53,-18.32,-29.62,14.0,0.0,0.1212,-0.3342,0.0017,6.3995,-2.05,-1.2111,47.3417,50.96,50.96,43.53,61.8500003814697,down,2026-08-21T15:48:03,0.0,0.0
SPXW,2026-09-09,19,Call,7600.0,SPXW260909C07600000,131.8,132.3,132.05,136.8,10.8,8.57143,1.0,26.0,0.1207,0.6578,0.0017,6.4543,-2.0578,2.2912,131.5037,136.8,136.8,136.8,126.0,down,2026-08-21T15:38:56,0.0,0.0
SPXW,2026-09-09,19,Put,7600.0,SPXW260909P07600000,47.9,48.3,48.099999999999994,45.62,-17.68,-27.9305,1010.0,79.0,0.1206,-0.3421,0.0017,6.4543,-2.0578,-1.2399,48.6485,51.2,51.85,45.62,63.2999992370606,down,2026-08-21T15:44:22,0.0,0.0
SPXW,2026-09-09,19,Call,7605.0,SPXW260909C07605000,128.2,128.6,128.39999999999998,133.2,10.7,8.73469,2.0,0.0,0.12,0.6497,0.0018,6.5075,-2.0647,2.2638,127.8586,133.2,133.2,133.2,122.5,no_change,2026-08-21T15:38:57,0.0,0.0
SPXW,2026-09-09,19,Put,7605.0,SPXW260909P07605000,49.2,49.7,49.45,46.96,-17.84,-27.5309,2.0,2.0,0.1199,-0.3501,0.0018,6.5075,-2.0647,-1.2696,49.9933,46.96,46.96,46.96,64.7999992370606,down,2026-08-21T15:44:11,0.0,0.0
SPXW,2026-09-09,19,Call,7610.0,SPXW260909C07610000,124.4,125.0,124.7,164.42,0.0,0.0,0.0,2.0,0.1193,0.6415,0.0018,6.5586,-2.0708,2.2357,124.2528,0.0,0.0,0.0,119.100002288818,down,2026-08-18T10:02:14,0.0,0.0
SPXW,2026-09-09,19,Put,7610.0,SPXW260909P07610000,50.6,51.0,50.8,48.82,-17.48,-26.365,11.0,80.0,0.1192,-0.3583,0.0018,6.5586,-2.0708,-1.3001,51.3773,55.87,55.87,48.82,66.2999992370606,no_change,2026-08-21T15:42:49,0.0,0.0
SPXW,2026-09-09,19,Call,7615.0,SPXW260909C07615000,121.0,121.4,121.2,0.0,0.0,0.0,0.0,0.0,0.1187,0.6332,0.0018,6.6072,-2.076,2.207,120.6872,0.0,0.0,0.0,115.600002288818,no_change,,0.0,0.0
SPXW,2026-09-09,19,Put,7615.0,SPXW260909P07615000,52.0,52.4,52.2,50.0,-17.9,-26.3623,1.0,0.0,0.1185,-0.3667,0.0018,6.6072,-2.076,-1.331,52.8016,50.0,50.0,50.0,67.8999977111816,down,2026-08-21T15:38:59,0.0,0.0
SPXW,2026-09-09,19,Call,7620.0,SPXW260909C07620000,117.4,117.9,117.65,116.66,0.0,0.0,0.0,11.0,0.118,0.6247,0.0018,6.6531,-2.0803,2.1782,117.1626,0.0,0.0,0.0,112.299999237061,down,2026-08-20T14:48:41,0.0,0.0
SPXW,2026-09-09,19,Put,7620.0,SPXW260909P07620000,53.5,53.9,53.7,53.63,-15.92,-22.89,16.0,37.0,0.1179,-0.3752,0.0018,6.6531,-2.0803,-1.3622,54.2669,58.7,60.54,53.63,69.5500030517578,no_change,2026-08-21T12:19:10,0.0,0.0
SPXW,2026-09-09,19,Call,7625.0,SPXW260909C07625000,113.9,114.4,114.15,115.88,6.93,6.36072,1000.0,194.0,0.1174,0.616,0.0018,6.6963,-2.0837,2.149,113.6797,113.6,119.18,112.12,108.949996948242,up,2026-08-21T11:20:03,0.0,0.0
SPXW,2026-09-09,19,Put,7625.0,SPXW260909P07625000,55.0,55.4,55.2,54.5,-16.7,-23.4551,10.0,354.0,0.1172,-0.3839,0.0018,6.6963,-2.0837,-1.3937,55.7738,56.42,56.42,51.1,71.2000007629394,down,2026-08-21T12:25:37,0.0,0.0
SPXW,2026-09-09,19,Call,7630.0,SPXW260909C07630000,110.4,110.9,110.65,116.5,10.9,10.322,1.0,4.0,0.1167,0.6072,0.0019,6.7368,-2.0861,2.1195,110.239,116.5,116.5,116.5,105.600002288818,up,2026-08-21T15:44:30,0.0,0.0
SPXW,2026-09-09,19,Put,7630.0,SPXW260909P07630000,56.5,56.9,56.7,65.08,0.0,0.0,0.0,25.0,0.1166,-0.3927,0.0019,6.7368,-2.0861,-1.4256,57.323,0.0,0.0,0.0,72.8999977111816,up,2026-08-20T13:18:15,0.0,0.0
SPXW,2026-09-09,19,Call,7635.0,SPXW260909C07635000,107.0,107.5,107.25,0.0,0.0,0.0,0.0,0.0,0.116,0.5982,0.0019,6.7749,-2.0875,2.0893,106.8417,0.0,0.0,0.0,102.399997711182,no_change,,0.0,0.0
SPXW,2026-09-09,19,Put,7635.0,SPXW260909P07635000,58.1,58.5,58.3,0.0,0.0,0.0,0.0,0.0,0.1158,-0.4016,0.0019,6.7749,-2.0875,-1.4581,58.9155,0.0,0.0,0.0,74.6000022888184,no_change,,0.0,0.0
SPXW,2026-09-09,19,Call,7640.0,SPXW260909C07640000,103.7,104.2,103.95,0.0,0.0,0.0,0.0,0.0,0.1154,0.5891,0.0019,6.8105,-2.0879,2.0582,103.4892,0.0,0.0,0.0,99.2000007629394,no_change,,0.0,0.0
SPXW,2026-09-09,19,Put,7640.0,SPXW260909P07640000,59.7,60.1,59.900000000000006,58.93,-17.47,-22.8665,9.0,15.0,0.1153,-0.4107,0.0019,6.8105,-2.0879,-1.4915,60.5529,64.5,67.2,58.93,76.3999977111816,down,2026-08-21T15:22:55,0.0,0.0
SPXW,2026-09-09,19,Call,7645.0,SPXW260909C07645000,100.4,100.8,100.6,106.2,10.2,10.625,1.0,0.0,0.1148,0.5799,0.0019,6.8434,-2.0871,2.0262,100.1831,106.2,106.2,106.2,96.0,up,2026-08-21T15:44:30,0.0,0.0
SPXW,2026-09-09,19,Put,7645.0,SPXW260909P07645000,61.4,61.8,61.599999999999994,61.3,-16.9,-21.6113,20.0,0.0,0.1146,-0.42,0.0019,6.8434,-2.0871,-1.5258,62.2366,66.07,66.47,61.3,78.2000007629394,no_change,2026-08-21T12:19:10,0.0,0.0
SPXW,2026-09-09,19,Call,7650.0,SPXW260909C07650000,97.1,97.6,97.35,102.1,9.2,9.90312,1009.0,116.0,0.1142,0.5705,0.002,6.873,-2.0853,1.9935,96.9247,96.9,102.23,95.47,92.8999977111816,up,2026-08-21T15:38:23,0.0,0.0
SPXW,2026-09-09,19,Put,7650.0,SPXW260909P07650000,63.1,63.6,63.35,58.94,-21.11,-26.371,14.0,186.0,0.114,-0.4294,0.002,6.873,-2.0853,-1.5608,63.9681,67.36,67.8,58.94,80.0500030517578,down,2026-08-21T15:48:03,0.0,0.0
SPXW,2026-09-09,19,Call,7655.0,SPXW260909C07655000,93.9,94.4,94.15,93.85,3.95,4.39377,1.0,0.0,0.1134,0.5609,0.002,6.899,-2.0822,1.9604,93.7153,93.85,93.85,93.85,89.8999977111816,up,2026-08-21T10:12:26,0.0,0.0
SPXW,2026-09-09,19,Put,7655.0,SPXW260909P07655000,64.9,65.3,65.1,80.5,0.0,0.0,0.0,32.0,0.1134,-0.4389,0.002,6.899,-2.0822,-1.5962,65.7486,0.0,0.0,0.0,82.0,up,2026-08-20T14:28:14,0.0,0.0
SPXW,2026-09-09,19,Call,7660.0,SPXW260909C07660000,90.6,91.2,90.9,89.22,2.42,2.78802,1.0,3.0,0.1129,0.5512,0.002,6.9213,-2.078,1.9273,90.5556,89.22,89.22,89.22,86.7999992370606,down,2026-08-21T10:17:43,0.0,0.0
SPXW,2026-09-09,19,Put,7660.0,SPXW260909P07660000,66.7,67.2,66.95,66.67,-17.33,-20.631,5.0,23.0,0.1127,-0.4486,0.002,6.9213,-2.078,-1.6317,67.5787,72.68,74.6,66.67,84.0,down,2026-08-21T11:05:57,0.0,0.0
SPXW,2026-09-09,19,Call,7665.0,SPXW260909C07665000,87.6,88.1,87.85,94.4,10.45,12.4479,6.0,20.0,0.1122,0.5414,0.002,6.9399,-2.0727,1.8939,87.4461,86.08,94.4,83.3,83.9499969482422,up,2026-08-21T15:48:10,0.0,0.0
SPXW,2026-09-09,19,Put,7665.0,SPXW260909P07665000,68.6,69.0,68.8,76.6,-9.4,-10.9302,1.0,1.0,0.1121,-0.4584,0.002,6.9399,-2.0727,-1.6674,69.459,76.6,76.6,76.6,86.0,up,2026-08-21T10:36:12,0.0,0.0
SPXW,2026-09-09,19,Call,7670.0,SPXW260909C07670000,84.6,85.0,84.8,83.8,2.8,3.45679,4.0,2.0,0.1117,0.5315,0.002,6.9547,-2.0661,1.8602,84.3878,83.8,83.8,83.8,81.0,no_change,2026-08-21T09:35:54,0.0,0.0
SPXW,2026-09-09,19,Put,7670.0,SPXW260909P07670000,70.5,71.0,70.75,69.01,-19.04,-21.6241,28.0,19.0,0.1114,-0.4684,0.002,6.9547,-2.0661,-1.7035,71.3906,75.28,76.72,69.01,88.0500030517578,down,2026-08-21T15:59:02,0.0,0.0
SPXW,2026-09-09,19,Call,7675.0,SPXW260909C07675000,81.6,82.0,81.8,79.76,0.0,0.0,0.0,49.0,0.1111,0.5214,0.002,6.9657,-2.0583,1.8256,81.382,0.0,0.0,0.0,78.0500030517578,down,2026-08-20T14:18:26,0.0,0.0
SPXW,2026-09-09,19,Put,7675.0,SPXW260909P07675000,72.5,72.9,72.7,71.2,-19.0,-21.0643,6.0,601.0,0.1109,-0.4784,0.002,6.9657,-2.0583,-1.7403,73.3746,77.25,77.25,68.99,90.2000007629394,up,2026-08-21T15:52:46,0.0,0.0
SPXW,2026-09-09,19,Call,7680.0,SPXW260909C07680000,78.6,79.1,78.85,75.4,0.05,0.066359,1.0,19.0,0.1103,0.5112,0.0021,6.9726,-2.0492,1.7901,78.4303,75.4,75.4,75.4,75.3499984741211,down,2026-08-21T10:36:12,0.0,0.0
SPXW,2026-09-09,19,Put,7680.0,SPXW260909P07680000,74.4,75.0,74.7,81.54,0.0,0.0,0.0,22.0,0.1102,-0.4886,0.0021,6.9726,-2.0492,-1.7781,75.4127,0.0,0.0,0.0,92.3999977111816,up,2026-08-20T12:05:44,0.0,0.0
SPXW,2026-09-09,19,Call,7685.0,SPXW260909C07685000,75.7,76.2,75.95,86.51,14.01,19.3241,32.0,30.0,0.1097,0.5009,0.0021,6.9754,-2.0388,1.754,75.5344,76.25,86.53,72.6,72.5,down,2026-08-21T11:43:37,0.0,0.0
SPXW,2026-09-09,19,Put,7685.0,SPXW260909P07685000,76.6,77.1,76.85,78.52,0.0,0.0,0.0,4.0,0.1096,-0.4989,0.0021,6.9754,-2.0388,-1.8166,77.5067,0.0,0.0,0.0,94.6000022888184,down,2026-08-20T12:41:18,0.0,0.0
SPXW,2026-09-09,19,Call,7690.0,SPXW260909C07690000,72.8,73.3,73.05,85.17,15.37,22.0201,31.0,43.0,0.1092,0.4905,0.0021,6.9737,-2.0271,1.7176,72.6955,84.5,85.17,84.5,69.7999992370606,no_change,2026-08-21T11:50:54,0.0,0.0
SPXW,2026-09-09,19,Put,7690.0,SPXW260909P07690000,78.8,79.2,79.0,73.9,-23.0,-23.7358,11.0,26.0,0.1091,-0.5094,0.0021,6.9737,-2.0271,-1.8553,79.6577,79.0,79.0,73.63,96.8999977111816,down,2026-08-21T11:49:21,0.0,0.0
SPXW,2026-09-09,19,Call,7695.0,SPXW260909C07695000,70.1,70.5,70.3,74.29,7.09,10.5506,23.0,25.0,0.1086,0.48,0.0021,6.9676,-2.0141,1.6812,69.9142,74.11,74.7,74.11,67.2000007629394,down,2026-08-21T15:51:40,0.0,0.0
SPXW,2026-09-09,19,Put,7695.0,SPXW260909P07695000,81.0,81.4,81.2,92.02,0.0,0.0,0.0,12.0,0.1085,-0.5198,0.0021,6.9676,-2.0141,-1.894,81.8662,0.0,0.0,0.0,99.2999992370606,up,2026-08-20T13:36:37,0.0,0.0
SPXW,2026-09-09,19,Call,7700.0,SPXW260909C07700000,67.4,67.8,67.6,69.55,4.95,7.66253,22.0,724.0,0.108,0.4694,0.0021,6.9571,-1.9997,1.645,67.1907,71.87,81.97,65.44,64.6000022888184,down,2026-08-21T15:55:00,0.0,0.0
SPXW,2026-09-09,19,Put,7700.0,SPXW260909P07700000,83.2,83.7,83.45,82.2,-19.55,-19.2138,13.0,621.0,0.1079,-0.5304,0.0021,6.9571,-1.9997,-1.9326,84.1325,82.35,82.35,77.73,101.75,up,2026-08-21T14:58:41,0.0,0.0
SPXW,2026-09-09,19,Call,7705.0,SPXW260909C07705000,64.7,65.1,64.9,68.4,6.3,10.1449,2.0,2.0,0.1074,0.4587,0.0021,6.9419,-1.9841,1.6084,64.5257,69.22,69.22,68.4,62.1000003814697,down,2026-08-21T15:38:57,0.0,0.0
SPXW,2026-09-09,19,Put,7705.0,SPXW260909P07705000,85.6,86.0,85.8,83.64,-20.46,-19.6542,8.0,3.0,0.1074,-0.5411,0.0021,6.9419,-1.9841,-1.9715,86.4574,89.5,89.5,83.59,104.100002288818,up,2026-08-21T13:02:15,0.0,0.0
SPXW,2026-09-09,19,Call,7710.0,SPXW260909C07710000,62.1,62.5,62.3,60.87,0.0,0.0,0.0,20.0,0.1068,0.448,0.0021,6.9218,-1.9672,1.5711,61.9204,0.0,0.0,0.0,59.6000003814697,down,2026-08-20T14:34:32,0.0,0.0
SPXW,2026-09-09,19,Put,7710.0,SPXW260909P07710000,87.9,88.4,88.15,86.32,-20.28,-19.0244,2.0,78.0,0.1068,-0.5519,0.0021,6.9218,-1.9672,-2.0111,88.8419,94.74,94.74,86.32,106.600002288818,down,2026-08-21T12:37:34,0.0,0.0
SPXW,2026-09-09,19,Call,7715.0,SPXW260909C07715000,59.5,60.0,59.75,63.39,6.19,10.8217,7.0,1.0,0.1063,0.4372,0.0021,6.8965,-1.9489,1.5331,59.3762,63.39,63.39,63.39,57.2000007629394,no_change,2026-08-21T12:19:37,0.0,0.0
SPXW,2026-09-09,19,Put,7715.0,SPXW260909P07715000,90.4,90.8,90.6,88.67,-20.53,-18.8004,5.0,0.0,0.1062,-0.5627,0.0021,6.8965,-1.9489,-2.0514,91.2876,85.82,88.67,85.82,109.200000762939,up,2026-08-21T12:37:34,0.0,0.0
SPXW,2026-09-09,19,Call,7720.0,SPXW260909C07720000,57.0,57.5,57.25,60.81,6.01,10.9672,9.0,74.0,0.1058,0.4263,0.0021,6.866,-1.9293,1.4947,56.8943,59.98,60.81,58.58,54.7999992370606,no_change,2026-08-21T12:19:37,0.0,0.0
SPXW,2026-09-09,19,Put,7720.0,SPXW260909P07720000,92.9,93.3,93.1,97.28,-14.52,-12.9875,1.0,53.0,0.1056,-0.5736,0.0021,6.866,-1.9293,-2.0922,93.7956,97.28,97.28,97.28,111.799999237061,down,2026-08-21T09:46:38,0.0,0.0
SPXW,2026-09-09,19,Call,7725.0,SPXW260909C07725000,54.6,55.0,54.8,58.42,5.97,11.3823,6.0,601.0,0.1052,0.4154,0.0021,6.8306,-1.9084,1.4564,54.4753,65.8,65.8,58.42,52.4500007629394,down,2026-08-21T15:30:14,0.0,0.0
SPXW,2026-09-09,19,Put,7725.0,SPXW260909P07725000,95.5,95.9,95.7,90.57,-23.93,-20.8996,6.0,281.0,0.1051,-0.5845,0.0021,6.8306,-1.9084,-2.1328,96.3664,88.1,90.57,88.1,114.5,up,2026-08-21T12:02:28,0.0,0.0
SPXW,2026-09-09,19,Call,7730.0,SPXW260909C07730000,52.3,52.7,52.5,55.24,5.04,10.0398,2.0,11.0,0.1046,0.4044,0.0021,6.7906,-1.8861,1.4185,52.1188,62.2,62.2,55.24,50.2000007629394,down,2026-08-21T15:29:51,0.0,0.0
SPXW,2026-09-09,19,Put,7730.0,SPXW260909P07730000,98.0,98.5,98.25,101.82,0.0,0.0,0.0,13.0,0.1045,-0.5954,0.0021,6.7906,-1.8861,-2.173,98.9997,0.0,0.0,0.0,117.299999237061,up,2026-08-20T13:08:55,0.0,0.0
SPXW,2026-09-09,19,Call,7735.0,SPXW260909C07735000,50.0,50.4,50.2,53.15,0.0,0.0,0.0,11.0,0.1041,0.3935,0.0021,6.746,-1.8626,1.3808,49.8247,0.0,0.0,0.0,48.0500011444092,up,2026-08-20T13:45:21,0.0,0.0
SPXW,2026-09-09,19,Put,7735.0,SPXW260909P07735000,100.8,101.2,101.0,97.1,-23.0,-19.1507,1.0,2.0,0.104,-0.6064,0.0021,6.746,-1.8626,-2.213,101.6955,97.1,97.1,97.1,120.100002288818,down,2026-08-21T15:38:59,0.0,0.0
SPXW,2026-09-09,19,Call,7740.0,SPXW260909C07740000,47.7,48.1,47.900000000000006,48.22,2.32,5.05447,16.0,16.0,0.1036,0.3825,0.0021,6.6964,-1.8379,1.3428,47.5931,50.0,50.99,47.97,45.8999996185303,down,2026-08-21T14:45:03,0.0,0.0
SPXW,2026-09-09,19,Put,7740.0,SPXW260909P07740000,103.5,104.0,103.75,94.68,-28.27,-22.9931,15.0,26.0,0.1037,-0.6174,0.0021,6.6964,-1.8379,-2.2533,104.4538,94.68,94.68,94.68,122.949996948242,down,2026-08-21T11:41:34,0.0,0.0
SPXW,2026-09-09,19,Call,7745.0,SPXW260909C07745000,45.5,46.0,45.75,44.99,1.14,2.59977,1.0,1.0,0.1031,0.3715,0.0021,6.6411,-1.8119,1.3043,45.425,44.99,44.99,44.99,43.8500003814697,up,2026-08-21T10:17:43,0.0,0.0
SPXW,2026-09-09,19,Put,7745.0,SPXW260909P07745000,106.3,106.8,106.55,0.0,0.0,0.0,0.0,0.0,0.103,-0.6283,0.0021,6.6411,-1.8119,-2.2942,107.2755,0.0,0.0,0.0,125.799999237061,no_change,,0.0,0.0
SPXW,2026-09-09,19,Call,7750.0,SPXW260909C07750000,43.4,43.8,43.599999999999994,44.7,2.85,6.81003,758.0,675.0,0.1026,0.3606,0.0021,6.58,-1.7847,1.2654,43.3209,44.37,48.84,43.4,41.8500003814697,no_change,2026-08-21T16:05:09,0.0,0.0
SPXW,2026-09-09,19,Put,7750.0,SPXW260909P07750000,109.2,109.6,109.4,115.8,-13.0,-10.0932,1.0,651.0,0.1026,-0.6393,0.0021,6.58,-1.7847,-2.3354,110.1612,115.8,115.8,115.8,128.800003051758,down,2026-08-21T10:00:47,0.0,0.0
SPXW,2026-09-09,19,Call,7755.0,SPXW260909C07755000,41.4,41.8,41.599999999999994,41.4,1.5,3.7594,19.0,0.0,0.1021,0.3496,0.0021,6.5137,-1.7563,1.2268,41.2808,41.54,43.08,40.0,39.8999996185303,up,2026-08-21T14:37:19,0.0,0.0
SPXW,2026-09-09,19,Put,7755.0,SPXW260909P07755000,112.1,112.6,112.35,122.0,-9.9,-7.50569,1.0,0.0,0.1019,-0.6502,0.0021,6.5137,-1.7563,-2.3763,113.111,122.0,122.0,122.0,131.900001525879,down,2026-08-21T10:35:12,0.0,0.0
SPXW,2026-09-09,19,Call,7760.0,SPXW260909C07760000,39.4,39.8,39.599999999999994,42.6,4.6,12.1053,4.0,29.0,0.1016,0.3388,0.002,6.443,-1.7268,1.1889,39.3041,42.26,42.6,38.95,38.0,up,2026-08-21T11:00:50,0.0,0.0
SPXW,2026-09-09,19,Put,7760.0,SPXW260909P07760000,115.1,115.6,115.35,125.0,-10.0,-7.40741,1.0,20.0,0.1016,-0.6611,0.002,6.443,-1.7268,-2.4165,116.1241,125.0,125.0,125.0,135.0,down,2026-08-21T10:35:12,0.0,0.0
SPXW,2026-09-09,19,Call,7765.0,SPXW260909C07765000,37.4,37.8,37.599999999999994,40.81,4.61,12.7348,12.0,3.0,0.1012,0.3279,0.002,6.3684,-1.6962,1.1515,37.3895,37.94,40.81,37.94,36.2000007629394,up,2026-08-21T15:44:11,0.0,0.0
SPXW,2026-09-09,19,Put,7765.0,SPXW260909P07765000,118.2,118.6,118.4,0.0,0.0,0.0,0.0,0.0,0.1011,-0.6719,0.002,6.3684,-1.6962,-2.4563,119.1994,0.0,0.0,0.0,138.050003051758,no_change,,0.0,0.0
SPXW,2026-09-09,19,Call,7770.0,SPXW260909C07770000,35.6,36.0,35.8,38.3,3.9,11.3372,17.0,58.0,0.1007,0.3172,0.002,6.2894,-1.6644,1.1141,35.5367,38.6,40.0,35.93,34.3999996185303,down,2026-08-21T15:11:58,0.0,0.0
SPXW,2026-09-09,19,Put,7770.0,SPXW260909P07770000,121.3,121.8,121.55,99.48,0.0,0.0,0.0,15.0,0.1006,-0.6827,0.002,6.2894,-1.6644,-2.496,122.3364,0.0,0.0,0.0,141.449996948242,up,2026-08-19T09:58:45,0.0,0.0
SPXW,2026-09-09,19,Call,7775.0,SPXW260909C07775000,33.8,34.2,34.0,38.58,5.88,17.9816,6.0,85.0,0.1002,0.3065,0.002,6.2051,-1.6318,1.0765,33.7457,34.82,38.58,34.82,32.7000007629394,up,2026-08-21T13:09:11,0.0,0.0
SPXW,2026-09-09,19,Put,7775.0,SPXW260909P07775000,124.4,125.0,124.7,121.37,-23.18,-16.036,1.0,25.0,0.1003,-0.6934,0.002,6.2051,-1.6318,-2.5359,125.5353,121.37,121.37,121.37,144.550003051758,up,2026-08-21T15:42:11,0.0,0.0
SPXW,2026-09-09,19,Call,7780.0,SPXW260909C07780000,32.0,32.4,32.2,34.71,3.66,11.7874,23.0,23.0,0.0998,0.2959,0.002,6.1151,-1.5981,1.0387,32.0166,32.49,34.71,31.18,31.0500001907349,up,2026-08-21T15:22:05,0.0,0.0
SPXW,2026-09-09,19,Put,7780.0,SPXW260909P07780000,126.8,129.0,127.9,110.56,0.0,0.0,0.0,7.0,0.1004,-0.704,0.002,6.1151,-1.5981,-2.576,128.7961,0.0,0.0,0.0,148.150001525879,down,2026-08-19T13:22:09,0.0,0.0
SPXW,2026-09-09,19,Call,7790.0,SPXW260909C07790000,28.7,29.1,28.9,29.25,1.3,4.65116,5.0,13.0,0.0988,0.275,0.0019,5.9214,-1.528,0.9652,28.7417,30.25,33.3,29.25,27.9499998092651,down,2026-08-21T14:27:53,0.0,0.0
SPXW,2026-09-09,19,Put,7790.0,SPXW260909P07790000,132.2,136.9,134.55,132.27,-22.48,-14.5267,6.0,18.0,0.0996,-0.7249,0.0019,5.9214,-1.528,-2.6541,135.5009,132.22,132.27,132.2,154.75,up,2026-08-21T15:28:30,0.0,0.0
SPXW,2026-09-09,19,Call,7800.0,SPXW260909C07800000,25.7,26.0,25.85,27.83,2.78,11.0978,19.0,243.0,0.0981,0.2546,0.0019,5.715,-1.4547,0.8943,25.7025,28.44,29.2,24.6,25.0500001907349,up,2026-08-21T15:29:51,0.0,0.0
SPXW,2026-09-09,19,Put,7800.0,SPXW260909P07800000,139.2,143.9,141.55,157.1,0.0,0.0,0.0,19.0,0.0987,-0.7453,0.0019,5.715,-1.4547,-2.7297,142.4414,0.0,0.0,0.0,162.199996948242,down,2026-08-20T15:39:19,0.0,0.0
SPXW,2026-09-09,19,Call,7810.0,SPXW260909C07810000,22.8,23.2,23.0,24.64,2.29,10.2461,5.0,41.0,0.0972,0.2347,0.0018,5.4918,-1.3788,0.8238,22.8945,22.41,24.64,22.41,22.3500003814697,up,2026-08-21T15:36:56,0.0,0.0
SPXW,2026-09-09,19,Put,7810.0,SPXW260909P07810000,145.6,151.1,148.35,132.81,0.0,0.0,0.0,26.0,0.098,-0.7651,0.0018,5.4918,-1.3788,-2.8048,149.6131,0.0,0.0,0.0,169.349998474121,up,2026-08-18T13:04:01,0.0,0.0
SPXW,2026-09-09,19,Call,7820.0,SPXW260909C07820000,20.2,20.6,20.4,21.1,1.15,5.76441,9.0,40.0,0.0964,0.2156,0.0017,5.2533,-1.3008,0.7564,20.3127,21.22,21.22,21.1,19.9499998092651,down,2026-08-21T16:00:50,0.0,0.0
SPXW,2026-09-09,19,Put,7820.0,SPXW260909P07820000,153.0,158.6,155.8,162.61,0.0,0.0,0.0,11.0,0.0972,-0.7843,0.0017,5.2533,-1.3008,-2.8768,157.011,0.0,0.0,0.0,176.900001525879,no_change,2026-08-20T13:22:01,0.0,0.0
SPXW,2026-09-09,19,Call,7825.0,SPXW260909C07825000,19.0,19.4,19.2,20.95,2.2,11.7333,2.0,38.0,0.096,0.2062,0.0017,5.1313,-1.2613,0.7241,19.1031,22.1,22.1,20.95,18.75,down,2026-08-21T13:25:42,0.0,0.0
SPXW,2026-09-09,19,Put,7825.0,SPXW260909P07825000,156.7,162.4,159.55,115.0,0.0,0.0,0.0,5.0,0.0969,-0.7936,0.0017,5.1313,-1.2613,-2.9115,160.7912,0.0,0.0,0.0,180.75,up,2026-08-17T14:37:06,0.0,0.0
SPXW,2026-09-09,19,Call,7830.0,SPXW260909C07830000,17.9,18.2,18.049999999999997,19.52,1.87,10.5949,5.0,491.0,0.0956,0.1971,0.0016,5.0074,-1.2215,0.692,17.9464,19.75,19.75,18.87,17.6499996185303,up,2026-08-21T15:59:01,0.0,0.0
SPXW,2026-09-09,19,Put,7830.0,SPXW260909P07830000,160.5,166.2,163.35,138.8,0.0,0.0,0.0,7.0,0.0965,-0.8028,0.0016,5.0074,-1.2215,-2.9459,164.6243,0.0,0.0,0.0,184.649993896484,up,2026-08-11T09:38:23,0.0,0.0
SPXW,2026-09-09,19,Call,7840.0,SPXW260909C07840000,15.7,16.1,15.9,18.79,0.0,0.0,0.0,17.0,0.0949,0.1794,0.0016,4.7504,-1.1415,0.6291,15.7906,0.0,0.0,0.0,15.6500000953674,down,2026-08-20T13:29:31,0.0,0.0
SPXW,2026-09-09,19,Put,7840.0,SPXW260909P07840000,168.3,174.1,171.2,0.0,0.0,0.0,0.0,0.0,0.0959,-0.8204,0.0016,4.7504,-1.1415,-3.0135,172.4482,0.0,0.0,0.0,192.599998474121,no_change,,0.0,0.0
SPXW,2026-09-09,19,Call,7850.0,SPXW260909C07850000,13.8,14.1,13.95,14.69,0.0,0.0,0.0,378.0,0.0943,0.1626,0.0015,4.4852,-1.0615,0.5704,13.8371,0.0,0.0,0.0,13.75,down,2026-08-20T15:05:46,0.0,0.0
SPXW,2026-09-09,19,Put,7850.0,SPXW260909P07850000,176.3,182.2,179.25,173.2,0.0,0.0,0.0,3.0,0.0952,-0.8372,0.0015,4.4852,-1.0615,-3.0768,180.4745,0.0,0.0,0.0,200.75,no_change,2026-08-20T09:30:04,0.0,0.0
SPXW,2026-09-09,19,Call,7860.0,SPXW260909C07860000,12.0,12.3,12.15,17.14,0.0,0.0,0.0,65.0,0.0935,0.1468,0.0014,4.2192,-0.9824,0.5147,12.075,0.0,0.0,0.0,12.0499997138977,no_change,2026-08-20T12:26:32,0.0,0.0
SPXW,2026-09-09,19,Put,7860.0,SPXW260909P07860000,184.5,190.4,187.45,161.72,0.0,0.0,0.0,1.0,0.0948,-0.8531,0.0014,4.2192,-0.9824,-3.1372,188.6921,0.0,0.0,0.0,209.0,down,2026-08-19T13:22:09,0.0,0.0
SPXW,2026-09-09,19,Call,7870.0,SPXW260909C07870000,10.4,10.7,10.55,11.76,1.21,11.4692,2.0,14.0,0.093,0.1319,0.0013,3.9493,-0.9049,0.4617,10.4979,11.06,11.76,11.06,10.5499997138977,up,2026-08-21T15:29:51,0.0,0.0
SPXW,2026-09-09,19,Put,7870.0,SPXW260909P07870000,192.9,198.7,195.8,0.0,0.0,0.0,0.0,0.0,0.0943,-0.868,0.0013,3.9493,-0.9049,-3.1948,197.0946,0.0,0.0,0.0,217.5,no_change,,0.0,0.0
SPXW,2026-09-09,19,Call,7875.0,SPXW260909C07875000,9.7,10.0,9.85,11.02,1.17,11.8782,2.0,154.0,0.0925,0.1248,0.0013,3.814,-0.8669,0.4371,9.7751,10.24,11.02,10.24,9.84999990463257,up,2026-08-21T15:17:49,0.0,0.0
SPXW,2026-09-09,19,Put,7875.0,SPXW260909P07875000,197.5,203.0,200.25,0.0,0.0,0.0,0.0,0.0,0.0938,-0.8751,0.0013,3.814,-0.8669,-3.2217,201.3617,0.0,0.0,0.0,221.75,no_change,,0.0,0.0
SPXW,2026-09-09,19,Call,7880.0,SPXW260909C07880000,9.0,9.3,9.15,9.55,0.3,3.24324,1.0,152.0,0.0925,0.118,0.0012,3.6802,-0.8296,0.4135,9.0939,9.55,9.55,9.55,9.25,down,2026-08-21T14:41:53,0.0,0.0
SPXW,2026-09-09,19,Put,7880.0,SPXW260909P07880000,201.8,207.3,204.55,182.87,0.0,0.0,0.0,125.0,0.0938,-0.8819,0.0012,3.6802,-0.8296,-3.2477,205.6703,0.0,0.0,0.0,226.150001525879,no_change,2026-08-18T09:51:03,0.0,0.0
SPXW,2026-09-09,19,Call,7890.0,SPXW260909C07890000,7.8,8.1,7.949999999999999,8.67,0.62,7.70186,1.0,4.0,0.0918,0.1052,0.0011,3.4172,-0.7573,0.368,7.8521,8.67,8.67,8.67,8.04999995231628,down,2026-08-21T10:05:25,0.0,0.0
SPXW,2026-09-09,19,Put,7890.0,SPXW260909P07890000,210.5,216.0,213.25,0.0,0.0,0.0,0.0,0.0,0.0933,-0.8947,0.0011,3.4172,-0.7573,-3.2978,214.4082,0.0,0.0,0.0,234.949996948242,no_change,,0.0,0.0
SPXW,2026-09-09,19,Call,7900.0,SPXW260909C07900000,6.7,7.0,6.85,7.08,0.13,1.8705,760.0,304.0,0.0914,0.0934,0.001,3.1586,-0.6886,0.3265,6.763,7.72,8.2,7.08,6.95000004768372,down,2026-08-21T15:59:45,0.0,0.0
SPXW,2026-09-09,19,Put,7900.0,SPXW260909P07900000,219.4,225.0,222.2,227.23,0.0,0.0,0.0,134.0,0.093,-0.9065,0.001,3.1586,-0.6886,-3.3439,223.2988,0.0,0.0,0.0,241.950004577637,up,2026-08-20T13:17:18,0.0,0.0
SPXW,2026-09-09,19,Call,7910.0,SPXW260909C07910000,5.7,6.0,5.85,7.42,0.0,0.0,0.0,18.0,0.091,0.0827,0.001,2.9095,-0.6239,0.2892,5.8126,0.0,0.0,0.0,6.04999995231628,down,2026-08-20T13:48:24,0.0,0.0
SPXW,2026-09-09,19,Put,7910.0,SPXW260909P07910000,219.7,243.4,231.55,0.0,0.0,0.0,0.0,0.0,0.093,-0.9172,0.001,2.9095,-0.6239,-3.3859,232.3281,0.0,0.0,0.0,251.650009155273,no_change,,0.0,0.0
SPXW,2026-09-09,19,Call,7920.0,SPXW260909C07920000,4.9,5.2,5.050000000000001,5.54,0.29,5.52381,14.0,42.0,0.0906,0.073,0.0009,2.6724,-0.5637,0.2548,4.99,5.71,5.71,5.54,5.25,no_change,2026-08-21T14:22:26,0.0,0.0
SPXW,2026-09-09,19,Put,7920.0,SPXW260909P07920000,228.9,252.6,240.75,0.0,0.0,0.0,0.0,0.0,0.0926,-0.9268,0.0009,2.6724,-0.5637,-3.4249,241.4852,0.0,0.0,0.0,261.199996948242,no_change,,0.0,0.0
SPXW,2026-09-09,19,Call,7925.0,SPXW260909C07925000,4.5,4.8,4.65,4.83,-0.02,-0.412369,8.0,240.0,0.0905,0.0686,0.0008,2.5581,-0.5354,0.2392,4.623,5.42,5.6,4.83,4.84999990463257,down,2026-08-21T15:59:45,0.0,0.0
SPXW,2026-09-09,19,Put,7925.0,SPXW260909P07925000,233.5,256.7,245.1,162.73,0.0,0.0,0.0,1.0,0.0925,-0.9313,0.0008,2.5581,-0.5354,-3.4429,246.1081,0.0,0.0,0.0,265.800003051758,down,2026-08-13T14:14:20,0.0,0.0
SPXW,2026-09-09,19,Call,7930.0,SPXW260909C07930000,4.2,4.5,4.35,4.8,0.3,6.66667,14.0,8.0,0.0903,0.0644,0.0008,2.4471,-0.5083,0.2246,4.2831,4.95,4.95,4.8,4.5,no_change,2026-08-21T14:22:26,0.0,0.0
SPXW,2026-09-09,19,Put,7930.0,SPXW260909P07930000,238.1,261.9,250.0,0.0,0.0,0.0,0.0,0.0,0.0927,-0.9355,0.0008,2.4471,-0.5083,-3.4598,250.758,0.0,0.0,0.0,270.800003051758,no_change,,0.0,0.0
SPXW,2026-09-09,19,Call,7950.0,SPXW260909C07950000,3.0,3.3,3.15,3.42,0.07,2.08955,1.0,113.0,0.0902,0.0499,0.0006,2.0419,-0.4121,0.1737,3.1655,3.42,3.42,3.42,3.35000002384186,down,2026-08-21T14:30:38,0.0,0.0
SPXW,2026-09-09,19,Put,7950.0,SPXW260909P07950000,256.9,280.7,268.79999999999995,0.0,0.0,0.0,0.0,0.0,0.0927,-0.9499,0.0006,2.0419,-0.4121,-3.52,269.5998,0.0,0.0,0.0,289.649993896484,no_change,,0.0,0.0
SPXW,2026-09-09,19,Call,7975.0,SPXW260909C07975000,2.1,2.3,2.2,2.3,0.0,0.0,0.0,227.0,0.0903,0.0365,0.0005,1.6243,-0.3185,0.1269,2.2079,0.0,0.0,0.0,2.35000002384186,down,2026-08-20T16:04:00,0.0,0.0
SPXW,2026-09-09,19,Put,7975.0,SPXW260909P07975000,280.8,304.6,292.70000000000005,288.72,-24.78,-7.90431,6.0,0.0,0.0938,-0.9633,0.0005,1.6243,-0.3185,-3.5783,293.5915,288.72,288.82,288.72,313.5,down,2026-08-21T15:28:30,0.0,0.0
SPXW,2026-09-09,19,Call,8000.0,SPXW260909C08000000,1.55,1.65,1.6,1.6,-0.125,-7.46269,60.0,331.0,0.0912,0.0273,0.0004,1.303,-0.2508,0.0946,1.5938,1.7,2.8,1.6,1.67500001192093,no_change,2026-08-21T16:10:38,0.0,0.0
SPXW,2026-09-09,19,Put,8000.0,SPXW260909P08000000,305.1,328.9,317.0,287.86,0.0,0.0,0.0,1.0,0.0954,-0.9726,0.0004,1.303,-0.2508,-3.6222,317.9266,0.0,0.0,0.0,337.199996948242,up,2026-08-18T09:51:38,0.0,0.0
SPXW,2026-09-09,19,Call,8025.0,SPXW260909C08025000,1.05,1.2,1.125,1.22,-0.005,-0.40816,11.0,311.0,0.0924,0.021,0.0003,1.063,-0.2033,0.0725,1.2021,1.65,1.65,1.22,1.22499996423721,down,2026-08-21T15:59:01,0.0,0.0
SPXW,2026-09-09,19,Put,8025.0,SPXW260909P08025000,329.6,349.8,339.70000000000005,0.0,0.0,0.0,0.0,0.0,0.0984,-0.9789,0.0003,1.063,-0.2033,-3.656,342.4841,0.0,0.0,0.0,362.199996948242,no_change,,0.0,0.0
SPXW,2026-09-09,19,Call,8050.0,SPXW260909C08050000,0.85,1.0,0.925,1.24,0.265,27.1795,2.0,358.0,0.0946,0.0167,0.0002,0.886,-0.1701,0.0576,0.9483,1.24,1.24,1.24,0.974999964237213,no_change,2026-08-21T12:19:07,0.0,0.0
SPXW,2026-09-09,19,Put,8050.0,SPXW260909P08050000,354.6,378.2,366.4,0.0,0.0,0.0,0.0,0.0,0.1017,-0.9832,0.0002,0.886,-0.1701,-3.6826,367.1796,0.0,0.0,0.0,386.650009155273,no_change,,0.0,0.0
SPXW,2026-09-09,19,Call,8075.0,SPXW260909C08075000,0.65,0.8,0.7250000000000001,0.87,0.0,0.0,0.0,82.0,0.0976,0.0137,0.0002,0.7536,-0.1466,0.047,0.7789,0.0,0.0,0.0,0.775000005960464,down,2026-08-20T14:50:56,0.0,0.0
SPXW,2026-09-09,19,Put,8075.0,SPXW260909P08075000,379.1,398.9,389.0,0.0,0.0,0.0,0.0,0.0,0.1056,-0.9862,0.0002,0.7536,-0.1466,-3.7047,391.9594,0.0,0.0,0.0,411.5,no_change,,0.0,0.0
SPXW,2026-09-09,19,Call,8100.0,SPXW260909C08100000,0.55,0.7,0.625,0.72,0.0,0.0,0.0,52.0,0.1004,0.0115,0.0002,0.6529,-0.1294,0.0395,0.6605,0.0,0.0,0.0,0.650000005960464,no_change,2026-08-20T14:50:56,0.0,0.0
SPXW,2026-09-09,19,Put,8100.0,SPXW260909P08100000,403.9,427.8,415.85,0.0,0.0,0.0,0.0,0.0,0.1092,-0.9884,0.0002,0.6529,-0.1294,-3.7238,416.7903,0.0,0.0,0.0,436.450012207031,no_change,,0.0,0.0
SPXW,2026-09-09,19,Call,8125.0,SPXW260909C08125000,0.5,0.65,0.575,0.63,0.055,9.56522,3.0,14.0,0.1038,0.0099,0.0001,0.5736,-0.1164,0.0338,0.574,0.67,0.67,0.63,0.574999988079071,no_change,2026-08-21T15:39:05,0.0,0.0
SPXW,2026-09-09,19,Put,8125.0,SPXW260909P08125000,428.8,452.7,440.75,0.0,0.0,0.0,0.0,0.0,0.114,-0.99,0.0001,0.5736,-0.1164,-3.7411,441.653,0.0,0.0,0.0,461.25,no_change,,0.0,0.0
SPXW,2026-09-09,19,Call,8150.0,SPXW260909C08150000,0.4,0.55,0.47500000000000003,0.65,0.175,36.8421,3.0,28.0,0.1075,0.0086,0.0001,0.5098,-0.1061,0.0294,0.5082,0.55,0.65,0.55,0.475000008940697,no_change,2026-08-21T11:46:08,0.0,0.0
SPXW,2026-09-09,19,Put,8150.0,SPXW260909P08150000,453.7,473.7,463.7,0.0,0.0,0.0,0.0,0.0,0.1186,-0.9913,0.0001,0.5098,-0.1061,-3.7572,466.5364,0.0,0.0,0.0,485.75,no_change,,0.0,0.0
SPXW,2026-09-09,19,Call,8175.0,SPXW260909C08175000,0.35,0.5,0.425,0.5,0.075,17.6471,4.0,33.0,0.111,0.0076,0.0001,0.4573,-0.0977,0.026,0.456,0.67,0.67,0.5,0.424999997019768,no_change,2026-08-21T15:39:05,0.0,0.0
SPXW,2026-09-09,19,Put,8175.0,SPXW260909P08175000,478.6,502.3,490.45000000000005,0.0,0.0,0.0,0.0,0.0,0.123,-0.9923,0.0001,0.4573,-0.0977,-3.7722,491.4335,0.0,0.0,0.0,510.900009155273,no_change,,0.0,0.0
SPXW,2026-09-09,19,Call,8200.0,SPXW260909C08200000,0.35,0.5,0.425,0.56,0.0,0.0,0.0,374.0,0.1143,0.0068,0.0001,0.4131,-0.0907,0.0231,0.4134,0.0,0.0,0.0,0.399999991059303,down,2026-08-19T15:56:57,0.0,0.0
SPXW,2026-09-09,19,Put,8200.0,SPXW260909P08200000,503.5,527.4,515.45,0.0,0.0,0.0,0.0,0.0,0.1274,-0.9931,0.0001,0.4131,-0.0907,-3.7867,516.3401,0.0,0.0,0.0,535.799987792969,no_change,,0.0,0.0
SPXW,2026-09-09,19,Call,8225.0,SPXW260909C08225000,0.3,0.45,0.375,0.61,0.0,0.0,0.0,5.0,0.1173,0.006,0.0001,0.3748,-0.0846,0.0207,0.3773,0.0,0.0,0.0,0.375,down,2026-08-18T11:53:18,0.0,0.0
SPXW,2026-09-09,19,Put,8225.0,SPXW260909P08225000,528.4,552.3,540.3499999999999,0.0,0.0,0.0,0.0,0.0,0.1316,-0.9938,0.0001,0.3752,-0.0846,-3.8007,541.2537,0.0,0.0,0.0,559.399993896484,no_change,,0.0,0.0
SPXW,2026-09-09,19,Call,8250.0,SPXW260909C08250000,0.25,0.4,0.325,1.44,0.0,0.0,0.0,12.0,0.1219,0.0055,0.0001,0.3421,-0.0793,0.0186,0.3468,0.0,0.0,0.0,0.325000002980232,down,2026-08-17T09:34:53,0.0,0.0
SPXW,2026-09-09,19,Put,8250.0,SPXW260909P08250000,553.3,577.2,565.25,0.0,0.0,0.0,0.0,0.0,0.1376,-0.9944,0.0001,0.3424,-0.0794,-3.8144,566.1725,0.0,0.0,0.0,585.349975585938,no_change,,0.0,0.0
SPXW,2026-09-09,19,Call,8275.0,SPXW260909C08275000,0.25,0.4,0.325,0.47,0.0,0.0,0.0,25.0,0.1244,0.005,0.0001,0.3135,-0.0746,0.0169,0.3204,0.0,0.0,0.0,0.325000002980232,down,2026-08-18T15:05:54,0.0,0.0
SPXW,2026-09-09,19,Put,8275.0,SPXW260909P08275000,578.3,598.0,588.15,0.0,0.0,0.0,0.0,0.0,0.1417,-0.9949,0.0001,0.3138,-0.0747,-3.8277,591.0952,0.0,0.0,0.0,610.5,no_change,,0.0,0.0
SPXW,2026-09-09,19,Call,8300.0,SPXW260909C08300000,0.2,0.4,0.30000000000000004,1.58,0.0,0.0,0.0,21.0,0.1289,0.0045,0.0001,0.2882,-0.0704,0.0154,0.2971,0.0,0.0,0.0,0.274999998509884,no_change,2026-08-13T09:31:12,0.0,0.0
SPXW,2026-09-09,19,Put,8300.0,SPXW260909P08300000,603.2,627.0,615.1,0.0,0.0,0.0,0.0,0.0,0.1457,-0.9953,0.0001,0.2885,-0.0704,-3.8408,616.0211,0.0,0.0,0.0,635.450012207031,no_change,,0.0,0.0
SPXW,2026-09-09,19,Call,8325.0,SPXW260909C08325000,0.2,0.35,0.275,0.0,0.0,0.0,0.0,0.0,0.1322,0.0041,0.0,0.2658,-0.0665,0.0141,0.2764,0.0,0.0,0.0,0.274999998509884,no_change,,0.0,0.0
SPXW,2026-09-09,19,Put,8325.0,SPXW260909P08325000,628.1,647.6,637.85,0.0,0.0,0.0,0.0,0.0,0.1517,-0.9957,0.0,0.266,-0.0666,-3.8538,640.9495,0.0,0.0,0.0,660.400024414062,no_change,,0.0,0.0
SPXW,2026-09-09,19,Call,8400.0,SPXW260909C08400000,0.15,0.3,0.22499999999999998,0.29,0.065,28.8889,50.0,6.0,0.144,0.0032,0.0,0.211,-0.0567,0.0109,0.2252,0.29,0.29,0.29,0.225000008940697,down,2026-08-21T11:14:16,0.0,0.0
SPXW,2026-09-09,19,Put,8400.0,SPXW260909P08400000,702.9,726.7,714.8,0.0,0.0,0.0,0.0,0.0,0.1653,-0.9966,0.0,0.2112,-0.0567,-3.8918,715.7462,0.0,0.0,0.0,735.300018310547,no_change,,0.0,0.0
SPXW,2026-09-09,19,Call,8500.0,SPXW260909C08500000,0.1,0.25,0.175,0.22,0.0,0.0,0.0,2.0,0.1557,0.0024,0.0,0.1589,-0.0465,0.008,0.1754,0.0,0.0,0.0,0.175000000745058,down,2026-08-18T13:21:23,0.0,0.0
SPXW,2026-09-09,19,Put,8500.0,SPXW260909P08500000,802.7,823.2,812.95,0.0,0.0,0.0,0.0,0.0,0.1817,-0.9975,0.0,0.159,-0.0465,-3.9412,815.4932,0.0,0.0,0.0,833.550018310547,no_change,,0.0,0.0
SPXW,2026-09-09,19,Call,8600.0,SPXW260909C08600000,0.1,0.25,0.175,0.4,0.0,0.0,0.0,116.0,0.1695,0.0018,0.0,0.1224,-0.0386,0.006,0.1394,0.0,0.0,0.0,0.175000000745058,down,2026-08-12T15:59:17,0.0,0.0
SPXW,2026-09-09,19,Put,8600.0,SPXW260909P08600000,902.5,926.5,914.5,0.0,0.0,0.0,0.0,0.0,0.2002,-0.9981,0.0,0.1221,-0.0385,-3.9896,915.2535,0.0,0.0,0.0,934.899993896484,no_change,,0.0,0.0
SPXW,2026-09-09,19,Call,8800.0,SPXW260909C08800000,0.05,0.2,0.125,0.35,0.0,0.0,0.0,5.0,0.1976,0.0011,0.0,0.075,-0.0268,0.0035,0.0896,0.0,0.0,0.0,0.100000003352761,down,2026-08-10T16:04:33,0.0,0.0
SPXW,2026-09-09,19,Put,8800.0,SPXW260909P08800000,1102.1,1122.0,1112.05,0.0,0.0,0.0,0.0,0.0,0.2359,-0.9988,0.0,0.0747,-0.0267,-4.085,1114.7979,0.0,0.0,0.0,1134.45001220703,no_change,,0.0,0.0
SPXW,2026-09-09,19,Call,9000.0,SPXW260909C09000000,0.0,0.15,0.075,0.1,0.0,0.0,0.0,14.0,0.2231,0.0006,0.0,0.0474,-0.0187,0.0022,0.0587,0.0,0.0,0.0,0.0750000029802322,down,2026-08-17T13:56:59,0.0,0.0
SPXW,2026-09-09,19,Put,9000.0,SPXW260909P09000000,1302.9,1325.6,1314.25,0.0,0.0,0.0,0.0,0.0,0.2702,-0.9992,0.0,0.0472,-0.0186,-4.1792,1314.361,0.0,0.0,0.0,1333.90002441406,no_change,,0.0,0.0
SPXW,2026-09-09,19,Call,9200.0,SPXW260909C09200000,0.0,0.15,0.075,0.23,0.0,0.0,0.0,1.0,0.2513,0.0004,0.0,0.0305,-0.0131,0.0013,0.0387,0.0,0.0,0.0,0.0500000007450581,up,2026-08-07T15:30:08,0.0,0.0
SPXW,2026-09-09,19,Put,9200.0,SPXW260909P09200000,1501.3,1525.0,1513.15,0.0,0.0,0.0,0.0,0.0,0.3034,-0.9995,0.0,0.0304,-0.013,-4.2729,1513.935,0.0,0.0,0.0,1533.45001220703,no_change,,0.0,0.0
SPXW,2026-09-09,19,Call,9400.0,SPXW260909C09400000,0.0,0.15,0.075,0.15,0.0,0.0,0.0,4.0,0.2726,0.0003,0.0,0.0199,-0.0091,0.0008,0.0255,0.0,0.0,0.0,0.0500000007450581,no_change,2026-08-12T11:35:50,0.0,0.0
SPXW,2026-09-09,19,Put,9400.0,SPXW260909P09400000,1702.1,1724.8,1713.4499999999998,0.0,0.0,0.0,0.0,0.0,0.3355,-0.9996,0.0,0.0198,-0.009,-4.3663,1713.5159,0.0,0.0,0.0,1732.75,no_change,,0.0,0.0
SPXW,2026-09-09,19,Call,9600.0,SPXW260909C09600000,0.0,0.1,0.05,0.0,0.0,0.0,0.0,0.0,0.2986,0.0002,0.0,0.013,-0.0063,0.0005,0.0168,0.0,0.0,0.0,0.0500000007450581,no_change,,0.0,0.0
SPXW,2026-09-09,19,Put,9600.0,SPXW260909P09600000,1900.5,1923.9,1912.2,0.0,0.0,0.0,0.0,0.0,0.3667,-0.9997,0.0,0.0129,-0.0062,-4.4595,1913.1012,0.0,0.0,0.0,1932.70001220703,no_change,,0.0,0.0
SPXW,2026-09-09,19,Call,9800.0,SPXW260909C09800000,0.0,0.1,0.05,0.0,0.0,0.0,0.0,0.0,0.3239,0.0001,0.0,0.0086,-0.0043,0.0003,0.0111,0.0,0.0,0.0,0.0500000007450581,no_change,,0.0,0.0
SPXW,2026-09-09,19,Put,9800.0,SPXW260909P09800000,2100.1,2123.1,2111.6,0.0,0.0,0.0,0.0,0.0,0.3969,-0.9998,0.0,0.0085,-0.0043,-4.5526,2112.6895,0.0,0.0,0.0,2131.75,no_change,,0.0,0.0
SPXW,2026-09-09,19,Call,10000.0,SPXW260909C10000000,0.0,0.1,0.05,0.0,0.0,0.0,0.0,0.0,0.3486,0.0001,0.0,0.0056,-0.003,0.0002,0.0073,0.0,0.0,0.0,0.0500000007450581,no_change,,0.0,0.0
SPXW,2026-09-09,19,Put,10000.0,SPXW260909P10000000,2299.7,2320.1,2309.8999999999996,0.0,0.0,0.0,0.0,0.0,0.4264,-0.9998,0.0,0.0056,-0.0029,-4.6456,2312.2797,0.0,0.0,0.0,2331.69995117188,no_change,,0.0,0.0
SPXW,2026-09-10,20,Call,3200.0,SPXW260910C03200000,4466.2,4487.1,4476.65,0.0,0.0,0.0,0.0,0.0,1.0983,0.9997,0.0,0.0122,-0.0278,1.5744,4473.5896,0.0,0.0,0.0,4453.35009765625,no_change,,0.0,0.0
SPXW,2026-09-10,20,Put,3200.0,SPXW260910P03200000,0.0,0.1,0.05,0.0,0.0,0.0,0.0,0.0,1.0533,-0.0002,0.0,0.0122,-0.0278,-0.0007,0.0841,0.0,0.0,0.0,0.0500000007450581,no_change,,0.0,0.0
SPXW,2026-09-10,20,Call,3400.0,SPXW260910C03400000,4264.2,4287.5,4275.85,0.0,0.0,0.0,0.0,0.0,0.9993,0.9997,0.0,0.0135,-0.0287,1.6726,4274.0232,0.0,0.0,0.0,4253.85009765625,no_change,,0.0,0.0
SPXW,2026-09-10,20,Put,3400.0,SPXW260910P03400000,0.0,0.1,0.05,0.0,0.0,0.0,0.0,0.0,0.9829,-0.0002,0.0,0.0135,-0.0287,-0.0008,0.0878,0.0,0.0,0.0,0.0500000007450581,no_change,,0.0,0.0
SPXW,2026-09-10,20,Call,3600.0,SPXW260910C03600000,4067.0,4087.9,4077.45,0.0,0.0,0.0,0.0,0.0,0.9802,0.9996,0.0,0.015,-0.0299,1.7709,4074.4574,0.0,0.0,0.0,4053.80004882812,no_change,,0.0,0.0
SPXW,2026-09-10,20,Put,3600.0,SPXW260910P03600000,0.0,0.05,0.025,0.05,0.0,0.0,0.0,3.0,0.9165,-0.0002,0.0,0.015,-0.0299,-0.0008,0.0921,0.0,0.0,0.0,0.0500000007450581,down,2026-08-13T10:45:02,0.0,0.0
SPXW,2026-09-10,20,Call,3800.0,SPXW260910C03800000,3864.3,3888.3,3876.3,0.0,0.0,0.0,0.0,0.0,0.8971,0.9996,0.0,0.0168,-0.0313,1.8691,3874.8927,0.0,0.0,0.0,3854.75,no_change,,0.0,0.0
SPXW,2026-09-10,20,Put,3800.0,SPXW260910P03800000,0.0,0.1,0.05,0.0,0.0,0.0,0.0,0.0,0.8767,-0.0002,0.0,0.0168,-0.0313,-0.0009,0.0975,0.0,0.0,0.0,0.0500000007450581,no_change,,0.0,0.0
SPXW,2026-09-10,20,Call,4000.0,SPXW260910C04000000,3664.8,3688.7,3676.75,0.0,0.0,0.0,0.0,0.0,0.8155,0.9996,0.0,0.019,-0.033,1.9674,3675.3291,0.0,0.0,0.0,3655.55004882812,no_change,,0.0,0.0
SPXW,2026-09-10,20,Put,4000.0,SPXW260910P04000000,0.0,0.1,0.05,0.0,0.0,0.0,0.0,0.0,0.8156,-0.0003,0.0,0.019,-0.033,-0.0011,0.104,0.0,0.0,0.0,0.0500000007450581,no_change,,0.0,0.0
SPXW,2026-09-10,20,Call,4200.0,SPXW260910C04200000,3468.2,3489.1,3478.6499999999996,0.0,0.0,0.0,0.0,0.0,0.7322,0.9995,0.0,0.0217,-0.0352,2.0656,3475.7673,0.0,0.0,0.0,3455.30004882812,no_change,,0.0,0.0
SPXW,2026-09-10,20,Put,4200.0,SPXW260910P04200000,0.0,0.15,0.075,0.05,-0.025,-33.3333,1.0,1.0,0.7573,-0.0003,0.0,0.0216,-0.035,-0.0012,0.1115,0.05,0.05,0.05,0.0750000029802322,down,2026-08-21T11:47:21,0.0,0.0
SPXW,2026-09-10,20,Call,4400.0,SPXW260910C04400000,3265.7,3289.6,3277.6499999999996,0.0,0.0,0.0,0.0,0.0,0.6346,0.9995,0.0,0.0252,-0.038,2.1637,3276.2083,0.0,0.0,0.0,3255.59997558594,no_change,,0.0,0.0
SPXW,2026-09-10,20,Put,4400.0,SPXW260910P04400000,0.0,0.1,0.05,0.1,0.0,0.0,0.0,91.0,0.7158,-0.0004,0.0,0.025,-0.0378,-0.0014,0.1225,0.0,0.0,0.0,0.0750000011175871,no_change,2026-08-20T15:59:45,0.0,0.0
SPXW,2026-09-10,20,Call,4600.0,SPXW260910C04600000,3069.1,3090.0,3079.55,0.0,0.0,0.0,0.0,0.0,0.6542,0.9994,0.0,0.0299,-0.042,2.2618,3076.6538,0.0,0.0,0.0,3057.60009765625,no_change,,0.0,0.0
SPXW,2026-09-10,20,Put,4600.0,SPXW260910P04600000,0.05,0.2,0.125,0.15,0.0,-1.49012e-06,1.0,4.0,0.6616,-0.0004,0.0,0.0297,-0.0418,-0.0017,0.1381,0.15,0.15,0.15,0.150000002235174,down,2026-08-21T11:46:18,0.0,0.0
SPXW,2026-09-10,20,Call,4800.0,SPXW260910C04800000,2866.5,2890.5,2878.5,0.0,0.0,0.0,0.0,0.0,0.585,0.9993,0.0,0.0364,-0.0478,2.3597,2877.1067,0.0,0.0,0.0,2857.30004882812,no_change,,0.0,0.0
SPXW,2026-09-10,20,Put,4800.0,SPXW260910P04800000,0.1,0.2,0.15000000000000002,0.25,0.0,0.0,0.0,13.0,0.628,-0.0006,0.0,0.0362,-0.0476,-0.0021,0.1612,0.0,0.0,0.0,0.200000002980232,no_change,2026-08-13T12:24:18,0.0,0.0
SPXW,2026-09-10,20,Call,5000.0,SPXW260910C05000000,2667.0,2690.9,2678.95,0.0,0.0,0.0,0.0,0.0,0.5689,0.9991,0.0,0.0459,-0.0565,2.4575,2677.5717,0.0,0.0,0.0,2657.20007324219,no_change,,0.0,0.0
SPXW,2026-09-10,20,Put,5000.0,SPXW260910P05000000,0.15,0.25,0.2,0.26,0.0,0.0,0.0,83.0,0.5897,-0.0007,0.0,0.0458,-0.0563,-0.0027,0.1963,0.0,0.0,0.0,0.274999998509884,no_change,2026-08-18T13:16:03,0.0,0.0
SPXW,2026-09-10,20,Call,5200.0,SPXW260910C05200000,2467.4,2491.4,2479.4,0.0,0.0,0.0,0.0,0.0,0.5382,0.9989,0.0,0.0603,-0.0693,2.5549,2478.0552,0.0,0.0,0.0,2458.15002441406,no_change,,0.0,0.0
SPXW,2026-09-10,20,Put,5200.0,SPXW260910P05200000,0.2,0.35,0.275,0.3,-0.075,-20.0,1.0,135.0,0.5533,-0.001,0.0,0.0602,-0.0691,-0.0036,0.2501,0.3,0.3,0.3,0.375,down,2026-08-21T09:46:29,0.0,0.0
SPXW,2026-09-10,20,Call,5400.0,SPXW260910C05400000,2271.0,2291.9,2281.45,0.0,0.0,0.0,0.0,0.0,0.4829,0.9985,0.0,0.0813,-0.0877,2.6519,2278.5662,0.0,0.0,0.0,2258.55004882812,no_change,,0.0,0.0
SPXW,2026-09-10,20,Put,5400.0,SPXW260910P05400000,0.3,0.4,0.35,0.35,-0.15,-30.0,11.0,16.0,0.5138,-0.0013,0.0,0.0812,-0.0876,-0.0049,0.3312,0.4,0.4,0.35,0.5,down,2026-08-21T12:50:48,0.0,0.0
SPXW,2026-09-10,20,Call,5600.0,SPXW260910C05600000,2071.5,2092.4,2081.95,0.0,0.0,0.0,0.0,0.0,0.4629,0.998,0.0,0.1123,-0.1132,2.7482,2079.1151,0.0,0.0,0.0,2059.09997558594,no_change,,0.0,0.0
SPXW,2026-09-10,20,Put,5600.0,SPXW260910P05600000,0.4,0.5,0.45,0.68,0.0,0.0,0.0,1937.0,0.4776,-0.0019,0.0,0.1123,-0.1131,-0.007,0.4503,0.0,0.0,0.0,0.675000011920929,up,2026-08-20T15:37:42,0.0,0.0
SPXW,2026-09-10,20,Call,5800.0,SPXW260910C05800000,1869.0,1891.3,1880.15,0.0,0.0,0.0,0.0,0.0,0.4224,0.9972,0.0,0.1566,-0.1472,2.8434,1879.7143,0.0,0.0,0.0,1859.79998779297,no_change,,0.0,0.0
SPXW,2026-09-10,20,Put,5800.0,SPXW260910P05800000,0.55,0.65,0.6000000000000001,0.6,-0.35,-36.8421,20.0,598.0,0.44,-0.0027,0.0,0.1566,-0.1471,-0.0101,0.6198,0.6,0.6,0.6,0.949999988079071,down,2026-08-21T15:47:50,0.0,0.0
SPXW,2026-09-10,20,Call,6000.0,SPXW260910C06000000,1674.0,1693.5,1683.75,0.0,0.0,0.0,0.0,0.0,0.3882,0.9959,0.0,0.2188,-0.1906,2.9372,1680.3784,0.0,0.0,0.0,1660.65002441406,no_change,,0.0,0.0
SPXW,2026-09-10,20,Put,6000.0,SPXW260910P06000000,0.75,0.9,0.825,1.0,0.0,0.0,0.0,445.0,0.4025,-0.0039,0.0,0.2188,-0.1905,-0.0147,0.8539,0.0,0.0,0.0,1.30000001192093,down,2026-08-19T10:59:55,0.0,0.0
SPXW,2026-09-10,20,Call,6100.0,SPXW260910C06100000,1569.9,1593.9,1581.9,0.0,0.0,0.0,0.0,0.0,0.3749,0.9951,0.0,0.2589,-0.2161,2.9834,1580.7395,0.0,0.0,0.0,1561.75,no_change,,0.0,0.0
SPXW,2026-09-10,20,Put,6100.0,SPXW260910P06100000,0.85,1.0,0.925,1.05,-0.475,-31.1475,1.0,175.0,0.3837,-0.0047,0.0,0.2589,-0.216,-0.0177,1.0001,1.05,1.05,1.05,1.52500003576279,down,2026-08-21T14:59:37,0.0,0.0
SPXW,2026-09-10,20,Call,6200.0,SPXW260910C06200000,1473.4,1494.2,1483.8000000000002,0.0,0.0,0.0,0.0,0.0,0.3548,0.9942,0.0,0.3061,-0.2441,3.0289,1481.1239,0.0,0.0,0.0,1462.20001220703,no_change,,0.0,0.0
SPXW,2026-09-10,20,Put,6200.0,SPXW260910P06200000,1.05,1.15,1.1,1.57,0.0,0.0,0.0,795.0,0.3652,-0.0057,0.0,0.3061,-0.2442,-0.0214,1.1699,0.0,0.0,0.0,1.77500003576279,down,2026-08-20T13:10:25,0.0,0.0
SPXW,2026-09-10,20,Call,6300.0,SPXW260910C06300000,1373.8,1394.6,1384.1999999999998,0.0,0.0,0.0,0.0,0.0,0.3381,0.993,0.0,0.3612,-0.275,3.0737,1381.5349,0.0,0.0,0.0,1362.15002441406,no_change,,0.0,0.0
SPXW,2026-09-10,20,Put,6300.0,SPXW260910P06300000,1.2,1.35,1.275,1.87,0.0,0.0,0.0,89.0,0.3471,-0.0069,0.0,0.3612,-0.2749,-0.0257,1.3653,0.0,0.0,0.0,2.10000002384186,up,2026-08-20T09:45:34,0.0,0.0
SPXW,2026-09-10,20,Call,6400.0,SPXW260910C06400000,1275.8,1295.0,1285.4,0.0,0.0,0.0,0.0,0.0,0.3199,0.9916,0.0,0.4277,-0.3089,3.1175,1281.9767,0.0,0.0,0.0,1262.75,no_change,,0.0,0.0
SPXW,2026-09-10,20,Put,6400.0,SPXW260910P06400000,1.45,1.55,1.5,1.75,-0.725,-29.2929,16.0,18.0,0.3279,-0.0083,0.0,0.4277,-0.3087,-0.0311,1.592,1.75,1.75,1.75,2.47500002384186,no_change,2026-08-21T10:50:45,0.0,0.0
SPXW,2026-09-10,20,Call,6500.0,SPXW260910C06500000,1171.6,1195.5,1183.55,0.0,0.0,0.0,0.0,0.0,0.3032,0.9898,0.0,0.5066,-0.3463,3.16,1182.4576,0.0,0.0,0.0,1163.60003662109,no_change,,0.0,0.0
SPXW,2026-09-10,20,Put,6500.0,SPXW260910P06500000,1.7,1.85,1.775,1.8,-1.125,-38.4615,61.0,179.0,0.3101,-0.01,0.0,0.5066,-0.3461,-0.0378,1.8579,2.2,2.2,1.8,2.92499995231628,down,2026-08-21T15:59:49,0.0,0.0
SPXW,2026-09-10,20,Call,6600.0,SPXW260910C06600000,1072.1,1096.0,1084.05,0.0,0.0,0.0,0.0,0.0,0.2848,0.9876,0.0001,0.6022,-0.3881,3.201,1082.9889,0.0,0.0,0.0,1064.59997558594,no_change,,0.0,0.0
SPXW,2026-09-10,20,Put,6600.0,SPXW260910P06600000,2.05,2.15,2.0999999999999996,2.2,-1.3,-37.1429,15.0,3309.0,0.2917,-0.0122,0.0001,0.6023,-0.3879,-0.0459,2.1743,2.44,2.44,2.09,3.5,no_change,2026-08-21T15:59:55,0.0,0.0
SPXW,2026-09-10,20,Call,6625.0,SPXW260910C06625000,1047.2,1070.2,1058.7,0.0,0.0,0.0,0.0,0.0,0.2814,0.987,0.0001,0.6298,-0.3994,3.2109,1058.1317,0.0,0.0,0.0,1039.40002441406,no_change,,0.0,0.0
SPXW,2026-09-10,20,Put,6625.0,SPXW260910P06625000,2.1,2.25,2.175,0.0,0.0,0.0,0.0,0.0,0.2867,-0.0129,0.0001,0.6298,-0.3992,-0.0483,2.2633,0.0,0.0,0.0,3.69999992847443,no_change,,0.0,0.0
SPXW,2026-09-10,20,Call,6650.0,SPXW260910C06650000,1022.5,1046.3,1034.4,0.0,0.0,0.0,0.0,0.0,0.276,0.9863,0.0001,0.6589,-0.411,3.2206,1033.2793,0.0,0.0,0.0,1014.60000610352,no_change,,0.0,0.0
SPXW,2026-09-10,20,Put,6650.0,SPXW260910P06650000,2.25,2.35,2.3,2.75,-1.05,-27.6316,10.0,40.0,0.2824,-0.0136,0.0001,0.6589,-0.4109,-0.0509,2.3572,2.75,2.75,2.75,3.80000007152557,down,2026-08-21T09:30:17,0.0,0.0
SPXW,2026-09-10,20,Call,6675.0,SPXW260910C06675000,997.6,1021.5,1009.55,0.0,0.0,0.0,0.0,0.0,0.2723,0.9856,0.0001,0.6895,-0.4232,3.2302,1008.4323,0.0,0.0,0.0,990.0,no_change,,0.0,0.0
SPXW,2026-09-10,20,Put,6675.0,SPXW260910P06675000,2.35,2.5,2.425,5.6,0.0,0.0,0.0,1.0,0.2772,-0.0143,0.0001,0.6895,-0.423,-0.0537,2.4561,0.0,0.0,0.0,4.0,down,2026-08-11T09:35:00,0.0,0.0
SPXW,2026-09-10,20,Call,6700.0,SPXW260910C06700000,977.6,996.7,987.1500000000001,0.0,0.0,0.0,0.0,0.0,0.2684,0.9848,0.0001,0.7218,-0.4359,3.2395,983.5914,0.0,0.0,0.0,965.25,no_change,,0.0,0.0
SPXW,2026-09-10,20,Put,6700.0,SPXW260910P06700000,2.45,2.6,2.5250000000000004,2.94,-1.26,-30.0,3.0,129.0,0.2727,-0.0151,0.0001,0.7219,-0.4357,-0.0566,2.5619,2.94,2.94,2.94,4.20000004768372,down,2026-08-21T10:59:18,0.0,0.0
SPXW,2026-09-10,20,Call,6725.0,SPXW260910C06725000,948.0,971.8,959.9,0.0,0.0,0.0,0.0,0.0,0.2628,0.984,0.0001,0.7559,-0.4491,3.2486,958.7572,0.0,0.0,0.0,940.399993896484,no_change,,0.0,0.0
SPXW,2026-09-10,20,Put,6725.0,SPXW260910P06725000,2.55,2.7,2.625,0.0,0.0,0.0,0.0,0.0,0.2681,-0.0159,0.0001,0.756,-0.4489,-0.0598,2.674,0.0,0.0,0.0,4.40000009536743,no_change,,0.0,0.0
SPXW,2026-09-10,20,Call,6750.0,SPXW260910C06750000,923.2,947.0,935.1,0.0,0.0,0.0,0.0,0.0,0.2586,0.9831,0.0001,0.7921,-0.4629,3.2575,933.9304,0.0,0.0,0.0,915.649993896484,no_change,,0.0,0.0
SPXW,2026-09-10,20,Put,6750.0,SPXW260910P06750000,2.7,2.85,2.7750000000000004,3.3,-1.3,-28.2609,2.0,0.0,0.2633,-0.0168,0.0001,0.7922,-0.4628,-0.0632,2.7936,3.3,3.3,3.3,4.59999990463257,down,2026-08-21T11:07:08,0.0,0.0
SPXW,2026-09-10,20,Call,6775.0,SPXW260910C06775000,898.4,922.2,910.3,0.0,0.0,0.0,0.0,0.0,0.2543,0.9821,0.0001,0.8307,-0.4775,3.2662,909.1119,0.0,0.0,0.0,891.299987792969,no_change,,0.0,0.0
SPXW,2026-09-10,20,Put,6775.0,SPXW260910P06775000,2.85,3.0,2.925,7.0,0.0,0.0,0.0,3.0,0.2588,-0.0178,0.0001,0.8308,-0.4773,-0.0668,2.9209,0.0,0.0,0.0,4.84999990463257,up,2026-08-10T15:39:12,0.0,0.0
SPXW,2026-09-10,20,Call,6800.0,SPXW260910C06800000,873.5,897.4,885.45,0.0,0.0,0.0,0.0,0.0,0.2498,0.9811,0.0001,0.8724,-0.4928,3.2746,884.3027,0.0,0.0,0.0,866.25,no_change,,0.0,0.0
SPXW,2026-09-10,20,Put,6800.0,SPXW260910P06800000,2.95,3.2,3.075,4.56,0.0,0.0,0.0,46.0,0.2538,-0.0188,0.0001,0.8726,-0.4926,-0.0707,3.0587,0.0,0.0,0.0,5.09999990463257,down,2026-08-20T10:45:19,0.0,0.0
SPXW,2026-09-10,20,Call,6825.0,SPXW260910C06825000,852.8,872.6,862.7,0.0,0.0,0.0,0.0,0.0,0.2452,0.9799,0.0001,0.9174,-0.5089,3.2827,859.5041,0.0,0.0,0.0,841.600006103516,no_change,,0.0,0.0
SPXW,2026-09-10,20,Put,6825.0,SPXW260910P06825000,3.1,3.3,3.2,3.2,-2.2,-40.7407,1.0,16.0,0.2493,-0.02,0.0001,0.9176,-0.5088,-0.0749,3.2065,3.2,3.2,3.2,5.40000009536743,down,2026-08-21T15:56:08,0.0,0.0
SPXW,2026-09-10,20,Call,6850.0,SPXW260910C06850000,823.9,846.9,835.4,924.25,0.0,0.0,0.0,1.0,0.2405,0.9787,0.0001,0.9658,-0.5261,3.2903,834.7177,0.0,0.0,0.0,817.299987792969,up,2026-08-10T09:30:14,0.0,0.0
SPXW,2026-09-10,20,Put,6850.0,SPXW260910P06850000,3.3,3.5,3.4,5.55,0.0,0.0,0.0,12.0,0.245,-0.0212,0.0001,0.9661,-0.526,-0.0796,3.3664,0.0,0.0,0.0,5.65000009536743,up,2026-08-20T14:18:29,0.0,0.0
SPXW,2026-09-10,20,Call,6875.0,SPXW260910C06875000,804.1,823.1,813.6,0.0,0.0,0.0,0.0,0.0,0.2367,0.9774,0.0001,1.0177,-0.5443,3.2974,809.9452,0.0,0.0,0.0,792.25,no_change,,0.0,0.0
SPXW,2026-09-10,20,Put,6875.0,SPXW260910P06875000,3.4,3.7,3.55,5.66,0.0,0.0,0.0,108.0,0.2394,-0.0225,0.0001,1.0181,-0.5442,-0.0848,3.5405,0.0,0.0,0.0,5.95000004768372,no_change,2026-08-20T14:03:14,0.0,0.0
SPXW,2026-09-10,20,Call,6900.0,SPXW260910C06900000,774.8,798.3,786.55,0.0,0.0,0.0,0.0,0.0,0.2317,0.9759,0.0001,1.0732,-0.5638,3.3041,785.1889,0.0,0.0,0.0,767.849975585938,no_change,,0.0,0.0
SPXW,2026-09-10,20,Put,6900.0,SPXW260910P06900000,3.6,3.9,3.75,3.8,-2.5,-39.6825,1.0,32.0,0.2349,-0.024,0.0001,1.0733,-0.5638,-0.0904,3.7304,3.8,3.8,3.8,6.29999995231628,down,2026-08-21T15:55:01,0.0,0.0
SPXW,2026-09-10,20,Call,6925.0,SPXW260910C06925000,749.7,773.6,761.6500000000001,0.0,0.0,0.0,0.0,0.0,0.2276,0.9743,0.0001,1.1329,-0.5847,3.3102,760.451,0.0,0.0,0.0,743.5,no_change,,0.0,0.0
SPXW,2026-09-10,20,Put,6925.0,SPXW260910P06925000,3.8,4.1,3.9499999999999997,5.2,0.0,0.0,0.0,46.0,0.2306,-0.0256,0.0001,1.1329,-0.5847,-0.0965,3.9387,0.0,0.0,0.0,6.65000009536743,down,2026-08-19T14:25:25,0.0,0.0
SPXW,2026-09-10,20,Call,6950.0,SPXW260910C06950000,724.9,748.1,736.5,0.0,0.0,0.0,0.0,0.0,0.2232,0.9725,0.0002,1.1977,-0.6072,3.3158,735.7338,0.0,0.0,0.0,718.5,no_change,,0.0,0.0
SPXW,2026-09-10,20,Put,6950.0,SPXW260910P06950000,4.1,4.3,4.199999999999999,4.9,-2.15,-30.4965,2.0,66.0,0.2261,-0.0274,0.0002,1.1977,-0.6072,-0.1032,4.1679,4.9,4.9,4.9,7.04999995231628,down,2026-08-21T11:05:36,0.0,0.0
SPXW,2026-09-10,20,Call,6975.0,SPXW260910C06975000,700.2,724.2,712.2,775.47,0.0,0.0,0.0,5.0,0.2187,0.9705,0.0002,1.2687,-0.6314,3.3208,711.0405,0.0,0.0,0.0,694.050018310547,down,2026-08-11T15:28:56,0.0,0.0
SPXW,2026-09-10,20,Put,6975.0,SPXW260910P06975000,4.3,4.6,4.449999999999999,4.8,-2.7,-36.0,69.0,152.0,0.221,-0.0294,0.0002,1.2691,-0.6315,-0.1106,4.422,4.98,5.0,4.8,7.5,down,2026-08-21T15:18:04,0.0,0.0
SPXW,2026-09-10,20,Call,7000.0,SPXW260910C07000000,679.0,699.5,689.25,694.72,25.07,3.74374,15.0,6.0,0.2139,0.9683,0.0002,1.3466,-0.6575,3.3248,686.3746,694.72,694.72,694.72,669.650024414062,down,2026-08-21T12:26:19,0.0,0.0
SPXW,2026-09-10,20,Put,7000.0,SPXW260910P07000000,4.6,4.8,4.699999999999999,4.8,-3.15,-39.6226,186.0,146.0,0.2166,-0.0316,0.0002,1.3467,-0.6575,-0.1188,4.7012,5.3,5.4,4.8,7.9500002861023,down,2026-08-21T15:56:30,0.0,0.0
SPXW,2026-09-10,20,Call,7025.0,SPXW260910C07025000,650.9,672.9,661.9,670.77,25.52,3.95506,15.0,0.0,0.2098,0.9659,0.0002,1.4315,-0.6857,3.3278,661.7406,670.77,670.77,670.77,645.25,up,2026-08-21T12:26:19,0.0,0.0
SPXW,2026-09-10,20,Put,7025.0,SPXW260910P07025000,4.9,5.1,5.0,5.07,-3.38,-40.0,25.0,22.0,0.2119,-0.034,0.0002,1.4315,-0.6858,-0.1281,5.0135,5.6,5.6,5.07,8.4500002861023,down,2026-08-21T15:53:25,0.0,0.0
SPXW,2026-09-10,20,Call,7050.0,SPXW260910C07050000,631.4,650.3,640.8499999999999,655.57,0.0,0.0,0.0,9.0,0.2054,0.9632,0.0002,1.5232,-0.7164,3.3297,637.1438,0.0,0.0,0.0,620.799987792969,down,2026-08-20T09:54:00,0.0,0.0
SPXW,2026-09-10,20,Put,7050.0,SPXW260910P07050000,5.2,5.5,5.35,8.5,0.0,0.0,0.0,156.0,0.2075,-0.0367,0.0002,1.5233,-0.7164,-0.1386,5.3629,0.0,0.0,0.0,9.0499997138977,up,2026-08-20T11:51:02,0.0,0.0
SPXW,2026-09-10,20,Call,7075.0,SPXW260910C07075000,601.7,623.7,612.7,0.0,0.0,0.0,0.0,0.0,0.2008,0.9602,0.0002,1.6229,-0.7497,3.3305,612.5895,0.0,0.0,0.0,596.399993896484,no_change,,0.0,0.0
SPXW,2026-09-10,20,Put,7075.0,SPXW260910P07075000,5.6,5.9,5.75,6.5,-3.15,-32.6425,1.0,32.0,0.2031,-0.0397,0.0002,1.6229,-0.7497,-0.1501,5.7549,6.5,6.5,6.5,9.65000009536743,down,2026-08-21T11:21:34,0.0,0.0
SPXW,2026-09-10,20,Call,7100.0,SPXW260910C07100000,577.2,599.6,588.4000000000001,606.5,0.0,0.0,0.0,10.0,0.1967,0.9568,0.0003,1.7326,-0.7859,3.33,588.0837,0.0,0.0,0.0,572.5,down,2026-08-20T09:54:00,0.0,0.0
SPXW,2026-09-10,20,Put,7100.0,SPXW260910P07100000,6.0,6.3,6.15,10.18,0.0,0.0,0.0,395.0,0.1985,-0.0431,0.0003,1.7326,-0.7859,-0.1628,6.1951,0.0,0.0,0.0,10.3499999046326,up,2026-08-20T14:50:54,0.0,0.0
SPXW,2026-09-10,20,Call,7125.0,SPXW260910C07125000,557.6,576.7,567.1500000000001,0.0,0.0,0.0,0.0,0.0,0.1922,0.9529,0.0003,1.854,-0.8251,3.3279,563.6333,0.0,0.0,0.0,548.049987792969,no_change,,0.0,0.0
SPXW,2026-09-10,20,Put,7125.0,SPXW260910P07125000,6.5,6.8,6.65,10.17,0.0,0.0,0.0,160.0,0.1942,-0.0469,0.0003,1.854,-0.8251,-0.1773,6.691,0.0,0.0,0.0,11.1500000953674,no_change,2026-08-20T13:48:31,0.0,0.0
SPXW,2026-09-10,20,Call,7150.0,SPXW260910C07150000,533.4,552.3,542.8499999999999,0.0,0.0,0.0,0.0,0.0,0.188,0.9486,0.0003,1.9867,-0.8677,3.3236,539.2477,0.0,0.0,0.0,524.050018310547,no_change,,0.0,0.0
SPXW,2026-09-10,20,Put,7150.0,SPXW260910P07150000,7.1,7.3,7.199999999999999,7.2,-4.75,-39.749,9.0,413.0,0.1899,-0.0512,0.0003,1.9867,-0.8677,-0.1938,7.2517,8.0,8.0,7.2,11.9500002861023,no_change,2026-08-21T15:43:09,0.0,0.0
SPXW,2026-09-10,20,Call,7175.0,SPXW260910C07175000,508.9,527.9,518.4,522.01,22.16,4.43333,5.0,5.0,0.1841,0.9438,0.0003,2.1301,-0.9138,3.3173,514.9371,522.01,522.01,522.01,499.850006103516,no_change,2026-08-21T15:43:09,0.0,0.0
SPXW,2026-09-10,20,Put,7175.0,SPXW260910P07175000,7.7,7.9,7.800000000000001,7.8,-5.15,-39.7683,5.0,192.0,0.1858,-0.0561,0.0003,2.1301,-0.9138,-0.2124,7.8873,7.8,7.8,7.8,12.9500002861023,no_change,2026-08-21T15:43:09,0.0,0.0
SPXW,2026-09-10,20,Call,7200.0,SPXW260910C07200000,484.9,503.7,494.29999999999995,497.81,21.86,4.59292,5.0,4.0,0.1802,0.9383,0.0004,2.2866,-0.9637,3.3089,490.7116,497.81,497.81,497.81,475.949996948242,no_change,2026-08-21T15:43:09,0.0,0.0
SPXW,2026-09-10,20,Put,7200.0,SPXW260910P07200000,8.4,8.7,8.55,9.2,-4.75,-34.0502,23.0,145.0,0.1816,-0.0616,0.0004,2.2866,-0.9637,-0.2331,8.6081,9.2,9.2,9.2,13.9500002861023,down,2026-08-21T14:04:20,0.0,0.0
SPXW,2026-09-10,20,Call,7225.0,SPXW260910C07225000,460.0,479.5,469.75,0.0,0.0,0.0,0.0,0.0,0.1759,0.9321,0.0004,2.4598,-1.0174,3.2978,466.583,0.0,0.0,0.0,452.199996948242,no_change,,0.0,0.0
SPXW,2026-09-10,20,Put,7225.0,SPXW260910P07225000,9.2,9.5,9.35,10.45,0.0,0.0,0.0,23.0,0.1775,-0.0677,0.0004,2.4598,-1.0174,-0.2565,9.4257,0.0,0.0,0.0,15.1500000953674,down,2026-08-19T11:30:06,0.0,0.0
SPXW,2026-09-10,20,Call,7250.0,SPXW260910C07250000,436.6,455.5,446.05,0.0,0.0,0.0,0.0,0.0,0.1721,0.9252,0.0004,2.648,-1.0751,3.2831,442.5669,0.0,0.0,0.0,428.150009155273,no_change,,0.0,0.0
SPXW,2026-09-10,20,Put,7250.0,SPXW260910P07250000,10.1,10.4,10.25,11.1,-5.35,-32.5228,1.0,93.0,0.1736,-0.0747,0.0004,2.648,-1.0751,-0.2834,10.3559,11.1,11.1,11.1,16.4499998092651,down,2026-08-21T14:02:06,0.0,0.0
SPXW,2026-09-10,20,Call,7270.0,SPXW260910C07270000,412.4,435.5,423.95,0.0,0.0,0.0,0.0,0.0,0.1692,0.9189,0.0005,2.8081,-1.1241,3.269,423.4469,0.0,0.0,0.0,0.0,no_change,,0.0,0.0
SPXW,2026-09-10,20,Put,7270.0,SPXW260910P07270000,10.9,11.2,11.05,0.0,0.0,0.0,0.0,0.0,0.1703,-0.0809,0.0005,2.8081,-1.1241,-0.3074,11.1929,0.0,0.0,0.0,0.0,no_change,,0.0,0.0
SPXW,2026-09-10,20,Call,7275.0,SPXW260910C07275000,412.2,431.6,421.9,517.55,0.0,0.0,0.0,5.0,0.1683,0.9172,0.0005,2.8497,-1.1368,3.2652,418.6808,0.0,0.0,0.0,404.650009155273,down,2026-08-07T11:44:55,0.0,0.0
SPXW,2026-09-10,20,Put,7275.0,SPXW260910P07275000,11.1,11.4,11.25,11.55,-6.4,-35.6546,1.0,63.0,0.1696,-0.0826,0.0005,2.8497,-1.1368,-0.3137,11.4161,11.55,11.55,11.55,17.9499998092651,down,2026-08-21T11:51:42,0.0,0.0
SPXW,2026-09-10,20,Call,7280.0,SPXW260910C07280000,407.5,426.8,417.15,0.0,0.0,0.0,0.0,0.0,0.1677,0.9156,0.0005,2.892,-1.1496,3.2612,413.9207,0.0,0.0,0.0,0.0,no_change,,0.0,0.0
SPXW,2026-09-10,20,Put,7280.0,SPXW260910P07280000,11.3,11.6,11.45,0.0,0.0,0.0,0.0,0.0,0.1689,-0.0843,0.0005,2.892,-1.1496,-0.3202,11.6452,0.0,0.0,0.0,0.0,no_change,,0.0,0.0
SPXW,2026-09-10,20,Call,7290.0,SPXW260910C07290000,393.4,416.2,404.79999999999995,0.0,0.0,0.0,0.0,0.0,0.1662,0.912,0.0005,2.9791,-1.1757,3.2528,404.4185,0.0,0.0,0.0,0.0,no_change,,0.0,0.0
SPXW,2026-09-10,20,Put,7290.0,SPXW260910P07290000,11.8,12.1,11.95,12.88,12.88,0.0,10.0,0.0,0.1673,-0.0878,0.0005,2.9791,-1.1757,-0.3335,12.1215,12.88,12.88,12.88,0.0,up,2026-08-21T14:25:44,0.0,0.0
SPXW,2026-09-10,20,Call,7300.0,SPXW260910C07300000,388.7,407.8,398.25,494.19,0.0,0.0,0.0,5.0,0.1646,0.9083,0.0006,3.0697,-1.2024,3.2437,394.9417,0.0,0.0,0.0,381.399993896484,down,2026-08-07T11:44:55,0.0,0.0
SPXW,2026-09-10,20,Put,7300.0,SPXW260910P07300000,12.3,12.6,12.45,13.31,-6.34,-32.2646,12.0,192.0,0.1657,-0.0916,0.0006,3.0697,-1.2024,-0.3475,12.6232,13.24,13.31,13.24,19.6499996185303,up,2026-08-21T14:25:44,0.0,0.0
SPXW,2026-09-10,20,Call,7310.0,SPXW260910C07310000,374.5,397.3,385.9,0.0,0.0,0.0,0.0,0.0,0.1629,0.9044,0.0006,3.1636,-1.2297,3.2337,385.4919,0.0,0.0,0.0,0.0,no_change,,0.0,0.0
SPXW,2026-09-10,20,Put,7310.0,SPXW260910P07310000,12.8,13.1,12.95,13.77,13.77,0.0,1.0,0.0,0.1642,-0.0954,0.0006,3.1636,-1.2297,-0.3624,13.152,13.77,13.77,13.77,0.0,up,2026-08-21T13:30:24,0.0,0.0
SPXW,2026-09-10,20,Call,7320.0,SPXW260910C07320000,369.7,388.9,379.29999999999995,0.0,0.0,0.0,0.0,0.0,0.1615,0.9003,0.0006,3.2601,-1.2576,3.2227,376.0711,0.0,0.0,0.0,0.0,no_change,,0.0,0.0
SPXW,2026-09-10,20,Put,7320.0,SPXW260910P07320000,13.4,13.7,13.55,14.27,14.27,0.0,1.0,0.0,0.1627,-0.0995,0.0006,3.2601,-1.2576,-0.3783,13.7096,14.27,14.27,14.27,0.0,up,2026-08-21T13:30:24,0.0,0.0
SPXW,2026-09-10,20,Call,7325.0,SPXW260910C07325000,369.6,375.3,372.45000000000005,386.46,0.0,0.0,0.0,1.0,0.1608,0.8982,0.0006,3.3093,-1.2717,3.2169,371.3721,0.0,0.0,0.0,358.25,down,2026-08-20T13:00:45,0.0,0.0
SPXW,2026-09-10,20,Put,7325.0,SPXW260910P07325000,13.7,14.0,13.85,14.68,-6.77,-31.5618,4.0,274.0,0.1619,-0.1017,0.0006,3.3093,-1.2717,-0.3865,13.9999,14.15,14.68,13.9,21.4499998092651,no_change,2026-08-21T12:57:22,0.0,0.0
SPXW,2026-09-10,20,Call,7330.0,SPXW260910C07330000,364.9,370.6,367.75,0.0,0.0,0.0,0.0,0.0,0.16,0.896,0.0006,3.3589,-1.286,3.2109,366.6811,0.0,0.0,0.0,0.0,no_change,,0.0,0.0
SPXW,2026-09-10,20,Put,7330.0,SPXW260910P07330000,14.0,14.3,14.15,0.0,0.0,0.0,0.0,0.0,0.1612,-0.1038,0.0006,3.3589,-1.286,-0.395,14.2981,0.0,0.0,0.0,0.0,no_change,,0.0,0.0
SPXW,2026-09-10,20,Call,7340.0,SPXW260910C07340000,355.6,361.2,358.4,0.0,0.0,0.0,0.0,0.0,0.1587,0.8915,0.0006,3.4596,-1.3151,3.1984,357.3237,0.0,0.0,0.0,0.0,no_change,,0.0,0.0
SPXW,2026-09-10,20,Put,7340.0,SPXW260910P07340000,14.6,14.9,14.75,0.0,0.0,0.0,0.0,0.0,0.1597,-0.1084,0.0006,3.4596,-1.3151,-0.4125,14.9192,0.0,0.0,0.0,0.0,no_change,,0.0,0.0
SPXW,2026-09-10,20,Call,7350.0,SPXW260910C07350000,346.3,351.9,349.1,0.0,0.0,0.0,0.0,0.0,0.1572,0.8868,0.0007,3.5626,-1.3446,3.1851,348.0005,0.0,0.0,0.0,335.399993896484,no_change,,0.0,0.0
SPXW,2026-09-10,20,Put,7350.0,SPXW260910P07350000,15.2,15.5,15.35,16.28,-7.27,-30.8705,4.0,167.0,0.1581,-0.1131,0.0007,3.5626,-1.3446,-0.4306,15.5745,17.0,17.0,15.61,23.5500001907349,no_change,2026-08-21T12:57:22,0.0,0.0
SPXW,2026-09-10,20,Call,7360.0,SPXW260910C07360000,337.0,342.6,339.8,0.0,0.0,0.0,0.0,0.0,0.1557,0.8818,0.0007,3.6687,-1.3747,3.1711,338.7131,0.0,0.0,0.0,0.0,no_change,,0.0,0.0
SPXW,2026-09-10,20,Put,7360.0,SPXW260910P07360000,15.9,16.2,16.05,0.0,0.0,0.0,0.0,0.0,0.1566,-0.1181,0.0007,3.6687,-1.3747,-0.4496,16.2657,0.0,0.0,0.0,0.0,no_change,,0.0,0.0
SPXW,2026-09-10,20,Call,7370.0,SPXW260910C07370000,327.4,333.3,330.35,0.0,0.0,0.0,0.0,0.0,0.1541,0.8765,0.0007,3.7786,-1.4052,3.1561,329.4636,0.0,0.0,0.0,0.0,no_change,,0.0,0.0
SPXW,2026-09-10,20,Put,7370.0,SPXW260910P07370000,16.6,17.0,16.8,17.4,17.4,0.0,4.0,0.0,0.1553,-0.1234,0.0007,3.7786,-1.4052,-0.4694,16.9947,19.32,20.17,17.4,0.0,down,2026-08-21T13:04:02,0.0,0.0
SPXW,2026-09-10,20,Call,7375.0,SPXW260910C07375000,322.8,328.6,325.70000000000005,0.0,0.0,0.0,0.0,0.0,0.1534,0.8738,0.0007,3.8349,-1.4206,3.1482,324.8538,0.0,0.0,0.0,312.850006103516,no_change,,0.0,0.0
SPXW,2026-09-10,20,Put,7375.0,SPXW260910P07375000,17.0,17.3,17.15,17.75,-8.15,-31.4672,24.0,81.0,0.1544,-0.1261,0.0007,3.8349,-1.4206,-0.4798,17.3741,20.31,20.75,17.75,25.9000005722046,down,2026-08-21T13:04:02,0.0,0.0
SPXW,2026-09-10,20,Call,7380.0,SPXW260910C07380000,318.2,324.1,321.15,0.0,0.0,0.0,0.0,0.0,0.1527,0.871,0.0008,3.8921,-1.4362,3.14,320.2543,0.0,0.0,0.0,0.0,no_change,,0.0,0.0
SPXW,2026-09-10,20,Put,7380.0,SPXW260910P07380000,17.4,17.7,17.549999999999997,20.89,20.89,0.0,3.0,0.0,0.1536,-0.1289,0.0008,3.8921,-1.4362,-0.4905,17.7639,20.12,20.97,20.12,0.0,down,2026-08-21T09:35:05,0.0,0.0
SPXW,2026-09-10,20,Call,7390.0,SPXW260910C07390000,309.0,314.8,311.9,0.0,0.0,0.0,0.0,0.0,0.1514,0.8652,0.0008,4.0084,-1.4675,3.1225,311.0883,0.0,0.0,0.0,299.449996948242,no_change,,0.0,0.0
SPXW,2026-09-10,20,Put,7390.0,SPXW260910P07390000,18.2,18.5,18.35,18.38,-9.07,-33.0419,2.0,2.0,0.1522,-0.1346,0.0008,4.0084,-1.4675,-0.513,18.5763,19.53,19.53,18.38,27.4499998092651,down,2026-08-21T15:55:47,0.0,0.0
SPXW,2026-09-10,20,Call,7400.0,SPXW260910C07400000,299.9,305.7,302.79999999999995,0.0,0.0,0.0,0.0,0.0,0.15,0.8591,0.0008,4.1266,-1.4992,3.1037,301.9684,0.0,0.0,0.0,290.550003051758,no_change,,0.0,0.0
SPXW,2026-09-10,20,Put,7400.0,SPXW260910P07400000,19.1,19.4,19.25,19.21,-9.34,-32.7145,27.0,89.0,0.1507,-0.1407,0.0008,4.1266,-1.4992,-0.5367,19.435,22.05,22.66,19.21,28.5500001907349,down,2026-08-21T15:55:47,0.0,0.0
SPXW,2026-09-10,20,Call,7410.0,SPXW260910C07410000,290.8,296.6,293.70000000000005,0.0,0.0,0.0,0.0,0.0,0.1484,0.8527,0.0009,4.2461,-1.5311,3.0838,292.8975,0.0,0.0,0.0,281.699996948242,no_change,,0.0,0.0
SPXW,2026-09-10,20,Put,7410.0,SPXW260910P07410000,20.0,20.3,20.15,20.56,-9.14,-30.7744,1.0,2.0,0.1493,-0.1471,0.0009,4.2461,-1.5311,-0.5614,20.3426,20.56,20.56,20.56,29.6999998092651,down,2026-08-21T13:07:29,0.0,0.0
SPXW,2026-09-10,20,Call,7420.0,SPXW260910C07420000,281.8,287.5,284.65,0.0,0.0,0.0,0.0,0.0,0.147,0.846,0.0009,4.3674,-1.5633,3.0631,283.878,0.0,0.0,0.0,272.900009155273,no_change,,0.0,0.0
SPXW,2026-09-10,20,Put,7420.0,SPXW260910P07420000,20.9,21.3,21.1,21.44,-9.46,-30.6149,2.0,19.0,0.1478,-0.1538,0.0009,4.3674,-1.5633,-0.5871,21.3016,21.44,21.44,21.44,30.9000005722046,down,2026-08-21T13:07:29,0.0,0.0
SPXW,2026-09-10,20,Call,7425.0,SPXW260910C07425000,277.3,283.0,280.15,264.8,0.0,0.0,0.0,5.0,0.1463,0.8425,0.0009,4.4291,-1.5794,3.0523,279.3883,0.0,0.0,0.0,268.599990844727,down,2026-08-20T16:11:29,0.0,0.0
SPXW,2026-09-10,20,Put,7425.0,SPXW260910P07425000,21.4,21.8,21.6,21.92,-9.63,-30.523,29.0,83.0,0.1471,-0.1573,0.0009,4.4291,-1.5794,-0.6003,21.8011,25.02,25.12,21.92,31.5500001907349,down,2026-08-21T13:07:29,0.0,0.0
SPXW,2026-09-10,20,Call,7430.0,SPXW260910C07430000,272.8,278.6,275.70000000000005,0.0,0.0,0.0,0.0,0.0,0.1455,0.839,0.0009,4.4917,-1.5956,3.0413,274.9124,0.0,0.0,0.0,264.25,no_change,,0.0,0.0
SPXW,2026-09-10,20,Put,7430.0,SPXW260910P07430000,21.9,22.3,22.1,22.0,-10.15,-31.5708,1.0,26.0,0.1463,-0.1609,0.0009,4.4917,-1.5956,-0.6138,22.3145,22.0,22.0,22.0,32.1499996185303,down,2026-08-21T15:53:05,0.0,0.0
SPXW,2026-09-10,20,Call,7440.0,SPXW260910C07440000,263.9,269.6,266.75,305.72,0.0,0.0,0.0,1.0,0.1441,0.8316,0.001,4.6194,-1.628,3.0179,266.0039,0.0,0.0,0.0,255.549995422363,up,2026-08-19T16:00:36,0.0,0.0
SPXW,2026-09-10,20,Put,7440.0,SPXW260910P07440000,23.0,23.3,23.15,23.95,-9.55,-28.5075,2.0,10.0,0.1449,-0.1683,0.001,4.6194,-1.628,-0.6421,23.3845,22.6,23.95,22.6,33.5,up,2026-08-21T14:00:16,0.0,0.0
SPXW,2026-09-10,20,Call,7450.0,SPXW260910C07450000,255.3,260.7,258.0,243.3,0.0,0.0,0.0,7.0,0.1428,0.8238,0.001,4.7499,-1.6604,2.9928,257.1567,0.0,0.0,0.0,247.0,down,2026-08-20T16:11:29,0.0,0.0
SPXW,2026-09-10,20,Put,7450.0,SPXW260910P07450000,24.1,24.5,24.3,24.9,-10.0,-28.6533,31.0,114.0,0.1435,-0.1761,0.001,4.7499,-1.6604,-0.6722,24.5158,28.0,28.03,24.9,34.8999996185303,down,2026-08-21T13:45:59,0.0,0.0
SPXW,2026-09-10,20,Call,7460.0,SPXW260910C07460000,246.5,251.9,249.2,287.84,0.0,0.0,0.0,1.0,0.1413,0.8156,0.001,4.8815,-1.6926,2.9658,248.3751,0.0,0.0,0.0,238.5,up,2026-08-19T16:00:36,0.0,0.0
SPXW,2026-09-10,20,Put,7460.0,SPXW260910P07460000,25.3,25.7,25.5,26.25,-10.1,-27.7854,4.0,29.0,0.1421,-0.1842,0.001,4.8815,-1.6926,-0.704,25.7127,26.85,26.85,24.7,36.3500003814697,up,2026-08-21T14:00:16,0.0,0.0
SPXW,2026-09-10,20,Call,7470.0,SPXW260910C07470000,237.6,243.2,240.39999999999998,0.0,0.0,0.0,0.0,0.0,0.1399,0.8071,0.0011,5.0129,-1.7247,2.9375,239.6633,0.0,0.0,0.0,230.049995422363,no_change,,0.0,0.0
SPXW,2026-09-10,20,Put,7470.0,SPXW260910P07470000,26.5,26.9,26.7,37.41,0.0,0.0,0.0,43.0,0.1406,-0.1928,0.0011,5.0129,-1.7247,-0.7373,26.9794,0.0,0.0,0.0,37.8999996185303,down,2026-08-20T15:09:43,0.0,0.0
SPXW,2026-09-10,20,Call,7475.0,SPXW260910C07475000,233.3,238.8,236.05,270.05,0.0,0.0,0.0,22.0,0.1393,0.8027,0.0011,5.0786,-1.7406,2.9229,235.3346,0.0,0.0,0.0,225.849998474121,down,2026-08-18T11:28:26,0.0,0.0
SPXW,2026-09-10,20,Put,7475.0,SPXW260910P07475000,27.2,27.6,27.4,27.2,-11.5,-29.7158,26.0,93.0,0.1398,-0.1972,0.0011,5.0786,-1.7406,-0.7543,27.64,31.4,31.8,25.93,38.7000007629394,down,2026-08-21T15:53:05,0.0,0.0
SPXW,2026-09-10,20,Call,7480.0,SPXW260910C07480000,229.0,234.5,231.75,255.47,0.0,0.0,0.0,1.0,0.1386,0.7981,0.0011,5.1446,-1.7564,2.9081,231.0246,0.0,0.0,0.0,221.75,down,2026-08-20T09:56:21,0.0,0.0
SPXW,2026-09-10,20,Put,7480.0,SPXW260910P07480000,27.9,28.2,28.049999999999997,29.6,-9.9,-25.0633,2.0,79.0,0.1392,-0.2018,0.0011,5.1446,-1.7564,-0.7716,28.3192,27.1,29.6,27.1,39.5,up,2026-08-21T14:33:15,0.0,0.0
SPXW,2026-09-10,20,Call,7490.0,SPXW260910C07490000,220.4,225.9,223.15,261.26,0.0,0.0,0.0,1.0,0.1371,0.7887,0.0012,5.2778,-1.7876,2.8772,222.4622,0.0,0.0,0.0,213.699996948242,up,2026-08-19T16:00:36,0.0,0.0
SPXW,2026-09-10,20,Put,7490.0,SPXW260910P07490000,29.3,29.6,29.450000000000003,28.4,-12.8,-31.068,1.0,17.0,0.1377,-0.2112,0.0012,5.2778,-1.7876,-0.8074,29.7354,28.4,28.4,28.4,41.2000007629394,down,2026-08-21T12:21:10,0.0,0.0
SPXW,2026-09-10,20,Call,7495.0,SPXW260910C07495000,216.2,221.6,218.89999999999998,0.0,0.0,0.0,0.0,0.0,0.1365,0.7838,0.0012,5.3453,-1.803,2.861,218.2111,0.0,0.0,0.0,0.0,no_change,,0.0,0.0
SPXW,2026-09-10,20,Put,7495.0,SPXW260910P07495000,30.0,30.4,30.2,30.0,30.0,0.0,2.0,0.0,0.1369,-0.216,0.0012,5.3453,-1.803,-0.8261,30.4735,30.18,30.18,30.0,0.0,down,2026-08-21T15:53:05,0.0,0.0
SPXW,2026-09-10,20,Call,7500.0,SPXW260910C07500000,211.9,217.4,214.65,259.87,0.0,0.0,0.0,64.0,0.1356,0.7789,0.0012,5.4132,-1.8182,2.8442,213.981,0.0,0.0,0.0,205.5,no_change,2026-08-19T15:32:21,0.0,0.0
SPXW,2026-09-10,20,Put,7500.0,SPXW260910P07500000,30.8,31.1,30.950000000000003,30.7,-12.3,-28.6047,24.0,142.0,0.1363,-0.221,0.0012,5.4132,-1.8182,-0.8453,31.2326,35.2,35.6,29.18,43.0,down,2026-08-21T15:53:05,0.0,0.0
SPXW,2026-09-10,20,Call,7505.0,SPXW260910C07505000,207.8,213.2,210.5,0.0,0.0,0.0,0.0,0.0,0.135,0.7738,0.0012,5.4813,-1.8332,2.8268,209.7726,0.0,0.0,0.0,0.0,no_change,,0.0,0.0
SPXW,2026-09-10,20,Put,7505.0,SPXW260910P07505000,31.5,31.9,31.7,31.2,31.2,0.0,3.0,0.0,0.1356,-0.2261,0.0012,5.4813,-1.8332,-0.8652,32.0135,30.1,31.2,30.1,0.0,up,2026-08-21T15:59:34,0.0,0.0
SPXW,2026-09-10,20,Call,7510.0,SPXW260910C07510000,203.6,208.9,206.25,0.0,0.0,0.0,0.0,0.0,0.1342,0.7685,0.0012,5.5491,-1.848,2.8088,205.5868,0.0,0.0,0.0,197.400001525879,no_change,,0.0,0.0
SPXW,2026-09-10,20,Put,7510.0,SPXW260910P07510000,32.3,32.7,32.5,30.56,-14.29,-31.8618,12.0,10.0,0.1349,-0.2313,0.0012,5.5491,-1.848,-0.8856,32.8169,36.62,36.62,30.56,44.8500003814697,down,2026-08-21T11:53:39,0.0,0.0
SPXW,2026-09-10,20,Call,7515.0,SPXW260910C07515000,199.4,204.7,202.05,0.0,0.0,0.0,0.0,0.0,0.1337,0.7632,0.0013,5.6165,-1.8626,2.7904,201.4241,0.0,0.0,0.0,0.0,no_change,,0.0,0.0
SPXW,2026-09-10,20,Put,7515.0,SPXW260910P07515000,33.1,33.5,33.3,31.6,31.6,0.0,1.0,0.0,0.1342,-0.2367,0.0013,5.6165,-1.8626,-0.9065,33.6435,31.6,31.6,31.6,0.0,up,2026-08-21T12:21:11,0.0,0.0
SPXW,2026-09-10,20,Call,7520.0,SPXW260910C07520000,195.2,200.6,197.89999999999998,212.08,0.0,0.0,0.0,52.0,0.1328,0.7577,0.0013,5.6832,-1.8768,2.7715,197.2853,0.0,0.0,0.0,189.100006103516,down,2026-08-20T13:00:45,0.0,0.0
SPXW,2026-09-10,20,Put,7520.0,SPXW260910P07520000,34.0,34.4,34.2,33.9,-12.9,-27.5641,32.0,13.0,0.1336,-0.2421,0.0013,5.6832,-1.8768,-0.9278,34.4939,37.76,39.26,33.9,46.7999992370606,down,2026-08-21T15:53:05,0.0,0.0
SPXW,2026-09-10,20,Call,7525.0,SPXW260910C07525000,191.1,196.4,193.75,183.03,0.0,0.0,0.0,6.0,0.1322,0.7521,0.0013,5.7492,-1.8909,2.7523,193.1708,0.0,0.0,0.0,185.0,down,2026-08-20T16:01:45,0.0,0.0
SPXW,2026-09-10,20,Put,7525.0,SPXW260910P07525000,34.8,35.2,35.0,36.4,-11.4,-23.8494,7.0,111.0,0.1327,-0.2477,0.0013,5.7492,-1.8909,-0.9495,35.3686,39.6,39.6,34.7,47.7999992370606,up,2026-08-21T14:37:46,0.0,0.0
SPXW,2026-09-10,20,Call,7530.0,SPXW260910C07530000,187.2,192.2,189.7,179.13,0.0,0.0,0.0,1.0,0.1315,0.7464,0.0014,5.8146,-1.9046,2.7328,189.081,0.0,0.0,0.0,181.450004577637,down,2026-08-20T16:01:45,0.0,0.0
SPXW,2026-09-10,20,Put,7530.0,SPXW260910P07530000,35.7,36.1,35.900000000000006,35.6,-13.25,-27.1238,2.0,7.0,0.132,-0.2534,0.0014,5.8146,-1.9046,-0.9714,36.2682,35.6,35.6,35.6,48.8500003814697,no_change,2026-08-21T15:53:05,0.0,0.0
SPXW,2026-09-10,20,Call,7535.0,SPXW260910C07535000,183.1,188.1,185.6,0.0,0.0,0.0,0.0,0.0,0.1309,0.7406,0.0014,5.8797,-1.918,2.713,185.0166,0.0,0.0,0.0,0.0,no_change,,0.0,0.0
SPXW,2026-09-10,20,Put,7535.0,SPXW260910P07535000,36.6,37.0,36.8,36.4,36.4,0.0,1.0,0.0,0.1314,-0.2593,0.0014,5.8797,-1.918,-0.9937,37.193,36.4,36.4,36.4,0.0,up,2026-08-21T12:21:22,0.0,0.0
SPXW,2026-09-10,20,Call,7540.0,SPXW260910C07540000,179.1,184.0,181.55,224.12,0.0,0.0,0.0,40.0,0.1301,0.7346,0.0014,5.9445,-1.931,2.6927,180.978,0.0,0.0,0.0,173.599998474121,up,2026-08-19T13:12:18,0.0,0.0
SPXW,2026-09-10,20,Put,7540.0,SPXW260910P07540000,37.6,38.0,37.8,39.14,-11.86,-23.2549,13.0,56.0,0.1307,-0.2653,0.0014,5.9445,-1.931,-1.0165,38.1437,41.9,42.17,37.4,51.0,up,2026-08-21T14:16:40,0.0,0.0
SPXW,2026-09-10,20,Call,7545.0,SPXW260910C07545000,175.1,180.0,177.55,0.0,0.0,0.0,0.0,0.0,0.1294,0.7285,0.0014,6.0093,-1.9437,2.6718,176.9661,0.0,0.0,0.0,0.0,no_change,,0.0,0.0
SPXW,2026-09-10,20,Put,7545.0,SPXW260910P07545000,38.6,38.9,38.75,38.4,38.4,0.0,1.0,0.0,0.13,-0.2714,0.0014,6.0093,-1.9437,-1.0399,39.121,38.4,38.4,38.4,0.0,up,2026-08-21T15:53:05,0.0,0.0
SPXW,2026-09-10,20,Call,7550.0,SPXW260910C07550000,171.1,176.0,173.55,178.92,0.0,0.0,0.0,10.0,0.1287,0.7223,0.0014,6.0739,-1.9559,2.6501,172.9817,0.0,0.0,0.0,165.900001525879,down,2026-08-20T13:21:18,0.0,0.0
SPXW,2026-09-10,20,Put,7550.0,SPXW260910P07550000,39.5,39.9,39.7,39.4,-13.9,-26.0788,11.0,120.0,0.1293,-0.2776,0.0014,6.0739,-1.9559,-1.064,40.1258,43.91,44.0,36.94,53.2999992370606,down,2026-08-21T15:53:05,0.0,0.0
SPXW,2026-09-10,20,Call,7555.0,SPXW260910C07555000,167.1,172.1,169.6,0.0,0.0,0.0,0.0,0.0,0.1281,0.7159,0.0015,6.138,-1.9677,2.6277,169.0258,0.0,0.0,0.0,0.0,no_change,,0.0,0.0
SPXW,2026-09-10,20,Put,7555.0,SPXW260910P07555000,40.6,41.0,40.8,40.4,40.4,0.0,1.0,0.0,0.1286,-0.284,0.0015,6.138,-1.9677,-1.0889,41.1592,40.4,40.4,40.4,0.0,up,2026-08-21T15:53:05,0.0,0.0
SPXW,2026-09-10,20,Call,7560.0,SPXW260910C07560000,163.2,168.1,165.64999999999998,208.55,0.0,0.0,0.0,30.0,0.1274,0.7094,0.0015,6.2013,-1.979,2.6046,165.0994,0.0,0.0,0.0,158.300003051758,up,2026-08-19T13:15:18,0.0,0.0
SPXW,2026-09-10,20,Put,7560.0,SPXW260910P07560000,41.6,42.0,41.8,49.29,0.0,0.0,0.0,69.0,0.128,-0.2905,0.0015,6.2013,-1.979,-1.1144,42.222,0.0,0.0,0.0,55.6499996185303,up,2026-08-20T12:19:36,0.0,0.0
SPXW,2026-09-10,20,Call,7565.0,SPXW260910C07565000,159.2,164.2,161.7,0.0,0.0,0.0,0.0,0.0,0.1267,0.7028,0.0015,6.2633,-1.9899,2.581,161.2033,0.0,0.0,0.0,0.0,no_change,,0.0,0.0
SPXW,2026-09-10,20,Put,7565.0,SPXW260910P07565000,42.7,43.1,42.900000000000006,0.0,0.0,0.0,0.0,0.0,0.1272,-0.2971,0.0015,6.2633,-1.9899,-1.1405,43.3152,0.0,0.0,0.0,0.0,no_change,,0.0,0.0
SPXW,2026-09-10,20,Call,7570.0,SPXW260910C07570000,155.4,160.3,157.85000000000002,0.0,0.0,0.0,0.0,0.0,0.1261,0.696,0.0015,6.3238,-2.0002,2.557,157.3383,0.0,0.0,0.0,150.800003051758,no_change,,0.0,0.0
SPXW,2026-09-10,20,Put,7570.0,SPXW260910P07570000,43.8,44.2,44.0,43.6,-14.5,-24.957,2.0,60.0,0.1266,-0.3039,0.0015,6.3238,-2.0002,-1.1669,44.4395,41.82,43.6,41.82,58.1000003814697,up,2026-08-21T15:53:05,0.0,0.0
SPXW,2026-09-10,20,Call,7575.0,SPXW260910C07575000,153.9,154.4,154.15,195.12,0.0,0.0,0.0,32.0,0.1261,0.6891,0.0016,6.3826,-2.0099,2.5327,153.5049,0.0,0.0,0.0,147.099998474121,up,2026-08-19T13:11:10,0.0,0.0
SPXW,2026-09-10,20,Put,7575.0,SPXW260910P07575000,44.9,45.3,45.099999999999994,44.3,-15.1,-25.4209,8.0,49.0,0.1258,-0.3108,0.0016,6.3826,-2.0099,-1.1937,45.5953,49.6,50.6,44.3,59.3999996185303,down,2026-08-21T12:21:22,0.0,0.0
SPXW,2026-09-10,20,Call,7580.0,SPXW260910C07580000,150.1,150.6,150.35,0.0,0.0,0.0,0.0,0.0,0.1253,0.682,0.0016,6.44,-2.0191,2.5081,149.7037,0.0,0.0,0.0,143.5,no_change,,0.0,0.0
SPXW,2026-09-10,20,Put,7580.0,SPXW260910P07580000,46.1,46.5,46.3,47.05,-13.7,-22.5514,1.0,130.0,0.1252,-0.3179,0.0016,6.44,-2.0191,-1.2208,46.7833,47.05,47.05,47.05,60.75,down,2026-08-21T11:21:34,0.0,0.0
SPXW,2026-09-10,20,Call,7585.0,SPXW260910C07585000,146.3,146.8,146.55,151.5,151.5,0.0,1.0,0.0,0.1246,0.6748,0.0016,6.4962,-2.0277,2.483,145.9352,151.5,151.5,151.5,0.0,up,2026-08-21T15:38:56,0.0,0.0
SPXW,2026-09-10,20,Put,7585.0,SPXW260910P07585000,47.3,47.7,47.5,53.4,53.4,0.0,1.0,0.0,0.1244,-0.3251,0.0016,6.4962,-2.0277,-1.2483,48.0041,53.4,53.4,53.4,0.0,up,2026-08-21T10:35:13,0.0,0.0
SPXW,2026-09-10,20,Call,7590.0,SPXW260910C07590000,142.5,143.0,142.75,181.2,0.0,0.0,0.0,4.0,0.1239,0.6674,0.0016,6.5513,-2.0356,2.4573,142.2003,0.0,0.0,0.0,136.300003051758,down,2026-08-18T09:58:06,0.0,0.0
SPXW,2026-09-10,20,Put,7590.0,SPXW260910P07590000,48.6,49.0,48.8,46.86,-16.64,-26.2047,57.0,1254.0,0.1238,-0.3324,0.0016,6.5513,-2.0356,-1.2765,49.2584,53.2,54.3,46.82,63.5,no_change,2026-08-21T15:42:49,0.0,0.0
SPXW,2026-09-10,20,Call,7595.0,SPXW260910C07595000,138.8,139.3,139.05,0.0,0.0,0.0,0.0,0.0,0.1234,0.66,0.0016,6.6053,-2.0428,2.4308,138.5,0.0,0.0,0.0,0.0,no_change,,0.0,0.0
SPXW,2026-09-10,20,Put,7595.0,SPXW260910P07595000,49.8,50.2,50.0,0.0,0.0,0.0,0.0,0.0,0.1231,-0.3399,0.0016,6.6053,-2.0428,-1.3054,50.5474,0.0,0.0,0.0,0.0,no_change,,0.0,0.0
SPXW,2026-09-10,20,Call,7600.0,SPXW260910C07600000,135.1,135.6,135.35,139.4,10.2,7.89474,4.0,40.0,0.1226,0.6523,0.0017,6.658,-2.0494,2.4034,134.8356,139.4,139.4,139.4,129.199996948242,down,2026-08-21T11:09:35,0.0,0.0
SPXW,2026-09-10,20,Put,7600.0,SPXW260910P07600000,51.1,51.6,51.35,52.93,-13.47,-20.2861,923.0,203.0,0.1224,-0.3475,0.0017,6.658,-2.0494,-1.3352,51.8723,56.27,57.8,47.77,66.3999977111816,up,2026-08-21T14:16:40,0.0,0.0
SPXW,2026-09-10,20,Call,7605.0,SPXW260910C07605000,131.5,132.0,131.75,0.0,0.0,0.0,0.0,0.0,0.1219,0.6446,0.0017,6.7089,-2.0552,2.3753,131.2083,0.0,0.0,0.0,0.0,no_change,,0.0,0.0
SPXW,2026-09-10,20,Put,7605.0,SPXW260910P07605000,52.5,52.9,52.7,49.5,49.5,0.0,2.0,0.0,0.1218,-0.3553,0.0017,6.7089,-2.0552,-1.3658,53.2343,59.2,59.2,49.5,0.0,down,2026-08-21T15:48:26,0.0,0.0
SPXW,2026-09-10,20,Call,7610.0,SPXW260910C07610000,127.9,128.4,128.15,167.31,0.0,0.0,0.0,32.0,0.1212,0.6366,0.0017,6.7576,-2.0602,2.3466,127.6192,0.0,0.0,0.0,122.200000762939,down,2026-08-19T13:11:46,0.0,0.0
SPXW,2026-09-10,20,Put,7610.0,SPXW260910P07610000,53.9,54.3,54.099999999999994,51.99,-17.41,-25.0865,57.0,1257.0,0.1212,-0.3632,0.0017,6.7576,-2.0602,-1.397,54.6344,58.65,59.5,51.78,69.3999977111816,no_change,2026-08-21T15:42:49,0.0,0.0
SPXW,2026-09-10,20,Call,7615.0,SPXW260910C07615000,124.2,124.8,124.5,0.0,0.0,0.0,0.0,0.0,0.1206,0.6286,0.0017,6.8038,-2.0643,2.3176,124.069,0.0,0.0,0.0,0.0,no_change,,0.0,0.0
SPXW,2026-09-10,20,Put,7615.0,SPXW260910P07615000,55.3,55.7,55.5,54.1,54.1,0.0,8.0,0.0,0.1204,-0.3713,0.0017,6.8038,-2.0643,-1.4284,56.0734,54.85,55.2,54.1,0.0,down,2026-08-21T15:31:27,0.0,0.0
SPXW,2026-09-10,20,Call,7620.0,SPXW260910C07620000,120.8,121.3,121.05,157.6,0.0,0.0,0.0,8.0,0.1199,0.6204,0.0018,6.8474,-2.0677,2.2884,120.5583,0.0,0.0,0.0,115.5,down,2026-08-19T13:34:03,0.0,0.0
SPXW,2026-09-10,20,Put,7620.0,SPXW260910P07620000,56.8,57.2,57.0,56.47,-16.18,-22.2712,38.0,50.0,0.1198,-0.3795,0.0018,6.8474,-2.0677,-1.4602,57.552,61.89,63.3,55.3,72.6500015258789,up,2026-08-21T15:02:55,0.0,0.0
SPXW,2026-09-10,20,Call,7625.0,SPXW260910C07625000,117.2,117.8,117.5,112.3,0.2,0.17841,1.0,7.0,0.1193,0.612,0.0018,6.8886,-2.0702,2.2588,117.0877,112.3,112.3,112.3,112.100002288818,down,2026-08-21T09:54:28,0.0,0.0
SPXW,2026-09-10,20,Put,7625.0,SPXW260910P07625000,58.3,58.7,58.5,56.1,-18.25,-24.5461,4.0,67.0,0.1191,-0.3878,0.0018,6.8886,-2.0702,-1.4922,59.0707,62.33,62.33,56.1,74.3499984741211,down,2026-08-21T15:38:59,0.0,0.0
SPXW,2026-09-10,20,Call,7630.0,SPXW260910C07630000,113.9,114.4,114.15,119.9,11.1,10.2022,2.0,0.0,0.1186,0.6036,0.0018,6.9274,-2.0718,2.2287,113.6581,109.6,119.9,109.6,108.799999237061,up,2026-08-21T15:44:30,0.0,0.0
SPXW,2026-09-10,20,Put,7630.0,SPXW260910P07630000,59.8,60.3,60.05,76.76,0.0,0.0,0.0,12.0,0.1185,-0.3963,0.0018,6.9274,-2.0718,-1.5247,60.6303,0.0,0.0,0.0,76.0,no_change,2026-08-20T15:55:21,0.0,0.0
SPXW,2026-09-10,20,Call,7635.0,SPXW260910C07635000,110.5,111.0,110.75,0.0,0.0,0.0,0.0,0.0,0.118,0.5949,0.0018,6.9639,-2.0725,2.1979,110.2706,0.0,0.0,0.0,0.0,no_change,,0.0,0.0
SPXW,2026-09-10,20,Put,7635.0,SPXW260910P07635000,61.4,61.8,61.599999999999994,66.6,66.6,0.0,32.0,0.0,0.1179,-0.4049,0.0018,6.9639,-2.0725,-1.558,62.232,66.6,66.6,66.6,0.0,up,2026-08-21T09:48:27,0.0,0.0
SPXW,2026-09-10,20,Call,7640.0,SPXW260910C07640000,107.0,107.6,107.3,103.0,0.6,0.58594,1.0,2.0,0.1173,0.5862,0.0018,6.998,-2.0722,2.1662,106.9265,103.0,103.0,103.0,102.399997711182,down,2026-08-21T10:36:12,0.0,0.0
SPXW,2026-09-10,20,Put,7640.0,SPXW260910P07640000,63.0,63.5,63.25,62.68,-16.82,-21.1572,49.0,52.0,0.1172,-0.4137,0.0018,6.998,-2.0722,-1.5922,63.8772,67.51,68.9,62.68,79.5,down,2026-08-21T15:02:55,0.0,0.0
SPXW,2026-09-10,20,Call,7645.0,SPXW260910C07645000,103.8,104.3,104.05,111.2,111.2,0.0,2.0,0.0,0.1167,0.5773,0.0019,7.0293,-2.0709,2.1336,103.6275,99.8,111.2,99.8,0.0,up,2026-08-21T15:48:27,0.0,0.0
SPXW,2026-09-10,20,Put,7645.0,SPXW260910P07645000,64.7,65.2,64.95,62.3,62.3,0.0,2.0,0.0,0.1166,-0.4226,0.0019,7.0293,-2.0709,-1.6273,65.5674,72.2,72.2,62.3,0.0,down,2026-08-21T15:38:59,0.0,0.0
SPXW,2026-09-10,20,Call,7650.0,SPXW260910C07650000,100.6,101.0,100.8,100.19,4.14,4.31025,12.0,66.0,0.116,0.5682,0.0019,7.0576,-2.0686,2.1004,100.3746,96.1,105.0,96.1,96.0500030517578,down,2026-08-21T14:38:12,0.0,0.0
SPXW,2026-09-10,20,Put,7650.0,SPXW260910P07650000,66.5,66.9,66.7,63.4,-19.85,-23.8438,47.0,72.0,0.1159,-0.4316,0.0019,7.0576,-2.0686,-1.6629,67.3038,70.97,72.5,63.4,83.25,no_change,2026-08-21T15:44:20,0.0,0.0
SPXW,2026-09-10,20,Call,7655.0,SPXW260910C07655000,97.4,97.8,97.6,0.0,0.0,0.0,0.0,0.0,0.1154,0.5591,0.0019,7.0824,-2.0653,2.0669,97.169,0.0,0.0,0.0,0.0,no_change,,0.0,0.0
SPXW,2026-09-10,20,Put,7655.0,SPXW260910P07655000,68.2,68.7,68.45,65.1,65.1,0.0,2.0,0.0,0.1153,-0.4408,0.0019,7.0824,-2.0653,-1.6988,69.0875,65.1,65.1,65.1,0.0,no_change,2026-08-21T15:44:20,0.0,0.0
SPXW,2026-09-10,20,Call,7660.0,SPXW260910C07660000,94.2,94.7,94.45,93.87,3.87,4.3,3.0,6.0,0.1147,0.5498,0.0019,7.1037,-2.0608,2.0334,94.0112,93.4,97.0,93.4,90.0,down,2026-08-21T14:38:12,0.0,0.0
SPXW,2026-09-10,20,Put,7660.0,SPXW260910P07660000,70.0,70.5,70.25,69.5,-17.6,-20.2067,11.0,49.0,0.1146,-0.4501,0.0019,7.1037,-2.0608,-1.7348,70.9189,66.38,70.91,66.38,87.1000022888184,up,2026-08-21T15:17:34,0.0,0.0
SPXW,2026-09-10,20,Call,7665.0,SPXW260910C07665000,91.1,91.6,91.35,89.3,89.3,0.0,2.0,0.0,0.1141,0.5404,0.0019,7.1215,-2.0554,1.9996,90.9017,89.6,89.6,89.3,0.0,down,2026-08-21T10:47:01,0.0,0.0
SPXW,2026-09-10,20,Put,7665.0,SPXW260910P07665000,71.9,72.4,72.15,0.0,0.0,0.0,0.0,0.0,0.114,-0.4595,0.0019,7.1215,-2.0554,-1.771,72.7987,0.0,0.0,0.0,0.0,no_change,,0.0,0.0
SPXW,2026-09-10,20,Call,7670.0,SPXW260910C07670000,88.0,88.5,88.25,90.33,6.18,7.34403,23.0,5.0,0.1135,0.5308,0.002,7.1357,-2.0488,1.9654,87.8416,92.0,92.36,87.78,84.1500015258789,up,2026-08-21T14:51:37,0.0,0.0
SPXW,2026-09-10,20,Put,7670.0,SPXW260910P07670000,73.8,74.3,74.05,71.1,-20.1,-22.0395,16.0,25.0,0.1134,-0.469,0.002,7.1357,-2.0488,-1.8077,74.7278,75.7,75.7,71.1,91.2000007629394,down,2026-08-21T15:38:59,0.0,0.0
SPXW,2026-09-10,20,Call,7675.0,SPXW260910C07675000,85.0,85.5,85.25,89.53,8.23,10.123,59.0,56.0,0.1129,0.5212,0.002,7.1464,-2.0411,1.9304,84.8321,85.7,89.53,84.43,81.2999992370606,no_change,2026-08-21T15:38:50,0.0,0.0
SPXW,2026-09-10,20,Put,7675.0,SPXW260910P07675000,75.8,76.3,76.05,71.6,-21.75,-23.2994,15.0,676.0,0.1128,-0.4787,0.002,7.1464,-2.0411,-1.8452,76.7075,81.46,81.49,71.6,93.3499984741211,down,2026-08-21T15:48:26,0.0,0.0
SPXW,2026-09-10,20,Call,7680.0,SPXW260910C07680000,82.0,82.5,82.25,88.7,10.2,12.9936,5.0,5.0,0.1123,0.5114,0.002,7.1532,-2.0322,1.8944,81.8747,78.8,88.7,78.8,78.5,up,2026-08-21T15:48:27,0.0,0.0
SPXW,2026-09-10,20,Put,7680.0,SPXW260910P07680000,77.8,78.3,78.05,83.55,-12.0,-12.5589,3.0,103.0,0.1122,-0.4884,0.002,7.1532,-2.0322,-1.8836,78.7394,83.17,84.97,83.17,95.5500030517578,down,2026-08-21T10:43:46,0.0,0.0
SPXW,2026-09-10,20,Call,7685.0,SPXW260910C07685000,79.1,79.6,79.35,86.01,86.01,0.0,13.0,0.0,0.1117,0.5016,0.002,7.1561,-2.0222,1.8579,78.9711,76.0,86.01,76.0,0.0,no_change,2026-08-21T15:48:37,0.0,0.0
SPXW,2026-09-10,20,Put,7685.0,SPXW260910P07685000,79.9,80.4,80.15,77.0,77.0,0.0,3.0,0.0,0.1116,-0.4983,0.002,7.1561,-2.0222,-1.9226,80.8251,77.56,77.56,77.0,0.0,down,2026-08-21T15:38:59,0.0,0.0
SPXW,2026-09-10,20,Call,7690.0,SPXW260910C07690000,76.3,76.7,76.5,81.2,8.2,11.2329,6.0,15.0,0.1112,0.4916,0.002,7.1548,-2.011,1.821,76.1222,78.08,87.0,78.08,73.0,up,2026-08-21T15:46:22,0.0,0.0
SPXW,2026-09-10,20,Put,7690.0,SPXW260910P07690000,82.1,82.5,82.3,90.4,-9.6,-9.6,1.0,124.0,0.111,-0.5083,0.002,7.1548,-2.011,-1.962,82.9655,90.4,90.4,90.4,100.0,down,2026-08-21T10:35:12,0.0,0.0
SPXW,2026-09-10,20,Call,7695.0,SPXW260910C07695000,73.5,73.9,73.7,85.9,85.9,0.0,3.0,0.0,0.1106,0.4815,0.002,7.1493,-1.9986,1.7842,73.3287,70.5,85.9,70.5,0.0,up,2026-08-21T11:45:33,0.0,0.0
SPXW,2026-09-10,20,Put,7695.0,SPXW260910P07695000,84.3,84.7,84.5,81.2,81.2,0.0,1.0,0.0,0.1104,-0.5183,0.002,7.1493,-1.9986,-2.0012,85.1612,81.2,81.2,81.2,0.0,up,2026-08-21T15:38:59,0.0,0.0
SPXW,2026-09-10,20,Call,7700.0,SPXW260910C07700000,70.7,71.2,70.95,75.64,7.99,11.8108,19.0,705.0,0.11,0.4714,0.002,7.1397,-1.985,1.7474,70.5909,73.1,85.2,68.2,67.6500015258789,down,2026-08-21T15:46:47,0.0,0.0
SPXW,2026-09-10,20,Put,7700.0,SPXW260910P07700000,86.5,87.0,86.75,84.79,-19.86,-18.9775,302.0,1044.0,0.1099,-0.5285,0.002,7.1397,-1.985,-2.0405,87.4127,92.67,92.68,84.64,104.650001525879,up,2026-08-21T13:02:36,0.0,0.0
SPXW,2026-09-10,20,Call,7705.0,SPXW260910C07705000,68.1,68.5,68.3,65.3,65.3,0.0,1.0,0.0,0.1094,0.4612,0.002,7.1257,-1.9702,1.7104,67.9093,65.3,65.3,65.3,0.0,up,2026-08-21T10:36:12,0.0,0.0
SPXW,2026-09-10,20,Put,7705.0,SPXW260910P07705000,88.8,89.3,89.05,85.6,85.6,0.0,3.0,0.0,0.1094,-0.5387,0.002,7.1257,-1.9702,-2.0799,89.7203,86.86,87.02,85.6,0.0,down,2026-08-21T15:38:59,0.0,0.0
SPXW,2026-09-10,20,Call,7710.0,SPXW260910C07710000,65.4,65.9,65.65,69.1,6.4,10.2073,4.0,58.0,0.1088,0.4509,0.002,7.1071,-1.9543,1.6728,65.2849,66.68,70.78,66.68,62.7000007629394,down,2026-08-21T15:38:57,0.0,0.0
SPXW,2026-09-10,20,Put,7710.0,SPXW260910P07710000,91.2,91.6,91.4,86.2,-23.4,-21.3504,3.0,17.0,0.1087,-0.549,0.002,7.1071,-1.9543,-2.1199,92.0852,95.83,95.83,86.2,109.600002288818,down,2026-08-21T15:48:26,0.0,0.0
SPXW,2026-09-10,20,Call,7715.0,SPXW260910C07715000,62.9,63.3,63.099999999999994,0.0,0.0,0.0,0.0,0.0,0.1083,0.4405,0.002,7.0837,-1.9371,1.6345,62.7191,0.0,0.0,0.0,0.0,no_change,,0.0,0.0
SPXW,2026-09-10,20,Put,7715.0,SPXW260910P07715000,93.6,94.2,93.9,0.0,0.0,0.0,0.0,0.0,0.1082,-0.5594,0.002,7.0837,-1.9371,-2.1608,94.5085,0.0,0.0,0.0,0.0,no_change,,0.0,0.0
SPXW,2026-09-10,20,Call,7720.0,SPXW260910C07720000,60.4,60.8,60.599999999999994,63.1,5.3,9.16955,2.0,38.0,0.1078,0.4301,0.002,7.0553,-1.9188,1.5956,60.213,60.9,63.1,60.9,57.7999992370606,up,2026-08-21T10:59:39,0.0,0.0
SPXW,2026-09-10,20,Put,7720.0,SPXW260910P07720000,96.1,96.5,96.3,101.32,-13.48,-11.7422,2.0,58.0,0.1076,-0.5698,0.002,7.0553,-1.9188,-2.2021,96.9917,101.32,101.32,101.32,114.799999237061,up,2026-08-21T09:42:05,0.0,0.0
SPXW,2026-09-10,20,Call,7725.0,SPXW260910C07725000,57.9,58.4,58.15,57.95,2.5,4.50856,16.0,758.0,0.1072,0.4196,0.002,7.0222,-1.8992,1.5567,57.7673,55.8,65.94,55.8,55.4500007629394,down,2026-08-21T14:37:46,0.0,0.0
SPXW,2026-09-10,20,Put,7725.0,SPXW260910P07725000,98.6,99.1,98.85,85.82,0.0,0.0,0.0,32.0,0.1072,-0.5802,0.002,7.0222,-1.8992,-2.2435,99.5353,0.0,0.0,0.0,117.399997711182,up,2026-08-19T13:20:14,0.0,0.0
SPXW,2026-09-10,20,Call,7730.0,SPXW260910C07730000,55.5,56.0,55.75,50.82,0.0,0.0,0.0,60.0,0.1067,0.4092,0.002,6.9846,-1.8784,1.5181,55.3821,0.0,0.0,0.0,53.2000007629394,down,2026-08-20T16:06:32,0.0,0.0
SPXW,2026-09-10,20,Put,7730.0,SPXW260910P07730000,101.2,101.7,101.45,104.37,-15.83,-13.1697,4.0,37.0,0.1067,-0.5907,0.002,6.9846,-1.8784,-2.2845,102.1393,106.47,110.4,104.37,120.200000762939,down,2026-08-21T14:39:37,0.0,0.0
SPXW,2026-09-10,20,Call,7740.0,SPXW260910C07740000,50.9,51.4,51.15,56.2,7.4,15.1639,2.0,72.0,0.1056,0.3881,0.002,6.8964,-1.8335,1.4415,50.7922,57.01,57.01,56.2,48.7999992370606,down,2026-08-21T15:48:27,0.0,0.0
SPXW,2026-09-10,20,Put,7740.0,SPXW260910P07740000,106.6,107.0,106.8,109.77,-15.93,-12.673,1.0,20.0,0.1056,-0.6117,0.002,6.8964,-1.8335,-2.366,107.5279,109.77,109.77,109.77,125.700000762939,up,2026-08-21T14:39:37,0.0,0.0
SPXW,2026-09-10,20,Call,7750.0,SPXW260910C07750000,46.5,47.0,46.75,49.37,4.72,10.5711,10.0,554.0,0.1046,0.3671,0.002,6.788,-1.7841,1.3634,46.4451,55.23,55.23,46.7,44.6500015258789,no_change,2026-08-21T15:43:25,0.0,0.0
SPXW,2026-09-10,20,Put,7750.0,SPXW260910P07750000,112.2,112.7,112.45,106.57,-25.03,-19.0198,304.0,321.0,0.1045,-0.6328,0.002,6.788,-1.7841,-2.4491,113.1593,118.74,120.8,106.57,131.599998474121,down,2026-08-21T12:04:25,0.0,0.0
SPXW,2026-09-10,20,Call,7760.0,SPXW260910C07760000,42.4,42.8,42.599999999999994,44.96,4.16,10.1961,2.0,31.0,0.1037,0.3461,0.002,6.6588,-1.7302,1.285,42.3448,44.96,44.96,44.96,40.7999992370606,up,2026-08-21T15:43:21,0.0,0.0
SPXW,2026-09-10,20,Put,7760.0,SPXW260910P07760000,118.0,118.5,118.25,123.74,0.0,0.0,0.0,40.0,0.1035,-0.6537,0.002,6.6588,-1.7302,-2.5323,119.0376,0.0,0.0,0.0,137.599998474121,up,2026-08-20T10:17:31,0.0,0.0
SPXW,2026-09-10,20,Call,7770.0,SPXW260910C07770000,38.5,39.0,38.75,59.91,0.0,0.0,0.0,25.0,0.1027,0.3253,0.002,6.5134,-1.6723,1.2089,38.4872,0.0,0.0,0.0,37.1000003814697,down,2026-08-18T15:49:56,0.0,0.0
SPXW,2026-09-10,20,Put,7770.0,SPXW260910P07770000,124.1,124.6,124.35,134.2,-9.75,-6.77319,1.0,29.0,0.1026,-0.6745,0.002,6.5134,-1.6723,-2.6134,125.1585,134.2,134.2,134.2,143.950004577637,up,2026-08-21T10:35:12,0.0,0.0
SPXW,2026-09-10,20,Call,7775.0,SPXW260910C07775000,36.7,37.1,36.900000000000006,39.4,4.05,11.4569,34.0,79.0,0.1022,0.315,0.0019,6.4344,-1.6419,1.1709,36.6478,38.11,44.84,35.3,35.3500003814697,down,2026-08-21T15:38:57,0.0,0.0
SPXW,2026-09-10,20,Put,7775.0,SPXW260910P07775000,127.3,127.7,127.5,129.0,-18.15,-12.3344,2.0,20.0,0.1021,-0.6849,0.0019,6.4344,-1.6419,-2.6539,128.3083,128.8,129.0,128.8,147.150001525879,up,2026-08-21T13:59:51,0.0,0.0
SPXW,2026-09-10,20,Call,7780.0,SPXW260910C07780000,34.9,35.3,35.099999999999994,34.5,0.85,2.526,2.0,15.0,0.1018,0.3048,0.0019,6.3503,-1.6106,1.1326,34.8681,36.2,36.2,34.5,33.6499996185303,down,2026-08-21T10:17:49,0.0,0.0
SPXW,2026-09-10,20,Put,7780.0,SPXW260910P07780000,130.5,131.0,130.75,129.4,-21.05,-13.9914,2.0,11.0,0.1019,-0.6951,0.0019,6.3503,-1.6106,-2.6946,131.5178,129.2,129.4,129.2,150.450004577637,up,2026-08-21T15:54:50,0.0,0.0
SPXW,2026-09-10,20,Call,7790.0,SPXW260910C07790000,31.5,31.9,31.7,32.83,2.43,7.99342,1.0,22.0,0.1009,0.2846,0.0019,6.1669,-1.5455,1.0567,31.4873,32.83,32.83,32.83,30.4000005722046,down,2026-08-21T09:39:57,0.0,0.0
SPXW,2026-09-10,20,Put,7790.0,SPXW260910P07790000,134.7,139.6,137.14999999999998,135.95,0.0,0.0,0.0,11.0,0.1016,-0.7153,0.0019,6.1669,-1.5455,-2.7754,138.1156,0.0,0.0,0.0,157.449996948242,up,2026-08-20T10:32:21,0.0,0.0
SPXW,2026-09-10,20,Call,7800.0,SPXW260910C07800000,28.3,28.7,28.5,28.9,1.45,5.28233,40.0,539.0,0.1,0.2647,0.0018,5.9694,-1.4772,0.9839,28.3382,30.5,34.4,28.05,27.4499998092651,no_change,2026-08-21T16:06:23,0.0,0.0
SPXW,2026-09-10,20,Put,7800.0,SPXW260910P07800000,141.6,146.4,144.0,148.98,-15.47,-9.40711,6.0,537.0,0.1007,-0.7351,0.0018,5.9694,-1.4772,-2.8532,144.9449,151.26,151.94,148.79,164.449996948242,up,2026-08-21T10:24:11,0.0,0.0
SPXW,2026-09-10,20,Call,7810.0,SPXW260910C07810000,25.4,25.8,25.6,26.19,1.54,6.24747,1.0,18.0,0.0992,0.2454,0.0018,5.759,-1.4064,0.9121,25.4131,26.19,26.19,26.19,24.6499996185303,down,2026-08-21T09:51:00,0.0,0.0
SPXW,2026-09-10,20,Put,7810.0,SPXW260910P07810000,148.2,153.5,150.85,100.36,0.0,0.0,0.0,5.0,0.1,-0.7544,0.0018,5.759,-1.4064,-2.9298,151.9984,0.0,0.0,0.0,171.599998474121,down,2026-08-14T12:02:14,0.0,0.0
SPXW,2026-09-10,20,Call,7820.0,SPXW260910C07820000,22.6,23.0,22.8,27.51,5.41,24.4796,2.0,10.0,0.0985,0.2267,0.0017,5.5316,-1.3335,0.8416,22.7097,24.19,27.51,24.19,22.0999994277954,up,2026-08-21T11:37:11,0.0,0.0
SPXW,2026-09-10,20,Put,7820.0,SPXW260910P07820000,155.3,160.9,158.10000000000002,105.18,0.0,0.0,0.0,7.0,0.0993,-0.7732,0.0017,5.5316,-1.3335,-3.0053,159.2735,0.0,0.0,0.0,179.0,down,2026-08-17T10:58:59,0.0,0.0
SPXW,2026-09-10,20,Call,7825.0,SPXW260910C07825000,21.4,21.7,21.549999999999997,23.0,2.15,10.3117,11.0,72.0,0.098,0.2175,0.0017,5.4134,-1.2964,0.8078,21.4387,21.25,23.0,21.25,20.8500003814697,up,2026-08-21T15:57:29,0.0,0.0
SPXW,2026-09-10,20,Put,7825.0,SPXW260910P07825000,159.0,164.4,161.7,128.44,0.0,0.0,0.0,7.0,0.0989,-0.7823,0.0017,5.4134,-1.2964,-3.0415,162.9917,0.0,0.0,0.0,182.800003051758,no_change,2026-08-19T10:51:52,0.0,0.0
SPXW,2026-09-10,20,Call,7830.0,SPXW260910C07830000,20.1,20.5,20.3,20.35,0.6,3.03797,1.0,23.0,0.0977,0.2086,0.0016,5.2937,-1.259,0.7749,20.2196,20.35,20.35,20.35,19.75,down,2026-08-21T14:33:15,0.0,0.0
SPXW,2026-09-10,20,Put,7830.0,SPXW260910P07830000,162.7,168.3,165.5,0.0,0.0,0.0,0.0,0.0,0.0986,-0.7913,0.0016,5.2937,-1.259,-3.0769,166.7618,0.0,0.0,0.0,186.649993896484,no_change,,0.0,0.0
SPXW,2026-09-10,20,Call,7840.0,SPXW260910C07840000,17.9,18.2,18.049999999999997,18.45,0.0,0.0,0.0,1.0,0.0969,0.1911,0.0016,5.0488,-1.1835,0.71,17.934,0.0,0.0,0.0,17.5500001907349,down,2026-08-20T14:18:33,0.0,0.0
SPXW,2026-09-10,20,Put,7840.0,SPXW260910P07840000,170.4,176.1,173.25,0.0,0.0,0.0,0.0,0.0,0.0979,-0.8087,0.0016,5.0488,-1.1835,-3.1467,174.4548,0.0,0.0,0.0,194.5,no_change,,0.0,0.0
SPXW,2026-09-10,20,Call,7850.0,SPXW260910C07850000,15.8,16.1,15.950000000000001,17.95,2.4,15.4341,4.0,365.0,0.0962,0.1745,0.0015,4.7924,-1.1077,0.6474,15.849,15.8,17.95,15.8,15.5499997138977,up,2026-08-21T11:00:42,0.0,0.0
SPXW,2026-09-10,20,Put,7850.0,SPXW260910P07850000,178.3,184.1,181.2,146.3,0.0,0.0,0.0,105.0,0.0973,-0.8254,0.0015,4.7924,-1.1077,-3.2143,182.3483,0.0,0.0,0.0,202.5,up,2026-08-11T10:57:38,0.0,0.0
SPXW,2026-09-10,20,Call,7860.0,SPXW260910C07860000,13.9,14.2,14.05,20.77,0.0,0.0,0.0,39.0,0.0956,0.1587,0.0014,4.5315,-1.0322,0.5891,13.9543,0.0,0.0,0.0,13.75,down,2026-08-20T11:15:41,0.0,0.0
SPXW,2026-09-10,20,Put,7860.0,SPXW260910P07860000,186.3,192.0,189.15,0.0,0.0,0.0,0.0,0.0,0.0967,-0.8412,0.0014,4.5315,-1.0322,-3.2775,190.4321,0.0,0.0,0.0,210.650001525879,no_change,,0.0,0.0
SPXW,2026-09-10,20,Call,7870.0,SPXW260910C07870000,12.1,12.5,12.3,14.69,0.0,0.0,0.0,17.0,0.095,0.1437,0.0013,4.2697,-0.9576,0.533,12.241,0.0,0.0,0.0,12.1500000953674,no_change,2026-08-20T13:34:24,0.0,0.0
SPXW,2026-09-10,20,Put,7870.0,SPXW260910P07870000,194.6,200.3,197.45,0.0,0.0,0.0,0.0,0.0,0.096,-0.8562,0.0013,4.2697,-0.9576,-3.3384,198.6973,0.0,0.0,0.0,219.049995422363,no_change,,0.0,0.0
SPXW,2026-09-10,20,Call,7875.0,SPXW260910C07875000,11.4,11.7,11.55,14.78,3.43,30.2203,11.0,132.0,0.0947,0.1365,0.0013,4.1372,-0.9208,0.5061,11.4506,11.8,14.78,11.8,11.3499999046326,up,2026-08-21T12:05:20,0.0,0.0
SPXW,2026-09-10,20,Put,7875.0,SPXW260910P07875000,198.7,204.7,201.7,190.4,0.0,0.0,0.0,3.0,0.0959,-0.8633,0.0013,4.1372,-0.9208,-3.3678,202.8961,0.0,0.0,0.0,223.299995422363,up,2026-08-05T15:59:05,0.0,0.0
SPXW,2026-09-10,20,Call,7880.0,SPXW260910C07880000,10.6,10.9,10.75,11.58,0.93,8.73239,2.0,14.0,0.0944,0.1296,0.0012,4.0041,-0.8846,0.4803,10.7026,12.0,12.0,11.58,10.6500000953674,down,2026-08-21T15:55:47,0.0,0.0
SPXW,2026-09-10,20,Put,7880.0,SPXW260910P07880000,203.0,208.9,205.95,0.0,0.0,0.0,0.0,0.0,0.0956,-0.8702,0.0012,4.0041,-0.8846,-3.396,207.1374,0.0,0.0,0.0,227.599998474121,no_change,,0.0,0.0
SPXW,2026-09-10,20,Call,7890.0,SPXW260910C07890000,9.2,9.6,9.399999999999999,10.16,0.81,8.6631,1.0,89.0,0.0939,0.1165,0.0012,3.7409,-0.8137,0.432,9.327,10.16,10.16,10.16,9.34999990463257,up,2026-08-21T15:55:47,0.0,0.0
SPXW,2026-09-10,20,Put,7890.0,SPXW260910P07890000,211.9,217.4,214.65,146.3,0.0,0.0,0.0,4.0,0.0951,-0.8834,0.0012,3.7409,-0.8137,-3.4493,215.7403,0.0,0.0,0.0,236.25,up,2026-08-17T10:53:11,0.0,0.0
SPXW,2026-09-10,20,Call,7900.0,SPXW260910C07900000,8.0,8.3,8.15,8.5,0.35,4.29448,4.0,105.0,0.0934,0.1043,0.0011,3.4833,-0.7456,0.3863,8.1049,12.44,12.44,8.5,8.15000009536743,down,2026-08-21T16:00:16,0.0,0.0
SPXW,2026-09-10,20,Put,7900.0,SPXW260910P07900000,220.6,226.2,223.39999999999998,177.0,0.0,0.0,0.0,21.0,0.0948,-0.8956,0.0011,3.4833,-0.7456,-3.4999,224.4967,0.0,0.0,0.0,245.050003051758,down,2026-08-12T16:01:09,0.0,0.0
SPXW,2026-09-10,20,Call,7910.0,SPXW260910C07910000,6.9,7.2,7.050000000000001,11.28,0.0,0.0,0.0,19.0,0.0929,0.0931,0.001,3.2298,-0.6808,0.3446,7.027,0.0,0.0,0.0,7.15000009536743,down,2026-08-20T11:27:16,0.0,0.0
SPXW,2026-09-10,20,Put,7910.0,SPXW260910P07910000,229.5,235.1,232.3,0.0,0.0,0.0,0.0,0.0,0.0945,-0.9067,0.001,3.2298,-0.6808,-3.5466,233.3974,0.0,0.0,0.0,252.300003051758,no_change,,0.0,0.0
SPXW,2026-09-10,20,Call,7920.0,SPXW260910C07920000,6.0,6.3,6.15,6.58,0.33,5.28,10.0,2.0,0.0925,0.0829,0.0009,2.9855,-0.6196,0.3068,6.0805,6.58,6.58,6.58,6.25,up,2026-08-21T14:25:44,0.0,0.0
SPXW,2026-09-10,20,Put,7920.0,SPXW260910P07920000,230.0,253.6,241.8,0.0,0.0,0.0,0.0,1.0,0.0945,-0.917,0.0009,2.9855,-0.6196,-3.5892,242.4293,0.0,0.0,0.0,261.149993896484,no_change,,0.0,0.0
SPXW,2026-09-10,20,Call,7925.0,SPXW260910C07925000,5.6,5.9,5.75,7.86,2.01,34.359,3.0,34.0,0.0922,0.0781,0.0009,2.8676,-0.5904,0.289,5.6533,6.4,8.65,6.4,5.84999990463257,down,2026-08-21T12:05:20,0.0,0.0
SPXW,2026-09-10,20,Put,7925.0,SPXW260910P07925000,234.4,258.1,246.25,0.0,0.0,0.0,0.0,1.0,0.0942,-0.9217,0.0009,2.8676,-0.5904,-3.6095,246.9914,0.0,0.0,0.0,265.449996948242,no_change,,0.0,0.0
SPXW,2026-09-10,20,Call,7930.0,SPXW260910C07930000,5.2,5.5,5.35,5.71,0.26,4.77064,10.0,8.0,0.0923,0.0736,0.0008,2.7524,-0.5624,0.2719,5.2554,5.71,5.71,5.71,5.45000004768372,down,2026-08-21T14:25:44,0.0,0.0
SPXW,2026-09-10,20,Put,7930.0,SPXW260910P07930000,239.1,262.7,250.89999999999998,0.0,0.0,0.0,0.0,0.0,0.0941,-0.9263,0.0008,2.7524,-0.5624,-3.6291,251.5827,0.0,0.0,0.0,271.300003051758,no_change,,0.0,0.0
SPXW,2026-09-10,20,Call,7950.0,SPXW260910C07950000,3.8,4.1,3.9499999999999997,5.64,1.54,37.561,1.0,263.0,0.0918,0.0578,0.0007,2.3214,-0.4608,0.2134,3.9247,5.64,5.64,5.64,4.09999990463257,up,2026-08-21T12:05:20,0.0,0.0
SPXW,2026-09-10,20,Put,7950.0,SPXW260910P07950000,257.5,281.3,269.4,0.0,0.0,0.0,0.0,0.0,0.0944,-0.9421,0.0007,2.3214,-0.4608,-3.6974,270.209,0.0,0.0,0.0,290.199996948242,no_change,,0.0,0.0
SPXW,2026-09-10,20,Call,7975.0,SPXW260910C07975000,2.65,2.9,2.775,3.35,0.45,15.5172,4.0,93.0,0.0918,0.0426,0.0006,1.8638,-0.3585,0.1572,2.7486,4.4,4.4,3.15,2.89999997615814,up,2026-08-21T15:49:06,0.0,0.0
SPXW,2026-09-10,20,Put,7975.0,SPXW260910P07975000,281.3,305.1,293.20000000000005,0.0,0.0,0.0,0.0,2.0,0.0947,-0.9572,0.0006,1.8638,-0.3585,-3.7659,293.9792,0.0,0.0,0.0,314.0,no_change,,0.0,0.0
SPXW,2026-09-10,20,Call,8000.0,SPXW260910C08000000,1.9,2.05,1.9749999999999999,2.4,0.325,15.6626,1279.0,697.0,0.0922,0.0318,0.0004,1.4989,-0.2817,0.1169,1.9705,2.3,3.4,2.06,2.07500004768372,up,2026-08-21T15:49:06,0.0,0.0
SPXW,2026-09-10,20,Put,8000.0,SPXW260910P08000000,305.4,328.6,317.0,0.0,0.0,0.0,0.0,2.0,0.0963,-0.968,0.0004,1.4989,-0.2817,-3.8185,318.1474,0.0,0.0,0.0,337.949996948242,no_change,,0.0,0.0
SPXW,2026-09-10,20,Call,8025.0,SPXW260910C08025000,1.35,1.5,1.425,1.57,0.045,2.95082,17.0,185.0,0.093,0.0243,0.0003,1.2191,-0.2262,0.089,1.4638,1.65,1.65,1.57,1.52500003576279,down,2026-08-21T09:48:35,0.0,0.0
SPXW,2026-09-10,20,Put,8025.0,SPXW260910P08025000,329.8,353.6,341.70000000000005,0.0,0.0,0.0,0.0,0.0,0.0981,-0.9756,0.0003,1.2191,-0.2262,-3.8587,342.5869,0.0,0.0,0.0,362.449996948242,no_change,,0.0,0.0
SPXW,2026-09-10,20,Call,8050.0,SPXW260910C08050000,1.0,1.15,1.075,1.28,0.105,8.93617,23.0,196.0,0.0949,0.0191,0.0003,1.0095,-0.1868,0.0698,1.1338,1.52,1.52,1.17,1.17500001192093,up,2026-08-21T14:38:06,0.0,0.0
SPXW,2026-09-10,20,Put,8050.0,SPXW260910P08050000,354.4,378.2,366.29999999999995,0.0,0.0,0.0,0.0,0.0,0.1007,-0.9808,0.0003,1.0095,-0.1868,-3.8901,367.2032,0.0,0.0,0.0,387.0,no_change,,0.0,0.0
SPXW,2026-09-10,20,Call,8075.0,SPXW260910C08075000,0.8,0.95,0.875,1.06,0.135,14.5946,69.0,223.0,0.097,0.0154,0.0002,0.8524,-0.1588,0.0564,0.9144,1.13,1.13,1.03,0.925000011920929,up,2026-08-21T15:18:04,0.0,0.0
SPXW,2026-09-10,20,Put,8075.0,SPXW260910P08075000,379.1,402.9,391.0,0.0,0.0,0.0,0.0,0.0,0.1048,-0.9844,0.0002,0.8524,-0.1588,-3.9159,391.93,0.0,0.0,0.0,411.550003051758,no_change,,0.0,0.0
SPXW,2026-09-10,20,Call,8100.0,SPXW260910C08100000,0.65,0.8,0.7250000000000001,0.87,0.095,12.2581,71.0,154.0,0.1001,0.0129,0.0002,0.7334,-0.1386,0.0468,0.7637,0.8,0.97,0.8,0.775000005960464,down,2026-08-21T15:18:04,0.0,0.0
SPXW,2026-09-10,20,Put,8100.0,SPXW260910P08100000,403.9,423.5,413.7,0.0,0.0,0.0,0.0,0.0,0.1085,-0.987,0.0002,0.7334,-0.1386,-3.9377,416.7257,0.0,0.0,0.0,436.400009155273,no_change,,0.0,0.0
SPXW,2026-09-10,20,Call,8125.0,SPXW260910C08125000,0.55,0.7,0.625,1.29,0.0,0.0,0.0,22.0,0.1028,0.0109,0.0001,0.6409,-0.1234,0.0398,0.6556,0.0,0.0,0.0,0.675000011920929,no_change,2026-08-18T15:38:46,0.0,0.0
SPXW,2026-09-10,20,Put,8125.0,SPXW260910P08125000,428.7,452.6,440.65,0.0,0.0,0.0,0.0,0.0,0.112,-0.9889,0.0001,0.6409,-0.1234,-3.957,441.5638,0.0,0.0,0.0,461.100006103516,no_change,,0.0,0.0
SPXW,2026-09-10,20,Call,8150.0,SPXW260910C08150000,0.5,0.65,0.575,0.72,0.145,25.2174,6.0,39.0,0.106,0.0095,0.0001,0.5671,-0.1117,0.0344,0.5748,0.72,0.72,0.72,0.574999988079071,down,2026-08-21T09:30:05,0.0,0.0
SPXW,2026-09-10,20,Put,8150.0,SPXW260910P08150000,453.6,477.4,465.5,0.0,0.0,0.0,0.0,0.0,0.1166,-0.9904,0.0001,0.5671,-0.1117,-3.9748,466.4292,0.0,0.0,0.0,485.649993896484,no_change,,0.0,0.0
SPXW,2026-09-10,20,Call,8175.0,SPXW260910C08175000,0.45,0.6,0.525,0.65,0.125,23.8095,1.0,16.0,0.1095,0.0083,0.0001,0.5069,-0.1023,0.0301,0.512,0.65,0.65,0.65,0.525000005960464,down,2026-08-21T09:30:28,0.0,0.0
SPXW,2026-09-10,20,Put,8175.0,SPXW260910P08175000,478.5,502.3,490.4,0.0,0.0,0.0,0.0,0.0,0.1211,-0.9916,0.0001,0.5069,-0.1023,-3.9913,491.3127,0.0,0.0,0.0,510.899993896484,no_change,,0.0,0.0
SPXW,2026-09-10,20,Call,8200.0,SPXW260910C08200000,0.4,0.55,0.47500000000000003,0.55,0.075,15.7895,1.0,1322.0,0.1129,0.0074,0.0001,0.4568,-0.0945,0.0267,0.4615,0.55,0.55,0.55,0.475000008940697,down,2026-08-21T09:30:28,0.0,0.0
SPXW,2026-09-10,20,Put,8200.0,SPXW260910P08200000,503.4,527.1,515.25,0.0,0.0,0.0,0.0,0.0,0.1254,-0.9925,0.0001,0.4567,-0.0945,-4.007,516.2085,0.0,0.0,0.0,535.700012207031,no_change,,0.0,0.0
SPXW,2026-09-10,20,Call,8225.0,SPXW260910C08225000,0.35,0.5,0.425,0.52,0.0,0.0,0.0,15.0,0.1159,0.0066,0.0001,0.4142,-0.0879,0.0239,0.4198,0.0,0.0,0.0,0.424999997019768,up,2026-08-20T13:17:26,0.0,0.0
SPXW,2026-09-10,20,Put,8225.0,SPXW260910P08225000,528.3,552.1,540.2,0.0,0.0,0.0,0.0,0.0,0.1297,-0.9933,0.0001,0.4141,-0.0879,-4.0222,541.113,0.0,0.0,0.0,560.75,no_change,,0.0,0.0
SPXW,2026-09-10,20,Call,8250.0,SPXW260910C08250000,0.3,0.45,0.375,0.52,0.0,0.0,0.0,57.0,0.1197,0.0059,0.0001,0.377,-0.0821,0.0214,0.3842,0.0,0.0,0.0,0.375,no_change,2026-08-20T11:45:29,0.0,0.0
SPXW,2026-09-10,20,Put,8250.0,SPXW260910P08250000,553.2,576.3,564.75,0.0,0.0,0.0,0.0,0.0,0.1339,-0.9939,0.0001,0.3774,-0.0822,-4.0369,566.0241,0.0,0.0,0.0,585.600006103516,no_change,,0.0,0.0
SPXW,2026-09-10,20,Call,8275.0,SPXW260910C08275000,0.3,0.45,0.375,0.97,0.0,0.0,0.0,21.0,0.1233,0.0054,0.0001,0.3452,-0.0772,0.0194,0.3541,0.0,0.0,0.0,0.350000008940697,down,2026-08-17T13:31:32,0.0,0.0
SPXW,2026-09-10,20,Put,8275.0,SPXW260910P08275000,578.1,598.9,588.5,0.0,0.0,0.0,0.0,0.0,0.1379,-0.9945,0.0001,0.3455,-0.0772,-4.0512,590.9402,0.0,0.0,0.0,610.450012207031,no_change,,0.0,0.0
SPXW,2026-09-10,20,Call,8300.0,SPXW260910C08300000,0.25,0.4,0.325,0.45,0.125,38.4615,2.0,31.0,0.1267,0.0049,0.0001,0.3172,-0.0727,0.0176,0.3278,0.45,0.45,0.45,0.325000002980232,no_change,2026-08-21T09:30:06,0.0,0.0
SPXW,2026-09-10,20,Put,8300.0,SPXW260910P08300000,603.0,626.6,614.8,0.0,0.0,0.0,0.0,0.0,0.1438,-0.995,0.0001,0.3175,-0.0727,-4.0653,615.8601,0.0,0.0,0.0,635.449981689453,no_change,,0.0,0.0
SPXW,2026-09-10,20,Call,8325.0,SPXW260910C08325000,0.25,0.4,0.325,0.51,0.0,0.0,0.0,1.0,0.13,0.0045,0.0001,0.2924,-0.0686,0.0161,0.3044,0.0,0.0,0.0,0.325000002980232,up,2026-08-19T10:00:01,0.0,0.0
SPXW,2026-09-10,20,Put,8325.0,SPXW260910P08325000,628.0,651.9,639.95,0.0,0.0,0.0,0.0,0.0,0.1477,-0.9954,0.0001,0.2927,-0.0687,-4.0791,640.783,0.0,0.0,0.0,660.25,no_change,,0.0,0.0
SPXW,2026-09-10,20,Call,8400.0,SPXW260910C08400000,0.2,0.35,0.275,0.37,0.0,0.0,0.0,1307.0,0.1403,0.0035,0.0,0.2322,-0.0585,0.0124,0.2478,0.0,0.0,0.0,0.274999998509884,no_change,2026-08-19T14:11:13,0.0,0.0
SPXW,2026-09-10,20,Put,8400.0,SPXW260910P08400000,702.8,723.5,713.15,0.0,0.0,0.0,0.0,0.0,0.1611,-0.9964,0.0,0.2325,-0.0585,-4.1196,715.5651,0.0,0.0,0.0,734.399993896484,no_change,,0.0,0.0
SPXW,2026-09-10,20,Call,8500.0,SPXW260910C08500000,0.15,0.3,0.22499999999999998,0.67,0.0,0.0,0.0,1.0,0.1536,0.0026,0.0,0.1753,-0.048,0.0092,0.1932,0.0,0.0,0.0,0.225000008940697,down,2026-08-11T15:33:09,0.0,0.0
SPXW,2026-09-10,20,Put,8500.0,SPXW260910P08500000,802.5,826.5,814.5,685.25,0.0,0.0,0.0,2.0,0.1775,-0.9973,0.0,0.1754,-0.048,-4.1721,815.2953,0.0,0.0,0.0,834.649993896484,no_change,2026-08-13T09:58:42,0.0,0.0
SPXW,2026-09-10,20,Call,8600.0,SPXW260910C08600000,0.1,0.25,0.175,0.3,0.0,0.0,0.0,72.0,0.1675,0.0019,0.0,0.1345,-0.0396,0.0068,0.1524,0.0,0.0,0.0,0.175000000745058,no_change,2026-08-17T11:28:28,0.0,0.0
SPXW,2026-09-10,20,Put,8600.0,SPXW260910P08600000,902.3,926.0,914.15,0.0,0.0,0.0,0.0,0.0,0.1958,-0.9979,0.0,0.135,-0.0398,-4.2236,915.0403,0.0,0.0,0.0,934.649993896484,no_change,,0.0,0.0
SPXW,2026-09-10,20,Call,8800.0,SPXW260910C08800000,0.05,0.2,0.125,0.0,0.0,0.0,0.0,0.0,0.1925,0.0011,0.0,0.083,-0.0277,0.004,0.0986,0.0,0.0,0.0,0.125000001862645,no_change,,0.0,0.0
SPXW,2026-09-10,20,Put,8800.0,SPXW260910P08800000,1101.9,1125.5,1113.7,0.0,0.0,0.0,0.0,0.0,0.2315,-0.9987,0.0,0.0832,-0.0278,-4.3247,1114.5563,0.0,0.0,0.0,1133.79998779297,no_change,,0.0,0.0
SPXW,2026-09-10,20,Call,9000.0,SPXW260910C09000000,0.0,0.2,0.1,0.0,0.0,0.0,0.0,0.0,0.2174,0.0007,0.0,0.0529,-0.0195,0.0025,0.065,0.0,0.0,0.0,0.100000003352761,no_change,,0.0,0.0
SPXW,2026-09-10,20,Put,9000.0,SPXW260910P09000000,1301.4,1325.2,1313.3000000000002,0.0,0.0,0.0,0.0,0.0,0.2625,-0.9992,0.0,0.053,-0.0196,-4.4246,1314.0926,0.0,0.0,0.0,1333.79998779297,no_change,,0.0,0.0
SPXW,2026-09-10,20,Call,9200.0,SPXW260910C09200000,0.0,0.15,0.075,0.15,0.0,0.0,0.0,1.0,0.2449,0.0004,0.0,0.0343,-0.0138,0.0016,0.0433,0.0,0.0,0.0,0.0750000029802322,down,2026-08-11T14:46:50,0.0,0.0
SPXW,2026-09-10,20,Put,9200.0,SPXW260910P09200000,1502.2,1525.0,1513.6,0.0,0.0,0.0,0.0,0.0,0.2957,-0.9994,0.0,0.0344,-0.0138,-4.5239,1513.6409,0.0,0.0,0.0,1533.34997558594,no_change,,0.0,0.0
SPXW,2026-09-10,20,Call,9400.0,SPXW260910C09400000,0.0,0.15,0.075,0.15,0.0,0.0,0.0,11.0,0.2715,0.0003,0.0,0.0226,-0.0097,0.001,0.0288,0.0,0.0,0.0,0.0500000007450581,up,2026-08-13T13:25:24,0.0,0.0
SPXW,2026-09-10,20,Put,9400.0,SPXW260910P09400000,1700.6,1719.9,1710.25,0.0,0.0,0.0,0.0,0.0,0.328,-0.9996,0.0,0.0226,-0.0097,-4.6228,1713.1965,0.0,0.0,0.0,1732.25,no_change,,0.0,0.0
SPXW,2026-09-10,20,Call,9600.0,SPXW260910C09600000,0.0,0.1,0.05,0.0,0.0,0.0,0.0,0.0,0.291,0.0002,0.0,0.0149,-0.0068,0.0006,0.0192,0.0,0.0,0.0,0.0500000007450581,no_change,,0.0,0.0
SPXW,2026-09-10,20,Put,9600.0,SPXW260910P09600000,1901.4,1924.1,1912.75,0.0,0.0,0.0,0.0,0.0,0.3549,-0.9997,0.0,0.015,-0.0068,-4.7215,1912.7569,0.0,0.0,0.0,1930.84997558594,no_change,,0.0,0.0
SPXW,2026-09-10,20,Call,9800.0,SPXW260910C09800000,0.0,0.1,0.05,0.25,0.0,0.0,0.0,1.0,0.3157,0.0001,0.0,0.0099,-0.0047,0.0004,0.0128,0.0,0.0,0.0,0.0500000007450581,up,2026-08-04T14:34:13,0.0,0.0
SPXW,2026-09-10,20,Put,9800.0,SPXW260910P09800000,2099.7,2123.4,2111.55,0.0,0.0,0.0,0.0,0.0,0.3854,-0.9998,0.0,0.0099,-0.0047,-4.8201,2112.3206,0.0,0.0,0.0,2131.95007324219,no_change,,0.0,0.0
SPXW,2026-09-10,20,Call,10000.0,SPXW260910C10000000,0.0,0.1,0.05,0.0,0.0,0.0,0.0,0.0,0.3397,0.0001,0.0,0.0066,-0.0032,0.0003,0.0085,0.0,0.0,0.0,0.0500000007450581,no_change,,0.0,0.0
SPXW,2026-09-10,20,Put,10000.0,SPXW260910P10000000,2299.3,2320.0,2309.65,0.0,0.0,0.0,0.0,0.0,0.4153,-0.9998,0.0,0.0066,-0.0033,-4.9186,2311.8864,0.0,0.0,0.0,2330.70007324219,no_change,,0.0,0.0
SPXW,2026-09-11,21,Call,2800.0,SPXW260911C02800000,4863.0,4886.8,4874.9,0.0,0.0,0.0,0.0,0.0,1.3246,0.9997,0.0,0.0097,-0.0235,1.6071,4873.3072,0.0,0.0,0.0,4853.05004882812,no_change,,0.0,0.0
SPXW,2026-09-11,21,Put,2800.0,SPXW260911P02800000,0.0,0.05,0.025,0.0,0.0,0.0,0.0,0.0,1.1795,-0.0001,0.0,0.0097,-0.0235,-0.0006,0.0734,0.0,0.0,0.0,0.025000000372529,no_change,,0.0,0.0
SPXW,2026-09-11,21,Call,3000.0,SPXW260911C03000000,4663.5,4687.3,4675.4,0.0,0.0,0.0,0.0,0.0,1.2368,0.9997,0.0,0.0107,-0.0242,1.7217,4673.8113,0.0,0.0,0.0,4653.5,no_change,,0.0,0.0
SPXW,2026-09-11,21,Put,3000.0,SPXW260911P03000000,0.0,0.1,0.05,0.32,0.0,0.0,0.0,2.0,1.1013,-0.0001,0.0,0.0107,-0.0242,-0.0007,0.076,0.0,0.0,0.0,0.025000000372529,up,2026-07-29T10:53:44,0.0,0.0
SPXW,2026-09-11,21,Call,3200.0,SPXW260911C03200000,4467.0,4487.9,4477.45,0.0,0.0,0.0,0.0,0.0,1.1548,0.9997,0.0,0.0119,-0.025,1.8364,4474.316,0.0,0.0,0.0,4454.19995117188,no_change,,0.0,0.0
SPXW,2026-09-11,21,Put,3200.0,SPXW260911P03200000,0.0,0.1,0.05,0.05,0.0,0.0,0.0,75.0,1.0282,-0.0002,0.0,0.0119,-0.025,-0.0008,0.0792,0.0,0.0,0.0,0.0500000007450581,no_change,2026-08-20T10:18:42,0.0,0.0
SPXW,2026-09-11,21,Call,3400.0,SPXW260911C03400000,4267.7,4288.4,4278.049999999999,0.0,0.0,0.0,0.0,0.0,1.0778,0.9997,0.0,0.0132,-0.026,1.951,4274.8214,0.0,0.0,0.0,4254.44995117188,no_change,,0.0,0.0
SPXW,2026-09-11,21,Put,3400.0,SPXW260911P03400000,0.0,0.1,0.05,0.05,0.0,0.0,0.0,6.0,0.9595,-0.0002,0.0,0.0132,-0.026,-0.0008,0.0831,0.0,0.0,0.0,0.0500000007450581,down,2026-08-20T10:11:28,0.0,0.0
SPXW,2026-09-11,21,Call,3600.0,SPXW260911C03600000,4064.9,4088.8,4076.8500000000004,0.0,0.0,0.0,0.0,0.0,1.0052,0.9996,0.0,0.0148,-0.0272,2.0656,4075.3276,0.0,0.0,0.0,4054.5,no_change,,0.0,0.0
SPXW,2026-09-11,21,Put,3600.0,SPXW260911P03600000,0.0,0.1,0.05,0.04,0.0,0.0,0.0,143.0,0.9188,-0.0002,0.0,0.0148,-0.0272,-0.0009,0.0877,0.0,0.0,0.0,0.0500000007450581,down,2026-08-20T11:01:56,0.0,0.0
SPXW,2026-09-11,21,Call,3800.0,SPXW260911C03800000,3868.6,3889.4,3879.0,0.0,0.0,0.0,0.0,0.0,0.9023,0.9996,0.0,0.0167,-0.0287,2.1801,3875.8348,0.0,0.0,0.0,3855.80004882812,no_change,,0.0,0.0
SPXW,2026-09-11,21,Put,3800.0,SPXW260911P03800000,0.0,0.1,0.05,0.1,0.0,0.0,0.0,7.0,0.8559,-0.0002,0.0,0.0167,-0.0287,-0.0011,0.0934,0.0,0.0,0.0,0.0500000007450581,up,2026-08-14T10:45:10,0.0,0.0
SPXW,2026-09-11,21,Call,4000.0,SPXW260911C04000000,3669.1,3689.9,3679.5,3683.07,26.3699,0.72114,1.0,0.0,0.839,0.9996,0.0,0.019,-0.0305,2.2947,3676.3435,3683.07,3683.07,3683.07,3656.70007324219,up,2026-08-21T15:26:41,0.0,0.0
SPXW,2026-09-11,21,Put,4000.0,SPXW260911P04000000,0.0,0.1,0.05,0.05,0.0,-1.49012e-06,1.0,14.0,0.7962,-0.0003,0.0,0.019,-0.0305,-0.0012,0.1006,0.05,0.05,0.05,0.0500000007450581,no_change,2026-08-21T15:26:41,0.0,0.0
SPXW,2026-09-11,21,Call,4200.0,SPXW260911C04200000,3466.6,3490.4,3478.5,0.0,0.0,0.0,0.0,0.0,0.7788,0.9995,0.0,0.0219,-0.0329,2.4092,3476.8545,0.0,0.0,0.0,3456.85009765625,no_change,,0.0,0.0
SPXW,2026-09-11,21,Put,4200.0,SPXW260911P04200000,0.0,0.15,0.075,0.05,-0.025,-33.3333,1.0,43.0,0.7197,-0.0003,0.0,0.022,-0.0331,-0.0014,0.1107,0.05,0.05,0.05,0.0750000011175871,down,2026-08-21T11:46:53,0.0,0.0
SPXW,2026-09-11,21,Call,4400.0,SPXW260911C04400000,3266.9,3290.6,3278.75,0.0,0.0,0.0,0.0,0.0,0.7214,0.9995,0.0,0.0258,-0.0362,2.5236,3277.3691,0.0,0.0,0.0,3256.79992675781,no_change,,0.0,0.0
SPXW,2026-09-11,21,Put,4400.0,SPXW260911P04400000,0.05,0.15,0.1,0.15,0.0,0.0,0.0,46.0,0.699,-0.0004,0.0,0.0258,-0.0362,-0.0016,0.1232,0.0,0.0,0.0,0.125000001862645,no_change,2026-08-20T16:08:33,0.0,0.0
SPXW,2026-09-11,21,Call,4600.0,SPXW260911C04600000,3070.4,3091.4,3080.9,0.0,0.0,0.0,0.0,0.0,0.6664,0.9994,0.0,0.0313,-0.041,2.638,3077.89,0.0,0.0,0.0,3057.40002441406,no_change,,0.0,0.0
SPXW,2026-09-11,21,Put,4600.0,SPXW260911P04600000,0.05,0.2,0.125,0.15,-0.025,-14.2857,2.0,796.0,0.6565,-0.0005,0.0,0.0313,-0.041,-0.002,0.1426,0.15,0.15,0.15,0.175000000745058,no_change,2026-08-21T11:46:44,0.0,0.0
SPXW,2026-09-11,21,Call,4800.0,SPXW260911C04800000,2867.9,2891.9,2879.9,0.0,0.0,0.0,0.0,0.0,0.6386,0.9993,0.0,0.0391,-0.0481,2.7521,2878.4211,0.0,0.0,0.0,2858.0,no_change,,0.0,0.0
SPXW,2026-09-11,21,Put,4800.0,SPXW260911P04800000,0.1,0.25,0.175,0.2,-0.025,-11.1111,31.0,308.0,0.6206,-0.0006,0.0,0.0391,-0.0481,-0.0026,0.1722,0.2,0.21,0.2,0.225000001490116,down,2026-08-21T14:13:16,0.0,0.0
SPXW,2026-09-11,21,Call,5000.0,SPXW260911C05000000,2671.4,2692.4,2681.9,2765.56,0.0,0.0,0.0,2.0,0.5863,0.9991,0.0,0.0509,-0.0588,2.866,2678.9683,0.0,0.0,0.0,2658.75,up,2026-08-07T15:58:54,0.0,0.0
SPXW,2026-09-11,21,Put,5000.0,SPXW260911P05000000,0.2,0.3,0.25,0.3,-0.05,-14.2857,44.0,301.0,0.5814,-0.0008,0.0,0.0509,-0.0588,-0.0034,0.2178,0.25,0.3,0.25,0.350000008940697,up,2026-08-21T15:02:17,0.0,0.0
SPXW,2026-09-11,21,Call,5200.0,SPXW260911C05200000,2469.5,2493.0,2481.25,2562.79,0.0,0.0,0.0,1.0,0.5514,0.9988,0.0,0.0685,-0.0744,2.9794,2479.5395,0.0,0.0,0.0,2459.65002441406,up,2026-08-12T14:28:51,0.0,0.0
SPXW,2026-09-11,21,Put,5200.0,SPXW260911P05200000,0.25,0.4,0.325,0.35,-0.1,-22.2222,84.0,703.0,0.5481,-0.0011,0.0,0.0686,-0.0746,-0.0047,0.2882,0.35,0.37,0.35,0.450000002980232,no_change,2026-08-21T15:36:59,0.0,0.0
SPXW,2026-09-11,21,Call,5400.0,SPXW260911C05400000,2269.6,2293.5,2281.55,0.0,0.0,0.0,0.0,0.0,0.5015,0.9983,0.0,0.0944,-0.0965,3.0922,2280.1448,0.0,0.0,0.0,2260.44995117188,no_change,,0.0,0.0
SPXW,2026-09-11,21,Put,5400.0,SPXW260911P05400000,0.35,0.5,0.425,0.43,-0.195,-31.2,904.0,1229.0,0.5106,-0.0015,0.0,0.0946,-0.0966,-0.0066,0.3919,0.55,0.55,0.43,0.625,no_change,2026-08-21T16:02:48,0.0,0.0
SPXW,2026-09-11,21,Call,5600.0,SPXW260911C05600000,2073.7,2094.1,2083.8999999999996,0.0,0.0,0.0,0.0,0.0,0.4638,0.9977,0.0,0.1315,-0.1263,3.2039,2080.7961,0.0,0.0,0.0,2061.0,no_change,,0.0,0.0
SPXW,2026-09-11,21,Put,5600.0,SPXW260911P05600000,0.55,0.65,0.6000000000000001,0.6,-0.225,-27.2727,57.0,505.0,0.4749,-0.0022,0.0,0.1317,-0.1264,-0.0096,0.5416,0.65,0.66,0.6,0.824999988079071,no_change,2026-08-21T15:36:59,0.0,0.0
SPXW,2026-09-11,21,Call,5700.0,SPXW260911C05700000,1970.5,1994.5,1982.5,0.0,0.0,0.0,0.0,0.0,0.452,0.9972,0.0,0.1557,-0.1445,3.2594,1981.143,0.0,0.0,0.0,1961.64996337891,no_change,,0.0,0.0
SPXW,2026-09-11,21,Put,5700.0,SPXW260911P05700000,0.6,0.7,0.6499999999999999,0.72,-0.255,-26.1538,5.0,1084.0,0.4576,-0.0026,0.0,0.1558,-0.1446,-0.0115,0.6375,0.75,0.75,0.72,0.974999964237213,down,2026-08-21T11:33:27,0.0,0.0
SPXW,2026-09-11,21,Call,5800.0,SPXW260911C05800000,1871.5,1894.8,1883.15,1885.4,23.1,1.2404,1.0,0.0,0.4312,0.9967,0.0,0.1843,-0.1651,3.3143,1881.5065,1885.4,1885.4,1885.4,1862.29998779297,up,2026-08-21T11:30:15,0.0,0.0
SPXW,2026-09-11,21,Put,5800.0,SPXW260911P05800000,0.7,0.8,0.75,0.76,-0.39,-33.913,29.0,1171.0,0.4392,-0.0032,0.0,0.1844,-0.1651,-0.0139,0.7502,0.76,0.76,0.76,1.15000003576279,no_change,2026-08-21T15:50:16,0.0,0.0
SPXW,2026-09-11,21,Call,5850.0,SPXW260911C05850000,1824.1,1845.0,1834.55,0.0,0.0,0.0,0.0,0.0,0.4237,0.9964,0.0,0.2002,-0.1762,3.3417,1831.6951,0.0,0.0,0.0,1812.15002441406,no_change,,0.0,0.0
SPXW,2026-09-11,21,Put,5850.0,SPXW260911P05850000,0.75,0.85,0.8,0.85,-0.375,-30.6122,10.0,464.0,0.4297,-0.0035,0.0,0.2002,-0.1763,-0.0152,0.8134,0.85,0.85,0.85,1.22499996423721,no_change,2026-08-21T15:02:11,0.0,0.0
SPXW,2026-09-11,21,Call,5900.0,SPXW260911C05900000,1774.3,1795.1,1784.6999999999998,0.0,0.0,0.0,0.0,0.0,0.4102,0.996,0.0,0.2174,-0.188,3.3689,1781.8887,0.0,0.0,0.0,1762.85003662109,no_change,,0.0,0.0
SPXW,2026-09-11,21,Put,5900.0,SPXW260911P05900000,0.8,0.9,0.8500000000000001,0.9,-0.425,-32.0755,42.0,41399.0,0.42,-0.0038,0.0,0.2174,-0.188,-0.0167,0.8815,0.98,1.0,0.9,1.32499998807907,down,2026-08-21T15:35:59,0.0,0.0
SPXW,2026-09-11,21,Call,5950.0,SPXW260911C05950000,1724.5,1745.3,1734.9,0.0,0.0,0.0,0.0,0.0,0.4024,0.9957,0.0,0.2361,-0.2004,3.396,1732.0873,0.0,0.0,0.0,1713.35003662109,no_change,,0.0,0.0
SPXW,2026-09-11,21,Put,5950.0,SPXW260911P05950000,0.85,1.0,0.925,0.95,-0.475,-33.3333,44.0,15272.0,0.4114,-0.0042,0.0,0.2362,-0.2004,-0.0182,0.9547,1.0,1.0,0.95,1.42500001192093,down,2026-08-21T15:53:17,0.0,0.0
SPXW,2026-09-11,21,Call,6000.0,SPXW260911C06000000,1674.6,1695.5,1685.05,1795.0,0.0,0.0,0.0,1041.0,0.3942,0.9953,0.0,0.2566,-0.2134,3.4229,1682.2913,0.0,0.0,0.0,1662.65002441406,up,2026-08-14T12:54:59,0.0,0.0
SPXW,2026-09-11,21,Put,6000.0,SPXW260911P06000000,0.95,1.05,1.0,1.0,-0.55,-35.4839,11.0,46153.0,0.4024,-0.0046,0.0,0.2567,-0.2134,-0.02,1.0332,1.05,1.1,1.0,1.55000001192093,down,2026-08-21T15:54:03,0.0,0.0
SPXW,2026-09-11,21,Call,6050.0,SPXW260911C06050000,1622.3,1645.7,1634.0,0.0,0.0,0.0,0.0,0.0,0.3856,0.9948,0.0,0.2789,-0.2271,3.4496,1632.5012,0.0,0.0,0.0,1613.85003662109,no_change,,0.0,0.0
SPXW,2026-09-11,21,Put,6050.0,SPXW260911P06050000,1.0,1.15,1.075,1.1,-0.575,-34.3284,11.0,12757.0,0.3923,-0.005,0.0,0.2789,-0.2271,-0.022,1.1179,1.18,1.18,1.1,1.67500001192093,down,2026-08-21T16:05:55,0.0,0.0
SPXW,2026-09-11,21,Call,6100.0,SPXW260911C06100000,1572.0,1594.8,1583.4,0.0,0.0,0.0,0.0,0.0,0.3767,0.9944,0.0,0.3028,-0.2414,3.4762,1582.7173,0.0,0.0,0.0,1563.54998779297,no_change,,0.0,0.0
SPXW,2026-09-11,21,Put,6100.0,SPXW260911P06100000,1.1,1.2,1.15,1.25,-0.55,-30.5556,25.0,380.0,0.3829,-0.0055,0.0,0.3029,-0.2415,-0.0241,1.2089,1.3,1.3,1.25,1.80000001192093,down,2026-08-21T13:03:39,0.0,0.0
SPXW,2026-09-11,21,Call,6150.0,SPXW260911C06150000,1525.4,1546.1,1535.75,0.0,0.0,0.0,0.0,0.0,0.3676,0.9938,0.0,0.3284,-0.2564,3.5025,1532.9401,0.0,0.0,0.0,1514.20001220703,no_change,,0.0,0.0
SPXW,2026-09-11,21,Put,6150.0,SPXW260911P06150000,1.15,1.3,1.225,1.4,-0.55,-28.2051,1.0,797.0,0.3742,-0.006,0.0,0.3284,-0.2564,-0.0264,1.3055,1.4,1.4,1.4,1.94999998807907,down,2026-08-21T10:06:34,0.0,0.0
SPXW,2026-09-11,21,Call,6200.0,SPXW260911C06200000,1476.0,1496.3,1486.15,0.0,0.0,0.0,0.0,0.0,0.3583,0.9932,0.0,0.3561,-0.2721,3.5287,1483.1699,0.0,0.0,0.0,1463.70001220703,no_change,,0.0,0.0
SPXW,2026-09-11,21,Put,6200.0,SPXW260911P06200000,1.25,1.4,1.325,1.4,-0.7,-33.3333,425.0,546.0,0.3652,-0.0066,0.0,0.3561,-0.272,-0.0289,1.4098,1.55,1.6,1.4,2.10000002384186,no_change,2026-08-21T15:33:22,0.0,0.0
SPXW,2026-09-11,21,Call,6250.0,SPXW260911C06250000,1425.7,1446.5,1436.1,0.0,0.0,0.0,0.0,0.0,0.3519,0.9926,0.0,0.3864,-0.2885,3.5546,1433.4072,0.0,0.0,0.0,1414.15002441406,no_change,,0.0,0.0
SPXW,2026-09-11,21,Put,6250.0,SPXW260911P06250000,1.4,1.5,1.45,1.65,-0.625,-27.4725,22.0,1013.0,0.3559,-0.0072,0.0,0.3865,-0.2886,-0.0317,1.5228,1.65,1.65,1.65,2.27499997615814,down,2026-08-21T10:47:16,0.0,0.0
SPXW,2026-09-11,21,Call,6300.0,SPXW260911C06300000,1376.5,1396.8,1386.65,0.0,0.0,0.0,0.0,0.0,0.3419,0.9919,0.0,0.4196,-0.3056,3.5802,1383.6526,0.0,0.0,0.0,1364.29998779297,no_change,,0.0,0.0
SPXW,2026-09-11,21,Put,6300.0,SPXW260911P06300000,1.5,1.65,1.575,1.75,-0.725,-29.2929,45.0,3598.0,0.347,-0.0079,0.0,0.4195,-0.3055,-0.0347,1.6416,1.71,1.75,1.71,2.47500002384186,up,2026-08-21T12:28:44,0.0,0.0
SPXW,2026-09-11,21,Call,6350.0,SPXW260911C06350000,1323.1,1346.8,1334.9499999999998,1261.95,0.0,0.0,0.0,2.0,0.3318,0.9912,0.0,0.4557,-0.3235,3.6055,1333.9073,0.0,0.0,0.0,1315.29998779297,down,2026-08-03T12:41:03,0.0,0.0
SPXW,2026-09-11,21,Put,6350.0,SPXW260911P06350000,1.6,1.75,1.675,1.95,-0.725,-27.1028,10.0,308.0,0.3378,-0.0087,0.0,0.4556,-0.3234,-0.0381,1.7707,1.95,1.95,1.95,2.67499995231628,down,2026-08-21T10:49:05,0.0,0.0
SPXW,2026-09-11,21,Call,6400.0,SPXW260911C06400000,1277.7,1297.3,1287.5,0.0,0.0,0.0,0.0,0.0,0.3241,0.9903,0.0,0.4946,-0.3423,3.6304,1284.1723,0.0,0.0,0.0,1265.0,no_change,,0.0,0.0
SPXW,2026-09-11,21,Put,6400.0,SPXW260911P06400000,1.75,1.9,1.825,1.81,-1.09,-37.5862,163.0,433.0,0.329,-0.0096,0.0,0.4945,-0.3421,-0.0419,1.9103,2.2,2.25,1.81,2.89999997615814,down,2026-08-21T16:10:40,0.0,0.0
SPXW,2026-09-11,21,Call,6425.0,SPXW260911C06425000,1248.5,1272.4,1260.45,0.0,0.0,0.0,0.0,0.0,0.3188,0.9898,0.0,0.5152,-0.352,3.6427,1259.3091,0.0,0.0,0.0,0.0,no_change,,0.0,0.0
SPXW,2026-09-11,21,Put,6425.0,SPXW260911P06425000,1.85,1.95,1.9,2.05,2.05,0.0,3.0,0.0,0.3239,-0.01,0.0,0.5152,-0.352,-0.0439,1.9853,2.05,2.05,2.05,0.0,up,2026-08-21T15:02:30,0.0,0.0
SPXW,2026-09-11,21,Call,6450.0,SPXW260911C06450000,1226.9,1247.5,1237.2,0.0,0.0,0.0,0.0,0.0,0.3158,0.9894,0.0,0.5367,-0.362,3.6549,1234.4489,0.0,0.0,0.0,1215.54998779297,no_change,,0.0,0.0
SPXW,2026-09-11,21,Put,6450.0,SPXW260911P06450000,1.9,2.05,1.9749999999999999,2.05,-1.05,-33.871,2.0,285.0,0.3197,-0.0105,0.0,0.5367,-0.3618,-0.046,2.0614,2.2,2.2,2.05,3.10000002384186,down,2026-08-21T15:59:55,0.0,0.0
SPXW,2026-09-11,21,Call,6475.0,SPXW260911C06475000,1203.4,1222.7,1213.0500000000002,0.0,0.0,0.0,0.0,0.0,0.3104,0.9889,0.0,0.5594,-0.3723,3.667,1209.592,0.0,0.0,0.0,1191.34997558594,no_change,,0.0,0.0
SPXW,2026-09-11,21,Put,6475.0,SPXW260911P06475000,2.0,2.15,2.075,2.55,0.0,0.0,0.0,1.0,0.3155,-0.011,0.0,0.5593,-0.3721,-0.0482,2.1417,0.0,0.0,0.0,3.30000007152557,down,2026-08-19T10:57:13,0.0,0.0
SPXW,2026-09-11,21,Call,6500.0,SPXW260911C06500000,1173.9,1197.8,1185.85,1224.41,0.0,0.0,0.0,2.0,0.3071,0.9883,0.0,0.5832,-0.3828,3.679,1184.7385,0.0,0.0,0.0,1165.69995117188,up,2026-08-19T16:00:04,0.0,0.0
SPXW,2026-09-11,21,Put,6500.0,SPXW260911P06500000,2.1,2.2,2.1500000000000004,2.45,-0.95,-27.9412,20.0,523.0,0.3106,-0.0115,0.0,0.5831,-0.3826,-0.0506,2.2254,2.5,2.5,2.45,3.39999997615814,down,2026-08-21T11:44:00,0.0,0.0
SPXW,2026-09-11,21,Call,6525.0,SPXW260911C06525000,1149.1,1173.0,1161.05,0.0,0.0,0.0,0.0,0.0,0.3016,0.9878,0.0001,0.6084,-0.3936,3.6909,1159.8887,0.0,0.0,0.0,1142.20001220703,no_change,,0.0,0.0
SPXW,2026-09-11,21,Put,6525.0,SPXW260911P06525000,2.15,2.3,2.2249999999999996,2.95,0.0,0.0,0.0,1.0,0.3058,-0.0121,0.0001,0.6084,-0.3936,-0.0531,2.3141,0.0,0.0,0.0,3.60000002384186,down,2026-08-19T10:50:45,0.0,0.0
SPXW,2026-09-11,21,Call,6550.0,SPXW260911C06550000,1128.5,1148.1,1138.3,0.0,0.0,0.0,0.0,0.0,0.298,0.9872,0.0001,0.635,-0.4048,3.7026,1135.043,0.0,0.0,0.0,1116.35003662109,no_change,,0.0,0.0
SPXW,2026-09-11,21,Put,6550.0,SPXW260911P06550000,2.25,2.4,2.325,2.3,-1.4,-37.8378,53.0,178.0,0.3013,-0.0127,0.0001,0.6351,-0.4048,-0.0557,2.4062,2.45,2.45,2.3,3.69999992847443,down,2026-08-21T15:45:59,0.0,0.0
SPXW,2026-09-11,21,Call,6575.0,SPXW260911C06575000,1104.0,1123.3,1113.65,0.0,0.0,0.0,0.0,0.0,0.2924,0.9865,0.0001,0.663,-0.4163,3.7141,1110.2018,0.0,0.0,0.0,1091.45001220703,no_change,,0.0,0.0
SPXW,2026-09-11,21,Put,6575.0,SPXW260911P06575000,2.35,2.5,2.425,3.2,0.0,0.0,0.0,2.0,0.2967,-0.0133,0.0001,0.663,-0.4163,-0.0585,2.5018,0.0,0.0,0.0,3.89999997615814,down,2026-08-19T10:50:34,0.0,0.0
SPXW,2026-09-11,21,Call,6600.0,SPXW260911C06600000,1078.3,1098.5,1088.4,1170.02,0.0,0.0,0.0,1.0,0.2885,0.9858,0.0001,0.6924,-0.4282,3.7254,1085.3655,0.0,0.0,0.0,1066.70001220703,down,2026-08-10T13:58:29,0.0,0.0
SPXW,2026-09-11,21,Put,6600.0,SPXW260911P06600000,2.5,2.6,2.55,3.03,-1.07,-26.0976,31.0,991.0,0.2924,-0.014,0.0001,0.6926,-0.4282,-0.0616,2.6034,2.95,3.1,2.95,4.09999990463257,down,2026-08-21T10:49:11,0.0,0.0
SPXW,2026-09-11,21,Call,6625.0,SPXW260911C06625000,1049.7,1073.6,1061.65,0.0,0.0,0.0,0.0,0.0,0.2845,0.9851,0.0001,0.7233,-0.4405,3.7365,1060.5348,0.0,0.0,0.0,1042.40002441406,no_change,,0.0,0.0
SPXW,2026-09-11,21,Put,6625.0,SPXW260911P06625000,2.6,2.7,2.6500000000000004,3.5,0.0,0.0,0.0,2.0,0.2879,-0.0147,0.0001,0.7232,-0.4402,-0.0648,2.708,0.0,0.0,0.0,4.20000004768372,down,2026-08-19T10:50:30,0.0,0.0
SPXW,2026-09-11,21,Call,6650.0,SPXW260911C06650000,1028.7,1048.8,1038.75,1120.67,0.0,0.0,0.0,3.0,0.2803,0.9843,0.0001,0.7556,-0.4532,3.7475,1035.71,0.0,0.0,0.0,1017.70001220703,down,2026-08-10T13:58:29,0.0,0.0
SPXW,2026-09-11,21,Put,6650.0,SPXW260911P06650000,2.7,2.85,2.7750000000000004,3.18,-1.27,-28.5393,380.0,557.0,0.283,-0.0155,0.0001,0.7558,-0.4533,-0.0682,2.8226,3.31,3.31,3.18,4.45000004768372,no_change,2026-08-21T11:36:00,0.0,0.0
SPXW,2026-09-11,21,Call,6675.0,SPXW260911C06675000,1004.7,1024.0,1014.35,0.0,0.0,0.0,0.0,0.0,0.2745,0.9835,0.0001,0.7897,-0.4665,3.7582,1010.8919,0.0,0.0,0.0,992.850006103516,no_change,,0.0,0.0
SPXW,2026-09-11,21,Put,6675.0,SPXW260911P06675000,2.8,2.95,2.875,4.6,0.0,0.0,0.0,121.0,0.279,-0.0163,0.0001,0.7896,-0.4663,-0.0718,2.9397,0.0,0.0,0.0,4.64999985694885,no_change,2026-08-20T14:17:57,0.0,0.0
SPXW,2026-09-11,21,Call,6700.0,SPXW260911C06700000,975.3,999.2,987.25,0.0,0.0,0.0,0.0,0.0,0.2701,0.9826,0.0001,0.8258,-0.4804,3.7687,986.0811,0.0,0.0,0.0,967.75,no_change,,0.0,0.0
SPXW,2026-09-11,21,Put,6700.0,SPXW260911P06700000,2.95,3.1,3.0250000000000004,3.07,-1.83,-37.3469,89.0,1595.0,0.2742,-0.0172,0.0001,0.8257,-0.4801,-0.0757,3.0662,3.6,3.7,2.92,4.90000009536743,up,2026-08-21T15:59:55,0.0,0.0
SPXW,2026-09-11,21,Call,6725.0,SPXW260911C06725000,950.6,974.4,962.5,1094.8,0.0,0.0,0.0,1.0,0.2656,0.9817,0.0001,0.8643,-0.4948,3.7789,961.2783,0.0,0.0,0.0,943.549987792969,up,2026-08-13T16:02:39,0.0,0.0
SPXW,2026-09-11,21,Put,6725.0,SPXW260911P06725000,3.1,3.3,3.2,5.2,0.0,0.0,0.0,47.0,0.2691,-0.0182,0.0001,0.8642,-0.4946,-0.0798,3.2006,0.0,0.0,0.0,5.09999990463257,up,2026-08-18T15:33:44,0.0,0.0
SPXW,2026-09-11,21,Call,6750.0,SPXW260911C06750000,930.3,949.6,939.95,0.0,0.0,0.0,0.0,0.0,0.261,0.9807,0.0001,0.9056,-0.51,3.7888,936.4844,0.0,0.0,0.0,918.75,no_change,,0.0,0.0
SPXW,2026-09-11,21,Put,6750.0,SPXW260911P06750000,3.2,3.4,3.3,3.4,-1.95,-36.4486,21.0,12210.0,0.2645,-0.0192,0.0001,0.9058,-0.5101,-0.0842,3.3464,3.91,3.91,3.4,5.35000014305115,no_change,2026-08-21T15:43:23,0.0,0.0
SPXW,2026-09-11,21,Call,6775.0,SPXW260911C06775000,902.0,924.8,913.4,0.0,0.0,0.0,0.0,0.0,0.2574,0.9796,0.0001,0.9498,-0.5259,3.7983,911.7006,0.0,0.0,0.0,893.699981689453,no_change,,0.0,0.0
SPXW,2026-09-11,21,Put,6775.0,SPXW260911P06775000,3.4,3.6,3.5,4.5,0.0,0.0,0.0,158.0,0.2603,-0.0203,0.0001,0.9498,-0.5259,-0.089,3.4992,0.0,0.0,0.0,5.59999990463257,down,2026-08-19T10:49:39,0.0,0.0
SPXW,2026-09-11,21,Call,6800.0,SPXW260911C06800000,879.5,900.1,889.8,0.0,0.0,0.0,0.0,0.0,0.2526,0.9784,0.0001,0.9971,-0.5426,3.8074,886.9284,0.0,0.0,0.0,869.100006103516,no_change,,0.0,0.0
SPXW,2026-09-11,21,Put,6800.0,SPXW260911P06800000,3.6,3.8,3.7,3.6,-2.3,-38.9831,79.0,10416.0,0.2554,-0.0215,0.0001,0.9974,-0.5427,-0.0943,3.6652,4.48,4.48,3.6,5.90000009536743,down,2026-08-21T16:05:08,0.0,0.0
SPXW,2026-09-11,21,Call,6825.0,SPXW260911C06825000,856.2,875.3,865.75,0.0,0.0,0.0,0.0,0.0,0.2476,0.9771,0.0001,1.0475,-0.5604,3.816,862.1692,0.0,0.0,0.0,844.399993896484,no_change,,0.0,0.0
SPXW,2026-09-11,21,Put,6825.0,SPXW260911P06825000,3.7,3.9,3.8,3.9,-2.3,-37.0968,1.0,182.0,0.2504,-0.0227,0.0001,1.0478,-0.5604,-0.1,3.8433,3.9,3.9,3.9,6.20000004768372,down,2026-08-21T15:55:01,0.0,0.0
SPXW,2026-09-11,21,Call,6850.0,SPXW260911C06850000,830.5,850.6,840.55,0.0,0.0,0.0,0.0,0.0,0.2435,0.9757,0.0001,1.101,-0.5791,3.8241,837.4249,0.0,0.0,0.0,819.800018310547,no_change,,0.0,0.0
SPXW,2026-09-11,21,Put,6850.0,SPXW260911P06850000,3.9,4.1,4.0,4.05,-2.45,-37.6923,658.0,896.0,0.2458,-0.0241,0.0001,1.1013,-0.5792,-0.1063,4.0364,4.81,4.81,3.9,6.5,no_change,2026-08-21T15:57:49,0.0,0.0
SPXW,2026-09-11,21,Call,6875.0,SPXW260911C06875000,805.3,825.9,815.5999999999999,0.0,0.0,0.0,0.0,0.0,0.2392,0.9742,0.0001,1.1582,-0.5991,3.8317,812.6973,0.0,0.0,0.0,795.149993896484,no_change,,0.0,0.0
SPXW,2026-09-11,21,Put,6875.0,SPXW260911P06875000,4.1,4.4,4.25,5.29,-1.61,-23.3333,10.0,212.0,0.2412,-0.0256,0.0001,1.1582,-0.5991,-0.113,4.245,5.29,5.29,5.29,6.90000009536743,down,2026-08-21T09:43:46,0.0,0.0
SPXW,2026-09-11,21,Call,6900.0,SPXW260911C06900000,782.2,801.2,791.7,0.0,0.0,0.0,0.0,0.0,0.2348,0.9726,0.0001,1.2198,-0.6203,3.8388,787.9884,0.0,0.0,0.0,770.549987792969,no_change,,0.0,0.0
SPXW,2026-09-11,21,Put,6900.0,SPXW260911P06900000,4.4,4.6,4.5,4.55,-2.65,-36.8056,1616.0,1161.0,0.2372,-0.0273,0.0001,1.2198,-0.6203,-0.1202,4.4735,5.52,5.52,4.53,7.20000004768372,no_change,2026-08-21T15:57:49,0.0,0.0
SPXW,2026-09-11,21,Call,6925.0,SPXW260911C06925000,757.2,776.5,766.85,0.0,0.0,0.0,0.0,8.0,0.2302,0.9707,0.0001,1.2869,-0.643,3.8452,763.3007,0.0,0.0,0.0,746.049987792969,no_change,,0.0,0.0
SPXW,2026-09-11,21,Put,6925.0,SPXW260911P06925000,4.6,4.8,4.699999999999999,4.9,-2.7,-35.5263,12.0,322.0,0.2322,-0.0291,0.0001,1.2869,-0.643,-0.1282,4.7231,6.0,6.0,4.9,7.59999990463257,down,2026-08-21T15:32:31,0.0,0.0
SPXW,2026-09-11,21,Call,6950.0,SPXW260911C06950000,731.9,751.8,741.8499999999999,834.69,0.0,0.0,0.0,1.0,0.2255,0.9687,0.0002,1.3599,-0.6673,3.8507,738.6372,0.0,0.0,0.0,721.549987792969,up,2026-08-11T10:51:36,0.0,0.0
SPXW,2026-09-11,21,Put,6950.0,SPXW260911P06950000,4.9,5.1,5.0,5.0,-3.1,-38.2716,71.0,323.0,0.2274,-0.0311,0.0002,1.3603,-0.6674,-0.137,4.9984,6.05,6.05,4.8,8.09999990463257,up,2026-08-21T15:53:38,0.0,0.0
SPXW,2026-09-11,21,Call,6975.0,SPXW260911C06975000,703.2,726.4,714.8,810.4,0.0,0.0,0.0,3.0,0.2214,0.9665,0.0002,1.439,-0.6934,3.8552,714.0015,0.0,0.0,0.0,697.100006103516,up,2026-08-11T10:51:36,0.0,0.0
SPXW,2026-09-11,21,Put,6975.0,SPXW260911P06975000,5.2,5.4,5.300000000000001,5.6,-3.0,-34.8837,2.0,989.0,0.2233,-0.0333,0.0002,1.439,-0.6934,-0.1468,5.2986,5.9,5.9,5.6,8.59999990463257,down,2026-08-21T14:59:54,0.0,0.0
SPXW,2026-09-11,21,Call,7000.0,SPXW260911C07000000,681.7,702.5,692.1,721.05,0.0,0.0,0.0,3221.0,0.2163,0.9641,0.0002,1.524,-0.7214,3.8587,689.398,0.0,0.0,0.0,673.099975585938,no_change,2026-08-18T15:11:06,0.0,0.0
SPXW,2026-09-11,21,Put,7000.0,SPXW260911P07000000,5.5,5.7,5.6,5.68,-3.42,-37.5824,18.0,3609.0,0.2185,-0.0358,0.0002,1.5245,-0.7215,-0.1578,5.6342,7.0,7.0,5.68,9.09999990463257,down,2026-08-21T15:39:49,0.0,0.0
SPXW,2026-09-11,21,Call,7025.0,SPXW260911C07025000,658.5,678.0,668.25,778.8,0.0,0.0,0.0,4.0,0.2125,0.9614,0.0002,1.6154,-0.7515,3.861,664.831,0.0,0.0,0.0,648.549987792969,no_change,2026-08-14T14:43:15,0.0,0.0
SPXW,2026-09-11,21,Put,7025.0,SPXW260911P07025000,5.9,6.1,6.0,6.0,-3.7,-38.1443,18.0,8643.0,0.214,-0.0385,0.0002,1.6159,-0.7517,-0.1698,6.0047,7.5,7.5,6.0,9.7000002861023,down,2026-08-21T15:40:32,0.0,0.0
SPXW,2026-09-11,21,Call,7040.0,SPXW260911C07040000,642.7,663.2,652.95,0.0,0.0,0.0,0.0,0.0,0.2094,0.9596,0.0002,1.674,-0.7707,3.8618,650.1103,0.0,0.0,0.0,0.0,no_change,,0.0,0.0
SPXW,2026-09-11,21,Put,7040.0,SPXW260911P07040000,6.1,6.3,6.199999999999999,6.3,6.3,0.0,1.0,0.0,0.2118,-0.0402,0.0002,1.674,-0.7707,-0.1775,6.2443,6.3,6.3,6.3,0.0,up,2026-08-21T16:06:51,0.0,0.0
SPXW,2026-09-11,21,Call,7050.0,SPXW260911C07050000,632.6,653.4,643.0,444.83,0.0,0.0,0.0,3.0,0.2078,0.9584,0.0002,1.7148,-0.784,3.8622,640.3052,0.0,0.0,0.0,624.0,down,2026-07-31T10:27:07,0.0,0.0
SPXW,2026-09-11,21,Put,7050.0,SPXW260911P07050000,6.3,6.5,6.4,6.4,-3.9,-37.8641,8.0,8573.0,0.2099,-0.0414,0.0002,1.7148,-0.784,-0.1829,6.4142,7.82,7.82,6.4,10.2999997138977,down,2026-08-21T15:40:32,0.0,0.0
SPXW,2026-09-11,21,Call,7060.0,SPXW260911C07060000,623.3,643.6,633.45,0.0,0.0,0.0,0.0,0.0,0.2061,0.9571,0.0002,1.7572,-0.7977,3.8623,630.5076,0.0,0.0,0.0,0.0,no_change,,0.0,0.0
SPXW,2026-09-11,21,Put,7060.0,SPXW260911P07060000,6.4,6.7,6.550000000000001,0.0,0.0,0.0,0.0,0.0,0.208,-0.0427,0.0002,1.7572,-0.7977,-0.1885,6.5915,0.0,0.0,0.0,0.0,no_change,,0.0,0.0
SPXW,2026-09-11,21,Call,7070.0,SPXW260911C07070000,614.3,633.8,624.05,0.0,0.0,0.0,0.0,0.0,0.2043,0.9558,0.0002,1.8014,-0.8118,3.8621,620.7179,0.0,0.0,0.0,0.0,no_change,,0.0,0.0
SPXW,2026-09-11,21,Put,7070.0,SPXW260911P07070000,6.6,6.8,6.699999999999999,0.0,0.0,0.0,0.0,0.0,0.2064,-0.0441,0.0002,1.8014,-0.8118,-0.1944,6.7767,0.0,0.0,0.0,0.0,no_change,,0.0,0.0
SPXW,2026-09-11,21,Call,7075.0,SPXW260911C07075000,605.0,627.3,616.15,668.57,0.0,0.0,0.0,2.0,0.2034,0.9551,0.0002,1.824,-0.819,3.8619,615.8262,0.0,0.0,0.0,599.800018310547,down,2026-08-06T15:54:06,0.0,0.0
SPXW,2026-09-11,21,Put,7075.0,SPXW260911P07075000,6.7,6.9,6.800000000000001,7.5,-3.5,-31.8182,34.0,130.0,0.2055,-0.0448,0.0002,1.824,-0.819,-0.1975,6.8724,8.5,8.5,7.5,11.0,down,2026-08-21T11:30:12,0.0,0.0
SPXW,2026-09-11,21,Call,7080.0,SPXW260911C07080000,600.1,622.4,611.25,0.0,0.0,0.0,0.0,0.0,0.2031,0.9544,0.0002,1.8471,-0.8263,3.8617,610.9365,0.0,0.0,0.0,594.899993896484,no_change,,0.0,0.0
SPXW,2026-09-11,21,Put,7080.0,SPXW260911P07080000,6.8,7.0,6.9,11.0,0.0,0.0,0.0,15.0,0.2047,-0.0455,0.0002,1.8471,-0.8263,-0.2006,6.9703,0.0,0.0,0.0,11.1500000953674,up,2026-08-20T14:16:34,0.0,0.0
SPXW,2026-09-11,21,Call,7090.0,SPXW260911C07090000,590.3,613.3,601.8,0.0,0.0,0.0,0.0,0.0,0.2013,0.9529,0.0003,1.8946,-0.8413,3.8609,601.1639,0.0,0.0,0.0,585.899993896484,no_change,,0.0,0.0
SPXW,2026-09-11,21,Put,7090.0,SPXW260911P07090000,7.0,7.2,7.1,8.3,-3.15,-27.5109,7.0,0.0,0.203,-0.0469,0.0003,1.8946,-0.8413,-0.2071,7.1726,8.3,8.3,8.3,11.4500002861023,down,2026-08-21T09:30:17,0.0,0.0
SPXW,2026-09-11,21,Call,7100.0,SPXW260911C07100000,585.0,604.5,594.75,674.31,0.0,0.0,0.0,7.0,0.1994,0.9514,0.0003,1.9436,-0.8567,3.8598,591.4007,0.0,0.0,0.0,575.600006103516,up,2026-08-07T12:38:03,0.0,0.0
SPXW,2026-09-11,21,Put,7100.0,SPXW260911P07100000,7.2,7.4,7.300000000000001,7.45,-4.35,-36.8644,32.0,924.0,0.2012,-0.0485,0.0003,1.9436,-0.8567,-0.214,7.3843,8.32,8.32,6.99,11.7999997138977,no_change,2026-08-21T15:59:51,0.0,0.0
SPXW,2026-09-11,21,Call,7110.0,SPXW260911C07110000,575.7,594.7,585.2,0.0,0.0,0.0,0.0,0.0,0.1981,0.9498,0.0003,1.9942,-0.8726,3.8583,581.6474,0.0,0.0,0.0,566.050018310547,no_change,,0.0,0.0
SPXW,2026-09-11,21,Put,7110.0,SPXW260911P07110000,7.4,7.7,7.550000000000001,0.0,0.0,0.0,0.0,0.0,0.1994,-0.0501,0.0003,1.9942,-0.8726,-0.2212,7.6059,0.0,0.0,0.0,12.0999999046326,no_change,,0.0,0.0
SPXW,2026-09-11,21,Call,7120.0,SPXW260911C07120000,565.9,585.0,575.45,0.0,0.0,0.0,0.0,0.0,0.1962,0.9481,0.0003,2.0461,-0.889,3.8565,571.9046,0.0,0.0,0.0,556.300018310547,no_change,,0.0,0.0
SPXW,2026-09-11,21,Put,7120.0,SPXW260911P07120000,7.6,7.9,7.75,0.0,0.0,0.0,0.0,0.0,0.1978,-0.0518,0.0003,2.0461,-0.889,-0.2287,7.838,0.0,0.0,0.0,12.4500002861023,no_change,,0.0,0.0
SPXW,2026-09-11,21,Call,7125.0,SPXW260911C07125000,559.8,580.1,569.95,681.47,0.0,0.0,0.0,1.0,0.1952,0.9472,0.0003,2.0727,-0.8973,3.8554,567.0373,0.0,0.0,0.0,551.550018310547,down,2026-08-14T14:11:13,0.0,0.0
SPXW,2026-09-11,21,Put,7125.0,SPXW260911P07125000,7.7,8.0,7.85,8.7,-3.9,-30.9524,636.0,847.0,0.1971,-0.0526,0.0003,2.0727,-0.8973,-0.2326,7.9582,9.78,9.9,8.7,12.5999999046326,down,2026-08-21T11:32:23,0.0,0.0
SPXW,2026-09-11,21,Call,7130.0,SPXW260911C07130000,551.3,573.2,562.25,0.0,0.0,0.0,0.0,0.0,0.1947,0.9464,0.0003,2.0996,-0.9058,3.8543,562.1728,0.0,0.0,0.0,547.099975585938,no_change,,0.0,0.0
SPXW,2026-09-11,21,Put,7130.0,SPXW260911P07130000,7.8,8.1,7.949999999999999,12.6,0.0,0.0,0.0,28.0,0.1962,-0.0535,0.0003,2.0996,-0.9058,-0.2366,8.0812,0.0,0.0,0.0,12.7999997138977,up,2026-08-20T15:40:26,0.0,0.0
SPXW,2026-09-11,21,Call,7140.0,SPXW260911C07140000,546.5,565.5,556.0,0.0,0.0,0.0,0.0,0.0,0.1927,0.9445,0.0003,2.1546,-0.9232,3.8519,552.4527,0.0,0.0,0.0,537.5,no_change,,0.0,0.0
SPXW,2026-09-11,21,Put,7140.0,SPXW260911P07140000,8.1,8.4,8.25,12.48,0.0,0.0,0.0,4.0,0.1942,-0.0553,0.0003,2.1546,-0.9232,-0.2448,8.3359,0.0,0.0,0.0,13.1500000953674,down,2026-08-18T10:26:26,0.0,0.0
SPXW,2026-09-11,21,Call,7150.0,SPXW260911C07150000,531.8,553.8,542.8,611.08,0.0,0.0,0.0,211.0,0.1911,0.9426,0.0003,2.2114,-0.9411,3.8491,542.7446,0.0,0.0,0.0,527.900024414062,down,2026-08-19T10:58:47,0.0,0.0
SPXW,2026-09-11,21,Put,7150.0,SPXW260911P07150000,8.4,8.6,8.5,8.65,-4.9,-36.1624,14.0,413.0,0.193,-0.0572,0.0003,2.2114,-0.9411,-0.2533,8.6029,10.28,10.5,8.65,13.5499997138977,no_change,2026-08-21T15:59:51,0.0,0.0
SPXW,2026-09-11,21,Call,7160.0,SPXW260911C07160000,522.1,545.0,533.55,0.0,0.0,0.0,0.0,0.0,0.1895,0.9406,0.0003,2.2703,-0.9594,3.846,533.0493,0.0,0.0,0.0,517.949981689453,no_change,,0.0,0.0
SPXW,2026-09-11,21,Put,7160.0,SPXW260911P07160000,8.6,8.9,8.75,10.65,-3.3,-23.6559,12.0,9.0,0.191,-0.0592,0.0003,2.2703,-0.9594,-0.2621,8.8825,10.45,10.65,10.45,13.9500002861023,up,2026-08-21T09:34:06,0.0,0.0
SPXW,2026-09-11,21,Call,7170.0,SPXW260911C07170000,516.9,536.4,526.65,0.0,0.0,0.0,0.0,0.0,0.1882,0.9385,0.0004,2.3314,-0.9784,3.8425,523.3673,0.0,0.0,0.0,508.350006103516,no_change,,0.0,0.0
SPXW,2026-09-11,21,Put,7170.0,SPXW260911P07170000,8.9,9.2,9.05,11.35,0.0,0.0,0.0,4.0,0.1896,-0.0614,0.0004,2.3314,-0.9784,-0.2713,9.1754,0.0,0.0,0.0,14.3499999046326,down,2026-08-17T15:50:12,0.0,0.0
SPXW,2026-09-11,21,Call,7175.0,SPXW260911C07175000,512.1,531.6,521.85,565.68,0.0,0.0,0.0,7.0,0.1872,0.9374,0.0004,2.3628,-0.988,3.8406,518.5315,0.0,0.0,0.0,504.0,down,2026-08-19T15:07:21,0.0,0.0
SPXW,2026-09-11,21,Put,7175.0,SPXW260911P07175000,9.1,9.3,9.2,10.2,-4.4,-30.137,20.0,214.0,0.1888,-0.0624,0.0004,2.3628,-0.988,-0.2761,9.327,11.4,11.4,10.0,14.5999999046326,up,2026-08-21T14:31:19,0.0,0.0
SPXW,2026-09-11,21,Call,7180.0,SPXW260911C07180000,507.5,526.7,517.1,0.0,0.0,0.0,0.0,0.0,0.1865,0.9363,0.0004,2.3949,-0.9978,3.8386,513.6993,0.0,0.0,0.0,499.25,no_change,,0.0,0.0
SPXW,2026-09-11,21,Put,7180.0,SPXW260911P07180000,9.2,9.5,9.35,10.1,-4.7,-31.7568,1.0,6.0,0.1877,-0.0635,0.0004,2.3949,-0.9978,-0.281,9.4823,10.1,10.1,10.1,14.7999997138977,down,2026-08-21T13:15:11,0.0,0.0
SPXW,2026-09-11,21,Call,7190.0,SPXW260911C07190000,498.0,517.1,507.55,0.0,0.0,0.0,0.0,0.0,0.1847,0.934,0.0004,2.4609,-1.0178,3.8342,504.0461,0.0,0.0,0.0,489.75,no_change,,0.0,0.0
SPXW,2026-09-11,21,Put,7190.0,SPXW260911P07190000,9.5,9.8,9.65,10.45,-4.8,-31.4754,8.0,2.0,0.186,-0.0658,0.0004,2.4609,-1.0178,-0.2911,9.804,10.57,10.57,10.45,15.25,no_change,2026-08-21T12:38:11,0.0,0.0
SPXW,2026-09-11,21,Call,7200.0,SPXW260911C07200000,488.0,507.4,497.7,500.04,19.79,4.12077,2.0,17.0,0.1833,0.9316,0.0004,2.5292,-1.0383,3.8292,494.4086,500.04,500.04,500.04,480.25,down,2026-08-21T13:22:37,0.0,0.0
SPXW,2026-09-11,21,Put,7200.0,SPXW260911P07200000,9.9,10.2,10.05,10.0,-5.75,-36.5079,65.0,664.0,0.1846,-0.0682,0.0004,2.5292,-1.0383,-0.3019,10.1414,12.15,12.32,9.6,15.75,up,2026-08-21T16:14:16,0.0,0.0
SPXW,2026-09-11,21,Call,7210.0,SPXW260911C07210000,478.8,497.8,488.3,498.14,0.0,0.0,0.0,1.0,0.1818,0.9291,0.0004,2.5996,-1.0594,3.8236,484.7878,0.0,0.0,0.0,470.650009155273,up,2026-08-20T12:37:13,0.0,0.0
SPXW,2026-09-11,21,Put,7210.0,SPXW260911P07210000,10.2,10.5,10.35,10.8,-5.45,-33.5385,3.0,64.0,0.1828,-0.0707,0.0004,2.5996,-1.0594,-0.3132,10.4955,12.27,12.67,10.8,16.25,down,2026-08-21T15:13:52,0.0,0.0
SPXW,2026-09-11,21,Call,7220.0,SPXW260911C07220000,464.2,487.0,475.6,484.27,23.42,5.08191,5.0,0.0,0.1803,0.9265,0.0004,2.672,-1.081,3.8174,475.1846,484.27,484.27,484.27,460.850006103516,up,2026-08-21T15:46:02,0.0,0.0
SPXW,2026-09-11,21,Put,7220.0,SPXW260911P07220000,10.6,10.9,10.75,10.44,-6.31,-37.6716,10.0,95.0,0.1813,-0.0734,0.0004,2.672,-1.081,-0.3251,10.8673,12.62,12.62,10.44,16.75,down,2026-08-21T15:46:02,0.0,0.0
SPXW,2026-09-11,21,Call,7225.0,SPXW260911C07225000,463.9,483.4,473.65,577.64,0.0,0.0,0.0,5.0,0.1795,0.9251,0.0004,2.7088,-1.092,3.8141,470.39,0.0,0.0,0.0,456.550003051758,up,2026-08-17T09:57:35,0.0,0.0
SPXW,2026-09-11,21,Put,7225.0,SPXW260911P07225000,10.8,11.1,10.95,11.8,-5.2,-30.5882,23.0,266.0,0.1806,-0.0748,0.0004,2.7088,-1.092,-0.3313,11.0601,13.06,13.06,11.19,17.0,up,2026-08-21T14:46:18,0.0,0.0
SPXW,2026-09-11,21,Call,7230.0,SPXW260911C07230000,459.2,478.6,468.9,571.04,0.0,0.0,0.0,1.0,0.1787,0.9237,0.0004,2.7461,-1.1032,3.8107,465.6002,0.0,0.0,0.0,451.0,up,2026-08-17T10:20:57,0.0,0.0
SPXW,2026-09-11,21,Put,7230.0,SPXW260911P07230000,11.0,11.3,11.15,11.85,-5.4,-31.3043,4.0,11.0,0.1798,-0.0762,0.0004,2.7461,-1.1032,-0.3376,11.2578,13.25,13.25,11.85,17.25,down,2026-08-21T12:22:30,0.0,0.0
SPXW,2026-09-11,21,Call,7240.0,SPXW260911C07240000,449.9,469.0,459.45,465.06,23.46,5.3125,5.0,1.0,0.177,0.9208,0.0004,2.8222,-1.1259,3.8034,456.0353,465.06,465.06,465.06,441.600006103516,down,2026-08-21T15:46:02,0.0,0.0
SPXW,2026-09-11,21,Put,7240.0,SPXW260911P07240000,11.4,11.7,11.55,13.7,-4.15,-23.2493,2.0,74.0,0.1782,-0.079,0.0004,2.8222,-1.1259,-0.3506,11.6678,13.7,13.7,13.7,17.8500003814697,no_change,2026-08-21T10:31:48,0.0,0.0
SPXW,2026-09-11,21,Call,7250.0,SPXW260911C07250000,439.9,459.5,449.7,442.93,10.73,2.48264,1.0,2.0,0.1756,0.9178,0.0005,2.9004,-1.1492,3.7957,446.4909,442.93,442.93,442.93,432.200012207031,down,2026-08-21T10:28:50,0.0,0.0
SPXW,2026-09-11,21,Put,7250.0,SPXW260911P07250000,11.8,12.1,11.95,11.6,-6.8,-36.9565,48.0,406.0,0.1765,-0.0821,0.0005,2.9004,-1.1492,-0.364,12.0983,14.18,14.32,11.6,18.3999996185303,down,2026-08-21T15:59:27,0.0,0.0
SPXW,2026-09-11,21,Call,7260.0,SPXW260911C07260000,430.7,449.9,440.29999999999995,445.35,22.5,5.32104,1.0,2.0,0.174,0.9146,0.0005,2.9813,-1.1731,3.7874,436.9678,445.35,445.35,445.35,422.849990844727,up,2026-08-21T11:06:52,0.0,0.0
SPXW,2026-09-11,21,Put,7260.0,SPXW260911P07260000,12.2,12.5,12.35,12.0,-7.05,-37.0079,19.0,73.0,0.1751,-0.0853,0.0005,2.9813,-1.1731,-0.378,12.5502,14.55,15.3,12.0,19.0500001907349,down,2026-08-21T15:45:50,0.0,0.0
SPXW,2026-09-11,21,Call,7270.0,SPXW260911C07270000,420.9,440.4,430.65,0.0,0.0,0.0,0.0,0.0,0.1726,0.9113,0.0005,3.0652,-1.1975,3.7785,427.4672,0.0,0.0,0.0,413.5,no_change,,0.0,0.0
SPXW,2026-09-11,21,Put,7270.0,SPXW260911P07270000,12.7,13.0,12.85,15.1,-4.55,-23.1552,5.0,65.0,0.1735,-0.0886,0.0005,3.0652,-1.1975,-0.3927,13.0245,15.42,15.42,14.65,19.6499996185303,down,2026-08-21T10:30:12,0.0,0.0
SPXW,2026-09-11,21,Call,7275.0,SPXW260911C07275000,416.4,435.7,426.04999999999995,428.62,19.77,4.83552,1.0,14.0,0.1717,0.9096,0.0005,3.1083,-1.2099,3.7738,422.7257,428.62,428.62,428.62,408.849990844727,down,2026-08-21T15:13:33,0.0,0.0
SPXW,2026-09-11,21,Put,7275.0,SPXW260911P07275000,12.9,13.2,13.05,13.2,-6.8,-34.0,15.0,366.0,0.1727,-0.0903,0.0005,3.1083,-1.2099,-0.4003,13.2705,15.48,15.48,13.2,20.0,down,2026-08-21T16:11:55,0.0,0.0
SPXW,2026-09-11,21,Call,7280.0,SPXW260911C07280000,411.7,430.9,421.29999999999995,0.0,0.0,0.0,0.0,0.0,0.171,0.9078,0.0005,3.1522,-1.2224,3.7688,417.9903,0.0,0.0,0.0,404.150009155273,no_change,,0.0,0.0
SPXW,2026-09-11,21,Put,7280.0,SPXW260911P07280000,13.2,13.5,13.35,14.05,-6.3,-30.9582,9.0,123.0,0.1719,-0.0921,0.0005,3.1522,-1.2224,-0.4081,13.5226,15.92,15.92,14.05,20.3500003814697,down,2026-08-21T12:22:30,0.0,0.0
SPXW,2026-09-11,21,Call,7290.0,SPXW260911C07290000,402.2,421.5,411.85,378.07,0.0,0.0,0.0,10.0,0.1693,0.9042,0.0005,3.2422,-1.2478,3.7582,408.5387,0.0,0.0,0.0,394.949996948242,up,2026-08-03T15:59:52,0.0,0.0
SPXW,2026-09-11,21,Put,7290.0,SPXW260911P07290000,13.7,14.0,13.85,13.95,-7.1,-33.7292,10.0,248.0,0.1705,-0.0957,0.0005,3.2422,-1.2478,-0.4244,14.0458,15.9,15.9,13.3,21.0500001907349,up,2026-08-21T16:11:55,0.0,0.0
SPXW,2026-09-11,21,Call,7300.0,SPXW260911C07300000,388.1,410.3,399.20000000000005,443.77,0.0,0.0,0.0,58.0,0.1679,0.9003,0.0006,3.3346,-1.2738,3.7467,399.1138,0.0,0.0,0.0,385.699996948242,no_change,2026-08-19T13:36:05,0.0,0.0
SPXW,2026-09-11,21,Put,7300.0,SPXW260911P07300000,14.3,14.6,14.45,14.3,-7.45,-34.2529,470.0,1032.0,0.1688,-0.0995,0.0006,3.3346,-1.2738,-0.4417,14.5959,16.5,17.45,13.92,21.75,up,2026-08-21T16:01:14,0.0,0.0
SPXW,2026-09-11,21,Call,7310.0,SPXW260911C07310000,387.9,393.6,390.75,419.72,0.0,0.0,0.0,11.0,0.1664,0.8963,0.0006,3.4289,-1.3003,3.7342,389.7176,0.0,0.0,0.0,376.449996948242,up,2026-08-04T10:09:54,0.0,0.0
SPXW,2026-09-11,21,Put,7310.0,SPXW260911P07310000,14.8,15.1,14.95,14.42,-8.13,-36.0532,5.0,97.0,0.1673,-0.1035,0.0006,3.4289,-1.3003,-0.4599,15.1745,15.57,15.81,14.42,22.5500001907349,down,2026-08-21T15:45:20,0.0,0.0
SPXW,2026-09-11,21,Call,7320.0,SPXW260911C07320000,378.5,384.2,381.35,503.67,0.0,0.0,0.0,7.0,0.1651,0.8921,0.0006,3.525,-1.3273,3.721,380.3514,0.0,0.0,0.0,367.300003051758,up,2026-08-14T10:42:01,0.0,0.0
SPXW,2026-09-11,21,Put,7320.0,SPXW260911P07320000,15.4,15.8,15.600000000000001,24.03,0.0,0.0,0.0,130.0,0.1657,-0.1077,0.0006,3.525,-1.3273,-0.4789,15.7833,0.0,0.0,0.0,23.3500003814697,up,2026-08-20T15:57:27,0.0,0.0
SPXW,2026-09-11,21,Call,7325.0,SPXW260911C07325000,373.9,379.5,376.7,381.12,18.37,5.06409,1.0,7.0,0.1643,0.89,0.0006,3.5739,-1.341,3.7141,375.68,381.12,381.12,381.12,362.75,down,2026-08-21T15:13:33,0.0,0.0
SPXW,2026-09-11,21,Put,7325.0,SPXW260911P07325000,15.8,16.0,15.9,15.4,-8.35,-35.1579,84.0,249.0,0.1649,-0.1099,0.0006,3.5739,-1.341,-0.4886,16.0994,18.1,18.99,15.4,23.75,no_change,2026-08-21T15:46:33,0.0,0.0
SPXW,2026-09-11,21,Call,7330.0,SPXW260911C07330000,369.2,374.8,372.0,242.0,0.0,0.0,0.0,1.0,0.1634,0.8877,0.0006,3.6233,-1.3547,3.7071,371.0167,0.0,0.0,0.0,358.149993896484,up,2026-07-31T11:57:52,0.0,0.0
SPXW,2026-09-11,21,Put,7330.0,SPXW260911P07330000,16.1,16.4,16.25,15.98,-8.17,-33.8302,11.0,229.0,0.1644,-0.1121,0.0006,3.6233,-1.3547,-0.4986,16.4235,16.95,17.03,15.59,24.1499996185303,up,2026-08-21T15:51:41,0.0,0.0
SPXW,2026-09-11,21,Call,7340.0,SPXW260911C07340000,359.7,365.5,362.6,405.77,0.0,0.0,0.0,1.0,0.1619,0.8831,0.0006,3.7242,-1.3826,3.6924,361.715,0.0,0.0,0.0,349.050003051758,up,2026-08-19T13:37:17,0.0,0.0
SPXW,2026-09-11,21,Put,7340.0,SPXW260911P07340000,16.7,17.1,16.9,16.5,-8.55,-34.1317,13.0,187.0,0.163,-0.1167,0.0006,3.7242,-1.3826,-0.519,17.0968,18.79,19.64,16.5,25.0500001907349,down,2026-08-21T15:37:55,0.0,0.0
SPXW,2026-09-11,21,Call,7350.0,SPXW260911C07350000,350.3,356.2,353.25,349.47,9.52,2.80041,2.0,19.0,0.1606,0.8783,0.0007,3.8283,-1.411,3.6768,352.4479,349.47,349.47,349.47,339.949996948242,down,2026-08-21T10:28:50,0.0,0.0
SPXW,2026-09-11,21,Put,7350.0,SPXW260911P07350000,17.4,17.7,17.549999999999997,17.65,-8.3,-31.9846,221.0,1102.0,0.1611,-0.1216,0.0007,3.8283,-1.411,-0.5404,17.8046,20.9,20.9,16.84,25.9499998092651,up,2026-08-21T16:03:53,0.0,0.0
SPXW,2026-09-11,21,Call,7360.0,SPXW260911C07360000,341.1,347.0,344.05,480.19,0.0,0.0,0.0,4.0,0.159,0.8732,0.0007,3.936,-1.4397,3.66,343.2174,0.0,0.0,0.0,330.949996948242,up,2026-08-13T15:22:36,0.0,0.0
SPXW,2026-09-11,21,Put,7360.0,SPXW260911P07360000,18.2,18.5,18.35,19.25,-7.7,-28.5714,23.0,260.0,0.1598,-0.1266,0.0007,3.936,-1.4397,-0.5629,18.549,20.83,21.09,18.7,26.9499998092651,up,2026-08-21T14:06:16,0.0,0.0
SPXW,2026-09-11,21,Call,7370.0,SPXW260911C07370000,331.9,337.7,334.79999999999995,437.37,0.0,0.0,0.0,5.0,0.1577,0.8679,0.0007,4.0467,-1.4688,3.6418,334.0261,0.0,0.0,0.0,322.0,down,2026-08-17T10:19:53,0.0,0.0
SPXW,2026-09-11,21,Put,7370.0,SPXW260911P07370000,19.0,19.3,19.15,18.76,-9.19,-32.8801,27.0,237.0,0.1584,-0.1319,0.0007,4.0467,-1.4688,-0.5868,19.3326,21.53,23.1,18.76,27.9499998092651,down,2026-08-21T15:51:41,0.0,0.0
SPXW,2026-09-11,21,Call,7375.0,SPXW260911C07375000,327.3,333.2,330.25,363.03,0.0,0.0,0.0,51.0,0.1569,0.8652,0.0007,4.1029,-1.4834,3.6322,329.4459,0.0,0.0,0.0,317.5,down,2026-08-18T11:19:30,0.0,0.0
SPXW,2026-09-11,21,Put,7375.0,SPXW260911P07375000,19.4,19.7,19.549999999999997,19.15,-9.3,-32.6889,119.0,561.0,0.1575,-0.1347,0.0007,4.1029,-1.4834,-0.5992,19.7399,22.71,23.55,19.15,28.4499998092651,down,2026-08-21T15:58:19,0.0,0.0
SPXW,2026-09-11,21,Call,7380.0,SPXW260911C07380000,322.7,328.6,325.65,167.0,0.0,0.0,0.0,1.0,0.1561,0.8624,0.0008,4.1594,-1.4982,3.6222,324.8766,0.0,0.0,0.0,313.099990844727,up,2026-07-30T11:15:42,0.0,0.0
SPXW,2026-09-11,21,Put,7380.0,SPXW260911P07380000,19.8,20.1,19.950000000000003,19.92,-9.03,-31.1917,27.0,411.0,0.1569,-0.1375,0.0008,4.1594,-1.4982,-0.612,20.158,22.38,23.58,19.92,28.9499998092651,down,2026-08-21T15:01:44,0.0,0.0
SPXW,2026-09-11,21,Call,7390.0,SPXW260911C07390000,313.6,319.4,316.5,170.2,0.0,0.0,0.0,2.0,0.1547,0.8565,0.0008,4.2736,-1.5278,3.6015,315.7715,0.0,0.0,0.0,304.199996948242,up,2026-07-29T13:04:39,0.0,0.0
SPXW,2026-09-11,21,Put,7390.0,SPXW260911P07390000,20.7,21.0,20.85,21.96,-8.09,-26.9218,23.0,194.0,0.1554,-0.1433,0.0008,4.2736,-1.5278,-0.6385,21.0278,23.9,23.99,21.28,30.0500001907349,no_change,2026-08-21T14:36:53,0.0,0.0
SPXW,2026-09-11,21,Call,7400.0,SPXW260911C07400000,304.5,310.3,307.4,325.72,30.27,10.2454,5.0,18.0,0.1537,0.8504,0.0008,4.3891,-1.5578,3.5798,306.713,302.0,325.72,302.0,295.450012207031,up,2026-08-21T11:45:11,0.0,0.0
SPXW,2026-09-11,21,Put,7400.0,SPXW260911P07400000,21.6,21.9,21.75,21.75,-9.5,-30.4,55.0,1109.0,0.1538,-0.1494,0.0008,4.3891,-1.5578,-0.666,21.9444,25.24,25.65,20.45,31.25,up,2026-08-21T16:14:36,0.0,0.0
SPXW,2026-09-11,21,Call,7410.0,SPXW260911C07410000,295.6,301.3,298.45000000000005,306.13,19.48,6.79575,1.0,74.0,0.1519,0.844,0.0008,4.5066,-1.5879,3.5571,297.7035,306.13,306.13,306.13,286.649993896484,up,2026-08-21T15:44:59,0.0,0.0
SPXW,2026-09-11,21,Put,7410.0,SPXW260911P07410000,22.5,22.9,22.7,23.1,-9.35,-28.8136,349.0,276.0,0.1525,-0.1558,0.0008,4.5066,-1.5879,-0.6944,22.9097,26.6,26.6,22.0,32.4499988555908,no_change,2026-08-21T15:10:16,0.0,0.0
SPXW,2026-09-11,21,Call,7420.0,SPXW260911C07420000,286.6,292.3,289.45000000000005,143.1,0.0,0.0,0.0,6.0,0.1504,0.8373,0.0009,4.6271,-1.6181,3.5331,288.7451,0.0,0.0,0.0,277.950012207031,down,2026-07-29T15:26:40,0.0,0.0
SPXW,2026-09-11,21,Put,7420.0,SPXW260911P07420000,23.5,23.9,23.7,24.1,-9.6,-28.4866,76.0,191.0,0.1509,-0.1625,0.0009,4.6271,-1.6181,-0.7241,23.9263,27.5,27.5,23.7,33.7000007629394,no_change,2026-08-21T15:10:19,0.0,0.0
SPXW,2026-09-11,21,Call,7425.0,SPXW260911C07425000,282.1,287.8,284.95000000000005,285.19,11.59,4.23611,1.0,50.0,0.1496,0.8339,0.0009,4.6886,-1.6332,3.5205,284.2861,285.19,285.19,285.19,273.599990844727,down,2026-08-21T14:44:02,0.0,0.0
SPXW,2026-09-11,21,Put,7425.0,SPXW260911P07425000,24.1,24.4,24.25,24.04,-10.31,-30.0146,135.0,617.0,0.1503,-0.166,0.0009,4.6886,-1.6332,-0.7396,24.4547,27.9,27.9,23.24,34.3500003814697,down,2026-08-21T15:56:58,0.0,0.0
SPXW,2026-09-11,21,Call,7430.0,SPXW260911C07430000,277.7,283.4,280.54999999999995,395.0,0.0,0.0,0.0,44.0,0.149,0.8303,0.0009,4.7508,-1.6484,3.5075,279.8411,0.0,0.0,0.0,269.300003051758,down,2026-08-14T12:24:15,0.0,0.0
SPXW,2026-09-11,21,Put,7430.0,SPXW260911P07430000,24.6,25.0,24.8,25.53,-9.52,-27.1612,12.0,270.0,0.1496,-0.1695,0.0009,4.7508,-1.6484,-0.7555,24.9972,27.45,28.57,25.53,35.0500011444092,down,2026-08-21T14:25:08,0.0,0.0
SPXW,2026-09-11,21,Call,7440.0,SPXW260911C07440000,269.0,274.5,271.75,285.64,0.0,0.0,0.0,11.0,0.1476,0.823,0.001,4.8768,-1.6786,3.4799,270.9952,0.0,0.0,0.0,260.699996948242,down,2026-08-20T12:37:13,0.0,0.0
SPXW,2026-09-11,21,Put,7440.0,SPXW260911P07440000,25.7,26.1,25.9,25.74,-10.66,-29.2857,34.0,108.0,0.1482,-0.1769,0.001,4.8768,-1.6786,-0.7888,26.1262,29.95,29.95,25.64,36.3999996185303,down,2026-08-21T15:28:17,0.0,0.0
SPXW,2026-09-11,21,Call,7450.0,SPXW260911C07450000,260.3,265.7,263.0,268.34,16.19,6.42078,3.0,33.0,0.1462,0.8153,0.001,5.0038,-1.7088,3.4506,262.2115,259.91,268.34,258.26,252.150001525879,up,2026-08-21T11:13:04,0.0,0.0
SPXW,2026-09-11,21,Put,7450.0,SPXW260911P07450000,26.9,27.3,27.1,25.45,-12.4,-32.7609,83.0,680.0,0.1466,-0.1846,0.001,5.0038,-1.7088,-0.8239,27.3175,29.94,31.6,25.45,37.8500003814697,down,2026-08-21T15:48:03,0.0,0.0
SPXW,2026-09-11,21,Call,7460.0,SPXW260911C07460000,251.4,257.0,254.2,313.2,0.0,0.0,0.0,150.0,0.1448,0.8072,0.001,5.1306,-1.7387,3.4198,253.4935,0.0,0.0,0.0,243.700004577637,down,2026-08-19T10:41:32,0.0,0.0
SPXW,2026-09-11,21,Put,7460.0,SPXW260911P07460000,28.2,28.5,28.35,27.85,-11.5,-29.2249,32.0,327.0,0.1453,-0.1926,0.001,5.1306,-1.7387,-0.8604,28.5743,31.99,32.6,27.85,39.3500003814697,down,2026-08-21T15:33:25,0.0,0.0
SPXW,2026-09-11,21,Call,7470.0,SPXW260911C07470000,242.7,248.3,245.5,374.46,0.0,0.0,0.0,8.0,0.1432,0.7988,0.0011,5.2577,-1.7683,3.3878,244.844,0.0,0.0,0.0,235.299995422363,up,2026-08-13T15:36:09,0.0,0.0
SPXW,2026-09-11,21,Put,7470.0,SPXW260911P07470000,29.5,29.8,29.65,29.9,-11.05,-26.9841,60.0,136.0,0.1438,-0.2011,0.0011,5.2577,-1.7683,-0.8981,29.8998,33.18,34.2,29.83,40.9499988555908,down,2026-08-21T15:10:16,0.0,0.0
SPXW,2026-09-11,21,Call,7475.0,SPXW260911C07475000,238.5,244.0,241.25,241.46,10.31,4.46031,1.0,146.0,0.1425,0.7944,0.0011,5.3217,-1.783,3.3713,240.546,241.46,241.46,241.46,231.150001525879,down,2026-08-21T14:44:02,0.0,0.0
SPXW,2026-09-11,21,Put,7475.0,SPXW260911P07475000,30.1,30.5,30.3,30.09,-11.66,-27.9281,351.0,860.0,0.1431,-0.2054,0.0011,5.3217,-1.783,-0.9175,30.5892,34.25,34.53,28.63,41.75,up,2026-08-21T15:53:38,0.0,0.0
SPXW,2026-09-11,21,Call,7480.0,SPXW260911C07480000,234.2,239.7,236.95,344.61,0.0,0.0,0.0,34.0,0.1418,0.79,0.0011,5.3863,-1.7976,3.3544,236.2663,0.0,0.0,0.0,227.0,down,2026-08-14T13:23:11,0.0,0.0
SPXW,2026-09-11,21,Put,7480.0,SPXW260911P07480000,30.8,31.2,31.0,30.64,-11.96,-28.0751,27.0,215.0,0.1425,-0.2099,0.0011,5.3863,-1.7976,-0.9373,31.297,34.41,34.41,30.64,42.6000003814697,down,2026-08-21T15:00:26,0.0,0.0
SPXW,2026-09-11,21,Call,7490.0,SPXW260911C07490000,225.7,231.1,228.39999999999998,325.48,0.0,0.0,0.0,12.0,0.1404,0.7808,0.0011,5.5169,-1.8263,3.3188,227.7643,0.0,0.0,0.0,219.099998474121,up,2026-08-07T11:17:54,0.0,0.0
SPXW,2026-09-11,21,Put,7490.0,SPXW260911P07490000,32.3,32.7,32.5,32.35,-12.0,-27.0575,18.0,166.0,0.1409,-0.2191,0.0011,5.5169,-1.8263,-0.9786,32.7699,35.13,37.37,31.85,44.3500003814697,down,2026-08-21T15:18:04,0.0,0.0
SPXW,2026-09-11,21,Call,7495.0,SPXW260911C07495000,221.4,226.9,224.15,0.0,0.0,0.0,0.0,0.0,0.1397,0.776,0.0012,5.5827,-1.8404,3.3001,223.5433,0.0,0.0,0.0,0.0,no_change,,0.0,0.0
SPXW,2026-09-11,21,Put,7495.0,SPXW260911P07495000,33.1,33.4,33.25,32.42,32.42,0.0,12.0,0.0,0.1403,-0.2239,0.0012,5.5827,-1.8404,-1.0001,33.5364,38.1,38.1,32.42,0.0,no_change,2026-08-21T15:35:43,0.0,0.0
SPXW,2026-09-11,21,Call,7500.0,SPXW260911C07500000,217.2,222.7,219.95,232.16,0.0,0.0,0.0,484.0,0.139,0.7711,0.0012,5.6485,-1.8544,3.2808,219.3432,0.0,0.0,0.0,211.0,down,2026-08-20T12:25:03,0.0,0.0
SPXW,2026-09-11,21,Put,7500.0,SPXW260911P07500000,33.8,34.2,34.0,34.3,-11.85,-25.6771,87.0,1244.0,0.1395,-0.2287,0.0012,5.6485,-1.8544,-1.0224,34.3238,37.51,40.0,31.85,46.1499996185303,up,2026-08-21T16:09:33,0.0,0.0
SPXW,2026-09-11,21,Call,7505.0,SPXW260911C07505000,213.1,218.5,215.8,0.0,0.0,0.0,0.0,0.0,0.1383,0.7662,0.0012,5.714,-1.8681,3.2609,215.1647,0.0,0.0,0.0,0.0,no_change,,0.0,0.0
SPXW,2026-09-11,21,Put,7505.0,SPXW260911P07505000,34.6,35.0,34.8,34.7,34.7,0.0,7.0,0.0,0.1389,-0.2337,0.0012,5.714,-1.8681,-1.0451,35.1328,38.58,38.58,33.2,0.0,no_change,2026-08-21T15:55:00,0.0,0.0
SPXW,2026-09-11,21,Call,7510.0,SPXW260911C07510000,209.0,214.3,211.65,264.28,0.0,0.0,0.0,15.0,0.1402,0.7611,0.0012,5.7789,-1.8816,3.2405,211.0084,0.0,0.0,0.0,202.900001525879,down,2026-08-19T12:28:55,0.0,0.0
SPXW,2026-09-11,21,Put,7510.0,SPXW260911P07510000,35.5,35.8,35.65,33.9,-14.15,-29.4485,10.0,125.0,0.1382,-0.2388,0.0012,5.7789,-1.8816,-1.0684,35.9639,39.36,39.55,33.9,48.0500011444092,down,2026-08-21T15:44:20,0.0,0.0
SPXW,2026-09-11,21,Call,7515.0,SPXW260911C07515000,204.8,210.1,207.45,0.0,0.0,0.0,0.0,0.0,0.1369,0.7559,0.0012,5.8432,-1.8949,3.2197,206.8748,0.0,0.0,0.0,0.0,no_change,,0.0,0.0
SPXW,2026-09-11,21,Put,7515.0,SPXW260911P07515000,36.3,36.7,36.5,34.7,34.7,0.0,4.0,0.0,0.1375,-0.244,0.0012,5.8432,-1.8949,-1.092,36.8177,36.17,36.25,34.7,0.0,down,2026-08-21T15:44:20,0.0,0.0
SPXW,2026-09-11,21,Call,7520.0,SPXW260911C07520000,200.7,206.0,203.35,248.78,0.0,0.0,0.0,77.0,0.1362,0.7506,0.0013,5.907,-1.9079,3.1987,202.7643,0.0,0.0,0.0,194.900001525879,no_change,2026-08-19T12:52:34,0.0,0.0
SPXW,2026-09-11,21,Put,7520.0,SPXW260911P07520000,37.2,37.5,37.35,35.6,-14.45,-28.8711,14.0,183.0,0.1369,-0.2493,0.0013,5.907,-1.9079,-1.1159,37.6947,40.45,40.45,35.6,50.0500011444092,down,2026-08-21T15:44:15,0.0,0.0
SPXW,2026-09-11,21,Call,7525.0,SPXW260911C07525000,197.0,201.8,199.4,336.58,0.0,0.0,0.0,27.0,0.1355,0.7451,0.0013,5.9702,-1.9207,3.1773,198.6773,0.0,0.0,0.0,190.75,up,2026-08-13T10:34:36,0.0,0.0
SPXW,2026-09-11,21,Put,7525.0,SPXW260911P07525000,38.1,38.4,38.25,38.51,-12.54,-24.5642,776.0,391.0,0.1361,-0.2547,0.0013,5.9702,-1.9207,-1.1402,38.5952,41.12,43.3,37.55,51.0500011444092,no_change,2026-08-21T16:02:01,0.0,0.0
SPXW,2026-09-11,21,Call,7530.0,SPXW260911C07530000,192.9,197.7,195.3,232.12,0.0,0.0,0.0,19.0,0.135,0.7396,0.0013,6.0331,-1.9331,3.1555,194.6143,0.0,0.0,0.0,187.0,down,2026-08-18T11:45:51,0.0,0.0
SPXW,2026-09-11,21,Put,7530.0,SPXW260911P07530000,39.0,39.3,39.15,39.23,-12.92,-24.7747,16.0,117.0,0.1355,-0.2603,0.0013,6.0331,-1.9331,-1.1648,39.5197,43.4,43.45,38.61,52.1499996185303,up,2026-08-21T16:05:25,0.0,0.0
SPXW,2026-09-11,21,Call,7535.0,SPXW260911C07535000,188.5,193.7,191.1,0.0,0.0,0.0,0.0,0.0,0.1342,0.7339,0.0013,6.096,-1.9453,3.1331,190.5759,0.0,0.0,0.0,0.0,no_change,,0.0,0.0
SPXW,2026-09-11,21,Put,7535.0,SPXW260911P07535000,39.9,40.3,40.099999999999994,39.91,39.91,0.0,16.0,0.0,0.1347,-0.2659,0.0013,6.096,-1.9453,-1.19,40.4687,44.22,44.4,39.91,0.0,no_change,2026-08-21T15:55:00,0.0,0.0
SPXW,2026-09-11,21,Call,7540.0,SPXW260911C07540000,184.8,189.7,187.25,223.8,0.0,0.0,0.0,236.0,0.1335,0.7282,0.0013,6.1588,-1.9571,3.1102,186.5628,0.0,0.0,0.0,179.199996948242,down,2026-08-18T11:45:25,0.0,0.0
SPXW,2026-09-11,21,Put,7540.0,SPXW260911P07540000,40.9,41.3,41.099999999999994,41.23,-13.02,-24.0,25.0,868.0,0.134,-0.2717,0.0013,6.1588,-1.9571,-1.2159,41.443,44.79,46.62,40.72,54.25,down,2026-08-21T16:06:11,0.0,0.0
SPXW,2026-09-11,21,Call,7545.0,SPXW260911C07545000,180.8,185.7,183.25,0.0,0.0,0.0,0.0,0.0,0.1328,0.7223,0.0014,6.2214,-1.9685,3.0864,182.5758,0.0,0.0,0.0,175.300003051758,no_change,,0.0,0.0
SPXW,2026-09-11,21,Put,7545.0,SPXW260911P07545000,41.9,42.2,42.05,40.0,-15.45,-27.8629,13.0,7.0,0.1334,-0.2776,0.0014,6.2214,-1.9685,-1.2425,42.4435,46.78,46.78,40.0,55.4499988555908,down,2026-08-21T15:44:20,0.0,0.0
SPXW,2026-09-11,21,Call,7550.0,SPXW260911C07550000,176.9,181.7,179.3,186.8,15.3,8.92128,6.0,40.0,0.1322,0.7163,0.0014,6.2836,-1.9795,3.0619,178.6157,175.41,188.15,175.41,171.5,down,2026-08-21T12:38:50,0.0,0.0
SPXW,2026-09-11,21,Put,7550.0,SPXW260911P07550000,42.9,43.3,43.099999999999994,43.38,-13.17,-23.2891,51.0,693.0,0.1327,-0.2836,0.0014,6.2836,-1.9795,-1.2699,43.4709,45.77,48.5,41.41,56.5500011444092,no_change,2026-08-21T16:02:01,0.0,0.0
SPXW,2026-09-11,21,Call,7555.0,SPXW260911C07555000,172.9,177.7,175.3,0.0,0.0,0.0,0.0,0.0,0.1314,0.7101,0.0014,6.3451,-1.9902,3.0366,174.6835,0.0,0.0,0.0,167.699996948242,no_change,,0.0,0.0
SPXW,2026-09-11,21,Put,7555.0,SPXW260911P07555000,43.9,44.3,44.099999999999994,42.98,-14.82,-25.6401,19.0,0.0,0.132,-0.2897,0.0014,6.3451,-1.9902,-1.298,44.5262,44.61,44.61,42.98,57.7999992370606,no_change,2026-08-21T15:35:43,0.0,0.0
SPXW,2026-09-11,21,Call,7560.0,SPXW260911C07560000,169.0,173.8,171.4,158.96,0.0,0.0,0.0,20.0,0.1308,0.7039,0.0014,6.4055,-2.0003,3.0108,170.78,0.0,0.0,0.0,163.900001525879,down,2026-08-20T15:58:52,0.0,0.0
SPXW,2026-09-11,21,Put,7560.0,SPXW260911P07560000,45.0,45.4,45.2,43.0,-15.95,-27.0568,5.0,252.0,0.1313,-0.296,0.0014,6.4055,-2.0003,-1.3268,45.6101,49.29,49.29,42.52,58.9499988555908,down,2026-08-21T15:44:20,0.0,0.0
SPXW,2026-09-11,21,Call,7565.0,SPXW260911C07565000,165.1,169.9,167.5,167.84,7.64,4.76904,1.0,0.0,0.1302,0.6975,0.0014,6.4644,-2.01,2.9845,166.9058,167.84,167.84,167.84,160.199996948242,up,2026-08-21T10:56:28,0.0,0.0
SPXW,2026-09-11,21,Put,7565.0,SPXW260911P07565000,46.1,46.5,46.3,46.69,-13.56,-22.5062,6.0,0.0,0.1306,-0.3024,0.0014,6.4644,-2.01,-1.3559,46.7234,51.82,52.22,46.69,60.25,down,2026-08-21T11:05:17,0.0,0.0
SPXW,2026-09-11,21,Call,7570.0,SPXW260911C07570000,163.5,164.0,163.75,159.5,3.0,1.91693,1.0,19.0,0.1301,0.691,0.0015,6.5219,-2.0192,2.9579,163.0614,159.5,159.5,159.5,156.5,down,2026-08-21T10:30:54,0.0,0.0
SPXW,2026-09-11,21,Put,7570.0,SPXW260911P07570000,47.2,47.6,47.400000000000006,45.75,-15.8,-25.6702,58.0,80.0,0.1299,-0.3089,0.0015,6.5219,-2.0192,-1.3854,47.8664,51.91,52.2,45.2,61.5499992370606,no_change,2026-08-21T15:39:51,0.0,0.0
SPXW,2026-09-11,21,Call,7575.0,SPXW260911C07575000,159.6,160.1,159.85,159.55,6.75,4.41754,9.0,269.0,0.1295,0.6843,0.0015,6.578,-2.028,2.931,159.2473,160.12,160.12,159.55,152.800003051758,down,2026-08-21T14:08:37,0.0,0.0
SPXW,2026-09-11,21,Put,7575.0,SPXW260911P07575000,48.4,48.8,48.599999999999994,48.68,-14.12,-22.4841,82.0,437.0,0.1292,-0.3155,0.0015,6.578,-2.028,-1.4152,49.0398,54.17,54.17,45.73,62.7999992370606,down,2026-08-21T16:12:39,0.0,0.0
SPXW,2026-09-11,21,Call,7580.0,SPXW260911C07580000,155.8,156.3,156.05,148.58,0.0,0.0,0.0,31.0,0.1288,0.6776,0.0015,6.633,-2.0361,2.9036,155.4641,0.0,0.0,0.0,149.050003051758,down,2026-08-20T15:47:23,0.0,0.0
SPXW,2026-09-11,21,Put,7580.0,SPXW260911P07580000,49.6,50.0,49.8,49.83,-14.32,-22.3227,77.0,293.0,0.1286,-0.3223,0.0015,6.633,-2.0361,-1.4454,50.244,53.75,54.62,46.07,64.1500015258789,up,2026-08-21T16:05:25,0.0,0.0
SPXW,2026-09-11,21,Call,7585.0,SPXW260911C07585000,152.1,152.6,152.35,0.0,0.0,0.0,0.0,0.0,0.1282,0.6707,0.0015,6.6869,-2.0437,2.8757,151.7123,0.0,0.0,0.0,145.5,no_change,,0.0,0.0
SPXW,2026-09-11,21,Put,7585.0,SPXW260911P07585000,50.8,51.2,51.0,49.69,-15.81,-24.1374,12.0,34.0,0.1279,-0.3292,0.0015,6.6869,-2.0437,-1.4762,51.4797,53.62,53.62,49.69,65.5,no_change,2026-08-21T15:35:43,0.0,0.0
SPXW,2026-09-11,21,Call,7590.0,SPXW260911C07590000,148.4,148.8,148.60000000000002,218.0,0.0,0.0,0.0,7.0,0.1274,0.6636,0.0016,6.7399,-2.0508,2.847,147.993,0.0,0.0,0.0,141.900001525879,up,2026-08-11T15:24:13,0.0,0.0
SPXW,2026-09-11,21,Put,7590.0,SPXW260911P07590000,52.0,52.4,52.2,52.6,-14.3,-21.3752,46.0,245.0,0.1272,-0.3362,0.0016,6.7399,-2.0508,-1.5078,52.7478,57.03,57.03,49.9,66.8999977111816,no_change,2026-08-21T16:11:36,0.0,0.0
SPXW,2026-09-11,21,Call,7595.0,SPXW260911C07595000,144.6,145.1,144.85,141.67,3.27,2.36272,12.0,4.0,0.1267,0.6565,0.0016,6.7918,-2.0572,2.8174,144.307,145.46,145.46,141.4,138.400001525879,up,2026-08-21T10:30:26,0.0,0.0
SPXW,2026-09-11,21,Put,7595.0,SPXW260911P07595000,53.3,53.7,53.5,55.75,-12.55,-18.3748,12.0,30.0,0.1266,-0.3434,0.0016,6.7918,-2.0572,-1.5402,54.0494,58.4,58.4,52.25,68.2999992370606,up,2026-08-21T14:33:02,0.0,0.0
SPXW,2026-09-11,21,Call,7600.0,SPXW260911C07600000,141.0,141.5,141.25,141.5,6.65,4.9314,102.0,412.0,0.126,0.6492,0.0016,6.8424,-2.0629,2.7869,140.6557,139.83,149.67,137.76,134.850006103516,up,2026-08-21T14:44:11,0.0,0.0
SPXW,2026-09-11,21,Put,7600.0,SPXW260911P07600000,54.6,55.1,54.85,55.0,-14.8,-21.2034,188.0,613.0,0.1259,-0.3506,0.0016,6.8424,-2.0629,-1.5736,55.3855,57.55,61.16,51.9,69.7999992370606,no_change,2026-08-21T16:07:18,0.0,0.0
SPXW,2026-09-11,21,Call,7605.0,SPXW260911C07605000,137.4,137.8,137.60000000000002,0.0,0.0,0.0,0.0,0.0,0.1253,0.6418,0.0016,6.8911,-2.068,2.7557,137.04,0.0,0.0,0.0,131.400001525879,no_change,,0.0,0.0
SPXW,2026-09-11,21,Put,7605.0,SPXW260911P07605000,56.0,56.4,56.2,53.59,-17.71,-24.8387,8.0,10.0,0.1252,-0.358,0.0016,6.8911,-2.068,-1.6076,56.7573,56.52,57.31,53.59,71.2999992370606,down,2026-08-21T15:44:11,0.0,0.0
SPXW,2026-09-11,21,Call,7610.0,SPXW260911C07610000,133.8,134.2,134.0,140.0,12.15,9.50332,21.0,4.0,0.1247,0.6343,0.0016,6.9377,-2.0723,2.724,133.4608,138.04,140.0,136.76,127.850002288818,up,2026-08-21T15:44:30,0.0,0.0
SPXW,2026-09-11,21,Put,7610.0,SPXW260911P07610000,57.4,57.8,57.599999999999994,57.18,-15.62,-21.456,288.0,303.0,0.1246,-0.3656,0.0016,6.9377,-2.0723,-1.6422,58.1655,62.92,62.92,54.59,72.7999992370606,up,2026-08-21T15:59:40,0.0,0.0
SPXW,2026-09-11,21,Call,7615.0,SPXW260911C07615000,130.2,130.8,130.5,129.88,5.38,4.32129,2.0,0.0,0.124,0.6266,0.0017,6.9819,-2.0759,2.692,129.9187,125.6,129.88,125.6,124.5,up,2026-08-21T14:18:44,0.0,0.0
SPXW,2026-09-11,21,Put,7615.0,SPXW260911P07615000,58.8,59.2,59.0,57.93,-16.47,-22.1371,5.0,25.0,0.1238,-0.3732,0.0017,6.9819,-2.0759,-1.6771,59.6109,57.5,58.15,57.5,74.3999977111816,up,2026-08-21T15:28:29,0.0,0.0
SPXW,2026-09-11,21,Call,7620.0,SPXW260911C07620000,126.7,127.2,126.95,129.75,8.65,7.14286,22.0,102.0,0.1234,0.6188,0.0017,7.0238,-2.0788,2.6597,126.4142,124.5,130.85,124.5,121.100002288818,up,2026-08-21T15:20:10,0.0,0.0
SPXW,2026-09-11,21,Put,7620.0,SPXW260911P07620000,60.3,60.7,60.5,57.5,-18.5,-24.3421,53.0,183.0,0.1233,-0.381,0.0017,7.0238,-2.0788,-1.7122,61.0939,65.1,67.02,57.5,76.0,down,2026-08-21T15:44:20,0.0,0.0
SPXW,2026-09-11,21,Call,7625.0,SPXW260911C07625000,123.2,123.7,123.45,118.7,0.9,0.764007,3.0,93.0,0.1227,0.6109,0.0017,7.0634,-2.0808,2.6271,122.948,121.2,121.2,118.7,117.799999237061,down,2026-08-21T10:36:12,0.0,0.0
SPXW,2026-09-11,21,Put,7625.0,SPXW260911P07625000,61.8,62.2,62.0,59.53,-18.17,-23.3848,64.0,232.0,0.1226,-0.389,0.0017,7.0634,-2.0808,-1.7477,62.6151,66.84,69.3,58.19,77.7000007629394,down,2026-08-21T15:43:59,0.0,0.0
SPXW,2026-09-11,21,Call,7630.0,SPXW260911C07630000,119.8,120.2,120.0,122.24,7.79,6.80647,36.0,11.0,0.1221,0.6028,0.0017,7.1009,-2.0821,2.5939,119.5208,116.9,124.05,116.9,114.449996948242,down,2026-08-21T11:17:39,0.0,0.0
SPXW,2026-09-11,21,Put,7630.0,SPXW260911P07630000,63.4,63.8,63.599999999999994,63.26,-16.14,-20.3275,222.0,258.0,0.122,-0.397,0.0017,7.1009,-2.0821,-1.7838,64.1753,67.7,69.83,61.1,79.3999977111816,down,2026-08-21T15:55:30,0.0,0.0
SPXW,2026-09-11,21,Call,7635.0,SPXW260911C07635000,116.4,116.9,116.65,122.3,11.0,9.8832,8.0,0.0,0.1214,0.5947,0.0017,7.1363,-2.0826,2.5599,116.1336,113.7,125.3,113.7,111.299999237061,down,2026-08-21T15:44:30,0.0,0.0
SPXW,2026-09-11,21,Put,7635.0,SPXW260911P07635000,64.9,65.4,65.15,64.01,-17.09,-21.0728,35.0,47.0,0.1213,-0.4052,0.0017,7.1363,-2.0826,-1.8207,65.7757,71.98,72.1,61.75,81.1000022888184,up,2026-08-21T15:23:12,0.0,0.0
SPXW,2026-09-11,21,Call,7640.0,SPXW260911C07640000,113.0,113.5,113.25,121.9,13.9,12.8704,2.0,15.0,0.121,0.5864,0.0018,7.1695,-2.0822,2.5249,112.7878,121.4,121.9,121.4,108.0,up,2026-08-21T11:39:02,0.0,0.0
SPXW,2026-09-11,21,Put,7640.0,SPXW260911P07640000,66.6,67.0,66.8,67.2,-15.7,-18.9385,90.0,185.0,0.1207,-0.4135,0.0018,7.1695,-2.0822,-1.8585,67.4173,71.49,74.37,64.2,82.8999977111816,no_change,2026-08-21T16:11:36,0.0,0.0
SPXW,2026-09-11,21,Call,7645.0,SPXW260911C07645000,109.7,110.2,109.95,105.6,0.75,0.715309,13.0,16.0,0.1203,0.578,0.0018,7.2001,-2.0809,2.489,109.4848,108.03,111.09,105.6,104.849998474121,down,2026-08-21T10:36:12,0.0,0.0
SPXW,2026-09-11,21,Put,7645.0,SPXW260911P07645000,68.2,68.7,68.45,65.8,-18.85,-22.2682,9.0,64.0,0.12,-0.4219,0.0018,7.2001,-2.0809,-1.8973,69.1017,75.42,75.42,64.48,84.6500015258789,up,2026-08-21T15:38:59,0.0,0.0
SPXW,2026-09-11,21,Call,7650.0,SPXW260911C07650000,106.4,106.9,106.65,113.68,11.93,11.7248,71.0,454.0,0.1195,0.5694,0.0018,7.228,-2.0786,2.4524,106.2256,106.73,118.98,103.6,101.75,up,2026-08-21T15:47:54,0.0,0.0
SPXW,2026-09-11,21,Put,7650.0,SPXW260911P07650000,70.0,70.4,70.2,70.47,-16.08,-18.5789,198.0,671.0,0.1194,-0.4304,0.0018,7.228,-2.0786,-1.9367,70.83,75.0,77.2,64.35,86.5499992370606,up,2026-08-21T16:10:21,0.0,0.0
SPXW,2026-09-11,21,Call,7655.0,SPXW260911C07655000,103.2,103.7,103.45,110.38,11.68,11.8338,4.0,6.0,0.1188,0.5607,0.0018,7.2526,-2.0755,2.4156,103.0111,100.59,110.38,100.59,98.7000007629394,up,2026-08-21T15:47:54,0.0,0.0
SPXW,2026-09-11,21,Put,7655.0,SPXW260911P07655000,71.7,72.2,71.95,68.6,-19.85,-22.4421,10.0,104.0,0.1188,-0.4391,0.0018,7.2526,-2.0755,-1.9764,72.603,79.2,79.2,68.6,88.4499969482422,down,2026-08-21T15:44:20,0.0,0.0
SPXW,2026-09-11,21,Call,7660.0,SPXW260911C07660000,100.0,100.5,100.25,100.05,4.45,4.65481,176.0,71.0,0.1182,0.552,0.0018,7.2741,-2.0713,2.3786,99.842,101.4,107.09,97.34,95.6000022888184,down,2026-08-21T16:11:13,0.0,0.0
SPXW,2026-09-11,21,Put,7660.0,SPXW260911P07660000,73.6,74.0,73.8,74.08,-16.32,-18.0531,94.0,157.0,0.1182,-0.4479,0.0018,7.2741,-2.0713,-2.0162,74.4213,76.9,81.8,70.5,90.3999977111816,up,2026-08-21T14:51:35,0.0,0.0
SPXW,2026-09-11,21,Call,7665.0,SPXW260911C07665000,96.9,97.3,97.1,96.9,4.3,4.64363,60.0,17.0,0.1176,0.5431,0.0018,7.2923,-2.0662,2.3415,96.7187,93.1,103.89,92.4,92.6000022888184,down,2026-08-21T16:11:13,0.0,0.0
SPXW,2026-09-11,21,Put,7665.0,SPXW260911P07665000,75.4,75.8,75.6,74.4,-18.0,-19.4805,54.0,90.0,0.1176,-0.4568,0.0018,7.2923,-2.0662,-2.0562,76.2855,81.5,83.8,74.12,92.3999977111816,down,2026-08-21T15:09:06,0.0,0.0
SPXW,2026-09-11,21,Call,7670.0,SPXW260911C07670000,93.8,94.3,94.05,96.7,7.05,7.86391,109.0,41.0,0.117,0.5341,0.0018,7.3072,-2.0602,2.3039,93.6419,93.2,97.77,90.1,89.6500015258789,down,2026-08-21T15:54:58,0.0,0.0
SPXW,2026-09-11,21,Put,7670.0,SPXW260911P07670000,77.3,77.7,77.5,76.42,-17.98,-19.0466,99.0,273.0,0.117,-0.4658,0.0018,7.3072,-2.0602,-2.0967,78.1962,82.0,85.8,73.01,94.3999977111816,down,2026-08-21T14:59:43,0.0,0.0
SPXW,2026-09-11,21,Call,7675.0,SPXW260911C07675000,90.8,91.2,91.0,91.45,4.65,5.35714,80.0,282.0,0.1164,0.525,0.0018,7.3189,-2.0531,2.2656,90.6129,91.5,96.82,88.45,86.7999992370606,down,2026-08-21T16:03:53,0.0,0.0
SPXW,2026-09-11,21,Put,7675.0,SPXW260911P07675000,79.3,79.7,79.5,79.75,-16.75,-17.3575,345.0,1670.0,0.1164,-0.4749,0.0018,7.3189,-2.0531,-2.1379,80.1546,84.0,87.9,72.84,96.5,up,2026-08-21T16:03:53,0.0,0.0
SPXW,2026-09-11,21,Call,7680.0,SPXW260911C07680000,87.8,88.2,88.0,87.86,3.96,4.71991,65.0,76.0,0.1158,0.5157,0.0019,7.3271,-2.045,2.2264,87.6328,92.2,97.9,85.62,83.8999977111816,down,2026-08-21T16:00:02,0.0,0.0
SPXW,2026-09-11,21,Put,7680.0,SPXW260911P07680000,81.3,81.7,81.5,81.9,-16.8,-17.0213,163.0,230.0,0.1158,-0.4841,0.0019,7.3271,-2.045,-2.18,82.162,84.87,90.0,75.8,98.7000007629394,no_change,2026-08-21T16:11:36,0.0,0.0
SPXW,2026-09-11,21,Call,7685.0,SPXW260911C07685000,84.8,85.3,85.05,84.91,3.86,4.76249,47.0,20.0,0.1152,0.5064,0.0019,7.3318,-2.0359,2.1863,84.7032,83.16,93.8,81.0,81.0500030517578,down,2026-08-21T14:18:44,0.0,0.0
SPXW,2026-09-11,21,Put,7685.0,SPXW260911P07685000,83.3,83.7,83.5,81.25,-19.6,-19.4348,97.0,48.0,0.1152,-0.4934,0.0019,7.3318,-2.0359,-2.223,84.2199,88.59,88.64,77.6,100.849998474121,down,2026-08-21T15:28:56,0.0,0.0
SPXW,2026-09-11,21,Call,7690.0,SPXW260911C07690000,82.0,82.6,82.3,82.88,4.48,5.71429,28.0,53.0,0.1147,0.497,0.0019,7.3326,-2.0257,2.1457,81.8253,83.73,93.03,81.95,78.3999977111816,up,2026-08-21T16:01:14,0.0,0.0
SPXW,2026-09-11,21,Put,7690.0,SPXW260911P07690000,85.4,85.9,85.65,85.69,-17.46,-16.9268,52.0,357.0,0.1146,-0.5028,0.0019,7.3326,-2.0257,-2.2664,86.3294,90.9,90.9,79.26,103.150001525879,up,2026-08-21T16:01:14,0.0,0.0
SPXW,2026-09-11,21,Call,7695.0,SPXW260911C07695000,79.2,79.6,79.4,81.9,6.25,8.26173,51.0,12.0,0.1141,0.4875,0.0019,7.3296,-2.0144,2.105,78.9997,90.2,93.0,79.1,75.6500015258789,down,2026-08-21T15:54:58,0.0,0.0
SPXW,2026-09-11,21,Put,7695.0,SPXW260911P07695000,87.6,88.0,87.8,89.15,-16.25,-15.4175,10.0,95.0,0.114,-0.5123,0.0019,7.3296,-2.0144,-2.31,88.4912,88.99,89.9,81.0,105.399997711182,down,2026-08-21T14:47:28,0.0,0.0
SPXW,2026-09-11,21,Call,7700.0,SPXW260911C07700000,76.4,76.8,76.6,76.7,3.7,5.06849,157.0,2203.0,0.1135,0.478,0.0019,7.3228,-2.0021,2.0644,76.2268,76.77,91.2,73.52,73.0,no_change,2026-08-21T16:02:01,0.0,0.0
SPXW,2026-09-11,21,Put,7700.0,SPXW260911P07700000,89.8,90.2,90.0,87.36,-20.29,-18.8481,155.0,2178.0,0.1134,-0.5219,0.0019,7.3228,-2.0021,-2.3535,90.7059,95.54,98.7,83.64,107.650001525879,up,2026-08-21T15:51:40,0.0,0.0
SPXW,2026-09-11,21,Call,7705.0,SPXW260911C07705000,73.6,74.1,73.85,77.4,7.0,9.94319,13.0,27.0,0.1129,0.4683,0.0019,7.312,-1.9887,2.0238,73.507,70.37,77.4,70.37,70.3999977111816,up,2026-08-21T15:38:57,0.0,0.0
SPXW,2026-09-11,21,Put,7705.0,SPXW260911P07705000,92.0,92.5,92.25,90.02,-20.08,-18.238,7.0,103.0,0.1129,-0.5315,0.0019,7.312,-1.9887,-2.3969,92.9735,93.53,94.51,90.02,110.100002288818,down,2026-08-21T15:24:48,0.0,0.0
SPXW,2026-09-11,21,Call,7710.0,SPXW260911C07710000,71.0,71.4,71.2,76.58,8.73,12.8666,101.0,132.0,0.1124,0.4586,0.0019,7.2972,-1.9742,1.9828,70.8409,72.13,79.28,67.82,67.8499984741211,down,2026-08-21T15:47:40,0.0,0.0
SPXW,2026-09-11,21,Put,7710.0,SPXW260911P07710000,94.3,94.8,94.55,91.06,-21.49,-19.0937,62.0,251.0,0.1123,-0.5413,0.0019,7.2972,-1.9742,-2.4408,95.2949,98.57,103.77,88.73,112.550003051758,up,2026-08-21T12:04:46,0.0,0.0
SPXW,2026-09-11,21,Call,7715.0,SPXW260911C07715000,68.4,68.8,68.6,67.4,2.0,3.05811,4.0,24.0,0.1119,0.4488,0.0019,7.2781,-1.9587,1.941,68.2295,69.8,69.8,67.4,65.3999977111816,down,2026-08-21T10:27:03,0.0,0.0
SPXW,2026-09-11,21,Put,7715.0,SPXW260911P07715000,96.7,97.2,96.95,94.59,-20.41,-17.7478,72.0,25.0,0.1118,-0.551,0.0019,7.2781,-1.9587,-2.4854,97.6709,102.6,102.6,94.59,115.0,down,2026-08-21T15:24:48,0.0,0.0
SPXW,2026-09-11,21,Call,7720.0,SPXW260911C07720000,65.8,66.3,66.05,65.78,2.88,4.5787,42.0,160.0,0.1113,0.439,0.0019,7.2544,-1.9421,1.8985,65.6739,65.07,71.58,64.11,62.8999996185303,down,2026-08-21T14:28:00,0.0,0.0
SPXW,2026-09-11,21,Put,7720.0,SPXW260911P07720000,99.2,99.6,99.4,95.8,-21.8,-18.5374,121.0,222.0,0.1112,-0.5609,0.0019,7.2544,-1.9421,-2.5308,100.1028,105.9,107.24,95.8,117.600002288818,down,2026-08-21T15:38:59,0.0,0.0
SPXW,2026-09-11,21,Call,7725.0,SPXW260911C07725000,63.3,63.7,63.5,63.72,3.17,5.23534,71.0,1958.0,0.1107,0.4291,0.0019,7.2262,-1.9244,1.8555,63.1753,65.48,74.75,60.38,60.5500011444092,no_change,2026-08-21T16:02:01,0.0,0.0
SPXW,2026-09-11,21,Put,7725.0,SPXW260911P07725000,101.6,102.1,101.85,104.17,-16.03,-13.3361,239.0,472.0,0.1106,-0.5708,0.0019,7.2262,-1.9244,-2.5766,102.5917,104.58,105.44,101.82,120.200000762939,down,2026-08-21T14:36:50,0.0,0.0
SPXW,2026-09-11,21,Call,7730.0,SPXW260911C07730000,60.9,61.3,61.099999999999994,66.56,8.36,14.3643,75.0,202.0,0.1102,0.4192,0.0019,7.1936,-1.9056,1.8126,60.7343,62.5,71.23,59.5,58.2000007629394,up,2026-08-21T15:49:55,0.0,0.0
SPXW,2026-09-11,21,Put,7730.0,SPXW260911P07730000,104.2,104.6,104.4,100.7,-22.1,-17.9967,8.0,319.0,0.1102,-0.5807,0.0019,7.1936,-1.9056,-2.6224,105.1381,110.5,110.5,98.08,122.799999237061,no_change,2026-08-21T15:38:59,0.0,0.0
SPXW,2026-09-11,21,Call,7735.0,SPXW260911C07735000,58.5,58.9,58.7,61.4,5.45,9.74084,15.0,29.0,0.1098,0.4092,0.0019,7.1569,-1.8858,1.77,58.3506,61.93,68.41,61.0,55.9499988555908,down,2026-08-21T15:31:54,0.0,0.0
SPXW,2026-09-11,21,Put,7735.0,SPXW260911P07735000,106.8,107.2,107.0,113.12,-12.43,-9.90044,1.0,70.0,0.1096,-0.5906,0.0019,7.1569,-1.8858,-2.6679,107.7419,113.12,113.12,113.12,125.550003051758,down,2026-08-21T09:48:29,0.0,0.0
SPXW,2026-09-11,21,Call,7740.0,SPXW260911C07740000,56.1,56.5,56.3,59.5,5.85,10.904,69.0,156.0,0.1091,0.3993,0.0019,7.1163,-1.8649,1.7277,56.0241,54.78,60.0,53.88,53.6500015258789,up,2026-08-21T15:38:57,0.0,0.0
SPXW,2026-09-11,21,Put,7740.0,SPXW260911P07740000,109.4,109.9,109.65,105.8,-22.5,-17.537,3.0,213.0,0.109,-0.6006,0.0019,7.1163,-1.8649,-2.7131,110.4028,106.33,106.33,105.8,128.300003051758,down,2026-08-21T15:38:59,0.0,0.0
SPXW,2026-09-11,21,Call,7745.0,SPXW260911C07745000,53.9,54.3,54.099999999999994,57.1,5.55,10.7662,14.0,35.0,0.1088,0.3893,0.0019,7.0715,-1.843,1.6853,53.7547,56.1,57.1,52.49,51.5500011444092,up,2026-08-21T15:38:57,0.0,0.0
SPXW,2026-09-11,21,Put,7745.0,SPXW260911P07745000,112.1,112.6,112.35,119.3,-11.8,-9.00076,4.0,13.0,0.1086,-0.6106,0.0019,7.0715,-1.843,-2.7583,113.1209,118.5,119.3,118.5,131.099998474121,up,2026-08-21T10:19:00,0.0,0.0
SPXW,2026-09-11,21,Call,7750.0,SPXW260911C07750000,51.6,52.0,51.8,51.8,2.35,4.75228,60.0,1269.0,0.1081,0.3793,0.0019,7.0221,-1.82,1.6425,51.543,49.8,60.6,49.19,49.4499988555908,no_change,2026-08-21T15:59:51,0.0,0.0
SPXW,2026-09-11,21,Put,7750.0,SPXW260911P07750000,114.9,115.4,115.15,109.07,-24.93,-18.6045,9.0,714.0,0.1081,-0.6206,0.0019,7.0221,-1.82,-2.804,115.8967,113.33,115.38,109.07,134.0,down,2026-08-21T15:49:32,0.0,0.0
SPXW,2026-09-11,21,Call,7755.0,SPXW260911C07755000,49.5,49.9,49.7,53.29,5.89,12.4262,23.0,16.0,0.1077,0.3693,0.0019,6.9676,-1.7961,1.5991,49.3896,50.88,53.29,48.9,47.3999996185303,up,2026-08-21T15:09:51,0.0,0.0
SPXW,2026-09-11,21,Put,7755.0,SPXW260911P07755000,117.7,118.2,117.95,95.1,0.0,0.0,0.0,132.0,0.1076,-0.6305,0.0019,6.9676,-1.7961,-2.8502,118.7307,0.0,0.0,0.0,136.949996948242,down,2026-08-19T11:32:11,0.0,0.0
SPXW,2026-09-11,21,Call,7760.0,SPXW260911C07760000,47.4,47.8,47.599999999999994,49.71,4.31,9.49339,45.0,87.0,0.1072,0.3594,0.0019,6.9081,-1.7712,1.5556,47.295,48.66,56.55,48.66,45.3999996185303,down,2026-08-21T15:26:58,0.0,0.0
SPXW,2026-09-11,21,Put,7760.0,SPXW260911P07760000,120.6,121.1,120.85,119.02,-20.88,-14.9249,23.0,145.0,0.1071,-0.6405,0.0019,6.9081,-1.7712,-2.8967,121.6236,126.2,126.98,116.0,139.900001525879,no_change,2026-08-21T15:09:57,0.0,0.0
SPXW,2026-09-11,21,Call,7765.0,SPXW260911C07765000,45.3,45.7,45.5,48.88,5.43,12.4971,16.0,26.0,0.1067,0.3494,0.0019,6.8441,-1.7453,1.5123,45.2591,44.96,49.92,44.75,43.4499988555908,up,2026-08-21T15:44:11,0.0,0.0
SPXW,2026-09-11,21,Put,7765.0,SPXW260911P07765000,123.5,124.0,123.75,133.4,-9.6,-6.71329,2.0,32.0,0.1067,-0.6504,0.0019,6.8441,-1.7453,-2.9428,124.5752,130.87,133.4,130.87,143.0,up,2026-08-21T10:35:12,0.0,0.0
SPXW,2026-09-11,21,Call,7770.0,SPXW260911C07770000,43.3,43.8,43.55,46.4,4.85,11.6727,55.0,169.0,0.1063,0.3395,0.0019,6.7764,-1.7185,1.4698,43.2812,44.3,52.5,44.06,41.5500011444092,no_change,2026-08-21T15:39:51,0.0,0.0
SPXW,2026-09-11,21,Put,7770.0,SPXW260911P07770000,126.5,127.0,126.75,124.69,-21.31,-14.5959,5.0,117.0,0.1062,-0.6603,0.0019,6.7764,-1.7185,-2.9882,127.5847,133.44,136.73,124.69,146.0,down,2026-08-21T15:09:47,0.0,0.0
SPXW,2026-09-11,21,Call,7775.0,SPXW260911C07775000,41.4,41.8,41.599999999999994,44.3,4.55,11.4465,76.0,558.0,0.1058,0.3297,0.0018,6.7052,-1.6908,1.4278,41.3603,42.19,50.05,40.76,39.75,no_change,2026-08-21T15:39:26,0.0,0.0
SPXW,2026-09-11,21,Put,7775.0,SPXW260911P07775000,129.6,130.0,129.8,127.15,-22.05,-14.7788,239.0,312.0,0.1057,-0.6702,0.0018,6.7052,-1.6908,-3.033,130.6513,136.93,139.6,126.27,149.199996948242,no_change,2026-08-21T15:33:46,0.0,0.0
SPXW,2026-09-11,21,Call,7780.0,SPXW260911C07780000,39.5,39.9,39.7,41.93,3.98,10.4875,13.0,232.0,0.1054,0.3199,0.0018,6.6303,-1.6622,1.3859,39.4961,40.86,49.69,39.95,37.9499988555908,up,2026-08-21T15:36:21,0.0,0.0
SPXW,2026-09-11,21,Put,7780.0,SPXW260911P07780000,132.7,133.2,132.95,130.74,-21.61,-14.1844,2.0,424.0,0.1052,-0.68,0.0018,6.6303,-1.6622,-3.0778,133.7745,130.74,130.74,130.74,152.350006103516,down,2026-08-21T15:09:47,0.0,0.0
SPXW,2026-09-11,21,Call,7785.0,SPXW260911C07785000,37.7,38.1,37.900000000000006,42.12,5.87,16.1931,21.0,3.0,0.1049,0.3101,0.0018,6.551,-1.6328,1.3438,37.6885,41.48,42.12,41.44,36.25,up,2026-08-21T15:49:55,0.0,0.0
SPXW,2026-09-11,21,Put,7785.0,SPXW260911P07785000,135.9,136.4,136.15,127.61,-28.19,-18.0937,1.0,20.0,0.1048,-0.6898,0.0018,6.551,-1.6328,-3.1228,136.9544,127.61,127.61,127.61,155.799995422363,down,2026-08-21T11:59:21,0.0,0.0
SPXW,2026-09-11,21,Call,7790.0,SPXW260911C07790000,36.0,36.4,36.2,37.47,2.92,8.45152,9.0,169.0,0.1045,0.3004,0.0018,6.4666,-1.6026,1.3014,35.9378,37.55,42.32,36.1,34.5500011444092,down,2026-08-21T13:38:14,0.0,0.0
SPXW,2026-09-11,21,Put,7790.0,SPXW260911P07790000,138.1,140.5,139.3,146.09,-13.06,-8.2061,2.0,387.0,0.1046,-0.6994,0.0018,6.4666,-1.6026,-3.168,140.1912,146.09,146.09,146.09,159.150001525879,down,2026-08-21T09:37:00,0.0,0.0
SPXW,2026-09-11,21,Call,7795.0,SPXW260911C07795000,34.3,34.6,34.45,36.8,3.85,11.6844,31.0,39.0,0.104,0.2908,0.0018,6.3776,-1.5717,1.2593,34.2438,35.95,38.74,33.65,32.9499988555908,up,2026-08-21T15:38:57,0.0,0.0
SPXW,2026-09-11,21,Put,7795.0,SPXW260911P07795000,141.5,143.7,142.6,125.93,0.0,0.0,0.0,3.0,0.1046,-0.709,0.0018,6.3776,-1.5717,-3.213,143.4847,0.0,0.0,0.0,162.550003051758,no_change,2026-08-19T15:51:32,0.0,0.0
SPXW,2026-09-11,21,Call,7800.0,SPXW260911C07800000,32.6,33.0,32.8,32.52,1.07,3.40223,127.0,1317.0,0.1036,0.2813,0.0018,6.2847,-1.54,1.218,32.6057,34.2,39.76,31.31,31.4499998092651,down,2026-08-21T16:13:21,0.0,0.0
SPXW,2026-09-11,21,Put,7800.0,SPXW260911P07800000,143.5,148.2,145.85,139.76,-26.19,-15.7819,3.0,526.0,0.1042,-0.7185,0.0018,6.2847,-1.54,-3.2571,146.834,139.76,139.76,139.76,165.949996948242,no_change,2026-08-21T11:38:18,0.0,0.0
SPXW,2026-09-11,21,Call,7805.0,SPXW260911C07805000,31.0,31.4,31.2,33.4,3.55,11.8928,6.0,35.0,0.1032,0.2719,0.0017,6.1892,-1.5077,1.1777,31.0222,32.2,34.13,31.55,29.8500003814697,down,2026-08-21T15:38:57,0.0,0.0
SPXW,2026-09-11,21,Put,7805.0,SPXW260911P07805000,146.9,151.6,149.25,147.88,-21.57,-12.7294,25.0,80.0,0.1038,-0.728,0.0017,6.1892,-1.5077,-3.3003,150.2379,147.88,147.88,147.88,169.449996948242,up,2026-08-21T15:22:15,0.0,0.0
SPXW,2026-09-11,21,Call,7810.0,SPXW260911C07810000,29.5,29.8,29.65,29.42,0.97,3.40949,83.0,161.0,0.1028,0.2626,0.0017,6.0911,-1.4747,1.138,29.4922,29.37,35.85,29.35,28.4499998092651,down,2026-08-21T16:13:21,0.0,0.0
SPXW,2026-09-11,21,Put,7810.0,SPXW260911P07810000,150.3,155.1,152.7,171.3,0.0,0.0,0.0,147.0,0.1033,-0.7373,0.0017,6.0911,-1.4747,-3.3429,153.6954,0.0,0.0,0.0,172.949996948242,up,2026-08-20T15:31:29,0.0,0.0
SPXW,2026-09-11,21,Call,7815.0,SPXW260911C07815000,28.0,28.4,28.2,28.44,1.39,5.13863,12.0,22.0,0.1024,0.2534,0.0017,5.99,-1.4412,1.0983,28.0152,29.82,29.83,28.44,27.0500001907349,down,2026-08-21T14:28:00,0.0,0.0
SPXW,2026-09-11,21,Put,7815.0,SPXW260911P07815000,153.9,158.7,156.3,0.0,0.0,0.0,0.0,0.0,0.1031,-0.7465,0.0017,5.99,-1.4412,-3.3854,157.2059,0.0,0.0,0.0,176.599998474121,no_change,,0.0,0.0
SPXW,2026-09-11,21,Call,7820.0,SPXW260911C07820000,26.6,26.9,26.75,27.65,1.95,7.58755,9.0,120.0,0.1021,0.2443,0.0017,5.8849,-1.4072,1.0587,26.5912,28.99,31.3,26.36,25.6999998092651,down,2026-08-21T14:49:23,0.0,0.0
SPXW,2026-09-11,21,Put,7820.0,SPXW260911P07820000,156.8,162.3,159.55,145.5,0.0,0.0,0.0,414.0,0.1026,-0.7555,0.0017,5.8849,-1.4072,-3.428,160.7694,0.0,0.0,0.0,180.100006103516,up,2026-08-18T09:32:22,0.0,0.0
SPXW,2026-09-11,21,Call,7825.0,SPXW260911C07825000,25.2,25.6,25.4,27.6,3.15,12.8834,32.0,734.0,0.1016,0.2354,0.0016,5.7757,-1.3727,1.0193,25.22,26.54,29.09,25.15,24.4499998092651,up,2026-08-21T15:44:20,0.0,0.0
SPXW,2026-09-11,21,Put,7825.0,SPXW260911P07825000,160.5,165.9,163.2,161.78,-22.12,-12.0283,50.0,79.0,0.1022,-0.7645,0.0016,5.7757,-1.3727,-3.4702,164.3855,161.78,161.78,161.78,183.900001525879,up,2026-08-21T15:22:15,0.0,0.0
SPXW,2026-09-11,21,Call,7830.0,SPXW260911C07830000,23.9,24.2,24.049999999999997,24.8,1.65,7.12743,23.0,29.0,0.1013,0.2266,0.0016,5.663,-1.3377,0.9808,23.9006,25.8,29.6,24.8,23.1499996185303,down,2026-08-21T14:02:35,0.0,0.0
SPXW,2026-09-11,21,Put,7830.0,SPXW260911P07830000,164.0,169.6,166.8,111.9,0.0,0.0,0.0,82.0,0.1019,-0.7733,0.0016,5.663,-1.3377,-3.5115,168.0536,0.0,0.0,0.0,187.650001525879,down,2026-08-14T15:38:34,0.0,0.0
SPXW,2026-09-11,21,Call,7835.0,SPXW260911C07835000,22.6,22.9,22.75,24.6,2.65,12.0729,88.0,89.0,0.1008,0.2179,0.0016,5.548,-1.3025,0.9435,22.6318,22.14,28.81,22.14,21.9499998092651,up,2026-08-21T15:38:57,0.0,0.0
SPXW,2026-09-11,21,Put,7835.0,SPXW260911P07835000,167.7,173.3,170.5,165.63,-25.77,-13.464,20.0,0.0,0.1015,-0.782,0.0016,5.548,-1.3025,-3.5517,171.7723,167.95,167.95,165.43,191.400001525879,no_change,2026-08-21T15:38:37,0.0,0.0
SPXW,2026-09-11,21,Call,7840.0,SPXW260911C07840000,21.4,21.7,21.549999999999997,23.3,2.5,12.0192,47.0,145.0,0.1005,0.2094,0.0016,5.4318,-1.2669,0.9071,21.4121,22.65,27.23,21.59,20.8000001907349,up,2026-08-21T15:38:57,0.0,0.0
SPXW,2026-09-11,21,Put,7840.0,SPXW260911P07840000,171.5,177.1,174.3,169.33,-25.97,-13.2975,20.0,475.0,0.1012,-0.7905,0.0016,5.4318,-1.2669,-3.591,175.5401,171.65,171.65,169.13,195.300003051758,no_change,2026-08-21T15:38:37,0.0,0.0
SPXW,2026-09-11,21,Call,7845.0,SPXW260911C07845000,20.2,20.5,20.35,22.0,2.3,11.6751,41.0,21.0,0.1001,0.201,0.0015,5.3142,-1.2312,0.8711,20.2409,21.52,23.31,20.13,19.6999998092651,up,2026-08-21T15:38:57,0.0,0.0
SPXW,2026-09-11,21,Put,7845.0,SPXW260911P07845000,175.3,181.0,178.15,0.0,0.0,0.0,0.0,8.0,0.1008,-0.7988,0.0015,5.3142,-1.2312,-3.6298,179.3564,0.0,0.0,0.0,199.199996948242,no_change,,0.0,0.0
SPXW,2026-09-11,21,Call,7850.0,SPXW260911C07850000,19.1,19.4,19.25,19.65,1.05,5.64516,99.0,788.0,0.0998,0.1928,0.0015,5.1943,-1.1953,0.8354,19.1178,19.7,24.75,18.7,18.6000003814697,no_change,2026-08-21T16:07:18,0.0,0.0
SPXW,2026-09-11,21,Put,7850.0,SPXW260911P07850000,179.1,184.8,181.95,180.28,-22.82,-11.2358,37.0,159.0,0.1006,-0.807,0.0015,5.1943,-1.1953,-3.6685,183.2207,185.3,185.3,180.28,203.099998474121,down,2026-08-21T15:22:15,0.0,0.0
SPXW,2026-09-11,21,Call,7855.0,SPXW260911C07855000,18.0,18.3,18.15,20.65,3.0,16.9972,7.0,16.0,0.0995,0.1848,0.0014,5.0715,-1.1593,0.8,18.0424,20.65,22.63,20.65,17.6499996185303,down,2026-08-21T15:00:26,0.0,0.0
SPXW,2026-09-11,21,Put,7855.0,SPXW260911P07855000,183.0,188.8,185.9,155.43,0.0,0.0,0.0,10.0,0.1002,-0.815,0.0014,5.0715,-1.1593,-3.7067,187.1327,0.0,0.0,0.0,207.050003051758,down,2026-08-19T10:20:35,0.0,0.0
SPXW,2026-09-11,21,Call,7860.0,SPXW260911C07860000,16.9,17.3,17.1,17.65,1.0,6.00601,33.0,339.0,0.0991,0.177,0.0014,4.9462,-1.1232,0.7657,17.0138,18.1,20.45,17.05,16.6499996185303,down,2026-08-21T16:01:11,0.0,0.0
SPXW,2026-09-11,21,Put,7860.0,SPXW260911P07860000,186.9,192.8,189.85000000000002,195.0,-16.05,-7.60483,1.0,14.0,0.1,-0.8229,0.0014,4.9462,-1.1232,-3.7439,191.0916,195.0,195.0,195.0,211.050003051758,up,2026-08-21T10:51:15,0.0,0.0
SPXW,2026-09-11,21,Call,7870.0,SPXW260911C07870000,15.0,15.4,15.2,15.38,0.53,3.56902,34.0,128.0,0.0985,0.1618,0.0014,4.6927,-1.0514,0.7006,15.0915,15.42,19.93,15.38,14.8499999046326,down,2026-08-21T15:59:50,0.0,0.0
SPXW,2026-09-11,21,Put,7870.0,SPXW260911P07870000,195.0,200.9,197.95,128.12,0.0,0.0,0.0,11.0,0.0995,-0.838,0.0014,4.6927,-1.0514,-3.8147,199.1443,0.0,0.0,0.0,219.300003051758,up,2026-08-13T10:47:36,0.0,0.0
SPXW,2026-09-11,21,Call,7875.0,SPXW260911C07875000,14.1,14.5,14.3,14.65,0.65,4.64286,83.0,660.0,0.0982,0.1546,0.0013,4.566,-1.0157,0.6692,14.1953,15.35,19.07,14.49,14.0,no_change,2026-08-21T16:07:18,0.0,0.0
SPXW,2026-09-11,21,Put,7875.0,SPXW260911P07875000,199.1,205.0,202.05,135.7,0.0,0.0,0.0,21.0,0.0992,-0.8453,0.0013,4.566,-1.0157,-3.849,203.2355,0.0,0.0,0.0,223.400001525879,down,2026-08-14T15:43:06,0.0,0.0
SPXW,2026-09-11,21,Call,7880.0,SPXW260911C07880000,13.3,13.6,13.45,13.9,0.75,5.70342,20.0,62.0,0.0979,0.1475,0.0013,4.4389,-0.9802,0.6382,13.3416,14.48,19.04,13.4,13.1500000953674,down,2026-08-21T16:01:11,0.0,0.0
SPXW,2026-09-11,21,Put,7880.0,SPXW260911P07880000,203.2,209.1,206.14999999999998,142.0,0.0,0.0,0.0,18.0,0.0989,-0.8524,0.0013,4.4389,-0.9802,-3.8828,207.3692,0.0,0.0,0.0,227.599998474121,up,2026-08-17T10:03:44,0.0,0.0
SPXW,2026-09-11,21,Call,7890.0,SPXW260911C07890000,11.7,12.0,11.85,13.17,1.52,13.0472,6.0,99.0,0.0972,0.1339,0.0012,4.1814,-0.9104,0.5787,11.7586,12.83,13.8,11.6,11.6500000953674,down,2026-08-21T15:13:26,0.0,0.0
SPXW,2026-09-11,21,Put,7890.0,SPXW260911P07890000,211.6,217.6,214.6,146.0,0.0,0.0,0.0,6.0,0.0984,-0.866,0.0012,4.1814,-0.9104,-3.9481,215.7612,0.0,0.0,0.0,236.049995422363,up,2026-08-14T15:11:16,0.0,0.0
SPXW,2026-09-11,21,Call,7900.0,SPXW260911C07900000,10.3,10.6,10.45,10.99,0.69,6.69903,333.0,1878.0,0.0967,0.1212,0.0011,3.9239,-0.8422,0.5239,10.3328,11.02,14.49,10.21,10.2999997138977,no_change,2026-08-21T15:55:17,0.0,0.0
SPXW,2026-09-11,21,Put,7900.0,SPXW260911P07900000,220.1,226.1,223.1,221.2,-23.5,-9.6036,1.0,53.0,0.098,-0.8787,0.0011,3.9239,-0.8422,-4.0086,224.3104,221.2,221.2,221.2,244.700004577637,down,2026-08-21T11:13:04,0.0,0.0
SPXW,2026-09-11,21,Call,7910.0,SPXW260911C07910000,9.0,9.3,9.15,10.08,1.03,11.3812,36.0,1597.0,0.0961,0.1093,0.001,3.6718,-0.7764,0.4723,9.0541,9.6,11.22,9.16,9.0499997138977,down,2026-08-21T15:33:40,0.0,0.0
SPXW,2026-09-11,21,Put,7910.0,SPXW260911P07910000,228.7,234.9,231.8,151.5,0.0,0.0,0.0,14.0,0.0976,-0.8906,0.001,3.6718,-0.7764,-4.066,233.0065,0.0,0.0,0.0,253.449996948242,down,2026-08-14T10:20:27,0.0,0.0
SPXW,2026-09-11,21,Call,7920.0,SPXW260911C07920000,7.8,8.1,7.949999999999999,9.21,1.26,15.8491,12.0,641.0,0.0958,0.0982,0.001,3.4232,-0.7132,0.4239,7.9153,8.9,9.21,8.1,7.9500002861023,up,2026-08-21T15:10:26,0.0,0.0
SPXW,2026-09-11,21,Put,7920.0,SPXW260911P07920000,237.9,243.5,240.7,192.6,0.0,0.0,0.0,5.0,0.0971,-0.9016,0.001,3.4232,-0.7132,-4.12,241.8427,0.0,0.0,0.0,262.349990844727,down,2026-08-11T10:14:51,0.0,0.0
SPXW,2026-09-11,21,Call,7925.0,SPXW260911C07925000,7.3,7.6,7.449999999999999,7.55,0.05,0.666667,57.0,220.0,0.0955,0.0931,0.0009,3.3007,-0.6828,0.4016,7.3951,7.73,9.85,7.55,7.5,down,2026-08-21T16:11:55,0.0,0.0
SPXW,2026-09-11,21,Put,7925.0,SPXW260911P07925000,242.4,248.0,245.2,155.93,0.0,0.0,0.0,133.0,0.097,-0.9068,0.0009,3.3007,-0.6828,-4.1453,246.31,0.0,0.0,0.0,265.0,down,2026-08-13T10:40:22,0.0,0.0
SPXW,2026-09-11,21,Call,7930.0,SPXW260911C07930000,6.8,7.1,6.949999999999999,7.67,0.72,10.3597,34.0,239.0,0.0954,0.0881,0.0009,3.1804,-0.6531,0.3803,6.9057,8.0,9.86,7.25,6.95000004768372,down,2026-08-21T15:35:12,0.0,0.0
SPXW,2026-09-11,21,Put,7930.0,SPXW260911P07930000,238.4,261.9,250.14999999999998,0.0,0.0,0.0,0.0,0.0,0.0969,-0.9118,0.0009,3.1804,-0.6531,-4.1694,250.808,0.0,0.0,0.0,269.100006103516,no_change,,0.0,0.0
SPXW,2026-09-11,21,Call,7940.0,SPXW260911C07940000,5.9,6.2,6.050000000000001,6.15,0.05,0.819674,103.0,125.0,0.095,0.0788,0.0008,2.9477,-0.5964,0.3399,6.0148,6.6,8.55,6.15,6.09999990463257,down,2026-08-21T16:11:55,0.0,0.0
SPXW,2026-09-11,21,Put,7940.0,SPXW260911P07940000,247.3,271.0,259.15,0.0,0.0,0.0,0.0,0.0,0.0967,-0.9211,0.0008,2.9477,-0.5964,-4.2156,259.892,0.0,0.0,0.0,278.299987792969,no_change,,0.0,0.0
SPXW,2026-09-11,21,Call,7950.0,SPXW260911C07950000,5.2,5.4,5.300000000000001,5.65,0.35,6.60377,551.0,1602.0,0.0946,0.0703,0.0008,2.7247,-0.5434,0.3028,5.2344,5.8,8.41,5.42,5.29999995231628,down,2026-08-21T15:55:04,0.0,0.0
SPXW,2026-09-11,21,Put,7950.0,SPXW260911P07950000,256.4,280.2,268.29999999999995,206.98,0.0,0.0,0.0,3.0,0.0966,-0.9295,0.0008,2.7247,-0.5434,-4.2584,269.0865,0.0,0.0,0.0,289.099990844727,up,2026-08-17T16:01:28,0.0,0.0
SPXW,2026-09-11,21,Call,7960.0,SPXW260911C07960000,4.4,4.7,4.550000000000001,5.63,0.98,21.0753,8.0,527.0,0.0945,0.0627,0.0007,2.5121,-0.4942,0.27,4.5536,6.75,6.91,5.4,4.65000009536743,up,2026-08-21T15:01:31,0.0,0.0
SPXW,2026-09-11,21,Put,7960.0,SPXW260911P07960000,265.7,289.4,277.54999999999995,0.0,0.0,0.0,0.0,0.0,0.0966,-0.9372,0.0007,2.5121,-0.4942,-4.2969,278.3807,0.0,0.0,0.0,298.350006103516,no_change,,0.0,0.0
SPXW,2026-09-11,21,Call,7970.0,SPXW260911C07970000,3.9,4.1,4.0,4.59,0.49,11.9512,48.0,209.0,0.0941,0.0558,0.0006,2.3128,-0.449,0.2402,3.9624,4.54,6.05,4.2,4.09999990463257,down,2026-08-21T15:51:41,0.0,0.0
SPXW,2026-09-11,21,Put,7970.0,SPXW260911P07970000,275.1,298.8,286.95000000000005,188.95,0.0,0.0,0.0,9.0,0.0967,-0.9441,0.0006,2.3128,-0.449,-4.3325,287.7644,0.0,0.0,0.0,307.050003051758,down,2026-08-13T15:09:56,0.0,0.0
SPXW,2026-09-11,21,Call,7975.0,SPXW260911C07975000,3.6,3.9,3.75,4.4,0.6,15.7895,656.0,945.0,0.0941,0.0526,0.0006,2.2181,-0.4278,0.2263,3.6978,4.19,4.52,3.81,3.80000007152557,up,2026-08-21T15:44:23,0.0,0.0
SPXW,2026-09-11,21,Put,7975.0,SPXW260911P07975000,279.9,303.6,291.75,192.45,0.0,0.0,0.0,1.0,0.0966,-0.9472,0.0006,2.2181,-0.4278,-4.3492,292.4873,0.0,0.0,0.0,312.100006103516,down,2026-08-13T15:09:56,0.0,0.0
SPXW,2026-09-11,21,Call,7980.0,SPXW260911C07980000,3.4,3.6,3.5,3.8,0.25,7.04225,91.0,1047.0,0.0943,0.0496,0.0006,2.1267,-0.4076,0.2133,3.4525,4.0,5.2,3.6,3.55000007152557,no_change,2026-08-21T14:48:29,0.0,0.0
SPXW,2026-09-11,21,Put,7980.0,SPXW260911P07980000,284.6,308.3,296.45000000000005,0.0,0.0,0.0,0.0,8.0,0.0965,-0.9502,0.0006,2.1267,-0.4076,-4.3651,297.2294,0.0,0.0,0.0,316.649993896484,no_change,,0.0,0.0
SPXW,2026-09-11,21,Call,7990.0,SPXW260911C07990000,2.95,3.2,3.075,3.47,0.37,11.9355,227.0,25.0,0.0941,0.0442,0.0005,1.9538,-0.3702,0.19,3.0143,3.3,4.3,3.2,3.10000002384186,no_change,2026-08-21T15:33:34,0.0,0.0
SPXW,2026-09-11,21,Put,7990.0,SPXW260911P07990000,294.0,317.4,305.7,0.0,0.0,0.0,0.0,0.0,0.0971,-0.9556,0.0005,1.9538,-0.3702,-4.3941,306.7661,0.0,0.0,0.0,326.800003051758,no_change,,0.0,0.0
SPXW,2026-09-11,21,Call,8000.0,SPXW260911C08000000,2.55,2.75,2.65,2.75,0.025,0.91743,198.0,3611.0,0.0942,0.0394,0.0005,1.7948,-0.3364,0.1693,2.6387,3.3,4.91,2.75,2.72500002384186,down,2026-08-21T16:03:53,0.0,0.0
SPXW,2026-09-11,21,Put,8000.0,SPXW260911P08000000,303.6,327.4,315.5,291.25,0.0,0.0,0.0,2007.0,0.0974,-0.9604,0.0005,1.7948,-0.3364,-4.4206,316.3655,0.0,0.0,0.0,336.350006103516,no_change,2026-08-18T15:11:06,0.0,0.0
SPXW,2026-09-11,21,Call,8010.0,SPXW260911C08010000,2.25,2.45,2.35,2.72,0.32,13.3333,18.0,16.0,0.0944,0.0352,0.0004,1.6498,-0.3063,0.1508,2.3186,2.69,3.41,2.6,2.39999997615814,up,2026-08-21T15:51:41,0.0,0.0
SPXW,2026-09-11,21,Put,8010.0,SPXW260911P08010000,313.3,337.1,325.20000000000005,0.0,0.0,0.0,0.0,0.0,0.0976,-0.9647,0.0004,1.6498,-0.3063,-4.4448,326.0203,0.0,0.0,0.0,345.950012207031,no_change,,0.0,0.0
SPXW,2026-09-11,21,Call,8020.0,SPXW260911C08020000,1.95,2.15,2.05,4.4,0.0,0.0,0.0,40.0,0.0944,0.0315,0.0004,1.518,-0.2796,0.1349,2.0466,0.0,0.0,0.0,2.125,down,2026-08-19T15:52:51,0.0,0.0
SPXW,2026-09-11,21,Put,8020.0,SPXW260911P08020000,323.0,346.7,334.85,0.0,0.0,0.0,0.0,8.0,0.0981,-0.9684,0.0004,1.518,-0.2796,-4.4664,335.7232,0.0,0.0,0.0,355.649993896484,no_change,,0.0,0.0
SPXW,2026-09-11,21,Call,8025.0,SPXW260911C08025000,1.85,2.0,1.925,2.32,0.345,17.4684,13.0,758.0,0.0945,0.0298,0.0004,1.4569,-0.2674,0.1279,1.9263,2.02,2.56,2.02,1.97499996423721,down,2026-08-21T14:57:46,0.0,0.0
SPXW,2026-09-11,21,Put,8025.0,SPXW260911P08025000,327.8,348.1,337.95000000000005,299.49,0.0,0.0,0.0,1.0,0.0986,-0.97,0.0004,1.4569,-0.2674,-4.4763,340.5904,0.0,0.0,0.0,360.300003051758,up,2026-08-07T10:16:24,0.0,0.0
SPXW,2026-09-11,21,Call,8030.0,SPXW260911C08030000,1.7,1.9,1.7999999999999998,2.36,0.485,25.8667,33.0,73.0,0.0948,0.0283,0.0004,1.3989,-0.2559,0.1212,1.8154,2.2,2.36,1.92,1.875,up,2026-08-21T11:01:15,0.0,0.0
SPXW,2026-09-11,21,Put,8030.0,SPXW260911P08030000,332.7,356.3,344.5,0.0,0.0,0.0,0.0,8.0,0.0992,-0.9716,0.0004,1.3989,-0.2559,-4.4858,345.4669,0.0,0.0,0.0,365.400009155273,no_change,,0.0,0.0
SPXW,2026-09-11,21,Call,8040.0,SPXW260911C08040000,1.5,1.7,1.6,1.92,0.245,14.6269,63.0,32.0,0.0952,0.0255,0.0003,1.2917,-0.2351,0.1092,1.6192,1.9,2.45,1.9,1.67500001192093,down,2026-08-21T14:03:10,0.0,0.0
SPXW,2026-09-11,21,Put,8040.0,SPXW260911P08040000,342.4,362.1,352.25,0.0,0.0,0.0,0.0,0.0,0.0994,-0.9744,0.0003,1.2917,-0.2351,-4.5037,355.2457,0.0,0.0,0.0,375.099990844727,no_change,,0.0,0.0
SPXW,2026-09-11,21,Call,8050.0,SPXW260911C08050000,1.35,1.5,1.425,1.46,-0.015,-1.01695,161.0,451.0,0.096,0.0231,0.0003,1.1956,-0.2169,0.0986,1.4531,1.67,2.4,1.44,1.47499996423721,down,2026-08-21T16:13:28,0.0,0.0
SPXW,2026-09-11,21,Put,8050.0,SPXW260911P08050000,352.2,373.0,362.6,320.64,0.0,0.0,0.0,1.0,0.101,-0.9768,0.0003,1.1956,-0.2169,-4.52,365.0545,0.0,0.0,0.0,384.400009155273,up,2026-08-07T10:16:24,0.0,0.0
SPXW,2026-09-11,21,Call,8060.0,SPXW260911C08060000,1.2,1.35,1.275,2.15,0.825,62.2642,15.0,29.0,0.0965,0.021,0.0003,1.1098,-0.2009,0.0895,1.3122,1.31,2.15,1.31,1.32499998807907,up,2026-08-21T11:52:29,0.0,0.0
SPXW,2026-09-11,21,Put,8060.0,SPXW260911P08060000,362.0,382.8,372.4,0.0,0.0,0.0,0.0,0.0,0.1017,-0.9789,0.0003,1.1098,-0.2009,-4.5347,374.8885,0.0,0.0,0.0,394.300003051758,no_change,,0.0,0.0
SPXW,2026-09-11,21,Call,8070.0,SPXW260911C08070000,1.1,1.25,1.175,1.17,-0.005,-0.425533,23.0,21.0,0.0969,0.0192,0.0003,1.0332,-0.1869,0.0818,1.1923,1.3,1.3,1.17,1.17500001192093,down,2026-08-21T09:56:26,0.0,0.0
SPXW,2026-09-11,21,Put,8070.0,SPXW260911P08070000,371.9,394.9,383.4,0.0,0.0,0.0,0.0,0.0,0.1023,-0.9807,0.0003,1.0332,-0.1869,-4.5482,384.7435,0.0,0.0,0.0,404.449996948242,no_change,,0.0,0.0
SPXW,2026-09-11,21,Call,8075.0,SPXW260911C08075000,1.05,1.2,1.125,1.34,0.215,19.1111,2.0,530.0,0.0973,0.0183,0.0002,0.998,-0.1806,0.0783,1.1391,1.18,1.34,1.18,1.125,up,2026-08-21T11:16:22,0.0,0.0
SPXW,2026-09-11,21,Put,8075.0,SPXW260911P08075000,376.8,399.7,388.25,0.0,0.0,0.0,0.0,0.0,0.1035,-0.9815,0.0002,0.998,-0.1806,-4.5546,389.6778,0.0,0.0,0.0,407.649993896484,no_change,,0.0,0.0
SPXW,2026-09-11,21,Call,8080.0,SPXW260911C08080000,1.0,1.15,1.075,1.26,0.185,17.2093,1.0,37.0,0.0977,0.0176,0.0002,0.9647,-0.1746,0.075,1.0899,1.26,1.26,1.26,1.07499998807907,down,2026-08-21T11:26:15,0.0,0.0
SPXW,2026-09-11,21,Put,8080.0,SPXW260911P08080000,381.7,405.4,393.54999999999995,0.0,0.0,0.0,0.0,0.0,0.1037,-0.9823,0.0002,0.9647,-0.1746,-4.5607,394.6161,0.0,0.0,0.0,414.400009155273,no_change,,0.0,0.0
SPXW,2026-09-11,21,Call,8090.0,SPXW260911C08090000,0.9,1.05,0.9750000000000001,1.08,0.105,10.7692,3.0,36.0,0.0987,0.0162,0.0002,0.9034,-0.1639,0.069,1.0023,1.08,1.08,1.08,0.974999964237213,no_change,2026-08-21T10:24:05,0.0,0.0
SPXW,2026-09-11,21,Put,8090.0,SPXW260911P08090000,391.6,411.4,401.5,0.0,0.0,0.0,0.0,0.0,0.1051,-0.9837,0.0002,0.9034,-0.1639,-4.5725,404.5033,0.0,0.0,0.0,423.600006103516,no_change,,0.0,0.0
SPXW,2026-09-11,21,Call,8100.0,SPXW260911C08100000,0.8,0.95,0.875,0.91,-0.015,-1.62162,50.0,1327.0,0.0996,0.015,0.0002,0.8484,-0.1545,0.0638,0.9269,0.99,1.17,0.89,0.925000011920929,down,2026-08-21T16:13:28,0.0,0.0
SPXW,2026-09-11,21,Put,8100.0,SPXW260911P08100000,401.7,425.4,413.54999999999995,0.0,0.0,0.0,0.0,0.0,0.1064,-0.9849,0.0002,0.8484,-0.1545,-4.5835,414.4029,0.0,0.0,0.0,433.699996948242,no_change,,0.0,0.0
SPXW,2026-09-11,21,Call,8125.0,SPXW260911C08125000,0.65,0.85,0.75,0.7,-0.075,-9.67742,13.0,428.0,0.1022,0.0126,0.0002,0.7341,-0.1354,0.0534,0.7793,0.8,1.0,0.7,0.775000005960464,down,2026-08-21T15:59:46,0.0,0.0
SPXW,2026-09-11,21,Put,8125.0,SPXW260911P08125000,426.3,445.9,436.1,0.0,0.0,0.0,0.0,0.0,0.11,-0.9873,0.0002,0.7341,-0.1354,-4.6082,439.1926,0.0,0.0,0.0,458.75,no_change,,0.0,0.0
SPXW,2026-09-11,21,Call,8150.0,SPXW260911C08150000,0.55,0.7,0.625,0.67,0.02,3.07692,17.0,324.0,0.1046,0.0107,0.0001,0.6441,-0.1209,0.0456,0.6717,0.67,0.91,0.67,0.650000005960464,down,2026-08-21T15:58:19,0.0,0.0
SPXW,2026-09-11,21,Put,8150.0,SPXW260911P08150000,451.1,471.0,461.05,0.0,0.0,0.0,0.0,0.0,0.1133,-0.9891,0.0001,0.6446,-0.121,-4.6302,464.0228,0.0,0.0,0.0,482.400009155273,no_change,,0.0,0.0
SPXW,2026-09-11,21,Call,8175.0,SPXW260911C08175000,0.5,0.65,0.575,0.65,0.075,13.0435,243.0,371.0,0.1082,0.0094,0.0001,0.5726,-0.1098,0.0396,0.5916,0.6,0.65,0.6,0.574999988079071,no_change,2026-08-21T11:34:43,0.0,0.0
SPXW,2026-09-11,21,Put,8175.0,SPXW260911P08175000,476.0,499.7,487.85,0.0,0.0,0.0,0.0,0.0,0.1178,-0.9905,0.0001,0.5726,-0.1098,-4.6507,488.8795,0.0,0.0,0.0,507.849990844727,no_change,,0.0,0.0
SPXW,2026-09-11,21,Call,8200.0,SPXW260911C08200000,0.45,0.6,0.525,0.51,0.01,2.0,1.0,677.0,0.1104,0.0082,0.0001,0.5135,-0.1008,0.0348,0.5286,0.51,0.51,0.51,0.5,down,2026-08-21T10:01:57,0.0,0.0
SPXW,2026-09-11,21,Put,8200.0,SPXW260911P08200000,500.9,521.8,511.34999999999997,428.91,0.0,0.0,0.0,1.0,0.1223,-0.9916,0.0001,0.5137,-0.1007,-4.6697,513.7538,0.0,0.0,0.0,533.050018310547,up,2026-08-17T13:43:00,0.0,0.0
SPXW,2026-09-11,21,Call,8225.0,SPXW260911C08225000,0.4,0.55,0.47500000000000003,0.6,0.15,33.3333,626.0,476.0,0.1143,0.0073,0.0001,0.4642,-0.0933,0.031,0.4777,0.48,0.6,0.48,0.450000002980232,up,2026-08-21T14:33:39,0.0,0.0
SPXW,2026-09-11,21,Put,8225.0,SPXW260911P08225000,525.9,549.7,537.8,0.0,0.0,0.0,0.0,0.0,0.1266,-0.9925,0.0001,0.4644,-0.0932,-4.6879,538.6401,0.0,0.0,0.0,558.049987792969,no_change,,0.0,0.0
SPXW,2026-09-11,21,Call,8250.0,SPXW260911C08250000,0.35,0.5,0.425,0.45,0.025,5.88235,21.0,374.0,0.118,0.0066,0.0001,0.4218,-0.0868,0.0278,0.4349,0.43,0.45,0.43,0.424999997019768,up,2026-08-21T15:43:13,0.0,0.0
SPXW,2026-09-11,21,Put,8250.0,SPXW260911P08250000,552.0,574.6,563.3,478.98,0.0,0.0,0.0,4.0,0.1308,-0.9933,0.0001,0.4222,-0.0869,-4.7054,563.5352,0.0,0.0,0.0,581.650024414062,up,2026-08-17T13:43:00,0.0,0.0
SPXW,2026-09-11,21,Call,8275.0,SPXW260911C08275000,0.3,0.45,0.375,0.5,0.1,25.0,1.0,30.0,0.1208,0.0059,0.0001,0.3854,-0.0813,0.025,0.3992,0.5,0.5,0.5,0.399999991059303,down,2026-08-21T15:28:30,0.0,0.0
SPXW,2026-09-11,21,Put,8275.0,SPXW260911P08275000,575.6,598.5,587.05,0.0,0.0,0.0,0.0,0.0,0.135,-0.9939,0.0001,0.3859,-0.0813,-4.7225,588.4368,0.0,0.0,0.0,607.900024414062,no_change,,0.0,0.0
SPXW,2026-09-11,21,Call,8300.0,SPXW260911C08300000,0.3,0.45,0.375,0.53,0.18,51.4286,2.0,1197.0,0.1251,0.0054,0.0001,0.3538,-0.0764,0.0227,0.3685,0.4,0.53,0.4,0.350000008940697,up,2026-08-21T12:01:27,0.0,0.0
SPXW,2026-09-11,21,Put,8300.0,SPXW260911P08300000,600.5,623.9,612.2,529.35,0.0,0.0,0.0,3.0,0.139,-0.9944,0.0001,0.3542,-0.0765,-4.7392,613.3434,0.0,0.0,0.0,632.799987792969,up,2026-08-17T13:43:00,0.0,0.0
SPXW,2026-09-11,21,Call,8325.0,SPXW260911C08325000,0.25,0.4,0.325,0.8,0.0,0.0,0.0,1000.0,0.1285,0.0049,0.0001,0.3259,-0.0721,0.0207,0.3417,0.0,0.0,0.0,0.350000008940697,no_change,2026-08-19T11:08:44,0.0,0.0
SPXW,2026-09-11,21,Put,8325.0,SPXW260911P08325000,625.4,649.0,637.2,0.0,0.0,0.0,0.0,0.0,0.143,-0.9949,0.0001,0.3262,-0.0722,-4.7555,638.2538,0.0,0.0,0.0,657.700012207031,no_change,,0.0,0.0
SPXW,2026-09-11,21,Call,8350.0,SPXW260911C08350000,0.25,0.4,0.325,0.42,0.0,0.0,0.0,2683.0,0.1318,0.0045,0.0,0.3011,-0.0682,0.019,0.318,0.0,0.0,0.0,0.350000008940697,down,2026-08-19T15:54:43,0.0,0.0
SPXW,2026-09-11,21,Put,8350.0,SPXW260911P08350000,650.3,671.2,660.75,0.0,0.0,0.0,0.0,0.0,0.1469,-0.9953,0.0,0.3014,-0.0682,-4.7716,663.1673,0.0,0.0,0.0,682.350006103516,no_change,,0.0,0.0
SPXW,2026-09-11,21,Call,8375.0,SPXW260911C08375000,0.2,0.35,0.275,0.0,0.0,0.0,0.0,0.0,0.1349,0.0042,0.0,0.2788,-0.0646,0.0174,0.2965,0.0,0.0,0.0,0.299999997019768,no_change,,0.0,0.0
SPXW,2026-09-11,21,Put,8375.0,SPXW260911P08375000,675.2,694.9,685.05,0.0,0.0,0.0,0.0,0.0,0.1528,-0.9957,0.0,0.2792,-0.0647,-4.7875,688.0834,0.0,0.0,0.0,707.049987792969,no_change,,0.0,0.0
SPXW,2026-09-11,21,Call,8400.0,SPXW260911C08400000,0.2,0.35,0.275,0.4,0.1,33.3333,1.0,2931.0,0.1378,0.0038,0.0,0.2588,-0.0613,0.016,0.2773,0.4,0.4,0.4,0.299999997019768,up,2026-08-21T12:01:27,0.0,0.0
SPXW,2026-09-11,21,Put,8400.0,SPXW260911P08400000,700.2,720.8,710.5,0.0,0.0,0.0,0.0,0.0,0.1566,-0.996,0.0,0.2592,-0.0614,-4.8032,713.0015,0.0,0.0,0.0,732.300018310547,no_change,,0.0,0.0
SPXW,2026-09-11,21,Call,8450.0,SPXW260911C08450000,0.2,0.35,0.275,0.4,0.0,0.0,0.0,109.0,0.1446,0.0033,0.0,0.2242,-0.0554,0.0136,0.244,0.0,0.0,0.0,0.250000007450581,up,2026-08-19T13:54:48,0.0,0.0
SPXW,2026-09-11,21,Put,8450.0,SPXW260911P08450000,750.0,774.0,762.0,753.64,0.0,0.0,0.0,19.0,0.164,-0.9966,0.0,0.2247,-0.0556,-4.8343,762.8429,0.0,0.0,0.0,782.350006103516,up,2026-08-20T09:30:55,0.0,0.0
SPXW,2026-09-11,21,Call,8500.0,SPXW260911C08500000,0.15,0.3,0.22499999999999998,0.25,0.0,-2.98023e-06,1.0,24.0,0.1512,0.0028,0.0,0.1956,-0.0503,0.0117,0.216,0.25,0.25,0.25,0.250000007450581,no_change,2026-08-21T15:26:41,0.0,0.0
SPXW,2026-09-11,21,Put,8500.0,SPXW260911P08500000,799.9,823.8,811.8499999999999,807.13,-24.72,-2.97169,1.0,19.0,0.1735,-0.997,0.0,0.1961,-0.0505,-4.8648,812.6897,807.13,807.13,807.13,831.850006103516,up,2026-08-21T15:26:41,0.0,0.0
SPXW,2026-09-11,21,Call,8550.0,SPXW260911C08550000,0.15,0.3,0.22499999999999998,0.0,0.0,0.0,0.0,0.0,0.1573,0.0024,0.0,0.172,-0.046,0.0102,0.1929,0.0,0.0,0.0,0.225000008940697,no_change,,0.0,0.0
SPXW,2026-09-11,21,Put,8550.0,SPXW260911P08550000,849.8,869.6,859.7,0.0,0.0,0.0,0.0,0.0,0.183,-0.9974,0.0,0.172,-0.046,-4.8951,862.5405,0.0,0.0,0.0,882.0,no_change,,0.0,0.0
SPXW,2026-09-11,21,Call,8600.0,SPXW260911C08600000,0.1,0.25,0.175,0.2,0.0,0.0,0.0,50.0,0.163,0.0021,0.0,0.1515,-0.042,0.0089,0.1724,0.0,0.0,0.0,0.200000002980232,no_change,2026-08-20T09:50:11,0.0,0.0
SPXW,2026-09-11,21,Put,8600.0,SPXW260911P08600000,899.6,919.1,909.35,0.0,0.0,0.0,0.0,0.0,0.1897,-0.9977,0.0,0.1515,-0.042,-4.9251,912.3946,0.0,0.0,0.0,930.949981689453,no_change,,0.0,0.0
SPXW,2026-09-11,21,Call,8700.0,SPXW260911C08700000,0.1,0.25,0.175,0.15,0.0,0.0,0.0,25.0,0.1757,0.0016,0.0,0.1189,-0.0352,0.0068,0.1388,0.0,0.0,0.0,0.150000002235174,down,2026-08-18T13:24:16,0.0,0.0
SPXW,2026-09-11,21,Put,8700.0,SPXW260911P08700000,999.4,1020.1,1009.75,0.0,0.0,0.0,0.0,0.0,0.2082,-0.9982,0.0,0.1189,-0.0352,-4.9845,1012.1103,0.0,0.0,0.0,1031.5,no_change,,0.0,0.0
SPXW,2026-09-11,21,Call,8800.0,SPXW260911C08800000,0.05,0.2,0.125,0.15,0.0,-1.49012e-06,4.0,57.0,0.1875,0.0013,0.0,0.0939,-0.0295,0.0053,0.1119,0.15,0.15,0.15,0.150000002235174,no_change,2026-08-21T11:25:07,0.0,0.0
SPXW,2026-09-11,21,Put,8800.0,SPXW260911P08800000,1099.1,1123.1,1111.1,0.0,0.0,0.0,0.0,0.0,0.2235,-0.9986,0.0,0.0944,-0.0297,-5.0434,1111.8334,0.0,0.0,0.0,1130.90002441406,no_change,,0.0,0.0
SPXW,2026-09-11,21,Call,9000.0,SPXW260911C09000000,0.05,0.2,0.125,0.2,0.0,0.0,0.0,36.0,0.2071,0.0008,0.0,0.0604,-0.021,0.0033,0.0747,0.0,0.0,0.0,0.100000003352761,down,2026-08-14T10:19:05,0.0,0.0
SPXW,2026-09-11,21,Put,9000.0,SPXW260911P09000000,1298.6,1319.3,1308.9499999999998,0.0,0.0,0.0,0.0,0.0,0.256,-0.9991,0.0,0.0608,-0.0212,-5.1601,1311.2945,0.0,0.0,0.0,1329.95001220703,no_change,,0.0,0.0
SPXW,2026-09-11,21,Call,9200.0,SPXW260911C09200000,0.0,0.15,0.075,0.12,0.0,0.0,0.0,12.0,0.2333,0.0005,0.0,0.04,-0.0151,0.0021,0.0508,0.0,0.0,0.0,0.0500000007450581,down,2026-08-14T10:32:35,0.0,0.0
SPXW,2026-09-11,21,Put,9200.0,SPXW260911P09200000,1498.1,1517.6,1507.85,0.0,0.0,0.0,0.0,0.0,0.2873,-0.9993,0.0,0.04,-0.0151,-5.276,1510.7684,0.0,0.0,0.0,1530.44995117188,no_change,,0.0,0.0
SPXW,2026-09-11,21,Call,9400.0,SPXW260911C09400000,0.0,0.15,0.075,0.05,0.0,0.0,0.0,6.0,0.2589,0.0003,0.0,0.0264,-0.0107,0.0013,0.034,0.0,0.0,0.0,0.0500000007450581,down,2026-08-18T10:09:09,0.0,0.0
SPXW,2026-09-11,21,Put,9400.0,SPXW260911P09400000,1697.6,1718.3,1707.9499999999998,0.0,0.0,0.0,0.0,0.0,0.3176,-0.9995,0.0,0.0266,-0.0108,-5.3914,1710.2505,0.0,0.0,0.0,1728.10003662109,no_change,,0.0,0.0
SPXW,2026-09-11,21,Call,9600.0,SPXW260911C09600000,0.0,0.1,0.05,0.05,0.0,0.0,0.0,21.0,0.2836,0.0002,0.0,0.0177,-0.0076,0.0009,0.023,0.0,0.0,0.0,0.0500000007450581,no_change,2026-08-20T10:15:12,0.0,0.0
SPXW,2026-09-11,21,Put,9600.0,SPXW260911P09600000,1897.2,1917.9,1907.5500000000002,0.0,0.0,0.0,0.0,0.0,0.347,-0.9996,0.0,0.0179,-0.0076,-5.5066,1909.7378,0.0,0.0,0.0,1929.39996337891,no_change,,0.0,0.0
SPXW,2026-09-11,21,Call,9800.0,SPXW260911C09800000,0.0,0.1,0.05,0.0,0.0,0.0,0.0,0.0,0.3077,0.0001,0.0,0.0119,-0.0053,0.0006,0.0155,0.0,0.0,0.0,0.0500000007450581,no_change,,0.0,0.0
SPXW,2026-09-11,21,Put,9800.0,SPXW260911P09800000,2096.7,2120.4,2108.55,0.0,0.0,0.0,0.0,0.0,0.3755,-0.9997,0.0,0.012,-0.0054,-5.6216,2109.2288,0.0,0.0,0.0,2128.69995117188,no_change,,0.0,0.0
SPXW,2026-09-11,21,Call,10000.0,SPXW260911C10000000,0.0,0.1,0.05,0.0,0.0,0.0,0.0,0.0,0.3312,0.0001,0.0,0.008,-0.0038,0.0004,0.0104,0.0,0.0,0.0,0.0500000007450581,no_change,,0.0,0.0
SPXW,2026-09-11,21,Put,10000.0,SPXW260911P10000000,2296.2,2320.1,2308.1499999999996,0.0,0.0,0.0,0.0,0.0,0.408,-0.9998,0.0,0.0081,-0.0038,-5.7365,2308.7222,0.0,0.0,0.0,2327.55004882812,no_change,,0.0,0.0
SPXW,2026-09-14,24,Call,3000.0,SPXW260914C03000000,4663.8,4687.5,4675.65,0.0,0.0,0.0,0.0,0.0,1.169,0.9997,0.0,0.0119,-0.022,1.8032,4673.8766,0.0,0.0,0.0,4652.94995117188,no_change,,0.0,0.0
SPXW,2026-09-14,24,Put,3000.0,SPXW260914P03000000,0.0,0.1,0.05,0.1,0.0,0.0,0.0,3.0,1.0302,-0.0002,0.0,0.0119,-0.022,-0.0007,0.0791,0.0,0.0,0.0,0.0500000007450581,no_change,2026-08-10T14:45:36,0.0,0.0
SPXW,2026-09-14,24,Call,3200.0,SPXW260914C03200000,4464.3,4488.0,4476.15,0.0,0.0,0.0,0.0,0.0,1.0846,0.9997,0.0,0.0133,-0.0229,1.9233,4474.406,0.0,0.0,0.0,4453.94995117188,no_change,,0.0,0.0
SPXW,2026-09-14,24,Put,3200.0,SPXW260914P03200000,0.0,0.1,0.05,0.0,0.0,0.0,0.0,0.0,0.9618,-0.0002,0.0,0.0133,-0.0229,-0.0008,0.0832,0.0,0.0,0.0,0.0500000007450581,no_change,,0.0,0.0
SPXW,2026-09-14,24,Call,3400.0,SPXW260914C03400000,4264.6,4288.5,4276.55,0.0,0.0,0.0,0.0,0.0,1.0052,0.9996,0.0,0.0149,-0.024,2.0433,4274.9362,0.0,0.0,0.0,4254.60009765625,no_change,,0.0,0.0
SPXW,2026-09-14,24,Put,3400.0,SPXW260914P03400000,0.0,0.1,0.05,0.1,0.0,0.0,0.0,1.0,0.8976,-0.0002,0.0,0.0149,-0.024,-0.0009,0.088,0.0,0.0,0.0,0.0500000007450581,down,2026-08-11T15:43:58,0.0,0.0
SPXW,2026-09-14,24,Call,3600.0,SPXW260914C03600000,4065.1,4086.9,4076.0,0.0,0.0,0.0,0.0,0.0,0.9302,0.9996,0.0,0.0168,-0.0253,2.1634,4075.4674,0.0,0.0,0.0,4055.05004882812,no_change,,0.0,0.0
SPXW,2026-09-14,24,Put,3600.0,SPXW260914P03600000,0.0,0.1,0.05,0.05,0.0,0.0,0.0,4.0,0.8595,-0.0002,0.0,0.0168,-0.0253,-0.001,0.0939,0.0,0.0,0.0,0.0750000011175871,down,2026-08-17T10:45:04,0.0,0.0
SPXW,2026-09-14,24,Call,3800.0,SPXW260914C03800000,3868.6,3889.5,3879.05,0.0,0.0,0.0,0.0,0.0,0.8591,0.9996,0.0,0.019,-0.0269,2.2834,3876.0,0.0,0.0,0.0,3856.05004882812,no_change,,0.0,0.0
SPXW,2026-09-14,24,Put,3800.0,SPXW260914P03800000,0.0,0.1,0.05,0.05,-0.025,-33.3333,1.0,62.0,0.8007,-0.0003,0.0,0.0191,-0.0269,-0.0012,0.101,0.05,0.05,0.05,0.0750000011175871,down,2026-08-21T12:08:07,0.0,0.0
SPXW,2026-09-14,24,Call,4000.0,SPXW260914C04000000,3666.4,3690.0,3678.2,0.0,0.0,0.0,0.0,0.0,0.7914,0.9996,0.0,0.0219,-0.029,2.4033,3676.5345,0.0,0.0,0.0,3655.79992675781,no_change,,0.0,0.0
SPXW,2026-09-14,24,Put,4000.0,SPXW260914P04000000,0.0,0.15,0.075,0.1,0.0,0.0,0.0,37.0,0.7448,-0.0003,0.0,0.0219,-0.029,-0.0014,0.1101,0.0,0.0,0.0,0.0750000011175871,no_change,2026-08-19T11:43:35,0.0,0.0
SPXW,2026-09-14,24,Call,4200.0,SPXW260914C04200000,3470.9,3490.6,3480.75,0.0,0.0,0.0,0.0,0.0,0.7556,0.9995,0.0,0.0256,-0.0316,2.5232,3477.072,0.0,0.0,0.0,3456.69995117188,no_change,,0.0,0.0
SPXW,2026-09-14,24,Put,4200.0,SPXW260914P04200000,0.0,0.15,0.075,0.0,0.0,0.0,0.0,0.0,0.7056,-0.0004,0.0,0.0256,-0.0316,-0.0016,0.1223,0.0,0.0,0.0,0.125000001862645,no_change,,0.0,0.0
SPXW,2026-09-14,24,Call,4400.0,SPXW260914C04400000,3270.3,3291.1,3280.7,0.0,0.0,0.0,0.0,0.0,0.6946,0.9994,0.0,0.0306,-0.0354,2.6431,3277.6148,0.0,0.0,0.0,3257.14990234375,no_change,,0.0,0.0
SPXW,2026-09-14,24,Put,4400.0,SPXW260914P04400000,0.05,0.2,0.125,0.15,-0.025,-14.2857,1.0,5.0,0.6538,-0.0004,0.0,0.0306,-0.0354,-0.0019,0.1397,0.15,0.15,0.15,0.175000000745058,no_change,2026-08-21T11:47:38,0.0,0.0
SPXW,2026-09-14,24,Call,4600.0,SPXW260914C04600000,3067.7,3091.6,3079.6499999999996,0.0,0.0,0.0,0.0,0.0,0.6363,0.9993,0.0,0.0378,-0.041,2.7627,3078.1664,0.0,0.0,0.0,3057.80004882812,no_change,,0.0,0.0
SPXW,2026-09-14,24,Put,4600.0,SPXW260914P04600000,0.1,0.2,0.15000000000000002,0.2,0.0,0.0,0.0,204.0,0.6226,-0.0005,0.0,0.0378,-0.041,-0.0024,0.1659,0.0,0.0,0.0,0.225000008940697,down,2026-08-20T09:53:28,0.0,0.0
SPXW,2026-09-14,24,Call,4800.0,SPXW260914C04800000,2872.6,2892.2,2882.3999999999996,0.0,0.0,0.0,0.0,0.0,0.6017,0.9992,0.0,0.0483,-0.0494,2.8822,2878.732,0.0,0.0,0.0,2859.0,no_change,,0.0,0.0
SPXW,2026-09-14,24,Put,4800.0,SPXW260914P04800000,0.15,0.3,0.22499999999999998,0.32,0.0,0.0,0.0,41.0,0.5921,-0.0007,0.0,0.048,-0.049,-0.0031,0.2046,0.0,0.0,0.0,0.299999997019768,up,2026-08-18T10:30:03,0.0,0.0
SPXW,2026-09-14,24,Call,5000.0,SPXW260914C05000000,2669.1,2692.8,2680.95,2650.1,0.0,0.0,0.0,91.0,0.5483,0.9989,0.0,0.0642,-0.0617,3.0012,2679.3193,0.0,0.0,0.0,2660.84997558594,no_change,2026-08-20T15:58:41,0.0,0.0
SPXW,2026-09-14,24,Put,5000.0,SPXW260914P05000000,0.2,0.35,0.275,0.4,0.0,0.0,0.0,156.0,0.5568,-0.0009,0.0,0.064,-0.0615,-0.0042,0.2667,0.0,0.0,0.0,0.399999991059303,no_change,2026-08-20T14:15:51,0.0,0.0
SPXW,2026-09-14,24,Call,5200.0,SPXW260914C05200000,2469.7,2493.4,2481.55,0.0,0.0,0.0,0.0,0.0,0.5125,0.9986,0.0,0.0874,-0.0796,3.1196,2479.9382,0.0,0.0,0.0,2460.35009765625,no_change,,0.0,0.0
SPXW,2026-09-14,24,Put,5200.0,SPXW260914P05200000,0.3,0.45,0.375,0.42,-0.105,-20.0,22.0,94.0,0.5221,-0.0013,0.0,0.0872,-0.0794,-0.0059,0.3606,0.4,0.42,0.4,0.525000005960464,up,2026-08-21T15:32:50,0.0,0.0
SPXW,2026-09-14,24,Call,5400.0,SPXW260914C05400000,2270.3,2294.0,2282.15,0.0,0.0,0.0,0.0,0.0,0.4847,0.998,0.0,0.1214,-0.1042,3.2372,2280.6004,0.0,0.0,0.0,2260.75,no_change,,0.0,0.0
SPXW,2026-09-14,24,Put,5400.0,SPXW260914P05400000,0.45,0.6,0.525,0.52,-0.205,-28.2759,20.0,1611.0,0.487,-0.0019,0.0,0.1213,-0.1041,-0.0085,0.4979,0.52,0.52,0.52,0.724999994039536,down,2026-08-21T15:51:40,0.0,0.0
SPXW,2026-09-14,24,Call,5600.0,SPXW260914C05600000,2071.7,2094.6,2083.1499999999996,0.0,0.0,0.0,0.0,0.0,0.4442,0.9972,0.0,0.1692,-0.1367,3.3536,2081.3194,0.0,0.0,0.0,2063.25,no_change,,0.0,0.0
SPXW,2026-09-14,24,Put,5600.0,SPXW260914P05600000,0.6,0.75,0.675,0.75,-0.25,-25.0,50.0,822.0,0.4529,-0.0027,0.0,0.1692,-0.1367,-0.0123,0.692,0.74,0.75,0.74,0.999999970197678,up,2026-08-21T13:22:38,0.0,0.0
SPXW,2026-09-14,24,Call,5800.0,SPXW260914C05800000,1871.5,1895.2,1883.35,0.0,0.0,0.0,0.0,0.0,0.4147,0.996,0.0,0.235,-0.1779,3.4683,1882.1101,0.0,0.0,0.0,1862.89996337891,no_change,,0.0,0.0
SPXW,2026-09-14,24,Put,5800.0,SPXW260914P05800000,0.85,1.0,0.925,1.02,-0.355,-25.8182,100.0,694.0,0.4196,-0.0039,0.0,0.2352,-0.178,-0.0177,0.9576,1.0,1.02,1.0,1.375,up,2026-08-21T13:22:38,0.0,0.0
SPXW,2026-09-14,24,Call,5900.0,SPXW260914C05900000,1774.9,1795.8,1785.35,0.0,0.0,0.0,0.0,0.0,0.398,0.9952,0.0,0.2768,-0.2019,3.5249,1782.537,0.0,0.0,0.0,1763.54998779297,no_change,,0.0,0.0
SPXW,2026-09-14,24,Put,5900.0,SPXW260914P05900000,1.0,1.15,1.075,1.71,0.0,0.0,0.0,91.0,0.4027,-0.0046,0.0,0.2769,-0.202,-0.0212,1.1219,0.0,0.0,0.0,1.625,up,2026-08-18T11:16:25,0.0,0.0
SPXW,2026-09-14,24,Call,6000.0,SPXW260914C06000000,1672.3,1694.9,1683.6,0.0,0.0,0.0,0.0,0.0,0.3803,0.9943,0.0,0.3253,-0.2282,3.5807,1682.9883,0.0,0.0,0.0,1663.70001220703,no_change,,0.0,0.0
SPXW,2026-09-14,24,Put,6000.0,SPXW260914P06000000,1.2,1.3,1.25,1.45,0.0,0.0,0.0,231.0,0.3849,-0.0055,0.0,0.3254,-0.2283,-0.0255,1.3107,0.0,0.0,0.0,1.875,down,2026-08-19T09:35:53,0.0,0.0
SPXW,2026-09-14,24,Call,6100.0,SPXW260914C06100000,1572.7,1596.4,1584.5500000000002,0.0,0.0,0.0,0.0,0.0,0.3651,0.9932,0.0,0.3809,-0.257,3.6358,1583.467,0.0,0.0,0.0,1563.95001220703,no_change,,0.0,0.0
SPXW,2026-09-14,24,Put,6100.0,SPXW260914P06100000,1.4,1.55,1.475,1.43,-0.745,-34.2529,62.0,149.0,0.3678,-0.0066,0.0,0.381,-0.2571,-0.0304,1.5267,1.65,1.65,1.43,2.17499995231628,down,2026-08-21T15:47:50,0.0,0.0
SPXW,2026-09-14,24,Call,6200.0,SPXW260914C06200000,1474.2,1497.1,1485.65,0.0,0.0,0.0,0.0,0.0,0.3459,0.992,0.0,0.4465,-0.2882,3.69,1483.9761,0.0,0.0,0.0,1464.5,no_change,,0.0,0.0
SPXW,2026-09-14,24,Put,6200.0,SPXW260914P06200000,1.6,1.75,1.675,1.8,-0.725,-28.7129,70.0,1925.0,0.3511,-0.0079,0.0,0.4467,-0.2883,-0.0363,1.773,1.81,1.84,1.8,2.52499997615814,no_change,2026-08-21T15:11:30,0.0,0.0
SPXW,2026-09-14,24,Call,6300.0,SPXW260914C06300000,1374.0,1397.6,1385.8,0.0,0.0,0.0,0.0,0.0,0.3309,0.9904,0.0,0.523,-0.3221,3.7428,1384.5212,0.0,0.0,0.0,1366.14996337891,no_change,,0.0,0.0
SPXW,2026-09-14,24,Put,6300.0,SPXW260914P06300000,1.9,2.05,1.9749999999999999,1.98,-1.02,-34.0,460.0,879.0,0.3344,-0.0094,0.0,0.5232,-0.3221,-0.0435,2.0553,2.13,2.13,1.98,3.0,no_change,2026-08-21T16:09:34,0.0,0.0
SPXW,2026-09-14,24,Call,6400.0,SPXW260914C06400000,1275.3,1298.2,1286.75,0.0,0.0,0.0,0.0,0.0,0.3123,0.9886,0.0,0.612,-0.359,3.7944,1285.1098,0.0,0.0,0.0,1266.15002441406,no_change,,0.0,0.0
SPXW,2026-09-14,24,Put,6400.0,SPXW260914P06400000,2.2,2.35,2.2750000000000004,3.1,0.0,0.0,0.0,65.0,0.317,-0.0113,0.0,0.6121,-0.359,-0.0521,2.3809,0.0,0.0,0.0,3.5,down,2026-08-17T13:13:36,0.0,0.0
SPXW,2026-09-14,24,Call,6500.0,SPXW260914C06500000,1179.3,1198.9,1189.1,0.0,0.0,0.0,0.0,0.0,0.2964,0.9863,0.0001,0.7194,-0.3994,3.8439,1185.7524,0.0,0.0,0.0,1167.25,no_change,,0.0,0.0
SPXW,2026-09-14,24,Put,6500.0,SPXW260914P06500000,2.6,2.75,2.675,2.75,-1.35,-32.9268,1.0,201.0,0.2997,-0.0136,0.0001,0.7195,-0.3994,-0.0626,2.7607,2.75,2.75,2.75,4.09999990463257,down,2026-08-21T15:55:14,0.0,0.0
SPXW,2026-09-14,24,Call,6600.0,SPXW260914C06600000,1075.6,1098.6,1087.1,0.0,0.0,0.0,0.0,0.0,0.2788,0.9834,0.0001,0.8474,-0.4446,3.8907,1086.4693,0.0,0.0,0.0,1067.90002441406,no_change,,0.0,0.0
SPXW,2026-09-14,24,Put,6600.0,SPXW260914P06600000,3.1,3.3,3.2,3.2,-1.6,-33.3333,1.0,2110.0,0.2821,-0.0164,0.0001,0.8476,-0.4446,-0.0759,3.2147,3.2,3.2,3.2,4.79999995231628,down,2026-08-21T15:54:59,0.0,0.0
SPXW,2026-09-14,24,Call,6625.0,SPXW260914C06625000,1055.6,1074.8,1065.1999999999998,0.0,0.0,0.0,0.0,0.0,0.2746,0.9826,0.0001,0.8835,-0.4569,3.902,1061.6632,0.0,0.0,0.0,1043.15002441406,no_change,,0.0,0.0
SPXW,2026-09-14,24,Put,6625.0,SPXW260914P06625000,3.2,3.4,3.3,0.0,0.0,0.0,0.0,2.0,0.2779,-0.0173,0.0001,0.8836,-0.4568,-0.0796,3.343,0.0,0.0,0.0,5.0,no_change,,0.0,0.0
SPXW,2026-09-14,24,Call,6650.0,SPXW260914C06650000,1026.0,1050.0,1038.0,0.0,0.0,0.0,0.0,0.0,0.2702,0.9817,0.0001,0.9218,-0.4696,3.913,1036.8642,0.0,0.0,0.0,1018.39999389648,no_change,,0.0,0.0
SPXW,2026-09-14,24,Put,6650.0,SPXW260914P06650000,3.3,3.5,3.4,4.6,0.0,0.0,0.0,27.0,0.273,-0.0181,0.0001,0.9219,-0.4695,-0.0836,3.4782,0.0,0.0,0.0,5.20000004768372,down,2026-08-17T13:13:36,0.0,0.0
SPXW,2026-09-14,24,Call,6675.0,SPXW260914C06675000,1002.3,1025.2,1013.75,0.0,0.0,0.0,0.0,0.0,0.2658,0.9808,0.0001,0.9624,-0.4828,3.9237,1012.0728,0.0,0.0,0.0,993.699981689453,no_change,,0.0,0.0
SPXW,2026-09-14,24,Put,6675.0,SPXW260914P06675000,3.5,3.7,3.6,0.0,0.0,0.0,0.0,0.0,0.2692,-0.0191,0.0001,0.9626,-0.4827,-0.0879,3.6212,0.0,0.0,0.0,5.45000004768372,no_change,,0.0,0.0
SPXW,2026-09-14,24,Call,6700.0,SPXW260914C06700000,977.4,1000.4,988.9,0.0,0.0,0.0,0.0,0.0,0.2623,0.9798,0.0001,1.0057,-0.4965,3.9341,987.2899,0.0,0.0,0.0,969.0,no_change,,0.0,0.0
SPXW,2026-09-14,24,Put,6700.0,SPXW260914P06700000,3.6,3.9,3.75,3.62,-2.08,-36.4912,20.0,284.0,0.2641,-0.0201,0.0001,1.0062,-0.4965,-0.0926,3.7737,3.62,3.62,3.62,5.70000004768372,down,2026-08-21T15:48:41,0.0,0.0
SPXW,2026-09-14,24,Call,6725.0,SPXW260914C06725000,956.5,975.7,966.1,0.0,0.0,0.0,0.0,0.0,0.2577,0.9787,0.0001,1.0517,-0.5108,3.9442,962.5168,0.0,0.0,0.0,944.300018310547,no_change,,0.0,0.0
SPXW,2026-09-14,24,Put,6725.0,SPXW260914P06725000,3.8,4.0,3.9,5.4,0.0,0.0,0.0,4.0,0.26,-0.0212,0.0001,1.0522,-0.5108,-0.0976,3.935,0.0,0.0,0.0,5.95000004768372,down,2026-08-13T09:37:49,0.0,0.0
SPXW,2026-09-14,24,Call,6750.0,SPXW260914C06750000,926.9,950.9,938.9,0.0,0.0,0.0,0.0,0.0,0.2529,0.9776,0.0001,1.1002,-0.5257,3.9538,937.7544,0.0,0.0,0.0,919.949981689453,no_change,,0.0,0.0
SPXW,2026-09-14,24,Put,6750.0,SPXW260914P06750000,4.0,4.2,4.1,4.0,-2.2,-35.4839,5.0,82.0,0.2559,-0.0223,0.0001,1.1002,-0.5257,-0.1029,4.106,4.6,4.6,4.0,6.20000004768372,down,2026-08-21T15:51:37,0.0,0.0
SPXW,2026-09-14,24,Call,6775.0,SPXW260914C06775000,902.2,926.1,914.1500000000001,0.0,0.0,0.0,0.0,0.0,0.249,0.9763,0.0001,1.1515,-0.5414,3.963,913.0043,0.0,0.0,0.0,895.150024414062,no_change,,0.0,0.0
SPXW,2026-09-14,24,Put,6775.0,SPXW260914P06775000,4.2,4.4,4.300000000000001,4.2,-2.3,-35.3846,2.0,34.0,0.2516,-0.0235,0.0001,1.1515,-0.5414,-0.1087,4.2902,4.2,4.2,4.2,6.5,down,2026-08-21T15:52:00,0.0,0.0
SPXW,2026-09-14,24,Call,6800.0,SPXW260914C06800000,881.3,901.4,891.3499999999999,0.0,0.0,0.0,0.0,0.0,0.2441,0.975,0.0001,1.2057,-0.5579,3.9718,888.2678,0.0,0.0,0.0,870.799987792969,no_change,,0.0,0.0
SPXW,2026-09-14,24,Put,6800.0,SPXW260914P06800000,4.4,4.6,4.5,4.4,-2.45,-35.7664,23.0,454.0,0.2471,-0.0249,0.0001,1.2057,-0.5579,-0.115,4.488,4.6,4.6,4.4,6.84999990463257,no_change,2026-08-21T15:50:00,0.0,0.0
SPXW,2026-09-14,24,Call,6825.0,SPXW260914C06825000,852.7,875.7,864.2,0.0,0.0,0.0,0.0,0.0,0.24,0.9735,0.0001,1.2634,-0.5753,3.9801,863.5464,0.0,0.0,0.0,846.050018310547,no_change,,0.0,0.0
SPXW,2026-09-14,24,Put,6825.0,SPXW260914P06825000,4.6,4.8,4.699999999999999,4.8,-2.35,-32.8671,9.0,61.0,0.2425,-0.0263,0.0001,1.2634,-0.5753,-0.1216,4.7009,5.0,5.1,4.8,7.15000009536743,down,2026-08-21T15:55:03,0.0,0.0
SPXW,2026-09-14,24,Call,6850.0,SPXW260914C06850000,828.1,852.0,840.05,929.36,0.0,0.0,0.0,10.0,0.2357,0.972,0.0001,1.3255,-0.5937,3.988,838.8418,0.0,0.0,0.0,821.199981689453,down,2026-08-11T11:07:23,0.0,0.0
SPXW,2026-09-14,24,Put,6850.0,SPXW260914P06850000,4.8,5.0,4.9,4.95,-2.6,-34.4371,37.0,64.0,0.2379,-0.0279,0.0001,1.3255,-0.5937,-0.1288,4.9306,5.97,6.0,4.95,7.54999995231628,down,2026-08-21T16:13:40,0.0,0.0
SPXW,2026-09-14,24,Call,6875.0,SPXW260914C06875000,808.0,827.3,817.65,905.44,0.0,0.0,0.0,10.0,0.2313,0.9703,0.0001,1.3925,-0.6132,3.9952,814.1561,0.0,0.0,0.0,796.699981689453,up,2026-08-11T11:07:23,0.0,0.0
SPXW,2026-09-14,24,Put,6875.0,SPXW260914P06875000,5.1,5.3,5.199999999999999,5.4,-2.55,-32.0755,6.0,20.0,0.2335,-0.0296,0.0001,1.3925,-0.6132,-0.1366,5.1793,5.5,5.7,5.4,7.9500002861023,down,2026-08-21T15:17:19,0.0,0.0
SPXW,2026-09-14,24,Call,6900.0,SPXW260914C06900000,781.7,802.6,792.1500000000001,0.0,0.0,0.0,0.0,0.0,0.2275,0.9684,0.0002,1.4649,-0.6338,4.0016,789.492,0.0,0.0,0.0,772.199981689453,no_change,,0.0,0.0
SPXW,2026-09-14,24,Put,6900.0,SPXW260914P06900000,5.3,5.6,5.449999999999999,5.4,-2.95,-35.3293,56.0,192.0,0.2293,-0.0314,0.0002,1.4652,-0.6338,-0.1452,5.4499,6.57,6.6,5.4,8.34999990463257,down,2026-08-21T15:59:55,0.0,0.0
SPXW,2026-09-14,24,Call,6925.0,SPXW260914C06925000,754.4,778.0,766.2,0.0,0.0,0.0,0.0,0.0,0.2228,0.9664,0.0002,1.5425,-0.6558,4.0071,764.8525,0.0,0.0,0.0,747.899993896484,no_change,,0.0,0.0
SPXW,2026-09-14,24,Put,6925.0,SPXW260914P06925000,5.6,5.9,5.75,6.3,-2.5,-28.4091,4.0,48.0,0.225,-0.0335,0.0002,1.5425,-0.6558,-0.1547,5.7443,6.1,6.3,6.1,8.7999997138977,up,2026-08-21T12:07:28,0.0,0.0
SPXW,2026-09-14,24,Call,6950.0,SPXW260914C06950000,729.8,753.4,741.5999999999999,0.0,0.0,0.0,0.0,0.0,0.2187,0.9642,0.0002,1.6254,-0.6793,4.0117,740.241,0.0,0.0,0.0,723.399993896484,no_change,,0.0,0.0
SPXW,2026-09-14,24,Put,6950.0,SPXW260914P06950000,5.9,6.2,6.050000000000001,5.9,-3.4,-36.5591,9.0,149.0,0.2205,-0.0357,0.0002,1.6254,-0.6793,-0.1652,6.0672,6.8,6.8,5.9,9.2999997138977,down,2026-08-21T15:49:35,0.0,0.0
SPXW,2026-09-14,24,Call,6975.0,SPXW260914C06975000,708.0,728.8,718.4,0.0,0.0,0.0,0.0,0.0,0.2144,0.9617,0.0002,1.714,-0.7044,4.0153,715.6613,0.0,0.0,0.0,699.450012207031,no_change,,0.0,0.0
SPXW,2026-09-14,24,Put,6975.0,SPXW260914P06975000,6.3,6.5,6.4,6.7,-3.15,-31.9797,8.0,59.0,0.2159,-0.0381,0.0002,1.714,-0.7044,-0.1765,6.4218,6.8,7.0,6.7,9.84999990463257,down,2026-08-21T15:20:34,0.0,0.0
SPXW,2026-09-14,24,Call,7000.0,SPXW260914C07000000,680.2,702.4,691.3,714.57,0.0,0.0,0.0,1514.0,0.2105,0.9591,0.0002,1.8095,-0.7312,4.018,691.1172,0.0,0.0,0.0,674.5,down,2026-08-20T09:46:42,0.0,0.0
SPXW,2026-09-14,24,Put,7000.0,SPXW260914P07000000,6.6,6.9,6.75,6.81,-3.64,-34.8325,20.0,2186.0,0.2118,-0.0408,0.0002,1.8095,-0.7312,-0.1889,6.812,6.81,6.81,6.81,10.4500002861023,down,2026-08-21T15:39:49,0.0,0.0
SPXW,2026-09-14,24,Call,7025.0,SPXW260914C07025000,656.2,679.7,667.95,0.0,0.0,0.0,0.0,0.0,0.2064,0.9561,0.0002,1.9136,-0.7598,4.0194,666.613,0.0,0.0,0.0,650.199981689453,no_change,,0.0,0.0
SPXW,2026-09-14,24,Put,7025.0,SPXW260914P07025000,7.1,7.3,7.199999999999999,10.91,0.0,0.0,0.0,67.0,0.208,-0.0438,0.0002,1.9136,-0.7598,-0.2025,7.2421,0.0,0.0,0.0,11.0499997138977,no_change,2026-08-18T14:05:39,0.0,0.0
SPXW,2026-09-14,24,Call,7050.0,SPXW260914C07050000,636.3,655.2,645.75,665.82,0.0,0.0,0.0,13.0,0.2022,0.9528,0.0002,2.0272,-0.7905,4.0193,642.1543,0.0,0.0,0.0,626.0,down,2026-08-20T09:46:42,0.0,0.0
SPXW,2026-09-14,24,Put,7050.0,SPXW260914P07050000,7.5,7.8,7.65,7.51,-4.24,-36.0851,358.0,97.0,0.2037,-0.047,0.0002,2.0272,-0.7905,-0.2176,7.7177,9.14,9.35,7.51,11.75,no_change,2026-08-21T15:51:09,0.0,0.0
SPXW,2026-09-14,24,Call,7075.0,SPXW260914C07075000,610.2,630.8,620.5,0.0,0.0,0.0,0.0,0.0,0.1982,0.9492,0.0003,2.1496,-0.8234,4.0173,617.7478,0.0,0.0,0.0,601.899993896484,no_change,,0.0,0.0
SPXW,2026-09-14,24,Put,7075.0,SPXW260914P07075000,8.0,8.3,8.15,8.25,-4.3,-34.2629,159.0,43.0,0.1994,-0.0506,0.0003,2.1496,-0.8234,-0.2346,8.2456,9.78,9.85,8.25,12.5499997138977,down,2026-08-21T16:13:40,0.0,0.0
SPXW,2026-09-14,24,Call,7100.0,SPXW260914C07100000,582.5,605.6,594.05,447.89,0.0,0.0,0.0,2.0,0.1939,0.9452,0.0003,2.2806,-0.8587,4.0134,593.401,0.0,0.0,0.0,577.799987792969,no_change,2026-07-31T13:50:34,0.0,0.0
SPXW,2026-09-14,24,Put,7100.0,SPXW260914P07100000,8.6,8.9,8.75,8.53,-4.82,-36.1049,380.0,1765.0,0.1954,-0.0546,0.0003,2.2806,-0.8587,-0.2535,8.8331,10.38,10.65,8.4,13.3499999046326,no_change,2026-08-21T15:51:09,0.0,0.0
SPXW,2026-09-14,24,Call,7125.0,SPXW260914C07125000,562.6,582.1,572.35,616.52,0.0,0.0,0.0,5.0,0.1899,0.9408,0.0003,2.4214,-0.8964,4.0078,569.1212,0.0,0.0,0.0,553.700012207031,no_change,2026-08-19T14:57:29,0.0,0.0
SPXW,2026-09-14,24,Put,7125.0,SPXW260914P07125000,9.2,9.5,9.35,10.02,-4.23,-29.6842,158.0,110.0,0.1912,-0.0591,0.0003,2.4214,-0.8964,-0.2742,9.4876,11.16,11.25,9.85,14.25,up,2026-08-21T11:59:47,0.0,0.0
SPXW,2026-09-14,24,Call,7150.0,SPXW260914C07150000,534.0,557.0,545.5,592.34,0.0,0.0,0.0,4.0,0.1861,0.9358,0.0003,2.5752,-0.9368,4.0,544.9163,0.0,0.0,0.0,529.75,no_change,2026-08-19T14:57:29,0.0,0.0
SPXW,2026-09-14,24,Put,7150.0,SPXW260914P07150000,10.0,10.3,10.15,10.85,-4.4,-28.8525,79.0,249.0,0.1875,-0.064,0.0003,2.5752,-0.9368,-0.297,10.2171,11.61,11.9,10.8,15.25,up,2026-08-21T14:07:16,0.0,0.0
SPXW,2026-09-14,24,Call,7175.0,SPXW260914C07175000,514.8,533.8,524.3,552.57,0.0,0.0,0.0,4.0,0.1823,0.9303,0.0004,2.7428,-0.9797,3.9893,520.7967,0.0,0.0,0.0,505.949981689453,no_change,2026-08-18T15:06:24,0.0,0.0
SPXW,2026-09-14,24,Put,7175.0,SPXW260914P07175000,10.7,11.1,10.899999999999999,11.05,-5.4,-32.8267,50.0,49.0,0.1836,-0.0695,0.0004,2.7428,-0.9797,-0.3228,11.0318,12.4,12.8,11.05,16.4499998092651,down,2026-08-21T16:13:40,0.0,0.0
SPXW,2026-09-14,24,Call,7200.0,SPXW260914C07200000,490.4,509.7,500.04999999999995,503.4,21.1,4.37487,4.0,8.0,0.1786,0.9242,0.0004,2.9221,-1.0255,3.9752,496.7752,503.87,503.99,503.4,482.300003051758,down,2026-08-21T15:29:35,0.0,0.0
SPXW,2026-09-14,24,Put,7200.0,SPXW260914P07200000,11.6,12.0,11.8,11.5,-6.15,-34.8442,67.0,560.0,0.1796,-0.0757,0.0004,2.9221,-1.0255,-0.3518,11.9446,13.5,13.74,11.5,17.6499996185303,no_change,2026-08-21T15:46:00,0.0,0.0
SPXW,2026-09-14,24,Call,7225.0,SPXW260914C07225000,466.4,485.8,476.1,423.8,0.0,0.0,0.0,1.0,0.1746,0.9174,0.0004,3.113,-1.0741,3.9582,472.8645,0.0,0.0,0.0,458.299987792969,up,2026-08-03T12:05:46,0.0,0.0
SPXW,2026-09-14,24,Put,7225.0,SPXW260914P07225000,12.7,13.0,12.85,14.87,-4.18,-21.9423,1.0,106.0,0.1757,-0.0825,0.0004,3.113,-1.0741,-0.3839,12.9682,14.87,14.87,14.87,19.0500001907349,down,2026-08-21T10:25:10,0.0,0.0
SPXW,2026-09-14,24,Call,7250.0,SPXW260914C07250000,442.9,462.0,452.45,491.72,0.0,0.0,0.0,6.0,0.1711,0.9097,0.0005,3.3198,-1.1254,3.9379,449.0775,0.0,0.0,0.0,434.899993896484,up,2026-08-18T10:02:38,0.0,0.0
SPXW,2026-09-14,24,Put,7250.0,SPXW260914P07250000,13.8,14.1,13.95,14.95,-5.6,-27.2506,28.0,1169.0,0.172,-0.0901,0.0005,3.3198,-1.1254,-0.4192,14.1156,16.2,16.2,14.57,20.5500001907349,up,2026-08-21T14:30:33,0.0,0.0
SPXW,2026-09-14,24,Call,7275.0,SPXW260914C07275000,414.4,437.3,425.85,268.5,0.0,0.0,0.0,3.0,0.1673,0.9012,0.0005,3.5438,-1.1794,3.9128,425.4311,0.0,0.0,0.0,411.650009155273,down,2026-07-31T11:33:39,0.0,0.0
SPXW,2026-09-14,24,Put,7275.0,SPXW260914P07275000,15.1,15.4,15.25,16.25,-6.0,-26.9663,6.0,216.0,0.1681,-0.0987,0.0005,3.5438,-1.1794,-0.4593,15.4035,17.19,17.74,15.75,22.25,up,2026-08-21T14:30:33,0.0,0.0
SPXW,2026-09-14,24,Call,7300.0,SPXW260914C07300000,400.1,405.9,403.0,443.08,0.0,0.0,0.0,12.0,0.1636,0.8917,0.0006,3.7806,-1.2361,3.8826,401.9469,0.0,0.0,0.0,388.550003051758,up,2026-08-04T10:52:24,0.0,0.0
SPXW,2026-09-14,24,Put,7300.0,SPXW260914P07300000,16.5,16.8,16.65,16.34,-7.81,-32.3395,22.0,999.0,0.1646,-0.1082,0.0006,3.7806,-1.2361,-0.5045,16.8536,18.69,19.01,16.34,24.1499996185303,down,2026-08-21T15:39:37,0.0,0.0
SPXW,2026-09-14,24,Call,7325.0,SPXW260914C07325000,376.8,382.5,379.65,357.44,0.0,0.0,0.0,18.0,0.16,0.881,0.0006,4.0309,-1.2951,3.8481,378.6455,0.0,0.0,0.0,365.75,up,2026-08-03T15:34:45,0.0,0.0
SPXW,2026-09-14,24,Put,7325.0,SPXW260914P07325000,18.1,18.5,18.3,17.93,-8.27,-31.5649,35.0,360.0,0.161,-0.1188,0.0006,4.0309,-1.2951,-0.554,18.4866,20.8,21.15,17.93,26.1999998092651,down,2026-08-21T15:35:46,0.0,0.0
SPXW,2026-09-14,24,Call,7350.0,SPXW260914C07350000,353.7,359.4,356.54999999999995,307.4,0.0,0.0,0.0,2.0,0.1565,0.8691,0.0007,4.3005,-1.3562,3.8075,355.55,0.0,0.0,0.0,343.149993896484,up,2026-08-03T10:42:36,0.0,0.0
SPXW,2026-09-14,24,Put,7350.0,SPXW260914P07350000,19.9,20.3,20.1,19.35,-9.2,-32.2242,29.0,111.0,0.1574,-0.1307,0.0007,4.3005,-1.3562,-0.6096,20.3254,22.45,23.15,19.35,28.5500001907349,down,2026-08-21T15:44:51,0.0,0.0
SPXW,2026-09-14,24,Call,7360.0,SPXW260914C07360000,344.2,350.2,347.2,0.0,0.0,0.0,0.0,0.0,0.1552,0.864,0.0007,4.4129,-1.3811,3.789,346.3766,0.0,0.0,0.0,0.0,no_change,,0.0,0.0
SPXW,2026-09-14,24,Put,7360.0,SPXW260914P07360000,20.7,21.1,20.9,0.0,0.0,0.0,0.0,0.0,0.1559,-0.1358,0.0007,4.4129,-1.3811,-0.6341,21.1257,0.0,0.0,0.0,0.0,no_change,,0.0,0.0
SPXW,2026-09-14,24,Call,7370.0,SPXW260914C07370000,335.3,341.0,338.15,0.0,0.0,0.0,0.0,0.0,0.1536,0.8586,0.0007,4.5266,-1.4062,3.7694,337.2438,0.0,0.0,0.0,0.0,no_change,,0.0,0.0
SPXW,2026-09-14,24,Put,7370.0,SPXW260914P07370000,21.6,21.9,21.75,22.15,22.15,0.0,2.0,0.0,0.1545,-0.1412,0.0007,4.5266,-1.4062,-0.6597,21.9666,22.29,22.29,22.15,0.0,down,2026-08-21T13:18:59,0.0,0.0
SPXW,2026-09-14,24,Call,7375.0,SPXW260914C07375000,330.7,336.5,333.6,0.0,0.0,0.0,0.0,0.0,0.1531,0.8558,0.0008,4.584,-1.4189,3.7592,332.6932,0.0,0.0,0.0,320.850006103516,no_change,,0.0,0.0
SPXW,2026-09-14,24,Put,7375.0,SPXW260914P07375000,22.0,22.4,22.2,21.93,-9.22,-29.5987,380.0,165.0,0.1537,-0.144,0.0008,4.584,-1.4189,-0.6729,22.4029,24.28,25.32,21.93,31.1499996185303,down,2026-08-21T15:31:29,0.0,0.0
SPXW,2026-09-14,24,Call,7380.0,SPXW260914C07380000,326.0,331.9,328.95,0.0,0.0,0.0,0.0,0.0,0.1524,0.853,0.0008,4.6417,-1.4316,3.7488,328.1535,0.0,0.0,0.0,0.0,no_change,,0.0,0.0
SPXW,2026-09-14,24,Put,7380.0,SPXW260914P07380000,22.4,22.8,22.6,26.2,26.2,0.0,2.0,0.0,0.1531,-0.1468,0.0008,4.6417,-1.4316,-0.6863,22.8501,25.6,26.2,25.6,0.0,up,2026-08-21T10:36:12,0.0,0.0
SPXW,2026-09-14,24,Call,7390.0,SPXW260914C07390000,317.0,322.8,319.9,381.23,0.0,0.0,0.0,1.0,0.1509,0.8471,0.0008,4.7584,-1.4571,3.7274,319.1078,0.0,0.0,0.0,307.599990844727,up,2026-08-19T11:16:04,0.0,0.0
SPXW,2026-09-14,24,Put,7390.0,SPXW260914P07390000,23.4,23.7,23.549999999999997,27.1,-5.75,-17.5038,8.0,38.0,0.1516,-0.1527,0.0008,4.7584,-1.4571,-0.7138,23.7781,27.09,27.1,27.09,32.8500003814697,up,2026-08-21T09:39:31,0.0,0.0
SPXW,2026-09-14,24,Call,7400.0,SPXW260914C07400000,308.0,313.8,310.9,304.23,5.43,1.81727,1.0,5.0,0.1495,0.841,0.0008,4.8776,-1.4828,3.7049,310.1085,304.23,304.23,304.23,298.800003051758,down,2026-08-21T10:45:46,0.0,0.0
SPXW,2026-09-14,24,Put,7400.0,SPXW260914P07400000,24.3,24.7,24.5,24.8,-9.25,-27.1659,44.0,177.0,0.1503,-0.1588,0.0008,4.8776,-1.4828,-0.7423,24.7525,27.41,28.47,24.17,34.0500011444092,up,2026-08-21T16:13:40,0.0,0.0
SPXW,2026-09-14,24,Call,7410.0,SPXW260914C07410000,299.0,304.8,301.9,0.0,0.0,0.0,0.0,0.0,0.1482,0.8346,0.0008,5.0,-1.5085,3.681,301.158,0.0,0.0,0.0,290.099990844727,no_change,,0.0,0.0
SPXW,2026-09-14,24,Put,7410.0,SPXW260914P07410000,25.3,25.7,25.5,34.83,0.0,0.0,0.0,28.0,0.1488,-0.1653,0.0008,5.0,-1.5085,-0.7722,25.7758,0.0,0.0,0.0,35.2999992370606,down,2026-08-20T15:36:46,0.0,0.0
SPXW,2026-09-14,24,Call,7420.0,SPXW260914C07420000,290.1,295.9,293.0,354.25,0.0,0.0,0.0,1.0,0.1468,0.8279,0.0009,5.1252,-1.5343,3.6554,292.2595,0.0,0.0,0.0,281.450012207031,up,2026-08-19T11:16:04,0.0,0.0
SPXW,2026-09-14,24,Put,7420.0,SPXW260914P07420000,26.4,26.8,26.6,35.65,0.0,0.0,0.0,5.0,0.1475,-0.172,0.0009,5.1252,-1.5343,-0.8038,26.851,0.0,0.0,0.0,36.6000003814697,up,2026-08-20T14:49:49,0.0,0.0
SPXW,2026-09-14,24,Call,7425.0,SPXW260914C07425000,285.8,291.5,288.65,374.55,0.0,0.0,0.0,33.0,0.1462,0.8244,0.0009,5.1886,-1.5471,3.642,287.8308,0.0,0.0,0.0,277.149993896484,up,2026-08-12T10:42:42,0.0,0.0
SPXW,2026-09-14,24,Put,7425.0,SPXW260914P07425000,27.0,27.4,27.2,28.4,-8.9,-23.8606,1.0,207.0,0.1468,-0.1754,0.0009,5.1886,-1.5471,-0.8202,27.4092,28.4,28.4,28.4,37.2999992370606,up,2026-08-21T11:19:12,0.0,0.0
SPXW,2026-09-14,24,Call,7430.0,SPXW260914C07430000,281.3,287.1,284.20000000000005,0.0,0.0,0.0,0.0,0.0,0.1455,0.8209,0.0009,5.2522,-1.56,3.628,283.4164,0.0,0.0,0.0,272.800003051758,no_change,,0.0,0.0
SPXW,2026-09-14,24,Put,7430.0,SPXW260914P07430000,27.5,27.9,27.7,27.6,-10.4,-27.3684,1.0,1.0,0.146,-0.179,0.0009,5.2522,-1.56,-0.8371,27.9817,27.6,27.6,27.6,38.0,down,2026-08-21T15:53:05,0.0,0.0
SPXW,2026-09-14,24,Call,7440.0,SPXW260914C07440000,272.5,278.2,275.35,0.0,0.0,0.0,0.0,0.0,0.1441,0.8136,0.0009,5.3797,-1.5856,3.5991,274.6323,0.0,0.0,0.0,264.300003051758,no_change,,0.0,0.0
SPXW,2026-09-14,24,Put,7440.0,SPXW260914P07440000,28.7,29.1,28.9,30.07,-9.33,-23.6802,2.0,4.0,0.1446,-0.1863,0.0009,5.3797,-1.5856,-0.8721,29.1712,30.15,30.15,30.07,39.3999996185303,down,2026-08-21T14:16:01,0.0,0.0
SPXW,2026-09-14,24,Call,7450.0,SPXW260914C07450000,263.8,269.5,266.65,259.35,0.0,0.0,0.0,11.0,0.1428,0.8059,0.001,5.5072,-1.611,3.5689,265.91,0.0,0.0,0.0,255.800003051758,down,2026-08-20T15:22:46,0.0,0.0
SPXW,2026-09-14,24,Put,7450.0,SPXW260914P07450000,30.0,30.4,30.2,30.0,-10.9,-26.6504,7.0,173.0,0.1433,-0.1939,0.001,5.5072,-1.611,-0.9083,30.4227,33.8,33.8,29.77,40.8999996185303,up,2026-08-21T15:53:05,0.0,0.0
SPXW,2026-09-14,24,Call,7460.0,SPXW260914C07460000,255.2,260.8,258.0,290.28,0.0,0.0,0.0,1.0,0.1414,0.798,0.001,5.6352,-1.6361,3.5376,257.2522,0.0,0.0,0.0,247.400001525879,up,2026-08-18T11:01:02,0.0,0.0
SPXW,2026-09-14,24,Put,7460.0,SPXW260914P07460000,31.3,31.7,31.5,31.3,-11.15,-26.2662,4.0,5.0,0.1419,-0.2019,0.001,5.6352,-1.6361,-0.9457,31.7386,34.89,34.89,31.3,42.4499988555908,down,2026-08-21T15:53:05,0.0,0.0
SPXW,2026-09-14,24,Call,7470.0,SPXW260914C07470000,246.6,252.2,249.39999999999998,242.97,0.0,0.0,0.0,2.0,0.14,0.7896,0.001,5.7648,-1.6609,3.5048,248.6616,0.0,0.0,0.0,239.049995422363,down,2026-08-20T15:28:55,0.0,0.0
SPXW,2026-09-14,24,Put,7470.0,SPXW260914P07470000,32.6,33.0,32.8,32.37,-11.73,-26.5986,1.0,1.0,0.1406,-0.2102,0.001,5.7648,-1.6609,-0.9844,33.1218,32.37,32.37,32.37,44.1000003814697,down,2026-08-21T14:59:56,0.0,0.0
SPXW,2026-09-14,24,Call,7475.0,SPXW260914C07475000,242.3,247.9,245.10000000000002,236.66,0.0,0.0,0.0,22.0,0.1392,0.7853,0.0011,5.8304,-1.6732,3.4876,244.3927,0.0,0.0,0.0,234.900001525879,down,2026-08-20T15:31:55,0.0,0.0
SPXW,2026-09-14,24,Put,7475.0,SPXW260914P07475000,33.4,33.8,33.599999999999994,34.65,-10.25,-22.8285,6.0,308.0,0.1399,-0.2145,0.0011,5.8304,-1.6732,-1.0046,33.8397,35.91,38.02,32.4,44.8999996185303,up,2026-08-21T14:17:10,0.0,0.0
SPXW,2026-09-14,24,Call,7480.0,SPXW260914C07480000,238.1,243.6,240.85,0.0,0.0,0.0,0.0,0.0,0.1387,0.781,0.0011,5.8964,-1.6853,3.47,240.1421,0.0,0.0,0.0,230.949996948242,no_change,,0.0,0.0
SPXW,2026-09-14,24,Put,7480.0,SPXW260914P07480000,34.1,34.5,34.3,34.22,-11.58,-25.2838,13.0,13.0,0.1392,-0.2189,0.0011,5.8964,-1.6853,-1.0253,34.576,37.03,37.03,34.22,45.7999992370606,down,2026-08-21T15:55:55,0.0,0.0
SPXW,2026-09-14,24,Call,7490.0,SPXW260914C07490000,229.7,235.2,232.45,0.0,0.0,0.0,0.0,0.0,0.1374,0.7719,0.0011,6.029,-1.7092,3.4328,231.6983,0.0,0.0,0.0,222.75,no_change,,0.0,0.0
SPXW,2026-09-14,24,Put,7490.0,SPXW260914P07490000,35.6,36.0,35.8,35.6,-11.9,-25.0526,1.0,9.0,0.1379,-0.228,0.0011,6.029,-1.7092,-1.0685,36.1059,35.6,35.6,35.6,47.5,down,2026-08-21T12:21:22,0.0,0.0
SPXW,2026-09-14,24,Call,7500.0,SPXW260914C07500000,221.3,226.8,224.05,218.23,3.58,1.66783,1.0,30.0,0.136,0.7624,0.0012,6.1608,-1.7323,3.3935,223.3351,218.23,218.23,218.23,214.650001525879,up,2026-08-21T10:45:46,0.0,0.0
SPXW,2026-09-14,24,Put,7500.0,SPXW260914P07500000,37.2,37.6,37.400000000000006,37.52,-11.88,-24.0486,49.0,5117.0,0.1365,-0.2374,0.0012,6.1608,-1.7323,-1.1138,37.7164,42.07,42.41,35.95,49.3999996185303,down,2026-08-21T16:12:39,0.0,0.0
SPXW,2026-09-14,24,Call,7510.0,SPXW260914C07510000,213.0,218.4,215.7,227.87,0.0,0.0,0.0,2.0,0.1346,0.7526,0.0012,6.2903,-1.7547,3.3526,215.0563,0.0,0.0,0.0,206.599998474121,down,2026-08-20T12:27:11,0.0,0.0
SPXW,2026-09-14,24,Put,7510.0,SPXW260914P07510000,38.9,39.3,39.099999999999994,38.8,-12.55,-24.4401,7.0,18.0,0.1352,-0.2473,0.0012,6.2903,-1.7547,-1.1606,39.4114,42.76,42.8,38.8,51.3499984741211,down,2026-08-21T15:53:05,0.0,0.0
SPXW,2026-09-14,24,Call,7520.0,SPXW260914C07520000,204.9,210.2,207.55,0.0,0.0,0.0,0.0,0.0,0.1333,0.7423,0.0012,6.418,-1.7763,3.3105,206.8654,0.0,0.0,0.0,198.399993896484,no_change,,0.0,0.0
SPXW,2026-09-14,24,Put,7520.0,SPXW260914P07520000,40.6,41.1,40.85,44.82,0.0,0.0,0.0,16.0,0.1338,-0.2575,0.0012,6.418,-1.7763,-1.2088,41.1942,0.0,0.0,0.0,53.3999996185303,down,2026-08-18T14:23:06,0.0,0.0
SPXW,2026-09-14,24,Call,7525.0,SPXW260914C07525000,200.8,206.1,203.45,297.57,0.0,0.0,0.0,26.0,0.1327,0.737,0.0012,6.4815,-1.7867,3.2888,202.8039,0.0,0.0,0.0,194.400001525879,down,2026-08-17T12:34:09,0.0,0.0
SPXW,2026-09-14,24,Put,7525.0,SPXW260914P07525000,41.6,42.0,41.8,42.8,-11.6,-21.3235,22.0,1052.0,0.1332,-0.2628,0.0012,6.4815,-1.7867,-1.2334,42.1196,43.1,43.1,41.95,54.3999996185303,no_change,2026-08-21T14:13:40,0.0,0.0
SPXW,2026-09-14,24,Call,7530.0,SPXW260914C07530000,196.7,202.0,199.35,0.0,0.0,0.0,0.0,0.0,0.132,0.7316,0.0013,6.545,-1.7968,3.2666,198.7658,0.0,0.0,0.0,190.900001525879,no_change,,0.0,0.0
SPXW,2026-09-14,24,Put,7530.0,SPXW260914P07530000,42.5,42.9,42.7,42.62,-12.88,-23.2072,3.0,14.0,0.1325,-0.2682,0.0013,6.545,-1.7968,-1.2587,43.0683,40.8,42.62,40.8,55.5,up,2026-08-21T15:10:04,0.0,0.0
SPXW,2026-09-14,24,Call,7540.0,SPXW260914C07540000,188.8,194.0,191.4,227.94,0.0,0.0,0.0,1.0,0.1306,0.7205,0.0013,6.6717,-1.8162,3.22,190.7626,0.0,0.0,0.0,183.099998474121,up,2026-08-19T15:41:46,0.0,0.0
SPXW,2026-09-14,24,Put,7540.0,SPXW260914P07540000,44.4,44.9,44.65,44.3,-13.4,-23.2236,2.0,1.0,0.1311,-0.2793,0.0013,6.6717,-1.8162,-1.3113,45.0389,49.76,49.76,44.3,57.7000007629394,down,2026-08-21T15:53:05,0.0,0.0
SPXW,2026-09-14,24,Call,7550.0,SPXW260914C07550000,180.8,186.0,183.4,179.86,4.36,2.48433,1.0,63.0,0.1293,0.709,0.0013,6.7964,-1.8342,3.1706,182.8622,179.86,179.86,179.86,175.5,down,2026-08-21T10:46:23,0.0,0.0
SPXW,2026-09-14,24,Put,7550.0,SPXW260914P07550000,46.5,46.9,46.7,48.2,-11.8,-19.6667,15.0,178.0,0.1298,-0.2909,0.0013,6.7964,-1.8342,-1.3667,47.1121,44.42,48.54,44.42,60.0,down,2026-08-21T14:36:49,0.0,0.0
SPXW,2026-09-14,24,Call,7560.0,SPXW260914C07560000,173.0,178.2,175.6,0.0,0.0,0.0,0.0,0.0,0.128,0.697,0.0014,6.9167,-1.8508,3.119,175.0701,0.0,0.0,0.0,167.900001525879,no_change,,0.0,0.0
SPXW,2026-09-14,24,Put,7560.0,SPXW260914P07560000,48.6,49.1,48.85,48.08,-14.32,-22.9487,6.0,2.0,0.1285,-0.3029,0.0014,6.9167,-1.8508,-1.4243,49.2939,53.01,53.23,47.66,62.3999996185303,up,2026-08-21T15:26:38,0.0,0.0
SPXW,2026-09-14,24,Call,7570.0,SPXW260914C07570000,167.8,168.3,168.05,164.52,4.02,2.50467,6.0,0.0,0.1274,0.6845,0.0014,7.0317,-1.8657,3.0662,167.3908,164.0,164.52,162.2,160.5,up,2026-08-21T10:46:23,0.0,0.0
SPXW,2026-09-14,24,Put,7570.0,SPXW260914P07570000,50.9,51.3,51.099999999999994,50.22,-14.78,-22.7385,1.0,10.0,0.1272,-0.3154,0.0014,7.0317,-1.8657,-1.4831,51.5883,50.22,50.22,50.22,65.0,down,2026-08-21T12:11:33,0.0,0.0
SPXW,2026-09-14,24,Call,7575.0,SPXW260914C07575000,164.0,164.6,164.3,160.4,3.6,2.29592,4.0,135.0,0.1266,0.6781,0.0014,7.0874,-1.8725,3.0391,163.5946,160.4,160.4,160.4,156.800003051758,down,2026-08-21T09:52:20,0.0,0.0
SPXW,2026-09-14,24,Put,7575.0,SPXW260914P07575000,52.1,52.5,52.3,50.45,-15.85,-23.9065,19.0,230.0,0.1266,-0.3218,0.0014,7.0874,-1.8725,-1.5132,52.7789,57.96,57.96,49.6,66.2999992370606,down,2026-08-21T15:37:56,0.0,0.0
SPXW,2026-09-14,24,Call,7580.0,SPXW260914C07580000,160.2,160.7,160.45,158.6,5.4,3.52481,3.0,0.0,0.1259,0.6716,0.0015,7.1422,-1.8789,3.0116,159.8281,158.6,158.6,158.6,153.199996948242,up,2026-08-21T09:33:19,0.0,0.0
SPXW,2026-09-14,24,Put,7580.0,SPXW260914P07580000,53.3,53.7,53.5,52.77,-14.83,-21.9379,7.0,57.0,0.1259,-0.3283,0.0015,7.1422,-1.8789,-1.5437,53.9993,59.27,59.27,52.22,67.6000022888184,up,2026-08-21T15:22:30,0.0,0.0
SPXW,2026-09-14,24,Call,7590.0,SPXW260914C07590000,152.6,153.2,152.89999999999998,157.15,11.15,7.63699,4.0,7.0,0.1247,0.6582,0.0015,7.249,-1.8901,2.9542,152.3877,158.12,158.14,157.14,146.0,up,2026-08-21T15:29:35,0.0,0.0
SPXW,2026-09-14,24,Put,7590.0,SPXW260914P07590000,55.8,56.2,56.0,54.85,-15.55,-22.0881,3.0,246.0,0.1246,-0.3417,0.0015,7.249,-1.8901,-1.6071,56.5327,54.63,55.1,54.63,70.3999977111816,down,2026-08-21T15:55:00,0.0,0.0
SPXW,2026-09-14,24,Call,7600.0,SPXW260914C07600000,145.4,145.9,145.65,146.05,7.15,5.14759,5.0,90.0,0.1234,0.6443,0.0015,7.3506,-1.8992,2.8935,145.0775,146.05,146.05,146.05,138.900001525879,down,2026-08-21T09:41:40,0.0,0.0
SPXW,2026-09-14,24,Put,7600.0,SPXW260914P07600000,58.4,58.9,58.65,57.45,-15.85,-21.6235,35.0,226.0,0.1233,-0.3555,0.0015,7.3506,-1.8992,-1.6739,59.1962,63.62,65.6,56.28,73.2999992370606,down,2026-08-21T15:55:00,0.0,0.0
SPXW,2026-09-14,24,Call,7610.0,SPXW260914C07610000,138.2,138.7,138.45,168.48,0.0,0.0,0.0,2.0,0.1222,0.63,0.0016,7.4446,-1.906,2.8306,137.9047,0.0,0.0,0.0,132.0,down,2026-08-18T14:57:30,0.0,0.0
SPXW,2026-09-14,24,Put,7610.0,SPXW260914P07610000,61.2,61.7,61.45,60.0,-16.4,-21.466,13.0,56.0,0.122,-0.3699,0.0016,7.4446,-1.906,-1.7428,61.997,64.99,64.99,59.6,76.3999977111816,up,2026-08-21T15:31:27,0.0,0.0
SPXW,2026-09-14,24,Call,7620.0,SPXW260914C07620000,131.1,131.6,131.35,165.45,0.0,0.0,0.0,1.0,0.1209,0.6151,0.0016,7.5295,-1.9103,2.7665,130.8741,0.0,0.0,0.0,125.299999237061,down,2026-08-18T13:20:56,0.0,0.0
SPXW,2026-09-14,24,Put,7620.0,SPXW260914P07620000,64.1,64.6,64.35,64.44,-15.16,-19.0452,19.0,35.0,0.1208,-0.3847,0.0016,7.5295,-1.9103,-1.8128,64.9402,68.7,70.5,63.89,79.6000022888184,up,2026-08-21T16:01:08,0.0,0.0
SPXW,2026-09-14,24,Call,7625.0,SPXW260914C07625000,127.6,128.2,127.89999999999999,123.2,1.3,1.06645,2.0,11.0,0.1203,0.6075,0.0016,7.5688,-1.9114,2.7339,127.4136,123.2,123.2,123.2,121.899997711182,no_change,2026-08-21T10:36:12,0.0,0.0
SPXW,2026-09-14,24,Put,7625.0,SPXW260914P07625000,65.6,66.1,65.85,63.4,-17.85,-21.9692,28.0,208.0,0.1201,-0.3923,0.0016,7.5688,-1.9114,-1.8485,66.4666,68.7,68.7,61.87,81.25,down,2026-08-21T15:38:41,0.0,0.0
SPXW,2026-09-14,24,Call,7630.0,SPXW260914C07630000,124.2,124.8,124.5,128.52,9.92,8.36425,5.0,1.0,0.1197,0.5998,0.0016,7.6061,-1.912,2.7006,123.9907,121.7,128.52,121.7,118.600002288818,no_change,2026-08-21T15:11:07,0.0,0.0
SPXW,2026-09-14,24,Put,7630.0,SPXW260914P07630000,67.2,67.7,67.45,63.42,-19.43,-23.452,4.0,15.0,0.1196,-0.4,0.0016,7.6061,-1.912,-1.8848,68.0306,74.0,74.2,63.42,82.8499984741211,down,2026-08-21T11:57:00,0.0,0.0
SPXW,2026-09-14,24,Call,7640.0,SPXW260914C07640000,117.5,118.0,117.75,113.2,1.1,0.981265,1.0,4.0,0.1185,0.5841,0.0017,7.6744,-1.9109,2.6313,117.2623,113.2,113.2,113.2,112.100002288818,down,2026-08-21T10:36:12,0.0,0.0
SPXW,2026-09-14,24,Put,7640.0,SPXW260914P07640000,70.4,70.9,70.65,67.5,-18.9,-21.875,7.0,21.0,0.1183,-0.4158,0.0017,7.6744,-1.9109,-1.96,71.2759,69.8,70.5,67.5,86.3999977111816,down,2026-08-21T15:44:20,0.0,0.0
SPXW,2026-09-14,24,Call,7650.0,SPXW260914C07650000,110.9,111.4,111.15,115.04,9.14,8.63079,40.0,10.0,0.1172,0.5678,0.0017,7.7325,-1.9068,2.559,110.6985,109.3,122.3,106.8,105.899997711182,no_change,2026-08-21T15:11:07,0.0,0.0
SPXW,2026-09-14,24,Put,7650.0,SPXW260914P07650000,73.8,74.3,74.05,74.19,-15.96,-17.7038,71.0,140.0,0.1171,-0.432,0.0017,7.7325,-1.9068,-2.0384,74.6858,78.2,81.2,70.4,90.1500015258789,up,2026-08-21T16:12:39,0.0,0.0
SPXW,2026-09-14,24,Call,7660.0,SPXW260914C07660000,104.5,105.0,104.75,100.31,0.56,0.561404,6.0,4.0,0.116,0.5512,0.0017,7.7786,-1.8996,2.4854,104.3065,100.35,100.35,100.31,99.75,down,2026-08-21T10:41:20,0.0,0.0
SPXW,2026-09-14,24,Put,7660.0,SPXW260914P07660000,77.4,77.8,77.6,74.07,-19.78,-21.0762,23.0,36.0,0.1159,-0.4487,0.0017,7.7786,-1.8996,-2.1179,78.2675,83.4,85.0,73.83,93.8499984741211,down,2026-08-21T15:47:13,0.0,0.0
SPXW,2026-09-14,24,Call,7670.0,SPXW260914C07670000,98.2,98.8,98.5,103.86,10.16,10.8431,25.0,5.0,0.1148,0.5341,0.0018,7.8121,-1.8893,2.411,98.0909,96.3,103.86,94.8,93.7000007629394,up,2026-08-21T15:45:54,0.0,0.0
SPXW,2026-09-14,24,Put,7670.0,SPXW260914P07670000,81.1,81.6,81.35,77.8,-20.1,-20.5312,31.0,130.0,0.1147,-0.4657,0.0018,7.8121,-1.8893,-2.1984,82.0257,88.47,89.3,77.8,97.8999977111816,down,2026-08-21T15:44:20,0.0,0.0
SPXW,2026-09-14,24,Call,7675.0,SPXW260914C07675000,95.2,95.7,95.45,98.37,7.57,8.33701,22.0,25.0,0.1142,0.5254,0.0018,7.8241,-1.8829,2.3728,95.0514,96.2,98.7,91.0,90.7999992370606,no_change,2026-08-21T15:28:15,0.0,0.0
SPXW,2026-09-14,24,Put,7675.0,SPXW260914P07675000,83.1,83.5,83.3,80.35,-19.65,-19.65,33.0,354.0,0.1141,-0.4744,0.0018,7.8241,-1.8829,-2.2396,83.973,88.43,88.43,77.1,100.0,no_change,2026-08-21T15:38:52,0.0,0.0
SPXW,2026-09-14,24,Call,7680.0,SPXW260914C07680000,92.2,92.7,92.45,98.33,10.38,11.8022,15.0,7.0,0.1136,0.5166,0.0018,7.8328,-1.8756,2.3337,92.0591,88.1,98.33,88.1,87.9499969482422,up,2026-08-21T15:44:13,0.0,0.0
SPXW,2026-09-14,24,Put,7680.0,SPXW260914P07680000,85.0,85.5,85.25,85.22,-16.88,-16.5328,130.0,98.0,0.1135,-0.4832,0.0018,7.8328,-1.8756,-2.2817,85.9675,90.12,92.8,81.6,102.100002288818,up,2026-08-21T15:53:02,0.0,0.0
SPXW,2026-09-14,24,Call,7690.0,SPXW260914C07690000,86.4,86.9,86.65,91.68,9.28,11.2621,13.0,13.0,0.1125,0.4988,0.0018,7.8395,-1.8585,2.2533,86.2211,82.4,95.9,82.4,82.3999977111816,down,2026-08-21T15:45:54,0.0,0.0
SPXW,2026-09-14,24,Put,7690.0,SPXW260914P07690000,89.2,89.7,89.45,87.0,-19.45,-18.2715,7.0,64.0,0.1124,-0.501,0.0018,7.8395,-1.8585,-2.3681,90.1034,90.2,90.2,83.6,106.449996948242,up,2026-08-21T15:51:01,0.0,0.0
SPXW,2026-09-14,24,Call,7700.0,SPXW260914C07700000,80.7,81.2,80.95,85.7,8.7,11.2987,28.0,307.0,0.1114,0.4806,0.0018,7.8313,-1.8379,2.1721,80.5847,77.4,95.6,77.3,77.0,down,2026-08-21T15:44:30,0.0,0.0
SPXW,2026-09-14,24,Put,7700.0,SPXW260914P07700000,93.5,94.0,93.75,93.52,-17.53,-15.7857,24.0,547.0,0.1113,-0.5192,0.0018,7.8313,-1.8379,-2.4553,94.4407,98.8,101.8,86.7,111.050003051758,down,2026-08-21T15:53:02,0.0,0.0
SPXW,2026-09-14,24,Call,7710.0,SPXW260914C07710000,75.3,75.8,75.55,76.61,4.81,6.69917,5.0,47.0,0.1103,0.4622,0.0018,7.8079,-1.8138,2.0908,75.1532,79.9,79.9,76.61,71.7999992370606,down,2026-08-21T13:36:11,0.0,0.0
SPXW,2026-09-14,24,Put,7710.0,SPXW260914P07710000,98.0,98.5,98.25,96.75,-19.15,-16.5229,67.0,151.0,0.1102,-0.5377,0.0018,7.8079,-1.8138,-2.5426,98.9829,103.7,103.7,96.75,115.899997711182,down,2026-08-21T15:19:42,0.0,0.0
SPXW,2026-09-14,24,Call,7720.0,SPXW260914C07720000,70.0,70.6,70.3,73.5,6.7,10.0299,5.0,75.0,0.1093,0.4435,0.0018,7.7681,-1.7862,2.0073,69.932,67.02,78.8,67.02,66.7999992370606,no_change,2026-08-21T15:10:43,0.0,0.0
SPXW,2026-09-14,24,Put,7720.0,SPXW260914P07720000,102.8,103.3,103.05,101.4,-19.5,-16.129,3.0,84.0,0.1092,-0.5564,0.0018,7.7681,-1.7862,-2.6321,103.7354,101.4,101.4,101.4,120.899997711182,down,2026-08-21T15:19:42,0.0,0.0
SPXW,2026-09-14,24,Call,7725.0,SPXW260914C07725000,67.5,68.0,67.75,72.1,7.7,11.9565,24.0,288.0,0.1088,0.4341,0.0018,7.7415,-1.771,1.9645,67.403,65.03,72.1,64.4,64.3999977111816,up,2026-08-21T15:44:30,0.0,0.0
SPXW,2026-09-14,24,Put,7725.0,SPXW260914P07725000,105.2,105.7,105.45,106.0,-17.5,-14.17,3.0,311.0,0.1087,-0.5658,0.0018,7.7415,-1.771,-2.6779,106.1933,112.91,112.91,106.0,123.5,no_change,2026-08-21T11:09:35,0.0,0.0
SPXW,2026-09-14,24,Call,7730.0,SPXW260914C07730000,65.1,65.5,65.3,69.76,7.76,12.5161,1.0,79.0,0.1083,0.4246,0.0018,7.7106,-1.755,1.9215,64.9294,69.76,69.76,69.76,62.0,up,2026-08-21T12:24:36,0.0,0.0
SPXW,2026-09-14,24,Put,7730.0,SPXW260914P07730000,107.8,108.2,108.0,106.98,-19.12,-15.1626,10.0,96.0,0.1082,-0.5752,0.0018,7.7106,-1.755,-2.7239,108.7066,115.14,115.14,105.64,126.100002288818,up,2026-08-21T15:15:35,0.0,0.0
SPXW,2026-09-14,24,Call,7740.0,SPXW260914C07740000,60.3,60.8,60.55,64.6,7.15,12.4456,7.0,102.0,0.1073,0.4056,0.0018,7.6367,-1.7202,1.8363,60.149,57.73,64.6,57.73,57.4500007629394,up,2026-08-21T15:44:30,0.0,0.0
SPXW,2026-09-14,24,Put,7740.0,SPXW260914P07740000,112.9,113.4,113.15,112.08,-19.42,-14.7681,3.0,29.0,0.1072,-0.5942,0.0018,7.6367,-1.7202,-2.8151,113.8998,119.12,119.12,112.08,131.5,down,2026-08-21T15:15:35,0.0,0.0
SPXW,2026-09-14,24,Call,7750.0,SPXW260914C07750000,55.7,56.2,55.95,60.2,7.15,13.4779,11.0,814.0,0.1063,0.3865,0.0018,7.5468,-1.6821,1.7517,55.5898,53.6,60.2,53.6,53.0499992370606,no_change,2026-08-21T13:06:31,0.0,0.0
SPXW,2026-09-14,24,Put,7750.0,SPXW260914P07750000,118.3,118.8,118.55,116.42,-20.68,-15.0839,11.0,527.0,0.1062,-0.6133,0.0018,7.5468,-1.6821,-2.9058,119.3144,124.5,124.5,116.42,137.099998474121,down,2026-08-21T13:05:04,0.0,0.0
SPXW,2026-09-14,24,Call,7760.0,SPXW260914C07760000,51.3,51.8,51.55,54.3,5.3,10.8163,2.0,6.0,0.1054,0.3675,0.0018,7.4385,-1.6406,1.6653,51.2542,60.6,60.6,54.3,49.0,down,2026-08-21T15:14:58,0.0,0.0
SPXW,2026-09-14,24,Put,7760.0,SPXW260914P07760000,123.9,124.4,124.15,121.48,-21.42,-14.9895,19.0,78.0,0.1053,-0.6324,0.0018,7.4385,-1.6406,-2.9982,124.9525,130.13,130.13,121.48,142.900001525879,down,2026-08-21T15:33:05,0.0,0.0
SPXW,2026-09-14,24,Call,7770.0,SPXW260914C07770000,47.2,47.7,47.45,51.6,6.6,14.6667,73.0,140.0,0.1044,0.3485,0.0018,7.3114,-1.596,1.5787,47.1452,53.2,55.7,49.9,45.0,up,2026-08-21T15:47:40,0.0,0.0
SPXW,2026-09-14,24,Put,7770.0,SPXW260914P07770000,129.8,130.4,130.10000000000002,127.57,-21.33,-14.3251,10.0,82.0,0.1044,-0.6514,0.0018,7.3114,-1.596,-3.0908,130.8173,127.57,127.57,127.57,148.900001525879,up,2026-08-21T13:05:04,0.0,0.0
SPXW,2026-09-14,24,Call,7775.0,SPXW260914C07775000,45.2,45.7,45.45,48.2,5.0,11.5741,15.0,201.0,0.104,0.339,0.0018,7.2422,-1.5725,1.5362,45.1747,54.07,54.07,48.2,43.2000007629394,no_change,2026-08-21T15:39:26,0.0,0.0
SPXW,2026-09-14,24,Put,7775.0,SPXW260914P07775000,132.8,133.4,133.10000000000002,132.29,-19.81,-13.0243,9.0,104.0,0.104,-0.6608,0.0018,7.2422,-1.5725,-3.1362,133.8336,137.4,137.4,132.29,152.099998474121,no_change,2026-08-21T14:55:30,0.0,0.0
SPXW,2026-09-14,24,Call,7780.0,SPXW260914C07780000,43.3,43.7,43.5,46.1,4.85,11.7576,2.0,135.0,0.1036,0.3296,0.0018,7.1696,-1.5483,1.4943,43.2591,41.8,46.1,41.8,41.25,up,2026-08-21T15:14:58,0.0,0.0
SPXW,2026-09-14,24,Put,7780.0,SPXW260914P07780000,135.8,136.3,136.05,147.67,0.0,0.0,0.0,79.0,0.1036,-0.6702,0.0018,7.1696,-1.5483,-3.1811,136.9049,0.0,0.0,0.0,155.199996948242,up,2026-08-20T14:00:42,0.0,0.0
SPXW,2026-09-14,24,Call,7790.0,SPXW260914C07790000,39.6,40.1,39.85,44.0,6.15,16.2483,19.0,48.0,0.1028,0.3109,0.0017,7.0129,-1.4978,1.4104,39.5914,40.31,47.9,40.31,37.8500003814697,up,2026-08-21T15:49:10,0.0,0.0
SPXW,2026-09-14,24,Put,7790.0,SPXW260914P07790000,142.1,142.6,142.35,139.31,-22.54,-13.9265,1.0,54.0,0.1028,-0.6889,0.0017,7.0129,-1.4978,-3.271,143.2109,139.31,139.31,139.31,161.849998474121,up,2026-08-21T15:34:41,0.0,0.0
SPXW,2026-09-14,24,Call,7800.0,SPXW260914C07800000,36.1,36.6,36.35,38.33,3.73,10.7803,24.0,424.0,0.102,0.2925,0.0017,6.8376,-1.4446,1.326,36.1419,35.57,41.88,35.11,34.6000003814697,down,2026-08-21T15:26:38,0.0,0.0
SPXW,2026-09-14,24,Put,7800.0,SPXW260914P07800000,147.7,150.0,148.85,143.97,-24.53,-14.5579,1.0,258.0,0.1025,-0.7073,0.0017,6.8376,-1.4446,-3.3614,149.7351,143.97,143.97,143.97,168.5,down,2026-08-21T13:09:09,0.0,0.0
SPXW,2026-09-14,24,Call,7810.0,SPXW260914C07810000,32.9,33.3,33.099999999999994,34.43,2.93,9.30159,13.0,47.0,0.1012,0.2745,0.0017,6.6472,-1.3891,1.2442,32.9069,32.57,38.27,32.57,31.5,down,2026-08-21T15:55:55,0.0,0.0
SPXW,2026-09-14,24,Put,7810.0,SPXW260914P07810000,152.9,158.0,155.45,156.38,-19.02,-10.8438,9.0,34.0,0.1017,-0.7254,0.0017,6.6472,-1.3891,-3.4493,156.4739,156.38,156.38,156.38,175.400001525879,down,2026-08-21T11:18:57,0.0,0.0
SPXW,2026-09-14,24,Call,7820.0,SPXW260914C07820000,29.9,30.3,30.1,33.22,4.57,15.9511,3.0,61.0,0.1004,0.2568,0.0016,6.4466,-1.3315,1.1649,29.8783,29.46,33.22,29.46,28.6499996185303,up,2026-08-21T15:00:46,0.0,0.0
SPXW,2026-09-14,24,Put,7820.0,SPXW260914P07820000,159.8,165.0,162.4,136.0,0.0,0.0,0.0,83.0,0.1011,-0.7431,0.0016,6.4466,-1.3315,-3.5346,163.419,0.0,0.0,0.0,182.700004577637,down,2026-08-19T12:49:21,0.0,0.0
SPXW,2026-09-14,24,Call,7825.0,SPXW260914C07825000,28.4,28.8,28.6,29.08,1.78,6.52015,12.0,110.0,0.1001,0.2481,0.0016,6.3414,-1.3021,1.1254,28.4401,29.54,31.87,28.15,27.3000001907349,down,2026-08-21T14:10:51,0.0,0.0
SPXW,2026-09-14,24,Put,7825.0,SPXW260914P07825000,163.4,168.6,166.0,190.69,0.0,0.0,0.0,73.0,0.1006,-0.7518,0.0016,6.3414,-1.3021,-3.5771,166.9677,0.0,0.0,0.0,186.25,up,2026-08-20T16:09:34,0.0,0.0
SPXW,2026-09-14,24,Call,7830.0,SPXW260914C07830000,27.0,27.4,27.2,28.91,2.91,11.1923,3.0,21.0,0.0998,0.2395,0.0016,6.2322,-1.2723,1.0859,27.0524,27.5,28.91,27.5,26.0,up,2026-08-21T15:56:49,0.0,0.0
SPXW,2026-09-14,24,Put,7830.0,SPXW260914P07830000,166.7,172.2,169.45,117.5,0.0,0.0,0.0,2.0,0.1003,-0.7604,0.0016,6.2322,-1.2723,-3.6195,170.5668,0.0,0.0,0.0,189.950004577637,up,2026-08-17T11:49:29,0.0,0.0
SPXW,2026-09-14,24,Call,7840.0,SPXW260914C07840000,24.4,24.8,24.6,26.18,2.68,11.4043,15.0,30.0,0.099,0.2227,0.0015,6.0034,-1.2115,1.0094,24.4258,25.55,27.88,24.43,23.5,down,2026-08-21T15:56:49,0.0,0.0
SPXW,2026-09-14,24,Put,7840.0,SPXW260914P07840000,174.0,179.6,176.8,122.65,0.0,0.0,0.0,1.0,0.0997,-0.7771,0.0015,6.0034,-1.2115,-3.7021,177.914,0.0,0.0,0.0,197.5,up,2026-08-17T11:49:29,0.0,0.0
SPXW,2026-09-14,24,Call,7850.0,SPXW260914C07850000,21.9,22.3,22.1,23.15,1.95,9.19811,19.0,112.0,0.0984,0.2065,0.0015,5.7676,-1.1498,0.9366,21.9897,23.08,29.15,23.05,21.1999998092651,down,2026-08-21T13:50:14,0.0,0.0
SPXW,2026-09-14,24,Put,7850.0,SPXW260914P07850000,181.6,187.2,184.39999999999998,169.15,0.0,0.0,0.0,16.0,0.0992,-0.7934,0.0015,5.7676,-1.1498,-3.7809,185.4516,0.0,0.0,0.0,205.149993896484,up,2026-08-18T09:30:46,0.0,0.0
SPXW,2026-09-14,24,Call,7860.0,SPXW260914C07860000,19.7,20.1,19.9,26.45,7.4,38.8451,5.0,5.0,0.0978,0.1908,0.0014,5.525,-1.0875,0.8653,19.7375,20.98,26.45,20.98,19.0500001907349,up,2026-08-21T11:52:20,0.0,0.0
SPXW,2026-09-14,24,Put,7860.0,SPXW260914P07860000,189.1,194.9,192.0,182.03,0.0,0.0,0.0,3.0,0.0986,-0.809,0.0014,5.525,-1.0875,-3.8582,193.1732,0.0,0.0,0.0,213.0,up,2026-08-18T16:07:00,0.0,0.0
SPXW,2026-09-14,24,Call,7870.0,SPXW260914C07870000,17.6,18.0,17.8,17.8,0.7,4.09357,5.0,2.0,0.0972,0.1758,0.0014,5.2723,-1.0249,0.7964,17.6656,17.58,18.9,17.58,17.0999994277954,down,2026-08-21T15:59:50,0.0,0.0
SPXW,2026-09-14,24,Put,7870.0,SPXW260914P07870000,196.9,202.9,199.9,0.0,0.0,0.0,0.0,0.0,0.098,-0.824,0.0014,5.2723,-1.0249,-3.9331,201.075,0.0,0.0,0.0,221.0,no_change,,0.0,0.0
SPXW,2026-09-14,24,Call,7875.0,SPXW260914C07875000,16.6,17.0,16.8,17.04,0.84,5.18519,8.0,734.0,0.0968,0.1686,0.0013,5.1438,-0.9937,0.7637,16.6946,17.01,22.42,17.01,16.1999998092651,down,2026-08-21T14:37:32,0.0,0.0
SPXW,2026-09-14,24,Put,7875.0,SPXW260914P07875000,200.9,206.9,203.9,139.0,0.0,0.0,0.0,6.0,0.0977,-0.8313,0.0013,5.1438,-0.9937,-3.9689,205.0908,0.0,0.0,0.0,225.099998474121,down,2026-08-14T15:39:32,0.0,0.0
SPXW,2026-09-14,24,Call,7880.0,SPXW260914C07880000,15.7,16.1,15.9,23.38,0.0,0.0,0.0,21.0,0.0966,0.1615,0.0013,5.0152,-0.9625,0.7319,15.7651,0.0,0.0,0.0,15.3000001907349,down,2026-08-20T09:50:58,0.0,0.0
SPXW,2026-09-14,24,Put,7880.0,SPXW260914P07880000,205.0,211.0,208.0,0.0,0.0,0.0,0.0,0.0,0.0975,-0.8384,0.0013,5.0152,-0.9625,-4.0036,209.1482,0.0,0.0,0.0,229.25,no_change,,0.0,0.0
SPXW,2026-09-14,24,Call,7890.0,SPXW260914C07890000,13.9,14.3,14.100000000000001,15.53,1.88,13.7729,2.0,20.0,0.096,0.1478,0.0012,4.7579,-0.9008,0.67,14.0276,14.3,15.53,14.3,13.6500000953674,up,2026-08-21T15:39:37,0.0,0.0
SPXW,2026-09-14,24,Put,7890.0,SPXW260914P07890000,213.2,219.2,216.2,0.0,0.0,0.0,0.0,0.0,0.0969,-0.852,0.0012,4.7579,-0.9008,-4.0716,217.3844,0.0,0.0,0.0,237.549995422363,no_change,,0.0,0.0
SPXW,2026-09-14,24,Call,7900.0,SPXW260914C07900000,12.4,12.7,12.55,13.06,0.91,7.48971,8.0,281.0,0.0954,0.1349,0.0012,4.4972,-0.8401,0.6105,12.448,13.4,15.4,13.06,12.1500000953674,down,2026-08-21T14:10:11,0.0,0.0
SPXW,2026-09-14,24,Put,7900.0,SPXW260914P07900000,221.6,227.7,224.64999999999998,155.43,0.0,0.0,0.0,140.0,0.0964,-0.8649,0.0012,4.4972,-0.8401,-4.137,225.7786,0.0,0.0,0.0,245.949996948242,up,2026-08-17T09:38:01,0.0,0.0
SPXW,2026-09-14,24,Call,7925.0,SPXW260914C07925000,9.0,9.4,9.2,10.26,1.26,14.0,20.0,179.0,0.0943,0.106,0.001,3.8532,-0.6953,0.4792,9.1309,9.39,10.4,9.16,9.0,down,2026-08-21T15:31:29,0.0,0.0
SPXW,2026-09-14,24,Put,7925.0,SPXW260914P07925000,243.1,249.3,246.2,273.04,0.0,0.0,0.0,12.0,0.0956,-0.8939,0.001,3.8532,-0.6953,-4.2833,247.3958,0.0,0.0,0.0,267.799987792969,up,2026-08-20T16:09:34,0.0,0.0
SPXW,2026-09-14,24,Call,7950.0,SPXW260914C07950000,6.5,6.8,6.65,7.55,1.0,15.2672,21.0,147.0,0.0934,0.0818,0.0008,3.2401,-0.5649,0.3699,6.6126,7.0,8.45,7.0,6.54999995231628,up,2026-08-21T15:31:29,0.0,0.0
SPXW,2026-09-14,24,Put,7950.0,SPXW260914P07950000,257.2,280.9,269.04999999999995,229.06,0.0,0.0,0.0,3.0,0.0949,-0.918,0.0008,3.2401,-0.5649,-4.4077,269.8118,0.0,0.0,0.0,289.75,down,2026-08-19T15:28:41,0.0,0.0
SPXW,2026-09-14,24,Call,7975.0,SPXW260914C07975000,4.6,4.9,4.75,5.56,0.81,17.0526,20.0,82.0,0.0926,0.0624,0.0007,2.684,-0.4524,0.2816,4.7557,5.05,7.7,5.05,4.75,down,2026-08-21T15:12:44,0.0,0.0
SPXW,2026-09-14,24,Put,7975.0,SPXW260914P07975000,280.2,303.1,291.65,300.34,0.0,0.0,0.0,11.0,0.0947,-0.9374,0.0007,2.684,-0.4524,-4.511,292.8893,0.0,0.0,0.0,312.900009155273,up,2026-08-20T13:40:45,0.0,0.0
SPXW,2026-09-14,24,Call,8000.0,SPXW260914C08000000,3.3,3.6,3.45,4.0,0.55,15.942,27.0,1675.0,0.0925,0.0473,0.0005,2.2014,-0.3597,0.2129,3.4246,3.75,5.65,3.65,3.44999992847443,down,2026-08-21T15:13:25,0.0,0.0
SPXW,2026-09-14,24,Put,8000.0,SPXW260914P08000000,303.8,327.6,315.70000000000005,323.79,0.0,0.0,0.0,1503.0,0.0949,-0.9525,0.0005,2.2014,-0.3597,-4.5947,316.4925,0.0,0.0,0.0,336.100006103516,up,2026-08-20T13:40:45,0.0,0.0
SPXW,2026-09-14,24,Call,8025.0,SPXW260914C08025000,2.4,2.6,2.5,3.0,0.45,17.6471,11.0,178.0,0.0927,0.036,0.0004,1.7988,-0.2864,0.1616,2.4945,2.8,3.0,2.64,2.55000007152557,up,2026-08-21T15:13:25,0.0,0.0
SPXW,2026-09-14,24,Put,8025.0,SPXW260914P08025000,327.7,351.4,339.54999999999995,347.69,0.0,0.0,0.0,1.0,0.0956,-0.9639,0.0004,1.7988,-0.2864,-4.6611,340.4966,0.0,0.0,0.0,360.5,up,2026-08-20T13:40:45,0.0,0.0
SPXW,2026-09-14,24,Call,8050.0,SPXW260914C08050000,1.75,1.95,1.85,2.16,0.26,13.6842,11.0,102.0,0.0932,0.0277,0.0004,1.4762,-0.2306,0.1242,1.8576,1.97,2.9,1.97,1.89999997615814,down,2026-08-21T15:37:10,0.0,0.0
SPXW,2026-09-14,24,Put,8050.0,SPXW260914P08050000,352.1,375.9,364.0,0.0,0.0,0.0,0.0,0.0,0.097,-0.9722,0.0004,1.4762,-0.2306,-4.7134,364.7942,0.0,0.0,0.0,384.75,no_change,,0.0,0.0
SPXW,2026-09-14,24,Call,8075.0,SPXW260914C08075000,1.35,1.5,1.425,1.72,0.295,20.7018,2.0,106.0,0.0944,0.0217,0.0003,1.2244,-0.1893,0.0971,1.4259,1.72,1.72,1.72,1.42500001192093,down,2026-08-21T13:36:41,0.0,0.0
SPXW,2026-09-14,24,Put,8075.0,SPXW260914P08075000,376.5,399.4,387.95,0.0,0.0,0.0,0.0,0.0,0.099,-0.9781,0.0003,1.2244,-0.1893,-4.7556,389.2968,0.0,0.0,0.0,409.149993896484,no_change,,0.0,0.0
SPXW,2026-09-14,24,Call,8100.0,SPXW260914C08100000,1.05,1.2,1.125,1.7,0.575,51.1111,26.0,549.0,0.096,0.0175,0.0002,1.0315,-0.1591,0.0781,1.1328,1.18,1.7,1.18,1.125,up,2026-08-21T11:51:11,0.0,0.0
SPXW,2026-09-14,24,Put,8100.0,SPXW260914P08100000,401.1,420.8,410.95000000000005,0.0,0.0,0.0,0.0,0.0,0.102,-0.9824,0.0002,1.0315,-0.1591,-4.7896,413.9379,0.0,0.0,0.0,433.649993896484,no_change,,0.0,0.0
SPXW,2026-09-14,24,Call,8125.0,SPXW260914C08125000,0.85,1.0,0.925,1.02,0.0,0.0,0.0,30.0,0.0981,0.0144,0.0002,0.8834,-0.137,0.0642,0.9307,0.0,0.0,0.0,0.925000011920929,down,2026-08-20T14:15:28,0.0,0.0
SPXW,2026-09-14,24,Put,8125.0,SPXW260914P08125000,425.8,449.3,437.55,0.0,0.0,0.0,0.0,0.0,0.1047,-0.9854,0.0002,0.8834,-0.137,-4.8185,438.6702,0.0,0.0,0.0,457.800003051758,no_change,,0.0,0.0
SPXW,2026-09-14,24,Call,8150.0,SPXW260914C08150000,0.7,0.85,0.7749999999999999,0.82,0.045,5.80645,25.0,117.0,0.1004,0.0122,0.0002,0.769,-0.1206,0.0542,0.7876,0.82,0.82,0.82,0.775000005960464,down,2026-08-21T10:05:09,0.0,0.0
SPXW,2026-09-14,24,Put,8150.0,SPXW260914P08150000,450.6,474.1,462.35,0.0,0.0,0.0,0.0,0.0,0.108,-0.9877,0.0002,0.769,-0.1206,-4.8436,463.4615,0.0,0.0,0.0,483.149993896484,no_change,,0.0,0.0
SPXW,2026-09-14,24,Call,8175.0,SPXW260914C08175000,0.6,0.75,0.675,0.67,0.0,0.0,0.0,71.0,0.1032,0.0105,0.0001,0.6777,-0.108,0.0465,0.6817,0.0,0.0,0.0,0.675000011920929,no_change,2026-08-20T15:40:33,0.0,0.0
SPXW,2026-09-14,24,Put,8175.0,SPXW260914P08175000,475.5,499.3,487.4,0.0,0.0,0.0,0.0,0.0,0.1124,-0.9894,0.0001,0.6782,-0.1081,-4.8662,488.2904,0.0,0.0,0.0,507.900009155273,no_change,,0.0,0.0
SPXW,2026-09-14,24,Call,8200.0,SPXW260914C08200000,0.55,0.7,0.625,0.75,0.125,20.0,2.0,60.0,0.106,0.0091,0.0001,0.6042,-0.0982,0.0404,0.6015,0.75,0.75,0.75,0.625,up,2026-08-21T14:54:14,0.0,0.0
SPXW,2026-09-14,24,Put,8200.0,SPXW260914P08200000,500.3,523.9,512.1,0.0,0.0,0.0,0.0,0.0,0.1154,-0.9907,0.0001,0.6046,-0.0982,-4.8873,513.1444,0.0,0.0,0.0,532.800018310547,no_change,,0.0,0.0
SPXW,2026-09-14,24,Call,8225.0,SPXW260914C08225000,0.45,0.65,0.55,0.0,0.0,0.0,0.0,0.0,0.1087,0.0081,0.0001,0.5433,-0.0901,0.0357,0.538,0.0,0.0,0.0,0.525000005960464,no_change,,0.0,0.0
SPXW,2026-09-14,24,Put,8225.0,SPXW260914P08225000,525.3,549.1,537.2,0.0,0.0,0.0,0.0,0.0,0.1196,-0.9918,0.0001,0.5437,-0.0902,-4.907,538.0152,0.0,0.0,0.0,557.599975585938,no_change,,0.0,0.0
SPXW,2026-09-14,24,Call,8250.0,SPXW260914C08250000,0.4,0.6,0.5,0.56,0.085,17.8947,1.0,7.0,0.1116,0.0072,0.0001,0.492,-0.0834,0.0319,0.4862,0.56,0.56,0.56,0.475000008940697,up,2026-08-21T15:37:10,0.0,0.0
SPXW,2026-09-14,24,Put,8250.0,SPXW260914P08250000,550.2,574.0,562.1,0.0,0.0,0.0,0.0,0.0,0.1236,-0.9926,0.0001,0.4923,-0.0834,-4.9259,562.8976,0.0,0.0,0.0,582.5,no_change,,0.0,0.0
SPXW,2026-09-14,24,Call,8275.0,SPXW260914C08275000,0.35,0.55,0.45,0.85,0.0,0.0,0.0,8.0,0.1144,0.0065,0.0001,0.4481,-0.0776,0.0286,0.443,0.0,0.0,0.0,0.450000002980232,no_change,2026-08-19T09:57:18,0.0,0.0
SPXW,2026-09-14,24,Put,8275.0,SPXW260914P08275000,575.0,598.9,586.95,0.0,0.0,0.0,0.0,0.0,0.1276,-0.9934,0.0001,0.4481,-0.0776,-4.9442,587.7885,0.0,0.0,0.0,605.949981689453,no_change,,0.0,0.0
SPXW,2026-09-14,24,Call,8300.0,SPXW260914C08300000,0.35,0.5,0.425,0.52,0.0,0.0,0.0,6.0,0.1177,0.0058,0.0001,0.4096,-0.0726,0.0258,0.406,0.0,0.0,0.0,0.424999997019768,down,2026-08-20T11:59:27,0.0,0.0
SPXW,2026-09-14,24,Put,8300.0,SPXW260914P08300000,599.9,623.7,611.8,0.0,0.0,0.0,0.0,0.0,0.1316,-0.994,0.0001,0.4096,-0.0726,-4.9621,612.6858,0.0,0.0,0.0,632.200012207031,no_change,,0.0,0.0
SPXW,2026-09-14,24,Call,8325.0,SPXW260914C08325000,0.3,0.45,0.375,0.0,0.0,0.0,0.0,0.0,0.121,0.0053,0.0001,0.3755,-0.068,0.0233,0.3736,0.0,0.0,0.0,0.375,no_change,,0.0,0.0
SPXW,2026-09-14,24,Put,8325.0,SPXW260914P08325000,624.8,648.5,636.65,0.0,0.0,0.0,0.0,0.0,0.1354,-0.9946,0.0001,0.376,-0.0681,-4.9795,637.5881,0.0,0.0,0.0,656.699981689453,no_change,,0.0,0.0
SPXW,2026-09-14,24,Call,8400.0,SPXW260914C08400000,0.25,0.4,0.325,0.4,0.075,23.0769,1.0,12.0,0.1299,0.0041,0.0,0.2958,-0.0571,0.0178,0.2987,0.4,0.4,0.4,0.325000002980232,down,2026-08-21T11:42:18,0.0,0.0
SPXW,2026-09-14,24,Put,8400.0,SPXW260914P08400000,699.5,719.1,709.3,0.0,0.0,0.0,0.0,0.0,0.1465,-0.9958,0.0,0.296,-0.0572,-5.03,712.3159,0.0,0.0,0.0,731.75,no_change,,0.0,0.0
SPXW,2026-09-14,24,Call,8500.0,SPXW260914C08500000,0.15,0.35,0.25,0.5,0.0,0.0,0.0,25.0,0.1413,0.003,0.0,0.2216,-0.0464,0.0129,0.2293,0.0,0.0,0.0,0.25,down,2026-08-17T13:42:26,0.0,0.0
SPXW,2026-09-14,24,Put,8500.0,SPXW260914P08500000,799.2,822.8,811.0,0.0,0.0,0.0,0.0,0.0,0.1626,-0.9969,0.0,0.2215,-0.0463,-5.0951,811.9835,0.0,0.0,0.0,831.549987792969,no_change,,0.0,0.0
SPXW,2026-09-14,24,Call,8600.0,SPXW260914C08600000,0.1,0.3,0.2,0.57,0.0,0.0,0.0,23.0,0.1524,0.0022,0.0,0.1698,-0.0382,0.0096,0.18,0.0,0.0,0.0,0.175000000745058,down,2026-08-14T11:04:45,0.0,0.0
SPXW,2026-09-14,24,Put,8600.0,SPXW260914P08600000,899.0,922.5,910.75,0.0,0.0,0.0,0.0,0.0,0.1781,-0.9976,0.0,0.1697,-0.0381,-5.1584,911.6714,0.0,0.0,0.0,931.25,no_change,,0.0,0.0
SPXW,2026-09-14,24,Call,8800.0,SPXW260914C08800000,0.05,0.25,0.15,0.32,0.0,0.0,0.0,3.0,0.1753,0.0013,0.0,0.1044,-0.0265,0.0057,0.1154,0.0,0.0,0.0,0.125000001862645,down,2026-08-14T11:04:45,0.0,0.0
SPXW,2026-09-14,24,Put,8800.0,SPXW260914P08800000,1098.4,1121.9,1110.15,0.0,0.0,0.0,0.0,0.0,0.2105,-0.9986,0.0,0.1042,-0.0264,-5.2825,1111.0814,0.0,0.0,0.0,1129.75,no_change,,0.0,0.0
SPXW,2026-09-14,24,Call,9000.0,SPXW260914C09000000,0.0,0.2,0.1,0.1,0.0,0.0,0.0,212.0,0.2016,0.0008,0.0,0.0667,-0.0187,0.0035,0.0762,0.0,0.0,0.0,0.100000003352761,no_change,2026-08-20T15:05:17,0.0,0.0
SPXW,2026-09-14,24,Put,9000.0,SPXW260914P09000000,1297.9,1317.3,1307.6,0.0,0.0,0.0,0.0,0.0,0.2386,-0.999,0.0,0.0665,-0.0186,-5.4049,1310.5167,0.0,0.0,0.0,1329.64996337891,no_change,,0.0,0.0
SPXW,2026-09-14,24,Call,9200.0,SPXW260914C09200000,0.0,0.15,0.075,0.27,0.0,0.0,0.0,1.0,0.2231,0.0005,0.0,0.0437,-0.0133,0.0022,0.051,0.0,0.0,0.0,0.0750000029802322,down,2026-08-06T11:01:34,0.0,0.0
SPXW,2026-09-14,24,Put,9200.0,SPXW260914P09200000,1497.4,1520.8,1509.1,0.0,0.0,0.0,0.0,0.0,0.2687,-0.9993,0.0,0.0435,-0.0132,-5.5263,1509.9662,0.0,0.0,0.0,1528.89996337891,no_change,,0.0,0.0
SPXW,2026-09-14,24,Call,9400.0,SPXW260914C09400000,0.05,0.15,0.1,0.1,0.0,0.0,0.0,5.0,0.2474,0.0003,0.0,0.029,-0.0094,0.0014,0.0344,0.0,0.0,0.0,0.0500000007450581,down,2026-08-14T09:31:29,0.0,0.0
SPXW,2026-09-14,24,Put,9400.0,SPXW260914P09400000,1696.9,1716.2,1706.5500000000002,0.0,0.0,0.0,0.0,0.0,0.298,-0.9995,0.0,0.0288,-0.0094,-5.6472,1709.4243,0.0,0.0,0.0,1728.34997558594,no_change,,0.0,0.0
SPXW,2026-09-14,24,Call,9600.0,SPXW260914C09600000,0.0,0.1,0.05,0.0,0.0,0.0,0.0,0.0,0.2652,0.0002,0.0,0.0195,-0.0067,0.0009,0.0233,0.0,0.0,0.0,0.0500000007450581,no_change,,0.0,0.0
SPXW,2026-09-14,24,Put,9600.0,SPXW260914P09600000,1896.4,1919.8,1908.1,0.0,0.0,0.0,0.0,0.0,0.3265,-0.9996,0.0,0.0193,-0.0066,-5.7678,1908.8878,0.0,0.0,0.0,1928.25,no_change,,0.0,0.0
SPXW,2026-09-14,24,Call,9800.0,SPXW260914C09800000,0.0,0.1,0.05,0.0,0.0,0.0,0.0,0.0,0.2877,0.0001,0.0,0.0132,-0.0048,0.0006,0.0158,0.0,0.0,0.0,0.0500000007450581,no_change,,0.0,0.0
SPXW,2026-09-14,24,Put,9800.0,SPXW260914P09800000,2095.8,2118.7,2107.25,0.0,0.0,0.0,0.0,0.0,0.3543,-0.9997,0.0,0.0131,-0.0047,-5.8883,2108.355,0.0,0.0,0.0,2127.15002441406,no_change,,0.0,0.0
SPXW,2026-09-14,24,Call,10000.0,SPXW260914C10000000,0.0,0.1,0.05,0.0,0.0,0.0,0.0,0.0,0.3096,0.0001,0.0,0.009,-0.0034,0.0004,0.0108,0.0,0.0,0.0,0.0500000007450581,no_change,,0.0,0.0
SPXW,2026-09-14,24,Put,10000.0,SPXW260914P10000000,2295.3,2319.3,2307.3,0.0,0.0,0.0,0.0,0.0,0.3814,-0.9998,0.0,0.0089,-0.0033,-6.0087,2307.8246,0.0,0.0,0.0,2327.59997558594,no_change,,0.0,0.0
SPXW,2026-09-15,25,Call,3200.0,SPXW260915C03200000,4466.0,4486.9,4476.45,0.0,0.0,0.0,0.0,0.0,1.0697,0.9996,0.0,0.0142,-0.0231,2.0112,4473.286,0.0,0.0,0.0,4452.84985351562,no_change,,0.0,0.0
SPXW,2026-09-15,25,Put,3200.0,SPXW260915P03200000,0.0,0.05,0.025,0.0,0.0,0.0,0.0,1.0,0.9033,-0.0002,0.0,0.0142,-0.0231,-0.0009,0.0879,0.0,0.0,0.0,0.025000000372529,no_change,,0.0,0.0
SPXW,2026-09-15,25,Call,3400.0,SPXW260915C03400000,4266.9,4287.4,4277.15,0.0,0.0,0.0,0.0,0.0,0.985,0.9996,0.0,0.0159,-0.0243,2.1367,4273.8407,0.0,0.0,0.0,4253.05004882812,no_change,,0.0,0.0
SPXW,2026-09-15,25,Put,3400.0,SPXW260915P03400000,0.0,0.1,0.05,0.05,0.0,0.0,0.0,2.0,0.9029,-0.0002,0.0,0.0159,-0.0243,-0.001,0.0933,0.0,0.0,0.0,0.0500000007450581,down,2026-08-18T10:45:03,0.0,0.0
SPXW,2026-09-15,25,Call,3600.0,SPXW260915C03600000,4067.1,4087.9,4077.5,0.0,0.0,0.0,0.0,0.0,0.9039,0.9996,0.0,0.018,-0.0257,2.2621,4074.3964,0.0,0.0,0.0,4053.75,no_change,,0.0,0.0
SPXW,2026-09-15,25,Put,3600.0,SPXW260915P03600000,0.0,0.1,0.05,0.0,0.0,0.0,0.0,0.0,0.842,-0.0002,0.0,0.018,-0.0257,-0.0012,0.0998,0.0,0.0,0.0,0.0750000029802322,no_change,,0.0,0.0
SPXW,2026-09-15,25,Call,3800.0,SPXW260915C03800000,3868.3,3888.5,3878.4,0.0,0.0,0.0,0.0,0.0,0.857,0.9996,0.0,0.0205,-0.0274,2.3876,3874.9538,0.0,0.0,0.0,3854.75,no_change,,0.0,0.0
SPXW,2026-09-15,25,Put,3800.0,SPXW260915P03800000,0.0,0.1,0.05,0.05,-0.025,-33.3333,1.0,1.0,0.7844,-0.0003,0.0,0.0205,-0.0274,-0.0013,0.1079,0.05,0.05,0.05,0.0750000029802322,down,2026-08-21T15:40:13,0.0,0.0
SPXW,2026-09-15,25,Call,4000.0,SPXW260915C04000000,3668.2,3689.0,3678.6,0.0,0.0,0.0,0.0,0.0,0.7844,0.9995,0.0,0.0237,-0.0297,2.5129,3675.5136,0.0,0.0,0.0,3654.79992675781,no_change,,0.0,0.0
SPXW,2026-09-15,25,Put,4000.0,SPXW260915P04000000,0.0,0.15,0.075,0.1,0.0,0.0,0.0,50.0,0.7297,-0.0003,0.0,0.0237,-0.0297,-0.0015,0.1184,0.0,0.0,0.0,0.125000001862645,no_change,2026-08-20T15:19:47,0.0,0.0
SPXW,2026-09-15,25,Call,4200.0,SPXW260915C04200000,3465.6,3489.5,3477.55,0.0,0.0,0.0,0.0,0.0,0.7415,0.9995,0.0,0.0279,-0.0327,2.6383,3476.0774,0.0,0.0,0.0,3455.84997558594,no_change,,0.0,0.0
SPXW,2026-09-15,25,Put,4200.0,SPXW260915P04200000,0.05,0.15,0.1,0.1,0.0,0.0,0.0,4.0,0.6912,-0.0004,0.0,0.0279,-0.0327,-0.0018,0.133,0.0,0.0,0.0,0.125000001862645,no_change,2026-08-20T09:54:01,0.0,0.0
SPXW,2026-09-15,25,Call,4400.0,SPXW260915C04400000,3269.3,3290.1,3279.7,0.0,0.0,0.0,0.0,0.0,0.6759,0.9994,0.0,0.0338,-0.0371,2.7634,3276.6479,0.0,0.0,0.0,3256.64990234375,no_change,,0.0,0.0
SPXW,2026-09-15,25,Put,4400.0,SPXW260915P04400000,0.05,0.2,0.125,0.15,-0.05,-25.0,1.0,2.0,0.6597,-0.0005,0.0,0.0338,-0.0371,-0.0022,0.1542,0.15,0.15,0.15,0.200000002980232,no_change,2026-08-21T11:48:02,0.0,0.0
SPXW,2026-09-15,25,Call,4600.0,SPXW260915C04600000,3066.7,3090.6,3078.6499999999996,0.0,0.0,0.0,0.0,0.0,0.636,0.9992,0.0,0.0422,-0.0437,2.8884,3077.2295,0.0,0.0,0.0,3057.09997558594,no_change,,0.0,0.0
SPXW,2026-09-15,25,Put,4600.0,SPXW260915P04600000,0.1,0.25,0.175,0.2,0.0,0.0,0.0,56.0,0.6234,-0.0006,0.0,0.0423,-0.0437,-0.0028,0.1866,0.0,0.0,0.0,0.274999998509884,down,2026-08-19T10:56:43,0.0,0.0
SPXW,2026-09-15,25,Call,4800.0,SPXW260915C04800000,2870.5,2891.3,2880.9,0.0,0.0,0.0,0.0,0.0,0.5951,0.9991,0.0,0.0549,-0.0535,3.0131,2877.8284,0.0,0.0,0.0,2858.40002441406,no_change,,0.0,0.0
SPXW,2026-09-15,25,Put,4800.0,SPXW260915P04800000,0.2,0.3,0.25,0.35,0.0,0.0,0.0,11.0,0.585,-0.0008,0.0,0.0546,-0.0532,-0.0037,0.2347,0.0,0.0,0.0,0.325000002980232,down,2026-08-17T11:06:09,0.0,0.0
SPXW,2026-09-15,25,Call,5000.0,SPXW260915C05000000,2667.9,2691.8,2679.8500000000004,0.0,0.0,0.0,0.0,0.0,0.5538,0.9988,0.0,0.0736,-0.0678,3.1373,2678.4536,0.0,0.0,0.0,2658.5,no_change,,0.0,0.0
SPXW,2026-09-15,25,Put,5000.0,SPXW260915P05000000,0.25,0.4,0.325,0.37,-0.08,-17.7778,200.0,326.0,0.5526,-0.0011,0.0,0.0736,-0.0678,-0.0051,0.3123,0.35,0.37,0.35,0.450000002980232,up,2026-08-21T13:24:22,0.0,0.0
SPXW,2026-09-15,25,Call,5200.0,SPXW260915C05200000,2468.6,2492.5,2480.55,0.0,0.0,0.0,0.0,0.0,0.5125,0.9983,0.0,0.1009,-0.0879,3.2609,2479.1155,0.0,0.0,0.0,2459.5,no_change,,0.0,0.0
SPXW,2026-09-15,25,Put,5200.0,SPXW260915P05200000,0.4,0.5,0.45,0.62,0.0,0.0,0.0,78.0,0.5168,-0.0015,0.0,0.101,-0.088,-0.0071,0.4249,0.0,0.0,0.0,0.599999994039536,up,2026-08-18T15:14:29,0.0,0.0
SPXW,2026-09-15,25,Call,5400.0,SPXW260915C05400000,2269.2,2291.1,2280.1499999999996,0.0,0.0,0.0,0.0,0.0,0.48,0.9977,0.0,0.1397,-0.1152,3.3834,2279.8269,0.0,0.0,0.0,2260.30004882812,no_change,,0.0,0.0
SPXW,2026-09-15,25,Put,5400.0,SPXW260915P05400000,0.55,0.65,0.6000000000000001,0.85,0.0,0.0,0.0,156.0,0.4831,-0.0021,0.0,0.1398,-0.1152,-0.0102,0.5872,0.0,0.0,0.0,0.824999988079071,down,2026-08-20T15:12:08,0.0,0.0
SPXW,2026-09-15,25,Call,5600.0,SPXW260915C05600000,2073.1,2093.9,2083.5,0.0,0.0,0.0,0.0,0.0,0.4444,0.9968,0.0,0.1942,-0.1505,3.5045,2080.6011,0.0,0.0,0.0,2060.59997558594,no_change,,0.0,0.0
SPXW,2026-09-15,25,Put,5600.0,SPXW260915P05600000,0.75,0.85,0.8,1.12,0.0,0.0,0.0,41.0,0.4496,-0.0031,0.0,0.1943,-0.1505,-0.0147,0.8122,0.0,0.0,0.0,1.17500001192093,up,2026-08-20T15:23:34,0.0,0.0
SPXW,2026-09-15,25,Call,5800.0,SPXW260915C05800000,1873.9,1894.7,1884.3000000000002,0.0,0.0,0.0,0.0,0.0,0.4116,0.9955,0.0,0.2676,-0.1945,3.6238,1881.4536,0.0,0.0,0.0,1861.59997558594,no_change,,0.0,0.0
SPXW,2026-09-15,25,Put,5800.0,SPXW260915P05800000,1.0,1.15,1.075,1.35,0.0,0.0,0.0,32.0,0.4175,-0.0044,0.0,0.2677,-0.1945,-0.021,1.1155,0.0,0.0,0.0,1.57499998807907,down,2026-08-17T12:00:36,0.0,0.0
SPXW,2026-09-15,25,Call,6000.0,SPXW260915C06000000,1671.7,1695.6,1683.65,0.0,0.0,0.0,0.0,0.0,0.3791,0.9936,0.0,0.3666,-0.2474,3.7405,1682.401,0.0,0.0,0.0,1663.69995117188,no_change,,0.0,0.0
SPXW,2026-09-15,25,Put,6000.0,SPXW260915P06000000,1.35,1.5,1.425,1.5,-0.625,-29.4118,23.0,233.0,0.3834,-0.0062,0.0,0.3668,-0.2474,-0.0299,1.5139,1.55,1.55,1.5,2.125,down,2026-08-21T15:35:11,0.0,0.0
SPXW,2026-09-15,25,Call,6200.0,SPXW260915C06200000,1475.9,1496.6,1486.25,0.0,0.0,0.0,0.0,0.0,0.3455,0.991,0.0,0.4999,-0.3097,3.8536,1483.4667,0.0,0.0,0.0,1464.04998779297,no_change,,0.0,0.0
SPXW,2026-09-15,25,Put,6200.0,SPXW260915P06200000,1.85,2.0,1.925,2.22,-0.63,-22.1053,810.0,950.0,0.3498,-0.0088,0.0,0.5001,-0.3097,-0.0424,2.0305,2.17,2.25,2.15,2.85000002384186,no_change,2026-08-21T10:16:22,0.0,0.0
SPXW,2026-09-15,25,Call,6300.0,SPXW260915C06300000,1373.5,1397.1,1385.3,0.0,0.0,0.0,0.0,0.0,0.3294,0.9894,0.0,0.5823,-0.3448,3.9083,1384.0564,0.0,0.0,0.0,1364.79998779297,no_change,,0.0,0.0
SPXW,2026-09-15,25,Put,6300.0,SPXW260915P06300000,2.15,2.3,2.2249999999999996,2.7,0.0,0.0,0.0,53.0,0.333,-0.0105,0.0,0.5825,-0.3448,-0.0505,2.3456,0.0,0.0,0.0,3.30000007152557,no_change,2026-08-19T12:43:51,0.0,0.0
SPXW,2026-09-15,25,Call,6400.0,SPXW260915C06400000,1274.2,1297.8,1286.0,0.0,0.0,0.0,0.0,0.0,0.3121,0.9874,0.0,0.6798,-0.3829,3.9614,1284.6937,0.0,0.0,0.0,1265.85003662109,no_change,,0.0,0.0
SPXW,2026-09-15,25,Put,6400.0,SPXW260915P06400000,2.55,2.7,2.625,4.1,0.0,0.0,0.0,6.0,0.316,-0.0125,0.0,0.6801,-0.383,-0.0602,2.7085,0.0,0.0,0.0,3.89999997615814,up,2026-08-18T10:22:21,0.0,0.0
SPXW,2026-09-15,25,Call,6500.0,SPXW260915C06500000,1177.6,1198.5,1188.05,0.0,0.0,0.0,0.0,0.0,0.2952,0.9849,0.0001,0.7962,-0.4249,4.0121,1185.3932,0.0,0.0,0.0,1167.75,no_change,,0.0,0.0
SPXW,2026-09-15,25,Put,6500.0,SPXW260915P06500000,2.95,3.2,3.075,3.1,-1.4,-31.1111,1.0,76.0,0.2985,-0.015,0.0001,0.7965,-0.425,-0.0723,3.1335,3.1,3.1,3.1,4.5,down,2026-08-21T15:55:49,0.0,0.0
SPXW,2026-09-15,25,Call,6600.0,SPXW260915C06600000,1075.4,1099.3,1087.35,0.0,0.0,0.0,0.0,0.0,0.2784,0.9818,0.0001,0.9347,-0.472,4.06,1086.177,0.0,0.0,0.0,1067.65002441406,no_change,,0.0,0.0
SPXW,2026-09-15,25,Put,6600.0,SPXW260915P06600000,3.5,3.7,3.6,5.4,0.0,0.0,0.0,28.0,0.2817,-0.0181,0.0001,0.9351,-0.4721,-0.0872,3.643,0.0,0.0,0.0,5.29999995231628,up,2026-08-20T15:59:55,0.0,0.0
SPXW,2026-09-15,25,Call,6625.0,SPXW260915C06625000,1050.6,1074.5,1062.55,0.0,0.0,0.0,0.0,0.0,0.2739,0.9809,0.0001,0.9743,-0.4847,4.0714,1061.3896,0.0,0.0,0.0,1042.95001220703,no_change,,0.0,0.0
SPXW,2026-09-15,25,Put,6625.0,SPXW260915P06625000,3.6,3.8,3.7,0.0,0.0,0.0,0.0,1.0,0.2768,-0.019,0.0001,0.9747,-0.4848,-0.0914,3.7871,0.0,0.0,0.0,5.5,no_change,,0.0,0.0
SPXW,2026-09-15,25,Call,6650.0,SPXW260915C06650000,1026.4,1049.7,1038.0500000000002,0.0,0.0,0.0,0.0,0.0,0.2694,0.9799,0.0001,1.0163,-0.498,4.0826,1036.6103,0.0,0.0,0.0,1018.40002441406,no_change,,0.0,0.0
SPXW,2026-09-15,25,Put,6650.0,SPXW260915P06650000,3.8,4.0,3.9,5.12,0.0,0.0,0.0,35.0,0.2729,-0.0199,0.0001,1.0168,-0.4981,-0.096,3.9391,0.0,0.0,0.0,5.79999995231628,up,2026-08-17T14:21:15,0.0,0.0
SPXW,2026-09-15,25,Call,6675.0,SPXW260915C06675000,1001.0,1024.9,1012.95,0.0,0.0,0.0,0.0,0.0,0.2659,0.9789,0.0001,1.0608,-0.5117,4.0933,1011.8398,0.0,0.0,0.0,993.550018310547,no_change,,0.0,0.0
SPXW,2026-09-15,25,Put,6675.0,SPXW260915P06675000,4.0,4.2,4.1,0.0,0.0,0.0,0.0,0.0,0.2678,-0.0209,0.0001,1.0613,-0.5118,-0.101,4.1002,0.0,0.0,0.0,6.0,no_change,,0.0,0.0
SPXW,2026-09-15,25,Call,6700.0,SPXW260915C06700000,979.6,1000.2,989.9000000000001,0.0,0.0,0.0,0.0,0.0,0.2612,0.9778,0.0001,1.1077,-0.526,4.1037,987.0794,0.0,0.0,0.0,968.899993896484,no_change,,0.0,0.0
SPXW,2026-09-15,25,Put,6700.0,SPXW260915P06700000,4.1,4.3,4.199999999999999,6.27,0.0,0.0,0.0,6.0,0.2638,-0.022,0.0001,1.1077,-0.526,-0.1063,4.2693,0.0,0.0,0.0,6.29999995231628,down,2026-08-18T12:04:22,0.0,0.0
SPXW,2026-09-15,25,Call,6725.0,SPXW260915C06725000,954.8,975.4,965.0999999999999,0.0,0.0,0.0,0.0,0.0,0.2574,0.9767,0.0001,1.157,-0.541,4.1136,962.3302,0.0,0.0,0.0,944.449981689453,no_change,,0.0,0.0
SPXW,2026-09-15,25,Put,6725.0,SPXW260915P06725000,4.3,4.5,4.4,5.2,0.0,0.0,0.0,2.0,0.2595,-0.0232,0.0001,1.157,-0.541,-0.112,4.4514,0.0,0.0,0.0,6.54999995231628,no_change,2026-08-19T12:46:45,0.0,0.0
SPXW,2026-09-15,25,Call,6750.0,SPXW260915C06750000,930.1,950.7,940.4000000000001,0.0,0.0,0.0,0.0,0.0,0.2525,0.9754,0.0001,1.209,-0.5566,4.1232,937.5933,0.0,0.0,0.0,919.700012207031,no_change,,0.0,0.0
SPXW,2026-09-15,25,Put,6750.0,SPXW260915P06750000,4.5,4.7,4.6,5.1,-1.75,-25.5474,72.0,19.0,0.2552,-0.0244,0.0001,1.209,-0.5566,-0.1181,4.6458,5.51,5.52,5.1,6.84999990463257,down,2026-08-21T11:06:08,0.0,0.0
SPXW,2026-09-15,25,Call,6775.0,SPXW260915C06775000,902.0,925.9,913.95,0.0,0.0,0.0,0.0,0.0,0.2484,0.9741,0.0001,1.2639,-0.5731,4.1324,912.8701,0.0,0.0,0.0,895.150024414062,no_change,,0.0,0.0
SPXW,2026-09-15,25,Put,6775.0,SPXW260915P06775000,4.7,5.0,4.85,0.0,0.0,0.0,0.0,0.0,0.2507,-0.0258,0.0001,1.2639,-0.5731,-0.1246,4.854,0.0,0.0,0.0,7.20000004768372,no_change,,0.0,0.0
SPXW,2026-09-15,25,Call,6800.0,SPXW260915C06800000,877.3,901.3,889.3,0.0,0.0,0.0,0.0,0.0,0.2442,0.9726,0.0001,1.3226,-0.5904,4.1412,888.162,0.0,0.0,0.0,870.399993896484,no_change,,0.0,0.0
SPXW,2026-09-15,25,Put,6800.0,SPXW260915P06800000,4.9,5.2,5.050000000000001,5.96,-1.59,-21.0596,270.0,247.0,0.2466,-0.0272,0.0001,1.3226,-0.5904,-0.1316,5.0772,5.76,6.05,5.75,7.54999995231628,no_change,2026-08-21T10:16:22,0.0,0.0
SPXW,2026-09-15,25,Call,6825.0,SPXW260915C06825000,852.6,876.5,864.55,0.0,0.0,0.0,0.0,0.0,0.2399,0.9711,0.0001,1.3856,-0.6085,4.1494,863.4707,0.0,0.0,0.0,845.850006103516,no_change,,0.0,0.0
SPXW,2026-09-15,25,Put,6825.0,SPXW260915P06825000,5.2,5.4,5.300000000000001,5.3,-2.6,-32.9114,23.0,83.0,0.2423,-0.0288,0.0001,1.3856,-0.6085,-0.1391,5.3173,5.65,5.72,5.3,7.90000009536743,down,2026-08-21T15:59:32,0.0,0.0
SPXW,2026-09-15,25,Call,6850.0,SPXW260915C06850000,827.9,851.9,839.9,0.0,0.0,0.0,0.0,0.0,0.2355,0.9694,0.0001,1.4535,-0.6277,4.1569,838.7983,0.0,0.0,0.0,821.300018310547,no_change,,0.0,0.0
SPXW,2026-09-15,25,Put,6850.0,SPXW260915P06850000,5.4,5.7,5.550000000000001,5.62,-2.68,-32.2892,3.0,18.0,0.2379,-0.0305,0.0001,1.4535,-0.6277,-0.1473,5.5763,5.62,5.62,5.62,8.2999997138977,down,2026-08-21T15:42:36,0.0,0.0
SPXW,2026-09-15,25,Call,6875.0,SPXW260915C06875000,803.3,827.3,815.3,0.0,0.0,0.0,0.0,0.0,0.2316,0.9675,0.0001,1.5262,-0.648,4.1636,814.1474,0.0,0.0,0.0,796.950012207031,no_change,,0.0,0.0
SPXW,2026-09-15,25,Put,6875.0,SPXW260915P06875000,5.7,6.0,5.85,8.67,0.0,0.0,0.0,41.0,0.2337,-0.0323,0.0001,1.5262,-0.648,-0.1562,5.8566,0.0,0.0,0.0,8.75,up,2026-08-18T13:18:28,0.0,0.0
SPXW,2026-09-15,25,Call,6900.0,SPXW260915C06900000,779.1,802.6,790.85,0.0,0.0,0.0,0.0,0.0,0.227,0.9655,0.0002,1.6037,-0.6695,4.1694,789.5207,0.0,0.0,0.0,772.300018310547,no_change,,0.0,0.0
SPXW,2026-09-15,25,Put,6900.0,SPXW260915P06900000,6.0,6.3,6.15,6.17,-2.98,-32.5683,2.0,21.0,0.2294,-0.0343,0.0002,1.6037,-0.6695,-0.1661,6.1613,6.17,6.17,6.17,9.15000009536743,no_change,2026-08-21T15:43:11,0.0,0.0
SPXW,2026-09-15,25,Call,6925.0,SPXW260915C06925000,754.1,778.0,766.05,0.0,0.0,0.0,0.0,0.0,0.2228,0.9633,0.0002,1.686,-0.6924,4.1744,764.9216,0.0,0.0,0.0,747.899993896484,no_change,,0.0,0.0
SPXW,2026-09-15,25,Put,6925.0,SPXW260915P06925000,6.3,6.6,6.449999999999999,7.57,0.0,0.0,0.0,72.0,0.2249,-0.0365,0.0002,1.6864,-0.6925,-0.1769,6.4953,0.0,0.0,0.0,9.65000009536743,down,2026-08-19T09:45:22,0.0,0.0
SPXW,2026-09-15,25,Call,6950.0,SPXW260915C06950000,729.5,753.4,741.45,0.0,0.0,0.0,0.0,0.0,0.2191,0.961,0.0002,1.7739,-0.7167,4.1784,740.3532,0.0,0.0,0.0,723.449981689453,no_change,,0.0,0.0
SPXW,2026-09-15,25,Put,6950.0,SPXW260915P06950000,6.7,7.0,6.85,7.5,-2.75,-26.8293,22.0,72.0,0.2209,-0.0389,0.0002,1.7744,-0.7168,-0.1885,6.8584,7.75,7.75,7.5,10.25,down,2026-08-21T11:05:46,0.0,0.0
SPXW,2026-09-15,25,Call,6975.0,SPXW260915C06975000,705.0,728.9,716.95,0.0,0.0,0.0,0.0,0.0,0.2146,0.9583,0.0002,1.8686,-0.7426,4.1816,715.8189,0.0,0.0,0.0,699.200012207031,no_change,,0.0,0.0
SPXW,2026-09-15,25,Put,6975.0,SPXW260915P06975000,7.1,7.3,7.199999999999999,8.37,0.0,0.0,0.0,10.0,0.2167,-0.0415,0.0002,1.8686,-0.7426,-0.2011,7.2536,0.0,0.0,0.0,10.75,down,2026-08-19T09:45:22,0.0,0.0
SPXW,2026-09-15,25,Call,7000.0,SPXW260915C07000000,685.4,704.4,694.9,0.0,0.0,0.0,0.0,0.0,0.2106,0.9555,0.0002,1.9715,-0.7701,4.1834,691.3231,0.0,0.0,0.0,674.899993896484,no_change,,0.0,0.0
SPXW,2026-09-15,25,Put,7000.0,SPXW260915P07000000,7.5,7.8,7.65,8.12,-3.33,-29.083,170.0,188.0,0.2124,-0.0444,0.0002,1.9715,-0.7701,-0.2149,7.689,8.65,8.65,8.12,11.4500002861023,no_change,2026-08-21T14:56:26,0.0,0.0
SPXW,2026-09-15,25,Call,7025.0,SPXW260915C07025000,659.1,679.9,669.5,0.0,0.0,0.0,0.0,0.0,0.2068,0.9523,0.0002,2.0831,-0.7995,4.1838,666.8707,0.0,0.0,0.0,650.550018310547,no_change,,0.0,0.0
SPXW,2026-09-15,25,Put,7025.0,SPXW260915P07025000,8.0,8.3,8.15,10.7,0.0,0.0,0.0,49.0,0.2081,-0.0475,0.0002,2.0831,-0.7995,-0.2303,8.168,0.0,0.0,0.0,12.0499997138977,no_change,2026-08-20T13:09:43,0.0,0.0
SPXW,2026-09-15,25,Call,7050.0,SPXW260915C07050000,634.9,655.5,645.2,661.19,0.0,0.0,0.0,13.0,0.2028,0.9488,0.0002,2.2028,-0.8308,4.1823,642.4681,0.0,0.0,0.0,626.800018310547,down,2026-08-20T09:54:00,0.0,0.0
SPXW,2026-09-15,25,Put,7050.0,SPXW260915P07050000,8.5,8.8,8.65,8.64,-4.21,-32.7626,4.0,65.0,0.2042,-0.051,0.0002,2.2028,-0.8308,-0.2474,8.6968,8.75,8.75,8.64,12.8499999046326,down,2026-08-21T15:42:36,0.0,0.0
SPXW,2026-09-15,25,Call,7075.0,SPXW260915C07075000,611.4,631.1,621.25,0.0,0.0,0.0,0.0,0.0,0.1986,0.945,0.0003,2.3302,-0.8643,4.1791,618.1218,0.0,0.0,0.0,602.899993896484,no_change,,0.0,0.0
SPXW,2026-09-15,25,Put,7075.0,SPXW260915P07075000,9.0,9.4,9.2,10.0,-3.65,-26.7399,1.0,7.0,0.2,-0.0548,0.0003,2.3302,-0.8643,-0.2663,9.2818,10.0,10.0,10.0,13.6500000953674,down,2026-08-21T11:16:19,0.0,0.0
SPXW,2026-09-15,25,Call,7100.0,SPXW260915C07100000,587.6,606.8,597.2,612.57,0.0,0.0,0.0,15.0,0.1946,0.9408,0.0003,2.467,-0.8999,4.1743,593.8384,0.0,0.0,0.0,578.299987792969,down,2026-08-20T09:54:00,0.0,0.0
SPXW,2026-09-15,25,Put,7100.0,SPXW260915P07100000,9.7,10.0,9.85,12.9,0.0,0.0,0.0,623.0,0.1962,-0.0591,0.0003,2.467,-0.8999,-0.2869,9.9298,0.0,0.0,0.0,14.5499997138977,no_change,2026-08-20T11:21:35,0.0,0.0
SPXW,2026-09-15,25,Call,7125.0,SPXW260915C07125000,558.6,581.2,569.9000000000001,0.0,0.0,0.0,0.0,0.0,0.1908,0.9361,0.0003,2.6157,-0.9379,4.1674,569.625,0.0,0.0,0.0,554.299987792969,no_change,,0.0,0.0
SPXW,2026-09-15,25,Put,7125.0,SPXW260915P07125000,10.4,10.7,10.55,14.87,0.0,0.0,0.0,10.0,0.1922,-0.0638,0.0003,2.6157,-0.9379,-0.3095,10.6477,0.0,0.0,0.0,15.5499997138977,up,2026-08-18T09:49:43,0.0,0.0
SPXW,2026-09-15,25,Call,7150.0,SPXW260915C07150000,534.5,557.3,545.9,587.92,0.0,0.0,0.0,6.0,0.1872,0.9309,0.0004,2.7773,-0.9782,4.1577,545.4909,0.0,0.0,0.0,530.5,no_change,2026-08-18T10:04:42,0.0,0.0
SPXW,2026-09-15,25,Put,7150.0,SPXW260915P07150000,11.2,11.5,11.35,11.25,-5.4,-32.4324,14.0,41.0,0.1883,-0.0689,0.0004,2.7773,-0.9782,-0.3348,11.4449,12.0,12.0,11.25,16.6499996185303,no_change,2026-08-21T15:37:28,0.0,0.0
SPXW,2026-09-15,25,Call,7175.0,SPXW260915C07175000,515.6,534.4,525.0,527.64,20.19,3.97871,9.0,4.0,0.1832,0.9252,0.0004,2.9499,-1.0209,4.1449,521.4473,527.64,527.64,527.64,507.450012207031,no_change,2026-08-21T15:37:28,0.0,0.0
SPXW,2026-09-15,25,Put,7175.0,SPXW260915P07175000,12.0,12.4,12.2,12.05,-5.8,-32.493,12.0,35.0,0.1845,-0.0747,0.0004,2.9499,-1.0209,-0.3634,12.3326,12.85,12.85,12.05,17.8500003814697,no_change,2026-08-21T15:37:28,0.0,0.0
SPXW,2026-09-15,25,Call,7200.0,SPXW260915C07200000,491.4,510.4,500.9,503.69,21.09,4.37008,9.0,9.0,0.1795,0.9188,0.0004,3.133,-1.0662,4.1292,497.5059,503.69,503.69,503.69,482.600006103516,no_change,2026-08-21T15:37:28,0.0,0.0
SPXW,2026-09-15,25,Put,7200.0,SPXW260915P07200000,13.0,13.3,13.15,13.75,-5.4,-28.1984,3.0,27.0,0.1805,-0.0811,0.0004,3.133,-1.0662,-0.3947,13.3226,13.75,13.75,13.75,19.1499996185303,no_change,2026-08-21T12:36:27,0.0,0.0
SPXW,2026-09-15,25,Call,7225.0,SPXW260915C07225000,467.0,486.5,476.75,0.0,0.0,0.0,0.0,0.0,0.1756,0.9117,0.0004,3.33,-1.114,4.1106,473.678,0.0,0.0,0.0,459.150009155273,no_change,,0.0,0.0
SPXW,2026-09-15,25,Put,7225.0,SPXW260915P07225000,14.1,14.4,14.25,14.85,-5.75,-27.9126,2.0,123.0,0.1769,-0.0882,0.0004,3.33,-1.114,-0.429,14.4261,15.25,15.25,14.85,20.5999994277954,down,2026-08-21T13:13:49,0.0,0.0
SPXW,2026-09-15,25,Call,7250.0,SPXW260915C07250000,443.7,462.8,453.25,0.0,0.0,0.0,0.0,0.0,0.1719,0.9038,0.0005,3.5436,-1.1641,4.0877,449.9778,0.0,0.0,0.0,435.799987792969,no_change,,0.0,0.0
SPXW,2026-09-15,25,Put,7250.0,SPXW260915P07250000,15.3,15.7,15.5,18.02,-4.18,-18.8288,70.0,225.0,0.173,-0.096,0.0005,3.5436,-1.1641,-0.4676,15.6572,18.03,18.03,18.02,22.1999998092651,no_change,2026-08-21T09:39:31,0.0,0.0
SPXW,2026-09-15,25,Call,7275.0,SPXW260915C07275000,424.2,430.3,427.25,0.0,0.0,0.0,0.0,0.0,0.1684,0.895,0.0005,3.7704,-1.2166,4.0599,426.424,0.0,0.0,0.0,412.650009155273,no_change,,0.0,0.0
SPXW,2026-09-15,25,Put,7275.0,SPXW260915P07275000,16.7,17.0,16.85,17.35,-6.6,-27.5574,2.0,48.0,0.1694,-0.1048,0.0005,3.7704,-1.2166,-0.5111,17.0348,17.75,17.75,17.35,23.9499998092651,down,2026-08-21T13:13:49,0.0,0.0
SPXW,2026-09-15,25,Call,7300.0,SPXW260915C07300000,401.2,406.9,404.04999999999995,444.59,0.0,0.0,0.0,0.0,0.1648,0.8853,0.0006,4.0084,-1.2713,4.0278,403.036,0.0,0.0,0.0,389.650009155273,down,2026-08-18T09:30:17,0.0,0.0
SPXW,2026-09-15,25,Put,7300.0,SPXW260915P07300000,18.2,18.6,18.4,19.25,-6.7,-25.8189,1.0,98.0,0.1657,-0.1146,0.0006,4.0084,-1.2713,-0.5589,18.5781,19.25,19.25,19.25,25.9499998092651,down,2026-08-21T11:08:14,0.0,0.0
SPXW,2026-09-15,25,Call,7325.0,SPXW260915C07325000,378.0,383.6,380.8,467.33,0.0,0.0,0.0,1.0,0.1612,0.8744,0.0006,4.2633,-1.328,3.9908,379.8327,0.0,0.0,0.0,366.899993896484,up,2026-08-12T12:56:36,0.0,0.0
SPXW,2026-09-15,25,Put,7325.0,SPXW260915P07325000,19.9,20.3,20.1,21.2,-6.9,-24.5552,40.0,96.0,0.162,-0.1254,0.0006,4.2633,-1.328,-0.6116,20.3062,20.33,21.2,20.33,28.0999994277954,up,2026-08-21T14:39:32,0.0,0.0
SPXW,2026-09-15,25,Call,7350.0,SPXW260915C07350000,354.6,360.6,357.6,0.0,0.0,0.0,0.0,0.0,0.1576,0.8624,0.0007,4.5349,-1.3863,3.9467,356.8406,0.0,0.0,0.0,344.449996948242,no_change,,0.0,0.0
SPXW,2026-09-15,25,Put,7350.0,SPXW260915P07350000,21.9,22.2,22.049999999999997,22.25,-8.3,-27.1686,21.0,112.0,0.1585,-0.1374,0.0007,4.5349,-1.3863,-0.6714,22.2454,22.18,22.25,22.18,30.5500001907349,up,2026-08-21T12:43:43,0.0,0.0
SPXW,2026-09-15,25,Call,7360.0,SPXW260915C07360000,345.7,351.4,348.54999999999995,0.0,0.0,0.0,0.0,0.0,0.1563,0.8572,0.0007,4.6463,-1.41,3.9271,347.7102,0.0,0.0,0.0,0.0,no_change,,0.0,0.0
SPXW,2026-09-15,25,Put,7360.0,SPXW260915P07360000,22.7,23.1,22.9,0.0,0.0,0.0,0.0,0.0,0.157,-0.1426,0.0007,4.6463,-1.41,-0.6973,23.0875,0.0,0.0,0.0,0.0,no_change,,0.0,0.0
SPXW,2026-09-15,25,Call,7370.0,SPXW260915C07370000,336.6,342.3,339.45000000000005,0.0,0.0,0.0,0.0,0.0,0.1548,0.8518,0.0007,4.7589,-1.4339,3.9066,338.6205,0.0,0.0,0.0,0.0,no_change,,0.0,0.0
SPXW,2026-09-15,25,Put,7370.0,SPXW260915P07370000,23.6,23.9,23.75,0.0,0.0,0.0,0.0,0.0,0.1556,-0.1481,0.0007,4.7589,-1.4339,-0.7241,23.9704,0.0,0.0,0.0,0.0,no_change,,0.0,0.0
SPXW,2026-09-15,25,Call,7375.0,SPXW260915C07375000,331.9,337.8,334.85,367.31,0.0,0.0,0.0,21.0,0.1542,0.849,0.0008,4.8158,-1.4459,3.896,334.0915,0.0,0.0,0.0,322.149993896484,no_change,2026-08-18T11:36:24,0.0,0.0
SPXW,2026-09-15,25,Put,7375.0,SPXW260915P07375000,24.0,24.4,24.2,24.18,-9.02,-27.1687,50.0,163.0,0.155,-0.1509,0.0008,4.8158,-1.4459,-0.7378,24.4277,27.71,28.32,24.1,33.2000007629394,up,2026-08-21T15:08:23,0.0,0.0
SPXW,2026-09-15,25,Call,7380.0,SPXW260915C07380000,327.4,333.2,330.29999999999995,0.0,0.0,0.0,0.0,0.0,0.1535,0.8461,0.0008,4.8733,-1.458,3.8852,329.5734,0.0,0.0,0.0,0.0,no_change,,0.0,0.0
SPXW,2026-09-15,25,Put,7380.0,SPXW260915P07380000,24.5,24.9,24.7,0.0,0.0,0.0,0.0,0.0,0.1541,-0.1537,0.0008,4.8733,-1.458,-0.7518,24.8958,0.0,0.0,0.0,0.0,no_change,,0.0,0.0
SPXW,2026-09-15,25,Call,7390.0,SPXW260915C07390000,318.4,324.2,321.29999999999995,0.0,0.0,0.0,0.0,0.0,0.1522,0.8402,0.0008,4.9903,-1.4821,3.8627,320.5707,0.0,0.0,0.0,309.0,no_change,,0.0,0.0
SPXW,2026-09-15,25,Put,7390.0,SPXW260915P07390000,25.5,25.8,25.65,0.0,0.0,0.0,0.0,0.0,0.1528,-0.1596,0.0008,4.9903,-1.4821,-0.7805,25.8656,0.0,0.0,0.0,35.0,no_change,,0.0,0.0
SPXW,2026-09-15,25,Call,7400.0,SPXW260915C07400000,309.4,315.2,312.29999999999995,353.25,0.0,0.0,0.0,0.0,0.1507,0.834,0.0008,5.1102,-1.5063,3.8389,311.6147,0.0,0.0,0.0,300.199996948242,down,2026-08-18T09:30:17,0.0,0.0
SPXW,2026-09-15,25,Put,7400.0,SPXW260915P07400000,26.5,26.9,26.7,31.05,-5.15,-14.2265,5.0,286.0,0.1514,-0.1658,0.0008,5.1102,-1.5063,-0.8106,26.8822,29.1,31.05,29.1,36.2000007629394,up,2026-08-21T09:54:28,0.0,0.0
SPXW,2026-09-15,25,Call,7410.0,SPXW260915C07410000,300.6,306.3,303.45000000000005,0.0,0.0,0.0,0.0,0.0,0.1493,0.8276,0.0008,5.2328,-1.5304,3.8134,302.7084,0.0,0.0,0.0,291.549987792969,no_change,,0.0,0.0
SPXW,2026-09-15,25,Put,7410.0,SPXW260915P07410000,27.5,27.9,27.7,0.0,0.0,0.0,0.0,0.0,0.15,-0.1722,0.0008,5.2328,-1.5304,-0.8424,27.9484,0.0,0.0,0.0,37.5,no_change,,0.0,0.0
SPXW,2026-09-15,25,Call,7420.0,SPXW260915C07420000,291.7,297.4,294.54999999999995,0.0,0.0,0.0,0.0,0.0,0.148,0.8209,0.0009,5.3572,-1.5546,3.7862,293.855,0.0,0.0,0.0,282.950012207031,no_change,,0.0,0.0
SPXW,2026-09-15,25,Put,7420.0,SPXW260915P07420000,28.6,29.0,28.8,35.54,0.0,0.0,0.0,3.0,0.1486,-0.179,0.0009,5.3572,-1.5546,-0.8758,29.0676,0.0,0.0,0.0,38.8500003814697,up,2026-08-20T10:07:35,0.0,0.0
SPXW,2026-09-15,25,Call,7425.0,SPXW260915C07425000,287.3,293.0,290.15,0.0,0.0,0.0,0.0,0.0,0.1473,0.8174,0.0009,5.4195,-1.5666,3.772,289.4492,0.0,0.0,0.0,278.649993896484,no_change,,0.0,0.0
SPXW,2026-09-15,25,Put,7425.0,SPXW260915P07425000,29.2,29.6,29.4,36.3,0.0,0.0,0.0,29.0,0.1479,-0.1824,0.0009,5.4195,-1.5666,-0.8932,29.648,0.0,0.0,0.0,39.5500011444092,down,2026-08-20T13:49:52,0.0,0.0
SPXW,2026-09-15,25,Call,7430.0,SPXW260915C07430000,282.9,288.6,285.75,0.0,0.0,0.0,0.0,0.0,0.1466,0.8139,0.0009,5.482,-1.5786,3.7575,285.0577,0.0,0.0,0.0,274.350006103516,no_change,,0.0,0.0
SPXW,2026-09-15,25,Put,7430.0,SPXW260915P07430000,29.8,30.2,30.0,0.0,0.0,0.0,0.0,0.0,0.1472,-0.186,0.0009,5.482,-1.5786,-0.9109,30.2428,0.0,0.0,0.0,40.25,no_change,,0.0,0.0
SPXW,2026-09-15,25,Call,7440.0,SPXW260915C07440000,274.1,279.8,276.95000000000005,0.0,0.0,0.0,0.0,0.0,0.1451,0.8066,0.0009,5.6068,-1.6025,3.7275,276.3193,0.0,0.0,0.0,265.900009155273,no_change,,0.0,0.0
SPXW,2026-09-15,25,Put,7440.0,SPXW260915P07440000,31.0,31.4,31.2,38.87,0.0,0.0,0.0,1.0,0.1458,-0.1933,0.0009,5.6068,-1.6025,-0.9471,31.4769,0.0,0.0,0.0,41.7000007629394,up,2026-08-20T10:20:00,0.0,0.0
SPXW,2026-09-15,25,Call,7450.0,SPXW260915C07450000,265.5,271.1,268.3,309.54,0.0,0.0,0.0,1.0,0.1439,0.799,0.001,5.7321,-1.6261,3.6964,267.6421,0.0,0.0,0.0,257.400001525879,up,2026-08-19T13:24:28,0.0,0.0
SPXW,2026-09-15,25,Put,7450.0,SPXW260915P07450000,32.3,32.7,32.5,32.2,-11.0,-25.463,6.0,95.0,0.1445,-0.2009,0.001,5.7321,-1.6261,-0.9845,32.7723,35.55,35.55,32.2,43.2000007629394,down,2026-08-21T15:18:15,0.0,0.0
SPXW,2026-09-15,25,Call,7460.0,SPXW260915C07460000,256.9,262.5,259.7,0.0,0.0,0.0,0.0,0.0,0.1426,0.791,0.001,5.8589,-1.6494,3.664,259.0289,0.0,0.0,0.0,249.0,no_change,,0.0,0.0
SPXW,2026-09-15,25,Put,7460.0,SPXW260915P07460000,33.7,34.1,33.900000000000006,33.1,-11.7,-26.1161,1.0,0.0,0.1431,-0.2088,0.001,5.8589,-1.6494,-1.0232,34.1316,33.1,33.1,33.1,44.7999992370606,down,2026-08-21T15:58:16,0.0,0.0
SPXW,2026-09-15,25,Call,7470.0,SPXW260915C07470000,248.3,253.9,251.10000000000002,0.0,0.0,0.0,0.0,0.0,0.1411,0.7827,0.001,5.9877,-1.6724,3.6297,250.4829,0.0,0.0,0.0,240.949996948242,no_change,,0.0,0.0
SPXW,2026-09-15,25,Put,7470.0,SPXW260915P07470000,35.1,35.5,35.3,34.28,0.0,0.0,0.0,5.0,0.1417,-0.2171,0.001,5.9877,-1.6724,-1.0638,35.5581,0.0,0.0,0.0,46.5,up,2026-08-19T13:27:49,0.0,0.0
SPXW,2026-09-15,25,Call,7475.0,SPXW260915C07475000,244.1,249.6,246.85,257.07,0.0,0.0,0.0,1.0,0.1405,0.7785,0.001,6.0527,-1.6837,3.6117,246.2364,0.0,0.0,0.0,236.75,down,2026-08-20T10:17:58,0.0,0.0
SPXW,2026-09-15,25,Put,7475.0,SPXW260915P07475000,35.8,36.2,36.0,35.6,-11.75,-24.8152,6.0,48.0,0.1411,-0.2214,0.001,6.0527,-1.6837,-1.0849,36.2979,39.2,39.2,35.6,47.3500003814697,down,2026-08-21T15:18:15,0.0,0.0
SPXW,2026-09-15,25,Call,7480.0,SPXW260915C07480000,239.8,245.4,242.60000000000002,0.0,0.0,0.0,0.0,0.0,0.1397,0.7741,0.0011,6.1178,-1.6949,3.5931,242.0085,0.0,0.0,0.0,232.650001525879,no_change,,0.0,0.0
SPXW,2026-09-15,25,Put,7480.0,SPXW260915P07480000,36.6,37.0,36.8,41.07,-7.13,-14.7925,1.0,4.0,0.1404,-0.2257,0.0011,6.1178,-1.6949,-1.1067,37.0562,41.07,41.07,41.07,48.2000007629394,up,2026-08-21T09:56:45,0.0,0.0
SPXW,2026-09-15,25,Call,7490.0,SPXW260915C07490000,231.5,237.0,234.25,244.5,0.0,0.0,0.0,1.0,0.1384,0.7651,0.0011,6.2475,-1.7168,3.5543,233.6102,0.0,0.0,0.0,224.5,down,2026-08-20T10:17:58,0.0,0.0
SPXW,2026-09-15,25,Put,7490.0,SPXW260915P07490000,38.1,38.5,38.3,37.5,-12.5,-25.0,2.0,0.0,0.139,-0.2347,0.0011,6.2475,-1.7168,-1.1518,38.6304,42.67,42.67,37.5,50.0,down,2026-08-21T15:58:16,0.0,0.0
SPXW,2026-09-15,25,Call,7500.0,SPXW260915C07500000,223.1,228.6,225.85,266.16,0.0,0.0,0.0,43.0,0.137,0.7558,0.0011,6.3754,-1.738,3.5138,225.292,0.0,0.0,0.0,216.400001525879,up,2026-08-19T13:24:28,0.0,0.0
SPXW,2026-09-15,25,Put,7500.0,SPXW260915P07500000,39.8,40.2,40.0,40.3,-11.6,-22.3507,2.0,243.0,0.1376,-0.2441,0.0011,6.3754,-1.738,-1.1985,40.2848,38.5,40.3,38.5,51.8999996185303,up,2026-08-21T15:55:02,0.0,0.0
SPXW,2026-09-15,25,Call,7510.0,SPXW260915C07510000,214.9,220.3,217.60000000000002,0.0,0.0,0.0,0.0,0.0,0.1358,0.746,0.0012,6.5014,-1.7585,3.4722,217.0571,0.0,0.0,0.0,208.400001525879,no_change,,0.0,0.0
SPXW,2026-09-15,25,Put,7510.0,SPXW260915P07510000,41.5,41.9,41.7,38.94,0.0,0.0,0.0,8.0,0.1363,-0.2538,0.0012,6.5014,-1.7585,-1.2464,42.0225,0.0,0.0,0.0,53.8999996185303,up,2026-08-19T15:44:16,0.0,0.0
SPXW,2026-09-15,25,Call,7520.0,SPXW260915C07520000,206.8,212.1,209.45,0.0,0.0,0.0,0.0,0.0,0.1344,0.7359,0.0012,6.6264,-1.7781,3.4289,208.9087,0.0,0.0,0.0,200.399993896484,no_change,,0.0,0.0
SPXW,2026-09-15,25,Put,7520.0,SPXW260915P07520000,43.3,43.7,43.5,0.0,0.0,0.0,0.0,0.0,0.135,-0.2639,0.0012,6.6264,-1.7781,-1.2959,43.8466,0.0,0.0,0.0,56.0,no_change,,0.0,0.0
SPXW,2026-09-15,25,Call,7525.0,SPXW260915C07525000,202.7,208.0,205.35,239.17,0.0,0.0,0.0,20.0,0.1338,0.7307,0.0012,6.6889,-1.7875,3.4065,204.8682,0.0,0.0,0.0,196.449996948242,down,2026-08-18T11:11:20,0.0,0.0
SPXW,2026-09-15,25,Put,7525.0,SPXW260915P07525000,44.2,44.6,44.400000000000006,44.76,-12.24,-21.4737,2.0,61.0,0.1343,-0.2692,0.0012,6.6889,-1.7875,-1.3215,44.7923,44.76,44.76,44.76,57.0,up,2026-08-21T13:53:09,0.0,0.0
SPXW,2026-09-15,25,Call,7530.0,SPXW260915C07530000,198.7,204.0,201.35,0.0,0.0,0.0,0.0,0.0,0.1331,0.7254,0.0012,6.7513,-1.7967,3.3834,200.851,0.0,0.0,0.0,192.900001525879,no_change,,0.0,0.0
SPXW,2026-09-15,25,Put,7530.0,SPXW260915P07530000,45.2,45.6,45.400000000000006,0.0,0.0,0.0,0.0,0.0,0.1336,-0.2745,0.0012,6.7513,-1.7967,-1.3477,45.7614,0.0,0.0,0.0,58.1000003814697,no_change,,0.0,0.0
SPXW,2026-09-15,25,Call,7540.0,SPXW260915C07540000,190.8,196.0,193.4,0.0,0.0,0.0,0.0,0.0,0.1318,0.7144,0.0013,6.8752,-1.8141,3.335,192.8896,0.0,0.0,0.0,185.099998474121,no_change,,0.0,0.0
SPXW,2026-09-15,25,Put,7540.0,SPXW260915P07540000,47.2,47.6,47.400000000000006,50.93,0.0,0.0,0.0,3.0,0.1323,-0.2854,0.0013,6.8752,-1.8141,-1.4024,47.7726,0.0,0.0,0.0,60.2999992370606,up,2026-08-20T10:51:44,0.0,0.0
SPXW,2026-09-15,25,Call,7550.0,SPXW260915C07550000,182.9,188.1,185.5,199.0,0.0,0.0,0.0,4.0,0.1304,0.7031,0.0013,6.996,-1.8302,3.2842,185.0304,0.0,0.0,0.0,177.5,up,2026-08-20T12:03:33,0.0,0.0
SPXW,2026-09-15,25,Put,7550.0,SPXW260915P07550000,49.3,49.7,49.5,49.79,-12.91,-20.5901,6.0,60.0,0.131,-0.2968,0.0013,6.996,-1.8302,-1.4595,49.8859,51.63,51.63,49.58,62.7000007629394,down,2026-08-21T13:53:09,0.0,0.0
SPXW,2026-09-15,25,Call,7560.0,SPXW260915C07560000,177.6,178.2,177.89999999999998,238.43,0.0,0.0,0.0,0.0,0.1298,0.6913,0.0014,7.112,-1.845,3.2317,177.2781,0.0,0.0,0.0,170.0,up,2026-08-19T10:59:13,0.0,0.0
SPXW,2026-09-15,25,Put,7560.0,SPXW260915P07560000,51.4,51.9,51.65,0.0,0.0,0.0,0.0,0.0,0.1296,-0.3086,0.0014,7.112,-1.845,-1.5183,52.1062,0.0,0.0,0.0,65.1000022888184,no_change,,0.0,0.0
SPXW,2026-09-15,25,Call,7570.0,SPXW260915C07570000,170.0,170.5,170.25,0.0,0.0,0.0,0.0,0.0,0.1284,0.679,0.0014,7.2232,-1.8581,3.1779,169.6364,0.0,0.0,0.0,162.599998474121,no_change,,0.0,0.0
SPXW,2026-09-15,25,Put,7570.0,SPXW260915P07570000,53.7,54.2,53.95,69.5,0.0,0.0,0.0,6.0,0.1283,-0.3208,0.0014,7.2232,-1.8581,-1.5783,54.437,0.0,0.0,0.0,67.7000007629394,up,2026-08-20T15:56:56,0.0,0.0
SPXW,2026-09-15,25,Call,7575.0,SPXW260915C07575000,166.2,166.7,166.45,0.0,0.0,0.0,0.0,0.0,0.1276,0.6728,0.0014,7.2774,-1.8641,3.1503,165.8583,0.0,0.0,0.0,158.900001525879,no_change,,0.0,0.0
SPXW,2026-09-15,25,Put,7575.0,SPXW260915P07575000,54.9,55.4,55.15,55.49,-13.51,-19.5797,15.0,91.0,0.1277,-0.3271,0.0014,7.2774,-1.8641,-1.6091,55.6452,59.85,60.2,55.49,69.0,down,2026-08-21T13:53:09,0.0,0.0
SPXW,2026-09-15,25,Call,7580.0,SPXW260915C07580000,162.4,162.9,162.65,160.95,5.65,3.63812,10.0,20.0,0.1271,0.6664,0.0014,7.3307,-1.8696,3.122,162.1097,158.95,160.95,158.95,155.300003051758,up,2026-08-21T10:54:20,0.0,0.0
SPXW,2026-09-15,25,Put,7580.0,SPXW260915P07580000,56.2,56.6,56.400000000000006,61.07,-9.33,-13.2528,10.0,62.0,0.1271,-0.3335,0.0014,7.3307,-1.8696,-1.6406,56.8828,61.07,61.07,61.07,70.3999977111816,up,2026-08-21T10:29:50,0.0,0.0
SPXW,2026-09-15,25,Call,7590.0,SPXW260915C07590000,155.0,155.5,155.25,0.0,0.0,0.0,0.0,0.0,0.1258,0.6533,0.0015,7.4344,-1.8793,3.0629,154.7043,0.0,0.0,0.0,148.099998474121,no_change,,0.0,0.0
SPXW,2026-09-15,25,Put,7590.0,SPXW260915P07590000,58.7,59.2,58.95,64.2,-9.0,-12.2951,11.0,69.0,0.1257,-0.3466,0.0015,7.4344,-1.8793,-1.706,59.4499,64.2,64.2,64.2,73.2000007629394,up,2026-08-21T10:40:20,0.0,0.0
SPXW,2026-09-15,25,Call,7600.0,SPXW260915C07600000,147.7,148.2,147.95,147.64,6.59,4.6721,14.0,2.0,0.1246,0.6397,0.0015,7.5325,-1.8869,3.0008,147.4278,144.69,147.64,144.69,141.050003051758,up,2026-08-21T14:15:28,0.0,0.0
SPXW,2026-09-15,25,Put,7600.0,SPXW260915P07600000,61.4,61.8,61.599999999999994,61.97,-14.13,-18.5677,32.0,361.0,0.1245,-0.3601,0.0015,7.5325,-1.8869,-1.7743,62.146,66.46,67.0,59.4,76.1000022888184,down,2026-08-21T13:53:09,0.0,0.0
SPXW,2026-09-15,25,Call,7610.0,SPXW260915C07610000,140.4,141.1,140.75,155.4,0.0,0.0,0.0,3.0,0.1232,0.6257,0.0015,7.6225,-1.8923,2.937,140.2866,0.0,0.0,0.0,134.199996948242,down,2026-08-20T10:36:17,0.0,0.0
SPXW,2026-09-15,25,Put,7610.0,SPXW260915P07610000,64.2,64.6,64.4,63.98,-15.22,-19.2172,24.0,189.0,0.1232,-0.3742,0.0015,7.6225,-1.8923,-1.8444,64.9773,63.33,64.6,63.33,79.2000007629394,down,2026-08-21T15:59:40,0.0,0.0
SPXW,2026-09-15,25,Call,7620.0,SPXW260915C07620000,133.5,134.0,133.75,0.0,0.0,0.0,0.0,0.0,0.122,0.6112,0.0016,7.7041,-1.8954,2.872,133.2848,0.0,0.0,0.0,127.5,no_change,,0.0,0.0
SPXW,2026-09-15,25,Put,7620.0,SPXW260915P07620000,67.1,67.6,67.35,80.33,0.0,0.0,0.0,16.0,0.122,-0.3886,0.0016,7.7041,-1.8954,-1.9156,67.948,0.0,0.0,0.0,82.4499969482422,up,2026-08-20T14:50:32,0.0,0.0
SPXW,2026-09-15,25,Call,7625.0,SPXW260915C07625000,130.0,130.6,130.3,158.77,0.0,0.0,0.0,13.0,0.1214,0.6038,0.0016,7.7419,-1.8961,2.8388,129.8377,0.0,0.0,0.0,124.100002288818,down,2026-08-18T14:12:16,0.0,0.0
SPXW,2026-09-15,25,Put,7625.0,SPXW260915P07625000,68.7,69.1,68.9,70.8,-13.3,-15.8145,4.0,334.0,0.1214,-0.396,0.0016,7.7419,-1.8961,-1.952,69.4873,73.97,73.97,69.98,84.1000022888184,up,2026-08-21T14:35:10,0.0,0.0
SPXW,2026-09-15,25,Call,7630.0,SPXW260915C07630000,126.6,127.2,126.9,122.6,1.7,1.40612,8.0,5.0,0.1208,0.5963,0.0016,7.7778,-1.8961,2.8048,126.4278,122.6,122.6,122.6,120.899997711182,down,2026-08-21T10:40:19,0.0,0.0
SPXW,2026-09-15,25,Put,7630.0,SPXW260915P07630000,70.2,70.7,70.45,71.05,-14.75,-17.1911,1.0,49.0,0.1207,-0.4035,0.0016,7.7778,-1.8961,-1.9892,71.0636,71.05,71.05,71.05,85.7999992370606,up,2026-08-21T13:39:30,0.0,0.0
SPXW,2026-09-15,25,Call,7640.0,SPXW260915C07640000,119.9,120.4,120.15,200.2,0.0,0.0,0.0,4.0,0.1195,0.581,0.0016,7.8434,-1.8942,2.734,119.7238,0.0,0.0,0.0,114.399997711182,up,2026-08-12T09:35:26,0.0,0.0
SPXW,2026-09-15,25,Put,7640.0,SPXW260915P07640000,73.5,73.9,73.7,74.55,-14.75,-16.5174,42.0,12.0,0.1195,-0.4189,0.0016,7.8434,-1.8942,-2.0662,74.3322,78.07,78.07,74.4,89.2999992370606,up,2026-08-21T14:48:30,0.0,0.0
SPXW,2026-09-15,25,Call,7650.0,SPXW260915C07650000,113.4,113.9,113.65,125.73,17.63,16.309,10.0,20.0,0.1183,0.5652,0.0016,7.8989,-1.8896,2.6606,113.182,125.73,125.73,125.73,108.100002288818,down,2026-08-21T11:43:14,0.0,0.0
SPXW,2026-09-15,25,Put,7650.0,SPXW260915P07650000,76.9,77.4,77.15,74.4,-18.6,-20.0,24.0,2356.0,0.1184,-0.4346,0.0016,7.8989,-1.8896,-2.1458,77.7629,81.62,81.62,74.4,93.0,down,2026-08-21T15:46:37,0.0,0.0
SPXW,2026-09-15,25,Call,7660.0,SPXW260915C07660000,107.0,107.5,107.25,101.6,0.0,0.0,0.0,31.0,0.1171,0.549,0.0017,7.9427,-1.882,2.5863,106.8084,0.0,0.0,0.0,102.0,no_change,2026-08-20T15:54:27,0.0,0.0
SPXW,2026-09-15,25,Put,7660.0,SPXW260915P07660000,80.5,81.0,80.75,80.87,-15.98,-16.4997,31.0,43.0,0.1172,-0.4508,0.0017,7.9427,-1.882,-2.2265,81.3619,85.9,85.9,75.1,96.8499984741211,down,2026-08-21T14:50:15,0.0,0.0
SPXW,2026-09-15,25,Call,7670.0,SPXW260915C07670000,100.8,101.3,101.05,101.8,5.75,5.98646,30.0,1.0,0.1159,0.5324,0.0017,7.9744,-1.8715,2.5108,100.6078,99.1,106.14,96.2,96.0500030517578,down,2026-08-21T16:05:17,0.0,0.0
SPXW,2026-09-15,25,Put,7670.0,SPXW260915P07670000,84.2,84.7,84.45,84.6,-16.3,-16.1546,7.0,11.0,0.116,-0.4674,0.0017,7.9744,-1.8715,-2.3082,85.1338,87.6,88.6,80.0,100.899997711182,up,2026-08-21T16:01:21,0.0,0.0
SPXW,2026-09-15,25,Call,7675.0,SPXW260915C07675000,97.7,98.2,97.95,98.05,4.9,5.26033,3.0,2553.0,0.1154,0.524,0.0017,7.9857,-1.8651,2.4721,97.5745,103.72,103.72,98.05,93.1500015258789,down,2026-08-21T14:46:43,0.0,0.0
SPXW,2026-09-15,25,Put,7675.0,SPXW260915P07675000,86.2,86.7,86.45,83.82,-19.08,-18.5423,51.0,2673.0,0.1154,-0.4758,0.0017,7.9857,-1.8651,-2.3501,87.0867,92.0,92.0,79.69,102.899997711182,up,2026-08-21T15:51:39,0.0,0.0
SPXW,2026-09-15,25,Call,7680.0,SPXW260915C07680000,94.7,95.2,94.95,94.76,4.46,4.93909,12.0,18.0,0.1148,0.5155,0.0017,7.9938,-1.858,2.4324,94.5875,97.61,97.61,94.76,90.2999992370606,down,2026-08-21T16:00:02,0.0,0.0
SPXW,2026-09-15,25,Put,7680.0,SPXW260915P07680000,88.2,88.7,88.45,86.5,-18.6,-17.6974,50.0,47.0,0.1148,-0.4844,0.0017,7.9938,-1.858,-2.393,89.086,94.0,94.0,86.5,105.100002288818,down,2026-08-21T15:35:28,0.0,0.0
SPXW,2026-09-15,25,Call,7690.0,SPXW260915C07690000,88.9,89.4,89.15,92.8,8.1,9.56316,104.0,6.0,0.1138,0.4982,0.0017,7.9997,-1.8412,2.351,88.7573,98.7,98.7,89.3,84.7000007629394,up,2026-08-21T15:58:40,0.0,0.0
SPXW,2026-09-15,25,Put,7690.0,SPXW260915P07690000,92.3,92.8,92.55,93.07,-16.43,-15.0046,103.0,29.0,0.1138,-0.5017,0.0017,7.9997,-1.8412,-2.4806,93.2283,87.3,93.07,87.2,109.5,up,2026-08-21T16:11:01,0.0,0.0
SPXW,2026-09-15,25,Call,7700.0,SPXW260915C07700000,83.2,83.8,83.5,86.8,7.5,9.45776,16.0,2336.0,0.1127,0.4806,0.0018,7.9914,-1.8213,2.2689,83.1241,86.2,94.9,84.9,79.2999992370606,up,2026-08-21T15:18:15,0.0,0.0
SPXW,2026-09-15,25,Put,7700.0,SPXW260915P07700000,96.6,97.1,96.85,93.93,-20.17,-17.6775,20.0,67.0,0.1126,-0.5193,0.0018,7.9914,-1.8213,-2.569,97.5677,101.8,101.8,92.0,114.100002288818,down,2026-08-21T15:40:08,0.0,0.0
SPXW,2026-09-15,25,Call,7710.0,SPXW260915C07710000,77.8,78.3,78.05,79.05,4.95,6.68016,1.0,16.0,0.1117,0.4627,0.0018,7.9684,-1.7981,2.1867,77.6911,79.05,79.05,79.05,74.1000022888184,up,2026-08-21T10:10:45,0.0,0.0
SPXW,2026-09-15,25,Put,7710.0,SPXW260915P07710000,101.2,101.7,101.45,103.43,-15.37,-12.9377,7.0,27.0,0.1116,-0.5371,0.0018,7.9684,-1.7981,-2.6575,102.1072,107.8,107.8,103.43,118.799999237061,down,2026-08-21T10:10:45,0.0,0.0
SPXW,2026-09-15,25,Call,7720.0,SPXW260915C07720000,72.6,73.1,72.85,74.7,5.6,8.10419,1.0,10.0,0.1106,0.4446,0.0018,7.9298,-1.7717,2.1023,72.4632,74.7,74.7,74.7,69.1000022888184,down,2026-08-21T10:59:10,0.0,0.0
SPXW,2026-09-15,25,Put,7720.0,SPXW260915P07720000,105.9,106.4,106.15,106.21,-17.59,-14.2084,2.0,31.0,0.1106,-0.5552,0.0018,7.9298,-1.7717,-2.7481,106.8519,112.3,112.3,106.21,123.799999237061,down,2026-08-21T10:59:10,0.0,0.0
SPXW,2026-09-15,25,Call,7725.0,SPXW260915C07725000,70.1,70.6,70.35,73.4,6.7,10.045,7.0,264.0,0.1101,0.4355,0.0018,7.9041,-1.7572,2.0591,69.9287,72.8,73.4,69.6,66.7000007629394,up,2026-08-21T15:18:15,0.0,0.0
SPXW,2026-09-15,25,Put,7725.0,SPXW260915P07725000,108.4,108.9,108.65,109.9,-16.4,-12.985,1.0,61.0,0.1101,-0.5644,0.0018,7.9041,-1.7572,-2.7945,109.3037,109.9,109.9,109.9,126.299999237061,down,2026-08-21T14:46:58,0.0,0.0
SPXW,2026-09-15,25,Call,7730.0,SPXW260915C07730000,67.6,68.1,67.85,67.92,3.62,5.62986,5.0,6.0,0.1096,0.4263,0.0018,7.8742,-1.742,2.0156,67.4483,69.2,69.2,67.92,64.2999992370606,down,2026-08-21T14:15:28,0.0,0.0
SPXW,2026-09-15,25,Put,7730.0,SPXW260915P07730000,110.9,111.4,111.15,118.04,-10.91,-8.46064,8.0,142.0,0.1096,-0.5735,0.0018,7.8742,-1.742,-2.8411,111.8095,118.04,118.04,118.04,128.949996948242,down,2026-08-21T10:00:33,0.0,0.0
SPXW,2026-09-15,25,Call,7740.0,SPXW260915C07740000,62.8,63.3,63.05,66.07,6.37,10.67,17.0,21.0,0.1086,0.4079,0.0018,7.8027,-1.709,1.9293,62.6501,65.13,66.07,65.13,59.7000007629394,up,2026-08-21T15:40:39,0.0,0.0
SPXW,2026-09-15,25,Put,7740.0,SPXW260915P07740000,116.0,116.5,116.25,117.6,-16.75,-12.4674,17.0,24.0,0.1086,-0.5919,0.0018,7.8027,-1.709,-2.9337,116.9838,113.35,117.6,113.35,134.350006103516,up,2026-08-21T14:46:58,0.0,0.0
SPXW,2026-09-15,25,Call,7750.0,SPXW260915C07750000,58.2,58.7,58.45,58.18,2.83,5.11292,22.0,349.0,0.1077,0.3895,0.0018,7.7162,-1.673,1.8438,58.0675,62.3,63.32,58.18,55.3499984741211,down,2026-08-21T14:46:17,0.0,0.0
SPXW,2026-09-15,25,Put,7750.0,SPXW260915P07750000,121.4,121.9,121.65,118.08,-21.87,-15.627,22.0,164.0,0.1076,-0.6104,0.0018,7.7162,-1.673,-3.0255,122.3737,119.83,122.85,115.45,139.949996948242,down,2026-08-21T15:40:08,0.0,0.0
SPXW,2026-09-15,25,Call,7760.0,SPXW260915C07760000,53.8,54.3,54.05,54.4,3.2,6.25,23.0,27.0,0.1068,0.371,0.0018,7.6124,-1.6338,1.7568,53.702,57.9,58.82,53.87,51.2000007629394,up,2026-08-21T14:46:58,0.0,0.0
SPXW,2026-09-15,25,Put,7760.0,SPXW260915P07760000,127.0,127.5,127.25,125.15,-20.6,-14.1338,5.0,31.0,0.1067,-0.6288,0.0018,7.6124,-1.6338,-3.1188,127.9808,132.2,132.2,125.15,145.75,down,2026-08-21T15:22:35,0.0,0.0
SPXW,2026-09-15,25,Call,7770.0,SPXW260915C07770000,49.6,50.1,49.85,48.22,0.0,0.0,0.0,136.0,0.1059,0.3526,0.0017,7.4902,-1.5917,1.669,49.5567,0.0,0.0,0.0,47.2000007629394,no_change,2026-08-20T15:02:11,0.0,0.0
SPXW,2026-09-15,25,Put,7770.0,SPXW260915P07770000,132.8,133.3,133.05,138.0,-13.75,-9.06096,6.0,15.0,0.1058,-0.6472,0.0017,7.4902,-1.5917,-3.2129,133.8081,138.0,138.0,138.0,151.75,up,2026-08-21T10:27:44,0.0,0.0
SPXW,2026-09-15,25,Call,7775.0,SPXW260915C07775000,47.6,48.1,47.85,48.3,3.0,6.62252,11.0,18.0,0.1055,0.3434,0.0017,7.4233,-1.5696,1.6258,47.5662,51.68,51.68,48.3,45.2999992370606,down,2026-08-21T14:46:58,0.0,0.0
SPXW,2026-09-15,25,Put,7775.0,SPXW260915P07775000,135.8,136.3,136.05,133.97,-20.83,-13.4561,15.0,8.0,0.1054,-0.6564,0.0017,7.4233,-1.5696,-3.2592,136.8038,141.1,141.1,133.55,154.800003051758,no_change,2026-08-21T13:14:12,0.0,0.0
SPXW,2026-09-15,25,Call,7780.0,SPXW260915C07780000,45.7,46.1,45.900000000000006,48.38,4.88,11.2184,2.0,70.0,0.105,0.3343,0.0017,7.3532,-1.5467,1.5832,45.6294,45.41,48.38,45.41,43.5,up,2026-08-21T15:28:46,0.0,0.0
SPXW,2026-09-15,25,Put,7780.0,SPXW260915P07780000,138.8,139.3,139.05,136.8,-21.1,-13.3629,2.0,121.0,0.1051,-0.6655,0.0017,7.3532,-1.5467,-3.3049,139.8532,135.05,136.8,135.05,157.900001525879,up,2026-08-21T15:22:35,0.0,0.0
SPXW,2026-09-15,25,Call,7790.0,SPXW260915C07790000,41.9,42.4,42.15,44.67,4.82,12.0954,5.0,113.0,0.1043,0.3162,0.0017,7.2027,-1.4991,1.4986,41.9145,41.68,44.67,41.68,39.8499984741211,up,2026-08-21T15:40:39,0.0,0.0
SPXW,2026-09-15,25,Put,7790.0,SPXW260915P07790000,145.1,145.6,145.35,124.38,0.0,0.0,0.0,69.0,0.1041,-0.6836,0.0017,7.2027,-1.4991,-3.3958,146.111,0.0,0.0,0.0,164.5,down,2026-08-19T09:55:45,0.0,0.0
SPXW,2026-09-15,25,Call,7800.0,SPXW260915C07800000,38.4,38.8,38.599999999999994,39.23,2.63,7.18579,38.0,90.0,0.1034,0.2983,0.0017,7.0352,-1.4491,1.4133,38.4113,41.83,42.12,37.7,36.6000003814697,down,2026-08-21T16:01:12,0.0,0.0
SPXW,2026-09-15,25,Put,7800.0,SPXW260915P07800000,150.5,152.9,151.7,149.37,-21.73,-12.7002,10.0,23.0,0.1036,-0.7015,0.0017,7.0352,-1.4491,-3.4874,152.5802,148.95,149.37,148.95,171.100006103516,no_change,2026-08-21T13:14:12,0.0,0.0
SPXW,2026-09-15,25,Call,7810.0,SPXW260915C07810000,35.1,35.5,35.3,33.2,0.0,0.0,0.0,34.0,0.1027,0.2808,0.0016,6.8514,-1.3968,1.3296,35.1178,0.0,0.0,0.0,33.4499988555908,down,2026-08-20T15:44:21,0.0,0.0
SPXW,2026-09-15,25,Put,7810.0,SPXW260915P07810000,155.5,160.7,158.1,150.5,0.0,0.0,0.0,5.0,0.1032,-0.7191,0.0016,6.8514,-1.3968,-3.5774,159.2593,0.0,0.0,0.0,178.0,up,2026-08-18T11:32:43,0.0,0.0
SPXW,2026-09-15,25,Call,7820.0,SPXW260915C07820000,32.0,32.4,32.2,35.2,4.7,15.4098,22.0,17.0,0.102,0.2635,0.0016,6.6571,-1.3425,1.249,32.0267,33.6,39.5,33.3,30.5,up,2026-08-21T15:00:58,0.0,0.0
SPXW,2026-09-15,25,Put,7820.0,SPXW260915P07820000,162.4,167.6,165.0,115.92,0.0,0.0,0.0,18.0,0.1025,-0.7363,0.0016,6.6571,-1.3425,-3.6643,166.1407,0.0,0.0,0.0,185.049995422363,up,2026-08-17T10:58:07,0.0,0.0
SPXW,2026-09-15,25,Call,7825.0,SPXW260915C07825000,30.5,30.9,30.7,32.6,3.5,12.0275,17.0,147.0,0.1016,0.255,0.0016,6.5562,-1.3147,1.2091,30.555,29.28,33.6,29.28,29.0999994277954,down,2026-08-21T11:15:09,0.0,0.0
SPXW,2026-09-15,25,Put,7825.0,SPXW260915P07825000,165.9,171.1,168.5,146.39,0.0,0.0,0.0,38.0,0.1022,-0.7448,0.0016,6.5562,-1.3147,-3.7073,169.6553,0.0,0.0,0.0,188.650001525879,up,2026-08-19T13:37:07,0.0,0.0
SPXW,2026-09-15,25,Call,7830.0,SPXW260915C07830000,29.1,29.5,29.3,50.4,0.0,0.0,0.0,45.0,0.1012,0.2466,0.0016,6.4517,-1.2865,1.1692,29.1322,0.0,0.0,0.0,27.8000001907349,down,2026-08-18T09:45:06,0.0,0.0
SPXW,2026-09-15,25,Put,7830.0,SPXW260915P07830000,169.5,174.7,172.1,130.4,0.0,0.0,0.0,2.0,0.1019,-0.7532,0.0016,6.4517,-1.2865,-3.7504,173.2188,0.0,0.0,0.0,192.300003051758,up,2026-08-17T15:47:15,0.0,0.0
SPXW,2026-09-15,25,Call,7840.0,SPXW260915C07840000,26.3,26.8,26.55,28.13,2.93,11.627,1.0,7.0,0.1006,0.2303,0.0015,6.2317,-1.2291,1.0904,26.4324,28.13,28.13,28.13,25.1999998092651,down,2026-08-21T11:17:56,0.0,0.0
SPXW,2026-09-15,25,Put,7840.0,SPXW260915P07840000,176.6,182.1,179.35,151.2,0.0,0.0,0.0,4.0,0.1013,-0.7696,0.0015,6.2317,-1.2291,-3.8354,180.4915,0.0,0.0,0.0,199.650001525879,down,2026-08-19T09:57:58,0.0,0.0
SPXW,2026-09-15,25,Call,7850.0,SPXW260915C07850000,23.8,24.2,24.0,24.06,1.21,5.2954,26.0,218.0,0.0999,0.2144,0.0014,6.0018,-1.1706,1.0155,23.9206,26.88,27.08,24.06,22.8500003814697,down,2026-08-21T16:11:52,0.0,0.0
SPXW,2026-09-15,25,Put,7850.0,SPXW260915P07850000,184.0,189.6,186.8,162.14,0.0,0.0,0.0,16.0,0.1006,-0.7855,0.0014,6.0018,-1.1706,-3.9166,187.9523,0.0,0.0,0.0,207.350006103516,up,2026-08-19T13:37:07,0.0,0.0
SPXW,2026-09-15,25,Call,7860.0,SPXW260915C07860000,21.5,21.9,21.7,23.2,0.0,0.0,0.0,5.0,0.0993,0.199,0.0014,5.7669,-1.1114,0.9431,21.5885,0.0,0.0,0.0,20.6499996185303,down,2026-08-20T13:43:30,0.0,0.0
SPXW,2026-09-15,25,Put,7860.0,SPXW260915P07860000,191.6,197.2,194.39999999999998,0.0,0.0,0.0,0.0,0.0,0.1001,-0.8009,0.0014,5.7669,-1.1114,-3.9952,195.5927,0.0,0.0,0.0,215.099998474121,no_change,,0.0,0.0
SPXW,2026-09-15,25,Call,7875.0,SPXW260915C07875000,18.3,18.7,18.5,20.05,2.4,13.5977,1.0,378.0,0.0984,0.177,0.0013,5.3982,-1.022,0.8377,18.4185,20.05,20.05,20.05,17.6499996185303,up,2026-08-21T15:58:16,0.0,0.0
SPXW,2026-09-15,25,Put,7875.0,SPXW260915P07875000,203.2,209.1,206.14999999999998,0.0,0.0,0.0,0.0,0.0,0.0993,-0.8228,0.0013,5.3982,-1.022,-4.1101,207.3815,0.0,0.0,0.0,227.099998474121,no_change,,0.0,0.0
SPXW,2026-09-15,25,Call,7900.0,SPXW260915C07900000,13.8,14.2,14.0,14.41,0.96,7.13754,13.0,202.0,0.097,0.1435,0.0012,4.7655,-0.8745,0.6793,13.9506,15.9,18.0,14.41,13.4500002861023,down,2026-08-21T16:01:12,0.0,0.0
SPXW,2026-09-15,25,Put,7900.0,SPXW260915P07900000,223.6,229.6,226.6,243.7,0.0,0.0,0.0,75.0,0.0981,-0.8563,0.0012,4.7655,-0.8745,-4.2842,227.8449,0.0,0.0,0.0,247.849998474121,no_change,2026-08-20T14:53:33,0.0,0.0
SPXW,2026-09-15,25,Call,7925.0,SPXW260915C07925000,10.2,10.6,10.399999999999999,12.2,2.15,21.393,25.0,90.0,0.0957,0.1144,0.001,4.1274,-0.7336,0.5412,10.4069,10.17,14.41,10.17,10.0499997138977,down,2026-08-21T12:22:49,0.0,0.0
SPXW,2026-09-15,25,Put,7925.0,SPXW260915P07925000,244.8,251.1,247.95,0.0,0.0,0.0,0.0,0.0,0.0971,-0.8855,0.001,4.1274,-0.7336,-4.438,249.2325,0.0,0.0,0.0,269.449996948242,no_change,,0.0,0.0
SPXW,2026-09-15,25,Call,7950.0,SPXW260915C07950000,7.5,7.8,7.65,7.95,0.5,6.71141,47.0,105.0,0.0949,0.0897,0.0008,3.5138,-0.6046,0.4236,7.6657,7.55,10.91,7.55,7.45000004768372,down,2026-08-21T16:01:12,0.0,0.0
SPXW,2026-09-15,25,Put,7950.0,SPXW260915P07950000,258.9,282.5,270.7,209.0,0.0,0.0,0.0,7.0,0.0964,-0.9102,0.0008,3.5138,-0.6046,-4.5713,271.4227,0.0,0.0,0.0,290.149993896484,up,2026-08-17T15:29:57,0.0,0.0
SPXW,2026-09-15,25,Call,7975.0,SPXW260915C07975000,5.4,5.8,5.6,7.17,1.67,30.3636,27.0,89.0,0.094,0.0694,0.0007,2.9477,-0.491,0.3271,5.5998,5.82,7.48,5.82,5.5,up,2026-08-21T12:41:25,0.0,0.0
SPXW,2026-09-15,25,Put,7975.0,SPXW260915P07975000,281.7,305.4,293.54999999999995,0.0,0.0,0.0,0.0,0.0,0.0961,-0.9304,0.0007,2.9477,-0.491,-4.6834,294.2882,0.0,0.0,0.0,314.199996948242,no_change,,0.0,0.0
SPXW,2026-09-15,25,Call,8000.0,SPXW260915C08000000,3.9,4.2,4.05,5.05,1.0,24.6914,24.0,193.0,0.0937,0.0533,0.0006,2.4444,-0.3951,0.251,4.0833,4.27,5.6,4.27,4.04999995231628,no_change,2026-08-21T12:36:27,0.0,0.0
SPXW,2026-09-15,25,Put,8000.0,SPXW260915P08000000,305.0,328.8,316.9,0.0,0.0,0.0,0.0,0.0,0.0961,-0.9465,0.0006,2.4444,-0.3951,-4.7753,317.7029,0.0,0.0,0.0,337.300003051758,no_change,,0.0,0.0
SPXW,2026-09-15,25,Call,8025.0,SPXW260915C08025000,2.9,3.0,2.95,3.3,0.3,10.0,9.0,113.0,0.0939,0.0409,0.0005,2.0149,-0.3172,0.1925,2.9972,3.25,3.35,3.25,3.0,down,2026-08-21T09:38:16,0.0,0.0
SPXW,2026-09-15,25,Put,8025.0,SPXW260915P08025000,328.9,352.6,340.75,0.0,0.0,0.0,0.0,0.0,0.0969,-0.9589,0.0005,2.0149,-0.3172,-4.8495,341.5482,0.0,0.0,0.0,361.25,no_change,,0.0,0.0
SPXW,2026-09-15,25,Call,8050.0,SPXW260915C08050000,2.15,2.35,2.25,2.58,0.33,14.6667,10.0,139.0,0.0944,0.0316,0.0004,1.662,-0.2562,0.1482,2.2345,2.58,2.58,2.58,2.25,no_change,2026-08-21T14:07:54,0.0,0.0
SPXW,2026-09-15,25,Put,8050.0,SPXW260915P08050000,353.0,376.2,364.6,0.0,0.0,0.0,0.0,0.0,0.0982,-0.9682,0.0004,1.662,-0.2562,-4.9094,365.7168,0.0,0.0,0.0,385.099990844727,no_change,,0.0,0.0
SPXW,2026-09-15,25,Call,8075.0,SPXW260915C08075000,1.6,1.8,1.7000000000000002,3.76,0.0,0.0,0.0,51.0,0.0952,0.0248,0.0003,1.38,-0.2098,0.116,1.7057,0.0,0.0,0.0,1.69999998807907,down,2026-08-19T15:27:53,0.0,0.0
SPXW,2026-09-15,25,Put,8075.0,SPXW260915P08075000,377.3,400.3,388.8,0.0,0.0,0.0,0.0,0.0,0.0999,-0.975,0.0003,1.38,-0.2098,-4.9573,390.1194,0.0,0.0,0.0,409.950012207031,no_change,,0.0,0.0
SPXW,2026-09-15,25,Call,8100.0,SPXW260915C08100000,1.25,1.4,1.325,1.63,0.305,23.0189,11.0,117.0,0.0964,0.0198,0.0002,1.1596,-0.1751,0.0926,1.3414,1.42,1.63,1.42,1.32499998807907,no_change,2026-08-21T14:07:54,0.0,0.0
SPXW,2026-09-15,25,Put,8100.0,SPXW260915P08100000,401.9,422.6,412.25,0.0,0.0,0.0,0.0,0.0,0.1015,-0.98,0.0002,1.1596,-0.1751,-4.9964,414.6864,0.0,0.0,0.0,434.599990844727,no_change,,0.0,0.0
SPXW,2026-09-15,25,Call,8125.0,SPXW260915C08125000,1.0,1.15,1.075,1.15,0.075,6.97675,16.0,47.0,0.0983,0.0162,0.0002,0.9886,-0.1494,0.0757,1.0879,1.12,1.4,1.12,1.07499998807907,down,2026-08-21T16:01:26,0.0,0.0
SPXW,2026-09-15,25,Put,8125.0,SPXW260915P08125000,426.6,449.8,438.20000000000005,0.0,0.0,0.0,0.0,0.0,0.1043,-0.9836,0.0002,0.9886,-0.1494,-5.0291,439.3643,0.0,0.0,0.0,457.5,no_change,,0.0,0.0
SPXW,2026-09-15,25,Call,8150.0,SPXW260915C08150000,0.8,1.0,0.9,1.75,0.0,0.0,0.0,59.0,0.1008,0.0136,0.0002,0.8556,-0.1303,0.0631,0.9088,0.0,0.0,0.0,0.925000011920929,down,2026-08-19T15:31:04,0.0,0.0
SPXW,2026-09-15,25,Put,8150.0,SPXW260915P08150000,451.4,475.2,463.29999999999995,0.0,0.0,0.0,0.0,0.0,0.1078,-0.9863,0.0002,0.8556,-0.1303,-5.0573,464.1166,0.0,0.0,0.0,483.800003051758,no_change,,0.0,0.0
SPXW,2026-09-15,25,Call,8175.0,SPXW260915C08175000,0.7,0.85,0.7749999999999999,2.02,0.0,0.0,0.0,20.0,0.1029,0.0116,0.0001,0.7509,-0.1157,0.0539,0.7782,0.0,0.0,0.0,0.775000005960464,no_change,2026-08-19T09:36:49,0.0,0.0
SPXW,2026-09-15,25,Put,8175.0,SPXW260915P08175000,476.1,495.7,485.9,0.0,0.0,0.0,0.0,0.0,0.1111,-0.9882,0.0001,0.7509,-0.1157,-5.0823,488.9173,0.0,0.0,0.0,508.699996948242,no_change,,0.0,0.0
SPXW,2026-09-15,25,Call,8200.0,SPXW260915C08200000,0.6,0.75,0.675,1.65,0.0,0.0,0.0,272.0,0.1055,0.01,0.0001,0.6664,-0.1044,0.0466,0.6798,0.0,0.0,0.0,0.675000011920929,up,2026-08-19T09:46:09,0.0,0.0
SPXW,2026-09-15,25,Put,8200.0,SPXW260915P08200000,501.0,524.8,512.9,0.0,0.0,0.0,0.0,0.0,0.1154,-0.9898,0.0001,0.6664,-0.1044,-5.1053,513.7502,0.0,0.0,0.0,532.850006103516,no_change,,0.0,0.0
SPXW,2026-09-15,25,Call,8225.0,SPXW260915C08225000,0.5,0.7,0.6,0.75,0.15,25.0,1.0,11.0,0.1082,0.0088,0.0001,0.5969,-0.0952,0.0408,0.6031,0.75,0.75,0.75,0.599999994039536,down,2026-08-21T11:11:36,0.0,0.0
SPXW,2026-09-15,25,Put,8225.0,SPXW260915P08225000,525.8,544.7,535.25,0.0,0.0,0.0,0.0,0.0,0.1183,-0.991,0.0001,0.5969,-0.0952,-5.1267,538.6049,0.0,0.0,0.0,558.300018310547,no_change,,0.0,0.0
SPXW,2026-09-15,25,Call,8250.0,SPXW260915C08250000,0.45,0.65,0.55,0.95,0.0,0.0,0.0,13.0,0.1107,0.0078,0.0001,0.5388,-0.0876,0.0362,0.5414,0.0,0.0,0.0,0.525000005960464,down,2026-08-19T15:33:07,0.0,0.0
SPXW,2026-09-15,25,Put,8250.0,SPXW260915P08250000,550.8,574.6,562.7,0.0,0.0,0.0,0.0,0.0,0.1224,-0.992,0.0001,0.5388,-0.0876,-5.147,563.4745,0.0,0.0,0.0,582.549987792969,no_change,,0.0,0.0
SPXW,2026-09-15,25,Call,8275.0,SPXW260915C08275000,0.4,0.6,0.5,0.94,0.0,0.0,0.0,13.0,0.1136,0.007,0.0001,0.4892,-0.0812,0.0324,0.4903,0.0,0.0,0.0,0.475000008940697,no_change,2026-08-18T09:43:37,0.0,0.0
SPXW,2026-09-15,25,Put,8275.0,SPXW260915P08275000,575.6,599.5,587.55,0.0,0.0,0.0,0.0,0.0,0.1264,-0.9928,0.0001,0.4892,-0.0812,-5.1666,588.3548,0.0,0.0,0.0,607.900024414062,no_change,,0.0,0.0
SPXW,2026-09-15,25,Call,8300.0,SPXW260915C08300000,0.35,0.55,0.45,0.82,0.0,0.0,0.0,18.0,0.1162,0.0063,0.0001,0.4462,-0.0756,0.0291,0.4472,0.0,0.0,0.0,0.424999997019768,up,2026-08-19T13:26:25,0.0,0.0
SPXW,2026-09-15,25,Put,8300.0,SPXW260915P08300000,600.4,624.4,612.4,0.0,0.0,0.0,0.0,0.0,0.1304,-0.9935,0.0001,0.4462,-0.0756,-5.1855,613.243,0.0,0.0,0.0,632.75,no_change,,0.0,0.0
SPXW,2026-09-15,25,Call,8325.0,SPXW260915C08325000,0.35,0.5,0.425,1.47,0.0,0.0,0.0,1.0,0.1195,0.0057,0.0001,0.4083,-0.0707,0.0263,0.4098,0.0,0.0,0.0,0.424999997019768,up,2026-08-17T10:34:54,0.0,0.0
SPXW,2026-09-15,25,Put,8325.0,SPXW260915P08325000,625.3,649.3,637.3,0.0,0.0,0.0,0.0,0.0,0.1342,-0.9941,0.0001,0.4087,-0.0707,-5.2041,638.1374,0.0,0.0,0.0,657.649993896484,no_change,,0.0,0.0
SPXW,2026-09-15,25,Call,8400.0,SPXW260915C08400000,0.25,0.4,0.325,0.52,0.0,0.0,0.0,110.0,0.1284,0.0043,0.0,0.32,-0.0589,0.02,0.3244,0.0,0.0,0.0,0.325000002980232,up,2026-08-18T09:37:36,0.0,0.0
SPXW,2026-09-15,25,Put,8400.0,SPXW260915P08400000,700.1,723.0,711.55,0.0,0.0,0.0,0.0,0.0,0.1455,-0.9955,0.0,0.3203,-0.0589,-5.2575,712.8459,0.0,0.0,0.0,732.350006103516,no_change,,0.0,0.0
SPXW,2026-09-15,25,Call,8500.0,SPXW260915C08500000,0.2,0.35,0.275,0.3,0.025,9.09091,2.0,1.0,0.1399,0.0031,0.0,0.2386,-0.0474,0.0143,0.2467,0.35,0.35,0.3,0.274999998509884,down,2026-08-21T15:11:17,0.0,0.0
SPXW,2026-09-15,25,Put,8500.0,SPXW260915P08500000,799.8,823.7,811.75,0.0,0.0,0.0,0.0,0.0,0.1617,-0.9967,0.0,0.2388,-0.0474,-5.3259,812.4935,0.0,0.0,0.0,831.549987792969,no_change,,0.0,0.0
SPXW,2026-09-15,25,Call,8600.0,SPXW260915C08600000,0.15,0.3,0.22499999999999998,0.72,0.0,0.0,0.0,10.0,0.1529,0.0023,0.0,0.1824,-0.0389,0.0107,0.1926,0.0,0.0,0.0,0.225000008940697,no_change,2026-08-12T10:04:30,0.0,0.0
SPXW,2026-09-15,25,Put,8600.0,SPXW260915P08600000,899.5,920.1,909.8,0.0,0.0,0.0,0.0,0.0,0.1751,-0.9975,0.0,0.1826,-0.0389,-5.3924,912.1647,0.0,0.0,0.0,931.75,no_change,,0.0,0.0
SPXW,2026-09-15,25,Call,8800.0,SPXW260915C08800000,0.05,0.25,0.15,0.15,0.0,-1.49012e-06,1.0,0.0,0.1745,0.0014,0.0,0.1117,-0.0268,0.0062,0.1225,0.15,0.15,0.15,0.150000002235174,down,2026-08-21T10:30:27,0.0,0.0
SPXW,2026-09-15,25,Put,8800.0,SPXW260915P08800000,1098.9,1119.5,1109.2,0.0,0.0,0.0,0.0,0.0,0.2076,-0.9985,0.0,0.112,-0.0269,-5.5224,1111.5456,0.0,0.0,0.0,1131.19995117188,no_change,,0.0,0.0
SPXW,2026-09-15,25,Call,9000.0,SPXW260915C09000000,0.0,0.2,0.1,0.0,0.0,0.0,0.0,0.0,0.1976,0.0008,0.0,0.0711,-0.0188,0.0038,0.0803,0.0,0.0,0.0,0.100000003352761,no_change,,0.0,0.0
SPXW,2026-09-15,25,Put,9000.0,SPXW260915P09000000,1298.4,1322.2,1310.3000000000002,0.0,0.0,0.0,0.0,0.0,0.236,-0.999,0.0,0.0716,-0.019,-5.6504,1310.9544,0.0,0.0,0.0,1330.20001220703,no_change,,0.0,0.0
SPXW,2026-09-15,25,Call,9200.0,SPXW260915C09200000,0.0,0.15,0.075,0.0,0.0,0.0,0.0,0.0,0.2186,0.0005,0.0,0.0465,-0.0133,0.0024,0.0537,0.0,0.0,0.0,0.0750000029802322,no_change,,0.0,0.0
SPXW,2026-09-15,25,Put,9200.0,SPXW260915P09200000,1497.8,1521.7,1509.75,0.0,0.0,0.0,0.0,0.0,0.2665,-0.9993,0.0,0.047,-0.0135,-5.7774,1510.3785,0.0,0.0,0.0,1530.15002441406,no_change,,0.0,0.0
SPXW,2026-09-15,25,Call,9400.0,SPXW260915C09400000,0.0,0.15,0.075,0.1,0.0,0.0,0.0,100.0,0.2424,0.0004,0.0,0.031,-0.0095,0.0016,0.0363,0.0,0.0,0.0,0.0500000007450581,down,2026-08-14T13:16:30,0.0,0.0
SPXW,2026-09-15,25,Put,9400.0,SPXW260915P09400000,1697.3,1717.9,1707.6,0.0,0.0,0.0,0.0,0.0,0.2926,-0.9995,0.0,0.0314,-0.0096,-5.9038,1709.8118,0.0,0.0,0.0,1729.5,no_change,,0.0,0.0
SPXW,2026-09-15,25,Call,9600.0,SPXW260915C09600000,0.0,0.15,0.075,0.0,0.0,0.0,0.0,0.0,0.2599,0.0002,0.0,0.0209,-0.0068,0.001,0.0248,0.0,0.0,0.0,0.0500000007450581,no_change,,0.0,0.0
SPXW,2026-09-15,25,Put,9600.0,SPXW260915P09600000,1896.8,1920.5,1908.65,0.0,0.0,0.0,0.0,0.0,0.3215,-0.9996,0.0,0.0212,-0.0069,-6.03,1909.2508,0.0,0.0,0.0,1928.54998779297,no_change,,0.0,0.0
SPXW,2026-09-15,25,Call,9800.0,SPXW260915C09800000,0.0,0.1,0.05,0.0,0.0,0.0,0.0,0.0,0.282,0.0001,0.0,0.0143,-0.0049,0.0007,0.017,0.0,0.0,0.0,0.0500000007450581,no_change,,0.0,0.0
SPXW,2026-09-15,25,Put,9800.0,SPXW260915P09800000,2096.2,2115.6,2105.8999999999996,0.0,0.0,0.0,0.0,0.0,0.3497,-0.9997,0.0,0.0145,-0.0049,-6.1559,2108.6936,0.0,0.0,0.0,2127.30004882812,no_change,,0.0,0.0
SPXW,2026-09-15,25,Call,10000.0,SPXW260915C10000000,0.0,0.1,0.05,0.0,0.0,0.0,0.0,0.0,0.3035,0.0001,0.0,0.0098,-0.0035,0.0005,0.0118,0.0,0.0,0.0,0.0500000007450581,no_change,,0.0,0.0
SPXW,2026-09-15,25,Put,10000.0,SPXW260915P10000000,2295.7,2319.4,2307.55,0.0,0.0,0.0,0.0,0.0,0.3732,-0.9997,0.0,0.0099,-0.0035,-6.2817,2308.139,0.0,0.0,0.0,2326.69995117188,no_change,,0.0,0.0
SPXW,2026-09-16,26,Call,3200.0,SPXW260916C03200000,4463.0,4486.9,4474.95,0.0,0.0,0.0,0.0,0.0,1.0616,0.9996,0.0,0.0167,-0.0273,2.0982,4473.3545,0.0,0.0,0.0,4452.64990234375,no_change,,0.0,0.0
SPXW,2026-09-16,26,Put,3200.0,SPXW260916P03200000,0.0,0.1,0.05,0.0,0.0,0.0,0.0,0.0,0.9486,-0.0002,0.0,0.0168,-0.0273,-0.0011,0.1054,0.0,0.0,0.0,0.0500000007450581,no_change,,0.0,0.0
SPXW,2026-09-16,26,Call,3400.0,SPXW260916C03400000,4263.6,4287.5,4275.55,0.0,0.0,0.0,0.0,0.0,0.9731,0.9996,0.0,0.0188,-0.0288,2.2291,4273.9343,0.0,0.0,0.0,4253.25,no_change,,0.0,0.0
SPXW,2026-09-16,26,Put,3400.0,SPXW260916P03400000,0.0,0.1,0.05,0.0,0.0,0.0,0.0,0.0,0.8854,-0.0002,0.0,0.0188,-0.0288,-0.0012,0.1121,0.0,0.0,0.0,0.0500000007450581,no_change,,0.0,0.0
SPXW,2026-09-16,26,Call,3600.0,SPXW260916C03600000,4067.5,4088.1,4077.8,0.0,0.0,0.0,0.0,0.0,0.9146,0.9995,0.0,0.0213,-0.0305,2.36,4074.5155,0.0,0.0,0.0,4053.85009765625,no_change,,0.0,0.0
SPXW,2026-09-16,26,Put,3600.0,SPXW260916P03600000,0.0,0.1,0.05,0.05,0.0,0.0,0.0,2.0,0.8257,-0.0003,0.0,0.0213,-0.0305,-0.0014,0.1202,0.0,0.0,0.0,0.0750000029802322,down,2026-08-19T10:45:04,0.0,0.0
SPXW,2026-09-16,26,Call,3800.0,SPXW260916C03800000,3864.7,3888.6,3876.6499999999996,0.0,0.0,0.0,0.0,0.0,0.8344,0.9995,0.0,0.0243,-0.0326,2.4908,3875.0989,0.0,0.0,0.0,3854.95007324219,no_change,,0.0,0.0
SPXW,2026-09-16,26,Put,3800.0,SPXW260916P03800000,0.0,0.15,0.075,0.0,0.0,0.0,0.0,0.0,0.7692,-0.0003,0.0,0.0243,-0.0326,-0.0016,0.1304,0.0,0.0,0.0,0.100000003352761,no_change,,0.0,0.0
SPXW,2026-09-16,26,Call,4000.0,SPXW260916C04000000,3666.0,3689.2,3677.6,0.0,0.0,0.0,0.0,0.0,0.7833,0.9994,0.0,0.0282,-0.0354,2.6216,3675.6855,0.0,0.0,0.0,3655.5,no_change,,0.0,0.0
SPXW,2026-09-16,26,Put,4000.0,SPXW260916P04000000,0.0,0.15,0.075,0.1,0.0,0.0,0.0,139.0,0.7299,-0.0004,0.0,0.0283,-0.0354,-0.0019,0.144,0.0,0.0,0.0,0.125000001862645,no_change,2026-08-20T09:55:59,0.0,0.0
SPXW,2026-09-16,26,Call,4200.0,SPXW260916C04200000,3465.9,3489.8,3477.8500000000004,0.0,0.0,0.0,0.0,0.0,0.7336,0.9994,0.0,0.0335,-0.0393,2.7523,3476.2778,0.0,0.0,0.0,3456.5,no_change,,0.0,0.0
SPXW,2026-09-16,26,Put,4200.0,SPXW260916P04200000,0.05,0.2,0.125,0.15,0.0,0.0,0.0,1.0,0.698,-0.0004,0.0,0.0335,-0.0393,-0.0022,0.1631,0.0,0.0,0.0,0.175000000745058,down,2026-08-20T09:54:22,0.0,0.0
SPXW,2026-09-16,26,Call,4400.0,SPXW260916C04400000,3267.0,3290.4,3278.7,0.0,0.0,0.0,0.0,0.0,0.6852,0.9993,0.0,0.0408,-0.045,2.8828,3276.8793,0.0,0.0,0.0,3256.34997558594,no_change,,0.0,0.0
SPXW,2026-09-16,26,Put,4400.0,SPXW260916P04400000,0.1,0.25,0.175,0.0,0.0,0.0,0.0,0.0,0.6546,-0.0006,0.0,0.0408,-0.045,-0.0028,0.1914,0.0,0.0,0.0,0.225000008940697,no_change,,0.0,0.0
SPXW,2026-09-16,26,Call,4600.0,SPXW260916C04600000,3070.2,3091.0,3080.6,0.0,0.0,0.0,0.0,0.0,0.6381,0.9991,0.0,0.0515,-0.0534,3.013,3077.4954,0.0,0.0,0.0,3057.44995117188,no_change,,0.0,0.0
SPXW,2026-09-16,26,Put,4600.0,SPXW260916P04600000,0.15,0.3,0.22499999999999998,0.22,-0.105,-32.3077,1.0,108.0,0.6223,-0.0007,0.0,0.0511,-0.053,-0.0035,0.2324,0.22,0.22,0.22,0.325000002980232,down,2026-08-21T16:04:47,0.0,0.0
SPXW,2026-09-16,26,Call,4800.0,SPXW260916C04800000,2871.8,2891.6,2881.7,0.0,0.0,0.0,0.0,0.0,0.5922,0.9989,0.0,0.0673,-0.0657,3.1429,2878.134,0.0,0.0,0.0,2857.69995117188,no_change,,0.0,0.0
SPXW,2026-09-16,26,Put,4800.0,SPXW260916P04800000,0.3,0.35,0.32499999999999996,0.35,-0.075,-17.6471,17.0,9.0,0.5862,-0.0009,0.0,0.067,-0.0653,-0.0047,0.2979,0.35,0.35,0.32,0.424999997019768,no_change,2026-08-21T16:13:12,0.0,0.0
SPXW,2026-09-16,26,Call,5000.0,SPXW260916C05000000,2668.3,2692.2,2680.25,0.0,0.0,0.0,0.0,0.0,0.5474,0.9985,0.0,0.0901,-0.0833,3.2722,2678.8051,0.0,0.0,0.0,2658.5,no_change,,0.0,0.0
SPXW,2026-09-16,26,Put,5000.0,SPXW260916P05000000,0.35,0.5,0.425,0.45,0.0,0.0,0.0,324.0,0.554,-0.0013,0.0,0.0898,-0.0829,-0.0065,0.3961,0.0,0.0,0.0,0.525000005960464,no_change,2026-08-19T10:50:01,0.0,0.0
SPXW,2026-09-16,26,Call,5200.0,SPXW260916C05200000,2469.4,2492.9,2481.15,0.0,0.0,0.0,0.0,0.0,0.5136,0.998,0.0,0.1232,-0.1074,3.4006,2479.5204,0.0,0.0,0.0,2459.5,no_change,,0.0,0.0
SPXW,2026-09-16,26,Put,5200.0,SPXW260916P05200000,0.5,0.65,0.575,0.8,0.0,0.0,0.0,6.0,0.5162,-0.0018,0.0,0.1229,-0.1071,-0.0091,0.5386,0.0,0.0,0.0,0.724999994039536,up,2026-08-18T15:54:13,0.0,0.0
SPXW,2026-09-16,26,Call,5400.0,SPXW260916C05400000,2273.9,2293.7,2283.8,0.0,0.0,0.0,0.0,0.0,0.4772,0.9972,0.0,0.169,-0.139,3.5278,2280.2932,0.0,0.0,0.0,2261.30004882812,no_change,,0.0,0.0
SPXW,2026-09-16,26,Put,5400.0,SPXW260916P05400000,0.65,0.8,0.7250000000000001,1.02,0.0,0.0,0.0,200.0,0.4841,-0.0026,0.0,0.1688,-0.1389,-0.0129,0.7388,0.0,0.0,0.0,1.02500000596046,no_change,2026-08-18T15:27:26,0.0,0.0
SPXW,2026-09-16,26,Call,5600.0,SPXW260916C05600000,2071.2,2094.4,2082.8,0.0,0.0,0.0,0.0,0.0,0.4449,0.9962,0.0,0.2315,-0.179,3.6534,2081.138,0.0,0.0,0.0,2061.65002441406,no_change,,0.0,0.0
SPXW,2026-09-16,26,Put,5600.0,SPXW260916P05600000,0.9,1.05,0.9750000000000001,1.07,-0.305,-22.1818,50.0,38.0,0.4511,-0.0036,0.0,0.2315,-0.179,-0.0184,1.0112,1.07,1.07,1.07,1.375,no_change,2026-08-21T15:00:09,0.0,0.0
SPXW,2026-09-16,26,Call,5800.0,SPXW260916C05800000,1874.6,1895.3,1884.9499999999998,0.0,0.0,0.0,0.0,0.0,0.4134,0.9947,0.0,0.3158,-0.2277,3.7769,1882.0697,0.0,0.0,0.0,1862.5,no_change,,0.0,0.0
SPXW,2026-09-16,26,Put,5800.0,SPXW260916P05800000,1.25,1.4,1.325,1.37,-0.48,-25.9459,91.0,167.0,0.4188,-0.0052,0.0,0.3159,-0.2277,-0.0259,1.3706,1.43,1.43,1.37,1.84999996423721,down,2026-08-21T15:32:50,0.0,0.0
SPXW,2026-09-16,26,Call,6000.0,SPXW260916C06000000,1672.4,1694.4,1683.4,1793.42,0.0,0.0,0.0,1.0,0.3812,0.9926,0.0,0.4264,-0.2852,3.8975,1683.1076,0.0,0.0,0.0,1663.70001220703,up,2026-08-13T11:54:19,0.0,0.0
SPXW,2026-09-16,26,Put,6000.0,SPXW260916P06000000,1.7,1.85,1.775,1.7,-0.775,-31.3131,6.0,785.0,0.3857,-0.0072,0.0,0.4266,-0.2853,-0.0363,1.8354,1.7,1.7,1.7,2.47500002384186,no_change,2026-08-21T16:00:45,0.0,0.0
SPXW,2026-09-16,26,Call,6200.0,SPXW260916C06200000,1478.0,1497.4,1487.7,0.0,0.0,0.0,0.0,0.0,0.3474,0.9897,0.0,0.5742,-0.3521,4.0139,1484.2789,0.0,0.0,0.0,1466.29998779297,no_change,,0.0,0.0
SPXW,2026-09-16,26,Put,6200.0,SPXW260916P06200000,2.25,2.45,2.35,2.75,-0.55,-16.6667,5.0,339.0,0.3517,-0.0101,0.0,0.5745,-0.3522,-0.051,2.4338,2.75,2.75,2.75,3.30000007152557,up,2026-08-21T09:56:12,0.0,0.0
SPXW,2026-09-16,26,Call,6300.0,SPXW260916C06300000,1378.6,1398.0,1388.3,0.0,0.0,0.0,0.0,0.0,0.3319,0.9878,0.0,0.6659,-0.3896,4.0701,1384.929,0.0,0.0,0.0,1366.25,no_change,,0.0,0.0
SPXW,2026-09-16,26,Put,6300.0,SPXW260916P06300000,2.65,2.8,2.7249999999999996,2.73,-1.17,-30.0,38.0,56.0,0.3349,-0.012,0.0,0.6662,-0.3897,-0.0603,2.7975,2.95,2.95,2.73,3.89999997615814,down,2026-08-21T15:51:40,0.0,0.0
SPXW,2026-09-16,26,Call,6400.0,SPXW260916C06400000,1274.9,1298.7,1286.8000000000002,0.0,0.0,0.0,0.0,0.0,0.315,0.9856,0.0001,0.7747,-0.4304,4.1241,1285.6354,0.0,0.0,0.0,1267.25,no_change,,0.0,0.0
SPXW,2026-09-16,26,Put,6400.0,SPXW260916P06400000,3.0,3.3,3.15,3.8,0.0,0.0,0.0,145.0,0.3174,-0.0142,0.0001,0.775,-0.4305,-0.0718,3.2175,0.0,0.0,0.0,4.5,down,2026-08-19T10:08:39,0.0,0.0
SPXW,2026-09-16,26,Call,6500.0,SPXW260916C06500000,1180.3,1199.5,1189.9,0.0,0.0,0.0,0.0,0.0,0.2983,0.9828,0.0001,0.9017,-0.4754,4.1757,1186.4164,0.0,0.0,0.0,1167.79998779297,no_change,,0.0,0.0
SPXW,2026-09-16,26,Put,6500.0,SPXW260916P06500000,3.6,3.8,3.7,3.7,-1.5,-28.8462,101.0,255.0,0.3001,-0.017,0.0001,0.9021,-0.4755,-0.0858,3.7121,4.0,4.0,3.7,5.20000004768372,down,2026-08-21T15:56:18,0.0,0.0
SPXW,2026-09-16,26,Call,6600.0,SPXW260916C06600000,1076.6,1100.4,1088.5,0.0,0.0,0.0,0.0,0.0,0.2814,0.9794,0.0001,1.0565,-0.5259,4.2239,1087.2967,0.0,0.0,0.0,1069.05004882812,no_change,,0.0,0.0
SPXW,2026-09-16,26,Put,6600.0,SPXW260916P06600000,4.2,4.4,4.300000000000001,4.4,-1.7,-27.8689,1.0,61.0,0.2838,-0.0204,0.0001,1.0569,-0.526,-0.1031,4.3062,4.4,4.4,4.4,6.09999990463257,down,2026-08-21T15:55:12,0.0,0.0
SPXW,2026-09-16,26,Call,6625.0,SPXW260916C06625000,1051.8,1075.7,1063.75,0.0,0.0,0.0,0.0,0.0,0.2767,0.9784,0.0001,1.1006,-0.5396,4.2352,1062.537,0.0,0.0,0.0,1044.29998779297,no_change,,0.0,0.0
SPXW,2026-09-16,26,Put,6625.0,SPXW260916P06625000,4.3,4.6,4.449999999999999,0.0,0.0,0.0,0.0,0.0,0.2787,-0.0214,0.0001,1.101,-0.5397,-0.1082,4.4752,0.0,0.0,0.0,6.34999990463257,no_change,,0.0,0.0
SPXW,2026-09-16,26,Call,6650.0,SPXW260916C06650000,1027.1,1050.9,1039.0,0.0,0.0,0.0,0.0,0.0,0.2729,0.9773,0.0001,1.1468,-0.5538,4.2461,1037.7872,0.0,0.0,0.0,1019.59997558594,no_change,,0.0,0.0
SPXW,2026-09-16,26,Put,6650.0,SPXW260916P06650000,4.5,4.8,4.65,0.0,0.0,0.0,0.0,0.0,0.2746,-0.0225,0.0001,1.1473,-0.554,-0.1136,4.6536,0.0,0.0,0.0,6.59999990463257,no_change,,0.0,0.0
SPXW,2026-09-16,26,Call,6675.0,SPXW260916C06675000,1002.4,1026.2,1014.3,0.0,0.0,0.0,0.0,0.0,0.268,0.9762,0.0001,1.1952,-0.5687,4.2567,1013.0483,0.0,0.0,0.0,995.049987792969,no_change,,0.0,0.0
SPXW,2026-09-16,26,Put,6675.0,SPXW260916P06675000,4.7,4.9,4.800000000000001,0.0,0.0,0.0,0.0,0.0,0.2703,-0.0236,0.0001,1.1957,-0.5688,-0.1195,4.8429,0.0,0.0,0.0,6.90000009536743,no_change,,0.0,0.0
SPXW,2026-09-16,26,Call,6700.0,SPXW260916C06700000,978.7,1001.5,990.1,0.0,0.0,0.0,0.0,0.0,0.264,0.975,0.0001,1.2461,-0.5841,4.2669,988.3213,0.0,0.0,0.0,970.550018310547,no_change,,0.0,0.0
SPXW,2026-09-16,26,Put,6700.0,SPXW260916P06700000,4.9,5.2,5.050000000000001,7.15,0.0,0.0,0.0,35.0,0.266,-0.0248,0.0001,1.2465,-0.5842,-0.1256,5.0441,0.0,0.0,0.0,7.20000004768372,down,2026-08-18T15:01:13,0.0,0.0
SPXW,2026-09-16,26,Call,6725.0,SPXW260916C06725000,956.7,976.8,966.75,0.0,0.0,0.0,0.0,0.0,0.2599,0.9737,0.0001,1.2998,-0.6003,4.2767,963.6073,0.0,0.0,0.0,945.699981689453,no_change,,0.0,0.0
SPXW,2026-09-16,26,Put,6725.0,SPXW260916P06725000,5.1,5.4,5.25,0.0,0.0,0.0,0.0,0.0,0.2619,-0.0261,0.0001,1.3002,-0.6004,-0.1322,5.2584,0.0,0.0,0.0,7.5,no_change,,0.0,0.0
SPXW,2026-09-16,26,Call,6750.0,SPXW260916C06750000,929.2,952.1,940.6500000000001,0.0,0.0,0.0,0.0,0.0,0.2556,0.9723,0.0001,1.357,-0.6172,4.2862,938.9078,0.0,0.0,0.0,921.100006103516,no_change,,0.0,0.0
SPXW,2026-09-16,26,Put,6750.0,SPXW260916P06750000,5.4,5.6,5.5,6.0,-1.85,-23.5669,2.0,1.0,0.2573,-0.0275,0.0001,1.3574,-0.6172,-0.1391,5.487,6.0,6.0,6.0,7.84999990463257,down,2026-08-21T11:06:11,0.0,0.0
SPXW,2026-09-16,26,Call,6775.0,SPXW260916C06775000,903.5,927.4,915.45,0.0,0.0,0.0,0.0,0.0,0.2512,0.9708,0.0001,1.4182,-0.6349,4.295,914.2241,0.0,0.0,0.0,896.650024414062,no_change,,0.0,0.0
SPXW,2026-09-16,26,Put,6775.0,SPXW260916P06775000,5.6,5.9,5.75,0.0,0.0,0.0,0.0,0.0,0.2531,-0.029,0.0001,1.4186,-0.6349,-0.1466,5.7315,0.0,0.0,0.0,8.2000002861023,no_change,,0.0,0.0
SPXW,2026-09-16,26,Call,6800.0,SPXW260916C06800000,883.5,902.7,893.1,0.0,0.0,0.0,0.0,0.0,0.2468,0.9692,0.0001,1.4837,-0.6534,4.3033,889.5583,0.0,0.0,0.0,872.050018310547,no_change,,0.0,0.0
SPXW,2026-09-16,26,Put,6800.0,SPXW260916P06800000,5.9,6.1,6.0,6.46,0.0,0.0,0.0,190.0,0.2487,-0.0306,0.0001,1.4841,-0.6534,-0.1548,5.9937,0.0,0.0,0.0,8.59999990463257,down,2026-08-19T16:11:42,0.0,0.0
SPXW,2026-09-16,26,Call,6825.0,SPXW260916C06825000,854.1,876.4,865.25,0.0,0.0,0.0,0.0,0.0,0.2429,0.9675,0.0001,1.5536,-0.6729,4.3108,864.9124,0.0,0.0,0.0,847.550018310547,no_change,,0.0,0.0
SPXW,2026-09-16,26,Put,6825.0,SPXW260916P06825000,6.1,6.4,6.25,6.2,-2.8,-31.1111,1.0,0.0,0.2445,-0.0324,0.0001,1.5539,-0.6729,-0.1636,6.276,6.2,6.2,6.2,9.0,down,2026-08-21T15:59:55,0.0,0.0
SPXW,2026-09-16,26,Call,6850.0,SPXW260916C06850000,834.5,853.4,843.95,0.0,0.0,0.0,0.0,0.0,0.2382,0.9656,0.0001,1.6277,-0.6935,4.3175,840.2892,0.0,0.0,0.0,823.75,no_change,,0.0,0.0
SPXW,2026-09-16,26,Put,6850.0,SPXW260916P06850000,6.4,6.7,6.550000000000001,9.0,0.0,0.0,0.0,22.0,0.2403,-0.0342,0.0001,1.6277,-0.6935,-0.1733,6.5807,0.0,0.0,0.0,9.4500002861023,up,2026-08-20T11:51:23,0.0,0.0
SPXW,2026-09-16,26,Call,6875.0,SPXW260916C06875000,804.9,828.8,816.8499999999999,0.0,0.0,0.0,0.0,0.0,0.2341,0.9635,0.0002,1.706,-0.7153,4.3234,815.6912,0.0,0.0,0.0,799.200012207031,no_change,,0.0,0.0
SPXW,2026-09-16,26,Put,6875.0,SPXW260916P06875000,6.8,7.0,6.9,0.0,0.0,0.0,0.0,0.0,0.2358,-0.0363,0.0002,1.7061,-0.7153,-0.1838,6.9111,0.0,0.0,0.0,9.9500002861023,no_change,,0.0,0.0
SPXW,2026-09-16,26,Call,6900.0,SPXW260916C06900000,780.4,804.2,792.3,0.0,0.0,0.0,0.0,0.0,0.2304,0.9613,0.0002,1.7892,-0.7383,4.3285,791.1212,0.0,0.0,0.0,774.149993896484,no_change,,0.0,0.0
SPXW,2026-09-16,26,Put,6900.0,SPXW260916P06900000,7.1,7.4,7.25,7.22,-3.23,-30.9091,8.0,113.0,0.2319,-0.0385,0.0002,1.7892,-0.7383,-0.195,7.2695,7.28,7.28,7.22,10.4500002861023,no_change,2026-08-21T15:43:11,0.0,0.0
SPXW,2026-09-16,26,Call,6925.0,SPXW260916C06925000,760.7,779.7,770.2,0.0,0.0,0.0,0.0,0.0,0.2259,0.9589,0.0002,1.8782,-0.7626,4.3327,766.5823,0.0,0.0,0.0,749.75,no_change,,0.0,0.0
SPXW,2026-09-16,26,Put,6925.0,SPXW260916P06925000,7.5,7.8,7.65,9.95,0.0,0.0,0.0,115.0,0.2278,-0.0409,0.0002,1.8783,-0.7626,-0.2072,7.659,0.0,0.0,0.0,11.0,down,2026-08-20T09:59:09,0.0,0.0
SPXW,2026-09-16,26,Call,6950.0,SPXW260916C06950000,731.4,755.2,743.3,0.0,0.0,0.0,0.0,0.0,0.2219,0.9563,0.0002,1.9744,-0.7884,4.3359,742.0779,0.0,0.0,0.0,725.75,no_change,,0.0,0.0
SPXW,2026-09-16,26,Put,6950.0,SPXW260916P06950000,7.9,8.2,8.05,8.8,-2.8,-24.1379,2.0,27.0,0.2235,-0.0435,0.0002,1.9744,-0.7884,-0.2204,8.083,8.8,8.8,8.8,11.5999999046326,no_change,2026-08-21T11:05:36,0.0,0.0
SPXW,2026-09-16,26,Call,6975.0,SPXW260916C06975000,711.9,730.7,721.3,0.0,0.0,0.0,0.0,0.0,0.2177,0.9534,0.0002,2.0783,-0.8157,4.3377,717.6123,0.0,0.0,0.0,701.25,no_change,,0.0,0.0
SPXW,2026-09-16,26,Put,6975.0,SPXW260916P06975000,8.4,8.7,8.55,10.11,0.0,0.0,0.0,665.0,0.2196,-0.0464,0.0002,2.0783,-0.8157,-0.2349,8.5454,0.0,0.0,0.0,12.25,up,2026-08-19T10:25:47,0.0,0.0
SPXW,2026-09-16,26,Call,7000.0,SPXW260916C07000000,686.5,706.3,696.4,0.0,0.0,0.0,0.0,0.0,0.2138,0.9503,0.0002,2.1896,-0.8447,4.338,693.1906,0.0,0.0,0.0,676.899993896484,no_change,,0.0,0.0
SPXW,2026-09-16,26,Put,7000.0,SPXW260916P07000000,8.9,9.2,9.05,11.0,0.0,0.0,0.0,92.0,0.2155,-0.0495,0.0002,2.1896,-0.8447,-0.251,9.0522,0.0,0.0,0.0,12.9500002861023,up,2026-08-20T09:34:14,0.0,0.0
SPXW,2026-09-16,26,Call,7025.0,SPXW260916C07025000,657.9,681.3,669.5999999999999,0.0,0.0,0.0,0.0,0.0,0.2097,0.9468,0.0002,2.3079,-0.8755,4.3366,668.8187,0.0,0.0,0.0,653.5,no_change,,0.0,0.0
SPXW,2026-09-16,26,Put,7025.0,SPXW260916P07025000,9.4,9.7,9.55,10.17,-3.53,-25.7664,1.0,31.0,0.2114,-0.053,0.0002,2.3079,-0.8755,-0.2688,9.6085,10.17,10.17,10.17,13.7000002861023,down,2026-08-21T13:35:38,0.0,0.0
SPXW,2026-09-16,26,Call,7050.0,SPXW260916C07050000,637.1,657.6,647.35,0.0,0.0,0.0,0.0,0.0,0.2059,0.9431,0.0003,2.4336,-0.9082,4.3337,644.5021,0.0,0.0,0.0,628.700012207031,no_change,,0.0,0.0
SPXW,2026-09-16,26,Put,7050.0,SPXW260916P07050000,10.0,10.3,10.15,14.2,0.0,0.0,0.0,50.0,0.2073,-0.0567,0.0003,2.4336,-0.9082,-0.288,10.2203,0.0,0.0,0.0,14.5,up,2026-08-20T14:51:53,0.0,0.0
SPXW,2026-09-16,26,Call,7075.0,SPXW260916C07075000,614.4,633.3,623.8499999999999,0.0,0.0,0.0,0.0,0.0,0.2018,0.9389,0.0003,2.5687,-0.9428,4.3292,620.2468,0.0,0.0,0.0,604.650024414062,no_change,,0.0,0.0
SPXW,2026-09-16,26,Put,7075.0,SPXW260916P07075000,10.7,11.0,10.85,15.55,0.0,0.0,0.0,140.0,0.2033,-0.0609,0.0003,2.5687,-0.9428,-0.3089,10.8934,0.0,0.0,0.0,15.4500002861023,no_change,2026-08-20T15:57:27,0.0,0.0
SPXW,2026-09-16,26,Call,7100.0,SPXW260916C07100000,589.1,609.1,599.1,583.11,0.0,0.0,0.0,3.0,0.1983,0.9344,0.0003,2.7152,-0.9794,4.3226,596.0596,0.0,0.0,0.0,580.700012207031,down,2026-08-20T14:16:39,0.0,0.0
SPXW,2026-09-16,26,Put,7100.0,SPXW260916P07100000,11.4,11.7,11.55,12.9,-3.55,-21.5805,76.0,88.0,0.1994,-0.0654,0.0003,2.7152,-0.9794,-0.332,11.6346,13.2,13.2,12.9,16.4499998092651,down,2026-08-21T10:48:04,0.0,0.0
SPXW,2026-09-16,26,Call,7125.0,SPXW260916C07125000,565.3,584.9,575.0999999999999,559.38,0.0,0.0,0.0,3.0,0.1942,0.9294,0.0003,2.873,-1.0182,4.3131,571.9496,0.0,0.0,0.0,556.949981689453,down,2026-08-20T14:16:39,0.0,0.0
SPXW,2026-09-16,26,Put,7125.0,SPXW260916P07125000,12.2,12.5,12.35,14.5,0.0,0.0,0.0,87.0,0.1955,-0.0705,0.0003,2.873,-1.0182,-0.3578,12.4529,0.0,0.0,0.0,17.5,up,2026-08-20T09:37:55,0.0,0.0
SPXW,2026-09-16,26,Call,7150.0,SPXW260916C07150000,536.9,560.1,548.5,0.0,0.0,0.0,0.0,0.0,0.1905,0.9238,0.0004,3.0403,-1.0591,4.3009,547.927,0.0,0.0,0.0,533.100006103516,no_change,,0.0,0.0
SPXW,2026-09-16,26,Put,7150.0,SPXW260916P07150000,13.1,13.4,13.25,13.9,-4.75,-25.4692,4.0,67.0,0.1916,-0.076,0.0004,3.0403,-1.0591,-0.3864,13.3587,13.9,13.9,13.9,18.6499996185303,up,2026-08-21T11:05:18,0.0,0.0
SPXW,2026-09-16,26,Call,7175.0,SPXW260916C07175000,513.0,535.1,524.05,559.62,0.0,0.0,0.0,11.0,0.1868,0.9177,0.0004,3.2173,-1.1022,4.2861,524.0019,0.0,0.0,0.0,509.100006103516,no_change,2026-08-18T14:43:41,0.0,0.0
SPXW,2026-09-16,26,Put,7175.0,SPXW260916P07175000,14.1,14.4,14.25,14.87,-5.08,-25.4637,1.0,35.0,0.1878,-0.0821,0.0004,3.2173,-1.1022,-0.4176,14.3619,14.87,14.87,14.87,19.9499998092651,down,2026-08-21T13:35:38,0.0,0.0
SPXW,2026-09-16,26,Call,7200.0,SPXW260916C07200000,493.8,513.1,503.45000000000005,535.95,0.0,0.0,0.0,11.0,0.1829,0.911,0.0004,3.4075,-1.1475,4.2684,500.1843,0.0,0.0,0.0,485.600006103516,no_change,2026-08-18T14:43:41,0.0,0.0
SPXW,2026-09-16,26,Put,7200.0,SPXW260916P07200000,15.2,15.5,15.35,15.14,-6.31,-29.4172,51.0,156.0,0.184,-0.0888,0.0004,3.4075,-1.1475,-0.4516,15.4727,15.0,15.27,15.0,21.4499998092651,down,2026-08-21T16:01:17,0.0,0.0
SPXW,2026-09-16,26,Call,7225.0,SPXW260916C07225000,469.6,489.4,479.5,0.0,0.0,0.0,0.0,0.0,0.1792,0.9036,0.0005,3.6127,-1.1949,4.2467,476.4872,0.0,0.0,0.0,462.25,no_change,,0.0,0.0
SPXW,2026-09-16,26,Put,7225.0,SPXW260916P07225000,16.4,16.7,16.549999999999997,17.05,-5.9,-25.7081,1.0,150.0,0.1803,-0.0962,0.0005,3.6127,-1.1949,-0.4897,16.7039,17.05,17.05,17.05,22.9499998092651,down,2026-08-21T13:11:16,0.0,0.0
SPXW,2026-09-16,26,Call,7250.0,SPXW260916C07250000,451.1,456.9,454.0,0.0,0.0,0.0,0.0,0.0,0.1757,0.8954,0.0005,3.8298,-1.2444,4.2204,452.9274,0.0,0.0,0.0,439.0,no_change,,0.0,0.0
SPXW,2026-09-16,26,Put,7250.0,SPXW260916P07250000,17.7,18.1,17.9,20.22,0.0,0.0,0.0,71.0,0.1766,-0.1045,0.0005,3.8298,-1.2444,-0.5324,18.0725,0.0,0.0,0.0,24.6999998092651,up,2026-08-20T09:45:20,0.0,0.0
SPXW,2026-09-16,26,Call,7275.0,SPXW260916C07275000,427.7,433.4,430.54999999999995,0.0,0.0,0.0,0.0,0.0,0.1721,0.8863,0.0005,4.0569,-1.2957,4.1902,429.5219,0.0,0.0,0.0,416.050003051758,no_change,,0.0,0.0
SPXW,2026-09-16,26,Put,7275.0,SPXW260916P07275000,19.2,19.6,19.4,19.15,-7.45,-28.0075,5.0,66.0,0.173,-0.1136,0.0005,4.0569,-1.2957,-0.579,19.5954,19.86,19.86,19.15,26.5999994277954,no_change,2026-08-21T15:30:56,0.0,0.0
SPXW,2026-09-16,26,Call,7300.0,SPXW260916C07300000,404.5,410.2,407.35,0.0,0.0,0.0,0.0,0.0,0.1684,0.8762,0.0006,4.2989,-1.3488,4.1557,406.2869,0.0,0.0,0.0,393.199996948242,no_change,,0.0,0.0
SPXW,2026-09-16,26,Put,7300.0,SPXW260916P07300000,20.9,21.3,21.1,20.75,-7.95,-27.7003,2.0,114.0,0.1694,-0.1236,0.0006,4.2989,-1.3488,-0.6299,21.2888,20.75,20.75,20.75,28.6999998092651,down,2026-08-21T15:34:41,0.0,0.0
SPXW,2026-09-16,26,Call,7325.0,SPXW260916C07325000,381.1,387.1,384.1,0.0,0.0,0.0,0.0,0.0,0.1649,0.8651,0.0006,4.557,-1.4034,4.1147,383.245,0.0,0.0,0.0,370.600006103516,no_change,,0.0,0.0
SPXW,2026-09-16,26,Put,7325.0,SPXW260916P07325000,22.8,23.1,22.950000000000003,31.36,0.0,0.0,0.0,83.0,0.1658,-0.1347,0.0006,4.557,-1.4034,-0.6873,23.1752,0.0,0.0,0.0,31.0,up,2026-08-20T16:14:07,0.0,0.0
SPXW,2026-09-16,26,Call,7350.0,SPXW260916C07350000,358.3,364.2,361.25,471.92,0.0,0.0,0.0,1.0,0.1615,0.8528,0.0007,4.8246,-1.459,4.0672,360.4241,0.0,0.0,0.0,348.25,down,2026-08-13T11:54:19,0.0,0.0
SPXW,2026-09-16,26,Put,7350.0,SPXW260916P07350000,24.9,25.2,25.049999999999997,25.13,-8.47,-25.2083,12.0,122.0,0.1622,-0.147,0.0007,4.8246,-1.459,-0.7511,25.2827,25.1,25.13,25.1,33.6000003814697,no_change,2026-08-21T15:05:37,0.0,0.0
SPXW,2026-09-16,26,Call,7360.0,SPXW260916C07360000,349.2,355.1,352.15,0.0,0.0,0.0,0.0,0.0,0.16,0.8476,0.0007,4.9339,-1.4816,4.0468,351.3635,0.0,0.0,0.0,0.0,no_change,,0.0,0.0
SPXW,2026-09-16,26,Put,7360.0,SPXW260916P07360000,25.8,26.2,26.0,0.0,0.0,0.0,0.0,0.0,0.1608,-0.1523,0.0007,4.9339,-1.4816,-0.778,26.1934,0.0,0.0,0.0,0.0,no_change,,0.0,0.0
SPXW,2026-09-16,26,Call,7370.0,SPXW260916C07370000,340.2,346.1,343.15,0.0,0.0,0.0,0.0,0.0,0.1586,0.8421,0.0007,5.0455,-1.5042,4.0255,342.3439,0.0,0.0,0.0,0.0,no_change,,0.0,0.0
SPXW,2026-09-16,26,Put,7370.0,SPXW260916P07370000,26.7,27.1,26.9,0.0,0.0,0.0,0.0,0.0,0.1594,-0.1578,0.0007,5.0455,-1.5042,-0.806,27.1452,0.0,0.0,0.0,0.0,no_change,,0.0,0.0
SPXW,2026-09-16,26,Call,7375.0,SPXW260916C07375000,335.7,341.5,338.6,0.0,0.0,0.0,0.0,0.0,0.1579,0.8392,0.0008,5.1022,-1.5155,4.0144,337.8502,0.0,0.0,0.0,326.199996948242,no_change,,0.0,0.0
SPXW,2026-09-16,26,Put,7375.0,SPXW260916P07375000,27.2,27.6,27.4,27.48,-8.97,-24.6091,5.0,190.0,0.1587,-0.1606,0.0008,5.1022,-1.5155,-0.8203,27.6371,27.48,27.48,27.48,36.4499988555908,no_change,2026-08-21T15:05:37,0.0,0.0
SPXW,2026-09-16,26,Call,7380.0,SPXW260916C07380000,331.2,337.1,334.15,0.0,0.0,0.0,0.0,0.0,0.1574,0.8363,0.0008,5.1597,-1.5268,4.003,333.3674,0.0,0.0,0.0,0.0,no_change,,0.0,0.0
SPXW,2026-09-16,26,Put,7380.0,SPXW260916P07380000,27.7,28.1,27.9,27.8,27.8,0.0,1.0,0.0,0.158,-0.1635,0.0008,5.1597,-1.5268,-0.835,28.14,27.8,27.8,27.8,0.0,up,2026-08-21T15:57:13,0.0,0.0
SPXW,2026-09-16,26,Call,7390.0,SPXW260916C07390000,322.4,328.1,325.25,0.0,0.0,0.0,0.0,0.0,0.1558,0.8304,0.0008,5.2766,-1.5495,3.979,324.4364,0.0,0.0,0.0,0.0,no_change,,0.0,0.0
SPXW,2026-09-16,26,Put,7390.0,SPXW260916P07390000,28.7,29.1,28.9,0.0,0.0,0.0,0.0,0.0,0.1566,-0.1694,0.0008,5.2766,-1.5495,-0.8656,29.1803,0.0,0.0,0.0,0.0,no_change,,0.0,0.0
SPXW,2026-09-16,26,Call,7400.0,SPXW260916C07400000,313.5,319.2,316.35,400.17,0.0,0.0,0.0,7.0,0.1546,0.8242,0.0008,5.3955,-1.5721,3.9533,315.5537,0.0,0.0,0.0,304.350006103516,no_change,2026-08-17T14:55:45,0.0,0.0
SPXW,2026-09-16,26,Put,7400.0,SPXW260916P07400000,29.8,30.2,30.0,39.01,0.0,0.0,0.0,327.0,0.1552,-0.1756,0.0008,5.3955,-1.5721,-0.8978,30.2689,0.0,0.0,0.0,39.6000003814697,down,2026-08-20T14:53:33,0.0,0.0
SPXW,2026-09-16,26,Call,7410.0,SPXW260916C07410000,304.6,310.3,307.45000000000005,0.0,0.0,0.0,0.0,0.0,0.1531,0.8178,0.0008,5.5153,-1.5946,3.9262,306.7221,0.0,0.0,0.0,295.75,no_change,,0.0,0.0
SPXW,2026-09-16,26,Put,7410.0,SPXW260916P07410000,31.0,31.4,31.2,41.52,0.0,0.0,0.0,1.0,0.1539,-0.1821,0.0008,5.5153,-1.5946,-0.9315,31.4088,0.0,0.0,0.0,40.9499988555908,up,2026-08-20T16:13:28,0.0,0.0
SPXW,2026-09-16,26,Call,7420.0,SPXW260916C07420000,295.8,301.5,298.65,0.0,0.0,0.0,0.0,0.0,0.1517,0.811,0.0009,5.6354,-1.6171,3.8977,297.9445,0.0,0.0,0.0,287.149993896484,no_change,,0.0,0.0
SPXW,2026-09-16,26,Put,7420.0,SPXW260916P07420000,32.1,32.6,32.35,38.56,0.0,0.0,0.0,1.0,0.1525,-0.1888,0.0009,5.6354,-1.6171,-0.9665,32.6024,0.0,0.0,0.0,42.3500003814697,up,2026-08-20T11:41:25,0.0,0.0
SPXW,2026-09-16,26,Call,7425.0,SPXW260916C07425000,291.4,297.1,294.25,386.93,0.0,0.0,0.0,5.0,0.1511,0.8076,0.0009,5.6954,-1.6282,3.8831,293.5765,0.0,0.0,0.0,282.900009155273,no_change,2026-08-10T15:36:55,0.0,0.0
SPXW,2026-09-16,26,Put,7425.0,SPXW260916P07425000,32.8,33.2,33.0,34.1,-9.0,-20.8817,3.0,114.0,0.1518,-0.1922,0.0009,5.6954,-1.6282,-0.9844,33.2202,34.1,34.1,34.1,43.1000003814697,down,2026-08-21T14:36:58,0.0,0.0
SPXW,2026-09-16,26,Call,7430.0,SPXW260916C07430000,287.2,292.8,290.0,0.0,0.0,0.0,0.0,0.0,0.1504,0.804,0.0009,5.7555,-1.6393,3.8682,289.2229,0.0,0.0,0.0,278.649993896484,no_change,,0.0,0.0
SPXW,2026-09-16,26,Put,7430.0,SPXW260916P07430000,33.4,33.8,33.599999999999994,0.0,0.0,0.0,0.0,0.0,0.151,-0.1958,0.0009,5.7555,-1.6393,-1.0025,33.8522,0.0,0.0,0.0,43.7999992370606,no_change,,0.0,0.0
SPXW,2026-09-16,26,Call,7440.0,SPXW260916C07440000,278.5,284.1,281.3,0.0,0.0,0.0,0.0,0.0,0.1491,0.7968,0.0009,5.8763,-1.6613,3.8377,280.5597,0.0,0.0,0.0,270.199996948242,no_change,,0.0,0.0
SPXW,2026-09-16,26,Put,7440.0,SPXW260916P07440000,34.7,35.1,34.900000000000006,42.74,0.0,0.0,0.0,3.0,0.1497,-0.203,0.0009,5.8763,-1.6613,-1.0396,35.1604,0.0,0.0,0.0,45.2999992370606,no_change,2026-08-20T13:38:02,0.0,0.0
SPXW,2026-09-16,26,Call,7450.0,SPXW260916C07450000,269.9,275.4,272.65,354.86,0.0,0.0,0.0,2.0,0.1478,0.7892,0.001,5.9988,-1.683,3.8057,271.9573,0.0,0.0,0.0,261.800003051758,no_change,2026-08-17T14:55:45,0.0,0.0
SPXW,2026-09-16,26,Put,7450.0,SPXW260916P07450000,36.0,36.5,36.25,35.42,-11.48,-24.4776,24.0,116.0,0.1483,-0.2106,0.001,5.9988,-1.683,-1.0781,36.5293,36.26,37.45,35.42,46.8999996185303,no_change,2026-08-21T15:30:56,0.0,0.0
SPXW,2026-09-16,26,Call,7460.0,SPXW260916C07460000,261.4,266.9,264.15,278.83,0.0,0.0,0.0,1.0,0.1463,0.7814,0.001,6.1232,-1.7044,3.7719,263.419,0.0,0.0,0.0,253.650009155273,up,2026-08-20T10:06:02,0.0,0.0
SPXW,2026-09-16,26,Put,7460.0,SPXW260916P07460000,37.5,37.9,37.7,44.12,0.0,0.0,0.0,1.0,0.147,-0.2185,0.001,6.1232,-1.7044,-1.1185,37.9624,0.0,0.0,0.0,48.6000003814697,up,2026-08-20T12:31:41,0.0,0.0
SPXW,2026-09-16,26,Call,7470.0,SPXW260916C07470000,252.9,258.4,255.64999999999998,0.0,0.0,0.0,0.0,0.0,0.1451,0.7732,0.001,6.2485,-1.7253,3.7358,254.9488,0.0,0.0,0.0,245.349998474121,no_change,,0.0,0.0
SPXW,2026-09-16,26,Put,7470.0,SPXW260916P07470000,39.0,39.4,39.2,45.62,0.0,0.0,0.0,1.0,0.1456,-0.2266,0.001,6.2485,-1.7253,-1.1611,39.4635,0.0,0.0,0.0,50.2999992370606,up,2026-08-20T12:31:41,0.0,0.0
SPXW,2026-09-16,26,Call,7475.0,SPXW260916C07475000,248.6,254.1,251.35,266.02,0.0,0.0,0.0,1.0,0.1444,0.769,0.001,6.3111,-1.7356,3.717,250.7405,0.0,0.0,0.0,241.25,down,2026-08-20T10:06:02,0.0,0.0
SPXW,2026-09-16,26,Put,7475.0,SPXW260916P07475000,39.7,40.1,39.900000000000006,40.11,-11.09,-21.6602,10.0,660.0,0.145,-0.2308,0.001,6.3111,-1.7356,-1.1832,40.2408,40.11,40.11,40.11,51.2000007629394,no_change,2026-08-21T13:53:26,0.0,0.0
SPXW,2026-09-16,26,Call,7480.0,SPXW260916C07480000,244.4,249.9,247.15,0.0,0.0,0.0,0.0,0.0,0.1437,0.7647,0.001,6.3734,-1.7457,3.6978,246.5507,0.0,0.0,0.0,237.099998474121,no_change,,0.0,0.0
SPXW,2026-09-16,26,Put,7480.0,SPXW260916P07480000,40.5,40.9,40.7,40.57,-11.53,-22.1305,22.0,0.0,0.1443,-0.2351,0.001,6.3734,-1.7457,-1.2057,41.0367,44.3,44.3,40.57,52.1000003814697,down,2026-08-21T12:46:40,0.0,0.0
SPXW,2026-09-16,26,Call,7490.0,SPXW260916C07490000,236.1,241.5,238.8,0.0,0.0,0.0,0.0,0.0,0.1423,0.7558,0.0011,6.4966,-1.7654,3.6584,238.2282,0.0,0.0,0.0,229.0,no_change,,0.0,0.0
SPXW,2026-09-16,26,Put,7490.0,SPXW260916P07490000,42.1,42.6,42.35,55.11,0.0,0.0,0.0,3.0,0.1429,-0.244,0.0011,6.4966,-1.7654,-1.2517,42.6856,0.0,0.0,0.0,54.0,up,2026-08-20T16:14:07,0.0,0.0
SPXW,2026-09-16,26,Call,7500.0,SPXW260916C07500000,227.8,233.2,230.5,248.87,0.0,0.0,0.0,3.0,0.141,0.7467,0.0011,6.6181,-1.7845,3.6177,229.9842,0.0,0.0,0.0,221.0,down,2026-08-20T11:15:07,0.0,0.0
SPXW,2026-09-16,26,Put,7500.0,SPXW260916P07500000,43.9,44.3,44.099999999999994,45.2,-10.7,-19.1413,64.0,108.0,0.1416,-0.2532,0.0011,6.6181,-1.7845,-1.2989,44.4129,47.78,47.78,43.0,55.8999996185303,up,2026-08-21T14:30:09,0.0,0.0
SPXW,2026-09-16,26,Call,7510.0,SPXW260916C07510000,219.7,225.0,222.35,0.0,0.0,0.0,0.0,0.0,0.1396,0.7371,0.0011,6.7386,-1.8028,3.5756,221.8215,0.0,0.0,0.0,213.25,no_change,,0.0,0.0
SPXW,2026-09-16,26,Put,7510.0,SPXW260916P07510000,45.7,46.1,45.900000000000006,0.0,0.0,0.0,0.0,0.0,0.1403,-0.2627,0.0011,6.7386,-1.8028,-1.3475,46.2216,0.0,0.0,0.0,57.9500007629394,no_change,,0.0,0.0
SPXW,2026-09-16,26,Call,7520.0,SPXW260916C07520000,211.6,216.9,214.25,0.0,0.0,0.0,0.0,0.0,0.1383,0.7273,0.0012,6.8592,-1.8202,3.5315,213.7439,0.0,0.0,0.0,205.400001525879,no_change,,0.0,0.0
SPXW,2026-09-16,26,Put,7520.0,SPXW260916P07520000,47.5,48.0,47.75,0.0,0.0,0.0,0.0,0.0,0.1389,-0.2726,0.0012,6.8592,-1.8202,-1.3983,48.1153,0.0,0.0,0.0,60.1000003814697,no_change,,0.0,0.0
SPXW,2026-09-16,26,Call,7525.0,SPXW260916C07525000,207.7,212.9,210.3,303.69,0.0,0.0,0.0,1.0,0.1376,0.7222,0.0012,6.9193,-1.8285,3.5084,209.7385,0.0,0.0,0.0,201.5,up,2026-08-10T10:00:38,0.0,0.0
SPXW,2026-09-16,26,Put,7525.0,SPXW260916P07525000,48.5,48.9,48.7,47.46,-13.69,-22.3876,12.0,73.0,0.1382,-0.2776,0.0012,6.9193,-1.8285,-1.4246,49.0956,48.95,48.95,47.46,61.1500015258789,no_change,2026-08-21T15:30:56,0.0,0.0
SPXW,2026-09-16,26,Call,7530.0,SPXW260916C07530000,203.7,208.9,206.3,0.0,0.0,0.0,0.0,0.0,0.1371,0.717,0.0012,6.9791,-1.8366,3.4846,205.7563,0.0,0.0,0.0,197.699996948242,no_change,,0.0,0.0
SPXW,2026-09-16,26,Put,7530.0,SPXW260916P07530000,49.5,49.9,49.7,52.45,0.0,0.0,0.0,99.0,0.1376,-0.2828,0.0012,6.9791,-1.8366,-1.4516,50.099,0.0,0.0,0.0,62.25,down,2026-08-20T11:08:09,0.0,0.0
SPXW,2026-09-16,26,Call,7540.0,SPXW260916C07540000,195.7,200.9,198.3,0.0,0.0,0.0,0.0,0.0,0.1358,0.7064,0.0012,7.0967,-1.8518,3.4354,197.864,0.0,0.0,0.0,189.900001525879,no_change,,0.0,0.0
SPXW,2026-09-16,26,Put,7540.0,SPXW260916P07540000,51.5,52.0,51.75,0.0,0.0,0.0,0.0,0.0,0.1363,-0.2934,0.0012,7.0967,-1.8518,-1.5074,52.1781,0.0,0.0,0.0,64.5500030517578,no_change,,0.0,0.0
SPXW,2026-09-16,26,Call,7550.0,SPXW260916C07550000,188.0,193.1,190.55,188.13,5.83,3.19802,5.0,24.0,0.1345,0.6954,0.0013,7.2102,-1.8658,3.3844,190.0718,188.13,188.13,188.13,182.300003051758,down,2026-08-21T09:47:52,0.0,0.0
SPXW,2026-09-16,26,Put,7550.0,SPXW260916P07550000,53.7,54.1,53.900000000000006,52.3,-14.65,-21.882,2.0,28.0,0.135,-0.3044,0.0013,7.2102,-1.8658,-1.565,54.3572,52.3,52.3,52.3,66.9499969482422,no_change,2026-08-21T15:40:27,0.0,0.0
SPXW,2026-09-16,26,Call,7560.0,SPXW260916C07560000,182.8,183.3,183.05,180.48,5.58,3.19039,5.0,5.0,0.1338,0.684,0.0013,7.3192,-1.8785,3.3322,182.3829,180.48,180.48,180.48,174.900001525879,up,2026-08-21T09:47:52,0.0,0.0
SPXW,2026-09-16,26,Put,7560.0,SPXW260916P07560000,56.0,56.4,56.2,50.71,0.0,0.0,0.0,10.0,0.1337,-0.3158,0.0013,7.3192,-1.8785,-1.6237,56.6397,0.0,0.0,0.0,69.4499969482422,down,2026-08-19T16:14:21,0.0,0.0
SPXW,2026-09-16,26,Call,7570.0,SPXW260916C07570000,175.0,175.7,175.35,0.0,0.0,0.0,0.0,0.0,0.1325,0.6722,0.0013,7.4244,-1.8897,3.2784,174.801,0.0,0.0,0.0,167.5,no_change,,0.0,0.0
SPXW,2026-09-16,26,Put,7570.0,SPXW260916P07570000,58.3,58.8,58.55,52.8,0.0,0.0,0.0,7.0,0.1323,-0.3276,0.0013,7.4244,-1.8897,-1.6841,59.0291,0.0,0.0,0.0,72.1000022888184,down,2026-08-19T15:58:45,0.0,0.0
SPXW,2026-09-16,26,Call,7575.0,SPXW260916C07575000,171.4,171.9,171.65,0.0,0.0,0.0,0.0,2.0,0.1317,0.6661,0.0014,7.4759,-1.8948,3.2505,171.0516,0.0,0.0,0.0,163.850006103516,no_change,,0.0,0.0
SPXW,2026-09-16,26,Put,7575.0,SPXW260916P07575000,59.5,60.0,59.75,59.63,-13.77,-18.7602,3.0,211.0,0.1317,-0.3337,0.0014,7.4759,-1.8948,-1.7152,60.2654,63.09,63.09,59.63,73.3999977111816,down,2026-08-21T13:54:07,0.0,0.0
SPXW,2026-09-16,26,Call,7580.0,SPXW260916C07580000,167.6,168.2,167.89999999999998,0.0,0.0,0.0,0.0,0.0,0.1311,0.66,0.0014,7.5266,-1.8994,3.2219,167.331,0.0,0.0,0.0,160.300003051758,no_change,,0.0,0.0
SPXW,2026-09-16,26,Put,7580.0,SPXW260916P07580000,60.8,61.3,61.05,69.92,0.0,0.0,0.0,5.0,0.1311,-0.3398,0.0014,7.5266,-1.8994,-1.7472,61.5305,0.0,0.0,0.0,74.7999992370606,up,2026-08-20T13:46:15,0.0,0.0
SPXW,2026-09-16,26,Call,7590.0,SPXW260916C07590000,160.2,160.8,160.5,0.0,0.0,0.0,0.0,0.0,0.1299,0.6474,0.0014,7.6246,-1.9073,3.1623,159.9798,0.0,0.0,0.0,153.099998474121,no_change,,0.0,0.0
SPXW,2026-09-16,26,Put,7590.0,SPXW260916P07590000,63.4,63.9,63.65,68.14,-9.46,-12.1907,1.0,39.0,0.1298,-0.3524,0.0014,7.6246,-1.9073,-1.8133,64.1506,68.14,68.14,68.14,77.6000022888184,up,2026-08-21T10:02:19,0.0,0.0
SPXW,2026-09-16,26,Call,7600.0,SPXW260916C07600000,153.0,153.6,153.3,228.31,0.0,0.0,0.0,4.0,0.1286,0.6344,0.0014,7.7164,-1.9133,3.1004,152.7537,0.0,0.0,0.0,146.099998474121,up,2026-08-17T14:43:47,0.0,0.0
SPXW,2026-09-16,26,Put,7600.0,SPXW260916P07600000,66.1,66.6,66.35,68.3,-12.3,-15.2605,30.0,152.0,0.1285,-0.3654,0.0014,7.7164,-1.9133,-1.8817,66.8958,69.71,69.71,61.8,80.6000022888184,up,2026-08-21T14:34:55,0.0,0.0
SPXW,2026-09-16,26,Call,7610.0,SPXW260916C07610000,145.9,146.4,146.15,220.39,0.0,0.0,0.0,1.0,0.1273,0.621,0.0015,7.8005,-1.9173,3.0374,145.6575,0.0,0.0,0.0,139.25,down,2026-08-17T14:43:47,0.0,0.0
SPXW,2026-09-16,26,Put,7610.0,SPXW260916P07610000,68.9,69.4,69.15,59.38,0.0,0.0,0.0,88.0,0.1273,-0.3788,0.0015,7.8005,-1.9173,-1.9513,69.771,0.0,0.0,0.0,83.7000007629394,up,2026-08-17T16:06:10,0.0,0.0
SPXW,2026-09-16,26,Call,7620.0,SPXW260916C07620000,138.9,139.4,139.15,253.82,0.0,0.0,0.0,1.0,0.126,0.6072,0.0015,7.8771,-1.9192,2.973,138.6952,0.0,0.0,0.0,132.5,up,2026-08-14T09:56:09,0.0,0.0
SPXW,2026-09-16,26,Put,7620.0,SPXW260916P07620000,71.9,72.4,72.15,73.2,-13.7,-15.7652,4.0,73.0,0.1261,-0.3926,0.0015,7.8771,-1.9192,-2.0222,72.78,72.7,73.2,71.15,86.8999977111816,up,2026-08-21T14:09:05,0.0,0.0
SPXW,2026-09-16,26,Call,7625.0,SPXW260916C07625000,135.5,136.0,135.75,0.0,0.0,0.0,0.0,0.0,0.1255,0.6001,0.0015,7.9128,-1.9194,2.9399,135.2659,0.0,0.0,0.0,129.300003051758,no_change,,0.0,0.0
SPXW,2026-09-16,26,Put,7625.0,SPXW260916P07625000,73.5,74.0,73.75,71.78,-16.82,-18.9842,6.0,1184.0,0.1254,-0.3997,0.0015,7.9128,-1.9194,-2.0586,74.3364,77.21,77.21,71.78,88.6000022888184,no_change,2026-08-21T15:41:11,0.0,0.0
SPXW,2026-09-16,26,Call,7630.0,SPXW260916C07630000,132.0,132.6,132.3,163.03,0.0,0.0,0.0,5.0,0.1249,0.593,0.0015,7.9467,-1.919,2.906,131.8724,0.0,0.0,0.0,126.0,down,2026-08-18T11:15:38,0.0,0.0
SPXW,2026-09-16,26,Put,7630.0,SPXW260916P07630000,75.1,75.6,75.35,73.75,-16.55,-18.3278,1.0,48.0,0.1249,-0.4069,0.0015,7.9467,-1.919,-2.0957,75.9286,73.75,73.75,73.75,90.2999992370606,down,2026-08-21T12:38:56,0.0,0.0
SPXW,2026-09-16,26,Call,7640.0,SPXW260916C07640000,125.4,125.9,125.65,157.64,0.0,0.0,0.0,13.0,0.1236,0.5784,0.0015,8.0084,-1.9163,2.8358,125.1972,0.0,0.0,0.0,119.5,up,2026-08-18T12:30:05,0.0,0.0
SPXW,2026-09-16,26,Put,7640.0,SPXW260916P07640000,78.3,78.8,78.55,93.4,0.0,0.0,0.0,14.0,0.1236,-0.4215,0.0015,8.0084,-1.9163,-2.1726,79.2248,0.0,0.0,0.0,93.8999977111816,up,2026-08-20T14:17:53,0.0,0.0
SPXW,2026-09-16,26,Call,7650.0,SPXW260916C07650000,118.8,119.4,119.1,123.5,10.2,9.00265,14.0,1183.0,0.1225,0.5634,0.0016,8.0606,-1.9112,2.7633,118.6776,119.9,124.3,119.9,113.299999237061,up,2026-08-21T15:58:57,0.0,0.0
SPXW,2026-09-16,26,Put,7650.0,SPXW260916P07650000,81.8,82.3,82.05,81.83,-15.72,-16.1148,14.0,1192.0,0.1225,-0.4364,0.0016,8.0606,-1.9112,-2.2516,82.6764,85.58,87.46,81.83,97.5500030517578,down,2026-08-21T13:54:07,0.0,0.0
SPXW,2026-09-16,26,Call,7660.0,SPXW260916C07660000,112.4,113.0,112.7,116.8,9.7,9.05695,3.0,12.0,0.1212,0.548,0.0016,8.1019,-1.9035,2.69,112.3187,116.3,117.5,116.3,107.100002288818,down,2026-08-21T15:51:01,0.0,0.0
SPXW,2026-09-16,26,Put,7660.0,SPXW260916P07660000,85.4,85.9,85.65,85.72,-15.68,-15.4635,20.0,5.0,0.1213,-0.4518,0.0016,8.1019,-1.9035,-2.3314,86.2889,91.4,91.5,85.72,101.399997711182,no_change,2026-08-21T14:05:36,0.0,0.0
SPXW,2026-09-16,26,Call,7670.0,SPXW260916C07670000,106.2,106.8,106.5,111.87,10.67,10.5435,1.0,2.0,0.1202,0.5323,0.0016,8.1323,-1.8932,2.6156,106.1248,111.87,111.87,111.87,101.200000762939,down,2026-08-21T12:48:39,0.0,0.0
SPXW,2026-09-16,26,Put,7670.0,SPXW260916P07670000,89.2,89.6,89.4,90.6,-14.8,-14.0417,44.0,8.0,0.1202,-0.4675,0.0016,8.1323,-1.8932,-2.4124,90.0664,94.1,94.45,87.85,105.399997711182,up,2026-08-21T14:09:05,0.0,0.0
SPXW,2026-09-16,26,Call,7675.0,SPXW260916C07675000,103.2,103.8,103.5,101.6,0.0,0.0,0.0,1177.0,0.1196,0.5243,0.0016,8.1433,-1.887,2.5774,103.0918,0.0,0.0,0.0,98.3499984741211,down,2026-08-20T15:08:04,0.0,0.0
SPXW,2026-09-16,26,Put,7675.0,SPXW260916P07675000,91.1,91.6,91.35,88.0,-19.45,-18.1014,9.0,11.0,0.1195,-0.4755,0.0016,8.1433,-1.887,-2.4538,92.019,91.45,91.8,88.0,107.449996948242,down,2026-08-21T15:45:54,0.0,0.0
SPXW,2026-09-16,26,Call,7680.0,SPXW260916C07680000,100.2,100.8,100.5,103.02,7.57,7.93086,7.0,2.0,0.119,0.5162,0.0016,8.1513,-1.8801,2.5384,100.103,101.09,103.02,101.09,95.4499969482422,up,2026-08-21T15:56:35,0.0,0.0
SPXW,2026-09-16,26,Put,7680.0,SPXW260916P07680000,93.1,93.6,93.35,98.45,-11.15,-10.1734,40.0,8.0,0.119,-0.4836,0.0016,8.1513,-1.8801,-2.4962,94.0159,98.1,98.45,98.1,109.600002288818,up,2026-08-21T09:33:06,0.0,0.0
SPXW,2026-09-16,26,Call,7690.0,SPXW260916C07690000,94.4,94.9,94.65,96.7,6.85,7.62382,7.0,23.0,0.1179,0.4999,0.0016,8.158,-1.8643,2.4583,94.2621,95.68,96.7,95.68,89.8499984741211,up,2026-08-21T11:17:17,0.0,0.0
SPXW,2026-09-16,26,Put,7690.0,SPXW260916P07690000,97.2,97.7,97.45,93.85,-20.1,-17.6393,1.0,7.0,0.118,-0.4999,0.0016,8.158,-1.8643,-2.5828,98.1463,93.85,93.85,93.85,113.949996948242,down,2026-08-21T15:45:54,0.0,0.0
SPXW,2026-09-16,26,Call,7700.0,SPXW260916C07700000,88.7,89.3,89.0,91.42,7.02,8.31754,6.0,15.0,0.1169,0.4833,0.0017,8.1517,-1.8455,2.3774,88.6086,89.15,103.7,89.15,84.3999977111816,up,2026-08-21T15:56:35,0.0,0.0
SPXW,2026-09-16,26,Put,7700.0,SPXW260916P07700000,101.5,102.0,101.75,100.35,-18.1,-15.2807,4.0,245.0,0.1168,-0.5165,0.0017,8.1517,-1.8455,-2.6703,102.4642,98.4,100.35,98.4,118.449996948242,up,2026-08-21T13:13:38,0.0,0.0
SPXW,2026-09-16,26,Call,7710.0,SPXW260916C07710000,83.3,83.8,83.55,96.86,0.0,0.0,0.0,6.0,0.1158,0.4664,0.0017,8.1321,-1.8239,2.2966,83.1456,0.0,0.0,0.0,79.1500015258789,down,2026-08-20T11:13:19,0.0,0.0
SPXW,2026-09-16,26,Put,7710.0,SPXW260916P07710000,106.0,106.5,106.25,108.27,0.0,0.0,0.0,7.0,0.1158,-0.5334,0.0017,8.1321,-1.8239,-2.7577,106.9726,0.0,0.0,0.0,123.299999237061,up,2026-08-20T10:03:32,0.0,0.0
SPXW,2026-09-16,26,Call,7720.0,SPXW260916C07720000,78.0,78.5,78.25,82.6,8.5,11.471,7.0,8.0,0.1148,0.4493,0.0017,8.0984,-1.7994,2.214,77.8769,82.6,82.6,82.6,74.1000022888184,down,2026-08-21T12:45:29,0.0,0.0
SPXW,2026-09-16,26,Put,7720.0,SPXW260916P07720000,110.7,111.2,110.95,127.56,0.0,0.0,0.0,22.0,0.1148,-0.5505,0.0017,8.0984,-1.7994,-2.8467,111.6752,0.0,0.0,0.0,128.149997711182,up,2026-08-20T14:17:53,0.0,0.0
SPXW,2026-09-16,26,Call,7725.0,SPXW260916C07725000,75.4,76.0,75.7,78.58,6.88,9.59554,7.0,44.0,0.1143,0.4407,0.0017,8.0757,-1.7861,2.1717,75.3176,73.71,78.58,73.71,71.7000007629394,up,2026-08-21T15:40:58,0.0,0.0
SPXW,2026-09-16,26,Put,7725.0,SPXW260916P07725000,113.2,113.7,113.45,119.1,-11.55,-8.84041,1.0,12.0,0.1144,-0.5591,0.0017,8.0757,-1.7861,-2.8923,114.1016,119.1,119.1,119.1,130.649993896484,up,2026-08-21T10:13:43,0.0,0.0
SPXW,2026-09-16,26,Call,7730.0,SPXW260916C07730000,72.9,73.4,73.15,70.82,1.52,2.19336,10.0,6.0,0.1139,0.432,0.0017,8.0492,-1.772,2.129,72.8094,70.82,70.82,70.82,69.2999992370606,down,2026-08-21T10:16:27,0.0,0.0
SPXW,2026-09-16,26,Put,7730.0,SPXW260916P07730000,115.6,116.2,115.9,91.5,0.0,0.0,0.0,3.0,0.1139,-0.5678,0.0017,8.0492,-1.772,-2.9383,116.5791,0.0,0.0,0.0,133.300003051758,no_change,2026-08-19T12:18:41,0.0,0.0
SPXW,2026-09-16,26,Call,7740.0,SPXW260916C07740000,68.1,68.6,68.35,66.12,1.47,2.27378,11.0,9.0,0.1129,0.4147,0.0017,7.985,-1.7417,2.0435,67.9478,67.73,67.73,66.12,64.6500015258789,down,2026-08-21T10:16:27,0.0,0.0
SPXW,2026-09-16,26,Put,7740.0,SPXW260916P07740000,120.7,121.2,120.95,96.75,0.0,0.0,0.0,10.0,0.1129,-0.5851,0.0017,7.985,-1.7417,-3.0303,121.6888,0.0,0.0,0.0,138.599998474121,down,2026-08-19T11:18:03,0.0,0.0
SPXW,2026-09-16,26,Call,7750.0,SPXW260916C07750000,63.4,63.9,63.65,67.9,7.7,12.7907,10.0,59.0,0.112,0.3972,0.0017,7.9072,-1.7086,1.9592,63.2917,64.46,67.9,61.9,60.2000007629394,up,2026-08-21T15:47:11,0.0,0.0
SPXW,2026-09-16,26,Put,7750.0,SPXW260916P07750000,126.0,126.6,126.3,132.3,-11.8,-8.18876,1.0,11.0,0.112,-0.6026,0.0017,7.9072,-1.7086,-3.1212,127.004,132.3,132.3,132.3,144.099998474121,down,2026-08-21T10:13:43,0.0,0.0
SPXW,2026-09-16,26,Call,7760.0,SPXW260916C07760000,58.9,59.4,59.15,61.6,5.7,10.1968,3.0,38.0,0.1111,0.3798,0.0017,7.8146,-1.6727,1.8743,58.8406,61.6,61.6,61.6,55.8999996185303,down,2026-08-21T15:33:41,0.0,0.0
SPXW,2026-09-16,26,Put,7760.0,SPXW260916P07760000,131.5,132.0,131.75,147.7,0.0,0.0,0.0,10.0,0.1111,-0.6201,0.0017,7.8146,-1.6727,-3.2126,132.5242,0.0,0.0,0.0,149.900001525879,up,2026-08-20T14:11:52,0.0,0.0
SPXW,2026-09-16,26,Call,7770.0,SPXW260916C07770000,54.7,55.1,54.900000000000006,63.7,0.0,0.0,0.0,50.0,0.1102,0.3623,0.0017,7.705,-1.6341,1.7878,54.5972,0.0,0.0,0.0,51.8499984741211,down,2026-08-20T11:37:10,0.0,0.0
SPXW,2026-09-16,26,Put,7770.0,SPXW260916P07770000,137.2,137.8,137.5,144.94,0.0,0.0,0.0,22.0,0.1103,-0.6375,0.0017,7.705,-1.6341,-3.3057,138.2522,0.0,0.0,0.0,155.75,up,2026-08-20T13:53:42,0.0,0.0
SPXW,2026-09-16,26,Call,7775.0,SPXW260916C07775000,52.6,53.1,52.85,54.52,4.62,9.25852,5.0,69.0,0.1098,0.3536,0.0016,7.6442,-1.6139,1.7446,52.5539,52.04,54.52,51.4,49.8999996185303,up,2026-08-21T13:37:49,0.0,0.0
SPXW,2026-09-16,26,Put,7775.0,SPXW260916P07775000,140.2,140.8,140.5,155.7,0.0,0.0,0.0,32.0,0.1097,-0.6462,0.0016,7.6442,-1.6139,-3.3522,141.1946,0.0,0.0,0.0,158.699996948242,up,2026-08-20T15:24:27,0.0,0.0
SPXW,2026-09-16,26,Call,7780.0,SPXW260916C07780000,50.6,51.1,50.85,62.03,0.0,0.0,0.0,58.0,0.1093,0.345,0.0016,7.5801,-1.593,1.702,50.5622,0.0,0.0,0.0,48.0,down,2026-08-20T09:31:47,0.0,0.0
SPXW,2026-09-16,26,Put,7780.0,SPXW260916P07780000,143.1,143.7,143.39999999999998,136.85,0.0,0.0,0.0,29.0,0.1093,-0.6549,0.0016,7.5801,-1.593,-3.398,144.1886,0.0,0.0,0.0,161.900001525879,up,2026-08-18T15:53:00,0.0,0.0
SPXW,2026-09-16,26,Call,7790.0,SPXW260916C07790000,46.7,47.2,46.95,71.03,0.0,0.0,0.0,14.0,0.1085,0.3277,0.0016,7.4429,-1.5493,1.6184,46.7308,0.0,0.0,0.0,44.2999992370606,down,2026-08-19T14:39:06,0.0,0.0
SPXW,2026-09-16,26,Put,7790.0,SPXW260916P07790000,149.3,149.8,149.55,126.75,0.0,0.0,0.0,2.0,0.1086,-0.6721,0.0016,7.4429,-1.5493,-3.4882,150.3284,0.0,0.0,0.0,168.099998474121,up,2026-08-19T14:39:06,0.0,0.0
SPXW,2026-09-16,26,Call,7800.0,SPXW260916C07800000,43.1,43.5,43.3,45.48,4.58,11.198,12.0,13.0,0.1077,0.3107,0.0016,7.2923,-1.5034,1.5349,43.099,43.68,45.82,43.68,40.8999996185303,down,2026-08-21T15:41:00,0.0,0.0
SPXW,2026-09-16,26,Put,7800.0,SPXW260916P07800000,155.6,156.2,155.89999999999998,159.13,0.0,0.0,0.0,30.0,0.1078,-0.6891,0.0016,7.2923,-1.5034,-3.5783,156.668,0.0,0.0,0.0,174.800003051758,no_change,2026-08-20T11:51:37,0.0,0.0
SPXW,2026-09-16,26,Call,7810.0,SPXW260916C07810000,39.6,40.1,39.85,49.76,0.0,0.0,0.0,100.0,0.107,0.2939,0.0016,7.1255,-1.4553,1.4509,39.6667,0.0,0.0,0.0,37.6000003814697,down,2026-08-20T10:02:04,0.0,0.0
SPXW,2026-09-16,26,Put,7810.0,SPXW260916P07810000,161.1,163.5,162.3,137.71,0.0,0.0,0.0,1.0,0.1074,-0.706,0.0016,7.1255,-1.4553,-3.6688,163.2071,0.0,0.0,0.0,181.550003051758,up,2026-08-19T14:39:06,0.0,0.0
SPXW,2026-09-16,26,Call,7820.0,SPXW260916C07820000,36.4,36.8,36.599999999999994,36.92,2.42,7.01449,3.0,460.0,0.1062,0.2773,0.0015,6.9453,-1.4052,1.3693,36.4305,37.53,37.53,36.92,34.5,no_change,2026-08-21T13:56:19,0.0,0.0
SPXW,2026-09-16,26,Put,7820.0,SPXW260916P07820000,166.1,171.4,168.75,0.0,0.0,0.0,0.0,3.0,0.1068,-0.7225,0.0015,6.9453,-1.4052,-3.757,169.9422,0.0,0.0,0.0,188.449996948242,no_change,,0.0,0.0
SPXW,2026-09-16,26,Call,7825.0,SPXW260916C07825000,34.8,35.3,35.05,35.42,2.32,7.00906,2.0,20.0,0.1059,0.2692,0.0015,6.8519,-1.3794,1.3296,34.8836,35.42,35.42,35.42,33.1000003814697,no_change,2026-08-21T13:56:19,0.0,0.0
SPXW,2026-09-16,26,Put,7825.0,SPXW260916P07825000,169.5,174.9,172.2,135.97,0.0,0.0,0.0,15.0,0.1064,-0.7306,0.0015,6.8519,-1.3794,-3.7999,173.3809,0.0,0.0,0.0,191.900001525879,down,2026-08-19T11:14:16,0.0,0.0
SPXW,2026-09-16,26,Call,7830.0,SPXW260916C07830000,33.3,33.7,33.5,53.46,0.0,0.0,0.0,19.0,0.1056,0.2611,0.0015,6.7563,-1.3533,1.2903,33.383,0.0,0.0,0.0,31.5999994277954,down,2026-08-19T14:50:19,0.0,0.0
SPXW,2026-09-16,26,Put,7830.0,SPXW260916P07830000,173.0,178.4,175.7,173.38,-22.07,-11.2919,120.0,6.0,0.1061,-0.7387,0.0015,6.7563,-1.3533,-3.8425,176.8661,173.38,173.38,173.38,195.450004577637,up,2026-08-21T15:56:52,0.0,0.0
SPXW,2026-09-16,26,Call,7840.0,SPXW260916C07840000,30.4,30.9,30.65,50.7,0.0,0.0,0.0,1.0,0.1048,0.2452,0.0015,6.5564,-1.3,1.2117,30.52,0.0,0.0,0.0,28.9000005722046,up,2026-08-19T13:00:17,0.0,0.0
SPXW,2026-09-16,26,Put,7840.0,SPXW260916P07840000,180.1,185.5,182.8,0.0,0.0,0.0,0.0,0.0,0.1054,-0.7546,0.0015,6.5564,-1.3,-3.9276,183.9744,0.0,0.0,0.0,202.800003051758,no_change,,0.0,0.0
SPXW,2026-09-16,26,Call,7850.0,SPXW260916C07850000,27.7,28.2,27.95,30.7,4.3,16.2879,2.0,78.0,0.1042,0.2298,0.0014,6.343,-1.2454,1.1344,27.8396,34.1,34.1,30.7,26.4000005722046,down,2026-08-21T15:09:13,0.0,0.0
SPXW,2026-09-16,26,Put,7850.0,SPXW260916P07850000,187.3,192.8,190.05,187.6,-22.55,-10.7304,120.0,2.0,0.1048,-0.77,0.0014,6.343,-1.2454,-4.0115,191.2653,187.6,187.6,187.6,210.150001525879,up,2026-08-21T15:56:52,0.0,0.0
SPXW,2026-09-16,26,Call,7860.0,SPXW260916C07860000,25.2,25.6,25.4,24.79,0.79,3.29167,1.0,22.0,0.1036,0.2148,0.0014,6.1211,-1.1898,1.0607,25.3354,24.79,24.79,24.79,24.0,up,2026-08-21T10:00:07,0.0,0.0
SPXW,2026-09-16,26,Put,7860.0,SPXW260916P07860000,194.8,200.4,197.60000000000002,194.73,-23.12,-10.6128,1.0,3.0,0.1043,-0.7851,0.0014,6.1211,-1.1898,-4.0918,198.7325,194.73,194.73,194.73,217.850006103516,up,2026-08-21T15:35:01,0.0,0.0
SPXW,2026-09-16,26,Call,7875.0,SPXW260916C07875000,21.8,22.2,22.0,22.08,0.0,0.0,0.0,323.0,0.1027,0.1931,0.0013,5.7789,-1.1052,0.954,21.8944,0.0,0.0,0.0,20.8000001907349,down,2026-08-20T15:06:31,0.0,0.0
SPXW,2026-09-16,26,Put,7875.0,SPXW260916P07875000,206.3,211.9,209.10000000000002,170.25,0.0,0.0,0.0,18.0,0.1062,-0.8067,0.0013,5.7789,-1.1052,-4.2082,210.2485,0.0,0.0,0.0,229.599998474121,down,2026-08-19T10:47:48,0.0,0.0
SPXW,2026-09-16,26,Call,7900.0,SPXW260916C07900000,16.8,17.2,17.0,19.35,3.2,19.8142,1.0,219.0,0.1013,0.1597,0.0012,5.1744,-0.9634,0.7887,16.9643,19.35,19.35,19.35,16.1499996185303,up,2026-08-21T12:35:31,0.0,0.0
SPXW,2026-09-16,26,Put,7900.0,SPXW260916P07900000,226.0,231.9,228.95,207.08,0.0,0.0,0.0,1.0,0.1022,-0.8401,0.0012,5.1744,-0.9634,-4.3899,230.2468,0.0,0.0,0.0,249.900001525879,up,2026-08-18T09:44:25,0.0,0.0
SPXW,2026-09-16,26,Call,7925.0,SPXW260916C07925000,12.8,13.2,13.0,15.03,2.68,21.7004,1.0,582.0,0.1,0.13,0.001,4.5582,-0.8249,0.6407,12.9537,15.03,15.03,15.03,12.3499999046326,down,2026-08-21T12:35:31,0.0,0.0
SPXW,2026-09-16,26,Put,7925.0,SPXW260916P07925000,246.9,253.0,249.95,180.48,0.0,0.0,0.0,13.0,0.1011,-0.8698,0.001,4.5582,-0.8249,-4.5543,251.1645,0.0,0.0,0.0,271.150009155273,up,2026-08-17T10:20:37,0.0,0.0
SPXW,2026-09-16,26,Call,7950.0,SPXW260916C07950000,9.7,10.0,9.85,10.77,1.42,15.1872,21.0,112.0,0.099,0.1041,0.0009,3.9509,-0.6943,0.513,9.7613,9.75,10.77,9.75,9.34999990463257,no_change,2026-08-21T15:29:59,0.0,0.0
SPXW,2026-09-16,26,Put,7950.0,SPXW260916P07950000,268.5,274.8,271.65,0.0,0.0,0.0,0.0,0.0,0.1003,-0.8957,0.0009,3.9509,-0.6943,-4.6984,272.9005,0.0,0.0,0.0,293.0,no_change,,0.0,0.0
SPXW,2026-09-16,26,Call,7975.0,SPXW260916C07975000,7.1,7.5,7.3,7.37,0.32,4.53901,8.0,157.0,0.0981,0.0823,0.0008,3.3706,-0.5755,0.4054,7.2796,7.37,7.37,7.37,7.04999995231628,up,2026-08-21T10:00:07,0.0,0.0
SPXW,2026-09-16,26,Put,7975.0,SPXW260916P07975000,282.7,306.5,294.6,216.03,0.0,0.0,0.0,1.0,0.0998,-0.9175,0.0008,3.3706,-0.5755,-4.8224,295.3471,0.0,0.0,0.0,315.0,up,2026-08-17T10:20:37,0.0,0.0
SPXW,2026-09-16,26,Call,8000.0,SPXW260916C08000000,5.3,5.6,5.449999999999999,6.12,0.92,17.6923,53.0,147.0,0.0976,0.0644,0.0006,2.8397,-0.4714,0.3164,5.3953,7.82,7.82,5.9,5.20000004768372,no_change,2026-08-21T15:29:59,0.0,0.0
SPXW,2026-09-16,26,Put,8000.0,SPXW260916P08000000,305.8,329.5,317.65,0.0,0.0,0.0,0.0,1.0,0.0994,-0.9354,0.0006,2.8397,-0.4714,-4.9278,318.3912,0.0,0.0,0.0,338.199996948242,no_change,,0.0,0.0
SPXW,2026-09-16,26,Call,8025.0,SPXW260916C08025000,3.9,4.1,4.0,4.85,0.95,24.359,9.0,102.0,0.0974,0.05,0.0005,2.3708,-0.3833,0.2453,3.9966,5.92,5.92,4.32,3.89999997615814,no_change,2026-08-21T15:08:04,0.0,0.0
SPXW,2026-09-16,26,Put,8025.0,SPXW260916P08025000,329.2,353.0,341.1,0.0,0.0,0.0,0.0,0.0,0.0998,-0.9498,0.0005,2.3708,-0.3833,-5.0153,341.9209,0.0,0.0,0.0,361.699996948242,no_change,,0.0,0.0
SPXW,2026-09-16,26,Call,8050.0,SPXW260916C08050000,2.9,3.1,3.0,3.74,0.815,27.8633,12.0,121.0,0.0972,0.0389,0.0004,1.9696,-0.3114,0.1907,2.9809,3.2,4.3,3.2,2.92499995231628,down,2026-08-21T12:35:31,0.0,0.0
SPXW,2026-09-16,26,Put,8050.0,SPXW260916P08050000,353.1,376.5,364.8,0.0,0.0,0.0,0.0,0.0,0.1003,-0.9609,0.0004,1.9696,-0.3114,-5.0863,365.8335,0.0,0.0,0.0,385.599990844727,no_change,,0.0,0.0
SPXW,2026-09-16,26,Call,8075.0,SPXW260916C08075000,2.15,2.35,2.25,2.4,0.175,7.86517,15.0,41.0,0.0976,0.0305,0.0003,1.6384,-0.2545,0.1489,2.2565,2.52,2.55,2.4,2.22500002384186,down,2026-08-21T16:00:49,0.0,0.0
SPXW,2026-09-16,26,Put,8075.0,SPXW260916P08075000,377.3,401.1,389.20000000000005,0.0,0.0,0.0,0.0,0.0,0.1014,-0.9694,0.0003,1.6384,-0.2545,-5.1445,390.0375,0.0,0.0,0.0,409.699996948242,no_change,,0.0,0.0
SPXW,2026-09-16,26,Call,8100.0,SPXW260916C08100000,1.65,1.8,1.725,2.07,0.37,21.7647,6.0,65.0,0.0983,0.0242,0.0003,1.3714,-0.2106,0.1178,1.7452,1.8,2.26,1.8,1.69999998807907,no_change,2026-08-21T15:29:59,0.0,0.0
SPXW,2026-09-16,26,Put,8100.0,SPXW260916P08100000,401.7,425.5,413.6,0.0,0.0,0.0,0.0,0.0,0.1029,-0.9757,0.0003,1.3714,-0.2106,-5.1919,414.4546,0.0,0.0,0.0,434.300003051758,no_change,,0.0,0.0
SPXW,2026-09-16,26,Call,8125.0,SPXW260916C08125000,1.25,1.45,1.35,1.99,0.0,0.0,0.0,35.0,0.0997,0.0195,0.0002,1.1607,-0.1774,0.0951,1.3867,0.0,0.0,0.0,1.35000002384186,down,2026-08-20T10:23:05,0.0,0.0
SPXW,2026-09-16,26,Put,8125.0,SPXW260916P08125000,426.2,449.8,438.0,0.0,0.0,0.0,0.0,0.0,0.1052,-0.9803,0.0002,1.1607,-0.1774,-5.231,439.0244,0.0,0.0,0.0,458.650009155273,no_change,,0.0,0.0
SPXW,2026-09-16,26,Call,8150.0,SPXW260916C08150000,1.0,1.2,1.1,1.47,0.37,33.6364,1.0,64.0,0.1014,0.0161,0.0002,0.9953,-0.1524,0.0782,1.133,1.47,1.47,1.47,1.10000002384186,down,2026-08-21T13:11:16,0.0,0.0
SPXW,2026-09-16,26,Put,8150.0,SPXW260916P08150000,450.9,474.8,462.85,0.0,0.0,0.0,0.0,0.0,0.108,-0.9837,0.0002,0.9953,-0.1524,-5.2642,463.6991,0.0,0.0,0.0,483.350006103516,no_change,,0.0,0.0
SPXW,2026-09-16,26,Call,8175.0,SPXW260916C08175000,0.85,1.0,0.925,1.0,0.0,0.0,0.0,27.0,0.1032,0.0136,0.0002,0.8655,-0.1335,0.0657,0.9513,0.0,0.0,0.0,0.925000011920929,down,2026-08-20T15:08:11,0.0,0.0
SPXW,2026-09-16,26,Put,8175.0,SPXW260916P08175000,475.6,495.1,485.35,0.0,0.0,0.0,0.0,0.0,0.1104,-0.9863,0.0002,0.8655,-0.1335,-5.2932,488.4458,0.0,0.0,0.0,508.199996948242,no_change,,0.0,0.0
SPXW,2026-09-16,26,Call,8200.0,SPXW260916C08200000,0.7,0.9,0.8,1.05,0.0,0.0,0.0,16.0,0.1051,0.0116,0.0001,0.7625,-0.119,0.0563,0.8175,0.0,0.0,0.0,0.775000005960464,down,2026-08-20T10:22:50,0.0,0.0
SPXW,2026-09-16,26,Put,8200.0,SPXW260916P08200000,500.4,524.3,512.3499999999999,0.0,0.0,0.0,0.0,0.0,0.1136,-0.9882,0.0001,0.7625,-0.119,-5.3189,513.2403,0.0,0.0,0.0,532.349975585938,no_change,,0.0,0.0
SPXW,2026-09-16,26,Call,8225.0,SPXW260916C08225000,0.6,0.8,0.7,1.55,0.0,0.0,0.0,4.0,0.1076,0.0101,0.0001,0.6783,-0.1075,0.0489,0.7153,0.0,0.0,0.0,0.675000011920929,up,2026-08-19T12:45:40,0.0,0.0
SPXW,2026-09-16,26,Put,8225.0,SPXW260916P08225000,525.3,544.7,535.0,0.0,0.0,0.0,0.0,0.0,0.1165,-0.9897,0.0001,0.6788,-0.1076,-5.3427,538.067,0.0,0.0,0.0,557.699981689453,no_change,,0.0,0.0
SPXW,2026-09-16,26,Call,8250.0,SPXW260916C08250000,0.55,0.7,0.625,0.86,0.0,0.0,0.0,6.0,0.1107,0.0089,0.0001,0.6098,-0.0984,0.043,0.6364,0.0,0.0,0.0,0.625,down,2026-08-20T11:42:51,0.0,0.0
SPXW,2026-09-16,26,Put,8250.0,SPXW260916P08250000,550.1,574.0,562.05,0.0,0.0,0.0,0.0,0.0,0.1206,-0.9909,0.0001,0.6098,-0.0984,-5.365,562.9159,0.0,0.0,0.0,582.150024414062,no_change,,0.0,0.0
SPXW,2026-09-16,26,Call,8275.0,SPXW260916C08275000,0.45,0.65,0.55,0.75,0.0,0.0,0.0,61.0,0.1125,0.0079,0.0001,0.5519,-0.0907,0.0382,0.5721,0.0,0.0,0.0,0.550000011920929,down,2026-08-20T11:42:51,0.0,0.0
SPXW,2026-09-16,26,Put,8275.0,SPXW260916P08275000,575.0,594.0,584.5,0.0,0.0,0.0,0.0,0.0,0.1246,-0.9919,0.0001,0.5518,-0.0907,-5.3861,587.78,0.0,0.0,0.0,607.25,no_change,,0.0,0.0
SPXW,2026-09-16,26,Call,8300.0,SPXW260916C08300000,0.4,0.6,0.5,0.6,0.1,20.0,1.0,6.0,0.1153,0.0071,0.0001,0.5022,-0.0842,0.0343,0.5188,0.6,0.6,0.6,0.5,down,2026-08-21T15:56:34,0.0,0.0
SPXW,2026-09-16,26,Put,8300.0,SPXW260916P08300000,599.8,623.7,611.75,0.0,0.0,0.0,0.0,0.0,0.1271,-0.9927,0.0001,0.5022,-0.0842,-5.4065,612.655,0.0,0.0,0.0,632.099975585938,no_change,,0.0,0.0
SPXW,2026-09-16,26,Call,8325.0,SPXW260916C08325000,0.35,0.55,0.45,0.0,0.0,0.0,0.0,0.0,0.1178,0.0064,0.0001,0.459,-0.0785,0.0309,0.4735,0.0,0.0,0.0,0.450000002980232,no_change,,0.0,0.0
SPXW,2026-09-16,26,Put,8325.0,SPXW260916P08325000,624.7,645.4,635.05,0.0,0.0,0.0,0.0,0.0,0.1309,-0.9934,0.0001,0.459,-0.0785,-5.4262,637.5381,0.0,0.0,0.0,657.049987792969,no_change,,0.0,0.0
SPXW,2026-09-16,26,Call,8400.0,SPXW260916C08400000,0.25,0.45,0.35,2.35,0.0,0.0,0.0,8.0,0.1268,0.0048,0.0,0.3577,-0.065,0.0232,0.3705,0.0,0.0,0.0,0.375,up,2026-08-13T15:41:21,0.0,0.0
SPXW,2026-09-16,26,Put,8400.0,SPXW260916P08400000,699.4,718.8,709.0999999999999,0.0,0.0,0.0,0.0,0.0,0.142,-0.995,0.0,0.358,-0.065,-5.4831,712.2205,0.0,0.0,0.0,731.200012207031,no_change,,0.0,0.0
SPXW,2026-09-16,26,Call,8500.0,SPXW260916C08500000,0.2,0.35,0.275,0.82,0.0,0.0,0.0,3.0,0.1384,0.0035,0.0,0.2657,-0.0521,0.0166,0.2791,0.0,0.0,0.0,0.274999998509884,down,2026-08-14T16:05:02,0.0,0.0
SPXW,2026-09-16,26,Put,8500.0,SPXW260916P08500000,800.8,823.1,811.95,0.0,0.0,0.0,0.0,0.0,0.1581,-0.9963,0.0,0.266,-0.0521,-5.5552,811.8425,0.0,0.0,0.0,830.25,no_change,,0.0,0.0
SPXW,2026-09-16,26,Call,8600.0,SPXW260916C08600000,0.15,0.3,0.22499999999999998,0.4,0.0,0.0,0.0,35.0,0.1498,0.0026,0.0,0.2028,-0.0426,0.0123,0.2167,0.0,0.0,0.0,0.225000008940697,up,2026-08-19T12:03:04,0.0,0.0
SPXW,2026-09-16,26,Put,8600.0,SPXW260916P08600000,898.8,919.4,909.0999999999999,0.0,0.0,0.0,0.0,0.0,0.1738,-0.9972,0.0,0.203,-0.0426,-5.625,911.4934,0.0,0.0,0.0,931.049987792969,no_change,,0.0,0.0
SPXW,2026-09-16,26,Call,8800.0,SPXW260916C08800000,0.05,0.25,0.15,0.25,0.0,0.0,0.0,21.0,0.1733,0.0015,0.0,0.1243,-0.0295,0.0072,0.1375,0.0,0.0,0.0,0.150000002235174,down,2026-08-17T10:59:43,0.0,0.0
SPXW,2026-09-16,26,Put,8800.0,SPXW260916P08800000,1098.2,1117.1,1107.65,0.0,0.0,0.0,0.0,0.0,0.2039,-0.9983,0.0,0.1244,-0.0295,-5.7612,1110.841,0.0,0.0,0.0,1130.0,no_change,,0.0,0.0
SPXW,2026-09-16,26,Call,9000.0,SPXW260916C09000000,0.05,0.2,0.125,0.0,0.0,0.0,0.0,0.0,0.1937,0.0009,0.0,0.0797,-0.0209,0.0044,0.0907,0.0,0.0,0.0,0.100000003352761,no_change,,0.0,0.0
SPXW,2026-09-16,26,Put,9000.0,SPXW260916P09000000,1297.7,1318.1,1307.9,0.0,0.0,0.0,0.0,0.0,0.2326,-0.9989,0.0,0.0798,-0.0209,-5.895,1310.221,0.0,0.0,0.0,1329.29998779297,no_change,,0.0,0.0
SPXW,2026-09-16,26,Call,9200.0,SPXW260916C09200000,0.0,0.15,0.075,0.15,0.0,0.0,0.0,4.0,0.2143,0.0006,0.0,0.0526,-0.015,0.0028,0.0611,0.0,0.0,0.0,0.0750000029802322,no_change,2026-08-17T10:18:15,0.0,0.0
SPXW,2026-09-16,26,Put,9200.0,SPXW260916P09200000,1497.1,1517.6,1507.35,0.0,0.0,0.0,0.0,0.0,0.2602,-0.9992,0.0,0.0526,-0.015,-6.0276,1509.6183,0.0,0.0,0.0,1529.29998779297,no_change,,0.0,0.0
SPXW,2026-09-16,26,Call,9400.0,SPXW260916C09400000,0.0,0.15,0.075,0.15,0.0,0.0,0.0,2.0,0.2376,0.0004,0.0,0.0353,-0.0108,0.0018,0.0418,0.0,0.0,0.0,0.0500000007450581,up,2026-08-13T15:28:51,0.0,0.0
SPXW,2026-09-16,26,Put,9400.0,SPXW260916P09400000,1696.5,1717.0,1706.75,0.0,0.0,0.0,0.0,0.0,0.2865,-0.9994,0.0,0.0354,-0.0108,-6.1596,1709.0258,0.0,0.0,0.0,1728.0,no_change,,0.0,0.0
SPXW,2026-09-16,26,Call,9600.0,SPXW260916C09600000,0.0,0.15,0.075,0.0,0.0,0.0,0.0,0.0,0.2548,0.0003,0.0,0.0239,-0.0078,0.0012,0.0284,0.0,0.0,0.0,0.0500000007450581,no_change,,0.0,0.0
SPXW,2026-09-16,26,Put,9600.0,SPXW260916P09600000,1896.0,1914.6,1905.3,0.0,0.0,0.0,0.0,0.0,0.3157,-0.9996,0.0,0.0242,-0.0079,-6.2913,1908.4398,0.0,0.0,0.0,1928.05004882812,no_change,,0.0,0.0
SPXW,2026-09-16,26,Call,9800.0,SPXW260916C09800000,0.0,0.1,0.05,0.0,0.0,0.0,0.0,0.0,0.2764,0.0002,0.0,0.0165,-0.0056,0.0008,0.0198,0.0,0.0,0.0,0.0500000007450581,no_change,,0.0,0.0
SPXW,2026-09-16,26,Put,9800.0,SPXW260916P09800000,2095.4,2119.1,2107.25,0.0,0.0,0.0,0.0,0.0,0.3404,-0.9996,0.0,0.0167,-0.0057,-6.4227,2107.8578,0.0,0.0,0.0,2127.5,no_change,,0.0,0.0
SPXW,2026-09-16,26,Call,10000.0,SPXW260916C10000000,0.0,0.1,0.05,0.0,0.0,0.0,0.0,0.0,0.2975,0.0001,0.0,0.0115,-0.0041,0.0006,0.0138,0.0,0.0,0.0,0.0500000007450581,no_change,,0.0,0.0
SPXW,2026-09-16,26,Put,10000.0,SPXW260916P10000000,2294.9,2315.3,2305.1000000000004,0.0,0.0,0.0,0.0,0.0,0.3684,-0.9997,0.0,0.0116,-0.0042,-6.554,2307.2787,0.0,0.0,0.0,2326.5,no_change,,0.0,0.0
SPXW,2026-09-17,27,Call,3200.0,SPXW260917C03200000,4463.3,4487.2,4475.25,0.0,0.0,0.0,0.0,0.0,1.0359,0.9996,0.0,0.0163,-0.025,2.1854,4473.5729,0.0,0.0,0.0,4452.80004882812,no_change,,0.0,0.0
SPXW,2026-09-17,27,Put,3200.0,SPXW260917P03200000,0.0,0.1,0.05,0.0,0.0,0.0,0.0,0.0,0.931,-0.0002,0.0,0.0163,-0.025,-0.0011,0.0995,0.0,0.0,0.0,0.0500000007450581,no_change,,0.0,0.0
SPXW,2026-09-17,27,Call,3400.0,SPXW260917C03400000,4263.9,4287.8,4275.85,0.0,0.0,0.0,0.0,0.0,0.968,0.9996,0.0,0.0184,-0.0265,2.3218,4274.1769,0.0,0.0,0.0,4253.5498046875,no_change,,0.0,0.0
SPXW,2026-09-17,27,Put,3400.0,SPXW260917P03400000,0.0,0.1,0.05,0.05,0.0,0.0,0.0,3.0,0.8689,-0.0002,0.0,0.0183,-0.0263,-0.0012,0.1058,0.0,0.0,0.0,0.0750000029802322,down,2026-08-20T10:45:02,0.0,0.0
SPXW,2026-09-17,27,Call,3600.0,SPXW260917C03600000,4067.8,4088.4,4078.1000000000004,0.0,0.0,0.0,0.0,0.0,0.904,0.9996,0.0,0.021,-0.0283,2.4581,4074.7826,0.0,0.0,0.0,4054.19995117188,no_change,,0.0,0.0
SPXW,2026-09-17,27,Put,3600.0,SPXW260917P03600000,0.0,0.15,0.075,0.0,0.0,0.0,0.0,0.0,0.8103,-0.0003,0.0,0.0209,-0.0281,-0.0014,0.1145,0.0,0.0,0.0,0.0750000029802322,no_change,,0.0,0.0
SPXW,2026-09-17,27,Call,3800.0,SPXW260917C03800000,3869.2,3889.0,3879.1,0.0,0.0,0.0,0.0,0.0,0.8433,0.9995,0.0,0.0242,-0.0306,2.5943,3875.391,0.0,0.0,0.0,3855.55004882812,no_change,,0.0,0.0
SPXW,2026-09-17,27,Put,3800.0,SPXW260917P03800000,0.0,0.15,0.075,0.1,0.0,0.0,0.0,6.0,0.7699,-0.0003,0.0,0.0241,-0.0304,-0.0016,0.1258,0.0,0.0,0.0,0.125000001862645,down,2026-08-20T15:12:35,0.0,0.0
SPXW,2026-09-17,27,Call,4000.0,SPXW260917C04000000,3665.6,3689.6,3677.6,0.0,0.0,0.0,0.0,0.0,0.7856,0.9994,0.0,0.0286,-0.0338,2.7305,3676.0038,0.0,0.0,0.0,3655.94995117188,no_change,,0.0,0.0
SPXW,2026-09-17,27,Put,4000.0,SPXW260917P04000000,0.05,0.2,0.125,0.15,0.0,-1.49012e-06,1.0,31.0,0.7163,-0.0004,0.0,0.0284,-0.0336,-0.0019,0.1416,0.15,0.15,0.15,0.150000002235174,up,2026-08-21T11:48:25,0.0,0.0
SPXW,2026-09-17,27,Call,4200.0,SPXW260917C04200000,3466.2,3488.3,3477.25,0.0,0.0,0.0,0.0,0.0,0.7306,0.9994,0.0,0.0346,-0.0384,2.8666,3476.624,0.0,0.0,0.0,3456.19995117188,no_change,,0.0,0.0
SPXW,2026-09-17,27,Put,4200.0,SPXW260917P04200000,0.1,0.25,0.175,0.0,0.0,0.0,0.0,0.0,0.685,-0.0004,0.0,0.0345,-0.0382,-0.0024,0.1647,0.0,0.0,0.0,0.200000002980232,no_change,,0.0,0.0
SPXW,2026-09-17,27,Call,4400.0,SPXW260917C04400000,3266.8,3290.8,3278.8,0.0,0.0,0.0,0.0,0.0,0.678,0.9992,0.0,0.0432,-0.0452,3.0024,3277.2563,0.0,0.0,0.0,3257.0,no_change,,0.0,0.0
SPXW,2026-09-17,27,Put,4400.0,SPXW260917P04400000,0.15,0.3,0.22499999999999998,0.0,0.0,0.0,0.0,0.0,0.649,-0.0006,0.0,0.0431,-0.045,-0.003,0.1999,0.0,0.0,0.0,0.274999998509884,no_change,,0.0,0.0
SPXW,2026-09-17,27,Call,4600.0,SPXW260917C04600000,3068.1,3091.4,3079.75,0.0,0.0,0.0,0.0,0.0,0.6276,0.9991,0.0,0.056,-0.0553,3.1379,3077.9072,0.0,0.0,0.0,3057.59997558594,no_change,,0.0,0.0
SPXW,2026-09-17,27,Put,4600.0,SPXW260917P04600000,0.2,0.35,0.275,0.27,-0.08,-22.8571,320.0,520.0,0.6199,-0.0008,0.0,0.0559,-0.0551,-0.004,0.2538,0.27,0.27,0.27,0.350000008940697,no_change,2026-08-21T15:50:34,0.0,0.0
SPXW,2026-09-17,27,Call,4800.0,SPXW260917C04800000,2869.0,2892.1,2880.55,0.0,0.0,0.0,0.0,0.0,0.5918,0.9988,0.0,0.0748,-0.0699,3.2729,2878.5858,0.0,0.0,0.0,2858.19995117188,no_change,,0.0,0.0
SPXW,2026-09-17,27,Put,4800.0,SPXW260917P04800000,0.3,0.45,0.375,0.4,0.0,0.0,0.0,8.0,0.5824,-0.001,0.0,0.0746,-0.0697,-0.0054,0.3353,0.0,0.0,0.0,0.475000008940697,no_change,2026-08-20T11:32:03,0.0,0.0
SPXW,2026-09-17,27,Call,5000.0,SPXW260917C05000000,2669.0,2692.8,2680.9,2790.87,0.0,0.0,0.0,1.0,0.554,0.9984,0.0,0.102,-0.0903,3.4072,2679.3025,0.0,0.0,0.0,2659.15002441406,up,2026-08-14T14:21:11,0.0,0.0
SPXW,2026-09-17,27,Put,5000.0,SPXW260917P05000000,0.4,0.55,0.47500000000000003,0.55,0.0,0.0,0.0,168.0,0.5489,-0.0014,0.0,0.1018,-0.0901,-0.0076,0.455,0.0,0.0,0.0,0.625,up,2026-08-20T09:36:52,0.0,0.0
SPXW,2026-09-17,27,Call,5200.0,SPXW260917C05200000,2469.6,2493.5,2481.55,0.0,0.0,0.0,0.0,0.0,0.5152,0.9978,0.0,0.14,-0.1176,3.5406,2480.0702,0.0,0.0,0.0,2460.34997558594,no_change,,0.0,0.0
SPXW,2026-09-17,27,Put,5200.0,SPXW260917P05200000,0.55,0.7,0.625,0.65,-0.175,-21.2121,6.0,230.0,0.5146,-0.0021,0.0,0.1398,-0.1174,-0.0107,0.6257,0.65,0.65,0.65,0.824999988079071,no_change,2026-08-21T15:52:45,0.0,0.0
SPXW,2026-09-17,27,Call,5400.0,SPXW260917C05400000,2270.4,2294.3,2282.3500000000004,0.0,0.0,0.0,0.0,0.0,0.4817,0.9969,0.0,0.1926,-0.1524,3.6725,2280.9014,0.0,0.0,0.0,2261.0,no_change,,0.0,0.0
SPXW,2026-09-17,27,Put,5400.0,SPXW260917P05400000,0.8,0.9,0.8500000000000001,0.9,-0.275,-23.4043,1.0,21.0,0.4811,-0.0029,0.0,0.1924,-0.1523,-0.0153,0.8601,0.9,0.9,0.9,1.17500001192093,down,2026-08-21T15:03:31,0.0,0.0
SPXW,2026-09-17,27,Call,5600.0,SPXW260917C05600000,2072.1,2095.1,2083.6,2066.22,0.0,0.0,0.0,5.0,0.4457,0.9957,0.0,0.2623,-0.1956,3.8027,2081.8111,0.0,0.0,0.0,2061.95007324219,up,2026-08-20T15:06:40,0.0,0.0
SPXW,2026-09-17,27,Put,5600.0,SPXW260917P05600000,1.05,1.2,1.125,1.27,0.0,0.0,0.0,10.0,0.4494,-0.0041,0.0,0.2622,-0.1954,-0.0215,1.1728,0.0,0.0,0.0,1.57499998807907,no_change,2026-08-17T10:11:42,0.0,0.0
SPXW,2026-09-17,27,Call,5800.0,SPXW260917C05800000,1872.2,1896.1,1884.15,0.0,0.0,0.0,0.0,0.0,0.4149,0.9941,0.0,0.3552,-0.247,3.9305,1882.8143,0.0,0.0,0.0,1864.09997558594,no_change,,0.0,0.0
SPXW,2026-09-17,27,Put,5800.0,SPXW260917P05800000,1.45,1.6,1.525,1.75,0.0,0.0,0.0,27.0,0.4175,-0.0058,0.0,0.3551,-0.2469,-0.0303,1.5793,0.0,0.0,0.0,2.10000002384186,down,2026-08-19T11:10:15,0.0,0.0
SPXW,2026-09-17,27,Call,6000.0,SPXW260917C06000000,1673.3,1697.1,1685.1999999999998,1793.78,0.0,0.0,0.0,28.0,0.3828,0.9918,0.0,0.4766,-0.3071,4.0551,1683.9307,0.0,0.0,0.0,1664.45001220703,up,2026-08-13T11:54:57,0.0,0.0
SPXW,2026-09-17,27,Put,6000.0,SPXW260917P06000000,1.95,2.1,2.025,2.0,-0.775,-27.9279,32.0,847.0,0.3846,-0.008,0.0,0.4766,-0.307,-0.0421,2.0991,2.2,2.2,2.0,2.77499997615814,no_change,2026-08-21T15:45:55,0.0,0.0
SPXW,2026-09-17,27,Call,6200.0,SPXW260917C06200000,1474.5,1498.3,1486.4,1543.21,0.0,0.0,0.0,1.0,0.3489,0.9887,0.0,0.6361,-0.3765,4.1751,1485.193,0.0,0.0,0.0,1466.39996337891,down,2026-08-11T15:51:43,0.0,0.0
SPXW,2026-09-17,27,Put,6200.0,SPXW260917P06200000,2.6,2.75,2.675,2.9,-0.8,-21.6216,70.0,186.0,0.3511,-0.0112,0.0,0.6362,-0.3765,-0.0586,2.7649,2.9,2.9,2.9,3.69999992847443,down,2026-08-21T12:19:38,0.0,0.0
SPXW,2026-09-17,27,Call,6300.0,SPXW260917C06300000,1378.6,1399.0,1388.8,0.0,0.0,0.0,0.0,0.0,0.3323,0.9867,0.0,0.7363,-0.4153,4.2327,1385.8952,0.0,0.0,0.0,1367.20001220703,no_change,,0.0,0.0
SPXW,2026-09-17,27,Put,6300.0,SPXW260917P06300000,3.0,3.2,3.1,3.32,-0.98,-22.7907,8.0,22.0,0.3349,-0.0132,0.0,0.7365,-0.4153,-0.0692,3.1688,3.32,3.32,3.32,4.29999995231628,down,2026-08-21T11:55:33,0.0,0.0
SPXW,2026-09-17,27,Call,6400.0,SPXW260917C06400000,1280.4,1299.8,1290.1,0.0,0.0,0.0,0.0,0.0,0.3147,0.9842,0.0001,0.8529,-0.4576,4.288,1286.6621,0.0,0.0,0.0,1268.25,no_change,,0.0,0.0
SPXW,2026-09-17,27,Put,6400.0,SPXW260917P06400000,3.5,3.7,3.6,4.94,0.0,0.0,0.0,43.0,0.3182,-0.0156,0.0001,0.8531,-0.4577,-0.0822,3.6375,0.0,0.0,0.0,5.0,up,2026-08-20T14:57:29,0.0,0.0
SPXW,2026-09-17,27,Call,6500.0,SPXW260917C06500000,1176.9,1200.7,1188.8000000000002,0.0,0.0,0.0,0.0,0.0,0.2985,0.9812,0.0001,0.9904,-0.5045,4.3407,1187.5131,0.0,0.0,0.0,1169.20001220703,no_change,,0.0,0.0
SPXW,2026-09-17,27,Put,6500.0,SPXW260917P06500000,4.1,4.3,4.199999999999999,4.2,-1.6,-27.5862,18.0,103.0,0.3004,-0.0186,0.0001,0.9904,-0.5045,-0.0978,4.1894,4.82,4.82,4.0,5.79999995231628,up,2026-08-21T15:55:53,0.0,0.0
SPXW,2026-09-17,27,Call,6600.0,SPXW260917C06600000,1077.8,1101.6,1089.6999999999998,0.0,0.0,0.0,0.0,53.0,0.2819,0.9775,0.0001,1.1585,-0.5573,4.3891,1088.4787,0.0,0.0,0.0,1070.25,no_change,,0.0,0.0
SPXW,2026-09-17,27,Put,6600.0,SPXW260917P06600000,4.7,5.0,4.85,4.9,-1.85,-27.4074,1.0,7.0,0.2834,-0.0223,0.0001,1.1588,-0.5573,-0.1176,4.8574,4.9,4.9,4.9,6.75,down,2026-08-21T15:55:53,0.0,0.0
SPXW,2026-09-17,27,Call,6625.0,SPXW260917C06625000,1054.1,1076.9,1065.5,0.0,0.0,0.0,0.0,8.0,0.277,0.9764,0.0001,1.2056,-0.5717,4.4004,1063.7436,0.0,0.0,0.0,1045.65002441406,no_change,,0.0,0.0
SPXW,2026-09-17,27,Put,6625.0,SPXW260917P06625000,4.9,5.2,5.050000000000001,0.0,0.0,0.0,0.0,0.0,0.2792,-0.0234,0.0001,1.2059,-0.5717,-0.1234,5.0478,0.0,0.0,0.0,7.0,no_change,,0.0,0.0
SPXW,2026-09-17,27,Call,6650.0,SPXW260917C06650000,1028.3,1052.2,1040.25,0.0,0.0,0.0,0.0,0.0,0.273,0.9753,0.0001,1.2549,-0.5867,4.4114,1039.0198,0.0,0.0,0.0,1020.94998168945,no_change,,0.0,0.0
SPXW,2026-09-17,27,Put,6650.0,SPXW260917P06650000,5.1,5.4,5.25,6.8,0.0,0.0,0.0,14.0,0.2749,-0.0245,0.0001,1.2552,-0.5867,-0.1295,5.2493,0.0,0.0,0.0,7.29999995231628,up,2026-08-20T11:52:04,0.0,0.0
SPXW,2026-09-17,27,Call,6675.0,SPXW260917C06675000,1003.7,1027.5,1015.6,1056.27,0.0,0.0,0.0,1.0,0.2689,0.9741,0.0001,1.3067,-0.6023,4.422,1014.3083,0.0,0.0,0.0,996.350006103516,up,2026-08-18T09:40:18,0.0,0.0
SPXW,2026-09-17,27,Put,6675.0,SPXW260917P06675000,5.3,5.6,5.449999999999999,0.0,0.0,0.0,0.0,0.0,0.2709,-0.0258,0.0001,1.3071,-0.6023,-0.1359,5.4632,0.0,0.0,0.0,7.59999990463257,no_change,,0.0,0.0
SPXW,2026-09-17,27,Call,6700.0,SPXW260917C06700000,979.0,1002.8,990.9,997.16,0.0,0.0,0.0,1.0,0.2647,0.9728,0.0001,1.3616,-0.6185,4.4322,989.6101,0.0,0.0,0.0,971.75,down,2026-08-20T12:06:09,0.0,0.0
SPXW,2026-09-17,27,Put,6700.0,SPXW260917P06700000,5.6,5.8,5.699999999999999,7.42,0.0,0.0,0.0,11.0,0.2664,-0.0271,0.0001,1.3621,-0.6185,-0.1428,5.6904,0.0,0.0,0.0,7.9500002861023,up,2026-08-20T11:40:11,0.0,0.0
SPXW,2026-09-17,27,Call,6725.0,SPXW260917C06725000,954.2,978.1,966.1500000000001,0.0,0.0,0.0,0.0,0.0,0.2604,0.9713,0.0001,1.4202,-0.6354,4.4419,964.9266,0.0,0.0,0.0,947.799987792969,no_change,,0.0,0.0
SPXW,2026-09-17,27,Put,6725.0,SPXW260917P06725000,5.8,6.0,5.9,0.0,0.0,0.0,0.0,0.0,0.2622,-0.0285,0.0001,1.4206,-0.6354,-0.1501,5.9323,0.0,0.0,0.0,8.2999997138977,no_change,,0.0,0.0
SPXW,2026-09-17,27,Call,6750.0,SPXW260917C06750000,930.4,953.4,941.9,0.0,0.0,0.0,0.0,0.0,0.256,0.9698,0.0001,1.4826,-0.6532,4.451,940.2595,0.0,0.0,0.0,922.649993896484,no_change,,0.0,0.0
SPXW,2026-09-17,27,Put,6750.0,SPXW260917P06750000,6.0,6.3,6.15,6.7,-1.95,-22.5434,2.0,0.0,0.2579,-0.03,0.0001,1.4829,-0.6531,-0.158,6.1897,6.7,6.7,6.7,8.65000009536743,no_change,2026-08-21T11:06:12,0.0,0.0
SPXW,2026-09-17,27,Call,6775.0,SPXW260917C06775000,905.8,928.8,917.3,0.0,0.0,0.0,0.0,0.0,0.2522,0.9682,0.0001,1.5491,-0.6717,4.4595,915.6105,0.0,0.0,0.0,898.050018310547,no_change,,0.0,0.0
SPXW,2026-09-17,27,Put,6775.0,SPXW260917P06775000,6.3,6.6,6.449999999999999,6.4,-2.65,-29.2818,11.0,1.0,0.2538,-0.0316,0.0001,1.5494,-0.6716,-0.1666,6.466,6.38,6.4,6.38,9.0499997138977,up,2026-08-21T15:56:31,0.0,0.0
SPXW,2026-09-17,27,Call,6800.0,SPXW260917C06800000,884.4,904.1,894.25,0.0,0.0,0.0,0.0,0.0,0.2482,0.9665,0.0001,1.6195,-0.6912,4.4673,890.9819,0.0,0.0,0.0,873.950012207031,no_change,,0.0,0.0
SPXW,2026-09-17,27,Put,6800.0,SPXW260917P06800000,6.6,6.9,6.75,6.7,-2.8,-29.4737,25.0,14.0,0.2497,-0.0333,0.0001,1.6196,-0.6912,-0.1759,6.7629,7.21,7.3,6.7,9.5,down,2026-08-21T15:57:54,0.0,0.0
SPXW,2026-09-17,27,Call,6825.0,SPXW260917C06825000,856.5,879.5,868.0,0.0,0.0,0.0,0.0,0.0,0.2441,0.9646,0.0001,1.6938,-0.7117,4.4742,866.376,0.0,0.0,0.0,849.050018310547,no_change,,0.0,0.0
SPXW,2026-09-17,27,Put,6825.0,SPXW260917P06825000,6.9,7.2,7.050000000000001,0.0,0.0,0.0,0.0,0.0,0.2454,-0.0352,0.0001,1.6939,-0.7117,-0.186,7.0824,0.0,0.0,0.0,9.9500002861023,no_change,,0.0,0.0
SPXW,2026-09-17,27,Call,6850.0,SPXW260917C06850000,831.9,854.9,843.4,0.0,0.0,0.0,0.0,0.0,0.2399,0.9626,0.0002,1.7722,-0.7332,4.4805,841.7954,0.0,0.0,0.0,824.75,no_change,,0.0,0.0
SPXW,2026-09-17,27,Put,6850.0,SPXW260917P06850000,7.3,7.5,7.4,8.1,-2.3,-22.1154,1.0,135.0,0.2409,-0.0372,0.0002,1.7723,-0.7332,-0.1968,7.4272,8.1,8.1,8.1,10.4000000953674,down,2026-08-21T11:09:23,0.0,0.0
SPXW,2026-09-17,27,Call,6875.0,SPXW260917C06875000,807.4,830.4,818.9,0.0,0.0,0.0,0.0,0.0,0.2355,0.9604,0.0002,1.8554,-0.756,4.486,817.2425,0.0,0.0,0.0,800.849975585938,no_change,,0.0,0.0
SPXW,2026-09-17,27,Put,6875.0,SPXW260917P06875000,7.6,7.9,7.75,8.65,-2.3,-21.0046,2.0,3.0,0.2369,-0.0394,0.0002,1.8555,-0.756,-0.2084,7.7996,8.65,8.65,8.65,10.9500002861023,down,2026-08-21T09:32:21,0.0,0.0
SPXW,2026-09-17,27,Call,6900.0,SPXW260917C06900000,782.0,805.8,793.9,0.0,0.0,0.0,0.0,0.0,0.2316,0.958,0.0002,1.9446,-0.7799,4.4906,792.7201,0.0,0.0,0.0,775.899993896484,no_change,,0.0,0.0
SPXW,2026-09-17,27,Put,6900.0,SPXW260917P06900000,8.0,8.3,8.15,8.3,-3.2,-27.8261,6.0,54.0,0.2328,-0.0418,0.0002,1.9446,-0.7799,-0.2208,8.2027,9.05,9.05,8.3,11.5,down,2026-08-21T15:55:01,0.0,0.0
SPXW,2026-09-17,27,Call,6925.0,SPXW260917C06925000,761.4,781.3,771.3499999999999,0.0,0.0,0.0,0.0,0.0,0.2275,0.9554,0.0002,2.0406,-0.8052,4.494,768.2316,0.0,0.0,0.0,751.550018310547,no_change,,0.0,0.0
SPXW,2026-09-17,27,Put,6925.0,SPXW260917P06925000,8.4,8.7,8.55,9.55,-2.55,-21.0744,2.0,49.0,0.2288,-0.0444,0.0002,2.0406,-0.8052,-0.2344,8.6394,9.55,9.55,9.55,12.0999999046326,down,2026-08-21T09:32:21,0.0,0.0
SPXW,2026-09-17,27,Call,6950.0,SPXW260917C06950000,738.0,756.9,747.45,0.0,0.0,0.0,0.0,0.0,0.2233,0.9526,0.0002,2.1438,-0.8319,4.4962,743.7812,0.0,0.0,0.0,727.25,no_change,,0.0,0.0
SPXW,2026-09-17,27,Put,6950.0,SPXW260917P06950000,8.9,9.2,9.05,9.6,-3.15,-24.7059,8.0,32.0,0.2249,-0.0472,0.0002,2.1438,-0.8319,-0.2493,9.1145,10.0,10.0,9.54,12.75,up,2026-08-21T14:27:49,0.0,0.0
SPXW,2026-09-17,27,Call,6975.0,SPXW260917C06975000,709.8,732.5,721.15,0.0,0.0,0.0,0.0,0.0,0.2194,0.9496,0.0002,2.2536,-0.8601,4.4968,719.3737,0.0,0.0,0.0,703.050018310547,no_change,,0.0,0.0
SPXW,2026-09-17,27,Put,6975.0,SPXW260917P06975000,9.4,9.7,9.55,10.15,-3.3,-24.5353,2.0,26.0,0.2207,-0.0503,0.0002,2.2536,-0.8601,-0.2658,9.6321,10.07,10.15,10.07,13.4500002861023,up,2026-08-21T14:27:49,0.0,0.0
SPXW,2026-09-17,27,Call,7000.0,SPXW260917C07000000,688.5,708.1,698.3,0.0,0.0,0.0,0.0,0.0,0.2153,0.9462,0.0002,2.3698,-0.89,4.4959,695.0141,0.0,0.0,0.0,678.899993896484,no_change,,0.0,0.0
SPXW,2026-09-17,27,Put,7000.0,SPXW260917P07000000,10.0,10.3,10.15,10.7,-3.5,-24.6479,6.0,39.0,0.2167,-0.0536,0.0002,2.3698,-0.89,-0.2837,10.1979,11.48,11.48,10.7,14.2000002861023,no_change,2026-08-21T11:38:27,0.0,0.0
SPXW,2026-09-17,27,Call,7025.0,SPXW260917C07025000,664.7,683.8,674.25,0.0,0.0,0.0,0.0,0.0,0.2114,0.9426,0.0003,2.493,-0.9215,4.4936,670.7076,0.0,0.0,0.0,655.049987792969,no_change,,0.0,0.0
SPXW,2026-09-17,27,Put,7025.0,SPXW260917P07025000,10.6,10.9,10.75,14.2,0.0,0.0,0.0,27.0,0.2129,-0.0572,0.0003,2.493,-0.9215,-0.3031,10.8168,0.0,0.0,0.0,15.0499997138977,down,2026-08-18T14:44:18,0.0,0.0
SPXW,2026-09-17,27,Call,7050.0,SPXW260917C07050000,640.5,659.5,650.0,0.0,0.0,0.0,0.0,0.0,0.2078,0.9386,0.0003,2.6252,-0.9548,4.4897,646.4595,0.0,0.0,0.0,630.799987792969,no_change,,0.0,0.0
SPXW,2026-09-17,27,Put,7050.0,SPXW260917P07050000,11.2,11.6,11.399999999999999,15.8,0.0,0.0,0.0,47.0,0.2086,-0.0612,0.0003,2.6252,-0.9548,-0.324,11.494,0.0,0.0,0.0,15.9500002861023,no_change,2026-08-20T16:07:33,0.0,0.0
SPXW,2026-09-17,27,Call,7075.0,SPXW260917C07075000,616.6,635.3,625.95,0.0,0.0,0.0,0.0,0.0,0.2038,0.9342,0.0003,2.7681,-0.9899,4.4837,622.276,0.0,0.0,0.0,606.799987792969,no_change,,0.0,0.0
SPXW,2026-09-17,27,Put,7075.0,SPXW260917P07075000,12.0,12.3,12.15,16.62,0.0,0.0,0.0,23.0,0.205,-0.0656,0.0003,2.7681,-0.9899,-0.3471,12.236,0.0,0.0,0.0,16.8500003814697,up,2026-08-20T14:30:25,0.0,0.0
SPXW,2026-09-17,27,Call,7100.0,SPXW260917C07100000,591.7,611.2,601.45,0.0,0.0,0.0,0.0,0.0,0.2001,0.9294,0.0003,2.9213,-1.0269,4.4751,598.1655,0.0,0.0,0.0,582.899993896484,no_change,,0.0,0.0
SPXW,2026-09-17,27,Put,7100.0,SPXW260917P07100000,12.8,13.1,12.95,14.84,-3.11,-17.3259,2.0,34.0,0.201,-0.0704,0.0003,2.9213,-1.0269,-0.3727,13.0508,14.84,14.84,14.84,17.9499998092651,down,2026-08-21T09:52:39,0.0,0.0
SPXW,2026-09-17,27,Call,7125.0,SPXW260917C07125000,566.7,587.1,576.9000000000001,0.0,0.0,0.0,0.0,0.0,0.1961,0.9242,0.0003,3.0833,-1.0658,4.4639,574.1371,0.0,0.0,0.0,559.200012207031,no_change,,0.0,0.0
SPXW,2026-09-17,27,Put,7125.0,SPXW260917P07125000,13.7,14.0,13.85,19.0,0.0,0.0,0.0,40.0,0.1972,-0.0756,0.0003,3.0833,-1.0658,-0.4011,13.9478,0.0,0.0,0.0,19.0999994277954,no_change,2026-08-20T14:10:52,0.0,0.0
SPXW,2026-09-17,27,Call,7150.0,SPXW260917C07150000,544.4,563.2,553.8,0.0,0.0,0.0,0.0,0.0,0.1925,0.9184,0.0004,3.254,-1.1067,4.4502,550.1997,0.0,0.0,0.0,535.799987792969,no_change,,0.0,0.0
SPXW,2026-09-17,27,Put,7150.0,SPXW260917P07150000,14.6,15.0,14.8,15.4,-4.95,-24.3243,4.0,155.0,0.1935,-0.0814,0.0004,3.254,-1.1067,-0.4318,14.9357,15.4,15.4,15.4,20.3500003814697,down,2026-08-21T11:05:18,0.0,0.0
SPXW,2026-09-17,27,Call,7175.0,SPXW260917C07175000,515.3,538.2,526.75,650.35,0.0,0.0,0.0,8.0,0.1889,0.9121,0.0004,3.4366,-1.1496,4.4339,526.3621,0.0,0.0,0.0,511.600006103516,no_change,2026-08-13T13:52:33,0.0,0.0
SPXW,2026-09-17,27,Put,7175.0,SPXW260917P07175000,15.7,16.0,15.85,16.33,-5.42,-24.9195,4.0,32.0,0.1898,-0.0877,0.0004,3.4366,-1.1496,-0.4651,16.0236,17.95,17.95,16.33,21.75,down,2026-08-21T13:28:43,0.0,0.0
SPXW,2026-09-17,27,Call,7200.0,SPXW260917C07200000,496.0,515.5,505.75,624.55,0.0,0.0,0.0,8.0,0.185,0.9052,0.0004,3.6333,-1.1942,4.414,502.6357,0.0,0.0,0.0,488.200012207031,down,2026-08-14T10:59:49,0.0,0.0
SPXW,2026-09-17,27,Put,7200.0,SPXW260917P07200000,16.9,17.2,17.049999999999997,19.43,-3.82,-16.4301,2.0,170.0,0.186,-0.0947,0.0004,3.6333,-1.1942,-0.5021,17.2225,19.43,19.43,19.43,23.25,down,2026-08-21T09:52:39,0.0,0.0
SPXW,2026-09-17,27,Call,7225.0,SPXW260917C07225000,472.4,491.9,482.15,0.0,0.0,0.0,0.0,0.0,0.1814,0.8975,0.0005,3.8417,-1.2407,4.3897,479.035,0.0,0.0,0.0,464.899993896484,no_change,,0.0,0.0
SPXW,2026-09-17,27,Put,7225.0,SPXW260917P07225000,18.2,18.5,18.35,19.2,-5.75,-23.0461,3.0,81.0,0.1823,-0.1023,0.0005,3.8417,-1.2407,-0.5435,18.5472,18.9,19.2,18.77,24.9499998092651,up,2026-08-21T14:39:32,0.0,0.0
SPXW,2026-09-17,27,Call,7250.0,SPXW260917C07250000,453.8,459.6,456.70000000000005,576.95,0.0,0.0,0.0,7.0,0.1779,0.8891,0.0005,4.0592,-1.289,4.3615,455.5755,0.0,0.0,0.0,441.849990844727,up,2026-08-14T10:59:49,0.0,0.0
SPXW,2026-09-17,27,Put,7250.0,SPXW260917P07250000,19.6,20.0,19.8,19.84,-6.91,-25.8318,21.0,59.0,0.1786,-0.1107,0.0005,4.0592,-1.289,-0.5887,20.0131,19.42,20.65,19.42,26.75,no_change,2026-08-21T15:00:07,0.0,0.0
SPXW,2026-09-17,27,Call,7275.0,SPXW260917C07275000,430.2,436.2,433.2,501.34,0.0,0.0,0.0,6.0,0.1743,0.8798,0.0006,4.2889,-1.3388,4.3296,432.2715,0.0,0.0,0.0,418.899993896484,no_change,2026-08-11T15:33:25,0.0,0.0
SPXW,2026-09-17,27,Put,7275.0,SPXW260917P07275000,21.3,21.6,21.450000000000003,21.16,-7.59,-26.4,16.0,40.0,0.175,-0.12,0.0006,4.2889,-1.3388,-0.6377,21.6344,23.95,23.95,21.16,28.75,down,2026-08-21T15:31:53,0.0,0.0
SPXW,2026-09-17,27,Call,7300.0,SPXW260917C07300000,407.1,413.1,410.1,0.0,0.0,0.0,0.0,0.0,0.1706,0.8696,0.0006,4.5344,-1.39,4.2922,409.1407,0.0,0.0,0.0,396.199996948242,no_change,,0.0,0.0
SPXW,2026-09-17,27,Put,7300.0,SPXW260917P07300000,23.1,23.4,23.25,22.89,-8.06,-26.042,134.0,168.0,0.1714,-0.1302,0.0006,4.5344,-1.39,-0.6921,23.4291,25.0,25.0,22.89,30.9499998092651,down,2026-08-21T15:31:53,0.0,0.0
SPXW,2026-09-17,27,Call,7325.0,SPXW260917C07325000,384.1,390.1,387.1,0.0,0.0,0.0,0.0,0.0,0.1671,0.8584,0.0006,4.7914,-1.4423,4.2484,386.2078,0.0,0.0,0.0,373.75,no_change,,0.0,0.0
SPXW,2026-09-17,27,Put,7325.0,SPXW260917P07325000,25.0,25.4,25.2,25.29,-8.06,-24.1679,1.0,111.0,0.1679,-0.1414,0.0006,4.7914,-1.4423,-0.7531,25.4215,25.29,25.29,25.29,33.3500003814697,down,2026-08-21T15:09:10,0.0,0.0
SPXW,2026-09-17,27,Call,7350.0,SPXW260917C07350000,361.5,367.3,364.4,474.57,0.0,0.0,0.0,33.0,0.1636,0.846,0.0007,5.0558,-1.4954,4.1992,363.4972,0.0,0.0,0.0,351.449996948242,no_change,2026-08-13T11:53:40,0.0,0.0
SPXW,2026-09-17,27,Put,7350.0,SPXW260917P07350000,27.2,27.6,27.4,36.05,0.0,0.0,0.0,89.0,0.1644,-0.1538,0.0007,5.0558,-1.4954,-0.8193,27.6363,0.0,0.0,0.0,36.0,down,2026-08-20T16:00:45,0.0,0.0
SPXW,2026-09-17,27,Call,7360.0,SPXW260917C07360000,352.4,358.3,355.35,0.0,0.0,0.0,0.0,0.0,0.1622,0.8408,0.0007,5.165,-1.5168,4.178,354.4804,0.0,0.0,0.0,0.0,no_change,,0.0,0.0
SPXW,2026-09-17,27,Put,7360.0,SPXW260917P07360000,28.2,28.6,28.4,0.0,0.0,0.0,0.0,0.0,0.1629,-0.1591,0.0007,5.165,-1.5168,-0.8473,28.5896,0.0,0.0,0.0,0.0,no_change,,0.0,0.0
SPXW,2026-09-17,27,Call,7370.0,SPXW260917C07370000,343.4,349.3,346.35,0.0,0.0,0.0,0.0,0.0,0.1608,0.8352,0.0007,5.2767,-1.5382,4.1556,345.5047,0.0,0.0,0.0,0.0,no_change,,0.0,0.0
SPXW,2026-09-17,27,Put,7370.0,SPXW260917P07370000,29.2,29.6,29.4,0.0,0.0,0.0,0.0,0.0,0.1615,-0.1646,0.0007,5.2767,-1.5382,-0.8765,29.5841,0.0,0.0,0.0,0.0,no_change,,0.0,0.0
SPXW,2026-09-17,27,Call,7375.0,SPXW260917C07375000,339.0,344.8,341.9,334.07,0.0,0.0,0.0,5.0,0.1602,0.8324,0.0007,5.3335,-1.5489,4.1439,341.033,0.0,0.0,0.0,329.5,down,2026-08-20T15:06:40,0.0,0.0
SPXW,2026-09-17,27,Put,7375.0,SPXW260917P07375000,29.7,30.1,29.9,30.82,-8.18,-20.9744,1.0,86.0,0.1608,-0.1674,0.0007,5.3335,-1.5489,-0.8917,30.0974,30.82,30.82,30.82,39.0,down,2026-08-21T09:30:04,0.0,0.0
SPXW,2026-09-17,27,Call,7380.0,SPXW260917C07380000,334.5,340.3,337.4,0.0,0.0,0.0,0.0,0.0,0.1595,0.8295,0.0008,5.3909,-1.5596,4.1318,336.5725,0.0,0.0,0.0,0.0,no_change,,0.0,0.0
SPXW,2026-09-17,27,Put,7380.0,SPXW260917P07380000,30.2,30.6,30.4,30.73,30.73,0.0,18.0,0.0,0.1601,-0.1703,0.0008,5.3909,-1.5596,-0.9072,30.622,30.3,30.73,30.3,0.0,no_change,2026-08-21T13:52:28,0.0,0.0
SPXW,2026-09-17,27,Call,7390.0,SPXW260917C07390000,325.6,331.4,328.5,0.0,0.0,0.0,0.0,0.0,0.1581,0.8236,0.0008,5.5068,-1.5809,4.1063,327.6864,0.0,0.0,0.0,0.0,no_change,,0.0,0.0
SPXW,2026-09-17,27,Put,7390.0,SPXW260917P07390000,31.3,31.7,31.5,0.0,0.0,0.0,0.0,0.0,0.1588,-0.1762,0.0008,5.5068,-1.5809,-0.9394,31.7061,0.0,0.0,0.0,0.0,no_change,,0.0,0.0
SPXW,2026-09-17,27,Call,7400.0,SPXW260917C07400000,316.8,322.5,319.65,449.51,0.0,0.0,0.0,2.0,0.1568,0.8174,0.0008,5.6236,-1.6022,4.0795,318.849,0.0,0.0,0.0,307.800003051758,down,2026-08-14T10:01:11,0.0,0.0
SPXW,2026-09-17,27,Put,7400.0,SPXW260917P07400000,32.4,32.8,32.599999999999994,33.33,-8.87,-21.019,1.0,65.0,0.1573,-0.1824,0.0008,5.6236,-1.6022,-0.9731,32.8389,33.33,33.33,33.33,42.2000007629394,down,2026-08-21T09:30:04,0.0,0.0
SPXW,2026-09-17,27,Call,7410.0,SPXW260917C07410000,308.2,313.7,310.95,0.0,0.0,0.0,0.0,0.0,0.1553,0.811,0.0008,5.7406,-1.6233,4.0514,310.0629,0.0,0.0,0.0,0.0,no_change,,0.0,0.0
SPXW,2026-09-17,27,Put,7410.0,SPXW260917P07410000,33.6,34.0,33.8,0.0,0.0,0.0,0.0,0.0,0.156,-0.1888,0.0008,5.7406,-1.6233,-1.008,34.0229,0.0,0.0,0.0,0.0,no_change,,0.0,0.0
SPXW,2026-09-17,27,Call,7420.0,SPXW260917C07420000,299.5,305.0,302.25,303.04,303.04,0.0,24.0,0.0,0.154,0.8043,0.0008,5.8576,-1.6443,4.0224,301.33,304.09,304.09,303.04,0.0,no_change,2026-08-21T13:52:15,0.0,0.0
SPXW,2026-09-17,27,Put,7420.0,SPXW260917P07420000,34.8,35.2,35.0,0.0,0.0,0.0,0.0,0.0,0.1546,-0.1955,0.0008,5.8576,-1.6443,-1.0438,35.2601,0.0,0.0,0.0,0.0,no_change,,0.0,0.0
SPXW,2026-09-17,27,Call,7425.0,SPXW260917C07425000,295.1,300.6,297.85,0.0,0.0,0.0,0.0,0.0,0.1532,0.8009,0.0009,5.9164,-1.6547,4.0075,296.9841,0.0,0.0,0.0,286.400009155273,no_change,,0.0,0.0
SPXW,2026-09-17,27,Put,7425.0,SPXW260917P07425000,35.4,35.8,35.599999999999994,34.95,-10.85,-23.69,5.0,75.0,0.1538,-0.1989,0.0009,5.9164,-1.6547,-1.0622,35.8993,35.58,35.58,34.95,45.7999992370606,down,2026-08-21T15:51:44,0.0,0.0
SPXW,2026-09-17,27,Call,7430.0,SPXW260917C07430000,290.8,296.3,293.55,0.0,0.0,0.0,0.0,0.0,0.1526,0.7974,0.0009,5.9754,-1.6651,3.9923,292.6523,0.0,0.0,0.0,0.0,no_change,,0.0,0.0
SPXW,2026-09-17,27,Put,7430.0,SPXW260917P07430000,36.1,36.5,36.3,0.0,0.0,0.0,0.0,0.0,0.1532,-0.2024,0.0009,5.9754,-1.6651,-1.0807,36.5526,0.0,0.0,0.0,0.0,no_change,,0.0,0.0
SPXW,2026-09-17,27,Call,7440.0,SPXW260917C07440000,282.0,287.6,284.8,0.0,0.0,0.0,0.0,0.0,0.1513,0.7902,0.0009,6.0947,-1.6856,3.9609,284.0323,0.0,0.0,0.0,0.0,no_change,,0.0,0.0
SPXW,2026-09-17,27,Put,7440.0,SPXW260917P07440000,37.4,37.8,37.599999999999994,0.0,0.0,0.0,0.0,0.0,0.1518,-0.2096,0.0009,6.0947,-1.6856,-1.119,37.9027,0.0,0.0,0.0,0.0,no_change,,0.0,0.0
SPXW,2026-09-17,27,Call,7450.0,SPXW260917C07450000,273.6,279.0,276.3,0.0,0.0,0.0,0.0,0.0,0.1499,0.7827,0.0009,6.2158,-1.7057,3.9277,275.4728,0.0,0.0,0.0,265.449996948242,no_change,,0.0,0.0
SPXW,2026-09-17,27,Put,7450.0,SPXW260917P07450000,38.8,39.2,39.0,38.25,-11.5,-23.1156,14.0,140.0,0.1504,-0.2171,0.0009,6.2158,-1.7057,-1.159,39.3134,40.63,42.45,37.42,49.75,up,2026-08-21T15:51:44,0.0,0.0
SPXW,2026-09-17,27,Call,7460.0,SPXW260917C07460000,265.0,270.5,267.75,0.0,0.0,0.0,0.0,0.0,0.1485,0.7749,0.001,6.3382,-1.7255,3.8925,266.9775,0.0,0.0,0.0,0.0,no_change,,0.0,0.0
SPXW,2026-09-17,27,Put,7460.0,SPXW260917P07460000,40.3,40.7,40.5,39.41,39.41,0.0,3.0,0.0,0.149,-0.2249,0.001,6.3382,-1.7255,-1.2011,40.7882,40.12,40.12,39.41,0.0,down,2026-08-21T15:37:35,0.0,0.0
SPXW,2026-09-17,27,Call,7470.0,SPXW260917C07470000,256.6,262.1,259.35,0.0,0.0,0.0,0.0,0.0,0.1472,0.7669,0.001,6.4604,-1.7448,3.8552,258.5502,0.0,0.0,0.0,0.0,no_change,,0.0,0.0
SPXW,2026-09-17,27,Put,7470.0,SPXW260917P07470000,41.8,42.2,42.0,40.78,40.78,0.0,2.0,0.0,0.1478,-0.233,0.001,6.4604,-1.7448,-1.2451,42.3311,41.57,41.57,40.78,0.0,down,2026-08-21T15:37:55,0.0,0.0
SPXW,2026-09-17,27,Call,7475.0,SPXW260917C07475000,252.4,257.9,255.14999999999998,0.0,0.0,0.0,0.0,0.0,0.1465,0.7627,0.001,6.521,-1.7542,3.836,254.3631,0.0,0.0,0.0,244.900001525879,no_change,,0.0,0.0
SPXW,2026-09-17,27,Put,7475.0,SPXW260917P07475000,42.6,43.0,42.8,42.05,-12.0,-22.2017,7.0,60.0,0.1471,-0.2371,0.001,6.521,-1.7542,-1.2678,43.1291,44.14,44.14,41.85,54.0500011444092,up,2026-08-21T15:25:49,0.0,0.0
SPXW,2026-09-17,27,Call,7480.0,SPXW260917C07480000,248.2,253.6,250.89999999999998,0.0,0.0,0.0,0.0,0.0,0.1458,0.7585,0.001,6.5812,-1.7635,3.8165,250.1942,0.0,0.0,0.0,0.0,no_change,,0.0,0.0
SPXW,2026-09-17,27,Put,7480.0,SPXW260917P07480000,43.4,43.8,43.599999999999994,0.0,0.0,0.0,0.0,0.0,0.1464,-0.2413,0.001,6.5812,-1.7635,-1.2907,43.9453,0.0,0.0,0.0,0.0,no_change,,0.0,0.0
SPXW,2026-09-17,27,Call,7490.0,SPXW260917C07490000,240.0,245.4,242.7,0.0,0.0,0.0,0.0,0.0,0.1444,0.7498,0.001,6.7004,-1.7817,3.7765,241.9125,0.0,0.0,0.0,0.0,no_change,,0.0,0.0
SPXW,2026-09-17,27,Put,7490.0,SPXW260917P07490000,45.1,45.5,45.3,0.0,0.0,0.0,0.0,0.0,0.1451,-0.25,0.001,6.7004,-1.7817,-1.3375,45.6337,0.0,0.0,0.0,0.0,no_change,,0.0,0.0
SPXW,2026-09-17,27,Call,7500.0,SPXW260917C07500000,231.7,237.1,234.39999999999998,235.29,10.54,4.68966,24.0,7.0,0.1431,0.7408,0.0011,6.8185,-1.7991,3.7354,233.7075,236.24,236.24,235.29,224.75,no_change,2026-08-21T13:52:15,0.0,0.0
SPXW,2026-09-17,27,Put,7500.0,SPXW260917P07500000,46.8,47.3,47.05,46.15,-12.75,-21.6469,31.0,47.0,0.1436,-0.259,0.0011,6.8185,-1.7991,-1.3855,47.3989,50.45,50.45,44.87,58.8999996185303,down,2026-08-21T15:25:49,0.0,0.0
SPXW,2026-09-17,27,Call,7510.0,SPXW260917C07510000,223.6,228.9,226.25,0.0,0.0,0.0,0.0,0.0,0.1418,0.7315,0.0011,6.9364,-1.8158,3.6924,225.5824,0.0,0.0,0.0,0.0,no_change,,0.0,0.0
SPXW,2026-09-17,27,Put,7510.0,SPXW260917P07510000,48.6,49.1,48.85,0.0,0.0,0.0,0.0,0.0,0.1424,-0.2684,0.0011,6.9364,-1.8158,-1.4353,49.2439,0.0,0.0,0.0,0.0,no_change,,0.0,0.0
SPXW,2026-09-17,27,Call,7520.0,SPXW260917C07520000,215.7,220.8,218.25,0.0,0.0,0.0,0.0,0.0,0.1404,0.7218,0.0011,7.0542,-1.8316,3.647,217.5415,0.0,0.0,0.0,0.0,no_change,,0.0,0.0
SPXW,2026-09-17,27,Put,7520.0,SPXW260917P07520000,50.6,51.0,50.8,53.99,53.99,0.0,1.0,0.0,0.141,-0.278,0.0011,7.0542,-1.8316,-1.4874,51.1732,53.99,53.99,53.99,0.0,up,2026-08-21T09:45:10,0.0,0.0
SPXW,2026-09-17,27,Call,7525.0,SPXW260917C07525000,211.6,216.8,214.2,257.6,0.0,0.0,0.0,1.0,0.1399,0.7168,0.0012,7.1127,-1.8391,3.6234,213.5542,0.0,0.0,0.0,205.300003051758,up,2026-08-19T13:13:47,0.0,0.0
SPXW,2026-09-17,27,Put,7525.0,SPXW260917P07525000,51.5,52.0,51.75,50.8,-13.4,-20.8723,9.0,49.0,0.1404,-0.283,0.0012,7.1127,-1.8391,-1.5145,52.1709,55.35,55.35,50.8,64.2000007629394,down,2026-08-21T15:58:47,0.0,0.0
SPXW,2026-09-17,27,Call,7530.0,SPXW260917C07530000,207.6,212.8,210.2,0.0,0.0,0.0,0.0,0.0,0.1392,0.7118,0.0012,7.1707,-1.8464,3.5991,209.5898,0.0,0.0,0.0,0.0,no_change,,0.0,0.0
SPXW,2026-09-17,27,Put,7530.0,SPXW260917P07530000,52.6,53.0,52.8,51.7,51.7,0.0,7.0,0.0,0.1397,-0.288,0.0012,7.1707,-1.8464,-1.5422,53.1916,51.9,51.9,51.6,0.0,no_change,2026-08-21T15:58:48,0.0,0.0
SPXW,2026-09-17,27,Call,7540.0,SPXW260917C07540000,199.7,204.9,202.3,0.0,0.0,0.0,0.0,0.0,0.1378,0.7014,0.0012,7.2841,-1.8601,3.5491,201.732,0.0,0.0,0.0,0.0,no_change,,0.0,0.0
SPXW,2026-09-17,27,Put,7540.0,SPXW260917P07540000,54.6,55.1,54.85,58.47,58.47,0.0,1.0,0.0,0.1384,-0.2984,0.0012,7.2841,-1.8601,-1.599,55.304,58.47,58.47,58.47,0.0,up,2026-08-21T09:32:28,0.0,0.0
SPXW,2026-09-17,27,Call,7550.0,SPXW260917C07550000,194.4,194.9,194.65,230.74,0.0,0.0,0.0,1.0,0.1372,0.6907,0.0012,7.3933,-1.8727,3.4978,193.972,0.0,0.0,0.0,186.25,up,2026-08-19T15:40:08,0.0,0.0
SPXW,2026-09-17,27,Put,7550.0,SPXW260917P07550000,56.8,57.3,57.05,57.1,-12.9,-18.4286,1.0,130.0,0.1371,-0.3092,0.0012,7.3933,-1.8727,-1.6571,57.514,57.1,57.1,57.1,70.0,down,2026-08-21T13:31:16,0.0,0.0
SPXW,2026-09-17,27,Call,7560.0,SPXW260917C07560000,186.7,187.2,186.95,0.0,0.0,0.0,0.0,0.0,0.1358,0.6796,0.0013,7.4986,-1.8839,3.4453,186.3127,0.0,0.0,0.0,178.699996948242,no_change,,0.0,0.0
SPXW,2026-09-17,27,Put,7560.0,SPXW260917P07560000,59.1,59.6,59.35,57.16,-15.39,-21.213,2.0,16.0,0.1358,-0.3203,0.0013,7.4986,-1.8839,-1.7165,59.8249,57.46,57.46,57.16,72.5500030517578,down,2026-08-21T15:46:04,0.0,0.0
SPXW,2026-09-17,27,Call,7570.0,SPXW260917C07570000,179.1,179.6,179.35,0.0,0.0,0.0,0.0,0.0,0.1346,0.6681,0.0013,7.6007,-1.8938,3.3907,178.758,0.0,0.0,0.0,171.5,no_change,,0.0,0.0
SPXW,2026-09-17,27,Put,7570.0,SPXW260917P07570000,61.5,62.0,61.75,62.15,-13.05,-17.3537,2.0,3.0,0.1344,-0.3317,0.0013,7.6007,-1.8938,-1.7779,62.2404,59.06,62.15,59.06,75.2000007629394,up,2026-08-21T12:52:23,0.0,0.0
SPXW,2026-09-17,27,Call,7575.0,SPXW260917C07575000,175.4,175.9,175.65,0.0,0.0,0.0,0.0,3.0,0.1338,0.6622,0.0013,7.6507,-1.8982,3.3624,175.0215,0.0,0.0,0.0,167.800003051758,no_change,,0.0,0.0
SPXW,2026-09-17,27,Put,7575.0,SPXW260917P07575000,62.7,63.2,62.95,61.52,-15.03,-19.6342,117.0,79.0,0.1338,-0.3376,0.0013,7.6507,-1.8982,-1.8096,63.489,66.9,66.9,61.52,76.5500030517578,down,2026-08-21T15:00:03,0.0,0.0
SPXW,2026-09-17,27,Call,7580.0,SPXW260917C07580000,171.6,172.2,171.89999999999998,185.85,0.0,0.0,0.0,4.0,0.1332,0.6562,0.0013,7.6998,-1.9022,3.3334,171.3134,0.0,0.0,0.0,164.199996948242,down,2026-08-20T12:45:18,0.0,0.0
SPXW,2026-09-17,27,Put,7580.0,SPXW260917P07580000,64.0,64.5,64.25,61.7,-16.2,-20.7959,8.0,0.0,0.1332,-0.3436,0.0013,7.6998,-1.9022,-1.8421,64.7659,68.2,68.2,61.7,77.8999977111816,down,2026-08-21T15:45:06,0.0,0.0
SPXW,2026-09-17,27,Call,7590.0,SPXW260917C07590000,164.3,164.8,164.55,204.0,0.0,0.0,0.0,3.0,0.132,0.644,0.0014,7.7946,-1.909,3.2731,163.9853,0.0,0.0,0.0,157.050003051758,up,2026-08-19T10:06:50,0.0,0.0
SPXW,2026-09-17,27,Put,7590.0,SPXW260917P07590000,66.6,67.1,66.85,64.2,-16.55,-20.4954,5.0,6.0,0.1319,-0.3558,0.0014,7.7946,-1.909,-1.9092,67.408,64.2,64.2,64.2,80.75,down,2026-08-21T15:45:06,0.0,0.0
SPXW,2026-09-17,27,Call,7600.0,SPXW260917C07600000,157.0,157.6,157.3,165.06,0.0,0.0,0.0,1.0,0.1306,0.6314,0.0014,7.8829,-1.914,3.2109,156.7796,0.0,0.0,0.0,150.099998474121,down,2026-08-20T13:15:01,0.0,0.0
SPXW,2026-09-17,27,Put,7600.0,SPXW260917P07600000,69.4,69.8,69.6,68.15,-15.6,-18.6269,6.0,105.0,0.1307,-0.3684,0.0014,7.8829,-1.914,-1.9782,70.1724,74.2,74.2,67.93,83.75,up,2026-08-21T15:58:26,0.0,0.0
SPXW,2026-09-17,27,Call,7610.0,SPXW260917C07610000,150.0,150.5,150.25,173.0,0.0,0.0,0.0,7.0,0.1295,0.6184,0.0014,7.9639,-1.9171,3.1477,149.7002,0.0,0.0,0.0,143.25,down,2026-08-20T09:36:03,0.0,0.0
SPXW,2026-09-17,27,Put,7610.0,SPXW260917P07610000,72.2,72.7,72.45,75.58,0.0,0.0,0.0,38.0,0.1295,-0.3814,0.0014,7.9639,-1.9171,-2.0482,73.0632,0.0,0.0,0.0,86.8999977111816,up,2026-08-20T13:04:29,0.0,0.0
SPXW,2026-09-17,27,Call,7620.0,SPXW260917C07620000,143.0,143.5,143.25,178.67,0.0,0.0,0.0,1.0,0.1283,0.605,0.0014,8.038,-1.9183,3.083,142.7511,0.0,0.0,0.0,136.550003051758,up,2026-08-18T09:56:40,0.0,0.0
SPXW,2026-09-17,27,Put,7620.0,SPXW260917P07620000,75.2,75.7,75.45,79.6,0.0,0.0,0.0,25.0,0.1282,-0.3948,0.0014,8.038,-1.9183,-2.1197,76.0842,0.0,0.0,0.0,90.1000022888184,up,2026-08-20T09:31:07,0.0,0.0
SPXW,2026-09-17,27,Call,7625.0,SPXW260917C07625000,139.5,140.1,139.8,144.5,0.0,0.0,0.0,6.0,0.1276,0.5982,0.0014,8.0725,-1.9182,3.0497,139.3271,0.0,0.0,0.0,133.25,down,2026-08-20T13:18:58,0.0,0.0
SPXW,2026-09-17,27,Put,7625.0,SPXW260917P07625000,76.8,77.3,77.05,76.04,-15.76,-17.1678,1.0,33.0,0.1277,-0.4016,0.0014,8.0725,-1.9182,-2.1565,77.6454,76.04,76.04,76.04,91.7999992370606,down,2026-08-21T12:38:21,0.0,0.0
SPXW,2026-09-17,27,Call,7630.0,SPXW260917C07630000,136.2,136.7,136.45,136.04,6.14,4.72671,1.0,11.0,0.1271,0.5913,0.0015,8.1054,-1.9175,3.0155,135.9381,136.04,136.04,136.04,129.900001525879,up,2026-08-21T09:33:43,0.0,0.0
SPXW,2026-09-17,27,Put,7630.0,SPXW260917P07630000,78.4,78.9,78.65,77.75,-15.75,-16.8449,2.0,90.0,0.1271,-0.4085,0.0015,8.1054,-1.9175,-2.194,79.2414,81.62,81.62,77.75,93.5,down,2026-08-21T15:56:42,0.0,0.0
SPXW,2026-09-17,27,Call,7640.0,SPXW260917C07640000,129.4,130.0,129.7,141.5,0.0,0.0,0.0,3.0,0.1258,0.5772,0.0015,8.1653,-1.9144,2.9448,129.2691,0.0,0.0,0.0,123.550003051758,down,2026-08-20T11:55:51,0.0,0.0
SPXW,2026-09-17,27,Put,7640.0,SPXW260917P07640000,81.6,82.2,81.9,79.6,-17.5,-18.0227,11.0,12.0,0.1258,-0.4226,0.0015,8.1653,-1.9144,-2.2716,82.5425,82.84,82.84,79.6,97.1000022888184,down,2026-08-21T12:28:53,0.0,0.0
SPXW,2026-09-17,27,Call,7650.0,SPXW260917C07650000,122.9,123.5,123.2,128.3,11.05,9.42431,1.0,68.0,0.1248,0.5627,0.0015,8.216,-1.9091,2.8722,122.7512,128.3,128.3,128.3,117.25,up,2026-08-21T12:45:27,0.0,0.0
SPXW,2026-09-17,27,Put,7650.0,SPXW260917P07650000,85.1,85.6,85.35,84.17,-16.53,-16.4151,30.0,1073.0,0.1246,-0.4371,0.0015,8.216,-1.9091,-2.351,85.9948,91.0,91.69,84.17,100.700000762939,down,2026-08-21T12:38:21,0.0,0.0
SPXW,2026-09-17,27,Call,7660.0,SPXW260917C07660000,116.6,117.1,116.85,129.1,0.0,0.0,0.0,11.0,0.1235,0.5479,0.0015,8.2564,-1.9014,2.7988,116.3892,0.0,0.0,0.0,111.100002288818,no_change,2026-08-20T09:31:07,0.0,0.0
SPXW,2026-09-17,27,Put,7660.0,SPXW260917P07660000,88.7,89.2,88.95,92.77,-11.73,-11.2249,31.0,1.0,0.1235,-0.4519,0.0015,8.2564,-1.9014,-2.4312,89.6029,95.4,95.4,92.77,104.5,no_change,2026-08-21T10:48:49,0.0,0.0
SPXW,2026-09-17,27,Call,7670.0,SPXW260917C07670000,110.4,110.9,110.65,111.06,5.91,5.62054,1.0,2.0,0.1224,0.5328,0.0016,8.2864,-1.8912,2.7243,110.1872,111.06,111.06,111.06,105.150001525879,down,2026-08-21T10:08:56,0.0,0.0
SPXW,2026-09-17,27,Put,7670.0,SPXW260917P07670000,92.4,93.0,92.7,94.96,-13.54,-12.4793,1.0,8.0,0.1223,-0.467,0.0016,8.2864,-1.8912,-2.5126,93.3711,94.96,94.96,94.96,108.5,down,2026-08-21T10:08:56,0.0,0.0
SPXW,2026-09-17,27,Call,7675.0,SPXW260917C07675000,107.3,107.8,107.55,114.2,12.0,11.7417,4.0,802.0,0.1218,0.5251,0.0016,8.2974,-1.8853,2.686,107.1481,107.38,114.2,106.4,102.200000762939,up,2026-08-21T12:09:33,0.0,0.0
SPXW,2026-09-17,27,Put,7675.0,SPXW260917P07675000,94.4,94.9,94.65,94.6,-16.0,-14.4665,2.0,813.0,0.1218,-0.4747,0.0016,8.2974,-1.8853,-2.5542,95.317,97.48,97.48,94.6,110.600002288818,down,2026-08-21T15:55:28,0.0,0.0
SPXW,2026-09-17,27,Call,7680.0,SPXW260917C07680000,104.3,104.8,104.55,104.0,4.65,4.68042,8.0,3.0,0.1212,0.5173,0.0016,8.3057,-1.8786,2.647,104.1516,104.48,107.88,104.0,99.3499984741211,down,2026-08-21T16:13:33,0.0,0.0
SPXW,2026-09-17,27,Put,7680.0,SPXW260917P07680000,96.4,96.9,96.65,95.5,-17.25,-15.2993,18.0,11.0,0.1212,-0.4825,0.0016,8.3057,-1.8786,-2.5967,97.3057,99.48,99.48,92.6,112.75,down,2026-08-21T15:56:42,0.0,0.0
SPXW,2026-09-17,27,Call,7690.0,SPXW260917C07690000,98.5,99.0,98.75,104.13,10.43,11.1313,11.0,33.0,0.1202,0.5016,0.0016,8.3134,-1.8634,2.5668,98.291,104.7,109.6,104.13,93.7000007629394,down,2026-08-21T12:45:14,0.0,0.0
SPXW,2026-09-17,27,Put,7690.0,SPXW260917P07690000,100.5,101.0,100.75,109.05,0.0,0.0,0.0,29.0,0.1202,-0.4982,0.0016,8.3134,-1.8634,-2.6837,101.4152,0.0,0.0,0.0,117.100002288818,down,2026-08-20T13:58:46,0.0,0.0
SPXW,2026-09-17,27,Call,7700.0,SPXW260917C07700000,92.8,93.3,93.05,107.0,18.75,21.2465,24.0,829.0,0.1191,0.4856,0.0016,8.3087,-1.8455,2.4857,92.6117,93.13,107.0,88.57,88.25,up,2026-08-21T11:53:33,0.0,0.0
SPXW,2026-09-17,27,Put,7700.0,SPXW260917P07700000,104.8,105.3,105.05,103.26,-18.24,-15.0123,4.0,60.0,0.1191,-0.5142,0.0016,8.3087,-1.8455,-2.7716,105.706,99.45,103.26,99.45,121.5,up,2026-08-21T13:12:34,0.0,0.0
SPXW,2026-09-17,27,Call,7710.0,SPXW260917C07710000,87.3,87.8,87.55,83.27,0.37,0.446324,20.0,15.0,0.1181,0.4693,0.0016,8.2915,-1.825,2.4047,87.1166,84.43,84.43,83.27,82.8999977111816,down,2026-08-21T10:38:06,0.0,0.0
SPXW,2026-09-17,27,Put,7710.0,SPXW260917P07710000,109.2,109.8,109.5,123.99,0.0,0.0,0.0,20.0,0.118,-0.5305,0.0016,8.2915,-1.825,-2.8594,110.1811,0.0,0.0,0.0,126.299999237061,up,2026-08-20T15:10:06,0.0,0.0
SPXW,2026-09-17,27,Call,7720.0,SPXW260917C07720000,82.0,82.5,82.25,87.28,9.43,12.113,1.0,15.0,0.1171,0.4529,0.0016,8.261,-1.8018,2.3224,81.8089,87.28,87.28,87.28,77.8499984741211,down,2026-08-21T12:45:14,0.0,0.0
SPXW,2026-09-17,27,Put,7720.0,SPXW260917P07720000,113.9,114.4,114.15,117.01,-14.09,-10.7475,1.0,33.0,0.117,-0.547,0.0016,8.261,-1.8018,-2.9486,114.8435,117.01,117.01,117.01,131.099998474121,down,2026-08-21T09:30:03,0.0,0.0
SPXW,2026-09-17,27,Call,7725.0,SPXW260917C07725000,79.4,79.9,79.65,79.96,4.56,6.04775,1.0,36.0,0.1166,0.4446,0.0016,8.2404,-1.7892,2.2802,79.2272,79.96,79.96,79.96,75.3999977111816,down,2026-08-21T09:42:37,0.0,0.0
SPXW,2026-09-17,27,Put,7725.0,SPXW260917P07725000,116.3,116.8,116.55,120.0,-13.7,-10.2468,3.0,25.0,0.1165,-0.5552,0.0016,8.2404,-1.7892,-2.9942,117.2469,119.51,120.0,119.51,133.699996948242,up,2026-08-21T14:33:09,0.0,0.0
SPXW,2026-09-17,27,Call,7730.0,SPXW260917C07730000,76.8,77.4,77.1,79.65,6.7,9.18438,1.0,16.0,0.1161,0.4363,0.0016,8.2161,-1.776,2.2375,76.6947,79.65,79.65,79.65,72.9499969482422,up,2026-08-21T15:56:42,0.0,0.0
SPXW,2026-09-17,27,Put,7730.0,SPXW260917P07730000,118.6,119.3,118.94999999999999,116.3,-19.9,-14.6109,6.0,40.0,0.1161,-0.5636,0.0016,8.2161,-1.776,-3.0403,119.6995,116.3,116.3,116.3,136.199996948242,up,2026-08-21T15:00:03,0.0,0.0
SPXW,2026-09-17,27,Call,7740.0,SPXW260917C07740000,71.9,72.4,72.15,73.9,0.0,0.0,0.0,21.0,0.1152,0.4195,0.0016,8.1566,-1.7474,2.1516,71.7795,0.0,0.0,0.0,68.25,down,2026-08-20T13:38:43,0.0,0.0
SPXW,2026-09-17,27,Put,7740.0,SPXW260917P07740000,123.8,124.3,124.05,124.8,-16.7,-11.8021,7.0,35.0,0.1151,-0.5803,0.0016,8.1566,-1.7474,-3.133,124.7545,124.8,124.8,124.8,141.5,up,2026-08-21T13:55:20,0.0,0.0
SPXW,2026-09-17,27,Call,7750.0,SPXW260917C07750000,67.2,67.7,67.45,70.83,7.08,11.1059,1.0,90.0,0.1142,0.4027,0.0016,8.084,-1.7162,2.0667,67.0638,70.83,70.83,70.83,63.75,up,2026-08-21T15:30:14,0.0,0.0
SPXW,2026-09-17,27,Put,7750.0,SPXW260917P07750000,129.0,129.6,129.3,127.56,-19.34,-13.1654,1.0,61.0,0.1143,-0.5971,0.0016,8.084,-1.7162,-3.2247,130.0089,127.56,127.56,127.56,146.900001525879,up,2026-08-21T15:14:55,0.0,0.0
SPXW,2026-09-17,27,Call,7760.0,SPXW260917C07760000,62.6,63.1,62.85,67.24,7.84,13.1987,11.0,26.0,0.1133,0.3859,0.0016,7.998,-1.6825,1.982,62.5464,61.06,67.24,61.06,59.3999996185303,up,2026-08-21T12:22:03,0.0,0.0
SPXW,2026-09-17,27,Put,7760.0,SPXW260917P07760000,134.5,135.0,134.75,115.2,0.0,0.0,0.0,21.0,0.1133,-0.614,0.0016,7.998,-1.6825,-3.3162,135.4616,0.0,0.0,0.0,152.5,up,2026-08-19T14:39:09,0.0,0.0
SPXW,2026-09-17,27,Call,7770.0,SPXW260917C07770000,58.3,58.8,58.55,62.85,7.6,13.7557,12.0,43.0,0.1125,0.369,0.0016,7.8963,-1.6463,1.8956,58.2293,59.07,62.85,58.37,55.25,up,2026-08-21T12:22:03,0.0,0.0
SPXW,2026-09-17,27,Put,7770.0,SPXW260917P07770000,140.1,140.6,140.35,105.15,0.0,0.0,0.0,24.0,0.1125,-0.6308,0.0016,7.8963,-1.6463,-3.4095,141.1147,0.0,0.0,0.0,158.300003051758,up,2026-08-17T13:08:25,0.0,0.0
SPXW,2026-09-17,27,Call,7775.0,SPXW260917C07775000,56.2,56.7,56.45,59.57,6.32,11.8685,2.0,21.0,0.112,0.3606,0.0016,7.8394,-1.6273,1.8521,56.1466,55.17,59.57,55.17,53.25,up,2026-08-21T15:30:14,0.0,0.0
SPXW,2026-09-17,27,Put,7775.0,SPXW260917P07775000,143.0,143.5,143.25,162.19,0.0,0.0,0.0,42.0,0.1121,-0.6392,0.0016,7.8394,-1.6273,-3.4564,144.0171,0.0,0.0,0.0,161.350006103516,up,2026-08-20T15:45:51,0.0,0.0
SPXW,2026-09-17,27,Call,7780.0,SPXW260917C07780000,54.2,54.6,54.400000000000006,58.54,7.24,14.1131,11.0,16.0,0.1116,0.3522,0.0016,7.779,-1.6076,1.8089,54.1145,62.94,62.94,58.54,51.2999992370606,down,2026-08-21T12:22:03,0.0,0.0
SPXW,2026-09-17,27,Put,7780.0,SPXW260917P07780000,145.9,146.4,146.15,114.83,0.0,0.0,0.0,34.0,0.1116,-0.6476,0.0016,7.779,-1.6076,-3.503,146.97,0.0,0.0,0.0,164.400001525879,down,2026-08-19T11:05:25,0.0,0.0
SPXW,2026-09-17,27,Call,7790.0,SPXW260917C07790000,50.2,50.7,50.45,54.05,6.5,13.6698,22.0,16.0,0.1108,0.3356,0.0016,7.6491,-1.5666,1.7242,50.199,54.45,54.45,53.0,47.5499992370606,up,2026-08-21T15:46:04,0.0,0.0
SPXW,2026-09-17,27,Put,7790.0,SPXW260917P07790000,151.9,152.5,152.2,149.67,-20.93,-12.2685,7.0,10.0,0.1108,-0.6642,0.0016,7.6491,-1.5666,-3.5946,153.0247,149.67,149.67,149.67,170.599998474121,up,2026-08-21T15:25:54,0.0,0.0
SPXW,2026-09-17,27,Call,7800.0,SPXW260917C07800000,46.5,46.9,46.7,48.9,4.9,11.1364,3.0,55.0,0.11,0.319,0.0016,7.5077,-1.5235,1.6406,46.4781,45.63,48.9,45.63,44.0,up,2026-08-21T15:58:03,0.0,0.0
SPXW,2026-09-17,27,Put,7800.0,SPXW260917P07800000,158.2,158.8,158.5,155.2,-22.0,-12.4154,8.0,53.0,0.1099,-0.6808,0.0016,7.5077,-1.5235,-3.6849,159.274,155.77,155.77,155.2,177.200004577637,down,2026-08-21T15:29:30,0.0,0.0
SPXW,2026-09-17,27,Call,7810.0,SPXW260917C07810000,42.9,43.4,43.15,44.1,3.5,8.62069,13.0,1.0,0.1093,0.3027,0.0015,7.3518,-1.4783,1.5564,42.9503,50.76,50.76,44.1,40.6000003814697,down,2026-08-21T13:45:56,0.0,0.0
SPXW,2026-09-17,27,Put,7810.0,SPXW260917P07810000,163.5,165.9,164.7,118.47,0.0,0.0,0.0,1.0,0.1094,-0.6971,0.0015,7.3518,-1.4783,-3.776,165.7163,0.0,0.0,0.0,183.849998474121,up,2026-08-17T11:52:27,0.0,0.0
SPXW,2026-09-17,27,Call,7820.0,SPXW260917C07820000,39.6,40.0,39.8,45.07,7.62,20.3471,2.0,14.0,0.1084,0.2866,0.0015,7.1811,-1.4312,1.4729,39.6146,40.51,45.07,40.51,37.4500007629394,up,2026-08-21T11:37:11,0.0,0.0
SPXW,2026-09-17,27,Put,7820.0,SPXW260917P07820000,170.1,172.5,171.3,123.6,0.0,0.0,0.0,10.0,0.1089,-0.7132,0.0015,7.1811,-1.4312,-3.8663,172.3508,0.0,0.0,0.0,190.650001525879,up,2026-08-17T09:59:33,0.0,0.0
SPXW,2026-09-17,27,Call,7825.0,SPXW260917C07825000,37.9,38.4,38.15,40.47,4.57,12.7298,203.0,101.0,0.1081,0.2787,0.0015,7.0916,-1.4069,1.4323,38.0173,37.77,40.47,37.77,35.8999996185303,up,2026-08-21T15:14:55,0.0,0.0
SPXW,2026-09-17,27,Put,7825.0,SPXW260917P07825000,172.0,177.2,174.6,171.4,-22.7,-11.695,1.0,62.0,0.1086,-0.7211,0.0015,7.0916,-1.4069,-3.9103,175.7385,171.4,171.4,171.4,194.099998474121,up,2026-08-21T15:29:30,0.0,0.0
SPXW,2026-09-17,27,Call,7830.0,SPXW260917C07830000,36.4,36.8,36.599999999999994,37.62,3.12,9.04348,5.0,89.0,0.1078,0.2708,0.0015,7.0002,-1.3823,1.3924,36.4656,36.27,37.78,36.27,34.5,down,2026-08-21T13:46:36,0.0,0.0
SPXW,2026-09-17,27,Put,7830.0,SPXW260917P07830000,175.4,180.7,178.05,0.0,0.0,0.0,0.0,0.0,0.1083,-0.729,0.0015,7.0002,-1.3823,-3.9536,179.1719,0.0,0.0,0.0,197.650001525879,no_change,,0.0,0.0
SPXW,2026-09-17,27,Call,7840.0,SPXW260917C07840000,33.4,33.8,33.599999999999994,35.25,0.0,0.0,0.0,14.0,0.1071,0.2553,0.0014,6.8109,-1.332,1.3136,33.4966,0.0,0.0,0.0,31.5999994277954,down,2026-08-20T13:38:43,0.0,0.0
SPXW,2026-09-17,27,Put,7840.0,SPXW260917P07840000,182.3,187.7,185.0,0.0,0.0,0.0,0.0,0.0,0.1077,-0.7445,0.0014,6.8109,-1.332,-4.0392,186.173,0.0,0.0,0.0,204.849998474121,no_change,,0.0,0.0
SPXW,2026-09-17,27,Call,7850.0,SPXW260917C07850000,30.6,31.0,30.8,31.05,2.05,7.06897,4.0,128.0,0.1065,0.2402,0.0014,6.6098,-1.2803,1.235,30.7052,30.19,35.08,30.19,29.0,down,2026-08-21T14:29:31,0.0,0.0
SPXW,2026-09-17,27,Put,7850.0,SPXW260917P07850000,189.5,194.9,192.2,137.8,0.0,0.0,0.0,25.0,0.1071,-0.7597,0.0014,6.6098,-1.2803,-4.1247,193.3518,0.0,0.0,0.0,212.099998474121,up,2026-08-17T10:10:02,0.0,0.0
SPXW,2026-09-17,27,Call,7860.0,SPXW260917C07860000,28.0,28.4,28.2,28.45,1.95,7.35849,1.0,17.0,0.1059,0.2254,0.0014,6.3968,-1.2276,1.1585,28.0886,28.45,28.45,28.45,26.5,down,2026-08-21T14:29:31,0.0,0.0
SPXW,2026-09-17,27,Put,7860.0,SPXW260917P07860000,196.8,202.3,199.55,0.0,0.0,0.0,0.0,0.0,0.1064,-0.7744,0.0014,6.3968,-1.2276,-4.208,200.7053,0.0,0.0,0.0,219.649993896484,no_change,,0.0,0.0
SPXW,2026-09-17,27,Call,7875.0,SPXW260917C07875000,24.3,24.8,24.55,26.1,3.0,12.987,8.0,20.0,0.1049,0.2041,0.0013,6.067,-1.1471,1.0499,24.4755,28.38,28.38,26.1,23.0999994277954,down,2026-08-21T15:25:49,0.0,0.0
SPXW,2026-09-17,27,Put,7875.0,SPXW260917P07875000,208.1,213.7,210.89999999999998,149.8,0.0,0.0,0.0,6.0,0.1056,-0.7957,0.0013,6.067,-1.1471,-4.3268,212.0475,0.0,0.0,0.0,231.25,down,2026-08-14T14:44:44,0.0,0.0
SPXW,2026-09-17,27,Call,7900.0,SPXW260917C07900000,19.1,19.5,19.3,20.5,2.3,12.6374,32.0,70.0,0.1037,0.1709,0.0012,5.4847,-1.0111,0.878,19.246,20.6,22.72,19.87,18.1999998092651,down,2026-08-21T15:35:42,0.0,0.0
SPXW,2026-09-17,27,Put,7900.0,SPXW260917P07900000,227.5,233.5,230.5,168.0,0.0,0.0,0.0,14.0,0.1043,-0.8289,0.0012,5.4847,-1.0111,-4.5158,231.7434,0.0,0.0,0.0,251.25,down,2026-08-17T10:28:42,0.0,0.0
SPXW,2026-09-17,27,Call,7925.0,SPXW260917C07925000,14.8,15.2,15.0,16.3,2.15,15.1943,4.0,144.0,0.1023,0.141,0.001,4.8852,-0.8768,0.724,14.9304,15.79,16.88,15.51,14.1500000953674,down,2026-08-21T15:29:30,0.0,0.0
SPXW,2026-09-17,27,Put,7925.0,SPXW260917P07925000,248.1,254.2,251.14999999999998,174.8,0.0,0.0,0.0,7.0,0.1031,-0.8588,0.001,4.8852,-0.8768,-4.6868,252.3531,0.0,0.0,0.0,272.150009155273,down,2026-08-13T14:50:37,0.0,0.0
SPXW,2026-09-17,27,Call,7950.0,SPXW260917C07950000,11.3,11.7,11.5,12.75,1.9,17.5115,13.0,2663.0,0.1014,0.1146,0.0009,4.2817,-0.7481,0.5889,11.4381,12.65,13.21,12.03,10.8499999046326,down,2026-08-21T15:51:44,0.0,0.0
SPXW,2026-09-17,27,Put,7950.0,SPXW260917P07950000,269.4,275.6,272.5,0.0,0.0,0.0,0.0,0.0,0.1022,-0.8852,0.0009,4.2817,-0.7481,-4.839,273.7862,0.0,0.0,0.0,293.799987792969,no_change,,0.0,0.0
SPXW,2026-09-17,27,Call,7975.0,SPXW260917C07975000,8.5,8.9,8.7,9.75,1.5,18.1818,17.0,1250.0,0.1002,0.092,0.0008,3.6991,-0.6288,0.4716,8.6683,9.65,10.07,9.05,8.25,down,2026-08-21T15:51:44,0.0,0.0
SPXW,2026-09-17,27,Put,7975.0,SPXW260917P07975000,291.5,297.5,294.5,0.0,0.0,0.0,0.0,0.0,0.1016,-0.9078,0.0008,3.6991,-0.6288,-4.9734,295.9418,0.0,0.0,0.0,314.649993896484,no_change,,0.0,0.0
SPXW,2026-09-17,27,Call,8000.0,SPXW260917C08000000,6.4,6.7,6.550000000000001,6.85,0.6,9.6,2.0,93.0,0.0996,0.073,0.0007,3.1556,-0.5219,0.3734,6.5165,6.95,6.95,6.85,6.25,down,2026-08-21T14:39:32,0.0,0.0
SPXW,2026-09-17,27,Put,8000.0,SPXW260917P08000000,306.1,329.8,317.95000000000005,0.0,0.0,0.0,0.0,0.0,0.1012,-0.9269,0.0007,3.1556,-0.5219,-5.0886,318.7154,0.0,0.0,0.0,336.599990844727,no_change,,0.0,0.0
SPXW,2026-09-17,27,Call,8025.0,SPXW260917C08025000,4.7,5.0,4.85,5.6,0.9,19.1489,6.0,119.0,0.0991,0.0574,0.0006,2.6621,-0.4291,0.2938,4.8811,7.22,7.22,5.6,4.70000004768372,down,2026-08-21T15:46:47,0.0,0.0
SPXW,2026-09-17,27,Put,8025.0,SPXW260917P08025000,329.3,353.1,341.20000000000005,0.0,0.0,0.0,0.0,0.0,0.1011,-0.9424,0.0006,2.6621,-0.4291,-5.1853,342.0054,0.0,0.0,0.0,361.199996948242,no_change,,0.0,0.0
SPXW,2026-09-17,27,Call,8050.0,SPXW260917C08050000,3.5,3.8,3.65,4.1,0.5,13.8889,4.0,228.0,0.0991,0.045,0.0005,2.2306,-0.3511,0.2298,3.6633,5.55,5.55,4.1,3.60000002384186,down,2026-08-21T13:41:10,0.0,0.0
SPXW,2026-09-17,27,Put,8050.0,SPXW260917P08050000,353.0,376.2,364.6,0.0,0.0,0.0,0.0,0.0,0.1018,-0.9548,0.0005,2.2306,-0.3511,-5.2663,365.7129,0.0,0.0,0.0,385.599990844727,no_change,,0.0,0.0
SPXW,2026-09-17,27,Call,8075.0,SPXW260917C08075000,2.7,2.9,2.8,3.39,0.64,23.2727,8.0,48.0,0.0994,0.0354,0.0004,1.8641,-0.2876,0.1801,2.7716,2.85,3.46,2.85,2.75,no_change,2026-08-21T15:03:35,0.0,0.0
SPXW,2026-09-17,27,Put,8075.0,SPXW260917P08075000,377.0,400.8,388.9,0.0,0.0,0.0,0.0,0.0,0.1023,-0.9645,0.0004,1.8641,-0.2876,-5.3331,389.7465,0.0,0.0,0.0,409.25,no_change,,0.0,0.0
SPXW,2026-09-17,27,Call,8100.0,SPXW260917C08100000,2.05,2.25,2.15,2.5,0.0,-1.13533e-06,11.0,171.0,0.0998,0.028,0.0003,1.561,-0.2372,0.1425,2.1288,2.29,2.65,2.2,2.10000002384186,no_change,2026-08-21T15:42:48,0.0,0.0
SPXW,2026-09-17,27,Put,8100.0,SPXW260917P08100000,401.3,425.1,413.20000000000005,0.0,0.0,0.0,0.0,0.0,0.1036,-0.9718,0.0003,1.561,-0.2372,-5.3877,414.0292,0.0,0.0,0.0,433.900009155273,no_change,,0.0,0.0
SPXW,2026-09-17,27,Call,8125.0,SPXW260917C08125000,1.55,1.75,1.65,2.1,0.45,27.2727,1.0,23.0,0.1006,0.0224,0.0002,1.3162,-0.198,0.1139,1.6692,2.1,2.1,2.1,1.64999997615814,down,2026-08-21T13:28:43,0.0,0.0
SPXW,2026-09-17,27,Put,8125.0,SPXW260917P08125000,425.7,449.5,437.6,0.0,0.0,0.0,0.0,0.0,0.1048,-0.9774,0.0002,1.3162,-0.198,-5.4335,438.4949,0.0,0.0,0.0,458.350006103516,no_change,,0.0,0.0
SPXW,2026-09-17,27,Call,8150.0,SPXW260917C08150000,1.25,1.4,1.325,1.45,0.125,9.43396,11.0,32.0,0.1017,0.0183,0.0002,1.1213,-0.1681,0.0929,1.3413,1.35,1.45,1.35,1.32499998807907,up,2026-08-21T16:07:36,0.0,0.0
SPXW,2026-09-17,27,Put,8150.0,SPXW260917P08150000,450.4,474.2,462.29999999999995,0.0,0.0,0.0,0.0,0.0,0.1069,-0.9815,0.0002,1.1213,-0.1681,-5.4715,463.0924,0.0,0.0,0.0,482.900009155273,no_change,,0.0,0.0
SPXW,2026-09-17,27,Call,8175.0,SPXW260917C08175000,1.0,1.2,1.1,1.15,0.05,4.54545,3.0,23.0,0.1032,0.0152,0.0002,0.9669,-0.1452,0.077,1.1055,1.15,1.15,1.15,1.10000002384186,down,2026-08-21T10:35:14,0.0,0.0
SPXW,2026-09-17,27,Put,8175.0,SPXW260917P08175000,475.0,498.0,486.5,0.0,0.0,0.0,0.0,0.0,0.1094,-0.9846,0.0002,0.9669,-0.1452,-5.5045,487.782,0.0,0.0,0.0,507.399993896484,no_change,,0.0,0.0
SPXW,2026-09-17,27,Call,8200.0,SPXW260917C08200000,0.85,1.0,0.925,1.15,-0.025,-2.7027,7.0,31.0,0.1054,0.0129,0.0001,0.8445,-0.1278,0.0651,0.9337,0.98,1.15,0.95,0.925000011920929,no_change,2026-08-21T13:39:39,0.0,0.0
SPXW,2026-09-17,27,Put,8200.0,SPXW260917P08200000,499.7,519.7,509.70000000000005,0.0,0.0,0.0,0.0,0.0,0.1127,-0.9869,0.0001,0.8445,-0.1278,-5.5334,512.5356,0.0,0.0,0.0,531.850006103516,no_change,,0.0,0.0
SPXW,2026-09-17,27,Call,8225.0,SPXW260917C08225000,0.7,0.9,0.8,3.24,0.0,0.0,0.0,1.0,0.1072,0.0111,0.0001,0.7462,-0.1141,0.056,0.8053,0.0,0.0,0.0,0.799999982118606,up,2026-08-17T13:55:19,0.0,0.0
SPXW,2026-09-17,27,Put,8225.0,SPXW260917P08225000,524.5,545.2,534.85,0.0,0.0,0.0,0.0,0.0,0.1157,-0.9887,0.0001,0.7462,-0.1141,-5.5596,537.3325,0.0,0.0,0.0,556.75,no_change,,0.0,0.0
SPXW,2026-09-17,27,Call,8250.0,SPXW260917C08250000,0.6,0.8,0.7,1.3,0.0,0.0,0.0,4.0,0.1096,0.0097,0.0001,0.6654,-0.1032,0.0487,0.7062,0.0,0.0,0.0,0.700000017881394,no_change,2026-08-18T13:27:40,0.0,0.0
SPXW,2026-09-17,27,Put,8250.0,SPXW260917P08250000,549.3,568.7,559.0,0.0,0.0,0.0,0.0,0.0,0.1186,-0.9901,0.0001,0.6659,-0.1033,-5.5839,562.1594,0.0,0.0,0.0,580.850006103516,no_change,,0.0,0.0
SPXW,2026-09-17,27,Call,8275.0,SPXW260917C08275000,0.55,0.7,0.625,0.65,0.025,4.0,2.0,0.0,0.1126,0.0086,0.0001,0.5994,-0.0945,0.043,0.6291,0.65,0.65,0.65,0.625,no_change,2026-08-21T10:43:26,0.0,0.0
SPXW,2026-09-17,27,Put,8275.0,SPXW260917P08275000,574.2,597.9,586.05,0.0,0.0,0.0,0.0,0.0,0.1226,-0.9913,0.0001,0.5994,-0.0945,-5.6067,587.0071,0.0,0.0,0.0,604.600006103516,no_change,,0.0,0.0
SPXW,2026-09-17,27,Call,8300.0,SPXW260917C08300000,0.45,0.65,0.55,0.6,0.0,0.0,0.0,4.0,0.1143,0.0076,0.0001,0.5432,-0.0872,0.0383,0.566,0.0,0.0,0.0,0.574999988079071,down,2026-08-20T16:09:58,0.0,0.0
SPXW,2026-09-17,27,Put,8300.0,SPXW260917P08300000,599.1,619.7,609.4000000000001,0.0,0.0,0.0,0.0,0.0,0.1251,-0.9922,0.0001,0.5432,-0.0872,-5.6284,611.8693,0.0,0.0,0.0,631.550018310547,no_change,,0.0,0.0
SPXW,2026-09-17,27,Call,8325.0,SPXW260917C08325000,0.4,0.6,0.5,0.0,0.0,0.0,0.0,0.0,0.1169,0.0068,0.0001,0.4949,-0.0809,0.0344,0.5134,0.0,0.0,0.0,0.525000005960464,no_change,,0.0,0.0
SPXW,2026-09-17,27,Put,8325.0,SPXW260917P08325000,623.9,647.7,635.8,0.0,0.0,0.0,0.0,0.0,0.1289,-0.993,0.0001,0.4948,-0.0809,-5.6494,636.7421,0.0,0.0,0.0,656.25,no_change,,0.0,0.0
SPXW,2026-09-17,27,Call,8400.0,SPXW260917C08400000,0.3,0.45,0.375,0.55,0.0,0.0,0.0,4.0,0.1252,0.0051,0.0001,0.383,-0.0663,0.0256,0.3966,0.0,0.0,0.0,0.375,down,2026-08-20T10:21:20,0.0,0.0
SPXW,2026-09-17,27,Put,8400.0,SPXW260917P08400000,698.6,722.5,710.55,0.0,0.0,0.0,0.0,0.0,0.1401,-0.9947,0.0001,0.3834,-0.0663,-5.7094,711.4019,0.0,0.0,0.0,730.5,no_change,,0.0,0.0
SPXW,2026-09-17,27,Call,8500.0,SPXW260917C08500000,0.2,0.4,0.30000000000000004,0.57,0.0,0.0,0.0,2.0,0.1356,0.0037,0.0,0.2837,-0.0528,0.0182,0.2966,0.0,0.0,0.0,0.300000004470348,down,2026-08-17T15:02:21,0.0,0.0
SPXW,2026-09-17,27,Put,8500.0,SPXW260917P08500000,799.4,822.2,810.8,0.0,0.0,0.0,0.0,0.0,0.1542,-0.9962,0.0,0.2837,-0.0528,-5.785,811.003,0.0,0.0,0.0,830.399993896484,no_change,,0.0,0.0
SPXW,2026-09-17,27,Call,8600.0,SPXW260917C08600000,0.15,0.35,0.25,0.52,0.0,0.0,0.0,23.0,0.1469,0.0027,0.0,0.216,-0.0431,0.0134,0.2294,0.0,0.0,0.0,0.225000008940697,no_change,2026-08-17T10:11:42,0.0,0.0
SPXW,2026-09-17,27,Put,8600.0,SPXW260917P08600000,897.9,921.7,909.8,0.0,0.0,0.0,0.0,0.0,0.1697,-0.9971,0.0,0.2162,-0.0431,-5.858,910.6375,0.0,0.0,0.0,930.25,no_change,,0.0,0.0
SPXW,2026-09-17,27,Call,8800.0,SPXW260917C08800000,0.1,0.25,0.175,0.4,0.0,0.0,0.0,4.0,0.17,0.0016,0.0,0.1323,-0.0298,0.0078,0.1451,0.0,0.0,0.0,0.175000000745058,down,2026-08-14T09:36:41,0.0,0.0
SPXW,2026-09-17,27,Put,8800.0,SPXW260917P08800000,1097.3,1121.1,1109.1999999999998,0.0,0.0,0.0,0.0,0.0,0.1998,-0.9982,0.0,0.1328,-0.0299,-6.0001,1109.9567,0.0,0.0,0.0,1129.65002441406,no_change,,0.0,0.0
SPXW,2026-09-17,27,Call,9000.0,SPXW260917C09000000,0.05,0.2,0.125,0.2,0.0,0.0,0.0,2.0,0.19,0.001,0.0,0.0852,-0.0212,0.0048,0.0962,0.0,0.0,0.0,0.125000001862645,up,2026-08-17T15:03:36,0.0,0.0
SPXW,2026-09-17,27,Put,9000.0,SPXW260917P09000000,1296.7,1320.5,1308.6,0.0,0.0,0.0,0.0,0.0,0.2286,-0.9988,0.0,0.0856,-0.0213,-6.1396,1309.3106,0.0,0.0,0.0,1328.75,no_change,,0.0,0.0
SPXW,2026-09-17,27,Call,9200.0,SPXW260917C09200000,0.0,0.2,0.1,0.15,0.0,0.0,0.0,1.0,0.2102,0.0006,0.0,0.0566,-0.0153,0.0031,0.0653,0.0,0.0,0.0,0.0750000029802322,up,2026-08-17T12:42:50,0.0,0.0
SPXW,2026-09-17,27,Put,9200.0,SPXW260917P09200000,1496.2,1518.9,1507.5500000000002,0.0,0.0,0.0,0.0,0.0,0.2564,-0.9992,0.0,0.0568,-0.0154,-6.2778,1508.6826,0.0,0.0,0.0,1528.44995117188,no_change,,0.0,0.0
SPXW,2026-09-17,27,Call,9400.0,SPXW260917C09400000,0.0,0.15,0.075,0.0,0.0,0.0,0.0,0.0,0.2331,0.0004,0.0,0.0383,-0.0112,0.002,0.045,0.0,0.0,0.0,0.0500000007450581,no_change,,0.0,0.0
SPXW,2026-09-17,27,Put,9400.0,SPXW260917P09400000,1695.6,1715.3,1705.4499999999998,0.0,0.0,0.0,0.0,0.0,0.2833,-0.9994,0.0,0.0385,-0.0112,-6.4153,1708.0652,0.0,0.0,0.0,1726.54998779297,no_change,,0.0,0.0
SPXW,2026-09-17,27,Call,9600.0,SPXW260917C09600000,0.0,0.15,0.075,0.2,0.0,0.0,0.0,1.0,0.2554,0.0003,0.0,0.0263,-0.0081,0.0014,0.0313,0.0,0.0,0.0,0.0500000007450581,up,2026-08-13T10:49:47,0.0,0.0
SPXW,2026-09-17,27,Put,9600.0,SPXW260917P09600000,1895.0,1917.8,1906.4,0.0,0.0,0.0,0.0,0.0,0.3092,-0.9995,0.0,0.0265,-0.0082,-6.5525,1907.4544,0.0,0.0,0.0,1927.0,no_change,,0.0,0.0
SPXW,2026-09-17,27,Call,9800.0,SPXW260917C09800000,0.0,0.1,0.05,0.0,0.0,0.0,0.0,0.0,0.2712,0.0002,0.0,0.0183,-0.006,0.0009,0.0219,0.0,0.0,0.0,0.0500000007450581,no_change,,0.0,0.0
SPXW,2026-09-17,27,Put,9800.0,SPXW260917P09800000,2094.4,2117.2,2105.8,0.0,0.0,0.0,0.0,0.0,0.3344,-0.9996,0.0,0.0184,-0.006,-6.6894,2106.848,0.0,0.0,0.0,2126.34997558594,no_change,,0.0,0.0
SPXW,2026-09-17,27,Call,10000.0,SPXW260917C10000000,0.0,0.1,0.05,0.0,0.0,0.0,0.0,0.0,0.2918,0.0001,0.0,0.0128,-0.0044,0.0006,0.0154,0.0,0.0,0.0,0.0500000007450581,no_change,,0.0,0.0
SPXW,2026-09-17,27,Put,10000.0,SPXW260917P10000000,2293.8,2317.5,2305.65,0.0,0.0,0.0,0.0,0.0,0.3588,-0.9997,0.0,0.0129,-0.0044,-6.8262,2306.2445,0.0,0.0,0.0,2326.0,no_change,,0.0,0.0
SPX,2026-09-18,28,Call,200.0,SPX260918C00200000,7458.4,7477.0,7467.7,7464.19,20.39,0.273919,454.0,2831.0,5.0889,0.9998,0.0,0.0022,-0.0132,0.156,7464.7892,7459.49,7487.6,7456.27,7443.80004882812,down,2026-08-21T14:37:19,0.0,0.0
SPX,2026-09-18,28,Put,200.0,SPX260918P00200000,0.0,0.05,0.025,0.05,0.0,0.0,0.0,816.0,3.5857,0.0,0.0,0.0022,-0.0132,-0.0002,0.0514,0.0,0.0,0.0,0.025000000372529,no_change,2026-07-24T14:21:51,0.0,0.0
SPX,2026-09-18,28,Call,400.0,SPX260918C00400000,7256.4,7279.7,7268.049999999999,7298.18,0.0,0.0,0.0,398.0,3.9212,0.9998,0.0,0.0032,-0.016,0.3087,7265.4686,0.0,0.0,0.0,7244.25,down,2026-08-18T10:10:10,0.0,0.0
SPX,2026-09-18,28,Put,400.0,SPX260918P00400000,0.0,0.05,0.025,0.1,0.0,0.0,0.0,535.0,2.875,0.0,0.0,0.0032,-0.016,-0.0003,0.0622,0.0,0.0,0.0,0.025000000372529,down,2026-03-31T16:12:58,0.0,0.0
SPX,2026-09-18,28,Call,600.0,SPX260918C00600000,7057.0,7080.3,7068.65,6834.23,0.0,0.0,0.0,204.0,3.339,0.9998,0.0,0.0041,-0.0176,0.4614,7066.1431,0.0,0.0,0.0,7046.44995117188,up,2026-07-20T15:27:28,0.0,0.0
SPX,2026-09-18,28,Put,600.0,SPX260918P00600000,0.0,0.05,0.025,0.05,0.0,0.0,0.0,32400.0,2.4701,0.0,0.0,0.0041,-0.0176,-0.0003,0.0681,0.0,0.0,0.0,0.025000000372529,no_change,2026-05-07T16:11:23,0.0,0.0
SPX,2026-09-18,28,Call,800.0,SPX260918C00800000,6857.6,6881.0,6869.3,6868.67,23.12,0.337737,3.0,343.0,2.9361,0.9998,0.0,0.0049,-0.0186,0.6142,6866.8157,6868.67,6868.67,6868.67,6845.55004882812,down,2026-08-21T14:23:07,0.0,0.0
SPX,2026-09-18,28,Put,800.0,SPX260918P00800000,0.0,0.05,0.025,0.03,0.005,20.0,3.0,42518.0,2.187,-0.0001,0.0,0.0049,-0.0186,-0.0004,0.0721,0.03,0.03,0.03,0.025000000372529,no_change,2026-08-21T14:23:07,0.0,0.0
SPX,2026-09-18,28,Call,1000.0,SPX260918C01000000,6658.3,6681.6,6669.950000000001,6722.47,0.0,0.0,0.0,307.0,2.647,0.9998,0.0,0.0057,-0.0193,0.7669,6667.4874,0.0,0.0,0.0,6646.85009765625,up,2026-08-06T10:35:00,0.0,0.0
SPX,2026-09-18,28,Put,1000.0,SPX260918P01000000,0.0,0.05,0.025,0.05,0.0,0.0,0.0,11639.0,1.9696,-0.0001,0.0,0.0057,-0.0194,-0.0004,0.0752,0.0,0.0,0.0,0.025000000372529,no_change,2026-07-09T09:53:21,0.0,0.0
SPX,2026-09-18,28,Call,1200.0,SPX260918C01200000,6458.4,6482.1,6470.25,6498.04,0.0,0.0,0.0,58.0,2.3972,0.9998,0.0,0.0064,-0.02,0.9197,6468.1586,0.0,0.0,0.0,6447.30004882812,up,2026-08-06T12:08:03,0.0,0.0
SPX,2026-09-18,28,Put,1200.0,SPX260918P01200000,0.0,0.05,0.025,0.05,0.0,0.0,0.0,10666.0,1.7932,-0.0001,0.0,0.0064,-0.02,-0.0005,0.0779,0.0,0.0,0.0,0.025000000372529,no_change,2026-07-23T10:49:32,0.0,0.0
SPX,2026-09-18,28,Call,1400.0,SPX260918C01400000,6259.6,6282.9,6271.25,5962.04,0.0,0.0,0.0,43.0,2.1878,0.9998,0.0,0.0072,-0.0206,1.0724,6268.8297,0.0,0.0,0.0,6247.19995117188,up,2026-06-26T11:01:39,0.0,0.0
SPXW,2026-09-18,28,Call,1400.0,SPXW260918C01400000,6259.0,6282.9,6270.95,6248.18,0.0,0.0,0.0,3.0,2.1355,0.9998,0.0,0.0068,-0.0188,1.0724,6268.5595,0.0,0.0,0.0,6248.5,down,2026-08-20T15:46:04,0.0,0.0
SPX,2026-09-18,28,Put,1400.0,SPX260918P01400000,0.0,0.05,0.025,0.05,0.0,0.0,0.0,7933.0,1.6449,-0.0001,0.0,0.0072,-0.0206,-0.0006,0.0804,0.0,0.0,0.0,0.025000000372529,no_change,2026-07-20T11:48:20,0.0,0.0
SPXW,2026-09-18,28,Put,1400.0,SPXW260918P01400000,0.0,0.05,0.025,0.05,0.0,0.0,0.0,976.0,1.6369,-0.0001,0.0,0.0068,-0.0188,-0.0005,0.0736,0.0,0.0,0.0,0.025000000372529,no_change,2026-08-04T14:54:07,0.0,0.0
SPX,2026-09-18,28,Call,1600.0,SPX260918C01600000,6059.7,6083.3,6071.5,6069.19,21.24,0.351194,1.0,37.0,2.0226,0.9997,0.0,0.008,-0.0211,1.2252,6069.5009,6069.19,6069.19,6069.19,6047.94995117188,up,2026-08-21T14:37:19,0.0,0.0
SPXW,2026-09-18,28,Call,1600.0,SPXW260918C01600000,6059.7,6083.6,6071.65,0.0,0.0,0.0,0.0,0.0,1.9752,0.9998,0.0,0.0075,-0.0194,1.2252,6069.2305,0.0,0.0,0.0,6049.2001953125,no_change,,0.0,0.0
SPX,2026-09-18,28,Put,1600.0,SPX260918P01600000,0.0,0.05,0.025,0.05,0.0,0.0,0.0,9596.0,1.581,-0.0001,0.0,0.008,-0.0211,-0.0006,0.0829,0.0,0.0,0.0,0.025000000372529,no_change,2026-08-06T14:40:14,0.0,0.0
SPXW,2026-09-18,28,Put,1600.0,SPXW260918P01600000,0.0,0.05,0.025,0.05,0.0,0.0,0.0,457.0,1.5733,-0.0001,0.0,0.0075,-0.0194,-0.0006,0.0761,0.0,0.0,0.0,0.025000000372529,down,2026-07-22T11:46:22,0.0,0.0
SPX,2026-09-18,28,Call,1800.0,SPX260918C01800000,5860.3,5884.1,5872.200000000001,5905.45,0.0,0.0,0.0,3.0,1.8638,0.9997,0.0,0.0089,-0.0217,1.3779,5870.1722,0.0,0.0,0.0,5849.30004882812,up,2026-08-19T15:58:05,0.0,0.0
SPXW,2026-09-18,28,Call,1800.0,SPXW260918C01800000,5860.3,5884.2,5872.25,5849.54,0.0,0.0,0.0,3.0,1.8182,0.9997,0.0,0.0084,-0.0199,1.3779,5869.9017,0.0,0.0,0.0,5850.0,down,2026-08-20T15:46:04,0.0,0.0
SPX,2026-09-18,28,Put,1800.0,SPX260918P01800000,0.0,0.1,0.05,0.05,0.0,0.0,0.0,6864.0,1.4638,-0.0001,0.0,0.0089,-0.0217,-0.0007,0.0857,0.0,0.0,0.0,0.025000000372529,no_change,2026-07-29T15:57:54,0.0,0.0
SPXW,2026-09-18,28,Put,1800.0,SPXW260918P01800000,0.0,0.05,0.025,0.1,0.0,0.0,0.0,375.0,1.4567,-0.0001,0.0,0.0084,-0.0199,-0.0006,0.0786,0.0,0.0,0.0,0.025000000372529,no_change,2026-07-29T15:44:27,0.0,0.0
SPX,2026-09-18,28,Call,2000.0,SPX260918C02000000,5661.5,5684.8,5673.15,5678.63,28.8302,0.510287,4.0,922.0,1.7222,0.9997,0.0,0.0099,-0.0224,1.5306,5670.8437,5674.73,5678.63,5674.73,5649.7998046875,up,2026-08-21T12:19:39,0.0,0.0
SPXW,2026-09-18,28,Call,2000.0,SPXW260918C02000000,5660.9,5684.8,5672.85,5682.3,31.3,0.553884,2.0,5.0,1.6781,0.9997,0.0,0.0093,-0.0205,1.5306,5670.5731,5682.3,5682.3,5682.3,5651.0,down,2026-08-21T12:12:43,0.0,0.0
SPX,2026-09-18,28,Put,2000.0,SPX260918P02000000,0.0,0.05,0.025,0.03,0.005,20.0,4.0,6000.0,1.3593,-0.0001,0.0,0.0099,-0.0224,-0.0008,0.0886,0.05,0.05,0.03,0.025000000372529,down,2026-08-21T12:19:39,0.0,0.0
SPXW,2026-09-18,28,Put,2000.0,SPXW260918P02000000,0.0,0.05,0.025,0.03,0.005,20.0,2.0,1068.0,1.3527,-0.0001,0.0,0.0093,-0.0205,-0.0007,0.0815,0.03,0.03,0.03,0.025000000372529,down,2026-08-21T12:12:43,0.0,0.0
SPX,2026-09-18,28,Call,2200.0,SPX260918C02200000,5462.1,5485.4,5473.75,5479.33,28.2299,0.517875,450.0,2220.0,1.6077,0.9997,0.0,0.011,-0.023,1.6833,5471.5156,5462.57,5493.85,5462.57,5451.10009765625,down,2026-08-21T12:35:41,0.0,0.0
SPXW,2026-09-18,28,Call,2200.0,SPXW260918C02200000,5461.6,5485.5,5473.55,5451.0,0.0,0.0,0.0,1.0,1.5673,0.9997,0.0,0.0103,-0.0212,1.6834,5471.2448,0.0,0.0,0.0,5451.39990234375,down,2026-08-20T15:46:04,0.0,0.0
SPX,2026-09-18,28,Put,2200.0,SPX260918P02200000,0.0,0.05,0.025,0.05,0.0,-1.49012e-06,120.0,9812.0,1.265,-0.0001,0.0,0.011,-0.0231,-0.0008,0.0919,0.05,0.05,0.04,0.0500000007450581,no_change,2026-08-21T14:58:22,0.0,0.0
SPXW,2026-09-18,28,Put,2200.0,SPXW260918P02200000,0.0,0.05,0.025,0.01,0.0,0.0,0.0,378.0,1.2588,-0.0001,0.0,0.0103,-0.0212,-0.0008,0.0846,0.0,0.0,0.0,0.025000000372529,down,2026-08-10T12:28:09,0.0,0.0
SPX,2026-09-18,28,Call,2300.0,SPX260918C02300000,5361.9,5385.5,5373.7,4356.4,0.0,0.0,0.0,18.0,1.5481,0.9997,0.0,0.0116,-0.0234,1.7597,5371.8517,0.0,0.0,0.0,5351.5,down,2025-09-17T09:48:01,0.0,0.0
SPX,2026-09-18,28,Put,2300.0,SPX260918P02300000,0.0,0.1,0.05,0.15,0.0,0.0,0.0,4507.0,1.221,-0.0001,0.0,0.0116,-0.0234,-0.0009,0.0937,0.0,0.0,0.0,0.0500000007450581,no_change,2026-07-10T13:42:37,0.0,0.0
SPX,2026-09-18,28,Call,2400.0,SPX260918C02400000,5262.8,5286.0,5274.4,0.0,0.0,0.0,0.0,0.0,1.4912,0.9997,0.0,0.0122,-0.0238,1.8361,5272.1879,0.0,0.0,0.0,5251.80004882812,no_change,,0.0,0.0
SPXW,2026-09-18,28,Call,2400.0,SPXW260918C02400000,5262.2,5286.1,5274.15,0.0,0.0,0.0,0.0,0.0,1.4518,0.9997,0.0,0.0114,-0.022,1.8361,5271.917,0.0,0.0,0.0,5252.0,no_change,,0.0,0.0
SPX,2026-09-18,28,Put,2400.0,SPX260918P02400000,0.0,0.05,0.025,0.05,0.0,-1.49012e-06,80.0,2723.0,1.179,-0.0001,0.0,0.0122,-0.0238,-0.0009,0.0957,0.03,0.05,0.03,0.0500000007450581,no_change,2026-08-21T15:07:24,0.0,0.0
SPXW,2026-09-18,28,Put,2400.0,SPXW260918P02400000,0.0,0.05,0.025,0.22,0.0,0.0,0.0,331.0,1.1732,-0.0001,0.0,0.0114,-0.022,-0.0008,0.0882,0.0,0.0,0.0,0.025000000372529,up,2026-07-29T13:03:24,0.0,0.0
SPX,2026-09-18,28,Call,2500.0,SPX260918C02500000,5163.1,5186.4,5174.75,5180.28,29.0798,0.564525,1.0,0.0,1.4366,0.9997,0.0,0.0128,-0.0242,1.9124,5172.5243,5180.28,5180.28,5180.28,5151.2001953125,up,2026-08-21T12:19:39,0.0,0.0
SPX,2026-09-18,28,Put,2500.0,SPX260918P02500000,0.0,0.1,0.05,0.03,-0.02,-40.0,1.0,12594.0,1.1386,-0.0002,0.0,0.0128,-0.0243,-0.001,0.0977,0.03,0.03,0.03,0.0500000007450581,down,2026-08-21T12:19:39,0.0,0.0
SPX,2026-09-18,28,Call,2600.0,SPX260918C02600000,5063.4,5086.7,5075.049999999999,4893.77,0.0,0.0,0.0,2.0,1.396,0.9997,0.0,0.0135,-0.0247,1.9888,5072.8608,0.0,0.0,0.0,5052.19995117188,down,2026-07-07T10:41:22,0.0,0.0
SPXW,2026-09-18,28,Call,2600.0,SPXW260918C02600000,5062.8,5086.7,5074.75,0.0,0.0,0.0,0.0,0.0,1.3598,0.9997,0.0,0.0127,-0.0228,1.9888,5072.5897,0.0,0.0,0.0,5053.0,no_change,,0.0,0.0
SPX,2026-09-18,28,Put,2600.0,SPX260918P02600000,0.0,0.1,0.05,0.35,0.0,0.0,0.0,3047.0,1.0999,-0.0002,0.0,0.0135,-0.0247,-0.001,0.0999,0.0,0.0,0.0,0.0500000007450581,no_change,2026-07-24T15:28:45,0.0,0.0
SPXW,2026-09-18,28,Put,2600.0,SPXW260918P02600000,0.0,0.1,0.05,0.03,-0.02,-40.0,1.0,340.0,1.0946,-0.0002,0.0,0.0127,-0.0228,-0.0009,0.0923,0.03,0.03,0.03,0.0500000007450581,down,2026-08-21T14:38:03,0.0,0.0
SPX,2026-09-18,28,Call,2700.0,SPX260918C02700000,4964.1,4987.0,4975.55,0.0,0.0,0.0,0.0,0.0,1.3455,0.9997,0.0,0.0143,-0.0252,2.0651,4973.1974,0.0,0.0,0.0,4952.55004882812,no_change,,0.0,0.0
SPX,2026-09-18,28,Put,2700.0,SPX260918P02700000,0.0,0.1,0.05,0.05,0.0,0.0,0.0,4114.0,1.0908,-0.0002,0.0,0.0143,-0.0252,-0.0011,0.1023,0.0,0.0,0.0,0.0500000007450581,down,2026-08-12T14:55:03,0.0,0.0
SPX,2026-09-18,28,Call,2800.0,SPX260918C02800000,4864.0,4887.3,4875.65,0.0,0.0,0.0,0.0,0.0,1.2969,0.9996,0.0,0.0151,-0.0257,2.1414,4873.5343,0.0,0.0,0.0,4853.2998046875,no_change,,0.0,0.0
SPXW,2026-09-18,28,Call,2800.0,SPXW260918C02800000,4863.5,4887.4,4875.45,4880.13,26.88,0.553856,2.0,1.0,1.2615,0.9997,0.0,0.0142,-0.0238,2.1415,4873.263,4880.2,4880.2,4880.13,4853.25,down,2026-08-21T15:27:54,0.0,0.0
SPX,2026-09-18,28,Put,2800.0,SPX260918P02800000,0.0,0.1,0.05,0.08,0.0,0.0,0.0,6696.0,1.054,-0.0002,0.0,0.0151,-0.0257,-0.0011,0.1049,0.0,0.0,0.0,0.0500000007450581,up,2026-08-18T11:09:16,0.0,0.0
SPXW,2026-09-18,28,Put,2800.0,SPXW260918P02800000,0.0,0.1,0.05,0.03,-0.02,-40.0,1.0,160.0,1.0219,-0.0002,0.0,0.0142,-0.0238,-0.001,0.0971,0.03,0.03,0.03,0.0500000007450581,down,2026-08-21T14:38:03,0.0,0.0
SPX,2026-09-18,28,Call,2900.0,SPX260918C02900000,4763.8,4787.6,4775.700000000001,4797.78,0.0,0.0,0.0,30.0,1.2501,0.9996,0.0,0.0159,-0.0263,2.2178,4773.8713,0.0,0.0,0.0,4752.55004882812,down,2026-08-20T09:36:48,0.0,0.0
SPX,2026-09-18,28,Put,2900.0,SPX260918P02900000,0.0,0.1,0.05,0.08,0.0,0.0,0.0,4893.0,1.0185,-0.0002,0.0,0.0159,-0.0263,-0.0012,0.1076,0.0,0.0,0.0,0.0500000007450581,up,2026-08-18T11:14:35,0.0,0.0
SPX,2026-09-18,28,Call,3000.0,SPX260918C03000000,4669.9,4682.9,4676.4,4733.02,0.0,0.0,0.0,9100.0,1.2103,0.9996,0.0,0.0168,-0.0269,2.2941,4674.2086,0.0,0.0,0.0,4653.5,down,2026-08-19T12:03:31,0.0,0.0
SPXW,2026-09-18,28,Call,3000.0,SPXW260918C03000000,4664.1,4688.0,4676.05,4471.01,0.0,0.0,0.0,75.0,1.17,0.9996,0.0,0.0159,-0.0249,2.2941,4673.9372,0.0,0.0,0.0,4654.5,down,2026-07-17T14:16:31,0.0,0.0
SPX,2026-09-18,28,Put,3000.0,SPX260918P03000000,0.0,0.1,0.05,0.07,0.0,0.0,0.0,18225.0,0.9842,-0.0002,0.0,0.0168,-0.0269,-0.0013,0.1106,0.0,0.0,0.0,0.0500000007450581,no_change,2026-08-18T11:12:13,0.0,0.0
SPXW,2026-09-18,28,Put,3000.0,SPXW260918P03000000,0.0,0.1,0.05,0.05,0.0,0.0,0.0,1111.0,0.9542,-0.0002,0.0,0.0159,-0.0249,-0.0012,0.1026,0.0,0.0,0.0,0.0500000007450581,no_change,2026-08-17T13:14:46,0.0,0.0
SPX,2026-09-18,28,Call,3100.0,SPX260918C03100000,4564.4,4588.1,4576.25,0.0,0.0,0.0,0.0,0.0,1.1717,0.9996,0.0,0.0178,-0.0275,2.3704,4574.5462,0.0,0.0,0.0,4554.30004882812,no_change,,0.0,0.0
SPX,2026-09-18,28,Put,3100.0,SPX260918P03100000,0.0,0.1,0.05,0.07,0.0,0.0,0.0,1178.0,0.9511,-0.0002,0.0,0.0178,-0.0275,-0.0013,0.1139,0.0,0.0,0.0,0.0500000007450581,up,2026-08-18T11:14:35,0.0,0.0
SPX,2026-09-18,28,Call,3200.0,SPX260918C03200000,4465.3,4488.6,4476.950000000001,4477.89,23.9398,0.537496,5.0,45.0,1.1293,0.9996,0.0,0.0188,-0.0282,2.4468,4474.884,4469.09,4480.75,4469.09,4453.9501953125,up,2026-08-21T13:40:24,0.0,0.0
SPXW,2026-09-18,28,Call,3200.0,SPXW260918C03200000,4464.8,4488.7,4476.75,0.0,0.0,0.0,0.0,0.0,1.0973,0.9996,0.0,0.0179,-0.0262,2.4468,4474.6123,0.0,0.0,0.0,4454.94995117188,no_change,,0.0,0.0
SPX,2026-09-18,28,Put,3200.0,SPX260918P03200000,0.0,0.15,0.075,0.05,-0.025,-33.3333,3.0,4772.0,0.919,-0.0002,0.0,0.0189,-0.0282,-0.0014,0.1174,0.05,0.05,0.05,0.0750000029802322,no_change,2026-08-21T11:29:48,0.0,0.0
SPXW,2026-09-18,28,Put,3200.0,SPXW260918P03200000,0.0,0.1,0.05,0.05,0.0,-1.49012e-06,10.0,401.0,0.9146,-0.0002,0.0,0.0179,-0.0262,-0.0013,0.1092,0.05,0.05,0.05,0.0500000007450581,no_change,2026-08-21T11:52:11,0.0,0.0
SPX,2026-09-18,28,Call,3300.0,SPX260918C03300000,4365.6,4388.9,4377.25,0.0,0.0,0.0,0.0,0.0,1.0882,0.9996,0.0,0.02,-0.029,2.5231,4375.2222,0.0,0.0,0.0,4355.19995117188,no_change,,0.0,0.0
SPX,2026-09-18,28,Put,3300.0,SPX260918P03300000,0.0,0.05,0.025,0.1,0.0,0.0,0.0,2111.0,0.888,-0.0002,0.0,0.02,-0.029,-0.0015,0.1213,0.0,0.0,0.0,0.0750000029802322,no_change,2026-08-20T15:42:04,0.0,0.0
SPX,2026-09-18,28,Call,3400.0,SPX260918C03400000,4266.0,4289.3,4277.65,4062.08,0.0,0.0,0.0,340.0,1.0484,0.9996,0.0,0.0213,-0.0298,2.5994,4275.5607,0.0,0.0,0.0,4254.84985351562,down,2026-07-30T16:13:47,0.0,0.0
SPXW,2026-09-18,28,Call,3400.0,SPXW260918C03400000,4265.4,4289.3,4277.35,0.0,0.0,0.0,0.0,0.0,1.0169,0.9996,0.0,0.0202,-0.0278,2.5994,4275.2889,0.0,0.0,0.0,4256.65014648438,no_change,,0.0,0.0
SPX,2026-09-18,28,Put,3400.0,SPX260918P03400000,0.0,0.1,0.05,0.1,0.0,0.0,0.0,4177.0,0.8578,-0.0003,0.0,0.0213,-0.0298,-0.0016,0.1256,0.0,0.0,0.0,0.0500000007450581,no_change,2026-08-19T09:35:31,0.0,0.0
SPXW,2026-09-18,28,Put,3400.0,SPXW260918P03400000,0.0,0.05,0.025,0.05,-0.025,-33.3333,2.0,31.0,0.8536,-0.0003,0.0,0.0202,-0.0278,-0.0015,0.1172,0.05,0.05,0.05,0.0750000029802322,no_change,2026-08-21T10:45:10,0.0,0.0
SPX,2026-09-18,28,Call,3450.0,SPX260918C03450000,4215.6,4239.3,4227.450000000001,0.0,0.0,0.0,0.0,0.0,1.0339,0.9996,0.0,0.0219,-0.0303,2.6375,4225.7302,0.0,0.0,0.0,4205.55004882812,no_change,,0.0,0.0
SPX,2026-09-18,28,Put,3450.0,SPX260918P03450000,0.0,0.15,0.075,0.1,0.0,0.0,0.0,1808.0,0.843,-0.0003,0.0,0.022,-0.0303,-0.0016,0.1279,0.0,0.0,0.0,0.0750000029802322,no_change,2026-08-19T09:51:35,0.0,0.0
SPX,2026-09-18,28,Call,3500.0,SPX260918C03500000,4166.3,4189.6,4177.950000000001,3955.71,0.0,0.0,0.0,6.0,1.0194,0.9996,0.0,0.0226,-0.0308,2.6757,4175.8998,0.0,0.0,0.0,4155.35009765625,down,2026-07-28T13:04:12,0.0,0.0
SPXW,2026-09-18,28,Call,3500.0,SPXW260918C03500000,4165.7,4189.7,4177.7,0.0,0.0,0.0,0.0,0.0,0.9903,0.9996,0.0,0.0216,-0.0287,2.6757,4175.6279,0.0,0.0,0.0,4155.75,no_change,,0.0,0.0
SPX,2026-09-18,28,Put,3500.0,SPX260918P03500000,0.0,0.15,0.075,0.05,0.0,0.0,0.0,7400.0,0.8285,-0.0003,0.0,0.0227,-0.0308,-0.0017,0.1303,0.0,0.0,0.0,0.0750000029802322,down,2026-08-20T10:01:18,0.0,0.0
SPXW,2026-09-18,28,Put,3500.0,SPXW260918P03500000,0.0,0.15,0.075,0.2,0.0,0.0,0.0,855.0,0.8245,-0.0003,0.0,0.0216,-0.0287,-0.0016,0.1219,0.0,0.0,0.0,0.0750000029802322,down,2026-08-06T13:16:58,0.0,0.0
SPX,2026-09-18,28,Call,3550.0,SPX260918C03550000,4115.9,4139.7,4127.799999999999,0.0,0.0,0.0,0.0,0.0,0.9958,0.9995,0.0,0.0234,-0.0313,2.7138,4126.0695,0.0,0.0,0.0,4105.94995117188,no_change,,0.0,0.0
SPX,2026-09-18,28,Put,3550.0,SPX260918P03550000,0.0,0.15,0.075,0.5,0.0,0.0,0.0,658.0,0.8302,-0.0003,0.0,0.0233,-0.0311,-0.0018,0.1322,0.0,0.0,0.0,0.100000003352761,no_change,2026-07-30T15:10:31,0.0,0.0
SPX,2026-09-18,28,Call,3600.0,SPX260918C03600000,4066.6,4089.9,4078.25,3920.99,0.0,0.0,0.0,1.0,0.9818,0.9995,0.0,0.0242,-0.0318,2.752,4076.2394,0.0,0.0,0.0,4056.0,up,2026-07-22T09:58:03,0.0,0.0
SPXW,2026-09-18,28,Call,3600.0,SPXW260918C03600000,4066.0,4090.0,4078.0,0.0,0.0,0.0,0.0,0.0,0.9529,0.9996,0.0,0.0231,-0.0298,2.752,4075.9675,0.0,0.0,0.0,4056.30004882812,no_change,,0.0,0.0
SPX,2026-09-18,28,Put,3600.0,SPX260918P03600000,0.0,0.15,0.075,0.13,0.0,0.0,0.0,4147.0,0.8158,-0.0003,0.0,0.0242,-0.0318,-0.0018,0.1357,0.0,0.0,0.0,0.0750000011175871,up,2026-08-18T15:59:53,0.0,0.0
SPXW,2026-09-18,28,Put,3600.0,SPXW260918P03600000,0.0,0.15,0.075,0.05,-0.05,-50.0,1.0,333.0,0.7961,-0.0003,0.0,0.0231,-0.0298,-0.0017,0.1272,0.05,0.05,0.05,0.100000003352761,down,2026-08-21T11:48:48,0.0,0.0
SPX,2026-09-18,28,Call,3650.0,SPX260918C03650000,4016.8,4040.1,4028.45,3856.76,0.0,0.0,0.0,0.0,0.968,0.9995,0.0,0.025,-0.0324,2.7901,4026.4095,0.0,0.0,0.0,4005.75,up,2026-06-18T09:42:59,0.0,0.0
SPX,2026-09-18,28,Put,3650.0,SPX260918P03650000,0.0,0.15,0.075,0.1,0.0,0.0,0.0,698.0,0.8016,-0.0003,0.0,0.0251,-0.0324,-0.0019,0.1386,0.0,0.0,0.0,0.125000001862645,down,2026-08-18T15:40:39,0.0,0.0
SPX,2026-09-18,28,Call,3700.0,SPX260918C03700000,3967.0,3990.2,3978.6,3918.16,0.0,0.0,0.0,1.0,0.9453,0.9995,0.0,0.026,-0.033,2.8282,3976.5798,0.0,0.0,0.0,3955.69995117188,up,2026-06-04T15:57:55,0.0,0.0
SPXW,2026-09-18,28,Call,3700.0,SPXW260918C03700000,3966.4,3990.3,3978.3500000000004,0.0,0.0,0.0,0.0,0.0,0.9166,0.9995,0.0,0.0248,-0.0309,2.8283,3976.3079,0.0,0.0,0.0,3956.89990234375,no_change,,0.0,0.0
SPX,2026-09-18,28,Put,3700.0,SPX260918P03700000,0.0,0.2,0.1,0.1,-0.025,-20.0,17.0,4857.0,0.7876,-0.0003,0.0,0.026,-0.033,-0.002,0.1417,0.1,0.1,0.1,0.125000001862645,no_change,2026-08-21T15:41:55,0.0,0.0
SPXW,2026-09-18,28,Put,3700.0,SPXW260918P03700000,0.0,0.15,0.075,0.1,0.0,0.0,0.0,984.0,0.7838,-0.0003,0.0,0.0248,-0.0309,-0.0018,0.1333,0.0,0.0,0.0,0.100000003352761,down,2026-08-20T10:00:10,0.0,0.0
SPX,2026-09-18,28,Call,3750.0,SPX260918C03750000,3916.5,3940.2,3928.35,0.0,0.0,0.0,0.0,0.0,0.9319,0.9995,0.0,0.0269,-0.0336,2.8664,3926.7503,0.0,0.0,0.0,3905.5,no_change,,0.0,0.0
SPX,2026-09-18,28,Put,3750.0,SPX260918P03750000,0.0,0.2,0.1,0.05,0.0,0.0,0.0,2276.0,0.7738,-0.0004,0.0,0.0269,-0.0336,-0.002,0.1451,0.0,0.0,0.0,0.125000001862645,no_change,2026-08-19T09:30:02,0.0,0.0
SPX,2026-09-18,28,Call,3800.0,SPX260918C03800000,3871.4,3890.6,3881.0,3935.68,0.0,0.0,0.0,3.0,0.9186,0.9995,0.0,0.0279,-0.0344,2.9045,3876.9211,0.0,0.0,0.0,3855.45007324219,up,2026-08-06T09:30:06,0.0,0.0
SPXW,2026-09-18,28,Call,3800.0,SPXW260918C03800000,3866.7,3890.6,3878.6499999999996,0.0,0.0,0.0,0.0,0.0,0.892,0.9995,0.0,0.0268,-0.0323,2.9045,3876.6492,0.0,0.0,0.0,3857.15002441406,no_change,,0.0,0.0
SPX,2026-09-18,28,Put,3800.0,SPX260918P03800000,0.05,0.15,0.1,0.05,0.0,0.0,0.0,3530.0,0.7601,-0.0004,0.0,0.028,-0.0344,-0.0021,0.1488,0.0,0.0,0.0,0.100000003352761,no_change,2026-08-19T09:30:02,0.0,0.0
SPXW,2026-09-18,28,Put,3800.0,SPXW260918P03800000,0.05,0.15,0.1,0.1,-0.025,-20.0,43.0,3899.0,0.7564,-0.0004,0.0,0.027,-0.0326,-0.002,0.1416,0.13,0.13,0.1,0.125000001862645,no_change,2026-08-21T13:54:19,0.0,0.0
SPX,2026-09-18,28,Call,3850.0,SPX260918C03850000,3816.9,3839.3,3828.1000000000004,0.0,0.0,0.0,0.0,0.0,0.8968,0.9995,0.0,0.029,-0.0351,2.9426,3827.0922,0.0,0.0,0.0,3806.44995117188,no_change,,0.0,0.0
SPX,2026-09-18,28,Put,3850.0,SPX260918P03850000,0.05,0.2,0.125,0.15,0.0,0.0,0.0,2514.0,0.7466,-0.0004,0.0,0.029,-0.0351,-0.0022,0.1527,0.0,0.0,0.0,0.150000002235174,no_change,2026-08-19T09:51:39,0.0,0.0
SPX,2026-09-18,28,Call,3900.0,SPX260918C03900000,3767.6,3790.9,3779.25,2281.71,0.0,0.0,0.0,0.0,0.8839,0.9994,0.0,0.0302,-0.0359,2.9807,3777.2636,0.0,0.0,0.0,3757.09997558594,up,2025-06-04T09:46:56,0.0,0.0
SPXW,2026-09-18,28,Call,3900.0,SPXW260918C03900000,3767.0,3791.0,3779.0,0.0,0.0,0.0,0.0,0.0,0.8575,0.9995,0.0,0.0291,-0.0339,2.9807,3776.9919,0.0,0.0,0.0,3757.39990234375,no_change,,0.0,0.0
SPX,2026-09-18,28,Put,3900.0,SPX260918P03900000,0.05,0.2,0.125,0.12,-0.03,-20.0,1.0,2387.0,0.7549,-0.0004,0.0,0.0302,-0.0359,-0.0023,0.157,0.12,0.12,0.12,0.150000000372529,up,2026-08-21T12:36:15,0.0,0.0
SPXW,2026-09-18,28,Put,3900.0,SPXW260918P03900000,0.1,0.2,0.15000000000000002,0.15,0.0,-1.49012e-06,2.0,1706.0,0.7513,-0.0004,0.0,0.0293,-0.0342,-0.0022,0.15,0.15,0.15,0.15,0.150000002235174,no_change,2026-08-21T11:48:40,0.0,0.0
SPX,2026-09-18,28,Call,3950.0,SPX260918C03950000,3717.2,3741.1,3729.1499999999996,3672.06,0.0,0.0,0.0,1.0,0.871,0.9994,0.0,0.0315,-0.0368,3.0188,3727.4355,0.0,0.0,0.0,3706.75,up,2026-06-04T15:57:55,0.0,0.0
SPX,2026-09-18,28,Put,3950.0,SPX260918P03950000,0.05,0.2,0.125,0.15,0.0,0.0,0.0,1660.0,0.7414,-0.0004,0.0,0.0315,-0.0368,-0.0024,0.1617,0.0,0.0,0.0,0.150000000372529,up,2026-08-19T09:34:20,0.0,0.0
SPX,2026-09-18,28,Call,3975.0,SPX260918C03975000,3695.4,3716.1,3705.75,0.0,0.0,0.0,0.0,0.0,0.8563,0.9994,0.0,0.0322,-0.0373,3.0378,3702.5215,0.0,0.0,0.0,3681.79992675781,no_change,,0.0,0.0
SPX,2026-09-18,28,Put,3975.0,SPX260918P03975000,0.1,0.2,0.15000000000000002,0.1,0.0,0.0,0.0,1004.0,0.7432,-0.0004,0.0,0.0322,-0.0373,-0.0024,0.1642,0.0,0.0,0.0,0.150000000372529,no_change,2026-08-19T09:30:02,0.0,0.0
SPX,2026-09-18,28,Call,4000.0,SPX260918C04000000,3674.0,3685.2,3679.6,3680.35,23.3,0.637124,22.0,2710.0,0.8458,0.9994,0.0,0.0328,-0.0378,3.0569,3677.6077,3680.35,3680.35,3680.35,3657.05004882812,down,2026-08-21T16:01:47,0.0,0.0
SPXW,2026-09-18,28,Call,4000.0,SPXW260918C04000000,3667.4,3691.3,3679.3500000000004,3432.39,0.0,0.0,0.0,1.0,0.824,0.9994,0.0,0.0318,-0.0358,3.0569,3677.3362,0.0,0.0,0.0,3657.90002441406,down,2026-05-08T12:58:37,0.0,0.0
SPX,2026-09-18,28,Put,4000.0,SPX260918P04000000,0.05,0.2,0.125,0.1,-0.075,-42.8571,27.0,12483.0,0.7281,-0.0004,0.0,0.0328,-0.0378,-0.0025,0.1668,0.2,0.2,0.1,0.175000000745058,down,2026-08-21T16:01:47,0.0,0.0
SPXW,2026-09-18,28,Put,4000.0,SPXW260918P04000000,0.05,0.2,0.125,0.15,0.0,0.0,0.0,1348.0,0.715,-0.0004,0.0,0.032,-0.0361,-0.0024,0.1601,0.0,0.0,0.0,0.150000002235174,down,2026-08-20T11:10:14,0.0,0.0
SPX,2026-09-18,28,Call,4025.0,SPX260918C04025000,3642.4,3666.3,3654.3500000000004,0.0,0.0,0.0,0.0,0.0,0.8439,0.9994,0.0,0.0336,-0.0383,3.0759,3652.6941,0.0,0.0,0.0,3632.25,no_change,,0.0,0.0
SPX,2026-09-18,28,Put,4025.0,SPX260918P04025000,0.05,0.2,0.125,0.15,0.0,-2.48353e-07,200.0,1321.0,0.7215,-0.0004,0.0,0.0336,-0.0383,-0.0026,0.1696,0.15,0.15,0.15,0.150000000372529,no_change,2026-08-21T13:08:56,0.0,0.0
SPX,2026-09-18,28,Call,4050.0,SPX260918C04050000,3617.5,3641.4,3629.45,0.0,0.0,0.0,0.0,0.0,0.8376,0.9994,0.0,0.0343,-0.0389,3.095,3627.7805,0.0,0.0,0.0,3607.19995117188,no_change,,0.0,0.0
SPX,2026-09-18,28,Put,4050.0,SPX260918P04050000,0.05,0.25,0.15,0.1,0.0,0.0,0.0,1486.0,0.715,-0.0004,0.0,0.0343,-0.0389,-0.0026,0.1725,0.0,0.0,0.0,0.175000000745058,no_change,2026-08-19T09:30:02,0.0,0.0
SPX,2026-09-18,28,Call,4075.0,SPX260918C04075000,3593.2,3616.5,3604.85,3437.91,0.0,0.0,0.0,0.0,0.8314,0.9994,0.0,0.0351,-0.0394,3.114,3602.8671,0.0,0.0,0.0,3581.90002441406,up,2026-06-18T11:44:26,0.0,0.0
SPX,2026-09-18,28,Put,4075.0,SPX260918P04075000,0.05,0.25,0.15,0.1,0.0,0.0,0.0,1094.0,0.7084,-0.0005,0.0,0.0351,-0.0395,-0.0027,0.1755,0.0,0.0,0.0,0.175000000745058,no_change,2026-08-19T09:30:02,0.0,0.0
SPX,2026-09-18,28,Call,4100.0,SPX260918C04100000,3568.3,3591.6,3579.95,0.0,0.0,0.0,0.0,0.0,0.8252,0.9994,0.0,0.0359,-0.04,3.133,3577.9539,0.0,0.0,0.0,3557.34997558594,no_change,,0.0,0.0
SPXW,2026-09-18,28,Call,4100.0,SPXW260918C04100000,3567.7,3591.7,3579.7,0.0,0.0,0.0,0.0,0.0,0.8011,0.9994,0.0,0.0349,-0.0381,3.1331,3577.6826,0.0,0.0,0.0,3558.25,no_change,,0.0,0.0
SPX,2026-09-18,28,Put,4100.0,SPX260918P04100000,0.05,0.25,0.15,0.18,0.0,0.0,0.0,4589.0,0.7019,-0.0005,0.0,0.0359,-0.0401,-0.0027,0.1787,0.0,0.0,0.0,0.175000000745058,up,2026-08-20T11:01:10,0.0,0.0
SPXW,2026-09-18,28,Put,4100.0,SPXW260918P04100000,0.15,0.2,0.175,0.2,0.0,0.0,0.0,1208.0,0.6985,-0.0004,0.0,0.0351,-0.0384,-0.0027,0.1722,0.0,0.0,0.0,0.200000002980232,no_change,2026-08-14T15:30:56,0.0,0.0
SPX,2026-09-18,28,Call,4125.0,SPX260918C04125000,3547.7,3566.7,3557.2,0.0,0.0,0.0,0.0,0.0,0.8111,0.9994,0.0,0.0368,-0.0407,3.1521,3553.0408,0.0,0.0,0.0,3532.5,no_change,,0.0,0.0
SPX,2026-09-18,28,Put,4125.0,SPX260918P04125000,0.05,0.25,0.15,0.15,0.0,0.0,0.0,1017.0,0.6955,-0.0005,0.0,0.0368,-0.0407,-0.0028,0.182,0.0,0.0,0.0,0.200000006705523,no_change,2026-08-19T09:30:02,0.0,0.0
SPX,2026-09-18,28,Call,4150.0,SPX260918C04150000,3518.5,3541.7,3530.1,2481.33,0.0,0.0,0.0,2.0,0.8051,0.9994,0.0,0.0376,-0.0413,3.1711,3528.1278,0.0,0.0,0.0,3506.75,down,2026-03-20T10:59:02,0.0,0.0
SPX,2026-09-18,28,Put,4150.0,SPX260918P04150000,0.1,0.25,0.175,0.15,0.0,0.0,0.0,1346.0,0.6891,-0.0005,0.0,0.0376,-0.0414,-0.0029,0.1855,0.0,0.0,0.0,0.200000006705523,no_change,2026-08-19T09:30:02,0.0,0.0
SPX,2026-09-18,28,Call,4175.0,SPX260918C04175000,3493.6,3516.8,3505.2,0.0,0.0,0.0,0.0,0.0,0.799,0.9993,0.0,0.0385,-0.042,3.1901,3503.2151,0.0,0.0,0.0,3482.69995117188,no_change,,0.0,0.0
SPX,2026-09-18,28,Put,4175.0,SPX260918P04175000,0.1,0.25,0.175,0.15,0.0,0.0,0.0,1017.0,0.6906,-0.0005,0.0,0.0386,-0.042,-0.003,0.1892,0.0,0.0,0.0,0.200000006705523,no_change,2026-08-19T09:30:02,0.0,0.0
SPX,2026-09-18,28,Call,4200.0,SPX260918C04200000,3468.6,3491.9,3480.25,3388.08,0.0,0.0,0.0,2.0,0.793,0.9993,0.0,0.0395,-0.0428,3.2092,3478.3025,0.0,0.0,0.0,3457.75,up,2026-07-16T10:33:21,0.0,0.0
SPXW,2026-09-18,28,Call,4200.0,SPXW260918C04200000,3468.0,3492.0,3480.0,3419.86,0.0,0.0,0.0,1.0,0.7691,0.9993,0.0,0.0386,-0.0409,3.2092,3478.0318,0.0,0.0,0.0,3458.35009765625,up,2026-05-29T10:53:07,0.0,0.0
SPX,2026-09-18,28,Put,4200.0,SPX260918P04200000,0.1,0.25,0.175,0.25,0.0,0.0,0.0,5381.0,0.6912,-0.0005,0.0,0.0395,-0.0428,-0.003,0.1931,0.0,0.0,0.0,0.200000006705523,no_change,2026-08-20T09:31:20,0.0,0.0
SPXW,2026-09-18,28,Put,4200.0,SPXW260918P04200000,0.1,0.25,0.175,0.2,-0.025,-11.1111,29.0,1171.0,0.6809,-0.0005,0.0,0.0388,-0.0412,-0.003,0.1871,0.2,0.2,0.2,0.225000008940697,no_change,2026-08-21T12:54:29,0.0,0.0
SPX,2026-09-18,28,Call,4225.0,SPX260918C04225000,3446.5,3467.0,3456.75,0.0,0.0,0.0,0.0,0.0,0.787,0.9993,0.0,0.0405,-0.0435,3.2282,3453.3902,0.0,0.0,0.0,3433.0,no_change,,0.0,0.0
SPX,2026-09-18,28,Put,4225.0,SPX260918P04225000,0.1,0.25,0.175,0.25,0.0,0.0,0.0,812.0,0.6848,-0.0005,0.0,0.0405,-0.0435,-0.0031,0.1971,0.0,0.0,0.0,0.225000008940697,up,2026-08-20T10:03:54,0.0,0.0
SPX,2026-09-18,28,Call,4250.0,SPX260918C04250000,3418.8,3442.1,3430.45,2523.38,0.0,0.0,0.0,0.0,0.781,0.9993,0.0,0.0415,-0.0443,3.2472,3428.478,0.0,0.0,0.0,3408.40002441406,up,2025-09-16T14:39:49,0.0,0.0
SPX,2026-09-18,28,Put,4250.0,SPX260918P04250000,0.1,0.3,0.2,0.15,0.0,0.0,0.0,1641.0,0.6784,-0.0006,0.0,0.0415,-0.0443,-0.0032,0.2014,0.0,0.0,0.0,0.225000008940697,no_change,2026-08-19T09:30:02,0.0,0.0
SPX,2026-09-18,28,Call,4275.0,SPX260918C04275000,3393.9,3417.2,3405.55,2391.93,0.0,0.0,0.0,3.0,0.775,0.9993,0.0,0.0426,-0.0452,3.2662,3403.5661,0.0,0.0,0.0,3382.95007324219,up,2026-03-24T10:57:57,0.0,0.0
SPX,2026-09-18,28,Put,4275.0,SPX260918P04275000,0.1,0.3,0.2,0.15,0.0,0.0,0.0,899.0,0.672,-0.0006,0.0,0.0426,-0.0452,-0.0033,0.2059,0.0,0.0,0.0,0.25,no_change,2026-08-19T09:30:02,0.0,0.0
SPX,2026-09-18,28,Call,4300.0,SPX260918C04300000,3372.6,3392.3,3382.45,3465.92,0.0,0.0,0.0,21.0,0.7616,0.9993,0.0,0.0438,-0.046,3.2852,3378.6544,0.0,0.0,0.0,3358.84997558594,up,2026-08-11T10:34:33,0.0,0.0
SPXW,2026-09-18,28,Call,4300.0,SPXW260918C04300000,3368.4,3392.3,3380.3500000000004,0.0,0.0,0.0,0.0,0.0,0.7379,0.9993,0.0,0.043,-0.0443,3.2852,3378.3844,0.0,0.0,0.0,3359.0,no_change,,0.0,0.0
SPX,2026-09-18,28,Put,4300.0,SPX260918P04300000,0.2,0.3,0.25,0.2,0.0,0.0,0.0,4249.0,0.6657,-0.0006,0.0,0.0438,-0.046,-0.0034,0.2107,0.0,0.0,0.0,0.25,up,2026-08-19T09:33:39,0.0,0.0
SPXW,2026-09-18,28,Put,4300.0,SPXW260918P04300000,0.15,0.25,0.2,0.27,0.0,0.0,0.0,648.0,0.6686,-0.0006,0.0,0.0432,-0.0446,-0.0033,0.2054,0.0,0.0,0.0,0.250000007450581,up,2026-08-18T12:00:29,0.0,0.0
SPX,2026-09-18,28,Call,4325.0,SPX260918C04325000,3343.4,3367.2,3355.3,0.0,0.0,0.0,0.0,0.0,0.7558,0.9992,0.0,0.045,-0.0469,3.3042,3353.743,0.0,0.0,0.0,3333.94995117188,no_change,,0.0,0.0
SPX,2026-09-18,28,Put,4325.0,SPX260918P04325000,0.15,0.3,0.22499999999999998,0.2,0.0,0.0,0.0,1030.0,0.6655,-0.0006,0.0,0.045,-0.047,-0.0035,0.2157,0.0,0.0,0.0,0.25,no_change,2026-08-19T09:30:02,0.0,0.0
SPX,2026-09-18,28,Call,4350.0,SPX260918C04350000,3319.2,3342.4,3330.8,0.0,0.0,0.0,0.0,0.0,0.7499,0.9992,0.0,0.0462,-0.0479,3.3232,3328.8318,0.0,0.0,0.0,3308.19995117188,no_change,,0.0,0.0
SPX,2026-09-18,28,Put,4350.0,SPX260918P04350000,0.15,0.3,0.22499999999999998,0.2,-0.05,-20.0,6.0,2240.0,0.6592,-0.0006,0.0,0.0463,-0.0479,-0.0036,0.2209,0.15,0.2,0.15,0.25,up,2026-08-21T13:51:25,0.0,0.0
SPX,2026-09-18,28,Call,4375.0,SPX260918C04375000,3294.2,3317.5,3305.85,0.0,0.0,0.0,0.0,0.0,0.7441,0.9992,0.0,0.0476,-0.0489,3.3422,3303.9209,0.0,0.0,0.0,3283.30004882812,no_change,,0.0,0.0
SPX,2026-09-18,28,Put,4375.0,SPX260918P04375000,0.15,0.3,0.22499999999999998,0.2,0.0,0.0,0.0,1092.0,0.6529,-0.0006,0.0,0.0476,-0.0489,-0.0037,0.2264,0.0,0.0,0.0,0.274999998509884,no_change,2026-08-19T09:30:02,0.0,0.0
SPX,2026-09-18,28,Call,4400.0,SPX260918C04400000,3271.7,3292.6,3282.1499999999996,3127.74,0.0,0.0,0.0,364.0,0.7382,0.9992,0.0,0.049,-0.05,3.3612,3279.0103,0.0,0.0,0.0,3258.79992675781,up,2026-07-22T09:58:03,0.0,0.0
SPXW,2026-09-18,28,Call,4400.0,SPXW260918C04400000,3268.7,3292.7,3280.7,0.0,0.0,0.0,0.0,0.0,0.7164,0.9992,0.0,0.0483,-0.0484,3.3612,3278.7412,0.0,0.0,0.0,3259.30004882812,no_change,,0.0,0.0
SPX,2026-09-18,28,Put,4400.0,SPX260918P04400000,0.15,0.35,0.25,0.2,0.0,0.0,0.0,7890.0,0.6521,-0.0006,0.0,0.049,-0.05,-0.0038,0.2323,0.0,0.0,0.0,0.274999998509884,no_change,2026-08-19T09:30:02,0.0,0.0
SPXW,2026-09-18,28,Put,4400.0,SPXW260918P04400000,0.2,0.3,0.25,0.3,0.0,0.0,0.0,1181.0,0.649,-0.0006,0.0,0.0485,-0.0487,-0.0038,0.2279,0.0,0.0,0.0,0.299999997019768,up,2026-08-20T15:06:47,0.0,0.0
SPX,2026-09-18,28,Call,4425.0,SPX260918C04425000,3244.0,3267.7,3255.85,0.0,0.0,0.0,0.0,0.0,0.7324,0.9992,0.0,0.0504,-0.0511,3.3802,3254.1,0.0,0.0,0.0,3233.90002441406,no_change,,0.0,0.0
SPX,2026-09-18,28,Put,4425.0,SPX260918P04425000,0.15,0.35,0.25,0.3,0.0,0.0,0.0,875.0,0.6459,-0.0007,0.0,0.0505,-0.0511,-0.0039,0.2384,0.0,0.0,0.0,0.300000004470348,up,2026-08-19T15:59:55,0.0,0.0
SPX,2026-09-18,28,Call,4450.0,SPX260918C04450000,3218.9,3242.8,3230.8500000000004,3020.65,0.0,0.0,0.0,320.0,0.7266,0.9992,0.0,0.052,-0.0523,3.3991,3229.19,0.0,0.0,0.0,3209.10009765625,up,2026-07-20T16:01:35,0.0,0.0
SPX,2026-09-18,28,Put,4450.0,SPX260918P04450000,0.15,0.35,0.25,0.15,-0.15,-50.0,1.0,2374.0,0.6397,-0.0007,0.0,0.052,-0.0523,-0.0041,0.2448,0.15,0.15,0.15,0.300000004470348,down,2026-08-21T15:59:55,0.0,0.0
SPX,2026-09-18,28,Call,4475.0,SPX260918C04475000,3194.6,3217.9,3206.25,0.0,0.0,0.0,0.0,0.0,0.7208,0.9991,0.0,0.0536,-0.0535,3.4181,3204.2804,0.0,0.0,0.0,3184.40002441406,no_change,,0.0,0.0
SPX,2026-09-18,28,Put,4475.0,SPX260918P04475000,0.2,0.35,0.275,0.2,-0.1,-33.3333,1.0,1523.0,0.6335,-0.0007,0.0,0.0536,-0.0535,-0.0042,0.2516,0.2,0.2,0.2,0.300000004470348,down,2026-08-21T15:59:55,0.0,0.0
SPX,2026-09-18,28,Call,4500.0,SPX260918C04500000,3169.0,3193.0,3181.0,3038.41,0.0,0.0,0.0,78.0,0.7082,0.9991,0.0,0.0553,-0.0548,3.437,3179.3711,0.0,0.0,0.0,3159.44995117188,down,2026-07-16T15:31:29,0.0,0.0
SPXW,2026-09-18,28,Call,4500.0,SPXW260918C04500000,3169.1,3193.0,3181.05,3212.92,0.0,0.0,0.0,3.0,0.6865,0.9991,0.0,0.0549,-0.0534,3.4371,3179.1032,0.0,0.0,0.0,3159.65002441406,down,2026-08-18T10:00:48,0.0,0.0
SPX,2026-09-18,28,Put,4500.0,SPX260918P04500000,0.2,0.35,0.275,0.3,-0.025,-7.69231,5.0,8413.0,0.6322,-0.0007,0.0,0.0553,-0.0548,-0.0043,0.2588,0.3,0.3,0.3,0.325000002980232,up,2026-08-21T10:53:34,0.0,0.0
SPXW,2026-09-18,28,Put,4500.0,SPXW260918P04500000,0.2,0.35,0.275,0.2,-0.15,-42.8571,8.0,947.0,0.6291,-0.0007,0.0,0.0551,-0.0537,-0.0043,0.2556,0.25,0.25,0.2,0.350000008940697,no_change,2026-08-21T15:59:50,0.0,0.0
SPX,2026-09-18,28,Call,4525.0,SPX260918C04525000,3144.4,3168.0,3156.2,0.0,0.0,0.0,0.0,0.0,0.7025,0.9991,0.0,0.0571,-0.0561,3.456,3154.4622,0.0,0.0,0.0,3134.29992675781,no_change,,0.0,0.0
SPX,2026-09-18,28,Put,4525.0,SPX260918P04525000,0.2,0.35,0.275,0.25,0.0,0.0,0.0,1258.0,0.6305,-0.0008,0.0,0.0571,-0.0561,-0.0045,0.2663,0.0,0.0,0.0,0.325000002980232,down,2026-08-20T15:59:55,0.0,0.0
SPX,2026-09-18,28,Call,4550.0,SPX260918C04550000,3119.8,3143.1,3131.45,1703.05,0.0,0.0,0.0,1.0,0.6969,0.999,0.0,0.059,-0.0575,3.4749,3129.5537,0.0,0.0,0.0,3108.84997558594,up,2025-06-03T12:51:34,0.0,0.0
SPX,2026-09-18,28,Put,4550.0,SPX260918P04550000,0.2,0.4,0.30000000000000004,0.25,0.0,0.0,0.0,1189.0,0.6243,-0.0008,0.0,0.0589,-0.0575,-0.0046,0.2739,0.0,0.0,0.0,0.349999994039536,down,2026-08-20T15:59:55,0.0,0.0
SPX,2026-09-18,28,Call,4575.0,SPX260918C04575000,3099.1,3118.2,3108.6499999999996,0.0,0.0,0.0,0.0,0.0,0.6912,0.999,0.0,0.061,-0.059,3.4939,3104.6456,0.0,0.0,0.0,3084.55004882812,no_change,,0.0,0.0
SPX,2026-09-18,28,Put,4575.0,SPX260918P04575000,0.2,0.4,0.30000000000000004,0.25,0.0,0.0,0.0,1241.0,0.6182,-0.0008,0.0,0.0609,-0.0589,-0.0048,0.2823,0.0,0.0,0.0,0.349999994039536,no_change,2026-08-20T15:59:55,0.0,0.0
SPX,2026-09-18,28,Call,4600.0,SPX260918C04600000,3070.0,3093.3,3081.65,3083.28,24.23,0.792074,1.0,24.0,0.6855,0.999,0.0,0.063,-0.0605,3.5128,3079.738,3083.28,3083.28,3083.28,3059.05004882812,down,2026-08-21T11:16:46,0.0,0.0
SPXW,2026-09-18,28,Call,4600.0,SPXW260918C04600000,3069.4,3093.4,3081.4,3086.18,26.0799,0.852257,2.0,2.0,0.6655,0.999,0.0,0.0628,-0.0594,3.5128,3079.4715,3086.15,3086.18,3086.15,3060.10009765625,up,2026-08-21T15:27:54,0.0,0.0
SPX,2026-09-18,28,Put,4600.0,SPX260918P04600000,0.25,0.4,0.325,0.32,-0.055,-14.6667,1.0,3845.0,0.62,-0.0008,0.0,0.063,-0.0605,-0.005,0.2911,0.32,0.32,0.32,0.375,up,2026-08-21T11:16:46,0.0,0.0
SPXW,2026-09-18,28,Put,4600.0,SPXW260918P04600000,0.25,0.4,0.325,0.45,0.0,0.0,0.0,509.0,0.6132,-0.0008,0.0,0.063,-0.0596,-0.005,0.2896,0.0,0.0,0.0,0.375,down,2026-08-13T11:29:11,0.0,0.0
SPX,2026-09-18,28,Call,4625.0,SPX260918C04625000,3047.7,3068.4,3058.05,0.0,0.0,0.0,0.0,0.0,0.6799,0.999,0.0,0.0651,-0.0622,3.5317,3054.8308,0.0,0.0,0.0,3034.75,no_change,,0.0,0.0
SPX,2026-09-18,28,Put,4625.0,SPX260918P04625000,0.25,0.4,0.325,0.25,-0.15,-37.5,1.0,1137.0,0.6138,-0.0009,0.0,0.0651,-0.0621,-0.0052,0.3003,0.25,0.25,0.25,0.400000005960464,down,2026-08-21T15:59:55,0.0,0.0
SPX,2026-09-18,28,Call,4650.0,SPX260918C04650000,3020.2,3043.5,3031.85,0.0,0.0,0.0,0.0,0.0,0.6742,0.9989,0.0,0.0674,-0.0638,3.5506,3029.9241,0.0,0.0,0.0,3010.5,no_change,,0.0,0.0
SPX,2026-09-18,28,Put,4650.0,SPX260918P04650000,0.25,0.45,0.35,0.4,0.0,-1.49012e-06,190.0,2970.0,0.6077,-0.0009,0.0,0.0673,-0.0638,-0.0054,0.3101,0.4,0.4,0.4,0.400000005960464,no_change,2026-08-21T11:02:43,0.0,0.0
SPX,2026-09-18,28,Call,4675.0,SPX260918C04675000,2994.7,3018.6,3006.6499999999996,0.0,0.0,0.0,0.0,0.0,0.6685,0.9989,0.0,0.0697,-0.0656,3.5695,3005.0178,0.0,0.0,0.0,2984.5,no_change,,0.0,0.0
SPX,2026-09-18,28,Put,4675.0,SPX260918P04675000,0.25,0.45,0.35,0.3,0.0,0.0,0.0,1291.0,0.6017,-0.001,0.0,0.0697,-0.0656,-0.0056,0.3203,0.0,0.0,0.0,0.400000005960464,down,2026-08-19T15:56:48,0.0,0.0
SPX,2026-09-18,28,Call,4700.0,SPX260918C04700000,2970.4,2993.7,2982.05,2816.53,0.0,0.0,0.0,2.0,0.6629,0.9988,0.0,0.0721,-0.0674,3.5884,2980.1122,0.0,0.0,0.0,2960.05004882812,up,2026-06-22T11:29:50,0.0,0.0
SPXW,2026-09-18,28,Call,4700.0,SPXW260918C04700000,2969.8,2993.8,2981.8,0.0,0.0,0.0,0.0,0.0,0.6444,0.9989,0.0,0.0723,-0.0666,3.5884,2979.8475,0.0,0.0,0.0,2960.35009765625,no_change,,0.0,0.0
SPX,2026-09-18,28,Put,4700.0,SPX260918P04700000,0.3,0.45,0.375,0.4,-0.025,-5.88235,300.0,3969.0,0.5991,-0.001,0.0,0.0721,-0.0674,-0.0058,0.3311,0.4,0.4,0.4,0.424999997019768,up,2026-08-21T15:29:39,0.0,0.0
SPXW,2026-09-18,28,Put,4700.0,SPXW260918P04700000,0.3,0.4,0.35,0.43,0.0,0.0,0.0,317.0,0.5962,-0.001,0.0,0.0725,-0.0668,-0.0058,0.3313,0.0,0.0,0.0,0.450000002980232,no_change,2026-08-14T12:03:16,0.0,0.0
SPX,2026-09-18,28,Call,4725.0,SPX260918C04725000,2945.5,2968.8,2957.15,2835.67,0.0,0.0,0.0,1.0,0.6572,0.9988,0.0,0.0746,-0.0694,3.6073,2955.207,0.0,0.0,0.0,2934.79992675781,down,2026-06-17T13:59:22,0.0,0.0
SPX,2026-09-18,28,Put,4725.0,SPX260918P04725000,0.3,0.45,0.375,0.35,0.0,0.0,0.0,969.0,0.5964,-0.001,0.0,0.0746,-0.0694,-0.006,0.3424,0.0,0.0,0.0,0.450000002980232,no_change,2026-08-20T15:59:55,0.0,0.0
SPX,2026-09-18,28,Call,4750.0,SPX260918C04750000,2919.9,2943.9,2931.9,0.0,0.0,0.0,0.0,0.0,0.6457,0.9988,0.0,0.0773,-0.0714,3.6262,2930.3024,0.0,0.0,0.0,2909.84997558594,no_change,,0.0,0.0
SPX,2026-09-18,28,Put,4750.0,SPX260918P04750000,0.3,0.5,0.4,0.45,0.0,-6.62274e-07,165.0,5424.0,0.5903,-0.0011,0.0,0.0773,-0.0714,-0.0062,0.3542,0.45,0.45,0.45,0.450000002980232,no_change,2026-08-21T11:02:52,0.0,0.0
SPX,2026-09-18,28,Call,4775.0,SPX260918C04775000,2895.0,2918.9,2906.95,0.0,0.0,0.0,0.0,0.0,0.6402,0.9987,0.0,0.0801,-0.0735,3.645,2905.3983,0.0,0.0,0.0,2885.0,no_change,,0.0,0.0
SPX,2026-09-18,28,Put,4775.0,SPX260918P04775000,0.3,0.5,0.4,0.45,0.0,0.0,0.0,1547.0,0.5843,-0.0011,0.0,0.0801,-0.0735,-0.0065,0.3666,0.0,0.0,0.0,0.475000008940697,no_change,2026-08-20T15:55:04,0.0,0.0
SPX,2026-09-18,28,Call,4800.0,SPX260918C04800000,2870.7,2894.0,2882.35,2711.81,0.0,0.0,0.0,406.0,0.6347,0.9987,0.0,0.083,-0.0756,3.6639,2880.4949,0.0,0.0,0.0,2860.30004882812,no_change,2026-07-20T12:06:38,0.0,0.0
SPXW,2026-09-18,28,Call,4800.0,SPXW260918C04800000,2870.1,2894.1,2882.1,0.0,0.0,0.0,0.0,0.0,0.6164,0.9987,0.0,0.0836,-0.0751,3.6638,2880.2324,0.0,0.0,0.0,2860.94995117188,no_change,,0.0,0.0
SPX,2026-09-18,28,Put,4800.0,SPX260918P04800000,0.35,0.5,0.425,0.35,-0.15,-30.0,47.0,4411.0,0.5783,-0.0012,0.0,0.083,-0.0756,-0.0067,0.3797,0.35,0.35,0.35,0.500000014901161,no_change,2026-08-21T15:47:12,0.0,0.0
SPXW,2026-09-18,28,Put,4800.0,SPXW260918P04800000,0.35,0.45,0.4,0.5,0.0,0.0,0.0,284.0,0.5786,-0.0012,0.0,0.0838,-0.0753,-0.0068,0.3819,0.0,0.0,0.0,0.5,up,2026-08-20T15:45:18,0.0,0.0
SPX,2026-09-18,28,Call,4825.0,SPX260918C04825000,2846.3,2869.1,2857.7,2121.44,0.0,0.0,0.0,1.0,0.6291,0.9986,0.0,0.0861,-0.0779,3.6827,2855.5921,0.0,0.0,0.0,2835.25,up,2025-10-06T14:52:58,0.0,0.0
SPX,2026-09-18,28,Put,4825.0,SPX260918P04825000,0.35,0.5,0.425,0.35,-0.15,-30.0,1.0,1191.0,0.5783,-0.0012,0.0,0.0861,-0.0779,-0.007,0.3933,0.35,0.35,0.35,0.500000014901161,down,2026-08-21T15:59:55,0.0,0.0
SPX,2026-09-18,28,Call,4850.0,SPX260918C04850000,2820.3,2844.2,2832.25,2662.41,0.0,0.0,0.0,330.0,0.6236,0.9986,0.0,0.0893,-0.0803,3.7015,2830.6899,0.0,0.0,0.0,2810.34997558594,no_change,2026-07-20T12:06:38,0.0,0.0
SPX,2026-09-18,28,Put,4850.0,SPX260918P04850000,0.35,0.55,0.45,0.35,-0.175,-33.3333,3.0,3760.0,0.5723,-0.0012,0.0,0.0893,-0.0803,-0.0073,0.4076,0.45,0.45,0.35,0.525000005960464,down,2026-08-21T15:59:55,0.0,0.0
SPX,2026-09-18,28,Call,4875.0,SPX260918C04875000,2796.0,2819.3,2807.65,2724.84,0.0,0.0,0.0,34.0,0.6181,0.9986,0.0,0.0927,-0.0827,3.7203,2805.7883,0.0,0.0,0.0,2785.44995117188,down,2026-07-15T10:04:35,0.0,0.0
SPX,2026-09-18,28,Put,4875.0,SPX260918P04875000,0.35,0.55,0.45,0.4,-0.15,-27.2727,1.0,1604.0,0.5663,-0.0013,0.0,0.0927,-0.0828,-0.0076,0.4226,0.4,0.4,0.4,0.549999982118607,no_change,2026-08-21T15:59:55,0.0,0.0
SPX,2026-09-18,28,Call,4900.0,SPX260918C04900000,2770.5,2793.0,2781.75,2497.0,0.0,0.0,0.0,9.0,0.6126,0.9985,0.0,0.0962,-0.0853,3.7391,2780.8875,0.0,0.0,0.0,2760.69995117188,up,2026-05-07T15:44:54,0.0,0.0
SPXW,2026-09-18,28,Call,4900.0,SPXW260918C04900000,2770.5,2794.5,2782.5,0.0,0.0,0.0,0.0,0.0,0.5957,0.9985,0.0,0.0973,-0.085,3.739,2780.6276,0.0,0.0,0.0,2761.34997558594,no_change,,0.0,0.0
SPX,2026-09-18,28,Put,4900.0,SPX260918P04900000,0.4,0.55,0.47500000000000003,0.4,-0.175,-30.4348,2.0,4519.0,0.5657,-0.0014,0.0,0.0963,-0.0853,-0.0079,0.4382,0.45,0.45,0.4,0.574999988079071,down,2026-08-21T15:59:55,0.0,0.0
SPXW,2026-09-18,28,Put,4900.0,SPXW260918P04900000,0.4,0.55,0.47500000000000003,0.55,-0.025,-4.34782,8.0,330.0,0.5604,-0.0014,0.0,0.0975,-0.0852,-0.008,0.4428,0.5,0.55,0.5,0.574999988079071,up,2026-08-21T10:18:04,0.0,0.0
SPX,2026-09-18,28,Call,4925.0,SPX260918C04925000,2745.6,2769.5,2757.55,1911.4,0.0,0.0,0.0,3.0,0.6071,0.9984,0.0,0.0999,-0.0879,3.7579,2755.9874,0.0,0.0,0.0,2735.69995117188,no_change,2026-03-17T12:38:04,0.0,0.0
SPX,2026-09-18,28,Put,4925.0,SPX260918P04925000,0.4,0.6,0.5,0.4,-0.2,-33.3333,1.0,956.0,0.5597,-0.0014,0.0,0.1,-0.088,-0.0082,0.4546,0.4,0.4,0.4,0.599999994039536,down,2026-08-21T15:59:55,0.0,0.0
SPX,2026-09-18,28,Call,4950.0,SPX260918C04950000,2721.8,2744.6,2733.2,2527.64,0.0,0.0,0.0,157.0,0.6016,0.9984,0.0,0.1038,-0.0907,3.7766,2731.0881,0.0,0.0,0.0,2710.90002441406,down,2026-07-20T14:58:12,0.0,0.0
SPXW,2026-09-18,28,Call,4950.0,SPXW260918C04950000,2720.7,2744.7,2732.7,2713.61,0.0,0.0,0.0,19.0,0.5854,0.9984,0.0,0.1052,-0.0906,3.7765,2730.8296,0.0,0.0,0.0,2711.70007324219,down,2026-08-20T15:41:11,0.0,0.0
SPX,2026-09-18,28,Put,4950.0,SPX260918P04950000,0.4,0.6,0.5,0.45,-0.15,-25.0,1.0,1640.0,0.5538,-0.0015,0.0,0.1039,-0.0907,-0.0086,0.4717,0.45,0.45,0.45,0.599999994039536,down,2026-08-21T15:59:55,0.0,0.0
SPXW,2026-09-18,28,Put,4950.0,SPXW260918P04950000,0.45,0.55,0.5,0.5,0.0,0.0,0.0,119.0,0.5511,-0.0015,0.0,0.1054,-0.0908,-0.0087,0.4776,0.0,0.0,0.0,0.625,no_change,2026-08-19T15:34:38,0.0,0.0
SPX,2026-09-18,28,Call,4975.0,SPX260918C04975000,2696.5,2719.7,2708.1,1893.83,0.0,0.0,0.0,1.0,0.5961,0.9983,0.0,0.1078,-0.0935,3.7954,2706.1895,0.0,0.0,0.0,2686.04992675781,up,2025-11-17T15:48:18,0.0,0.0
SPX,2026-09-18,28,Put,4975.0,SPX260918P04975000,0.45,0.6,0.525,0.5,-0.125,-20.0,1.0,1619.0,0.5526,-0.0015,0.0,0.1079,-0.0936,-0.0089,0.4896,0.5,0.5,0.5,0.625,down,2026-08-21T12:54:59,0.0,0.0
SPX,2026-09-18,28,Call,5000.0,SPX260918C05000000,2678.4,2687.8,2683.1000000000004,2725.84,0.0,0.0,0.0,39457.0,0.5827,0.9982,0.0,0.112,-0.0965,3.8141,2681.2918,0.0,0.0,0.0,2661.0,down,2026-08-19T13:48:25,0.0,0.0
SPXW,2026-09-18,28,Call,5000.0,SPXW260918C05000000,2670.9,2694.9,2682.9,2664.05,0.0,0.0,0.0,205.0,0.575,0.9982,0.0,0.1137,-0.0966,3.8139,2681.0349,0.0,0.0,0.0,2661.84997558594,down,2026-08-20T15:41:11,0.0,0.0
SPX,2026-09-18,28,Put,5000.0,SPX260918P05000000,0.5,0.65,0.575,0.56,-0.09,-13.8462,400.0,53796.0,0.5444,-0.0016,0.0,0.1121,-0.0965,-0.0093,0.5083,0.56,0.56,0.56,0.650000005960464,no_change,2026-08-21T14:49:33,0.0,0.0
SPXW,2026-09-18,28,Put,5000.0,SPXW260918P05000000,0.5,0.6,0.55,0.6,-0.075,-11.1111,5.0,715.0,0.5441,-0.0016,0.0,0.1139,-0.0968,-0.0094,0.5156,0.55,0.6,0.55,0.675000011920929,no_change,2026-08-21T12:20:49,0.0,0.0
SPX,2026-09-18,28,Call,5025.0,SPX260918C05025000,2646.6,2669.9,2658.25,2740.44,0.0,0.0,0.0,1.0,0.5851,0.9982,0.0,0.1164,-0.0996,3.8328,2656.3948,0.0,0.0,0.0,2636.65002441406,up,2026-08-17T13:58:06,0.0,0.0
SPX,2026-09-18,28,Put,5025.0,SPX260918P05025000,0.45,0.65,0.55,0.7,0.0,0.0,0.0,868.0,0.5409,-0.0017,0.0,0.1165,-0.0996,-0.0097,0.5279,0.0,0.0,0.0,0.675000011920929,up,2026-08-20T15:59:40,0.0,0.0
SPX,2026-09-18,28,Call,5050.0,SPX260918C05050000,2621.1,2644.9,2633.0,2535.49,0.0,0.0,0.0,91.0,0.5797,0.9981,0.0,0.1209,-0.1027,3.8515,2631.4988,0.0,0.0,0.0,2611.25,down,2026-06-16T14:44:58,0.0,0.0
SPXW,2026-09-18,28,Call,5050.0,SPXW260918C05050000,2621.1,2645.1,2633.1,0.0,0.0,0.0,0.0,0.0,0.5646,0.9981,0.0,0.1229,-0.103,3.8513,2631.2435,0.0,0.0,0.0,2612.05004882812,no_change,,0.0,0.0
SPX,2026-09-18,28,Put,5050.0,SPX260918P05050000,0.5,0.65,0.575,0.7,0.0,0.0,0.0,2096.0,0.5393,-0.0017,0.0,0.121,-0.1028,-0.0101,0.5483,0.0,0.0,0.0,0.724999994039536,no_change,2026-08-20T15:55:12,0.0,0.0
SPXW,2026-09-18,28,Put,5050.0,SPXW260918P05050000,0.5,0.65,0.575,0.65,0.0,0.0,0.0,334.0,0.5367,-0.0018,0.0,0.1231,-0.1032,-0.0103,0.5571,0.0,0.0,0.0,0.724999994039536,down,2026-08-20T16:00:04,0.0,0.0
SPX,2026-09-18,28,Call,5075.0,SPX260918C05075000,2596.8,2620.1,2608.45,0.0,0.0,0.0,0.0,0.0,0.5742,0.998,0.0,0.1256,-0.106,3.8701,2606.6036,0.0,0.0,0.0,2586.79992675781,no_change,,0.0,0.0
SPX,2026-09-18,28,Put,5075.0,SPX260918P05075000,0.5,0.7,0.6,0.5,-0.25,-33.3333,61.0,2136.0,0.5334,-0.0018,0.0,0.1257,-0.1061,-0.0106,0.5695,0.55,0.6,0.5,0.75,no_change,2026-08-21T15:59:59,0.0,0.0
SPX,2026-09-18,28,Call,5100.0,SPX260918C05100000,2571.3,2595.1,2583.2,1820.46,0.0,0.0,0.0,16.0,0.5687,0.998,0.0,0.1305,-0.1094,3.8888,2581.7093,0.0,0.0,0.0,2562.0,up,2026-04-09T14:11:49,0.0,0.0
SPXW,2026-09-18,28,Call,5100.0,SPXW260918C05100000,2571.3,2595.3,2583.3,0.0,0.0,0.0,0.0,0.0,0.5542,0.9979,0.0,0.1328,-0.1099,3.8886,2581.4558,0.0,0.0,0.0,2562.34997558594,no_change,,0.0,0.0
SPX,2026-09-18,28,Put,5100.0,SPX260918P05100000,0.55,0.7,0.625,0.62,-0.155,-20.0,100.0,9652.0,0.5315,-0.0019,0.0,0.1306,-0.1095,-0.011,0.5917,0.62,0.62,0.62,0.775000005960464,no_change,2026-08-21T16:04:53,0.0,0.0
SPXW,2026-09-18,28,Put,5100.0,SPXW260918P05100000,0.55,0.7,0.625,0.7,0.0,0.0,0.0,462.0,0.527,-0.0019,0.0,0.1329,-0.1101,-0.0112,0.6022,0.0,0.0,0.0,0.800000011920929,no_change,2026-08-20T15:59:30,0.0,0.0
SPX,2026-09-18,28,Call,5125.0,SPX260918C05125000,2546.8,2570.3,2558.55,0.0,0.0,0.0,0.0,0.0,0.5633,0.9979,0.0,0.1355,-0.1129,3.9074,2556.8159,0.0,0.0,0.0,2536.5,no_change,,0.0,0.0
SPX,2026-09-18,28,Put,5125.0,SPX260918P05125000,0.55,0.75,0.65,0.6,0.0,0.0,0.0,3301.0,0.5257,-0.002,0.0,0.1356,-0.113,-0.0115,0.6148,0.0,0.0,0.0,0.799999982118606,down,2026-08-19T15:58:36,0.0,0.0
SPX,2026-09-18,28,Call,5150.0,SPX260918C05150000,2522.1,2545.4,2533.75,2613.19,0.0,0.0,0.0,172.0,0.5578,0.9978,0.0,0.1408,-0.1166,3.926,2531.9235,0.0,0.0,0.0,2512.20007324219,no_change,2026-08-10T14:04:05,0.0,0.0
SPXW,2026-09-18,28,Call,5150.0,SPXW260918C05150000,2521.5,2545.5,2533.5,2550.88,38.23,1.5215,2.0,0.0,0.5437,0.9978,0.0,0.1434,-0.1173,3.9258,2531.6719,2550.88,2550.88,2550.88,2512.65002441406,up,2026-08-21T11:51:48,0.0,0.0
SPX,2026-09-18,28,Put,5150.0,SPX260918P05150000,0.6,0.75,0.675,0.67,-0.155,-18.7879,3.0,4991.0,0.5253,-0.002,0.0,0.1409,-0.1166,-0.012,0.6388,0.67,0.67,0.67,0.824999988079071,up,2026-08-21T14:37:26,0.0,0.0
SPXW,2026-09-18,28,Put,5150.0,SPXW260918P05150000,0.6,0.75,0.675,0.75,0.0,0.0,0.0,210.0,0.5192,-0.0021,0.0,0.1436,-0.1174,-0.0122,0.6511,0.0,0.0,0.0,0.849999994039536,down,2026-08-17T15:59:30,0.0,0.0
SPX,2026-09-18,28,Call,5175.0,SPX260918C05175000,2496.6,2520.5,2508.55,1675.83,0.0,0.0,0.0,3.0,0.5524,0.9977,0.0,0.1463,-0.1203,3.9446,2507.0321,0.0,0.0,0.0,2486.25,up,2025-11-18T16:00:10,0.0,0.0
SPX,2026-09-18,28,Put,5175.0,SPX260918P05175000,0.6,0.8,0.7,0.6,-0.25,-29.4118,1.0,1925.0,0.5177,-0.0021,0.0,0.1464,-0.1204,-0.0125,0.6639,0.6,0.6,0.6,0.849999994039536,down,2026-08-21T15:59:55,0.0,0.0
SPX,2026-09-18,28,Call,5200.0,SPX260918C05200000,2471.7,2494.2,2482.95,2578.13,0.0,0.0,0.0,156.0,0.5469,0.9976,0.0,0.152,-0.1242,3.9632,2482.1416,0.0,0.0,0.0,2461.40002441406,no_change,2026-08-10T11:59:47,0.0,0.0
SPXW,2026-09-18,28,Call,5200.0,SPXW260918C05200000,2471.7,2495.7,2483.7,0.0,0.0,0.0,0.0,0.0,0.5333,0.9976,0.0,0.1551,-0.1251,3.9629,2481.8919,0.0,0.0,0.0,2462.80004882812,no_change,,0.0,0.0
SPX,2026-09-18,28,Put,5200.0,SPX260918P05200000,0.6,0.8,0.7,0.7,-0.2,-22.2222,402.0,13142.0,0.5154,-0.0022,0.0,0.152,-0.1242,-0.013,0.6892,0.75,0.75,0.65,0.900000005960464,no_change,2026-08-21T16:05:27,0.0,0.0
SPXW,2026-09-18,28,Put,5200.0,SPXW260918P05200000,0.65,0.8,0.7250000000000001,0.65,-0.275,-29.7297,37.0,803.0,0.5111,-0.0023,0.0,0.1552,-0.1252,-0.0133,0.704,0.75,0.75,0.65,0.925000011920929,down,2026-08-21T15:59:50,0.0,0.0
SPX,2026-09-18,28,Call,5225.0,SPX260918C05225000,2446.8,2470.6,2458.7,0.0,0.0,0.0,0.0,0.0,0.5415,0.9975,0.0,0.158,-0.1282,3.9817,2457.2522,0.0,0.0,0.0,2436.65002441406,no_change,,0.0,0.0
SPX,2026-09-18,28,Put,5225.0,SPX260918P05225000,0.65,0.85,0.75,0.65,-0.3,-31.5789,2.0,1107.0,0.5094,-0.0023,0.0,0.1582,-0.1283,-0.0136,0.7169,0.65,0.65,0.65,0.949999988079071,no_change,2026-08-21T15:59:55,0.0,0.0
SPX,2026-09-18,28,Call,5250.0,SPX260918C05250000,2426.2,2445.8,2436.0,2368.08,0.0,0.0,0.0,5.0,0.5361,0.9974,0.0,0.1643,-0.1322,4.0002,2432.3638,0.0,0.0,0.0,2412.09997558594,up,2026-06-03T13:23:52,0.0,0.0
SPXW,2026-09-18,28,Call,5250.0,SPXW260918C05250000,2421.9,2445.9,2433.9,0.0,0.0,0.0,0.0,0.0,0.5229,0.9974,0.0,0.1678,-0.1334,3.9999,2432.1161,0.0,0.0,0.0,2413.15002441406,no_change,,0.0,0.0
SPX,2026-09-18,28,Put,5250.0,SPX260918P05250000,0.65,0.85,0.75,0.7,-0.275,-28.2051,2.0,4141.0,0.5069,-0.0024,0.0,0.1643,-0.1323,-0.0142,0.7442,0.7,0.7,0.7,0.974999964237213,no_change,2026-08-21T15:59:55,0.0,0.0
SPXW,2026-09-18,28,Put,5250.0,SPXW260918P05250000,0.7,0.85,0.7749999999999999,1.0,0.0,0.0,0.0,1486.0,0.5028,-0.0025,0.0,0.1679,-0.1335,-0.0144,0.7611,0.0,0.0,0.0,0.999999970197678,down,2026-08-18T09:44:44,0.0,0.0
SPX,2026-09-18,28,Call,5275.0,SPX260918C05275000,2397.7,2420.9,2409.3,0.0,0.0,0.0,0.0,0.0,0.5306,0.9973,0.0,0.1708,-0.1365,4.0187,2407.4765,0.0,0.0,0.0,2387.69995117188,no_change,,0.0,0.0
SPX,2026-09-18,28,Put,5275.0,SPX260918P05275000,0.7,0.9,0.8,0.7,-0.3,-30.0,47.0,3846.0,0.501,-0.0025,0.0,0.171,-0.1366,-0.0148,0.7742,0.75,0.75,0.7,1.0,no_change,2026-08-21T15:59:55,0.0,0.0
SPX,2026-09-18,28,Call,5300.0,SPX260918C05300000,2372.8,2396.0,2384.4,2458.83,0.0,0.0,0.0,2.0,0.5252,0.9972,0.0,0.1776,-0.1408,4.0371,2382.5904,0.0,0.0,0.0,2362.80004882812,up,2026-08-07T10:52:53,0.0,0.0
SPXW,2026-09-18,28,Call,5300.0,SPXW260918C05300000,2372.1,2396.1,2384.1,0.0,0.0,0.0,0.0,0.0,0.5125,0.9972,0.0,0.1815,-0.1421,4.0368,2382.3448,0.0,0.0,0.0,2363.44995117188,no_change,,0.0,0.0
SPX,2026-09-18,28,Put,5300.0,SPX260918P05300000,0.7,0.9,0.8,0.75,-0.3,-28.5714,3.0,13575.0,0.4968,-0.0026,0.0,0.1778,-0.1409,-0.0155,0.8044,0.85,0.85,0.75,1.04999998211861,no_change,2026-08-21T15:59:55,0.0,0.0
SPXW,2026-09-18,28,Put,5300.0,SPXW260918P05300000,0.75,0.9,0.825,0.9,-0.2,-18.1818,2.0,741.0,0.4958,-0.0027,0.0,0.1817,-0.1422,-0.0158,0.8226,0.9,0.9,0.9,1.09999996423721,no_change,2026-08-21T14:34:21,0.0,0.0
SPX,2026-09-18,28,Call,5325.0,SPX260918C05325000,2351.6,2371.1,2361.35,0.0,0.0,0.0,0.0,0.0,0.5198,0.9971,0.0,0.1847,-0.1453,4.0556,2357.7054,0.0,0.0,0.0,2337.55004882812,no_change,,0.0,0.0
SPX,2026-09-18,28,Put,5325.0,SPX260918P05325000,0.75,0.95,0.85,0.9,-0.175,-16.2791,1.0,2266.0,0.4924,-0.0028,0.0,0.1849,-0.1454,-0.0161,0.836,0.9,0.9,0.9,1.07499998807907,down,2026-08-21T15:55:01,0.0,0.0
SPX,2026-09-18,28,Call,5350.0,SPX260918C05350000,2323.0,2346.2,2334.6,2114.14,0.0,0.0,0.0,3.0,0.5144,0.997,0.0,0.192,-0.1499,4.074,2332.8216,0.0,0.0,0.0,2313.20007324219,no_change,2026-05-18T12:57:43,0.0,0.0
SPXW,2026-09-18,28,Call,5350.0,SPXW260918C05350000,2322.4,2346.3,2334.3500000000004,0.0,0.0,0.0,0.0,0.0,0.5064,0.9969,0.0,0.1962,-0.1514,4.0736,2332.5783,0.0,0.0,0.0,2313.60009765625,no_change,,0.0,0.0
SPX,2026-09-18,28,Put,5350.0,SPX260918P05350000,0.8,0.95,0.875,1.1,0.0,0.0,0.0,2632.0,0.4894,-0.0029,0.0,0.1922,-0.15,-0.0168,0.8686,0.0,0.0,0.0,1.125,no_change,2026-08-20T15:55:24,0.0,0.0
SPXW,2026-09-18,28,Put,5350.0,SPXW260918P05350000,0.85,0.95,0.8999999999999999,1.2,0.0,0.0,0.0,176.0,0.4871,-0.0029,0.0,0.1964,-0.1515,-0.0172,0.8889,0.0,0.0,0.0,1.17500001192093,up,2026-08-18T15:11:46,0.0,0.0
SPX,2026-09-18,28,Call,5375.0,SPX260918C05375000,2297.7,2321.4,2309.55,2182.39,0.0,0.0,0.0,3.0,0.5127,0.9968,0.0,0.1995,-0.1546,4.0923,2307.939,0.0,0.0,0.0,2288.09997558594,down,2026-07-13T14:40:03,0.0,0.0
SPX,2026-09-18,28,Put,5375.0,SPX260918P05375000,0.8,1.0,0.9,1.15,0.0,0.0,0.0,979.0,0.4836,-0.003,0.0,0.1997,-0.1547,-0.0176,0.9025,0.0,0.0,0.0,1.17500001192093,no_change,2026-08-20T15:59:05,0.0,0.0
SPX,2026-09-18,28,Call,5400.0,SPX260918C05400000,2272.6,2296.5,2284.55,2410.97,0.0,0.0,0.0,518.0,0.5072,0.9967,0.0,0.2073,-0.1595,4.1106,2283.0577,0.0,0.0,0.0,2263.0,up,2026-08-13T15:56:09,0.0,0.0
SPXW,2026-09-18,28,Call,5400.0,SPXW260918C05400000,2272.6,2296.6,2284.6,2309.87,0.0,0.0,0.0,1.0,0.4959,0.9967,0.0,0.2119,-0.1611,4.1102,2282.8168,0.0,0.0,0.0,2265.09997558594,down,2026-08-18T15:00:04,0.0,0.0
SPX,2026-09-18,28,Put,5400.0,SPX260918P05400000,0.85,1.05,0.95,0.92,-0.305,-24.898,100.0,6207.0,0.4805,-0.0031,0.0,0.2075,-0.1596,-0.0184,0.9377,0.92,0.92,0.92,1.22499996423721,down,2026-08-21T16:06:49,0.0,0.0
SPXW,2026-09-18,28,Put,5400.0,SPXW260918P05400000,0.9,1.0,0.95,1.05,-0.225,-17.6471,2.0,470.0,0.4795,-0.0032,0.0,0.2121,-0.1613,-0.0187,0.9603,1.05,1.05,1.05,1.27500003576279,no_change,2026-08-21T10:35:49,0.0,0.0
SPX,2026-09-18,28,Call,5425.0,SPX260918C05425000,2248.4,2271.6,2260.0,1353.98,0.0,0.0,0.0,1.0,0.5018,0.9966,0.0,0.2153,-0.1645,4.129,2258.1776,0.0,0.0,0.0,2238.25,down,2025-08-29T09:49:54,0.0,0.0
SPX,2026-09-18,28,Put,5425.0,SPX260918P05425000,0.9,1.05,0.9750000000000001,1.0,-0.275,-21.5686,54.0,1014.0,0.4773,-0.0033,0.0,0.2155,-0.1646,-0.0192,0.9741,1.0,1.0,1.0,1.27500003576279,no_change,2026-08-21T15:38:57,0.0,0.0
SPX,2026-09-18,28,Call,5450.0,SPX260918C05450000,2226.8,2246.7,2236.75,2132.25,0.0,0.0,0.0,5.0,0.4964,0.9964,0.0,0.2236,-0.1696,4.1472,2233.2989,0.0,0.0,0.0,2213.29992675781,up,2026-05-27T12:57:03,0.0,0.0
SPXW,2026-09-18,28,Call,5450.0,SPXW260918C05450000,2222.8,2246.8,2234.8,0.0,0.0,0.0,0.0,0.0,0.4853,0.9964,0.0,0.2286,-0.1714,4.1468,2233.0605,0.0,0.0,0.0,2214.40002441406,no_change,,0.0,0.0
SPX,2026-09-18,28,Put,5450.0,SPX260918P05450000,0.9,1.1,1.0,1.3,0.0,0.0,0.0,4436.0,0.4715,-0.0034,0.0,0.2238,-0.1697,-0.02,1.0118,0.0,0.0,0.0,1.32499998807907,no_change,2026-08-20T15:55:04,0.0,0.0
SPXW,2026-09-18,28,Put,5450.0,SPXW260918P05450000,0.95,1.1,1.025,1.05,-0.325,-23.6364,3.0,184.0,0.4716,-0.0035,0.0,0.2288,-0.1716,-0.0204,1.0368,1.05,1.05,1.05,1.375,down,2026-08-21T11:55:47,0.0,0.0
SPX,2026-09-18,28,Call,5475.0,SPX260918C05475000,2197.9,2221.7,2209.8,0.0,0.0,0.0,0.0,0.0,0.4909,0.9963,0.0,0.2321,-0.1748,4.1655,2208.4215,0.0,0.0,0.0,2188.45007324219,no_change,,0.0,0.0
SPX,2026-09-18,28,Put,5475.0,SPX260918P05475000,0.95,1.15,1.0499999999999998,1.35,0.0,0.0,0.0,1238.0,0.4681,-0.0036,0.0,0.2323,-0.1749,-0.0208,1.0508,0.0,0.0,0.0,1.375,no_change,2026-08-20T15:55:05,0.0,0.0
SPX,2026-09-18,28,Call,5500.0,SPX260918C05500000,2173.0,2196.8,2184.9,2285.26,0.0,0.0,0.0,56.0,0.4855,0.9962,0.0,0.241,-0.1802,4.1837,2183.5454,0.0,0.0,0.0,2163.44995117188,down,2026-08-17T11:50:33,0.0,0.0
SPXW,2026-09-18,28,Call,5500.0,SPXW260918C05500000,2173.1,2197.0,2185.05,1997.96,0.0,0.0,0.0,75.0,0.4784,0.9961,0.0,0.2466,-0.1822,4.1832,2183.3095,0.0,0.0,0.0,2165.65002441406,down,2026-07-17T14:16:31,0.0,0.0
SPX,2026-09-18,28,Put,5500.0,SPX260918P05500000,1.0,1.15,1.075,1.12,-0.305,-21.4035,16.0,12761.0,0.4646,-0.0037,0.0,0.2412,-0.1803,-0.0217,1.0912,1.12,1.12,1.1,1.42500001192093,up,2026-08-21T15:17:28,0.0,0.0
SPXW,2026-09-18,28,Put,5500.0,SPXW260918P05500000,1.05,1.15,1.1,1.2,-0.275,-18.6441,22.0,545.0,0.4624,-0.0038,0.0,0.2468,-0.1824,-0.0222,1.1187,1.14,1.2,1.14,1.47499996423721,up,2026-08-21T15:05:08,0.0,0.0
SPX,2026-09-18,28,Call,5525.0,SPX260918C05525000,2148.2,2171.9,2160.05,1399.55,0.0,0.0,0.0,5.0,0.4832,0.996,0.0,0.2503,-0.1857,4.2019,2158.6707,0.0,0.0,0.0,2138.75,up,2025-09-26T12:23:56,0.0,0.0
SPX,2026-09-18,28,Put,5525.0,SPX260918P05525000,1.05,1.2,1.125,1.35,0.0,0.0,0.0,4380.0,0.46,-0.0039,0.0,0.2504,-0.1858,-0.0226,1.1327,0.0,0.0,0.0,1.47499996423721,no_change,2026-08-20T13:34:42,0.0,0.0
SPX,2026-09-18,28,Call,5550.0,SPX260918C05550000,2123.3,2147.0,2135.15,2004.1,0.0,0.0,0.0,5.0,0.4778,0.9958,0.0,0.2599,-0.1913,4.22,2133.7973,0.0,0.0,0.0,2113.84997558594,no_change,2026-06-18T11:02:12,0.0,0.0
SPXW,2026-09-18,28,Call,5550.0,SPXW260918C05550000,2123.3,2147.3,2135.3,0.0,0.0,0.0,0.0,0.0,0.4678,0.9958,0.0,0.266,-0.1935,4.2195,2133.5641,0.0,0.0,0.0,2115.95007324219,no_change,,0.0,0.0
SPX,2026-09-18,28,Put,5550.0,SPX260918P05550000,1.1,1.25,1.175,1.4,0.0,0.0,0.0,3665.0,0.4564,-0.004,0.0,0.2601,-0.1914,-0.0236,1.1758,0.0,0.0,0.0,1.55000001192093,no_change,2026-08-20T13:34:11,0.0,0.0
SPXW,2026-09-18,28,Put,5550.0,SPXW260918P05550000,1.15,1.25,1.2,1.61,0.0,0.0,0.0,311.0,0.4552,-0.0041,0.0,0.2662,-0.1937,-0.0241,1.2061,0.0,0.0,0.0,1.59999996423721,up,2026-08-18T11:34:18,0.0,0.0
SPX,2026-09-18,28,Call,5575.0,SPX260918C05575000,2098.7,2122.3,2110.5,0.0,0.0,0.0,0.0,0.0,0.4723,0.9956,0.0,0.2699,-0.197,4.2381,2108.9254,0.0,0.0,0.0,2088.70007324219,no_change,,0.0,0.0
SPX,2026-09-18,28,Put,5575.0,SPX260918P05575000,1.1,1.3,1.2000000000000002,1.45,0.0,0.0,0.0,2282.0,0.4516,-0.0042,0.0,0.2701,-0.1972,-0.0246,1.2205,0.0,0.0,0.0,1.60000002384186,up,2026-08-20T13:00:59,0.0,0.0
SPX,2026-09-18,28,Call,5600.0,SPX260918C05600000,2073.5,2096.2,2084.85,2166.29,0.0,0.0,0.0,273.0,0.4668,0.9955,0.0,0.2803,-0.2029,4.2562,2084.055,0.0,0.0,0.0,2064.20007324219,no_change,2026-08-10T14:04:05,0.0,0.0
SPXW,2026-09-18,28,Call,5600.0,SPXW260918C05600000,2073.6,2097.5,2085.55,0.0,0.0,0.0,0.0,0.0,0.4572,0.9954,0.0,0.287,-0.2053,4.2556,2083.8245,0.0,0.0,0.0,2065.0,no_change,,0.0,0.0
SPX,2026-09-18,28,Put,5600.0,SPX260918P05600000,1.15,1.35,1.25,1.63,0.0,0.0,0.0,12145.0,0.4479,-0.0044,0.0,0.2806,-0.203,-0.0257,1.2665,0.0,0.0,0.0,1.67500001192093,no_change,2026-08-20T14:55:29,0.0,0.0
SPXW,2026-09-18,28,Put,5600.0,SPXW260918P05600000,1.2,1.35,1.275,1.2,-0.5,-29.4118,129.0,997.0,0.4476,-0.0045,0.0,0.2872,-0.2055,-0.0262,1.2994,1.3,1.31,1.2,1.69999998807907,no_change,2026-08-21T16:03:08,0.0,0.0
SPX,2026-09-18,28,Call,5610.0,SPX260918C05610000,2063.6,2087.5,2075.55,2058.28,0.0,0.0,0.0,1.0,0.4664,0.9954,0.0,0.2846,-0.2053,4.2634,2074.1072,0.0,0.0,0.0,2054.09997558594,down,2026-08-20T15:28:34,0.0,0.0
SPX,2026-09-18,28,Put,5610.0,SPX260918P05610000,1.2,1.35,1.275,1.35,0.0,0.0,0.0,939.0,0.4466,-0.0044,0.0,0.2848,-0.2054,-0.0261,1.2852,0.0,0.0,0.0,1.69999998807907,no_change,2026-08-19T09:30:02,0.0,0.0
SPX,2026-09-18,28,Call,5620.0,SPX260918C05620000,2054.3,2077.5,2065.9,0.0,0.0,0.0,0.0,0.0,0.4631,0.9953,0.0,0.289,-0.2077,4.2706,2064.1597,0.0,0.0,0.0,2043.69995117188,no_change,,0.0,0.0
SPX,2026-09-18,28,Put,5620.0,SPX260918P05620000,1.2,1.4,1.2999999999999998,1.3,0.0,0.0,0.0,245.0,0.4433,-0.0045,0.0,0.2892,-0.2078,-0.0265,1.3043,0.0,0.0,0.0,1.72499996423721,no_change,2026-08-19T09:30:02,0.0,0.0
SPX,2026-09-18,28,Call,5625.0,SPX260918C05625000,2049.3,2072.5,2060.9,1333.5,0.0,0.0,0.0,1.0,0.4614,0.9953,0.0,0.2912,-0.2089,4.2742,2059.1861,0.0,0.0,0.0,2039.90002441406,up,2026-04-10T12:30:08,0.0,0.0
SPX,2026-09-18,28,Put,5625.0,SPX260918P05625000,1.2,1.4,1.2999999999999998,1.3,-0.425,-24.6377,1.0,1464.0,0.444,-0.0046,0.0,0.2914,-0.209,-0.0268,1.3141,1.3,1.3,1.3,1.72499996423721,down,2026-08-21T15:58:03,0.0,0.0
SPX,2026-09-18,28,Call,5630.0,SPX260918C05630000,2044.3,2067.6,2055.95,0.0,0.0,0.0,0.0,0.0,0.4626,0.9952,0.0,0.2934,-0.2101,4.2777,2054.2125,0.0,0.0,0.0,2034.30004882812,no_change,,0.0,0.0
SPX,2026-09-18,28,Put,5630.0,SPX260918P05630000,1.2,1.4,1.2999999999999998,1.35,0.0,0.0,0.0,175.0,0.4429,-0.0046,0.0,0.2936,-0.2102,-0.027,1.3236,0.0,0.0,0.0,1.75,no_change,2026-08-19T09:30:02,0.0,0.0
SPX,2026-09-18,28,Call,5640.0,SPX260918C05640000,2033.8,2057.5,2045.65,0.0,0.0,0.0,0.0,0.0,0.4593,0.9952,0.0,0.2978,-0.2126,4.2849,2044.2655,0.0,0.0,0.0,2024.45001220703,no_change,,0.0,0.0
SPX,2026-09-18,28,Put,5640.0,SPX260918P05640000,1.25,1.4,1.325,1.35,0.0,0.0,0.0,378.0,0.4415,-0.0047,0.0,0.298,-0.2127,-0.0274,1.3432,0.0,0.0,0.0,1.77500003576279,no_change,2026-08-19T09:30:02,0.0,0.0
SPX,2026-09-18,28,Call,5650.0,SPX260918C05650000,2026.7,2047.7,2037.2,2096.27,0.0,0.0,0.0,131.0,0.4588,0.9951,0.0,0.3023,-0.2151,4.2921,2034.3188,0.0,0.0,0.0,2014.39996337891,up,2026-08-11T14:20:05,0.0,0.0
SPXW,2026-09-18,28,Call,5650.0,SPXW260918C05650000,2023.9,2047.8,2035.85,0.0,0.0,0.0,0.0,0.0,0.4497,0.995,0.0,0.3096,-0.2177,4.2914,2034.0912,0.0,0.0,0.0,2016.54998779297,no_change,,0.0,0.0
SPX,2026-09-18,28,Put,5650.0,SPX260918P05650000,1.25,1.45,1.35,1.35,-0.45,-25.0,2.0,2474.0,0.4401,-0.0048,0.0,0.3026,-0.2152,-0.0279,1.3632,1.32,1.35,1.32,1.80000001192093,up,2026-08-21T15:58:00,0.0,0.0
SPXW,2026-09-18,28,Put,5650.0,SPXW260918P05650000,1.3,1.45,1.375,1.85,0.0,0.0,0.0,343.0,0.4398,-0.0048,0.0,0.3097,-0.2178,-0.0285,1.3989,0.0,0.0,0.0,1.84999996423721,up,2026-08-20T15:44:30,0.0,0.0
SPX,2026-09-18,28,Call,5660.0,SPX260918C05660000,2014.5,2037.7,2026.1,0.0,0.0,0.0,0.0,0.0,0.4555,0.995,0.0,0.3069,-0.2176,4.2993,2024.3723,0.0,0.0,0.0,2004.45001220703,no_change,,0.0,0.0
SPX,2026-09-18,28,Put,5660.0,SPX260918P05660000,1.3,1.45,1.375,1.55,-0.275,-15.0685,14.0,790.0,0.4387,-0.0048,0.0,0.3072,-0.2177,-0.0284,1.3833,1.55,1.55,1.55,1.82499998807907,down,2026-08-21T09:58:49,0.0,0.0
SPX,2026-09-18,28,Call,5670.0,SPX260918C05670000,2008.9,2027.8,2018.35,0.0,0.0,0.0,0.0,0.0,0.4549,0.9949,0.0,0.3116,-0.2201,4.3064,2014.4261,0.0,0.0,0.0,1993.84997558594,no_change,,0.0,0.0
SPX,2026-09-18,28,Put,5670.0,SPX260918P05670000,1.3,1.5,1.4,1.5,-0.35,-18.9189,146.0,414.0,0.4364,-0.0049,0.0,0.3118,-0.2202,-0.0289,1.4037,1.47,1.6,1.47,1.85000002384186,no_change,2026-08-21T14:39:32,0.0,0.0
SPX,2026-09-18,28,Call,5675.0,SPX260918C05675000,1998.9,2022.8,2010.85,1241.23,0.0,0.0,0.0,70.0,0.4533,0.9949,0.0,0.3139,-0.2213,4.31,2009.4531,0.0,0.0,0.0,1989.54998779297,up,2025-09-11T15:52:09,0.0,0.0
SPX,2026-09-18,28,Put,5675.0,SPX260918P05675000,1.3,1.5,1.4,1.4,-0.475,-25.3333,1.0,789.0,0.4353,-0.005,0.0,0.3141,-0.2215,-0.0291,1.4139,1.4,1.4,1.4,1.875,down,2026-08-21T15:56:51,0.0,0.0
SPX,2026-09-18,28,Call,5680.0,SPX260918C05680000,1994.0,2017.7,2005.85,0.0,0.0,0.0,0.0,0.0,0.4517,0.9949,0.0,0.3162,-0.2226,4.3136,2004.4801,0.0,0.0,0.0,1983.95001220703,no_change,,0.0,0.0
SPX,2026-09-18,28,Put,5680.0,SPX260918P05680000,1.3,1.5,1.4,1.45,0.0,0.0,0.0,447.0,0.4359,-0.005,0.0,0.3164,-0.2227,-0.0294,1.4241,0.0,0.0,0.0,1.875,no_change,2026-08-19T09:30:02,0.0,0.0
SPX,2026-09-18,28,Call,5690.0,SPX260918C05690000,1984.0,2007.9,1995.95,0.0,0.0,0.0,0.0,0.0,0.4511,0.9948,0.0,0.321,-0.2252,4.3207,1994.5344,0.0,0.0,0.0,1974.64996337891,no_change,,0.0,0.0
SPX,2026-09-18,28,Put,5690.0,SPX260918P05690000,1.35,1.5,1.425,1.5,0.0,0.0,0.0,366.0,0.4337,-0.0051,0.0,0.321,-0.2252,-0.0298,1.444,0.0,0.0,0.0,1.89999997615814,no_change,2026-08-19T09:30:02,0.0,0.0
SPX,2026-09-18,28,Call,5700.0,SPX260918C05700000,1978.3,1997.9,1988.1,1980.86,16.06,0.817387,1.0,91.0,0.4478,0.9947,0.0,0.3258,-0.2278,4.3278,1984.589,1980.86,1980.86,1980.86,1964.79998779297,down,2026-08-21T10:26:48,0.0,0.0
SPXW,2026-09-18,28,Call,5700.0,SPXW260918C05700000,1974.1,1998.0,1986.05,2002.83,37.23,1.89408,40.0,90.0,0.4419,0.9946,0.0,0.3335,-0.2305,4.3271,1984.3644,2002.83,2002.83,2002.83,1965.59997558594,up,2026-08-21T11:44:33,0.0,0.0
SPX,2026-09-18,28,Put,5700.0,SPX260918P05700000,1.35,1.55,1.4500000000000002,1.45,-0.475,-24.6753,2079.0,14922.0,0.4338,-0.0052,0.0,0.326,-0.2279,-0.0304,1.4663,1.57,1.58,1.44,1.92500001192093,up,2026-08-21T15:56:20,0.0,0.0
SPXW,2026-09-18,28,Put,5700.0,SPXW260918P05700000,1.4,1.55,1.475,1.55,-0.425,-21.519,8.0,692.0,0.4317,-0.0053,0.0,0.3336,-0.2306,-0.031,1.505,1.6,1.6,1.51,1.97500002384186,up,2026-08-21T14:49:26,0.0,0.0
SPX,2026-09-18,28,Call,5710.0,SPX260918C05710000,1969.1,1988.0,1978.55,0.0,0.0,0.0,0.0,0.0,0.4472,0.9946,0.0,0.3306,-0.2304,4.335,1974.6439,0.0,0.0,0.0,1954.15002441406,no_change,,0.0,0.0
SPX,2026-09-18,28,Put,5710.0,SPX260918P05710000,1.4,1.55,1.475,1.6,0.0,0.0,0.0,471.0,0.4299,-0.0052,0.0,0.3306,-0.2304,-0.0309,1.4866,0.0,0.0,0.0,1.94999998807907,no_change,2026-08-19T14:30:52,0.0,0.0
SPX,2026-09-18,28,Call,5720.0,SPX260918C05720000,1954.2,1977.9,1966.0500000000002,0.0,0.0,0.0,0.0,0.0,0.444,0.9945,0.0,0.3355,-0.233,4.3421,1964.699,0.0,0.0,0.0,1944.15002441406,no_change,,0.0,0.0
SPX,2026-09-18,28,Put,5720.0,SPX260918P05720000,1.4,1.6,1.5,1.55,0.0,0.0,0.0,213.0,0.4276,-0.0053,0.0,0.3357,-0.2331,-0.0314,1.5093,0.0,0.0,0.0,1.97499996423721,no_change,2026-08-19T09:30:02,0.0,0.0
SPX,2026-09-18,28,Call,5725.0,SPX260918C05725000,1949.8,1973.1,1961.4499999999998,1006.5,0.0,0.0,0.0,3.0,0.445,0.9945,0.0,0.338,-0.2343,4.3456,1959.7267,0.0,0.0,0.0,1939.90002441406,down,2025-08-07T12:03:14,0.0,0.0
SPX,2026-09-18,28,Put,5725.0,SPX260918P05725000,1.4,1.6,1.5,1.5,-0.5,-25.0,1.0,658.0,0.4272,-0.0054,0.0,0.3383,-0.2344,-0.0317,1.5204,1.5,1.5,1.5,1.99999994039536,down,2026-08-21T15:56:51,0.0,0.0
SPX,2026-09-18,28,Call,5730.0,SPX260918C05730000,1944.2,1967.9,1956.0500000000002,0.0,0.0,0.0,0.0,0.0,0.4434,0.9944,0.0,0.3405,-0.2356,4.3492,1954.7545,0.0,0.0,0.0,1934.25,no_change,,0.0,0.0
SPX,2026-09-18,28,Put,5730.0,SPX260918P05730000,1.4,1.6,1.5,1.55,0.0,0.0,0.0,418.0,0.4269,-0.0054,0.0,0.3407,-0.2357,-0.0319,1.5313,0.0,0.0,0.0,2.02499997615814,no_change,2026-08-19T09:30:02,0.0,0.0
SPX,2026-09-18,28,Call,5740.0,SPX260918C05740000,1935.3,1958.1,1946.6999999999998,0.0,0.0,0.0,0.0,0.0,0.4401,0.9943,0.0,0.3455,-0.2383,4.3563,1944.8102,0.0,0.0,0.0,1924.29998779297,no_change,,0.0,0.0
SPX,2026-09-18,28,Put,5740.0,SPX260918P05740000,1.45,1.6,1.525,1.65,-0.4,-19.5122,51.0,216.0,0.4262,-0.0055,0.0,0.3458,-0.2384,-0.0325,1.5537,1.65,1.65,1.65,2.05000007152557,no_change,2026-08-21T14:18:00,0.0,0.0
SPX,2026-09-18,28,Call,5750.0,SPX260918C05750000,1924.9,1948.2,1936.5500000000002,1845.9,0.0,0.0,0.0,6.0,0.4395,0.9942,0.0,0.3506,-0.241,4.3634,1934.8661,0.0,0.0,0.0,1914.25,up,2026-06-16T15:02:59,0.0,0.0
SPXW,2026-09-18,28,Call,5750.0,SPXW260918C05750000,1924.4,1948.3,1936.35,1953.54,37.64,1.96461,2.0,30.0,0.4312,0.9941,0.0,0.3588,-0.2439,4.3626,1934.6446,1953.54,1953.54,1953.54,1915.90002441406,up,2026-08-21T11:58:39,0.0,0.0
SPX,2026-09-18,28,Put,5750.0,SPX260918P05750000,1.45,1.65,1.5499999999999998,1.55,-0.525,-25.3012,1.0,3686.0,0.4231,-0.0056,0.0,0.3508,-0.2411,-0.033,1.5763,1.55,1.55,1.55,2.07500004768372,down,2026-08-21T15:56:51,0.0,0.0
SPXW,2026-09-18,28,Put,5750.0,SPXW260918P05750000,1.5,1.65,1.575,1.7,-0.425,-20.0,6.0,304.0,0.4234,-0.0057,0.0,0.359,-0.244,-0.0337,1.618,1.7,1.7,1.7,2.125,no_change,2026-08-21T11:06:49,0.0,0.0
SPX,2026-09-18,28,Call,5760.0,SPX260918C05760000,1914.4,1938.1,1926.25,0.0,0.0,0.0,0.0,0.0,0.4388,0.9942,0.0,0.3557,-0.2437,4.3705,1924.9224,0.0,0.0,0.0,1905.15002441406,no_change,,0.0,0.0
SPX,2026-09-18,28,Put,5760.0,SPX260918P05760000,1.5,1.65,1.575,2.05,0.0,0.0,0.0,488.0,0.4224,-0.0057,0.0,0.3559,-0.2438,-0.0336,1.5989,0.0,0.0,0.0,2.10000002384186,up,2026-08-20T14:18:36,0.0,0.0
SPX,2026-09-18,28,Call,5770.0,SPX260918C05770000,1904.5,1928.1,1916.3,0.0,0.0,0.0,0.0,0.0,0.4356,0.9941,0.0,0.361,-0.2464,4.3776,1914.979,0.0,0.0,0.0,1895.29998779297,no_change,,0.0,0.0
SPX,2026-09-18,28,Put,5770.0,SPX260918P05770000,1.5,1.7,1.6,1.65,0.0,0.0,0.0,303.0,0.4194,-0.0058,0.0,0.361,-0.2464,-0.0341,1.6211,0.0,0.0,0.0,2.125,no_change,2026-08-19T09:30:02,0.0,0.0
SPX,2026-09-18,28,Call,5775.0,SPX260918C05775000,1900.1,1923.3,1911.6999999999998,1333.7,0.0,0.0,0.0,4.0,0.434,0.994,0.0,0.3636,-0.2478,4.3811,1910.0073,0.0,0.0,0.0,1889.79998779297,up,2026-02-06T13:56:35,0.0,0.0
SPX,2026-09-18,28,Put,5775.0,SPX260918P05775000,1.5,1.7,1.6,1.65,-0.5,-23.2558,1.0,1325.0,0.4197,-0.0058,0.0,0.3638,-0.2479,-0.0344,1.6337,1.65,1.65,1.65,2.14999997615814,down,2026-08-21T15:55:12,0.0,0.0
SPX,2026-09-18,28,Call,5780.0,SPX260918C05780000,1894.5,1918.2,1906.35,0.0,0.0,0.0,0.0,0.0,0.4348,0.994,0.0,0.3662,-0.2492,4.3847,1905.0358,0.0,0.0,0.0,1885.14996337891,no_change,,0.0,0.0
SPX,2026-09-18,28,Put,5780.0,SPX260918P05780000,1.55,1.7,1.625,1.7,0.0,0.0,0.0,236.0,0.4193,-0.0059,0.0,0.3664,-0.2493,-0.0347,1.6454,0.0,0.0,0.0,2.17499995231628,no_change,2026-08-19T09:30:02,0.0,0.0
SPX,2026-09-18,28,Call,5790.0,SPX260918C05790000,1885.7,1908.4,1897.0500000000002,1712.03,0.0,0.0,0.0,2.0,0.4317,0.9939,0.0,0.3716,-0.252,4.3917,1895.0929,0.0,0.0,0.0,1875.29998779297,up,2026-07-20T14:35:37,0.0,0.0
SPX,2026-09-18,28,Put,5790.0,SPX260918P05790000,1.55,1.75,1.65,1.7,0.0,0.0,0.0,469.0,0.417,-0.006,0.0,0.3718,-0.2521,-0.0352,1.6693,0.0,0.0,0.0,2.19999992847443,no_change,2026-08-19T09:30:02,0.0,0.0
SPX,2026-09-18,28,Call,5800.0,SPX260918C05800000,1875.2,1898.5,1886.85,1881.36,16.41,0.879916,1.0,140.0,0.4309,0.9938,0.0,0.377,-0.2548,4.3988,1885.1503,1881.36,1881.36,1881.36,1864.95001220703,down,2026-08-21T10:26:48,0.0,0.0
SPXW,2026-09-18,28,Call,5800.0,SPXW260918C05800000,1874.7,1898.6,1886.65,1902.97,35.42,1.8966,4.0,30.0,0.423,0.9936,0.0,0.3858,-0.2579,4.398,1884.9319,1902.97,1902.97,1902.97,1867.55004882812,up,2026-08-21T12:00:49,0.0,0.0
SPX,2026-09-18,28,Put,5800.0,SPX260918P05800000,1.6,1.75,1.675,1.82,-0.405,-18.2022,101.0,9795.0,0.4161,-0.0061,0.0,0.3772,-0.2549,-0.0358,1.6933,1.8,1.82,1.8,2.22500002384186,up,2026-08-21T10:26:48,0.0,0.0
SPXW,2026-09-18,28,Put,5800.0,SPXW260918P05800000,1.65,1.75,1.7,1.7,-0.6,-26.087,49.0,1100.0,0.4149,-0.0062,0.0,0.3859,-0.258,-0.0366,1.7382,1.8,1.8,1.69,2.29999995231628,no_change,2026-08-21T15:59:30,0.0,0.0
SPX,2026-09-18,28,Call,5810.0,SPX260918C05810000,1865.2,1888.5,1876.85,0.0,0.0,0.0,0.0,0.0,0.4277,0.9937,0.0,0.3825,-0.2576,4.4058,1875.208,0.0,0.0,0.0,1855.15002441406,no_change,,0.0,0.0
SPX,2026-09-18,28,Put,5810.0,SPX260918P05810000,1.6,1.8,1.7000000000000002,1.75,0.0,0.0,0.0,370.0,0.4131,-0.0062,0.0,0.3827,-0.2577,-0.0364,1.7176,0.0,0.0,0.0,2.27499997615814,no_change,2026-08-19T09:30:02,0.0,0.0
SPX,2026-09-18,28,Call,5820.0,SPX260918C05820000,1854.7,1878.5,1866.6,0.0,0.0,0.0,0.0,0.0,0.4269,0.9936,0.0,0.388,-0.2604,4.4129,1865.266,0.0,0.0,0.0,1845.14996337891,no_change,,0.0,0.0
SPX,2026-09-18,28,Put,5820.0,SPX260918P05820000,1.6,1.8,1.7000000000000002,1.8,0.0,0.0,0.0,298.0,0.413,-0.0063,0.0,0.3883,-0.2605,-0.037,1.7421,0.0,0.0,0.0,2.30000007152557,no_change,2026-08-19T09:30:02,0.0,0.0
SPX,2026-09-18,28,Call,5825.0,SPX260918C05825000,1849.8,1873.6,1861.6999999999998,957.0,0.0,0.0,0.0,6.0,0.4254,0.9935,0.0,0.3908,-0.2619,4.4164,1860.2951,0.0,0.0,0.0,1840.04998779297,down,2025-08-21T14:30:01,0.0,0.0
SPX,2026-09-18,28,Put,5825.0,SPX260918P05825000,1.65,1.8,1.725,2.25,0.0,0.0,0.0,1448.0,0.4118,-0.0063,0.0,0.3911,-0.262,-0.0373,1.7545,0.0,0.0,0.0,2.32500004768372,up,2026-08-20T15:55:05,0.0,0.0
SPX,2026-09-18,28,Call,5830.0,SPX260918C05830000,1844.8,1868.5,1856.65,0.0,0.0,0.0,0.0,0.0,0.4238,0.9935,0.0,0.3937,-0.2633,4.4199,1855.3243,0.0,0.0,0.0,1835.60003662109,no_change,,0.0,0.0
SPX,2026-09-18,28,Put,5830.0,SPX260918P05830000,1.65,1.85,1.75,1.85,0.0,0.0,0.0,336.0,0.41,-0.0064,0.0,0.3939,-0.2634,-0.0376,1.767,0.0,0.0,0.0,2.32500004768372,no_change,2026-08-19T09:30:02,0.0,0.0
SPX,2026-09-18,28,Call,5840.0,SPX260918C05840000,1835.4,1858.7,1847.0500000000002,0.0,0.0,0.0,0.0,0.0,0.423,0.9934,0.0,0.3994,-0.2662,4.427,1845.3829,0.0,0.0,0.0,1825.54998779297,no_change,,0.0,0.0
SPX,2026-09-18,28,Put,5840.0,SPX260918P05840000,1.7,1.85,1.775,1.92,0.0,0.0,0.0,14258.0,0.4098,-0.0065,0.0,0.3997,-0.2663,-0.0382,1.7922,0.0,0.0,0.0,2.375,no_change,2026-08-19T15:52:03,0.0,0.0
SPX,2026-09-18,28,Call,5850.0,SPX260918C05850000,1828.3,1848.8,1838.55,1943.21,0.0,0.0,0.0,44.0,0.4199,0.9932,0.0,0.4052,-0.2691,4.434,1835.4418,0.0,0.0,0.0,1815.54998779297,up,2026-08-17T09:37:48,0.0,0.0
SPXW,2026-09-18,28,Call,5850.0,SPXW260918C05850000,1825.0,1848.8,1836.9,0.0,0.0,0.0,0.0,0.0,0.4146,0.9931,0.0,0.4147,-0.2723,4.4331,1835.2267,0.0,0.0,0.0,1817.89996337891,no_change,,0.0,0.0
SPX,2026-09-18,28,Put,5850.0,SPX260918P05850000,1.7,1.9,1.7999999999999998,2.35,0.0,0.0,0.0,5311.0,0.4075,-0.0066,0.0,0.4055,-0.2692,-0.0388,1.8176,0.0,0.0,0.0,2.375,down,2026-08-20T15:55:07,0.0,0.0
SPXW,2026-09-18,28,Put,5850.0,SPXW260918P05850000,1.75,1.9,1.825,1.75,-0.7,-28.5714,33.0,921.0,0.4075,-0.0067,0.0,0.4149,-0.2725,-0.0397,1.8658,1.95,1.95,1.75,2.45000004768372,down,2026-08-21T15:59:50,0.0,0.0
SPX,2026-09-18,28,Call,5860.0,SPX260918C05860000,1815.0,1838.6,1826.8,0.0,0.0,0.0,0.0,0.0,0.419,0.9931,0.0,0.4112,-0.272,4.441,1825.501,0.0,0.0,0.0,1806.79998779297,no_change,,0.0,0.0
SPX,2026-09-18,28,Put,5860.0,SPX260918P05860000,1.75,1.9,1.825,1.9,0.0,0.0,0.0,588.0,0.4065,-0.0067,0.0,0.4114,-0.2721,-0.0395,1.8434,0.0,0.0,0.0,2.42499995231628,no_change,2026-08-19T09:30:02,0.0,0.0
SPX,2026-09-18,28,Call,5870.0,SPX260918C05870000,1805.0,1828.9,1816.95,1847.51,0.0,0.0,0.0,1.0,0.4181,0.993,0.0,0.4172,-0.275,4.448,1815.5605,0.0,0.0,0.0,1795.80004882812,down,2026-08-18T14:25:27,0.0,0.0
SPX,2026-09-18,28,Put,5870.0,SPX260918P05870000,1.75,1.95,1.85,2.0,0.0,0.0,0.0,1477.0,0.4042,-0.0068,0.0,0.4174,-0.2751,-0.0401,1.8695,0.0,0.0,0.0,2.47500002384186,up,2026-08-19T10:40:01,0.0,0.0
SPX,2026-09-18,28,Call,5875.0,SPX260918C05875000,1804.3,1823.9,1814.1,1222.04,0.0,0.0,0.0,7.0,0.4166,0.993,0.0,0.4202,-0.2764,4.4515,1810.5904,0.0,0.0,0.0,1791.14996337891,up,2025-12-01T09:33:06,0.0,0.0
SPX,2026-09-18,28,Put,5875.0,SPX260918P05875000,1.75,1.95,1.85,2.45,0.0,0.0,0.0,2058.0,0.4038,-0.0069,0.0,0.4204,-0.2765,-0.0404,1.8821,0.0,0.0,0.0,2.47500002384186,up,2026-08-20T15:55:32,0.0,0.0
SPX,2026-09-18,28,Call,5880.0,SPX260918C05880000,1795.7,1818.9,1807.3000000000002,0.0,0.0,0.0,0.0,0.0,0.415,0.9929,0.0,0.4233,-0.2779,4.455,1805.6203,0.0,0.0,0.0,1785.90002441406,no_change,,0.0,0.0
SPX,2026-09-18,28,Put,5880.0,SPX260918P05880000,1.75,1.95,1.85,2.0,0.0,0.0,0.0,386.0,0.4032,-0.0069,0.0,0.4235,-0.278,-0.0408,1.8959,0.0,0.0,0.0,2.5,no_change,2026-08-19T09:30:02,0.0,0.0
SPX,2026-09-18,28,Call,5890.0,SPX260918C05890000,1785.1,1809.0,1797.05,0.0,0.0,0.0,0.0,0.0,0.4141,0.9928,0.0,0.4295,-0.2809,4.4619,1795.6805,0.0,0.0,0.0,1777.20001220703,no_change,,0.0,0.0
SPX,2026-09-18,28,Put,5890.0,SPX260918P05890000,1.8,2.0,1.9,2.1,0.0,0.0,0.0,335.0,0.4009,-0.007,0.0,0.4298,-0.281,-0.0414,1.9226,0.0,0.0,0.0,2.55000007152557,up,2026-08-19T13:45:07,0.0,0.0
SPX,2026-09-18,28,Call,5900.0,SPX260918C05900000,1775.8,1799.0,1787.4,1839.31,0.0,0.0,0.0,135.0,0.411,0.9927,0.0,0.4358,-0.2839,4.4689,1785.741,0.0,0.0,0.0,1765.90002441406,up,2026-08-11T14:45:26,0.0,0.0
SPXW,2026-09-18,28,Call,5900.0,SPXW260918C05900000,1775.3,1799.1,1787.1999999999998,1792.38,25.23,1.42772,64.0,4.0,0.4061,0.9925,0.0,0.446,-0.2873,4.468,1785.5292,1792.38,1792.38,1792.38,1767.15002441406,no_change,2026-08-21T11:01:23,0.0,0.0
SPX,2026-09-18,28,Put,5900.0,SPX260918P05900000,1.85,2.0,1.925,2.05,-0.525,-20.3884,1.0,23287.0,0.3999,-0.0072,0.0,0.4361,-0.284,-0.0421,1.9496,2.05,2.05,2.05,2.57500004768372,down,2026-08-21T11:17:37,0.0,0.0
SPXW,2026-09-18,28,Put,5900.0,SPXW260918P05900000,1.9,2.0,1.95,2.09,-0.535,-20.381,5.0,1713.0,0.3986,-0.0073,0.0,0.4462,-0.2874,-0.043,2.0012,2.1,2.1,2.09,2.625,down,2026-08-21T12:23:17,0.0,0.0
SPX,2026-09-18,28,Call,5910.0,SPX260918C05910000,1765.2,1787.2,1776.2,0.0,0.0,0.0,0.0,0.0,0.4101,0.9926,0.0,0.4422,-0.287,4.4758,1775.8018,0.0,0.0,0.0,1756.65002441406,no_change,,0.0,0.0
SPX,2026-09-18,28,Put,5910.0,SPX260918P05910000,1.85,2.05,1.95,2.05,0.0,0.0,0.0,518.0,0.3976,-0.0073,0.0,0.4425,-0.2871,-0.0428,1.977,0.0,0.0,0.0,2.60000002384186,no_change,2026-08-19T09:30:02,0.0,0.0
SPX,2026-09-18,28,Call,5920.0,SPX260918C05920000,1755.3,1779.2,1767.25,0.0,0.0,0.0,0.0,0.0,0.4091,0.9924,0.0,0.4487,-0.29,4.4828,1765.8629,0.0,0.0,0.0,1746.39996337891,no_change,,0.0,0.0
SPX,2026-09-18,28,Put,5920.0,SPX260918P05920000,1.9,2.05,1.9749999999999999,2.1,0.0,0.0,0.0,217.0,0.3965,-0.0074,0.0,0.449,-0.2901,-0.0435,2.0047,0.0,0.0,0.0,2.64999997615814,no_change,2026-08-19T09:30:02,0.0,0.0
SPX,2026-09-18,28,Call,5925.0,SPX260918C05925000,1750.3,1774.2,1762.25,1622.86,0.0,0.0,0.0,6.0,0.4076,0.9924,0.0,0.452,-0.2915,4.4862,1760.8936,0.0,0.0,0.0,1741.19995117188,down,2026-06-18T09:55:51,0.0,0.0
SPXW,2026-09-18,28,Call,5925.0,SPXW260918C05925000,1750.4,1774.3,1762.35,1767.83,25.38,1.45657,64.0,1.0,0.4006,0.9922,0.0,0.4626,-0.295,4.4853,1760.6836,1767.83,1767.83,1767.83,1742.44995117188,no_change,2026-08-21T11:01:23,0.0,0.0
SPX,2026-09-18,28,Put,5925.0,SPX260918P05925000,1.9,2.05,1.9749999999999999,2.6,0.0,0.0,0.0,12328.0,0.3954,-0.0075,0.0,0.4522,-0.2916,-0.0439,2.0187,0.0,0.0,0.0,2.67499995231628,up,2026-08-20T15:55:05,0.0,0.0
SPXW,2026-09-18,28,Put,5925.0,SPXW260918P05925000,1.95,2.1,2.025,2.15,-0.575,-21.1009,2.0,284.0,0.3953,-0.0076,0.0,0.4627,-0.2952,-0.0448,2.0721,2.15,2.15,2.15,2.72500002384186,down,2026-08-21T11:06:33,0.0,0.0
SPX,2026-09-18,28,Call,5930.0,SPX260918C05930000,1746.0,1769.2,1757.6,0.0,0.0,0.0,0.0,0.0,0.4061,0.9923,0.0,0.4553,-0.2931,4.4897,1755.9244,0.0,0.0,0.0,1736.35003662109,no_change,,0.0,0.0
SPX,2026-09-18,28,Put,5930.0,SPX260918P05930000,1.9,2.1,2.0,2.08,-0.595,-22.243,11.0,449.0,0.3949,-0.0075,0.0,0.4555,-0.2932,-0.0442,2.0324,2.1,2.11,2.08,2.67499995231628,down,2026-08-21T13:40:51,0.0,0.0
SPX,2026-09-18,28,Call,5940.0,SPX260918C05940000,1736.0,1759.3,1747.65,793.3,0.0,0.0,0.0,52.0,0.4051,0.9922,0.0,0.462,-0.2962,4.4966,1745.9862,0.0,0.0,0.0,1726.45001220703,down,2026-03-27T09:44:34,0.0,0.0
SPX,2026-09-18,28,Put,5940.0,SPX260918P05940000,1.95,2.1,2.025,2.46,0.0,0.0,0.0,478.0,0.3937,-0.0076,0.0,0.4623,-0.2963,-0.045,2.0611,0.0,0.0,0.0,2.72500002384186,up,2026-08-20T10:53:12,0.0,0.0
SPX,2026-09-18,28,Call,5950.0,SPX260918C05950000,1726.1,1749.3,1737.6999999999998,1198.43,0.0,0.0,0.0,54.0,0.4021,0.9921,0.0,0.4688,-0.2993,4.5035,1736.0484,0.0,0.0,0.0,1716.10003662109,no_change,2025-12-29T16:02:47,0.0,0.0
SPXW,2026-09-18,28,Call,5950.0,SPXW260918C05950000,1725.6,1749.4,1737.5,1496.35,0.0,0.0,0.0,5.0,0.3973,0.9919,0.0,0.4797,-0.3029,4.5025,1735.8402,0.0,0.0,0.0,1717.29998779297,up,2026-07-23T11:01:28,0.0,0.0
SPX,2026-09-18,28,Put,5950.0,SPX260918P05950000,1.95,2.15,2.05,2.7,0.0,0.0,0.0,3902.0,0.3914,-0.0078,0.0,0.469,-0.2994,-0.0457,2.0899,0.0,0.0,0.0,2.75,up,2026-08-20T15:55:05,0.0,0.0
SPXW,2026-09-18,28,Put,5950.0,SPXW260918P05950000,2.05,2.15,2.0999999999999996,2.2,-0.625,-22.1239,42.0,466.0,0.3907,-0.0079,0.0,0.4799,-0.303,-0.0467,2.1451,2.25,2.25,2.2,2.82500004768372,down,2026-08-21T11:59:38,0.0,0.0
SPX,2026-09-18,28,Call,5960.0,SPX260918C05960000,1716.1,1739.4,1727.75,0.0,0.0,0.0,0.0,0.0,0.401,0.992,0.0,0.4757,-0.3025,4.5104,1726.111,0.0,0.0,0.0,1706.54998779297,no_change,,0.0,0.0
SPX,2026-09-18,28,Put,5960.0,SPX260918P05960000,2.0,2.2,2.1,2.2,0.0,0.0,0.0,205.0,0.3897,-0.0079,0.0,0.4759,-0.3026,-0.0465,2.119,0.0,0.0,0.0,2.80000007152557,no_change,2026-08-19T09:30:02,0.0,0.0
SPX,2026-09-18,28,Call,5970.0,SPX260918C05970000,1705.6,1729.3,1717.4499999999998,0.0,0.0,0.0,0.0,0.0,0.4,0.9918,0.0,0.4826,-0.3056,4.5173,1716.1739,0.0,0.0,0.0,1696.60003662109,no_change,,0.0,0.0
SPX,2026-09-18,28,Put,5970.0,SPX260918P05970000,2.05,2.2,2.125,2.25,-0.6,-21.0526,3.0,217.0,0.3885,-0.008,0.0,0.4829,-0.3057,-0.0472,2.1485,2.25,2.25,2.25,2.85000002384186,no_change,2026-08-21T11:53:30,0.0,0.0
SPX,2026-09-18,28,Call,5975.0,SPX260918C05975000,1701.2,1724.5,1712.85,1553.6,0.0,0.0,0.0,1.0,0.3985,0.9918,0.0,0.4862,-0.3072,4.5207,1711.2055,0.0,0.0,0.0,1691.59997558594,down,2026-06-30T10:18:21,0.0,0.0
SPXW,2026-09-18,28,Call,5975.0,SPXW260918C05975000,1700.7,1724.6,1712.65,0.0,0.0,0.0,0.0,0.0,0.3918,0.9916,0.0,0.4974,-0.3109,4.5196,1710.9992,0.0,0.0,0.0,1692.5,no_change,,0.0,0.0
SPX,2026-09-18,28,Put,5975.0,SPX260918P05975000,2.05,2.2,2.125,2.65,0.0,0.0,0.0,2092.0,0.3869,-0.0081,0.0,0.4862,-0.3072,-0.0476,2.1623,0.0,0.0,0.0,2.85000002384186,no_change,2026-08-20T13:33:50,0.0,0.0
SPXW,2026-09-18,28,Put,5975.0,SPXW260918P05975000,2.1,2.25,2.175,2.3,-0.625,-21.3675,2.0,682.0,0.3872,-0.0082,0.0,0.4976,-0.311,-0.0486,2.2204,2.3,2.3,2.3,2.92499995231628,down,2026-08-21T11:06:33,0.0,0.0
SPX,2026-09-18,28,Call,5980.0,SPX260918C05980000,1696.3,1719.5,1707.9,0.0,0.0,0.0,0.0,0.0,0.397,0.9917,0.0,0.4897,-0.3088,4.5241,1706.2372,0.0,0.0,0.0,1686.29998779297,no_change,,0.0,0.0
SPX,2026-09-18,28,Put,5980.0,SPX260918P05980000,2.05,2.25,2.15,2.85,0.0,0.0,0.0,334.0,0.3862,-0.0081,0.0,0.49,-0.3089,-0.048,2.1783,0.0,0.0,0.0,2.875,up,2026-08-20T14:06:08,0.0,0.0
SPX,2026-09-18,28,Call,5990.0,SPX260918C05990000,1690.3,1709.6,1699.9499999999998,0.0,0.0,0.0,0.0,0.0,0.3959,0.9916,0.0,0.4968,-0.312,4.531,1696.3008,0.0,0.0,0.0,1676.5,no_change,,0.0,0.0
SPX,2026-09-18,28,Put,5990.0,SPX260918P05990000,2.1,2.3,2.2,2.9,0.0,0.0,0.0,431.0,0.3845,-0.0083,0.0,0.4971,-0.3122,-0.0488,2.2085,0.0,0.0,0.0,2.92499995231628,up,2026-08-20T15:25:33,0.0,0.0
SPX,2026-09-18,28,Call,6000.0,SPX260918C06000000,1683.7,1692.0,1687.85,1693.6,26.9,1.61397,397.0,156541.0,0.3929,0.9914,0.0,0.5041,-0.3153,4.5378,1686.3649,1675.56,1705.62,1675.48,1666.70001220703,up,2026-08-21T15:59:12,0.0,0.0
SPXW,2026-09-18,28,Call,6000.0,SPXW260918C06000000,1675.9,1699.7,1687.8000000000002,1695.02,26.12,1.5651,81.0,341.0,0.3884,0.9913,0.0,0.5157,-0.319,4.5367,1686.1605,1694.61,1695.46,1694.47,1668.89996337891,no_change,2026-08-21T12:45:28,0.0,0.0
SPX,2026-09-18,28,Put,6000.0,SPX260918P06000000,2.1,2.3,2.2,2.2,-0.8,-26.6667,793.0,168527.0,0.3838,-0.0084,0.0,0.5044,-0.3154,-0.0496,2.2392,2.45,2.48,2.15,3.0,down,2026-08-21T15:59:12,0.0,0.0
SPXW,2026-09-18,28,Put,6000.0,SPXW260918P06000000,2.2,2.3,2.25,2.35,-0.675,-22.314,25.0,3283.0,0.3825,-0.0086,0.0,0.5158,-0.3191,-0.0507,2.2982,2.4,2.53,2.35,3.02499997615814,down,2026-08-21T11:22:04,0.0,0.0
SPX,2026-09-18,28,Call,6010.0,SPX260918C06010000,1666.9,1689.7,1678.3000000000002,0.0,0.0,0.0,0.0,0.0,0.3918,0.9913,0.0,0.5114,-0.3186,4.5446,1676.4293,0.0,0.0,0.0,1656.95001220703,no_change,,0.0,0.0
SPX,2026-09-18,28,Put,6010.0,SPX260918P06010000,2.15,2.35,2.25,2.5,0.0,0.0,0.0,1936.0,0.3815,-0.0086,0.0,0.5117,-0.3186,-0.0505,2.2702,0.0,0.0,0.0,3.0,up,2026-08-19T14:27:01,0.0,0.0
SPX,2026-09-18,28,Call,6020.0,SPX260918C06020000,1656.5,1679.8,1668.15,1429.61,0.0,0.0,0.0,0.0,0.3907,0.9912,0.0,0.5188,-0.3219,4.5514,1666.4941,0.0,0.0,0.0,1647.04998779297,down,2026-07-24T14:58:29,0.0,0.0
SPX,2026-09-18,28,Put,6020.0,SPX260918P06020000,2.2,2.35,2.2750000000000004,2.45,0.0,0.0,0.0,144.0,0.3803,-0.0087,0.0,0.5191,-0.322,-0.0513,2.3016,0.0,0.0,0.0,3.07500004768372,no_change,2026-08-19T09:30:02,0.0,0.0
SPX,2026-09-18,28,Call,6025.0,SPX260918C06025000,1651.6,1674.8,1663.1999999999998,1165.67,0.0,0.0,0.0,55.0,0.3892,0.9911,0.0,0.5226,-0.3235,4.5548,1661.5267,0.0,0.0,0.0,1641.79998779297,up,2025-11-12T12:42:02,0.0,0.0
SPXW,2026-09-18,28,Call,6025.0,SPXW260918C06025000,1651.0,1674.9,1662.95,0.0,0.0,0.0,0.0,0.0,0.3829,0.9909,0.0,0.5344,-0.3273,4.5536,1661.3243,0.0,0.0,0.0,1644.10003662109,no_change,,0.0,0.0
SPX,2026-09-18,28,Put,6025.0,SPX260918P06025000,2.2,2.4,2.3,2.9,0.0,0.0,0.0,4470.0,0.3792,-0.0088,0.0,0.5228,-0.3236,-0.0517,2.3174,0.0,0.0,0.0,3.10000002384186,no_change,2026-08-20T13:33:36,0.0,0.0
SPXW,2026-09-18,28,Put,6025.0,SPXW260918P06025000,2.25,2.4,2.325,2.5,-0.65,-20.6349,3.0,184.0,0.3789,-0.009,0.0,0.5346,-0.3274,-0.0528,2.3784,2.5,2.5,2.5,3.14999997615814,down,2026-08-21T11:06:31,0.0,0.0
SPX,2026-09-18,28,Call,6030.0,SPX260918C06030000,1646.0,1669.8,1657.9,0.0,0.0,0.0,0.0,0.0,0.3877,0.991,0.0,0.5263,-0.3252,4.5582,1656.5594,0.0,0.0,0.0,1637.65002441406,no_change,,0.0,0.0
SPX,2026-09-18,28,Put,6030.0,SPX260918P06030000,2.2,2.4,2.3,2.45,0.0,0.0,0.0,819.0,0.379,-0.0088,0.0,0.5266,-0.3253,-0.0522,2.3334,0.0,0.0,0.0,3.10000002384186,no_change,2026-08-19T09:30:02,0.0,0.0
SPX,2026-09-18,28,Call,6040.0,SPX260918C06040000,1636.0,1659.7,1647.85,1400.53,0.0,0.0,0.0,1.0,0.3866,0.9909,0.0,0.5339,-0.3285,4.565,1646.625,0.0,0.0,0.0,1627.04998779297,down,2026-07-29T15:17:53,0.0,0.0
SPX,2026-09-18,28,Put,6040.0,SPX260918P06040000,2.25,2.45,2.35,3.1,0.0,0.0,0.0,302.0,0.3767,-0.009,0.0,0.5342,-0.3286,-0.053,2.3656,0.0,0.0,0.0,3.14999997615814,no_change,2026-08-20T14:00:59,0.0,0.0
SPX,2026-09-18,28,Call,6050.0,SPX260918C06050000,1630.2,1650.0,1640.1,1708.45,0.0,0.0,0.0,258.0,0.3854,0.9907,0.0,0.5416,-0.3319,4.5717,1636.6911,0.0,0.0,0.0,1617.15002441406,up,2026-08-06T09:47:50,0.0,0.0
SPXW,2026-09-18,28,Call,6050.0,SPXW260918C06050000,1626.2,1650.1,1638.15,0.0,0.0,0.0,0.0,0.0,0.3793,0.9905,0.0,0.5538,-0.3358,4.5705,1636.4906,0.0,0.0,0.0,1619.34997558594,no_change,,0.0,0.0
SPX,2026-09-18,28,Put,6050.0,SPX260918P06050000,2.3,2.45,2.375,3.0,0.0,0.0,0.0,4418.0,0.375,-0.0091,0.0,0.5416,-0.3319,-0.0539,2.3972,0.0,0.0,0.0,3.19999992847443,no_change,2026-08-20T12:19:21,0.0,0.0
SPXW,2026-09-18,28,Put,6050.0,SPXW260918P06050000,2.35,2.45,2.4000000000000004,2.45,-0.8,-24.6154,85.0,655.0,0.3746,-0.0093,0.0,0.5538,-0.3358,-0.055,2.4602,2.6,2.6,2.45,3.25,down,2026-08-21T15:26:00,0.0,0.0
SPX,2026-09-18,28,Call,6060.0,SPX260918C06060000,1616.8,1640.0,1628.4,1200.3,0.0,0.0,0.0,1.0,0.3825,0.9906,0.0,0.5493,-0.3353,4.5785,1626.7576,0.0,0.0,0.0,1607.29998779297,down,2026-04-20T14:31:51,0.0,0.0
SPX,2026-09-18,28,Put,6060.0,SPX260918P06060000,2.3,2.5,2.4,2.6,0.0,0.0,0.0,369.0,0.3732,-0.0093,0.0,0.5493,-0.3353,-0.0548,2.4302,0.0,0.0,0.0,3.25,no_change,2026-08-19T09:30:02,0.0,0.0
SPX,2026-09-18,28,Call,6070.0,SPX260918C06070000,1606.8,1630.1,1618.4499999999998,0.0,0.0,0.0,0.0,0.0,0.3813,0.9904,0.0,0.5572,-0.3387,4.5852,1616.8244,0.0,0.0,0.0,1597.5,no_change,,0.0,0.0
SPX,2026-09-18,28,Put,6070.0,SPX260918P06070000,2.35,2.55,2.45,2.4,-0.9,-27.2727,1.0,230.0,0.3718,-0.0094,0.0,0.5574,-0.3388,-0.0557,2.4647,2.4,2.4,2.4,3.30000007152557,down,2026-08-21T15:45:08,0.0,0.0
SPX,2026-09-18,28,Call,6075.0,SPX260918C06075000,1601.8,1625.1,1613.4499999999998,1254.74,0.0,0.0,0.0,10.0,0.3798,0.9903,0.0,0.5611,-0.3404,4.5886,1611.8581,0.0,0.0,0.0,1592.14996337891,down,2026-05-04T15:55:37,0.0,0.0
SPXW,2026-09-18,28,Call,6075.0,SPXW260918C06075000,1601.4,1625.2,1613.3000000000002,1628.98,35.68,2.23938,2.0,0.0,0.3756,0.9901,0.0,0.5737,-0.3444,4.5874,1611.6597,1628.98,1628.98,1628.98,1593.29998779297,up,2026-08-21T12:02:27,0.0,0.0
SPX,2026-09-18,28,Put,6075.0,SPX260918P06075000,2.35,2.55,2.45,2.4,-0.9,-27.2727,25.0,2603.0,0.3707,-0.0095,0.0,0.5613,-0.3405,-0.0561,2.4813,2.6,2.6,2.4,3.30000007152557,down,2026-08-21T15:48:03,0.0,0.0
SPXW,2026-09-18,28,Put,6075.0,SPXW260918P06075000,2.4,2.55,2.4749999999999996,2.65,-0.75,-22.0588,2.0,362.0,0.3703,-0.0097,0.0,0.5738,-0.3445,-0.0573,2.5467,2.65,2.65,2.65,3.39999997615814,down,2026-08-21T11:06:29,0.0,0.0
SPX,2026-09-18,28,Call,6080.0,SPX260918C06080000,1596.3,1620.1,1608.1999999999998,0.0,0.0,0.0,0.0,0.0,0.38,0.9902,0.0,0.5651,-0.3422,4.5919,1606.8918,0.0,0.0,0.0,1587.40002441406,no_change,,0.0,0.0
SPX,2026-09-18,28,Put,6080.0,SPX260918P06080000,2.4,2.55,2.4749999999999996,2.45,-0.85,-25.7576,1.0,498.0,0.3701,-0.0096,0.0,0.5651,-0.3422,-0.0566,2.4976,2.45,2.45,2.45,3.30000007152557,down,2026-08-21T15:37:26,0.0,0.0
SPX,2026-09-18,28,Call,6090.0,SPX260918C06090000,1586.4,1610.1,1598.25,0.0,0.0,0.0,0.0,0.0,0.3772,0.9901,0.0,0.5732,-0.3456,4.5986,1596.9595,0.0,0.0,0.0,1577.45001220703,no_change,,0.0,0.0
SPX,2026-09-18,28,Put,6090.0,SPX260918P06090000,2.4,2.6,2.5,2.45,-0.95,-27.9412,1.0,241.0,0.3687,-0.0098,0.0,0.5734,-0.3457,-0.0575,2.5326,2.45,2.45,2.45,3.39999997615814,down,2026-08-21T15:48:03,0.0,0.0
SPX,2026-09-18,28,Call,6100.0,SPX260918C06100000,1576.4,1600.3,1588.35,1594.33,26.93,1.71813,1.0,536.0,0.3759,0.9899,0.0,0.5814,-0.3491,4.6053,1587.0277,1594.33,1594.33,1594.33,1567.40002441406,down,2026-08-21T12:19:18,0.0,0.0
SPXW,2026-09-18,28,Call,6100.0,SPXW260918C06100000,1576.5,1600.4,1588.45,1434.36,0.0,0.0,0.0,1.0,0.37,0.9897,0.0,0.5943,-0.3531,4.6041,1586.8314,0.0,0.0,0.0,1569.80004882812,up,2026-05-11T11:26:15,0.0,0.0
SPX,2026-09-18,28,Put,6100.0,SPX260918P06100000,2.45,2.65,2.55,2.52,-0.88,-25.8824,289.0,12018.0,0.3668,-0.0099,0.0,0.5816,-0.3492,-0.0585,2.5673,2.72,2.9,2.52,3.39999997615814,down,2026-08-21T16:05:08,0.0,0.0
SPXW,2026-09-18,28,Put,6100.0,SPXW260918P06100000,2.5,2.65,2.575,2.69,-0.81,-23.1429,6.0,544.0,0.3664,-0.0101,0.0,0.5944,-0.3532,-0.0597,2.6348,2.75,2.75,2.69,3.5,no_change,2026-08-21T12:58:31,0.0,0.0
SPX,2026-09-18,28,Call,6110.0,SPX260918C06110000,1566.5,1590.4,1578.45,0.0,0.0,0.0,0.0,0.0,0.3746,0.9898,0.0,0.5896,-0.3526,4.612,1577.0964,0.0,0.0,0.0,1557.75,no_change,,0.0,0.0
SPX,2026-09-18,28,Put,6110.0,SPX260918P06110000,2.5,2.7,2.6,2.55,-0.95,-27.1429,1.0,213.0,0.3654,-0.0101,0.0,0.5899,-0.3527,-0.0594,2.6028,2.55,2.55,2.55,3.5,down,2026-08-21T15:44:39,0.0,0.0
SPX,2026-09-18,28,Call,6120.0,SPX260918C06120000,1556.6,1580.4,1568.5,0.0,0.0,0.0,0.0,0.0,0.3718,0.9896,0.0,0.5981,-0.3562,4.6187,1567.1655,0.0,0.0,0.0,1547.79998779297,no_change,,0.0,0.0
SPX,2026-09-18,28,Put,6120.0,SPX260918P06120000,2.5,2.7,2.6,2.55,-0.95,-27.1429,1.0,238.0,0.3636,-0.0102,0.0,0.5982,-0.3562,-0.0604,2.6382,2.55,2.55,2.55,3.5,down,2026-08-21T15:48:02,0.0,0.0
SPX,2026-09-18,28,Call,6125.0,SPX260918C06125000,1552.0,1575.5,1563.75,1434.91,0.0,0.0,0.0,54.0,0.3719,0.9895,0.0,0.6023,-0.358,4.622,1562.2002,0.0,0.0,0.0,1542.64996337891,up,2026-05-15T14:16:50,0.0,0.0
SPXW,2026-09-18,28,Call,6125.0,SPXW260918C06125000,1551.7,1575.6,1563.65,1580.93,37.23,2.41174,24.0,0.0,0.3662,0.9893,0.0,0.6157,-0.362,4.6207,1562.006,1580.93,1580.93,1580.93,1543.70001220703,up,2026-08-21T11:47:42,0.0,0.0
SPX,2026-09-18,28,Put,6125.0,SPX260918P06125000,2.55,2.7,2.625,2.6,-0.95,-26.7606,4.0,2015.0,0.3625,-0.0103,0.0,0.6023,-0.358,-0.0609,2.6556,2.6,2.65,2.6,3.55000007152557,no_change,2026-08-21T15:59:30,0.0,0.0
SPXW,2026-09-18,28,Put,6125.0,SPXW260918P06125000,2.6,2.75,2.675,2.9,-0.7,-19.4444,3.0,604.0,0.3625,-0.0105,0.0,0.6158,-0.3621,-0.0621,2.7258,2.85,2.9,2.85,3.60000002384186,up,2026-08-21T11:12:21,0.0,0.0
SPX,2026-09-18,28,Call,6130.0,SPX260918C06130000,1546.6,1570.3,1558.4499999999998,1642.58,0.0,0.0,0.0,2.0,0.3705,0.9894,0.0,0.6066,-0.3598,4.6254,1557.235,0.0,0.0,0.0,1537.80004882812,up,2026-08-11T09:54:16,0.0,0.0
SPX,2026-09-18,28,Put,6130.0,SPX260918P06130000,2.55,2.75,2.65,2.6,-1.0,-27.7778,1.0,287.0,0.3622,-0.0104,0.0,0.6068,-0.3598,-0.0614,2.6743,2.6,2.6,2.6,3.60000002384186,down,2026-08-21T15:47:12,0.0,0.0
SPX,2026-09-18,28,Call,6140.0,SPX260918C06140000,1539.6,1560.6,1550.1,0.0,0.0,0.0,0.0,0.0,0.3692,0.9893,0.0,0.6153,-0.3634,4.632,1547.305,0.0,0.0,0.0,1528.65002441406,no_change,,0.0,0.0
SPX,2026-09-18,28,Put,6140.0,SPX260918P06140000,2.6,2.8,2.7,3.0,0.0,0.0,0.0,222.0,0.3608,-0.0106,0.0,0.6155,-0.3634,-0.0624,2.7108,0.0,0.0,0.0,3.60000002384186,up,2026-08-19T14:27:09,0.0,0.0
SPX,2026-09-18,28,Call,6150.0,SPX260918C06150000,1527.4,1550.6,1539.0,1575.25,0.0,0.0,0.0,412.0,0.3663,0.9891,0.0,0.6241,-0.367,4.6386,1537.3755,0.0,0.0,0.0,1517.5,up,2026-08-18T12:55:26,0.0,0.0
SPXW,2026-09-18,28,Call,6150.0,SPXW260918C06150000,1526.9,1550.7,1538.8000000000002,1554.52,35.62,2.34512,2.0,0.0,0.3623,0.9889,0.0,0.6379,-0.3711,4.6373,1537.1836,1554.52,1554.52,1554.52,1518.90002441406,up,2026-08-21T12:03:34,0.0,0.0
SPX,2026-09-18,28,Put,6150.0,SPX260918P06150000,2.65,2.8,2.7249999999999996,2.7,-1.0,-27.027,1.0,6764.0,0.3589,-0.0107,0.0,0.6244,-0.3671,-0.0634,2.7482,2.7,2.7,2.7,3.69999992847443,down,2026-08-21T15:44:13,0.0,0.0
SPXW,2026-09-18,28,Put,6150.0,SPXW260918P06150000,2.7,2.8,2.75,2.9,-0.8,-21.6216,5.0,557.0,0.3584,-0.011,0.0,0.638,-0.3712,-0.0647,2.8198,3.1,3.1,2.9,3.69999992847443,no_change,2026-08-21T13:31:31,0.0,0.0
SPX,2026-09-18,28,Call,6160.0,SPX260918C06160000,1516.8,1540.5,1528.65,1640.77,0.0,0.0,0.0,3.0,0.365,0.9889,0.0,0.633,-0.3707,4.6452,1527.4465,0.0,0.0,0.0,1508.04998779297,up,2026-08-14T15:44:34,0.0,0.0
SPX,2026-09-18,28,Put,6160.0,SPX260918P06160000,2.65,2.85,2.75,2.7,-1.0,-27.027,1.0,655.0,0.357,-0.0109,0.0,0.6333,-0.3707,-0.0644,2.7857,2.7,2.7,2.7,3.69999992847443,down,2026-08-21T15:47:14,0.0,0.0
SPX,2026-09-18,28,Call,6170.0,SPX260918C06170000,1506.9,1530.8,1518.85,0.0,0.0,0.0,0.0,0.0,0.3636,0.9887,0.0,0.6422,-0.3743,4.6518,1517.518,0.0,0.0,0.0,1498.20001220703,no_change,,0.0,0.0
SPX,2026-09-18,28,Put,6170.0,SPX260918P06170000,2.7,2.9,2.8,2.8,-1.0,-26.3158,1.0,246.0,0.356,-0.0111,0.0,0.6424,-0.3744,-0.0655,2.8237,2.8,2.8,2.8,3.80000007152557,down,2026-08-21T15:35:47,0.0,0.0
SPX,2026-09-18,28,Call,6175.0,SPX260918C06175000,1502.6,1525.8,1514.1999999999998,1274.22,0.0,0.0,0.0,187.0,0.3622,0.9886,0.0,0.6468,-0.3762,4.6551,1512.5539,0.0,0.0,0.0,1492.75,up,2026-07-29T14:05:12,0.0,0.0
SPXW,2026-09-18,28,Call,6175.0,SPXW260918C06175000,1502.0,1525.9,1513.95,1515.07,20.77,1.38995,80.0,0.0,0.3583,0.9884,0.0,0.6611,-0.3804,4.6537,1512.3642,1515.07,1515.07,1515.07,1494.29998779297,up,2026-08-21T14:05:13,0.0,0.0
SPX,2026-09-18,28,Put,6175.0,SPX260918P06175000,2.75,2.9,2.825,2.8,-1.0,-26.3158,1.0,2720.0,0.3545,-0.0112,0.0,0.6468,-0.3762,-0.066,2.8421,2.8,2.8,2.8,3.80000007152557,down,2026-08-21T15:37:14,0.0,0.0
SPXW,2026-09-18,28,Put,6175.0,SPXW260918P06175000,2.8,2.9,2.8499999999999996,3.1,-0.8,-20.5128,12.0,539.0,0.3543,-0.0114,0.0,0.6612,-0.3805,-0.0673,2.9168,3.1,3.1,3.1,3.89999997615814,no_change,2026-08-21T11:06:33,0.0,0.0
SPX,2026-09-18,28,Call,6180.0,SPX260918C06180000,1497.0,1520.8,1508.9,0.0,0.0,0.0,0.0,0.0,0.3608,0.9886,0.0,0.6514,-0.378,4.6584,1507.5899,0.0,0.0,0.0,1488.34997558594,no_change,,0.0,0.0
SPX,2026-09-18,28,Put,6180.0,SPX260918P06180000,2.75,2.95,2.85,2.8,-1.05,-27.2727,1.0,231.0,0.3537,-0.0113,0.0,0.6516,-0.3781,-0.0666,2.8619,2.8,2.8,2.8,3.85000002384186,down,2026-08-21T15:44:39,0.0,0.0
SPX,2026-09-18,28,Call,6190.0,SPX260918C06190000,1487.1,1510.9,1499.0,0.0,0.0,0.0,0.0,0.0,0.3594,0.9884,0.0,0.6609,-0.3818,4.6649,1497.6624,0.0,0.0,0.0,1478.39996337891,no_change,,0.0,0.0
SPX,2026-09-18,28,Put,6190.0,SPX260918P06190000,2.8,3.0,2.9,2.8,-1.1,-28.2051,2.0,424.0,0.3526,-0.0115,0.0,0.661,-0.3818,-0.0676,2.9009,2.85,2.85,2.8,3.89999997615814,down,2026-08-21T15:48:03,0.0,0.0
SPX,2026-09-18,28,Call,6200.0,SPX260918C06200000,1485.2,1493.2,1489.2,1494.75,26.4,1.79793,2.0,3623.0,0.3558,0.9882,0.0,0.6705,-0.3856,4.6715,1487.7354,1493.86,1494.75,1493.86,1468.35003662109,up,2026-08-21T15:29:19,0.0,0.0
SPXW,2026-09-18,28,Call,6200.0,SPXW260918C06200000,1477.2,1501.1,1489.15,1377.93,0.0,0.0,0.0,1.0,0.3528,0.988,0.0,0.6853,-0.3898,4.67,1487.5481,0.0,0.0,0.0,1469.60003662109,up,2026-06-18T11:57:18,0.0,0.0
SPX,2026-09-18,28,Put,6200.0,SPX260918P06200000,2.85,3.0,2.925,2.87,-1.08,-27.3418,225.0,17744.0,0.3503,-0.0117,0.0,0.6705,-0.3856,-0.0687,2.9401,3.16,3.16,2.85,3.94999992847443,no_change,2026-08-21T16:04:34,0.0,0.0
SPXW,2026-09-18,28,Put,6200.0,SPXW260918P06200000,2.9,3.0,2.95,2.98,-1.02,-25.5,48.0,1538.0,0.3502,-0.0119,0.0,0.6854,-0.3899,-0.0701,3.0171,3.2,3.2,2.85,4.0,no_change,2026-08-21T16:14:36,0.0,0.0
SPX,2026-09-18,28,Call,6210.0,SPX260918C06210000,1467.8,1491.1,1479.4499999999998,1342.59,0.0,0.0,0.0,1.0,0.3567,0.988,0.0,0.6802,-0.3894,4.678,1477.8089,0.0,0.0,0.0,1458.40002441406,up,2026-07-21T12:06:07,0.0,0.0
SPX,2026-09-18,28,Put,6210.0,SPX260918P06210000,2.85,3.1,2.975,2.95,-1.05,-26.25,1.0,485.0,0.3488,-0.0119,0.0,0.6804,-0.3894,-0.0699,2.9806,2.95,2.95,2.95,4.0,down,2026-08-21T15:36:54,0.0,0.0
SPX,2026-09-18,28,Call,6220.0,SPX260918C06220000,1457.3,1481.1,1469.1999999999998,0.0,0.0,0.0,0.0,0.0,0.3538,0.9878,0.0,0.6902,-0.3932,4.6844,1467.883,0.0,0.0,0.0,1448.70001220703,no_change,,0.0,0.0
SPX,2026-09-18,28,Put,6220.0,SPX260918P06220000,2.9,3.1,3.0,2.95,-1.1,-27.1605,1.0,232.0,0.3476,-0.0121,0.0,0.6903,-0.3932,-0.071,3.0212,2.95,2.95,2.95,4.04999995231628,down,2026-08-21T15:44:39,0.0,0.0
SPX,2026-09-18,28,Call,6225.0,SPX260918C06225000,1452.9,1476.2,1464.5500000000002,822.45,0.0,0.0,0.0,150.0,0.3538,0.9877,0.0,0.6952,-0.3951,4.6877,1462.9203,0.0,0.0,0.0,1443.75,down,2026-03-11T15:22:15,0.0,0.0
SPXW,2026-09-18,28,Call,6225.0,SPXW260918C06225000,1452.4,1476.3,1464.35,0.0,0.0,0.0,0.0,0.0,0.3487,0.9874,0.0,0.7106,-0.3995,4.6862,1462.7355,0.0,0.0,0.0,1444.79998779297,no_change,,0.0,0.0
SPX,2026-09-18,28,Put,6225.0,SPX260918P06225000,2.95,3.1,3.0250000000000004,3.0,-1.1,-26.8293,3.0,14414.0,0.3468,-0.0122,0.0,0.6954,-0.3951,-0.0716,3.0417,3.0,3.0,2.95,4.09999990463257,up,2026-08-21T15:57:48,0.0,0.0
SPXW,2026-09-18,28,Put,6225.0,SPXW260918P06225000,3.0,3.2,3.1,3.3,-0.9,-21.4286,1.0,349.0,0.3459,-0.0124,0.0,0.7107,-0.3996,-0.0731,3.1208,3.3,3.3,3.3,4.20000004768372,down,2026-08-21T11:05:36,0.0,0.0
SPX,2026-09-18,28,Call,6230.0,SPX260918C06230000,1447.9,1471.2,1459.5500000000002,1348.66,0.0,0.0,0.0,1.0,0.3524,0.9876,0.0,0.7002,-0.397,4.6909,1457.9577,0.0,0.0,0.0,1438.95001220703,up,2026-06-18T14:16:18,0.0,0.0
SPX,2026-09-18,28,Put,6230.0,SPX260918P06230000,2.95,3.2,3.075,3.0,-1.1,-26.8293,1.0,438.0,0.3457,-0.0123,0.0,0.7004,-0.397,-0.0722,3.0624,3.0,3.0,3.0,4.09999990463257,down,2026-08-21T15:44:39,0.0,0.0
SPX,2026-09-18,28,Call,6240.0,SPX260918C06240000,1441.7,1461.3,1451.5,530.46,0.0,0.0,0.0,50.0,0.351,0.9874,0.0,0.7105,-0.4009,4.6973,1448.0329,0.0,0.0,0.0,1428.40002441406,no_change,2026-03-27T15:48:12,0.0,0.0
SPX,2026-09-18,28,Put,6240.0,SPX260918P06240000,3.0,3.2,3.1,3.1,-1.05,-25.3012,27.0,351.0,0.3445,-0.0125,0.0,0.7107,-0.4009,-0.0734,3.1042,3.1,3.1,3.1,4.15000009536743,no_change,2026-08-21T15:31:31,0.0,0.0
SPX,2026-09-18,28,Call,6250.0,SPX260918C06250000,1427.5,1451.3,1439.4,1552.12,0.0,0.0,0.0,234.0,0.3482,0.9872,0.0,0.7209,-0.4049,4.7038,1438.1087,0.0,0.0,0.0,1418.89996337891,down,2026-08-14T15:45:14,0.0,0.0
SPXW,2026-09-18,28,Call,6250.0,SPXW260918C06250000,1427.6,1451.5,1439.55,1439.83,18.73,1.31799,15.0,2.0,0.3445,0.9869,0.0,0.7368,-0.4093,4.7022,1437.9266,1439.83,1439.83,1439.83,1421.09997558594,no_change,2026-08-21T14:05:59,0.0,0.0
SPX,2026-09-18,28,Put,6250.0,SPX260918P06250000,3.0,3.2,3.1,3.0,-1.25,-29.4118,2.0,8312.0,0.3426,-0.0127,0.0,0.7211,-0.4049,-0.0747,3.1466,3.1,3.1,3.0,4.25,down,2026-08-21T15:59:55,0.0,0.0
SPXW,2026-09-18,28,Put,6250.0,SPXW260918P06250000,3.1,3.3,3.2,3.35,-0.95,-22.093,4.0,32568.0,0.3416,-0.0129,0.0,0.7369,-0.4094,-0.0762,3.2283,3.4,3.4,3.35,4.29999995231628,down,2026-08-21T14:57:23,0.0,0.0
SPX,2026-09-18,28,Call,6260.0,SPX260918C06260000,1417.6,1441.4,1429.5,1461.87,0.0,0.0,0.0,3.0,0.3467,0.987,0.0,0.7315,-0.4088,4.7101,1428.1852,0.0,0.0,0.0,1408.84997558594,down,2026-08-18T13:30:50,0.0,0.0
SPX,2026-09-18,28,Put,6260.0,SPX260918P06260000,3.1,3.3,3.2,3.1,-1.2,-27.907,2.0,398.0,0.341,-0.0129,0.0,0.7317,-0.4088,-0.0759,3.1896,3.2,3.2,3.1,4.29999995231628,down,2026-08-21T15:47:12,0.0,0.0
SPX,2026-09-18,28,Call,6270.0,SPX260918C06270000,1407.6,1431.5,1419.55,1257.73,0.0,0.0,0.0,6.0,0.3453,0.9868,0.0,0.7423,-0.4128,4.7165,1418.2622,0.0,0.0,0.0,1399.04998779297,up,2026-07-31T16:00:06,0.0,0.0
SPX,2026-09-18,28,Put,6270.0,SPX260918P06270000,3.1,3.3,3.2,3.2,-1.15,-26.4368,1.0,318.0,0.3387,-0.0131,0.0,0.7424,-0.4128,-0.0772,3.2332,3.2,3.2,3.2,4.34999990463257,down,2026-08-21T15:37:02,0.0,0.0
SPX,2026-09-18,28,Call,6275.0,SPX260918C06275000,1402.7,1426.5,1414.6,629.2,0.0,0.0,0.0,524.0,0.3439,0.9866,0.0,0.7477,-0.4148,4.7197,1413.301,0.0,0.0,0.0,1394.09997558594,up,2026-04-01T15:44:07,0.0,0.0
SPXW,2026-09-18,28,Call,6275.0,SPXW260918C06275000,1402.8,1426.7,1414.75,0.0,0.0,0.0,0.0,0.0,0.3403,0.9864,0.0,0.7641,-0.4194,4.718,1413.1216,0.0,0.0,0.0,1395.09997558594,no_change,,0.0,0.0
SPX,2026-09-18,28,Put,6275.0,SPX260918P06275000,3.1,3.4,3.25,3.1,-1.3,-29.5455,3.0,4272.0,0.3382,-0.0132,0.0,0.7479,-0.4148,-0.0779,3.2553,3.2,3.2,3.1,4.40000009536743,down,2026-08-21T15:59:55,0.0,0.0
SPXW,2026-09-18,28,Put,6275.0,SPXW260918P06275000,3.2,3.4,3.3,3.45,-1.05,-23.3333,8.0,23850.0,0.3373,-0.0135,0.0,0.7642,-0.4194,-0.0794,3.3397,3.6,3.6,3.45,4.5,no_change,2026-08-21T14:57:23,0.0,0.0
SPX,2026-09-18,28,Call,6280.0,SPX260918C06280000,1398.3,1421.6,1409.9499999999998,0.0,0.0,0.0,0.0,0.0,0.3438,0.9865,0.0,0.7532,-0.4168,4.7228,1408.34,0.0,0.0,0.0,1389.04998779297,no_change,,0.0,0.0
SPX,2026-09-18,28,Put,6280.0,SPX260918P06280000,3.1,3.4,3.25,3.2,-1.2,-27.2727,2.0,522.0,0.3371,-0.0133,0.0,0.7534,-0.4168,-0.0785,3.2775,3.2,3.2,3.2,4.40000009536743,no_change,2026-08-21T15:47:12,0.0,0.0
SPX,2026-09-18,28,Call,6290.0,SPX260918C06290000,1387.8,1410.3,1399.05,0.0,0.0,0.0,0.0,0.0,0.3423,0.9863,0.0,0.7642,-0.4209,4.7291,1398.4184,0.0,0.0,0.0,1379.15002441406,no_change,,0.0,0.0
SPX,2026-09-18,28,Put,6290.0,SPX260918P06290000,3.2,3.4,3.3,3.3,-1.2,-26.6667,1.0,771.0,0.3355,-0.0135,0.0,0.7644,-0.4209,-0.0798,3.3224,3.3,3.3,3.3,4.5,down,2026-08-21T15:36:24,0.0,0.0
SPX,2026-09-18,28,Call,6300.0,SPX260918C06300000,1386.1,1393.9,1390.0,1473.63,0.0,0.0,0.0,5404.0,0.3369,0.9861,0.0,0.7754,-0.425,4.7354,1388.4974,0.0,0.0,0.0,1369.34997558594,up,2026-08-17T14:04:43,0.0,0.0
SPXW,2026-09-18,28,Call,6300.0,SPXW260918C06300000,1378.0,1401.9,1389.95,1474.49,0.0,0.0,0.0,2.0,0.336,0.9858,0.0,0.7923,-0.4296,4.7337,1388.3209,0.0,0.0,0.0,1370.5,no_change,2026-08-17T13:42:23,0.0,0.0
SPX,2026-09-18,28,Put,6300.0,SPX260918P06300000,3.2,3.5,3.35,3.3,-1.25,-27.4725,206.0,19772.0,0.3338,-0.0138,0.0,0.7756,-0.425,-0.0812,3.368,3.6,3.6,3.3,4.54999995231628,no_change,2026-08-21T16:04:12,0.0,0.0
SPXW,2026-09-18,28,Put,6300.0,SPXW260918P06300000,3.3,3.5,3.4,3.38,-1.22,-26.5217,518.0,2953.0,0.3336,-0.014,0.0,0.7924,-0.4297,-0.0829,3.4554,3.87,3.87,3.38,4.59999990463257,no_change,2026-08-21T16:14:36,0.0,0.0
SPX,2026-09-18,28,Call,6310.0,SPX260918C06310000,1368.5,1391.8,1380.15,0.0,0.0,0.0,0.0,0.0,0.338,0.9858,0.0,0.7868,-0.4291,4.7416,1378.5772,0.0,0.0,0.0,1359.39996337891,no_change,,0.0,0.0
SPX,2026-09-18,28,Put,6310.0,SPX260918P06310000,3.3,3.5,3.4,3.4,-1.2,-26.087,159.0,675.0,0.3322,-0.014,0.0,0.787,-0.4291,-0.0826,3.4144,3.85,3.85,3.4,4.59999990463257,down,2026-08-21T15:35:48,0.0,0.0
SPX,2026-09-18,28,Call,6320.0,SPX260918C06320000,1358.6,1381.9,1370.25,1432.09,0.0,0.0,0.0,1.0,0.3365,0.9856,0.0,0.7984,-0.4333,4.7479,1368.6577,0.0,0.0,0.0,1349.5,down,2026-08-11T13:18:12,0.0,0.0
SPX,2026-09-18,28,Put,6320.0,SPX260918P06320000,3.3,3.6,3.45,3.4,-1.25,-26.8817,1.0,551.0,0.3305,-0.0142,0.0,0.7985,-0.4333,-0.084,3.4614,3.4,3.4,3.4,4.65000009536743,down,2026-08-21T15:44:39,0.0,0.0
SPX,2026-09-18,28,Call,6325.0,SPX260918C06325000,1353.1,1376.8,1364.9499999999998,1489.82,0.0,0.0,0.0,619.0,0.3351,0.9855,0.0,0.8042,-0.4354,4.751,1363.6982,0.0,0.0,0.0,1344.54998779297,up,2026-08-13T11:11:02,0.0,0.0
SPXW,2026-09-18,28,Call,6325.0,SPXW260918C06325000,1353.2,1377.1,1365.15,0.0,0.0,0.0,0.0,0.0,0.3317,0.9852,0.0,0.8215,-0.4401,4.7492,1363.5248,0.0,0.0,0.0,1345.69995117188,no_change,,0.0,0.0
SPX,2026-09-18,28,Put,6325.0,SPX260918P06325000,3.4,3.6,3.5,3.4,-1.3,-27.6596,1.0,1952.0,0.33,-0.0144,0.0,0.8044,-0.4354,-0.0847,3.4852,3.4,3.4,3.4,4.70000004768372,down,2026-08-21T15:47:12,0.0,0.0
SPXW,2026-09-18,28,Put,6325.0,SPXW260918P06325000,3.4,3.6,3.5,3.5,-1.3,-27.0833,15.0,375.0,0.3291,-0.0146,0.0,0.8216,-0.4402,-0.0864,3.5755,3.8,3.9,3.4,4.79999995231628,no_change,2026-08-21T15:56:57,0.0,0.0
SPX,2026-09-18,28,Call,6330.0,SPX260918C06330000,1351.1,1372.0,1361.55,0.0,0.0,0.0,0.0,0.0,0.3349,0.9854,0.0,0.81,-0.4375,4.7541,1358.7389,0.0,0.0,0.0,1339.54998779297,no_change,,0.0,0.0
SPX,2026-09-18,28,Put,6330.0,SPX260918P06330000,3.4,3.6,3.5,3.4,-1.35,-28.4211,2.0,2254.0,0.3289,-0.0145,0.0,0.8102,-0.4375,-0.0855,3.5092,3.5,3.5,3.4,4.75,down,2026-08-21T15:48:02,0.0,0.0
SPX,2026-09-18,28,Call,6340.0,SPX260918C06340000,1338.2,1362.0,1350.1,1435.07,0.0,0.0,0.0,1.0,0.3334,0.9851,0.0,0.8219,-0.4418,4.7602,1348.8209,0.0,0.0,0.0,1329.65002441406,down,2026-08-17T15:00:19,0.0,0.0
SPX,2026-09-18,28,Put,6340.0,SPX260918P06340000,3.4,3.7,3.55,3.5,-1.3,-27.0833,1.0,778.0,0.3272,-0.0147,0.0,0.822,-0.4417,-0.0869,3.5577,3.5,3.5,3.5,4.79999995231628,down,2026-08-21T15:44:39,0.0,0.0
SPX,2026-09-18,28,Call,6350.0,SPX260918C06350000,1328.9,1352.1,1340.5,1452.92,0.0,0.0,0.0,1773.0,0.3306,0.9849,0.0,0.8339,-0.4461,4.7664,1338.9036,0.0,0.0,0.0,1319.79998779297,up,2026-08-14T15:03:35,0.0,0.0
SPXW,2026-09-18,28,Call,6350.0,SPXW260918C06350000,1328.4,1352.3,1340.35,1436.25,0.0,0.0,0.0,4.0,0.3273,0.9846,0.0001,0.8517,-0.4509,4.7646,1338.7334,0.0,0.0,0.0,1320.95001220703,up,2026-08-10T10:25:49,0.0,0.0
SPX,2026-09-18,28,Put,6350.0,SPX260918P06350000,3.5,3.7,3.6,3.5,-1.4,-28.5714,65.0,8057.0,0.3255,-0.015,0.0,0.8341,-0.446,-0.0884,3.607,3.98,4.1,3.5,4.90000009536743,down,2026-08-21T15:47:53,0.0,0.0
SPXW,2026-09-18,28,Put,6350.0,SPXW260918P06350000,3.6,3.7,3.6500000000000004,3.7,-1.3,-26.0,9.0,34800.0,0.3246,-0.0153,0.0001,0.8518,-0.4509,-0.0902,3.7005,4.0,4.0,3.7,5.0,down,2026-08-21T16:05:50,0.0,0.0
SPX,2026-09-18,28,Call,6360.0,SPX260918C06360000,1318.9,1342.2,1330.5500000000002,1415.65,0.0,0.0,0.0,1.0,0.329,0.9846,0.0001,0.8461,-0.4504,4.7725,1328.9872,0.0,0.0,0.0,1309.84997558594,down,2026-08-17T14:27:12,0.0,0.0
SPX,2026-09-18,28,Put,6360.0,SPX260918P06360000,3.5,3.8,3.65,3.6,-1.35,-27.2727,9.0,772.0,0.3238,-0.0152,0.0001,0.8462,-0.4504,-0.09,3.6571,3.8,3.8,3.6,4.95000004768372,no_change,2026-08-21T15:51:21,0.0,0.0
SPX,2026-09-18,28,Call,6370.0,SPX260918C06370000,1308.4,1332.3,1320.35,1093.79,0.0,0.0,0.0,24.0,0.3274,0.9844,0.0001,0.8584,-0.4548,4.7786,1319.0715,0.0,0.0,0.0,1300.0,up,2026-07-27T15:40:31,0.0,0.0
SPX,2026-09-18,28,Put,6370.0,SPX260918P06370000,3.6,3.8,3.7,3.6,-1.45,-28.7129,4.0,611.0,0.3221,-0.0155,0.0001,0.8586,-0.4547,-0.0915,3.708,4.0,4.0,3.6,5.04999995231628,no_change,2026-08-21T15:47:50,0.0,0.0
SPX,2026-09-18,28,Call,6375.0,SPX260918C06375000,1306.7,1327.4,1317.0500000000002,1337.7,42.6,3.28932,1.0,256.0,0.3261,0.9842,0.0001,0.8647,-0.457,4.7816,1314.114,1337.7,1337.7,1337.7,1295.10003662109,up,2026-08-21T11:54:02,0.0,0.0
SPXW,2026-09-18,28,Call,6375.0,SPXW260918C06375000,1303.6,1327.5,1315.55,0.0,0.0,0.0,0.0,0.0,0.3228,0.9839,0.0001,0.883,-0.4619,4.7798,1313.9471,0.0,0.0,0.0,1296.29998779297,no_change,,0.0,0.0
SPX,2026-09-18,28,Put,6375.0,SPX260918P06375000,3.6,3.9,3.75,3.95,-1.1,-21.7822,2.0,3792.0,0.3216,-0.0156,0.0001,0.8649,-0.4569,-0.0923,3.7338,4.0,4.0,3.95,5.04999995231628,down,2026-08-21T11:54:02,0.0,0.0
SPXW,2026-09-18,28,Put,6375.0,SPXW260918P06375000,3.7,3.9,3.8,3.9,-1.25,-24.2718,9.0,23796.0,0.3206,-0.0159,0.0001,0.8831,-0.4619,-0.0941,3.8305,4.1,4.1,3.9,5.14999985694885,down,2026-08-21T15:01:42,0.0,0.0
SPX,2026-09-18,28,Call,6380.0,SPX260918C06380000,1298.9,1322.4,1310.65,1039.9,0.0,0.0,0.0,1.0,0.3258,0.9841,0.0001,0.871,-0.4592,4.7847,1309.1567,0.0,0.0,0.0,1290.10003662109,down,2026-07-29T15:27:13,0.0,0.0
SPX,2026-09-18,28,Put,6380.0,SPX260918P06380000,3.6,3.9,3.75,3.7,-1.4,-27.451,13.0,428.0,0.3204,-0.0158,0.0001,0.8712,-0.4592,-0.0931,3.7597,4.3,4.3,3.7,5.09999990463257,down,2026-08-21T15:44:39,0.0,0.0
SPX,2026-09-18,28,Call,6390.0,SPX260918C06390000,1288.6,1312.4,1300.5,0.0,0.0,0.0,0.0,0.0,0.3242,0.9838,0.0001,0.8838,-0.4637,4.7907,1299.2427,0.0,0.0,0.0,1280.25,no_change,,0.0,0.0
SPX,2026-09-18,28,Put,6390.0,SPX260918P06390000,3.7,3.9,3.8,3.7,-1.45,-28.1553,3.0,439.0,0.3187,-0.016,0.0001,0.8839,-0.4636,-0.0947,3.8123,4.0,4.0,3.7,5.15000009536743,down,2026-08-21T15:48:02,0.0,0.0
SPX,2026-09-18,28,Call,6400.0,SPX260918C06400000,1287.0,1294.5,1290.75,1326.38,0.0,0.0,0.0,3204.0,0.3192,0.9835,0.0001,0.8967,-0.4682,4.7967,1289.3296,0.0,0.0,0.0,1270.34997558594,down,2026-08-18T12:48:09,0.0,0.0
SPXW,2026-09-18,28,Call,6400.0,SPXW260918C06400000,1278.8,1302.7,1290.75,1340.4,0.0,0.0,0.0,15.0,0.3183,0.9832,0.0001,0.9157,-0.4732,4.7948,1289.1662,0.0,0.0,0.0,1271.45001220703,down,2026-08-19T09:44:59,0.0,0.0
SPX,2026-09-18,28,Put,6400.0,SPX260918P06400000,3.8,4.0,3.9,3.9,-1.35,-25.7143,440.0,17758.0,0.3169,-0.0163,0.0001,0.8969,-0.4681,-0.0963,3.8658,4.19,4.3,3.8,5.25,no_change,2026-08-21T16:05:06,0.0,0.0
SPXW,2026-09-18,28,Put,6400.0,SPXW260918P06400000,3.9,4.0,3.95,3.96,-1.39,-25.9813,68.0,807.0,0.3166,-0.0166,0.0001,0.9157,-0.4732,-0.0982,3.9659,4.3,4.3,3.9,5.35000014305115,no_change,2026-08-21T16:14:36,0.0,0.0
SPX,2026-09-18,28,Call,6410.0,SPX260918C06410000,1268.8,1292.6,1280.6999999999998,0.0,0.0,0.0,0.0,0.0,0.321,0.9833,0.0001,0.9099,-0.4727,4.8027,1279.4174,0.0,0.0,0.0,1260.5,no_change,,0.0,0.0
SPXW,2026-09-18,28,Call,6410.0,SPXW260918C06410000,1268.9,1292.8,1280.85,1343.17,0.0,0.0,0.0,21.0,0.3167,0.9829,0.0001,0.9292,-0.4778,4.8007,1279.2555,0.0,0.0,0.0,1261.5,down,2026-08-19T12:14:33,0.0,0.0
SPX,2026-09-18,28,Put,6410.0,SPX260918P06410000,3.8,4.0,3.9,3.9,-1.45,-27.1028,2.0,1175.0,0.3157,-0.0166,0.0001,0.9101,-0.4727,-0.0979,3.9201,4.2,4.2,3.9,5.34999990463257,down,2026-08-21T15:44:13,0.0,0.0
SPXW,2026-09-18,28,Put,6410.0,SPXW260918P06410000,3.9,4.1,4.0,4.3,-1.1,-20.3704,1.0,102.0,0.3148,-0.0169,0.0001,0.9293,-0.4778,-0.0999,4.0222,4.3,4.3,4.3,5.40000009536743,down,2026-08-21T11:06:33,0.0,0.0
SPX,2026-09-18,28,Call,6420.0,SPX260918C06420000,1258.9,1281.8,1270.35,1106.18,0.0,0.0,0.0,2.0,0.3182,0.983,0.0001,0.9234,-0.4773,4.8087,1269.5061,0.0,0.0,0.0,1250.60003662109,up,2026-05-08T09:50:54,0.0,0.0
SPXW,2026-09-18,28,Call,6420.0,SPXW260918C06420000,1259.0,1282.9,1270.95,1320.69,0.0,0.0,0.0,4.0,0.3151,0.9826,0.0001,0.9429,-0.4825,4.8067,1269.3456,0.0,0.0,0.0,1251.85003662109,up,2026-08-19T09:44:59,0.0,0.0
SPX,2026-09-18,28,Put,6420.0,SPX260918P06420000,3.9,4.1,4.0,3.9,-1.5,-27.7778,3.0,539.0,0.314,-0.0169,0.0001,0.9236,-0.4773,-0.0996,3.9753,4.3,4.3,3.9,5.40000009536743,down,2026-08-21T15:47:12,0.0,0.0
SPXW,2026-09-18,28,Put,6420.0,SPXW260918P06420000,3.9,4.1,4.0,5.2,0.0,0.0,0.0,153.0,0.313,-0.0172,0.0001,0.943,-0.4825,-0.1016,4.0789,0.0,0.0,0.0,5.5,up,2026-08-20T11:52:32,0.0,0.0
SPX,2026-09-18,28,Call,6425.0,SPX260918C06425000,1254.1,1277.8,1265.9499999999998,1153.6,0.0,0.0,0.0,132.0,0.3179,0.9828,0.0001,0.9302,-0.4796,4.8116,1264.5508,0.0,0.0,0.0,1245.65002441406,up,2026-07-02T10:29:55,0.0,0.0
SPXW,2026-09-18,28,Call,6425.0,SPXW260918C06425000,1254.1,1277.9,1266.0,1312.73,0.0,0.0,0.0,3.0,0.3148,0.9825,0.0001,0.9499,-0.4848,4.8096,1264.3911,0.0,0.0,0.0,1246.70001220703,up,2026-08-19T09:41:49,0.0,0.0
SPX,2026-09-18,28,Put,6425.0,SPX260918P06425000,3.9,4.1,4.0,3.9,-1.55,-28.4404,3.0,2858.0,0.3128,-0.017,0.0001,0.9304,-0.4796,-0.1005,4.0033,4.3,4.3,3.9,5.45000004768372,down,2026-08-21T15:47:14,0.0,0.0
SPXW,2026-09-18,28,Put,6425.0,SPXW260918P06425000,4.0,4.2,4.1,5.3,0.0,0.0,0.0,285.0,0.3124,-0.0174,0.0001,0.95,-0.4848,-0.1024,4.1076,0.0,0.0,0.0,5.5,no_change,2026-08-20T11:51:02,0.0,0.0
SPX,2026-09-18,28,Call,6430.0,SPX260918C06430000,1252.6,1272.8,1262.6999999999998,1371.88,0.0,0.0,0.0,7.0,0.3166,0.9827,0.0001,0.9371,-0.482,4.8146,1259.5957,0.0,0.0,0.0,1240.65002441406,up,2026-08-14T14:39:28,0.0,0.0
SPXW,2026-09-18,28,Call,6430.0,SPXW260918C06430000,1249.1,1273.0,1261.05,1258.16,0.0,0.0,0.0,10.0,0.3135,0.9824,0.0001,0.9569,-0.4872,4.8126,1259.4368,0.0,0.0,0.0,1241.75,no_change,2026-08-20T13:27:08,0.0,0.0
SPX,2026-09-18,28,Put,6430.0,SPX260918P06430000,3.9,4.2,4.05,4.0,-1.5,-27.2727,3.0,317.0,0.3122,-0.0172,0.0001,0.9373,-0.4819,-0.1014,4.0315,4.3,4.3,4.0,5.5,no_change,2026-08-21T15:44:13,0.0,0.0
SPXW,2026-09-18,28,Put,6430.0,SPXW260918P06430000,4.0,4.2,4.1,5.28,0.0,0.0,0.0,78.0,0.3118,-0.0175,0.0001,0.9571,-0.4872,-0.1033,4.1365,0.0,0.0,0.0,5.59999990463257,no_change,2026-08-20T13:27:41,0.0,0.0
SPX,2026-09-18,28,Call,6440.0,SPX260918C06440000,1239.6,1262.9,1251.25,1105.21,0.0,0.0,0.0,7.0,0.3149,0.9824,0.0001,0.9511,-0.4867,4.8205,1249.6863,0.0,0.0,0.0,1230.75,down,2026-06-30T09:55:13,0.0,0.0
SPXW,2026-09-18,28,Call,6440.0,SPXW260918C06440000,1239.2,1263.1,1251.15,1313.95,0.0,0.0,0.0,20.0,0.3118,0.982,0.0001,0.9712,-0.4919,4.8184,1249.5289,0.0,0.0,0.0,1231.95001220703,up,2026-08-19T12:14:33,0.0,0.0
SPX,2026-09-18,28,Put,6440.0,SPX260918P06440000,4.0,4.2,4.1,4.0,-1.55,-27.9279,3.0,378.0,0.3104,-0.0175,0.0001,0.9512,-0.4866,-0.1031,4.0887,4.4,4.4,4.0,5.54999995231628,no_change,2026-08-21T15:47:12,0.0,0.0
SPXW,2026-09-18,28,Put,6440.0,SPXW260918P06440000,4.1,4.3,4.199999999999999,4.5,-1.2,-21.0526,1.0,172.0,0.3095,-0.0178,0.0001,0.9713,-0.4919,-0.1051,4.1952,4.5,4.5,4.5,5.70000004768372,down,2026-08-21T11:06:33,0.0,0.0
SPX,2026-09-18,28,Call,6450.0,SPX260918C06450000,1237.5,1244.9,1241.2,1294.97,0.0,0.0,0.0,3239.0,0.3122,0.9821,0.0001,0.9653,-0.4914,4.8263,1239.7779,0.0,0.0,0.0,1220.90002441406,down,2026-08-19T11:46:03,0.0,0.0
SPXW,2026-09-18,28,Call,6450.0,SPXW260918C06450000,1229.3,1253.2,1241.25,1337.54,0.0,0.0,0.0,5.0,0.3102,0.9817,0.0001,0.9858,-0.4967,4.8242,1239.6221,0.0,0.0,0.0,1222.0,no_change,2026-08-10T10:24:16,0.0,0.0
SPX,2026-09-18,28,Put,6450.0,SPX260918P06450000,4.0,4.3,4.15,4.1,-1.55,-27.4336,53.0,6394.0,0.3086,-0.0178,0.0001,0.9655,-0.4914,-0.1049,4.1468,4.6,4.62,4.1,5.65000009536743,down,2026-08-21T15:44:39,0.0,0.0
SPXW,2026-09-18,28,Put,6450.0,SPXW260918P06450000,4.1,4.3,4.199999999999999,4.2,-1.55,-26.9565,3.0,329.0,0.3082,-0.0181,0.0001,0.9859,-0.4967,-0.1069,4.2549,4.6,4.6,4.2,5.75,down,2026-08-21T15:59:20,0.0,0.0
SPX,2026-09-18,28,Call,6460.0,SPX260918C06460000,1222.8,1243.1,1232.9499999999998,493.71,0.0,0.0,0.0,63.0,0.3115,0.9818,0.0001,0.9799,-0.4962,4.8321,1229.8705,0.0,0.0,0.0,1211.0,down,2026-04-06T09:48:52,0.0,0.0
SPXW,2026-09-18,28,Call,6460.0,SPXW260918C06460000,1219.4,1243.3,1231.35,1276.97,0.0,0.0,0.0,3.0,0.3086,0.9814,0.0001,1.0007,-0.5016,4.83,1229.7164,0.0,0.0,0.0,1212.09997558594,up,2026-08-19T09:41:49,0.0,0.0
SPX,2026-09-18,28,Put,6460.0,SPX260918P06460000,4.1,4.3,4.199999999999999,4.1,-1.65,-28.6957,3.0,520.0,0.3074,-0.0181,0.0001,0.98,-0.4962,-0.1067,4.206,4.5,4.5,4.1,5.75,down,2026-08-21T15:47:13,0.0,0.0
SPXW,2026-09-18,28,Put,6460.0,SPXW260918P06460000,4.2,4.4,4.300000000000001,4.3,-1.5,-25.8621,3.0,136.0,0.3069,-0.0184,0.0001,1.0008,-0.5016,-0.1088,4.3156,4.6,4.6,4.3,5.79999995231628,down,2026-08-21T15:43:55,0.0,0.0
SPX,2026-09-18,28,Call,6470.0,SPX260918C06470000,1209.3,1233.1,1221.1999999999998,489.99,0.0,0.0,0.0,7.0,0.3098,0.9814,0.0001,0.9947,-0.5011,4.8379,1219.9641,0.0,0.0,0.0,1201.20001220703,down,2026-04-06T15:19:45,0.0,0.0
SPXW,2026-09-18,28,Call,6470.0,SPXW260918C06470000,1209.5,1233.3,1221.4,1220.14,17.84,1.48382,29.0,0.0,0.3069,0.9811,0.0001,1.0159,-0.5065,4.8357,1219.8118,1220.14,1220.14,1220.14,1202.30004882812,no_change,2026-08-21T10:57:46,0.0,0.0
SPX,2026-09-18,28,Put,6470.0,SPX260918P06470000,4.2,4.4,4.300000000000001,4.2,-1.65,-28.2051,3.0,487.0,0.3056,-0.0184,0.0001,0.9949,-0.501,-0.1086,4.2662,4.5,4.5,4.2,5.84999990463257,down,2026-08-21T15:44:39,0.0,0.0
SPXW,2026-09-18,28,Put,6470.0,SPXW260918P06470000,4.3,4.4,4.35,4.7,-1.2,-20.339,29.0,92.0,0.3046,-0.0188,0.0001,1.016,-0.5065,-0.1107,4.3775,4.7,4.7,4.7,5.90000009536743,no_change,2026-08-21T10:58:02,0.0,0.0
SPX,2026-09-18,28,Call,6475.0,SPX260918C06475000,1205.0,1228.3,1216.65,1248.84,0.0,0.0,0.0,1611.0,0.3084,0.9813,0.0001,1.0023,-0.5036,4.8408,1215.0114,0.0,0.0,0.0,1196.20001220703,down,2026-08-18T14:33:21,0.0,0.0
SPXW,2026-09-18,28,Call,6475.0,SPXW260918C06475000,1204.5,1228.4,1216.45,1225.26,27.66,2.30962,3.0,10.0,0.3055,0.9809,0.0001,1.0236,-0.509,4.8386,1214.8599,1225.26,1225.26,1225.26,1197.60003662109,up,2026-08-21T15:46:17,0.0,0.0
SPX,2026-09-18,28,Put,6475.0,SPX260918P06475000,4.2,4.4,4.300000000000001,4.1,-1.75,-29.9145,3.0,4756.0,0.3044,-0.0186,0.0001,1.0025,-0.5035,-0.1095,4.2967,4.6,4.6,4.1,5.84999990463257,down,2026-08-21T15:59:55,0.0,0.0
SPXW,2026-09-18,28,Put,6475.0,SPXW260918P06475000,4.3,4.5,4.4,4.4,-1.6,-26.6667,1.0,92.0,0.3039,-0.0189,0.0001,1.0237,-0.509,-0.1117,4.4088,4.4,4.4,4.4,6.0,down,2026-08-21T15:55:01,0.0,0.0
SPX,2026-09-18,28,Call,6480.0,SPX260918C06480000,1202.4,1223.3,1212.85,467.9,0.0,0.0,0.0,21.0,0.3081,0.9811,0.0001,1.0099,-0.506,4.8436,1210.0589,0.0,0.0,0.0,1191.25,down,2026-04-07T15:08:12,0.0,0.0
SPXW,2026-09-18,28,Call,6480.0,SPXW260918C06480000,1199.6,1223.4,1211.5,1218.12,25.57,2.14415,3.0,4.0,0.3052,0.9808,0.0001,1.0314,-0.5115,4.8414,1209.9083,1218.12,1218.12,1218.12,1192.54998779297,no_change,2026-08-21T15:42:19,0.0,0.0
SPX,2026-09-18,28,Put,6480.0,SPX260918P06480000,4.2,4.5,4.35,4.3,-1.6,-27.1186,30.0,503.0,0.3037,-0.0187,0.0001,1.0101,-0.506,-0.1105,4.3275,4.6,4.6,4.2,5.90000009536743,no_change,2026-08-21T15:59:03,0.0,0.0
SPXW,2026-09-18,28,Put,6480.0,SPXW260918P06480000,4.3,4.5,4.4,5.7,0.0,0.0,0.0,73.0,0.3033,-0.0191,0.0001,1.0315,-0.5114,-0.1127,4.4405,0.0,0.0,0.0,6.0,no_change,2026-08-20T11:52:13,0.0,0.0
SPX,2026-09-18,28,Call,6490.0,SPX260918C06490000,1190.1,1213.4,1201.75,476.32,0.0,0.0,0.0,95.0,0.3064,0.9808,0.0001,1.0254,-0.511,4.8493,1200.1548,0.0,0.0,0.0,1181.39996337891,up,2026-04-06T15:17:45,0.0,0.0
SPXW,2026-09-18,28,Call,6490.0,SPXW260918C06490000,1189.7,1213.5,1201.6,1200.5,17.75,1.50074,29.0,0.0,0.3035,0.9804,0.0001,1.0472,-0.5165,4.847,1200.006,1200.5,1200.5,1200.5,1182.75,no_change,2026-08-21T10:57:46,0.0,0.0
SPX,2026-09-18,28,Put,6490.0,SPX260918P06490000,4.3,4.5,4.4,4.3,-1.7,-28.3333,3.0,685.0,0.3019,-0.0191,0.0001,1.0256,-0.5109,-0.1125,4.3899,4.7,4.7,4.3,6.0,down,2026-08-21T15:47:12,0.0,0.0
SPXW,2026-09-18,28,Put,6490.0,SPXW260918P06490000,4.4,4.6,4.5,4.8,-1.3,-21.3115,30.0,183.0,0.3014,-0.0194,0.0001,1.0473,-0.5165,-0.1147,4.5046,4.8,4.8,4.8,6.09999990463257,no_change,2026-08-21T11:06:22,0.0,0.0
SPX,2026-09-18,28,Call,6500.0,SPX260918C06500000,1188.0,1195.3,1191.65,1196.81,25.26,2.15612,4.0,6075.0,0.3036,0.9804,0.0001,1.0412,-0.516,4.8549,1190.2519,1181.0,1196.81,1181.0,1171.54998779297,up,2026-08-21T15:31:52,0.0,0.0
SPXW,2026-09-18,28,Call,6500.0,SPXW260918C06500000,1179.8,1203.6,1191.6999999999998,1225.9,0.0,0.0,0.0,28.0,0.3018,0.9801,0.0001,1.0634,-0.5216,4.8526,1190.1049,0.0,0.0,0.0,1172.59997558594,no_change,2026-08-18T14:36:02,0.0,0.0
SPX,2026-09-18,28,Put,6500.0,SPX260918P06500000,4.4,4.6,4.5,4.43,-1.67,-27.377,96.0,25719.0,0.3,-0.0194,0.0001,1.0414,-0.5159,-0.1145,4.4536,4.8,5.05,4.32,6.09999990463257,no_change,2026-08-21T15:58:30,0.0,0.0
SPXW,2026-09-18,28,Put,6500.0,SPXW260918P06500000,4.5,4.6,4.55,4.5,-1.7,-27.4194,109.0,1198.0,0.2996,-0.0198,0.0001,1.0635,-0.5216,-0.1167,4.57,4.9,4.9,4.5,6.20000004768372,no_change,2026-08-21T15:50:58,0.0,0.0
SPX,2026-09-18,28,Call,6510.0,SPX260918C06510000,1174.3,1193.6,1183.9499999999998,455.14,0.0,0.0,0.0,4.0,0.3029,0.9801,0.0001,1.0573,-0.5211,4.8605,1180.3501,0.0,0.0,0.0,1161.65002441406,down,2026-04-06T10:49:07,0.0,0.0
SPXW,2026-09-18,28,Call,6510.0,SPXW260918C06510000,1169.9,1193.7,1181.8000000000002,1177.78,0.0,0.0,0.0,11.0,0.3,0.9797,0.0001,1.0798,-0.5268,4.8581,1180.2051,0.0,0.0,0.0,1162.75,no_change,2026-08-20T13:30:40,0.0,0.0
SPX,2026-09-18,28,Put,6510.0,SPX260918P06510000,4.4,4.7,4.550000000000001,4.4,-1.75,-28.4553,4.0,667.0,0.2987,-0.0198,0.0001,1.0575,-0.521,-0.1165,4.5184,4.8,4.8,4.4,6.15000009536743,no_change,2026-08-21T15:47:50,0.0,0.0
SPXW,2026-09-18,28,Put,6510.0,SPXW260918P06510000,4.5,4.7,4.6,5.0,-1.3,-20.6349,1.0,138.0,0.2982,-0.0201,0.0001,1.0799,-0.5267,-0.1188,4.6367,5.0,5.0,5.0,6.29999995231628,down,2026-08-21T11:06:31,0.0,0.0
SPX,2026-09-18,28,Call,6520.0,SPX260918C06520000,1159.8,1181.9,1170.85,1152.04,0.0,0.0,0.0,5.0,0.3011,0.9797,0.0001,1.0737,-0.5262,4.866,1170.4497,0.0,0.0,0.0,1151.79998779297,up,2026-06-03T16:05:12,0.0,0.0
SPXW,2026-09-18,28,Call,6520.0,SPXW260918C06520000,1160.0,1183.8,1171.9,0.0,0.0,0.0,0.0,0.0,0.2983,0.9794,0.0001,1.0966,-0.532,4.8636,1170.3066,0.0,0.0,0.0,1152.90002441406,no_change,,0.0,0.0
SPX,2026-09-18,28,Put,6520.0,SPX260918P06520000,4.5,4.7,4.6,4.5,-1.75,-28.0,3.0,754.0,0.2968,-0.0201,0.0001,1.0739,-0.5262,-0.1187,4.5845,4.9,4.9,4.5,6.25,down,2026-08-21T15:47:12,0.0,0.0
SPXW,2026-09-18,28,Put,6520.0,SPXW260918P06520000,4.6,4.8,4.699999999999999,5.1,-1.3,-20.3125,1.0,77.0,0.2968,-0.0205,0.0001,1.0967,-0.5319,-0.121,4.7047,5.1,5.1,5.1,6.40000009536743,down,2026-08-21T11:12:21,0.0,0.0
SPX,2026-09-18,28,Call,6525.0,SPX260918C06525000,1155.5,1178.7,1167.1,908.54,0.0,0.0,0.0,2348.0,0.2998,0.9796,0.0001,1.0821,-0.5288,4.8688,1165.4999,0.0,0.0,0.0,1146.84997558594,down,2026-07-30T11:39:29,0.0,0.0
SPXW,2026-09-18,28,Call,6525.0,SPXW260918C06525000,1155.0,1178.9,1166.95,1147.63,0.0,0.0,0.0,12.0,0.297,0.9792,0.0001,1.1051,-0.5346,4.8663,1165.3579,0.0,0.0,0.0,1148.0,no_change,2026-08-20T15:44:38,0.0,0.0
SPX,2026-09-18,28,Put,6525.0,SPX260918P06525000,4.5,4.8,4.65,4.5,-1.85,-29.1339,604.0,3311.0,0.2961,-0.0203,0.0001,1.0823,-0.5288,-0.1197,4.6181,4.9,4.9,4.5,6.34999990463257,down,2026-08-21T15:47:49,0.0,0.0
SPXW,2026-09-18,28,Put,6525.0,SPXW260918P06525000,4.6,4.8,4.699999999999999,6.4,0.0,0.0,0.0,340.0,0.2957,-0.0207,0.0001,1.1052,-0.5345,-0.1221,4.7392,0.0,0.0,0.0,6.40000009536743,down,2026-08-20T15:59:01,0.0,0.0
SPX,2026-09-18,28,Call,6530.0,SPX260918C06530000,1149.9,1173.7,1161.8000000000002,435.68,0.0,0.0,0.0,8.0,0.2993,0.9794,0.0001,1.0905,-0.5315,4.8715,1160.5506,0.0,0.0,0.0,1141.89996337891,down,2026-04-07T12:11:15,0.0,0.0
SPXW,2026-09-18,28,Call,6530.0,SPXW260918C06530000,1150.1,1174.0,1162.05,0.0,0.0,0.0,0.0,0.0,0.2966,0.979,0.0001,1.1137,-0.5372,4.869,1160.4096,0.0,0.0,0.0,1143.0,no_change,,0.0,0.0
SPX,2026-09-18,28,Put,6530.0,SPX260918P06530000,4.6,4.8,4.699999999999999,4.6,-1.75,-27.5591,3.0,576.0,0.2954,-0.0205,0.0001,1.0907,-0.5314,-0.1208,4.652,5.0,5.0,4.6,6.34999990463257,down,2026-08-21T15:44:39,0.0,0.0
SPXW,2026-09-18,28,Put,6530.0,SPXW260918P06530000,4.7,4.9,4.800000000000001,6.2,0.0,0.0,0.0,169.0,0.2945,-0.0209,0.0001,1.1138,-0.5372,-0.1232,4.7741,0.0,0.0,0.0,6.5,up,2026-08-20T11:52:47,0.0,0.0
SPX,2026-09-18,28,Call,6540.0,SPX260918C06540000,1140.0,1163.8,1151.9,585.72,0.0,0.0,0.0,16.0,0.2976,0.979,0.0001,1.1076,-0.5367,4.8769,1150.6528,0.0,0.0,0.0,1132.05004882812,up,2026-04-13T14:54:00,0.0,0.0
SPXW,2026-09-18,28,Call,6540.0,SPXW260918C06540000,1140.2,1164.1,1152.15,0.0,0.0,0.0,0.0,0.0,0.2948,0.9786,0.0001,1.1311,-0.5426,4.8744,1150.5139,0.0,0.0,0.0,1133.14996337891,no_change,,0.0,0.0
SPX,2026-09-18,28,Put,6540.0,SPX260918P06540000,4.6,4.9,4.75,4.6,-1.8,-28.125,3.0,420.0,0.2936,-0.0208,0.0001,1.1078,-0.5367,-0.1231,4.7208,5.0,5.0,4.6,6.40000009536743,down,2026-08-21T15:47:50,0.0,0.0
SPXW,2026-09-18,28,Put,6540.0,SPXW260918P06540000,4.7,4.9,4.800000000000001,5.1,-1.5,-22.7273,2.0,113.0,0.2931,-0.0213,0.0001,1.1311,-0.5425,-0.1255,4.8449,5.2,5.2,5.1,6.59999990463257,down,2026-08-21T11:12:21,0.0,0.0
SPX,2026-09-18,28,Call,6550.0,SPX260918C06550000,1138.5,1145.8,1142.15,1233.0,0.0,0.0,0.0,3265.0,0.2948,0.9786,0.0001,1.1249,-0.5421,4.8823,1140.7564,0.0,0.0,0.0,1122.20001220703,no_change,2026-08-11T11:06:15,0.0,0.0
SPXW,2026-09-18,28,Call,6550.0,SPXW260918C06550000,1130.3,1154.2,1142.25,0.0,0.0,0.0,0.0,2.0,0.293,0.9782,0.0001,1.1488,-0.548,4.8797,1140.6197,0.0,0.0,0.0,1123.35003662109,no_change,,0.0,0.0
SPX,2026-09-18,28,Put,6550.0,SPX260918P06550000,4.7,4.9,4.800000000000001,4.7,-1.85,-28.2443,1.0,9102.0,0.2917,-0.0212,0.0001,1.125,-0.542,-0.1253,4.7905,4.7,4.7,4.7,6.54999995231628,down,2026-08-21T15:59:55,0.0,0.0
SPXW,2026-09-18,28,Put,6550.0,SPXW260918P06550000,4.8,5.0,4.9,5.3,-1.4,-20.8955,1.0,714.0,0.2916,-0.0216,0.0001,1.1488,-0.548,-0.1279,4.9172,5.3,5.3,5.3,6.70000004768372,down,2026-08-21T11:05:44,0.0,0.0
SPX,2026-09-18,28,Call,6560.0,SPX260918C06560000,1120.2,1144.0,1132.1,409.36,0.0,0.0,0.0,28.0,0.2939,0.9782,0.0001,1.1426,-0.5475,4.8876,1130.8615,0.0,0.0,0.0,1112.29998779297,no_change,2026-04-07T10:01:25,0.0,0.0
SPXW,2026-09-18,28,Call,6560.0,SPXW260918C06560000,1120.4,1144.3,1132.35,0.0,0.0,0.0,0.0,0.0,0.2912,0.9778,0.0001,1.1668,-0.5535,4.8849,1130.7271,0.0,0.0,0.0,1113.40002441406,no_change,,0.0,0.0
SPX,2026-09-18,28,Put,6560.0,SPX260918P06560000,4.8,5.0,4.9,4.8,-1.85,-27.8195,2.0,447.0,0.2902,-0.0216,0.0001,1.1427,-0.5474,-0.1277,4.8622,4.8,4.8,4.8,6.65000009536743,no_change,2026-08-21T15:44:39,0.0,0.0
SPXW,2026-09-18,28,Put,6560.0,SPXW260918P06560000,4.9,5.1,5.0,5.5,0.0,0.0,0.0,78.0,0.2902,-0.022,0.0001,1.1664,-0.5533,-0.1302,4.9893,0.0,0.0,0.0,6.79999995231628,down,2026-08-19T14:45:30,0.0,0.0
SPX,2026-09-18,28,Call,6570.0,SPX260918C06570000,1114.0,1134.2,1124.1,919.79,0.0,0.0,0.0,19.0,0.2921,0.9778,0.0001,1.1606,-0.553,4.8928,1120.9682,0.0,0.0,0.0,1102.44995117188,down,2026-06-25T11:31:23,0.0,0.0
SPXW,2026-09-18,28,Call,6570.0,SPXW260918C06570000,1110.5,1134.4,1122.45,0.0,0.0,0.0,0.0,0.0,0.2894,0.9774,0.0001,1.1851,-0.5591,4.8901,1120.836,0.0,0.0,0.0,1103.54998779297,no_change,,0.0,0.0
SPX,2026-09-18,28,Put,6570.0,SPX260918P06570000,4.8,5.1,4.949999999999999,4.8,-1.95,-28.8889,4.0,383.0,0.2888,-0.022,0.0001,1.1607,-0.5529,-0.1301,4.9354,5.4,5.4,4.8,6.75,down,2026-08-21T15:47:14,0.0,0.0
SPXW,2026-09-18,28,Put,6570.0,SPXW260918P06570000,5.0,5.2,5.1,6.6,0.0,0.0,0.0,72.0,0.2878,-0.0224,0.0001,1.1847,-0.5589,-0.1327,5.0647,0.0,0.0,0.0,6.90000009536743,up,2026-08-20T11:51:23,0.0,0.0
SPX,2026-09-18,28,Call,6575.0,SPX260918C06575000,1109.9,1129.3,1119.6,1243.14,0.0,0.0,0.0,1964.0,0.2908,0.9776,0.0001,1.1697,-0.5558,4.8954,1116.0221,0.0,0.0,0.0,1097.5,up,2026-08-13T11:10:57,0.0,0.0
SPXW,2026-09-18,28,Call,6575.0,SPXW260918C06575000,1105.5,1129.4,1117.45,1113.71,0.0,0.0,0.0,11.0,0.289,0.9772,0.0001,1.1944,-0.5619,4.8927,1115.8911,0.0,0.0,0.0,1098.64996337891,no_change,2026-08-20T13:30:40,0.0,0.0
SPX,2026-09-18,28,Put,6575.0,SPX260918P06575000,4.9,5.1,5.0,4.8,-2.05,-29.927,4.0,4848.0,0.2876,-0.0222,0.0001,1.1698,-0.5557,-0.1313,4.9726,5.2,5.2,4.8,6.84999990463257,down,2026-08-21T15:48:03,0.0,0.0
SPXW,2026-09-18,28,Put,6575.0,SPXW260918P06575000,5.0,5.2,5.1,5.2,-1.75,-25.1799,3.0,417.0,0.2875,-0.0226,0.0001,1.194,-0.5617,-0.1339,5.103,5.2,5.2,5.2,6.95000004768372,no_change,2026-08-21T15:55:12,0.0,0.0
SPX,2026-09-18,28,Call,6580.0,SPX260918C06580000,1101.3,1124.3,1112.8,936.1,0.0,0.0,0.0,64.0,0.2903,0.9774,0.0001,1.1789,-0.5586,4.898,1111.0764,0.0,0.0,0.0,1092.60003662109,down,2026-05-19T15:40:14,0.0,0.0
SPXW,2026-09-18,28,Call,6580.0,SPXW260918C06580000,1100.6,1124.5,1112.55,1093.37,0.0,0.0,0.0,12.0,0.2876,0.977,0.0001,1.2038,-0.5648,4.8952,1110.9466,0.0,0.0,0.0,1093.70001220703,no_change,2026-08-20T15:44:38,0.0,0.0
SPX,2026-09-18,28,Put,6580.0,SPX260918P06580000,4.9,5.2,5.050000000000001,4.9,-1.95,-28.4672,121.0,472.0,0.2868,-0.0224,0.0001,1.179,-0.5585,-0.1326,5.0102,5.8,5.8,4.9,6.84999990463257,down,2026-08-21T15:47:12,0.0,0.0
SPXW,2026-09-18,28,Put,6580.0,SPXW260918P06580000,5.0,5.2,5.1,6.97,0.0,0.0,0.0,52.0,0.2864,-0.0229,0.0001,1.2033,-0.5645,-0.1352,5.1417,0.0,0.0,0.0,7.0,up,2026-08-20T15:45:06,0.0,0.0
SPX,2026-09-18,28,Call,6590.0,SPX260918C06590000,1091.1,1114.4,1102.75,1059.67,0.0,0.0,0.0,17.0,0.2884,0.977,0.0001,1.1975,-0.5642,4.9031,1101.1862,0.0,0.0,0.0,1082.75,up,2026-05-26T15:42:42,0.0,0.0
SPXW,2026-09-18,28,Call,6590.0,SPXW260918C06590000,1090.7,1114.6,1102.65,0.0,0.0,0.0,0.0,0.0,0.2858,0.9766,0.0001,1.2227,-0.5705,4.9003,1101.0589,0.0,0.0,0.0,1083.85003662109,no_change,,0.0,0.0
SPX,2026-09-18,28,Put,6590.0,SPX260918P06590000,5.0,5.2,5.1,5.0,-1.95,-28.0576,5.0,465.0,0.2849,-0.0228,0.0001,1.1976,-0.5641,-0.1351,5.0866,5.6,5.6,5.0,6.95000004768372,down,2026-08-21T15:44:42,0.0,0.0
SPXW,2026-09-18,28,Put,6590.0,SPXW260918P06590000,5.1,5.3,5.199999999999999,5.1,-2.0,-28.169,2.0,39.0,0.2849,-0.0233,0.0001,1.2222,-0.5703,-0.1377,5.2203,5.1,5.1,5.1,7.09999990463257,down,2026-08-21T15:47:12,0.0,0.0
SPX,2026-09-18,28,Call,6600.0,SPX260918C06600000,1089.0,1096.3,1092.65,1104.85,31.95,2.97791,7.0,10535.0,0.2857,0.9766,0.0001,1.2166,-0.57,4.9081,1091.1485,1096.86,1104.85,1096.86,1072.90002441406,up,2026-08-21T11:37:29,0.0,0.0
SPXW,2026-09-18,28,Call,6600.0,SPXW260918C06600000,1080.8,1104.7,1092.75,1089.98,15.98,1.4879,1.0,826.0,0.2848,0.9761,0.0001,1.242,-0.5764,4.9053,1091.173,1089.98,1089.98,1089.98,1074.0,down,2026-08-21T09:46:49,0.0,0.0
SPX,2026-09-18,28,Put,6600.0,SPX260918P06600000,5.1,5.3,5.199999999999999,5.19,-1.91,-26.9014,3311.0,24803.0,0.2834,-0.0233,0.0001,1.2165,-0.5699,-0.1377,5.1646,5.65,5.9,5.1,7.09999990463257,down,2026-08-21T16:09:38,0.0,0.0
SPXW,2026-09-18,28,Put,6600.0,SPXW260918P06600000,5.2,5.4,5.300000000000001,5.16,-2.04,-28.3333,10.0,1161.0,0.2833,-0.0237,0.0001,1.242,-0.5764,-0.1404,5.3039,6.0,6.06,5.16,7.20000004768372,down,2026-08-21T15:49:34,0.0,0.0
SPX,2026-09-18,28,Call,6610.0,SPX260918C06610000,1070.8,1092.8,1081.8,515.61,0.0,0.0,0.0,7.0,0.2847,0.9761,0.0001,1.2357,-0.5758,4.9132,1081.411,0.0,0.0,0.0,1063.05004882812,down,2026-04-10T10:02:16,0.0,0.0
SPXW,2026-09-18,28,Call,6610.0,SPXW260918C06610000,1070.9,1094.8,1082.85,1090.68,26.38,2.47863,3.0,0.0,0.283,0.9757,0.0001,1.2616,-0.5823,4.9103,1081.2888,1090.68,1090.68,1090.68,1064.29998779297,up,2026-08-21T15:46:17,0.0,0.0
SPX,2026-09-18,28,Put,6610.0,SPX260918P06610000,5.2,5.4,5.300000000000001,5.0,-2.2,-30.5556,60.0,553.0,0.2819,-0.0237,0.0001,1.2358,-0.5757,-0.1403,5.2445,5.5,5.5,5.0,7.20000004768372,no_change,2026-08-21T15:47:13,0.0,0.0
SPXW,2026-09-18,28,Put,6610.0,SPXW260918P06610000,5.3,5.5,5.4,6.1,0.0,0.0,0.0,61.0,0.2813,-0.0242,0.0001,1.2615,-0.5821,-0.1431,5.3848,0.0,0.0,0.0,7.29999995231628,down,2026-08-19T10:49:37,0.0,0.0
SPX,2026-09-18,28,Call,6620.0,SPX260918C06620000,1060.9,1084.8,1072.85,1104.38,0.0,0.0,0.0,8.0,0.2829,0.9757,0.0001,1.2553,-0.5817,4.9181,1071.526,0.0,0.0,0.0,1053.10003662109,up,2026-08-18T14:49:46,0.0,0.0
SPXW,2026-09-18,28,Call,6620.0,SPXW260918C06620000,1061.1,1084.9,1073.0,0.0,0.0,0.0,0.0,700.0,0.2811,0.9752,0.0001,1.2816,-0.5883,4.9152,1071.4066,0.0,0.0,0.0,1054.29998779297,no_change,,0.0,0.0
SPX,2026-09-18,28,Put,6620.0,SPX260918P06620000,5.2,5.5,5.35,5.2,-2.15,-29.2517,5.0,1545.0,0.2803,-0.0242,0.0001,1.2554,-0.5816,-0.143,5.3261,5.7,5.7,5.2,7.34999990463257,no_change,2026-08-21T15:47:12,0.0,0.0
SPXW,2026-09-18,28,Put,6620.0,SPXW260918P06620000,5.4,5.6,5.5,7.1,0.0,0.0,0.0,38.0,0.2794,-0.0246,0.0001,1.2816,-0.5883,-0.1458,5.4707,0.0,0.0,0.0,7.5,up,2026-08-20T11:51:02,0.0,0.0
SPX,2026-09-18,28,Call,6625.0,SPX260918C06625000,1055.9,1079.8,1067.85,931.16,0.0,0.0,0.0,1122.0,0.2823,0.9754,0.0001,1.2652,-0.5847,4.9206,1066.5843,0.0,0.0,0.0,1048.25,up,2026-05-18T15:46:49,0.0,0.0
SPXW,2026-09-18,28,Call,6625.0,SPXW260918C06625000,1056.1,1080.0,1068.05,1126.54,0.0,0.0,0.0,823.0,0.2798,0.975,0.0001,1.2917,-0.5913,4.9176,1066.4662,0.0,0.0,0.0,1049.35003662109,up,2026-08-19T12:05:17,0.0,0.0
SPX,2026-09-18,28,Put,6625.0,SPX260918P06625000,5.3,5.5,5.4,5.3,-2.05,-27.8912,4.0,2167.0,0.2791,-0.0244,0.0001,1.2654,-0.5846,-0.1444,5.3676,6.04,6.04,5.3,7.34999990463257,down,2026-08-21T15:44:15,0.0,0.0
SPXW,2026-09-18,28,Put,6625.0,SPXW260918P06625000,5.4,5.6,5.5,5.9,-1.6,-21.3333,1.0,229.0,0.279,-0.0249,0.0001,1.2917,-0.5913,-0.1472,5.5136,5.9,5.9,5.9,7.5,down,2026-08-21T11:06:11,0.0,0.0
SPX,2026-09-18,28,Call,6630.0,SPX260918C06630000,1051.9,1074.9,1063.4,1140.75,0.0,0.0,0.0,132.0,0.2818,0.9752,0.0001,1.2753,-0.5877,4.923,1061.643,0.0,0.0,0.0,1043.34997558594,up,2026-08-05T14:34:30,0.0,0.0
SPXW,2026-09-18,28,Call,6630.0,SPXW260918C06630000,1051.2,1075.1,1063.15,1084.11,0.0,0.0,0.0,6.0,0.2793,0.9747,0.0001,1.302,-0.5944,4.92,1061.5262,0.0,0.0,0.0,1044.45001220703,no_change,2026-05-29T10:07:35,0.0,0.0
SPX,2026-09-18,28,Put,6630.0,SPX260918P06630000,5.3,5.6,5.449999999999999,5.4,-2.05,-27.5168,3.0,541.0,0.2783,-0.0246,0.0001,1.2754,-0.5876,-0.1457,5.4096,5.7,5.7,5.4,7.45000004768372,down,2026-08-21T15:35:44,0.0,0.0
SPXW,2026-09-18,28,Put,6630.0,SPXW260918P06630000,5.4,5.6,5.5,7.2,0.0,0.0,0.0,39.0,0.2778,-0.0251,0.0001,1.302,-0.5944,-0.1486,5.5569,0.0,0.0,0.0,7.59999990463257,up,2026-08-20T11:51:42,0.0,0.0
SPX,2026-09-18,28,Call,6640.0,SPX260918C06640000,1041.1,1063.0,1052.05,495.99,0.0,0.0,0.0,14.0,0.2799,0.9747,0.0001,1.2957,-0.5938,4.9278,1051.7618,0.0,0.0,0.0,1033.44995117188,down,2026-04-10T09:47:09,0.0,0.0
SPXW,2026-09-18,28,Call,6640.0,SPXW260918C06640000,1041.3,1065.2,1053.25,0.0,0.0,0.0,0.0,0.0,0.2774,0.9742,0.0001,1.3228,-0.6006,4.9248,1051.6479,0.0,0.0,0.0,1034.59997558594,no_change,,0.0,0.0
SPX,2026-09-18,28,Put,6640.0,SPX260918P06640000,5.4,5.7,5.550000000000001,5.5,-2.05,-27.1523,3.0,810.0,0.2763,-0.0251,0.0001,1.2958,-0.5937,-0.1485,5.495,5.8,5.8,5.5,7.54999995231628,down,2026-08-21T15:35:30,0.0,0.0
SPXW,2026-09-18,28,Put,6640.0,SPXW260918P06640000,5.5,5.7,5.6,7.5,0.0,0.0,0.0,205.0,0.2762,-0.0256,0.0001,1.3228,-0.6006,-0.1515,5.6452,0.0,0.0,0.0,7.70000004768372,up,2026-08-20T14:37:09,0.0,0.0
SPX,2026-09-18,28,Call,6650.0,SPX260918C06650000,1039.6,1046.8,1043.1999999999998,1048.7,25.05,2.44713,7.0,4232.0,0.2768,0.9742,0.0001,1.3165,-0.6,4.9326,1041.8826,1047.9,1048.7,1047.3,1023.64996337891,up,2026-08-21T15:58:23,0.0,0.0
SPXW,2026-09-18,28,Call,6650.0,SPXW260918C06650000,1031.4,1055.3,1043.35,1049.22,24.47,2.3879,3.0,6.0,0.2763,0.9737,0.0001,1.3441,-0.6068,4.9295,1041.7717,1049.22,1049.22,1049.22,1024.74996948242,no_change,2026-08-21T15:42:19,0.0,0.0
SPX,2026-09-18,28,Put,6650.0,SPX260918P06650000,5.5,5.7,5.6,5.89,-1.76,-23.0065,7.0,10689.0,0.2747,-0.0256,0.0001,1.3166,-0.5999,-0.1514,5.5824,6.19,6.27,5.89,7.65000009536743,down,2026-08-21T13:57:12,0.0,0.0
SPXW,2026-09-18,28,Put,6650.0,SPXW260918P06650000,5.7,5.8,5.75,6.01,-1.79,-22.9487,1.0,1125.0,0.2746,-0.0261,0.0001,1.3441,-0.6068,-0.1544,5.7355,6.01,6.01,6.01,7.79999995231628,down,2026-08-21T13:07:31,0.0,0.0
SPX,2026-09-18,28,Call,6660.0,SPX260918C06660000,1021.4,1045.2,1033.3,1000.87,0.0,0.0,0.0,34.0,0.2761,0.9737,0.0001,1.3378,-0.6063,4.9373,1032.0055,0.0,0.0,0.0,1013.75,up,2026-05-14T13:04:11,0.0,0.0
SPXW,2026-09-18,28,Call,6660.0,SPXW260918C06660000,1021.5,1045.4,1033.45,960.89,0.0,0.0,0.0,80.0,0.2744,0.9732,0.0001,1.3659,-0.6132,4.9342,1031.8976,0.0,0.0,0.0,1015.04998779297,up,2026-07-13T10:26:38,0.0,0.0
SPX,2026-09-18,28,Put,6660.0,SPX260918P06660000,5.6,5.8,5.699999999999999,5.6,-2.2,-28.2051,3.0,571.0,0.2731,-0.0261,0.0001,1.3379,-0.6062,-0.1544,5.6719,6.0,6.0,5.6,7.79999995231628,down,2026-08-21T15:44:15,0.0,0.0
SPXW,2026-09-18,28,Put,6660.0,SPXW260918P06660000,5.7,5.9,5.800000000000001,6.6,0.0,0.0,0.0,52.0,0.273,-0.0266,0.0001,1.3659,-0.6132,-0.1574,5.828,0.0,0.0,0.0,8.00000023841858,down,2026-08-19T10:49:45,0.0,0.0
SPX,2026-09-18,28,Call,6670.0,SPX260918C06670000,1014.4,1035.4,1024.9,1148.5,0.0,0.0,0.0,139.0,0.2714,0.9732,0.0001,1.3596,-0.6127,4.9419,1022.1305,0.0,0.0,0.0,1003.95001220703,up,2026-08-14T10:39:40,0.0,0.0
SPXW,2026-09-18,28,Call,6670.0,SPXW260918C06670000,1011.7,1035.6,1023.65,1083.1,0.0,0.0,0.0,1.0,0.2725,0.9727,0.0001,1.3882,-0.6197,4.9387,1022.0256,0.0,0.0,0.0,1005.10000610352,up,2026-08-19T12:05:17,0.0,0.0
SPX,2026-09-18,28,Put,6670.0,SPX260918P06670000,5.7,5.9,5.800000000000001,5.8,-2.15,-27.044,4.0,886.0,0.2715,-0.0266,0.0001,1.3597,-0.6126,-0.1574,5.7635,6.1,6.1,5.8,7.9500002861023,down,2026-08-21T15:33:25,0.0,0.0
SPXW,2026-09-18,28,Put,6670.0,SPXW260918P06670000,5.8,6.0,5.9,7.9,0.0,0.0,0.0,252.0,0.2714,-0.0272,0.0001,1.3882,-0.6197,-0.1605,5.9226,0.0,0.0,0.0,8.09999990463257,up,2026-08-20T14:37:09,0.0,0.0
SPX,2026-09-18,28,Call,6675.0,SPX260918C06675000,1017.0,1020.1,1018.55,473.3,0.0,0.0,0.0,656.0,0.2705,0.973,0.0001,1.3706,-0.6159,4.9442,1017.1938,0.0,0.0,0.0,999.049987792969,no_change,2026-04-09T14:00:15,0.0,0.0
SPXW,2026-09-18,28,Call,6675.0,SPXW260918C06675000,1006.7,1030.6,1018.65,1060.65,0.0,0.0,0.0,7.0,0.2719,0.9724,0.0001,1.3996,-0.623,4.941,1017.0906,0.0,0.0,0.0,1000.19998168945,no_change,2026-08-19T09:54:38,0.0,0.0
SPX,2026-09-18,28,Put,6675.0,SPX260918P06675000,5.7,6.0,5.85,5.7,-2.25,-28.3019,49.0,3086.0,0.2703,-0.0269,0.0001,1.3708,-0.6158,-0.1589,5.8101,5.6,5.7,5.6,7.9500002861023,up,2026-08-21T15:59:55,0.0,0.0
SPXW,2026-09-18,28,Put,6675.0,SPXW260918P06675000,5.8,6.1,5.949999999999999,6.4,-1.8,-21.9512,1.0,361.0,0.2705,-0.0274,0.0001,1.3996,-0.623,-0.1621,5.9708,6.4,6.4,6.4,8.2000002861023,down,2026-08-21T11:05:40,0.0,0.0
SPX,2026-09-18,28,Call,6680.0,SPX260918C06680000,1012.1,1015.2,1013.6500000000001,751.6,0.0,0.0,0.0,68.0,0.2699,0.9727,0.0001,1.3819,-0.6191,4.9465,1012.2577,0.0,0.0,0.0,994.150024414062,up,2026-05-04T11:07:49,0.0,0.0
SPXW,2026-09-18,28,Call,6680.0,SPXW260918C06680000,1001.8,1025.7,1013.75,1056.16,0.0,0.0,0.0,7.0,0.2705,0.9722,0.0001,1.4111,-0.6263,4.9432,1012.156,0.0,0.0,0.0,995.25,no_change,2026-08-19T09:54:38,0.0,0.0
SPX,2026-09-18,28,Put,6680.0,SPX260918P06680000,5.8,6.0,5.9,6.5,0.0,0.0,0.0,1605.0,0.2699,-0.0272,0.0001,1.382,-0.619,-0.1604,5.8572,0.0,0.0,0.0,8.04999995231628,no_change,2026-08-19T09:30:02,0.0,0.0
SPXW,2026-09-18,28,Put,6680.0,SPXW260918P06680000,5.9,6.1,6.0,8.0,0.0,0.0,0.0,150.0,0.2697,-0.0277,0.0001,1.4111,-0.6263,-0.1636,6.0196,0.0,0.0,0.0,8.2000002861023,up,2026-08-20T14:37:09,0.0,0.0
SPX,2026-09-18,28,Call,6690.0,SPX260918C06690000,1002.2,1005.3,1003.75,860.53,0.0,0.0,0.0,27.0,0.268,0.9722,0.0001,1.4047,-0.6257,4.951,1002.3872,0.0,0.0,0.0,984.25,up,2026-05-18T15:32:44,0.0,0.0
SPXW,2026-09-18,28,Call,6690.0,SPXW260918C06690000,991.9,1015.8,1003.8499999999999,0.0,0.0,0.0,0.0,0.0,0.2693,0.9716,0.0001,1.4345,-0.633,4.9476,1002.2888,0.0,0.0,0.0,985.450012207031,no_change,,0.0,0.0
SPX,2026-09-18,28,Put,6690.0,SPX260918P06690000,5.8,6.1,5.949999999999999,7.9,0.0,0.0,0.0,638.0,0.2682,-0.0277,0.0001,1.4049,-0.6256,-0.1636,5.9533,0.0,0.0,0.0,8.15000009536743,no_change,2026-08-20T15:53:48,0.0,0.0
SPXW,2026-09-18,28,Put,6690.0,SPXW260918P06690000,6.0,6.2,6.1,6.41,-1.99,-23.6905,2.0,100.0,0.268,-0.0282,0.0001,1.4345,-0.633,-0.1669,6.119,6.41,6.41,6.41,8.40000009536743,down,2026-08-21T14:49:26,0.0,0.0
SPX,2026-09-18,28,Call,6700.0,SPX260918C06700000,992.7,995.2,993.95,1001.8,27.35,2.80671,2.0,7491.0,0.2679,0.9716,0.0001,1.4282,-0.6324,4.9554,992.519,1000.68,1001.8,1000.68,974.450012207031,up,2026-08-21T15:01:50,0.0,0.0
SPXW,2026-09-18,28,Call,6700.0,SPXW260918C06700000,982.1,1006.0,994.05,1011.74,36.09,3.69907,5.0,11.0,0.2674,0.971,0.0001,1.4585,-0.6398,4.9519,992.4241,1011.74,1011.74,1011.74,975.649993896484,down,2026-08-21T11:46:53,0.0,0.0
SPX,2026-09-18,28,Put,6700.0,SPX260918P06700000,5.9,6.2,6.050000000000001,6.05,-2.3,-27.5449,418.0,19580.0,0.2665,-0.0282,0.0001,1.4283,-0.6323,-0.1669,6.0517,6.62,6.96,5.9,8.34999990463257,up,2026-08-21T16:09:38,0.0,0.0
SPXW,2026-09-18,28,Put,6700.0,SPXW260918P06700000,6.1,6.3,6.199999999999999,6.3,-2.2,-25.8824,38.0,756.0,0.2663,-0.0288,0.0001,1.4585,-0.6398,-0.1702,6.2208,7.01,7.01,6.01,8.5,no_change,2026-08-21T15:55:34,0.0,0.0
SPX,2026-09-18,28,Call,6710.0,SPX260918C06710000,982.5,985.6,984.05,634.89,0.0,0.0,0.0,75.0,0.2649,0.971,0.0001,1.4522,-0.6392,4.9596,982.6533,0.0,0.0,0.0,964.650024414062,up,2026-04-21T15:00:50,0.0,0.0
SPXW,2026-09-18,28,Call,6710.0,SPXW260918C06710000,972.2,996.1,984.1500000000001,789.1,0.0,0.0,0.0,0.0,0.2654,0.9705,0.0001,1.4832,-0.6468,4.9561,982.562,0.0,0.0,0.0,965.800018310547,up,2026-07-28T15:45:27,0.0,0.0
SPX,2026-09-18,28,Put,6710.0,SPX260918P06710000,6.0,6.3,6.15,8.05,0.0,0.0,0.0,632.0,0.2648,-0.0288,0.0001,1.4524,-0.6391,-0.1702,6.1526,0.0,0.0,0.0,8.4500002861023,no_change,2026-08-20T10:23:03,0.0,0.0
SPXW,2026-09-18,28,Put,6710.0,SPXW260918P06710000,6.2,6.4,6.300000000000001,6.9,-1.75,-20.2312,1.0,94.0,0.2646,-0.0294,0.0001,1.4832,-0.6468,-0.1736,6.3252,6.9,6.9,6.9,8.65000009536743,down,2026-08-21T11:12:21,0.0,0.0
SPX,2026-09-18,28,Call,6720.0,SPX260918C06720000,972.6,975.7,974.1500000000001,767.2,0.0,0.0,0.0,25.0,0.2629,0.9704,0.0001,1.4768,-0.6462,4.9638,972.7902,0.0,0.0,0.0,954.849975585938,up,2026-07-27T15:35:16,0.0,0.0
SPXW,2026-09-18,28,Call,6720.0,SPXW260918C06720000,962.3,986.2,974.25,975.22,19.27,2.01579,28.0,1.0,0.2642,0.9699,0.0001,1.5084,-0.6538,4.9602,972.7026,975.22,975.22,975.22,955.950012207031,down,2026-08-21T14:06:47,0.0,0.0
SPX,2026-09-18,28,Put,6720.0,SPX260918P06720000,6.1,6.4,6.25,6.9,0.0,0.0,0.0,409.0,0.2631,-0.0294,0.0001,1.4771,-0.646,-0.1737,6.2561,0.0,0.0,0.0,8.59999990463257,no_change,2026-08-19T09:30:02,0.0,0.0
SPXW,2026-09-18,28,Put,6720.0,SPXW260918P06720000,6.3,6.5,6.4,7.35,-1.45,-16.4773,2.0,63.0,0.2629,-0.03,0.0001,1.5084,-0.6538,-0.1772,6.4324,7.35,7.35,7.35,8.7999997138977,down,2026-08-21T10:36:01,0.0,0.0
SPX,2026-09-18,28,Call,6725.0,SPX260918C06725000,967.7,970.8,969.25,800.42,0.0,0.0,0.0,879.0,0.2623,0.9702,0.0001,1.4894,-0.6497,4.9659,967.8596,0.0,0.0,0.0,949.950012207031,no_change,2026-07-08T11:57:32,0.0,0.0
SPXW,2026-09-18,28,Call,6725.0,SPXW260918C06725000,957.4,981.3,969.3499999999999,0.0,0.0,0.0,0.0,3.0,0.2628,0.9696,0.0001,1.5213,-0.6574,4.9622,967.7739,0.0,0.0,0.0,951.149993896484,no_change,,0.0,0.0
SPX,2026-09-18,28,Put,6725.0,SPX260918P06725000,6.2,6.5,6.35,8.55,0.0,0.0,0.0,3160.0,0.2619,-0.0297,0.0001,1.4896,-0.6496,-0.1754,6.3089,0.0,0.0,0.0,8.65000009536743,down,2026-08-20T14:57:12,0.0,0.0
SPXW,2026-09-18,28,Put,6725.0,SPXW260918P06725000,6.4,6.6,6.5,7.0,-1.9,-21.3483,1.0,110.0,0.262,-0.0303,0.0001,1.5213,-0.6574,-0.179,6.487,7.0,7.0,7.0,8.90000009536743,down,2026-08-21T11:05:36,0.0,0.0
SPX,2026-09-18,28,Call,6730.0,SPX260918C06730000,962.7,965.8,964.25,806.06,0.0,0.0,0.0,164.0,0.261,0.9698,0.0001,1.5021,-0.6532,4.9679,962.9298,0.0,0.0,0.0,944.950012207031,up,2026-06-23T13:35:32,0.0,0.0
SPXW,2026-09-18,28,Call,6730.0,SPXW260918C06730000,952.5,976.4,964.45,0.0,0.0,0.0,0.0,0.0,0.2622,0.9692,0.0001,1.5343,-0.661,4.9642,962.846,0.0,0.0,0.0,946.149993896484,no_change,,0.0,0.0
SPX,2026-09-18,28,Put,6730.0,SPX260918P06730000,6.2,6.5,6.35,7.9,0.0,0.0,0.0,570.0,0.2614,-0.03,0.0001,1.5023,-0.6531,-0.1772,6.3623,0.0,0.0,0.0,8.75,down,2026-08-20T12:39:06,0.0,0.0
SPXW,2026-09-18,28,Put,6730.0,SPXW260918P06730000,6.4,6.6,6.5,7.0,-1.95,-21.7877,1.0,42.0,0.2612,-0.0306,0.0001,1.5343,-0.661,-0.1808,6.5424,7.0,7.0,7.0,8.94999980926514,down,2026-08-21T11:12:21,0.0,0.0
SPX,2026-09-18,28,Call,6740.0,SPX260918C06740000,952.9,956.0,954.45,1085.79,0.0,0.0,0.0,149.0,0.2597,0.9692,0.0001,1.528,-0.6604,4.9719,953.0721,0.0,0.0,0.0,935.150024414062,up,2026-08-13T15:37:26,0.0,0.0
SPXW,2026-09-18,28,Call,6740.0,SPXW260918C06740000,942.6,966.5,954.55,0.0,0.0,0.0,0.0,0.0,0.2609,0.9686,0.0001,1.5608,-0.6683,4.9681,952.9923,0.0,0.0,0.0,936.350006103516,no_change,,0.0,0.0
SPX,2026-09-18,28,Put,6740.0,SPX260918P06740000,6.3,6.6,6.449999999999999,7.3,0.0,0.0,0.0,625.0,0.2596,-0.0306,0.0001,1.5283,-0.6603,-0.1809,6.4713,0.0,0.0,0.0,8.90000009536743,up,2026-08-19T13:45:07,0.0,0.0
SPXW,2026-09-18,28,Put,6740.0,SPXW260918P06740000,6.5,6.7,6.6,8.6,0.0,0.0,0.0,55.0,0.2594,-0.0312,0.0001,1.5608,-0.6683,-0.1846,6.6553,0.0,0.0,0.0,9.09999990463257,up,2026-08-20T11:50:43,0.0,0.0
SPX,2026-09-18,28,Call,6750.0,SPX260918C06750000,943.4,945.9,944.65,1068.88,0.0,0.0,0.0,2201.0,0.258,0.9686,0.0001,1.5545,-0.6676,4.9757,943.2174,0.0,0.0,0.0,925.350006103516,down,2026-08-13T11:12:44,0.0,0.0
SPXW,2026-09-18,28,Call,6750.0,SPXW260918C06750000,932.8,956.7,944.75,1065.8,0.0,0.0,0.0,11.0,0.2589,0.968,0.0001,1.5879,-0.6757,4.9718,943.1417,0.0,0.0,0.0,926.549987792969,no_change,2026-08-13T11:27:16,0.0,0.0
SPX,2026-09-18,28,Put,6750.0,SPX260918P06750000,6.4,6.7,6.550000000000001,7.05,-2.0,-22.0994,3.0,13230.0,0.2579,-0.0313,0.0001,1.5548,-0.6676,-0.1847,6.5832,7.05,7.05,7.05,9.0499997138977,down,2026-08-21T11:13:29,0.0,0.0
SPXW,2026-09-18,28,Put,6750.0,SPXW260918P06750000,6.6,6.9,6.75,7.1,-2.2,-23.6559,7.0,1716.0,0.2583,-0.0319,0.0001,1.5879,-0.6757,-0.1885,6.7713,7.8,7.8,7.1,9.2999997138977,down,2026-08-21T15:04:55,0.0,0.0
SPX,2026-09-18,28,Call,6760.0,SPX260918C06760000,933.2,936.3,934.75,815.0,0.0,0.0,0.0,44.0,0.2564,0.9679,0.0001,1.5816,-0.6751,4.9794,933.3658,0.0,0.0,0.0,915.549987792969,up,2026-07-21T15:34:20,0.0,0.0
SPXW,2026-09-18,28,Call,6760.0,SPXW260918C06760000,922.9,946.8,934.8499999999999,1026.55,0.0,0.0,0.0,2.0,0.2575,0.9673,0.0001,1.6156,-0.6833,4.9754,933.2944,0.0,0.0,0.0,916.799987792969,up,2026-08-04T15:53:09,0.0,0.0
SPX,2026-09-18,28,Put,6760.0,SPX260918P06760000,6.5,6.9,6.7,7.5,0.0,0.0,0.0,921.0,0.2564,-0.0319,0.0001,1.5819,-0.675,-0.1886,6.6982,0.0,0.0,0.0,9.25,up,2026-08-19T13:53:48,0.0,0.0
SPXW,2026-09-18,28,Put,6760.0,SPXW260918P06760000,6.8,7.0,6.9,8.9,0.0,0.0,0.0,174.0,0.2562,-0.0326,0.0001,1.6156,-0.6833,-0.1926,6.8905,0.0,0.0,0.0,9.40000009536743,up,2026-08-20T11:50:43,0.0,0.0
SPX,2026-09-18,28,Call,6770.0,SPX260918C06770000,923.3,926.4,924.8499999999999,383.5,0.0,0.0,0.0,58.0,0.2544,0.9673,0.0001,1.6094,-0.6826,4.9831,923.5174,0.0,0.0,0.0,905.75,up,2026-04-08T13:51:33,0.0,0.0
SPXW,2026-09-18,28,Call,6770.0,SPXW260918C06770000,913.1,937.0,925.05,1046.1,0.0,0.0,0.0,0.0,0.2554,0.9666,0.0001,1.6439,-0.691,4.9789,923.4504,0.0,0.0,0.0,907.100006103516,no_change,2026-08-13T11:27:16,0.0,0.0
SPX,2026-09-18,28,Put,6770.0,SPX260918P06770000,6.7,7.0,6.85,7.8,-1.55,-16.5775,213.0,616.0,0.2546,-0.0326,0.0001,1.6096,-0.6826,-0.1927,6.8163,7.81,7.81,7.8,9.34999990463257,down,2026-08-21T10:32:11,0.0,0.0
SPXW,2026-09-18,28,Put,6770.0,SPXW260918P06770000,6.9,7.1,7.0,8.0,-1.6,-16.6667,2.0,111.0,0.2544,-0.0332,0.0001,1.6439,-0.691,-0.1967,7.013,8.0,8.0,8.0,9.59999990463257,down,2026-08-21T10:36:01,0.0,0.0
SPX,2026-09-18,28,Call,6775.0,SPX260918C06775000,918.4,921.5,919.95,850.62,0.0,0.0,0.0,493.0,0.2534,0.9669,0.0001,1.6234,-0.6865,4.9848,918.5944,0.0,0.0,0.0,900.849975585938,up,2026-08-03T12:09:03,0.0,0.0
SPXW,2026-09-18,28,Call,6775.0,SPXW260918C06775000,908.1,932.0,920.05,874.08,0.0,0.0,0.0,1.0,0.2547,0.9662,0.0001,1.6582,-0.6949,4.9806,918.5297,0.0,0.0,0.0,902.099975585938,up,2026-08-03T15:34:48,0.0,0.0
SPX,2026-09-18,28,Put,6775.0,SPX260918P06775000,6.7,7.0,6.85,6.88,-2.57,-27.1958,61.0,2929.0,0.2537,-0.0329,0.0001,1.6237,-0.6864,-0.1947,6.8767,7.53,7.53,6.81,9.4500002861023,up,2026-08-21T16:13:40,0.0,0.0
SPXW,2026-09-18,28,Put,6775.0,SPXW260918P06775000,6.9,7.2,7.050000000000001,7.44,-2.26,-23.299,5.0,397.0,0.2538,-0.0336,0.0001,1.6582,-0.6949,-0.1988,7.0756,7.6,7.6,7.44,9.7000002861023,down,2026-08-21T11:44:07,0.0,0.0
SPX,2026-09-18,28,Call,6780.0,SPX260918C06780000,913.5,916.6,915.05,841.72,0.0,0.0,0.0,22.0,0.253,0.9666,0.0001,1.6376,-0.6904,4.9865,913.6722,0.0,0.0,0.0,895.950012207031,up,2026-07-06T11:49:44,0.0,0.0
SPXW,2026-09-18,28,Call,6780.0,SPXW260918C06780000,903.2,927.1,915.1500000000001,773.73,0.0,0.0,0.0,1.0,0.254,0.9659,0.0001,1.6727,-0.6989,4.9823,913.6098,0.0,0.0,0.0,897.149993896484,down,2026-07-02T14:46:51,0.0,0.0
SPX,2026-09-18,28,Put,6780.0,SPX260918P06780000,6.8,7.1,6.949999999999999,9.48,0.0,0.0,0.0,603.0,0.2528,-0.0333,0.0001,1.6379,-0.6903,-0.1968,6.9378,0.0,0.0,0.0,9.5499997138977,up,2026-08-20T14:19:39,0.0,0.0
SPXW,2026-09-18,28,Put,6780.0,SPXW260918P06780000,7.0,7.2,7.1,9.2,0.0,0.0,0.0,105.0,0.2529,-0.034,0.0001,1.6727,-0.6989,-0.201,7.1391,0.0,0.0,0.0,9.7999997138977,no_change,2026-08-20T13:20:00,0.0,0.0
SPX,2026-09-18,28,Call,6790.0,SPX260918C06790000,903.6,906.7,905.1500000000001,878.21,0.0,0.0,0.0,28.0,0.2506,0.9658,0.0001,1.6665,-0.6982,4.9898,903.8306,0.0,0.0,0.0,886.150024414062,up,2026-05-26T15:37:08,0.0,0.0
SPXW,2026-09-18,28,Call,6790.0,SPXW260918C06790000,893.4,917.3,905.3499999999999,997.45,0.0,0.0,0.0,102.0,0.252,0.9652,0.0001,1.7021,-0.7069,4.9855,903.773,0.0,0.0,0.0,887.5,up,2026-08-04T15:53:09,0.0,0.0
SPX,2026-09-18,28,Put,6790.0,SPX260918P06790000,6.9,7.2,7.050000000000001,8.0,-1.75,-17.9487,9.0,750.0,0.251,-0.034,0.0001,1.6668,-0.6981,-0.2012,7.0628,8.0,8.0,8.0,9.75,up,2026-08-21T10:26:26,0.0,0.0
SPXW,2026-09-18,28,Put,6790.0,SPXW260918P06790000,7.1,7.3,7.199999999999999,9.4,0.0,0.0,0.0,115.0,0.2514,-0.0347,0.0001,1.7021,-0.7069,-0.2054,7.2688,0.0,0.0,0.0,9.94999980926514,up,2026-08-20T11:50:43,0.0,0.0
SPX,2026-09-18,28,Call,6800.0,SPX260918C06800000,894.0,896.7,895.35,979.99,0.0,0.0,0.0,8226.0,0.2511,0.9651,0.0001,1.696,-0.7062,4.993,893.9926,0.0,0.0,0.0,876.350006103516,down,2026-08-17T13:36:23,0.0,0.0
SPXW,2026-09-18,28,Call,6800.0,SPXW260918C06800000,883.5,907.4,895.45,981.18,0.0,0.0,0.0,28.0,0.2505,0.9644,0.0001,1.7321,-0.7151,4.9886,893.9399,0.0,0.0,0.0,877.599975585938,up,2026-08-12T10:28:10,0.0,0.0
SPX,2026-09-18,28,Put,6800.0,SPX260918P06800000,7.0,7.3,7.15,7.22,-2.63,-26.7005,7194.0,26806.0,0.2495,-0.0347,0.0001,1.6963,-0.7061,-0.2056,7.1915,7.81,8.17,7.0,9.84999990463257,up,2026-08-21T16:13:40,0.0,0.0
SPXW,2026-09-18,28,Put,6800.0,SPXW260918P06800000,7.3,7.5,7.4,7.2,-2.9,-28.7129,84.0,1370.0,0.2498,-0.0354,0.0001,1.7321,-0.7151,-0.2099,7.4023,8.03,8.1,7.2,10.0999999046326,down,2026-08-21T15:45:22,0.0,0.0
SPX,2026-09-18,28,Call,6810.0,SPX260918C06810000,884.0,887.0,885.5,970.44,0.0,0.0,0.0,64.0,0.2478,0.9644,0.0001,1.726,-0.7144,4.9961,884.1584,0.0,0.0,0.0,866.600006103516,down,2026-08-17T13:58:06,0.0,0.0
SPXW,2026-09-18,28,Call,6810.0,SPXW260918C06810000,873.7,897.6,885.6500000000001,0.0,0.0,0.0,0.0,0.0,0.249,0.9636,0.0001,1.7628,-0.7234,4.9916,884.1107,0.0,0.0,0.0,867.799987792969,no_change,,0.0,0.0
SPX,2026-09-18,28,Put,6810.0,SPX260918P06810000,7.1,7.5,7.3,9.9,0.0,0.0,0.0,581.0,0.2479,-0.0355,0.0001,1.7264,-0.7143,-0.2101,7.3239,0.0,0.0,0.0,10.0499997138977,up,2026-08-20T15:55:45,0.0,0.0
SPXW,2026-09-18,28,Put,6810.0,SPXW260918P06810000,7.4,7.6,7.5,7.7,-2.6,-25.2427,83.0,241.0,0.248,-0.0362,0.0001,1.7628,-0.7234,-0.2146,7.5397,8.06,8.06,7.7,10.2999997138977,down,2026-08-21T15:17:02,0.0,0.0
SPX,2026-09-18,28,Call,6820.0,SPX260918C06820000,874.1,877.2,875.6500000000001,747.8,0.0,0.0,0.0,52.0,0.2457,0.9636,0.0001,1.7567,-0.7227,4.9991,874.3281,0.0,0.0,0.0,856.799987792969,up,2026-05-06T15:50:08,0.0,0.0
SPXW,2026-09-18,28,Call,6820.0,SPXW260918C06820000,863.9,887.8,875.8499999999999,961.58,0.0,0.0,0.0,11.0,0.2469,0.9628,0.0001,1.7941,-0.7319,4.9945,874.2856,0.0,0.0,0.0,858.049987792969,up,2026-08-12T10:28:10,0.0,0.0
SPX,2026-09-18,28,Put,6820.0,SPX260918P06820000,7.3,7.6,7.449999999999999,9.6,0.0,0.0,0.0,717.0,0.2461,-0.0363,0.0001,1.7571,-0.7226,-0.2148,7.4602,0.0,0.0,0.0,10.25,no_change,2026-08-20T13:33:47,0.0,0.0
SPXW,2026-09-18,28,Put,6820.0,SPXW260918P06820000,7.5,7.8,7.65,8.0,-2.5,-23.8095,2.0,235.0,0.2464,-0.037,0.0001,1.7941,-0.7319,-0.2193,7.6811,8.0,8.0,8.0,10.5,down,2026-08-21T11:28:55,0.0,0.0
SPX,2026-09-18,28,Call,6825.0,SPX260918C06825000,869.4,872.2,870.8,926.8,0.0,0.0,0.0,924.0,0.2453,0.9632,0.0001,1.7723,-0.7269,5.0005,869.4144,0.0,0.0,0.0,851.899993896484,down,2026-08-06T15:16:51,0.0,0.0
SPXW,2026-09-18,28,Call,6825.0,SPXW260918C06825000,858.9,882.9,870.9,778.09,0.0,0.0,0.0,2.0,0.2462,0.9624,0.0002,1.81,-0.7362,4.9959,869.3746,0.0,0.0,0.0,853.149993896484,down,2026-07-07T12:25:07,0.0,0.0
SPX,2026-09-18,28,Put,6825.0,SPX260918P06825000,7.3,7.7,7.5,7.2,-3.15,-30.4348,68.0,2686.0,0.2454,-0.0367,0.0001,1.7727,-0.7268,-0.2172,7.5298,8.38,8.45,7.2,10.3499999046326,no_change,2026-08-21T15:47:12,0.0,0.0
SPXW,2026-09-18,28,Put,6825.0,SPXW260918P06825000,7.6,7.8,7.699999999999999,7.7,-2.9,-27.3585,7.0,692.0,0.2454,-0.0374,0.0002,1.81,-0.7362,-0.2218,7.7535,8.5,8.8,7.7,10.5999999046326,down,2026-08-21T15:57:01,0.0,0.0
SPX,2026-09-18,28,Call,6830.0,SPX260918C06830000,864.3,867.4,865.8499999999999,708.7,0.0,0.0,0.0,14.0,0.2442,0.9628,0.0002,1.7881,-0.7312,5.0019,864.5018,0.0,0.0,0.0,847.0,down,2026-06-24T09:55:22,0.0,0.0
SPXW,2026-09-18,28,Call,6830.0,SPXW260918C06830000,854.0,878.0,866.0,686.21,0.0,0.0,0.0,2.0,0.2454,0.962,0.0002,1.8261,-0.7406,4.9972,864.4647,0.0,0.0,0.0,848.399993896484,up,2026-07-28T11:45:05,0.0,0.0
SPX,2026-09-18,28,Put,6830.0,SPX260918P06830000,7.4,7.7,7.550000000000001,10.1,0.0,0.0,0.0,1747.0,0.2448,-0.0371,0.0002,1.7881,-0.7312,-0.2196,7.6005,0.0,0.0,0.0,10.4500002861023,up,2026-08-20T15:51:13,0.0,0.0
SPXW,2026-09-18,28,Put,6830.0,SPXW260918P06830000,7.7,7.9,7.800000000000001,8.34,-2.36,-22.0561,1.0,232.0,0.2445,-0.0378,0.0002,1.8261,-0.7406,-0.2242,7.8268,8.34,8.34,8.34,10.7000002861023,down,2026-08-21T11:16:02,0.0,0.0
SPX,2026-09-18,28,Call,6840.0,SPX260918C06840000,854.5,857.5,856.0,809.65,0.0,0.0,0.0,15.0,0.2427,0.9619,0.0002,1.8202,-0.7398,5.0047,854.6797,0.0,0.0,0.0,837.25,down,2026-08-03T15:46:00,0.0,0.0
SPXW,2026-09-18,28,Call,6840.0,SPXW260918C06840000,844.2,868.1,856.1500000000001,855.48,17.03,2.03113,1.0,0.0,0.2438,0.9612,0.0002,1.8588,-0.7494,4.9998,854.6482,855.48,855.48,855.48,838.450012207031,up,2026-08-21T14:08:19,0.0,0.0
SPX,2026-09-18,28,Put,6840.0,SPX260918P06840000,7.5,7.9,7.7,7.4,-3.25,-30.5164,34.0,2145.0,0.2429,-0.0379,0.0002,1.8202,-0.7398,-0.2245,7.745,8.16,8.16,7.4,10.6500000953674,down,2026-08-21T15:47:12,0.0,0.0
SPXW,2026-09-18,28,Put,6840.0,SPXW260918P06840000,7.8,8.1,7.949999999999999,10.3,0.0,0.0,0.0,60.0,0.2431,-0.0387,0.0002,1.8588,-0.7494,-0.2292,7.9769,0.0,0.0,0.0,10.9000000953674,up,2026-08-20T11:51:02,0.0,0.0
SPX,2026-09-18,28,Call,6850.0,SPX260918C06850000,844.9,847.5,846.2,931.31,0.0,0.0,0.0,6788.0,0.2418,0.9611,0.0002,1.853,-0.7487,5.0072,844.862,0.0,0.0,0.0,827.5,up,2026-08-10T14:32:46,0.0,0.0
SPXW,2026-09-18,28,Call,6850.0,SPXW260918C06850000,834.4,858.3,846.3499999999999,879.43,0.0,0.0,0.0,42.0,0.2423,0.9603,0.0002,1.8924,-0.7584,5.0023,844.8362,0.0,0.0,0.0,828.799987792969,no_change,2026-08-19T09:51:43,0.0,0.0
SPX,2026-09-18,28,Put,6850.0,SPX260918P06850000,7.7,8.0,7.85,7.5,-3.35,-30.8756,1554.0,15629.0,0.2413,-0.0388,0.0002,1.853,-0.7487,-0.2296,7.8938,8.97,8.97,7.5,10.8499999046326,no_change,2026-08-21T15:47:12,0.0,0.0
SPXW,2026-09-18,28,Put,6850.0,SPXW260918P06850000,8.0,8.2,8.1,8.29,-2.81,-25.3153,35.0,947.0,0.2412,-0.0396,0.0002,1.8924,-0.7584,-0.2344,8.1315,9.41,9.41,8.29,11.0999999046326,down,2026-08-21T15:00:42,0.0,0.0
SPX,2026-09-18,28,Call,6860.0,SPX260918C06860000,834.8,837.9,836.3499999999999,819.48,0.0,0.0,0.0,170.0,0.2393,0.9602,0.0002,1.8867,-0.7577,5.0097,835.0488,0.0,0.0,0.0,817.700012207031,down,2026-08-20T14:34:50,0.0,0.0
SPXW,2026-09-18,28,Call,6860.0,SPXW260918C06860000,824.6,848.5,836.55,870.37,0.0,0.0,0.0,5.0,0.2407,0.9594,0.0002,1.927,-0.7676,5.0047,835.029,0.0,0.0,0.0,819.149993896484,no_change,2026-08-19T09:51:43,0.0,0.0
SPX,2026-09-18,28,Put,6860.0,SPX260918P06860000,7.8,8.2,8.0,10.7,0.0,0.0,0.0,847.0,0.2396,-0.0396,0.0002,1.8867,-0.7577,-0.2348,8.0472,0.0,0.0,0.0,11.0499997138977,up,2026-08-20T15:51:12,0.0,0.0
SPXW,2026-09-18,28,Put,6860.0,SPXW260918P06860000,8.1,8.4,8.25,8.5,-2.85,-25.1101,1.0,114.0,0.2398,-0.0405,0.0002,1.927,-0.7676,-0.2397,8.2908,8.5,8.5,8.5,11.3499999046326,down,2026-08-21T15:17:02,0.0,0.0
SPX,2026-09-18,28,Call,6870.0,SPX260918C06870000,825.0,828.1,826.55,618.72,0.0,0.0,0.0,92.0,0.2378,0.9593,0.0002,1.9214,-0.7669,5.012,825.2403,0.0,0.0,0.0,808.0,down,2026-07-23T14:59:54,0.0,0.0
SPXW,2026-09-18,28,Call,6870.0,SPXW260918C06870000,814.8,838.7,826.75,780.56,0.0,0.0,0.0,2.0,0.239,0.9584,0.0002,1.9625,-0.777,5.0068,825.2266,0.0,0.0,0.0,809.25,no_change,2026-08-03T14:07:01,0.0,0.0
SPX,2026-09-18,28,Put,6870.0,SPX260918P06870000,8.0,8.3,8.15,9.05,-2.2,-19.5556,4.0,1303.0,0.2379,-0.0406,0.0002,1.9214,-0.7669,-0.2401,8.2053,9.15,9.15,9.05,11.25,no_change,2026-08-21T09:46:41,0.0,0.0
SPXW,2026-09-18,28,Put,6870.0,SPXW260918P06870000,8.3,8.5,8.4,10.9,0.0,0.0,0.0,87.0,0.2381,-0.0414,0.0002,1.9625,-0.777,-0.2452,8.455,0.0,0.0,0.0,11.5999999046326,no_change,2026-08-20T13:29:51,0.0,0.0
SPX,2026-09-18,28,Call,6875.0,SPX260918C06875000,820.1,823.2,821.6500000000001,667.0,0.0,0.0,0.0,1210.0,0.2372,0.9588,0.0002,1.939,-0.7715,5.0131,820.3379,0.0,0.0,0.0,803.100006103516,down,2026-07-31T15:07:51,0.0,0.0
SPXW,2026-09-18,28,Call,6875.0,SPXW260918C06875000,809.9,833.8,821.8499999999999,871.04,0.0,0.0,0.0,15.0,0.2382,0.958,0.0002,1.9806,-0.7817,5.0079,820.3273,0.0,0.0,0.0,804.550018310547,up,2026-08-19T09:48:02,0.0,0.0
SPX,2026-09-18,28,Put,6875.0,SPX260918P06875000,8.1,8.4,8.25,7.9,-3.45,-30.3965,121.0,2546.0,0.237,-0.041,0.0002,1.939,-0.7715,-0.2428,8.2862,7.9,7.9,7.9,11.3499999046326,no_change,2026-08-21T15:47:14,0.0,0.0
SPXW,2026-09-18,28,Put,6875.0,SPXW260918P06875000,8.4,8.6,8.5,8.9,-2.8,-23.9316,6.0,616.0,0.2371,-0.0419,0.0002,1.9806,-0.7817,-0.248,8.5389,8.9,8.9,8.9,11.7000002861023,no_change,2026-08-21T12:17:12,0.0,0.0
SPX,2026-09-18,28,Call,6880.0,SPX260918C06880000,815.2,818.3,816.75,607.13,0.0,0.0,0.0,32.0,0.2361,0.9584,0.0002,1.957,-0.7762,5.0141,815.4367,0.0,0.0,0.0,798.200012207031,down,2026-07-30T12:54:48,0.0,0.0
SPXW,2026-09-18,28,Call,6880.0,SPXW260918C06880000,805.0,828.9,816.95,599.95,0.0,0.0,0.0,1.0,0.2374,0.9575,0.0002,1.999,-0.7866,5.0088,815.4293,0.0,0.0,0.0,799.649993896484,down,2026-07-27T14:38:58,0.0,0.0
SPX,2026-09-18,28,Put,6880.0,SPX260918P06880000,8.2,8.5,8.35,11.3,0.0,0.0,0.0,1470.0,0.2362,-0.0415,0.0002,1.957,-0.7763,-0.2456,8.3683,0.0,0.0,0.0,11.5,up,2026-08-20T15:49:01,0.0,0.0
SPXW,2026-09-18,28,Put,6880.0,SPXW260918P06880000,8.5,8.7,8.6,9.0,-2.8,-23.7288,28.0,136.0,0.2366,-0.0424,0.0002,1.999,-0.7866,-0.2508,8.6242,9.14,9.14,9.0,11.7999997138977,down,2026-08-21T13:19:58,0.0,0.0
SPX,2026-09-18,28,Call,6890.0,SPX260918C06890000,805.4,808.4,806.9,894.9,0.0,0.0,0.0,146.0,0.2345,0.9574,0.0002,1.9936,-0.7858,5.0161,805.6382,0.0,0.0,0.0,788.600006103516,down,2026-08-04T14:59:23,0.0,0.0
SPXW,2026-09-18,28,Call,6890.0,SPXW260918C06890000,795.2,819.1,807.1500000000001,856.61,0.0,0.0,0.0,8.0,0.2357,0.9565,0.0002,2.0366,-0.7963,5.0106,805.6373,0.0,0.0,0.0,789.799987792969,up,2026-08-19T09:48:02,0.0,0.0
SPX,2026-09-18,28,Put,6890.0,SPX260918P06890000,8.3,8.7,8.5,9.69,-2.01,-17.1795,122.0,5184.0,0.2348,-0.0425,0.0002,1.9936,-0.7858,-0.2513,8.5363,9.69,9.69,9.69,11.6999998092651,down,2026-08-21T10:18:48,0.0,0.0
SPXW,2026-09-18,28,Put,6890.0,SPXW260918P06890000,8.6,8.9,8.75,10.0,-2.0,-16.6667,17.0,87.0,0.2349,-0.0434,0.0002,2.0366,-0.7963,-0.2567,8.7988,10.0,10.0,10.0,12.0,no_change,2026-08-21T09:52:28,0.0,0.0
SPX,2026-09-18,28,Call,6900.0,SPX260918C06900000,795.9,798.4,797.15,783.0,0.0,0.0,0.0,9613.0,0.2342,0.9564,0.0002,2.0314,-0.7956,5.0178,795.845,0.0,0.0,0.0,778.25,down,2026-08-20T14:56:11,0.0,0.0
SPXW,2026-09-18,28,Call,6900.0,SPXW260918C06900000,785.4,809.3,797.3499999999999,857.17,0.0,0.0,0.0,40.0,0.234,0.9555,0.0002,2.0753,-0.8063,5.0122,795.8509,0.0,0.0,0.0,780.199981689453,up,2026-08-11T15:17:01,0.0,0.0
SPX,2026-09-18,28,Put,6900.0,SPX260918P06900000,8.5,8.8,8.65,8.47,-3.48,-29.1213,729.0,24849.0,0.233,-0.0435,0.0002,2.0314,-0.7956,-0.2572,8.7097,9.4,9.85,8.47,11.9500002861023,no_change,2026-08-21T15:51:38,0.0,0.0
SPXW,2026-09-18,28,Put,6900.0,SPXW260918P06900000,8.8,9.0,8.9,8.88,-3.42,-27.8049,51.0,1139.0,0.2336,-0.0444,0.0002,2.0753,-0.8063,-0.2627,8.979,10.0,10.0,8.88,12.2999997138977,down,2026-08-21T15:42:11,0.0,0.0
SPX,2026-09-18,28,Call,6910.0,SPX260918C06910000,785.8,788.8,787.3,911.98,0.0,0.0,0.0,2809.0,0.2324,0.9553,0.0002,2.0702,-0.8056,5.0194,786.0574,0.0,0.0,0.0,768.549987792969,up,2026-08-13T11:12:44,0.0,0.0
SPXW,2026-09-18,28,Call,6910.0,SPXW260918C06910000,775.6,799.5,787.55,0.0,0.0,0.0,0.0,0.0,0.2323,0.9544,0.0002,2.115,-0.8164,5.0136,786.0702,0.0,0.0,0.0,770.450012207031,no_change,,0.0,0.0
SPX,2026-09-18,28,Put,6910.0,SPX260918P06910000,8.7,9.0,8.85,8.5,-3.7,-30.3279,46.0,699.0,0.2313,-0.0445,0.0002,2.0702,-0.8056,-0.2633,8.8887,9.9,9.9,8.5,12.1999998092651,down,2026-08-21T15:47:12,0.0,0.0
SPXW,2026-09-18,28,Put,6910.0,SPXW260918P06910000,9.0,9.2,9.1,9.7,-2.8,-22.4,20.0,68.0,0.2316,-0.0454,0.0002,2.115,-0.8164,-0.269,9.1649,9.7,9.7,9.7,12.5,down,2026-08-21T11:09:08,0.0,0.0
SPX,2026-09-18,28,Call,6920.0,SPX260918C06920000,776.0,779.1,777.55,901.88,0.0,0.0,0.0,63.0,0.2297,0.9543,0.0002,2.1101,-0.8157,5.0207,776.2756,0.0,0.0,0.0,759.399993896484,no_change,2026-08-13T11:13:03,0.0,0.0
SPXW,2026-09-18,28,Call,6920.0,SPXW260918C06920000,765.8,789.8,777.8,0.0,0.0,0.0,0.0,0.0,0.2306,0.9533,0.0002,2.1559,-0.8268,5.0147,776.2957,0.0,0.0,0.0,760.699981689453,no_change,,0.0,0.0
SPX,2026-09-18,28,Put,6920.0,SPX260918P06920000,8.9,9.2,9.05,9.1,-3.35,-26.9076,1.0,1726.0,0.2297,-0.0456,0.0002,2.1101,-0.8157,-0.2696,9.0734,9.1,9.1,9.1,12.4500002861023,down,2026-08-21T15:52:46,0.0,0.0
SPXW,2026-09-18,28,Put,6920.0,SPXW260918P06920000,9.2,9.4,9.3,9.9,-2.9,-22.6562,20.0,70.0,0.23,-0.0465,0.0002,2.1559,-0.8268,-0.2755,9.357,9.9,9.9,9.9,12.7999997138977,no_change,2026-08-21T11:09:08,0.0,0.0
SPX,2026-09-18,28,Call,6925.0,SPX260918C06925000,771.2,774.2,772.7,889.53,0.0,0.0,0.0,759.0,0.2289,0.9537,0.0002,2.1305,-0.8209,5.0212,771.387,0.0,0.0,0.0,754.5,down,2026-08-17T09:30:08,0.0,0.0
SPXW,2026-09-18,28,Call,6925.0,SPXW260918C06925000,760.9,784.9,772.9,755.7,0.0,0.0,0.0,12.0,0.2297,0.9528,0.0002,2.1767,-0.8321,5.0152,771.4108,0.0,0.0,0.0,755.799987792969,up,2026-06-15T09:45:46,0.0,0.0
SPX,2026-09-18,28,Put,6925.0,SPX260918P06925000,9.0,9.3,9.15,9.92,-2.63,-20.9562,1498.0,2213.0,0.229,-0.0461,0.0002,2.1305,-0.8209,-0.2729,9.168,10.37,10.45,9.92,12.5499997138977,no_change,2026-08-21T10:56:08,0.0,0.0
SPXW,2026-09-18,28,Put,6925.0,SPXW260918P06925000,9.3,9.5,9.4,9.11,-3.79,-29.3798,76.0,200.0,0.2297,-0.0471,0.0002,2.1767,-0.8321,-0.2789,9.4553,10.1,10.63,9.11,12.9000000953674,no_change,2026-08-21T15:47:14,0.0,0.0
SPX,2026-09-18,28,Call,6930.0,SPX260918C06930000,766.3,769.3,767.8,785.75,36.05,4.80859,1.0,105.0,0.228,0.9532,0.0002,2.1511,-0.8261,5.0217,766.4999,785.75,785.75,785.75,749.700012207031,down,2026-08-21T11:41:26,0.0,0.0
SPXW,2026-09-18,28,Call,6930.0,SPXW260918C06930000,756.0,780.0,768.0,880.0,0.0,0.0,0.0,1.0,0.2288,0.9522,0.0002,2.1977,-0.8374,5.0156,766.5276,0.0,0.0,0.0,750.950012207031,up,2026-08-14T12:33:22,0.0,0.0
SPX,2026-09-18,28,Put,6930.0,SPX260918P06930000,9.0,9.4,9.2,9.5,-3.2,-25.1968,2.0,1053.0,0.2282,-0.0467,0.0002,2.1511,-0.8261,-0.2762,9.2642,9.45,9.5,9.45,12.6999998092651,up,2026-08-21T15:55:02,0.0,0.0
SPXW,2026-09-18,28,Put,6930.0,SPXW260918P06930000,9.4,9.6,9.5,10.1,-2.9,-22.3077,1.0,130.0,0.2287,-0.0477,0.0002,2.1977,-0.8374,-0.2823,9.5554,10.1,10.1,10.1,13.0,down,2026-08-21T11:05:18,0.0,0.0
SPX,2026-09-18,28,Call,6940.0,SPX260918C06940000,756.5,759.5,758.0,621.7,0.0,0.0,0.0,44.0,0.2265,0.952,0.0002,2.1932,-0.8367,5.0225,756.7306,0.0,0.0,0.0,739.949981689453,up,2026-06-24T11:47:14,0.0,0.0
SPXW,2026-09-18,28,Call,6940.0,SPXW260918C06940000,746.3,770.2,758.25,757.6,16.4,2.21263,4.0,0.0,0.2275,0.951,0.0002,2.2405,-0.8482,5.0162,756.7661,757.6,757.6,757.6,741.200012207031,up,2026-08-21T14:11:07,0.0,0.0
SPX,2026-09-18,28,Put,6940.0,SPX260918P06940000,9.2,9.6,9.399999999999999,12.4,0.0,0.0,0.0,492.0,0.2266,-0.0478,0.0002,2.1932,-0.8367,-0.2831,9.4615,0.0,0.0,0.0,12.9500002861023,no_change,2026-08-20T15:53:52,0.0,0.0
SPXW,2026-09-18,28,Put,6940.0,SPXW260918P06940000,9.6,9.8,9.7,10.3,-3.0,-22.5564,5.0,167.0,0.2268,-0.0488,0.0002,2.2405,-0.8482,-0.2893,9.7605,10.4,10.4,10.3,13.2999997138977,down,2026-08-21T11:03:44,0.0,0.0
SPX,2026-09-18,28,Call,6950.0,SPX260918C06950000,747.1,749.5,748.3,748.41,18.11,2.4798,1.0,3841.0,0.2259,0.9509,0.0002,2.2362,-0.8475,5.023,746.968,748.41,748.41,748.41,730.299987792969,down,2026-08-21T16:00:35,0.0,0.0
SPXW,2026-09-18,28,Call,6950.0,SPXW260918C06950000,736.5,760.5,748.5,746.25,14.65,2.00246,100.0,157.0,0.2257,0.9498,0.0002,2.2843,-0.8593,5.0165,747.0116,746.4,746.4,746.25,731.599975585938,down,2026-08-21T14:39:36,0.0,0.0
SPX,2026-09-18,28,Put,6950.0,SPX260918P06950000,9.4,9.8,9.600000000000001,9.2,-4.05,-30.566,138.0,16027.0,0.225,-0.049,0.0002,2.2362,-0.8475,-0.2902,9.6655,10.87,10.89,9.2,13.25,no_change,2026-08-21T15:47:13,0.0,0.0
SPXW,2026-09-18,28,Put,6950.0,SPXW260918P06950000,9.8,10.0,9.9,9.57,-4.03,-29.6324,110.0,2441.0,0.2257,-0.05,0.0002,2.2843,-0.8593,-0.2966,9.9725,10.8,10.8,9.57,13.5999999046326,no_change,2026-08-21T15:47:14,0.0,0.0
SPX,2026-09-18,28,Call,6960.0,SPX260918C06960000,737.0,740.0,738.5,775.0,0.0,0.0,0.0,536.0,0.2232,0.9496,0.0002,2.2801,-0.8586,5.0233,737.2124,0.0,0.0,0.0,720.049987792969,up,2026-08-18T13:08:25,0.0,0.0
SPXW,2026-09-18,28,Call,6960.0,SPXW260918C06960000,726.7,750.7,738.7,547.13,0.0,0.0,0.0,1.0,0.2244,0.9486,0.0002,2.329,-0.8706,5.0166,737.2643,0.0,0.0,0.0,721.900024414062,down,2026-07-23T11:04:08,0.0,0.0
SPX,2026-09-18,28,Put,6960.0,SPX260918P06960000,9.6,10.0,9.8,9.7,-3.8,-28.1481,7.0,1237.0,0.2233,-0.0502,0.0002,2.2801,-0.8586,-0.2975,9.8764,9.65,9.7,9.65,13.5,up,2026-08-21T15:51:22,0.0,0.0
SPXW,2026-09-18,28,Put,6960.0,SPXW260918P06960000,10.0,10.2,10.1,13.0,0.0,0.0,0.0,218.0,0.2238,-0.0513,0.0002,2.329,-0.8706,-0.3041,10.1919,0.0,0.0,0.0,13.9000000953674,up,2026-08-20T11:50:43,0.0,0.0
SPX,2026-09-18,28,Call,6970.0,SPX260918C06970000,727.2,730.2,728.7,622.8,0.0,0.0,0.0,2.0,0.2213,0.9484,0.0002,2.3251,-0.8699,5.0234,727.4641,0.0,0.0,0.0,710.349975585938,down,2026-05-18T14:04:40,0.0,0.0
SPXW,2026-09-18,28,Call,6970.0,SPXW260918C06970000,717.0,741.0,729.0,0.0,0.0,0.0,0.0,0.0,0.2225,0.9473,0.0002,2.3747,-0.8821,5.0165,727.5247,0.0,0.0,0.0,712.300018310547,no_change,,0.0,0.0
SPX,2026-09-18,28,Put,6970.0,SPX260918P06970000,9.8,10.2,10.0,10.3,-3.5,-25.3623,1.0,528.0,0.2219,-0.0515,0.0002,2.3251,-0.8699,-0.3051,10.0947,10.3,10.3,10.3,13.8000001907349,down,2026-08-21T15:55:11,0.0,0.0
SPXW,2026-09-18,28,Put,6970.0,SPXW260918P06970000,10.2,10.5,10.35,11.0,-3.2,-22.5352,1.0,102.0,0.2221,-0.0526,0.0002,2.3747,-0.8821,-0.3119,10.4188,11.0,11.0,11.0,14.2000002861023,down,2026-08-21T11:05:24,0.0,0.0
SPX,2026-09-18,28,Call,6975.0,SPX260918C06975000,722.3,725.3,723.8,774.87,0.0,0.0,0.0,2189.0,0.2209,0.9477,0.0002,2.3479,-0.8756,5.0233,722.5928,0.0,0.0,0.0,706.050018310547,up,2026-08-19T11:56:19,0.0,0.0
SPXW,2026-09-18,28,Call,6975.0,SPXW260918C06975000,712.1,736.1,724.1,695.5,0.0,0.0,0.0,6.0,0.222,0.9466,0.0002,2.3978,-0.8879,5.0164,722.6578,0.0,0.0,0.0,707.450012207031,up,2026-06-17T10:15:14,0.0,0.0
SPX,2026-09-18,28,Put,6975.0,SPX260918P06975000,10.0,10.3,10.15,13.9,0.0,0.0,0.0,4263.0,0.221,-0.0521,0.0002,2.3479,-0.8756,-0.309,10.2067,0.0,0.0,0.0,13.9500002861023,up,2026-08-20T15:42:50,0.0,0.0
SPXW,2026-09-18,28,Put,6975.0,SPXW260918P06975000,10.3,10.6,10.45,11.01,-3.29,-23.007,119.0,949.0,0.2214,-0.0532,0.0002,2.3978,-0.8879,-0.3159,10.5351,11.76,11.8,11.0,14.2999997138977,up,2026-08-21T13:23:15,0.0,0.0
SPX,2026-09-18,28,Call,6980.0,SPX260918C06980000,717.5,720.4,718.95,855.73,0.0,0.0,0.0,9.0,0.2195,0.9471,0.0002,2.3709,-0.8814,5.0231,717.7234,0.0,0.0,0.0,701.25,up,2026-08-14T10:14:15,0.0,0.0
SPXW,2026-09-18,28,Call,6980.0,SPXW260918C06980000,707.2,731.2,719.2,690.7,0.0,0.0,0.0,1.0,0.221,0.9459,0.0002,2.4213,-0.8938,5.0162,717.7929,0.0,0.0,0.0,702.549987792969,up,2026-06-17T10:14:50,0.0,0.0
SPX,2026-09-18,28,Put,6980.0,SPX260918P06980000,10.1,10.4,10.25,10.3,-3.8,-26.9504,4.0,1504.0,0.2202,-0.0528,0.0002,2.3709,-0.8814,-0.313,10.3206,11.59,11.59,10.3,14.0999999046326,down,2026-08-21T15:52:40,0.0,0.0
SPXW,2026-09-18,28,Put,6980.0,SPXW260918P06980000,10.5,10.7,10.6,10.37,-4.13,-28.4828,59.0,366.0,0.2206,-0.0539,0.0002,2.4213,-0.8938,-0.3199,10.6535,11.3,11.3,10.37,14.5,no_change,2026-08-21T15:46:56,0.0,0.0
SPX,2026-09-18,28,Call,6990.0,SPX260918C06990000,707.7,710.7,709.2,833.54,0.0,0.0,0.0,66.0,0.2183,0.9457,0.0002,2.4178,-0.8932,5.0227,707.9907,0.0,0.0,0.0,691.550018310547,up,2026-08-05T10:01:54,0.0,0.0
SPXW,2026-09-18,28,Call,6990.0,SPXW260918C06990000,697.5,721.5,709.5,0.0,0.0,0.0,0.0,0.0,0.2196,0.9446,0.0002,2.469,-0.9059,5.0156,708.0692,0.0,0.0,0.0,693.0,no_change,,0.0,0.0
SPX,2026-09-18,28,Put,6990.0,SPX260918P06990000,10.3,10.7,10.5,10.0,-4.4,-30.5556,36.0,1288.0,0.2184,-0.0541,0.0002,2.4178,-0.8932,-0.3211,10.5544,10.0,10.0,10.0,14.4000000953674,no_change,2026-08-21T15:47:12,0.0,0.0
SPXW,2026-09-18,28,Put,6990.0,SPXW260918P06990000,10.7,10.9,10.8,10.8,-4.0,-27.027,29.0,277.0,0.2188,-0.0553,0.0002,2.469,-0.9059,-0.3282,10.8965,11.4,11.5,10.8,14.7999997138977,no_change,2026-08-21T15:42:10,0.0,0.0
SPX,2026-09-18,28,Call,6995.0,SPX260918C06995000,702.8,705.9,704.3499999999999,704.34,17.59,2.56134,3.0,4.0,0.2176,0.945,0.0002,2.4417,-0.8992,5.0224,703.1274,704.34,704.34,704.34,686.75,up,2026-08-21T14:23:07,0.0,0.0
SPX,2026-09-18,28,Put,6995.0,SPX260918P06995000,10.4,10.8,10.600000000000001,10.95,-3.6,-24.7423,3.0,2408.0,0.218,-0.0548,0.0002,2.4417,-0.8992,-0.3252,10.6744,10.95,10.95,10.95,14.5499997138977,down,2026-08-21T14:23:07,0.0,0.0
SPX,2026-09-18,28,Call,7000.0,SPX260918C07000000,698.2,700.9,699.55,698.99,17.04,2.49872,19927.0,320669.0,0.2181,0.9443,0.0002,2.4658,-0.9053,5.022,698.2661,702.45,721.75,690.77,681.950012207031,down,2026-08-21T15:59:54,0.0,0.0
SPXW,2026-09-18,28,Call,7000.0,SPXW260918C07000000,687.8,711.8,699.8,698.33,15.08,2.2071,27.0,219.0,0.2176,0.9431,0.0002,2.5178,-0.9181,5.0147,698.354,694.77,709.87,694.77,683.25,down,2026-08-21T14:12:05,0.0,0.0
SPX,2026-09-18,28,Put,7000.0,SPX260918P07000000,10.5,10.9,10.7,10.75,-3.95,-26.8707,26688.0,331244.0,0.2171,-0.0555,0.0002,2.4658,-0.9053,-0.3294,10.7965,11.58,12.27,10.3,14.6999998092651,no_change,2026-08-21T16:13:33,0.0,0.0
SPXW,2026-09-18,28,Put,7000.0,SPXW260918P07000000,11.0,11.2,11.1,11.1,-4.0,-26.4901,300.0,2183.0,0.2177,-0.0567,0.0002,2.5178,-0.9181,-0.3366,11.1478,12.34,12.35,10.96,15.0999999046326,up,2026-08-21T16:06:04,0.0,0.0
SPX,2026-09-18,28,Call,7005.0,SPX260918C07005000,693.1,696.1,694.6,808.05,0.0,0.0,0.0,22.0,0.2158,0.9436,0.0002,2.4902,-0.9114,5.0216,693.407,0.0,0.0,0.0,676.600006103516,up,2026-08-14T15:34:03,0.0,0.0
SPX,2026-09-18,28,Put,7005.0,SPX260918P07005000,10.6,11.0,10.8,11.4,0.0,0.0,0.0,397.0,0.2162,-0.0562,0.0002,2.4902,-0.9114,-0.3336,10.9206,0.0,0.0,0.0,14.9000000953674,no_change,2026-08-19T15:55:51,0.0,0.0
SPX,2026-09-18,28,Call,7010.0,SPX260918C07010000,688.3,691.2,689.75,821.0,0.0,0.0,0.0,46.0,0.2149,0.9429,0.0002,2.515,-0.9176,5.0211,688.5501,0.0,0.0,0.0,672.300018310547,up,2026-08-05T09:30:39,0.0,0.0
SPXW,2026-09-18,28,Call,7010.0,SPXW260918C07010000,678.1,702.1,690.1,515.31,0.0,0.0,0.0,26.0,0.2161,0.9416,0.0002,2.568,-0.9306,5.0136,688.6476,0.0,0.0,0.0,673.649993896484,no_change,2026-07-23T16:03:50,0.0,0.0
SPX,2026-09-18,28,Put,7010.0,SPX260918P07010000,10.8,11.1,10.95,14.5,0.0,0.0,0.0,543.0,0.2153,-0.057,0.0002,2.515,-0.9176,-0.3379,11.047,0.0,0.0,0.0,15.0499997138977,no_change,2026-08-20T15:51:34,0.0,0.0
SPXW,2026-09-18,28,Put,7010.0,SPXW260918P07010000,11.2,11.4,11.3,11.9,-3.6,-23.2258,2.0,118.0,0.2159,-0.0582,0.0002,2.568,-0.9306,-0.3453,11.408,11.9,11.9,11.9,15.5,down,2026-08-21T11:03:44,0.0,0.0
SPX,2026-09-18,28,Call,7015.0,SPX260918C07015000,683.6,686.3,684.95,499.14,0.0,0.0,0.0,5.0,0.2143,0.9421,0.0002,2.5401,-0.9238,5.0205,683.6954,0.0,0.0,0.0,667.449981689453,down,2026-07-30T14:49:38,0.0,0.0
SPX,2026-09-18,28,Put,7015.0,SPX260918P07015000,10.9,11.3,11.100000000000001,12.0,0.0,0.0,0.0,737.0,0.2148,-0.0577,0.0002,2.5401,-0.9238,-0.3423,11.1755,0.0,0.0,0.0,15.1999998092651,no_change,2026-08-19T09:30:02,0.0,0.0
SPX,2026-09-18,28,Call,7020.0,SPX260918C07020000,678.6,681.5,680.05,542.9,0.0,0.0,0.0,8.0,0.2132,0.9414,0.0003,2.5655,-0.9301,5.0199,678.8429,0.0,0.0,0.0,662.649993896484,down,2026-07-31T15:30:40,0.0,0.0
SPXW,2026-09-18,28,Call,7020.0,SPXW260918C07020000,668.4,692.4,680.4,522.11,0.0,0.0,0.0,1.0,0.2146,0.9401,0.0003,2.6197,-0.9434,5.0123,678.9502,0.0,0.0,0.0,664.0,up,2026-06-26T12:09:45,0.0,0.0
SPX,2026-09-18,28,Put,7020.0,SPX260918P07020000,11.0,11.4,11.2,11.3,-4.1,-26.6234,2.0,434.0,0.2139,-0.0585,0.0003,2.5655,-0.9301,-0.3468,11.3064,11.15,11.3,11.15,15.4000000953674,up,2026-08-21T15:52:47,0.0,0.0
SPXW,2026-09-18,28,Put,7020.0,SPXW260918P07020000,11.4,11.7,11.55,11.3,-4.5,-28.481,4.0,105.0,0.2142,-0.0597,0.0003,2.6197,-0.9434,-0.3543,11.6772,12.7,12.7,11.3,15.7999997138977,no_change,2026-08-21T15:45:49,0.0,0.0
SPX,2026-09-18,28,Call,7025.0,SPX260918C07025000,673.9,676.6,675.25,729.68,0.0,0.0,0.0,1414.0,0.2128,0.9406,0.0003,2.5914,-0.9365,5.0192,673.9927,0.0,0.0,0.0,657.850006103516,down,2026-08-19T10:37:07,0.0,0.0
SPXW,2026-09-18,28,Call,7025.0,SPXW260918C07025000,663.5,687.5,675.5,778.66,0.0,0.0,0.0,26.0,0.214,0.9393,0.0003,2.646,-0.9499,5.0115,674.1051,0.0,0.0,0.0,659.300018310547,up,2026-08-17T11:16:37,0.0,0.0
SPX,2026-09-18,28,Put,7025.0,SPX260918P07025000,11.2,11.5,11.35,11.41,-4.14,-26.6238,101.0,2873.0,0.2132,-0.0592,0.0003,2.5914,-0.9365,-0.3513,11.4395,11.65,11.65,11.41,15.5499997138977,down,2026-08-21T16:13:33,0.0,0.0
SPXW,2026-09-18,28,Put,7025.0,SPXW260918P07025000,11.6,11.8,11.7,12.1,-3.9,-24.375,44.0,105.0,0.2135,-0.0605,0.0003,2.646,-0.9499,-0.3589,11.8153,12.3,12.4,12.1,16.0,no_change,2026-08-21T12:17:12,0.0,0.0
SPX,2026-09-18,28,Call,7030.0,SPX260918C07030000,668.9,671.8,670.3499999999999,692.21,0.0,0.0,0.0,18.0,0.212,0.9398,0.0003,2.6176,-0.9429,5.0184,669.1449,0.0,0.0,0.0,653.050018310547,up,2026-08-04T10:37:01,0.0,0.0
SPXW,2026-09-18,28,Call,7030.0,SPXW260918C07030000,658.7,682.7,670.7,553.59,0.0,0.0,0.0,1.0,0.213,0.9385,0.0003,2.6728,-0.9564,5.0106,669.2623,0.0,0.0,0.0,654.5,down,2026-07-17T13:54:54,0.0,0.0
SPX,2026-09-18,28,Put,7030.0,SPX260918P07030000,11.3,11.7,11.5,11.6,-4.15,-26.3492,1.0,943.0,0.2123,-0.06,0.0003,2.6176,-0.9429,-0.3559,11.5749,11.6,11.6,11.6,15.75,down,2026-08-21T15:06:25,0.0,0.0
SPXW,2026-09-18,28,Put,7030.0,SPXW260918P07030000,11.7,12.0,11.85,11.57,-4.63,-28.5802,4.0,84.0,0.2128,-0.0613,0.0003,2.6728,-0.9564,-0.3636,11.9559,12.6,12.6,11.57,16.1999998092651,no_change,2026-08-21T15:46:56,0.0,0.0
SPX,2026-09-18,28,Call,7035.0,SPX260918C07035000,664.2,666.9,665.55,525.1,0.0,0.0,0.0,1.0,0.2112,0.939,0.0003,2.6442,-0.9494,5.0176,664.2994,0.0,0.0,0.0,647.700012207031,down,2026-06-23T14:33:06,0.0,0.0
SPX,2026-09-18,28,Put,7035.0,SPX260918P07035000,11.4,11.8,11.600000000000001,12.55,0.0,0.0,0.0,1228.0,0.2116,-0.0608,0.0003,2.6442,-0.9494,-0.3606,11.7127,0.0,0.0,0.0,15.9000000953674,up,2026-08-19T10:36:39,0.0,0.0
SPX,2026-09-18,28,Call,7040.0,SPX260918C07040000,659.2,662.1,660.6500000000001,414.41,0.0,0.0,0.0,30.0,0.2104,0.9382,0.0003,2.6712,-0.956,5.0166,659.4564,0.0,0.0,0.0,642.899993896484,down,2026-07-29T15:42:39,0.0,0.0
SPXW,2026-09-18,28,Call,7040.0,SPXW260918C07040000,649.0,673.0,661.0,518.25,0.0,0.0,0.0,13.0,0.2117,0.9369,0.0003,2.7277,-0.9697,5.0086,659.5843,0.0,0.0,0.0,644.850006103516,up,2026-07-31T14:18:00,0.0,0.0
SPX,2026-09-18,28,Put,7040.0,SPX260918P07040000,11.6,11.9,11.75,15.5,0.0,0.0,0.0,980.0,0.2106,-0.0616,0.0003,2.6712,-0.956,-0.3653,11.853,0.0,0.0,0.0,16.0999994277954,no_change,2026-08-20T15:51:47,0.0,0.0
SPXW,2026-09-18,28,Put,7040.0,SPXW260918P07040000,12.0,12.3,12.15,12.3,-4.25,-25.6798,92.0,350.0,0.2113,-0.0629,0.0003,2.7277,-0.9697,-0.3733,12.2444,12.61,12.75,12.3,16.5500001907349,down,2026-08-21T15:01:53,0.0,0.0
SPX,2026-09-18,28,Call,7045.0,SPX260918C07045000,654.3,657.3,655.8,518.4,0.0,0.0,0.0,1.0,0.2096,0.9374,0.0003,2.6987,-0.9626,5.0156,654.6159,0.0,0.0,0.0,638.100006103516,no_change,2026-06-23T15:05:16,0.0,0.0
SPX,2026-09-18,28,Put,7045.0,SPX260918P07045000,11.7,12.1,11.899999999999999,12.8,0.0,0.0,0.0,898.0,0.2101,-0.0624,0.0003,2.6987,-0.9626,-0.3702,11.9957,0.0,0.0,0.0,16.3000001907349,no_change,2026-08-19T09:30:02,0.0,0.0
SPX,2026-09-18,28,Call,7050.0,SPX260918C07050000,649.7,652.3,651.0,650.45,16.6,2.61892,2.0,4343.0,0.2099,0.9366,0.0003,2.7265,-0.9693,5.0145,649.7779,654.05,654.05,650.45,633.850006103516,down,2026-08-21T16:14:11,0.0,0.0
SPXW,2026-09-18,28,Call,7050.0,SPXW260918C07050000,639.3,663.3,651.3,748.16,0.0,0.0,0.0,20.0,0.21,0.9352,0.0003,2.7841,-0.9833,5.0062,649.9166,0.0,0.0,0.0,635.25,up,2026-08-10T12:20:51,0.0,0.0
SPX,2026-09-18,28,Put,7050.0,SPX260918P07050000,11.9,12.2,12.05,12.1,-4.35,-26.4438,10.0,6452.0,0.2091,-0.0633,0.0003,2.7265,-0.9693,-0.3751,12.141,13.4,13.4,12.1,16.4499998092651,down,2026-08-21T15:52:46,0.0,0.0
SPXW,2026-09-18,28,Put,7050.0,SPXW260918P07050000,12.3,12.6,12.45,12.1,-4.8,-28.4024,67.0,747.0,0.2096,-0.0646,0.0003,2.7841,-0.9833,-0.3833,12.5432,13.78,13.8,12.1,16.8999996185303,down,2026-08-21T15:44:14,0.0,0.0
SPX,2026-09-18,28,Call,7055.0,SPX260918C07055000,644.8,647.5,646.15,727.56,0.0,0.0,0.0,363.0,0.208,0.9357,0.0003,2.7548,-0.9761,5.0133,644.9425,0.0,0.0,0.0,629.050018310547,up,2026-08-05T15:46:40,0.0,0.0
SPX,2026-09-18,28,Put,7055.0,SPX260918P07055000,12.0,12.4,12.2,13.35,-3.3,-19.8198,2.0,698.0,0.2085,-0.0641,0.0003,2.7548,-0.9761,-0.3802,12.289,13.35,13.35,13.35,16.6499996185303,up,2026-08-21T10:26:18,0.0,0.0
SPX,2026-09-18,28,Call,7060.0,SPX260918C07060000,640.0,642.7,641.35,618.95,0.0,0.0,0.0,7.0,0.2073,0.9348,0.0003,2.7835,-0.983,5.0119,640.1098,0.0,0.0,0.0,624.25,down,2026-08-20T15:59:26,0.0,0.0
SPXW,2026-09-18,28,Call,7060.0,SPXW260918C07060000,629.6,653.6,641.6,0.0,0.0,0.0,0.0,0.0,0.2083,0.9334,0.0003,2.8422,-0.9971,5.0034,640.2596,0.0,0.0,0.0,627.0,no_change,,0.0,0.0
SPX,2026-09-18,28,Put,7060.0,SPX260918P07060000,12.1,12.5,12.3,12.4,-4.45,-26.4095,52.0,814.0,0.2076,-0.065,0.0003,2.7835,-0.983,-0.3853,12.4396,11.8,12.4,11.8,16.8500003814697,up,2026-08-21T15:52:46,0.0,0.0
SPXW,2026-09-18,28,Put,7060.0,SPXW260918P07060000,12.6,12.9,12.75,13.4,-3.9,-22.5434,1.0,130.0,0.2082,-0.0664,0.0003,2.8422,-0.9971,-0.3938,12.8529,13.4,13.4,13.4,17.3000001907349,down,2026-08-21T11:05:22,0.0,0.0
SPX,2026-09-18,28,Call,7065.0,SPX260918C07065000,635.0,637.9,636.45,591.64,0.0,0.0,0.0,1.0,0.2066,0.934,0.0003,2.8126,-0.9899,5.0105,635.2799,0.0,0.0,0.0,619.5,up,2026-06-18T11:01:27,0.0,0.0
SPXW,2026-09-18,28,Call,7065.0,SPXW260918C07065000,624.8,648.8,636.8,0.0,0.0,0.0,0.0,0.0,0.2077,0.9326,0.0003,2.8719,-1.0041,5.0018,635.4354,0.0,0.0,0.0,620.900024414062,no_change,,0.0,0.0
SPX,2026-09-18,28,Put,7065.0,SPX260918P07065000,12.3,12.7,12.5,13.2,0.0,0.0,0.0,130.0,0.207,-0.0659,0.0003,2.8126,-0.9899,-0.3906,12.5929,0.0,0.0,0.0,17.0500001907349,down,2026-08-19T09:31:26,0.0,0.0
SPXW,2026-09-18,28,Put,7065.0,SPXW260918P07065000,12.7,13.0,12.85,13.6,-3.9,-22.2857,11.0,76.0,0.2072,-0.0673,0.0003,2.8719,-1.0041,-0.3992,13.0119,13.6,13.6,13.6,17.5,down,2026-08-21T11:03:29,0.0,0.0
SPX,2026-09-18,28,Call,7070.0,SPX260918C07070000,630.3,633.0,631.65,430.42,0.0,0.0,0.0,2.0,0.2056,0.9331,0.0003,2.8421,-0.9968,5.0089,630.4527,0.0,0.0,0.0,614.699981689453,down,2026-07-30T10:10:32,0.0,0.0
SPXW,2026-09-18,28,Call,7070.0,SPXW260918C07070000,620.0,644.0,632.0,0.0,0.0,0.0,0.0,300.0,0.207,0.9316,0.0003,2.9018,-1.0112,5.0001,630.614,0.0,0.0,0.0,616.149993896484,no_change,,0.0,0.0
SPX,2026-09-18,28,Put,7070.0,SPX260918P07070000,12.4,12.8,12.600000000000001,12.7,-4.55,-26.3768,24.0,524.0,0.206,-0.0668,0.0003,2.8421,-0.9968,-0.396,12.749,13.35,13.35,12.53,17.25,up,2026-08-21T15:52:42,0.0,0.0
SPXW,2026-09-18,28,Put,7070.0,SPXW260918P07070000,12.9,13.2,13.05,13.52,-4.18,-23.6158,31.0,278.0,0.2066,-0.0682,0.0003,2.9018,-1.0112,-0.4047,13.1738,13.52,13.52,13.52,17.6999998092651,down,2026-08-21T14:06:00,0.0,0.0
SPX,2026-09-18,28,Call,7075.0,SPX260918C07075000,625.5,628.2,626.85,626.1,16.75,2.74883,1.0,1183.0,0.2049,0.9322,0.0003,2.872,-1.0039,5.0072,625.6284,626.1,626.1,626.1,609.350006103516,down,2026-08-21T16:14:11,0.0,0.0
SPXW,2026-09-18,28,Call,7075.0,SPXW260918C07075000,615.2,639.2,627.2,550.52,0.0,0.0,0.0,19.0,0.2063,0.9307,0.0003,2.9322,-1.0184,4.9983,625.7957,0.0,0.0,0.0,611.350006103516,no_change,2026-07-13T15:42:16,0.0,0.0
SPX,2026-09-18,28,Put,7075.0,SPX260918P07075000,12.6,13.0,12.8,14.3,-3.15,-18.0516,13.0,2002.0,0.2054,-0.0677,0.0003,2.872,-1.0039,-0.4014,12.908,14.3,14.3,14.3,17.4499998092651,down,2026-08-21T10:43:27,0.0,0.0
SPXW,2026-09-18,28,Put,7075.0,SPXW260918P07075000,13.1,13.4,13.25,13.4,-4.55,-25.3482,45.0,363.0,0.2058,-0.0692,0.0003,2.9322,-1.0184,-0.4104,13.3388,14.82,14.82,13.4,17.9499998092651,no_change,2026-08-21T15:04:07,0.0,0.0
SPX,2026-09-18,28,Call,7080.0,SPX260918C07080000,620.7,623.4,622.05,636.0,0.0,0.0,0.0,16.0,0.2042,0.9312,0.0003,2.9023,-1.011,5.0055,620.8071,0.0,0.0,0.0,605.149993896484,up,2026-08-20T10:33:09,0.0,0.0
SPXW,2026-09-18,28,Call,7080.0,SPXW260918C07080000,610.4,634.3,622.3499999999999,0.0,0.0,0.0,0.0,0.0,0.2052,0.9298,0.0003,2.9629,-1.0256,4.9964,620.9803,0.0,0.0,0.0,606.549987792969,no_change,,0.0,0.0
SPX,2026-09-18,28,Put,7080.0,SPX260918P07080000,12.7,13.2,12.95,13.0,-4.7,-26.5537,1.0,2001.0,0.2046,-0.0686,0.0003,2.9023,-1.011,-0.4071,13.07,13.0,13.0,13.0,17.6999998092651,down,2026-08-21T15:52:42,0.0,0.0
SPXW,2026-09-18,28,Put,7080.0,SPXW260918P07080000,13.2,13.5,13.35,13.6,-4.6,-25.2747,3.0,161.0,0.2049,-0.0701,0.0003,2.9629,-1.0256,-0.4161,13.5067,13.6,13.6,13.6,18.1999998092651,down,2026-08-21T14:54:40,0.0,0.0
SPX,2026-09-18,28,Call,7085.0,SPX260918C07085000,615.7,618.5,617.1,624.33,23.93,3.98568,1.0,2.0,0.2036,0.9303,0.0003,2.9329,-1.0182,5.0036,615.9888,624.33,624.33,624.33,600.399993896484,up,2026-08-21T12:25:09,0.0,0.0
SPXW,2026-09-18,28,Call,7085.0,SPXW260918C07085000,605.5,629.5,617.5,0.0,0.0,0.0,0.0,0.0,0.2045,0.9288,0.0003,2.9939,-1.0329,4.9943,616.1681,0.0,0.0,0.0,601.799987792969,no_change,,0.0,0.0
SPX,2026-09-18,28,Put,7085.0,SPX260918P07085000,12.9,13.3,13.100000000000001,13.6,-4.3,-24.0223,1.0,659.0,0.2037,-0.0696,0.0003,2.9329,-1.0182,-0.4128,13.235,13.6,13.6,13.6,17.9000005722046,down,2026-08-21T12:25:09,0.0,0.0
SPXW,2026-09-18,28,Put,7085.0,SPXW260918P07085000,13.4,13.7,13.55,15.1,0.0,0.0,0.0,62.0,0.2043,-0.0711,0.0003,2.9939,-1.0329,-0.422,13.6778,0.0,0.0,0.0,18.3999996185303,up,2026-08-13T14:59:31,0.0,0.0
SPX,2026-09-18,28,Call,7090.0,SPX260918C07090000,611.0,613.7,612.35,695.44,0.0,0.0,0.0,4.0,0.2025,0.9293,0.0003,2.9638,-1.0254,5.0015,611.1736,0.0,0.0,0.0,595.600006103516,no_change,2026-08-12T16:13:06,0.0,0.0
SPXW,2026-09-18,28,Call,7090.0,SPXW260918C07090000,600.7,624.7,612.7,556.75,0.0,0.0,0.0,6.0,0.2038,0.9278,0.0003,3.0252,-1.0403,4.9922,611.3591,0.0,0.0,0.0,597.049987792969,no_change,2026-07-09T12:20:23,0.0,0.0
SPX,2026-09-18,28,Put,7090.0,SPX260918P07090000,13.1,13.5,13.3,13.4,-4.7,-25.9668,9.0,577.0,0.2031,-0.0705,0.0003,2.9638,-1.0254,-0.4186,13.4031,14.52,14.52,13.4,18.0999994277954,no_change,2026-08-21T15:52:58,0.0,0.0
SPXW,2026-09-18,28,Put,7090.0,SPXW260918P07090000,13.6,13.9,13.75,14.3,-4.3,-23.1183,46.0,1401.0,0.2036,-0.072,0.0003,3.0252,-1.0403,-0.4279,13.852,14.6,14.6,14.3,18.6000003814697,down,2026-08-21T12:32:38,0.0,0.0
SPX,2026-09-18,28,Call,7095.0,SPX260918C07095000,606.2,608.9,607.55,693.05,0.0,0.0,0.0,6.0,0.2018,0.9283,0.0003,2.9951,-1.0328,4.9994,606.3615,0.0,0.0,0.0,590.300018310547,up,2026-08-04T13:26:58,0.0,0.0
SPXW,2026-09-18,28,Call,7095.0,SPXW260918C07095000,595.9,619.9,607.9,0.0,0.0,0.0,0.0,0.0,0.203,0.9268,0.0003,3.0568,-1.0477,4.9899,606.5533,0.0,0.0,0.0,592.25,no_change,,0.0,0.0
SPX,2026-09-18,28,Put,7095.0,SPX260918P07095000,13.2,13.7,13.45,13.8,-4.5,-24.5902,3.0,331.0,0.2023,-0.0715,0.0003,2.9951,-1.0328,-0.4246,13.5743,15.0,15.0,13.8,18.3000001907349,down,2026-08-21T11:33:55,0.0,0.0
SPXW,2026-09-18,28,Put,7095.0,SPXW260918P07095000,13.7,14.0,13.85,18.25,0.0,0.0,0.0,78.0,0.2028,-0.073,0.0003,3.0568,-1.0477,-0.434,14.0295,0.0,0.0,0.0,18.8000001907349,up,2026-08-20T14:05:44,0.0,0.0
SPX,2026-09-18,28,Call,7100.0,SPX260918C07100000,601.5,603.9,602.7,590.48,0.0,0.0,0.0,10970.0,0.2021,0.9273,0.0003,3.0267,-1.0402,4.9971,601.5527,0.0,0.0,0.0,586.100006103516,down,2026-08-20T15:06:54,0.0,0.0
SPXW,2026-09-18,28,Call,7100.0,SPXW260918C07100000,591.1,615.1,603.1,715.76,0.0,0.0,0.0,87.0,0.2023,0.9258,0.0003,3.0888,-1.0552,4.9876,601.7508,0.0,0.0,0.0,587.649993896484,no_change,2026-08-14T15:16:13,0.0,0.0
SPX,2026-09-18,28,Put,7100.0,SPX260918P07100000,13.4,13.8,13.600000000000001,13.6,-4.95,-26.6846,190.0,21670.0,0.2014,-0.0725,0.0003,3.0267,-1.0402,-0.4307,13.7487,14.8,15.45,13.25,18.5500001907349,down,2026-08-21T15:53:44,0.0,0.0
SPXW,2026-09-18,28,Put,7100.0,SPXW260918P07100000,13.9,14.2,14.05,14.08,-5.02,-26.2827,49.0,2529.0,0.2023,-0.0741,0.0003,3.0888,-1.0552,-0.4402,14.2103,15.65,15.73,13.49,19.1000003814697,no_change,2026-08-21T16:13:49,0.0,0.0
SPX,2026-09-18,28,Call,7105.0,SPX260918C07105000,596.6,599.3,597.95,639.32,0.0,0.0,0.0,4.0,0.2003,0.9263,0.0003,3.0586,-1.0476,4.9948,596.7472,0.0,0.0,0.0,581.300018310547,down,2026-08-19T15:39:55,0.0,0.0
SPXW,2026-09-18,28,Call,7105.0,SPXW260918C07105000,586.3,610.3,598.3,0.0,0.0,0.0,0.0,0.0,0.2015,0.9247,0.0003,3.121,-1.0628,4.9851,596.9516,0.0,0.0,0.0,582.75,no_change,,0.0,0.0
SPX,2026-09-18,28,Put,7105.0,SPX260918P07105000,13.6,14.0,13.8,18.6,0.0,0.0,0.0,1834.0,0.2007,-0.0735,0.0003,3.0586,-1.0476,-0.4368,13.9265,0.0,0.0,0.0,18.75,up,2026-08-20T14:36:24,0.0,0.0
SPXW,2026-09-18,28,Put,7105.0,SPXW260918P07105000,14.1,14.4,14.25,19.05,0.0,0.0,0.0,76.0,0.2012,-0.0751,0.0003,3.121,-1.0628,-0.4465,14.3944,0.0,0.0,0.0,19.3000001907349,up,2026-08-20T16:05:20,0.0,0.0
SPX,2026-09-18,28,Call,7110.0,SPX260918C07110000,591.8,594.5,593.15,422.33,0.0,0.0,0.0,91.0,0.1996,0.9253,0.0003,3.0908,-1.0552,4.9923,591.945,0.0,0.0,0.0,576.600006103516,down,2026-07-24T10:50:53,0.0,0.0
SPXW,2026-09-18,28,Call,7110.0,SPXW260918C07110000,581.5,605.5,593.5,695.56,0.0,0.0,0.0,11.0,0.2008,0.9237,0.0003,3.1536,-1.0704,4.9825,592.156,0.0,0.0,0.0,578.049987792969,down,2026-08-17T11:12:06,0.0,0.0
SPX,2026-09-18,28,Put,7110.0,SPX260918P07110000,13.8,14.2,14.0,14.0,-5.0,-26.3158,1.0,886.0,0.2,-0.0746,0.0003,3.0908,-1.0552,-0.4431,14.1076,14.0,14.0,14.0,19.0,down,2026-08-21T15:52:40,0.0,0.0
SPXW,2026-09-18,28,Put,7110.0,SPXW260918P07110000,14.3,14.6,14.45,18.35,0.0,0.0,0.0,105.0,0.2005,-0.0762,0.0003,3.1536,-1.0704,-0.4528,14.582,0.0,0.0,0.0,19.5,up,2026-08-20T14:00:11,0.0,0.0
SPX,2026-09-18,28,Call,7115.0,SPX260918C07115000,587.0,589.7,588.35,656.71,0.0,0.0,0.0,9.0,0.1988,0.9242,0.0003,3.1233,-1.0628,4.9898,587.1463,0.0,0.0,0.0,571.300018310547,up,2026-08-11T14:07:09,0.0,0.0
SPXW,2026-09-18,28,Call,7115.0,SPXW260918C07115000,576.7,600.7,588.7,0.0,0.0,0.0,0.0,0.0,0.2,0.9226,0.0003,3.1864,-1.0781,4.9799,587.3638,0.0,0.0,0.0,573.299987792969,no_change,,0.0,0.0
SPX,2026-09-18,28,Put,7115.0,SPX260918P07115000,13.9,14.4,14.15,18.9,0.0,0.0,0.0,415.0,0.1992,-0.0756,0.0003,3.1233,-1.0628,-0.4495,14.2921,0.0,0.0,0.0,19.1999998092651,down,2026-08-20T14:30:00,0.0,0.0
SPXW,2026-09-18,28,Put,7115.0,SPXW260918P07115000,14.5,14.8,14.65,16.23,-3.57,-18.0303,1.0,110.0,0.1998,-0.0772,0.0003,3.1864,-1.0781,-0.4593,14.7731,16.23,16.23,16.23,19.8000001907349,down,2026-08-21T09:51:30,0.0,0.0
SPX,2026-09-18,28,Call,7120.0,SPX260918C07120000,582.2,584.9,583.55,386.01,0.0,0.0,0.0,585.0,0.198,0.9231,0.0003,3.1562,-1.0705,4.9871,582.351,0.0,0.0,0.0,567.100006103516,down,2026-07-29T14:21:40,0.0,0.0
SPXW,2026-09-18,28,Call,7120.0,SPXW260918C07120000,571.9,595.9,583.9,661.44,0.0,0.0,0.0,10.0,0.1992,0.9215,0.0003,3.2196,-1.0859,4.9772,582.5751,0.0,0.0,0.0,568.600006103516,down,2026-08-05T15:59:30,0.0,0.0
SPX,2026-09-18,28,Put,7120.0,SPX260918P07120000,14.1,14.6,14.35,14.4,-5.1,-26.1538,2.0,1235.0,0.1984,-0.0767,0.0003,3.1562,-1.0705,-0.456,14.4802,15.5,15.5,14.4,19.5,down,2026-08-21T15:52:47,0.0,0.0
SPXW,2026-09-18,28,Put,7120.0,SPXW260918P07120000,14.7,15.0,14.85,18.15,0.0,0.0,0.0,135.0,0.199,-0.0783,0.0003,3.2196,-1.0859,-0.4659,14.9678,0.0,0.0,0.0,20.0,down,2026-08-20T12:26:11,0.0,0.0
SPX,2026-09-18,28,Call,7125.0,SPX260918C07125000,577.2,580.1,578.6500000000001,539.41,0.0,0.0,0.0,1259.0,0.1971,0.922,0.0004,3.1894,-1.0783,4.9844,577.5593,0.0,0.0,0.0,562.350006103516,up,2026-08-03T15:57:44,0.0,0.0
SPXW,2026-09-18,28,Call,7125.0,SPXW260918C07125000,567.1,591.1,579.1,681.23,0.0,0.0,0.0,18.0,0.1984,0.9204,0.0004,3.2532,-1.0938,4.9743,577.7901,0.0,0.0,0.0,563.850006103516,up,2026-08-17T11:12:06,0.0,0.0
SPX,2026-09-18,28,Put,7125.0,SPX260918P07125000,14.3,14.7,14.5,13.9,-5.8,-29.4416,57.0,4880.0,0.1977,-0.0778,0.0004,3.1894,-1.0783,-0.4626,14.6718,14.85,14.85,13.9,19.6999998092651,no_change,2026-08-21T15:47:13,0.0,0.0
SPXW,2026-09-18,28,Put,7125.0,SPXW260918P07125000,14.9,15.2,15.05,14.75,-5.55,-27.3399,54.0,407.0,0.1985,-0.0795,0.0004,3.2532,-1.0938,-0.4725,15.166,16.55,16.75,14.75,20.3000001907349,no_change,2026-08-21T15:59:05,0.0,0.0
SPX,2026-09-18,28,Call,7130.0,SPX260918C07130000,572.6,575.3,573.95,402.5,0.0,0.0,0.0,65.0,0.1965,0.9209,0.0004,3.2229,-1.0861,4.9815,572.7712,0.0,0.0,0.0,557.600006103516,up,2026-06-10T15:28:18,0.0,0.0
SPXW,2026-09-18,28,Call,7130.0,SPXW260918C07130000,562.3,586.3,574.3,657.67,0.0,0.0,0.0,6.0,0.1979,0.9192,0.0004,3.2872,-1.1017,4.9714,573.0088,0.0,0.0,0.0,559.099975585938,up,2026-08-04T13:22:41,0.0,0.0
SPX,2026-09-18,28,Put,7130.0,SPX260918P07130000,14.5,14.9,14.7,14.7,-5.25,-26.3158,4.0,1573.0,0.197,-0.0789,0.0004,3.2229,-1.0861,-0.4692,14.867,15.9,15.9,14.7,19.9499998092651,no_change,2026-08-21T15:52:33,0.0,0.0
SPXW,2026-09-18,28,Put,7130.0,SPXW260918P07130000,15.1,15.4,15.25,15.4,-5.1,-24.878,5.0,169.0,0.1976,-0.0806,0.0004,3.2872,-1.1017,-0.4793,15.368,15.5,15.5,15.4,20.5,down,2026-08-21T14:54:40,0.0,0.0
SPX,2026-09-18,28,Call,7135.0,SPX260918C07135000,567.8,570.5,569.15,0.0,0.0,0.0,0.0,0.0,0.1958,0.9198,0.0004,3.2569,-1.094,4.9785,567.9869,0.0,0.0,0.0,552.899993896484,no_change,,0.0,0.0
SPXW,2026-09-18,28,Call,7135.0,SPXW260918C07135000,557.5,581.5,569.5,652.85,0.0,0.0,0.0,2.0,0.1971,0.9181,0.0004,3.3216,-1.1097,4.9683,568.2312,0.0,0.0,0.0,554.399993896484,up,2026-08-05T15:40:23,0.0,0.0
SPX,2026-09-18,28,Put,7135.0,SPX260918P07135000,14.7,15.1,14.899999999999999,20.1,0.0,0.0,0.0,817.0,0.1962,-0.0801,0.0004,3.2569,-1.094,-0.476,15.0659,0.0,0.0,0.0,20.1499996185303,up,2026-08-20T15:56:50,0.0,0.0
SPXW,2026-09-18,28,Put,7135.0,SPXW260918P07135000,15.3,15.6,15.45,15.45,-5.35,-25.7212,1.0,47.0,0.1968,-0.0818,0.0004,3.3216,-1.1097,-0.4862,15.5737,15.45,15.45,15.45,20.8000001907349,down,2026-08-21T16:07:23,0.0,0.0
SPX,2026-09-18,28,Call,7140.0,SPX260918C07140000,562.9,565.7,564.3,363.4,0.0,0.0,0.0,19.0,0.196,0.9186,0.0004,3.2913,-1.102,4.9755,563.2062,0.0,0.0,0.0,547.600006103516,down,2026-07-30T10:54:52,0.0,0.0
SPXW,2026-09-18,28,Call,7140.0,SPXW260918C07140000,552.8,576.8,564.8,411.6,0.0,0.0,0.0,6.0,0.1962,0.9169,0.0004,3.3565,-1.1178,4.9652,563.4575,0.0,0.0,0.0,548.299987792969,down,2026-06-11T12:44:50,0.0,0.0
SPX,2026-09-18,28,Put,7140.0,SPX260918P07140000,14.9,15.3,15.100000000000001,15.1,-5.4,-26.3415,3.0,623.0,0.1955,-0.0812,0.0004,3.2913,-1.102,-0.4829,15.2685,15.47,15.47,15.1,20.5,no_change,2026-08-21T15:52:33,0.0,0.0
SPXW,2026-09-18,28,Put,7140.0,SPXW260918P07140000,15.5,15.8,15.65,21.12,0.0,0.0,0.0,93.0,0.196,-0.0829,0.0004,3.3565,-1.1178,-0.4931,15.7833,0.0,0.0,0.0,21.0,down,2026-08-20T15:58:31,0.0,0.0
SPX,2026-09-18,28,Call,7145.0,SPX260918C07145000,558.1,560.9,559.5,436.74,0.0,0.0,0.0,7.0,0.1951,0.9174,0.0004,3.3261,-1.11,4.9723,558.4294,0.0,0.0,0.0,543.450012207031,down,2026-07-31T15:37:02,0.0,0.0
SPXW,2026-09-18,28,Call,7145.0,SPXW260918C07145000,548.0,572.0,560.0,637.98,0.0,0.0,0.0,10.0,0.1954,0.9157,0.0004,3.3919,-1.1259,4.9619,558.6876,0.0,0.0,0.0,543.599975585938,up,2026-08-05T15:59:30,0.0,0.0
SPX,2026-09-18,28,Put,7145.0,SPX260918P07145000,15.1,15.5,15.3,20.75,0.0,0.0,0.0,635.0,0.1947,-0.0824,0.0004,3.3261,-1.11,-0.4899,15.475,0.0,0.0,0.0,20.75,down,2026-08-20T15:47:17,0.0,0.0
SPXW,2026-09-18,28,Put,7145.0,SPXW260918P07145000,15.7,16.0,15.85,15.5,-5.8,-27.23,5.0,152.0,0.1952,-0.0841,0.0004,3.3919,-1.1259,-0.5002,15.9967,17.01,17.64,15.5,21.3000001907349,down,2026-08-21T15:43:32,0.0,0.0
SPX,2026-09-18,28,Call,7150.0,SPX260918C07150000,553.7,556.0,554.85,560.37,21.67,4.02265,13.0,5565.0,0.1943,0.9162,0.0004,3.3614,-1.1182,4.969,553.6565,560.37,560.37,560.37,538.699981689453,no_change,2026-08-21T12:35:58,0.0,0.0
SPXW,2026-09-18,28,Call,7150.0,SPXW260918C07150000,543.2,567.2,555.2,603.73,0.0,0.0,0.0,15.0,0.1949,0.9145,0.0004,3.4278,-1.1341,4.9585,553.9217,0.0,0.0,0.0,538.900024414062,no_change,2026-08-19T15:35:21,0.0,0.0
SPX,2026-09-18,28,Put,7150.0,SPX260918P07150000,15.3,15.7,15.5,15.4,-5.6,-26.6667,300.0,8030.0,0.1939,-0.0836,0.0004,3.3614,-1.1182,-0.497,15.6853,16.84,17.3,14.8,21.0,up,2026-08-21T16:00:58,0.0,0.0
SPXW,2026-09-18,28,Put,7150.0,SPXW260918P07150000,15.9,16.2,16.05,15.75,-5.85,-27.0833,245.0,1165.0,0.1947,-0.0854,0.0004,3.4278,-1.1341,-0.5074,16.2141,17.15,17.85,15.75,21.6000003814697,down,2026-08-21T15:37:38,0.0,0.0
SPX,2026-09-18,28,Call,7155.0,SPX260918C07155000,548.7,551.4,550.05,581.26,0.0,0.0,0.0,5.0,0.1936,0.915,0.0004,3.3972,-1.1264,4.9656,548.8875,0.0,0.0,0.0,534.0,up,2026-08-18T15:20:07,0.0,0.0
SPXW,2026-09-18,28,Call,7155.0,SPXW260918C07155000,538.5,562.5,550.5,618.45,0.0,0.0,0.0,3.0,0.194,0.9132,0.0004,3.4642,-1.1424,4.955,549.1598,0.0,0.0,0.0,534.200012207031,down,2026-08-19T11:07:46,0.0,0.0
SPX,2026-09-18,28,Put,7155.0,SPX260918P07155000,15.5,16.0,15.75,21.25,0.0,0.0,0.0,609.0,0.1931,-0.0848,0.0004,3.3972,-1.1264,-0.5042,15.8997,0.0,0.0,0.0,21.3000001907349,no_change,2026-08-20T15:59:27,0.0,0.0
SPXW,2026-09-18,28,Put,7155.0,SPXW260918P07155000,16.1,16.4,16.25,15.8,0.0,0.0,0.0,76.0,0.1938,-0.0866,0.0004,3.4642,-1.1424,-0.5148,16.4355,0.0,0.0,0.0,21.8500003814697,down,2026-08-14T09:30:02,0.0,0.0
SPX,2026-09-18,28,Call,7160.0,SPX260918C07160000,543.8,546.6,545.2,412.28,0.0,0.0,0.0,56.0,0.193,0.9138,0.0004,3.4336,-1.1346,4.9621,544.1226,0.0,0.0,0.0,529.300018310547,up,2026-07-31T14:42:10,0.0,0.0
SPXW,2026-09-18,28,Call,7160.0,SPXW260918C07160000,533.7,557.7,545.7,628.0,0.0,0.0,0.0,8.0,0.1931,0.912,0.0004,3.5011,-1.1508,4.9514,544.4021,0.0,0.0,0.0,529.5,up,2026-08-12T15:43:21,0.0,0.0
SPX,2026-09-18,28,Put,7160.0,SPX260918P07160000,15.7,16.2,15.95,15.8,-5.8,-26.8519,83.0,661.0,0.1921,-0.0861,0.0004,3.4336,-1.1346,-0.5115,16.118,17.97,17.97,15.4,21.5999994277954,down,2026-08-21T16:00:58,0.0,0.0
SPXW,2026-09-18,28,Put,7160.0,SPXW260918P07160000,16.3,16.6,16.450000000000003,17.63,-4.47,-20.2262,1.0,180.0,0.1931,-0.0879,0.0004,3.5011,-1.1508,-0.5222,16.6611,17.63,17.63,17.63,22.1000003814697,down,2026-08-21T10:51:15,0.0,0.0
SPX,2026-09-18,28,Call,7165.0,SPX260918C07165000,539.2,541.8,540.5,574.86,0.0,0.0,0.0,35.0,0.192,0.9125,0.0004,3.4705,-1.143,4.9584,539.3618,0.0,0.0,0.0,524.600006103516,down,2026-08-18T13:54:20,0.0,0.0
SPXW,2026-09-18,28,Call,7165.0,SPXW260918C07165000,528.9,552.9,540.9,571.88,0.0,0.0,0.0,10.0,0.1925,0.9107,0.0004,3.5386,-1.1592,4.9475,539.6486,0.0,0.0,0.0,524.799987792969,no_change,2026-08-18T15:52:45,0.0,0.0
SPX,2026-09-18,28,Put,7165.0,SPX260918P07165000,15.9,16.4,16.15,15.9,-5.95,-27.2311,18.0,630.0,0.1918,-0.0874,0.0004,3.4705,-1.143,-0.519,16.3405,16.0,16.1,15.4,21.8500003814697,down,2026-08-21T15:58:06,0.0,0.0
SPXW,2026-09-18,28,Put,7165.0,SPXW260918P07165000,16.6,16.9,16.75,16.6,-5.8,-25.8929,9.0,101.0,0.1923,-0.0892,0.0004,3.5386,-1.1592,-0.5299,16.8909,18.48,18.48,16.34,22.3999996185303,up,2026-08-21T16:01:26,0.0,0.0
SPX,2026-09-18,28,Call,7170.0,SPX260918C07170000,534.4,537.1,535.75,322.88,0.0,0.0,0.0,15.0,0.1913,0.9112,0.0004,3.508,-1.1514,4.9546,534.6053,0.0,0.0,0.0,519.900024414062,up,2026-04-22T10:44:20,0.0,0.0
SPXW,2026-09-18,28,Call,7170.0,SPXW260918C07170000,524.2,548.2,536.2,344.0,0.0,0.0,0.0,8.0,0.1916,0.9094,0.0004,3.5767,-1.1676,4.9436,534.8995,0.0,0.0,0.0,520.149993896484,down,2026-07-29T10:18:02,0.0,0.0
SPX,2026-09-18,28,Put,7170.0,SPX260918P07170000,16.2,16.6,16.4,16.4,-5.75,-25.9594,105.0,485.0,0.191,-0.0886,0.0004,3.508,-1.1514,-0.5266,16.5673,17.0,17.0,16.0,22.1499996185303,up,2026-08-21T15:52:40,0.0,0.0
SPXW,2026-09-18,28,Put,7170.0,SPXW260918P07170000,16.8,17.1,16.950000000000003,17.4,-5.3,-23.348,7.0,168.0,0.1914,-0.0905,0.0004,3.5767,-1.1676,-0.5377,17.125,18.25,18.55,17.4,22.6999998092651,no_change,2026-08-21T12:57:37,0.0,0.0
SPX,2026-09-18,28,Call,7175.0,SPX260918C07175000,529.7,532.3,531.0,332.1,0.0,0.0,0.0,2179.0,0.1906,0.9099,0.0004,3.546,-1.1599,4.9506,529.853,0.0,0.0,0.0,514.700012207031,no_change,2026-07-30T11:22:15,0.0,0.0
SPXW,2026-09-18,28,Call,7175.0,SPXW260918C07175000,519.4,543.4,531.4,536.54,21.09,4.09157,1.0,201.0,0.191,0.908,0.0004,3.6152,-1.1762,4.9394,530.1548,536.54,536.54,536.54,515.450012207031,down,2026-08-21T15:22:49,0.0,0.0
SPX,2026-09-18,28,Put,7175.0,SPX260918P07175000,16.4,16.9,16.65,16.37,-6.08,-27.0824,533.0,5077.0,0.1901,-0.09,0.0004,3.546,-1.1599,-0.5345,16.7983,18.02,18.5,16.37,22.4500007629395,down,2026-08-21T15:52:00,0.0,0.0
SPXW,2026-09-18,28,Put,7175.0,SPXW260918P07175000,17.0,17.3,17.15,16.74,-6.26,-27.2174,33.0,1073.0,0.191,-0.0918,0.0004,3.6152,-1.1762,-0.5456,17.3636,18.5,19.42,16.74,23.0,no_change,2026-08-21T15:50:43,0.0,0.0
SPX,2026-09-18,28,Call,7180.0,SPX260918C07180000,524.9,527.5,526.2,375.3,0.0,0.0,0.0,17.0,0.1898,0.9085,0.0004,3.5846,-1.1684,4.9465,525.1053,0.0,0.0,0.0,510.0,up,2026-07-28T14:56:05,0.0,0.0
SPXW,2026-09-18,28,Call,7180.0,SPXW260918C07180000,514.7,538.7,526.7,493.36,0.0,0.0,0.0,20.0,0.1904,0.9067,0.0004,3.6543,-1.1848,4.9351,525.4146,0.0,0.0,0.0,510.75,up,2026-08-03T14:22:11,0.0,0.0
SPX,2026-09-18,28,Put,7180.0,SPX260918P07180000,16.6,17.1,16.85,16.8,-5.95,-26.1538,32.0,583.0,0.1893,-0.0913,0.0004,3.5846,-1.1684,-0.5424,17.0339,18.92,18.92,16.1,22.75,no_change,2026-08-21T15:52:30,0.0,0.0
SPXW,2026-09-18,28,Put,7180.0,SPXW260918P07180000,17.3,17.6,17.450000000000003,17.06,-6.24,-26.7811,29.0,134.0,0.19,-0.0932,0.0004,3.6543,-1.1848,-0.5538,17.6067,18.72,19.6,17.06,23.3000001907349,down,2026-08-21T15:50:58,0.0,0.0
SPX,2026-09-18,28,Call,7185.0,SPX260918C07185000,520.2,522.8,521.5,607.05,0.0,0.0,0.0,7.0,0.189,0.9072,0.0004,3.6237,-1.177,4.9421,520.362,0.0,0.0,0.0,505.849990844727,up,2026-08-17T14:06:47,0.0,0.0
SPXW,2026-09-18,28,Call,7185.0,SPXW260918C07185000,510.0,533.9,521.95,488.91,0.0,0.0,0.0,6.0,0.1895,0.9053,0.0004,3.6939,-1.1935,4.9305,520.6791,0.0,0.0,0.0,506.050003051758,up,2026-08-03T14:22:11,0.0,0.0
SPX,2026-09-18,28,Put,7185.0,SPX260918P07185000,16.9,17.3,17.1,17.2,-5.85,-25.3796,83.0,425.0,0.1887,-0.0927,0.0004,3.6237,-1.177,-0.5506,17.2739,17.0,17.2,16.3,23.0499992370605,up,2026-08-21T15:55:00,0.0,0.0
SPXW,2026-09-18,28,Put,7185.0,SPXW260918P07185000,17.5,17.8,17.65,17.18,-6.42,-27.2034,9.0,273.0,0.1894,-0.0946,0.0004,3.6939,-1.1935,-0.5622,17.8545,19.6,19.6,17.18,23.6000003814697,down,2026-08-21T15:44:07,0.0,0.0
SPX,2026-09-18,28,Call,7190.0,SPX260918C07190000,515.3,518.1,516.7,570.31,0.0,0.0,0.0,210.0,0.1885,0.9058,0.0004,3.6634,-1.1857,4.9376,515.6235,0.0,0.0,0.0,501.200012207031,down,2026-08-06T12:06:35,0.0,0.0
SPXW,2026-09-18,28,Call,7190.0,SPXW260918C07190000,505.2,529.2,517.2,324.0,0.0,0.0,0.0,5.0,0.1888,0.9039,0.0004,3.7339,-1.2022,4.9258,515.9484,0.0,0.0,0.0,501.399993896484,down,2026-07-29T15:23:29,0.0,0.0
SPX,2026-09-18,28,Put,7190.0,SPX260918P07190000,17.1,17.6,17.35,17.5,-5.85,-25.0535,820.0,1550.0,0.188,-0.0941,0.0004,3.6634,-1.1857,-0.559,17.5187,19.12,19.12,16.8,23.3500003814697,no_change,2026-08-21T15:53:00,0.0,0.0
SPXW,2026-09-18,28,Put,7190.0,SPXW260918P07190000,17.8,18.1,17.950000000000003,18.25,-5.7,-23.7996,9.0,119.0,0.1886,-0.096,0.0004,3.7339,-1.2022,-0.5707,18.107,19.69,20.1,18.25,23.9499998092651,down,2026-08-21T14:51:59,0.0,0.0
SPX,2026-09-18,28,Call,7195.0,SPX260918C07195000,510.5,513.4,511.95,350.19,0.0,0.0,0.0,2.0,0.1876,0.9044,0.0004,3.7034,-1.1944,4.9329,510.8897,0.0,0.0,0.0,496.5,down,2026-07-24T14:56:34,0.0,0.0
SPXW,2026-09-18,28,Call,7195.0,SPXW260918C07195000,500.5,524.5,512.5,323.2,0.0,0.0,0.0,20.0,0.1882,0.9024,0.0004,3.7744,-1.211,4.9209,511.2226,0.0,0.0,0.0,496.75,down,2026-07-30T11:09:23,0.0,0.0
SPX,2026-09-18,28,Put,7195.0,SPX260918P07195000,17.4,17.8,17.6,16.9,-6.75,-28.5412,280.0,479.0,0.1871,-0.0955,0.0004,3.7034,-1.1944,-0.5675,17.7682,18.84,19.5,16.9,23.6499996185303,no_change,2026-08-21T15:47:43,0.0,0.0
SPXW,2026-09-18,28,Put,7195.0,SPXW260918P07195000,18.0,18.3,18.15,17.6,-6.65,-27.4227,131.0,181.0,0.1881,-0.0974,0.0004,3.7744,-1.211,-0.5794,18.3645,19.44,20.47,17.6,24.25,down,2026-08-21T15:46:50,0.0,0.0
SPX,2026-09-18,28,Call,7200.0,SPX260918C07200000,506.2,508.4,507.29999999999995,509.26,17.41,3.5397,1.0,18418.0,0.1868,0.9029,0.0004,3.744,-1.2032,4.928,506.1609,509.26,509.26,509.26,491.850006103516,up,2026-08-21T13:37:03,0.0,0.0
SPXW,2026-09-18,28,Call,7200.0,SPXW260918C07200000,495.8,519.7,507.75,511.33,19.28,3.9183,205.0,1853.0,0.1872,0.901,0.0004,3.8152,-1.2199,4.9159,506.5018,497.46,511.33,497.46,492.050003051758,no_change,2026-08-21T11:18:41,0.0,0.0
SPX,2026-09-18,28,Put,7200.0,SPX260918P07200000,17.6,18.1,17.85,17.8,-6.2,-25.8333,2207.0,33917.0,0.1863,-0.0969,0.0004,3.744,-1.2032,-0.5762,18.0226,19.16,20.04,17.6,24.0,no_change,2026-08-21T15:52:40,0.0,0.0
SPXW,2026-09-18,28,Put,7200.0,SPXW260918P07200000,18.3,18.6,18.450000000000003,18.6,-6.0,-24.3902,482.0,3495.0,0.1873,-0.0989,0.0004,3.8152,-1.2199,-0.5883,18.627,19.88,20.7,17.6,24.6000003814697,no_change,2026-08-21T15:54:50,0.0,0.0
SPX,2026-09-18,28,Call,7205.0,SPX260918C07205000,501.1,503.9,502.5,587.87,0.0,0.0,0.0,34.0,0.1863,0.9014,0.0004,3.7849,-1.2121,4.9228,501.4371,0.0,0.0,0.0,487.200012207031,down,2026-08-17T13:35:11,0.0,0.0
SPXW,2026-09-18,28,Call,7205.0,SPXW260918C07205000,491.0,515.0,503.0,312.2,0.0,0.0,0.0,19.0,0.1865,0.8995,0.0004,3.8564,-1.2288,4.9106,501.7862,0.0,0.0,0.0,487.449996948242,down,2026-07-30T11:06:03,0.0,0.0
SPX,2026-09-18,28,Put,7205.0,SPX260918P07205000,17.9,18.3,18.1,18.0,-6.3,-25.9259,167.0,677.0,0.1856,-0.0984,0.0004,3.7849,-1.2121,-0.5852,18.2821,19.71,19.71,17.2,24.3000001907349,up,2026-08-21T15:54:26,0.0,0.0
SPXW,2026-09-18,28,Put,7205.0,SPXW260918P07205000,18.6,18.8,18.700000000000003,18.3,-6.6,-26.506,15.0,101.0,0.1864,-0.1004,0.0004,3.8564,-1.2288,-0.5974,18.8947,20.43,20.43,18.3,24.8999996185303,no_change,2026-08-21T15:38:12,0.0,0.0
SPX,2026-09-18,28,Call,7210.0,SPX260918C07210000,496.5,499.1,497.8,340.0,0.0,0.0,0.0,1626.0,0.1853,0.9,0.0004,3.8262,-1.2211,4.9176,496.7185,0.0,0.0,0.0,482.0,down,2026-07-24T14:46:35,0.0,0.0
SPXW,2026-09-18,28,Call,7210.0,SPXW260918C07210000,486.3,510.3,498.3,528.65,0.0,0.0,0.0,55.0,0.1858,0.898,0.0004,3.8979,-1.2378,4.9052,497.0758,0.0,0.0,0.0,482.75,down,2026-08-18T11:22:42,0.0,0.0
SPX,2026-09-18,28,Put,7210.0,SPX260918P07210000,18.1,18.6,18.35,18.4,-6.25,-25.355,4.0,885.0,0.185,-0.0999,0.0004,3.8262,-1.2211,-0.5943,18.5468,17.6,18.4,17.6,24.6499996185303,no_change,2026-08-21T15:52:46,0.0,0.0
SPXW,2026-09-18,28,Put,7210.0,SPXW260918P07210000,18.8,19.1,18.950000000000003,18.27,-6.98,-27.6436,54.0,322.0,0.1857,-0.1019,0.0004,3.8979,-1.2378,-0.6066,19.1676,20.6,21.0,18.27,25.25,down,2026-08-21T15:47:38,0.0,0.0
SPX,2026-09-18,28,Call,7215.0,SPX260918C07215000,491.8,494.4,493.1,395.7,0.0,0.0,0.0,17.0,0.1846,0.8984,0.0004,3.8679,-1.2301,4.9121,492.0051,0.0,0.0,0.0,477.899993896484,down,2026-07-21T10:41:37,0.0,0.0
SPXW,2026-09-18,28,Call,7215.0,SPXW260918C07215000,490.9,496.6,493.75,321.5,0.0,0.0,0.0,22.0,0.1852,0.8964,0.0005,3.9397,-1.2469,4.8996,492.3708,0.0,0.0,0.0,478.150009155273,up,2026-07-28T10:24:16,0.0,0.0
SPX,2026-09-18,28,Put,7215.0,SPX260918P07215000,18.4,18.9,18.65,19.55,-5.4,-21.6433,1.0,338.0,0.1843,-0.1014,0.0004,3.8679,-1.2301,-0.6036,18.8167,19.55,19.55,19.55,24.9500007629395,down,2026-08-21T11:02:32,0.0,0.0
SPXW,2026-09-18,28,Put,7215.0,SPXW260918P07215000,19.1,19.4,19.25,19.1,-6.5,-25.3906,24.0,209.0,0.185,-0.1034,0.0005,3.9397,-1.2469,-0.616,19.4458,20.71,20.71,19.0,25.6000003814697,down,2026-08-21T16:01:26,0.0,0.0
SPX,2026-09-18,28,Call,7220.0,SPX260918C07220000,487.0,489.8,488.4,580.04,0.0,0.0,0.0,13.0,0.1839,0.8969,0.0005,3.9099,-1.2392,4.9065,487.2971,0.0,0.0,0.0,472.700012207031,up,2026-08-07T15:35:52,0.0,0.0
SPXW,2026-09-18,28,Call,7220.0,SPXW260918C07220000,486.2,491.8,489.0,493.24,19.74,4.16895,2.0,18.0,0.1845,0.8948,0.0005,3.9819,-1.256,4.8939,487.6712,493.24,493.24,493.24,473.5,up,2026-08-21T13:22:37,0.0,0.0
SPX,2026-09-18,28,Put,7220.0,SPX260918P07220000,18.6,19.2,18.9,18.8,-6.5,-25.6917,31.0,474.0,0.1836,-0.103,0.0005,3.9099,-1.2392,-0.613,19.092,20.19,20.85,18.27,25.3000001907349,up,2026-08-21T15:52:30,0.0,0.0
SPXW,2026-09-18,28,Put,7220.0,SPXW260918P07220000,19.4,19.7,19.549999999999997,18.77,-7.18,-27.6686,180.0,90.0,0.1844,-0.105,0.0005,3.9819,-1.256,-0.6256,19.7296,20.84,21.9,18.77,25.9499998092651,down,2026-08-21T15:47:38,0.0,0.0
SPX,2026-09-18,28,Call,7225.0,SPX260918C07225000,482.3,485.1,483.70000000000005,318.58,0.0,0.0,0.0,1049.0,0.1831,0.8953,0.0005,3.9522,-1.2483,4.9006,482.5947,0.0,0.0,0.0,468.600006103516,down,2026-07-29T14:06:30,0.0,0.0
SPXW,2026-09-18,28,Call,7225.0,SPXW260918C07225000,481.5,487.1,484.3,437.4,0.0,0.0,0.0,47.0,0.1838,0.8932,0.0005,4.0243,-1.2652,4.888,482.9772,0.0,0.0,0.0,468.899993896484,up,2026-08-03T11:55:03,0.0,0.0
SPX,2026-09-18,28,Put,7225.0,SPX260918P07225000,18.9,19.5,19.2,18.82,-6.83,-26.6277,1796.0,7773.0,0.1827,-0.1046,0.0005,3.9522,-1.2483,-0.6226,19.3728,21.2,21.35,18.4,25.6499996185303,up,2026-08-21T15:52:00,0.0,0.0
SPXW,2026-09-18,28,Put,7225.0,SPXW260918P07225000,19.7,20.0,19.85,20.27,-6.03,-22.9278,38.0,403.0,0.1837,-0.1066,0.0005,4.0243,-1.2652,-0.6353,20.0189,21.9,21.9,19.6,26.3000001907349,up,2026-08-21T14:49:08,0.0,0.0
SPX,2026-09-18,28,Call,7230.0,SPX260918C07230000,477.7,480.3,479.0,575.84,0.0,0.0,0.0,118.0,0.1824,0.8937,0.0005,3.9948,-1.2575,4.8947,477.8978,0.0,0.0,0.0,464.0,up,2026-08-10T11:50:09,0.0,0.0
SPXW,2026-09-18,28,Call,7230.0,SPXW260918C07230000,476.8,482.4,479.6,582.3,0.0,0.0,0.0,240.0,0.183,0.8916,0.0005,4.0672,-1.2745,4.882,478.2889,0.0,0.0,0.0,464.300003051758,no_change,2026-08-04T15:37:36,0.0,0.0
SPX,2026-09-18,28,Put,7230.0,SPX260918P07230000,19.2,19.8,19.5,19.2,-6.85,-26.2956,85.0,544.0,0.1821,-0.1062,0.0005,3.9948,-1.2575,-0.6324,19.6593,19.38,19.6,18.55,26.0499992370605,down,2026-08-21T15:57:23,0.0,0.0
SPXW,2026-09-18,28,Put,7230.0,SPXW260918P07230000,20.0,20.3,20.15,20.36,-6.29,-23.6023,4.0,93.0,0.183,-0.1083,0.0005,4.0672,-1.2745,-0.6451,20.3139,20.27,20.36,20.27,26.6499996185303,no_change,2026-08-21T14:51:52,0.0,0.0
SPX,2026-09-18,28,Call,7235.0,SPX260918C07235000,472.9,475.7,474.29999999999995,527.09,0.0,0.0,0.0,23.0,0.1816,0.892,0.0005,4.0378,-1.2668,4.8886,473.2067,0.0,0.0,0.0,459.349990844727,up,2026-08-19T11:44:45,0.0,0.0
SPXW,2026-09-18,28,Call,7235.0,SPXW260918C07235000,472.1,477.7,474.9,322.6,0.0,0.0,0.0,10.0,0.1817,0.8899,0.0005,4.1104,-1.2838,4.8758,473.6064,0.0,0.0,0.0,459.650009155273,up,2026-07-27T15:25:00,0.0,0.0
SPX,2026-09-18,28,Put,7235.0,SPX260918P07235000,19.5,20.1,19.8,19.8,-6.55,-24.8577,19.0,331.0,0.1813,-0.1078,0.0005,4.0378,-1.2668,-0.6423,19.9514,19.95,19.95,19.0,26.3500003814697,up,2026-08-21T15:55:00,0.0,0.0
SPXW,2026-09-18,28,Put,7235.0,SPXW260918P07235000,20.3,20.5,20.4,21.88,-5.12,-18.963,1.0,64.0,0.182,-0.1099,0.0005,4.1104,-1.2838,-0.6551,20.6146,21.88,21.88,21.88,27.0,down,2026-08-21T09:31:33,0.0,0.0
SPX,2026-09-18,28,Call,7240.0,SPX260918C07240000,468.2,470.9,469.54999999999995,304.68,0.0,0.0,0.0,258.0,0.1806,0.8903,0.0005,4.0812,-1.2761,4.8824,468.5214,0.0,0.0,0.0,454.25,up,2026-07-29T14:08:41,0.0,0.0
SPXW,2026-09-18,28,Call,7240.0,SPXW260918C07240000,467.1,473.1,470.1,302.0,0.0,0.0,0.0,32.0,0.1813,0.8882,0.0005,4.154,-1.2932,4.8695,468.9297,0.0,0.0,0.0,455.050003051758,down,2026-07-30T10:01:30,0.0,0.0
SPX,2026-09-18,28,Put,7240.0,SPX260918P07240000,19.8,20.4,20.1,20.0,-6.75,-25.2336,68.0,697.0,0.1805,-0.1095,0.0005,4.0812,-1.2761,-0.6524,20.2494,19.93,20.0,19.87,26.75,up,2026-08-21T15:52:40,0.0,0.0
SPXW,2026-09-18,28,Put,7240.0,SPXW260918P07240000,20.6,20.9,20.75,20.75,-6.65,-24.2701,3.0,110.0,0.1812,-0.1116,0.0005,4.154,-1.2932,-0.6652,20.9213,21.07,21.07,20.75,27.3999996185303,down,2026-08-21T16:08:03,0.0,0.0
SPX,2026-09-18,28,Call,7245.0,SPX260918C07245000,463.7,466.3,465.0,312.1,0.0,0.0,0.0,14.0,0.1803,0.8886,0.0005,4.125,-1.2855,4.876,463.842,0.0,0.0,0.0,449.650009155273,down,2026-07-29T09:30:14,0.0,0.0
SPXW,2026-09-18,28,Call,7245.0,SPXW260918C07245000,462.4,468.4,465.4,302.0,0.0,0.0,0.0,95.0,0.1805,0.8865,0.0005,4.1981,-1.3026,4.863,464.2591,0.0,0.0,0.0,450.449996948242,up,2026-07-30T13:00:05,0.0,0.0
SPX,2026-09-18,28,Put,7245.0,SPX260918P07245000,20.1,20.7,20.4,20.4,-6.75,-24.8619,79.0,385.0,0.1799,-0.1112,0.0005,4.125,-1.2855,-0.6626,20.5533,21.12,21.12,19.6,27.1499996185303,up,2026-08-21T15:55:00,0.0,0.0
SPXW,2026-09-18,28,Put,7245.0,SPXW260918P07245000,20.9,21.2,21.049999999999997,20.79,-6.96,-25.0811,9.0,126.0,0.1805,-0.1134,0.0005,4.1981,-1.3026,-0.6755,21.2339,22.57,23.17,20.79,27.75,down,2026-08-21T15:33:03,0.0,0.0
SPX,2026-09-18,28,Call,7250.0,SPX260918C07250000,459.1,461.4,460.25,455.54,0.0,0.0,0.0,5270.0,0.1794,0.8869,0.0005,4.1693,-1.295,4.8694,459.1686,0.0,0.0,0.0,445.550003051758,down,2026-08-20T13:42:22,0.0,0.0
SPXW,2026-09-18,28,Call,7250.0,SPXW260918C07250000,457.7,463.7,460.7,469.23,0.0,0.0,0.0,78.0,0.1803,0.8847,0.0005,4.2428,-1.3121,4.8564,459.5945,0.0,0.0,0.0,445.899993896484,no_change,2026-08-20T12:30:42,0.0,0.0
SPX,2026-09-18,28,Put,7250.0,SPX260918P07250000,20.4,21.0,20.7,20.6,-6.9,-25.0909,526.0,8921.0,0.179,-0.113,0.0005,4.1693,-1.295,-0.673,20.8632,22.1,23.34,19.95,27.5,no_change,2026-08-21T15:53:58,0.0,0.0
SPXW,2026-09-18,28,Put,7250.0,SPXW260918P07250000,21.2,21.5,21.35,20.4,-7.75,-27.5311,33.0,1327.0,0.18,-0.1151,0.0005,4.2428,-1.3121,-0.6859,21.5526,22.97,23.25,20.4,28.1499996185303,down,2026-08-21T15:49:23,0.0,0.0
SPX,2026-09-18,28,Call,7255.0,SPX260918C07255000,454.3,456.9,455.6,490.81,0.0,0.0,0.0,25.0,0.1787,0.8851,0.0005,4.2142,-1.3045,4.8628,454.5014,0.0,0.0,0.0,440.449996948242,down,2026-08-18T14:25:24,0.0,0.0
SPXW,2026-09-18,28,Call,7255.0,SPXW260918C07255000,453.1,459.0,456.05,500.84,0.0,0.0,0.0,26.0,0.1789,0.8829,0.0005,4.288,-1.3216,4.8496,454.9361,0.0,0.0,0.0,441.300003051758,no_change,2026-08-19T15:22:06,0.0,0.0
SPX,2026-09-18,28,Put,7255.0,SPX260918P07255000,20.7,21.3,21.0,20.67,-7.23,-25.914,1.0,239.0,0.1784,-0.1147,0.0005,4.2142,-1.3045,-0.6835,21.1793,20.67,20.67,20.67,27.9000005722046,down,2026-08-21T15:59:12,0.0,0.0
SPXW,2026-09-18,28,Put,7255.0,SPXW260918P07255000,21.5,21.8,21.65,22.02,-6.53,-22.8722,30.0,97.0,0.1792,-0.1169,0.0005,4.288,-1.3216,-0.6966,21.8775,23.35,23.35,22.02,28.5500001907349,no_change,2026-08-21T12:57:33,0.0,0.0
SPX,2026-09-18,28,Call,7260.0,SPX260918C07260000,449.7,452.2,450.95,559.51,0.0,0.0,0.0,244.0,0.1781,0.8833,0.0005,4.2596,-1.3141,4.8559,449.8404,0.0,0.0,0.0,436.349990844727,up,2026-08-14T14:37:35,0.0,0.0
SPXW,2026-09-18,28,Call,7260.0,SPXW260918C07260000,448.4,454.4,451.4,386.15,0.0,0.0,0.0,20.0,0.1783,0.8811,0.0005,4.3339,-1.3312,4.8426,450.2841,0.0,0.0,0.0,436.699996948242,up,2026-08-03T10:02:12,0.0,0.0
SPX,2026-09-18,28,Put,7260.0,SPX260918P07260000,21.0,21.7,21.35,20.92,-7.28,-25.8156,14.0,643.0,0.1776,-0.1166,0.0005,4.2596,-1.3141,-0.6942,21.5016,21.95,21.95,20.92,28.1999998092651,down,2026-08-21T15:59:12,0.0,0.0
SPXW,2026-09-18,28,Put,7260.0,SPXW260918P07260000,21.8,22.1,21.950000000000003,22.0,-6.95,-24.0069,25.0,183.0,0.1784,-0.1188,0.0005,4.3339,-1.3312,-0.7074,22.2087,22.08,22.62,21.7,28.9499998092651,down,2026-08-21T16:08:03,0.0,0.0
SPX,2026-09-18,28,Call,7265.0,SPX260918C07265000,445.0,447.5,446.25,435.99,0.0,0.0,0.0,12.0,0.1773,0.8814,0.0005,4.3056,-1.3237,4.8488,445.1859,0.0,0.0,0.0,431.75,up,2026-08-20T14:19:22,0.0,0.0
SPXW,2026-09-18,28,Call,7265.0,SPXW260918C07265000,443.8,449.7,446.75,543.08,0.0,0.0,0.0,11.0,0.1775,0.8792,0.0005,4.3804,-1.3408,4.8354,445.6386,0.0,0.0,0.0,432.149993896484,up,2026-08-04T14:55:04,0.0,0.0
SPX,2026-09-18,28,Put,7265.0,SPX260918P07265000,21.4,22.0,21.7,27.47,0.0,0.0,0.0,413.0,0.1768,-0.1184,0.0005,4.3056,-1.3237,-0.7051,21.8303,0.0,0.0,0.0,28.6999998092651,up,2026-08-20T14:05:41,0.0,0.0
SPXW,2026-09-18,28,Put,7265.0,SPXW260918P07265000,22.2,22.5,22.35,24.05,-5.3,-18.0579,1.0,129.0,0.1778,-0.1206,0.0005,4.3804,-1.3408,-0.7184,22.5465,24.05,24.05,24.05,29.3500003814697,down,2026-08-21T09:45:24,0.0,0.0
SPX,2026-09-18,28,Call,7270.0,SPX260918C07270000,440.4,443.0,441.7,290.4,0.0,0.0,0.0,43.0,0.1764,0.8796,0.0005,4.3523,-1.3334,4.8415,440.5379,0.0,0.0,0.0,427.25,down,2026-07-24T15:31:19,0.0,0.0
SPXW,2026-09-18,28,Call,7270.0,SPXW260918C07270000,439.1,445.1,442.1,525.58,0.0,0.0,0.0,32.0,0.1768,0.8773,0.0005,4.4275,-1.3505,4.8279,440.9997,0.0,0.0,0.0,427.550003051758,up,2026-08-17T14:05:47,0.0,0.0
SPX,2026-09-18,28,Put,7270.0,SPX260918P07270000,21.7,22.3,22.0,22.0,-7.1,-24.3986,15.0,1099.0,0.1763,-0.1203,0.0005,4.3523,-1.3334,-0.7162,22.1656,22.5,22.8,21.2,29.0999994277954,up,2026-08-21T15:55:00,0.0,0.0
SPXW,2026-09-18,28,Put,7270.0,SPXW260918P07270000,22.5,22.8,22.65,22.86,-6.94,-23.2886,15.0,167.0,0.177,-0.1225,0.0005,4.4275,-1.3505,-0.7297,22.8909,24.37,24.92,22.86,29.8000001907349,down,2026-08-21T15:55:18,0.0,0.0
SPX,2026-09-18,28,Call,7275.0,SPX260918C07275000,435.7,438.2,436.95,465.2,0.0,0.0,0.0,855.0,0.1758,0.8777,0.0005,4.3996,-1.3431,4.8339,435.8966,0.0,0.0,0.0,422.150009155273,down,2026-08-18T15:57:35,0.0,0.0
SPXW,2026-09-18,28,Call,7275.0,SPXW260918C07275000,434.5,440.4,437.45,373.4,0.0,0.0,0.0,302.0,0.1762,0.8754,0.0006,4.4752,-1.3602,4.8202,436.3676,0.0,0.0,0.0,423.050003051758,up,2026-08-03T10:02:12,0.0,0.0
SPX,2026-09-18,28,Put,7275.0,SPX260918P07275000,22.0,22.7,22.35,22.3,-7.25,-24.5347,110.0,2418.0,0.1754,-0.1222,0.0005,4.3996,-1.3431,-0.7276,22.5076,23.6,24.33,21.4,29.5499992370606,up,2026-08-21T15:55:00,0.0,0.0
SPXW,2026-09-18,28,Put,7275.0,SPXW260918P07275000,22.9,23.2,23.049999999999997,23.26,-6.94,-22.9801,186.0,421.0,0.1765,-0.1244,0.0006,4.4752,-1.3602,-0.7412,23.2421,24.75,24.75,22.0,30.1999998092651,up,2026-08-21T15:55:18,0.0,0.0
SPX,2026-09-18,28,Call,7280.0,SPX260918C07280000,431.1,433.6,432.35,421.29,0.0,0.0,0.0,149.0,0.175,0.8757,0.0006,4.4476,-1.3529,4.8261,431.2622,0.0,0.0,0.0,418.100006103516,down,2026-08-20T15:11:32,0.0,0.0
SPXW,2026-09-18,28,Call,7280.0,SPXW260918C07280000,429.9,435.8,432.85,477.55,0.0,0.0,0.0,60.0,0.1754,0.8734,0.0006,4.5236,-1.37,4.8122,431.7426,0.0,0.0,0.0,418.449996948242,no_change,2026-08-19T15:22:06,0.0,0.0
SPX,2026-09-18,28,Put,7280.0,SPX260918P07280000,22.4,23.0,22.7,22.6,-7.35,-24.5409,6.0,749.0,0.1748,-0.1241,0.0006,4.4476,-1.3529,-0.7392,22.8565,23.95,23.95,22.02,29.9500007629394,no_change,2026-08-21T15:52:40,0.0,0.0
SPXW,2026-09-18,28,Put,7280.0,SPXW260918P07280000,23.2,23.5,23.35,23.81,-6.84,-22.3165,11.0,220.0,0.1755,-0.1264,0.0006,4.5236,-1.37,-0.753,23.6004,25.1,25.1,23.81,30.6499996185303,down,2026-08-21T12:35:45,0.0,0.0
SPX,2026-09-18,28,Call,7285.0,SPX260918C07285000,426.5,429.0,427.75,484.36,0.0,0.0,0.0,47.0,0.1745,0.8737,0.0006,4.4962,-1.3627,4.8181,426.6348,0.0,0.0,0.0,413.550003051758,up,2026-08-06T12:08:11,0.0,0.0
SPXW,2026-09-18,28,Call,7285.0,SPXW260918C07285000,425.3,431.2,428.25,290.5,0.0,0.0,0.0,8.0,0.1748,0.8714,0.0006,4.5725,-1.3798,4.804,427.1248,0.0,0.0,0.0,413.899993896484,up,2026-07-31T10:53:50,0.0,0.0
SPX,2026-09-18,28,Put,7285.0,SPX260918P07285000,22.7,23.4,23.049999999999997,23.1,-7.25,-23.888,6.0,623.0,0.174,-0.1261,0.0006,4.4962,-1.3627,-0.7511,23.2124,23.61,23.61,23.1,30.3500003814697,no_change,2026-08-21T14:57:28,0.0,0.0
SPXW,2026-09-18,28,Put,7285.0,SPXW260918P07285000,23.6,23.9,23.75,22.98,-8.12,-26.1093,27.0,212.0,0.1749,-0.1284,0.0006,4.5725,-1.3798,-0.7651,23.9658,26.0,26.0,22.98,31.1000003814697,down,2026-08-21T15:44:07,0.0,0.0
SPX,2026-09-18,28,Call,7290.0,SPX260918C07290000,421.7,424.3,423.0,406.0,0.0,0.0,0.0,355.0,0.1734,0.8717,0.0006,4.5454,-1.3726,4.8097,422.0148,0.0,0.0,0.0,409.0,down,2026-08-20T15:55:10,0.0,0.0
SPXW,2026-09-18,28,Call,7290.0,SPXW260918C07290000,420.7,426.6,423.65,294.2,0.0,0.0,0.0,47.0,0.1743,0.8694,0.0006,4.6218,-1.3897,4.7954,422.5143,0.0,0.0,0.0,409.350006103516,up,2026-07-31T09:40:22,0.0,0.0
SPX,2026-09-18,28,Put,7290.0,SPX260918P07290000,23.1,23.7,23.4,23.2,-7.65,-24.7974,16.0,407.0,0.1734,-0.1281,0.0006,4.5454,-1.3726,-0.7633,23.5756,24.01,24.01,22.72,30.8500003814697,no_change,2026-08-21T15:52:30,0.0,0.0
SPXW,2026-09-18,28,Put,7290.0,SPXW260918P07290000,23.9,24.3,24.1,24.55,-7.0,-22.187,17.0,504.0,0.1742,-0.1305,0.0006,4.6218,-1.3897,-0.7775,24.3386,26.44,26.7,24.55,31.5500001907349,down,2026-08-21T14:47:38,0.0,0.0
SPX,2026-09-18,28,Call,7295.0,SPX260918C07295000,417.1,419.7,418.4,508.59,0.0,0.0,0.0,25.0,0.1729,0.8696,0.0006,4.595,-1.3825,4.801,417.4022,0.0,0.0,0.0,404.5,up,2026-08-05T11:53:52,0.0,0.0
SPXW,2026-09-18,28,Call,7295.0,SPXW260918C07295000,416.1,422.0,419.05,529.11,0.0,0.0,0.0,5.0,0.1736,0.8673,0.0006,4.6717,-1.3996,4.7866,417.9115,0.0,0.0,0.0,404.850006103516,up,2026-08-05T10:59:37,0.0,0.0
SPX,2026-09-18,28,Put,7295.0,SPX260918P07295000,23.5,24.1,23.8,23.8,-7.45,-23.84,126.0,436.0,0.1727,-0.1302,0.0006,4.595,-1.3825,-0.7757,23.9463,24.1,24.3,23.0,31.25,up,2026-08-21T15:13:02,0.0,0.0
SPXW,2026-09-18,28,Put,7295.0,SPXW260918P07295000,24.3,24.6,24.450000000000003,24.5,-7.5,-23.4375,61.0,100.0,0.1737,-0.1326,0.0006,4.6717,-1.3996,-0.7901,24.7192,25.15,25.15,24.07,31.9999990463257,up,2026-08-21T15:56:03,0.0,0.0
SPX,2026-09-18,28,Call,7300.0,SPX260918C07300000,412.7,415.0,413.85,405.01,0.0,0.0,0.0,33958.0,0.1722,0.8675,0.0006,4.6452,-1.3924,4.7921,412.7973,0.0,0.0,0.0,400.0,down,2026-08-20T15:09:11,0.0,0.0
SPXW,2026-09-18,28,Call,7300.0,SPXW260918C07300000,411.5,417.4,414.45,457.79,0.0,0.0,0.0,675.0,0.1728,0.8652,0.0006,4.7218,-1.4095,4.7775,413.3165,0.0,0.0,0.0,400.350006103516,up,2026-08-19T13:37:42,0.0,0.0
SPX,2026-09-18,28,Put,7300.0,SPX260918P07300000,23.8,24.5,24.15,24.17,-7.58,-23.874,2494.0,39006.0,0.1719,-0.1323,0.0006,4.6452,-1.3924,-0.7885,24.3247,26.74,27.0,23.5,31.75,up,2026-08-21T16:10:21,0.0,0.0
SPXW,2026-09-18,28,Put,7300.0,SPXW260918P07300000,24.7,25.0,24.85,24.7,-7.75,-23.8829,208.0,2832.0,0.173,-0.1347,0.0006,4.7218,-1.4095,-0.8031,25.1074,27.29,27.55,23.85,32.4499988555908,no_change,2026-08-21T16:01:43,0.0,0.0
SPX,2026-09-18,28,Call,7305.0,SPX260918C07305000,407.9,410.5,409.2,466.73,0.0,0.0,0.0,19.0,0.1715,0.8654,0.0006,4.6957,-1.4024,4.7829,408.2003,0.0,0.0,0.0,395.449996948242,down,2026-08-06T12:08:11,0.0,0.0
SPXW,2026-09-18,28,Call,7305.0,SPXW260918C07305000,406.9,412.8,409.85,496.51,0.0,0.0,0.0,13.0,0.1721,0.863,0.0006,4.7723,-1.4195,4.7681,408.7295,0.0,0.0,0.0,395.850006103516,up,2026-08-04T13:07:29,0.0,0.0
SPX,2026-09-18,28,Put,7305.0,SPX260918P07305000,24.2,24.9,24.549999999999997,23.85,-8.4,-26.0465,50.0,185.0,0.1712,-0.1345,0.0006,4.6957,-1.4024,-0.8016,24.711,23.85,23.85,23.85,32.25,down,2026-08-21T15:37:46,0.0,0.0
SPXW,2026-09-18,28,Put,7305.0,SPXW260918P07305000,25.1,25.4,25.25,24.6,-8.35,-25.3414,2.0,166.0,0.172,-0.1368,0.0006,4.7723,-1.4195,-0.8163,25.5036,24.53,24.6,24.53,32.9499988555908,up,2026-08-21T15:50:44,0.0,0.0
SPX,2026-09-18,28,Call,7310.0,SPX260918C07310000,403.3,405.9,404.6,386.09,0.0,0.0,0.0,300.0,0.1705,0.8632,0.0006,4.7465,-1.4124,4.7734,403.6113,0.0,0.0,0.0,390.899993896484,down,2026-08-20T16:01:20,0.0,0.0
SPXW,2026-09-18,28,Call,7310.0,SPXW260918C07310000,402.4,408.1,405.25,434.48,0.0,0.0,0.0,25.0,0.1714,0.8608,0.0006,4.823,-1.4295,4.7585,404.1506,0.0,0.0,0.0,391.400009155273,up,2026-08-18T11:22:07,0.0,0.0
SPX,2026-09-18,28,Put,7310.0,SPX260918P07310000,24.6,25.3,24.950000000000003,24.6,-8.05,-24.6554,16.0,459.0,0.1704,-0.1366,0.0006,4.7465,-1.4124,-0.8149,25.1054,26.92,27.07,24.6,32.6500015258789,no_change,2026-08-21T15:51:56,0.0,0.0
SPXW,2026-09-18,28,Put,7310.0,SPXW260918P07310000,25.5,25.8,25.65,26.55,-6.9,-20.6278,38.0,172.0,0.1716,-0.139,0.0006,4.823,-1.4295,-0.8297,25.9081,27.9,28.4,24.95,33.4499988555908,up,2026-08-21T14:31:34,0.0,0.0
SPX,2026-09-18,28,Call,7315.0,SPX260918C07315000,398.9,401.3,400.1,517.38,0.0,0.0,0.0,13.0,0.1698,0.861,0.0006,4.7976,-1.4225,4.7636,399.0307,0.0,0.0,0.0,386.449996948242,up,2026-08-13T12:38:46,0.0,0.0
SPXW,2026-09-18,28,Call,7315.0,SPXW260918C07315000,397.7,403.6,400.65,462.09,0.0,0.0,0.0,27.0,0.1708,0.8586,0.0006,4.874,-1.4395,4.7487,399.5801,0.0,0.0,0.0,386.900009155273,up,2026-08-19T12:24:28,0.0,0.0
SPX,2026-09-18,28,Put,7315.0,SPX260918P07315000,25.0,25.7,25.35,27.32,-5.83,-17.5867,4.0,285.0,0.1698,-0.1389,0.0006,4.7976,-1.4225,-0.8284,25.508,27.32,27.32,27.32,33.1500015258789,no_change,2026-08-21T09:50:35,0.0,0.0
SPXW,2026-09-18,28,Put,7315.0,SPXW260918P07315000,25.9,26.2,26.049999999999997,26.55,-7.4,-21.7968,18.0,230.0,0.1706,-0.1413,0.0006,4.874,-1.4395,-0.8433,26.3209,26.8,26.8,25.33,33.9499988555908,up,2026-08-21T14:47:38,0.0,0.0
SPX,2026-09-18,28,Call,7320.0,SPX260918C07320000,394.3,396.8,395.55,480.45,0.0,0.0,0.0,101.0,0.1694,0.8587,0.0006,4.8489,-1.4326,4.7536,394.4585,0.0,0.0,0.0,381.949996948242,no_change,2026-08-17T14:56:49,0.0,0.0
SPXW,2026-09-18,28,Call,7320.0,SPXW260918C07320000,393.2,399.0,396.1,457.45,0.0,0.0,0.0,97.0,0.1696,0.8563,0.0006,4.9252,-1.4496,4.7386,395.0181,0.0,0.0,0.0,382.400009155273,down,2026-08-19T12:24:28,0.0,0.0
SPX,2026-09-18,28,Put,7320.0,SPX260918P07320000,25.4,26.1,25.75,25.6,-8.05,-23.9227,4.0,381.0,0.1691,-0.1412,0.0006,4.8489,-1.4326,-0.8423,25.9191,25.35,26.17,25.35,33.6500015258789,no_change,2026-08-21T15:52:40,0.0,0.0
SPXW,2026-09-18,28,Put,7320.0,SPXW260918P07320000,26.3,26.7,26.5,26.32,-8.13,-23.5994,51.0,246.0,0.17,-0.1436,0.0006,4.9252,-1.4496,-0.8572,26.7422,29.03,29.03,25.62,34.4499988555908,up,2026-08-21T15:57:17,0.0,0.0
SPX,2026-09-18,28,Call,7325.0,SPX260918C07325000,389.6,392.2,390.9,419.8,0.0,0.0,0.0,3151.0,0.1686,0.8564,0.0006,4.9005,-1.4428,4.7434,389.895,0.0,0.0,0.0,377.5,down,2026-08-18T15:57:46,0.0,0.0
SPXW,2026-09-18,28,Call,7325.0,SPXW260918C07325000,388.7,394.4,391.54999999999995,400.32,0.0,0.0,0.0,304.0,0.1693,0.8539,0.0006,4.9767,-1.4597,4.7284,390.4648,0.0,0.0,0.0,377.900009155273,no_change,2026-08-20T12:30:42,0.0,0.0
SPX,2026-09-18,28,Put,7325.0,SPX260918P07325000,25.8,26.5,26.15,26.2,-7.95,-23.2797,687.0,2844.0,0.1683,-0.1435,0.0006,4.9005,-1.4428,-0.8563,26.3388,28.9,28.9,25.75,34.1500015258789,up,2026-08-21T16:14:11,0.0,0.0
SPXW,2026-09-18,28,Put,7325.0,SPXW260918P07325000,26.8,27.1,26.950000000000003,26.3,-8.65,-24.7496,49.0,342.0,0.1692,-0.1459,0.0006,4.9767,-1.4597,-0.8713,27.1722,29.6,29.96,26.3,34.9499988555908,down,2026-08-21T15:50:57,0.0,0.0
SPX,2026-09-18,28,Call,7330.0,SPX260918C07330000,385.2,387.6,386.4,499.7,0.0,0.0,0.0,725.0,0.168,0.854,0.0006,4.9524,-1.4529,4.733,385.3402,0.0,0.0,0.0,372.550003051758,up,2026-08-13T12:22:58,0.0,0.0
SPXW,2026-09-18,28,Call,7330.0,SPXW260918C07330000,384.1,389.9,387.0,253.4,0.0,0.0,0.0,56.0,0.1686,0.8516,0.0006,5.0285,-1.4698,4.718,385.9204,0.0,0.0,0.0,373.400009155273,up,2026-07-30T15:45:40,0.0,0.0
SPX,2026-09-18,28,Put,7330.0,SPX260918P07330000,26.3,26.9,26.6,26.5,-8.2,-23.6311,39.0,950.0,0.1676,-0.1458,0.0006,4.9524,-1.4529,-0.8705,26.7674,28.35,28.77,26.12,34.7000007629394,no_change,2026-08-21T15:52:46,0.0,0.0
SPXW,2026-09-18,28,Put,7330.0,SPXW260918P07330000,27.2,27.5,27.35,27.43,-8.02,-22.6234,41.0,292.0,0.1687,-0.1483,0.0006,5.0285,-1.4698,-0.8855,27.611,30.15,30.15,26.6,35.4499988555908,up,2026-08-21T16:09:09,0.0,0.0
SPX,2026-09-18,28,Call,7335.0,SPX260918C07335000,380.5,383.1,381.8,466.2,0.0,0.0,0.0,123.0,0.167,0.8516,0.0006,5.0046,-1.4631,4.7224,380.7945,0.0,0.0,0.0,368.550003051758,no_change,2026-08-17T14:59:00,0.0,0.0
SPXW,2026-09-18,28,Call,7335.0,SPXW260918C07335000,379.6,385.3,382.45000000000005,482.84,0.0,0.0,0.0,11.0,0.1678,0.8491,0.0006,5.0806,-1.48,4.7073,381.385,0.0,0.0,0.0,369.049987792969,down,2026-08-17T11:34:03,0.0,0.0
SPX,2026-09-18,28,Put,7335.0,SPX260918P07335000,26.7,27.4,27.049999999999997,25.8,-9.45,-26.8085,165.0,500.0,0.1669,-0.1482,0.0006,5.0046,-1.4631,-0.8849,27.2049,28.6,28.6,25.8,35.25,no_change,2026-08-21T15:47:12,0.0,0.0
SPXW,2026-09-18,28,Put,7335.0,SPXW260918P07335000,27.6,28.0,27.8,27.25,-8.7,-24.2003,26.0,150.0,0.1679,-0.1507,0.0006,5.0806,-1.48,-0.9,28.0589,30.65,31.0,27.02,35.9499988555908,down,2026-08-21T15:31:05,0.0,0.0
SPX,2026-09-18,28,Call,7340.0,SPX260918C07340000,376.1,378.5,377.3,376.51,12.41,3.4084,2.0,319.0,0.1665,0.8492,0.0007,5.0571,-1.4733,4.7116,376.2578,376.51,376.51,376.51,364.100006103516,up,2026-08-21T10:07:04,0.0,0.0
SPXW,2026-09-18,28,Call,7340.0,SPXW260918C07340000,375.0,380.8,377.9,414.93,0.0,0.0,0.0,49.0,0.1672,0.8467,0.0007,5.1333,-1.4901,4.6965,376.8587,0.0,0.0,0.0,364.549987792969,no_change,2026-08-18T13:19:52,0.0,0.0
SPX,2026-09-18,28,Put,7340.0,SPX260918P07340000,27.2,27.8,27.5,27.3,-8.45,-23.6364,127.0,690.0,0.1662,-0.1507,0.0007,5.0571,-1.4733,-0.8996,27.6516,29.05,29.05,26.62,35.75,up,2026-08-21T15:52:40,0.0,0.0
SPXW,2026-09-18,28,Put,7340.0,SPXW260918P07340000,28.1,28.4,28.25,27.77,-8.78,-24.0219,70.0,176.0,0.1673,-0.1532,0.0007,5.1333,-1.4901,-0.9146,28.5159,30.93,31.0,27.65,36.5500011444092,up,2026-08-21T15:29:56,0.0,0.0
SPX,2026-09-18,28,Call,7345.0,SPX260918C07345000,371.6,374.0,372.8,429.24,0.0,0.0,0.0,28.0,0.1655,0.8467,0.0007,5.1101,-1.4835,4.7006,371.7305,0.0,0.0,0.0,359.649993896484,up,2026-08-06T12:04:54,0.0,0.0
SPXW,2026-09-18,28,Call,7345.0,SPXW260918C07345000,370.6,376.3,373.45000000000005,434.34,0.0,0.0,0.0,181.0,0.1665,0.8442,0.0007,5.1864,-1.5003,4.6854,372.3418,0.0,0.0,0.0,360.149993896484,up,2026-08-19T12:24:28,0.0,0.0
SPX,2026-09-18,28,Put,7345.0,SPX260918P07345000,27.6,28.3,27.950000000000003,27.76,-8.54,-23.5262,146.0,244.0,0.1655,-0.1532,0.0007,5.1101,-1.4835,-0.9144,28.1075,29.57,29.57,27.02,36.2999992370606,no_change,2026-08-21T15:54:49,0.0,0.0
SPXW,2026-09-18,28,Put,7345.0,SPXW260918P07345000,28.6,28.9,28.75,28.75,-8.3,-22.4022,30.0,165.0,0.1664,-0.1557,0.0007,5.1864,-1.5003,-0.9296,28.9823,31.15,31.15,27.83,37.0500011444092,down,2026-08-21T15:09:30,0.0,0.0
SPX,2026-09-18,28,Call,7350.0,SPX260918C07350000,367.1,369.3,368.20000000000005,420.67,0.0,0.0,0.0,7353.0,0.1648,0.8441,0.0007,5.1637,-1.4938,4.6893,367.2127,0.0,0.0,0.0,355.25,up,2026-08-19T11:46:03,0.0,0.0
SPXW,2026-09-18,28,Call,7350.0,SPXW260918C07350000,366.0,371.7,368.85,375.5,19.75,5.55165,2.0,135.0,0.1653,0.8416,0.0007,5.2401,-1.5105,4.674,367.8344,374.82,375.5,374.82,355.75,up,2026-08-21T15:38:44,0.0,0.0
SPX,2026-09-18,28,Put,7350.0,SPX260918P07350000,28.1,28.7,28.4,28.0,-8.85,-24.0163,381.0,17720.0,0.1649,-0.1557,0.0007,5.1637,-1.4938,-0.9295,28.573,30.75,30.75,27.2,36.8499984741211,up,2026-08-21T15:59:34,0.0,0.0
SPXW,2026-09-18,28,Put,7350.0,SPXW260918P07350000,29.0,29.4,29.2,29.17,-8.48,-22.5232,80.0,803.0,0.1658,-0.1582,0.0007,5.2401,-1.5105,-0.9447,29.4582,31.0,31.14,28.01,37.6499996185303,up,2026-08-21T16:01:46,0.0,0.0
SPX,2026-09-18,28,Call,7355.0,SPX260918C07355000,362.6,365.0,363.8,367.86,17.51,4.99786,1.0,329.0,0.1641,0.8415,0.0007,5.2178,-1.504,4.6777,362.7046,367.86,367.86,367.86,350.350006103516,down,2026-08-21T15:53:45,0.0,0.0
SPXW,2026-09-18,28,Call,7355.0,SPXW260918C07355000,361.6,367.2,364.4,371.0,19.65,5.59271,2.0,53.0,0.1646,0.839,0.0007,5.2944,-1.5207,4.6623,363.3369,370.37,371.0,370.37,351.350006103516,up,2026-08-21T15:38:44,0.0,0.0
SPX,2026-09-18,28,Put,7355.0,SPX260918P07355000,28.5,29.2,28.85,29.62,-7.68,-20.5898,1.0,663.0,0.1642,-0.1583,0.0007,5.2178,-1.504,-0.9449,29.0482,29.62,29.62,29.62,37.2999992370606,down,2026-08-21T11:01:40,0.0,0.0
SPXW,2026-09-18,28,Put,7355.0,SPXW260918P07355000,29.5,29.8,29.65,30.85,-7.4,-19.3464,1.0,165.0,0.165,-0.1609,0.0007,5.2944,-1.5207,-0.9602,29.944,30.85,30.85,30.85,38.25,down,2026-08-21T10:56:33,0.0,0.0
SPX,2026-09-18,28,Call,7360.0,SPX260918C07360000,358.1,360.4,359.25,356.29,0.0,0.0,0.0,468.0,0.1634,0.8389,0.0007,5.2726,-1.5143,4.6658,358.2064,0.0,0.0,0.0,346.449996948242,down,2026-08-20T13:37:47,0.0,0.0
SPXW,2026-09-18,28,Call,7360.0,SPXW260918C07360000,357.0,362.7,359.85,441.3,0.0,0.0,0.0,39.0,0.1639,0.8363,0.0007,5.3494,-1.5309,4.6503,358.8494,0.0,0.0,0.0,346.950012207031,up,2026-08-12T15:43:21,0.0,0.0
SPX,2026-09-18,28,Put,7360.0,SPX260918P07360000,29.0,29.7,29.35,29.2,-8.8,-23.1579,4.0,618.0,0.1635,-0.161,0.0007,5.2726,-1.5143,-0.9606,29.5333,28.75,29.2,28.75,38.0,up,2026-08-21T15:52:42,0.0,0.0
SPXW,2026-09-18,28,Put,7360.0,SPXW260918P07360000,30.0,30.3,30.15,30.3,-8.55,-22.0077,6.0,192.0,0.1643,-0.1635,0.0007,5.3494,-1.5309,-0.9761,30.4398,33.2,33.2,30.3,38.8500003814697,down,2026-08-21T12:32:29,0.0,0.0
SPX,2026-09-18,28,Call,7365.0,SPX260918C07365000,353.6,356.0,354.8,360.05,18.0,5.26239,10.0,551.0,0.1627,0.8362,0.0007,5.3281,-1.5246,4.6536,353.7185,360.28,360.45,359.9,342.050003051758,no_change,2026-08-21T15:52:42,0.0,0.0
SPXW,2026-09-18,28,Call,7365.0,SPXW260918C07365000,352.5,358.2,355.35,214.0,0.0,0.0,0.0,77.0,0.1637,0.8336,0.0007,5.405,-1.5411,4.6379,354.3722,0.0,0.0,0.0,342.549987792969,down,2026-07-29T10:03:24,0.0,0.0
SPX,2026-09-18,28,Put,7365.0,SPX260918P07365000,29.5,30.2,29.85,29.9,-8.7,-22.5389,3.0,1080.0,0.1627,-0.1637,0.0007,5.3281,-1.5246,-0.9767,30.0286,29.9,29.9,29.9,38.6000003814697,no_change,2026-08-21T16:12:48,0.0,0.0
SPXW,2026-09-18,28,Put,7365.0,SPXW260918P07365000,30.5,30.8,30.65,30.75,-8.7,-22.0532,8.0,72.0,0.1637,-0.1662,0.0007,5.405,-1.5411,-0.9923,30.9459,31.84,31.85,30.75,39.4499988555908,down,2026-08-21T16:07:23,0.0,0.0
SPX,2026-09-18,28,Call,7370.0,SPX260918C07370000,349.1,351.5,350.3,355.55,17.9,5.30135,10.0,686.0,0.1623,0.8334,0.0007,5.3841,-1.5349,4.641,349.241,355.78,355.95,355.4,337.649993896484,no_change,2026-08-21T15:52:42,0.0,0.0
SPXW,2026-09-18,28,Call,7370.0,SPXW260918C07370000,348.1,353.8,350.95000000000005,383.66,0.0,0.0,0.0,88.0,0.1629,0.8309,0.0007,5.4611,-1.5512,4.6252,349.9057,0.0,0.0,0.0,338.149993896484,down,2026-08-18T11:35:30,0.0,0.0
SPX,2026-09-18,28,Put,7370.0,SPX260918P07370000,30.0,30.7,30.35,30.0,-9.05,-23.1754,1.0,1117.0,0.162,-0.1664,0.0007,5.3841,-1.5349,-0.9931,30.5345,30.0,30.0,30.0,39.0500011444092,down,2026-08-21T15:52:29,0.0,0.0
SPXW,2026-09-18,28,Put,7370.0,SPXW260918P07370000,31.0,31.4,31.2,32.1,-7.95,-19.8502,16.0,242.0,0.163,-0.169,0.0007,5.4611,-1.5512,-1.0089,31.4626,32.34,33.38,32.06,40.0500011444092,up,2026-08-21T11:17:51,0.0,0.0
SPX,2026-09-18,28,Call,7375.0,SPX260918C07375000,344.5,347.1,345.8,374.9,0.0,0.0,0.0,7347.0,0.1616,0.8306,0.0007,5.4408,-1.5451,4.6279,344.7744,0.0,0.0,0.0,333.25,down,2026-08-18T15:57:46,0.0,0.0
SPXW,2026-09-18,28,Call,7375.0,SPXW260918C07375000,343.7,349.3,346.5,344.55,10.75,3.22049,2.0,131.0,0.1619,0.828,0.0007,5.5177,-1.5614,4.612,345.4501,347.0,347.0,344.55,333.800003051758,down,2026-08-21T14:38:39,0.0,0.0
SPX,2026-09-18,28,Put,7375.0,SPX260918P07375000,30.5,31.2,30.85,30.5,-9.3,-23.3668,36.0,6276.0,0.1613,-0.1692,0.0007,5.4408,-1.5451,-1.01,31.0511,32.65,32.65,29.3,39.7999992370606,no_change,2026-08-21T15:57:19,0.0,0.0
SPXW,2026-09-18,28,Put,7375.0,SPXW260918P07375000,31.6,31.9,31.75,30.86,-9.79,-24.0836,37.0,364.0,0.1622,-0.1718,0.0007,5.5177,-1.5614,-1.0259,31.9903,34.56,34.56,30.41,40.6499996185303,up,2026-08-21T15:50:25,0.0,0.0
SPX,2026-09-18,28,Call,7380.0,SPX260918C07380000,340.2,342.5,341.35,353.11,0.0,0.0,0.0,853.0,0.1608,0.8278,0.0008,5.4979,-1.5554,4.6145,340.3189,0.0,0.0,0.0,328.900009155273,down,2026-08-20T12:02:59,0.0,0.0
SPXW,2026-09-18,28,Call,7380.0,SPXW260918C07380000,339.2,344.8,342.0,438.57,0.0,0.0,0.0,63.0,0.1615,0.8252,0.0008,5.5747,-1.5716,4.5984,341.0057,0.0,0.0,0.0,329.5,down,2026-08-10T10:02:38,0.0,0.0
SPX,2026-09-18,28,Put,7380.0,SPX260918P07380000,31.1,31.8,31.450000000000003,31.2,-9.2,-22.7723,810.0,1810.0,0.1606,-0.1721,0.0008,5.4979,-1.5554,-1.0272,31.5789,32.8,33.55,31.0,40.3999996185303,up,2026-08-21T15:52:42,0.0,0.0
SPXW,2026-09-18,28,Put,7380.0,SPXW260918P07380000,32.1,32.4,32.25,31.57,-9.68,-23.4667,40.0,317.0,0.1616,-0.1747,0.0008,5.5747,-1.5716,-1.0433,32.5292,34.91,34.91,31.57,41.25,down,2026-08-21T15:30:09,0.0,0.0
SPX,2026-09-18,28,Call,7385.0,SPX260918C07385000,335.7,338.1,336.9,358.87,0.0,0.0,0.0,462.0,0.1601,0.8249,0.0008,5.5553,-1.5656,4.6006,335.8749,0.0,0.0,0.0,324.550003051758,down,2026-08-20T10:53:44,0.0,0.0
SPXW,2026-09-18,28,Call,7385.0,SPXW260918C07385000,334.8,340.4,337.6,272.13,0.0,0.0,0.0,77.0,0.1609,0.8223,0.0008,5.6319,-1.5818,4.5844,336.5729,0.0,0.0,0.0,325.099990844727,up,2026-08-03T09:48:09,0.0,0.0
SPX,2026-09-18,28,Put,7385.0,SPX260918P07385000,31.6,32.3,31.95,40.4,0.0,0.0,0.0,4432.0,0.1599,-0.175,0.0008,5.5553,-1.5656,-1.0449,32.1182,0.0,0.0,0.0,41.0499992370606,down,2026-08-20T15:25:50,0.0,0.0
SPXW,2026-09-18,28,Put,7385.0,SPXW260918P07385000,32.6,33.0,32.8,32.96,-8.99,-21.4303,6.0,196.0,0.1608,-0.1776,0.0008,5.6319,-1.5818,-1.0611,33.0797,35.98,35.98,32.96,41.9499988555908,no_change,2026-08-21T16:00:02,0.0,0.0
SPX,2026-09-18,28,Call,7390.0,SPX260918C07390000,331.3,333.6,332.45000000000005,230.3,0.0,0.0,0.0,896.0,0.1595,0.8219,0.0008,5.6131,-1.5759,4.5864,331.4426,0.0,0.0,0.0,320.199996948242,up,2026-07-31T09:38:12,0.0,0.0
SPXW,2026-09-18,28,Call,7390.0,SPXW260918C07390000,330.3,336.0,333.15,409.4,0.0,0.0,0.0,42.0,0.1602,0.8193,0.0008,5.6893,-1.5919,4.57,332.152,0.0,0.0,0.0,320.800003051758,down,2026-08-11T12:54:13,0.0,0.0
SPX,2026-09-18,28,Put,7390.0,SPX260918P07390000,32.1,32.8,32.45,32.1,-9.6,-23.0216,18.0,2284.0,0.1593,-0.1779,0.0008,5.6131,-1.5759,-1.063,32.6692,33.85,35.7,32.1,41.7000007629394,no_change,2026-08-21T15:52:30,0.0,0.0
SPXW,2026-09-18,28,Put,7390.0,SPXW260918P07390000,33.2,33.5,33.35,34.25,-8.35,-19.6009,15.0,304.0,0.1601,-0.1805,0.0008,5.6893,-1.5919,-1.0793,33.642,36.4,36.4,34.25,42.6000003814697,down,2026-08-21T10:57:50,0.0,0.0
SPX,2026-09-18,28,Call,7395.0,SPX260918C07395000,326.9,329.2,328.04999999999995,205.3,0.0,0.0,0.0,455.0,0.1588,0.8189,0.0008,5.6709,-1.5861,4.5717,327.0224,0.0,0.0,0.0,315.900009155273,no_change,2026-07-30T15:47:24,0.0,0.0
SPXW,2026-09-18,28,Call,7395.0,SPXW260918C07395000,325.9,331.5,328.7,407.32,0.0,0.0,0.0,30.0,0.1594,0.8163,0.0008,5.7467,-1.602,4.5553,327.7432,0.0,0.0,0.0,316.449996948242,up,2026-08-12T12:06:53,0.0,0.0
SPX,2026-09-18,28,Put,7395.0,SPX260918P07395000,32.7,33.4,33.05,41.68,0.0,0.0,0.0,619.0,0.1586,-0.181,0.0008,5.6709,-1.5861,-1.0815,33.2323,0.0,0.0,0.0,42.3499984741211,up,2026-08-20T14:11:55,0.0,0.0
SPXW,2026-09-18,28,Put,7395.0,SPXW260918P07395000,33.8,34.1,33.95,36.52,-6.73,-15.5607,3.0,90.0,0.1594,-0.1836,0.0008,5.7467,-1.602,-1.0978,34.2165,36.52,36.52,36.52,43.25,down,2026-08-21T10:31:56,0.0,0.0
SPX,2026-09-18,28,Call,7400.0,SPX260918C07400000,322.5,324.6,323.55,330.55,19.4,6.23494,40.0,38796.0,0.1582,0.8158,0.0008,5.7289,-1.5963,4.5567,322.6146,320.27,330.55,316.6,311.149993896484,no_change,2026-08-21T15:44:49,0.0,0.0
SPXW,2026-09-18,28,Call,7400.0,SPXW260918C07400000,321.5,327.1,324.3,327.96,15.81,5.06487,26.0,1002.0,0.1588,0.8132,0.0008,5.8042,-1.6121,4.5403,323.3468,326.6,337.78,315.0,312.149993896484,no_change,2026-08-21T15:35:18,0.0,0.0
SPX,2026-09-18,28,Put,7400.0,SPX260918P07400000,33.3,34.0,33.65,33.52,-9.53,-22.137,2650.0,48489.0,0.1579,-0.184,0.0008,5.7289,-1.5963,-1.1003,33.8078,35.8,36.8,32.11,43.0499992370606,down,2026-08-21T16:06:16,0.0,0.0
SPXW,2026-09-18,28,Put,7400.0,SPXW260918P07400000,34.3,34.7,34.5,34.56,-9.39,-21.3652,197.0,2351.0,0.1588,-0.1867,0.0008,5.8042,-1.6121,-1.1166,34.8034,37.67,37.76,33.37,43.9499988555908,no_change,2026-08-21T16:08:51,0.0,0.0
SPX,2026-09-18,28,Call,7405.0,SPX260918C07405000,318.1,320.4,319.25,402.03,0.0,0.0,0.0,1902.0,0.1574,0.8127,0.0008,5.7868,-1.6064,4.5414,318.2195,0.0,0.0,0.0,307.300003051758,no_change,2026-08-17T14:59:00,0.0,0.0
SPXW,2026-09-18,28,Call,7405.0,SPXW260918C07405000,317.1,322.7,319.9,348.67,0.0,0.0,0.0,156.0,0.1581,0.81,0.0008,5.8617,-1.6221,4.5251,318.9631,0.0,0.0,0.0,307.850006103516,down,2026-08-18T15:58:24,0.0,0.0
SPX,2026-09-18,28,Put,7405.0,SPX260918P07405000,33.8,34.6,34.2,36.01,-7.74,-17.6914,400.0,2291.0,0.1572,-0.1872,0.0008,5.7868,-1.6064,-1.1194,34.3959,37.67,37.69,35.7,43.75,no_change,2026-08-21T10:08:07,0.0,0.0
SPXW,2026-09-18,28,Put,7405.0,SPXW260918P07405000,34.9,35.3,35.099999999999994,34.15,-10.5,-23.5162,11.0,174.0,0.158,-0.1898,0.0008,5.8617,-1.6221,-1.1357,35.403,37.9,37.9,34.15,44.6499996185303,down,2026-08-21T15:42:35,0.0,0.0
SPX,2026-09-18,28,Call,7410.0,SPX260918C07410000,313.7,316.0,314.85,351.47,0.0,0.0,0.0,6819.0,0.1567,0.8095,0.0008,5.8448,-1.6166,4.5259,313.8372,0.0,0.0,0.0,303.0,down,2026-08-18T10:10:42,0.0,0.0
SPXW,2026-09-18,28,Call,7410.0,SPXW260918C07410000,312.8,318.3,315.55,359.73,0.0,0.0,0.0,274.0,0.1574,0.8068,0.0008,5.9192,-1.6321,4.5096,314.5922,0.0,0.0,0.0,303.649993896484,down,2026-08-18T10:32:41,0.0,0.0
SPX,2026-09-18,28,Put,7410.0,SPX260918P07410000,34.4,35.2,34.8,34.4,-10.0,-22.5225,2.0,7208.0,0.1564,-0.1904,0.0008,5.8448,-1.6166,-1.1387,34.9969,34.4,34.4,34.4,44.3999996185303,no_change,2026-08-21T15:52:30,0.0,0.0
SPXW,2026-09-18,28,Put,7410.0,SPXW260918P07410000,35.5,35.9,35.7,35.74,-9.61,-21.1907,639.0,177.0,0.1574,-0.193,0.0008,5.9192,-1.6321,-1.155,36.0154,39.1,39.1,34.75,45.3500003814697,no_change,2026-08-21T16:08:51,0.0,0.0
SPX,2026-09-18,28,Call,7415.0,SPX260918C07415000,309.2,311.7,310.45,306.54,7.84,2.62471,4.0,4855.0,0.156,0.8062,0.0008,5.9028,-1.6266,4.5101,309.4681,306.57,306.57,306.54,298.699996948242,down,2026-08-21T10:50:48,0.0,0.0
SPXW,2026-09-18,28,Call,7415.0,SPXW260918C07415000,308.4,314.0,311.2,437.03,0.0,0.0,0.0,54.0,0.1564,0.8036,0.0008,5.9768,-1.6421,4.4938,310.2345,0.0,0.0,0.0,299.350006103516,up,2026-08-13T11:00:02,0.0,0.0
SPX,2026-09-18,28,Put,7415.0,SPX260918P07415000,35.0,35.8,35.4,35.2,-9.95,-22.0377,6.0,5296.0,0.1558,-0.1936,0.0008,5.9028,-1.6266,-1.1584,35.6111,37.32,37.32,35.2,45.1500015258789,down,2026-08-21T15:59:43,0.0,0.0
SPXW,2026-09-18,28,Put,7415.0,SPXW260918P07415000,36.2,36.5,36.35,36.58,-9.47,-20.5646,2.0,219.0,0.1567,-0.1963,0.0008,5.9768,-1.6421,-1.1746,36.641,36.6,36.6,36.58,46.0500011444092,down,2026-08-21T14:49:26,0.0,0.0
SPX,2026-09-18,28,Call,7420.0,SPX260918C07420000,305.0,307.2,306.1,423.44,0.0,0.0,0.0,3731.0,0.1554,0.8029,0.0008,5.9609,-1.6367,4.494,305.1124,0.0,0.0,0.0,294.450012207031,up,2026-08-13T13:57:19,0.0,0.0
SPXW,2026-09-18,28,Call,7420.0,SPXW260918C07420000,304.2,309.6,306.9,300.0,5.0,1.69492,1.0,97.0,0.1561,0.8002,0.0008,6.0346,-1.652,4.4778,305.8901,300.0,300.0,300.0,295.0,up,2026-08-21T09:55:11,0.0,0.0
SPX,2026-09-18,28,Put,7420.0,SPX260918P07420000,35.7,36.4,36.05,35.6,-10.25,-22.3555,224.0,4046.0,0.1551,-0.197,0.0008,5.9609,-1.6367,-1.1783,36.2387,38.8,38.8,35.6,45.8499984741211,no_change,2026-08-21T15:52:30,0.0,0.0
SPXW,2026-09-18,28,Put,7420.0,SPXW260918P07420000,36.8,37.1,36.95,36.02,-10.83,-23.1163,84.0,133.0,0.1561,-0.1996,0.0008,6.0346,-1.652,-1.1944,37.2799,39.23,39.23,36.02,46.8500003814697,down,2026-08-21T15:50:58,0.0,0.0
SPX,2026-09-18,28,Call,7425.0,SPX260918C07425000,300.6,302.9,301.75,308.6,18.4,6.34046,10.0,7178.0,0.1546,0.7995,0.0009,6.0193,-1.6467,4.4776,300.7703,308.6,308.6,308.6,290.199996948242,no_change,2026-08-21T15:44:49,0.0,0.0
SPXW,2026-09-18,28,Call,7425.0,SPXW260918C07425000,299.8,305.3,302.55,406.68,0.0,0.0,0.0,432.0,0.155,0.7968,0.0008,6.0928,-1.6618,4.4614,301.5594,0.0,0.0,0.0,290.850006103516,up,2026-08-10T10:45:35,0.0,0.0
SPX,2026-09-18,28,Put,7425.0,SPX260918P07425000,36.3,37.0,36.65,35.9,-10.7,-22.9614,29.0,8436.0,0.1545,-0.2004,0.0009,6.0193,-1.6467,-1.1984,36.8798,39.44,39.44,35.9,46.6000003814697,no_change,2026-08-21T15:33:49,0.0,0.0
SPXW,2026-09-18,28,Put,7425.0,SPXW260918P07425000,37.4,37.8,37.599999999999994,36.75,-10.8,-22.7129,48.0,668.0,0.1553,-0.203,0.0008,6.0927,-1.6618,-1.2146,37.9323,40.06,40.77,36.75,47.5500011444092,no_change,2026-08-21T15:35:31,0.0,0.0
SPX,2026-09-18,28,Call,7430.0,SPX260918C07430000,296.5,298.8,297.65,304.47,18.47,6.45804,1.0,5014.0,0.1539,0.796,0.0009,6.078,-1.6566,4.461,296.4421,304.47,304.47,304.47,286.0,down,2026-08-21T12:38:16,0.0,0.0
SPXW,2026-09-18,28,Call,7430.0,SPXW260918C07430000,295.4,300.9,298.15,429.94,0.0,0.0,0.0,72.0,0.1544,0.7934,0.0009,6.1513,-1.6716,4.4447,297.2426,0.0,0.0,0.0,286.649993896484,up,2026-08-05T10:20:23,0.0,0.0
SPX,2026-09-18,28,Put,7430.0,SPX260918P07430000,36.9,37.7,37.3,37.0,-10.35,-21.8585,86.0,5013.0,0.1537,-0.2038,0.0009,6.078,-1.6566,-1.219,37.5349,39.11,40.21,36.8,47.3499984741211,up,2026-08-21T15:52:40,0.0,0.0
SPXW,2026-09-18,28,Put,7430.0,SPXW260918P07430000,38.1,38.4,38.25,36.95,-11.4,-23.5781,67.0,193.0,0.1547,-0.2065,0.0009,6.1513,-1.6716,-1.2351,38.5989,42.25,42.25,36.8,48.3500003814697,up,2026-08-21T15:46:46,0.0,0.0
SPX,2026-09-18,28,Call,7435.0,SPX260918C07435000,292.0,294.2,293.1,300.07,18.32,6.50222,1.0,5035.0,0.1533,0.7925,0.0009,6.1371,-1.6665,4.4439,292.1281,300.07,300.07,300.07,281.75,down,2026-08-21T12:38:16,0.0,0.0
SPXW,2026-09-18,28,Call,7435.0,SPXW260918C07435000,291.1,296.6,293.85,287.28,4.78,1.69204,6.0,30.0,0.154,0.7899,0.0009,6.2102,-1.6813,4.4276,292.94,287.27,287.28,287.27,282.5,up,2026-08-21T10:20:25,0.0,0.0
SPX,2026-09-18,28,Put,7435.0,SPX260918P07435000,37.6,38.3,37.95,37.71,-10.39,-21.6008,132.0,5491.0,0.1531,-0.2073,0.0009,6.1371,-1.6665,-1.2399,38.2042,37.4,37.9,37.4,48.1000003814697,no_change,2026-08-21T13:06:04,0.0,0.0
SPXW,2026-09-18,28,Put,7435.0,SPXW260918P07435000,38.8,39.1,38.95,37.65,-11.5,-23.3978,57.0,317.0,0.154,-0.21,0.0009,6.2102,-1.6813,-1.2561,39.2796,41.88,41.88,37.65,49.1499996185303,down,2026-08-21T15:46:46,0.0,0.0
SPX,2026-09-18,28,Call,7440.0,SPX260918C07440000,287.7,290.0,288.85,407.1,0.0,0.0,0.0,9990.0,0.1526,0.7889,0.0009,6.1967,-1.6762,4.4264,287.8287,0.0,0.0,0.0,277.549987792969,up,2026-08-13T09:56:28,0.0,0.0
SPXW,2026-09-18,28,Call,7440.0,SPXW260918C07440000,286.8,292.3,289.55,298.53,20.23,7.26913,1.0,70.0,0.1532,0.7863,0.0009,6.2696,-1.691,4.41,288.652,298.53,298.53,298.53,278.300003051758,up,2026-08-21T12:41:27,0.0,0.0
SPX,2026-09-18,28,Put,7440.0,SPX260918P07440000,38.3,39.0,38.65,38.3,-10.6,-21.6769,6.0,10296.0,0.1523,-0.2109,0.0009,6.1967,-1.6762,-1.2612,38.8881,41.59,42.3,37.65,48.8999996185303,up,2026-08-21T15:52:40,0.0,0.0
SPXW,2026-09-18,28,Put,7440.0,SPXW260918P07440000,39.5,39.8,39.65,39.15,-10.75,-21.5431,8.0,121.0,0.1533,-0.2136,0.0009,6.2696,-1.691,-1.2775,39.9749,43.05,43.05,38.36,49.8999996185303,down,2026-08-21T14:59:02,0.0,0.0
SPX,2026-09-18,28,Call,7445.0,SPX260918C07445000,283.3,285.7,284.5,402.4,0.0,0.0,0.0,5585.0,0.1519,0.7853,0.0009,6.2567,-1.686,4.4083,283.5442,0.0,0.0,0.0,273.350006103516,up,2026-08-14T10:48:12,0.0,0.0
SPXW,2026-09-18,28,Call,7445.0,SPXW260918C07445000,282.5,288.0,285.25,277.3,0.0,0.0,0.0,48.0,0.1523,0.7826,0.0009,6.3294,-1.7005,4.3919,284.3791,0.0,0.0,0.0,274.100006103516,down,2026-08-20T15:30:51,0.0,0.0
SPX,2026-09-18,28,Put,7445.0,SPX260918P07445000,39.0,39.7,39.35,39.6,-10.1,-20.3219,165.0,5794.0,0.1516,-0.2146,0.0009,6.2567,-1.686,-1.283,39.5869,43.1,43.1,39.5,49.7000007629394,no_change,2026-08-21T15:55:20,0.0,0.0
SPXW,2026-09-18,28,Put,7445.0,SPXW260918P07445000,40.2,40.5,40.35,39.3,-11.5,-22.6378,17.0,94.0,0.1526,-0.2172,0.0009,6.3294,-1.7005,-1.2994,40.6853,43.4,43.4,38.6,50.7999992370606,up,2026-08-21T15:41:25,0.0,0.0
SPX,2026-09-18,28,Call,7450.0,SPX260918C07450000,279.2,281.2,280.2,284.8,16.0,5.95238,5.0,48083.0,0.1512,0.7816,0.0009,6.3172,-1.6956,4.3898,279.2752,286.32,286.32,284.16,268.800003051758,up,2026-08-21T15:29:19,0.0,0.0
SPXW,2026-09-18,28,Call,7450.0,SPXW260918C07450000,278.3,283.7,281.0,313.24,0.0,0.0,0.0,336.0,0.1517,0.7789,0.0009,6.3896,-1.71,4.3732,280.1217,0.0,0.0,0.0,271.050003051758,down,2026-08-18T11:18:24,0.0,0.0
SPX,2026-09-18,28,Put,7450.0,SPX260918P07450000,39.7,40.4,40.05,39.91,-10.54,-20.892,640.0,49360.0,0.151,-0.2183,0.0009,6.3172,-1.6956,-1.3054,40.3012,41.95,43.24,37.95,50.4500007629394,up,2026-08-21T15:56:35,0.0,0.0
SPXW,2026-09-18,28,Put,7450.0,SPXW260918P07450000,40.9,41.2,41.05,41.12,-10.43,-20.2328,84.0,866.0,0.152,-0.2209,0.0009,6.3896,-1.71,-1.322,41.4112,44.14,45.0,39.3,51.5500011444092,up,2026-08-21T16:01:46,0.0,0.0
SPX,2026-09-18,28,Call,7455.0,SPX260918C07455000,274.9,277.1,276.0,357.32,0.0,0.0,0.0,4419.0,0.1506,0.7778,0.0009,6.3778,-1.7051,4.3706,275.022,0.0,0.0,0.0,265.049987792969,no_change,2026-08-17T14:59:00,0.0,0.0
SPXW,2026-09-18,28,Call,7455.0,SPXW260918C07455000,274.1,279.5,276.8,365.63,0.0,0.0,0.0,33.0,0.1512,0.7752,0.0009,6.4498,-1.7194,4.354,275.8802,0.0,0.0,0.0,266.900009155273,up,2026-08-07T09:53:04,0.0,0.0
SPX,2026-09-18,28,Put,7455.0,SPX260918P07455000,40.4,41.2,40.8,40.55,-10.8,-21.0321,2.0,4608.0,0.1503,-0.222,0.0009,6.3778,-1.7051,-1.3284,41.0313,42.65,42.65,40.55,51.3499984741211,down,2026-08-21T12:06:12,0.0,0.0
SPXW,2026-09-18,28,Put,7455.0,SPXW260918P07455000,41.6,42.0,41.8,46.6,-5.75,-10.9838,9.0,93.0,0.1513,-0.2247,0.0009,6.4498,-1.7194,-1.345,42.153,44.22,46.6,44.22,52.3500003814697,up,2026-08-21T09:54:14,0.0,0.0
SPX,2026-09-18,28,Call,7460.0,SPX260918C07460000,270.6,272.8,271.70000000000005,353.21,0.0,0.0,0.0,3644.0,0.1498,0.7739,0.001,6.4386,-1.7145,4.3509,270.7852,0.0,0.0,0.0,260.950012207031,no_change,2026-08-17T14:56:49,0.0,0.0
SPXW,2026-09-18,28,Call,7460.0,SPXW260918C07460000,269.9,275.2,272.54999999999995,304.76,0.0,0.0,0.0,27.0,0.1505,0.7713,0.0009,6.5101,-1.7286,4.3342,271.6551,0.0,0.0,0.0,261.949996948242,down,2026-08-18T11:18:24,0.0,0.0
SPX,2026-09-18,28,Put,7460.0,SPX260918P07460000,41.1,41.9,41.5,40.79,-11.41,-21.8582,5.0,4149.0,0.1496,-0.2259,0.001,6.4386,-1.7145,-1.3519,41.7778,43.38,43.38,40.39,52.2000007629394,down,2026-08-21T15:58:11,0.0,0.0
SPXW,2026-09-18,28,Put,7460.0,SPXW260918P07460000,42.4,42.7,42.55,41.7,-11.55,-21.6901,7.0,160.0,0.1505,-0.2286,0.0009,6.5101,-1.7286,-1.3686,42.9112,45.77,45.77,41.7,53.25,down,2026-08-21T15:33:25,0.0,0.0
SPX,2026-09-18,28,Call,7465.0,SPX260918C07465000,266.4,268.6,267.5,272.8,16.4,6.39626,2.0,4289.0,0.1491,0.77,0.001,6.4994,-1.7238,4.3307,266.5652,272.8,272.8,272.8,256.400001525879,down,2026-08-21T11:01:03,0.0,0.0
SPXW,2026-09-18,28,Call,7465.0,SPXW260918C07465000,265.7,271.0,268.35,163.5,0.0,0.0,0.0,12.0,0.1496,0.7674,0.001,6.5701,-1.7377,4.314,267.4468,0.0,0.0,0.0,257.849990844727,up,2026-07-31T09:50:49,0.0,0.0
SPX,2026-09-18,28,Put,7465.0,SPX260918P07465000,41.9,42.7,42.3,42.5,-10.55,-19.8869,8.0,5178.0,0.1489,-0.2298,0.001,6.4994,-1.7238,-1.376,42.5411,42.45,42.5,41.95,53.0499992370606,no_change,2026-08-21T15:55:20,0.0,0.0
SPXW,2026-09-18,28,Put,7465.0,SPXW260918P07465000,43.1,43.5,43.3,45.77,-8.38,-15.4755,1.0,125.0,0.1499,-0.2325,0.001,6.5701,-1.7377,-1.3926,43.6862,45.77,45.77,45.77,54.1499996185303,down,2026-08-21T09:31:38,0.0,0.0
SPX,2026-09-18,28,Call,7470.0,SPX260918C07470000,262.2,264.3,263.25,258.17,0.0,0.0,0.0,5308.0,0.1485,0.766,0.001,6.5599,-1.733,4.31,262.3625,0.0,0.0,0.0,252.699996948242,down,2026-08-20T15:16:05,0.0,0.0
SPXW,2026-09-18,28,Call,7470.0,SPXW260918C07470000,261.4,266.8,264.1,368.16,0.0,0.0,0.0,58.0,0.149,0.7634,0.001,6.6299,-1.7467,4.2934,263.2558,0.0,0.0,0.0,253.75,no_change,2026-08-14T14:31:38,0.0,0.0
SPX,2026-09-18,28,Put,7470.0,SPX260918P07470000,42.7,43.4,43.05,42.83,-11.12,-20.6117,4.0,5615.0,0.1483,-0.2338,0.001,6.5599,-1.733,-1.4005,43.3216,46.06,46.06,42.5,53.9500007629394,up,2026-08-21T15:53:05,0.0,0.0
SPXW,2026-09-18,28,Put,7470.0,SPXW260918P07470000,43.9,44.3,44.099999999999994,44.02,-11.03,-20.0363,32.0,143.0,0.1492,-0.2365,0.001,6.6299,-1.7467,-1.417,44.4784,44.59,45.14,42.4,55.0500011444092,down,2026-08-21T14:53:02,0.0,0.0
SPX,2026-09-18,28,Call,7475.0,SPX260918C07475000,258.0,260.1,259.05,291.66,0.0,0.0,0.0,9926.0,0.1478,0.7619,0.001,6.62,-1.7421,4.2889,258.1773,0.0,0.0,0.0,248.649993896484,down,2026-08-18T15:40:27,0.0,0.0
SPXW,2026-09-18,28,Call,7475.0,SPXW260918C07475000,257.3,262.6,259.95000000000005,323.96,0.0,0.0,0.0,334.0,0.1483,0.7593,0.001,6.6892,-1.7556,4.2724,259.0822,0.0,0.0,0.0,249.549995422363,no_change,2026-08-19T11:00:31,0.0,0.0
SPX,2026-09-18,28,Put,7475.0,SPX260918P07475000,43.4,44.2,43.8,42.38,-12.47,-22.7347,26.0,12116.0,0.1476,-0.2379,0.001,6.62,-1.7421,-1.4254,44.1197,48.9,48.9,42.2,54.8499984741211,down,2026-08-21T15:39:01,0.0,0.0
SPXW,2026-09-18,28,Put,7475.0,SPXW260918P07475000,44.7,45.1,44.900000000000006,44.04,-11.91,-21.2869,1.0,505.0,0.1485,-0.2405,0.001,6.6892,-1.7556,-1.4418,45.2881,44.04,44.04,44.04,55.9499988555908,down,2026-08-21T15:25:50,0.0,0.0
SPX,2026-09-18,28,Call,7480.0,SPX260918C07480000,253.8,256.0,254.9,251.75,7.2,2.94418,2.0,3329.0,0.1472,0.7578,0.001,6.6797,-1.751,4.2674,254.0101,251.75,251.75,251.75,244.550003051758,down,2026-08-21T10:50:17,0.0,0.0
SPXW,2026-09-18,28,Call,7480.0,SPXW260918C07480000,253.1,258.4,255.75,261.83,16.18,6.58661,3.0,100.0,0.1478,0.7552,0.001,6.7482,-1.7643,4.2511,254.9265,252.55,261.83,252.55,245.650001525879,up,2026-08-21T11:33:43,0.0,0.0
SPX,2026-09-18,28,Put,7480.0,SPX260918P07480000,44.3,45.0,44.65,43.93,-11.82,-21.2018,5.0,3984.0,0.1469,-0.2421,0.001,6.6797,-1.751,-1.4507,44.9358,46.75,46.75,43.32,55.75,down,2026-08-21T15:58:11,0.0,0.0
SPXW,2026-09-18,28,Put,7480.0,SPXW260918P07480000,45.5,45.9,45.7,44.87,-11.98,-21.073,11.0,189.0,0.1478,-0.2447,0.001,6.7482,-1.7643,-1.467,46.1158,49.35,49.35,43.6,56.8500003814697,down,2026-08-21T15:00:26,0.0,0.0
SPX,2026-09-18,28,Call,7485.0,SPX260918C07485000,249.7,251.8,250.75,378.3,0.0,0.0,0.0,4344.0,0.1464,0.7535,0.001,6.739,-1.7598,4.2457,249.8612,0.0,0.0,0.0,240.5,up,2026-08-13T10:03:10,0.0,0.0
SPXW,2026-09-18,28,Call,7485.0,SPXW260918C07485000,249.0,254.2,251.6,367.73,0.0,0.0,0.0,18.0,0.1471,0.751,0.001,6.8068,-1.7729,4.2295,250.789,0.0,0.0,0.0,241.650001525879,no_change,2026-08-13T14:04:28,0.0,0.0
SPX,2026-09-18,28,Put,7485.0,SPX260918P07485000,45.1,45.9,45.5,43.61,-13.09,-23.0864,149.0,4171.0,0.1463,-0.2463,0.001,6.739,-1.7598,-1.4762,45.7702,48.5,49.49,43.61,56.7000007629394,down,2026-08-21T11:45:00,0.0,0.0
SPXW,2026-09-18,28,Put,7485.0,SPXW260918P07485000,46.4,46.7,46.55,46.07,-11.73,-20.2941,12.0,166.0,0.1473,-0.2489,0.001,6.8067,-1.7729,-1.4924,46.9614,50.4,50.4,45.53,57.7999992370606,up,2026-08-21T13:11:30,0.0,0.0
SPX,2026-09-18,28,Call,7490.0,SPX260918C07490000,245.5,247.6,246.55,249.72,13.22,5.58985,1.0,5929.0,0.1458,0.7492,0.001,6.798,-1.7684,4.2236,245.7308,249.72,249.72,249.72,236.5,down,2026-08-21T11:32:01,0.0,0.0
SPXW,2026-09-18,28,Call,7490.0,SPXW260918C07490000,245.4,249.8,247.60000000000002,281.11,0.0,0.0,0.0,56.0,0.1464,0.7467,0.001,6.865,-1.7814,4.2076,246.67,0.0,0.0,0.0,237.600006103516,down,2026-08-18T10:12:01,0.0,0.0
SPX,2026-09-18,28,Put,7490.0,SPX260918P07490000,45.9,46.7,46.3,45.7,-11.95,-20.7285,16.0,5861.0,0.1456,-0.2506,0.001,6.798,-1.7684,-1.5021,46.6231,48.66,50.5,44.21,57.6500015258789,down,2026-08-21T15:52:30,0.0,0.0
SPXW,2026-09-18,28,Put,7490.0,SPXW260918P07490000,47.2,47.6,47.400000000000006,45.67,-13.08,-22.2638,46.0,440.0,0.1466,-0.2532,0.001,6.865,-1.7814,-1.5181,47.8257,48.91,51.76,44.6,58.75,down,2026-08-21T15:46:12,0.0,0.0
SPX,2026-09-18,28,Call,7495.0,SPX260918C07495000,241.4,243.5,242.45,291.9,0.0,0.0,0.0,5213.0,0.1452,0.7448,0.001,6.8567,-1.7769,4.2013,241.6193,0.0,0.0,0.0,232.099998474121,no_change,2026-08-19T10:37:01,0.0,0.0
SPXW,2026-09-18,28,Call,7495.0,SPXW260918C07495000,241.3,245.7,243.5,249.21,15.61,6.68236,602.0,21.0,0.1458,0.7423,0.001,6.9232,-1.7896,4.1854,242.5697,240.25,249.21,237.66,233.600006103516,up,2026-08-21T11:33:43,0.0,0.0
SPX,2026-09-18,28,Put,7495.0,SPX260918P07495000,46.8,47.6,47.2,46.55,-12.1,-20.6309,1.0,5343.0,0.1449,-0.255,0.001,6.8567,-1.7769,-1.5283,47.4949,46.55,46.55,46.55,58.6499996185303,down,2026-08-21T12:22:26,0.0,0.0
SPXW,2026-09-18,28,Put,7495.0,SPXW260918P07495000,48.1,48.4,48.25,46.6,-11.05,-18.4937,602.0,108.0,0.1459,-0.2576,0.001,6.9232,-1.7896,-1.5441,48.7087,51.91,51.91,46.6,59.75,down,2026-08-21T15:38:24,0.0,0.0
SPX,2026-09-18,28,Call,7500.0,SPX260918C07500000,237.5,239.3,238.4,242.51,14.01,6.13129,120.0,61447.0,0.1444,0.7404,0.0011,6.9153,-1.7851,4.1785,237.5271,234.9,254.1,234.9,228.5,up,2026-08-21T15:31:52,0.0,0.0
SPXW,2026-09-18,28,Call,7500.0,SPXW260918C07500000,237.2,241.6,239.39999999999998,242.71,13.06,5.68691,17.0,685.0,0.1451,0.7378,0.001,6.9812,-1.7977,4.1627,238.4885,231.29,242.71,231.29,229.650001525879,no_change,2026-08-21T15:35:18,0.0,0.0
SPX,2026-09-18,28,Put,7500.0,SPX260918P07500000,47.7,48.4,48.05,47.76,-11.89,-19.9329,2947.0,82811.0,0.1442,-0.2594,0.0011,6.9153,-1.7851,-1.5549,48.3859,50.44,53.4,45.3,59.6499996185303,up,2026-08-21T15:53:23,0.0,0.0
SPXW,2026-09-18,28,Put,7500.0,SPXW260918P07500000,49.0,49.3,49.15,49.4,-11.35,-18.6831,176.0,2012.0,0.1453,-0.262,0.001,6.9812,-1.7977,-1.5706,49.6109,50.64,53.78,46.2,60.75,up,2026-08-21T16:02:04,0.0,0.0
SPX,2026-09-18,28,Call,7505.0,SPX260918C07505000,233.1,235.4,234.25,237.93,13.43,5.98218,1.0,2819.0,0.1438,0.7358,0.0011,6.9739,-1.7932,4.1552,233.4545,237.93,237.93,237.93,224.5,down,2026-08-21T11:01:49,0.0,0.0
SPXW,2026-09-18,28,Call,7505.0,SPXW260918C07505000,233.1,237.6,235.35,270.15,0.0,0.0,0.0,62.0,0.1444,0.7333,0.0011,7.0393,-1.8056,4.1395,234.427,0.0,0.0,0.0,225.650001525879,down,2026-08-18T14:43:07,0.0,0.0
SPX,2026-09-18,28,Put,7505.0,SPX260918P07505000,48.6,49.3,48.95,60.68,0.0,0.0,0.0,3085.0,0.1436,-0.264,0.0011,6.9739,-1.7932,-1.582,49.2967,0.0,0.0,0.0,60.6499996185303,up,2026-08-20T15:05:05,0.0,0.0
SPXW,2026-09-18,28,Put,7505.0,SPXW260918P07505000,49.9,50.2,50.05,47.8,-13.95,-22.5911,12.0,156.0,0.1445,-0.2665,0.0011,7.0393,-1.8056,-1.5977,50.5326,53.9,54.95,47.8,61.75,down,2026-08-21T11:42:27,0.0,0.0
SPX,2026-09-18,28,Call,7510.0,SPX260918C07510000,229.2,231.2,230.2,240.35,0.0,0.0,0.0,5865.0,0.1429,0.7312,0.0011,7.0325,-1.8012,4.1314,229.4021,0.0,0.0,0.0,220.449996948242,down,2026-08-20T11:42:19,0.0,0.0
SPXW,2026-09-18,28,Call,7510.0,SPXW260918C07510000,229.1,233.5,231.3,225.8,4.4,1.98735,15.0,116.0,0.1437,0.7287,0.0011,7.0974,-1.8133,4.1157,230.3856,225.8,225.8,225.8,221.400001525879,down,2026-08-21T10:20:10,0.0,0.0
SPX,2026-09-18,28,Put,7510.0,SPX260918P07510000,49.5,50.3,49.9,49.2,-12.5,-20.2593,34.0,5930.0,0.143,-0.2686,0.0011,7.0325,-1.8012,-1.6097,50.2275,53.55,54.09,48.0,61.7000007629394,up,2026-08-21T15:52:30,0.0,0.0
SPXW,2026-09-18,28,Put,7510.0,SPXW260918P07510000,50.8,51.2,51.0,50.54,-12.31,-19.5863,15.0,191.0,0.1439,-0.2711,0.0011,7.0974,-1.8133,-1.6253,51.4745,53.7,54.6,50.54,62.8500003814697,down,2026-08-21T13:13:21,0.0,0.0
SPX,2026-09-18,28,Call,7515.0,SPX260918C07515000,225.0,227.2,226.1,240.47,23.87,11.0203,2.0,3896.0,0.1424,0.7265,0.0011,7.0911,-1.8089,4.1068,225.3704,240.47,240.47,240.47,216.599998474121,down,2026-08-21T11:41:12,0.0,0.0
SPXW,2026-09-18,28,Call,7515.0,SPXW260918C07515000,225.1,229.5,227.3,331.8,0.0,0.0,0.0,51.0,0.1434,0.724,0.0011,7.1555,-1.8208,4.0912,226.3649,0.0,0.0,0.0,217.800003051758,up,2026-08-14T14:17:06,0.0,0.0
SPX,2026-09-18,28,Put,7515.0,SPX260918P07515000,50.4,51.2,50.8,48.06,-14.69,-23.4104,4.0,4376.0,0.1422,-0.2733,0.0011,7.0911,-1.8089,-1.638,51.1791,53.65,53.65,48.06,62.75,down,2026-08-21T11:41:12,0.0,0.0
SPXW,2026-09-18,28,Put,7515.0,SPXW260918P07515000,51.8,52.1,51.95,51.1,-12.75,-19.9687,17.0,668.0,0.1432,-0.2758,0.0011,7.1555,-1.8208,-1.6536,52.4371,56.95,56.95,51.1,63.8500003814697,down,2026-08-21T15:24:09,0.0,0.0
SPX,2026-09-18,28,Call,7520.0,SPX260918C07520000,221.1,223.1,222.1,232.39,0.0,0.0,0.0,5538.0,0.1418,0.7217,0.0011,7.1496,-1.8164,4.0816,221.36,0.0,0.0,0.0,212.599998474121,down,2026-08-20T12:13:19,0.0,0.0
SPXW,2026-09-18,28,Call,7520.0,SPXW260918C07520000,221.0,225.5,223.25,211.09,0.0,0.0,0.0,44.0,0.1424,0.7193,0.0011,7.2134,-1.8281,4.066,222.3654,0.0,0.0,0.0,213.800003051758,down,2026-08-20T15:54:52,0.0,0.0
SPX,2026-09-18,28,Put,7520.0,SPX260918P07520000,51.4,52.2,51.8,51.3,-12.55,-19.6554,83.0,5921.0,0.1416,-0.2781,0.0011,7.1496,-1.8164,-1.6671,52.152,54.41,54.41,51.3,63.8499984741211,down,2026-08-21T15:52:42,0.0,0.0
SPXW,2026-09-18,28,Put,7520.0,SPXW260918P07520000,52.7,53.1,52.900000000000006,51.99,-12.96,-19.9538,9.0,329.0,0.1426,-0.2806,0.0011,7.2134,-1.8281,-1.6827,53.4209,50.74,52.06,50.74,64.9500007629394,down,2026-08-21T15:00:21,0.0,0.0
SPX,2026-09-18,28,Call,7525.0,SPX260918C07525000,217.1,219.1,218.1,212.54,0.0,0.0,0.0,7604.0,0.1411,0.7169,0.0011,7.2078,-1.8236,4.0557,217.3715,0.0,0.0,0.0,208.700004577637,down,2026-08-20T14:19:22,0.0,0.0
SPXW,2026-09-18,28,Call,7525.0,SPXW260918C07525000,217.1,221.5,219.3,259.33,0.0,0.0,0.0,212.0,0.1417,0.7144,0.0011,7.2708,-1.8351,4.0401,218.3879,0.0,0.0,0.0,210.0,down,2026-08-18T09:30:03,0.0,0.0
SPX,2026-09-18,28,Put,7525.0,SPX260918P07525000,52.4,53.2,52.8,52.1,-12.85,-19.7845,166.0,5665.0,0.141,-0.283,0.0011,7.2078,-1.8236,-1.6968,53.1468,53.3,53.6,51.9,64.9500007629394,up,2026-08-21T15:52:45,0.0,0.0
SPXW,2026-09-18,28,Put,7525.0,SPXW260918P07525000,53.7,54.1,53.900000000000006,51.67,-14.38,-21.7714,13.0,413.0,0.1419,-0.2854,0.0011,7.2708,-1.8351,-1.7124,54.4267,58.55,58.55,51.67,66.0499992370606,down,2026-08-21T15:45:09,0.0,0.0
SPX,2026-09-18,28,Call,7530.0,SPX260918C07530000,213.1,215.1,214.1,209.97,0.0,0.0,0.0,8256.0,0.1403,0.7119,0.0012,7.2655,-1.8306,4.0291,213.4057,0.0,0.0,0.0,204.800003051758,down,2026-08-20T14:49:22,0.0,0.0
SPXW,2026-09-18,28,Call,7530.0,SPXW260918C07530000,213.1,217.5,215.3,209.78,3.68,1.78554,6.0,54.0,0.141,0.7095,0.0011,7.3276,-1.8419,4.0136,214.4329,209.77,209.78,209.77,206.099998474121,up,2026-08-21T10:20:25,0.0,0.0
SPX,2026-09-18,28,Put,7530.0,SPX260918P07530000,53.2,54.2,53.7,53.2,-12.85,-19.455,5.0,8660.0,0.1403,-0.2879,0.0012,7.2655,-1.8306,-1.7273,54.1642,59.44,59.44,53.2,66.0499992370606,no_change,2026-08-21T15:52:40,0.0,0.0
SPXW,2026-09-18,28,Put,7530.0,SPXW260918P07530000,54.7,55.1,54.900000000000006,53.92,-13.28,-19.7619,6.0,137.0,0.1412,-0.2904,0.0011,7.3276,-1.8419,-1.7426,55.4549,59.79,59.79,52.57,67.2000007629394,down,2026-08-21T15:00:05,0.0,0.0
SPX,2026-09-18,28,Call,7535.0,SPX260918C07535000,209.2,211.2,210.2,198.89,0.0,0.0,0.0,6199.0,0.1398,0.7069,0.0012,7.3224,-1.8374,4.0019,209.4629,0.0,0.0,0.0,201.0,down,2026-08-20T15:54:54,0.0,0.0
SPXW,2026-09-18,28,Call,7535.0,SPXW260918C07535000,209.1,213.6,211.35,244.99,0.0,0.0,0.0,57.0,0.1406,0.7045,0.0012,7.3836,-1.8484,3.9867,210.5008,0.0,0.0,0.0,202.25,no_change,2026-08-19T16:13:17,0.0,0.0
SPX,2026-09-18,28,Put,7535.0,SPX260918P07535000,54.4,55.2,54.8,54.33,-12.87,-19.1518,4.0,5566.0,0.1396,-0.293,0.0012,7.3224,-1.8374,-1.7582,55.2047,59.33,59.33,52.3,67.2000007629394,up,2026-08-21T15:16:56,0.0,0.0
SPXW,2026-09-18,28,Put,7535.0,SPXW260918P07535000,55.8,56.2,56.0,55.7,-12.65,-18.5077,2.0,66.0,0.1406,-0.2954,0.0012,7.3836,-1.8484,-1.7734,56.506,60.65,60.65,55.7,68.3499984741211,down,2026-08-21T11:32:34,0.0,0.0
SPX,2026-09-18,28,Call,7540.0,SPX260918C07540000,205.2,207.2,206.2,220.47,23.27,11.8002,1.0,6597.0,0.1392,0.7017,0.0012,7.3783,-1.8438,3.9743,205.5437,220.47,220.47,220.47,197.200004577637,up,2026-08-21T11:41:25,0.0,0.0
SPXW,2026-09-18,28,Call,7540.0,SPXW260918C07540000,205.2,209.7,207.45,204.44,0.0,0.0,0.0,67.0,0.1399,0.6994,0.0012,7.4386,-1.8547,3.9594,206.5921,0.0,0.0,0.0,198.400001525879,down,2026-08-20T14:05:43,0.0,0.0
SPX,2026-09-18,28,Put,7540.0,SPX260918P07540000,55.4,56.3,55.849999999999994,55.3,-13.05,-19.0929,4.0,5502.0,0.139,-0.2981,0.0012,7.3783,-1.8438,-1.7896,56.2689,60.48,60.48,52.71,68.3499984741211,up,2026-08-21T15:52:40,0.0,0.0
SPXW,2026-09-18,28,Put,7540.0,SPXW260918P07540000,56.8,57.2,57.0,57.26,-12.24,-17.6115,14.0,201.0,0.14,-0.3005,0.0012,7.4386,-1.8547,-1.8046,57.5808,60.44,60.44,54.57,69.5,down,2026-08-21T16:09:28,0.0,0.0
SPX,2026-09-18,28,Call,7545.0,SPX260918C07545000,201.3,203.3,202.3,195.65,0.0,0.0,0.0,9572.0,0.1386,0.6965,0.0012,7.4333,-1.85,3.9464,201.6485,0.0,0.0,0.0,193.450004577637,down,2026-08-20T14:59:53,0.0,0.0
SPXW,2026-09-18,28,Call,7545.0,SPXW260918C07545000,201.3,205.8,203.55,263.9,0.0,0.0,0.0,1903.0,0.1392,0.6942,0.0012,7.4926,-1.8607,3.9317,202.7073,0.0,0.0,0.0,194.649993896484,down,2026-08-06T12:04:50,0.0,0.0
SPX,2026-09-18,28,Put,7545.0,SPX260918P07545000,56.4,57.3,56.849999999999994,60.5,-9.05,-13.0122,13.0,9948.0,0.1383,-0.3033,0.0012,7.4333,-1.85,-1.8214,57.357,60.5,60.5,60.5,69.5499992370606,no_change,2026-08-21T10:18:35,0.0,0.0
SPXW,2026-09-18,28,Put,7545.0,SPXW260918P07545000,57.9,58.3,58.099999999999994,58.32,-12.38,-17.5106,3.0,1838.0,0.1394,-0.3056,0.0012,7.4926,-1.8607,-1.836,58.6792,61.65,61.65,58.32,70.7000007629394,down,2026-08-21T13:37:51,0.0,0.0
SPX,2026-09-18,28,Call,7550.0,SPX260918C07550000,197.6,199.3,198.45,204.3,14.65,7.72476,3.0,36680.0,0.1378,0.6912,0.0012,7.4871,-1.8559,3.9181,197.7778,204.3,204.3,204.3,189.650001525879,up,2026-08-21T15:08:26,0.0,0.0
SPXW,2026-09-18,28,Call,7550.0,SPXW260918C07550000,199.4,200.0,199.7,200.72,9.82,5.14405,20.0,2570.0,0.1388,0.6889,0.0012,7.5456,-1.8664,3.9038,198.8466,200.72,200.72,200.72,190.900001525879,up,2026-08-21T14:03:10,0.0,0.0
SPX,2026-09-18,28,Put,7550.0,SPX260918P07550000,57.5,58.3,57.9,57.4,-13.35,-18.8693,626.0,45887.0,0.1376,-0.3086,0.0012,7.4871,-1.8559,-1.8535,58.4695,61.95,64.01,55.0,70.75,up,2026-08-21T15:52:40,0.0,0.0
SPXW,2026-09-18,28,Put,7550.0,SPXW260918P07550000,59.0,59.4,59.2,59.5,-12.45,-17.3037,329.0,2656.0,0.1387,-0.3109,0.0012,7.5456,-1.8664,-1.8678,59.8018,62.1,64.17,55.95,71.9500007629394,up,2026-08-21T16:03:27,0.0,0.0
SPX,2026-09-18,28,Call,7555.0,SPX260918C07555000,193.6,195.5,194.55,184.69,0.0,0.0,0.0,5416.0,0.1372,0.6858,0.0012,7.54,-1.8615,3.8895,193.9317,0.0,0.0,0.0,185.950004577637,down,2026-08-20T15:54:47,0.0,0.0
SPXW,2026-09-18,28,Call,7555.0,SPXW260918C07555000,195.6,196.1,195.85,196.76,9.56,5.10684,20.0,33.0,0.1381,0.6836,0.0012,7.5976,-1.8718,3.8755,195.0103,196.77,196.77,196.76,187.199996948242,down,2026-08-21T14:03:10,0.0,0.0
SPX,2026-09-18,28,Put,7555.0,SPX260918P07555000,58.6,59.5,59.05,58.8,-13.15,-18.2766,1.0,5465.0,0.137,-0.314,0.0012,7.54,-1.8615,-1.8859,59.6067,58.8,58.8,58.8,71.9500007629394,down,2026-08-21T15:06:39,0.0,0.0
SPXW,2026-09-18,28,Put,7555.0,SPXW260918P07555000,60.2,60.5,60.35,61.62,-11.53,-15.7621,13.0,72.0,0.138,-0.3163,0.0012,7.5976,-1.8718,-1.8999,60.9489,60.05,61.62,59.3,73.1500015258789,up,2026-08-21T14:30:11,0.0,0.0
SPX,2026-09-18,28,Call,7560.0,SPX260918C07560000,189.7,191.7,190.7,204.3,0.0,0.0,0.0,6484.0,0.1366,0.6803,0.0012,7.592,-1.8668,3.8605,190.1108,0.0,0.0,0.0,182.150001525879,down,2026-08-20T12:39:34,0.0,0.0
SPXW,2026-09-18,28,Call,7560.0,SPXW260918C07560000,191.8,192.3,192.05,187.07,3.67,2.00109,15.0,68.0,0.1375,0.6781,0.0012,7.6489,-1.8769,3.8468,191.199,187.07,187.07,187.07,183.400001525879,down,2026-08-21T10:20:10,0.0,0.0
SPX,2026-09-18,28,Put,7560.0,SPX260918P07560000,59.7,60.7,60.2,59.6,-13.65,-18.6348,18.0,6541.0,0.1364,-0.3195,0.0012,7.592,-1.8668,-1.9187,60.7691,59.63,59.63,58.6,73.25,no_change,2026-08-21T15:52:40,0.0,0.0
SPXW,2026-09-18,28,Put,7560.0,SPXW260918P07560000,61.3,61.7,61.5,58.68,-15.77,-21.182,20.0,115.0,0.1373,-0.3217,0.0012,7.6489,-1.8769,-1.9324,62.1209,61.25,61.25,58.1,74.4500007629394,no_change,2026-08-21T15:49:19,0.0,0.0
SPX,2026-09-18,28,Call,7565.0,SPX260918C07565000,185.8,187.9,186.85000000000002,217.11,0.0,0.0,0.0,7565.0,0.1359,0.6748,0.0012,7.6433,-1.8718,3.831,186.3156,0.0,0.0,0.0,178.5,no_change,2026-08-18T13:59:02,0.0,0.0
SPXW,2026-09-18,28,Call,7565.0,SPXW260918C07565000,188.0,188.5,188.25,225.0,0.0,0.0,0.0,520.0,0.1368,0.6726,0.0012,7.6994,-1.8816,3.8175,187.4132,0.0,0.0,0.0,179.800003051758,down,2026-08-18T12:03:50,0.0,0.0
SPX,2026-09-18,28,Put,7565.0,SPX260918P07565000,60.9,61.9,61.4,64.86,-9.69,-12.998,10.0,7445.0,0.1358,-0.3251,0.0012,7.6433,-1.8718,-1.952,61.9572,64.86,64.86,64.86,74.5499992370606,up,2026-08-21T09:51:07,0.0,0.0
SPXW,2026-09-18,28,Put,7565.0,SPXW260918P07565000,62.5,62.9,62.7,60.77,-14.98,-19.7756,20.0,41.0,0.1367,-0.3272,0.0012,7.6995,-1.8816,-1.9655,63.3184,58.9,60.77,58.9,75.75,up,2026-08-21T12:02:24,0.0,0.0
SPX,2026-09-18,28,Call,7570.0,SPX260918C07570000,182.2,184.1,183.14999999999998,181.43,0.0,0.0,0.0,5147.0,0.1352,0.6691,0.0013,7.6939,-1.8764,3.8009,182.5466,0.0,0.0,0.0,174.799995422363,down,2026-08-20T14:04:04,0.0,0.0
SPXW,2026-09-18,28,Call,7570.0,SPXW260918C07570000,184.3,184.7,184.5,193.57,17.37,9.85812,7.0,143.0,0.1363,0.667,0.0012,7.7494,-1.8861,3.7875,183.6535,179.31,193.57,179.3,176.199996948242,up,2026-08-21T12:08:30,0.0,0.0
SPX,2026-09-18,28,Put,7570.0,SPX260918P07570000,62.1,63.1,62.6,59.8,-16.05,-21.1602,3.0,5224.0,0.1351,-0.3308,0.0013,7.6939,-1.8764,-1.986,63.1714,68.93,68.93,59.8,75.8499984741211,no_change,2026-08-21T15:48:12,0.0,0.0
SPXW,2026-09-18,28,Put,7570.0,SPXW260918P07570000,63.7,64.1,63.9,62.38,-14.62,-18.987,2.0,105.0,0.1361,-0.3329,0.0012,7.7494,-1.8861,-1.9993,64.5418,62.55,62.55,62.38,77.0,down,2026-08-21T15:42:25,0.0,0.0
SPX,2026-09-18,28,Call,7575.0,SPX260918C07575000,178.4,180.2,179.3,181.86,10.66,6.22663,13.0,11829.0,0.1346,0.6633,0.0013,7.7438,-1.8807,3.77,178.8045,172.77,181.86,172.77,171.200004577637,up,2026-08-21T11:23:20,0.0,0.0
SPXW,2026-09-18,28,Call,7575.0,SPXW260918C07575000,180.4,181.0,180.7,185.4,12.9,7.47826,10.0,331.0,0.1356,0.6613,0.0013,7.7986,-1.8902,3.7568,179.9207,183.07,189.9,183.07,172.5,up,2026-08-21T15:51:04,0.0,0.0
SPX,2026-09-18,28,Put,7575.0,SPX260918P07575000,63.4,64.3,63.849999999999994,63.5,-13.75,-17.7994,1131.0,10893.0,0.1344,-0.3365,0.0013,7.7438,-1.8807,-2.0207,64.4127,68.88,68.88,63.5,77.25,down,2026-08-21T15:06:39,0.0,0.0
SPXW,2026-09-18,28,Put,7575.0,SPXW260918P07575000,65.0,65.3,65.15,62.65,-15.75,-20.0893,179.0,2165.0,0.1356,-0.3386,0.0013,7.7986,-1.8902,-2.0339,65.7924,67.22,69.0,62.0,78.3999977111816,down,2026-08-21T15:47:04,0.0,0.0
SPX,2026-09-18,28,Call,7580.0,SPX260918C07580000,174.7,176.5,175.6,175.4,7.85,4.68517,1.0,5977.0,0.134,0.6575,0.0013,7.7929,-1.8846,3.7382,175.0902,175.4,175.4,175.4,167.549995422363,down,2026-08-21T14:19:43,0.0,0.0
SPXW,2026-09-18,28,Call,7580.0,SPXW260918C07580000,176.8,177.3,177.05,182.25,13.35,7.90408,605.0,288.0,0.1349,0.6555,0.0013,7.8469,-1.8939,3.7252,176.2153,174.75,182.25,172.12,168.900001525879,up,2026-08-21T15:38:44,0.0,0.0
SPX,2026-09-18,28,Put,7580.0,SPX260918P07580000,64.6,65.6,65.1,64.4,-14.15,-18.014,9.0,5837.0,0.1338,-0.3424,0.0013,7.7929,-1.8846,-2.0563,65.6816,68.88,68.88,64.3,78.5499992370606,up,2026-08-21T15:52:40,0.0,0.0
SPXW,2026-09-18,28,Put,7580.0,SPXW260918P07580000,66.2,66.6,66.4,66.64,-13.16,-16.4912,33.0,284.0,0.1348,-0.3444,0.0013,7.847,-1.8939,-2.0693,67.0703,68.8,71.0,63.3,79.7999992370606,up,2026-08-21T16:09:28,0.0,0.0
SPX,2026-09-18,28,Call,7585.0,SPX260918C07585000,171.0,172.8,171.9,225.69,0.0,0.0,0.0,6102.0,0.1333,0.6516,0.0013,7.841,-1.8882,3.7056,171.4044,0.0,0.0,0.0,164.0,down,2026-08-19T11:11:30,0.0,0.0
SPXW,2026-09-18,28,Call,7585.0,SPXW260918C07585000,173.0,173.6,173.3,178.5,13.2,7.98548,2.0,32.0,0.1344,0.6496,0.0013,7.8942,-1.8972,3.6929,172.5385,174.75,178.5,174.75,165.300003051758,up,2026-08-21T15:38:44,0.0,0.0
SPX,2026-09-18,28,Put,7585.0,SPX260918P07585000,65.8,66.8,66.3,66.0,-13.95,-17.4484,107.0,6114.0,0.1334,-0.3483,0.0013,7.841,-1.8882,-2.0927,66.9791,71.46,71.46,64.95,79.9500007629394,up,2026-08-21T15:06:39,0.0,0.0
SPXW,2026-09-18,28,Put,7585.0,SPXW260918P07585000,67.5,67.9,67.7,67.45,-13.75,-16.9335,47.0,207.0,0.1342,-0.3502,0.0013,7.8942,-1.8972,-2.1054,68.3767,71.79,71.79,63.8,81.2000007629394,up,2026-08-21T13:30:10,0.0,0.0
SPX,2026-09-18,28,Call,7590.0,SPX260918C07590000,167.3,169.1,168.2,171.19,10.74,6.69367,20.0,10248.0,0.1327,0.6455,0.0013,7.8878,-1.8913,3.6724,167.7479,171.19,171.19,171.19,160.450004577637,no_change,2026-08-21T14:57:59,0.0,0.0
SPXW,2026-09-18,28,Call,7590.0,SPXW260918C07590000,169.4,169.9,169.65,178.62,16.82,10.3955,1.0,51.0,0.1337,0.6436,0.0013,7.9402,-1.9001,3.6599,168.8906,178.62,178.62,178.62,161.800003051758,up,2026-08-21T12:08:30,0.0,0.0
SPX,2026-09-18,28,Put,7590.0,SPX260918P07590000,67.1,68.1,67.6,64.7,-16.75,-20.5648,44.0,10494.0,0.1327,-0.3543,0.0013,7.8878,-1.8913,-2.1298,68.3059,69.45,72.5,64.7,81.4500007629394,no_change,2026-08-21T15:48:12,0.0,0.0
SPXW,2026-09-18,28,Put,7590.0,SPXW260918P07590000,68.8,69.2,69.0,68.25,-14.35,-17.3729,38.0,207.0,0.1336,-0.3562,0.0013,7.9402,-1.9001,-2.1422,69.7121,73.43,73.43,68.25,82.6000022888184,down,2026-08-21T15:20:44,0.0,0.0
SPX,2026-09-18,28,Call,7595.0,SPX260918C07595000,164.1,165.3,164.7,207.15,0.0,0.0,0.0,6368.0,0.1319,0.6394,0.0013,7.9331,-1.894,3.6385,164.1214,0.0,0.0,0.0,156.900001525879,down,2026-08-19T09:57:24,0.0,0.0
SPXW,2026-09-18,28,Call,7595.0,SPXW260918C07595000,165.8,166.4,166.10000000000002,217.31,0.0,0.0,0.0,96.0,0.1331,0.6376,0.0013,7.9846,-1.9026,3.6264,165.2725,0.0,0.0,0.0,158.199996948242,up,2026-08-19T12:08:32,0.0,0.0
SPX,2026-09-18,28,Put,7595.0,SPX260918P07595000,68.5,69.5,69.0,68.5,-14.35,-17.3205,27.0,6732.0,0.1321,-0.3604,0.0013,7.9331,-1.894,-2.1675,69.6627,68.4,70.0,65.6,82.8499984741211,down,2026-08-21T15:57:17,0.0,0.0
SPXW,2026-09-18,28,Put,7595.0,SPXW260918P07595000,70.2,70.6,70.4,70.08,-14.12,-16.7696,11.0,245.0,0.1329,-0.3623,0.0013,7.9846,-1.9026,-2.1795,71.0771,73.38,73.38,66.75,84.2000007629394,down,2026-08-21T13:30:10,0.0,0.0
SPX,2026-09-18,28,Call,7600.0,SPX260918C07600000,160.7,161.7,161.2,161.0,7.6,4.95437,156.0,54294.0,0.1313,0.6332,0.0014,7.9767,-1.8963,3.6043,160.5254,158.8,172.2,157.84,153.400001525879,no_change,2026-08-21T16:02:45,0.0,0.0
SPXW,2026-09-18,28,Call,7600.0,SPXW260918C07600000,162.2,162.8,162.5,161.82,7.02,4.53488,28.0,3618.0,0.1325,0.6314,0.0013,8.0272,-1.9047,3.5926,161.6845,159.4,179.56,158.53,154.800003051758,down,2026-08-21T14:46:25,0.0,0.0
SPX,2026-09-18,28,Put,7600.0,SPX260918P07600000,69.9,70.9,70.4,71.0,-13.35,-15.8269,684.0,55688.0,0.1315,-0.3666,0.0014,7.9767,-1.8963,-2.2055,71.05,74.64,76.51,66.3,84.3499984741211,up,2026-08-21T16:13:40,0.0,0.0
SPXW,2026-09-18,28,Put,7600.0,SPXW260918P07600000,71.6,72.0,71.8,69.5,-16.15,-18.8558,249.0,3259.0,0.1323,-0.3684,0.0013,8.0272,-1.9047,-2.2171,72.4727,78.8,78.8,68.0,85.6500015258789,up,2026-08-21T15:50:00,0.0,0.0
SPX,2026-09-18,28,Call,7605.0,SPX260918C07605000,157.1,158.1,157.6,265.84,0.0,0.0,0.0,8378.0,0.1307,0.6269,0.0014,8.0184,-1.8981,3.5698,156.9604,0.0,0.0,0.0,150.049995422363,down,2026-08-13T14:20:26,0.0,0.0
SPXW,2026-09-18,28,Call,7605.0,SPXW260918C07605000,158.6,159.1,158.85,160.24,8.84,5.83884,1.0,194.0,0.1318,0.6252,0.0014,8.0681,-1.9064,3.5586,158.1272,160.24,160.24,160.24,151.400001525879,down,2026-08-21T13:45:04,0.0,0.0
SPX,2026-09-18,28,Put,7605.0,SPX260918P07605000,71.3,72.3,71.8,71.1,-14.8,-17.2293,20.0,8697.0,0.1309,-0.373,0.0014,8.0184,-1.8981,-2.2438,72.4683,77.1,77.1,71.1,85.9000015258789,down,2026-08-21T15:06:00,0.0,0.0
SPXW,2026-09-18,28,Put,7605.0,SPXW260918P07605000,73.0,73.4,73.2,75.23,-11.92,-13.6776,19.0,313.0,0.1317,-0.3747,0.0014,8.0682,-1.9064,-2.255,73.8987,77.65,77.65,72.78,87.1500015258789,up,2026-08-21T14:30:50,0.0,0.0
SPX,2026-09-18,28,Call,7610.0,SPX260918C07610000,153.4,154.5,153.95,158.7,12.1,8.25375,6.0,9037.0,0.13,0.6205,0.0014,8.0584,-1.8995,3.535,153.4269,153.35,158.9,153.35,146.599998474121,down,2026-08-21T15:51:52,0.0,0.0
SPXW,2026-09-18,28,Call,7610.0,SPXW260918C07610000,155.1,155.6,155.35,142.9,0.0,0.0,0.0,210.0,0.1312,0.6188,0.0014,8.1073,-1.9076,3.5243,154.601,0.0,0.0,0.0,147.949996948242,down,2026-08-20T15:58:10,0.0,0.0
SPX,2026-09-18,28,Put,7610.0,SPX260918P07610000,72.6,73.7,73.15,72.5,-14.95,-17.0955,34.0,4886.0,0.1302,-0.3793,0.0014,8.0584,-1.8995,-2.2824,73.918,74.85,74.85,70.76,87.4500007629394,up,2026-08-21T15:52:42,0.0,0.0
SPXW,2026-09-18,28,Put,7610.0,SPXW260918P07610000,74.4,74.8,74.6,73.73,-14.97,-16.8771,25.0,132.0,0.1311,-0.381,0.0014,8.1073,-1.9076,-2.2931,75.3557,78.6,78.6,70.48,88.7000007629394,up,2026-08-21T13:15:21,0.0,0.0
SPX,2026-09-18,28,Call,7615.0,SPX260918C07615000,149.9,151.0,150.45,137.8,0.0,0.0,0.0,5868.0,0.1294,0.614,0.0014,8.0966,-1.9004,3.4999,149.9252,0.0,0.0,0.0,143.199996948242,down,2026-08-20T15:57:51,0.0,0.0
SPXW,2026-09-18,28,Call,7615.0,SPXW260918C07615000,151.6,152.1,151.85,158.74,14.24,9.85467,5.0,665.0,0.1306,0.6124,0.0014,8.1448,-1.9084,3.4896,151.1064,158.74,158.74,158.74,144.5,down,2026-08-21T11:35:26,0.0,0.0
SPX,2026-09-18,28,Put,7615.0,SPX260918P07615000,74.2,75.2,74.7,74.2,-14.85,-16.676,9.0,5863.0,0.1296,-0.3858,0.0014,8.0966,-1.9004,-2.3213,75.3996,74.0,74.2,74.0,89.0499992370606,no_change,2026-08-21T15:06:57,0.0,0.0
SPXW,2026-09-18,28,Put,7615.0,SPXW260918P07615000,75.9,76.3,76.1,76.3,-14.0,-15.5039,13.0,183.0,0.1305,-0.3874,0.0014,8.1448,-1.9084,-2.3316,76.8444,76.24,78.28,76.2,90.2999992370606,down,2026-08-21T16:03:37,0.0,0.0
SPX,2026-09-18,28,Call,7620.0,SPX260918C07620000,146.5,147.6,147.05,151.73,11.88,8.49482,8.0,5280.0,0.1288,0.6074,0.0014,8.1332,-1.9009,3.4643,146.456,144.86,151.73,144.86,139.849998474121,no_change,2026-08-21T15:44:05,0.0,0.0
SPXW,2026-09-18,28,Call,7620.0,SPXW260918C07620000,148.1,148.6,148.35,153.78,12.58,8.90935,46.0,412.0,0.13,0.6059,0.0014,8.1808,-1.9087,3.4543,147.6439,145.5,153.78,145.5,141.199996948242,up,2026-08-21T13:10:48,0.0,0.0
SPX,2026-09-18,28,Put,7620.0,SPX260918P07620000,75.6,76.7,76.15,75.3,-15.35,-16.9333,2.0,5719.0,0.129,-0.3924,0.0014,8.1332,-1.9009,-2.3608,76.9137,81.16,81.16,75.3,90.6500015258789,down,2026-08-21T15:52:40,0.0,0.0
SPXW,2026-09-18,28,Put,7620.0,SPXW260918P07620000,77.4,77.8,77.6,78.12,-13.83,-15.0408,24.0,164.0,0.1298,-0.3939,0.0014,8.1808,-1.9087,-2.3707,78.3651,78.5,79.17,74.3,91.9500007629394,down,2026-08-21T16:09:35,0.0,0.0
SPX,2026-09-18,28,Call,7625.0,SPX260918C07625000,143.1,144.1,143.6,144.71,8.21,6.01465,3.0,6134.0,0.1282,0.6008,0.0014,8.1683,-1.9009,3.428,143.0199,141.3,154.78,141.3,136.5,down,2026-08-21T13:42:56,0.0,0.0
SPXW,2026-09-18,28,Call,7625.0,SPXW260918C07625000,144.7,145.1,144.89999999999998,147.4,9.5,6.88905,11.0,561.0,0.1294,0.5993,0.0014,8.2151,-1.9086,3.4184,144.2142,147.08,161.43,147.08,137.900001525879,down,2026-08-21T14:56:39,0.0,0.0
SPX,2026-09-18,28,Put,7625.0,SPX260918P07625000,77.2,78.2,77.7,76.85,-15.5,-16.784,213.0,4300.0,0.1285,-0.3991,0.0014,8.1683,-1.9009,-2.4009,78.4609,81.12,85.18,73.95,92.3499984741211,no_change,2026-08-21T15:10:15,0.0,0.0
SPXW,2026-09-18,28,Put,7625.0,SPXW260918P07625000,79.0,79.4,79.2,79.4,-14.2,-15.1709,193.0,4145.0,0.1293,-0.4005,0.0014,8.2151,-1.9086,-2.4105,79.9187,81.22,83.4,74.4,93.6000022888184,up,2026-08-21T16:03:37,0.0,0.0
SPX,2026-09-18,28,Call,7630.0,SPX260918C07630000,139.7,140.7,140.2,141.21,7.96,5.97373,1.0,5133.0,0.1278,0.594,0.0014,8.2016,-1.9004,3.3908,139.618,141.21,141.21,141.21,133.25,down,2026-08-21T13:42:56,0.0,0.0
SPXW,2026-09-18,28,Call,7630.0,SPXW260918C07630000,141.3,141.8,141.55,144.6,10.0,7.42942,39.0,234.0,0.1288,0.5926,0.0014,8.2479,-1.9079,3.3815,140.8182,136.93,147.85,136.93,134.599998474121,down,2026-08-21T15:35:41,0.0,0.0
SPX,2026-09-18,28,Put,7630.0,SPX260918P07630000,78.8,79.8,79.3,75.8,-18.2,-19.3617,8.0,5113.0,0.1279,-0.4058,0.0014,8.2016,-1.9004,-2.4419,80.0423,83.44,83.56,75.8,94.0,down,2026-08-21T15:48:12,0.0,0.0
SPXW,2026-09-18,28,Put,7630.0,SPXW260918P07630000,80.5,80.9,80.7,80.94,-14.41,-15.1127,37.0,176.0,0.1287,-0.4072,0.0014,8.2479,-1.9079,-2.4511,81.5061,83.9,87.02,75.8,95.3499984741211,up,2026-08-21T16:09:28,0.0,0.0
SPX,2026-09-18,28,Call,7635.0,SPX260918C07635000,136.3,137.3,136.8,141.43,11.43,8.79231,8.0,4933.0,0.1272,0.5872,0.0014,8.2333,-1.8994,3.3527,136.2511,134.43,142.0,134.43,130.0,no_change,2026-08-21T15:44:05,0.0,0.0
SPXW,2026-09-18,28,Call,7635.0,SPXW260918C07635000,137.8,138.4,138.10000000000002,143.3,12.0,9.13937,22.0,698.0,0.1282,0.5859,0.0014,8.2789,-1.9068,3.3438,137.4573,138.08,143.3,138.08,131.300003051758,up,2026-08-21T15:44:20,0.0,0.0
SPX,2026-09-18,28,Put,7635.0,SPX260918P07635000,80.4,81.4,80.9,80.4,-15.35,-16.0313,19.0,4652.0,0.1273,-0.4127,0.0014,8.2333,-1.8994,-2.4838,81.6587,85.19,85.19,80.2,95.75,up,2026-08-21T15:06:37,0.0,0.0
SPXW,2026-09-18,28,Put,7635.0,SPXW260918P07635000,82.1,82.6,82.35,82.1,-14.9,-15.3608,30.0,518.0,0.1281,-0.414,0.0014,8.2789,-1.9068,-2.4926,83.1283,90.0,90.0,77.3,97.0,no_change,2026-08-21T13:45:02,0.0,0.0
SPX,2026-09-18,28,Call,7640.0,SPX260918C07640000,132.9,134.0,133.45,131.1,4.35,3.43195,6.0,6047.0,0.1266,0.5802,0.0015,8.263,-1.8978,3.3138,132.9204,131.14,131.14,130.0,126.75,up,2026-08-21T10:01:07,0.0,0.0
SPXW,2026-09-18,28,Call,7640.0,SPXW260918C07640000,134.6,135.0,134.8,139.8,11.65,9.09091,29.0,153.0,0.1276,0.579,0.0014,8.308,-1.9051,3.3053,134.1317,141.45,145.1,139.8,128.149997711182,down,2026-08-21T15:44:20,0.0,0.0
SPX,2026-09-18,28,Put,7640.0,SPX260918P07640000,82.0,83.0,82.5,79.0,-18.5,-18.9744,38.0,6096.0,0.1267,-0.4196,0.0015,8.263,-1.8978,-2.5266,83.3112,84.3,87.0,79.0,97.5,down,2026-08-21T15:48:12,0.0,0.0
SPXW,2026-09-18,28,Put,7640.0,SPXW260918P07640000,83.8,84.2,84.0,83.51,-15.29,-15.4757,44.0,177.0,0.1276,-0.4208,0.0014,8.308,-1.9051,-2.535,84.7862,87.1,88.1,78.8,98.7999992370606,up,2026-08-21T15:54:33,0.0,0.0
SPX,2026-09-18,28,Call,7645.0,SPX260918C07645000,129.6,130.7,130.14999999999998,133.87,10.27,8.30906,351.0,1436.0,0.126,0.5732,0.0015,8.2905,-1.8957,3.2742,129.6265,128.63,135.62,128.63,123.600002288818,up,2026-08-21T16:03:08,0.0,0.0
SPXW,2026-09-18,28,Call,7645.0,SPXW260918C07645000,131.3,131.8,131.55,129.63,4.68,3.7455,1.0,74.0,0.1271,0.5721,0.0014,8.3349,-1.9029,3.2663,130.843,129.63,129.63,129.63,124.949996948242,up,2026-08-21T10:25:51,0.0,0.0
SPX,2026-09-18,28,Put,7645.0,SPX260918P07645000,83.6,84.7,84.15,83.9,-15.4,-15.5086,36.0,1503.0,0.1261,-0.4266,0.0015,8.2905,-1.8957,-2.57,85.0007,87.9,90.1,80.8,99.2999992370606,up,2026-08-21T15:56:26,0.0,0.0
SPXW,2026-09-18,28,Put,7645.0,SPXW260918P07645000,85.5,85.9,85.7,84.93,-15.67,-15.5765,15.0,155.0,0.1269,-0.4278,0.0014,8.3349,-1.9029,-2.5779,86.4807,86.4,86.4,83.9,100.600002288818,up,2026-08-21T13:48:13,0.0,0.0
SPX,2026-09-18,28,Call,7650.0,SPX260918C07650000,126.4,127.4,126.9,129.56,9.06,7.51867,155.0,12173.0,0.1253,0.5661,0.0015,8.3156,-1.8931,3.2343,126.3704,131.0,141.18,123.26,120.5,no_change,2026-08-21T14:57:59,0.0,0.0
SPXW,2026-09-18,28,Call,7650.0,SPXW260918C07650000,128.0,128.5,128.25,131.71,9.91,8.13629,109.0,5605.0,0.1264,0.565,0.0015,8.3594,-1.9001,3.2269,127.5914,132.8,134.4,122.5,121.799999237061,down,2026-08-21T15:53:30,0.0,0.0
SPX,2026-09-18,28,Put,7650.0,SPX260918P07650000,85.6,86.3,85.94999999999999,85.98,-15.07,-14.9134,1788.0,8463.0,0.1254,-0.4338,0.0015,8.3156,-1.8931,-2.6137,86.7278,89.47,93.88,79.92,101.050003051758,down,2026-08-21T16:14:07,0.0,0.0
SPXW,2026-09-18,28,Put,7650.0,SPXW260918P07650000,87.2,87.6,87.4,85.86,-13.4,-13.0859,190.0,5192.0,0.1263,-0.4348,0.0015,8.3594,-1.9001,-2.6211,88.2123,91.4,93.9,81.77,102.399997711182,down,2026-08-21T15:58:42,0.0,0.0
SPX,2026-09-18,28,Call,7655.0,SPX260918C07655000,123.0,124.2,123.6,127.9,10.6,9.03666,21.0,1030.0,0.1248,0.5589,0.0015,8.3382,-1.8898,3.1941,123.1525,119.37,129.03,119.37,117.299999237061,up,2026-08-21T15:52:26,0.0,0.0
SPXW,2026-09-18,28,Call,7655.0,SPXW260918C07655000,124.8,125.3,125.05,128.7,10.0,8.4246,10.0,84.0,0.1259,0.5579,0.0015,8.3815,-1.8968,3.1872,124.3775,139.2,139.2,128.7,118.700000762939,down,2026-08-21T15:10:16,0.0,0.0
SPX,2026-09-18,28,Put,7655.0,SPX260918P07655000,87.1,88.1,87.6,87.0,-16.0,-15.534,14.0,449.0,0.1249,-0.441,0.0015,8.3382,-1.8898,-2.6577,88.4932,86.7,88.89,86.1,103.0,down,2026-08-21T15:06:33,0.0,0.0
SPXW,2026-09-18,28,Put,7655.0,SPXW260918P07655000,89.0,89.4,89.2,85.8,-18.55,-17.7767,34.0,60.0,0.1258,-0.4419,0.0015,8.3815,-1.8968,-2.6645,89.9817,89.9,89.9,83.6,104.349998474121,down,2026-08-21T15:44:20,0.0,0.0
SPX,2026-09-18,28,Call,7660.0,SPX260918C07660000,120.0,121.0,120.5,125.17,10.87,9.51006,16.0,466.0,0.1242,0.5516,0.0015,8.3583,-1.8861,3.1538,119.9733,116.94,128.24,116.94,114.299999237061,down,2026-08-21T15:08:37,0.0,0.0
SPXW,2026-09-18,28,Call,7660.0,SPXW260918C07660000,121.6,122.1,121.85,124.8,9.2,7.95848,41.0,309.0,0.1253,0.5507,0.0015,8.4011,-1.893,3.1475,121.2018,124.6,137.17,120.94,115.600002288818,up,2026-08-21T15:28:16,0.0,0.0
SPX,2026-09-18,28,Put,7660.0,SPX260918P07660000,89.0,89.9,89.45,88.3,-16.6,-15.8246,65.0,308.0,0.1244,-0.4482,0.0015,8.3583,-1.8861,-2.7019,90.2973,94.5,94.5,84.0,104.899997711182,up,2026-08-21T15:52:33,0.0,0.0
SPXW,2026-09-18,28,Put,7660.0,SPXW260918P07660000,90.8,91.2,91.0,91.22,-14.98,-14.1055,107.0,193.0,0.1252,-0.4491,0.0015,8.4011,-1.893,-2.7081,91.7892,95.47,98.1,85.04,106.200000762939,up,2026-08-21T16:09:28,0.0,0.0
SPX,2026-09-18,28,Call,7665.0,SPX260918C07665000,116.9,117.8,117.35,121.93,10.68,9.6,42.0,746.0,0.1236,0.5443,0.0015,8.3758,-1.8817,3.1133,116.8332,113.66,122.58,111.59,111.25,up,2026-08-21T15:08:54,0.0,0.0
SPXW,2026-09-18,28,Call,7665.0,SPXW260918C07665000,118.5,118.9,118.7,132.6,20.0,17.762,13.0,84.0,0.1247,0.5435,0.0015,8.4182,-1.8885,3.1075,118.0646,117.0,132.6,112.91,112.600002288818,up,2026-08-21T11:55:38,0.0,0.0
SPX,2026-09-18,28,Put,7665.0,SPX260918P07665000,90.8,91.8,91.3,91.74,-15.11,-14.1413,254.0,838.0,0.1238,-0.4556,0.0015,8.3758,-1.8817,-2.7462,92.1405,94.74,98.41,89.3,106.849998474121,no_change,2026-08-21T16:03:36,0.0,0.0
SPXW,2026-09-18,28,Put,7665.0,SPXW260918P07665000,92.6,93.0,92.8,93.0,-15.2,-14.0481,28.0,84.0,0.1246,-0.4564,0.0015,8.4182,-1.8885,-2.7519,93.6354,97.37,97.37,87.42,108.200000762939,down,2026-08-21T16:00:50,0.0,0.0
SPX,2026-09-18,28,Call,7670.0,SPX260918C07670000,113.7,114.6,114.15,118.1,9.85,9.09931,76.0,3496.0,0.1231,0.5368,0.0015,8.3908,-1.8768,3.0723,113.7329,115.19,127.87,109.0,108.25,up,2026-08-21T15:58:59,0.0,0.0
SPXW,2026-09-18,28,Call,7670.0,SPXW260918C07670000,115.4,115.8,115.6,118.26,8.66,7.90146,32.0,168.0,0.1242,0.5361,0.0015,8.4328,-1.8836,3.0672,114.9667,112.1,130.54,112.1,109.600002288818,up,2026-08-21T15:16:51,0.0,0.0
SPX,2026-09-18,28,Put,7670.0,SPX260918P07670000,92.7,93.7,93.2,92.1,-16.75,-15.3881,60.0,3552.0,0.1232,-0.463,0.0015,8.3908,-1.8768,-2.791,94.0235,97.03,100.0,87.96,108.849998474121,up,2026-08-21T15:52:42,0.0,0.0
SPXW,2026-09-18,28,Put,7670.0,SPXW260918P07670000,94.5,94.9,94.7,94.7,-15.5,-14.0653,41.0,277.0,0.124,-0.4637,0.0015,8.4328,-1.8836,-2.7961,95.5207,99.2,99.64,89.66,110.200000762939,down,2026-08-21T16:05:34,0.0,0.0
SPX,2026-09-18,28,Call,7675.0,SPX260918C07675000,110.5,111.6,111.05,114.5,5.5,5.22317,82.0,3615.0,0.1225,0.5293,0.0015,8.4032,-1.8713,3.0307,110.6732,111.96,125.11,106.0,105.299999237061,no_change,2026-08-21T15:33:25,0.0,0.0
SPXW,2026-09-18,28,Call,7675.0,SPXW260918C07675000,112.3,112.8,112.55,115.9,9.25,8.67323,85.0,4347.0,0.1237,0.5287,0.0015,8.4449,-1.878,3.0261,111.9086,109.58,126.3,109.54,106.650001525879,up,2026-08-21T15:53:19,0.0,0.0
SPX,2026-09-18,28,Put,7675.0,SPX260918P07675000,94.6,95.7,95.15,95.31,-14.75,-13.2943,543.0,2965.0,0.1227,-0.4705,0.0015,8.4032,-1.8713,-2.8364,95.947,97.98,101.7,88.27,110.950000762939,down,2026-08-21T16:01:22,0.0,0.0
SPXW,2026-09-18,28,Put,7675.0,SPXW260918P07675000,96.4,96.8,96.6,96.86,-15.34,-13.672,428.0,705.0,0.1236,-0.4711,0.0015,8.4449,-1.878,-2.841,97.4461,100.07,103.63,90.5,112.200000762939,no_change,2026-08-21T16:02:49,0.0,0.0
SPX,2026-09-18,28,Call,7680.0,SPX260918C07680000,107.5,108.5,108.0,108.6,6.2,6.05469,7830.0,1775.0,0.122,0.5217,0.0015,8.413,-1.8652,2.9883,107.6549,107.4,123.7,102.8,102.399997711182,down,2026-08-21T15:59:58,0.0,0.0
SPXW,2026-09-18,28,Call,7680.0,SPXW260918C07680000,109.3,109.7,109.5,113.52,9.72,9.36416,67.0,286.0,0.1231,0.5212,0.0015,8.4544,-1.8718,2.9842,108.8918,110.27,115.82,109.24,103.799999237061,down,2026-08-21T15:51:58,0.0,0.0
SPX,2026-09-18,28,Put,7680.0,SPX260918P07680000,96.5,97.7,97.1,95.24,-17.76,-15.7168,1495.0,2100.0,0.1222,-0.4781,0.0015,8.413,-1.8652,-2.8826,97.9121,104.0,104.8,91.27,113.0,up,2026-08-21T15:59:11,0.0,0.0
SPXW,2026-09-18,28,Put,7680.0,SPXW260918P07680000,98.4,98.8,98.6,97.85,-16.45,-14.392,57.0,357.0,0.123,-0.4786,0.0015,8.4544,-1.8718,-2.8867,99.4124,104.4,104.4,92.38,114.299999237061,up,2026-08-21T15:54:33,0.0,0.0
SPX,2026-09-18,28,Call,7685.0,SPX260918C07685000,104.5,105.7,105.1,108.81,9.26,9.30186,3243.0,1844.0,0.1214,0.514,0.0016,8.42,-1.8584,2.945,104.6794,103.5,108.81,100.0,99.5499992370606,up,2026-08-21T15:59:11,0.0,0.0
SPXW,2026-09-18,28,Call,7685.0,SPXW260918C07685000,106.3,106.8,106.55,109.38,8.43,8.35067,14.0,620.0,0.1226,0.5137,0.0015,8.4612,-1.8651,2.9414,105.9168,106.3,120.0,106.3,100.949996948242,down,2026-08-21T13:30:10,0.0,0.0
SPX,2026-09-18,28,Put,7685.0,SPX260918P07685000,98.6,99.7,99.15,96.1,-19.05,-16.5436,3452.0,2028.0,0.1214,-0.4858,0.0016,8.42,-1.8584,-2.9298,99.9198,104.5,106.5,94.2,115.150001525879,up,2026-08-21T15:50:10,0.0,0.0
SPXW,2026-09-18,28,Put,7685.0,SPXW260918P07685000,100.4,100.8,100.6,101.2,-15.2,-13.0584,9.0,121.0,0.1224,-0.4862,0.0015,8.4612,-1.8651,-2.9333,101.4207,104.9,104.9,101.2,116.399997711182,down,2026-08-21T15:55:14,0.0,0.0
SPX,2026-09-18,28,Call,7690.0,SPX260918C07690000,101.7,102.6,102.15,102.0,5.3,5.48087,4106.0,1264.0,0.121,0.5063,0.0016,8.4241,-1.8511,2.9009,101.7474,101.78,114.57,98.0,96.7000007629394,no_change,2026-08-21T16:13:55,0.0,0.0
SPXW,2026-09-18,28,Call,7690.0,SPXW260918C07690000,103.4,103.8,103.6,107.03,8.93,9.10295,23.0,156.0,0.1221,0.506,0.0015,8.4651,-1.8578,2.8979,102.9848,103.54,115.4,103.54,98.1000022888184,down,2026-08-21T15:22:28,0.0,0.0
SPX,2026-09-18,28,Put,7690.0,SPX260918P07690000,100.6,101.6,101.1,101.0,-16.3,-13.896,4094.0,1649.0,0.1209,-0.4935,0.0016,8.4241,-1.8511,-2.9776,101.9711,102.68,108.5,93.8,117.299999237061,no_change,2026-08-21T16:13:55,0.0,0.0
SPXW,2026-09-18,28,Put,7690.0,SPXW260918P07690000,102.4,102.8,102.6,99.6,-19.0,-16.0202,34.0,179.0,0.1219,-0.4938,0.0015,8.4651,-1.8578,-2.9806,103.4721,110.8,110.8,99.6,118.600002288818,down,2026-08-21T15:43:52,0.0,0.0
SPX,2026-09-18,28,Call,7695.0,SPX260918C07695000,98.6,99.8,99.19999999999999,100.0,6.1,6.49628,6713.0,10454.0,0.1205,0.4985,0.0016,8.4252,-1.8431,2.8564,98.86,100.0,114.5,95.57,93.8999977111816,no_change,2026-08-21T16:09:39,0.0,0.0
SPXW,2026-09-18,28,Call,7695.0,SPXW260918C07695000,100.5,100.9,100.7,101.17,5.82,6.10383,48.0,1132.0,0.1215,0.4983,0.0015,8.4661,-1.8498,2.8541,100.0968,101.52,114.0,98.33,95.3499984741211,no_change,2026-08-21T16:02:49,0.0,0.0
SPX,2026-09-18,28,Put,7695.0,SPX260918P07695000,102.7,103.7,103.2,103.0,-16.5,-13.8075,5798.0,5136.0,0.1204,-0.5013,0.0016,8.4252,-1.8431,-3.026,104.067,107.0,110.58,97.95,119.5,no_change,2026-08-21T16:09:39,0.0,0.0
SPXW,2026-09-18,28,Put,7695.0,SPXW260918P07695000,104.5,105.0,104.75,103.22,-15.0,-12.4172,1.0,202.0,0.1214,-0.5015,0.0015,8.4661,-1.8498,-3.0283,105.5673,103.22,103.22,103.22,120.799999237061,down,2026-08-21T13:13:28,0.0,0.0
SPX,2026-09-18,28,Call,7700.0,SPX260918C07700000,95.8,97.0,96.4,100.5,4.79,5.25219,13087.0,32421.0,0.1201,0.4907,0.0016,8.4233,-1.8345,2.8118,96.0176,100.26,110.5,91.82,91.2000007629394,no_change,2026-08-21T16:04:56,0.0,0.0
SPXW,2026-09-18,28,Call,7700.0,SPXW260918C07700000,97.6,98.1,97.85,98.34,5.74,6.1987,337.0,3199.0,0.1209,0.4906,0.0016,8.4642,-1.8412,2.8101,97.253,98.67,110.5,93.25,92.6000022888184,no_change,2026-08-21T16:02:49,0.0,0.0
SPX,2026-09-18,28,Put,7700.0,SPX260918P07700000,104.8,105.8,105.3,102.5,-15.09,-12.3993,11027.0,33942.0,0.1199,-0.5092,0.0016,8.4233,-1.8345,-3.0744,106.2079,106.88,113.0,98.1,121.700000762939,no_change,2026-08-21T16:04:56,0.0,0.0
SPXW,2026-09-18,28,Put,7700.0,SPXW260918P07700000,106.6,107.1,106.85,107.1,-15.95,-12.9622,543.0,607.0,0.1209,-0.5093,0.0016,8.4641,-1.8412,-3.0761,107.7067,112.0,115.2,99.65,123.049999237061,up,2026-08-21T16:02:33,0.0,0.0
SPX,2026-09-18,28,Call,7705.0,SPX260918C07705000,93.1,94.2,93.65,96.13,7.63,8.62147,899.0,3085.0,0.1195,0.4828,0.0016,8.4183,-1.8253,2.7673,93.2206,94.64,105.0,90.06,88.5,down,2026-08-21T15:13:01,0.0,0.0
SPXW,2026-09-18,28,Call,7705.0,SPXW260918C07705000,94.8,95.3,95.05,98.38,8.48,9.43271,37.0,233.0,0.1205,0.4828,0.0016,8.4592,-1.832,2.7662,94.4539,96.8,108.2,96.8,89.8999977111816,down,2026-08-21T15:22:28,0.0,0.0
SPX,2026-09-18,28,Put,7705.0,SPX260918P07705000,107.0,108.0,107.5,102.2,-21.85,-17.6139,867.0,2163.0,0.1194,-0.5171,0.0016,8.4183,-1.8253,-3.1227,108.3942,113.62,113.62,101.0,124.049999237061,no_change,2026-08-21T12:14:00,0.0,0.0
SPXW,2026-09-18,28,Put,7705.0,SPXW260918P07705000,108.8,109.2,109.0,123.68,0.0,0.0,0.0,123.0,0.1203,-0.5171,0.0016,8.4592,-1.832,-3.1238,109.8909,0.0,0.0,0.0,125.399997711182,up,2026-08-20T14:37:39,0.0,0.0
SPX,2026-09-18,28,Call,7710.0,SPX260918C07710000,90.3,91.4,90.85,97.3,11.4,13.2712,617.0,4701.0,0.119,0.4748,0.0016,8.4102,-1.8154,2.7228,90.4692,90.67,105.0,86.79,85.8999977111816,no_change,2026-08-21T15:48:37,0.0,0.0
SPXW,2026-09-18,28,Call,7710.0,SPXW260918C07710000,92.1,92.5,92.3,94.43,7.18,8.22923,15.0,189.0,0.12,0.4749,0.0016,8.4512,-1.8221,2.7223,91.6996,105.15,105.15,92.09,87.25,up,2026-08-21T14:55:51,0.0,0.0
SPX,2026-09-18,28,Put,7710.0,SPX260918P07710000,109.2,110.2,109.7,108.47,-17.93,-14.1851,572.0,3960.0,0.1189,-0.5251,0.0016,8.4102,-1.8154,-3.171,110.626,115.37,117.21,102.0,126.399997711182,up,2026-08-21T15:15:14,0.0,0.0
SPXW,2026-09-18,28,Put,7710.0,SPXW260918P07710000,111.0,111.5,111.25,110.44,-17.31,-13.5499,7.0,171.0,0.1198,-0.525,0.0016,8.4512,-1.8221,-3.1715,112.1199,105.21,110.44,105.21,127.75,up,2026-08-21T15:53:06,0.0,0.0
SPX,2026-09-18,28,Call,7715.0,SPX260918C07715000,87.5,88.6,88.05,91.8,8.5,10.2041,121.0,2904.0,0.1184,0.4668,0.0016,8.399,-1.8049,2.6782,87.7637,92.08,99.5,88.0,83.2999992370606,up,2026-08-21T15:06:41,0.0,0.0
SPXW,2026-09-18,28,Call,7715.0,SPXW260918C07715000,89.4,89.8,89.6,88.85,4.2,4.9616,29.0,617.0,0.1195,0.467,0.0016,8.4401,-1.8117,2.6783,88.9905,88.16,102.4,88.16,84.6500015258789,no_change,2026-08-21T14:10:12,0.0,0.0
SPX,2026-09-18,28,Put,7715.0,SPX260918P07715000,111.6,112.5,112.05,109.3,-19.45,-15.1068,116.0,2258.0,0.1183,-0.5331,0.0016,8.399,-1.8049,-3.2195,112.9039,116.4,116.47,105.5,128.75,up,2026-08-21T12:21:22,0.0,0.0
SPXW,2026-09-18,28,Put,7715.0,SPXW260918P07715000,113.3,113.8,113.55,109.4,-20.7,-15.9108,9.0,39.0,0.1193,-0.5329,0.0016,8.4401,-1.8117,-3.2193,114.394,113.2,113.2,109.3,130.099998474121,up,2026-08-21T15:44:20,0.0,0.0
SPX,2026-09-18,28,Call,7720.0,SPX260918C07720000,84.8,86.0,85.4,91.5,10.75,13.3127,49.0,5553.0,0.118,0.4587,0.0016,8.3846,-1.7938,2.633,85.1048,82.96,91.5,82.16,80.75,up,2026-08-21T15:48:24,0.0,0.0
SPXW,2026-09-18,28,Call,7720.0,SPXW260918C07720000,86.7,87.1,86.9,86.2,4.1,4.99391,7.0,150.0,0.1189,0.459,0.0016,8.4259,-1.8006,2.6338,86.3271,86.71,92.35,86.2,82.1000022888184,no_change,2026-08-21T14:10:12,0.0,0.0
SPX,2026-09-18,28,Put,7720.0,SPX260918P07720000,113.9,114.8,114.35,111.6,-19.6,-14.939,66.0,5693.0,0.1179,-0.5412,0.0016,8.3846,-1.7938,-3.2684,115.2282,118.27,122.32,110.75,131.199996948242,no_change,2026-08-21T12:29:37,0.0,0.0
SPXW,2026-09-18,28,Put,7720.0,SPXW260918P07720000,115.6,116.1,115.85,113.4,-19.15,-14.4474,1.0,131.0,0.1188,-0.5408,0.0016,8.4259,-1.8006,-3.2676,116.714,113.4,113.4,113.4,132.550003051758,down,2026-08-21T15:29:30,0.0,0.0
SPX,2026-09-18,28,Call,7725.0,SPX260918C07725000,82.2,83.3,82.75,86.5,8.25,10.5431,17.0,8125.0,0.1175,0.4506,0.0016,8.3666,-1.782,2.5872,82.4931,81.42,87.38,80.3,78.25,up,2026-08-21T15:06:41,0.0,0.0
SPXW,2026-09-18,28,Call,7725.0,SPXW260918C07725000,84.0,84.5,84.25,86.6,7.05,8.86235,327.0,1493.0,0.1185,0.451,0.0016,8.4083,-1.789,2.5886,83.7102,85.08,90.49,80.5,79.5499992370606,no_change,2026-08-21T15:54:54,0.0,0.0
SPX,2026-09-18,28,Put,7725.0,SPX260918P07725000,116.2,117.1,116.65,113.97,-19.73,-14.7569,12.0,8095.0,0.1174,-0.5493,0.0016,8.3666,-1.782,-3.3181,117.5998,124.57,124.77,110.0,133.699996948242,down,2026-08-21T15:37:21,0.0,0.0
SPXW,2026-09-18,28,Put,7725.0,SPXW260918P07725000,118.0,118.4,118.2,116.03,-18.97,-14.0519,25.0,417.0,0.1184,-0.5488,0.0016,8.4082,-1.789,-3.3166,119.0802,117.42,117.42,111.73,135.0,down,2026-08-21T15:52:23,0.0,0.0
SPX,2026-09-18,28,Call,7730.0,SPX260918C07730000,79.8,80.7,80.25,83.9,8.1,10.686,14.0,4221.0,0.1171,0.4424,0.0016,8.3451,-1.7697,2.5407,79.9295,84.9,86.0,81.84,75.7999992370606,down,2026-08-21T15:50:58,0.0,0.0
SPXW,2026-09-18,28,Call,7730.0,SPXW260918C07730000,81.5,81.9,81.7,82.51,5.41,7.01686,15.0,213.0,0.118,0.443,0.0016,8.3871,-1.7767,2.5428,81.1406,81.7,84.62,78.82,77.1000022888184,down,2026-08-21T16:00:52,0.0,0.0
SPX,2026-09-18,28,Put,7730.0,SPX260918P07730000,118.5,119.6,119.05,115.45,-20.75,-15.2349,80.0,3857.0,0.117,-0.5574,0.0016,8.3451,-1.7697,-3.3684,120.0195,118.07,118.31,115.4,136.199996948242,up,2026-08-21T15:46:35,0.0,0.0
SPXW,2026-09-18,28,Put,7730.0,SPXW260918P07730000,120.4,120.8,120.6,119.42,-18.13,-13.1807,3.0,177.0,0.1178,-0.5569,0.0016,8.3871,-1.7767,-3.3663,121.494,128.02,128.02,119.42,137.550003051758,down,2026-08-21T14:58:05,0.0,0.0
SPX,2026-09-18,28,Call,7735.0,SPX260918C07735000,77.1,78.2,77.65,83.8,10.4,14.1689,299.0,4357.0,0.1166,0.4342,0.0016,8.32,-1.7567,2.4936,77.4148,77.53,83.8,76.2,73.3999977111816,up,2026-08-21T15:49:27,0.0,0.0
SPXW,2026-09-18,28,Call,7735.0,SPXW260918C07735000,79.0,79.4,79.2,78.03,3.33,4.45783,12.0,108.0,0.1175,0.4349,0.0016,8.3624,-1.7638,2.4964,78.619,81.29,81.29,78.03,74.7000007629394,down,2026-08-21T14:30:50,0.0,0.0
SPX,2026-09-18,28,Put,7735.0,SPX260918P07735000,121.0,122.0,121.5,124.53,-14.27,-10.281,1.0,5038.0,0.1165,-0.5656,0.0016,8.32,-1.7567,-3.4193,122.4881,124.53,124.53,124.53,138.800003051758,down,2026-08-21T10:08:45,0.0,0.0
SPXW,2026-09-18,28,Put,7735.0,SPXW260918P07735000,122.8,123.3,123.05,122.03,-17.97,-12.8357,3.0,51.0,0.1174,-0.565,0.0016,8.3624,-1.7638,-3.4165,123.9558,120.2,122.03,120.2,140.0,up,2026-08-21T15:53:06,0.0,0.0
SPX,2026-09-18,28,Call,7740.0,SPX260918C07740000,74.8,75.9,75.35,75.86,4.86,6.84507,19.0,4806.0,0.116,0.426,0.0016,8.2913,-1.743,2.4464,74.9495,79.74,81.0,74.35,71.0,down,2026-08-21T16:00:58,0.0,0.0
SPXW,2026-09-18,28,Call,7740.0,SPXW260918C07740000,76.5,76.9,76.7,80.6,8.3,11.4799,15.0,261.0,0.117,0.4268,0.0016,8.3342,-1.7502,2.4497,76.146,75.73,88.4,75.73,72.2999992370606,down,2026-08-21T12:56:56,0.0,0.0
SPX,2026-09-18,28,Put,7740.0,SPX260918P07740000,123.5,124.5,124.0,122.9,-18.45,-13.0527,8.0,4589.0,0.1161,-0.5738,0.0016,8.2913,-1.743,-3.4704,125.0061,121.89,122.9,117.72,141.349998474121,up,2026-08-21T15:20:22,0.0,0.0
SPXW,2026-09-18,28,Put,7740.0,SPXW260918P07740000,125.4,125.8,125.6,122.6,-20.0,-14.0252,9.0,229.0,0.1169,-0.5731,0.0016,8.3342,-1.7502,-3.467,126.4661,131.27,131.27,121.5,142.599998474121,up,2026-08-21T13:07:44,0.0,0.0
SPX,2026-09-18,28,Call,7745.0,SPX260918C07745000,72.2,73.3,72.75,76.0,7.3,10.6259,6.0,2767.0,0.1157,0.4178,0.0016,8.2593,-1.7287,2.3993,72.5337,76.0,76.0,76.0,68.7000007629394,down,2026-08-21T15:05:58,0.0,0.0
SPXW,2026-09-18,28,Call,7745.0,SPXW260918C07745000,74.1,74.5,74.3,72.91,2.91,4.15714,29.0,100.0,0.1165,0.4187,0.0016,8.3028,-1.736,2.4032,73.7217,75.3,86.3,70.9,70.0,down,2026-08-21T14:33:05,0.0,0.0
SPX,2026-09-18,28,Put,7745.0,SPX260918P07745000,126.2,127.1,126.65,120.12,-23.88,-16.5833,1.0,2791.0,0.1156,-0.582,0.0016,8.2593,-1.7287,-3.5213,127.5735,120.12,120.12,120.12,144.0,down,2026-08-21T11:43:42,0.0,0.0
SPXW,2026-09-18,28,Put,7745.0,SPXW260918P07745000,127.9,128.4,128.15,125.2,-20.1,-13.8335,9.0,70.0,0.1165,-0.5812,0.0016,8.3028,-1.736,-3.5173,129.0249,126.0,126.0,125.2,145.300003051758,down,2026-08-21T13:07:32,0.0,0.0
SPX,2026-09-18,28,Call,7750.0,SPX260918C07750000,70.1,71.0,70.55,70.96,4.56,6.86747,3578.0,23586.0,0.1151,0.4096,0.0016,8.2241,-1.7138,2.3526,70.1671,74.07,76.8,67.5,66.3999977111816,down,2026-08-21T16:00:58,0.0,0.0
SPXW,2026-09-18,28,Call,7750.0,SPXW260918C07750000,71.7,72.1,71.9,74.39,6.69,9.88183,53.0,836.0,0.1161,0.4105,0.0016,8.2682,-1.7213,2.3571,71.3459,74.0,83.1,69.0,67.7000007629394,up,2026-08-21T15:34:12,0.0,0.0
SPX,2026-09-18,28,Put,7750.0,SPX260918P07750000,128.7,129.7,129.2,123.63,-23.02,-15.6972,227.0,20477.0,0.115,-0.5903,0.0016,8.2241,-1.7138,-3.5718,130.1902,133.07,137.67,123.63,146.650001525879,down,2026-08-21T15:49:36,0.0,0.0
SPXW,2026-09-18,28,Put,7750.0,SPXW260918P07750000,130.5,131.0,130.75,130.8,-17.2,-11.6216,44.0,854.0,0.116,-0.5893,0.0016,8.2682,-1.7213,-3.5672,131.6326,131.06,138.63,124.33,148.0,up,2026-08-21T16:04:35,0.0,0.0
SPX,2026-09-18,28,Call,7755.0,SPX260918C07755000,67.7,68.6,68.15,72.4,0.0,0.0,0.0,7596.0,0.1148,0.4013,0.0016,8.1859,-1.6983,2.3062,67.8495,0.0,0.0,0.0,64.2000007629394,down,2026-08-20T13:16:42,0.0,0.0
SPXW,2026-09-18,28,Call,7755.0,SPXW260918C07755000,69.3,69.8,69.55,72.2,6.75,10.3132,18.0,62.0,0.1156,0.4024,0.0016,8.2306,-1.7059,2.3113,69.0185,70.03,74.3,66.3,65.4500007629394,up,2026-08-21T15:53:21,0.0,0.0
SPX,2026-09-18,28,Put,7755.0,SPX260918P07755000,131.3,132.3,131.8,132.27,-17.18,-11.4955,12.0,7283.0,0.1147,-0.5985,0.0016,8.1859,-1.6983,-3.622,132.8559,133.53,133.53,128.21,149.450004577637,down,2026-08-21T13:42:33,0.0,0.0
SPXW,2026-09-18,28,Put,7755.0,SPXW260918P07755000,133.2,133.6,133.39999999999998,139.25,0.0,0.0,0.0,46.0,0.1156,-0.5975,0.0016,8.2306,-1.7059,-3.6169,134.2884,0.0,0.0,0.0,150.800003051758,up,2026-08-20T13:18:24,0.0,0.0
SPX,2026-09-18,28,Call,7760.0,SPX260918C07760000,65.4,66.4,65.9,65.62,3.62,5.83871,64.0,3893.0,0.1143,0.393,0.0016,8.1443,-1.6822,2.2598,65.5809,65.62,70.64,63.65,62.0,down,2026-08-21T16:14:36,0.0,0.0
SPXW,2026-09-18,28,Call,7760.0,SPXW260918C07760000,67.0,67.5,67.25,68.06,4.76,7.51975,490.0,225.0,0.1152,0.3942,0.0016,8.1897,-1.6899,2.2655,66.7392,67.28,78.7,64.1,63.2999992370606,down,2026-08-21T16:00:52,0.0,0.0
SPX,2026-09-18,28,Put,7760.0,SPX260918P07760000,134.0,135.0,134.5,129.15,-23.15,-15.2003,12.0,3350.0,0.1143,-0.6068,0.0016,8.1443,-1.6822,-3.6722,135.5706,136.28,136.28,129.15,152.299995422363,down,2026-08-21T15:48:41,0.0,0.0
SPXW,2026-09-18,28,Put,7760.0,SPXW260918P07760000,135.8,136.3,136.05,131.3,-22.3,-14.5182,2.0,80.0,0.1151,-0.6057,0.0016,8.1897,-1.6899,-3.6665,136.9924,129.63,131.3,129.63,153.599998474121,up,2026-08-21T15:44:20,0.0,0.0
SPX,2026-09-18,28,Call,7765.0,SPX260918C07765000,63.2,64.2,63.7,66.3,6.4,10.6845,10.0,8330.0,0.1138,0.3848,0.0016,8.0992,-1.6655,2.213,63.3613,66.3,66.3,66.3,59.8999996185303,down,2026-08-21T15:32:23,0.0,0.0
SPXW,2026-09-18,28,Call,7765.0,SPXW260918C07765000,64.8,65.2,65.0,66.35,5.2,8.50368,2.0,82.0,0.1148,0.386,0.0016,8.1455,-1.6734,2.2194,64.5083,64.9,66.35,64.9,61.1499996185303,up,2026-08-21T13:45:04,0.0,0.0
SPX,2026-09-18,28,Put,7765.0,SPX260918P07765000,136.8,137.8,137.3,133.3,-21.85,-14.0831,19.0,8304.0,0.1138,-0.6151,0.0016,8.0992,-1.6655,-3.7228,138.3343,143.49,143.75,129.77,155.150001525879,no_change,2026-08-21T15:50:10,0.0,0.0
SPXW,2026-09-18,28,Put,7765.0,SPXW260918P07765000,138.6,139.0,138.8,135.6,-20.8,-13.2992,9.0,58.0,0.1147,-0.6138,0.0016,8.1455,-1.6734,-3.7164,139.7448,143.4,146.6,135.6,156.400001525879,down,2026-08-21T13:07:32,0.0,0.0
SPX,2026-09-18,28,Call,7770.0,SPX260918C07770000,61.0,62.0,61.5,63.93,6.13,10.6055,81.0,10110.0,0.1134,0.3765,0.0016,8.0502,-1.6483,2.1658,61.1912,60.56,68.13,59.14,57.7999992370606,down,2026-08-21T15:52:52,0.0,0.0
SPXW,2026-09-18,28,Call,7770.0,SPXW260918C07770000,62.6,63.0,62.8,64.96,5.91,10.0085,40.0,225.0,0.1144,0.3779,0.0016,8.0974,-1.6563,2.1728,62.3261,62.88,65.18,59.15,59.0500011444092,up,2026-08-21T14:57:07,0.0,0.0
SPX,2026-09-18,28,Put,7770.0,SPX260918P07770000,139.6,140.6,140.1,137.16,-20.59,-13.0523,106.0,9709.0,0.1135,-0.6233,0.0016,8.0502,-1.6483,-3.7739,141.1475,145.73,145.73,132.59,157.75,down,2026-08-21T15:51:46,0.0,0.0
SPXW,2026-09-18,28,Put,7770.0,SPXW260918P07770000,141.4,141.8,141.60000000000002,142.3,-17.0,-10.6717,6.0,100.0,0.1142,-0.622,0.0016,8.0974,-1.6563,-3.7668,142.5459,142.3,142.3,142.3,159.300003051758,down,2026-08-21T13:56:08,0.0,0.0
SPX,2026-09-18,28,Call,7775.0,SPX260918C07775000,58.9,59.8,59.349999999999994,60.01,4.21,7.5448,186.0,12385.0,0.113,0.3683,0.0016,7.9972,-1.6304,2.1181,59.0709,56.8,67.05,56.8,55.7999992370606,down,2026-08-21T16:00:35,0.0,0.0
SPXW,2026-09-18,28,Call,7775.0,SPXW260918C07775000,60.5,60.9,60.7,64.97,7.97,13.9825,505.0,1612.0,0.114,0.3697,0.0016,8.0454,-1.6386,2.1258,60.1931,59.29,71.0,58.0,57.0,up,2026-08-21T15:45:09,0.0,0.0
SPX,2026-09-18,28,Put,7775.0,SPX260918P07775000,142.4,143.4,142.9,141.32,-19.58,-12.169,193.0,11264.0,0.113,-0.6316,0.0016,7.9972,-1.6304,-3.8254,144.0105,149.13,151.81,140.66,160.899993896484,no_change,2026-08-21T13:07:20,0.0,0.0
SPXW,2026-09-18,28,Put,7775.0,SPXW260918P07775000,144.2,144.6,144.39999999999998,145.0,-17.2,-10.6042,38.0,531.0,0.1138,-0.6301,0.0016,8.0454,-1.6386,-3.8177,145.3961,151.66,154.52,134.11,162.199996948242,up,2026-08-21T16:09:34,0.0,0.0
SPX,2026-09-18,28,Call,7780.0,SPX260918C07780000,56.8,57.8,57.3,60.5,6.7,12.4535,1705.0,12062.0,0.1127,0.36,0.0016,7.9403,-1.612,2.0704,57.0006,56.17,68.88,54.96,53.7999992370606,down,2026-08-21T15:50:42,0.0,0.0
SPXW,2026-09-18,28,Call,7780.0,SPXW260918C07780000,58.4,58.7,58.55,60.99,5.94,10.7902,46.0,490.0,0.1135,0.3616,0.0016,7.9896,-1.6203,2.0786,58.1093,59.0,69.3,56.4,55.0500011444092,up,2026-08-21T15:42:25,0.0,0.0
SPX,2026-09-18,28,Put,7780.0,SPX260918P07780000,145.3,146.3,145.8,150.62,-13.08,-7.99022,10.0,11751.0,0.1127,-0.6398,0.0016,7.9403,-1.612,-3.877,146.9234,150.62,150.62,150.62,163.699996948242,up,2026-08-21T09:51:07,0.0,0.0
SPXW,2026-09-18,28,Put,7780.0,SPXW260918P07780000,147.1,147.5,147.3,140.33,-24.87,-15.0545,8.0,218.0,0.1134,-0.6383,0.0016,7.9896,-1.6203,-3.8687,148.2957,151.47,151.47,140.33,165.199996948242,down,2026-08-21T15:48:03,0.0,0.0
SPX,2026-09-18,28,Call,7785.0,SPX260918C07785000,54.8,55.6,55.2,54.9,3.05,5.88236,32.0,6044.0,0.1122,0.3518,0.0016,7.88,-1.5929,2.023,54.9799,53.6,65.1,52.3,51.8499984741211,no_change,2026-08-21T15:59:52,0.0,0.0
SPXW,2026-09-18,28,Call,7785.0,SPXW260918C07785000,56.2,56.7,56.45,60.21,7.16,13.4967,266.0,105.0,0.1131,0.3534,0.0015,7.9303,-1.6015,2.0317,56.0746,56.98,60.21,55.54,53.0500011444092,up,2026-08-21T15:51:28,0.0,0.0
SPX,2026-09-18,28,Put,7785.0,SPX260918P07785000,147.7,149.5,148.6,156.47,-10.48,-6.27733,1.0,5900.0,0.1123,-0.648,0.0016,7.88,-1.5929,-3.9282,149.886,156.47,156.47,156.47,166.949996948242,up,2026-08-21T09:35:23,0.0,0.0
SPXW,2026-09-18,28,Put,7785.0,SPXW260918P07785000,150.0,150.4,150.2,158.0,-10.2,-6.06421,2.0,43.0,0.113,-0.6464,0.0015,7.9303,-1.6015,-3.9194,151.2444,155.0,158.0,155.0,168.199996948242,up,2026-08-21T10:43:27,0.0,0.0
SPX,2026-09-18,28,Call,7790.0,SPX260918C07790000,52.8,53.7,53.25,54.9,4.95,9.90991,35.0,3549.0,0.1119,0.3436,0.0016,7.8168,-1.5734,1.9762,53.0082,50.91,58.31,50.91,49.9500007629394,down,2026-08-21T15:55:54,0.0,0.0
SPXW,2026-09-18,28,Call,7790.0,SPXW260918C07790000,54.3,54.7,54.5,57.05,5.9,11.5347,62.0,221.0,0.1128,0.3454,0.0015,7.868,-1.5821,1.9854,54.0887,56.94,63.0,55.03,51.1499996185303,up,2026-08-21T15:20:44,0.0,0.0
SPX,2026-09-18,28,Put,7790.0,SPX260918P07790000,150.7,152.5,151.6,159.38,-10.67,-6.27463,54.0,3248.0,0.1119,-0.6562,0.0016,7.8168,-1.5734,-3.9788,152.8976,155.51,159.38,155.51,170.050003051758,up,2026-08-21T09:35:53,0.0,0.0
SPXW,2026-09-18,28,Put,7790.0,SPXW260918P07790000,153.0,153.4,153.2,159.2,-12.15,-7.09075,2.0,108.0,0.1126,-0.6545,0.0015,7.868,-1.5821,-3.9695,154.2415,156.8,159.2,156.8,171.350006103516,up,2026-08-21T10:04:09,0.0,0.0
SPX,2026-09-18,28,Call,7795.0,SPX260918C07795000,50.8,51.8,51.3,51.87,3.72,7.72585,2.0,2535.0,0.1114,0.3355,0.0015,7.7509,-1.5533,1.9301,51.0848,51.87,51.87,51.87,48.1500015258789,up,2026-08-21T10:57:27,0.0,0.0
SPXW,2026-09-18,28,Call,7795.0,SPXW260918C07795000,52.3,52.7,52.5,56.08,6.78,13.7525,21.0,374.0,0.1122,0.3373,0.0015,7.8031,-1.5622,1.9397,52.1506,51.35,56.08,51.33,49.3000011444092,up,2026-08-21T15:51:28,0.0,0.0
SPX,2026-09-18,28,Put,7795.0,SPX260918P07795000,153.7,155.5,154.6,155.78,-17.47,-10.0837,2.0,2538.0,0.1115,-0.6644,0.0015,7.7509,-1.5533,-4.0287,155.9575,155.78,155.78,155.78,173.25,up,2026-08-21T10:57:27,0.0,0.0
SPXW,2026-09-18,28,Put,7795.0,SPXW260918P07795000,156.0,156.4,156.2,156.6,-17.8,-10.2064,5.0,25.0,0.1122,-0.6626,0.0015,7.8031,-1.5622,-4.019,157.2867,156.6,156.6,156.6,174.400001525879,up,2026-08-21T13:50:34,0.0,0.0
SPX,2026-09-18,28,Call,7800.0,SPX260918C07800000,48.9,49.9,49.4,49.85,3.5,7.55124,3134.0,41244.0,0.111,0.3274,0.0015,7.6822,-1.5327,1.8843,49.209,52.68,60.18,46.35,46.3499984741211,up,2026-08-21T16:06:48,0.0,0.0
SPXW,2026-09-18,28,Call,7800.0,SPXW260918C07800000,50.4,50.8,50.599999999999994,51.08,3.63,7.65016,229.0,4098.0,0.1119,0.3293,0.0015,7.7355,-1.5418,1.8944,50.2599,54.13,59.2,47.47,47.4499988555908,no_change,2026-08-21T16:08:51,0.0,0.0
SPX,2026-09-18,28,Put,7800.0,SPX260918P07800000,157.0,158.5,157.75,158.39,-17.96,-10.1843,120.0,24096.0,0.111,-0.6725,0.0015,7.6822,-1.5327,-4.0783,159.065,160.75,165.38,154.93,176.349998474121,up,2026-08-21T16:04:19,0.0,0.0
SPXW,2026-09-18,28,Put,7800.0,SPXW260918P07800000,159.0,159.5,159.25,157.53,-20.07,-11.3007,22.0,538.0,0.1118,-0.6706,0.0015,7.7355,-1.5418,-4.0682,160.3792,161.9,169.95,149.81,177.599998474121,up,2026-08-21T14:58:37,0.0,0.0
SPX,2026-09-18,28,Call,7805.0,SPX260918C07805000,47.1,48.0,47.55,49.3,4.75,10.6622,13.0,5671.0,0.1107,0.3193,0.0015,7.6105,-1.5116,1.8385,47.3806,47.47,49.3,47.47,44.5499992370606,up,2026-08-21T15:35:42,0.0,0.0
SPXW,2026-09-18,28,Call,7805.0,SPXW260918C07805000,48.6,49.0,48.8,50.58,4.83,10.5574,16.0,63.0,0.1116,0.3213,0.0015,7.665,-1.521,1.8492,48.416,49.02,56.47,46.4,45.75,down,2026-08-21T15:59:33,0.0,0.0
SPX,2026-09-18,28,Put,7805.0,SPX260918P07805000,159.9,161.7,160.8,162.49,-16.86,-9.40062,9.0,4300.0,0.1108,-0.6806,0.0015,7.6105,-1.5116,-4.128,162.2198,166.55,168.02,159.49,179.350006103516,up,2026-08-21T14:24:52,0.0,0.0
SPXW,2026-09-18,28,Put,7805.0,SPXW260918P07805000,162.2,162.6,162.39999999999998,160.18,-20.62,-11.4049,30.0,35.0,0.1114,-0.6786,0.0015,7.665,-1.521,-4.1172,163.5188,168.2,168.2,160.18,180.800003051758,down,2026-08-21T11:07:56,0.0,0.0
SPX,2026-09-18,28,Call,7810.0,SPX260918C07810000,45.3,46.1,45.7,50.02,7.17,16.7328,30.0,4177.0,0.1103,0.3113,0.0015,7.5352,-1.49,1.7924,45.5994,47.31,54.06,43.4,42.8499984741211,no_change,2026-08-21T15:48:29,0.0,0.0
SPXW,2026-09-18,28,Call,7810.0,SPXW260918C07810000,46.8,47.1,46.95,47.41,3.36,7.62769,115.0,400.0,0.1112,0.3133,0.0015,7.5911,-1.4996,1.8037,46.619,50.41,54.95,44.41,44.0500011444092,no_change,2026-08-21T16:08:51,0.0,0.0
SPX,2026-09-18,28,Put,7810.0,SPX260918P07810000,163.1,164.9,164.0,153.2,0.0,0.0,0.0,3812.0,0.1104,-0.6886,0.0015,7.5352,-1.49,-4.1778,165.422,0.0,0.0,0.0,183.099998474121,up,2026-08-18T14:19:45,0.0,0.0
SPXW,2026-09-18,28,Put,7810.0,SPXW260918P07810000,165.4,165.8,165.60000000000002,163.83,-20.42,-11.0828,4.0,67.0,0.1111,-0.6865,0.0015,7.5911,-1.4996,-4.1665,166.7051,165.6,165.6,163.83,184.25,down,2026-08-21T14:58:37,0.0,0.0
SPX,2026-09-18,28,Call,7815.0,SPX260918C07815000,43.6,44.4,44.0,46.8,5.55,13.4545,36.0,3738.0,0.11,0.3033,0.0015,7.4561,-1.468,1.7461,43.8656,46.4,51.66,43.67,41.25,down,2026-08-21T15:50:42,0.0,0.0
SPXW,2026-09-18,28,Call,7815.0,SPXW260918C07815000,45.0,45.4,45.2,47.6,5.25,12.3967,28.0,97.0,0.1108,0.3054,0.0015,7.5134,-1.4778,1.758,44.869,46.62,51.82,46.1,42.3500003814697,up,2026-08-21T15:38:57,0.0,0.0
SPX,2026-09-18,28,Put,7815.0,SPX260918P07815000,166.5,168.2,167.35,179.51,0.0,0.0,0.0,3722.0,0.11,-0.6966,0.0015,7.4561,-1.468,-4.2279,168.6715,0.0,0.0,0.0,186.0,up,2026-08-20T14:02:54,0.0,0.0
SPXW,2026-09-18,28,Put,7815.0,SPXW260918P07815000,168.6,169.0,168.8,160.6,0.0,0.0,0.0,40.0,0.1107,-0.6944,0.0015,7.5134,-1.4778,-4.216,169.9384,0.0,0.0,0.0,187.099998474121,up,2026-08-18T15:53:00,0.0,0.0
SPX,2026-09-18,28,Call,7820.0,SPX260918C07820000,41.9,42.8,42.349999999999994,46.4,6.75,17.024,2.0,2423.0,0.1097,0.2954,0.0015,7.3732,-1.4455,1.7,42.1789,41.64,46.4,41.64,39.6500015258789,up,2026-08-21T15:48:11,0.0,0.0
SPXW,2026-09-18,28,Call,7820.0,SPXW260918C07820000,43.3,43.7,43.5,43.6,2.85,6.99387,519.0,1620.0,0.1105,0.2976,0.0015,7.432,-1.4556,1.7124,43.1659,44.45,46.89,40.8,40.75,no_change,2026-08-21T16:01:19,0.0,0.0
SPX,2026-09-18,28,Put,7820.0,SPX260918P07820000,169.7,171.5,170.6,164.61,0.0,0.0,0.0,2093.0,0.1097,-0.7045,0.0015,7.3732,-1.4455,-4.2778,171.968,0.0,0.0,0.0,189.75,up,2026-08-20T09:51:14,0.0,0.0
SPXW,2026-09-18,28,Put,7820.0,SPXW260918P07820000,170.9,173.2,172.05,175.81,-14.94,-7.83224,5.0,73.0,0.1105,-0.7023,0.0015,7.432,-1.4556,-4.2655,173.2185,175.83,175.83,175.78,190.75,no_change,2026-08-21T14:33:47,0.0,0.0
SPX,2026-09-18,28,Call,7825.0,SPX260918C07825000,40.2,41.0,40.6,41.2,3.1,8.13648,82.0,7730.0,0.1093,0.2875,0.0015,7.2872,-1.4226,1.6546,40.5388,43.4,47.9,38.1,38.1000003814697,down,2026-08-21T16:00:01,0.0,0.0
SPXW,2026-09-18,28,Call,7825.0,SPXW260918C07825000,41.6,42.0,41.8,44.1,4.95,12.6437,1114.0,523.0,0.1101,0.2898,0.0015,7.3473,-1.4329,1.6672,41.5091,42.8,48.47,40.13,39.1499996185303,up,2026-08-21T15:38:57,0.0,0.0
SPX,2026-09-18,28,Put,7825.0,SPX260918P07825000,173.1,174.8,173.95,176.28,-16.97,-8.78137,752.0,3286.0,0.1094,-0.7123,0.0015,7.2872,-1.4226,-4.3271,175.3112,181.43,181.43,176.28,193.25,down,2026-08-21T14:43:04,0.0,0.0
SPXW,2026-09-18,28,Put,7825.0,SPXW260918P07825000,174.3,176.5,175.4,171.81,-22.14,-11.4153,30.0,100.0,0.1101,-0.71,0.0015,7.3473,-1.4329,-4.3145,176.545,183.38,183.38,171.81,193.949996948242,down,2026-08-21T11:33:18,0.0,0.0
SPX,2026-09-18,28,Call,7830.0,SPX260918C07830000,38.6,39.4,39.0,43.1,6.55,17.9207,2.0,2627.0,0.109,0.2798,0.0015,7.1987,-1.3992,1.6099,38.9442,43.0,43.1,43.0,36.5499992370606,up,2026-08-21T15:48:34,0.0,0.0
SPXW,2026-09-18,28,Call,7830.0,SPXW260918C07830000,40.0,40.3,40.15,42.0,4.4,11.7021,99.0,248.0,0.1098,0.2821,0.0014,7.26,-1.4098,1.6228,39.898,39.6,46.31,38.6,37.6000003814697,no_change,2026-08-21T15:58:02,0.0,0.0
SPX,2026-09-18,28,Put,7830.0,SPX260918P07830000,176.4,178.5,177.45,166.4,0.0,0.0,0.0,2230.0,0.109,-0.7201,0.0015,7.1987,-1.3992,-4.3756,178.6999,0.0,0.0,0.0,196.25,up,2026-08-18T15:40:36,0.0,0.0
SPXW,2026-09-18,28,Put,7830.0,SPXW260918P07830000,176.5,180.9,178.7,182.61,-14.79,-7.4924,5.0,65.0,0.1099,-0.7178,0.0014,7.26,-1.4098,-4.3627,179.9172,182.63,182.63,182.58,197.400001525879,no_change,2026-08-21T14:33:47,0.0,0.0
SPX,2026-09-18,28,Call,7835.0,SPX260918C07835000,37.1,37.8,37.45,40.25,5.15,14.6724,56.0,1637.0,0.1086,0.272,0.0014,7.1083,-1.3755,1.5662,37.3944,40.2,44.9,39.94,35.1000003814697,down,2026-08-21T15:51:26,0.0,0.0
SPXW,2026-09-18,28,Call,7835.0,SPXW260918C07835000,38.4,38.8,38.599999999999994,38.93,2.83,7.83933,246.0,281.0,0.1094,0.2744,0.0014,7.1706,-1.3863,1.5793,38.3316,38.88,41.6,37.68,36.1000003814697,no_change,2026-08-21T15:59:47,0.0,0.0
SPX,2026-09-18,28,Put,7835.0,SPX260918P07835000,179.7,181.9,180.8,180.34,-19.41,-9.71715,1.0,1574.0,0.1087,-0.7278,0.0014,7.1083,-1.3755,-4.4232,182.1334,180.34,180.34,180.34,199.75,up,2026-08-21T11:01:40,0.0,0.0
SPXW,2026-09-18,28,Put,7835.0,SPXW260918P07835000,179.9,184.3,182.10000000000002,169.4,0.0,0.0,0.0,21.0,0.1096,-0.7254,0.0014,7.1706,-1.3863,-4.41,183.3341,0.0,0.0,0.0,200.900001525879,down,2026-08-18T10:49:55,0.0,0.0
SPX,2026-09-18,28,Call,7840.0,SPX260918C07840000,35.4,36.4,35.9,38.8,5.15,15.3046,185.0,722.0,0.1083,0.2644,0.0014,7.016,-1.3514,1.5229,35.8884,35.15,39.5,35.15,33.6500015258789,down,2026-08-21T15:51:40,0.0,0.0
SPXW,2026-09-18,28,Call,7840.0,SPXW260918C07840000,36.9,37.2,37.05,37.38,2.73,7.87879,88.0,152.0,0.109,0.2669,0.0014,7.0795,-1.3625,1.5364,36.809,36.47,46.3,36.47,34.6499996185303,no_change,2026-08-21T15:59:47,0.0,0.0
SPX,2026-09-18,28,Put,7840.0,SPX260918P07840000,183.3,185.4,184.35000000000002,188.9,-14.45,-7.10597,1.0,232.0,0.1083,-0.7354,0.0014,7.016,-1.3514,-4.4703,185.6107,188.9,188.9,188.9,203.349998474121,up,2026-08-21T10:54:59,0.0,0.0
SPXW,2026-09-18,28,Put,7840.0,SPXW260918P07840000,183.3,187.8,185.55,201.05,0.0,0.0,0.0,54.0,0.1089,-0.733,0.0014,7.0795,-1.3625,-4.4567,186.7948,0.0,0.0,0.0,204.650001525879,up,2026-08-20T14:29:42,0.0,0.0
SPX,2026-09-18,28,Call,7845.0,SPX260918C07845000,34.1,34.9,34.5,36.35,4.05,12.5387,16.0,108.0,0.1081,0.2568,0.0014,6.9215,-1.3269,1.4798,34.4259,33.15,37.7,33.15,32.2999992370606,down,2026-08-21T13:31:43,0.0,0.0
SPXW,2026-09-18,28,Call,7845.0,SPXW260918C07845000,35.4,35.7,35.55,37.78,4.53,13.6241,8.0,42.0,0.1087,0.2594,0.0014,6.9863,-1.3383,1.4938,35.3296,36.06,39.15,35.74,33.25,up,2026-08-21T15:39:12,0.0,0.0
SPX,2026-09-18,28,Put,7845.0,SPX260918P07845000,186.7,188.9,187.8,192.69,-14.21,-6.86805,4.0,0.0,0.108,-0.743,0.0014,6.9215,-1.3269,-4.5172,189.1314,195.4,195.4,192.69,206.900001525879,down,2026-08-21T10:55:36,0.0,0.0
SPXW,2026-09-18,28,Put,7845.0,SPXW260918P07845000,186.8,191.3,189.05,182.1,0.0,0.0,0.0,28.0,0.1086,-0.7405,0.0014,6.9864,-1.3383,-4.5031,190.2988,0.0,0.0,0.0,208.550003051758,up,2026-08-18T16:12:51,0.0,0.0
SPX,2026-09-18,28,Call,7850.0,SPX260918C07850000,32.8,33.4,33.099999999999994,33.5,2.55,8.23909,3881.0,10775.0,0.1074,0.2494,0.0014,6.8241,-1.3022,1.4367,33.0066,34.89,41.8,31.5,30.9500007629394,down,2026-08-21T16:06:48,0.0,0.0
SPXW,2026-09-18,28,Call,7850.0,SPXW260918C07850000,33.9,34.3,34.099999999999994,35.94,4.04,12.6646,75.0,1882.0,0.1085,0.252,0.0014,6.8906,-1.3138,1.4512,33.8935,35.6,43.0,31.9,31.8999996185303,down,2026-08-21T15:56:49,0.0,0.0
SPX,2026-09-18,28,Put,7850.0,SPX260918P07850000,190.5,192.3,191.4,181.74,-28.81,-13.6832,62.0,333.0,0.1076,-0.7505,0.0014,6.8241,-1.3022,-4.5641,192.6954,186.27,186.27,181.72,210.550003051758,up,2026-08-21T12:00:09,0.0,0.0
SPXW,2026-09-18,28,Put,7850.0,SPXW260918P07850000,190.4,194.8,192.60000000000002,178.9,0.0,0.0,0.0,73.0,0.1086,-0.7479,0.0014,6.8906,-1.3138,-4.5496,193.8458,0.0,0.0,0.0,212.050003051758,down,2026-08-18T15:32:30,0.0,0.0
SPX,2026-09-18,28,Call,7855.0,SPX260918C07855000,31.3,32.1,31.700000000000003,32.02,2.37,7.99326,10.0,1163.0,0.1074,0.242,0.0014,6.7235,-1.2772,1.3937,31.6303,34.8,40.22,32.02,29.6499996185303,down,2026-08-21T14:45:37,0.0,0.0
SPXW,2026-09-18,28,Call,7855.0,SPXW260918C07855000,32.5,32.9,32.7,33.27,2.67,8.72549,24.0,77.0,0.1081,0.2446,0.0014,6.7917,-1.2891,1.4086,32.5003,33.08,35.77,30.91,30.6000003814697,no_change,2026-08-21T16:01:16,0.0,0.0
SPX,2026-09-18,28,Put,7855.0,SPX260918P07855000,193.9,196.1,195.0,173.23,0.0,0.0,0.0,21.0,0.1074,-0.7578,0.0014,6.7235,-1.2772,-4.611,196.3025,0.0,0.0,0.0,214.200004577637,up,2026-08-19T15:46:57,0.0,0.0
SPXW,2026-09-18,28,Put,7855.0,SPXW260918P07855000,193.3,198.7,196.0,182.1,0.0,0.0,0.0,26.0,0.1079,-0.7552,0.0014,6.7917,-1.2891,-4.596,197.4359,0.0,0.0,0.0,215.75,up,2026-08-18T15:32:30,0.0,0.0
SPX,2026-09-18,28,Call,7860.0,SPX260918C07860000,30.0,30.7,30.35,32.42,4.07,14.3563,282.0,1119.0,0.107,0.2347,0.0014,6.6198,-1.2519,1.3511,30.2968,33.24,36.69,29.55,28.3500003814697,up,2026-08-21T15:59:15,0.0,0.0
SPXW,2026-09-18,28,Call,7860.0,SPXW260918C07860000,31.2,31.5,31.35,33.06,3.76,12.8328,42.0,345.0,0.1078,0.2374,0.0013,6.6896,-1.2641,1.3663,31.1497,31.62,35.27,30.93,29.3000001907349,up,2026-08-21T15:56:49,0.0,0.0
SPX,2026-09-18,28,Put,7860.0,SPX260918P07860000,197.5,199.7,198.6,196.6,-21.35,-9.79583,63.0,445.0,0.1072,-0.7651,0.0014,6.6198,-1.2519,-4.6574,199.9522,188.68,196.6,188.65,217.950004577637,up,2026-08-21T15:54:49,0.0,0.0
SPXW,2026-09-18,28,Put,7860.0,SPXW260918P07860000,197.0,202.3,199.65,183.8,0.0,0.0,0.0,17.0,0.1075,-0.7625,0.0013,6.6896,-1.2641,-4.6421,201.0686,0.0,0.0,0.0,219.549995422363,up,2026-08-18T10:43:05,0.0,0.0
SPX,2026-09-18,28,Call,7865.0,SPX260918C07865000,28.7,29.4,29.049999999999997,31.06,3.91,14.4015,24.0,357.0,0.1068,0.2275,0.0013,6.5137,-1.2263,1.3094,29.0052,30.13,32.6,27.28,27.1499996185303,down,2026-08-21T15:52:06,0.0,0.0
SPXW,2026-09-18,28,Call,7865.0,SPXW260918C07865000,29.8,30.2,30.0,38.3,10.2,36.2989,4.0,23.0,0.1075,0.2302,0.0013,6.585,-1.2388,1.3247,29.8412,32.06,38.3,32.06,28.1000003814697,up,2026-08-21T11:53:50,0.0,0.0
SPX,2026-09-18,28,Put,7865.0,SPX260918P07865000,201.2,203.4,202.3,145.74,0.0,0.0,0.0,37.0,0.1068,-0.7723,0.0013,6.5137,-1.2263,-4.7028,203.6439,0.0,0.0,0.0,221.700004577637,no_change,2026-08-14T15:17:02,0.0,0.0
SPXW,2026-09-18,28,Put,7865.0,SPXW260918P07865000,200.6,206.0,203.3,186.8,0.0,0.0,0.0,4.0,0.1072,-0.7696,0.0013,6.585,-1.2388,-4.6875,204.7434,0.0,0.0,0.0,223.299995422363,up,2026-08-18T10:43:58,0.0,0.0
SPX,2026-09-18,28,Call,7870.0,SPX260918C07870000,27.4,28.2,27.799999999999997,28.6,2.65,10.2119,77.0,1513.0,0.1064,0.2204,0.0013,6.406,-1.2006,1.2688,27.7545,30.59,33.9,27.95,25.9500007629395,no_change,2026-08-21T15:55:20,0.0,0.0
SPXW,2026-09-18,28,Call,7870.0,SPXW260918C07870000,28.6,28.9,28.75,27.54,0.64,2.37918,6.0,130.0,0.1071,0.2232,0.0013,6.4784,-1.2134,1.2842,28.5738,27.51,28.57,27.51,26.8999996185303,down,2026-08-21T10:46:07,0.0,0.0
SPX,2026-09-18,28,Put,7870.0,SPX260918P07870000,204.9,207.2,206.05,186.27,0.0,0.0,0.0,54.0,0.1066,-0.7794,0.0013,6.406,-1.2006,-4.7473,207.3765,0.0,0.0,0.0,225.5,down,2026-08-18T10:34:45,0.0,0.0
SPXW,2026-09-18,28,Put,7870.0,SPXW260918P07870000,204.3,209.7,207.0,142.6,0.0,0.0,0.0,16.0,0.107,-0.7767,0.0013,6.4784,-1.2134,-4.7318,208.4592,0.0,0.0,0.0,227.049995422363,down,2026-08-13T10:22:33,0.0,0.0
SPX,2026-09-18,28,Call,7875.0,SPX260918C07875000,26.2,27.0,26.6,27.05,2.2,8.85312,890.0,6727.0,0.1062,0.2134,0.0013,6.2973,-1.1746,1.2291,26.5437,26.05,29.4,25.9,24.8500003814697,down,2026-08-21T16:06:48,0.0,0.0
SPXW,2026-09-18,28,Call,7875.0,SPXW260918C07875000,27.3,27.7,27.5,28.07,2.42,9.4347,54.0,948.0,0.107,0.2162,0.0013,6.3708,-1.1877,1.2446,27.3465,28.0,30.9,27.19,25.6499996185303,no_change,2026-08-21T16:01:16,0.0,0.0
SPX,2026-09-18,28,Put,7875.0,SPX260918P07875000,208.7,211.0,209.85,175.75,0.0,0.0,0.0,41.0,0.1063,-0.7864,0.0013,6.2973,-1.1746,-4.7908,211.149,0.0,0.0,0.0,229.400001525879,no_change,2026-08-19T11:36:39,0.0,0.0
SPXW,2026-09-18,28,Put,7875.0,SPXW260918P07875000,208.0,213.5,210.75,154.14,0.0,0.0,0.0,99.0,0.1067,-0.7836,0.0013,6.3708,-1.1877,-4.7752,212.2152,0.0,0.0,0.0,230.900001525879,up,2026-08-17T10:05:20,0.0,0.0
SPX,2026-09-18,28,Call,7880.0,SPX260918C07880000,25.0,25.8,25.4,27.9,4.15,17.4737,133.0,623.0,0.1058,0.2066,0.0013,6.1878,-1.1486,1.19,25.3721,25.57,28.5,24.46,23.75,down,2026-08-21T15:51:28,0.0,0.0
SPXW,2026-09-18,28,Call,7880.0,SPXW260918C07880000,26.1,26.5,26.3,28.0,3.45,14.053,22.0,202.0,0.1066,0.2094,0.0013,6.2624,-1.1619,1.2058,26.1584,24.89,29.54,24.89,24.5500001907349,up,2026-08-21T14:58:20,0.0,0.0
SPX,2026-09-18,28,Put,7880.0,SPX260918P07880000,212.5,214.8,213.65,197.1,0.0,0.0,0.0,4.0,0.106,-0.7933,0.0013,6.1878,-1.1486,-4.8338,214.9607,0.0,0.0,0.0,233.25,up,2026-08-20T11:01:29,0.0,0.0
SPXW,2026-09-18,28,Put,7880.0,SPXW260918P07880000,211.8,217.3,214.55,155.6,0.0,0.0,0.0,51.0,0.1065,-0.7904,0.0013,6.2624,-1.1619,-4.8179,216.0105,0.0,0.0,0.0,234.800003051758,up,2026-08-17T10:16:50,0.0,0.0
SPX,2026-09-18,28,Call,7885.0,SPX260918C07885000,23.9,24.7,24.299999999999997,26.07,3.37,14.8458,5.0,349.0,0.1056,0.1998,0.0012,6.077,-1.1224,1.1511,24.2393,25.99,26.07,24.85,22.6999998092651,up,2026-08-21T15:59:12,0.0,0.0
SPXW,2026-09-18,28,Call,7885.0,SPXW260918C07885000,25.0,25.3,25.15,27.94,4.49,19.1471,60.0,64.0,0.1063,0.2027,0.0012,6.1529,-1.136,1.1673,25.0091,25.2,28.37,25.2,23.4499998092651,down,2026-08-21T13:11:30,0.0,0.0
SPX,2026-09-18,28,Put,7885.0,SPX260918P07885000,216.4,218.7,217.55,152.43,0.0,0.0,0.0,5.0,0.1057,-0.8,0.0012,6.077,-1.1224,-4.8765,218.8111,0.0,0.0,0.0,237.200004577637,down,2026-08-13T10:49:21,0.0,0.0
SPXW,2026-09-18,28,Put,7885.0,SPXW260918P07885000,215.7,221.1,218.39999999999998,151.0,0.0,0.0,0.0,12.0,0.1061,-0.7972,0.0012,6.1529,-1.136,-4.8602,219.8444,0.0,0.0,0.0,238.699996948242,down,2026-08-13T10:19:09,0.0,0.0
SPX,2026-09-18,28,Call,7890.0,SPX260918C07890000,22.8,23.5,23.15,24.92,3.27,15.1039,19.0,1173.0,0.1051,0.1931,0.0012,5.9643,-1.0961,1.1124,23.145,22.55,26.56,22.55,21.6499996185303,up,2026-08-21T15:59:12,0.0,0.0
SPXW,2026-09-18,28,Call,7890.0,SPXW260918C07890000,23.9,24.2,24.049999999999997,26.54,4.09,18.2183,26.0,176.0,0.106,0.196,0.0012,6.0418,-1.11,1.129,23.8982,23.32,31.05,23.32,22.4499998092651,down,2026-08-21T15:00:05,0.0,0.0
SPX,2026-09-18,28,Put,7890.0,SPX260918P07890000,220.3,222.6,221.45,212.53,0.0,0.0,0.0,63.0,0.1054,-0.8067,0.0012,5.9643,-1.0961,-4.919,222.7001,0.0,0.0,0.0,241.150001525879,down,2026-08-20T10:41:16,0.0,0.0
SPXW,2026-09-18,28,Put,7890.0,SPXW260918P07890000,219.5,225.0,222.25,204.7,0.0,0.0,0.0,30.0,0.1059,-0.8038,0.0012,6.0418,-1.11,-4.9023,223.7168,0.0,0.0,0.0,242.649993896484,up,2026-08-18T12:18:14,0.0,0.0
SPX,2026-09-18,28,Call,7895.0,SPX260918C07895000,21.8,22.4,22.1,22.06,1.41,6.82809,102.0,368.0,0.1049,0.1866,0.0012,5.8493,-1.0698,1.0741,22.0889,23.63,24.36,22.06,20.6499996185303,down,2026-08-21T16:14:36,0.0,0.0
SPXW,2026-09-18,28,Call,7895.0,SPXW260918C07895000,22.8,23.1,22.950000000000003,22.33,0.88,4.10256,3.0,203.0,0.1058,0.1895,0.0012,5.9286,-1.084,1.0909,22.8255,22.34,22.34,22.33,21.4499998092651,down,2026-08-21T10:46:19,0.0,0.0
SPX,2026-09-18,28,Put,7895.0,SPX260918P07895000,224.2,226.5,225.35,167.9,0.0,0.0,0.0,2.0,0.1053,-0.8132,0.0012,5.8493,-1.0698,-4.9611,226.6273,0.0,0.0,0.0,245.150001525879,down,2026-08-13T11:37:09,0.0,0.0
SPXW,2026-09-18,28,Put,7895.0,SPXW260918P07895000,223.2,229.0,226.1,164.5,0.0,0.0,0.0,32.0,0.1057,-0.8103,0.0012,5.9286,-1.084,-4.9442,227.6274,0.0,0.0,0.0,246.649993896484,up,2026-08-17T10:35:39,0.0,0.0
SPX,2026-09-18,28,Call,7900.0,SPX260918C07900000,20.8,21.4,21.1,22.56,2.81,14.2278,6193.0,26264.0,0.1046,0.1802,0.0012,5.7324,-1.0434,1.0367,21.0705,23.76,27.1,19.95,19.75,up,2026-08-21T15:58:11,0.0,0.0
SPXW,2026-09-18,28,Call,7900.0,SPXW260918C07900000,21.7,22.1,21.9,22.0,1.25,6.11247,171.0,1998.0,0.1057,0.1831,0.0012,5.8133,-1.0579,1.0535,21.7906,22.6,29.0,20.74,20.4499998092651,down,2026-08-21T16:11:02,0.0,0.0
SPX,2026-09-18,28,Put,7900.0,SPX260918P07900000,228.3,230.3,229.3,233.35,-15.9,-6.37914,14.0,931.0,0.1049,-0.8197,0.0012,5.7324,-1.0434,-5.0023,230.5921,235.53,235.53,233.35,249.25,down,2026-08-21T10:05:31,0.0,0.0
SPXW,2026-09-18,28,Put,7900.0,SPXW260918P07900000,227.2,232.9,230.05,225.75,-24.9,-9.93417,50.0,62.0,0.1058,-0.8167,0.0012,5.8133,-1.0579,-4.9854,231.5757,225.75,225.75,225.75,250.649993896484,no_change,2026-08-21T12:22:21,0.0,0.0
SPX,2026-09-18,28,Call,7905.0,SPX260918C07905000,19.8,20.4,20.1,20.75,1.95,10.3723,3.0,278.0,0.1044,0.1739,0.0012,5.6142,-1.017,1.0003,20.0886,23.24,23.24,20.75,18.8000001907349,down,2026-08-21T14:48:14,0.0,0.0
SPXW,2026-09-18,28,Call,7905.0,SPXW260918C07905000,20.7,21.1,20.9,21.5,1.95,9.97442,7.0,63.0,0.1052,0.1768,0.0012,5.6964,-1.0318,1.0171,20.7925,19.79,23.93,19.79,19.5500001907349,down,2026-08-21T14:46:39,0.0,0.0
SPX,2026-09-18,28,Put,7905.0,SPX260918P07905000,232.1,234.5,233.3,233.2,-20.1,-7.93526,1.0,1.0,0.1046,-0.826,0.0012,5.6142,-1.017,-5.0425,234.5936,233.2,233.2,233.2,253.300003051758,up,2026-08-21T13:51:50,0.0,0.0
SPXW,2026-09-18,28,Put,7905.0,SPXW260918P07905000,231.1,236.8,233.95,183.2,0.0,0.0,0.0,24.0,0.1052,-0.823,0.0012,5.6964,-1.0318,-5.0256,235.5609,0.0,0.0,0.0,254.75,up,2026-08-17T15:46:53,0.0,0.0
SPX,2026-09-18,28,Call,7910.0,SPX260918C07910000,18.9,19.5,19.2,20.9,2.95,16.4345,7.0,1335.0,0.1041,0.1677,0.0011,5.4956,-0.9907,0.9651,19.1424,19.45,22.3,18.15,17.9500007629395,up,2026-08-21T15:52:57,0.0,0.0
SPXW,2026-09-18,28,Call,7910.0,SPXW260918C07910000,19.8,20.1,19.950000000000003,22.2,3.55,19.0349,53.0,270.0,0.105,0.1707,0.0011,5.5788,-1.0057,0.9818,19.8302,22.58,22.58,21.16,18.6499996185303,up,2026-08-21T15:47:53,0.0,0.0
SPX,2026-09-18,28,Put,7910.0,SPX260918P07910000,236.2,238.5,237.35,357.9,0.0,0.0,0.0,2.0,0.1045,-0.8321,0.0011,5.4956,-0.9907,-5.0816,238.6306,0.0,0.0,0.0,257.399993896484,down,2026-07-10T12:07:33,0.0,0.0
SPXW,2026-09-18,28,Put,7910.0,SPXW260918P07910000,235.1,241.0,238.05,233.53,-25.27,-9.7643,50.0,58.0,0.1055,-0.8292,0.0011,5.5788,-1.0057,-5.0648,239.582,233.53,233.53,233.53,258.800003051758,no_change,2026-08-21T12:22:21,0.0,0.0
SPX,2026-09-18,28,Call,7915.0,SPX260918C07915000,17.9,18.6,18.25,19.64,2.59,15.1906,302.0,673.0,0.1039,0.1617,0.0011,5.3772,-0.9644,0.9307,18.2308,18.65,19.64,17.68,17.0499992370605,up,2026-08-21T11:28:31,0.0,0.0
SPXW,2026-09-18,28,Call,7915.0,SPXW260918C07915000,18.8,19.2,19.0,21.2,3.45,19.4366,6.0,55.0,0.1048,0.1647,0.0011,5.4612,-0.9797,0.9475,18.9028,18.56,21.2,18.1,17.75,up,2026-08-21T15:47:53,0.0,0.0
SPX,2026-09-18,28,Put,7915.0,SPX260918P07915000,240.2,242.6,241.39999999999998,0.0,0.0,0.0,0.0,0.0,0.1042,-0.8382,0.0011,5.3772,-0.9644,-5.1198,242.7023,0.0,0.0,0.0,261.5,no_change,,0.0,0.0
SPXW,2026-09-18,28,Put,7915.0,SPXW260918P07915000,239.2,245.0,242.1,177.2,0.0,0.0,0.0,25.0,0.1047,-0.8352,0.0011,5.4612,-0.9797,-5.1029,243.6379,0.0,0.0,0.0,262.900009155273,up,2026-08-17T10:03:51,0.0,0.0
SPX,2026-09-18,28,Call,7920.0,SPX260918C07920000,17.1,17.7,17.4,18.7,2.45,15.0769,7.0,681.0,0.1037,0.1557,0.0011,5.259,-0.9383,0.8968,17.3533,17.02,22.9,17.02,16.25,up,2026-08-21T15:58:11,0.0,0.0
SPXW,2026-09-18,28,Call,7920.0,SPXW260918C07920000,17.9,18.3,18.1,19.77,2.82,16.6372,125.0,264.0,0.1046,0.1588,0.0011,5.3438,-0.9538,0.9139,18.0095,18.78,21.79,18.78,16.9499998092651,down,2026-08-21T15:30:09,0.0,0.0
SPX,2026-09-18,28,Put,7920.0,SPX260918P07920000,244.3,246.7,245.5,199.87,0.0,0.0,0.0,57.0,0.104,-0.8441,0.0011,5.259,-0.9383,-5.1574,246.8081,0.0,0.0,0.0,265.700012207031,up,2026-08-19T11:09:27,0.0,0.0
SPXW,2026-09-18,28,Put,7920.0,SPXW260918P07920000,243.3,249.2,246.25,180.2,0.0,0.0,0.0,80.0,0.1044,-0.8411,0.0011,5.3438,-0.9538,-5.1403,247.7279,0.0,0.0,0.0,267.099990844727,up,2026-08-17T10:30:06,0.0,0.0
SPX,2026-09-18,28,Call,7925.0,SPX260918C07925000,16.2,16.8,16.5,16.7,1.25,8.09062,359.0,3483.0,0.1034,0.15,0.0011,5.1405,-0.9123,0.8633,16.5094,17.0,18.56,15.9,15.4499998092651,down,2026-08-21T16:11:09,0.0,0.0
SPXW,2026-09-18,28,Call,7925.0,SPXW260918C07925000,17.1,17.4,17.25,18.5,2.35,14.5511,65.0,430.0,0.1044,0.153,0.0011,5.2264,-0.928,0.8806,17.1498,17.97,22.13,16.95,16.1499996185303,no_change,2026-08-21T15:35:31,0.0,0.0
SPX,2026-09-18,28,Put,7925.0,SPX260918P07925000,248.5,250.9,249.7,247.69,-22.16,-8.21197,2.0,56.0,0.1037,-0.8499,0.0011,5.1405,-0.9123,-5.1948,250.9475,247.69,247.69,247.69,269.849990844727,no_change,2026-08-21T15:16:40,0.0,0.0
SPXW,2026-09-18,28,Put,7925.0,SPXW260918P07925000,247.4,253.3,250.35000000000002,232.54,0.0,0.0,0.0,68.0,0.1042,-0.8469,0.0011,5.2264,-0.928,-5.1774,251.8514,0.0,0.0,0.0,271.300003051758,up,2026-08-18T13:55:12,0.0,0.0
SPX,2026-09-18,28,Call,7930.0,SPX260918C07930000,15.4,16.0,15.7,17.0,2.25,15.2542,133.0,402.0,0.1032,0.1443,0.001,5.0211,-0.8864,0.8303,15.6989,17.45,20.1,17.0,14.75,down,2026-08-21T15:54:10,0.0,0.0
SPXW,2026-09-18,28,Call,7930.0,SPXW260918C07930000,16.2,16.6,16.4,17.7,2.35,15.3094,65.0,472.0,0.1042,0.1473,0.001,5.1086,-0.9023,0.8478,16.3234,16.05,20.35,16.05,15.3499999046326,down,2026-08-21T15:38:57,0.0,0.0
SPX,2026-09-18,28,Put,7930.0,SPX260918P07930000,252.6,255.1,253.85,247.5,-26.65,-9.72096,78.0,17.0,0.1036,-0.8556,0.001,5.0211,-0.8864,-5.2317,255.1203,251.27,252.11,247.5,274.150009155273,down,2026-08-21T15:46:35,0.0,0.0
SPXW,2026-09-18,28,Put,7930.0,SPXW260918P07930000,251.5,257.3,254.4,209.9,0.0,0.0,0.0,36.0,0.1047,-0.8525,0.001,5.1086,-0.9023,-5.2141,256.0083,0.0,0.0,0.0,275.449996948242,down,2026-08-12T13:11:34,0.0,0.0
SPX,2026-09-18,28,Call,7935.0,SPX260918C07935000,14.7,15.2,14.95,16.61,2.61,18.6429,201.0,400.0,0.1029,0.1388,0.001,4.9008,-0.8607,0.798,14.921,14.5,16.61,14.5,14.0,up,2026-08-21T15:05:39,0.0,0.0
SPXW,2026-09-18,28,Call,7935.0,SPXW260918C07935000,15.4,15.8,15.600000000000001,17.68,3.08,21.0959,4.0,11.0,0.1038,0.1418,0.001,4.9897,-0.8769,0.8155,15.5297,18.47,18.47,17.68,14.5999999046326,down,2026-08-21T12:26:45,0.0,0.0
SPX,2026-09-18,28,Put,7935.0,SPX260918P07935000,256.8,259.3,258.05,215.75,0.0,0.0,0.0,3.0,0.1033,-0.8611,0.001,4.9008,-0.8607,-5.2678,259.3257,0.0,0.0,0.0,278.349990844727,down,2026-08-12T12:15:36,0.0,0.0
SPXW,2026-09-18,28,Put,7935.0,SPXW260918P07935000,255.7,261.7,258.7,187.8,0.0,0.0,0.0,34.0,0.1037,-0.858,0.001,4.9897,-0.8769,-5.2502,260.1979,0.0,0.0,0.0,279.75,up,2026-08-17T09:42:52,0.0,0.0
SPX,2026-09-18,28,Call,7940.0,SPX260918C07940000,13.9,14.5,14.2,15.7,2.4,18.0451,169.0,1459.0,0.1028,0.1334,0.001,4.78,-0.8353,0.7668,14.1751,13.97,17.15,13.9,13.3000001907349,up,2026-08-21T15:52:58,0.0,0.0
SPXW,2026-09-18,28,Call,7940.0,SPXW260918C07940000,14.7,15.0,14.85,17.62,3.77,27.2202,23.0,339.0,0.1036,0.1364,0.001,4.8702,-0.8516,0.7841,14.7681,14.67,18.55,14.67,13.8499999046326,down,2026-08-21T12:16:21,0.0,0.0
SPX,2026-09-18,28,Put,7940.0,SPX260918P07940000,261.0,263.6,262.3,192.65,0.0,0.0,0.0,5.0,0.103,-0.8664,0.001,4.78,-0.8353,-5.3028,263.563,0.0,0.0,0.0,282.650009155273,down,2026-08-17T11:00:12,0.0,0.0
SPXW,2026-09-18,28,Put,7940.0,SPXW260918P07940000,259.9,265.9,262.9,189.5,0.0,0.0,0.0,29.0,0.1043,-0.8634,0.001,4.8702,-0.8516,-5.2854,264.4195,0.0,0.0,0.0,283.949996948242,down,2026-08-14T15:43:06,0.0,0.0
SPX,2026-09-18,28,Call,7945.0,SPX260918C07945000,13.2,13.8,13.5,15.04,2.39,18.8933,1.0,476.0,0.1026,0.1282,0.001,4.6593,-0.8101,0.7367,13.4598,15.04,15.04,15.04,12.6499996185303,up,2026-08-21T15:05:39,0.0,0.0
SPXW,2026-09-18,28,Call,7945.0,SPXW260918C07945000,13.9,14.3,14.100000000000001,16.15,2.95,22.3485,1.0,43.0,0.1033,0.1312,0.001,4.7503,-0.8266,0.7538,14.0375,16.15,16.15,16.15,13.2000002861023,up,2026-08-21T15:49:23,0.0,0.0
SPX,2026-09-18,28,Put,7945.0,SPX260918P07945000,265.3,267.8,266.55,0.0,0.0,0.0,0.0,0.0,0.1031,-0.8717,0.001,4.6593,-0.8101,-5.3366,267.8311,0.0,0.0,0.0,287.0,no_change,,0.0,0.0
SPXW,2026-09-18,28,Put,7945.0,SPXW260918P07945000,264.2,270.2,267.2,198.8,0.0,0.0,0.0,2.0,0.1039,-0.8687,0.001,4.7503,-0.8266,-5.3195,268.6723,0.0,0.0,0.0,288.25,down,2026-08-13T11:28:48,0.0,0.0
SPX,2026-09-18,28,Call,7950.0,SPX260918C07950000,12.5,13.1,12.8,13.15,1.15,9.58333,113.0,8623.0,0.1022,0.123,0.0009,4.5395,-0.7852,0.7077,12.7744,13.05,15.8,12.2,12.0,down,2026-08-21T16:06:18,0.0,0.0
SPXW,2026-09-18,28,Call,7950.0,SPXW260918C07950000,13.2,13.6,13.399999999999999,14.64,2.09,16.6534,133.0,3110.0,0.1033,0.1261,0.0009,4.6311,-0.8018,0.7247,13.337,15.4,16.86,12.9,12.5499997138977,no_change,2026-08-21T15:38:41,0.0,0.0
SPX,2026-09-18,28,Put,7950.0,SPX260918P07950000,269.8,272.0,270.9,247.7,0.0,0.0,0.0,104.0,0.1029,-0.8768,0.0009,4.5395,-0.7852,-5.3695,272.1289,0.0,0.0,0.0,291.349990844727,up,2026-08-18T10:18:48,0.0,0.0
SPXW,2026-09-18,28,Put,7950.0,SPXW260918P07950000,268.4,274.5,271.45,274.56,0.0,0.0,0.0,74.0,0.1034,-0.8738,0.0009,4.6311,-0.8018,-5.3525,272.955,0.0,0.0,0.0,292.600006103516,up,2026-08-20T11:46:17,0.0,0.0
SPX,2026-09-18,28,Call,7955.0,SPX260918C07955000,11.9,12.4,12.15,14.6,3.2,28.0702,7.0,270.0,0.102,0.1181,0.0009,4.421,-0.7605,0.6793,12.1179,11.6,14.6,11.6,11.4000000953674,up,2026-08-21T12:13:05,0.0,0.0
SPXW,2026-09-18,28,Call,7955.0,SPXW260918C07955000,12.6,12.9,12.75,13.8,1.85,15.4812,43.0,43.0,0.103,0.1211,0.0009,4.513,-0.7774,0.6964,12.6655,14.2,14.2,13.8,11.9500002861023,down,2026-08-21T15:40:41,0.0,0.0
SPX,2026-09-18,28,Put,7955.0,SPX260918P07955000,273.9,276.5,275.2,267.0,0.0,0.0,0.0,1.0,0.1024,-0.8818,0.0009,4.421,-0.7605,-5.4017,276.4557,0.0,0.0,0.0,295.699996948242,up,2026-08-20T10:57:21,0.0,0.0
SPXW,2026-09-18,28,Put,7955.0,SPXW260918P07955000,272.7,278.8,275.75,275.92,0.0,0.0,0.0,5.0,0.1037,-0.8788,0.0009,4.513,-0.7774,-5.3846,277.2668,0.0,0.0,0.0,297.0,up,2026-08-20T10:16:53,0.0,0.0
SPX,2026-09-18,28,Call,7960.0,SPX260918C07960000,11.3,11.8,11.55,12.8,2.0,18.5185,2.0,336.0,0.1019,0.1133,0.0009,4.3036,-0.7363,0.6515,11.4899,12.76,12.8,12.76,10.8000001907349,up,2026-08-21T15:53:02,0.0,0.0
SPXW,2026-09-18,28,Call,7960.0,SPXW260918C07960000,11.9,12.2,12.05,13.29,1.99,17.6106,12.0,261.0,0.1027,0.1162,0.0009,4.3961,-0.7532,0.6686,12.0225,13.48,14.57,11.8,11.2999997138977,no_change,2026-08-21T15:38:41,0.0,0.0
SPX,2026-09-18,28,Put,7960.0,SPX260918P07960000,278.2,280.8,279.5,234.22,0.0,0.0,0.0,1.0,0.1023,-0.8866,0.0009,4.3036,-0.7363,-5.4334,280.811,0.0,0.0,0.0,300.100006103516,down,2026-08-07T15:58:58,0.0,0.0
SPXW,2026-09-18,28,Put,7960.0,SPXW260918P07960000,277.0,283.2,280.1,203.0,0.0,0.0,0.0,17.0,0.1028,-0.8836,0.0009,4.3961,-0.7532,-5.4162,281.6071,0.0,0.0,0.0,301.399993896484,down,2026-08-13T14:04:07,0.0,0.0
SPX,2026-09-18,28,Call,7965.0,SPX260918C07965000,10.7,11.2,10.95,12.54,2.29,22.3415,50.0,291.0,0.1017,0.1086,0.0009,4.1868,-0.7123,0.6241,10.8898,12.54,12.54,12.54,10.25,no_change,2026-08-21T15:09:14,0.0,0.0
SPXW,2026-09-18,28,Call,7965.0,SPXW260918C07965000,11.3,11.6,11.45,13.25,2.5,23.2558,1.0,77.0,0.1025,0.1116,0.0009,4.2801,-0.7294,0.6414,11.4074,13.25,13.25,13.25,10.75,down,2026-08-21T15:49:23,0.0,0.0
SPX,2026-09-18,28,Put,7965.0,SPX260918P07965000,282.7,285.2,283.95,0.0,0.0,0.0,0.0,0.0,0.1022,-0.8913,0.0009,4.1868,-0.7123,-5.4645,285.1942,0.0,0.0,0.0,304.5,no_change,,0.0,0.0
SPXW,2026-09-18,28,Put,7965.0,SPXW260918P07965000,281.4,287.5,284.45,221.53,0.0,0.0,0.0,8.0,0.1034,-0.8883,0.0009,4.2801,-0.7294,-5.4472,285.9753,0.0,0.0,0.0,305.800003051758,no_change,2026-08-17T14:44:08,0.0,0.0
SPX,2026-09-18,28,Call,7970.0,SPX260918C07970000,10.1,10.6,10.35,11.01,1.31,13.5052,480.0,1026.0,0.1016,0.104,0.0008,4.0705,-0.6888,0.5975,10.3172,11.0,11.01,11.0,9.69999980926514,no_change,2026-08-21T13:41:12,0.0,0.0
SPXW,2026-09-18,28,Call,7970.0,SPXW260918C07970000,10.7,11.0,10.85,14.2,4.0,39.2157,8.0,179.0,0.1023,0.107,0.0008,4.1648,-0.706,0.6147,10.8197,10.85,14.2,10.5,10.2000002861023,up,2026-08-21T11:48:22,0.0,0.0
SPX,2026-09-18,28,Put,7970.0,SPX260918P07970000,287.0,289.7,288.35,261.05,0.0,0.0,0.0,6.0,0.1022,-0.8958,0.0008,4.0705,-0.6888,-5.495,289.6049,0.0,0.0,0.0,309.0,up,2026-08-11T15:57:55,0.0,0.0
SPXW,2026-09-18,28,Put,7970.0,SPXW260918P07970000,285.8,291.9,288.85,216.0,0.0,0.0,0.0,3.0,0.1023,-0.8929,0.0008,4.1648,-0.706,-5.4778,290.3709,0.0,0.0,0.0,310.199996948242,up,2026-08-17T10:00:48,0.0,0.0
SPX,2026-09-18,28,Call,7975.0,SPX260918C07975000,9.6,10.0,9.8,11.27,2.12,23.1694,13.0,5051.0,0.1014,0.0996,0.0008,3.9547,-0.6657,0.5719,9.771,10.0,11.45,9.53,9.15000009536743,up,2026-08-21T15:50:00,0.0,0.0
SPXW,2026-09-18,28,Call,7975.0,SPXW260918C07975000,10.2,10.4,10.3,10.44,0.79,8.18653,81.0,546.0,0.1023,0.1026,0.0008,4.0498,-0.6829,0.5888,10.2588,11.62,13.85,10.05,9.65000009536743,down,2026-08-21T15:59:51,0.0,0.0
SPX,2026-09-18,28,Put,7975.0,SPX260918P07975000,291.5,294.1,292.8,299.1,0.0,0.0,0.0,4.0,0.1017,-0.9002,0.0008,3.9547,-0.6657,-5.5244,294.042,0.0,0.0,0.0,313.449996948242,up,2026-08-20T13:57:29,0.0,0.0
SPXW,2026-09-18,28,Put,7975.0,SPXW260918P07975000,290.2,296.4,293.29999999999995,288.27,-26.38,-8.38392,8.0,12.0,0.1023,-0.8973,0.0008,4.0498,-0.6829,-5.5075,294.7932,289.07,289.67,288.27,314.650009155273,down,2026-08-21T15:30:13,0.0,0.0
SPX,2026-09-18,28,Call,7980.0,SPX260918C07980000,9.1,9.5,9.3,9.6,0.9,10.3448,220.0,874.0,0.1011,0.0954,0.0008,3.8397,-0.643,0.5474,9.2504,10.4,10.5,9.5,8.69999980926514,up,2026-08-21T16:00:20,0.0,0.0
SPXW,2026-09-18,28,Call,7980.0,SPXW260918C07980000,9.6,9.9,9.75,10.08,0.93,10.1639,7.0,218.0,0.1021,0.0983,0.0008,3.9354,-0.6603,0.5639,9.7237,9.5,11.6,9.5,9.15000009536743,down,2026-08-21T14:36:38,0.0,0.0
SPX,2026-09-18,28,Put,7980.0,SPX260918P07980000,296.0,298.6,297.3,285.56,0.0,0.0,0.0,25.0,0.1019,-0.9045,0.0008,3.8397,-0.643,-5.5527,298.5047,0.0,0.0,0.0,317.949996948242,up,2026-08-20T09:35:16,0.0,0.0
SPXW,2026-09-18,28,Put,7980.0,SPXW260918P07980000,294.6,300.8,297.70000000000005,0.0,0.0,0.0,0.0,0.0,0.1019,-0.9016,0.0008,3.9354,-0.6603,-5.5361,299.2414,0.0,0.0,0.0,316.449996948242,no_change,,0.0,0.0
SPX,2026-09-18,28,Call,7985.0,SPX260918C07985000,8.6,9.0,8.8,9.87,1.57,18.9157,20.0,74.0,0.1009,0.0912,0.0008,3.7263,-0.6207,0.5239,8.7543,9.87,9.87,9.87,8.30000019073486,no_change,2026-08-21T15:46:45,0.0,0.0
SPXW,2026-09-18,28,Call,7985.0,SPXW260918C07985000,9.1,9.4,9.25,10.25,1.55,17.8161,1.0,51.0,0.1019,0.0941,0.0008,3.8221,-0.6381,0.5402,9.2134,10.25,10.25,10.25,8.7000002861023,up,2026-08-21T11:31:20,0.0,0.0
SPX,2026-09-18,28,Put,7985.0,SPX260918P07985000,300.4,303.1,301.75,0.0,0.0,0.0,0.0,0.0,0.1018,-0.9086,0.0008,3.7263,-0.6207,-5.58,302.9919,0.0,0.0,0.0,322.449996948242,no_change,,0.0,0.0
SPXW,2026-09-18,28,Put,7985.0,SPXW260918P07985000,299.3,305.3,302.3,0.0,0.0,0.0,0.0,0.0,0.1015,-0.9057,0.0008,3.8221,-0.6381,-5.5637,303.7144,0.0,0.0,0.0,320.849990844727,no_change,,0.0,0.0
SPX,2026-09-18,28,Call,7990.0,SPX260918C07990000,8.1,8.5,8.3,9.4,1.6,20.5128,134.0,1069.0,0.1008,0.0872,0.0007,3.6148,-0.5989,0.5012,8.2818,8.0,9.8,8.0,7.79999995231628,up,2026-08-21T15:52:27,0.0,0.0
SPXW,2026-09-18,28,Call,7990.0,SPXW260918C07990000,8.6,8.9,8.75,9.6,1.4,17.0732,3.0,234.0,0.1017,0.0901,0.0008,3.7105,-0.6163,0.5174,8.7269,8.8,9.6,8.8,8.2000002861023,up,2026-08-21T14:51:42,0.0,0.0
SPX,2026-09-18,28,Put,7990.0,SPX260918P07990000,305.0,307.6,306.3,305.87,-21.73,-6.63309,3.0,26.0,0.1014,-0.9126,0.0007,3.6148,-0.5989,-5.6065,307.5027,305.87,305.87,305.87,327.599990844727,up,2026-08-21T10:58:55,0.0,0.0
SPXW,2026-09-18,28,Put,7990.0,SPXW260918P07990000,295.3,318.9,307.1,0.0,0.0,0.0,0.0,0.0,0.1019,-0.9097,0.0008,3.7105,-0.6163,-5.5904,308.2113,0.0,0.0,0.0,325.850006103516,no_change,,0.0,0.0
SPX,2026-09-18,28,Call,7995.0,SPX260918C07995000,7.6,8.1,7.85,9.4,2.0,27.027,182.0,372.0,0.1005,0.0834,0.0007,3.5053,-0.5776,0.4791,7.8323,8.83,9.4,8.83,7.39999985694885,no_change,2026-08-21T12:29:06,0.0,0.0
SPXW,2026-09-18,28,Call,7995.0,SPXW260918C07995000,8.1,8.4,8.25,9.05,1.25,16.0256,270.0,155.0,0.1015,0.0862,0.0007,3.6009,-0.595,0.4952,8.2635,8.24,9.1,8.24,7.79999995231628,no_change,2026-08-21T15:36:37,0.0,0.0
SPX,2026-09-18,28,Put,7995.0,SPX260918P07995000,309.4,312.1,310.75,292.91,0.0,0.0,0.0,0.0,0.1011,-0.9164,0.0007,3.5053,-0.5776,-5.6325,312.0364,0.0,0.0,0.0,331.649993896484,up,2026-08-18T11:23:59,0.0,0.0
SPXW,2026-09-18,28,Put,7995.0,SPXW260918P07995000,299.8,323.5,311.65,280.65,0.0,0.0,0.0,7.0,0.1017,-0.9136,0.0007,3.6009,-0.595,-5.6163,312.7311,0.0,0.0,0.0,330.050003051758,down,2026-08-18T09:31:30,0.0,0.0
SPX,2026-09-18,28,Call,8000.0,SPX260918C08000000,7.3,7.6,7.449999999999999,7.7,0.7,10.0,21672.0,269264.0,0.1006,0.0797,0.0007,3.3977,-0.5568,0.4575,7.4053,8.8,10.1,7.15,7.0,down,2026-08-21T15:59:54,0.0,0.0
SPXW,2026-09-18,28,Call,8000.0,SPXW260918C08000000,7.7,8.0,7.85,7.75,0.35,4.72973,423.0,3146.0,0.1016,0.0825,0.0007,3.4933,-0.5741,0.4736,7.8225,8.8,10.5,7.61,7.40000009536743,down,2026-08-21T16:13:40,0.0,0.0
SPX,2026-09-18,28,Put,8000.0,SPX260918P08000000,314.2,316.5,315.35,316.41,-19.79,-5.88638,19559.0,258440.0,0.1014,-0.9202,0.0007,3.3977,-0.5568,-5.6579,316.5927,314.72,328.16,308.0,336.200012207031,up,2026-08-21T15:59:54,0.0,0.0
SPXW,2026-09-18,28,Put,8000.0,SPXW260918P08000000,304.3,328.0,316.15,302.33,0.0,0.0,0.0,229.0,0.1018,-0.9174,0.0007,3.4933,-0.5741,-5.6417,317.2734,0.0,0.0,0.0,334.75,up,2026-08-20T09:40:13,0.0,0.0
SPX,2026-09-18,28,Call,8005.0,SPX260918C08005000,6.8,7.2,7.0,8.7,2.05,30.8271,3.0,532.0,0.1003,0.0761,0.0007,3.2918,-0.5366,0.4366,7.0,6.8,8.7,6.8,6.65000009536743,up,2026-08-21T12:42:52,0.0,0.0
SPXW,2026-09-18,28,Call,8005.0,SPXW260918C08005000,7.3,7.6,7.449999999999999,7.5,0.5,7.14286,3.0,66.0,0.1012,0.0789,0.0007,3.3875,-0.5538,0.4526,7.4035,7.5,7.5,7.5,7.0,up,2026-08-21T10:15:35,0.0,0.0
SPX,2026-09-18,28,Put,8005.0,SPX260918P08005000,318.5,321.3,319.9,335.25,0.0,0.0,0.0,4.0,0.1008,-0.9237,0.0007,3.2918,-0.5366,-5.6826,321.1707,0.0,0.0,0.0,340.800003051758,up,2026-08-20T14:48:21,0.0,0.0
SPXW,2026-09-18,28,Put,8005.0,SPXW260918P08005000,308.9,332.6,320.75,319.54,0.0,0.0,0.0,0.0,0.1017,-0.921,0.0007,3.3875,-0.5538,-5.6666,321.8376,0.0,0.0,0.0,340.399993896484,up,2026-08-20T10:16:53,0.0,0.0
SPX,2026-09-18,28,Call,8010.0,SPX260918C08010000,6.4,6.8,6.6,7.5,1.2,19.0476,13.0,629.0,0.1001,0.0727,0.0006,3.1874,-0.5168,0.4165,6.6158,6.76,7.88,6.75,6.29999995231628,down,2026-08-21T15:53:05,0.0,0.0
SPXW,2026-09-18,28,Call,8010.0,SPXW260918C08010000,6.9,7.2,7.050000000000001,7.6,1.0,15.1515,30.0,360.0,0.1011,0.0754,0.0007,3.2833,-0.534,0.4322,7.0056,7.9,10.39,7.6,6.59999990463257,down,2026-08-21T15:57:17,0.0,0.0
SPX,2026-09-18,28,Put,8010.0,SPX260918P08010000,323.1,325.9,324.5,321.26,-24.69,-7.13687,6.0,7.0,0.1006,-0.9272,0.0006,3.1874,-0.5168,-5.7065,325.7698,324.49,324.49,312.63,345.950012207031,down,2026-08-21T15:53:43,0.0,0.0
SPXW,2026-09-18,28,Put,8010.0,SPXW260918P08010000,313.4,337.1,325.25,298.61,0.0,0.0,0.0,10.0,0.1014,-0.9245,0.0007,3.2833,-0.534,-5.6908,326.4231,0.0,0.0,0.0,345.050003051758,down,2026-08-18T09:57:26,0.0,0.0
SPX,2026-09-18,28,Call,8015.0,SPX260918C08015000,6.1,6.5,6.3,6.4,0.0,0.0,0.0,300.0,0.1001,0.0694,0.0006,3.0847,-0.4976,0.3975,6.2517,0.0,0.0,0.0,5.95000004768372,no_change,2026-08-20T15:07:59,0.0,0.0
SPXW,2026-09-18,28,Call,8015.0,SPXW260918C08015000,6.5,6.8,6.65,6.75,0.45,7.14286,3.0,54.0,0.1011,0.072,0.0006,3.1806,-0.5147,0.4127,6.6283,6.75,6.75,6.75,6.29999995231628,up,2026-08-21T10:15:35,0.0,0.0
SPX,2026-09-18,28,Put,8015.0,SPX260918P08015000,327.7,330.5,329.1,0.0,0.0,0.0,0.0,0.0,0.1008,-0.9305,0.0006,3.0847,-0.4976,-5.7294,330.389,0.0,0.0,0.0,350.050003051758,no_change,,0.0,0.0
SPXW,2026-09-18,28,Put,8015.0,SPXW260918P08015000,318.0,341.7,329.85,303.61,0.0,0.0,0.0,10.0,0.1016,-0.9278,0.0006,3.1806,-0.5147,-5.7141,331.029,0.0,0.0,0.0,349.650009155273,up,2026-08-18T09:57:26,0.0,0.0
SPX,2026-09-18,28,Call,8020.0,SPX260918C08020000,5.7,6.1,5.9,6.45,0.8,14.1593,2.0,667.0,0.1001,0.0662,0.0006,2.984,-0.4789,0.3794,5.9068,7.58,7.58,6.45,5.65000009536743,down,2026-08-21T15:57:28,0.0,0.0
SPXW,2026-09-18,28,Call,8020.0,SPXW260918C08020000,6.1,6.4,6.25,7.43,1.53,25.9322,38.0,218.0,0.1008,0.0688,0.0006,3.0796,-0.4959,0.3942,6.2704,6.77,9.4,6.77,5.90000009536743,no_change,2026-08-21T15:08:50,0.0,0.0
SPX,2026-09-18,28,Put,8020.0,SPX260918P08020000,332.4,335.1,333.75,246.8,0.0,0.0,0.0,85.0,0.1006,-0.9336,0.0006,2.984,-0.4789,-5.7513,335.0274,0.0,0.0,0.0,354.800003051758,down,2026-08-14T12:11:44,0.0,0.0
SPXW,2026-09-18,28,Put,8020.0,SPXW260918P08020000,322.7,346.4,334.54999999999995,0.0,0.0,0.0,0.0,0.0,0.1014,-0.931,0.0006,3.0796,-0.4959,-5.7365,335.6545,0.0,0.0,0.0,354.300003051758,no_change,,0.0,0.0
SPX,2026-09-18,28,Call,8025.0,SPX260918C08025000,5.4,5.8,5.6,6.2,0.85,15.8879,834.0,6294.0,0.0998,0.0632,0.0006,2.8856,-0.4608,0.362,5.5802,6.76,7.45,5.5,5.34999990463257,down,2026-08-21T15:43:16,0.0,0.0
SPXW,2026-09-18,28,Call,8025.0,SPXW260918C08025000,5.8,6.1,5.949999999999999,6.7,1.1,19.6429,666.0,500.0,0.1007,0.0657,0.0006,2.9806,-0.4776,0.3766,5.9312,7.14,8.05,5.91,5.59999990463257,no_change,2026-08-21T15:52:26,0.0,0.0
SPX,2026-09-18,28,Put,8025.0,SPX260918P08025000,337.1,339.8,338.45000000000005,309.22,0.0,0.0,0.0,21.0,0.1007,-0.9367,0.0006,2.8856,-0.4608,-5.7724,339.684,0.0,0.0,0.0,359.449996948242,no_change,2026-08-18T10:51:43,0.0,0.0
SPXW,2026-09-18,28,Put,8025.0,SPXW260918P08025000,327.3,351.0,339.15,275.7,0.0,0.0,0.0,1.0,0.1012,-0.9341,0.0006,2.9806,-0.4776,-5.7579,340.2985,0.0,0.0,0.0,358.850006103516,up,2026-08-17T16:10:52,0.0,0.0
SPX,2026-09-18,28,Call,8030.0,SPX260918C08030000,5.1,5.5,5.3,5.55,0.0,0.0,0.0,676.0,0.0997,0.0602,0.0006,2.7898,-0.4432,0.3453,5.2712,0.0,0.0,0.0,5.04999995231628,up,2026-08-20T15:16:30,0.0,0.0
SPXW,2026-09-18,28,Call,8030.0,SPXW260918C08030000,5.5,5.8,5.65,6.48,1.18,22.2642,43.0,146.0,0.1008,0.0628,0.0006,2.884,-0.4599,0.3597,5.6097,6.5,8.02,6.1,5.29999995231628,up,2026-08-21T15:24:55,0.0,0.0
SPX,2026-09-18,28,Put,8030.0,SPX260918P08030000,341.7,344.6,343.15,297.6,0.0,0.0,0.0,21.0,0.1003,-0.9396,0.0006,2.7898,-0.4432,-5.793,344.3583,0.0,0.0,0.0,364.199996948242,down,2026-08-05T10:53:43,0.0,0.0
SPXW,2026-09-18,28,Put,8030.0,SPXW260918P08030000,331.9,355.7,343.79999999999995,0.0,0.0,0.0,0.0,0.0,0.1012,-0.9371,0.0006,2.884,-0.4599,-5.7786,344.9603,0.0,0.0,0.0,363.600006103516,no_change,,0.0,0.0
SPX,2026-09-18,28,Call,8035.0,SPX260918C08035000,4.8,5.2,5.0,5.8,1.0,20.8333,53.0,115.0,0.0996,0.0574,0.0005,2.6964,-0.4262,0.3291,4.9792,5.3,5.98,5.22,4.79999995231628,down,2026-08-21T15:30:39,0.0,0.0
SPXW,2026-09-18,28,Call,8035.0,SPXW260918C08035000,5.2,5.5,5.35,5.98,0.93,18.4158,5.0,19.0,0.1006,0.0599,0.0006,2.7899,-0.4427,0.3434,5.3054,6.35,6.48,5.98,5.04999995231628,down,2026-08-21T15:32:00,0.0,0.0
SPX,2026-09-18,28,Put,8035.0,SPX260918P08035000,346.4,349.3,347.85,0.0,0.0,0.0,0.0,0.0,0.1003,-0.9424,0.0005,2.6964,-0.4262,-5.813,349.0496,0.0,0.0,0.0,368.900009155273,no_change,,0.0,0.0
SPXW,2026-09-18,28,Put,8035.0,SPXW260918P08035000,336.6,360.4,348.5,0.0,0.0,0.0,0.0,0.0,0.1013,-0.94,0.0006,2.7899,-0.4427,-5.7988,349.6393,0.0,0.0,0.0,368.349990844727,no_change,,0.0,0.0
SPX,2026-09-18,28,Call,8040.0,SPX260918C08040000,4.5,4.9,4.7,5.15,0.65,14.4444,12.0,827.0,0.0998,0.0548,0.0005,2.6056,-0.4098,0.3135,4.7037,4.97,6.11,4.97,4.5,down,2026-08-21T15:57:28,0.0,0.0
SPXW,2026-09-18,28,Call,8040.0,SPXW260918C08040000,4.9,5.2,5.050000000000001,5.0,0.2,4.16667,41.0,155.0,0.1007,0.0572,0.0005,2.6982,-0.4261,0.3275,5.0176,7.14,7.14,5.0,4.79999995231628,no_change,2026-08-21T16:13:22,0.0,0.0
SPX,2026-09-18,28,Put,8040.0,SPX260918P08040000,351.1,354.0,352.55,310.42,0.0,0.0,0.0,11.0,0.1003,-0.9451,0.0005,2.6056,-0.4098,-5.8325,353.7574,0.0,0.0,0.0,373.549987792969,down,2026-08-05T14:34:22,0.0,0.0
SPXW,2026-09-18,28,Put,8040.0,SPXW260918P08040000,341.3,365.1,353.20000000000005,0.0,0.0,0.0,0.0,0.0,0.1012,-0.9427,0.0005,2.6982,-0.4261,-5.8184,354.3348,0.0,0.0,0.0,373.050003051758,no_change,,0.0,0.0
SPX,2026-09-18,28,Call,8045.0,SPX260918C08045000,4.3,4.7,4.5,5.13,0.83,19.3023,3.0,80.0,0.0996,0.0522,0.0005,2.517,-0.3939,0.2986,4.4439,5.95,5.95,4.75,4.29999995231628,up,2026-08-21T14:57:47,0.0,0.0
SPXW,2026-09-18,28,Call,8045.0,SPXW260918C08045000,4.6,4.9,4.75,5.4,0.9,20.0,11.0,41.0,0.1005,0.0546,0.0005,2.6089,-0.41,0.3123,4.7459,5.39,6.55,4.96,4.5,down,2026-08-21T15:52:26,0.0,0.0
SPX,2026-09-18,28,Put,8045.0,SPX260918P08045000,355.8,358.8,357.3,0.0,0.0,0.0,0.0,0.0,0.0999,-0.9476,0.0005,2.517,-0.3939,-5.8512,358.4809,0.0,0.0,0.0,378.300003051758,no_change,,0.0,0.0
SPXW,2026-09-18,28,Put,8045.0,SPXW260918P08045000,346.0,369.8,357.9,0.0,0.0,0.0,0.0,0.0,0.1011,-0.9453,0.0005,2.6089,-0.41,-5.8375,359.0463,0.0,0.0,0.0,377.75,no_change,,0.0,0.0
SPX,2026-09-18,28,Call,8050.0,SPX260918C08050000,4.0,4.4,4.2,4.5,0.45,11.1111,62.0,10195.0,0.0998,0.0498,0.0005,2.4308,-0.3786,0.2844,4.1992,4.35,5.45,4.1,4.04999995231628,down,2026-08-21T16:00:40,0.0,0.0
SPXW,2026-09-18,28,Call,8050.0,SPXW260918C08050000,4.4,4.6,4.5,5.2,0.9,20.9302,106.0,591.0,0.1007,0.052,0.0005,2.5219,-0.3945,0.2977,4.4894,4.7,6.45,4.49,4.29999995231628,no_change,2026-08-21T15:50:12,0.0,0.0
SPX,2026-09-18,28,Put,8050.0,SPX260918P08050000,360.8,363.3,362.05,341.4,0.0,0.0,0.0,9.0,0.0999,-0.9501,0.0005,2.4308,-0.3786,-5.8692,363.2194,0.0,0.0,0.0,383.050003051758,down,2026-08-18T15:55:00,0.0,0.0
SPXW,2026-09-18,28,Put,8050.0,SPXW260918P08050000,350.7,374.5,362.6,332.41,0.0,0.0,0.0,16.0,0.101,-0.9478,0.0005,2.5219,-0.3945,-5.8559,363.7732,0.0,0.0,0.0,382.5,no_change,2026-08-18T10:43:49,0.0,0.0
SPX,2026-09-18,28,Call,8055.0,SPX260918C08055000,3.8,4.2,4.0,5.3,1.45,37.6623,1.0,450.0,0.0994,0.0474,0.0005,2.3469,-0.3639,0.271,3.9686,5.3,5.3,5.3,3.85000002384186,up,2026-08-21T12:06:12,0.0,0.0
SPXW,2026-09-18,28,Call,8055.0,SPXW260918C08055000,4.1,4.4,4.25,5.6,1.5,36.5854,7.0,33.0,0.1006,0.0497,0.0005,2.4371,-0.3796,0.2838,4.2476,5.6,5.6,5.6,4.09999990463257,no_change,2026-08-21T12:21:09,0.0,0.0
SPX,2026-09-18,28,Put,8055.0,SPX260918P08055000,365.3,368.3,366.8,0.0,0.0,0.0,0.0,0.0,0.0999,-0.9524,0.0005,2.3469,-0.3639,-5.8864,367.9722,0.0,0.0,0.0,387.850006103516,no_change,,0.0,0.0
SPXW,2026-09-18,28,Put,8055.0,SPXW260918P08055000,355.5,379.2,367.35,0.0,0.0,0.0,0.0,0.0,0.1013,-0.9502,0.0005,2.4371,-0.3796,-5.8735,368.5146,0.0,0.0,0.0,387.25,no_change,,0.0,0.0
SPX,2026-09-18,28,Call,8060.0,SPX260918C08060000,3.6,4.0,3.8,4.4,0.75,20.5479,34.0,1070.0,0.0995,0.0452,0.0004,2.2654,-0.3497,0.2584,3.7515,4.2,4.4,3.91,3.64999997615814,up,2026-08-21T15:15:27,0.0,0.0
SPXW,2026-09-18,28,Call,8060.0,SPXW260918C08060000,3.9,4.2,4.05,4.7,0.85,22.0779,8.0,124.0,0.1003,0.0474,0.0005,2.3546,-0.3651,0.2708,4.0195,4.61,5.05,4.5,3.85000002384186,no_change,2026-08-21T15:50:12,0.0,0.0
SPX,2026-09-18,28,Put,8060.0,SPX260918P08060000,370.1,373.0,371.55,0.0,0.0,0.0,0.0,0.0,0.0998,-0.9546,0.0004,2.2654,-0.3497,-5.9028,372.7383,0.0,0.0,0.0,392.599990844727,no_change,,0.0,0.0
SPXW,2026-09-18,28,Put,8060.0,SPXW260918P08060000,360.2,384.0,372.1,0.0,0.0,0.0,0.0,0.0,0.101,-0.9525,0.0005,2.3546,-0.3651,-5.8904,373.2698,0.0,0.0,0.0,392.0,no_change,,0.0,0.0
SPX,2026-09-18,28,Call,8065.0,SPX260918C08065000,3.4,3.8,3.5999999999999996,3.8,0.0,0.0,0.0,63.0,0.0995,0.0431,0.0004,2.1865,-0.3361,0.2464,3.5471,0.0,0.0,0.0,3.44999992847443,down,2026-08-20T15:25:50,0.0,0.0
SPX,2026-09-18,28,Put,8065.0,SPX260918P08065000,374.8,377.8,376.3,0.0,0.0,0.0,0.0,0.0,0.0999,-0.9568,0.0004,2.1865,-0.3361,-5.9187,377.5172,0.0,0.0,0.0,397.350006103516,no_change,,0.0,0.0
SPX,2026-09-18,28,Call,8070.0,SPX260918C08070000,3.2,3.6,3.4000000000000004,4.15,0.9,27.6923,6.0,407.0,0.0995,0.0411,0.0004,2.1103,-0.323,0.2349,3.3549,4.15,4.15,4.15,3.25,up,2026-08-21T12:23:28,0.0,0.0
SPXW,2026-09-18,28,Call,8070.0,SPXW260918C08070000,3.5,3.7,3.6,4.41,0.91,26.0,4.0,175.0,0.1004,0.0431,0.0004,2.1969,-0.3378,0.2467,3.6019,4.15,5.1,4.15,3.5,down,2026-08-21T13:20:20,0.0,0.0
SPX,2026-09-18,28,Put,8070.0,SPX260918P08070000,379.6,382.6,381.1,465.3,0.0,0.0,0.0,1.0,0.1,-0.9588,0.0004,2.1103,-0.323,-5.934,382.3083,0.0,0.0,0.0,402.199996948242,down,2026-06-02T15:53:10,0.0,0.0
SPXW,2026-09-18,28,Put,8070.0,SPXW260918P08070000,369.8,393.6,381.70000000000005,0.0,0.0,0.0,0.0,0.0,0.1013,-0.9567,0.0004,2.1969,-0.3378,-5.9222,382.8188,0.0,0.0,0.0,401.600006103516,no_change,,0.0,0.0
SPX,2026-09-18,28,Call,8075.0,SPX260918C08075000,3.1,3.4,3.25,3.75,0.625,20.0,9.0,4399.0,0.0997,0.0391,0.0004,2.0367,-0.3104,0.2238,3.1743,3.2,3.95,3.2,3.125,down,2026-08-21T14:56:39,0.0,0.0
SPXW,2026-09-18,28,Call,8075.0,SPXW260918C08075000,3.3,3.6,3.45,4.0,0.7,21.2121,66.0,330.0,0.1003,0.0412,0.0004,2.1218,-0.325,0.2354,3.4111,3.75,4.51,3.5,3.30000007152557,no_change,2026-08-21T15:47:14,0.0,0.0
SPX,2026-09-18,28,Put,8075.0,SPX260918P08075000,384.4,387.4,385.9,0.0,0.0,0.0,0.0,0.0,0.1,-0.9607,0.0004,2.0367,-0.3104,-5.9489,387.111,0.0,0.0,0.0,407.049987792969,no_change,,0.0,0.0
SPXW,2026-09-18,28,Put,8075.0,SPXW260918P08075000,374.6,398.3,386.45000000000005,318.65,0.0,0.0,0.0,1.0,0.1014,-0.9587,0.0004,2.1218,-0.325,-5.9373,387.6112,0.0,0.0,0.0,406.399993896484,up,2026-08-17T16:10:52,0.0,0.0
SPX,2026-09-18,28,Call,8080.0,SPX260918C08080000,2.9,3.2,3.05,3.6,0.65,22.0339,4.0,1409.0,0.1,0.0373,0.0004,1.9658,-0.2984,0.2132,3.0048,3.65,3.65,3.6,2.94999992847443,down,2026-08-21T15:52:57,0.0,0.0
SPXW,2026-09-18,28,Call,8080.0,SPXW260918C08080000,3.1,3.4,3.25,3.8,0.7,22.5806,6.0,136.0,0.1005,0.0393,0.0004,2.0494,-0.3127,0.2245,3.2316,3.75,4.1,3.4,3.10000002384186,down,2026-08-21T14:57:45,0.0,0.0
SPX,2026-09-18,28,Put,8080.0,SPX260918P08080000,389.2,392.3,390.75,472.4,0.0,0.0,0.0,1.0,0.1,-0.9625,0.0004,1.9658,-0.2984,-5.9634,391.9248,0.0,0.0,0.0,411.850006103516,down,2026-06-02T15:53:10,0.0,0.0
SPXW,2026-09-18,28,Put,8080.0,SPXW260918P08080000,379.4,403.1,391.25,0.0,0.0,0.0,0.0,0.0,0.1015,-0.9606,0.0004,2.0494,-0.3127,-5.952,392.415,0.0,0.0,0.0,411.200012207031,no_change,,0.0,0.0
SPX,2026-09-18,28,Call,8090.0,SPX260918C08090000,2.6,2.9,2.75,3.3,0.675,25.7143,3.0,767.0,0.0998,0.034,0.0004,1.8313,-0.276,0.1936,2.697,2.89,3.3,2.89,2.625,up,2026-08-21T14:59:19,0.0,0.0
SPXW,2026-09-18,28,Call,8090.0,SPXW260918C08090000,2.85,3.0,2.925,3.6,0.8,28.5714,2.0,114.0,0.1007,0.0358,0.0004,1.9119,-0.2895,0.2042,2.9046,3.2,3.6,3.2,2.79999995231628,up,2026-08-21T11:04:18,0.0,0.0
SPX,2026-09-18,28,Put,8090.0,SPX260918P08090000,398.9,401.9,400.4,353.45,0.0,0.0,0.0,1.0,0.1001,-0.9659,0.0004,1.8313,-0.276,-5.9905,401.5835,0.0,0.0,0.0,421.549987792969,up,2026-08-11T13:22:39,0.0,0.0
SPXW,2026-09-18,28,Put,8090.0,SPXW260918P08090000,389.0,412.8,400.9,0.0,0.0,0.0,0.0,0.0,0.1014,-0.964,0.0004,1.9119,-0.2895,-5.9799,402.0546,0.0,0.0,0.0,420.799987792969,no_change,,0.0,0.0
SPX,2026-09-18,28,Call,8100.0,SPX260918C08100000,2.35,2.6,2.475,2.48,0.1,4.25532,173.0,17427.0,0.0998,0.0309,0.0003,1.7065,-0.2555,0.1764,2.4265,2.73,3.7,2.36,2.35000002384186,down,2026-08-21T16:13:40,0.0,0.0
SPXW,2026-09-18,28,Call,8100.0,SPXW260918C08100000,2.55,2.7,2.625,2.65,0.025,0.9901,96.0,1151.0,0.1009,0.0327,0.0003,1.7839,-0.2684,0.1861,2.6163,2.57,3.5,2.57,2.52499997615814,down,2026-08-21T16:14:35,0.0,0.0
SPX,2026-09-18,28,Put,8100.0,SPX260918P08100000,408.8,411.5,410.15,399.0,-32.25,-7.47826,7.0,108.0,0.1013,-0.9689,0.0003,1.7065,-0.2555,-6.0154,411.2796,406.79,406.79,399.0,431.25,down,2026-08-21T11:37:29,0.0,0.0
SPXW,2026-09-18,28,Put,8100.0,SPXW260918P08100000,398.7,422.5,410.6,300.86,0.0,0.0,0.0,4.0,0.1018,-0.9672,0.0003,1.7839,-0.2684,-6.0057,411.7329,0.0,0.0,0.0,430.350006103516,down,2026-08-14T09:50:01,0.0,0.0
SPX,2026-09-18,28,Call,8110.0,SPX260918C08110000,2.1,2.35,2.225,2.6,0.45,20.9302,37.0,554.0,0.1002,0.0282,0.0003,1.5913,-0.2369,0.161,2.1889,2.6,2.6,2.6,2.14999997615814,up,2026-08-21T15:31:43,0.0,0.0
SPXW,2026-09-18,28,Call,8110.0,SPXW260918C08110000,2.3,2.45,2.375,2.47,0.195,8.57143,4.0,283.0,0.101,0.0298,0.0003,1.6652,-0.2491,0.1701,2.3624,2.47,2.47,2.47,2.27499997615814,no_change,2026-08-21T10:51:16,0.0,0.0
SPX,2026-09-18,28,Put,8110.0,SPX260918P08110000,418.3,421.4,419.85,564.29,0.0,0.0,0.0,11.0,0.1004,-0.9716,0.0003,1.5913,-0.2369,-6.0384,421.0086,0.0,0.0,0.0,440.950012207031,down,2026-07-22T10:03:56,0.0,0.0
SPXW,2026-09-18,28,Put,8110.0,SPXW260918P08110000,408.4,432.2,420.29999999999995,0.0,0.0,0.0,0.0,0.0,0.102,-0.97,0.0003,1.6652,-0.2491,-6.0293,421.4455,0.0,0.0,0.0,440.25,no_change,,0.0,0.0
SPX,2026-09-18,28,Call,8120.0,SPX260918C08120000,1.9,2.15,2.025,2.05,0.1,5.12821,1.0,780.0,0.1005,0.0258,0.0003,1.4854,-0.22,0.1471,1.9807,2.05,2.05,2.05,1.94999998807907,up,2026-08-21T10:03:05,0.0,0.0
SPXW,2026-09-18,28,Call,8120.0,SPXW260918C08120000,2.05,2.2,2.125,2.57,0.495,23.8554,6.0,297.0,0.1013,0.0273,0.0003,1.5556,-0.2315,0.1556,2.1387,2.2,3.1,2.2,2.07500004768372,up,2026-08-21T15:31:05,0.0,0.0
SPX,2026-09-18,28,Put,8120.0,SPX260918P08120000,428.0,431.2,429.6,0.0,0.0,0.0,0.0,0.0,0.101,-0.974,0.0003,1.4854,-0.22,-6.06,430.767,0.0,0.0,0.0,450.849990844727,no_change,,0.0,0.0
SPXW,2026-09-18,28,Put,8120.0,SPXW260918P08120000,418.1,441.9,430.0,354.35,0.0,0.0,0.0,1.0,0.1028,-0.9726,0.0003,1.5556,-0.2315,-6.0514,431.1884,0.0,0.0,0.0,450.0,up,2026-08-12T14:45:10,0.0,0.0
SPX,2026-09-18,28,Call,8125.0,SPX260918C08125000,1.8,2.05,1.9249999999999998,1.92,0.07,3.78378,7.0,3808.0,0.1007,0.0247,0.0003,1.4358,-0.2122,0.1406,1.8867,2.05,2.9,1.92,1.85000002384186,down,2026-08-21T16:13:40,0.0,0.0
SPXW,2026-09-18,28,Call,8125.0,SPXW260918C08125000,1.95,2.1,2.025,2.46,0.485,24.557,5.0,443.0,0.1014,0.0261,0.0003,1.5041,-0.2233,0.1489,2.0373,2.21,2.5,2.03,1.97499996423721,down,2026-08-21T15:25:50,0.0,0.0
SPX,2026-09-18,28,Put,8125.0,SPX260918P08125000,432.9,436.1,434.5,386.1,0.0,0.0,0.0,2.0,0.1013,-0.9751,0.0003,1.4358,-0.2122,-6.0703,435.6562,0.0,0.0,0.0,456.25,down,2026-08-07T10:09:05,0.0,0.0
SPXW,2026-09-18,28,Put,8125.0,SPXW260918P08125000,423.0,446.8,434.9,0.0,0.0,0.0,0.0,0.0,0.1031,-0.9737,0.0003,1.5041,-0.2233,-6.062,436.0703,0.0,0.0,0.0,454.699996948242,no_change,,0.0,0.0
SPX,2026-09-18,28,Call,8130.0,SPX260918C08130000,1.7,1.95,1.825,1.95,0.0,0.0,0.0,218.0,0.1007,0.0236,0.0003,1.3883,-0.2048,0.1345,1.7987,0.0,0.0,0.0,1.77499997615814,down,2026-08-20T14:13:18,0.0,0.0
SPXW,2026-09-18,28,Call,8130.0,SPXW260918C08130000,1.85,2.0,1.925,2.17,0.295,15.7333,2.0,221.0,0.1018,0.025,0.0003,1.4548,-0.2156,0.1424,1.9422,2.37,2.37,2.17,1.875,down,2026-08-21T15:55:00,0.0,0.0
SPX,2026-09-18,28,Put,8130.0,SPX260918P08130000,437.8,441.0,439.4,0.0,0.0,0.0,0.0,0.0,0.1016,-0.9762,0.0003,1.3883,-0.2048,-6.0802,440.5515,0.0,0.0,0.0,460.599990844727,no_change,,0.0,0.0
SPXW,2026-09-18,28,Put,8130.0,SPXW260918P08130000,427.9,451.7,439.79999999999995,359.0,0.0,0.0,0.0,2.0,0.1026,-0.9748,0.0003,1.4548,-0.2156,-6.0722,440.9585,0.0,0.0,0.0,459.75,down,2026-08-10T10:29:24,0.0,0.0
SPX,2026-09-18,28,Call,8140.0,SPX260918C08140000,1.55,1.75,1.65,2.4,0.0,0.0,0.0,276.0,0.1013,0.0217,0.0002,1.2996,-0.1911,0.1234,1.6397,0.0,0.0,0.0,1.60000002384186,down,2026-08-20T10:28:34,0.0,0.0
SPXW,2026-09-18,28,Call,8140.0,SPXW260918C08140000,1.7,1.85,1.775,2.05,0.325,18.8406,3.0,299.0,0.1019,0.023,0.0002,1.3623,-0.2012,0.1307,1.7699,2.05,2.05,2.05,1.72499996423721,down,2026-08-21T14:23:06,0.0,0.0
SPX,2026-09-18,28,Put,8140.0,SPX260918P08140000,447.6,450.8,449.20000000000005,0.0,0.0,0.0,0.0,0.0,0.102,-0.9781,0.0002,1.2996,-0.1911,-6.0989,450.3591,0.0,0.0,0.0,470.5,no_change,,0.0,0.0
SPXW,2026-09-18,28,Put,8140.0,SPXW260918P08140000,437.6,461.5,449.55,0.0,0.0,0.0,0.0,0.0,0.1032,-0.9768,0.0002,1.3623,-0.2012,-6.0917,450.7528,0.0,0.0,0.0,469.550003051758,no_change,,0.0,0.0
SPX,2026-09-18,28,Call,8150.0,SPX260918C08150000,1.4,1.6,1.5,1.56,0.06,4.0,272.0,11790.0,0.1016,0.02,0.0002,1.2186,-0.1788,0.1138,1.5005,1.7,2.2,1.56,1.5,down,2026-08-21T16:13:33,0.0,0.0
SPXW,2026-09-18,28,Call,8150.0,SPXW260918C08150000,1.55,1.7,1.625,1.92,0.345,21.9048,88.0,624.0,0.1026,0.0212,0.0002,1.2775,-0.1882,0.1203,1.6186,2.15,2.25,1.62,1.57499998807907,down,2026-08-21T15:33:57,0.0,0.0
SPX,2026-09-18,28,Put,8150.0,SPX260918P08150000,457.7,460.4,459.04999999999995,421.53,0.0,0.0,0.0,2.0,0.1028,-0.9798,0.0002,1.2186,-0.1788,-6.1162,460.1864,0.0,0.0,0.0,480.850006103516,up,2026-08-19T09:53:31,0.0,0.0
SPXW,2026-09-18,28,Put,8150.0,SPXW260918P08150000,447.4,471.3,459.35,0.0,0.0,0.0,0.0,0.0,0.1045,-0.9787,0.0002,1.2775,-0.1882,-6.1097,460.5681,0.0,0.0,0.0,479.349990844727,no_change,,0.0,0.0
SPX,2026-09-18,28,Call,8160.0,SPX260918C08160000,1.3,1.5,1.4,2.0,0.0,0.0,0.0,2554.0,0.1021,0.0185,0.0002,1.1447,-0.1678,0.1051,1.3785,0.0,0.0,0.0,1.35000002384186,down,2026-08-20T10:28:34,0.0,0.0
SPXW,2026-09-18,28,Call,8160.0,SPXW260918C08160000,1.4,1.55,1.475,2.05,0.6,41.3793,5.0,129.0,0.1027,0.0196,0.0002,1.1999,-0.1764,0.1111,1.4857,1.52,2.05,1.52,1.44999998807907,up,2026-08-21T11:41:27,0.0,0.0
SPX,2026-09-18,28,Put,8160.0,SPX260918P08160000,457.2,481.0,469.1,0.0,0.0,0.0,0.0,0.0,0.1018,-0.9814,0.0002,1.1447,-0.1678,-6.1325,470.0311,0.0,0.0,0.0,490.100006103516,no_change,,0.0,0.0
SPXW,2026-09-18,28,Put,8160.0,SPXW260918P08160000,457.3,481.1,469.20000000000005,0.0,0.0,0.0,0.0,0.0,0.1048,-0.9803,0.0002,1.1999,-0.1764,-6.1265,470.4017,0.0,0.0,0.0,489.25,no_change,,0.0,0.0
SPX,2026-09-18,28,Call,8170.0,SPX260918C08170000,1.2,1.4,1.2999999999999998,1.25,0.0,0.0,0.0,101.0,0.1028,0.0171,0.0002,1.0773,-0.1579,0.0973,1.2716,0.0,0.0,0.0,1.25,down,2026-08-20T15:42:24,0.0,0.0
SPXW,2026-09-18,28,Call,8170.0,SPXW260918C08170000,1.3,1.45,1.375,1.61,0.285,21.5094,1.0,67.0,0.1035,0.0181,0.0002,1.129,-0.1659,0.1029,1.3686,1.61,1.61,1.61,1.32499998807907,down,2026-08-21T09:30:04,0.0,0.0
SPX,2026-09-18,28,Put,8170.0,SPX260918P08170000,468.4,490.8,479.6,0.0,0.0,0.0,0.0,0.0,0.1029,-0.9827,0.0002,1.0773,-0.1579,-6.148,479.8907,0.0,0.0,0.0,500.199996948242,no_change,,0.0,0.0
SPXW,2026-09-18,28,Put,8170.0,SPXW260918P08170000,467.1,490.9,479.0,0.0,0.0,0.0,0.0,0.0,0.105,-0.9817,0.0002,1.129,-0.1659,-6.1423,480.2512,0.0,0.0,0.0,498.800003051758,no_change,,0.0,0.0
SPX,2026-09-18,28,Call,8175.0,SPX260918C08175000,1.15,1.35,1.25,1.27,0.07,5.83333,5.0,2686.0,0.1031,0.0165,0.0002,1.0459,-0.1533,0.0937,1.2232,1.28,1.28,1.27,1.19999998807907,down,2026-08-21T16:13:33,0.0,0.0
SPXW,2026-09-18,28,Call,8175.0,SPXW260918C08175000,1.25,1.4,1.325,1.64,0.365,28.6274,3.0,204.0,0.1038,0.0174,0.0002,1.0958,-0.161,0.0991,1.3155,1.64,1.64,1.64,1.27500003576279,no_change,2026-08-21T12:20:19,0.0,0.0
SPX,2026-09-18,28,Put,8175.0,SPX260918P08175000,472.0,495.4,483.7,379.09,0.0,0.0,0.0,9.0,0.1028,-0.9833,0.0002,1.0459,-0.1533,-6.1554,484.8256,0.0,0.0,0.0,504.950012207031,no_change,2026-08-13T11:30:20,0.0,0.0
SPXW,2026-09-18,28,Put,8175.0,SPXW260918P08175000,472.0,495.9,483.95,0.0,0.0,0.0,0.0,0.0,0.106,-0.9824,0.0002,1.0958,-0.161,-6.15,485.1814,0.0,0.0,0.0,504.000015258789,no_change,,0.0,0.0
SPX,2026-09-18,28,Call,8180.0,SPX260918C08180000,1.1,1.3,1.2000000000000002,1.45,0.3,26.087,3.0,139.0,0.1034,0.0159,0.0002,1.0159,-0.149,0.0903,1.1779,1.45,1.45,1.45,1.14999997615814,no_change,2026-08-21T11:01:16,0.0,0.0
SPXW,2026-09-18,28,Call,8180.0,SPXW260918C08180000,1.2,1.35,1.275,1.47,0.245,20.0,4.0,71.0,0.1041,0.0168,0.0002,1.0641,-0.1564,0.0954,1.2656,1.95,1.95,1.47,1.22499996423721,down,2026-08-21T14:36:38,0.0,0.0
SPX,2026-09-18,28,Put,8180.0,SPX260918P08180000,477.0,495.9,486.45,0.0,0.0,0.0,0.0,0.0,0.1039,-0.9839,0.0002,1.0159,-0.149,-6.1626,489.7636,0.0,0.0,0.0,509.949996948242,no_change,,0.0,0.0
SPXW,2026-09-18,28,Put,8180.0,SPXW260918P08180000,477.0,500.8,488.9,0.0,0.0,0.0,0.0,0.0,0.1061,-0.983,0.0002,1.0641,-0.1564,-6.1574,490.1148,0.0,0.0,0.0,508.900009155273,no_change,,0.0,0.0
SPX,2026-09-18,28,Call,8190.0,SPX260918C08190000,1.0,1.2,1.1,1.55,0.0,0.0,0.0,137.0,0.1042,0.0148,0.0002,0.9601,-0.141,0.0841,1.0956,0.0,0.0,0.0,1.10000002384186,no_change,2026-08-20T10:09:26,0.0,0.0
SPXW,2026-09-18,28,Call,8190.0,SPXW260918C08190000,1.1,1.25,1.175,1.4,0.25,21.7391,25.0,106.0,0.1047,0.0156,0.0002,1.0044,-0.1476,0.0887,1.1735,1.4,1.4,1.4,1.15000003576279,down,2026-08-21T15:45:14,0.0,0.0
SPX,2026-09-18,28,Put,8190.0,SPX260918P08190000,486.8,510.6,498.70000000000005,0.0,0.0,0.0,0.0,0.0,0.1035,-0.985,0.0002,0.9601,-0.141,-6.1765,499.6478,0.0,0.0,0.0,519.800018310547,no_change,,0.0,0.0
SPXW,2026-09-18,28,Put,8190.0,SPXW260918P08190000,486.9,510.7,498.79999999999995,0.0,0.0,0.0,0.0,0.0,0.1071,-0.9842,0.0002,1.0049,-0.1478,-6.1718,499.9906,0.0,0.0,0.0,518.849990844727,no_change,,0.0,0.0
SPX,2026-09-18,28,Call,8200.0,SPX260918C08200000,0.95,1.15,1.0499999999999998,1.2,0.175,17.0732,3003.0,23058.0,0.1049,0.0139,0.0002,0.9093,-0.1338,0.0786,1.023,1.27,1.5,1.02,1.02500000596046,down,2026-08-21T15:50:05,0.0,0.0
SPXW,2026-09-18,28,Call,8200.0,SPXW260918C08200000,1.0,1.15,1.075,1.12,0.045,4.18605,206.0,1477.0,0.1054,0.0146,0.0002,0.9505,-0.14,0.0827,1.0938,1.1,1.45,1.1,1.07499998807907,down,2026-08-21T16:05:36,0.0,0.0
SPX,2026-09-18,28,Put,8200.0,SPX260918P08200000,505.3,511.9,508.6,507.01,-22.79,-4.30162,1.0,4138.0,0.1076,-0.986,0.0002,0.9093,-0.1338,-6.1896,509.5418,507.01,507.01,507.01,529.799987792969,down,2026-08-21T13:37:03,0.0,0.0
SPXW,2026-09-18,28,Put,8200.0,SPXW260918P08200000,496.7,520.5,508.6,455.26,0.0,0.0,0.0,2.0,0.1081,-0.9852,0.0002,0.9508,-0.1401,-6.1854,509.877,0.0,0.0,0.0,527.699981689453,down,2026-08-07T10:04:49,0.0,0.0
SPX,2026-09-18,28,Call,8210.0,SPX260918C08210000,0.85,1.1,0.9750000000000001,0.96,0.01,1.05263,11.0,126.0,0.1059,0.013,0.0001,0.8629,-0.1274,0.0737,0.9588,1.17,1.17,0.96,0.949999988079071,down,2026-08-21T09:54:42,0.0,0.0
SPXW,2026-09-18,28,Call,8210.0,SPXW260918C08210000,0.95,1.1,1.025,1.2,0.2,20.0,181.0,226.0,0.1061,0.0137,0.0001,0.9013,-0.133,0.0774,1.0231,1.0,1.22,1.0,0.999999970197678,down,2026-08-21T15:45:15,0.0,0.0
SPX,2026-09-18,28,Put,8210.0,SPX260918P08210000,506.7,530.3,518.5,0.0,0.0,0.0,0.0,0.0,0.105,-0.9868,0.0001,0.8629,-0.1274,-6.2022,519.4441,0.0,0.0,0.0,539.550018310547,no_change,,0.0,0.0
SPXW,2026-09-18,28,Put,8210.0,SPXW260918P08210000,506.6,530.4,518.5,0.0,0.0,0.0,0.0,0.0,0.1091,-0.9862,0.0001,0.9013,-0.1331,-6.1983,519.7725,0.0,0.0,0.0,538.600006103516,no_change,,0.0,0.0
SPX,2026-09-18,28,Call,8220.0,SPX260918C08220000,0.8,1.0,0.9,1.27,0.0,0.0,0.0,321.0,0.1061,0.0122,0.0001,0.8204,-0.1216,0.0693,0.9017,0.0,0.0,0.0,0.900000005960464,no_change,2026-08-20T09:34:00,0.0,0.0
SPXW,2026-09-18,28,Call,8220.0,SPXW260918C08220000,0.9,1.0,0.95,2.0,0.0,0.0,0.0,42.0,0.1068,0.0129,0.0001,0.8561,-0.1268,0.0727,0.9603,0.0,0.0,0.0,0.925000011920929,down,2026-08-18T11:11:53,0.0,0.0
SPX,2026-09-18,28,Put,8220.0,SPX260918P08220000,516.6,540.2,528.4000000000001,432.18,0.0,0.0,0.0,1.0,0.1057,-0.9876,0.0001,0.8204,-0.1216,-6.2142,529.3536,0.0,0.0,0.0,548.799987792969,up,2026-08-05T09:36:04,0.0,0.0
SPXW,2026-09-18,28,Put,8220.0,SPXW260918P08220000,516.5,540.3,528.4,0.0,0.0,0.0,0.0,0.0,0.11,-0.987,0.0001,0.8561,-0.1268,-6.2107,529.6759,0.0,0.0,0.0,548.5,no_change,,0.0,0.0
SPX,2026-09-18,28,Call,8225.0,SPX260918C08225000,0.8,1.0,0.9,0.95,0.075,8.57143,88.0,7998.0,0.107,0.0119,0.0001,0.8005,-0.1189,0.0673,0.8755,0.98,1.05,0.95,0.875,down,2026-08-21T16:00:32,0.0,0.0
SPXW,2026-09-18,28,Call,8225.0,SPXW260918C08225000,0.85,1.0,0.925,0.97,0.045,4.86486,5.0,399.0,0.1072,0.0125,0.0001,0.835,-0.1239,0.0706,0.9314,1.12,1.12,0.97,0.925000011920929,down,2026-08-21T09:42:16,0.0,0.0
SPX,2026-09-18,28,Put,8225.0,SPX260918P08225000,521.5,545.2,533.35,0.0,0.0,0.0,0.0,0.0,0.1068,-0.988,0.0001,0.8005,-0.1189,-6.22,534.3107,0.0,0.0,0.0,554.049987792969,no_change,,0.0,0.0
SPXW,2026-09-18,28,Put,8225.0,SPXW260918P08225000,521.5,545.3,533.4,0.0,0.0,0.0,0.0,0.0,0.1098,-0.9874,0.0001,0.8348,-0.1239,-6.2167,534.6302,0.0,0.0,0.0,553.400024414062,no_change,,0.0,0.0
SPX,2026-09-18,28,Call,8230.0,SPX260918C08230000,0.75,0.95,0.85,2.1,0.0,0.0,0.0,134.0,0.107,0.0116,0.0001,0.7815,-0.1163,0.0653,0.8507,0.0,0.0,0.0,0.849999994039536,no_change,2026-08-19T09:30:02,0.0,0.0
SPXW,2026-09-18,28,Call,8230.0,SPXW260918C08230000,0.8,0.95,0.875,3.4,0.0,0.0,0.0,78.0,0.1077,0.0121,0.0001,0.8147,-0.1211,0.0685,0.9041,0.0,0.0,0.0,0.875,down,2026-08-17T15:13:50,0.0,0.0
SPX,2026-09-18,28,Put,8230.0,SPX260918P08230000,526.5,546.3,536.4,0.0,0.0,0.0,0.0,0.0,0.1079,-0.9883,0.0001,0.7815,-0.1163,-6.2258,539.2693,0.0,0.0,0.0,558.800018310547,no_change,,0.0,0.0
SPXW,2026-09-18,28,Put,8230.0,SPXW260918P08230000,526.4,550.2,538.3,0.0,0.0,0.0,0.0,0.0,0.1108,-0.9878,0.0001,0.8145,-0.1211,-6.2226,539.586,0.0,0.0,0.0,558.399993896484,no_change,,0.0,0.0
SPX,2026-09-18,28,Call,8240.0,SPX260918C08240000,0.7,0.9,0.8,2.0,0.0,0.0,0.0,193.0,0.1078,0.0109,0.0001,0.7456,-0.1115,0.0617,0.8051,0.0,0.0,0.0,0.799999982118606,no_change,2026-08-19T09:30:02,0.0,0.0
SPXW,2026-09-18,28,Call,8240.0,SPXW260918C08240000,0.75,0.9,0.825,1.51,0.0,0.0,0.0,11.0,0.1086,0.0114,0.0001,0.7765,-0.1159,0.0646,0.8537,0.0,0.0,0.0,0.824999988079071,no_change,2026-08-19T15:13:51,0.0,0.0
SPX,2026-09-18,28,Put,8240.0,SPX260918P08240000,536.4,560.0,548.2,0.0,0.0,0.0,0.0,0.0,0.1085,-0.9889,0.0001,0.7456,-0.1115,-6.237,549.1902,0.0,0.0,0.0,568.5,no_change,,0.0,0.0
SPXW,2026-09-18,28,Put,8240.0,SPXW260918P08240000,536.3,560.1,548.2,0.0,0.0,0.0,0.0,0.0,0.1116,-0.9884,0.0001,0.7762,-0.1159,-6.2341,549.502,0.0,0.0,0.0,567.850006103516,no_change,,0.0,0.0
SPX,2026-09-18,28,Call,8250.0,SPX260918C08250000,0.7,0.85,0.7749999999999999,1.1,0.325,41.9355,505.0,13489.0,0.1085,0.0103,0.0001,0.7126,-0.1072,0.0584,0.7641,0.85,1.1,0.77,0.775000005960464,up,2026-08-21T12:02:30,0.0,0.0
SPXW,2026-09-18,28,Call,8250.0,SPXW260918C08250000,0.75,0.85,0.8,1.11,0.31,38.75,66.0,650.0,0.1094,0.0108,0.0001,0.7412,-0.1112,0.061,0.8083,0.8,1.11,0.8,0.800000011920929,no_change,2026-08-21T13:04:54,0.0,0.0
SPX,2026-09-18,28,Put,8250.0,SPX260918P08250000,546.3,566.2,556.25,476.38,0.0,0.0,0.0,2.0,0.109,-0.9895,0.0001,0.7126,-0.1072,-6.248,559.1157,0.0,0.0,0.0,579.149993896484,up,2026-08-17T13:57:50,0.0,0.0
SPXW,2026-09-18,28,Put,8250.0,SPXW260918P08250000,546.3,570.0,558.15,805.85,0.0,0.0,0.0,4.0,0.1123,-0.989,0.0001,0.7408,-0.1111,-6.2453,559.423,0.0,0.0,0.0,578.25,up,2026-07-23T11:01:28,0.0,0.0
SPX,2026-09-18,28,Call,8260.0,SPX260918C08260000,0.65,0.8,0.7250000000000001,0.75,0.0,0.0,0.0,120.0,0.1102,0.0098,0.0001,0.682,-0.1032,0.0554,0.727,0.0,0.0,0.0,0.724999994039536,down,2026-08-20T15:24:50,0.0,0.0
SPXW,2026-09-18,28,Call,8260.0,SPXW260918C08260000,0.7,0.8,0.75,1.08,0.0,0.0,0.0,85.0,0.1101,0.0102,0.0001,0.7086,-0.1068,0.0578,0.7674,0.0,0.0,0.0,0.75,down,2026-08-20T09:35:07,0.0,0.0
SPX,2026-09-18,28,Put,8260.0,SPX260918P08260000,556.3,579.9,568.0999999999999,504.09,0.0,0.0,0.0,4.0,0.1093,-0.99,0.0001,0.682,-0.1032,-6.2587,569.0452,0.0,0.0,0.0,588.450012207031,down,2026-08-19T11:18:04,0.0,0.0
SPXW,2026-09-18,28,Put,8260.0,SPXW260918P08260000,556.2,579.9,568.05,0.0,0.0,0.0,0.0,0.0,0.1145,-0.9896,0.0001,0.7082,-0.1068,-6.2562,569.3485,0.0,0.0,0.0,588.099975585938,no_change,,0.0,0.0
SPX,2026-09-18,28,Call,8270.0,SPX260918C08270000,0.6,0.8,0.7,1.6,0.0,0.0,0.0,112.0,0.1108,0.0093,0.0001,0.6537,-0.0995,0.0526,0.6934,0.0,0.0,0.0,0.700000017881394,no_change,2026-08-19T09:30:02,0.0,0.0
SPXW,2026-09-18,28,Call,8270.0,SPXW260918C08270000,0.65,0.8,0.7250000000000001,0.8,0.0,0.0,0.0,141.0,0.1108,0.0097,0.0001,0.6779,-0.1028,0.0548,0.7296,0.0,0.0,0.0,0.699999988079071,down,2026-08-20T14:01:41,0.0,0.0
SPX,2026-09-18,28,Put,8270.0,SPX260918P08270000,566.2,589.8,578.0,0.0,0.0,0.0,0.0,0.0,0.1116,-0.9905,0.0001,0.6537,-0.0995,-6.2691,578.9782,0.0,0.0,0.0,598.199981689453,no_change,,0.0,0.0
SPXW,2026-09-18,28,Put,8270.0,SPXW260918P08270000,566.1,589.9,578.0,0.0,0.0,0.0,0.0,0.0,0.1152,-0.9901,0.0001,0.6779,-0.1028,-6.2669,579.2778,0.0,0.0,0.0,598.100006103516,no_change,,0.0,0.0
SPX,2026-09-18,28,Call,8275.0,SPX260918C08275000,0.6,0.75,0.675,0.67,-0.005,-0.740743,3.0,765.0,0.1116,0.0091,0.0001,0.6403,-0.0978,0.0513,0.6777,0.67,0.67,0.67,0.675000011920929,down,2026-08-21T09:57:57,0.0,0.0
SPXW,2026-09-18,28,Call,8275.0,SPXW260918C08275000,0.6,0.75,0.675,0.98,0.0,0.0,0.0,150.0,0.1116,0.0095,0.0001,0.6637,-0.1009,0.0534,0.7123,0.0,0.0,0.0,0.699999988079071,down,2026-08-20T09:35:07,0.0,0.0
SPX,2026-09-18,28,Put,8275.0,SPX260918P08275000,571.1,594.4,582.75,0.0,0.0,0.0,0.0,0.0,0.1107,-0.9907,0.0001,0.6403,-0.0978,-6.2742,583.9458,0.0,0.0,0.0,603.549987792969,no_change,,0.0,0.0
SPXW,2026-09-18,28,Put,8275.0,SPXW260918P08275000,571.1,594.8,582.95,504.91,0.0,0.0,0.0,6.0,0.1162,-0.9904,0.0001,0.6636,-0.1009,-6.2721,584.2437,0.0,0.0,0.0,602.799987792969,no_change,2026-08-07T15:42:39,0.0,0.0
SPX,2026-09-18,28,Call,8280.0,SPX260918C08280000,0.55,0.75,0.65,0.8,0.15,23.0769,1.0,59.0,0.1114,0.0089,0.0001,0.6274,-0.0961,0.0501,0.6627,0.8,0.8,0.8,0.650000005960464,down,2026-08-21T15:23:13,0.0,0.0
SPXW,2026-09-18,28,Call,8280.0,SPXW260918C08280000,0.6,0.75,0.675,1.15,0.0,0.0,0.0,70.0,0.1119,0.0092,0.0001,0.6499,-0.0991,0.052,0.6958,0.0,0.0,0.0,0.675000011920929,down,2026-08-18T14:06:09,0.0,0.0
SPX,2026-09-18,28,Put,8280.0,SPX260918P08280000,576.1,599.5,587.8,0.0,0.0,0.0,0.0,0.0,0.1119,-0.991,0.0001,0.6273,-0.0961,-6.2793,588.914,0.0,0.0,0.0,608.549987792969,no_change,,0.0,0.0
SPXW,2026-09-18,28,Put,8280.0,SPXW260918P08280000,576.0,599.8,587.9,0.0,0.0,0.0,0.0,0.0,0.1157,-0.9906,0.0001,0.6498,-0.0991,-6.2773,589.2104,0.0,0.0,0.0,607.799987792969,no_change,,0.0,0.0
SPX,2026-09-18,28,Call,8290.0,SPX260918C08290000,0.55,0.7,0.625,0.6,0.0,9.93411e-07,20.0,154.0,0.113,0.0085,0.0001,0.6028,-0.093,0.0478,0.6345,0.6,0.6,0.6,0.599999994039536,no_change,2026-08-21T10:36:32,0.0,0.0
SPXW,2026-09-18,28,Call,8290.0,SPXW260918C08290000,0.6,0.7,0.6499999999999999,1.07,0.0,0.0,0.0,25.0,0.113,0.0088,0.0001,0.6236,-0.0957,0.0495,0.6645,0.0,0.0,0.0,0.650000005960464,no_change,2026-08-19T15:13:51,0.0,0.0
SPX,2026-09-18,28,Put,8290.0,SPX260918P08290000,586.1,609.7,597.9000000000001,0.0,0.0,0.0,0.0,0.0,0.112,-0.9914,0.0001,0.6028,-0.093,-6.2892,598.8525,0.0,0.0,0.0,618.5,no_change,,0.0,0.0
SPXW,2026-09-18,28,Put,8290.0,SPXW260918P08290000,586.0,609.7,597.85,0.0,0.0,0.0,0.0,0.0,0.1179,-0.991,0.0001,0.6236,-0.0957,-6.2874,599.146,0.0,0.0,0.0,617.400024414062,no_change,,0.0,0.0
SPX,2026-09-18,28,Call,8300.0,SPX260918C08300000,0.55,0.7,0.625,0.71,0.085,13.6,779.0,21416.0,0.1134,0.0081,0.0001,0.5799,-0.0901,0.0456,0.6086,0.64,0.71,0.6,0.625,no_change,2026-08-21T11:17:02,0.0,0.0
SPXW,2026-09-18,28,Call,8300.0,SPXW260918C08300000,0.55,0.7,0.625,0.8,0.15,23.0769,13.0,627.0,0.114,0.0084,0.0001,0.5991,-0.0925,0.0472,0.636,0.7,0.8,0.7,0.650000005960464,no_change,2026-08-21T15:20:47,0.0,0.0
SPX,2026-09-18,28,Put,8300.0,SPX260918P08300000,596.0,619.6,607.8,606.77,-21.88,-3.48047,8.0,4.0,0.1144,-0.9917,0.0001,0.5799,-0.0901,-6.299,608.7931,606.77,606.77,606.77,628.649993896484,down,2026-08-21T09:30:27,0.0,0.0
SPXW,2026-09-18,28,Put,8300.0,SPXW260918P08300000,595.9,619.7,607.8,523.91,0.0,0.0,0.0,12.0,0.1184,-0.9914,0.0001,0.5991,-0.0925,-6.2973,609.084,0.0,0.0,0.0,627.899993896484,no_change,2026-08-17T13:42:23,0.0,0.0
SPX,2026-09-18,28,Call,8310.0,SPX260918C08310000,0.5,0.65,0.575,1.25,0.0,0.0,0.0,76.0,0.1144,0.0078,0.0001,0.5583,-0.0874,0.0437,0.5846,0.0,0.0,0.0,0.574999988079071,no_change,2026-08-19T09:30:02,0.0,0.0
SPXW,2026-09-18,28,Call,8310.0,SPXW260918C08310000,0.5,0.65,0.575,0.77,0.0,0.0,0.0,39.0,0.1145,0.008,0.0001,0.5762,-0.0896,0.0451,0.6097,0.0,0.0,0.0,0.599999994039536,down,2026-08-20T10:21:19,0.0,0.0
SPX,2026-09-18,28,Put,8310.0,SPX260918P08310000,605.9,629.6,617.75,0.0,0.0,0.0,0.0,0.0,0.1144,-0.9921,0.0001,0.5583,-0.0874,-6.3086,618.7357,0.0,0.0,0.0,638.449981689453,no_change,,0.0,0.0
SPXW,2026-09-18,28,Put,8310.0,SPXW260918P08310000,605.9,629.6,617.75,0.0,0.0,0.0,0.0,0.0,0.1189,-0.9918,0.0001,0.5762,-0.0896,-6.3071,619.0243,0.0,0.0,0.0,637.600006103516,no_change,,0.0,0.0
SPX,2026-09-18,28,Call,8320.0,SPX260918C08320000,0.45,0.65,0.55,0.9,0.0,0.0,0.0,87.0,0.116,0.0074,0.0001,0.538,-0.0848,0.0418,0.5623,0.0,0.0,0.0,0.549999982118607,down,2026-08-19T15:35:12,0.0,0.0
SPXW,2026-09-18,28,Call,8320.0,SPXW260918C08320000,0.5,0.65,0.575,1.12,0.0,0.0,0.0,36.0,0.1155,0.0077,0.0001,0.5547,-0.0868,0.0432,0.5853,0.0,0.0,0.0,0.574999988079071,down,2026-08-19T10:31:51,0.0,0.0
SPX,2026-09-18,28,Put,8320.0,SPX260918P08320000,615.8,635.0,625.4,0.0,0.0,0.0,0.0,0.0,0.1168,-0.9924,0.0001,0.538,-0.0848,-6.318,628.6799,0.0,0.0,0.0,648.5,no_change,,0.0,0.0
SPXW,2026-09-18,28,Put,8320.0,SPXW260918P08320000,615.8,639.6,627.7,0.0,0.0,0.0,0.0,0.0,0.1211,-0.9922,0.0001,0.5547,-0.0868,-6.3166,628.9665,0.0,0.0,0.0,647.450012207031,no_change,,0.0,0.0
SPX,2026-09-18,28,Call,8325.0,SPX260918C08325000,0.45,0.65,0.55,0.53,-0.02,-3.63636,24.0,8438.0,0.1168,0.0073,0.0001,0.5284,-0.0836,0.041,0.5517,0.63,0.63,0.53,0.549999982118607,no_change,2026-08-21T10:04:18,0.0,0.0
SPXW,2026-09-18,28,Call,8325.0,SPXW260918C08325000,0.5,0.65,0.575,0.6,0.05,9.09091,1.0,90.0,0.1162,0.0075,0.0001,0.5444,-0.0855,0.0423,0.5738,0.6,0.6,0.6,0.550000011920929,down,2026-08-21T10:46:17,0.0,0.0
SPX,2026-09-18,28,Put,8325.0,SPX260918P08325000,620.8,644.5,632.65,0.0,0.0,0.0,0.0,0.0,0.1155,-0.9926,0.0001,0.5284,-0.0836,-6.3227,633.6527,0.0,0.0,0.0,653.25,no_change,,0.0,0.0
SPXW,2026-09-18,28,Put,8325.0,SPXW260918P08325000,620.8,644.5,632.65,637.79,0.0,0.0,0.0,12.0,0.1203,-0.9923,0.0001,0.5444,-0.0855,-6.3214,633.9382,0.0,0.0,0.0,652.700012207031,up,2026-08-20T13:35:25,0.0,0.0
SPX,2026-09-18,28,Call,8330.0,SPX260918C08330000,0.45,0.65,0.55,1.05,0.0,0.0,0.0,111.0,0.1169,0.0071,0.0001,0.5189,-0.0824,0.0401,0.5415,0.0,0.0,0.0,0.549999982118607,no_change,2026-08-19T09:30:02,0.0,0.0
SPXW,2026-09-18,28,Call,8330.0,SPXW260918C08330000,0.45,0.6,0.525,0.95,0.0,0.0,0.0,103.0,0.1164,0.0074,0.0001,0.5345,-0.0842,0.0414,0.5627,0.0,0.0,0.0,0.550000011920929,down,2026-08-18T11:02:41,0.0,0.0
SPX,2026-09-18,28,Put,8330.0,SPX260918P08330000,625.8,649.5,637.65,0.0,0.0,0.0,0.0,0.0,0.1167,-0.9927,0.0001,0.5189,-0.0824,-6.3274,638.6257,0.0,0.0,0.0,657.650024414062,no_change,,0.0,0.0
SPXW,2026-09-18,28,Put,8330.0,SPXW260918P08330000,625.7,649.5,637.6,0.0,0.0,0.0,0.0,0.0,0.1214,-0.9925,0.0001,0.5345,-0.0842,-6.3261,638.9104,0.0,0.0,0.0,657.699981689453,no_change,,0.0,0.0
SPX,2026-09-18,28,Call,8340.0,SPX260918C08340000,0.4,0.6,0.5,1.05,0.0,0.0,0.0,102.0,0.1178,0.0068,0.0001,0.5008,-0.0801,0.0385,0.522,0.0,0.0,0.0,0.500000014901161,no_change,2026-08-19T09:30:02,0.0,0.0
SPXW,2026-09-18,28,Call,8340.0,SPXW260918C08340000,0.45,0.6,0.525,1.02,0.0,0.0,0.0,52.0,0.1173,0.007,0.0001,0.5153,-0.0818,0.0396,0.5415,0.0,0.0,0.0,0.525000005960464,down,2026-08-18T09:57:31,0.0,0.0
SPX,2026-09-18,28,Put,8340.0,SPX260918P08340000,635.8,659.4,647.5999999999999,0.0,0.0,0.0,0.0,0.0,0.1164,-0.993,0.0001,0.5008,-0.0801,-6.3366,648.5728,0.0,0.0,0.0,668.150024414062,no_change,,0.0,0.0
SPXW,2026-09-18,28,Put,8340.0,SPXW260918P08340000,635.7,659.5,647.6,0.0,0.0,0.0,0.0,0.0,0.1237,-0.9928,0.0001,0.5153,-0.0818,-6.3355,648.8558,0.0,0.0,0.0,667.599975585938,no_change,,0.0,0.0
SPX,2026-09-18,28,Call,8350.0,SPX260918C08350000,0.45,0.6,0.525,0.52,0.02,4.0,1201.0,3789.0,0.1187,0.0066,0.0001,0.4837,-0.0779,0.037,0.5038,0.5,0.52,0.5,0.500000014901161,up,2026-08-21T10:26:42,0.0,0.0
SPXW,2026-09-18,28,Call,8350.0,SPXW260918C08350000,0.45,0.55,0.5,0.64,0.14,28.0,30.0,508.0,0.1188,0.0068,0.0001,0.4972,-0.0795,0.038,0.5217,0.65,0.65,0.64,0.5,no_change,2026-08-21T15:32:24,0.0,0.0
SPX,2026-09-18,28,Put,8350.0,SPX260918P08350000,645.7,665.2,655.45,0.0,0.0,0.0,0.0,0.0,0.1189,-0.9933,0.0001,0.4837,-0.0779,-6.3458,658.5212,0.0,0.0,0.0,678.450012207031,no_change,,0.0,0.0
SPXW,2026-09-18,28,Put,8350.0,SPXW260918P08350000,645.6,669.4,657.5,0.0,0.0,0.0,0.0,0.0,0.1239,-0.9931,0.0001,0.4972,-0.0795,-6.3447,658.8026,0.0,0.0,0.0,677.600006103516,no_change,,0.0,0.0
SPX,2026-09-18,28,Call,8360.0,SPX260918C08360000,0.4,0.55,0.47500000000000003,0.95,0.0,0.0,0.0,125.0,0.1209,0.0063,0.0001,0.4674,-0.0759,0.0355,0.4867,0.0,0.0,0.0,0.475000008940697,no_change,2026-08-19T09:30:02,0.0,0.0
SPXW,2026-09-18,28,Call,8360.0,SPXW260918C08360000,0.4,0.55,0.47500000000000003,1.05,0.0,0.0,0.0,90.0,0.1196,0.0065,0.0001,0.4801,-0.0773,0.0365,0.5032,0.0,0.0,0.0,0.5,down,2026-08-19T10:38:50,0.0,0.0
SPX,2026-09-18,28,Put,8360.0,SPX260918P08360000,655.6,679.4,667.5,0.0,0.0,0.0,0.0,0.0,0.1184,-0.9935,0.0001,0.4674,-0.0759,-6.3549,668.4706,0.0,0.0,0.0,688.200012207031,no_change,,0.0,0.0
SPXW,2026-09-18,28,Put,8360.0,SPXW260918P08360000,655.6,679.4,667.5,672.41,0.0,0.0,0.0,12.0,0.1262,-0.9934,0.0001,0.4801,-0.0773,-6.3539,668.7506,0.0,0.0,0.0,687.25,up,2026-08-20T13:35:25,0.0,0.0
SPX,2026-09-18,28,Call,8370.0,SPX260918C08370000,0.35,0.55,0.45,0.85,0.0,0.0,0.0,104.0,0.121,0.0061,0.0001,0.4515,-0.0739,0.0341,0.47,0.0,0.0,0.0,0.450000002980232,no_change,2026-08-19T09:30:02,0.0,0.0
SPXW,2026-09-18,28,Call,8370.0,SPXW260918C08370000,0.4,0.55,0.47500000000000003,1.8,0.0,0.0,0.0,66.0,0.1204,0.0062,0.0001,0.4639,-0.0752,0.0351,0.4858,0.0,0.0,0.0,0.475000008940697,down,2026-08-17T11:09:34,0.0,0.0
SPX,2026-09-18,28,Put,8370.0,SPX260918P08370000,665.6,689.3,677.45,0.0,0.0,0.0,0.0,0.0,0.121,-0.9938,0.0001,0.452,-0.074,-6.3639,678.421,0.0,0.0,0.0,698.0,no_change,,0.0,0.0
SPXW,2026-09-18,28,Put,8370.0,SPXW260918P08370000,665.5,689.3,677.4,0.0,0.0,0.0,0.0,0.0,0.1264,-0.9936,0.0001,0.4639,-0.0752,-6.363,678.6998,0.0,0.0,0.0,697.149993896484,no_change,,0.0,0.0
SPX,2026-09-18,28,Call,8375.0,SPX260918C08375000,0.4,0.55,0.47500000000000003,0.59,0.0,0.0,0.0,1294.0,0.121,0.006,0.0001,0.4441,-0.073,0.0335,0.4623,0.0,0.0,0.0,0.475000008940697,no_change,2026-08-20T11:41:38,0.0,0.0
SPXW,2026-09-18,28,Call,8375.0,SPXW260918C08375000,0.4,0.55,0.47500000000000003,0.55,0.1,22.2222,1.0,80.0,0.1212,0.0061,0.0001,0.4561,-0.0742,0.0344,0.4774,0.55,0.55,0.55,0.450000002980232,down,2026-08-21T15:45:04,0.0,0.0
SPX,2026-09-18,28,Put,8375.0,SPX260918P08375000,670.8,694.3,682.55,0.0,0.0,0.0,0.0,0.0,0.1222,-0.9939,0.0001,0.4446,-0.073,-6.3684,683.3966,0.0,0.0,0.0,701.800018310547,no_change,,0.0,0.0
SPXW,2026-09-18,28,Put,8375.0,SPXW260918P08375000,670.5,694.3,682.4,0.0,0.0,0.0,0.0,0.0,0.1275,-0.9937,0.0001,0.4561,-0.0742,-6.3675,683.6747,0.0,0.0,0.0,702.25,no_change,,0.0,0.0
SPX,2026-09-18,28,Call,8380.0,SPX260918C08380000,0.35,0.55,0.45,0.8,0.0,0.0,0.0,56.0,0.1232,0.0059,0.0001,0.4374,-0.0721,0.0329,0.4553,0.0,0.0,0.0,0.450000002980232,no_change,2026-08-19T09:30:02,0.0,0.0
SPXW,2026-09-18,28,Call,8380.0,SPXW260918C08380000,0.4,0.5,0.45,0.82,0.0,0.0,0.0,33.0,0.1219,0.006,0.0001,0.4485,-0.0733,0.0337,0.4694,0.0,0.0,0.0,0.450000002980232,down,2026-08-18T09:57:31,0.0,0.0
SPX,2026-09-18,28,Put,8380.0,SPX260918P08380000,675.5,699.3,687.4,0.0,0.0,0.0,0.0,0.0,0.1234,-0.994,0.0001,0.4373,-0.0721,-6.3728,688.3723,0.0,0.0,0.0,707.600006103516,no_change,,0.0,0.0
SPXW,2026-09-18,28,Put,8380.0,SPXW260918P08380000,675.5,699.3,687.4,690.92,0.0,0.0,0.0,9.0,0.1286,-0.9938,0.0001,0.4485,-0.0733,-6.372,688.6499,0.0,0.0,0.0,706.350006103516,up,2026-08-20T13:33:20,0.0,0.0
SPX,2026-09-18,28,Call,8390.0,SPX260918C08390000,0.35,0.55,0.45,0.8,0.0,0.0,0.0,73.0,0.1233,0.0056,0.0001,0.4229,-0.0703,0.0316,0.4404,0.0,0.0,0.0,0.450000002980232,no_change,2026-08-19T09:30:02,0.0,0.0
SPXW,2026-09-18,28,Call,8390.0,SPXW260918C08390000,0.35,0.5,0.425,1.9,0.0,0.0,0.0,44.0,0.1227,0.0058,0.0001,0.4338,-0.0714,0.0324,0.4539,0.0,0.0,0.0,0.450000002980232,no_change,2026-08-14T15:52:14,0.0,0.0
SPX,2026-09-18,28,Put,8390.0,SPX260918P08390000,685.5,709.2,697.35,0.0,0.0,0.0,0.0,0.0,0.123,-0.9942,0.0001,0.4234,-0.0703,-6.3817,698.3245,0.0,0.0,0.0,717.549987792969,no_change,,0.0,0.0
SPXW,2026-09-18,28,Put,8390.0,SPXW260918P08390000,685.4,709.3,697.3499999999999,648.73,0.0,0.0,0.0,3.0,0.1287,-0.9941,0.0001,0.4338,-0.0714,-6.3809,698.601,0.0,0.0,0.0,717.399993896484,down,2026-08-19T09:57:29,0.0,0.0
SPX,2026-09-18,28,Call,8400.0,SPX260918C08400000,0.35,0.5,0.425,0.57,0.145,34.1176,2.0,20071.0,0.1248,0.0054,0.0001,0.4096,-0.0686,0.0305,0.4267,0.6,0.6,0.57,0.424999997019768,down,2026-08-21T13:37:14,0.0,0.0
SPXW,2026-09-18,28,Call,8400.0,SPXW260918C08400000,0.35,0.5,0.425,0.5,0.075,17.6471,33.0,836.0,0.1242,0.0056,0.0001,0.4199,-0.0696,0.0312,0.4392,0.55,0.55,0.5,0.424999997019768,down,2026-08-21T15:45:14,0.0,0.0
SPX,2026-09-18,28,Put,8400.0,SPX260918P08400000,695.5,718.6,707.05,579.98,0.0,0.0,0.0,2.0,0.1255,-0.9944,0.0001,0.4101,-0.0686,-6.3905,708.2774,0.0,0.0,0.0,727.449981689453,no_change,2026-08-13T10:49:41,0.0,0.0
SPXW,2026-09-18,28,Put,8400.0,SPXW260918P08400000,695.4,719.2,707.3,0.0,0.0,0.0,0.0,0.0,0.131,-0.9943,0.0001,0.4199,-0.0696,-6.3898,708.553,0.0,0.0,0.0,727.299987792969,no_change,,0.0,0.0
SPX,2026-09-18,28,Call,8410.0,SPX260918C08410000,0.3,0.5,0.4,0.75,0.0,0.0,0.0,79.0,0.1254,0.0053,0.0001,0.397,-0.067,0.0294,0.4137,0.0,0.0,0.0,0.400000005960464,no_change,2026-08-19T09:30:02,0.0,0.0
SPXW,2026-09-18,28,Call,8410.0,SPXW260918C08410000,0.35,0.5,0.425,1.3,0.0,0.0,0.0,12.0,0.1248,0.0054,0.0001,0.4066,-0.0679,0.0301,0.4254,0.0,0.0,0.0,0.399999991059303,no_change,2026-08-17T13:06:00,0.0,0.0
SPX,2026-09-18,28,Put,8410.0,SPX260918P08410000,705.4,729.2,717.3,0.0,0.0,0.0,0.0,0.0,0.1248,-0.9946,0.0001,0.3974,-0.067,-6.3992,718.2309,0.0,0.0,0.0,737.450012207031,no_change,,0.0,0.0
SPXW,2026-09-18,28,Put,8410.0,SPXW260918P08410000,705.3,729.2,717.25,653.57,0.0,0.0,0.0,8.0,0.131,-0.9945,0.0001,0.4066,-0.0679,-6.3985,718.5057,0.0,0.0,0.0,737.050018310547,down,2026-08-19T12:08:06,0.0,0.0
SPX,2026-09-18,28,Call,8420.0,SPX260918C08420000,0.3,0.5,0.4,0.7,0.0,0.0,0.0,107.0,0.126,0.0051,0.0,0.3848,-0.0654,0.0284,0.4013,0.0,0.0,0.0,0.400000005960464,no_change,2026-08-19T09:30:02,0.0,0.0
SPXW,2026-09-18,28,Call,8420.0,SPXW260918C08420000,0.3,0.45,0.375,2.17,0.0,0.0,0.0,31.0,0.1263,0.0052,0.0001,0.3939,-0.0662,0.029,0.4122,0.0,0.0,0.0,0.399999991059303,down,2026-08-13T12:03:44,0.0,0.0
SPX,2026-09-18,28,Put,8420.0,SPX260918P08420000,715.4,738.5,726.95,0.0,0.0,0.0,0.0,0.0,0.1274,-0.9948,0.0,0.3852,-0.0655,-6.4079,728.1851,0.0,0.0,0.0,747.949981689453,no_change,,0.0,0.0
SPXW,2026-09-18,28,Put,8420.0,SPXW260918P08420000,715.3,739.2,727.25,0.0,0.0,0.0,0.0,0.0,0.1334,-0.9947,0.0001,0.3939,-0.0662,-6.4072,728.4591,0.0,0.0,0.0,747.0,no_change,,0.0,0.0
SPX,2026-09-18,28,Call,8425.0,SPX260918C08425000,0.3,0.5,0.4,0.65,0.0,0.0,0.0,1958.0,0.1277,0.005,0.0,0.379,-0.0646,0.0279,0.3954,0.0,0.0,0.0,0.400000005960464,down,2026-08-19T09:40:29,0.0,0.0
SPXW,2026-09-18,28,Call,8425.0,SPXW260918C08425000,0.3,0.45,0.375,1.2,0.0,0.0,0.0,67.0,0.1262,0.0051,0.0,0.3878,-0.0655,0.0285,0.4058,0.0,0.0,0.0,0.399999991059303,no_change,2026-08-17T13:05:15,0.0,0.0
SPX,2026-09-18,28,Put,8425.0,SPX260918P08425000,720.4,744.1,732.25,0.0,0.0,0.0,0.0,4.0,0.1287,-0.9948,0.0,0.3793,-0.0647,-6.4122,733.1624,0.0,0.0,0.0,752.800018310547,no_change,,0.0,0.0
SPXW,2026-09-18,28,Put,8425.0,SPXW260918P08425000,720.3,744.1,732.2,736.11,0.0,0.0,0.0,9.0,0.1345,-0.9948,0.0,0.3878,-0.0655,-6.4116,733.436,0.0,0.0,0.0,751.75,up,2026-08-20T13:33:20,0.0,0.0
SPX,2026-09-18,28,Call,8430.0,SPX260918C08430000,0.3,0.5,0.4,0.65,0.0,0.0,0.0,299.0,0.1275,0.0049,0.0,0.3732,-0.0639,0.0274,0.3895,0.0,0.0,0.0,0.400000005960464,no_change,2026-08-19T09:30:02,0.0,0.0
SPXW,2026-09-18,28,Call,8430.0,SPXW260918C08430000,0.3,0.45,0.375,1.5,0.0,0.0,0.0,6.0,0.1269,0.005,0.0,0.3818,-0.0647,0.028,0.3996,0.0,0.0,0.0,0.375,no_change,2026-08-14T15:27:57,0.0,0.0
SPX,2026-09-18,28,Put,8430.0,SPX260918P08430000,725.3,749.1,737.2,0.0,0.0,0.0,0.0,0.0,0.1266,-0.9949,0.0,0.3736,-0.064,-6.4165,738.1398,0.0,0.0,0.0,757.650024414062,no_change,,0.0,0.0
SPXW,2026-09-18,28,Put,8430.0,SPXW260918P08430000,725.3,749.1,737.2,688.27,0.0,0.0,0.0,3.0,0.1332,-0.9948,0.0,0.3818,-0.0647,-6.4159,738.4131,0.0,0.0,0.0,756.949981689453,down,2026-08-19T09:57:29,0.0,0.0
SPX,2026-09-18,28,Call,8440.0,SPX260918C08440000,0.25,0.45,0.35,0.65,0.0,0.0,0.0,113.0,0.1299,0.0047,0.0,0.3621,-0.0625,0.0265,0.3783,0.0,0.0,0.0,0.400000005960464,no_change,2026-08-19T09:30:02,0.0,0.0
SPXW,2026-09-18,28,Call,8440.0,SPXW260918C08440000,0.3,0.45,0.375,0.88,0.0,0.0,0.0,16.0,0.1274,0.0048,0.0,0.3702,-0.0632,0.027,0.3877,0.0,0.0,0.0,0.375,down,2026-08-17T14:38:35,0.0,0.0
SPX,2026-09-18,28,Put,8440.0,SPX260918P08440000,735.3,759.1,747.2,0.0,0.0,0.0,0.0,0.0,0.1292,-0.9951,0.0,0.3625,-0.0625,-6.425,748.0951,0.0,0.0,0.0,767.700012207031,no_change,,0.0,0.0
SPXW,2026-09-18,28,Put,8440.0,SPXW260918P08440000,735.2,759.1,747.1500000000001,683.09,0.0,0.0,0.0,8.0,0.1356,-0.995,0.0,0.3702,-0.0632,-6.4245,748.3677,0.0,0.0,0.0,766.649993896484,down,2026-08-19T12:08:06,0.0,0.0
SPX,2026-09-18,28,Call,8450.0,SPX260918C08450000,0.25,0.45,0.35,0.5,0.15,42.8571,47.0,4564.0,0.1304,0.0046,0.0,0.3518,-0.0611,0.0257,0.3678,0.39,0.5,0.39,0.349999994039536,up,2026-08-21T13:13:35,0.0,0.0
SPXW,2026-09-18,28,Call,8450.0,SPXW260918C08450000,0.3,0.45,0.375,0.45,0.075,20.0,34.0,373.0,0.1289,0.0047,0.0,0.3591,-0.0617,0.0261,0.3763,0.55,0.55,0.45,0.375,no_change,2026-08-21T15:32:24,0.0,0.0
SPX,2026-09-18,28,Put,8450.0,SPX260918P08450000,745.3,769.0,757.15,0.0,0.0,0.0,0.0,0.0,0.1281,-0.9952,0.0,0.3518,-0.0611,-6.4335,758.0509,0.0,0.0,0.0,776.449981689453,no_change,,0.0,0.0
SPXW,2026-09-18,28,Put,8450.0,SPXW260918P08450000,745.2,769.0,757.1,707.42,0.0,0.0,0.0,4.0,0.138,-0.9952,0.0,0.3591,-0.0617,-6.433,758.3229,0.0,0.0,0.0,775.850006103516,down,2026-08-19T09:59:05,0.0,0.0
SPX,2026-09-18,28,Call,8460.0,SPX260918C08460000,0.25,0.45,0.35,0.6,0.0,0.0,0.0,295.0,0.131,0.0044,0.0,0.3412,-0.0597,0.0248,0.3571,0.0,0.0,0.0,0.349999994039536,no_change,2026-08-19T09:30:02,0.0,0.0
SPX,2026-09-18,28,Put,8460.0,SPX260918P08460000,755.2,775.0,765.1,0.0,0.0,0.0,0.0,0.0,0.1309,-0.9954,0.0,0.3415,-0.0598,-6.442,768.0071,0.0,0.0,0.0,787.600006103516,no_change,,0.0,0.0
SPX,2026-09-18,28,Call,8470.0,SPX260918C08470000,0.25,0.45,0.35,0.5,0.0,0.0,0.0,154.0,0.1314,0.0043,0.0,0.3314,-0.0584,0.024,0.3472,0.0,0.0,0.0,0.349999994039536,no_change,2026-08-19T09:30:02,0.0,0.0
SPX,2026-09-18,28,Put,8470.0,SPX260918P08470000,765.2,788.3,776.75,0.0,0.0,0.0,0.0,0.0,0.1336,-0.9956,0.0,0.3317,-0.0585,-6.4504,777.9638,0.0,0.0,0.0,797.649993896484,no_change,,0.0,0.0
SPX,2026-09-18,28,Call,8475.0,SPX260918C08475000,0.25,0.45,0.35,0.55,0.0,0.0,0.0,286.0,0.1331,0.0042,0.0,0.3266,-0.0578,0.0236,0.3425,0.0,0.0,0.0,0.349999994039536,no_change,2026-08-19T09:30:02,0.0,0.0
SPXW,2026-09-18,28,Call,8475.0,SPXW260918C08475000,0.25,0.4,0.325,1.15,0.0,0.0,0.0,14.0,0.1315,0.0043,0.0,0.3335,-0.0584,0.0241,0.3503,0.0,0.0,0.0,0.325000002980232,no_change,2026-08-14T15:52:18,0.0,0.0
SPX,2026-09-18,28,Put,8475.0,SPX260918P08475000,770.2,793.9,782.05,694.14,0.0,0.0,0.0,1.0,0.131,-0.9956,0.0,0.3269,-0.0579,-6.4547,782.9423,0.0,0.0,0.0,801.049987792969,down,2026-08-11T11:05:25,0.0,0.0
SPXW,2026-09-18,28,Put,8475.0,SPXW260918P08475000,770.1,794.0,782.05,731.83,0.0,0.0,0.0,4.0,0.1413,-0.9956,0.0,0.3333,-0.0583,-6.4542,783.2129,0.0,0.0,0.0,801.75,down,2026-08-19T09:59:05,0.0,0.0
SPX,2026-09-18,28,Call,8500.0,SPX260918C08500000,0.25,0.4,0.325,0.42,0.095,29.2308,137.0,11015.0,0.1346,0.0039,0.0,0.3041,-0.0548,0.0218,0.3199,0.4,0.45,0.25,0.325000002980232,no_change,2026-08-21T13:49:09,0.0,0.0
SPXW,2026-09-18,28,Call,8500.0,SPXW260918C08500000,0.25,0.4,0.325,0.35,0.025,7.69231,8.0,551.0,0.134,0.004,0.0,0.3102,-0.0553,0.0222,0.3267,0.35,0.35,0.32,0.325000002980232,up,2026-08-21T15:45:15,0.0,0.0
SPX,2026-09-18,28,Put,8500.0,SPX260918P08500000,795.0,818.2,806.6,804.98,-22.37,-2.70381,113.0,99.0,0.1338,-0.9959,0.0,0.3044,-0.0549,-6.4756,807.8361,814.3,814.3,799.18,827.349975585938,down,2026-08-21T13:49:09,0.0,0.0
SPXW,2026-09-18,28,Put,8500.0,SPXW260918P08500000,795.0,818.9,806.95,812.9,-13.9,-1.68118,1.0,3.0,0.1447,-0.9959,0.0,0.31,-0.0552,-6.4752,808.1057,812.9,812.9,812.9,826.800018310547,up,2026-08-21T09:40:25,0.0,0.0
SPX,2026-09-18,28,Call,8525.0,SPX260918C08525000,0.2,0.4,0.30000000000000004,0.35,0.05,16.6667,45.0,4828.0,0.1381,0.0036,0.0,0.2837,-0.0521,0.0201,0.2995,0.35,0.35,0.35,0.300000004470348,no_change,2026-08-21T15:36:43,0.0,0.0
SPX,2026-09-18,28,Put,8525.0,SPX260918P08525000,819.9,839.4,829.65,0.0,0.0,0.0,0.0,0.0,0.1409,-0.9962,0.0,0.284,-0.0521,-6.4963,832.7321,0.0,0.0,0.0,851.850006103516,no_change,,0.0,0.0
SPX,2026-09-18,28,Call,8550.0,SPX260918C08550000,0.2,0.35,0.275,0.3,0.0,-1.49012e-06,3001.0,271.0,0.1391,0.0034,0.0,0.2651,-0.0495,0.0186,0.2809,0.3,0.3,0.3,0.300000004470348,no_change,2026-08-21T15:58:54,0.0,0.0
SPXW,2026-09-18,28,Call,8550.0,SPXW260918C08550000,0.2,0.35,0.275,0.43,0.0,0.0,0.0,315.0,0.1397,0.0034,0.0,0.27,-0.0498,0.0189,0.286,0.0,0.0,0.0,0.274999998509884,up,2026-08-19T09:30:02,0.0,0.0
SPX,2026-09-18,28,Put,8550.0,SPX260918P08550000,844.8,865.4,855.0999999999999,0.0,0.0,0.0,0.0,0.0,0.1438,-0.9965,0.0,0.2653,-0.0495,-6.5169,857.6299,0.0,0.0,0.0,877.450012207031,no_change,,0.0,0.0
SPXW,2026-09-18,28,Put,8550.0,SPXW260918P08550000,844.8,868.7,856.75,0.0,0.0,0.0,0.0,0.0,0.1512,-0.9964,0.0,0.2697,-0.0497,-6.5166,857.8979,0.0,0.0,0.0,875.299987792969,no_change,,0.0,0.0
SPX,2026-09-18,28,Call,8575.0,SPX260918C08575000,0.15,0.35,0.25,0.45,0.0,0.0,0.0,716.0,0.1426,0.0031,0.0,0.2481,-0.0471,0.0173,0.264,0.0,0.0,0.0,0.25,no_change,2026-08-19T09:30:02,0.0,0.0
SPX,2026-09-18,28,Put,8575.0,SPX260918P08575000,869.8,893.6,881.7,0.0,0.0,0.0,0.0,0.0,0.1467,-0.9967,0.0,0.2483,-0.0472,-6.5374,882.5294,0.0,0.0,0.0,901.549987792969,no_change,,0.0,0.0
SPX,2026-09-18,28,Call,8600.0,SPX260918C08600000,0.15,0.35,0.25,0.3,0.075,33.3333,24.0,14512.0,0.146,0.0029,0.0,0.2325,-0.0449,0.0161,0.2484,0.25,0.3,0.25,0.225000008940697,no_change,2026-08-21T11:41:27,0.0,0.0
SPXW,2026-09-18,28,Call,8600.0,SPXW260918C08600000,0.2,0.3,0.25,0.27,-0.005,-1.81818,1.0,486.0,0.1466,0.0029,0.0,0.2364,-0.0451,0.0163,0.2523,0.27,0.27,0.27,0.274999998509884,down,2026-08-21T15:48:42,0.0,0.0
SPX,2026-09-18,28,Put,8600.0,SPX260918P08600000,894.7,918.5,906.6,0.0,0.0,0.0,0.0,0.0,0.1494,-0.9969,0.0,0.2327,-0.0449,-6.5577,907.4302,0.0,0.0,0.0,926.950012207031,no_change,,0.0,0.0
SPXW,2026-09-18,28,Put,8600.0,SPXW260918P08600000,894.6,918.5,906.55,820.74,0.0,0.0,0.0,1.0,0.1575,-0.9969,0.0,0.2362,-0.045,-6.5574,907.6971,0.0,0.0,0.0,925.899993896484,down,2026-08-17T14:18:37,0.0,0.0
SPX,2026-09-18,28,Call,8625.0,SPX260918C08625000,0.1,0.35,0.22499999999999998,0.35,0.0,0.0,0.0,188.0,0.1479,0.0027,0.0,0.2182,-0.0428,0.015,0.2341,0.0,0.0,0.0,0.225000008940697,no_change,2026-08-19T09:30:02,0.0,0.0
SPX,2026-09-18,28,Put,8625.0,SPX260918P08625000,919.6,943.4,931.5,0.0,0.0,0.0,0.0,0.0,0.1521,-0.9971,0.0,0.2184,-0.0429,-6.5779,932.3323,0.0,0.0,0.0,951.799987792969,no_change,,0.0,0.0
SPX,2026-09-18,28,Call,8650.0,SPX260918C08650000,0.1,0.3,0.2,0.35,0.0,0.0,0.0,1549.0,0.1513,0.0025,0.0,0.2049,-0.0409,0.014,0.2208,0.0,0.0,0.0,0.225000008940697,no_change,2026-08-19T09:30:02,0.0,0.0
SPXW,2026-09-18,28,Call,8650.0,SPXW260918C08650000,0.15,0.3,0.22499999999999998,0.32,0.0,0.0,0.0,127.0,0.1505,0.0026,0.0,0.2081,-0.041,0.0142,0.2238,0.0,0.0,0.0,0.250000007450581,down,2026-08-19T09:30:02,0.0,0.0
SPX,2026-09-18,28,Put,8650.0,SPX260918P08650000,944.5,968.3,956.4,1121.77,0.0,0.0,0.0,3.0,0.1547,-0.9973,0.0,0.2051,-0.0409,-6.598,957.2355,0.0,0.0,0.0,976.699981689453,down,2026-07-31T16:00:06,0.0,0.0
SPXW,2026-09-18,28,Put,8650.0,SPXW260918P08650000,944.4,968.4,956.4,0.0,0.0,0.0,0.0,0.0,0.1637,-0.9973,0.0,0.2079,-0.0409,-6.5978,957.5015,0.0,0.0,0.0,976.350006103516,no_change,,0.0,0.0
SPX,2026-09-18,28,Call,8675.0,SPX260918C08675000,0.1,0.3,0.2,0.2,0.0,-3.35276e-06,1.0,343.0,0.153,0.0024,0.0,0.1927,-0.0391,0.0131,0.2085,0.2,0.2,0.2,0.200000006705523,down,2026-08-21T09:37:44,0.0,0.0
SPX,2026-09-18,28,Put,8675.0,SPX260918P08675000,969.4,992.5,980.95,0.0,0.0,0.0,0.0,0.0,0.1572,-0.9975,0.0,0.1929,-0.0391,-6.618,982.1396,0.0,0.0,0.0,1001.64999389648,no_change,,0.0,0.0
SPX,2026-09-18,28,Call,8700.0,SPX260918C08700000,0.1,0.3,0.2,0.2,0.0,-3.35276e-06,1.0,12215.0,0.1544,0.0022,0.0,0.1814,-0.0373,0.0123,0.1971,0.2,0.2,0.2,0.200000006705523,no_change,2026-08-21T10:28:42,0.0,0.0
SPXW,2026-09-18,28,Call,8700.0,SPXW260918C08700000,0.15,0.3,0.22499999999999998,0.3,0.0,0.0,0.0,418.0,0.1572,0.0022,0.0,0.184,-0.0373,0.0124,0.1994,0.0,0.0,0.0,0.200000002980232,up,2026-08-19T11:08:36,0.0,0.0
SPX,2026-09-18,28,Put,8700.0,SPX260918P08700000,994.3,1018.2,1006.25,1149.97,0.0,0.0,0.0,1.0,0.1596,-0.9976,0.0,0.1816,-0.0374,-6.6379,1007.0446,0.0,0.0,0.0,1026.60003662109,up,2026-06-22T11:29:50,0.0,0.0
SPXW,2026-09-18,28,Put,8700.0,SPXW260918P08700000,994.2,1018.2,1006.2,920.47,0.0,0.0,0.0,1.0,0.1696,-0.9976,0.0,0.1838,-0.0373,-6.6378,1007.31,0.0,0.0,0.0,1026.14996337891,down,2026-08-12T14:33:04,0.0,0.0
SPX,2026-09-18,28,Call,8725.0,SPX260918C08725000,0.1,0.3,0.2,0.3,0.0,0.0,0.0,173.0,0.1576,0.0021,0.0,0.171,-0.0357,0.0115,0.1865,0.0,0.0,0.0,0.175000000745058,no_change,2026-08-19T09:30:02,0.0,0.0
SPX,2026-09-18,28,Put,8725.0,SPX260918P08725000,1019.2,1038.7,1028.95,0.0,0.0,0.0,0.0,0.0,0.1619,-0.9978,0.0,0.1711,-0.0357,-6.6578,1031.9504,0.0,0.0,0.0,1051.45001220703,no_change,,0.0,0.0
SPX,2026-09-18,28,Call,8750.0,SPX260918C08750000,0.05,0.3,0.175,0.3,0.0,0.0,0.0,167.0,0.1609,0.002,0.0,0.1612,-0.0342,0.0107,0.1766,0.0,0.0,0.0,0.175000000745058,no_change,2026-08-19T09:30:02,0.0,0.0
SPXW,2026-09-18,28,Call,8750.0,SPXW260918C08750000,0.15,0.25,0.2,0.6,0.0,0.0,0.0,5.0,0.1601,0.002,0.0,0.1634,-0.0341,0.0108,0.1784,0.0,0.0,0.0,0.200000002980232,down,2026-08-12T14:55:39,0.0,0.0
SPX,2026-09-18,28,Put,8750.0,SPX260918P08750000,1044.3,1068.0,1056.15,0.0,0.0,0.0,0.0,0.0,0.1642,-0.9979,0.0,0.1614,-0.0342,-6.6776,1056.857,0.0,0.0,0.0,1075.10003662109,no_change,,0.0,0.0
SPXW,2026-09-18,28,Put,8750.0,SPXW260918P08750000,1044.0,1068.0,1056.0,0.0,0.0,0.0,0.0,0.0,0.179,-0.9979,0.0,0.1632,-0.0341,-6.6775,1057.1219,0.0,0.0,0.0,1075.45001220703,no_change,,0.0,0.0
SPX,2026-09-18,28,Call,8775.0,SPX260918C08775000,0.05,0.25,0.15,0.25,0.0,0.0,0.0,164.0,0.1641,0.0018,0.0,0.1522,-0.0327,0.0101,0.1674,0.0,0.0,0.0,0.175000000745058,no_change,2026-08-19T09:30:02,0.0,0.0
SPX,2026-09-18,28,Put,8775.0,SPX260918P08775000,1069.0,1092.9,1080.95,994.1,0.0,0.0,0.0,1.0,0.1725,-0.998,0.0,0.1523,-0.0328,-6.6974,1081.7642,0.0,0.0,0.0,1101.35003662109,up,2026-08-12T14:32:41,0.0,0.0
SPX,2026-09-18,28,Call,8800.0,SPX260918C08800000,0.05,0.25,0.15,0.2,0.025,14.2857,1.0,6851.0,0.1673,0.0017,0.0,0.1438,-0.0314,0.0095,0.1588,0.2,0.2,0.2,0.175000000745058,no_change,2026-08-21T11:41:27,0.0,0.0
SPXW,2026-09-18,28,Call,8800.0,SPXW260918C08800000,0.1,0.25,0.175,0.2,0.0,-1.49012e-06,2.0,347.0,0.1665,0.0017,0.0,0.1456,-0.0313,0.0095,0.1602,0.2,0.2,0.2,0.200000002980232,no_change,2026-08-21T11:25:44,0.0,0.0
SPX,2026-09-18,28,Put,8800.0,SPX260918P08800000,1094.0,1114.5,1104.25,1632.92,0.0,0.0,0.0,3.0,0.1749,-0.9981,0.0,0.1439,-0.0314,-6.7171,1106.672,0.0,0.0,0.0,1126.05004882812,no_change,2026-04-16T12:21:29,0.0,0.0
SPXW,2026-09-18,28,Put,8800.0,SPXW260918P08800000,1093.9,1117.8,1105.85,1057.71,0.0,0.0,0.0,17.0,0.1848,-0.9981,0.0,0.1455,-0.0313,-6.717,1106.9366,0.0,0.0,0.0,1125.59997558594,no_change,2026-08-19T10:00:54,0.0,0.0
SPX,2026-09-18,28,Call,8850.0,SPX260918C08850000,0.05,0.25,0.15,0.25,0.0,0.0,0.0,422.0,0.1736,0.0015,0.0,0.1286,-0.0288,0.0084,0.1432,0.0,0.0,0.0,0.125000001862645,no_change,2026-08-19T09:30:02,0.0,0.0
SPXW,2026-09-18,28,Call,8850.0,SPXW260918C08850000,0.1,0.25,0.175,0.25,0.0,0.0,0.0,3.0,0.1728,0.0015,0.0,0.1301,-0.0287,0.0084,0.1443,0.0,0.0,0.0,0.150000002235174,up,2026-08-19T11:29:59,0.0,0.0
SPX,2026-09-18,28,Put,8850.0,SPX260918P08850000,1143.8,1167.7,1155.75,0.0,0.0,0.0,0.0,0.0,0.1795,-0.9983,0.0,0.1287,-0.0288,-6.7564,1156.4892,0.0,0.0,0.0,1175.84997558594,no_change,,0.0,0.0
SPXW,2026-09-18,28,Put,8850.0,SPXW260918P08850000,1143.7,1167.7,1155.7,1107.49,0.0,0.0,0.0,5.0,0.1904,-0.9983,0.0,0.13,-0.0287,-6.7563,1156.7535,0.0,0.0,0.0,1175.45001220703,no_change,2026-08-19T10:00:54,0.0,0.0
SPX,2026-09-18,28,Call,8900.0,SPX260918C08900000,0.05,0.25,0.15,0.15,0.025,20.0,21.0,3901.0,0.1749,0.0014,0.0,0.1152,-0.0265,0.0075,0.1293,0.15,0.15,0.15,0.125000001862645,no_change,2026-08-21T10:59:42,0.0,0.0
SPXW,2026-09-18,28,Call,8900.0,SPXW260918C08900000,0.1,0.25,0.175,0.5,0.0,0.0,0.0,290.0,0.1767,0.0014,0.0,0.1165,-0.0264,0.0075,0.1302,0.0,0.0,0.0,0.150000002235174,down,2026-08-06T11:16:49,0.0,0.0
SPX,2026-09-18,28,Put,8900.0,SPX260918P08900000,1193.6,1214.1,1203.85,0.0,0.0,0.0,0.0,0.0,0.1836,-0.9985,0.0,0.1153,-0.0265,-6.7955,1206.3082,0.0,0.0,0.0,1225.34997558594,no_change,,0.0,0.0
SPXW,2026-09-18,28,Put,8900.0,SPXW260918P08900000,1193.5,1217.5,1205.5,0.0,0.0,0.0,0.0,0.0,0.1958,-0.9985,0.0,0.1164,-0.0264,-6.7955,1206.5724,0.0,0.0,0.0,1225.40002441406,no_change,,0.0,0.0
SPX,2026-09-18,28,Call,9000.0,SPX260918C09000000,0.05,0.2,0.125,0.2,0.0,0.0,0.0,20626.0,0.187,0.0011,0.0,0.0933,-0.0225,0.0059,0.1061,0.0,0.0,0.0,0.125000001862645,no_change,2026-08-19T13:48:25,0.0,0.0
SPXW,2026-09-18,28,Call,9000.0,SPXW260918C09000000,0.05,0.2,0.125,0.15,0.0,0.0,0.0,320.0,0.1861,0.0011,0.0,0.0942,-0.0224,0.0059,0.1066,0.0,0.0,0.0,0.150000002235174,down,2026-08-17T15:52:02,0.0,0.0
SPX,2026-09-18,28,Put,9000.0,SPX260918P09000000,1293.3,1316.4,1304.85,1260.53,0.0,0.0,0.0,296.0,0.1988,-0.9988,0.0,0.0934,-0.0225,-6.8735,1305.9507,0.0,0.0,0.0,1325.59997558594,up,2026-08-19T13:48:25,0.0,0.0
SPXW,2026-09-18,28,Put,9000.0,SPXW260918P09000000,1293.2,1317.2,1305.2,1297.93,-26.52,-2.00234,81.0,122.0,0.2107,-0.9988,0.0,0.0942,-0.0224,-6.8734,1306.2146,1298.39,1298.53,1297.49,1324.45001220703,no_change,2026-08-21T12:45:28,0.0,0.0
SPX,2026-09-18,28,Call,9100.0,SPX260918C09100000,0.05,0.2,0.125,0.1,0.0,0.0,0.0,3387.0,0.1954,0.0009,0.0,0.076,-0.0192,0.0047,0.0876,0.0,0.0,0.0,0.125000001862645,down,2026-08-19T11:09:04,0.0,0.0
SPXW,2026-09-18,28,Call,9100.0,SPXW260918C09100000,0.05,0.2,0.125,0.1,0.0,0.0,0.0,434.0,0.198,0.0009,0.0,0.0767,-0.0191,0.0048,0.0879,0.0,0.0,0.0,0.100000003352761,down,2026-08-20T13:10:18,0.0,0.0
SPX,2026-09-18,28,Put,9100.0,SPX260918P09100000,1392.9,1416.7,1404.8000000000002,1542.16,0.0,0.0,0.0,12.0,0.2138,-0.999,0.0,0.0761,-0.0192,-6.9511,1405.5979,0.0,0.0,0.0,1425.14996337891,no_change,2026-06-17T15:15:49,0.0,0.0
SPXW,2026-09-18,28,Put,9100.0,SPXW260918P09100000,1392.9,1416.8,1404.85,0.0,0.0,0.0,0.0,0.0,0.2253,-0.999,0.0,0.0767,-0.0191,-6.951,1405.8616,0.0,0.0,0.0,1424.15002441406,no_change,,0.0,0.0
SPX,2026-09-18,28,Call,9200.0,SPX260918C09200000,0.0,0.2,0.1,0.1,0.0,-3.35276e-06,2.0,4074.0,0.207,0.0007,0.0,0.0624,-0.0164,0.0038,0.0727,0.1,0.1,0.1,0.100000003352761,no_change,2026-08-21T11:44:54,0.0,0.0
SPXW,2026-09-18,28,Call,9200.0,SPXW260918C09200000,0.0,0.15,0.075,0.55,0.0,0.0,0.0,396.0,0.206,0.0007,0.0,0.0628,-0.0163,0.0038,0.0728,0.0,0.0,0.0,0.100000003352761,down,2026-08-05T11:15:55,0.0,0.0
SPX,2026-09-18,28,Put,9200.0,SPX260918P09200000,1492.6,1515.4,1504.0,1709.71,0.0,0.0,0.0,88.0,0.2212,-0.9991,0.0,0.0624,-0.0164,-7.0284,1505.2486,0.0,0.0,0.0,1524.85003662109,down,2026-07-31T09:47:06,0.0,0.0
SPXW,2026-09-18,28,Put,9200.0,SPXW260918P09200000,1492.5,1516.5,1504.5,0.0,0.0,0.0,0.0,0.0,0.2352,-0.9992,0.0,0.0628,-0.0163,-7.0283,1505.5122,0.0,0.0,0.0,1524.25,no_change,,0.0,0.0
SPX,2026-09-18,28,Call,9300.0,SPX260918C09300000,0.0,0.2,0.1,0.1,0.025,33.3333,1.0,253.0,0.2184,0.0006,0.0,0.0514,-0.014,0.0031,0.0605,0.1,0.1,0.1,0.0750000029802322,no_change,2026-08-21T11:34:50,0.0,0.0
SPXW,2026-09-18,28,Call,9300.0,SPXW260918C09300000,0.0,0.15,0.075,0.05,0.0,0.0,0.0,78.0,0.2173,0.0006,0.0,0.0518,-0.0139,0.0031,0.0606,0.0,0.0,0.0,0.0750000029802322,no_change,2026-08-17T14:00:24,0.0,0.0
SPX,2026-09-18,28,Put,9300.0,SPX260918P09300000,1592.3,1616.0,1604.15,0.0,0.0,0.0,0.0,0.0,0.2362,-0.9993,0.0,0.0515,-0.014,-7.1055,1604.9021,0.0,0.0,0.0,1623.34997558594,no_change,,0.0,0.0
SPXW,2026-09-18,28,Put,9300.0,SPXW260918P09300000,1592.2,1616.2,1604.2,1751.92,0.0,0.0,0.0,1.0,0.2496,-0.9993,0.0,0.0518,-0.0139,-7.1055,1605.1657,0.0,0.0,0.0,1623.90002441406,down,2026-06-05T13:56:03,0.0,0.0
SPX,2026-09-18,28,Call,9400.0,SPX260918C09400000,0.0,0.15,0.075,0.07,0.0,0.0,0.0,3974.0,0.2296,0.0005,0.0,0.0426,-0.012,0.0025,0.0505,0.0,0.0,0.0,0.0750000029802322,no_change,2026-08-14T12:33:27,0.0,0.0
SPXW,2026-09-18,28,Call,9400.0,SPXW260918C09400000,0.0,0.15,0.075,0.1,0.0,0.0,0.0,178.0,0.2285,0.0005,0.0,0.0428,-0.0119,0.0025,0.0505,0.0,0.0,0.0,0.0500000007450581,down,2026-08-06T15:55:36,0.0,0.0
SPX,2026-09-18,28,Put,9400.0,SPX260918P09400000,1691.9,1715.1,1703.5,1938.01,0.0,0.0,0.0,5.0,0.2509,-0.9994,0.0,0.0426,-0.012,-7.1825,1704.5578,0.0,0.0,0.0,1724.19995117188,up,2026-07-30T13:13:18,0.0,0.0
SPXW,2026-09-18,28,Put,9400.0,SPXW260918P09400000,1691.9,1715.8,1703.85,1836.53,0.0,0.0,0.0,4.0,0.2638,-0.9994,0.0,0.0429,-0.0119,-7.1824,1704.8213,0.0,0.0,0.0,1723.10003662109,down,2026-07-01T10:47:23,0.0,0.0
SPX,2026-09-18,28,Call,9500.0,SPX260918C09500000,0.0,0.15,0.075,0.0,0.0,0.0,0.0,0.0,0.2355,0.0004,0.0,0.0354,-0.0103,0.0021,0.0422,0.0,0.0,0.0,0.0750000029802322,no_change,,0.0,0.0
SPXW,2026-09-18,28,Call,9500.0,SPXW260918C09500000,0.0,0.15,0.075,0.0,0.0,0.0,0.0,0.0,0.2344,0.0004,0.0,0.0356,-0.0102,0.0021,0.0422,0.0,0.0,0.0,0.0500000007450581,no_change,,0.0,0.0
SPX,2026-09-18,28,Put,9500.0,SPX260918P09500000,1791.6,1815.5,1803.55,0.0,0.0,0.0,0.0,0.0,0.257,-0.9995,0.0,0.0354,-0.0103,-7.2593,1804.2153,0.0,0.0,0.0,1823.94995117188,no_change,,0.0,0.0
SPXW,2026-09-18,28,Put,9500.0,SPXW260918P09500000,1791.5,1815.5,1803.5,0.0,0.0,0.0,0.0,0.0,0.2727,-0.9995,0.0,0.0356,-0.0102,-7.2593,1804.4788,0.0,0.0,0.0,1823.04998779297,no_change,,0.0,0.0
SPX,2026-09-18,28,Call,9600.0,SPX260918C09600000,0.0,0.15,0.075,0.2,0.0,0.0,0.0,173.0,0.2462,0.0003,0.0,0.0295,-0.0089,0.0017,0.0354,0.0,0.0,0.0,0.0750000011175871,no_change,2026-08-05T11:20:39,0.0,0.0
SPXW,2026-09-18,28,Call,9600.0,SPXW260918C09600000,0.0,0.15,0.075,0.25,0.0,0.0,0.0,260.0,0.245,0.0003,0.0,0.0297,-0.0088,0.0017,0.0354,0.0,0.0,0.0,0.0500000007450581,up,2026-08-04T11:44:57,0.0,0.0
SPX,2026-09-18,28,Put,9600.0,SPX260918P09600000,1891.3,1914.4,1902.85,0.0,0.0,0.0,0.0,0.0,0.2718,-0.9995,0.0,0.0295,-0.0089,-7.3361,1903.8742,0.0,0.0,0.0,1922.40002441406,no_change,,0.0,0.0
SPXW,2026-09-18,28,Put,9600.0,SPXW260918P09600000,1891.2,1915.2,1903.2,0.0,0.0,0.0,0.0,0.0,0.2867,-0.9995,0.0,0.0297,-0.0088,-7.3361,1904.1376,0.0,0.0,0.0,1922.79998779297,no_change,,0.0,0.0
SPX,2026-09-18,28,Call,9800.0,SPX260918C09800000,0.05,0.15,0.1,0.05,0.0,0.0,0.0,4540.0,0.2672,0.0002,0.0,0.0211,-0.0067,0.0012,0.0257,0.0,0.0,0.0,0.0750000011175871,no_change,2026-08-20T14:39:04,0.0,0.0
SPXW,2026-09-18,28,Call,9800.0,SPXW260918C09800000,0.0,0.1,0.05,0.1,0.0,0.0,0.0,309.0,0.2659,0.0002,0.0,0.0207,-0.0065,0.0012,0.025,0.0,0.0,0.0,0.0500000007450581,no_change,2026-08-19T09:39:15,0.0,0.0
SPX,2026-09-18,28,Put,9800.0,SPX260918P09800000,2090.6,2114.5,2102.55,2322.38,0.0,0.0,0.0,5.0,0.3005,-0.9996,0.0,0.0207,-0.0066,-7.4894,2103.1952,0.0,0.0,0.0,2122.25,down,2026-06-23T11:54:09,0.0,0.0
SPXW,2026-09-18,28,Put,9800.0,SPXW260918P09800000,2090.6,2114.5,2102.55,2322.48,0.0,0.0,0.0,1.0,0.3142,-0.9996,0.0,0.0208,-0.0065,-7.4894,2103.4586,0.0,0.0,0.0,2122.20007324219,down,2026-06-23T11:54:09,0.0,0.0
SPX,2026-09-18,28,Call,10000.0,SPX260918C10000000,0.0,0.15,0.075,0.05,0.025,100.0,133.0,1249.0,0.2876,0.0001,0.0,0.0149,-0.005,0.0008,0.0183,0.05,0.05,0.05,0.025000000372529,no_change,2026-08-21T16:01:47,0.0,0.0
SPXW,2026-09-18,28,Call,10000.0,SPXW260918C10000000,0.0,0.1,0.05,0.2,0.0,0.0,0.0,453.0,0.2862,0.0001,0.0,0.0147,-0.0048,0.0008,0.0177,0.0,0.0,0.0,0.0500000007450581,down,2026-08-05T09:35:02,0.0,0.0
SPX,2026-09-18,28,Put,10000.0,SPX260918P10000000,2290.0,2309.7,2299.85,2301.0,-21.0,-0.904393,23.0,454.0,0.3202,-0.9997,0.0,0.0146,-0.0049,-7.6426,2302.5194,2311.92,2311.92,2301.0,2322.0,down,2026-08-21T16:01:47,0.0,0.0
SPXW,2026-09-18,28,Put,10000.0,SPXW260918P10000000,2289.9,2313.9,2301.9,2298.24,0.0,0.0,0.0,3.0,0.3358,-0.9997,0.0,0.0147,-0.0048,-7.6426,2302.7828,0.0,0.0,0.0,2321.39990234375,down,2026-08-20T11:46:17,0.0,0.0
SPXW,2026-09-18,28,Call,10200.0,SPXW260918C10200000,0.0,0.1,0.05,0.1,0.0,0.0,0.0,36.0,0.306,0.0001,0.0,0.0104,-0.0036,0.0006,0.0126,0.0,0.0,0.0,0.025000000372529,down,2026-08-05T11:38:58,0.0,0.0
SPXW,2026-09-18,28,Put,10200.0,SPXW260918P10200000,2489.3,2513.2,2501.25,2719.97,0.0,0.0,0.0,1.0,0.3623,-0.9997,0.0,0.0104,-0.0036,-7.7956,2502.1091,0.0,0.0,0.0,2520.69995117188,up,2026-06-05T15:20:27,0.0,0.0
SPX,2026-09-18,28,Call,10400.0,SPX260918C10400000,0.0,0.1,0.05,0.03,0.0,0.0,0.0,13419.0,0.3268,0.0001,0.0,0.0077,-0.0028,0.0004,0.0094,0.0,0.0,0.0,0.0500000007450581,down,2026-08-18T11:23:02,0.0,0.0
SPXW,2026-09-18,28,Call,10400.0,SPXW260918C10400000,0.0,0.1,0.05,0.05,0.0,0.0,0.0,5.0,0.3252,0.0001,0.0,0.0075,-0.0026,0.0004,0.0091,0.0,0.0,0.0,0.025000000372529,no_change,2026-08-10T09:49:01,0.0,0.0
SPX,2026-09-18,28,Put,10400.0,SPX260918P10400000,2688.7,2712.6,2700.6499999999996,3402.6,0.0,0.0,0.0,1.0,0.3668,-0.9998,0.0,0.0075,-0.0027,-7.9486,2701.1736,0.0,0.0,0.0,2721.64990234375,down,2026-04-13T13:08:07,0.0,0.0
SPXW,2026-09-18,28,Put,10400.0,SPXW260918P10400000,2688.6,2712.6,2700.6,2612.27,0.0,0.0,0.0,2.0,0.3826,-0.9998,0.0,0.0075,-0.0026,-7.9486,2701.4369,0.0,0.0,0.0,2720.09997558594,up,2026-08-12T14:33:04,0.0,0.0
SPX,2026-09-18,28,Call,10800.0,SPX260918C10800000,0.0,0.1,0.05,0.05,0.0,0.0,0.0,783.0,0.3544,0.0,0.0,0.004,-0.0016,0.0002,0.0049,0.0,0.0,0.0,0.0500000007450581,no_change,2026-08-14T15:43:56,0.0,0.0
SPXW,2026-09-18,28,Call,10800.0,SPXW260918C10800000,0.0,0.1,0.05,0.15,0.0,0.0,0.0,214.0,0.3527,0.0,0.0,0.0039,-0.0015,0.0002,0.0047,0.0,0.0,0.0,0.025000000372529,no_change,2026-08-05T09:40:56,0.0,0.0
SPX,2026-09-18,28,Put,10800.0,SPX260918P10800000,3087.4,3111.3,3099.3500000000004,3004.75,0.0,0.0,0.0,101.0,0.42,-0.9998,0.0,0.004,-0.0015,-8.2544,3099.832,0.0,0.0,0.0,3120.34997558594,down,2026-08-17T13:20:06,0.0,0.0
SPXW,2026-09-18,28,Put,10800.0,SPXW260918P10800000,3087.4,3111.3,3099.3500000000004,0.0,0.0,0.0,0.0,0.0,0.4336,-0.9998,0.0,0.0039,-0.0015,-8.2544,3100.0954,0.0,0.0,0.0,3118.55004882812,no_change,,0.0,0.0
SPX,2026-09-18,28,Call,11000.0,SPX260918C11000000,0.0,0.1,0.05,0.1,0.0,0.0,0.0,32.0,0.3721,0.0,0.0,0.003,-0.0012,0.0001,0.0036,0.0,0.0,0.0,0.0500000007450581,down,2026-07-08T16:11:45,0.0,0.0
SPX,2026-09-18,28,Put,11000.0,SPX260918P11000000,3286.8,3310.7,3298.75,3449.35,0.0,0.0,0.0,34.0,0.4378,-0.9998,0.0,0.0029,-0.0011,-8.4073,3299.1622,0.0,0.0,0.0,3319.09997558594,down,2026-07-08T16:11:45,0.0,0.0
SPX,2026-09-18,28,Call,11200.0,SPX260918C11200000,0.0,0.1,0.05,0.05,0.0,0.0,0.0,277.0,0.3893,0.0,0.0,0.0022,-0.0009,0.0001,0.0027,0.0,0.0,0.0,0.0500000007450581,no_change,2026-08-10T10:10:30,0.0,0.0
SPXW,2026-09-18,28,Call,11200.0,SPXW260918C11200000,0.0,0.1,0.05,0.1,0.0,0.0,0.0,4.0,0.3874,0.0,0.0,0.0021,-0.0008,0.0001,0.0025,0.0,0.0,0.0,0.025000000372529,no_change,2026-08-04T15:20:46,0.0,0.0
SPX,2026-09-18,28,Put,11200.0,SPX260918P11200000,3486.2,3510.0,3498.1,3566.3,0.0,0.0,0.0,15.0,0.4632,-0.9998,0.0,0.0022,-0.0009,-8.5601,3498.4927,0.0,0.0,0.0,3518.44995117188,down,2026-07-15T11:37:23,0.0,0.0
SPXW,2026-09-18,28,Put,11200.0,SPXW260918P11200000,3486.1,3510.0,3498.05,0.0,0.0,0.0,0.0,0.0,0.477,-0.9998,0.0,0.0021,-0.0008,-8.5601,3498.7561,0.0,0.0,0.0,3517.15002441406,no_change,,0.0,0.0
SPX,2026-09-18,28,Call,11400.0,SPX260918C11400000,0.0,0.1,0.05,0.0,0.0,0.0,0.0,0.0,0.4062,0.0,0.0,0.0016,-0.0007,0.0001,0.002,0.0,0.0,0.0,0.0500000007450581,no_change,,0.0,0.0
SPX,2026-09-18,28,Put,11400.0,SPX260918P11400000,3685.5,3709.4,3697.45,3662.44,0.0,0.0,0.0,3.0,0.4881,-0.9998,0.0,0.0016,-0.0007,-8.713,3697.8234,0.0,0.0,0.0,3717.75,down,2026-08-18T12:17:16,0.0,0.0
SPX,2026-09-18,28,Call,11600.0,SPX260918C11600000,0.0,0.1,0.05,0.05,0.0,0.0,0.0,19.0,0.4227,0.0,0.0,0.0012,-0.0005,0.0001,0.0015,0.0,0.0,0.0,0.0500000007450581,down,2026-06-29T14:54:09,0.0,0.0
SPXW,2026-09-18,28,Call,11600.0,SPXW260918C11600000,0.0,0.1,0.05,0.1,0.0,0.0,0.0,2.0,0.4207,0.0,0.0,0.0012,-0.0005,0.0,0.0014,0.0,0.0,0.0,0.025000000372529,up,2026-07-08T12:38:19,0.0,0.0
SPX,2026-09-18,28,Put,11600.0,SPX260918P11600000,3884.9,3908.8,3896.8500000000004,4037.42,0.0,0.0,0.0,5.0,0.5049,-0.9998,0.0,0.0012,-0.0005,-8.8658,3897.1544,0.0,0.0,0.0,3917.45007324219,down,2026-07-17T12:48:41,0.0,0.0
SPXW,2026-09-18,28,Put,11600.0,SPXW260918P11600000,3884.8,3908.8,3896.8,0.0,0.0,0.0,0.0,0.0,0.5188,-0.9998,0.0,0.0012,-0.0005,-8.8657,3897.4178,0.0,0.0,0.0,3915.79992675781,no_change,,0.0,0.0
SPX,2026-09-18,28,Call,11800.0,SPX260918C11800000,0.0,0.05,0.025,0.05,0.0,0.0,0.0,24.0,0.4389,0.0,0.0,0.0009,-0.0004,0.0,0.0011,0.0,0.0,0.0,0.0500000007450581,no_change,2026-07-08T14:41:43,0.0,0.0
SPX,2026-09-18,28,Put,11800.0,SPX260918P11800000,4084.3,4108.1,4096.200000000001,4160.03,0.0,0.0,0.0,6.0,0.529,-0.9998,0.0,0.0009,-0.0004,-9.0186,4096.4854,0.0,0.0,0.0,4116.80004882812,down,2026-06-22T09:39:47,0.0,0.0
SPX,2026-09-18,28,Call,11900.0,SPX260918C11900000,0.0,0.05,0.025,0.05,0.0,0.0,0.0,18.0,0.4469,0.0,0.0,0.0008,-0.0004,0.0,0.001,0.0,0.0,0.0,0.0500000007450581,down,2026-07-08T13:17:45,0.0,0.0
SPX,2026-09-18,28,Put,11900.0,SPX260918P11900000,4184.0,4207.8,4195.9,4100.55,0.0,0.0,0.0,12.0,0.5409,-0.9998,0.0,0.0008,-0.0004,-9.095,4196.151,0.0,0.0,0.0,4216.39990234375,up,2026-08-17T13:20:06,0.0,0.0
SPX,2026-09-18,28,Call,12000.0,SPX260918C12000000,0.0,0.1,0.05,0.05,0.0,0.0,0.0,322.0,0.4548,0.0,0.0,0.0007,-0.0003,0.0,0.0009,0.0,0.0,0.0,0.0500000007450581,no_change,2026-07-20T11:18:28,0.0,0.0
SPXW,2026-09-18,28,Call,12000.0,SPXW260918C12000000,0.0,0.1,0.05,0.1,0.0,0.0,0.0,10.0,0.4526,0.0,0.0,0.0007,-0.0003,0.0,0.0008,0.0,0.0,0.0,0.025000000372529,up,2026-08-04T15:33:20,0.0,0.0
SPX,2026-09-18,28,Put,12000.0,SPX260918P12000000,4283.6,4307.5,4295.55,4269.65,0.0,0.0,0.0,951.0,0.5451,-0.9998,0.0,0.0007,-0.0003,-9.1714,4295.8166,0.0,0.0,0.0,4315.14990234375,up,2026-08-18T15:56:10,0.0,0.0
SPXW,2026-09-18,28,Put,12000.0,SPXW260918P12000000,4283.6,4307.5,4295.55,0.0,0.0,0.0,0.0,1.0,0.5649,-0.9998,0.0,0.0007,-0.0003,-9.1714,4296.08,0.0,0.0,0.0,4314.5,no_change,,0.0,0.0
SPX,2026-09-18,28,Call,12200.0,SPX260918C12200000,0.0,0.1,0.05,0.05,0.0,0.0,0.0,169.0,0.4704,0.0,0.0,0.0006,-0.0002,0.0,0.0007,0.0,0.0,0.0,0.0500000007450581,down,2026-07-09T09:33:34,0.0,0.0
SPX,2026-09-18,28,Put,12200.0,SPX260918P12200000,4483.0,4506.8,4494.9,4434.82,0.0,0.0,0.0,26.0,0.5686,-0.9998,0.0,0.0005,-0.0002,-9.3242,4495.1478,0.0,0.0,0.0,4515.25,down,2026-08-06T11:30:24,0.0,0.0
SPX,2026-09-18,28,Call,12400.0,SPX260918C12400000,0.0,0.05,0.025,0.05,0.0,0.0,0.0,364.0,0.4856,0.0,0.0,0.0004,-0.0002,0.0,0.0005,0.0,0.0,0.0,0.025000000372529,no_change,2026-07-07T10:57:38,0.0,0.0
SPXW,2026-09-18,28,Call,12400.0,SPXW260918C12400000,0.0,0.1,0.05,0.05,0.0,0.0,0.0,40.0,0.4833,0.0,0.0,0.0004,-0.0002,0.0,0.0005,0.0,0.0,0.0,0.025000000372529,no_change,2026-08-11T14:51:01,0.0,0.0
SPX,2026-09-18,28,Put,12400.0,SPX260918P12400000,4682.4,4706.2,4694.299999999999,4644.94,0.0,0.0,0.0,177.0,0.5916,-0.9998,0.0,0.0004,-0.0002,-9.477,4694.4791,0.0,0.0,0.0,4714.35009765625,down,2026-08-19T13:15:02,0.0,0.0
SPXW,2026-09-18,28,Put,12400.0,SPXW260918P12400000,4682.3,4706.2,4694.25,4785.8,0.0,0.0,0.0,1.0,0.6039,-0.9998,0.0,0.0004,-0.0002,-9.477,4694.7425,0.0,0.0,0.0,4712.94995117188,down,2026-07-01T12:55:05,0.0,0.0
SPX,2026-09-18,28,Call,12600.0,SPX260918C12600000,0.0,0.1,0.05,0.0,0.0,0.0,0.0,0.0,0.5006,0.0,0.0,0.0003,-0.0002,0.0,0.0004,0.0,0.0,0.0,0.0500000007450581,no_change,,0.0,0.0
SPX,2026-09-18,28,Put,12600.0,SPX260918P12600000,4881.7,4905.6,4893.65,4811.85,0.0,0.0,0.0,35.0,0.6069,-0.9998,0.0,0.0003,-0.0002,-9.6298,4893.8104,0.0,0.0,0.0,4914.0,down,2026-08-17T15:42:06,0.0,0.0
SPX,2026-09-18,28,Call,12800.0,SPX260918C12800000,0.0,0.1,0.05,0.05,0.0,0.0,0.0,52.0,0.5153,0.0,0.0,0.0003,-0.0001,0.0,0.0003,0.0,0.0,0.0,0.0500000007450581,no_change,2026-07-31T12:04:31,0.0,0.0
SPX,2026-09-18,28,Put,12800.0,SPX260918P12800000,5081.1,5104.9,5093.0,5096.91,0.0,0.0,0.0,79.0,0.6293,-0.9998,0.0,0.0003,-0.0001,-9.7826,5093.1417,0.0,0.0,0.0,5113.25,up,2026-08-20T13:56:20,0.0,0.0
SPX,2026-09-18,28,Call,12900.0,SPX260918C12900000,0.0,0.1,0.05,0.05,0.0,0.0,0.0,7.0,0.5226,0.0,0.0,0.0002,-0.0001,0.0,0.0003,0.0,0.0,0.0,0.0500000007450581,no_change,2026-07-31T12:03:30,0.0,0.0
SPX,2026-09-18,28,Put,12900.0,SPX260918P12900000,5180.8,5204.6,5192.700000000001,5196.61,0.0,0.0,0.0,96.0,0.6403,-0.9998,0.0,0.0002,-0.0001,-9.859,5192.8074,0.0,0.0,0.0,5213.05004882812,up,2026-08-20T13:56:20,0.0,0.0
SPX,2026-09-18,28,Call,13000.0,SPX260918C13000000,0.0,0.05,0.025,0.05,0.0,0.0,0.0,592.0,0.5298,0.0,0.0,0.0002,-0.0001,0.0,0.0003,0.0,0.0,0.0,0.025000000372529,no_change,2026-07-31T12:02:43,0.0,0.0
SPX,2026-09-18,28,Put,13000.0,SPX260918P13000000,5280.5,5304.3,5292.4,5244.94,0.0,0.0,0.0,903.0,0.6512,-0.9998,0.0,0.0002,-0.0001,-9.9354,5292.4731,0.0,0.0,0.0,5312.55004882812,down,2026-08-19T13:11:23,0.0,0.0
SPXW,2026-09-21,31,Call,3200.0,SPXW260921C03200000,4464.8,4488.6,4476.700000000001,0.0,0.0,0.0,0.0,0.0,1.0128,0.9996,0.0,0.019,-0.0238,2.5338,4474.9391,0.0,0.0,0.0,4454.80004882812,no_change,,0.0,0.0
SPXW,2026-09-21,31,Put,3200.0,SPXW260921P03200000,0.0,0.1,0.05,0.1,0.0,0.0,0.0,4.0,0.8692,-0.0002,0.0,0.019,-0.0238,-0.0014,0.1102,0.0,0.0,0.0,0.0750000029802322,no_change,2026-08-17T15:36:50,0.0,0.0
SPXW,2026-09-21,31,Call,3400.0,SPXW260921C03400000,4265.4,4289.3,4277.35,0.0,0.0,0.0,0.0,0.0,0.9471,0.9996,0.0,0.0216,-0.0254,2.6918,4275.6404,0.0,0.0,0.0,4254.94995117188,no_change,,0.0,0.0
SPXW,2026-09-21,31,Put,3400.0,SPXW260921P03400000,0.0,0.15,0.075,0.0,0.0,0.0,0.0,0.0,0.8272,-0.0003,0.0,0.0216,-0.0254,-0.0016,0.1186,0.0,0.0,0.0,0.0750000029802322,no_change,,0.0,0.0
SPXW,2026-09-21,31,Call,3600.0,SPXW260921C03600000,4066.1,4089.9,4078.0,0.0,0.0,0.0,0.0,0.0,0.8709,0.9996,0.0,0.0249,-0.0274,2.8498,4076.3444,0.0,0.0,0.0,4056.55004882812,no_change,,0.0,0.0
SPXW,2026-09-21,31,Put,3600.0,SPXW260921P03600000,0.0,0.15,0.075,0.15,0.0,0.0,0.0,12.0,0.7716,-0.0003,0.0,0.0248,-0.0274,-0.0018,0.13,0.0,0.0,0.0,0.125000001862645,no_change,2026-08-18T09:39:47,0.0,0.0
SPXW,2026-09-21,31,Call,3800.0,SPXW260921C03800000,3866.8,3890.8,3878.8,0.0,0.0,0.0,0.0,0.0,0.8131,0.9995,0.0,0.0292,-0.0302,3.0078,3877.0525,0.0,0.0,0.0,3856.25,no_change,,0.0,0.0
SPXW,2026-09-21,31,Put,3800.0,SPXW260921P03800000,0.05,0.2,0.125,0.05,0.0,0.0,0.0,22.0,0.7189,-0.0004,0.0,0.0292,-0.0301,-0.0021,0.1456,0.0,0.0,0.0,0.125000001862645,down,2026-08-19T12:11:57,0.0,0.0
SPXW,2026-09-21,31,Call,4000.0,SPXW260921C04000000,3667.5,3691.3,3679.4,0.0,0.0,0.0,0.0,0.0,0.7581,0.9994,0.0,0.0352,-0.0341,3.1655,3677.7678,0.0,0.0,0.0,3657.80004882812,no_change,,0.0,0.0
SPXW,2026-09-21,31,Put,4000.0,SPXW260921P04000000,0.1,0.25,0.175,0.2,0.025,14.2857,1.0,67.0,0.6886,-0.0004,0.0,0.0351,-0.0341,-0.0026,0.1682,0.2,0.2,0.2,0.175000000745058,no_change,2026-08-21T09:58:46,0.0,0.0
SPXW,2026-09-21,31,Call,4200.0,SPXW260921C04200000,3471.3,3492.2,3481.75,0.0,0.0,0.0,0.0,0.0,0.7056,0.9993,0.0,0.0435,-0.0399,3.3231,3478.4944,0.0,0.0,0.0,3458.80004882812,no_change,,0.0,0.0
SPXW,2026-09-21,31,Put,4200.0,SPXW260921P04200000,0.15,0.3,0.22499999999999998,0.0,0.0,0.0,0.0,0.0,0.6537,-0.0005,0.0,0.0435,-0.0398,-0.0033,0.2023,0.0,0.0,0.0,0.274999998509884,no_change,,0.0,0.0
SPXW,2026-09-21,31,Call,4400.0,SPXW260921C04400000,3268.9,3292.8,3280.8500000000004,3331.8,0.0,0.0,0.0,1.0,0.6659,0.9992,0.0,0.0558,-0.0484,3.4804,3279.2385,0.0,0.0,0.0,3259.20007324219,down,2026-08-11T15:06:39,0.0,0.0
SPXW,2026-09-21,31,Put,4400.0,SPXW260921P04400000,0.2,0.35,0.275,0.4,0.0,0.0,0.0,1.0,0.6259,-0.0007,0.0,0.0557,-0.0483,-0.0043,0.2538,0.0,0.0,0.0,0.325000002980232,down,2026-08-13T13:24:49,0.0,0.0
SPXW,2026-09-21,31,Call,4600.0,SPXW260921C04600000,3069.7,3093.4,3081.55,0.0,0.0,0.0,0.0,0.0,0.6169,0.9989,0.0,0.0738,-0.0606,3.6371,3080.0083,0.0,0.0,0.0,3059.44995117188,no_change,,0.0,0.0
SPXW,2026-09-21,31,Put,4600.0,SPXW260921P04600000,0.3,0.45,0.375,0.45,0.0,0.0,0.0,1.0,0.5864,-0.001,0.0,0.0737,-0.0605,-0.0058,0.331,0.0,0.0,0.0,0.424999997019768,down,2026-08-18T10:27:09,0.0,0.0
SPXW,2026-09-21,31,Call,4800.0,SPXW260921C04800000,2870.5,2894.4,2882.45,0.0,0.0,0.0,0.0,0.0,0.5776,0.9986,0.0,0.0993,-0.0776,3.7932,2880.8139,0.0,0.0,0.0,2860.5,no_change,,0.0,0.0
SPXW,2026-09-21,31,Put,4800.0,SPXW260921P04800000,0.4,0.55,0.47500000000000003,0.48,0.0,0.0,0.0,321.0,0.5578,-0.0013,0.0,0.0992,-0.0775,-0.008,0.4439,0.0,0.0,0.0,0.574999988079071,no_change,2026-08-19T10:04:07,0.0,0.0
SPXW,2026-09-21,31,Call,5000.0,SPXW260921C05000000,2671.3,2695.0,2683.15,0.0,0.0,0.0,0.0,0.0,0.5382,0.998,0.0,0.1352,-0.1003,3.9482,2681.6666,0.0,0.0,0.0,2661.65002441406,no_change,,0.0,0.0
SPXW,2026-09-21,31,Put,5000.0,SPXW260921P05000000,0.55,0.7,0.625,0.8,0.0,0.0,0.0,187.0,0.5213,-0.0018,0.0,0.1351,-0.1002,-0.0112,0.604,0.0,0.0,0.0,0.775000005960464,up,2026-08-20T14:11:52,0.0,0.0
SPXW,2026-09-21,31,Call,5200.0,SPXW260921C05200000,2472.1,2496.0,2484.05,0.0,0.0,0.0,0.0,0.0,0.4987,0.9973,0.0,0.1841,-0.1295,4.1019,2482.579,0.0,0.0,0.0,2463.45007324219,no_change,,0.0,0.0
SPXW,2026-09-21,31,Put,5200.0,SPXW260921P05200000,0.75,0.9,0.825,0.96,0.0,0.0,0.0,297.0,0.4934,-0.0026,0.0,0.184,-0.1294,-0.0156,0.8236,0.0,0.0,0.0,1.05000001192093,no_change,2026-08-18T13:16:03,0.0,0.0
SPXW,2026-09-21,31,Call,5400.0,SPXW260921C05400000,2276.2,2297.1,2286.6499999999996,0.0,0.0,0.0,0.0,0.0,0.4679,0.9963,0.0,0.2491,-0.1657,4.2539,2283.5646,0.0,0.0,0.0,2263.5,no_change,,0.0,0.0
SPXW,2026-09-21,31,Put,5400.0,SPXW260921P05400000,1.0,1.15,1.075,1.37,0.0,0.0,0.0,14.0,0.4615,-0.0036,0.0,0.249,-0.1655,-0.0219,1.1165,0.0,0.0,0.0,1.42500001192093,no_change,2026-08-18T09:42:37,0.0,0.0
SPXW,2026-09-21,31,Call,5600.0,SPXW260921C05600000,2074.1,2098.0,2086.05,2139.4,0.0,0.0,0.0,1.0,0.4342,0.9949,0.0,0.335,-0.2091,4.4036,2084.6369,0.0,0.0,0.0,2065.15002441406,up,2026-08-11T15:06:39,0.0,0.0
SPXW,2026-09-21,31,Put,5600.0,SPXW260921P05600000,1.4,1.55,1.475,1.5,-0.425,-22.0779,11.0,21.0,0.4314,-0.005,0.0,0.3349,-0.2089,-0.0305,1.4962,1.55,1.55,1.5,1.92500001192093,down,2026-08-21T13:44:11,0.0,0.0
SPXW,2026-09-21,31,Call,5800.0,SPXW260921C05800000,1875.2,1899.1,1887.15,0.0,0.0,0.0,0.0,0.0,0.4012,0.993,0.0,0.4452,-0.2599,4.5503,1885.8142,0.0,0.0,0.0,1867.75,no_change,,0.0,0.0
SPXW,2026-09-21,31,Put,5800.0,SPXW260921P05800000,1.85,2.0,1.925,2.47,0.0,0.0,0.0,48.0,0.4008,-0.0069,0.0,0.4451,-0.2598,-0.042,1.9809,0.0,0.0,0.0,2.52499997615814,up,2026-08-20T10:08:20,0.0,0.0
SPXW,2026-09-21,31,Call,6000.0,SPXW260921C06000000,1676.4,1700.2,1688.3000000000002,0.0,0.0,0.0,0.0,0.0,0.3699,0.9904,0.0,0.5896,-0.3185,4.6927,1687.1197,0.0,0.0,0.0,1667.65002441406,no_change,,0.0,0.0
SPXW,2026-09-21,31,Put,6000.0,SPXW260921P06000000,2.45,2.6,2.5250000000000004,2.7,-0.6,-18.1818,675.0,178.0,0.3694,-0.0094,0.0,0.5896,-0.3184,-0.0578,2.594,2.6,2.7,2.6,3.30000007152557,no_change,2026-08-21T14:14:34,0.0,0.0
SPXW,2026-09-21,31,Call,6200.0,SPXW260921C06200000,1477.9,1501.9,1489.9,0.0,0.0,0.0,0.0,0.0,0.337,0.9869,0.0,0.7784,-0.3861,4.8295,1488.5957,0.0,0.0,0.0,1469.84997558594,no_change,,0.0,0.0
SPXW,2026-09-21,31,Put,6200.0,SPXW260921P06200000,3.2,3.4,3.3,3.3,-1.1,-25.0,139.0,5158.0,0.3379,-0.013,0.0,0.7784,-0.386,-0.0793,3.3779,3.5,3.5,3.3,4.40000009536743,down,2026-08-21T15:58:03,0.0,0.0
SPXW,2026-09-21,31,Call,6300.0,SPXW260921C06300000,1382.3,1402.7,1392.5,0.0,0.0,0.0,0.0,0.0,0.322,0.9846,0.0,0.8957,-0.4242,4.8945,1389.4213,0.0,0.0,0.0,1370.95001220703,no_change,,0.0,0.0
SPXW,2026-09-21,31,Put,6300.0,SPXW260921P06300000,3.7,3.9,3.8,3.7,-1.4,-27.451,2.0,91.0,0.3221,-0.0152,0.0,0.8958,-0.4241,-0.0934,3.8576,4.01,4.01,3.7,5.09999990463257,down,2026-08-21T15:47:13,0.0,0.0
SPXW,2026-09-21,31,Call,6400.0,SPXW260921C06400000,1279.6,1303.4,1291.5,0.0,0.0,0.0,0.0,0.0,0.3058,0.9819,0.0001,1.032,-0.466,4.9569,1290.3267,0.0,0.0,0.0,1272.04998779297,no_change,,0.0,0.0
SPXW,2026-09-21,31,Put,6400.0,SPXW260921P06400000,4.3,4.5,4.4,4.4,-1.45,-24.7863,1.0,38.0,0.3063,-0.018,0.0001,1.0323,-0.4659,-0.1102,4.4171,4.4,4.4,4.4,5.84999990463257,down,2026-08-21T15:58:00,0.0,0.0
SPXW,2026-09-21,31,Call,6500.0,SPXW260921C06500000,1180.6,1204.6,1192.6,0.0,0.0,0.0,0.0,0.0,0.2895,0.9785,0.0001,1.1965,-0.5125,5.0152,1191.3364,0.0,0.0,0.0,1172.90002441406,no_change,,0.0,0.0
SPXW,2026-09-21,31,Put,6500.0,SPXW260921P06500000,4.9,5.2,5.050000000000001,5.05,-1.7,-25.1852,38.0,48.0,0.2895,-0.0214,0.0001,1.1965,-0.5125,-0.1309,5.0804,5.3,5.4,5.05,6.75,down,2026-08-21T15:59:32,0.0,0.0
SPXW,2026-09-21,31,Call,6600.0,SPXW260921C06600000,1081.8,1105.8,1093.8,0.0,0.0,0.0,0.0,0.0,0.273,0.9743,0.0001,1.392,-0.5654,5.0682,1092.4921,0.0,0.0,0.0,1074.25,no_change,,0.0,0.0
SPXW,2026-09-21,31,Put,6600.0,SPXW260921P06600000,5.8,6.0,5.9,7.8,0.0,0.0,0.0,44.0,0.2738,-0.0256,0.0001,1.392,-0.5654,-0.157,5.8899,0.0,0.0,0.0,7.90000009536743,up,2026-08-20T15:55:07,0.0,0.0
SPXW,2026-09-21,31,Call,6625.0,SPXW260921C06625000,1060.1,1081.1,1070.6,0.0,0.0,0.0,0.0,0.0,0.2696,0.9731,0.0001,1.447,-0.5798,5.0806,1067.81,0.0,0.0,0.0,1050.04998779297,no_change,,0.0,0.0
SPXW,2026-09-21,31,Put,6625.0,SPXW260921P06625000,6.0,6.2,6.1,0.0,0.0,0.0,0.0,0.0,0.2699,-0.0268,0.0001,1.447,-0.5798,-0.1645,6.1211,0.0,0.0,0.0,8.2000002861023,no_change,,0.0,0.0
SPXW,2026-09-21,31,Call,6650.0,SPXW260921C06650000,1035.4,1056.4,1045.9,0.0,0.0,0.0,0.0,0.0,0.2653,0.9718,0.0001,1.5053,-0.5948,5.0924,1043.1413,0.0,0.0,0.0,1025.49996948242,no_change,,0.0,0.0
SPXW,2026-09-21,31,Put,6650.0,SPXW260921P06650000,6.2,6.5,6.35,8.05,0.0,0.0,0.0,1.0,0.2658,-0.0281,0.0001,1.5057,-0.5948,-0.1724,6.3671,0.0,0.0,0.0,8.5499997138977,up,2026-08-20T11:49:34,0.0,0.0
SPXW,2026-09-21,31,Call,6675.0,SPXW260921C06675000,1010.9,1031.8,1021.3499999999999,0.0,0.0,0.0,0.0,0.0,0.261,0.9704,0.0001,1.5671,-0.6104,5.1038,1018.4875,0.0,0.0,0.0,1000.94998168945,no_change,,0.0,0.0
SPXW,2026-09-21,31,Put,6675.0,SPXW260921P06675000,6.5,6.7,6.6,9.0,0.0,0.0,0.0,1.0,0.2618,-0.0295,0.0001,1.5672,-0.6104,-0.1808,6.6256,0.0,0.0,0.0,8.90000009536743,up,2026-08-18T13:59:14,0.0,0.0
SPXW,2026-09-21,31,Call,6700.0,SPXW260921C06700000,986.9,1007.1,997.0,0.0,0.0,0.0,0.0,0.0,0.2573,0.9689,0.0001,1.6327,-0.6267,5.1144,993.8502,0.0,0.0,0.0,976.149993896484,no_change,,0.0,0.0
SPXW,2026-09-21,31,Put,6700.0,SPXW260921P06700000,6.8,7.0,6.9,6.75,-2.5,-27.027,16.0,82.0,0.2576,-0.031,0.0001,1.6332,-0.6267,-0.19,6.9031,7.2,7.2,6.7,9.25,up,2026-08-21T15:48:41,0.0,0.0
SPXW,2026-09-21,31,Call,6725.0,SPXW260921C06725000,962.5,982.5,972.5,0.0,0.0,0.0,0.0,0.0,0.2535,0.9673,0.0001,1.702,-0.6436,5.1243,969.231,0.0,0.0,0.0,951.549987792969,no_change,,0.0,0.0
SPXW,2026-09-21,31,Put,6725.0,SPXW260921P06725000,7.0,7.3,7.15,7.2,-2.45,-25.3886,8.0,0.0,0.2537,-0.0326,0.0001,1.7024,-0.6437,-0.1999,7.1975,7.5,7.5,7.05,9.65000009536743,up,2026-08-21T15:58:00,0.0,0.0
SPXW,2026-09-21,31,Call,6750.0,SPXW260921C06750000,937.9,957.9,947.9,0.0,0.0,0.0,0.0,0.0,0.2489,0.9656,0.0001,1.7747,-0.6614,5.1335,944.632,0.0,0.0,0.0,927.049987792969,no_change,,0.0,0.0
SPXW,2026-09-21,31,Put,6750.0,SPXW260921P06750000,7.3,7.6,7.449999999999999,7.3,-2.8,-27.7228,7.0,1.0,0.2497,-0.0343,0.0001,1.7747,-0.6614,-0.2104,7.5102,7.8,7.8,7.3,10.0999999046326,down,2026-08-21T15:48:51,0.0,0.0
SPXW,2026-09-21,31,Call,6775.0,SPXW260921C06775000,909.3,933.3,921.3,0.0,0.0,0.0,0.0,0.0,0.2455,0.9638,0.0001,1.851,-0.6799,5.1419,920.0551,0.0,0.0,0.0,902.699981689453,no_change,,0.0,0.0
SPXW,2026-09-21,31,Put,6775.0,SPXW260921P06775000,7.7,8.0,7.85,7.6,-2.95,-27.9621,6.0,1.0,0.2461,-0.0361,0.0001,1.851,-0.6799,-0.2218,7.8469,8.1,8.2,7.6,10.5499997138977,down,2026-08-21T15:48:38,0.0,0.0
SPXW,2026-09-21,31,Call,6800.0,SPXW260921C06800000,884.8,908.6,896.7,0.0,0.0,0.0,0.0,0.0,0.2413,0.9618,0.0001,1.9313,-0.6993,5.1496,895.5024,0.0,0.0,0.0,878.150024414062,no_change,,0.0,0.0
SPXW,2026-09-21,31,Put,6800.0,SPXW260921P06800000,8.0,8.3,8.15,8.3,-2.75,-24.8869,24.0,145.0,0.2418,-0.0381,0.0001,1.9313,-0.6993,-0.2339,8.2077,8.5,8.5,7.9,11.0499997138977,up,2026-08-21T15:55:03,0.0,0.0
SPXW,2026-09-21,31,Call,6825.0,SPXW260921C06825000,860.6,884.2,872.4000000000001,0.0,0.0,0.0,0.0,0.0,0.2376,0.9597,0.0002,2.0164,-0.7197,5.1566,870.9761,0.0,0.0,0.0,853.75,no_change,,0.0,0.0
SPXW,2026-09-21,31,Put,6825.0,SPXW260921P06825000,8.4,8.7,8.55,9.0,-2.55,-22.0779,19.0,5.0,0.238,-0.0402,0.0002,2.0165,-0.7197,-0.2467,8.5948,9.3,9.5,8.7,11.5499997138977,up,2026-08-21T14:36:32,0.0,0.0
SPXW,2026-09-21,31,Call,6850.0,SPXW260921C06850000,839.5,859.7,849.6,0.0,0.0,0.0,0.0,0.0,0.2337,0.9574,0.0002,2.1074,-0.741,5.1625,846.4787,0.0,0.0,0.0,829.450012207031,no_change,,0.0,0.0
SPXW,2026-09-21,31,Put,6850.0,SPXW260921P06850000,8.8,9.1,8.95,9.4,-2.75,-22.6337,19.0,13.0,0.2343,-0.0424,0.0002,2.1074,-0.741,-0.2605,9.0108,9.7,9.8,9.2,12.1500000953674,no_change,2026-08-21T14:37:26,0.0,0.0
SPXW,2026-09-21,31,Call,6875.0,SPXW260921C06875000,811.3,835.3,823.3,0.0,0.0,0.0,0.0,0.0,0.2297,0.955,0.0002,2.2047,-0.7634,5.1673,822.013,0.0,0.0,0.0,805.150024414062,no_change,,0.0,0.0
SPXW,2026-09-21,31,Put,6875.0,SPXW260921P06875000,9.3,9.6,9.45,9.8,-2.95,-23.1373,37.0,5.0,0.2302,-0.0449,0.0002,2.2047,-0.7634,-0.2755,9.4586,10.2,10.3,9.7,12.75,no_change,2026-08-21T15:05:44,0.0,0.0
SPXW,2026-09-21,31,Call,6900.0,SPXW260921C06900000,786.9,810.8,798.8499999999999,929.43,0.0,0.0,0.0,1.0,0.226,0.9524,0.0002,2.3084,-0.7869,5.1707,797.5828,0.0,0.0,0.0,780.899993896484,up,2026-08-13T15:05:39,0.0,0.0
SPXW,2026-09-21,31,Put,6900.0,SPXW260921P06900000,9.7,10.1,9.899999999999999,10.15,-3.2,-23.97,26.0,96.0,0.2265,-0.0475,0.0002,2.3085,-0.7869,-0.2919,9.9418,10.78,11.0,10.1,13.3499999046326,down,2026-08-21T15:13:14,0.0,0.0
SPXW,2026-09-21,31,Call,6925.0,SPXW260921C06925000,762.5,786.4,774.45,0.0,0.0,0.0,0.0,0.0,0.2222,0.9495,0.0002,2.4181,-0.8115,5.1726,773.1921,0.0,0.0,0.0,756.650024414062,no_change,,0.0,0.0
SPXW,2026-09-21,31,Put,6925.0,SPXW260921P06925000,10.2,10.6,10.399999999999999,10.4,-3.65,-25.9786,30.0,11.0,0.2226,-0.0504,0.0002,2.4181,-0.8115,-0.3098,10.4643,11.3,11.3,10.37,14.0499997138977,up,2026-08-21T15:58:00,0.0,0.0
SPXW,2026-09-21,31,Call,6950.0,SPXW260921C06950000,742.2,762.1,752.1500000000001,0.0,0.0,0.0,0.0,0.0,0.2182,0.9464,0.0002,2.5334,-0.8374,5.1731,748.8452,0.0,0.0,0.0,732.450012207031,no_change,,0.0,0.0
SPXW,2026-09-21,31,Put,6950.0,SPXW260921P06950000,10.8,11.1,10.95,10.7,-4.05,-27.4576,31.0,1.0,0.2189,-0.0535,0.0002,2.5334,-0.8374,-0.3291,11.0308,11.8,12.0,10.7,14.75,no_change,2026-08-21T15:50:47,0.0,0.0
SPXW,2026-09-21,31,Call,6975.0,SPXW260921C06975000,717.8,737.7,727.75,0.0,0.0,0.0,0.0,0.0,0.2145,0.943,0.0002,2.6551,-0.8647,5.1722,724.5461,0.0,0.0,0.0,708.349975585938,no_change,,0.0,0.0
SPXW,2026-09-21,31,Put,6975.0,SPXW260921P06975000,11.4,11.7,11.55,12.1,-3.45,-22.1865,19.0,4.0,0.2151,-0.0568,0.0002,2.6551,-0.8647,-0.3498,11.6452,12.5,12.6,11.9,15.5499997138977,up,2026-08-21T14:30:20,0.0,0.0
SPXW,2026-09-21,31,Call,7000.0,SPXW260921C07000000,693.5,713.5,703.5,834.36,0.0,0.0,0.0,1.0,0.211,0.9394,0.0002,2.7848,-0.8932,5.1697,700.2993,0.0,0.0,0.0,684.349975585938,up,2026-08-13T15:39:59,0.0,0.0
SPXW,2026-09-21,31,Put,7000.0,SPXW260921P07000000,12.1,12.4,12.25,12.29,-4.16,-25.2888,42.0,204.0,0.2113,-0.0605,0.0002,2.7848,-0.8932,-0.372,12.3118,13.22,13.47,12.18,16.4499998092651,up,2026-08-21T15:56:27,0.0,0.0
SPXW,2026-09-21,31,Call,7025.0,SPXW260921C07025000,669.3,689.3,679.3,0.0,0.0,0.0,0.0,0.0,0.2073,0.9354,0.0003,2.9242,-0.9232,5.1653,676.1098,0.0,0.0,0.0,660.349975585938,no_change,,0.0,0.0
SPXW,2026-09-21,31,Put,7025.0,SPXW260921P07025000,12.8,13.1,12.95,12.47,-4.88,-28.1268,26.0,14.0,0.2077,-0.0644,0.0003,2.9242,-0.9232,-0.3962,13.0357,13.95,14.28,12.47,17.3500003814697,down,2026-08-21T15:49:36,0.0,0.0
SPXW,2026-09-21,31,Call,7050.0,SPXW260921C07050000,641.1,663.9,652.5,0.0,0.0,0.0,0.0,0.0,0.2034,0.9311,0.0003,3.0731,-0.9545,5.1583,651.9841,0.0,0.0,0.0,636.600006103516,no_change,,0.0,0.0
SPXW,2026-09-21,31,Put,7050.0,SPXW260921P07050000,13.5,13.9,13.7,13.69,-4.66,-25.3951,29.0,56.0,0.2041,-0.0687,0.0003,3.0731,-0.9545,-0.423,13.8235,15.0,15.13,13.69,18.3500003814697,down,2026-08-21T15:56:27,0.0,0.0
SPXW,2026-09-21,31,Call,7075.0,SPXW260921C07075000,621.5,641.1,631.3,0.0,0.0,0.0,0.0,0.0,0.1999,0.9265,0.0003,3.2303,-0.9873,5.1488,627.93,0.0,0.0,0.0,612.600006103516,no_change,,0.0,0.0
SPXW,2026-09-21,31,Put,7075.0,SPXW260921P07075000,14.4,14.8,14.600000000000001,14.95,-4.5,-23.1362,20.0,14.0,0.2004,-0.0734,0.0003,3.2303,-0.9873,-0.4523,14.6828,14.95,14.95,14.95,19.4499998092651,no_change,2026-08-21T13:30:21,0.0,0.0
SPXW,2026-09-21,31,Call,7100.0,SPXW260921C07100000,596.4,617.1,606.75,0.0,0.0,0.0,0.0,0.0,0.1963,0.9214,0.0003,3.3951,-1.0216,5.1367,603.9548,0.0,0.0,0.0,588.849975585938,no_change,,0.0,0.0
SPXW,2026-09-21,31,Put,7100.0,SPXW260921P07100000,15.3,15.7,15.5,14.97,-5.63,-27.3301,29.0,198.0,0.1967,-0.0785,0.0003,3.3951,-1.0216,-0.4842,15.6211,16.92,17.03,14.92,20.5999994277954,up,2026-08-21T15:49:18,0.0,0.0
SPXW,2026-09-21,31,Call,7125.0,SPXW260921C07125000,573.3,593.2,583.25,0.0,0.0,0.0,0.0,0.0,0.1927,0.9158,0.0004,3.5692,-1.0574,5.1223,580.066,0.0,0.0,0.0,564.649993896484,no_change,,0.0,0.0
SPXW,2026-09-21,31,Put,7125.0,SPXW260921P07125000,16.3,16.7,16.5,16.85,-5.05,-23.0594,28.0,66.0,0.1932,-0.0841,0.0004,3.5692,-1.0574,-0.5183,16.6456,18.02,18.25,16.75,21.9000005722046,no_change,2026-08-21T13:30:21,0.0,0.0
SPXW,2026-09-21,31,Call,7150.0,SPXW260921C07150000,548.7,569.4,559.05,563.23,22.13,4.08982,6.0,2.0,0.1891,0.9097,0.0004,3.7555,-1.0947,5.105,556.2714,550.25,563.23,550.25,541.100006103516,no_change,2026-08-21T15:03:22,0.0,0.0
SPXW,2026-09-21,31,Put,7150.0,SPXW260921P07150000,17.4,17.8,17.6,17.1,-6.2,-26.6094,37.0,104.0,0.1895,-0.0901,0.0004,3.7555,-1.0947,-0.5554,17.7645,19.25,19.25,17.1,23.3000001907349,down,2026-08-21T15:44:13,0.0,0.0
SPXW,2026-09-21,31,Call,7175.0,SPXW260921C07175000,525.8,545.6,535.7,538.64,20.94,4.04482,1.0,20.0,0.1856,0.9031,0.0004,3.9544,-1.1334,5.0836,532.582,538.64,538.64,538.64,517.699981689453,down,2026-08-21T15:22:49,0.0,0.0
SPXW,2026-09-21,31,Put,7175.0,SPXW260921P07175000,18.7,19.0,18.85,18.32,-6.48,-26.129,16.0,56.0,0.1861,-0.0968,0.0004,3.9544,-1.1334,-0.5966,18.9885,20.42,20.75,18.32,24.8000001907349,no_change,2026-08-21T15:45:30,0.0,0.0
SPXW,2026-09-21,31,Call,7200.0,SPXW260921C07200000,507.1,513.0,510.05,515.97,21.52,4.35231,6.0,18.0,0.182,0.8959,0.0004,4.1629,-1.1734,5.0578,509.0109,504.86,515.97,504.86,494.449996948242,no_change,2026-08-21T15:03:22,0.0,0.0
SPXW,2026-09-21,31,Put,7200.0,SPXW260921P07200000,20.0,20.3,20.15,19.81,-6.64,-25.104,144.0,176.0,0.1826,-0.104,0.0004,4.1629,-1.1734,-0.6421,20.3309,21.59,22.18,19.35,26.4499998092651,down,2026-08-21T15:59:13,0.0,0.0
SPXW,2026-09-21,31,Call,7225.0,SPXW260921C07225000,483.7,489.5,486.6,0.0,0.0,0.0,0.0,0.0,0.1786,0.888,0.0005,4.3798,-1.2148,5.0285,485.5709,0.0,0.0,0.0,471.349990844727,no_change,,0.0,0.0
SPXW,2026-09-21,31,Put,7225.0,SPXW260921P07225000,21.4,21.8,21.6,21.1,-7.15,-25.3097,13.0,53.0,0.179,-0.1119,0.0005,4.3798,-1.2148,-0.6912,21.8043,23.5,23.71,20.97,28.25,up,2026-08-21T15:50:33,0.0,0.0
SPXW,2026-09-21,31,Call,7250.0,SPXW260921C07250000,460.4,466.1,463.25,0.0,0.0,0.0,0.0,0.0,0.1751,0.8794,0.0005,4.6087,-1.2574,4.9953,462.2742,0.0,0.0,0.0,448.399993896484,no_change,,0.0,0.0
SPXW,2026-09-21,31,Put,7250.0,SPXW260921P07250000,23.0,23.4,23.2,23.12,-7.08,-23.4437,85.0,253.0,0.1757,-0.1205,0.0005,4.6087,-1.2574,-0.7442,23.421,25.1,25.1,22.6,30.1999998092651,down,2026-08-21T15:53:25,0.0,0.0
SPXW,2026-09-21,31,Call,7275.0,SPXW260921C07275000,436.9,443.0,439.95,0.0,0.0,0.0,0.0,0.0,0.1718,0.8699,0.0006,4.8525,-1.301,4.9564,439.137,0.0,0.0,0.0,425.650009155273,no_change,,0.0,0.0
SPXW,2026-09-21,31,Put,7275.0,SPXW260921P07275000,24.8,25.2,25.0,25.07,-7.23,-22.3839,10.0,140.0,0.1722,-0.13,0.0006,4.8525,-1.301,-0.8029,25.1973,26.95,27.31,23.95,32.2999992370606,up,2026-08-21T15:53:05,0.0,0.0
SPXW,2026-09-21,31,Call,7300.0,SPXW260921C07300000,414.0,420.0,417.0,0.0,0.0,0.0,0.0,0.0,0.1683,0.8596,0.0006,5.1069,-1.3454,4.9111,416.1807,0.0,0.0,0.0,403.100006103516,no_change,,0.0,0.0
SPXW,2026-09-21,31,Put,7300.0,SPXW260921P07300000,26.8,27.2,27.0,23.45,-11.25,-32.4207,26.0,169.0,0.1687,-0.1403,0.0006,5.1069,-1.3454,-0.868,27.1543,29.08,29.61,23.45,34.7000007629394,down,2026-08-21T12:21:09,0.0,0.0
SPXW,2026-09-21,31,Call,7325.0,SPXW260921C07325000,391.2,397.1,394.15,404.62,23.87,6.26921,1.0,0.0,0.165,0.8483,0.0006,5.3681,-1.3905,4.8604,393.4267,404.62,404.62,404.62,380.75,up,2026-08-21T11:38:19,0.0,0.0
SPXW,2026-09-21,31,Put,7325.0,SPXW260921P07325000,28.9,29.3,29.1,28.32,-8.98,-24.0751,21.0,94.0,0.1654,-0.1516,0.0006,5.3681,-1.3905,-0.9385,29.3138,31.21,32.2,25.08,37.2999992370606,down,2026-08-21T15:43:27,0.0,0.0
SPXW,2026-09-21,31,Call,7350.0,SPXW260921C07350000,368.7,374.6,371.65,0.0,0.0,0.0,0.0,0.0,0.1615,0.8359,0.0007,5.6411,-1.436,4.8039,370.8953,0.0,0.0,0.0,358.599990844727,no_change,,0.0,0.0
SPXW,2026-09-21,31,Put,7350.0,SPXW260921P07350000,31.3,31.7,31.5,30.87,-9.23,-23.0175,26.0,145.0,0.162,-0.164,0.0007,5.6411,-1.436,-1.0148,31.6958,34.18,34.3,30.57,40.1000003814697,down,2026-08-21T15:59:13,0.0,0.0
SPXW,2026-09-21,31,Call,7375.0,SPXW260921C07375000,346.4,352.2,349.29999999999995,0.0,0.0,0.0,0.0,0.0,0.1583,0.8223,0.0007,5.9274,-1.4815,4.7386,348.6144,0.0,0.0,0.0,336.800003051758,no_change,,0.0,0.0
SPXW,2026-09-21,31,Put,7375.0,SPXW260921P07375000,33.9,34.3,34.099999999999994,33.67,-9.53,-22.0602,23.0,74.0,0.1587,-0.1776,0.0007,5.9274,-1.4815,-1.0998,34.3283,36.39,36.39,33.0,43.2000007629394,down,2026-08-21T15:59:32,0.0,0.0
SPXW,2026-09-21,31,Call,7400.0,SPXW260921C07400000,324.6,330.1,327.35,459.75,0.0,0.0,0.0,2.0,0.155,0.8075,0.0008,6.2182,-1.5265,4.6648,326.6184,0.0,0.0,0.0,315.25,up,2026-08-13T15:09:59,0.0,0.0
SPXW,2026-09-21,31,Put,7400.0,SPXW260921P07400000,36.8,37.2,37.0,37.36,-9.24,-19.8283,18.0,119.0,0.1553,-0.1924,0.0008,6.2182,-1.5265,-1.1934,37.2458,39.59,39.8,35.68,46.6000003814697,up,2026-08-21T15:55:13,0.0,0.0
SPXW,2026-09-21,31,Call,7425.0,SPXW260921C07425000,302.7,308.4,305.54999999999995,437.15,0.0,0.0,0.0,1.0,0.1517,0.7912,0.0008,6.5128,-1.5706,4.5842,304.9377,0.0,0.0,0.0,294.0,up,2026-08-13T15:09:59,0.0,0.0
SPXW,2026-09-21,31,Put,7425.0,SPXW260921P07425000,40.0,40.4,40.2,39.9,-10.4,-20.6759,15.0,99.0,0.152,-0.2086,0.0008,6.5128,-1.5706,-1.2938,40.4785,42.91,43.7,39.9,50.2999992370606,no_change,2026-08-21T15:05:11,0.0,0.0
SPXW,2026-09-21,31,Call,7450.0,SPXW260921C07450000,281.4,287.0,284.2,376.53,0.0,0.0,0.0,1.0,0.1483,0.7735,0.0009,6.8164,-1.6131,4.4928,283.6079,0.0,0.0,0.0,273.199996948242,up,2026-08-07T15:43:48,0.0,0.0
SPXW,2026-09-21,31,Put,7450.0,SPXW260921P07450000,43.5,44.0,43.75,42.21,-12.09,-22.2652,47.0,160.0,0.1488,-0.2264,0.0009,6.8164,-1.6131,-1.405,44.0621,45.78,47.56,42.14,54.2999992370606,down,2026-08-21T15:46:56,0.0,0.0
SPXW,2026-09-21,31,Call,7475.0,SPXW260921C07475000,260.5,265.9,263.2,353.52,0.0,0.0,0.0,12.0,0.1452,0.7541,0.001,7.1183,-1.6531,4.3899,262.677,0.0,0.0,0.0,252.75,up,2026-08-10T09:57:11,0.0,0.0
SPXW,2026-09-21,31,Put,7475.0,SPXW260921P07475000,47.5,47.9,47.7,45.62,-13.18,-22.415,329.0,58.0,0.1456,-0.2458,0.001,7.1183,-1.6531,-1.5276,48.0447,51.31,51.31,45.62,58.7999992370606,down,2026-08-21T15:49:36,0.0,0.0
SPXW,2026-09-21,31,Call,7500.0,SPXW260921C07500000,239.9,245.3,242.60000000000002,283.76,0.0,0.0,0.0,12.0,0.142,0.7329,0.001,7.4136,-1.6898,4.2787,242.1864,0.0,0.0,0.0,232.75,down,2026-08-18T10:39:19,0.0,0.0
SPXW,2026-09-21,31,Put,7500.0,SPXW260921P07500000,51.9,52.3,52.099999999999994,52.0,-11.7,-18.3673,69.0,164.0,0.1424,-0.2669,0.001,7.4136,-1.6898,-1.6587,52.4675,55.19,56.35,49.55,63.7000007629394,up,2026-08-21T15:55:40,0.0,0.0
SPXW,2026-09-21,31,Call,7510.0,SPXW260921C07510000,231.9,237.2,234.55,0.0,0.0,0.0,0.0,0.0,0.1407,0.724,0.0011,7.5315,-1.7034,4.2305,234.1234,0.0,0.0,0.0,0.0,no_change,,0.0,0.0
SPXW,2026-09-21,31,Put,7510.0,SPXW260921P07510000,53.7,54.2,53.95,52.71,52.71,0.0,52.0,0.0,0.1411,-0.2759,0.0011,7.5315,-1.7034,-1.7148,54.3699,56.9,58.3,51.3,0.0,down,2026-08-21T15:41:13,0.0,0.0
SPXW,2026-09-21,31,Call,7520.0,SPXW260921C07520000,224.0,229.2,226.6,0.0,0.0,0.0,0.0,0.0,0.1394,0.7147,0.0011,7.6486,-1.7162,4.1797,226.1428,0.0,0.0,0.0,0.0,no_change,,0.0,0.0
SPXW,2026-09-21,31,Put,7520.0,SPXW260921P07520000,55.7,56.2,55.95,56.4,56.4,0.0,2.0,0.0,0.1398,-0.2852,0.0011,7.6486,-1.7162,-1.7735,56.3546,55.3,56.4,55.3,0.0,up,2026-08-21T16:02:58,0.0,0.0
SPXW,2026-09-21,31,Call,7525.0,SPXW260921C07525000,219.9,225.2,222.55,303.68,0.0,0.0,0.0,20.0,0.1389,0.71,0.0011,7.7063,-1.7222,4.1533,222.1847,0.0,0.0,0.0,213.699996948242,up,2026-08-12T16:02:57,0.0,0.0
SPXW,2026-09-21,31,Put,7525.0,SPXW260921P07525000,56.7,57.2,56.95,55.28,-13.82,-20.0,13.0,55.0,0.1392,-0.2899,0.0011,7.7063,-1.7222,-1.8038,57.3792,61.57,61.57,55.28,69.1000022888184,down,2026-08-21T15:50:10,0.0,0.0
SPXW,2026-09-21,31,Call,7530.0,SPXW260921C07530000,216.0,221.2,218.6,212.4,212.4,0.0,1.0,0.0,0.1382,0.7051,0.0011,7.7632,-1.7281,4.1266,218.2488,212.4,212.4,212.4,0.0,up,2026-08-21T10:36:12,0.0,0.0
SPXW,2026-09-21,31,Put,7530.0,SPXW260921P07530000,57.7,58.2,57.95,57.45,57.45,0.0,9.0,0.0,0.1385,-0.2948,0.0011,7.7632,-1.7281,-1.8345,58.426,57.45,57.45,57.45,0.0,up,2026-08-21T12:15:01,0.0,0.0
SPXW,2026-09-21,31,Call,7540.0,SPXW260921C07540000,208.2,213.4,210.8,0.0,0.0,0.0,0.0,0.0,0.1362,0.6952,0.0011,7.8741,-1.7391,4.0719,210.4449,0.0,0.0,0.0,0.0,no_change,,0.0,0.0
SPXW,2026-09-21,31,Put,7540.0,SPXW260921P07540000,59.9,60.4,60.15,60.7,60.7,0.0,3.0,0.0,0.1373,-0.3047,0.0011,7.8741,-1.7391,-1.897,60.5875,62.85,62.85,60.7,0.0,down,2026-08-21T10:59:39,0.0,0.0
SPXW,2026-09-21,31,Call,7550.0,SPXW260921C07550000,203.2,203.7,203.45,199.4,0.0,0.0,0.0,5.0,0.1362,0.685,0.0012,7.9811,-1.749,4.0161,202.734,0.0,0.0,0.0,194.699996948242,down,2026-08-20T14:06:43,0.0,0.0
SPXW,2026-09-21,31,Put,7550.0,SPXW260921P07550000,62.1,62.6,62.35,62.2,-12.85,-17.1219,39.0,96.0,0.1361,-0.3149,0.0012,7.9811,-1.749,-1.9608,62.842,64.09,66.43,60.11,75.0500030517578,up,2026-08-21T15:53:02,0.0,0.0
SPXW,2026-09-21,31,Call,7560.0,SPXW260921C07560000,195.6,196.1,195.85,0.0,0.0,0.0,0.0,0.0,0.135,0.6744,0.0012,8.085,-1.758,3.9586,195.119,0.0,0.0,0.0,187.300003051758,no_change,,0.0,0.0
SPXW,2026-09-21,31,Put,7560.0,SPXW260921P07560000,64.4,64.9,64.65,64.23,-13.37,-17.2294,19.0,2.0,0.1348,-0.3254,0.0012,8.085,-1.758,-2.0262,65.1923,67.45,67.45,61.31,77.6000022888184,up,2026-08-21T15:15:59,0.0,0.0
SPXW,2026-09-21,31,Call,7570.0,SPXW260921C07570000,188.0,188.6,188.3,182.0,2.1,1.16731,1.0,7.0,0.1338,0.6636,0.0012,8.1862,-1.7657,3.8986,187.6039,182.0,182.0,182.0,179.900001525879,up,2026-08-21T10:36:12,0.0,0.0
SPXW,2026-09-21,31,Put,7570.0,SPXW260921P07570000,66.9,67.4,67.15,63.04,-17.21,-21.4455,3.0,15.0,0.1337,-0.3363,0.0012,8.1862,-1.7657,-2.0941,67.6426,64.88,64.88,63.04,80.25,down,2026-08-21T11:52:14,0.0,0.0
SPXW,2026-09-21,31,Call,7575.0,SPXW260921C07575000,184.3,184.8,184.55,185.2,8.85,5.01843,3.0,10.0,0.1332,0.658,0.0012,8.2357,-1.7692,3.8675,183.8855,185.2,185.2,185.2,176.350006103516,up,2026-08-21T13:34:54,0.0,0.0
SPXW,2026-09-21,31,Put,7575.0,SPXW260921P07575000,68.1,68.6,68.35,67.44,-14.16,-17.3529,59.0,33.0,0.133,-0.3419,0.0012,8.2357,-1.7692,-2.1292,68.9069,72.63,72.63,67.22,81.6000022888184,up,2026-08-21T15:59:32,0.0,0.0
SPXW,2026-09-21,31,Call,7580.0,SPXW260921C07580000,180.6,181.2,180.89999999999998,186.85,14.15,8.1934,11.0,18.0,0.1326,0.6524,0.0012,8.2842,-1.7722,3.8356,180.1942,174.8,186.85,174.8,172.699996948242,up,2026-08-21T12:36:52,0.0,0.0
SPXW,2026-09-21,31,Put,7580.0,SPXW260921P07580000,69.4,69.9,69.65,69.0,-14.0,-16.8675,10.0,3.0,0.1324,-0.3475,0.0012,8.2842,-1.7722,-2.1651,70.1983,69.0,69.0,69.0,83.0,down,2026-08-21T12:49:01,0.0,0.0
SPXW,2026-09-21,31,Call,7590.0,SPXW260921C07590000,173.2,173.8,173.5,167.6,1.95,1.17718,2.0,18.0,0.1313,0.6408,0.0013,8.3775,-1.7774,3.7698,172.8955,167.19,167.6,167.19,165.649993896484,up,2026-08-21T10:36:12,0.0,0.0
SPXW,2026-09-21,31,Put,7590.0,SPXW260921P07590000,72.0,72.5,72.25,70.59,-15.26,-17.7752,40.0,6.0,0.1312,-0.359,0.0013,8.3775,-1.7774,-2.2387,72.865,76.63,76.63,70.59,85.8499984741211,down,2026-08-21T15:41:13,0.0,0.0
SPXW,2026-09-21,31,Call,7600.0,SPXW260921C07600000,166.0,166.6,166.3,165.9,7.2,4.53686,36.0,11.0,0.1302,0.629,0.0013,8.4644,-1.7811,3.7025,165.7123,166.0,172.25,164.91,158.699996948242,no_change,2026-08-21T14:45:03,0.0,0.0
SPXW,2026-09-21,31,Put,7600.0,SPXW260921P07600000,74.8,75.3,75.05,75.3,-13.55,-15.2504,42.0,129.0,0.13,-0.3709,0.0013,8.4644,-1.7811,-2.314,75.6471,79.5,80.5,71.5,88.8499984741211,no_change,2026-08-21T16:02:37,0.0,0.0
SPXW,2026-09-21,31,Call,7610.0,SPXW260921C07610000,159.0,159.5,159.25,162.78,10.88,7.16261,2.0,1.0,0.129,0.6168,0.0013,8.5444,-1.7832,3.634,158.6479,153.6,162.78,153.6,151.900001525879,up,2026-08-21T15:14:02,0.0,0.0
SPXW,2026-09-21,31,Put,7610.0,SPXW260921P07610000,77.7,78.2,77.95,73.58,-18.37,-19.9782,2.0,9.0,0.1288,-0.3831,0.0013,8.5444,-1.7832,-2.3903,78.5481,81.92,81.92,73.58,91.9499969482422,down,2026-08-21T11:50:56,0.0,0.0
SPXW,2026-09-21,31,Call,7620.0,SPXW260921C07620000,152.0,152.6,152.3,157.63,12.53,8.63542,40.0,3.0,0.1278,0.6042,0.0014,8.6181,-1.7838,3.5639,151.706,157.63,157.63,157.63,145.099998474121,up,2026-08-21T13:10:48,0.0,0.0
SPXW,2026-09-21,31,Put,7620.0,SPXW260921P07620000,80.7,81.2,80.95,79.26,-15.94,-16.7437,10.0,16.0,0.1277,-0.3957,0.0014,8.6181,-1.7838,-2.4684,81.5716,87.86,87.86,79.26,95.2000007629394,down,2026-08-21T15:34:41,0.0,0.0
SPXW,2026-09-21,31,Call,7625.0,SPXW260921C07625000,148.6,149.1,148.85,143.4,1.7,1.19972,4.0,2.0,0.1273,0.5978,0.0014,8.6526,-1.7835,3.5278,148.2825,145.23,145.23,143.4,141.699996948242,down,2026-08-21T10:36:12,0.0,0.0
SPXW,2026-09-21,31,Put,7625.0,SPXW260921P07625000,82.2,82.7,82.45,81.7,-15.15,-15.6427,59.0,125.0,0.127,-0.4021,0.0014,8.6526,-1.7835,-2.5084,83.1308,87.37,87.37,81.7,96.8499984741211,down,2026-08-21T15:05:47,0.0,0.0
SPXW,2026-09-21,31,Call,7630.0,SPXW260921C07630000,145.2,145.7,145.45,151.7,13.2,9.53069,33.0,41.0,0.1266,0.5913,0.0014,8.6855,-1.7827,3.4908,144.8919,144.8,151.7,144.8,138.5,up,2026-08-21T13:09:34,0.0,0.0
SPXW,2026-09-21,31,Put,7630.0,SPXW260921P07630000,83.8,84.3,84.05,83.61,-14.94,-15.1598,4.0,29.0,0.1265,-0.4086,0.0014,8.6855,-1.7827,-2.5494,84.7228,82.25,83.61,82.25,98.5500030517578,up,2026-08-21T15:54:33,0.0,0.0
SPXW,2026-09-21,31,Call,7640.0,SPXW260921C07640000,138.5,139.0,138.75,133.3,1.25,0.946609,6.0,41.0,0.1255,0.5781,0.0014,8.7459,-1.7798,3.4145,138.2125,135.4,135.4,133.3,132.050003051758,down,2026-08-21T10:36:48,0.0,0.0
SPXW,2026-09-21,31,Put,7640.0,SPXW260921P07640000,87.1,87.6,87.35,87.9,-14.15,-13.8658,10.0,103.0,0.1254,-0.4218,0.0014,8.7459,-1.7798,-2.6336,88.0089,91.27,91.27,81.61,102.050003051758,up,2026-08-21T16:09:35,0.0,0.0
SPXW,2026-09-21,31,Call,7650.0,SPXW260921C07650000,131.9,132.5,132.2,132.02,6.27,4.98608,78.0,86.0,0.1243,0.5646,0.0014,8.7977,-1.7751,3.336,131.6742,131.2,141.5,127.95,125.75,down,2026-08-21T14:46:41,0.0,0.0
SPXW,2026-09-21,31,Put,7650.0,SPXW260921P07650000,90.5,91.0,90.75,90.21,-15.54,-14.695,33.0,157.0,0.1242,-0.4353,0.0014,8.7977,-1.7751,-2.72,91.4359,92.15,95.96,87.44,105.75,up,2026-08-21T15:54:33,0.0,0.0
SPXW,2026-09-21,31,Call,7660.0,SPXW260921C07660000,125.5,126.1,125.8,126.1,6.55,5.47888,120.0,84.0,0.1232,0.5508,0.0014,8.8399,-1.7684,3.2568,125.2813,124.8,126.8,120.52,119.550003051758,down,2026-08-21T14:25:00,0.0,0.0
SPXW,2026-09-21,31,Put,7660.0,SPXW260921P07660000,94.0,94.6,94.3,93.78,-15.67,-14.317,36.0,58.0,0.1231,-0.4491,0.0014,8.8399,-1.7684,-2.8072,95.0083,98.87,98.87,91.72,109.449996948242,up,2026-08-21T15:54:33,0.0,0.0
SPXW,2026-09-21,31,Call,7670.0,SPXW260921C07670000,119.2,119.8,119.5,123.49,9.99,8.80176,74.0,56.0,0.1221,0.5367,0.0014,8.8724,-1.7598,3.1765,119.037,120.2,123.49,118.32,113.5,up,2026-08-21T15:03:53,0.0,0.0
SPXW,2026-09-21,31,Put,7670.0,SPXW260921P07670000,97.7,98.3,98.0,98.03,-15.42,-13.5919,32.0,119.0,0.1221,-0.4632,0.0014,8.8724,-1.7598,-2.8953,98.7295,103.0,103.0,93.06,113.449996948242,no_change,2026-08-21T16:07:54,0.0,0.0
SPXW,2026-09-21,31,Call,7675.0,SPXW260921C07675000,116.2,116.7,116.45,119.35,8.85,8.00905,20.0,129.0,0.1216,0.5295,0.0015,8.8849,-1.7547,3.1355,115.9722,120.19,131.2,118.04,110.5,up,2026-08-21T15:41:54,0.0,0.0
SPXW,2026-09-21,31,Put,7675.0,SPXW260921P07675000,99.7,100.2,99.95,99.38,-16.07,-13.9194,98.0,280.0,0.1215,-0.4704,0.0015,8.8849,-1.7547,-2.9403,100.6473,106.76,106.93,93.7,115.449996948242,up,2026-08-21T15:54:33,0.0,0.0
SPXW,2026-09-21,31,Call,7680.0,SPXW260921C07680000,113.2,113.7,113.45,116.35,8.7,8.08175,29.0,101.0,0.1211,0.5222,0.0015,8.8949,-1.7491,3.0937,112.9467,115.2,118.59,115.2,107.650001525879,down,2026-08-21T15:33:44,0.0,0.0
SPXW,2026-09-21,31,Put,7680.0,SPXW260921P07680000,101.6,102.1,101.85,101.25,-16.25,-13.8298,49.0,30.0,0.121,-0.4776,0.0015,8.8949,-1.7491,-2.986,102.6045,106.96,106.96,99.57,117.5,up,2026-08-21T15:54:33,0.0,0.0
SPXW,2026-09-21,31,Call,7690.0,SPXW260921C07690000,107.2,107.8,107.5,110.35,8.45,8.29245,12.0,98.0,0.1201,0.5076,0.0015,8.9068,-1.7363,3.0077,107.0176,104.79,112.22,104.79,101.899997711182,up,2026-08-21T15:33:44,0.0,0.0
SPXW,2026-09-21,31,Put,7690.0,SPXW260921P07690000,105.6,106.2,105.9,105.33,-16.42,-13.4867,26.0,111.0,0.1199,-0.4923,0.0015,8.9068,-1.7363,-3.08,106.6408,112.7,113.0,98.73,121.75,up,2026-08-21T15:54:50,0.0,0.0
SPXW,2026-09-21,31,Call,7700.0,SPXW260921C07700000,101.5,102.0,101.75,104.9,8.55,8.8739,29.0,116.0,0.119,0.4927,0.0015,8.9072,-1.7214,2.9199,101.2563,99.2,106.44,99.0,96.3499984741211,down,2026-08-21T15:10:48,0.0,0.0
SPXW,2026-09-21,31,Put,7700.0,SPXW260921P07700000,109.8,110.4,110.1,109.51,-16.69,-13.225,6.0,212.0,0.1189,-0.5072,0.0015,8.9072,-1.7214,-3.1756,110.8449,110.05,111.87,106.56,126.200000762939,up,2026-08-21T15:55:40,0.0,0.0
SPXW,2026-09-21,31,Call,7710.0,SPXW260921C07710000,95.9,96.4,96.15,100.93,9.93,10.9121,11.0,90.0,0.118,0.4775,0.0015,8.8959,-1.7043,2.8321,95.6664,93.27,101.06,93.27,91.0,up,2026-08-21T15:45:54,0.0,0.0
SPXW,2026-09-21,31,Put,7710.0,SPXW260921P07710000,114.2,114.8,114.5,108.56,-22.24,-17.0031,2.0,50.0,0.1179,-0.5224,0.0015,8.8959,-1.7043,-3.2714,115.2203,119.76,119.76,108.56,130.800003051758,down,2026-08-21T11:58:03,0.0,0.0
SPXW,2026-09-21,31,Call,7720.0,SPXW260921C07720000,90.4,91.0,90.7,94.27,8.47,9.8718,8.0,60.0,0.1171,0.4622,0.0015,8.8725,-1.685,2.7438,90.25,86.8,95.21,86.8,85.7999992370606,down,2026-08-21T15:30:08,0.0,0.0
SPXW,2026-09-21,31,Put,7720.0,SPXW260921P07720000,118.7,119.3,119.0,125.94,-9.61,-7.08964,105.0,42.0,0.1169,-0.5377,0.0015,8.8725,-1.685,-3.3676,119.7693,125.05,125.94,124.74,135.550003051758,no_change,2026-08-21T10:34:56,0.0,0.0
SPXW,2026-09-21,31,Call,7725.0,SPXW260921C07725000,87.8,88.3,88.05,89.97,6.72,8.07207,17.0,158.0,0.1166,0.4544,0.0015,8.856,-1.6746,2.6989,87.6082,86.6,90.1,83.97,83.25,up,2026-08-21T14:55:51,0.0,0.0
SPXW,2026-09-21,31,Put,7725.0,SPXW260921P07725000,121.1,121.6,121.35,115.03,-22.97,-16.6449,3.0,186.0,0.1165,-0.5454,0.0015,8.856,-1.6746,-3.4164,122.1101,129.0,129.0,115.03,138.0,down,2026-08-21T11:58:03,0.0,0.0
SPXW,2026-09-21,31,Call,7730.0,SPXW260921C07730000,85.2,85.7,85.45,88.05,7.35,9.10781,15.0,114.0,0.1161,0.4467,0.0015,8.8362,-1.6636,2.6533,85.0115,84.87,91.2,81.45,80.7000007629394,down,2026-08-21T15:54:50,0.0,0.0
SPXW,2026-09-21,31,Put,7730.0,SPXW260921P07730000,123.5,124.0,123.75,119.78,-20.72,-14.7473,3.0,102.0,0.116,-0.5532,0.0015,8.8362,-1.6636,-3.466,124.4962,120.86,120.91,119.78,140.5,down,2026-08-21T15:46:15,0.0,0.0
SPXW,2026-09-21,31,Call,7740.0,SPXW260921C07740000,80.1,80.7,80.4,84.9,8.95,11.7841,24.0,55.0,0.1152,0.431,0.0015,8.7858,-1.64,2.5604,79.957,79.83,84.9,79.82,75.9499969482422,up,2026-08-21T15:45:54,0.0,0.0
SPXW,2026-09-21,31,Put,7740.0,SPXW260921P07740000,128.4,128.9,128.65,145.85,0.0,0.0,0.0,42.0,0.1151,-0.5688,0.0015,8.7858,-1.64,-3.5669,129.407,0.0,0.0,0.0,145.599998474121,up,2026-08-20T15:02:12,0.0,0.0
SPXW,2026-09-21,31,Call,7750.0,SPXW260921C07750000,75.3,75.8,75.55,78.34,7.09,9.95088,13.0,342.0,0.1143,0.4153,0.0015,8.7222,-1.6141,2.4673,75.0899,73.7,79.99,73.7,71.25,up,2026-08-21T15:14:02,0.0,0.0
SPXW,2026-09-21,31,Put,7750.0,SPXW260921P07750000,133.5,134.0,133.75,134.62,-16.28,-10.7886,3.0,287.0,0.1142,-0.5846,0.0015,8.7222,-1.6141,-3.6679,134.5053,133.84,134.62,129.1,150.900001525879,up,2026-08-21T16:01:49,0.0,0.0
SPXW,2026-09-21,31,Call,7760.0,SPXW260921C07760000,70.6,71.1,70.85,74.95,8.25,12.3688,3.0,72.0,0.1134,0.3995,0.0015,8.6463,-1.5862,2.3753,70.4099,68.67,74.95,68.67,66.7000007629394,up,2026-08-21T15:46:15,0.0,0.0
SPXW,2026-09-21,31,Put,7760.0,SPXW260921P07760000,138.7,139.3,139.0,135.78,-20.57,-13.1564,1.0,1.0,0.1133,-0.6004,0.0015,8.6463,-1.5862,-3.7677,139.7907,135.78,135.78,135.78,156.350006103516,up,2026-08-21T15:30:18,0.0,0.0
SPXW,2026-09-21,31,Call,7770.0,SPXW260921C07770000,66.0,66.6,66.3,70.2,7.75,12.4099,11.0,21.0,0.1125,0.3837,0.0015,8.5574,-1.5562,2.283,65.9169,75.35,75.35,70.2,62.4500007629394,no_change,2026-08-21T12:24:42,0.0,0.0
SPXW,2026-09-21,31,Put,7770.0,SPXW260921P07770000,144.2,144.7,144.45,0.0,0.0,0.0,0.0,0.0,0.1124,-0.6162,0.0015,8.5574,-1.5562,-3.868,145.2631,0.0,0.0,0.0,162.099998474121,no_change,,0.0,0.0
SPXW,2026-09-21,31,Call,7775.0,SPXW260921C07775000,63.9,64.4,64.15,64.49,4.14,6.85999,81.0,247.0,0.1121,0.3757,0.0015,8.5073,-1.5404,2.2361,63.7412,68.31,68.31,64.49,60.3499984741211,down,2026-08-21T16:07:25,0.0,0.0
SPXW,2026-09-21,31,Put,7775.0,SPXW260921P07775000,147.0,147.5,147.25,147.81,-17.09,-10.3639,4.0,121.0,0.1119,-0.6241,0.0015,8.5073,-1.5404,-3.9188,148.0701,146.19,147.81,145.89,164.900001525879,up,2026-08-21T16:01:49,0.0,0.0
SPXW,2026-09-21,31,Call,7780.0,SPXW260921C07780000,61.7,62.2,61.95,59.8,0.0,0.0,0.0,27.0,0.1117,0.3678,0.0015,8.4534,-1.5241,2.1888,61.6133,0.0,0.0,0.0,58.3499984741211,down,2026-08-20T15:40:20,0.0,0.0
SPXW,2026-09-21,31,Put,7780.0,SPXW260921P07780000,149.8,150.4,150.10000000000002,148.45,-19.45,-11.5843,15.0,0.0,0.1116,-0.632,0.0015,8.4534,-1.5241,-3.97,150.9249,148.43,148.45,148.43,167.900001525879,up,2026-08-21T11:31:40,0.0,0.0
SPXW,2026-09-21,31,Call,7790.0,SPXW260921C07790000,57.6,58.1,57.85,60.88,6.48,11.9118,9.0,5.0,0.1109,0.3521,0.0015,8.3347,-1.4901,2.0945,57.501,62.85,62.85,60.04,54.3999996185303,up,2026-08-21T15:30:18,0.0,0.0
SPXW,2026-09-21,31,Put,7790.0,SPXW260921P07790000,155.6,156.2,155.89999999999998,166.2,0.0,0.0,0.0,2.0,0.1108,-0.6478,0.0015,8.3347,-1.4901,-4.0722,156.7779,0.0,0.0,0.0,173.900001525879,up,2026-08-20T13:40:57,0.0,0.0
SPXW,2026-09-21,31,Call,7800.0,SPXW260921C07800000,53.6,54.1,53.85,54.29,3.69,7.29249,22.0,629.0,0.1101,0.3364,0.0015,8.2042,-1.4542,2.0024,53.5773,51.61,62.55,51.61,50.6000003814697,no_change,2026-08-21T16:07:25,0.0,0.0
SPXW,2026-09-21,31,Put,7800.0,SPXW260921P07800000,161.7,162.2,161.95,170.4,0.0,0.0,0.0,473.0,0.11,-0.6635,0.0015,8.2042,-1.4542,-4.1723,162.8196,0.0,0.0,0.0,180.050003051758,up,2026-08-20T13:36:35,0.0,0.0
SPXW,2026-09-21,31,Call,7810.0,SPXW260921C07810000,49.9,50.4,50.15,52.67,5.62,11.9447,13.0,7.0,0.1094,0.3209,0.0015,8.063,-1.4165,1.9115,49.8382,50.11,58.08,50.11,47.0499992370606,up,2026-08-21T15:40:39,0.0,0.0
SPXW,2026-09-21,31,Put,7810.0,SPXW260921P07810000,167.9,168.4,168.15,0.0,0.0,0.0,0.0,0.0,0.1093,-0.679,0.0015,8.063,-1.4165,-4.2711,169.0459,0.0,0.0,0.0,186.699996948242,no_change,,0.0,0.0
SPXW,2026-09-21,31,Call,7820.0,SPXW260921C07820000,46.3,46.8,46.55,49.02,5.32,12.1739,3.0,5.0,0.1087,0.3055,0.0014,7.9082,-1.3773,1.8199,46.2825,54.18,54.18,48.42,43.7000007629394,up,2026-08-21T15:40:39,0.0,0.0
SPXW,2026-09-21,31,Put,7820.0,SPXW260921P07820000,174.2,174.8,174.5,169.1,-24.15,-12.4968,1.0,0.0,0.1086,-0.6944,0.0014,7.9082,-1.3773,-4.3706,175.4555,169.1,169.1,169.1,193.25,down,2026-08-21T15:44:20,0.0,0.0
SPXW,2026-09-21,31,Call,7825.0,SPXW260921C07825000,44.6,45.0,44.8,46.67,4.62,10.9869,14.0,147.0,0.1083,0.2979,0.0014,7.8253,-1.357,1.774,44.5734,43.08,51.57,43.08,42.0499992370606,down,2026-08-21T15:28:28,0.0,0.0
SPXW,2026-09-21,31,Put,7825.0,SPXW260921P07825000,176.5,178.9,177.7,172.3,-24.35,-12.3824,2.0,9.0,0.1084,-0.702,0.0014,7.8253,-1.357,-4.4204,178.7291,175.05,175.05,172.3,196.650001525879,down,2026-08-21T15:44:20,0.0,0.0
SPXW,2026-09-21,31,Call,7850.0,SPXW260921C07850000,36.6,37.1,36.85,38.61,4.06,11.7511,55.0,157.0,0.1067,0.2607,0.0014,7.372,-1.2508,1.5543,36.6948,37.45,44.28,34.91,34.5499992370606,down,2026-08-21T15:28:28,0.0,0.0
SPXW,2026-09-21,31,Put,7850.0,SPXW260921P07850000,191.9,197.3,194.60000000000002,184.99,0.0,0.0,0.0,12.0,0.107,-0.7392,0.0014,7.372,-1.2508,-4.66,195.7639,0.0,0.0,0.0,214.150001525879,no_change,2026-08-18T13:59:00,0.0,0.0
SPXW,2026-09-21,31,Call,7875.0,SPXW260921C07875000,29.8,30.2,30.0,32.06,3.96,14.0925,10.0,149.0,0.1052,0.2255,0.0013,6.8575,-1.1379,1.343,29.8776,33.22,33.22,31.29,28.0999994277954,up,2026-08-21T15:19:02,0.0,0.0
SPXW,2026-09-21,31,Put,7875.0,SPXW260921P07875000,209.9,215.5,212.7,0.0,0.0,0.0,0.0,0.0,0.1056,-0.7744,0.0013,6.8575,-1.1379,-4.891,213.8602,0.0,0.0,0.0,232.599998474121,no_change,,0.0,0.0
SPXW,2026-09-21,31,Call,7900.0,SPXW260921C07900000,24.0,24.4,24.2,25.74,3.14,13.8938,211.0,115.0,0.1038,0.1926,0.0012,6.3002,-1.0211,1.1482,24.0538,24.2,30.05,23.21,22.5999994277954,up,2026-08-21T15:40:43,0.0,0.0
SPXW,2026-09-21,31,Put,7900.0,SPXW260921P07900000,228.9,234.7,231.8,239.95,0.0,0.0,0.0,3.0,0.1042,-0.8072,0.0012,6.3002,-1.0211,-5.1056,232.9498,0.0,0.0,0.0,252.099998474121,up,2026-08-20T13:36:35,0.0,0.0
SPXW,2026-09-21,31,Call,7925.0,SPXW260921C07925000,19.0,19.5,19.25,19.2,1.2,6.66667,163.0,168.0,0.1026,0.1625,0.0011,5.707,-0.9037,0.9683,19.1495,18.67,21.1,18.4,18.0,down,2026-08-21T15:59:50,0.0,0.0
SPXW,2026-09-21,31,Put,7925.0,SPXW260921P07925000,248.9,254.8,251.85000000000002,229.7,0.0,0.0,0.0,9.0,0.1032,-0.8374,0.0011,5.707,-0.9037,-5.3053,252.9589,0.0,0.0,0.0,272.399993896484,down,2026-08-07T09:46:21,0.0,0.0
SPXW,2026-09-21,31,Call,7950.0,SPXW260921C07950000,14.9,15.4,15.15,15.2,1.0,7.04225,32.0,112.0,0.1016,0.1354,0.001,5.1057,-0.7888,0.8056,15.0778,15.4,20.18,15.2,14.1999998092651,no_change,2026-08-21T15:59:50,0.0,0.0
SPXW,2026-09-21,31,Put,7950.0,SPXW260921P07950000,269.5,275.5,272.5,279.7,-13.85,-4.71811,1.0,4.0,0.1021,-0.8645,0.001,5.1057,-0.7888,-5.4878,273.8006,279.7,279.7,279.7,293.550003051758,up,2026-08-21T09:47:35,0.0,0.0
SPXW,2026-09-21,31,Call,7975.0,SPXW260921C07975000,11.6,12.0,11.8,12.89,1.79,16.1261,21.0,69.0,0.1006,0.1115,0.0008,4.5074,-0.6792,0.6635,11.7533,12.0,15.96,11.38,11.0999999046326,up,2026-08-21T15:59:13,0.0,0.0
SPXW,2026-09-21,31,Put,7975.0,SPXW260921P07975000,291.0,297.3,294.15,0.0,0.0,0.0,0.0,0.0,0.1013,-0.8884,0.0008,4.5074,-0.6792,-5.6497,295.3896,0.0,0.0,0.0,315.399993896484,no_change,,0.0,0.0
SPXW,2026-09-21,31,Call,8000.0,SPXW260921C08000000,8.9,9.3,9.100000000000001,9.61,1.01,11.7442,69.0,145.0,0.0998,0.0908,0.0007,3.9299,-0.5778,0.5395,9.0855,9.5,12.3,8.86,8.59999990463257,down,2026-08-21T15:55:13,0.0,0.0
SPXW,2026-09-21,31,Put,8000.0,SPXW260921P08000000,305.1,328.9,317.0,0.0,0.0,0.0,0.0,0.0,0.1008,-0.9091,0.0007,3.9299,-0.5778,-5.7934,317.6352,0.0,0.0,0.0,335.550003051758,no_change,,0.0,0.0
SPXW,2026-09-21,31,Call,8025.0,SPXW260921C08025000,6.8,7.2,7.0,8.16,1.56,23.6364,28.0,65.0,0.0992,0.0732,0.0006,3.3914,-0.4864,0.4344,6.9794,7.25,8.32,6.95,6.59999990463257,no_change,2026-08-21T15:09:15,0.0,0.0
SPXW,2026-09-21,31,Put,8025.0,SPXW260921P08025000,327.7,351.0,339.35,287.27,0.0,0.0,0.0,1.0,0.1003,-0.9267,0.0006,3.3914,-0.4864,-5.9183,340.4425,0.0,0.0,0.0,359.949996948242,down,2026-08-07T15:34:38,0.0,0.0
SPXW,2026-09-21,31,Call,8050.0,SPXW260921C08050000,5.2,5.5,5.35,6.31,1.21,23.7255,60.0,48.0,0.0988,0.0587,0.0005,2.8989,-0.4062,0.3482,5.3465,5.44,7.55,5.43,5.09999990463257,no_change,2026-08-21T15:09:15,0.0,0.0
SPXW,2026-09-21,31,Put,8050.0,SPXW260921P08050000,351.0,374.8,362.9,272.93,0.0,0.0,0.0,1.0,0.1002,-0.9412,0.0005,2.8989,-0.4062,-6.0243,363.7231,0.0,0.0,0.0,383.75,up,2026-08-14T14:09:46,0.0,0.0
SPXW,2026-09-21,31,Call,8075.0,SPXW260921C08075000,4.0,4.3,4.15,4.7,0.75,18.9873,17.0,19.0,0.0988,0.0469,0.0004,2.4635,-0.3378,0.2773,4.1008,4.42,5.15,4.15,3.94999992847443,down,2026-08-21T15:45:33,0.0,0.0
SPXW,2026-09-21,31,Put,8075.0,SPXW260921P08075000,374.7,398.6,386.65,0.0,0.0,0.0,0.0,0.0,0.1005,-0.953,0.0004,2.4635,-0.3378,-6.1149,387.3908,0.0,0.0,0.0,407.099990844727,no_change,,0.0,0.0
SPXW,2026-09-21,31,Call,8100.0,SPXW260921C08100000,3.0,3.3,3.15,3.75,0.675,21.9512,38.0,92.0,0.099,0.0375,0.0004,2.0866,-0.2808,0.2214,3.1632,3.4,3.75,3.4,3.07500004768372,up,2026-08-21T15:44:46,0.0,0.0
SPXW,2026-09-21,31,Put,8100.0,SPXW260921P08100000,398.6,421.7,410.15,0.0,0.0,0.0,0.0,0.0,0.1011,-0.9624,0.0004,2.0866,-0.2808,-6.1906,411.3666,0.0,0.0,0.0,431.399993896484,no_change,,0.0,0.0
SPXW,2026-09-21,31,Call,8125.0,SPXW260921C08125000,2.35,2.55,2.45,2.75,0.35,14.5833,5.0,21.0,0.0992,0.0301,0.0003,1.7686,-0.2344,0.1776,2.4669,2.91,3.15,2.75,2.39999997615814,down,2026-08-21T15:59:13,0.0,0.0
SPXW,2026-09-21,31,Put,8125.0,SPXW260921P08125000,422.8,446.8,434.8,0.0,0.0,0.0,0.0,0.0,0.1018,-0.9698,0.0003,1.7686,-0.2344,-6.2542,435.5838,0.0,0.0,0.0,455.649993896484,no_change,,0.0,0.0
SPXW,2026-09-21,31,Call,8150.0,SPXW260921C08150000,1.85,2.05,1.95,2.23,0.33,17.3684,11.0,3.0,0.0999,0.0244,0.0002,1.5048,-0.1973,0.1436,1.9528,2.05,2.23,2.05,1.89999997615814,up,2026-08-21T14:40:27,0.0,0.0
SPXW,2026-09-21,31,Put,8150.0,SPXW260921P08150000,447.6,471.1,459.35,0.0,0.0,0.0,0.0,0.0,0.1031,-0.9755,0.0002,1.5048,-0.1973,-6.308,459.9831,0.0,0.0,0.0,478.850006103516,no_change,,0.0,0.0
SPXW,2026-09-21,31,Call,8175.0,SPXW260921C08175000,1.45,1.65,1.5499999999999998,1.8,0.0,0.0,0.0,7.0,0.101,0.02,0.0002,1.2897,-0.168,0.1177,1.5752,0.0,0.0,0.0,1.55000001192093,down,2026-08-20T14:00:28,0.0,0.0
SPXW,2026-09-21,31,Put,8175.0,SPXW260921P08175000,471.7,495.6,483.65,0.0,0.0,0.0,0.0,0.0,0.1052,-0.9799,0.0002,1.2897,-0.168,-6.3537,484.519,0.0,0.0,0.0,504.350006103516,no_change,,0.0,0.0
SPXW,2026-09-21,31,Call,8200.0,SPXW260921C08200000,1.2,1.35,1.275,1.33,0.055,4.31372,17.0,122.0,0.1021,0.0167,0.0002,1.1152,-0.1451,0.0979,1.2964,1.33,1.33,1.33,1.27500003576279,no_change,2026-08-21T10:28:31,0.0,0.0
SPXW,2026-09-21,31,Put,8200.0,SPXW260921P08200000,496.3,520.0,508.15,0.0,0.0,0.0,0.0,0.0,0.1069,-0.9832,0.0002,1.1152,-0.1451,-6.3933,509.1536,0.0,0.0,0.0,529.100006103516,no_change,,0.0,0.0
SPXW,2026-09-21,31,Call,8225.0,SPXW260921C08225000,1.0,1.15,1.075,1.27,0.195,18.1395,3.0,0.0,0.1038,0.0141,0.0001,0.9741,-0.1271,0.0825,1.0893,1.27,1.27,1.27,1.07499998807907,up,2026-08-21T11:32:53,0.0,0.0
SPXW,2026-09-21,31,Put,8225.0,SPXW260921P08225000,521.3,545.0,533.15,0.0,0.0,0.0,0.0,0.0,0.109,-0.9858,0.0001,0.9741,-0.1271,-6.4285,533.8599,0.0,0.0,0.0,553.399993896484,no_change,,0.0,0.0
SPXW,2026-09-21,31,Call,8250.0,SPXW260921C08250000,0.85,1.0,0.925,1.89,0.0,0.0,0.0,1.0,0.1057,0.0121,0.0001,0.8597,-0.1129,0.0708,0.9329,0.0,0.0,0.0,0.925000011920929,up,2026-08-19T13:08:50,0.0,0.0
SPXW,2026-09-21,31,Put,8250.0,SPXW260921P08250000,546.2,569.7,557.95,0.0,0.0,0.0,0.0,0.0,0.112,-0.9878,0.0001,0.8597,-0.1129,-6.4599,558.6169,0.0,0.0,0.0,578.549987792969,no_change,,0.0,0.0
SPXW,2026-09-21,31,Call,8275.0,SPXW260921C08275000,0.7,0.9,0.8,0.0,0.0,0.0,0.0,0.0,0.1077,0.0105,0.0001,0.7657,-0.1016,0.0615,0.8125,0.0,0.0,0.0,0.824999988079071,no_change,,0.0,0.0
SPXW,2026-09-21,31,Put,8275.0,SPXW260921P08275000,570.5,594.5,582.5,577.74,-25.36,-4.20494,1.0,0.0,0.1148,-0.9894,0.0001,0.7657,-0.1016,-6.489,583.4099,577.74,577.74,577.74,603.100006103516,down,2026-08-21T15:19:02,0.0,0.0
SPXW,2026-09-21,31,Call,8300.0,SPXW260921C08300000,0.6,0.8,0.7,0.75,0.025,3.44828,18.0,50.0,0.1102,0.0092,0.0001,0.6876,-0.0924,0.0539,0.7179,0.75,0.75,0.75,0.724999994039536,no_change,2026-08-21T10:37:04,0.0,0.0
SPXW,2026-09-21,31,Put,8300.0,SPXW260921P08300000,595.3,619.0,607.15,527.5,0.0,0.0,0.0,1.0,0.1174,-0.9906,0.0001,0.6876,-0.0924,-6.5164,608.2288,0.0,0.0,0.0,627.699981689453,down,2026-08-07T11:07:36,0.0,0.0
SPXW,2026-09-21,31,Call,8400.0,SPXW260921C08400000,0.4,0.55,0.47500000000000003,0.62,0.0,0.0,0.0,168.0,0.1193,0.006,0.0001,0.4755,-0.068,0.035,0.4826,0.0,0.0,0.0,0.475000008940697,down,2026-08-20T10:34:25,0.0,0.0
SPXW,2026-09-21,31,Put,8400.0,SPXW260921P08400000,694.7,718.4,706.55,702.84,-23.61,-3.25005,1.0,0.0,0.1291,-0.9939,0.0001,0.4755,-0.068,-6.6145,707.6471,702.84,702.84,702.84,726.449981689453,down,2026-08-21T15:19:02,0.0,0.0
SPXW,2026-09-21,31,Call,8500.0,SPXW260921C08500000,0.25,0.45,0.35,0.4,0.0,0.0,0.0,16.0,0.1282,0.0042,0.0,0.3492,-0.0535,0.0246,0.3545,0.0,0.0,0.0,0.349999994039536,down,2026-08-20T13:04:58,0.0,0.0
SPXW,2026-09-21,31,Put,8500.0,SPXW260921P08500000,794.3,818.3,806.3,0.0,0.0,0.0,0.0,0.0,0.1431,-0.9956,0.0,0.3495,-0.0535,-6.7039,807.1732,0.0,0.0,0.0,826.149993896484,no_change,,0.0,0.0
SPXW,2026-09-21,31,Call,8600.0,SPXW260921C08600000,0.2,0.35,0.275,0.35,0.075,27.2727,5.0,13.0,0.1393,0.0031,0.0,0.266,-0.0436,0.0181,0.2732,0.35,0.35,0.35,0.274999998509884,down,2026-08-21T15:26:51,0.0,0.0
SPXW,2026-09-21,31,Put,8600.0,SPXW260921P08600000,893.9,914.7,904.3,0.0,0.0,0.0,0.0,0.0,0.1564,-0.9967,0.0,0.2663,-0.0436,-6.7896,906.7454,0.0,0.0,0.0,925.25,no_change,,0.0,0.0
SPXW,2026-09-21,31,Call,8800.0,SPXW260921C08800000,0.1,0.3,0.2,0.2,0.0,0.0,0.0,2.0,0.1581,0.0019,0.0,0.1653,-0.0305,0.0107,0.1752,0.0,0.0,0.0,0.200000002980232,no_change,2026-08-20T13:28:50,0.0,0.0
SPXW,2026-09-21,31,Put,8800.0,SPXW260921P08800000,1093.1,1113.9,1103.5,0.0,0.0,0.0,0.0,0.0,0.1842,-0.998,0.0,0.1651,-0.0305,-6.9552,1105.9543,0.0,0.0,0.0,1124.95001220703,no_change,,0.0,0.0
SPXW,2026-09-21,31,Call,9000.0,SPXW260921C09000000,0.05,0.25,0.15,0.3,0.0,0.0,0.0,15.0,0.1768,0.0012,0.0,0.1081,-0.0221,0.0067,0.1181,0.0,0.0,0.0,0.150000002235174,down,2026-08-13T10:58:19,0.0,0.0
SPXW,2026-09-21,31,Put,9000.0,SPXW260921P09000000,1292.4,1316.1,1304.25,0.0,0.0,0.0,0.0,0.0,0.2108,-0.9987,0.0,0.1079,-0.0221,-7.1174,1305.2047,0.0,0.0,0.0,1325.0,no_change,,0.0,0.0
SPXW,2026-09-21,31,Call,9200.0,SPXW260921C09200000,0.1,0.2,0.15000000000000002,0.1,0.0,0.0,0.0,3.0,0.1992,0.0008,0.0,0.0731,-0.0163,0.0044,0.0819,0.0,0.0,0.0,0.100000003352761,no_change,2026-08-18T15:38:10,0.0,0.0
SPXW,2026-09-21,31,Put,9200.0,SPXW260921P09200000,1491.7,1515.6,1503.65,0.0,0.0,0.0,0.0,0.0,0.2364,-0.9991,0.0,0.0729,-0.0162,-7.278,1504.4759,0.0,0.0,0.0,1523.94995117188,no_change,,0.0,0.0
SPXW,2026-09-21,31,Call,9400.0,SPXW260921C09400000,0.0,0.15,0.075,0.0,0.0,0.0,0.0,0.0,0.2171,0.0005,0.0,0.0504,-0.0121,0.0029,0.0576,0.0,0.0,0.0,0.0750000029802322,no_change,,0.0,0.0
SPXW,2026-09-21,31,Put,9400.0,SPXW260921P09400000,1691.1,1711.8,1701.4499999999998,0.0,0.0,0.0,0.0,0.0,0.2611,-0.9994,0.0,0.0503,-0.0121,-7.4377,1703.7592,0.0,0.0,0.0,1723.55004882812,no_change,,0.0,0.0
SPXW,2026-09-21,31,Call,9600.0,SPXW260921C09600000,0.0,0.15,0.075,0.0,0.0,0.0,0.0,0.0,0.2378,0.0004,0.0,0.0353,-0.009,0.002,0.0409,0.0,0.0,0.0,0.0500000007450581,no_change,,0.0,0.0
SPXW,2026-09-21,31,Put,9600.0,SPXW260921P09600000,1890.4,1914.0,1902.2,0.0,0.0,0.0,0.0,0.0,0.285,-0.9995,0.0,0.0352,-0.009,-7.5968,1903.05,0.0,0.0,0.0,1922.25,no_change,,0.0,0.0
SPXW,2026-09-21,31,Call,9800.0,SPXW260921C09800000,0.0,0.15,0.075,0.0,0.0,0.0,0.0,0.0,0.2526,0.0002,0.0,0.025,-0.0067,0.0014,0.0292,0.0,0.0,0.0,0.0500000007450581,no_change,,0.0,0.0
SPXW,2026-09-21,31,Put,9800.0,SPXW260921P09800000,2089.7,2113.6,2101.6499999999996,0.0,0.0,0.0,0.0,0.0,0.3081,-0.9996,0.0,0.0249,-0.0067,-7.7557,2102.3458,0.0,0.0,0.0,2122.0,no_change,,0.0,0.0
SPXW,2026-09-21,31,Call,10000.0,SPXW260921C10000000,0.0,0.1,0.05,0.12,0.0,0.0,0.0,1.0,0.2719,0.0002,0.0,0.0178,-0.005,0.001,0.0209,0.0,0.0,0.0,0.0500000007450581,up,2026-08-07T10:28:03,0.0,0.0
SPXW,2026-09-21,31,Put,10000.0,SPXW260921P10000000,2289.0,2313.0,2301.0,0.0,0.0,0.0,0.0,0.0,0.3305,-0.9997,0.0,0.0177,-0.005,-7.9144,2301.645,0.0,0.0,0.0,2321.35009765625,no_change,,0.0,0.0
SPXW,2026-09-22,32,Call,3200.0,SPXW260922C03200000,4464.8,4488.7,4476.75,0.0,0.0,0.0,0.0,0.0,0.9868,0.9996,0.0,0.0199,-0.0238,2.6208,4475.1074,0.0,0.0,0.0,4454.69995117188,no_change,,0.0,0.0
SPXW,2026-09-22,32,Put,3200.0,SPXW260922P03200000,0.0,0.15,0.075,0.0,0.0,0.0,0.0,0.0,0.8556,-0.0002,0.0,0.0199,-0.0238,-0.0015,0.1139,0.0,0.0,0.0,0.0750000029802322,no_change,,0.0,0.0
SPXW,2026-09-22,32,Call,3400.0,SPXW260922C03400000,4265.5,4289.4,4277.45,0.0,0.0,0.0,0.0,0.0,0.9191,0.9996,0.0,0.0226,-0.0254,2.7842,4275.8333,0.0,0.0,0.0,4255.10009765625,no_change,,0.0,0.0
SPXW,2026-09-22,32,Put,3400.0,SPXW260922P03400000,0.0,0.15,0.075,0.0,0.0,0.0,0.0,0.0,0.8143,-0.0003,0.0,0.0226,-0.0254,-0.0017,0.1232,0.0,0.0,0.0,0.0750000029802322,no_change,,0.0,0.0
SPXW,2026-09-22,32,Call,3600.0,SPXW260922C03600000,4066.5,4090.2,4078.35,0.0,0.0,0.0,0.0,0.0,0.8554,0.9996,0.0,0.0261,-0.0275,2.9476,4076.562,0.0,0.0,0.0,4056.19995117188,no_change,,0.0,0.0
SPXW,2026-09-22,32,Put,3600.0,SPXW260922P03600000,0.0,0.15,0.075,0.0,0.0,0.0,0.0,0.0,0.7595,-0.0003,0.0,0.0261,-0.0275,-0.002,0.1354,0.0,0.0,0.0,0.125000001862645,no_change,,0.0,0.0
SPXW,2026-09-22,32,Call,3800.0,SPXW260922C03800000,3867.0,3890.9,3878.95,0.0,0.0,0.0,0.0,0.0,0.7952,0.9995,0.0,0.0307,-0.0304,3.111,3877.2956,0.0,0.0,0.0,3857.0,no_change,,0.0,0.0
SPXW,2026-09-22,32,Put,3800.0,SPXW260922P03800000,0.05,0.2,0.125,0.15,-0.025,-14.2857,1.0,0.0,0.7189,-0.0004,0.0,0.0307,-0.0304,-0.0023,0.1523,0.15,0.15,0.15,0.175000000745058,down,2026-08-21T11:49:20,0.0,0.0
SPXW,2026-09-22,32,Call,4000.0,SPXW260922C04000000,3670.9,3691.7,3681.3,0.0,0.0,0.0,0.0,0.0,0.738,0.9994,0.0,0.0372,-0.0345,3.2741,3678.037,0.0,0.0,0.0,3657.90002441406,no_change,,0.0,0.0
SPXW,2026-09-22,32,Put,4000.0,SPXW260922P04000000,0.1,0.25,0.175,0.0,0.0,0.0,0.0,0.0,0.6779,-0.0004,0.0,0.0372,-0.0345,-0.0028,0.1771,0.0,0.0,0.0,0.225000008940697,no_change,,0.0,0.0
SPXW,2026-09-22,32,Call,4200.0,SPXW260922C04200000,3471.6,3492.4,3482.0,0.0,0.0,0.0,0.0,0.0,0.6838,0.9993,0.0,0.0462,-0.0406,3.437,3478.7908,0.0,0.0,0.0,3458.54992675781,no_change,,0.0,0.0
SPXW,2026-09-22,32,Put,4200.0,SPXW260922P04200000,0.15,0.3,0.22499999999999998,0.27,0.0,0.0,0.0,40.0,0.6548,-0.0006,0.0,0.0462,-0.0406,-0.0036,0.2143,0.0,0.0,0.0,0.274999998509884,down,2026-08-17T14:00:30,0.0,0.0
SPXW,2026-09-22,32,Call,4400.0,SPXW260922C04400000,3272.4,3293.2,3282.8,0.0,0.0,0.0,0.0,0.0,0.6442,0.9991,0.0,0.0595,-0.0495,3.5996,3279.5635,0.0,0.0,0.0,3259.55004882812,no_change,,0.0,0.0
SPXW,2026-09-22,32,Put,4400.0,SPXW260922P04400000,0.2,0.35,0.275,0.0,0.0,0.0,0.0,0.0,0.6162,-0.0007,0.0,0.0596,-0.0495,-0.0046,0.2704,0.0,0.0,0.0,0.375,no_change,,0.0,0.0
SPXW,2026-09-22,32,Call,4600.0,SPXW260922C04600000,3070.0,3093.9,3081.95,0.0,0.0,0.0,0.0,0.0,0.6042,0.9989,0.0,0.0788,-0.0622,3.7616,3080.3638,0.0,0.0,0.0,3060.19995117188,no_change,,0.0,0.0
SPXW,2026-09-22,32,Put,4600.0,SPXW260922P04600000,0.3,0.45,0.375,0.0,0.0,0.0,0.0,0.0,0.5838,-0.001,0.0,0.0788,-0.0622,-0.0063,0.3541,0.0,0.0,0.0,0.475000008940697,no_change,,0.0,0.0
SPXW,2026-09-22,32,Call,4800.0,SPXW260922C04800000,2871.1,2894.7,2882.8999999999996,0.0,0.0,0.0,0.0,0.0,0.5643,0.9985,0.0,0.1062,-0.0796,3.9229,2881.2016,0.0,0.0,0.0,2861.30004882812,no_change,,0.0,0.0
SPXW,2026-09-22,32,Put,4800.0,SPXW260922P04800000,0.45,0.6,0.525,0.0,0.0,0.0,0.0,0.0,0.5492,-0.0014,0.0,0.1062,-0.0797,-0.0087,0.4753,0.0,0.0,0.0,0.625,no_change,,0.0,0.0
SPXW,2026-09-22,32,Call,5000.0,SPXW260922C05000000,2671.6,2695.6,2683.6,0.0,0.0,0.0,0.0,0.0,0.5246,0.9979,0.0,0.1443,-0.1028,4.0831,2682.089,0.0,0.0,0.0,2661.79992675781,no_change,,0.0,0.0
SPXW,2026-09-22,32,Put,5000.0,SPXW260922P05000000,0.6,0.75,0.675,0.0,0.0,0.0,0.0,0.0,0.517,-0.0019,0.0,0.1443,-0.1029,-0.0122,0.6462,0.0,0.0,0.0,0.824999988079071,no_change,,0.0,0.0
SPXW,2026-09-22,32,Call,5200.0,SPXW260922C05200000,2472.5,2496.5,2484.5,0.0,0.0,0.0,0.0,0.0,0.4907,0.9972,0.0,0.1961,-0.1324,4.2419,2483.0382,0.0,0.0,0.0,2463.25,no_change,,0.0,0.0
SPXW,2026-09-22,32,Put,5200.0,SPXW260922P05200000,0.8,0.95,0.875,0.95,-0.175,-15.5556,6.0,102.0,0.4885,-0.0027,0.0,0.1962,-0.1325,-0.0171,0.8789,0.95,0.95,0.95,1.125,no_change,2026-08-21T14:29:29,0.0,0.0
SPXW,2026-09-22,32,Call,5400.0,SPXW260922C05400000,2273.8,2297.4,2285.6000000000004,0.0,0.0,0.0,0.0,0.0,0.4595,0.9961,0.0,0.2643,-0.1689,4.3988,2284.0635,0.0,0.0,0.0,2264.30004882812,no_change,,0.0,0.0
SPXW,2026-09-22,32,Put,5400.0,SPXW260922P05400000,1.1,1.25,1.175,1.2,-0.325,-21.3115,10.0,57.0,0.4564,-0.0038,0.0,0.2644,-0.169,-0.0238,1.1876,1.25,1.25,1.2,1.52500003576279,down,2026-08-21T11:39:41,0.0,0.0
SPXW,2026-09-22,32,Call,5600.0,SPXW260922C05600000,2074.5,2098.5,2086.5,2070.32,0.0,0.0,0.0,4.0,0.4258,0.9946,0.0,0.3545,-0.2125,4.5533,2085.1789,0.0,0.0,0.0,2065.40002441406,up,2026-08-20T15:15:18,0.0,0.0
SPXW,2026-09-22,32,Put,5600.0,SPXW260922P05600000,1.45,1.6,1.525,2.05,0.0,0.0,0.0,12.0,0.4271,-0.0052,0.0,0.3546,-0.2126,-0.0331,1.5865,0.0,0.0,0.0,2.02499997615814,up,2026-08-18T10:53:25,0.0,0.0
SPXW,2026-09-22,32,Call,5800.0,SPXW260922C05800000,1875.7,1899.6,1887.65,0.0,0.0,0.0,0.0,0.0,0.3956,0.9927,0.0,0.47,-0.2636,4.7046,1886.4039,0.0,0.0,0.0,1867.34997558594,no_change,,0.0,0.0
SPXW,2026-09-22,32,Put,5800.0,SPXW260922P05800000,1.95,2.1,2.025,0.0,0.0,0.0,0.0,0.0,0.3969,-0.0072,0.0,0.4702,-0.2636,-0.0454,2.095,0.0,0.0,0.0,2.67499995231628,no_change,,0.0,0.0
SPXW,2026-09-22,32,Call,6000.0,SPXW260922C06000000,1677.3,1701.0,1689.15,0.0,0.0,0.0,0.0,0.0,0.3642,0.99,0.0,0.6209,-0.3226,4.8513,1687.7655,0.0,0.0,0.0,1669.70001220703,no_change,,0.0,0.0
SPXW,2026-09-22,32,Put,6000.0,SPXW260922P06000000,2.55,2.75,2.65,2.7,-0.8,-22.8571,6.0,92.0,0.3659,-0.0098,0.0,0.6211,-0.3226,-0.0624,2.7402,2.7,2.7,2.7,3.5,down,2026-08-21T16:07:51,0.0,0.0
SPXW,2026-09-22,32,Call,6200.0,SPXW260922C06200000,1478.6,1502.5,1490.55,0.0,0.0,0.0,0.0,0.0,0.3329,0.9864,0.0,0.8196,-0.391,4.9918,1489.311,0.0,0.0,0.0,1470.25,no_change,,0.0,0.0
SPXW,2026-09-22,32,Put,6200.0,SPXW260922P06200000,3.4,3.6,3.5,3.6,-1.05,-22.5806,121.0,155.0,0.3354,-0.0135,0.0,0.8199,-0.3911,-0.0856,3.5693,3.7,3.7,3.5,4.65000009536743,up,2026-08-21T16:07:51,0.0,0.0
SPXW,2026-09-22,32,Call,6300.0,SPXW260922C06300000,1379.7,1403.3,1391.5,0.0,0.0,0.0,0.0,0.0,0.3178,0.984,0.0,0.9424,-0.4298,5.0584,1390.1799,0.0,0.0,0.0,1371.20001220703,no_change,,0.0,0.0
SPXW,2026-09-22,32,Put,6300.0,SPXW260922P06300000,3.9,4.1,4.0,0.0,0.0,0.0,0.0,1.0,0.3194,-0.0159,0.0,0.9428,-0.4299,-0.1008,4.0802,0.0,0.0,0.0,5.34999990463257,no_change,,0.0,0.0
SPXW,2026-09-22,32,Call,6400.0,SPXW260922C06400000,1280.3,1304.3,1292.3,0.0,0.0,0.0,0.0,0.0,0.3026,0.9811,0.0001,1.0866,-0.4725,5.1221,1291.136,0.0,0.0,0.0,1272.55004882812,no_change,,0.0,0.0
SPXW,2026-09-22,32,Put,6400.0,SPXW260922P06400000,4.5,4.7,4.6,6.17,0.0,0.0,0.0,26.0,0.3036,-0.0188,0.0001,1.087,-0.4726,-0.119,4.6782,0.0,0.0,0.0,6.20000004768372,up,2026-08-18T09:39:47,0.0,0.0
SPXW,2026-09-22,32,Call,6500.0,SPXW260922C06500000,1181.9,1205.4,1193.65,0.0,0.0,0.0,0.0,0.0,0.2863,0.9776,0.0001,1.2601,-0.5203,5.1813,1192.2076,0.0,0.0,0.0,1173.79998779297,no_change,,0.0,0.0
SPXW,2026-09-22,32,Put,6500.0,SPXW260922P06500000,5.2,5.5,5.35,5.4,-1.75,-24.4755,3.0,1.0,0.2876,-0.0223,0.0001,1.2605,-0.5203,-0.1416,5.3904,5.9,6.1,5.4,7.15000009536743,down,2026-08-21T15:59:43,0.0,0.0
SPXW,2026-09-22,32,Call,6600.0,SPXW260922C06600000,1085.8,1106.6,1096.1999999999998,0.0,0.0,0.0,0.0,0.0,0.2712,0.9731,0.0001,1.4657,-0.5748,5.2349,1093.4389,0.0,0.0,0.0,1075.69995117188,no_change,,0.0,0.0
SPXW,2026-09-22,32,Put,6600.0,SPXW260922P06600000,6.1,6.4,6.25,6.3,-2.05,-24.5509,1.0,10.0,0.2721,-0.0268,0.0001,1.4661,-0.5748,-0.1698,6.2645,6.3,6.3,6.3,8.34999990463257,down,2026-08-21T15:57:06,0.0,0.0
SPXW,2026-09-22,32,Call,6625.0,SPXW260922C06625000,1058.0,1081.9,1069.95,0.0,0.0,0.0,0.0,0.0,0.2671,0.9718,0.0001,1.5241,-0.5896,5.2473,1068.778,0.0,0.0,0.0,1050.79998779297,no_change,,0.0,0.0
SPXW,2026-09-22,32,Put,6625.0,SPXW260922P06625000,6.4,6.6,6.5,0.0,0.0,0.0,0.0,0.0,0.2682,-0.028,0.0001,1.5241,-0.5896,-0.1778,6.5124,0.0,0.0,0.0,8.7000002861023,no_change,,0.0,0.0
SPXW,2026-09-22,32,Call,6650.0,SPXW260922C06650000,1033.4,1057.3,1045.35,0.0,0.0,0.0,0.0,0.0,0.2628,0.9705,0.0001,1.5859,-0.6051,5.2592,1044.1318,0.0,0.0,0.0,1026.20001220703,no_change,,0.0,0.0
SPXW,2026-09-22,32,Put,6650.0,SPXW260922P06650000,6.6,6.9,6.75,0.0,0.0,0.0,0.0,0.0,0.2646,-0.0294,0.0001,1.586,-0.6051,-0.1865,6.7768,0.0,0.0,0.0,9.0499997138977,no_change,,0.0,0.0
SPXW,2026-09-22,32,Call,6675.0,SPXW260922C06675000,1009.1,1032.7,1020.9000000000001,0.0,0.0,0.0,0.0,0.0,0.2592,0.969,0.0001,1.6514,-0.6212,5.2703,1019.5018,0.0,0.0,0.0,1001.69998168945,no_change,,0.0,0.0
SPXW,2026-09-22,32,Put,6675.0,SPXW260922P06675000,6.9,7.2,7.050000000000001,8.72,0.0,0.0,0.0,6.0,0.2608,-0.0309,0.0001,1.6515,-0.6212,-0.1958,7.0572,0.0,0.0,0.0,9.4500002861023,up,2026-08-20T09:58:05,0.0,0.0
SPXW,2026-09-22,32,Call,6700.0,SPXW260922C06700000,984.1,1008.0,996.05,0.0,0.0,0.0,0.0,0.0,0.2554,0.9674,0.0001,1.7205,-0.6379,5.2808,994.8898,0.0,0.0,0.0,977.199981689453,no_change,,0.0,0.0
SPXW,2026-09-22,32,Put,6700.0,SPXW260922P06700000,7.2,7.5,7.35,0.0,0.0,0.0,0.0,0.0,0.2569,-0.0324,0.0001,1.7205,-0.6379,-0.2058,7.3556,0.0,0.0,0.0,9.84999990463257,no_change,,0.0,0.0
SPXW,2026-09-22,32,Call,6725.0,SPXW260922C06725000,963.3,983.4,973.3499999999999,0.0,0.0,0.0,0.0,0.0,0.2516,0.9658,0.0001,1.793,-0.6554,5.2905,970.2975,0.0,0.0,0.0,952.849975585938,no_change,,0.0,0.0
SPXW,2026-09-22,32,Put,6725.0,SPXW260922P06725000,7.5,7.8,7.65,0.0,0.0,0.0,0.0,0.0,0.2528,-0.0341,0.0001,1.7934,-0.6555,-0.2166,7.6754,0.0,0.0,0.0,10.2999997138977,no_change,,0.0,0.0
SPXW,2026-09-22,32,Call,6750.0,SPXW260922C06750000,935.0,958.9,946.95,0.0,0.0,0.0,0.0,0.0,0.2476,0.964,0.0001,1.8689,-0.6736,5.2994,945.7268,0.0,0.0,0.0,928.349975585938,no_change,,0.0,0.0
SPXW,2026-09-22,32,Put,6750.0,SPXW260922P06750000,7.8,8.1,7.949999999999999,10.77,0.0,0.0,0.0,3.0,0.2488,-0.0359,0.0001,1.8693,-0.6737,-0.2281,8.0152,0.0,0.0,0.0,10.75,down,2026-08-20T15:07:12,0.0,0.0
SPXW,2026-09-22,32,Call,6775.0,SPXW260922C06775000,910.4,934.3,922.3499999999999,0.0,0.0,0.0,0.0,0.0,0.244,0.9621,0.0001,1.9486,-0.6927,5.3077,921.1797,0.0,0.0,0.0,903.899993896484,no_change,,0.0,0.0
SPXW,2026-09-22,32,Put,6775.0,SPXW260922P06775000,8.2,8.5,8.35,8.5,-2.75,-24.4444,16.0,0.0,0.2451,-0.0378,0.0001,1.949,-0.6928,-0.2403,8.3787,8.5,8.5,8.5,11.25,no_change,2026-08-21T16:09:39,0.0,0.0
SPXW,2026-09-22,32,Call,6800.0,SPXW260922C06800000,885.9,909.8,897.8499999999999,0.0,0.0,0.0,0.0,0.0,0.2398,0.96,0.0002,2.0328,-0.7126,5.3152,896.6582,0.0,0.0,0.0,879.449981689453,no_change,,0.0,0.0
SPXW,2026-09-22,32,Put,6800.0,SPXW260922P06800000,8.6,8.9,8.75,8.9,-2.85,-24.2553,1.0,15.0,0.2413,-0.0398,0.0002,2.0333,-0.7127,-0.2532,8.7677,8.9,8.9,8.9,11.75,down,2026-08-21T15:55:12,0.0,0.0
SPXW,2026-09-22,32,Call,6825.0,SPXW260922C06825000,865.4,885.3,875.3499999999999,0.0,0.0,0.0,0.0,0.0,0.236,0.9578,0.0002,2.1225,-0.7334,5.3218,872.1645,0.0,0.0,0.0,855.25,no_change,,0.0,0.0
SPXW,2026-09-22,32,Put,6825.0,SPXW260922P06825000,9.0,9.2,9.1,9.2,-3.1,-25.2033,30.0,0.0,0.2375,-0.042,0.0002,2.1225,-0.7334,-0.267,9.1822,9.0,9.2,9.0,12.2999997138977,no_change,2026-08-21T15:52:52,0.0,0.0
SPXW,2026-09-22,32,Call,6850.0,SPXW260922C06850000,837.0,860.8,848.9,0.0,0.0,0.0,0.0,0.0,0.2326,0.9555,0.0002,2.2184,-0.7552,5.3273,847.7013,0.0,0.0,0.0,830.75,no_change,,0.0,0.0
SPXW,2026-09-22,32,Put,6850.0,SPXW260922P06850000,9.4,9.7,9.55,0.0,0.0,0.0,0.0,0.0,0.2337,-0.0444,0.0002,2.2184,-0.7552,-0.282,9.6296,0.0,0.0,0.0,12.8499999046326,no_change,,0.0,0.0
SPXW,2026-09-22,32,Call,6875.0,SPXW260922C06875000,812.5,836.4,824.45,0.0,0.0,0.0,0.0,0.0,0.2286,0.9529,0.0002,2.3204,-0.778,5.3314,823.2721,0.0,0.0,0.0,806.600006103516,no_change,,0.0,0.0
SPXW,2026-09-22,32,Put,6875.0,SPXW260922P06875000,9.9,10.2,10.05,12.0,0.0,0.0,0.0,1.0,0.23,-0.0469,0.0002,2.3205,-0.778,-0.2984,10.111,0.0,0.0,0.0,13.5499997138977,up,2026-08-20T09:56:38,0.0,0.0
SPXW,2026-09-22,32,Call,6900.0,SPXW260922C06900000,788.1,812.0,800.05,0.0,0.0,0.0,0.0,0.0,0.2248,0.9502,0.0002,2.4283,-0.8019,5.3341,798.8805,0.0,0.0,0.0,782.25,no_change,,0.0,0.0
SPXW,2026-09-22,32,Put,6900.0,SPXW260922P06900000,10.5,10.7,10.6,10.7,-3.45,-24.3816,1.0,15.0,0.2262,-0.0497,0.0002,2.4283,-0.8019,-0.3162,10.6296,10.7,10.7,10.7,14.1500000953674,down,2026-08-21T15:55:00,0.0,0.0
SPXW,2026-09-22,32,Call,6925.0,SPXW260922C06925000,767.0,787.6,777.3,0.0,0.0,0.0,0.0,0.0,0.2214,0.9472,0.0002,2.5416,-0.827,5.3353,774.5306,0.0,0.0,0.0,758.050018310547,no_change,,0.0,0.0
SPXW,2026-09-22,32,Put,6925.0,SPXW260922P06925000,11.0,11.3,11.15,0.0,0.0,0.0,0.0,0.0,0.2224,-0.0527,0.0002,2.5416,-0.827,-0.3354,11.19,0.0,0.0,0.0,14.9500002861023,no_change,,0.0,0.0
SPXW,2026-09-22,32,Call,6950.0,SPXW260922C06950000,743.5,763.3,753.4,0.0,0.0,0.0,0.0,0.0,0.2178,0.944,0.0002,2.6606,-0.8532,5.3351,750.2261,0.0,0.0,0.0,733.949981689453,no_change,,0.0,0.0
SPXW,2026-09-22,32,Put,6950.0,SPXW260922P06950000,11.5,11.9,11.7,12.06,0.0,0.0,0.0,1.0,0.2189,-0.0559,0.0002,2.6606,-0.8532,-0.356,11.796,0.0,0.0,0.0,15.6500000953674,up,2026-08-19T12:25:37,0.0,0.0
SPXW,2026-09-22,32,Call,6975.0,SPXW260922C06975000,719.2,739.0,729.1,0.0,0.0,0.0,0.0,0.0,0.2139,0.9405,0.0002,2.787,-0.8807,5.3336,725.971,0.0,0.0,0.0,710.25,no_change,,0.0,0.0
SPXW,2026-09-22,32,Put,6975.0,SPXW260922P06975000,12.2,12.5,12.35,16.6,0.0,0.0,0.0,8.0,0.215,-0.0594,0.0002,2.787,-0.8807,-0.378,12.4513,0.0,0.0,0.0,16.5500001907349,up,2026-08-20T15:57:27,0.0,0.0
SPXW,2026-09-22,32,Call,7000.0,SPXW260922C07000000,694.2,714.8,704.5,836.7,0.0,0.0,0.0,1.0,0.2103,0.9367,0.0003,2.9222,-0.9094,5.3303,701.7699,0.0,0.0,0.0,686.25,up,2026-08-14T10:04:59,0.0,0.0
SPXW,2026-09-22,32,Put,7000.0,SPXW260922P07000000,12.9,13.2,13.05,16.82,0.0,0.0,0.0,30.0,0.2115,-0.0631,0.0003,2.9222,-0.9094,-0.4018,13.1606,0.0,0.0,0.0,17.4499998092651,up,2026-08-20T10:16:44,0.0,0.0
SPXW,2026-09-22,32,Call,7025.0,SPXW260922C07025000,670.8,690.7,680.75,0.0,0.0,0.0,0.0,0.0,0.2069,0.9326,0.0003,3.0668,-0.9395,5.3246,677.6284,0.0,0.0,0.0,661.950012207031,no_change,,0.0,0.0
SPXW,2026-09-22,32,Put,7025.0,SPXW260922P07025000,13.6,14.0,13.8,18.5,0.0,0.0,0.0,23.0,0.2078,-0.0672,0.0003,3.0668,-0.9395,-0.4279,13.9295,0.0,0.0,0.0,18.4000005722046,up,2026-08-20T15:57:27,0.0,0.0
SPXW,2026-09-22,32,Call,7050.0,SPXW260922C07050000,647.5,666.6,657.05,0.0,0.0,0.0,0.0,0.0,0.2032,0.9282,0.0003,3.2198,-0.9708,5.3163,653.5534,0.0,0.0,0.0,638.350006103516,no_change,,0.0,0.0
SPXW,2026-09-22,32,Put,7050.0,SPXW260922P07050000,14.5,14.8,14.65,16.35,-3.1,-15.9383,30.0,31.0,0.204,-0.0716,0.0003,3.2198,-0.9708,-0.4566,14.7649,16.35,16.35,16.35,19.4499998092651,no_change,2026-08-21T09:52:27,0.0,0.0
SPXW,2026-09-22,32,Call,7075.0,SPXW260922C07075000,622.7,642.6,632.6500000000001,0.0,0.0,0.0,0.0,0.0,0.1997,0.9234,0.0003,3.38,-1.0036,5.3056,629.552,0.0,0.0,0.0,614.299987792969,no_change,,0.0,0.0
SPXW,2026-09-22,32,Put,7075.0,SPXW260922P07075000,15.4,15.7,15.55,19.8,0.0,0.0,0.0,3.0,0.2006,-0.0764,0.0003,3.38,-1.0036,-0.4878,15.674,0.0,0.0,0.0,20.5500001907349,up,2026-08-20T10:15:55,0.0,0.0
SPXW,2026-09-22,32,Call,7100.0,SPXW260922C07100000,598.3,618.6,608.45,740.08,0.0,0.0,0.0,1.0,0.1962,0.9182,0.0003,3.5481,-1.0377,5.2926,605.6312,0.0,0.0,0.0,590.950012207031,up,2026-08-14T10:04:59,0.0,0.0
SPXW,2026-09-22,32,Put,7100.0,SPXW260922P07100000,16.3,16.7,16.5,18.2,-3.6,-16.5138,31.0,57.0,0.1969,-0.0817,0.0003,3.5481,-1.0377,-0.5213,16.6636,18.35,18.35,18.2,21.8000001907349,down,2026-08-21T10:20:40,0.0,0.0
SPXW,2026-09-22,32,Call,7125.0,SPXW260922C07125000,575.6,594.8,585.2,0.0,0.0,0.0,0.0,0.0,0.1926,0.9125,0.0004,3.7269,-1.0731,5.2771,581.7977,0.0,0.0,0.0,566.450012207031,no_change,,0.0,0.0
SPXW,2026-09-22,32,Put,7125.0,SPXW260922P07125000,17.4,17.8,17.6,23.55,0.0,0.0,0.0,6.0,0.1934,-0.0874,0.0004,3.7269,-1.0731,-0.5573,17.7405,0.0,0.0,0.0,23.0999994277954,up,2026-08-20T15:02:18,0.0,0.0
SPXW,2026-09-22,32,Call,7150.0,SPXW260922C07150000,551.2,571.0,561.1,0.0,0.0,0.0,0.0,0.0,0.1892,0.9063,0.0004,3.9181,-1.1098,5.258,558.0605,0.0,0.0,0.0,542.950012207031,no_change,,0.0,0.0
SPXW,2026-09-22,32,Put,7150.0,SPXW260922P07150000,18.6,18.9,18.75,20.55,-4.0,-16.2933,1.0,12.0,0.1898,-0.0935,0.0004,3.9181,-1.1098,-0.5968,18.9138,20.55,20.55,20.55,24.5500001907349,down,2026-08-21T10:20:40,0.0,0.0
SPXW,2026-09-22,32,Call,7175.0,SPXW260922C07175000,527.3,547.4,537.3499999999999,0.0,0.0,0.0,0.0,0.0,0.1855,0.8996,0.0004,4.12,-1.1479,5.2347,534.4312,0.0,0.0,0.0,519.649993896484,no_change,,0.0,0.0
SPXW,2026-09-22,32,Put,7175.0,SPXW260922P07175000,19.9,20.2,20.049999999999997,19.52,-6.63,-25.3537,2.0,14.0,0.1864,-0.1003,0.0004,4.12,-1.1479,-0.6406,20.1949,20.2,20.2,19.52,26.1499996185303,down,2026-08-21T15:45:44,0.0,0.0
SPXW,2026-09-22,32,Call,7200.0,SPXW260922C07200000,509.0,514.8,511.9,0.0,0.0,0.0,0.0,0.0,0.1821,0.8922,0.0004,4.3299,-1.1871,5.2076,510.9222,0.0,0.0,0.0,496.449996948242,no_change,,0.0,0.0
SPXW,2026-09-22,32,Put,7200.0,SPXW260922P07200000,21.2,21.6,21.4,20.82,-7.03,-25.2424,2.0,57.0,0.1829,-0.1076,0.0004,4.3299,-1.1871,-0.6882,21.5963,22.07,22.07,20.82,27.8500003814697,down,2026-08-21T15:45:44,0.0,0.0
SPXW,2026-09-22,32,Call,7225.0,SPXW260922C07225000,485.6,491.4,488.5,599.95,0.0,0.0,0.0,8.0,0.1789,0.8842,0.0005,4.549,-1.2275,5.177,487.5447,0.0,0.0,0.0,473.399993896484,up,2026-08-14T15:32:14,0.0,0.0
SPXW,2026-09-22,32,Put,7225.0,SPXW260922P07225000,22.8,23.2,23.0,22.7,-7.0,-23.569,58.0,21.0,0.1796,-0.1156,0.0005,4.549,-1.2275,-0.7392,23.1293,23.37,23.57,22.7,29.6999998092651,no_change,2026-08-21T16:03:00,0.0,0.0
SPXW,2026-09-22,32,Call,7250.0,SPXW260922C07250000,462.1,468.2,465.15,576.39,0.0,0.0,0.0,8.0,0.1753,0.8755,0.0005,4.7816,-1.2689,5.1419,464.3115,0.0,0.0,0.0,450.5,up,2026-08-14T15:32:14,0.0,0.0
SPXW,2026-09-22,32,Put,7250.0,SPXW260922P07250000,24.4,24.8,24.6,24.8,-6.9,-21.7666,10.0,26.0,0.1762,-0.1243,0.0005,4.7816,-1.2689,-0.7948,24.8065,26.72,26.72,24.8,31.6999998092651,down,2026-08-21T15:05:46,0.0,0.0
SPXW,2026-09-22,32,Call,7275.0,SPXW260922C07275000,439.1,445.1,442.1,0.0,0.0,0.0,0.0,0.0,0.1721,0.866,0.0006,5.0275,-1.3112,5.1006,441.2401,0.0,0.0,0.0,427.800003051758,no_change,,0.0,0.0
SPXW,2026-09-22,32,Put,7275.0,SPXW260922P07275000,26.3,26.7,26.5,26.9,-7.0,-20.649,5.0,23.0,0.1727,-0.1338,0.0006,5.0275,-1.3112,-0.8565,26.6455,26.84,26.9,26.7,33.8999996185303,up,2026-08-21T15:55:05,0.0,0.0
SPXW,2026-09-22,32,Call,7300.0,SPXW260922C07300000,416.1,422.1,419.1,0.0,0.0,0.0,0.0,0.0,0.1687,0.8556,0.0006,5.2813,-1.3541,5.0534,418.3514,0.0,0.0,0.0,405.350006103516,no_change,,0.0,0.0
SPXW,2026-09-22,32,Put,7300.0,SPXW260922P07300000,28.3,28.7,28.5,28.4,-7.9,-21.7631,89.0,22.0,0.1693,-0.1442,0.0006,5.2813,-1.3541,-0.9242,28.6672,30.77,30.77,27.3,36.2999992370606,down,2026-08-21T15:59:50,0.0,0.0
SPXW,2026-09-22,32,Call,7325.0,SPXW260922C07325000,393.4,399.4,396.4,0.0,0.0,0.0,0.0,0.0,0.1653,0.8443,0.0006,5.5427,-1.3976,5.0012,395.6648,0.0,0.0,0.0,383.050003051758,no_change,,0.0,0.0
SPXW,2026-09-22,32,Put,7325.0,SPXW260922P07325000,30.5,30.9,30.7,30.8,-8.2,-21.0256,3.0,20.0,0.166,-0.1556,0.0006,5.5427,-1.3976,-0.9969,30.891,30.8,30.8,30.8,39.0,down,2026-08-21T15:05:47,0.0,0.0
SPXW,2026-09-22,32,Call,7350.0,SPXW260922C07350000,371.1,376.9,374.0,0.0,0.0,0.0,0.0,0.0,0.1621,0.8319,0.0007,5.8171,-1.4413,4.9423,373.2009,0.0,0.0,0.0,361.0,no_change,,0.0,0.0
SPXW,2026-09-22,32,Put,7350.0,SPXW260922P07350000,32.9,33.4,33.15,32.92,0.0,0.0,0.0,11.0,0.1626,-0.168,0.0007,5.8171,-1.4413,-1.0762,33.3375,0.0,0.0,0.0,41.7999992370606,no_change,2026-08-19T09:57:37,0.0,0.0
SPXW,2026-09-22,32,Call,7375.0,SPXW260922C07375000,348.8,354.6,351.70000000000005,0.0,0.0,0.0,0.0,0.0,0.1588,0.8183,0.0007,6.1025,-1.4848,4.8744,350.9892,0.0,0.0,0.0,339.199996948242,no_change,,0.0,0.0
SPXW,2026-09-22,32,Put,7375.0,SPXW260922P07375000,35.6,36.1,35.85,35.83,-9.17,-20.3778,5.0,20.0,0.1593,-0.1815,0.0007,6.1025,-1.4848,-1.1646,36.0363,35.83,35.83,35.83,45.0,no_change,2026-08-21T15:06:53,0.0,0.0
SPXW,2026-09-22,32,Call,7400.0,SPXW260922C07400000,327.0,332.6,329.8,0.0,0.0,0.0,0.0,0.0,0.1554,0.8035,0.0008,6.3905,-1.5277,4.7988,329.0622,0.0,0.0,0.0,317.75,no_change,,0.0,0.0
SPXW,2026-09-22,32,Put,7400.0,SPXW260922P07400000,38.6,39.0,38.8,38.78,-9.62,-19.876,14.0,29.0,0.156,-0.1963,0.0008,6.3905,-1.5277,-1.2606,39.0197,38.7,38.78,38.7,48.3999996185303,no_change,2026-08-21T15:06:53,0.0,0.0
SPXW,2026-09-22,32,Call,7425.0,SPXW260922C07425000,305.2,310.9,308.04999999999995,0.0,0.0,0.0,0.0,0.0,0.1522,0.7874,0.0008,6.684,-1.5696,4.716,307.4481,0.0,0.0,0.0,296.599990844727,no_change,,0.0,0.0
SPXW,2026-09-22,32,Put,7425.0,SPXW260922P07425000,41.8,42.3,42.05,41.2,-11.0,-21.0728,7.0,19.0,0.1528,-0.2125,0.0008,6.684,-1.5696,-1.3638,42.316,41.5,41.5,41.2,52.2000007629394,down,2026-08-21T15:58:48,0.0,0.0
SPXW,2026-09-22,32,Call,7450.0,SPXW260922C07450000,284.0,289.6,286.8,280.87,0.0,0.0,0.0,4.0,0.1489,0.7698,0.0009,6.9855,-1.6098,4.6217,286.1847,0.0,0.0,0.0,275.850006103516,down,2026-08-20T15:15:18,0.0,0.0
SPXW,2026-09-22,32,Put,7450.0,SPXW260922P07450000,45.5,45.9,45.7,39.78,0.0,0.0,0.0,5.0,0.1494,-0.2301,0.0009,6.9855,-1.6098,-1.4787,45.963,0.0,0.0,0.0,56.2999992370606,down,2026-08-19T10:59:45,0.0,0.0
SPXW,2026-09-22,32,Call,7475.0,SPXW260922C07475000,263.1,268.6,265.85,0.0,0.0,0.0,0.0,0.0,0.1457,0.7506,0.001,7.2829,-1.6475,4.5169,265.318,0.0,0.0,0.0,255.449996948242,no_change,,0.0,0.0
SPXW,2026-09-22,32,Put,7475.0,SPXW260922P07475000,49.5,49.9,49.7,49.6,-11.2,-18.4211,3.0,2.0,0.1463,-0.2493,0.001,7.2829,-1.6475,-1.6038,50.0068,49.6,49.6,49.6,60.7999992370606,down,2026-08-21T15:05:41,0.0,0.0
SPXW,2026-09-22,32,Call,7500.0,SPXW260922C07500000,242.7,248.1,245.39999999999998,239.04,0.0,0.0,0.0,1.0,0.1426,0.7297,0.001,7.5753,-1.6821,4.4034,244.8868,0.0,0.0,0.0,235.5,down,2026-08-20T14:11:48,0.0,0.0
SPXW,2026-09-22,32,Put,7500.0,SPXW260922P07500000,53.9,54.4,54.15,53.81,-11.94,-18.1597,2.0,36.0,0.143,-0.2702,0.001,7.5753,-1.6821,-1.7378,54.486,53.81,53.81,53.81,65.75,down,2026-08-21T12:46:08,0.0,0.0
SPXW,2026-09-22,32,Call,7510.0,SPXW260922C07510000,234.7,240.0,237.35,0.0,0.0,0.0,0.0,0.0,0.1414,0.7208,0.001,7.692,-1.6948,4.354,236.8467,0.0,0.0,0.0,0.0,no_change,,0.0,0.0
SPXW,2026-09-22,32,Put,7510.0,SPXW260922P07510000,55.8,56.3,56.05,59.9,59.9,0.0,5.0,0.0,0.1418,-0.279,0.001,7.692,-1.6948,-1.7954,56.4101,59.9,59.9,59.9,0.0,up,2026-08-21T09:33:53,0.0,0.0
SPXW,2026-09-22,32,Call,7520.0,SPXW260922C07520000,226.8,232.0,229.4,0.0,0.0,0.0,0.0,0.0,0.1401,0.7117,0.0011,7.8074,-1.7067,4.3021,228.8885,0.0,0.0,0.0,0.0,no_change,,0.0,0.0
SPXW,2026-09-22,32,Put,7520.0,SPXW260922P07520000,57.8,58.2,58.0,0.0,0.0,0.0,0.0,0.0,0.1406,-0.2882,0.0011,7.8074,-1.7067,-1.8555,58.416,0.0,0.0,0.0,0.0,no_change,,0.0,0.0
SPXW,2026-09-22,32,Call,7525.0,SPXW260922C07525000,222.8,228.0,225.4,219.59,0.0,0.0,0.0,1.0,0.1394,0.707,0.0011,7.8642,-1.7123,4.2753,224.9413,0.0,0.0,0.0,216.300003051758,down,2026-08-20T14:11:48,0.0,0.0
SPXW,2026-09-22,32,Put,7525.0,SPXW260922P07525000,58.8,59.3,59.05,58.69,-12.51,-17.5702,2.0,12.0,0.14,-0.2929,0.0011,7.8642,-1.7123,-1.8864,59.4509,58.69,58.69,58.69,71.2000007629394,down,2026-08-21T12:46:08,0.0,0.0
SPXW,2026-09-22,32,Call,7530.0,SPXW260922C07530000,218.9,224.1,221.5,0.0,0.0,0.0,0.0,0.0,0.1388,0.7022,0.0011,7.92,-1.7178,4.2482,221.016,0.0,0.0,0.0,0.0,no_change,,0.0,0.0
SPXW,2026-09-22,32,Put,7530.0,SPXW260922P07530000,59.8,60.3,60.05,0.0,0.0,0.0,0.0,0.0,0.1393,-0.2976,0.0011,7.92,-1.7178,-1.9177,60.5077,0.0,0.0,0.0,0.0,no_change,,0.0,0.0
SPXW,2026-09-22,32,Call,7540.0,SPXW260922C07540000,213.6,214.2,213.89999999999998,0.0,0.0,0.0,0.0,0.0,0.1381,0.6925,0.0011,8.0289,-1.728,4.1928,213.2325,0.0,0.0,0.0,0.0,no_change,,0.0,0.0
SPXW,2026-09-22,32,Put,7540.0,SPXW260922P07540000,62.0,62.5,62.25,0.0,0.0,0.0,0.0,0.0,0.1381,-0.3074,0.0011,8.0289,-1.728,-1.9812,62.6883,0.0,0.0,0.0,0.0,no_change,,0.0,0.0
SPXW,2026-09-22,32,Call,7550.0,SPXW260922C07550000,205.9,206.5,206.2,238.1,0.0,0.0,0.0,2.0,0.1369,0.6824,0.0011,8.1342,-1.7372,4.1363,205.5404,0.0,0.0,0.0,197.300003051758,down,2026-08-18T15:30:02,0.0,0.0
SPXW,2026-09-22,32,Put,7550.0,SPXW260922P07550000,64.2,64.7,64.45,64.3,-12.85,-16.6559,5.0,24.0,0.1368,-0.3174,0.0011,8.1342,-1.7372,-2.0459,64.9604,69.7,69.7,64.3,77.1500015258789,down,2026-08-21T15:05:43,0.0,0.0
SPXW,2026-09-22,32,Call,7560.0,SPXW260922C07560000,198.3,198.8,198.55,0.0,0.0,0.0,0.0,0.0,0.1356,0.6721,0.0012,8.2366,-1.7455,4.0779,197.943,0.0,0.0,0.0,189.900001525879,no_change,,0.0,0.0
SPXW,2026-09-22,32,Put,7560.0,SPXW260922P07560000,66.6,67.1,66.85,0.0,0.0,0.0,0.0,0.0,0.1357,-0.3278,0.0012,8.2366,-1.7455,-2.1125,67.3272,0.0,0.0,0.0,79.75,no_change,,0.0,0.0
SPXW,2026-09-22,32,Call,7570.0,SPXW260922C07570000,190.8,191.3,191.05,0.0,0.0,0.0,0.0,0.0,0.1344,0.6614,0.0012,8.3365,-1.7526,4.0168,190.4444,0.0,0.0,0.0,182.699996948242,no_change,,0.0,0.0
SPXW,2026-09-22,32,Put,7570.0,SPXW260922P07570000,69.0,69.5,69.25,0.0,0.0,0.0,0.0,0.0,0.1344,-0.3385,0.0012,8.3365,-1.7526,-2.1817,69.7928,0.0,0.0,0.0,82.3999977111816,no_change,,0.0,0.0
SPXW,2026-09-22,32,Call,7575.0,SPXW260922C07575000,187.0,187.6,187.3,0.0,0.0,0.0,0.0,0.0,0.1338,0.6559,0.0012,8.3853,-1.7557,3.9851,186.7339,0.0,0.0,0.0,179.099998474121,no_change,,0.0,0.0
SPXW,2026-09-22,32,Put,7575.0,SPXW260922P07575000,70.3,70.8,70.55,71.48,-12.27,-14.6507,2.0,20.0,0.1338,-0.3439,0.0012,8.3853,-1.7557,-2.2175,71.0644,76.05,76.05,71.48,83.75,down,2026-08-21T14:14:20,0.0,0.0
SPXW,2026-09-22,32,Call,7580.0,SPXW260922C07580000,183.3,183.9,183.60000000000002,0.0,0.0,0.0,0.0,0.0,0.1332,0.6504,0.0012,8.433,-1.7585,3.9527,183.0501,0.0,0.0,0.0,175.5,no_change,,0.0,0.0
SPXW,2026-09-22,32,Put,7580.0,SPXW260922P07580000,71.6,72.1,71.85,84.71,0.0,0.0,0.0,12.0,0.1332,-0.3495,0.0012,8.433,-1.7585,-2.254,72.3627,0.0,0.0,0.0,85.1500015258789,no_change,2026-08-20T15:42:49,0.0,0.0
SPXW,2026-09-22,32,Call,7590.0,SPXW260922C07590000,176.0,176.6,176.3,0.0,0.0,0.0,0.0,0.0,0.132,0.6391,0.0012,8.5247,-1.7631,3.8861,175.7653,0.0,0.0,0.0,168.300003051758,no_change,,0.0,0.0
SPXW,2026-09-22,32,Put,7590.0,SPXW260922P07590000,74.2,74.7,74.45,86.74,0.0,0.0,0.0,3.0,0.1321,-0.3608,0.0012,8.5247,-1.7631,-2.3288,75.042,0.0,0.0,0.0,88.1000022888184,up,2026-08-20T14:19:08,0.0,0.0
SPXW,2026-09-22,32,Call,7600.0,SPXW260922C07600000,168.8,169.4,169.10000000000002,0.0,0.0,0.0,0.0,0.0,0.1308,0.6274,0.0013,8.61,-1.7663,3.8181,168.5942,0.0,0.0,0.0,161.5,no_change,,0.0,0.0
SPXW,2026-09-22,32,Put,7600.0,SPXW260922P07600000,77.0,77.5,77.25,85.18,0.0,0.0,0.0,33.0,0.1308,-0.3724,0.0013,8.61,-1.7663,-2.405,77.8351,0.0,0.0,0.0,91.0500030517578,up,2026-08-20T13:59:16,0.0,0.0
SPXW,2026-09-22,32,Call,7610.0,SPXW260922C07610000,161.8,162.3,162.05,0.0,0.0,0.0,0.0,0.0,0.1297,0.6155,0.0013,8.6887,-1.7681,3.7489,161.5399,0.0,0.0,0.0,154.5,no_change,,0.0,0.0
SPXW,2026-09-22,32,Put,7610.0,SPXW260922P07610000,79.9,80.4,80.15,0.0,0.0,0.0,0.0,0.0,0.1297,-0.3844,0.0013,8.6887,-1.7681,-2.4823,80.7449,0.0,0.0,0.0,94.1500015258789,no_change,,0.0,0.0
SPXW,2026-09-22,32,Call,7620.0,SPXW260922C07620000,154.8,155.4,155.10000000000002,0.0,0.0,0.0,0.0,0.0,0.1286,0.6032,0.0013,8.7613,-1.7684,3.678,154.606,0.0,0.0,0.0,147.900001525879,no_change,,0.0,0.0
SPXW,2026-09-22,32,Put,7620.0,SPXW260922P07620000,82.9,83.4,83.15,84.72,-12.63,-12.9738,1.0,0.0,0.1285,-0.3967,0.0013,8.7613,-1.7684,-2.5615,83.7752,84.72,84.72,84.72,97.3499984741211,down,2026-08-21T14:42:23,0.0,0.0
SPXW,2026-09-22,32,Call,7625.0,SPXW260922C07625000,151.4,151.9,151.65,0.0,0.0,0.0,0.0,0.0,0.128,0.5969,0.0013,8.7954,-1.768,3.6414,151.1858,0.0,0.0,0.0,144.550003051758,no_change,,0.0,0.0
SPXW,2026-09-22,32,Put,7625.0,SPXW260922P07625000,84.4,85.0,84.7,84.1,-14.95,-15.0934,4.0,21.0,0.128,-0.4029,0.0013,8.7954,-1.768,-2.6022,85.3371,84.1,84.1,84.1,99.0500030517578,up,2026-08-21T15:05:45,0.0,0.0
SPXW,2026-09-22,32,Call,7630.0,SPXW260922C07630000,148.0,148.5,148.25,0.0,6.6,4.67091,0.0,0.0,0.1274,0.5906,0.0013,8.8279,-1.7672,3.604,147.7979,0.0,0.0,0.0,141.300003051758,no_change,,0.0,0.0
SPXW,2026-09-22,32,Put,7630.0,SPXW260922P07630000,86.0,86.5,86.25,100.8,0.0,0.0,0.0,33.0,0.1274,-0.4093,0.0013,8.8279,-1.7672,-2.6436,86.9313,0.0,0.0,0.0,100.700000762939,down,2026-08-20T15:44:51,0.0,0.0
SPXW,2026-09-22,32,Call,7640.0,SPXW260922C07640000,141.3,141.8,141.55,0.0,0.0,0.0,0.0,0.0,0.1263,0.5777,0.0014,8.8876,-1.7642,3.5268,141.1224,0.0,0.0,0.0,134.699996948242,no_change,,0.0,0.0
SPXW,2026-09-22,32,Put,7640.0,SPXW260922P07640000,89.3,89.8,89.55,88.7,-15.55,-14.9161,28.0,0.0,0.1263,-0.4222,0.0014,8.8876,-1.7642,-2.729,90.2199,87.93,88.7,85.7,104.25,up,2026-08-21T15:53:36,0.0,0.0
SPXW,2026-09-22,32,Call,7650.0,SPXW260922C07650000,134.7,135.3,135.0,134.0,5.55,4.32075,1.0,2.0,0.1251,0.5644,0.0014,8.9388,-1.7594,3.4476,134.5853,134.0,134.0,134.0,128.449996948242,up,2026-08-21T09:37:56,0.0,0.0
SPXW,2026-09-22,32,Put,7650.0,SPXW260922P07650000,92.7,93.2,92.95,91.51,-16.34,-15.1507,15.0,17.0,0.1251,-0.4354,0.0014,8.9388,-1.7594,-2.8164,93.647,90.05,91.51,90.05,107.849998474121,up,2026-08-21T15:58:42,0.0,0.0
SPXW,2026-09-22,32,Call,7660.0,SPXW260922C07660000,128.3,128.9,128.60000000000002,0.0,0.0,0.0,0.0,0.0,0.124,0.5509,0.0014,8.9808,-1.7529,3.3676,128.1908,0.0,0.0,0.0,122.299999237061,no_change,,0.0,0.0
SPXW,2026-09-22,32,Put,7660.0,SPXW260922P07660000,96.3,96.8,96.55,94.84,-16.81,-15.056,4.0,27.0,0.1241,-0.4489,0.0014,8.9808,-1.7529,-2.9046,97.2167,98.9,98.9,94.7,111.650001525879,up,2026-08-21T15:35:01,0.0,0.0
SPXW,2026-09-22,32,Call,7670.0,SPXW260922C07670000,122.1,122.6,122.35,134.0,0.0,0.0,0.0,1.0,0.123,0.5371,0.0014,9.0132,-1.7445,3.2866,121.9421,0.0,0.0,0.0,116.299999237061,up,2026-08-20T12:38:36,0.0,0.0
SPXW,2026-09-22,32,Put,7670.0,SPXW260922P07670000,100.0,100.5,100.25,105.5,-10.05,-8.69754,2.0,10.0,0.123,-0.4627,0.0014,9.0132,-1.7445,-2.9938,100.9321,104.9,105.5,104.9,115.550003051758,up,2026-08-21T09:48:57,0.0,0.0
SPXW,2026-09-22,32,Call,7675.0,SPXW260922C07675000,119.0,119.6,119.3,152.11,0.0,0.0,0.0,11.0,0.1224,0.5301,0.0014,9.0259,-1.7396,3.2453,118.8739,0.0,0.0,0.0,113.25,up,2026-08-19T14:14:18,0.0,0.0
SPXW,2026-09-22,32,Put,7675.0,SPXW260922P07675000,101.9,102.4,102.15,98.9,-18.8,-15.9728,3.0,21.0,0.1225,-0.4697,0.0014,9.0259,-1.7396,-3.0392,102.846,98.9,98.9,98.9,117.700000762939,no_change,2026-08-21T15:44:32,0.0,0.0
SPXW,2026-09-22,32,Call,7680.0,SPXW260922C07680000,116.0,116.5,116.25,117.05,6.75,6.11967,46.0,0.0,0.1219,0.5231,0.0014,9.0361,-1.7342,3.2031,115.8441,116.5,117.05,116.5,110.299999237061,no_change,2026-08-21T16:09:39,0.0,0.0
SPXW,2026-09-22,32,Put,7680.0,SPXW260922P07680000,103.8,104.4,104.1,103.9,-15.75,-13.1634,28.0,7.0,0.1219,-0.4768,0.0014,9.0361,-1.7342,-3.0854,104.7984,104.09,104.09,103.9,119.650001525879,no_change,2026-08-21T16:09:39,0.0,0.0
SPXW,2026-09-22,32,Call,7690.0,SPXW260922C07690000,110.0,110.6,110.3,117.3,5.45,5.20783,2.0,0.0,0.1209,0.5087,0.0014,9.0486,-1.7219,3.1164,109.9039,116.2,117.3,116.2,104.650001525879,up,2026-08-21T12:21:06,0.0,0.0
SPXW,2026-09-22,32,Put,7690.0,SPXW260922P07690000,107.8,108.4,108.1,0.0,0.0,0.0,0.0,0.0,0.1209,-0.4911,0.0014,9.0486,-1.7219,-3.1803,108.8223,0.0,0.0,0.0,123.899997711182,no_change,,0.0,0.0
SPXW,2026-09-22,32,Call,7700.0,SPXW260922C07700000,104.3,104.8,104.55,130.5,0.0,0.0,0.0,14.0,0.1198,0.4942,0.0015,9.0501,-1.7076,3.0279,104.1278,0.0,0.0,0.0,99.0500030517578,down,2026-08-19T15:59:13,0.0,0.0
SPXW,2026-09-22,32,Put,7700.0,SPXW260922P07700000,112.0,112.6,112.3,108.61,-19.74,-15.3798,21.0,37.0,0.1199,-0.5057,0.0015,9.0501,-1.7076,-3.2771,113.0104,112.4,113.2,108.61,128.350006103516,down,2026-08-21T15:44:53,0.0,0.0
SPXW,2026-09-22,32,Call,7710.0,SPXW260922C07710000,98.6,99.2,98.9,0.0,0.0,0.0,0.0,0.0,0.1189,0.4794,0.0015,9.0402,-1.6912,2.9392,98.5195,0.0,0.0,0.0,93.6500015258789,no_change,,0.0,0.0
SPXW,2026-09-22,32,Put,7710.0,SPXW260922P07710000,116.4,116.9,116.65,117.6,-15.3,-11.5124,14.0,2.0,0.1189,-0.5205,0.0015,9.0402,-1.6912,-3.374,117.3662,116.6,117.6,116.1,132.900001525879,up,2026-08-21T11:17:21,0.0,0.0
SPXW,2026-09-22,32,Call,7720.0,SPXW260922C07720000,93.2,93.8,93.5,90.8,0.0,0.0,0.0,14.0,0.1179,0.4644,0.0015,9.0187,-1.6728,2.8502,93.081,0.0,0.0,0.0,88.4499969482422,down,2026-08-20T14:19:08,0.0,0.0
SPXW,2026-09-22,32,Put,7720.0,SPXW260922P07720000,120.9,121.5,121.2,99.3,0.0,0.0,0.0,3.0,0.118,-0.5354,0.0015,9.0187,-1.6728,-3.4711,121.8919,0.0,0.0,0.0,137.699996948242,no_change,2026-08-19T11:09:09,0.0,0.0
SPXW,2026-09-22,32,Call,7725.0,SPXW260922C07725000,90.6,91.1,90.85,121.6,0.0,0.0,0.0,3.0,0.1175,0.4569,0.0015,9.0033,-1.6628,2.805,90.4264,0.0,0.0,0.0,85.9499969482422,down,2026-08-18T12:22:52,0.0,0.0
SPXW,2026-09-22,32,Put,7725.0,SPXW260922P07725000,123.2,123.8,123.5,131.52,0.0,0.0,0.0,34.0,0.1175,-0.543,0.0015,9.0033,-1.6628,-3.5204,124.2194,0.0,0.0,0.0,140.050003051758,up,2026-08-20T13:59:16,0.0,0.0
SPXW,2026-09-22,32,Call,7730.0,SPXW260922C07730000,87.9,88.5,88.2,101.08,0.0,0.0,0.0,13.0,0.117,0.4493,0.0015,8.9846,-1.6523,2.7592,87.816,0.0,0.0,0.0,83.4499969482422,up,2026-08-20T10:26:20,0.0,0.0
SPXW,2026-09-22,32,Put,7730.0,SPXW260922P07730000,125.6,126.2,125.9,113.3,0.0,0.0,0.0,0.0,0.1171,-0.5506,0.0015,8.9846,-1.6523,-3.5703,126.591,0.0,0.0,0.0,142.5,up,2026-08-19T15:48:46,0.0,0.0
SPXW,2026-09-22,32,Call,7740.0,SPXW260922C07740000,82.9,83.4,83.15,0.0,0.0,0.0,0.0,0.0,0.1161,0.434,0.0015,8.9371,-1.6298,2.6656,82.7303,0.0,0.0,0.0,78.5500030517578,no_change,,0.0,0.0
SPXW,2026-09-22,32,Put,7740.0,SPXW260922P07740000,130.5,131.0,130.75,0.0,0.0,0.0,0.0,0.0,0.1161,-0.5658,0.0015,8.9371,-1.6298,-3.6721,131.4695,0.0,0.0,0.0,147.699996948242,no_change,,0.0,0.0
SPXW,2026-09-22,32,Call,7750.0,SPXW260922C07750000,77.9,78.5,78.2,75.05,0.0,0.0,0.0,52.0,0.1152,0.4187,0.0015,8.8765,-1.6052,2.5714,77.8279,0.0,0.0,0.0,73.8499984741211,down,2026-08-20T14:17:30,0.0,0.0
SPXW,2026-09-22,32,Put,7750.0,SPXW260922P07750000,135.4,136.1,135.75,134.62,0.0,0.0,0.0,12.0,0.1152,-0.5812,0.0015,8.8765,-1.6052,-3.7745,136.5313,0.0,0.0,0.0,152.900001525879,up,2026-08-18T15:54:37,0.0,0.0
SPXW,2026-09-22,32,Call,7760.0,SPXW260922C07760000,73.2,73.8,73.5,85.13,0.0,0.0,0.0,6.0,0.1143,0.4032,0.0015,8.8038,-1.5785,2.4783,73.109,0.0,0.0,0.0,69.3499984741211,down,2026-08-20T10:34:00,0.0,0.0
SPXW,2026-09-22,32,Put,7760.0,SPXW260922P07760000,140.8,141.3,141.05,0.0,0.0,0.0,0.0,0.0,0.1144,-0.5966,0.0015,8.8038,-1.5785,-3.8757,141.7765,0.0,0.0,0.0,158.300003051758,no_change,,0.0,0.0
SPXW,2026-09-22,32,Call,7770.0,SPXW260922C07770000,68.7,69.2,68.95,94.52,0.0,0.0,0.0,5.0,0.1135,0.3878,0.0015,8.7189,-1.55,2.3853,68.5728,0.0,0.0,0.0,64.8999977111816,down,2026-08-19T14:15:06,0.0,0.0
SPXW,2026-09-22,32,Put,7770.0,SPXW260922P07770000,146.2,146.8,146.5,0.0,0.0,0.0,0.0,0.0,0.1135,-0.6121,0.0015,8.7189,-1.55,-3.9769,147.2046,0.0,0.0,0.0,163.900001525879,no_change,,0.0,0.0
SPXW,2026-09-22,32,Call,7775.0,SPXW260922C07775000,66.5,67.0,66.75,68.77,5.92,9.41926,64.0,8.0,0.1131,0.38,0.0015,8.6712,-1.535,2.3382,66.3738,69.7,69.7,68.77,62.8499984741211,no_change,2026-08-21T16:03:00,0.0,0.0
SPXW,2026-09-22,32,Put,7775.0,SPXW260922P07775000,149.0,149.5,149.25,151.5,0.0,0.0,0.0,2.0,0.113,-0.6198,0.0015,8.6712,-1.535,-4.0281,149.9876,0.0,0.0,0.0,166.800003051758,up,2026-08-20T12:02:44,0.0,0.0
SPXW,2026-09-22,32,Call,7800.0,SPXW260922C07800000,56.1,56.6,56.35,54.05,0.0,0.0,0.0,21.0,0.1111,0.3415,0.0014,8.3796,-1.4529,2.1013,56.078,0.0,0.0,0.0,53.0,down,2026-08-20T14:17:30,0.0,0.0
SPXW,2026-09-22,32,Put,7800.0,SPXW260922P07800000,163.5,164.1,163.8,0.0,0.0,0.0,0.0,0.0,0.1112,-0.6583,0.0014,8.3796,-1.4529,-4.2854,164.6022,0.0,0.0,0.0,181.900001525879,no_change,,0.0,0.0
SPXW,2026-09-22,32,Call,7825.0,SPXW260922C07825000,46.9,47.4,47.15,50.88,6.63,14.9831,2.0,2.0,0.1093,0.3037,0.0014,8.015,-1.3602,1.8708,46.9211,50.88,50.88,50.88,44.25,up,2026-08-21T12:46:08,0.0,0.0
SPXW,2026-09-22,32,Put,7825.0,SPXW260922P07825000,179.2,179.8,179.5,0.0,0.0,0.0,0.0,0.0,0.1095,-0.6961,0.0014,8.015,-1.3602,-4.5365,180.3558,0.0,0.0,0.0,198.349998474121,no_change,,0.0,0.0
SPXW,2026-09-22,32,Call,7850.0,SPXW260922C07850000,38.8,39.3,39.05,41.3,4.7,12.8415,24.0,73.0,0.1077,0.2672,0.0013,7.5744,-1.2587,1.6463,38.8718,42.56,42.56,41.3,36.6000003814697,no_change,2026-08-21T15:05:54,0.0,0.0
SPXW,2026-09-22,32,Put,7850.0,SPXW260922P07850000,193.5,198.9,196.2,178.0,0.0,0.0,0.0,4.0,0.1081,-0.7327,0.0013,7.5744,-1.2587,-4.7814,197.2169,0.0,0.0,0.0,215.599998474121,down,2026-08-19T15:50:20,0.0,0.0
SPXW,2026-09-22,32,Call,7875.0,SPXW260922C07875000,31.7,32.2,31.950000000000003,32.5,2.5,8.33333,36.0,6.0,0.1062,0.2324,0.0013,7.0762,-1.1505,1.4313,31.8688,32.2,32.5,32.2,30.0,no_change,2026-08-21T16:09:39,0.0,0.0
SPXW,2026-09-22,32,Put,7875.0,SPXW260922P07875000,211.3,216.9,214.10000000000002,0.0,0.0,0.0,0.0,0.0,0.1066,-0.7675,0.0013,7.0762,-1.1505,-5.0169,215.1243,0.0,0.0,0.0,233.900001525879,no_change,,0.0,0.0
SPXW,2026-09-22,32,Call,7900.0,SPXW260922C07900000,25.7,26.2,25.95,26.49,2.19,9.01234,10.0,21.0,0.1049,0.1998,0.0012,6.5297,-1.0381,1.2317,25.8522,26.49,26.49,26.49,24.3000001907349,up,2026-08-21T16:07:51,0.0,0.0
SPXW,2026-09-22,32,Put,7900.0,SPXW260922P07900000,230.2,235.8,233.0,0.0,0.0,0.0,0.0,0.0,0.1055,-0.8001,0.0012,6.5297,-1.0381,-5.2369,234.0181,0.0,0.0,0.0,253.149993896484,no_change,,0.0,0.0
SPXW,2026-09-22,32,Call,7925.0,SPXW260922C07925000,20.6,21.0,20.8,22.6,3.1,15.8974,5.0,5.0,0.1035,0.1697,0.0011,5.9474,-0.9245,1.0451,20.7486,24.6,24.6,22.03,19.5,up,2026-08-21T15:05:45,0.0,0.0
SPXW,2026-09-22,32,Put,7925.0,SPXW260922P07925000,249.9,255.8,252.85000000000002,0.0,0.0,0.0,0.0,0.0,0.1043,-0.8301,0.0011,5.9474,-0.9245,-5.4439,253.8249,0.0,0.0,0.0,273.300003051758,no_change,,0.0,0.0
SPXW,2026-09-22,32,Call,7950.0,SPXW260922C07950000,16.3,16.7,16.5,17.66,2.16,13.9355,252.0,51.0,0.1025,0.1425,0.001,5.3536,-0.8125,0.8771,16.4775,17.9,19.8,17.66,15.5,down,2026-08-21T14:51:01,0.0,0.0
SPXW,2026-09-22,32,Put,7950.0,SPXW260922P07950000,270.4,276.5,273.45,201.0,0.0,0.0,0.0,4.0,0.1034,-0.8574,0.001,5.3536,-0.8125,-5.6324,274.4643,0.0,0.0,0.0,294.199996948242,down,2026-08-17T09:51:39,0.0,0.0
SPXW,2026-09-22,32,Call,7975.0,SPXW260922C07975000,12.8,13.2,13.0,14.01,1.81,14.8361,1.0,15.0,0.1014,0.1182,0.0008,4.7551,-0.7049,0.728,12.9603,14.01,14.01,14.01,12.1999998092651,up,2026-08-21T14:51:01,0.0,0.0
SPXW,2026-09-22,32,Put,7975.0,SPXW260922P07975000,291.7,297.9,294.79999999999995,0.0,0.0,0.0,0.0,0.0,0.1025,-0.8816,0.0008,4.7551,-0.7049,-5.802,295.8575,0.0,0.0,0.0,315.799987792969,no_change,,0.0,0.0
SPXW,2026-09-22,32,Call,8000.0,SPXW260922C08000000,9.9,10.3,10.100000000000001,11.53,1.98,20.733,6.0,18.0,0.1007,0.0971,0.0008,4.1766,-0.6042,0.5964,10.1073,11.04,11.53,11.04,9.5499997138977,no_change,2026-08-21T15:09:45,0.0,0.0
SPXW,2026-09-22,32,Put,8000.0,SPXW260922P08000000,313.7,320.0,316.85,0.0,0.0,0.0,0.0,0.0,0.102,-0.9028,0.0008,4.1766,-0.6042,-5.954,317.9149,0.0,0.0,0.0,335.850006103516,no_change,,0.0,0.0
SPXW,2026-09-22,32,Call,8025.0,SPXW260922C08025000,7.7,8.0,7.85,9.03,1.63,22.027,10.0,24.0,0.1,0.079,0.0006,3.6286,-0.5125,0.4851,7.8309,8.95,9.03,8.95,7.40000009536743,no_change,2026-08-21T15:09:45,0.0,0.0
SPXW,2026-09-22,32,Put,8025.0,SPXW260922P08025000,328.1,351.9,340.0,0.0,0.0,0.0,0.0,0.0,0.1014,-0.9209,0.0006,3.6286,-0.5125,-6.0858,340.5489,0.0,0.0,0.0,360.199996948242,no_change,,0.0,0.0
SPXW,2026-09-22,32,Call,8050.0,SPXW260922C08050000,5.9,6.2,6.050000000000001,13.71,0.0,0.0,0.0,16.0,0.0996,0.0638,0.0006,3.123,-0.4312,0.3914,6.0455,0.0,0.0,0.0,5.75,no_change,2026-08-19T09:55:55,0.0,0.0
SPXW,2026-09-22,32,Put,8050.0,SPXW260922P08050000,351.1,375.0,363.05,0.0,0.0,0.0,0.0,0.0,0.1015,-0.9361,0.0006,3.123,-0.4312,-6.2,363.674,0.0,0.0,0.0,383.050003051758,no_change,,0.0,0.0
SPXW,2026-09-22,32,Call,8075.0,SPXW260922C08075000,4.5,4.8,4.65,5.3,0.85,19.1011,2.0,21.0,0.0993,0.0513,0.0005,2.6708,-0.3608,0.314,4.6652,5.4,5.4,5.3,4.45000004768372,down,2026-08-21T15:17:17,0.0,0.0
SPXW,2026-09-22,32,Put,8075.0,SPXW260922P08075000,374.5,398.2,386.35,0.0,0.0,0.0,0.0,0.0,0.1014,-0.9486,0.0005,2.6708,-0.3608,-6.2979,387.2041,0.0,0.0,0.0,407.100006103516,no_change,,0.0,0.0
SPXW,2026-09-22,32,Call,8100.0,SPXW260922C08100000,3.5,3.8,3.65,4.41,0.91,26.0,10.0,52.0,0.0996,0.0412,0.0004,2.2736,-0.3014,0.2523,3.6145,4.41,4.41,4.41,3.5,up,2026-08-21T13:14:12,0.0,0.0
SPXW,2026-09-22,32,Put,8100.0,SPXW260922P08100000,398.4,422.1,410.25,0.0,0.0,0.0,0.0,0.0,0.102,-0.9586,0.0004,2.2736,-0.3014,-6.38,411.0638,0.0,0.0,0.0,431.0,no_change,,0.0,0.0
SPXW,2026-09-22,32,Call,8125.0,SPXW260922C08125000,2.75,2.95,2.85,0.0,0.0,0.0,0.0,0.0,0.0998,0.0332,0.0003,1.9345,-0.2523,0.2026,2.8238,0.0,0.0,0.0,2.75,no_change,,0.0,0.0
SPXW,2026-09-22,32,Put,8125.0,SPXW260922P08125000,422.5,441.4,431.95,0.0,0.0,0.0,0.0,0.0,0.1027,-0.9666,0.0003,1.9345,-0.2523,-6.4501,435.1835,0.0,0.0,0.0,455.100006103516,no_change,,0.0,0.0
SPXW,2026-09-22,32,Call,8150.0,SPXW260922C08150000,2.15,2.35,2.25,2.7,0.525,24.1379,15.0,0.0,0.1005,0.027,0.0003,1.6495,-0.2125,0.1645,2.2339,2.81,2.81,2.7,2.17499995231628,down,2026-08-21T13:26:16,0.0,0.0
SPXW,2026-09-22,32,Put,8150.0,SPXW260922P08150000,446.8,470.8,458.8,0.0,0.0,0.0,0.0,0.0,0.1037,-0.9729,0.0003,1.6495,-0.2125,-6.5087,459.504,0.0,0.0,0.0,479.399993896484,no_change,,0.0,0.0
SPXW,2026-09-22,32,Call,8175.0,SPXW260922C08175000,1.7,1.85,1.775,0.0,0.0,0.0,0.0,0.0,0.1013,0.0221,0.0002,1.4143,-0.1807,0.1344,1.7962,0.0,0.0,0.0,1.75,no_change,,0.0,0.0
SPXW,2026-09-22,32,Put,8175.0,SPXW260922P08175000,473.1,495.2,484.15,0.0,0.0,0.0,0.0,0.0,0.1054,-0.9778,0.0002,1.4143,-0.1807,-6.5593,483.9768,0.0,0.0,0.0,503.5,no_change,,0.0,0.0
SPXW,2026-09-22,32,Call,8200.0,SPXW260922C08200000,1.35,1.55,1.4500000000000002,3.84,0.0,0.0,0.0,14.0,0.1025,0.0184,0.0002,1.222,-0.1555,0.1117,1.4712,0.0,0.0,0.0,1.44999998807907,up,2026-08-19T09:33:30,0.0,0.0
SPXW,2026-09-22,32,Put,8200.0,SPXW260922P08200000,495.8,516.6,506.20000000000005,0.0,0.0,0.0,0.0,0.0,0.1074,-0.9815,0.0002,1.222,-0.1555,-6.6024,508.5622,0.0,0.0,0.0,527.25,no_change,,0.0,0.0
SPXW,2026-09-22,32,Call,8225.0,SPXW260922C08225000,1.1,1.3,1.2000000000000002,3.09,0.0,0.0,0.0,2.0,0.1039,0.0155,0.0002,1.0652,-0.1357,0.0938,1.2283,0.0,0.0,0.0,1.19999998807907,up,2026-08-19T09:33:30,0.0,0.0
SPXW,2026-09-22,32,Put,8225.0,SPXW260922P08225000,520.5,544.4,532.45,0.0,0.0,0.0,0.0,0.0,0.1098,-0.9844,0.0002,1.0652,-0.1357,-6.6408,533.2297,0.0,0.0,0.0,553.0,no_change,,0.0,0.0
SPXW,2026-09-22,32,Call,8300.0,SPXW260922C08300000,0.7,0.85,0.7749999999999999,1.67,0.0,0.0,0.0,6.0,0.1092,0.01,0.0001,0.746,-0.0973,0.0605,0.794,0.0,0.0,0.0,0.775000005960464,up,2026-08-18T10:07:41,0.0,0.0
SPXW,2026-09-22,32,Put,8300.0,SPXW260922P08300000,594.7,618.3,606.5,0.0,0.0,0.0,0.0,0.0,0.1176,-0.9898,0.0001,0.746,-0.0973,-6.7354,607.5267,0.0,0.0,0.0,626.549987792969,no_change,,0.0,0.0
SPXW,2026-09-22,32,Call,8400.0,SPXW260922C08400000,0.4,0.6,0.5,1.04,0.0,0.0,0.0,7.0,0.118,0.0064,0.0001,0.5114,-0.0706,0.0387,0.5242,0.0,0.0,0.0,0.500000014901161,up,2026-08-19T12:25:37,0.0,0.0
SPXW,2026-09-22,32,Put,8400.0,SPXW260922P08400000,694.1,718.0,706.05,0.0,0.0,0.0,0.0,0.0,0.13,-0.9934,0.0001,0.5114,-0.0706,-6.8391,706.8985,0.0,0.0,0.0,726.600006103516,no_change,,0.0,0.0
SPXW,2026-09-22,32,Call,8500.0,SPXW260922C08500000,0.3,0.45,0.375,0.72,0.0,0.0,0.0,10.0,0.128,0.0045,0.0,0.3735,-0.0551,0.027,0.3809,0.0,0.0,0.0,0.375,up,2026-08-19T09:31:40,0.0,0.0
SPXW,2026-09-22,32,Put,8500.0,SPXW260922P08500000,793.6,817.6,805.6,0.0,0.0,0.0,0.0,0.0,0.1426,-0.9954,0.0,0.3739,-0.0551,-6.9326,806.3973,0.0,0.0,0.0,826.149993896484,no_change,,0.0,0.0
SPXW,2026-09-22,32,Call,8600.0,SPXW260922C08600000,0.2,0.4,0.30000000000000004,0.52,0.0,0.0,0.0,20.0,0.137,0.0033,0.0,0.2836,-0.0446,0.0197,0.2915,0.0,0.0,0.0,0.300000004470348,up,2026-08-19T12:25:37,0.0,0.0
SPXW,2026-09-22,32,Put,8600.0,SPXW260922P08600000,893.2,917.1,905.1500000000001,0.0,0.0,0.0,0.0,0.0,0.1562,-0.9966,0.0,0.2839,-0.0446,-7.0217,905.9495,0.0,0.0,0.0,925.0,no_change,,0.0,0.0
SPXW,2026-09-22,32,Call,8800.0,SPXW260922C08800000,0.1,0.3,0.2,0.0,0.0,0.0,0.0,0.0,0.1574,0.002,0.0,0.1755,-0.0311,0.0116,0.1853,0.0,0.0,0.0,0.200000002980232,no_change,,0.0,0.0
SPXW,2026-09-22,32,Put,8800.0,SPXW260922P08800000,1092.4,1116.3,1104.35,0.0,0.0,0.0,0.0,0.0,0.1821,-0.9979,0.0,0.1756,-0.0311,-7.1936,1105.1266,0.0,0.0,0.0,1123.60003662109,no_change,,0.0,0.0
SPXW,2026-09-22,32,Call,9000.0,SPXW260922C09000000,0.05,0.25,0.15,0.15,0.0,-1.49012e-06,2.0,1.0,0.1766,0.0012,0.0,0.1148,-0.0225,0.0073,0.1249,0.15,0.15,0.15,0.150000002235174,down,2026-08-21T15:35:28,0.0,0.0
SPXW,2026-09-22,32,Put,9000.0,SPXW260922P09000000,1291.7,1315.6,1303.65,0.0,0.0,0.0,0.0,0.0,0.2091,-0.9986,0.0,0.1149,-0.0225,-7.3615,1304.3495,0.0,0.0,0.0,1323.54998779297,no_change,,0.0,0.0
SPXW,2026-09-22,32,Call,9200.0,SPXW260922C09200000,0.0,0.2,0.1,0.0,0.0,0.0,0.0,0.0,0.196,0.0008,0.0,0.0778,-0.0166,0.0048,0.0867,0.0,0.0,0.0,0.100000003352761,no_change,,0.0,0.0
SPXW,2026-09-22,32,Put,9200.0,SPXW260922P09200000,1491.0,1511.6,1501.3,0.0,0.0,0.0,0.0,0.0,0.2352,-0.999,0.0,0.0778,-0.0166,-7.5277,1503.5946,0.0,0.0,0.0,1522.70001220703,no_change,,0.0,0.0
SPXW,2026-09-22,32,Call,9400.0,SPXW260922C09400000,0.0,0.15,0.075,0.0,0.0,0.0,0.0,0.0,0.2136,0.0006,0.0,0.0538,-0.0124,0.0032,0.0612,0.0,0.0,0.0,0.0750000029802322,no_change,,0.0,0.0
SPXW,2026-09-22,32,Put,9400.0,SPXW260922P09400000,1690.3,1710.9,1700.6,0.0,0.0,0.0,0.0,0.0,0.2604,-0.9993,0.0,0.0539,-0.0124,-7.693,1702.8525,0.0,0.0,0.0,1722.70001220703,no_change,,0.0,0.0
SPXW,2026-09-22,32,Call,9600.0,SPXW260922C09600000,0.0,0.15,0.075,0.0,0.0,0.0,0.0,0.0,0.234,0.0004,0.0,0.0383,-0.0094,0.0022,0.0443,0.0,0.0,0.0,0.0500000007450581,no_change,,0.0,0.0
SPXW,2026-09-22,32,Put,9600.0,SPXW260922P09600000,1889.6,1913.4,1901.5,0.0,0.0,0.0,0.0,0.0,0.285,-0.9995,0.0,0.0378,-0.0093,-7.8577,1902.1182,0.0,0.0,0.0,1921.39996337891,no_change,,0.0,0.0
SPXW,2026-09-22,32,Call,9800.0,SPXW260922C09800000,0.0,0.15,0.075,0.0,0.0,0.0,0.0,0.0,0.2486,0.0003,0.0,0.0272,-0.007,0.0015,0.0318,0.0,0.0,0.0,0.0500000007450581,no_change,,0.0,0.0
SPXW,2026-09-22,32,Put,9800.0,SPXW260922P09800000,2088.9,2109.5,2099.2,0.0,0.0,0.0,0.0,0.0,0.3089,-0.9996,0.0,0.0269,-0.007,-8.022,2101.3893,0.0,0.0,0.0,2120.64990234375,no_change,,0.0,0.0
SPXW,2026-09-22,32,Call,10000.0,SPXW260922C10000000,0.0,0.1,0.05,0.0,0.0,0.0,0.0,0.0,0.2675,0.0002,0.0,0.0195,-0.0053,0.0011,0.0229,0.0,0.0,0.0,0.0500000007450581,no_change,,0.0,0.0
SPXW,2026-09-22,32,Put,10000.0,SPXW260922P10000000,2288.2,2312.0,2300.1,0.0,0.0,0.0,0.0,0.0,0.3322,-0.9997,0.0,0.0193,-0.0052,-8.1861,2300.6639,0.0,0.0,0.0,2319.95007324219,no_change,,0.0,0.0
SPXW,2026-09-23,33,Call,3200.0,SPXW260923C03200000,4465.2,4489.0,4477.1,0.0,0.0,0.0,0.0,0.0,0.9667,0.9996,0.0,0.0211,-0.0242,2.7076,4475.345,0.0,0.0,0.0,4455.44995117188,no_change,,0.0,0.0
SPXW,2026-09-23,33,Put,3200.0,SPXW260923P03200000,0.0,0.15,0.075,0.0,0.0,0.0,0.0,0.0,0.8426,-0.0002,0.0,0.0211,-0.0242,-0.0016,0.1203,0.0,0.0,0.0,0.0750000029802322,no_change,,0.0,0.0
SPXW,2026-09-23,33,Call,3400.0,SPXW260923C03400000,4269.4,4289.8,4279.6,0.0,0.0,0.0,0.0,0.0,0.8962,0.9996,0.0,0.024,-0.0259,2.8765,4276.0957,0.0,0.0,0.0,4255.5,no_change,,0.0,0.0
SPXW,2026-09-23,33,Put,3400.0,SPXW260923P03400000,0.0,0.15,0.075,0.0,0.0,0.0,0.0,0.0,0.802,-0.0003,0.0,0.024,-0.0259,-0.0018,0.1304,0.0,0.0,0.0,0.100000001490116,no_change,,0.0,0.0
SPXW,2026-09-23,33,Call,3600.0,SPXW260923C03600000,4067.3,4090.5,4078.9,0.0,0.0,0.0,0.0,0.0,0.8455,0.9995,0.0,0.0278,-0.0282,3.0453,4076.8499,0.0,0.0,0.0,4056.34997558594,no_change,,0.0,0.0
SPXW,2026-09-23,33,Put,3600.0,SPXW260923P03600000,0.0,0.2,0.1,0.0,0.0,0.0,0.0,0.0,0.748,-0.0003,0.0,0.0278,-0.0282,-0.0021,0.1439,0.0,0.0,0.0,0.125000001862645,no_change,,0.0,0.0
SPXW,2026-09-23,33,Call,3800.0,SPXW260923C03800000,3867.3,3891.2,3879.25,0.0,0.0,0.0,0.0,0.0,0.7826,0.9995,0.0,0.0329,-0.0312,3.214,3877.6095,0.0,0.0,0.0,3857.25,no_change,,0.0,0.0
SPXW,2026-09-23,33,Put,3800.0,SPXW260923P03800000,0.15,0.2,0.175,0.0,0.0,0.0,0.0,0.0,0.7174,-0.0004,0.0,0.033,-0.0313,-0.0025,0.1628,0.0,0.0,0.0,0.175000000745058,no_change,,0.0,0.0
SPXW,2026-09-23,33,Call,4000.0,SPXW260923C04000000,3671.4,3692.0,3681.7,0.0,0.0,0.0,0.0,0.0,0.7229,0.9994,0.0,0.04,-0.0357,3.3826,3678.378,0.0,0.0,0.0,3657.70007324219,no_change,,0.0,0.0
SPXW,2026-09-23,33,Put,4000.0,SPXW260923P04000000,0.1,0.25,0.175,0.0,0.0,0.0,0.0,0.0,0.6822,-0.0005,0.0,0.0401,-0.0359,-0.0031,0.1916,0.0,0.0,0.0,0.225000008940697,no_change,,0.0,0.0
SPXW,2026-09-23,33,Call,4200.0,SPXW260923C04200000,3469.6,3492.8,3481.2,0.0,0.0,0.0,0.0,0.0,0.6797,0.9992,0.0,0.05,-0.0423,3.5508,3479.1606,0.0,0.0,0.0,3458.75,no_change,,0.0,0.0
SPXW,2026-09-23,33,Put,4200.0,SPXW260923P04200000,0.2,0.3,0.25,0.27,-0.005,-1.81818,6.0,105.0,0.6449,-0.0006,0.0,0.0501,-0.0424,-0.004,0.2332,0.27,0.27,0.27,0.274999998509884,down,2026-08-21T11:24:35,0.0,0.0
SPXW,2026-09-23,33,Call,4400.0,SPXW260923C04400000,3273.0,3293.6,3283.3,0.0,0.0,0.0,0.0,0.0,0.6371,0.999,0.0,0.0648,-0.0518,3.7187,3279.9641,0.0,0.0,0.0,3259.90002441406,no_change,,0.0,0.0
SPXW,2026-09-23,33,Put,4400.0,SPXW260923P04400000,0.25,0.4,0.325,0.0,0.0,0.0,0.0,0.0,0.6146,-0.0008,0.0,0.0649,-0.0519,-0.0052,0.2957,0.0,0.0,0.0,0.375,no_change,,0.0,0.0
SPXW,2026-09-23,33,Call,4600.0,SPXW260923C04600000,3074.0,3094.4,3084.2,0.0,0.0,0.0,0.0,0.0,0.5952,0.9988,0.0,0.0858,-0.0653,3.886,3080.7977,0.0,0.0,0.0,3060.85009765625,no_change,,0.0,0.0
SPXW,2026-09-23,33,Put,4600.0,SPXW260923P04600000,0.35,0.5,0.425,0.0,0.0,0.0,0.0,0.0,0.5809,-0.0011,0.0,0.0858,-0.0653,-0.007,0.3881,0.0,0.0,0.0,0.475000008940697,no_change,,0.0,0.0
SPXW,2026-09-23,33,Call,4800.0,SPXW260923C04800000,2872.0,2895.2,2883.6,0.0,0.0,0.0,0.0,0.0,0.554,0.9984,0.0,0.1158,-0.0837,4.0524,2881.6716,0.0,0.0,0.0,2861.40002441406,no_change,,0.0,0.0
SPXW,2026-09-23,33,Put,4800.0,SPXW260923P04800000,0.45,0.6,0.525,0.0,0.0,0.0,0.0,0.0,0.5455,-0.0015,0.0,0.1156,-0.0836,-0.0097,0.5206,0.0,0.0,0.0,0.675000011920929,no_change,,0.0,0.0
SPXW,2026-09-23,33,Call,5000.0,SPXW260923C05000000,2672.2,2696.1,2684.1499999999996,0.0,0.0,0.0,0.0,0.0,0.52,0.9978,0.0,0.1566,-0.1078,4.2176,2682.5983,0.0,0.0,0.0,2662.85009765625,no_change,,0.0,0.0
SPXW,2026-09-23,33,Put,5000.0,SPXW260923P05000000,0.65,0.8,0.7250000000000001,0.8,0.0,0.0,0.0,2.0,0.5145,-0.0021,0.0,0.1564,-0.1076,-0.0136,0.7056,0.0,0.0,0.0,0.875,down,2026-08-19T10:05:02,0.0,0.0
SPXW,2026-09-23,33,Call,5200.0,SPXW260923C05200000,2473.6,2497.0,2485.3,0.0,0.0,0.0,0.0,0.0,0.4848,0.9969,0.0,0.2123,-0.1383,4.3814,2483.59,0.0,0.0,0.0,2463.69995117188,no_change,,0.0,0.0
SPXW,2026-09-23,33,Put,5200.0,SPXW260923P05200000,0.85,1.0,0.925,0.97,-0.255,-20.8163,200.0,0.0,0.4838,-0.0029,0.0,0.2123,-0.1383,-0.019,0.9587,0.95,0.97,0.95,1.22499996423721,up,2026-08-21T13:24:22,0.0,0.0
SPXW,2026-09-23,33,Call,5400.0,SPXW260923C05400000,2274.9,2298.0,2286.45,0.0,0.0,0.0,0.0,0.0,0.4565,0.9958,0.0,0.2847,-0.1756,4.5431,2284.6612,0.0,0.0,0.0,2265.94995117188,no_change,,0.0,0.0
SPXW,2026-09-23,33,Put,5400.0,SPXW260923P05400000,1.2,1.35,1.275,1.32,-0.305,-18.7692,28.0,120.0,0.4536,-0.004,0.0,0.2848,-0.1756,-0.0263,1.2893,1.35,1.35,1.32,1.625,down,2026-08-21T11:24:35,0.0,0.0
SPXW,2026-09-23,33,Call,5600.0,SPXW260923C05600000,2078.8,2099.1,2088.95,0.0,0.0,0.0,0.0,0.0,0.4248,0.9943,0.0,0.38,-0.22,4.7022,2085.8273,0.0,0.0,0.0,2067.30004882812,no_change,,0.0,0.0
SPXW,2026-09-23,33,Put,5600.0,SPXW260923P05600000,1.6,1.75,1.675,2.13,0.0,0.0,0.0,3.0,0.4244,-0.0056,0.0,0.3801,-0.22,-0.0364,1.7148,0.0,0.0,0.0,2.17499995231628,up,2026-08-18T09:30:04,0.0,0.0
SPXW,2026-09-23,33,Call,5800.0,SPXW260923C05800000,1877.0,1895.0,1886.0,1926.0,0.0,0.0,0.0,7.0,0.3932,0.9922,0.0,0.5023,-0.2717,4.8579,1887.1084,0.0,0.0,0.0,1867.40002441406,up,2026-08-19T16:14:44,0.0,0.0
SPXW,2026-09-23,33,Put,5800.0,SPXW260923P05800000,2.1,2.25,2.175,0.0,0.0,0.0,0.0,0.0,0.3943,-0.0076,0.0,0.5024,-0.2718,-0.0498,2.2554,0.0,0.0,0.0,2.875,no_change,,0.0,0.0
SPXW,2026-09-23,33,Call,6000.0,SPXW260923C06000000,1678.6,1701.7,1690.15,0.0,0.0,0.0,0.0,0.0,0.3628,0.9895,0.0,0.6606,-0.3316,5.0087,1688.5358,0.0,0.0,0.0,1669.20001220703,no_change,,0.0,0.0
SPXW,2026-09-23,33,Put,6000.0,SPXW260923P06000000,2.8,2.95,2.875,3.2,0.0,0.0,0.0,93.0,0.3638,-0.0104,0.0,0.6609,-0.3317,-0.0681,2.9423,0.0,0.0,0.0,3.80000007152557,up,2026-08-19T11:50:08,0.0,0.0
SPXW,2026-09-23,33,Call,6200.0,SPXW260923C06200000,1483.2,1503.4,1493.3000000000002,0.0,0.0,0.0,0.0,0.0,0.3319,0.9856,0.0,0.8705,-0.4012,5.1525,1490.1619,0.0,0.0,0.0,1471.25,no_change,,0.0,0.0
SPXW,2026-09-23,33,Put,6200.0,SPXW260923P06200000,3.6,3.9,3.75,4.0,-1.0,-20.0,186.0,40.0,0.333,-0.0142,0.0,0.8708,-0.4013,-0.0934,3.828,3.9,4.0,3.9,5.0,up,2026-08-21T14:30:44,0.0,0.0
SPXW,2026-09-23,33,Call,6300.0,SPXW260923C06300000,1384.1,1404.3,1394.1999999999998,0.0,0.0,0.0,0.0,0.0,0.3164,0.9831,0.0001,0.9995,-0.4409,5.2207,1391.0801,0.0,0.0,0.0,1372.20001220703,no_change,,0.0,0.0
SPXW,2026-09-23,33,Put,6300.0,SPXW260923P06300000,4.2,4.4,4.300000000000001,4.8,0.0,0.0,0.0,47.0,0.318,-0.0167,0.0001,0.9998,-0.441,-0.1098,4.3761,0.0,0.0,0.0,5.70000004768372,up,2026-08-19T11:49:27,0.0,0.0
SPXW,2026-09-23,33,Call,6400.0,SPXW260923C06400000,1285.2,1305.3,1295.25,0.0,0.0,0.0,0.0,0.0,0.3009,0.9801,0.0001,1.1526,-0.4846,5.2855,1292.093,0.0,0.0,0.0,1273.45001220703,no_change,,0.0,0.0
SPXW,2026-09-23,33,Put,6400.0,SPXW260923P06400000,4.9,5.1,5.0,5.6,0.0,0.0,0.0,17.0,0.3025,-0.0198,0.0001,1.153,-0.4847,-0.1295,5.0189,0.0,0.0,0.0,6.59999990463257,up,2026-08-19T11:50:30,0.0,0.0
SPXW,2026-09-23,33,Call,6500.0,SPXW260923C06500000,1186.4,1206.4,1196.4,0.0,0.0,0.0,0.0,0.0,0.286,0.9764,0.0001,1.3349,-0.5337,5.3453,1193.2331,0.0,0.0,0.0,1175.30004882812,no_change,,0.0,0.0
SPXW,2026-09-23,33,Put,6500.0,SPXW260923P06500000,5.6,5.9,5.75,6.4,0.0,0.0,0.0,14.0,0.2872,-0.0235,0.0001,1.3349,-0.5337,-0.1542,5.7869,0.0,0.0,0.0,7.65000009536743,up,2026-08-19T11:49:39,0.0,0.0
SPXW,2026-09-23,33,Call,6600.0,SPXW260923C06600000,1087.7,1107.7,1097.7,0.0,0.0,0.0,0.0,0.0,0.2705,0.9717,0.0001,1.5517,-0.5896,5.3994,1094.546,0.0,0.0,0.0,1076.5,no_change,,0.0,0.0
SPXW,2026-09-23,33,Put,6600.0,SPXW260923P06600000,6.6,6.8,6.699999999999999,7.4,0.0,0.0,0.0,14.0,0.2713,-0.0282,0.0001,1.5517,-0.5896,-0.1847,6.7296,0.0,0.0,0.0,8.90000009536743,up,2026-08-19T11:49:38,0.0,0.0
SPXW,2026-09-23,33,Call,6625.0,SPXW260923C06625000,1060.0,1083.1,1071.55,0.0,0.0,0.0,0.0,0.0,0.2663,0.9704,0.0001,1.6136,-0.6049,5.4117,1069.9078,0.0,0.0,0.0,1052.35003662109,no_change,,0.0,0.0
SPXW,2026-09-23,33,Put,6625.0,SPXW260923P06625000,6.8,7.1,6.949999999999999,0.0,0.0,0.0,0.0,0.0,0.2677,-0.0295,0.0001,1.6136,-0.6049,-0.1935,6.9989,0.0,0.0,0.0,9.25,no_change,,0.0,0.0
SPXW,2026-09-23,33,Call,6650.0,SPXW260923C06650000,1038.5,1058.5,1048.5,0.0,0.0,0.0,0.0,0.0,0.2626,0.9689,0.0001,1.679,-0.6208,5.4234,1045.2858,0.0,0.0,0.0,1028.05001831055,no_change,,0.0,0.0
SPXW,2026-09-23,33,Put,6650.0,SPXW260923P06650000,7.1,7.4,7.25,9.01,0.0,0.0,0.0,4.0,0.2639,-0.0309,0.0001,1.6791,-0.6208,-0.203,7.2842,0.0,0.0,0.0,9.65000009536743,up,2026-08-20T10:24:22,0.0,0.0
SPXW,2026-09-23,33,Call,6675.0,SPXW260923C06675000,1010.8,1033.9,1022.35,0.0,0.0,0.0,0.0,0.0,0.2589,0.9674,0.0001,1.7479,-0.6372,5.4344,1020.6813,0.0,0.0,0.0,1003.54998779297,no_change,,0.0,0.0
SPXW,2026-09-23,33,Put,6675.0,SPXW260923P06675000,7.4,7.7,7.550000000000001,0.0,0.0,0.0,0.0,0.0,0.26,-0.0325,0.0001,1.7479,-0.6372,-0.2132,7.5871,0.0,0.0,0.0,10.0499997138977,no_change,,0.0,0.0
SPXW,2026-09-23,33,Call,6700.0,SPXW260923C06700000,989.3,1009.3,999.3,0.0,0.0,0.0,0.0,0.0,0.255,0.9658,0.0001,1.82,-0.6544,5.4446,996.0962,0.0,0.0,0.0,978.449981689453,no_change,,0.0,0.0
SPXW,2026-09-23,33,Put,6700.0,SPXW260923P06700000,7.7,8.0,7.85,0.0,0.0,0.0,0.0,0.0,0.2561,-0.0341,0.0001,1.82,-0.6544,-0.2241,7.9094,0.0,0.0,0.0,10.4500002861023,no_change,,0.0,0.0
SPXW,2026-09-23,33,Call,6725.0,SPXW260923C06725000,961.6,984.7,973.1500000000001,0.0,0.0,0.0,0.0,0.0,0.251,0.964,0.0001,1.8953,-0.6723,5.4541,971.5321,0.0,0.0,0.0,954.0,no_change,,0.0,0.0
SPXW,2026-09-23,33,Put,6725.0,SPXW260923P06725000,8.1,8.4,8.25,0.0,0.0,0.0,0.0,0.0,0.2526,-0.0358,0.0001,1.8954,-0.6723,-0.2357,8.2529,0.0,0.0,0.0,10.9500002861023,no_change,,0.0,0.0
SPXW,2026-09-23,33,Call,6750.0,SPXW260923C06750000,940.0,960.1,950.05,0.0,0.0,0.0,0.0,0.0,0.2475,0.9621,0.0001,1.9743,-0.6909,5.4629,946.9911,0.0,0.0,0.0,929.650024414062,no_change,,0.0,0.0
SPXW,2026-09-23,33,Put,6750.0,SPXW260923P06750000,8.4,8.7,8.55,10.36,0.0,0.0,0.0,4.0,0.2484,-0.0377,0.0001,1.9744,-0.6909,-0.248,8.6192,0.0,0.0,0.0,11.4000000953674,down,2026-08-20T10:24:22,0.0,0.0
SPXW,2026-09-23,33,Call,6775.0,SPXW260923C06775000,912.5,935.6,924.05,0.0,0.0,0.0,0.0,0.0,0.2439,0.9601,0.0001,2.0577,-0.7104,5.471,922.4747,0.0,0.0,0.0,905.299987792969,no_change,,0.0,0.0
SPXW,2026-09-23,33,Put,6775.0,SPXW260923P06775000,8.8,9.1,8.95,12.05,0.0,0.0,0.0,1.0,0.2447,-0.0397,0.0001,2.0577,-0.7104,-0.2611,9.0103,0.0,0.0,0.0,11.9500002861023,up,2026-08-20T15:13:31,0.0,0.0
SPXW,2026-09-23,33,Call,6800.0,SPXW260923C06800000,887.7,911.1,899.4000000000001,0.0,0.0,0.0,0.0,0.0,0.2401,0.958,0.0002,2.1463,-0.7307,5.4782,897.9853,0.0,0.0,0.0,880.899993896484,no_change,,0.0,0.0
SPXW,2026-09-23,33,Put,6800.0,SPXW260923P06800000,9.2,9.5,9.35,9.89,-2.56,-20.5623,3.0,42.0,0.2411,-0.0418,0.0002,2.1463,-0.7307,-0.275,9.4282,9.89,9.89,9.89,12.4500002861023,no_change,2026-08-21T14:35:35,0.0,0.0
SPXW,2026-09-23,33,Call,6825.0,SPXW260923C06825000,866.7,886.7,876.7,0.0,0.0,0.0,0.0,0.0,0.2362,0.9557,0.0002,2.2407,-0.7519,5.4843,873.5252,0.0,0.0,0.0,857.100006103516,no_change,,0.0,0.0
SPXW,2026-09-23,33,Put,6825.0,SPXW260923P06825000,9.7,10.0,9.85,0.0,0.0,0.0,0.0,0.0,0.2374,-0.0441,0.0002,2.2407,-0.7519,-0.29,9.8754,0.0,0.0,0.0,13.0499997138977,no_change,,0.0,0.0
SPXW,2026-09-23,33,Call,6850.0,SPXW260923C06850000,842.2,862.2,852.2,0.0,0.0,0.0,0.0,0.0,0.2326,0.9532,0.0002,2.341,-0.774,5.4892,849.0976,0.0,0.0,0.0,832.149993896484,no_change,,0.0,0.0
SPXW,2026-09-23,33,Put,6850.0,SPXW260923P06850000,10.2,10.5,10.35,10.79,-2.86,-20.9524,3.0,40.0,0.2337,-0.0466,0.0002,2.3411,-0.774,-0.3064,10.3554,10.79,10.79,10.79,13.6500000953674,no_change,2026-08-21T14:35:35,0.0,0.0
SPXW,2026-09-23,33,Call,6875.0,SPXW260923C06875000,817.2,837.8,827.5,0.0,0.0,0.0,0.0,0.0,0.2289,0.9506,0.0002,2.447,-0.7971,5.4925,824.706,0.0,0.0,0.0,807.949981689453,no_change,,0.0,0.0
SPXW,2026-09-23,33,Put,6875.0,SPXW260923P06875000,10.7,11.0,10.85,0.0,0.0,0.0,0.0,0.0,0.23,-0.0493,0.0002,2.447,-0.7971,-0.3241,10.8712,0.0,0.0,0.0,14.3499999046326,no_change,,0.0,0.0
SPXW,2026-09-23,33,Call,6900.0,SPXW260923C06900000,789.7,813.5,801.6,0.0,0.0,0.0,0.0,0.0,0.2251,0.9477,0.0002,2.5581,-0.8213,5.4945,800.3539,0.0,0.0,0.0,784.149993896484,no_change,,0.0,0.0
SPXW,2026-09-23,33,Put,6900.0,SPXW260923P06900000,11.2,11.5,11.35,12.6,0.0,0.0,0.0,12.0,0.2262,-0.0521,0.0002,2.5581,-0.8213,-0.3432,11.4263,0.0,0.0,0.0,15.0499997138977,no_change,2026-08-19T10:22:07,0.0,0.0
SPXW,2026-09-23,33,Call,6925.0,SPXW260923C06925000,768.5,789.1,778.8,0.0,0.0,0.0,0.0,0.0,0.2215,0.9446,0.0002,2.6746,-0.8466,5.4952,776.0451,0.0,0.0,0.0,759.650024414062,no_change,,0.0,0.0
SPXW,2026-09-23,33,Put,6925.0,SPXW260923P06925000,11.8,12.1,11.95,0.0,0.0,0.0,0.0,0.0,0.2226,-0.0552,0.0002,2.6746,-0.8466,-0.3637,12.0249,0.0,0.0,0.0,15.7999997138977,no_change,,0.0,0.0
SPXW,2026-09-23,33,Call,6950.0,SPXW260923C06950000,744.4,764.9,754.65,0.0,0.0,0.0,0.0,0.0,0.2178,0.9413,0.0002,2.7977,-0.8729,5.4945,751.7832,0.0,0.0,0.0,735.600006103516,no_change,,0.0,0.0
SPXW,2026-09-23,33,Put,6950.0,SPXW260923P06950000,12.4,12.8,12.600000000000001,13.7,-2.95,-17.7177,1.0,1.0,0.2189,-0.0585,0.0002,2.7977,-0.8729,-0.3855,12.6704,13.7,13.7,13.7,16.6499996185303,down,2026-08-21T09:50:44,0.0,0.0
SPXW,2026-09-23,33,Call,6975.0,SPXW260923C06975000,720.0,740.6,730.3,0.0,0.0,0.0,0.0,0.0,0.2142,0.9377,0.0002,2.929,-0.9005,5.4922,727.572,0.0,0.0,0.0,711.549987792969,no_change,,0.0,0.0
SPXW,2026-09-23,33,Put,6975.0,SPXW260923P06975000,13.1,13.4,13.25,17.64,0.0,0.0,0.0,30.0,0.2152,-0.0621,0.0002,2.929,-0.9005,-0.409,13.3667,0.0,0.0,0.0,17.4499998092651,up,2026-08-20T15:13:31,0.0,0.0
SPXW,2026-09-23,33,Call,7000.0,SPXW260923C07000000,696.0,716.5,706.25,0.0,0.0,0.0,0.0,0.0,0.2105,0.9338,0.0003,3.0693,-0.9292,5.4878,703.4168,0.0,0.0,0.0,687.899993896484,no_change,,0.0,0.0
SPXW,2026-09-23,33,Put,7000.0,SPXW260923P07000000,13.8,14.2,14.0,14.55,-3.9,-21.1382,2.0,8.0,0.2117,-0.066,0.0003,3.0693,-0.9292,-0.4346,14.1188,14.55,14.55,14.55,18.4499998092651,down,2026-08-21T12:50:50,0.0,0.0
SPXW,2026-09-23,33,Call,7025.0,SPXW260923C07025000,671.7,692.4,682.05,0.0,0.0,0.0,0.0,0.0,0.207,0.9296,0.0003,3.2179,-0.9592,5.4808,679.3236,0.0,0.0,0.0,663.550018310547,no_change,,0.0,0.0
SPXW,2026-09-23,33,Put,7025.0,SPXW260923P07025000,14.6,15.0,14.8,19.12,0.0,0.0,0.0,46.0,0.2081,-0.0702,0.0003,3.2179,-0.9592,-0.4626,14.9331,0.0,0.0,0.0,19.4499998092651,no_change,2026-08-20T14:28:59,0.0,0.0
SPXW,2026-09-23,33,Call,7050.0,SPXW260923C07050000,648.5,668.3,658.4,0.0,0.0,0.0,0.0,0.0,0.2035,0.9251,0.0003,3.3736,-0.9904,5.4714,655.2992,0.0,0.0,0.0,641.200012207031,no_change,,0.0,0.0
SPXW,2026-09-23,33,Put,7050.0,SPXW260923P07050000,15.5,15.9,15.7,17.0,-3.55,-17.2749,1.0,1.0,0.2044,-0.0748,0.0003,3.3736,-0.9904,-0.4932,15.8161,17.0,17.0,17.0,20.5500001907349,down,2026-08-21T09:50:44,0.0,0.0
SPXW,2026-09-23,33,Call,7075.0,SPXW260923C07075000,623.9,644.3,634.0999999999999,0.0,0.0,0.0,0.0,0.0,0.2002,0.9202,0.0003,3.5364,-1.0228,5.4598,631.35,0.0,0.0,0.0,616.100006103516,no_change,,0.0,0.0
SPXW,2026-09-23,33,Put,7075.0,SPXW260923P07075000,16.4,16.8,16.6,0.0,0.0,0.0,0.0,0.0,0.2008,-0.0797,0.0003,3.5364,-1.0228,-0.526,16.7743,0.0,0.0,0.0,21.75,no_change,,0.0,0.0
SPXW,2026-09-23,33,Call,7100.0,SPXW260923C07100000,600.0,620.5,610.25,0.0,0.0,0.0,0.0,0.0,0.1966,0.9148,0.0003,3.7083,-1.0565,5.4459,607.4822,0.0,0.0,0.0,591.899993896484,no_change,,0.0,0.0
SPXW,2026-09-23,33,Put,7100.0,SPXW260923P07100000,17.5,17.8,17.65,18.11,-4.84,-21.0893,400.0,34.0,0.1974,-0.085,0.0003,3.7083,-1.0565,-0.561,17.8139,18.1,18.11,18.1,22.9499998092651,no_change,2026-08-21T13:06:38,0.0,0.0
SPXW,2026-09-23,33,Call,7125.0,SPXW260923C07125000,576.9,596.7,586.8,0.0,0.0,0.0,0.0,0.0,0.1931,0.909,0.0004,3.8918,-1.0914,5.4289,583.7033,0.0,0.0,0.0,568.399993896484,no_change,,0.0,0.0
SPXW,2026-09-23,33,Put,7125.0,SPXW260923P07125000,18.6,19.0,18.8,20.47,0.0,0.0,0.0,10.0,0.1939,-0.0908,0.0004,3.8918,-1.0914,-0.5991,18.9424,0.0,0.0,0.0,24.3500003814697,no_change,2026-08-20T09:43:40,0.0,0.0
SPXW,2026-09-23,33,Call,7150.0,SPXW260923C07150000,553.2,573.0,563.1,0.0,0.0,0.0,0.0,0.0,0.1896,0.9027,0.0004,4.0865,-1.1275,5.408,560.0231,0.0,0.0,0.0,545.0,no_change,,0.0,0.0
SPXW,2026-09-23,33,Put,7150.0,SPXW260923P07150000,19.8,20.2,20.0,24.48,0.0,0.0,0.0,6.0,0.1904,-0.0971,0.0004,4.0865,-1.1275,-0.6411,20.1696,0.0,0.0,0.0,25.8500003814697,up,2026-08-20T14:00:12,0.0,0.0
SPXW,2026-09-23,33,Call,7175.0,SPXW260923C07175000,534.5,540.3,537.4,547.28,0.0,0.0,0.0,5.0,0.1863,0.8959,0.0004,4.2899,-1.1647,5.3831,536.4532,0.0,0.0,0.0,521.75,down,2026-08-20T10:22:11,0.0,0.0
SPXW,2026-09-23,33,Put,7175.0,SPXW260923P07175000,21.1,21.5,21.3,20.42,0.0,0.0,0.0,21.0,0.1869,-0.104,0.0004,4.2899,-1.1647,-0.6872,21.5071,0.0,0.0,0.0,27.4499998092651,no_change,2026-08-19T12:13:33,0.0,0.0
SPXW,2026-09-23,33,Call,7200.0,SPXW260923C07200000,510.8,516.9,513.85,551.0,0.0,0.0,0.0,6.0,0.1828,0.8885,0.0004,4.5008,-1.203,5.3548,513.0048,0.0,0.0,0.0,498.600006103516,down,2026-08-18T14:38:40,0.0,0.0
SPXW,2026-09-23,33,Put,7200.0,SPXW260923P07200000,22.6,23.0,22.8,23.36,-5.89,-20.1368,32.0,22.0,0.1836,-0.1114,0.0004,4.5008,-1.203,-0.7367,22.9661,24.67,24.67,23.36,29.25,down,2026-08-21T12:50:50,0.0,0.0
SPXW,2026-09-23,33,Call,7225.0,SPXW260923C07225000,487.4,493.5,490.45,527.84,0.0,0.0,0.0,6.0,0.1794,0.8804,0.0005,4.7227,-1.2423,5.3228,489.6884,0.0,0.0,0.0,475.600006103516,down,2026-08-18T14:38:40,0.0,0.0
SPXW,2026-09-23,33,Put,7225.0,SPXW260923P07225000,24.2,24.6,24.4,26.05,0.0,0.0,0.0,18.0,0.1802,-0.1195,0.0005,4.7227,-1.2423,-0.7898,24.5572,0.0,0.0,0.0,31.1499996185303,no_change,2026-08-20T09:43:40,0.0,0.0
SPXW,2026-09-23,33,Call,7250.0,SPXW260923C07250000,464.2,470.3,467.25,0.0,0.0,0.0,0.0,0.0,0.176,0.8716,0.0005,4.9583,-1.2824,5.2856,466.518,0.0,0.0,0.0,452.75,no_change,,0.0,0.0
SPXW,2026-09-23,33,Put,7250.0,SPXW260923P07250000,25.9,26.3,26.1,26.22,-6.98,-21.0241,50.0,14.0,0.1767,-0.1283,0.0005,4.9583,-1.2824,-0.8481,26.2942,28.22,28.22,26.22,33.2000007629394,no_change,2026-08-21T16:07:01,0.0,0.0
SPXW,2026-09-23,33,Call,7275.0,SPXW260923C07275000,441.3,447.3,444.3,455.41,0.0,0.0,0.0,5.0,0.1726,0.862,0.0006,5.2046,-1.3233,5.2422,443.5122,0.0,0.0,0.0,430.150009155273,down,2026-08-20T10:22:11,0.0,0.0
SPXW,2026-09-23,33,Put,7275.0,SPXW260923P07275000,27.8,28.2,28.0,29.75,0.0,0.0,0.0,19.0,0.1734,-0.1378,0.0006,5.2046,-1.3233,-0.9127,28.1958,0.0,0.0,0.0,35.4499988555908,no_change,2026-08-20T09:43:40,0.0,0.0
SPXW,2026-09-23,33,Call,7300.0,SPXW260923C07300000,418.6,424.4,421.5,0.0,0.0,0.0,0.0,0.0,0.1693,0.8516,0.0006,5.4574,-1.3648,5.1934,420.6904,0.0,0.0,0.0,407.699996948242,no_change,,0.0,0.0
SPXW,2026-09-23,33,Put,7300.0,SPXW260923P07300000,29.9,30.3,30.1,30.42,-7.53,-19.8419,503.0,16.0,0.17,-0.1483,0.0006,5.4574,-1.3648,-0.9826,30.2814,31.8,31.8,30.1,37.9499988555908,down,2026-08-21T13:44:51,0.0,0.0
SPXW,2026-09-23,33,Call,7325.0,SPXW260923C07325000,396.0,401.8,398.9,0.0,0.0,0.0,0.0,0.0,0.166,0.8402,0.0006,5.7193,-1.4066,5.1396,398.0704,0.0,0.0,0.0,385.449996948242,no_change,,0.0,0.0
SPXW,2026-09-23,33,Put,7325.0,SPXW260923P07325000,32.2,32.6,32.400000000000006,34.2,-6.4,-15.7635,3.0,3.0,0.1667,-0.1597,0.0006,5.7193,-1.4066,-1.0576,32.5688,34.56,34.56,34.2,40.6000003814697,down,2026-08-21T10:46:36,0.0,0.0
SPXW,2026-09-23,33,Call,7350.0,SPXW260923C07350000,373.5,379.3,376.4,0.0,0.0,0.0,0.0,0.0,0.1627,0.8278,0.0007,5.9947,-1.4484,5.0782,375.6744,0.0,0.0,0.0,363.5,no_change,,0.0,0.0
SPXW,2026-09-23,33,Put,7350.0,SPXW260923P07350000,34.7,35.1,34.900000000000006,35.17,-8.33,-19.1494,2.0,15.0,0.1634,-0.172,0.0007,5.9947,-1.4484,-1.1401,35.0802,35.17,35.17,35.17,43.5,no_change,2026-08-21T13:44:51,0.0,0.0
SPXW,2026-09-23,33,Call,7375.0,SPXW260923C07375000,351.4,357.2,354.29999999999995,0.0,0.0,0.0,0.0,0.0,0.1595,0.8143,0.0007,6.2778,-1.49,5.0079,353.5328,0.0,0.0,0.0,341.850006103516,no_change,,0.0,0.0
SPXW,2026-09-23,33,Put,7375.0,SPXW260923P07375000,37.4,37.9,37.65,37.5,-9.2,-19.7002,1.0,8.0,0.16,-0.1856,0.0007,6.2778,-1.49,-1.2316,37.846,37.5,37.5,37.5,46.7000007629394,down,2026-08-21T15:05:41,0.0,0.0
SPXW,2026-09-23,33,Call,7400.0,SPXW260923C07400000,329.5,335.3,332.4,0.0,0.0,0.0,0.0,0.0,0.1562,0.7996,0.0008,6.563,-1.5309,4.9308,331.6749,0.0,0.0,0.0,320.350006103516,no_change,,0.0,0.0
SPXW,2026-09-23,33,Put,7400.0,SPXW260923P07400000,40.4,40.9,40.65,40.5,-9.7,-19.3227,8.0,15.0,0.1568,-0.2003,0.0008,6.563,-1.5309,-1.3298,40.8956,43.32,43.68,39.0,50.2000007629394,up,2026-08-21T12:59:42,0.0,0.0
SPXW,2026-09-23,33,Call,7425.0,SPXW260923C07425000,308.0,313.6,310.8,0.0,0.0,0.0,0.0,0.0,0.153,0.7835,0.0008,6.8555,-1.5707,4.8456,310.1287,0.0,0.0,0.0,299.300003051758,no_change,,0.0,0.0
SPXW,2026-09-23,33,Put,7425.0,SPXW260923P07425000,43.8,44.2,44.0,46.68,-7.37,-13.6355,3.0,10.0,0.1535,-0.2164,0.0008,6.8555,-1.5707,-1.4361,44.2568,46.82,46.82,46.68,54.0499992370606,down,2026-08-21T10:43:41,0.0,0.0
SPXW,2026-09-23,33,Call,7450.0,SPXW260923C07450000,286.7,292.3,289.5,0.0,0.0,0.0,0.0,0.0,0.1498,0.766,0.0009,7.154,-1.6088,4.7486,288.9336,0.0,0.0,0.0,278.550003051758,no_change,,0.0,0.0
SPXW,2026-09-23,33,Put,7450.0,SPXW260923P07450000,47.5,47.9,47.7,47.32,-10.88,-18.6942,2.0,17.0,0.1503,-0.2338,0.0009,7.154,-1.6088,-1.5542,47.9691,47.5,47.5,47.32,58.2000007629394,down,2026-08-21T15:52:49,0.0,0.0
SPXW,2026-09-23,33,Call,7475.0,SPXW260923C07475000,265.9,271.4,268.65,0.0,0.0,0.0,0.0,0.0,0.1467,0.747,0.0009,7.4467,-1.6444,4.6422,268.1328,0.0,0.0,0.0,258.249992370605,no_change,,0.0,0.0
SPXW,2026-09-23,33,Put,7475.0,SPXW260923P07475000,51.5,52.0,51.75,61.82,0.0,0.0,0.0,14.0,0.1472,-0.2528,0.0009,7.4467,-1.6444,-1.6818,52.0756,0.0,0.0,0.0,62.7999992370606,up,2026-08-20T14:48:03,0.0,0.0
SPXW,2026-09-23,33,Call,7500.0,SPXW260923C07500000,245.6,250.9,248.25,243.52,0.0,0.0,0.0,1.0,0.1435,0.7264,0.001,7.736,-1.6768,4.5264,247.763,0.0,0.0,0.0,238.550003051758,down,2026-08-20T14:07:10,0.0,0.0
SPXW,2026-09-23,33,Put,7500.0,SPXW260923P07500000,56.0,56.5,56.25,55.77,-12.03,-17.7434,3.0,23.0,0.144,-0.2734,0.001,7.736,-1.6768,-1.8187,56.6133,59.11,59.11,55.77,67.7999992370606,down,2026-08-21T15:52:49,0.0,0.0
SPXW,2026-09-23,33,Call,7510.0,SPXW260923C07510000,237.5,242.9,240.2,0.0,0.0,0.0,0.0,0.0,0.1423,0.7177,0.001,7.8514,-1.6887,4.4758,239.7468,0.0,0.0,0.0,0.0,no_change,,0.0,0.0
SPXW,2026-09-23,33,Put,7510.0,SPXW260923P07510000,57.9,58.4,58.15,61.04,61.04,0.0,1.0,0.0,0.1427,-0.2822,0.001,7.8514,-1.6887,-1.8777,58.56,61.04,61.04,61.04,0.0,up,2026-08-21T09:32:58,0.0,0.0
SPXW,2026-09-23,33,Call,7520.0,SPXW260923C07520000,229.7,234.9,232.3,0.0,0.0,0.0,0.0,0.0,0.141,0.7087,0.001,7.9649,-1.6999,4.423,231.8119,0.0,0.0,0.0,0.0,no_change,,0.0,0.0
SPXW,2026-09-23,33,Put,7520.0,SPXW260923P07520000,59.9,60.4,60.15,0.0,0.0,0.0,0.0,0.0,0.1415,-0.2912,0.001,7.9649,-1.6999,-1.9391,60.5881,0.0,0.0,0.0,0.0,no_change,,0.0,0.0
SPXW,2026-09-23,33,Call,7525.0,SPXW260923C07525000,225.7,230.9,228.3,223.42,4.32,1.9717,2.0,0.0,0.1404,0.7041,0.0011,8.0206,-1.7051,4.3958,227.876,223.42,223.42,223.42,219.099998474121,up,2026-08-21T10:43:41,0.0,0.0
SPXW,2026-09-23,33,Put,7525.0,SPXW260923P07525000,61.0,61.5,61.25,60.9,-12.35,-16.8601,2.0,25.0,0.1408,-0.2958,0.0011,8.0206,-1.7051,-1.9705,61.6337,61.59,61.59,60.9,73.25,down,2026-08-21T15:05:43,0.0,0.0
SPXW,2026-09-23,33,Call,7530.0,SPXW260923C07530000,221.8,227.0,224.4,0.0,0.0,0.0,0.0,0.0,0.1398,0.6994,0.0011,8.0753,-1.7102,4.3683,223.9618,0.0,0.0,0.0,0.0,no_change,,0.0,0.0
SPXW,2026-09-23,33,Put,7530.0,SPXW260923P07530000,62.0,62.5,62.25,0.0,0.0,0.0,0.0,0.0,0.1403,-0.3005,0.0011,8.0753,-1.7102,-2.0022,62.701,0.0,0.0,0.0,0.0,no_change,,0.0,0.0
SPXW,2026-09-23,33,Call,7540.0,SPXW260923C07540000,216.6,217.1,216.85,0.0,0.0,0.0,0.0,0.0,0.139,0.6898,0.0011,8.1821,-1.7197,4.3124,216.1992,0.0,0.0,0.0,0.0,no_change,,0.0,0.0
SPXW,2026-09-23,33,Put,7540.0,SPXW260923P07540000,64.2,64.7,64.45,0.0,0.0,0.0,0.0,0.0,0.139,-0.3101,0.0011,8.1821,-1.7197,-2.0666,64.9014,0.0,0.0,0.0,0.0,no_change,,0.0,0.0
SPXW,2026-09-23,33,Call,7550.0,SPXW260923C07550000,208.9,209.5,209.2,0.0,0.0,0.0,0.0,0.0,0.1378,0.6799,0.0011,8.2856,-1.7282,4.2552,208.5269,0.0,0.0,0.0,200.300003051758,no_change,,0.0,0.0
SPXW,2026-09-23,33,Put,7550.0,SPXW260923P07550000,66.5,67.0,66.75,65.05,-14.25,-17.9697,4.0,61.0,0.1378,-0.32,0.0011,8.2856,-1.7282,-2.1322,67.192,64.09,66.33,64.09,79.2999992370606,no_change,2026-08-21T15:40:27,0.0,0.0
SPXW,2026-09-23,33,Call,7560.0,SPXW260923C07560000,201.3,201.9,201.60000000000002,0.0,0.0,0.0,0.0,0.0,0.1366,0.6697,0.0012,8.3866,-1.7358,4.1959,200.9478,0.0,0.0,0.0,192.900001525879,no_change,,0.0,0.0
SPXW,2026-09-23,33,Put,7560.0,SPXW260923P07560000,68.8,69.3,69.05,82.53,0.0,0.0,0.0,1.0,0.1366,-0.3301,0.0012,8.3866,-1.7358,-2.1999,69.5759,0.0,0.0,0.0,81.8499984741211,up,2026-08-20T16:01:31,0.0,0.0
SPXW,2026-09-23,33,Call,7570.0,SPXW260923C07570000,193.8,194.4,194.10000000000002,202.26,0.0,0.0,0.0,3.0,0.1356,0.6592,0.0012,8.485,-1.7424,4.1339,193.4666,0.0,0.0,0.0,185.5,up,2026-08-20T11:44:47,0.0,0.0
SPXW,2026-09-23,33,Put,7570.0,SPXW260923P07570000,71.3,71.8,71.55,71.13,-13.42,-15.8723,1.0,1.0,0.1354,-0.3406,0.0012,8.485,-1.7424,-2.2704,72.0576,71.13,71.13,71.13,84.5500030517578,down,2026-08-21T14:54:36,0.0,0.0
SPXW,2026-09-23,33,Call,7575.0,SPXW260923C07575000,190.1,190.6,190.35,0.0,0.0,0.0,0.0,0.0,0.1348,0.6539,0.0012,8.533,-1.7452,4.1017,189.7643,0.0,0.0,0.0,181.900001525879,no_change,,0.0,0.0
SPXW,2026-09-23,33,Put,7575.0,SPXW260923P07575000,72.6,73.1,72.85,73.73,-12.17,-14.1676,1.0,0.0,0.1348,-0.346,0.0012,8.533,-1.7452,-2.3068,73.3368,73.73,73.73,73.73,85.8999977111816,down,2026-08-21T14:14:20,0.0,0.0
SPXW,2026-09-23,33,Call,7580.0,SPXW260923C07580000,186.4,186.9,186.65,0.0,0.0,0.0,0.0,0.0,0.1342,0.6484,0.0012,8.58,-1.7477,4.0688,186.0884,0.0,0.0,0.0,178.300003051758,no_change,,0.0,0.0
SPXW,2026-09-23,33,Put,7580.0,SPXW260923P07580000,73.9,74.4,74.15,0.0,0.0,0.0,0.0,0.0,0.1342,-0.3514,0.0012,8.58,-1.7477,-2.344,74.6424,0.0,0.0,0.0,87.2999992370606,no_change,,0.0,0.0
SPXW,2026-09-23,33,Call,7590.0,SPXW260923C07590000,179.1,179.7,179.39999999999998,0.0,0.0,0.0,0.0,0.0,0.133,0.6373,0.0012,8.6699,-1.7519,4.0015,178.8181,0.0,0.0,0.0,171.300003051758,no_change,,0.0,0.0
SPXW,2026-09-23,33,Put,7590.0,SPXW260923P07590000,76.5,77.0,76.75,75.3,-14.85,-16.4725,24.0,0.0,0.133,-0.3625,0.0012,8.6699,-1.7519,-2.4197,77.3351,75.3,75.3,75.3,90.1500015258789,down,2026-08-21T15:31:51,0.0,0.0
SPXW,2026-09-23,33,Call,7600.0,SPXW260923C07600000,171.9,172.5,172.2,168.61,0.0,0.0,0.0,1.0,0.1318,0.6259,0.0012,8.7536,-1.7547,3.9329,171.6596,0.0,0.0,0.0,164.300003051758,down,2026-08-20T14:07:10,0.0,0.0
SPXW,2026-09-23,33,Put,7600.0,SPXW260923P07600000,79.3,79.8,79.55,78.9,-14.25,-15.2979,2.0,1.0,0.1319,-0.3739,0.0012,8.7536,-1.7547,-2.4968,80.1395,78.1,78.9,78.1,93.1500015258789,up,2026-08-21T15:05:47,0.0,0.0
SPXW,2026-09-23,33,Call,7610.0,SPXW260923C07610000,164.8,165.4,165.10000000000002,0.0,0.0,0.0,0.0,0.0,0.1307,0.6142,0.0013,8.831,-1.7562,3.8632,164.6157,0.0,0.0,0.0,157.5,no_change,,0.0,0.0
SPXW,2026-09-23,33,Put,7610.0,SPXW260923P07610000,82.2,82.7,82.45,0.0,0.0,0.0,0.0,0.0,0.1307,-0.3856,0.0013,8.831,-1.7562,-2.5749,83.0586,0.0,0.0,0.0,96.2999992370606,no_change,,0.0,0.0
SPXW,2026-09-23,33,Call,7620.0,SPXW260923C07620000,157.9,158.5,158.2,0.0,0.0,0.0,0.0,0.0,0.1296,0.6022,0.0013,8.9025,-1.7562,3.7915,157.6902,0.0,0.0,0.0,150.699996948242,no_change,,0.0,0.0
SPXW,2026-09-23,33,Put,7620.0,SPXW260923P07620000,85.2,85.7,85.45,88.2,0.0,0.0,0.0,4.0,0.1295,-0.3976,0.0013,8.9025,-1.7562,-2.6551,86.0961,0.0,0.0,0.0,99.5,up,2026-08-20T10:01:31,0.0,0.0
SPXW,2026-09-23,33,Call,7625.0,SPXW260923C07625000,154.4,155.0,154.7,150.34,2.84,1.92542,2.0,1.0,0.1289,0.5961,0.0013,8.9361,-1.7557,3.7545,154.2734,150.34,150.34,150.34,147.5,down,2026-08-21T10:43:41,0.0,0.0
SPXW,2026-09-23,33,Put,7625.0,SPXW260923P07625000,86.8,87.3,87.05,85.18,-16.12,-15.9131,2.0,2.0,0.129,-0.4038,0.0013,8.9361,-1.7557,-2.6963,87.6608,85.18,85.18,85.18,101.299999237061,no_change,2026-08-21T15:41:11,0.0,0.0
SPXW,2026-09-23,33,Call,7630.0,SPXW260923C07630000,151.1,151.7,151.39999999999998,0.0,0.0,0.0,0.0,0.0,0.1284,0.5899,0.0013,8.9681,-1.7548,3.7168,150.8884,0.0,0.0,0.0,144.099998474121,no_change,,0.0,0.0
SPXW,2026-09-23,33,Put,7630.0,SPXW260923P07630000,88.4,88.9,88.65,0.0,0.0,0.0,0.0,0.0,0.1284,-0.41,0.0013,8.9681,-1.7548,-2.7383,89.2572,0.0,0.0,0.0,102.949996948242,no_change,,0.0,0.0
SPXW,2026-09-23,33,Call,7640.0,SPXW260923C07640000,144.4,145.0,144.7,0.0,0.0,0.0,0.0,0.0,0.1273,0.5772,0.0013,9.027,-1.7517,3.6389,144.2167,0.0,0.0,0.0,137.75,no_change,,0.0,0.0
SPXW,2026-09-23,33,Put,7640.0,SPXW260923P07640000,91.6,92.2,91.9,91.67,-14.78,-13.8844,1.0,7.0,0.1273,-0.4226,0.0013,9.027,-1.7517,-2.8246,92.5485,91.67,91.67,91.67,106.449996948242,down,2026-08-21T13:37:28,0.0,0.0
SPXW,2026-09-23,33,Call,7650.0,SPXW260923C07650000,137.8,138.4,138.10000000000002,143.1,11.75,8.94556,4.0,15.0,0.1262,0.5643,0.0014,9.0777,-1.747,3.559,137.6808,133.8,145.55,133.8,131.350006103516,down,2026-08-21T12:32:02,0.0,0.0
SPXW,2026-09-23,33,Put,7650.0,SPXW260923P07650000,95.0,95.6,95.3,90.92,-19.13,-17.383,2.0,13.0,0.1262,-0.4355,0.0014,9.0777,-1.747,-2.9129,95.9755,99.79,99.79,90.92,110.050003051758,down,2026-08-21T11:47:53,0.0,0.0
SPXW,2026-09-23,33,Call,7660.0,SPXW260923C07660000,131.4,132.0,131.7,122.68,0.0,0.0,0.0,10.0,0.1251,0.5511,0.0014,9.1193,-1.7406,3.4785,131.2845,0.0,0.0,0.0,125.200000762939,down,2026-08-20T16:01:31,0.0,0.0
SPXW,2026-09-23,33,Put,7660.0,SPXW260923P07660000,98.6,99.1,98.85,97.5,-16.4,-14.3986,6.0,4.0,0.1251,-0.4487,0.0014,9.1193,-1.7406,-3.0019,99.5422,100.7,104.18,94.85,113.899997711182,up,2026-08-21T12:59:42,0.0,0.0
SPXW,2026-09-23,33,Call,7670.0,SPXW260923C07670000,125.2,125.7,125.45,116.71,0.0,0.0,0.0,1.0,0.124,0.5377,0.0014,9.1518,-1.7324,3.3969,125.0309,0.0,0.0,0.0,119.150001525879,up,2026-08-20T16:01:31,0.0,0.0
SPXW,2026-09-23,33,Put,7670.0,SPXW260923P07670000,102.3,102.8,102.55,101.67,-16.08,-13.6561,62.0,5.0,0.1241,-0.4622,0.0014,9.1518,-1.7324,-3.0919,103.2516,107.1,107.1,101.67,117.75,no_change,2026-08-21T15:10:50,0.0,0.0
SPXW,2026-09-23,33,Call,7675.0,SPXW260923C07675000,122.1,122.7,122.4,118.05,0.0,0.0,0.0,17.0,0.1235,0.5308,0.0014,9.1646,-1.7276,3.3553,121.959,0.0,0.0,0.0,116.150001525879,down,2026-08-20T15:37:19,0.0,0.0
SPXW,2026-09-23,33,Put,7675.0,SPXW260923P07675000,104.2,104.8,104.5,102.03,-17.67,-14.7619,4.0,6.0,0.1235,-0.469,0.0014,9.1646,-1.7276,-3.1378,105.1611,109.06,109.06,102.03,119.700000762939,no_change,2026-08-21T15:40:39,0.0,0.0
SPXW,2026-09-23,33,Call,7680.0,SPXW260923C07680000,119.1,119.6,119.35,0.0,0.0,0.0,0.0,0.0,0.123,0.5239,0.0014,9.175,-1.7224,3.3129,118.9247,0.0,0.0,0.0,113.25,no_change,,0.0,0.0
SPXW,2026-09-23,33,Put,7680.0,SPXW260923P07680000,106.2,106.7,106.45,104.05,-17.85,-14.6431,1.0,4.0,0.123,-0.4759,0.0014,9.175,-1.7224,-3.1844,107.1083,104.05,104.05,104.05,121.899997711182,down,2026-08-21T12:40:08,0.0,0.0
SPXW,2026-09-23,33,Call,7690.0,SPXW260923C07690000,113.1,113.7,113.4,0.0,0.0,0.0,0.0,0.0,0.122,0.51,0.0014,9.1882,-1.7106,3.2258,112.9725,0.0,0.0,0.0,107.550003051758,no_change,,0.0,0.0
SPXW,2026-09-23,33,Put,7690.0,SPXW260923P07690000,110.2,110.7,110.45,0.0,0.0,0.0,0.0,0.0,0.122,-0.4899,0.0014,9.1882,-1.7106,-3.28,111.1191,0.0,0.0,0.0,126.100002288818,no_change,,0.0,0.0
SPXW,2026-09-23,33,Call,7700.0,SPXW260923C07700000,107.3,107.9,107.6,112.1,10.15,9.95586,6.0,18.0,0.121,0.4958,0.0014,9.1908,-1.6968,3.1366,107.1807,106.32,122.47,105.38,101.949996948242,down,2026-08-21T15:50:20,0.0,0.0
SPXW,2026-09-23,33,Put,7700.0,SPXW260923P07700000,114.3,114.9,114.6,108.6,-21.9,-16.7816,2.0,15.0,0.121,-0.5041,0.0014,9.1908,-1.6968,-3.3777,115.2903,108.6,108.6,108.6,130.5,up,2026-08-21T11:50:28,0.0,0.0
SPXW,2026-09-23,33,Call,7710.0,SPXW260923C07710000,101.7,102.2,101.95,111.08,14.53,15.0492,2.0,16.0,0.1199,0.4814,0.0014,9.1823,-1.6811,3.0471,101.5528,99.93,111.08,99.93,96.5500030517578,up,2026-08-21T12:04:33,0.0,0.0
SPXW,2026-09-23,33,Put,7710.0,SPXW260923P07710000,118.7,119.2,118.95,0.0,0.0,0.0,0.0,0.0,0.12,-0.5185,0.0014,9.1823,-1.6811,-3.4756,119.6253,0.0,0.0,0.0,134.900001525879,no_change,,0.0,0.0
SPXW,2026-09-23,33,Call,7720.0,SPXW260923C07720000,96.2,96.8,96.5,105.48,14.23,15.5945,1.0,5.0,0.119,0.4668,0.0014,9.1626,-1.6635,2.9576,96.0908,105.48,105.48,105.48,91.25,up,2026-08-21T12:04:33,0.0,0.0
SPXW,2026-09-23,33,Put,7720.0,SPXW260923P07720000,123.1,123.7,123.4,128.32,0.0,0.0,0.0,5.0,0.1191,-0.5331,0.0014,9.1626,-1.6635,-3.5736,124.1263,0.0,0.0,0.0,139.649993896484,up,2026-08-20T11:42:03,0.0,0.0
SPXW,2026-09-23,33,Call,7725.0,SPXW260923C07725000,93.6,94.1,93.85,96.83,8.13,9.16573,5.0,6.0,0.1186,0.4594,0.0014,9.1484,-1.654,2.9122,93.4229,92.77,98.1,92.77,88.7000007629394,down,2026-08-21T15:40:58,0.0,0.0
SPXW,2026-09-23,33,Put,7725.0,SPXW260923P07725000,125.5,126.0,125.75,124.58,-17.47,-12.2985,1.0,19.0,0.1186,-0.5405,0.0014,9.1484,-1.654,-3.6232,126.4399,124.58,124.58,124.58,142.050003051758,down,2026-08-21T15:54:41,0.0,0.0
SPXW,2026-09-23,33,Call,7730.0,SPXW260923C07730000,90.9,91.5,91.2,95.45,9.3,10.7951,3.0,0.0,0.1181,0.452,0.0014,9.131,-1.644,2.8662,90.7979,99.93,99.93,95.45,86.1500015258789,down,2026-08-21T15:09:04,0.0,0.0
SPXW,2026-09-23,33,Put,7730.0,SPXW260923P07730000,127.8,128.4,128.1,123.03,-21.47,-14.8581,95.0,102.0,0.1181,-0.5479,0.0014,9.131,-1.644,-3.6734,128.7963,123.03,123.03,123.03,144.5,down,2026-08-21T15:48:12,0.0,0.0
SPXW,2026-09-23,33,Call,7740.0,SPXW260923C07740000,85.8,86.3,86.05,0.0,0.0,0.0,0.0,0.0,0.1172,0.4371,0.0014,9.0864,-1.6224,2.7722,85.6794,0.0,0.0,0.0,81.25,no_change,,0.0,0.0
SPXW,2026-09-23,33,Put,7740.0,SPXW260923P07740000,132.7,133.2,132.95,0.0,0.0,0.0,0.0,0.0,0.1172,-0.5628,0.0014,9.0864,-1.6224,-3.7758,133.6409,0.0,0.0,0.0,149.5,no_change,,0.0,0.0
SPXW,2026-09-23,33,Call,7750.0,SPXW260923C07750000,80.9,81.4,81.15,81.38,4.83,6.3096,1.0,8.0,0.1163,0.4221,0.0015,9.0289,-1.599,2.6772,80.7399,81.38,81.38,81.38,76.5500030517578,down,2026-08-21T09:32:58,0.0,0.0
SPXW,2026-09-23,33,Put,7750.0,SPXW260923P07750000,137.7,138.2,137.95,132.57,-22.18,-14.3328,95.0,106.0,0.1164,-0.5777,0.0015,9.0289,-1.599,-3.8793,138.6643,132.57,132.57,132.57,154.75,down,2026-08-21T15:48:12,0.0,0.0
SPXW,2026-09-23,33,Call,7760.0,SPXW260923C07760000,76.1,76.6,76.35,76.66,4.71,6.54622,1.0,0.0,0.1154,0.407,0.0014,8.9595,-1.5736,2.5831,75.98,76.66,76.66,76.66,71.9499969482422,up,2026-08-21T09:32:58,0.0,0.0
SPXW,2026-09-23,33,Put,7760.0,SPXW260923P07760000,142.9,143.4,143.15,138.8,-21.35,-13.3312,7.0,0.0,0.1155,-0.5928,0.0014,8.9595,-1.5736,-3.9819,143.8674,138.8,138.8,138.8,160.149993896484,no_change,2026-08-21T15:45:39,0.0,0.0
SPXW,2026-09-23,33,Call,7770.0,SPXW260923C07770000,71.5,72.0,71.75,0.0,0.0,0.0,0.0,0.0,0.1146,0.3919,0.0014,8.8785,-1.5463,2.4895,71.3989,0.0,0.0,0.0,67.5500030517578,no_change,,0.0,0.0
SPXW,2026-09-23,33,Put,7770.0,SPXW260923P07770000,148.2,148.8,148.5,0.0,0.0,0.0,0.0,0.0,0.1146,-0.6079,0.0014,8.8785,-1.5463,-4.0839,149.2492,0.0,0.0,0.0,165.699996948242,no_change,,0.0,0.0
SPXW,2026-09-23,33,Call,7775.0,SPXW260923C07775000,69.3,69.8,69.55,69.82,4.37,6.67686,28.0,9.0,0.1142,0.3844,0.0014,8.8332,-1.532,2.4423,69.1756,66.6,78.62,66.6,65.4499969482422,no_change,2026-08-21T16:07:01,0.0,0.0
SPXW,2026-09-23,33,Put,7775.0,SPXW260923P07775000,151.0,151.6,151.3,158.68,-9.92,-5.88375,1.0,4.0,0.1142,-0.6155,0.0014,8.8332,-1.532,-4.1353,152.0074,158.68,158.68,158.68,168.599998474121,up,2026-08-21T10:02:59,0.0,0.0
SPXW,2026-09-23,33,Call,7800.0,SPXW260923C07800000,58.8,59.3,59.05,61.43,6.03,10.8845,188.0,10.0,0.1123,0.3467,0.0014,8.554,-1.4538,2.2029,58.7424,57.45,63.29,57.45,55.3999996185303,down,2026-08-21T15:41:00,0.0,0.0
SPXW,2026-09-23,33,Put,7800.0,SPXW260923P07800000,165.4,166.0,165.7,162.7,-20.8,-11.3351,1.0,0.0,0.1123,-0.6531,0.0014,8.554,-1.4538,-4.3959,166.4816,162.7,162.7,162.7,183.5,down,2026-08-21T12:38:41,0.0,0.0
SPXW,2026-09-23,33,Call,7825.0,SPXW260923C07825000,49.4,49.9,49.65,48.5,2.0,4.30108,7.0,3.0,0.1104,0.3097,0.0014,8.2035,-1.3655,1.9704,49.428,48.5,48.5,48.5,46.5,down,2026-08-21T10:28:42,0.0,0.0
SPXW,2026-09-23,33,Put,7825.0,SPXW260923P07825000,180.9,181.5,181.2,177.9,-22.0,-11.0055,2.0,0.0,0.1104,-0.6902,0.0014,8.2035,-1.3655,-4.6495,182.0747,189.28,189.28,177.9,199.899993896484,down,2026-08-21T12:38:41,0.0,0.0
SPXW,2026-09-23,33,Call,7850.0,SPXW260923C07850000,41.1,41.6,41.35,41.28,2.58,6.66666,2.0,2669.0,0.1088,0.2738,0.0013,7.7768,-1.2684,1.7415,41.2027,41.72,41.72,41.28,38.7000007629394,down,2026-08-21T09:37:04,0.0,0.0
SPXW,2026-09-23,33,Put,7850.0,SPXW260923P07850000,195.0,200.3,197.65,0.0,0.0,0.0,0.0,0.0,0.1092,-0.7261,0.0013,7.7768,-1.2684,-4.8995,198.7567,0.0,0.0,0.0,217.0,no_change,,0.0,0.0
SPXW,2026-09-23,33,Call,7875.0,SPXW260923C07875000,33.9,34.3,34.099999999999994,40.4,8.55,26.8446,2.0,55.0,0.1073,0.2394,0.0012,7.2954,-1.1647,1.5236,34.0102,34.57,40.4,34.57,31.8500003814697,up,2026-08-21T11:47:53,0.0,0.0
SPXW,2026-09-23,33,Put,7875.0,SPXW260923P07875000,212.7,218.2,215.45,0.0,0.0,0.0,0.0,0.0,0.1078,-0.7604,0.0012,7.2954,-1.1647,-5.1386,216.4717,0.0,0.0,0.0,235.050003051758,no_change,,0.0,0.0
SPXW,2026-09-23,33,Call,7900.0,SPXW260923C07900000,27.6,28.1,27.85,27.85,1.85,7.11538,5.0,20.0,0.106,0.2071,0.0012,6.7602,-1.0566,1.3188,27.7969,26.8,31.55,26.8,26.0,down,2026-08-21T14:32:59,0.0,0.0
SPXW,2026-09-23,33,Put,7900.0,SPXW260923P07900000,231.3,237.0,234.15,0.0,0.0,0.0,0.0,0.0,0.1065,-0.7927,0.0012,6.7602,-1.0566,-5.3646,235.1658,0.0,0.0,0.0,254.149993896484,no_change,,0.0,0.0
SPXW,2026-09-23,33,Call,7925.0,SPXW260923C07925000,22.3,22.8,22.55,22.65,1.65,7.85714,1.0,6.0,0.1047,0.1772,0.0011,6.1922,-0.9467,1.1266,22.4892,22.65,22.65,22.65,21.0,up,2026-08-21T14:32:59,0.0,0.0
SPXW,2026-09-23,33,Put,7925.0,SPXW260923P07925000,250.9,256.7,253.8,0.0,0.0,0.0,0.0,0.0,0.1054,-0.8227,0.0011,6.1922,-0.9467,-5.5778,254.7655,0.0,0.0,0.0,274.050003051758,no_change,,0.0,0.0
SPXW,2026-09-23,33,Call,7950.0,SPXW260923C07950000,17.9,18.3,18.1,22.65,5.8,34.4214,2.0,62.0,0.1036,0.1498,0.001,5.6053,-0.8377,0.9537,18.0156,23.87,23.87,22.65,16.8500003814697,down,2026-08-21T11:58:08,0.0,0.0
SPXW,2026-09-23,33,Put,7950.0,SPXW260923P07950000,271.1,277.0,274.05,0.0,0.0,0.0,0.0,0.0,0.1044,-0.85,0.001,5.6053,-0.8377,-5.7719,275.1993,0.0,0.0,0.0,294.800003051758,no_change,,0.0,0.0
SPXW,2026-09-23,33,Call,7975.0,SPXW260923C07975000,14.1,14.5,14.3,24.82,0.0,0.0,0.0,21.0,0.1027,0.1254,0.0009,5.0112,-0.7322,0.7969,14.2989,0.0,0.0,0.0,13.4000000953674,up,2026-08-19T14:39:10,0.0,0.0
SPXW,2026-09-23,33,Put,7975.0,SPXW260923P07975000,292.2,298.5,295.35,0.0,0.0,0.0,0.0,0.0,0.1036,-0.8745,0.0009,5.0112,-0.7322,-5.9498,296.3901,0.0,0.0,0.0,316.25,no_change,,0.0,0.0
SPXW,2026-09-23,33,Call,8000.0,SPXW260923C08000000,11.1,11.5,11.3,9.99,0.0,0.0,0.0,13.0,0.102,0.1038,0.0008,4.4333,-0.6326,0.6591,11.2537,0.0,0.0,0.0,10.5499997138977,down,2026-08-20T15:55:36,0.0,0.0
SPXW,2026-09-23,33,Put,8000.0,SPXW260923P08000000,314.0,320.4,317.2,0.0,0.0,0.0,0.0,0.0,0.1029,-0.896,0.0008,4.4333,-0.6326,-6.1088,318.2522,0.0,0.0,0.0,338.299987792969,no_change,,0.0,0.0
SPXW,2026-09-23,33,Call,8025.0,SPXW260923C08025000,8.7,9.0,8.85,11.73,0.0,0.0,0.0,30.0,0.1013,0.0852,0.0007,3.8776,-0.5409,0.5409,8.7994,0.0,0.0,0.0,8.25,down,2026-08-20T10:57:22,0.0,0.0
SPXW,2026-09-23,33,Put,8025.0,SPXW260923P08025000,328.1,351.5,339.8,0.0,0.0,0.0,0.0,0.0,0.1025,-0.9147,0.0007,3.8776,-0.5409,-6.2481,340.7053,0.0,0.0,0.0,359.25,no_change,,0.0,0.0
SPXW,2026-09-23,33,Call,8050.0,SPXW260923C08050000,6.7,7.1,6.9,6.32,0.0,0.0,0.0,56.0,0.1008,0.0694,0.0006,3.3629,-0.4586,0.4393,6.8503,0.0,0.0,0.0,6.45000004768372,down,2026-08-20T16:00:50,0.0,0.0
SPXW,2026-09-23,33,Put,8050.0,SPXW260923P08050000,351.1,374.4,362.75,0.0,0.0,0.0,0.0,0.0,0.1024,-0.9305,0.0006,3.3629,-0.4586,-6.3708,363.6636,0.0,0.0,0.0,382.050003051758,no_change,,0.0,0.0
SPXW,2026-09-23,33,Call,8075.0,SPXW260923C08075000,5.2,5.5,5.35,7.15,0.0,0.0,0.0,34.0,0.1005,0.0562,0.0005,2.8943,-0.3864,0.356,5.325,0.0,0.0,0.0,5.04999995231628,down,2026-08-20T11:49:42,0.0,0.0
SPXW,2026-09-23,33,Put,8075.0,SPXW260923P08075000,374.4,393.7,384.04999999999995,0.0,0.0,0.0,0.0,0.0,0.1025,-0.9437,0.0005,2.8943,-0.3864,-6.4754,387.0458,0.0,0.0,0.0,406.449996948242,no_change,,0.0,0.0
SPXW,2026-09-23,33,Call,8100.0,SPXW260923C08100000,4.0,4.3,4.15,4.1,0.0,0.0,0.0,42.0,0.1003,0.0454,0.0004,2.4791,-0.3247,0.2873,4.1492,0.0,0.0,0.0,3.94999992847443,down,2026-08-20T15:52:00,0.0,0.0
SPXW,2026-09-23,33,Put,8100.0,SPXW260923P08100000,398.1,419.0,408.55,0.0,0.0,0.0,0.0,0.0,0.1027,-0.9544,0.0004,2.4791,-0.3247,-6.5651,410.7774,0.0,0.0,0.0,430.650009155273,no_change,,0.0,0.0
SPXW,2026-09-23,33,Call,8125.0,SPXW260923C08125000,3.1,3.4,3.25,3.6,0.45,14.2857,50.0,2.0,0.1008,0.0368,0.0004,2.119,-0.2729,0.2322,3.2522,4.0,4.0,3.6,3.14999997615814,down,2026-08-21T14:14:33,0.0,0.0
SPXW,2026-09-23,33,Put,8125.0,SPXW260923P08125000,422.1,445.8,433.95000000000005,0.0,0.0,0.0,0.0,0.0,0.1032,-0.9631,0.0004,2.119,-0.2729,-6.6414,434.7878,0.0,0.0,0.0,454.650009155273,no_change,,0.0,0.0
SPXW,2026-09-23,33,Call,8150.0,SPXW260923C08150000,2.45,2.7,2.575,0.0,0.0,0.0,0.0,0.0,0.1012,0.0299,0.0003,1.8128,-0.2303,0.1888,2.5757,0.0,0.0,0.0,2.5,no_change,,0.0,0.0
SPXW,2026-09-23,33,Put,8150.0,SPXW260923P08150000,446.3,470.0,458.15,453.2,0.0,0.0,0.0,2.0,0.1046,-0.9699,0.0003,1.8128,-0.2303,-6.7059,459.0187,0.0,0.0,0.0,478.550003051758,up,2026-08-20T12:13:07,0.0,0.0
SPXW,2026-09-23,33,Call,8175.0,SPXW260923C08175000,1.95,2.15,2.05,0.0,0.0,0.0,0.0,0.0,0.1016,0.0246,0.0002,1.5564,-0.1959,0.1546,2.0673,0.0,0.0,0.0,1.99999994039536,no_change,,0.0,0.0
SPXW,2026-09-23,33,Put,8175.0,SPXW260923P08175000,470.7,493.9,482.29999999999995,0.0,0.0,0.0,0.0,0.0,0.1059,-0.9753,0.0002,1.5564,-0.1959,-6.7613,483.4177,0.0,0.0,0.0,502.900009155273,no_change,,0.0,0.0
SPXW,2026-09-23,33,Call,8200.0,SPXW260923C08200000,1.55,1.75,1.65,1.66,0.0,0.0,0.0,9.0,0.1027,0.0204,0.0002,1.3448,-0.1683,0.128,1.687,0.0,0.0,0.0,1.625,down,2026-08-20T15:54:20,0.0,0.0
SPXW,2026-09-23,33,Put,8200.0,SPXW260923P08200000,495.2,518.4,506.79999999999995,501.65,0.0,0.0,0.0,2.0,0.1074,-0.9795,0.0002,1.3448,-0.1683,-6.809,507.9449,0.0,0.0,0.0,527.700012207031,up,2026-08-20T12:13:07,0.0,0.0
SPXW,2026-09-23,33,Call,8225.0,SPXW260923C08225000,1.3,1.45,1.375,0.0,0.0,0.0,0.0,0.0,0.1038,0.0171,0.0002,1.1709,-0.1463,0.1074,1.4008,0.0,0.0,0.0,1.375,no_change,,0.0,0.0
SPXW,2026-09-23,33,Put,8225.0,SPXW260923P08225000,519.8,543.6,531.7,0.0,0.0,0.0,0.0,0.0,0.1092,-0.9827,0.0002,1.1709,-0.1463,-6.8507,532.566,0.0,0.0,0.0,552.449981689453,no_change,,0.0,0.0
SPXW,2026-09-23,33,Call,8300.0,SPXW260923C08300000,0.75,0.95,0.85,0.91,0.0,0.0,0.0,4.0,0.1091,0.0109,0.0001,0.8138,-0.1034,0.0684,0.888,0.0,0.0,0.0,0.875,down,2026-08-20T15:13:31,0.0,0.0
SPXW,2026-09-23,33,Put,8300.0,SPXW260923P08300000,594.0,614.3,604.15,0.0,0.0,0.0,0.0,0.0,0.1173,-0.9889,0.0001,0.8138,-0.1034,-6.9531,606.7755,0.0,0.0,0.0,626.149993896484,no_change,,0.0,0.0
SPXW,2026-09-23,33,Call,8400.0,SPXW260923C08400000,0.45,0.65,0.55,1.17,0.0,0.0,0.0,1.0,0.1173,0.0069,0.0001,0.5525,-0.0739,0.0431,0.5742,0.0,0.0,0.0,0.549999982118607,up,2026-08-19T10:50:44,0.0,0.0
SPXW,2026-09-23,33,Put,8400.0,SPXW260923P08400000,693.3,716.4,704.8499999999999,0.0,0.0,0.0,0.0,0.0,0.1287,-0.9929,0.0001,0.5525,-0.0739,-7.063,706.0913,0.0,0.0,0.0,725.799987792969,no_change,,0.0,0.0
SPXW,2026-09-23,33,Call,8500.0,SPXW260923C08500000,0.3,0.5,0.4,0.45,0.0,0.0,0.0,1.0,0.1259,0.0048,0.0,0.4009,-0.057,0.0297,0.4119,0.0,0.0,0.0,0.400000005960464,down,2026-08-20T15:13:31,0.0,0.0
SPXW,2026-09-23,33,Put,8500.0,SPXW260923P08500000,792.8,813.3,803.05,0.0,0.0,0.0,0.0,0.0,0.1415,-0.995,0.0,0.4013,-0.0571,-7.1609,805.5591,0.0,0.0,0.0,824.300018310547,no_change,,0.0,0.0
SPXW,2026-09-23,33,Call,8600.0,SPXW260923C08600000,0.2,0.4,0.30000000000000004,0.4,0.0,0.0,0.0,10.0,0.1369,0.0035,0.0,0.3035,-0.046,0.0216,0.3128,0.0,0.0,0.0,0.325000002980232,no_change,2026-08-20T09:43:40,0.0,0.0
SPXW,2026-09-23,33,Put,8600.0,SPXW260923P08600000,892.4,912.9,902.65,0.0,0.0,0.0,0.0,0.0,0.1533,-0.9963,0.0,0.3034,-0.046,-7.2536,905.0893,0.0,0.0,0.0,923.800018310547,no_change,,0.0,0.0
SPXW,2026-09-23,33,Call,8800.0,SPXW260923C08800000,0.1,0.3,0.2,0.0,0.0,0.0,0.0,0.0,0.1549,0.0021,0.0,0.1868,-0.0318,0.0126,0.1971,0.0,0.0,0.0,0.200000002980232,no_change,,0.0,0.0
SPXW,2026-09-23,33,Put,8800.0,SPXW260923P08800000,1091.6,1111.8,1101.6999999999998,0.0,0.0,0.0,0.0,0.0,0.1794,-0.9978,0.0,0.187,-0.0318,-7.4317,1104.233,0.0,0.0,0.0,1123.34997558594,no_change,,0.0,0.0
SPXW,2026-09-23,33,Call,9000.0,SPXW260923C09000000,0.05,0.25,0.15,0.0,0.0,0.0,0.0,0.0,0.1737,0.0013,0.0,0.1227,-0.0231,0.008,0.1332,0.0,0.0,0.0,0.150000002235174,no_change,,0.0,0.0
SPXW,2026-09-23,33,Put,9000.0,SPXW260923P09000000,1290.9,1311.0,1300.95,0.0,0.0,0.0,0.0,0.0,0.2065,-0.9985,0.0,0.1224,-0.023,-7.6055,1303.4277,0.0,0.0,0.0,1322.64996337891,no_change,,0.0,0.0
SPXW,2026-09-23,33,Call,9200.0,SPXW260923C09200000,0.0,0.2,0.1,0.0,0.0,0.0,0.0,0.0,0.1928,0.0009,0.0,0.0833,-0.0171,0.0052,0.0926,0.0,0.0,0.0,0.100000003352761,no_change,,0.0,0.0
SPXW,2026-09-23,33,Put,9200.0,SPXW260923P09200000,1490.1,1510.5,1500.3,0.0,0.0,0.0,0.0,0.0,0.2301,-0.999,0.0,0.083,-0.017,-7.7774,1502.6466,0.0,0.0,0.0,1521.5,no_change,,0.0,0.0
SPXW,2026-09-23,33,Call,9400.0,SPXW260923C09400000,0.0,0.15,0.075,0.0,0.0,0.0,0.0,0.0,0.2102,0.0006,0.0,0.0578,-0.0127,0.0035,0.0655,0.0,0.0,0.0,0.0750000029802322,no_change,,0.0,0.0
SPXW,2026-09-23,33,Put,9400.0,SPXW260923P09400000,1689.4,1712.3,1700.85,0.0,0.0,0.0,0.0,0.0,0.2557,-0.9993,0.0,0.0577,-0.0127,-7.9482,1701.8789,0.0,0.0,0.0,1721.30004882812,no_change,,0.0,0.0
SPXW,2026-09-23,33,Call,9600.0,SPXW260923C09600000,0.0,0.15,0.075,0.0,0.0,0.0,0.0,0.0,0.2303,0.0004,0.0,0.0408,-0.0096,0.0024,0.0469,0.0,0.0,0.0,0.0500000007450581,no_change,,0.0,0.0
SPXW,2026-09-23,33,Put,9600.0,SPXW260923P09600000,1888.7,1909.0,1898.85,0.0,0.0,0.0,0.0,0.0,0.2806,-0.9994,0.0,0.0407,-0.0096,-8.1184,1901.1197,0.0,0.0,0.0,1920.75,no_change,,0.0,0.0
SPXW,2026-09-23,33,Call,9800.0,SPXW260923C09800000,0.0,0.15,0.075,0.0,0.0,0.0,0.0,0.0,0.2447,0.0003,0.0,0.0291,-0.0072,0.0017,0.0338,0.0,0.0,0.0,0.0500000007450581,no_change,,0.0,0.0
SPXW,2026-09-23,33,Put,9800.0,SPXW260923P09800000,2087.9,2108.1,2098.0,0.0,0.0,0.0,0.0,0.0,0.3049,-0.9996,0.0,0.029,-0.0072,-8.2882,2100.3659,0.0,0.0,0.0,2119.69995117188,no_change,,0.0,0.0
SPXW,2026-09-23,33,Call,10000.0,SPXW260923C10000000,0.0,0.1,0.05,0.0,0.0,0.0,0.0,0.0,0.2633,0.0002,0.0,0.0209,-0.0054,0.0012,0.0245,0.0,0.0,0.0,0.0500000007450581,no_change,,0.0,0.0
SPXW,2026-09-23,33,Put,10000.0,SPXW260923P10000000,2287.2,2307.4,2297.3,0.0,0.0,0.0,0.0,0.0,0.3252,-0.9996,0.0,0.0209,-0.0054,-8.4578,2299.6159,0.0,0.0,0.0,2318.89990234375,no_change,,0.0,0.0
SPXW,2026-09-24,34,Call,3200.0,SPXW260924C03200000,4468.4,4489.3,4478.85,0.0,0.0,0.0,0.0,0.0,0.9598,0.9996,0.0,0.0224,-0.0247,2.7946,4475.5063,0.0,0.0,0.0,4454.75,no_change,,0.0,0.0
SPXW,2026-09-24,34,Put,3200.0,SPXW260924P03200000,0.0,0.15,0.075,0.1,0.0,0.0,0.0,1.0,0.8465,-0.0003,0.0,0.0223,-0.0246,-0.0017,0.1267,0.0,0.0,0.0,0.0750000029802322,up,2026-08-19T15:51:14,0.0,0.0
SPXW,2026-09-24,34,Call,3400.0,SPXW260924C03400000,4270.2,4290.1,4280.15,0.0,0.0,0.0,0.0,0.0,0.9016,0.9995,0.0,0.0256,-0.0265,2.9689,4276.2823,0.0,0.0,0.0,4256.0498046875,no_change,,0.0,0.0
SPXW,2026-09-24,34,Put,3400.0,SPXW260924P03400000,0.0,0.15,0.075,0.0,0.0,0.0,0.0,0.0,0.7901,-0.0003,0.0,0.0255,-0.0264,-0.002,0.1378,0.0,0.0,0.0,0.125000001862645,no_change,,0.0,0.0
SPXW,2026-09-24,34,Call,3600.0,SPXW260924C03600000,4069.9,4090.8,4080.3500000000004,0.0,0.0,0.0,0.0,0.0,0.8327,0.9995,0.0,0.0298,-0.029,3.1431,4077.0623,0.0,0.0,0.0,4056.65002441406,no_change,,0.0,0.0
SPXW,2026-09-24,34,Put,3600.0,SPXW260924P03600000,0.05,0.2,0.125,0.0,0.0,0.0,0.0,0.0,0.7486,-0.0003,0.0,0.0297,-0.0288,-0.0023,0.1529,0.0,0.0,0.0,0.125000001862645,no_change,,0.0,0.0
SPXW,2026-09-24,34,Call,3800.0,SPXW260924C03800000,3870.7,3891.6,3881.1499999999996,0.0,0.0,0.0,0.0,0.0,0.781,0.9994,0.0,0.0355,-0.0324,3.3171,3877.8488,0.0,0.0,0.0,3857.60009765625,no_change,,0.0,0.0
SPXW,2026-09-24,34,Put,3800.0,SPXW260924P03800000,0.1,0.25,0.175,0.0,0.0,0.0,0.0,0.0,0.7069,-0.0004,0.0,0.0354,-0.0323,-0.0028,0.1746,0.0,0.0,0.0,0.175000000745058,no_change,,0.0,0.0
SPXW,2026-09-24,34,Call,4000.0,SPXW260924C04000000,3668.4,3692.4,3680.4,0.0,0.0,0.0,0.0,0.0,0.7314,0.9993,0.0,0.0434,-0.0374,3.491,3678.6458,0.0,0.0,0.0,3658.09997558594,no_change,,0.0,0.0
SPXW,2026-09-24,34,Put,4000.0,SPXW260924P04000000,0.15,0.3,0.22499999999999998,0.0,0.0,0.0,0.0,0.0,0.6721,-0.0005,0.0,0.0432,-0.0372,-0.0034,0.2067,0.0,0.0,0.0,0.274999998509884,no_change,,0.0,0.0
SPXW,2026-09-24,34,Call,4200.0,SPXW260924C04200000,3472.3,3493.2,3482.75,0.0,0.0,0.0,0.0,0.0,0.6837,0.9992,0.0,0.0547,-0.0447,3.6646,3479.4589,0.0,0.0,0.0,3458.94995117188,no_change,,0.0,0.0
SPXW,2026-09-24,34,Put,4200.0,SPXW260924P04200000,0.2,0.35,0.275,0.35,0.0,0.0,0.0,30.0,0.6448,-0.0007,0.0,0.0546,-0.0445,-0.0044,0.2547,0.0,0.0,0.0,0.325000002980232,up,2026-08-18T13:27:38,0.0,0.0
SPXW,2026-09-24,34,Call,4400.0,SPXW260924C04400000,3273.1,3294.0,3283.55,0.0,0.0,0.0,0.0,0.0,0.6376,0.999,0.0,0.0713,-0.0552,3.8377,3280.2958,0.0,0.0,0.0,3259.84997558594,no_change,,0.0,0.0
SPXW,2026-09-24,34,Put,4400.0,SPXW260924P04400000,0.3,0.45,0.375,0.42,0.0,0.0,0.0,55.0,0.6056,-0.0009,0.0,0.0711,-0.0549,-0.0058,0.3265,0.0,0.0,0.0,0.424999997019768,up,2026-08-18T12:53:02,0.0,0.0
SPXW,2026-09-24,34,Call,4600.0,SPXW260924C04600000,3073.9,3094.8,3084.3500000000004,0.0,0.0,0.0,0.0,0.0,0.593,0.9986,0.0,0.0947,-0.0698,4.0101,3081.1659,0.0,0.0,0.0,3061.40002441406,no_change,,0.0,0.0
SPXW,2026-09-24,34,Put,4600.0,SPXW260924P04600000,0.4,0.55,0.47500000000000003,0.0,0.0,0.0,0.0,0.0,0.5751,-0.0012,0.0,0.0944,-0.0695,-0.0079,0.4314,0.0,0.0,0.0,0.525000005960464,no_change,,0.0,0.0
SPXW,2026-09-24,34,Call,4800.0,SPXW260924C04800000,2872.0,2895.7,2883.85,0.0,0.0,0.0,0.0,0.0,0.5568,0.9982,0.0,0.1278,-0.0894,4.1816,2882.0801,0.0,0.0,0.0,2861.79992675781,no_change,,0.0,0.0
SPXW,2026-09-24,34,Put,4800.0,SPXW260924P04800000,0.55,0.7,0.625,0.0,0.0,0.0,0.0,0.0,0.5418,-0.0016,0.0,0.1274,-0.0891,-0.011,0.5801,0.0,0.0,0.0,0.724999994039536,no_change,,0.0,0.0
SPXW,2026-09-24,34,Call,5000.0,SPXW260924C05000000,2672.7,2696.6,2684.6499999999996,0.0,0.0,0.0,0.0,0.0,0.5199,0.9976,0.0,0.1722,-0.1149,4.3518,2683.0507,0.0,0.0,0.0,2662.84997558594,no_change,,0.0,0.0
SPXW,2026-09-24,34,Put,5000.0,SPXW260924P05000000,0.7,0.85,0.7749999999999999,0.0,0.0,0.0,0.0,0.0,0.5118,-0.0023,0.0,0.1723,-0.1149,-0.0154,0.7886,0.0,0.0,0.0,0.974999964237213,no_change,,0.0,0.0
SPXW,2026-09-24,34,Call,5200.0,SPXW260924C05200000,2476.7,2497.6,2487.1499999999996,0.0,0.0,0.0,0.0,0.0,0.4871,0.9967,0.0,0.2322,-0.1466,4.5204,2484.0904,0.0,0.0,0.0,2464.25,no_change,,0.0,0.0
SPXW,2026-09-24,34,Put,5200.0,SPXW260924P05200000,0.95,1.15,1.0499999999999998,1.2,0.0,0.0,0.0,1.0,0.4816,-0.0032,0.0,0.2322,-0.1466,-0.0214,1.0636,0.0,0.0,0.0,1.32499998807907,up,2026-08-20T10:38:18,0.0,0.0
SPXW,2026-09-24,34,Call,5400.0,SPXW260924C05400000,2277.8,2298.7,2288.25,0.0,0.0,0.0,0.0,0.0,0.4562,0.9955,0.0,0.31,-0.1851,4.6868,2285.2134,0.0,0.0,0.0,2265.25,no_change,,0.0,0.0
SPXW,2026-09-24,34,Put,5400.0,SPXW260924P05400000,1.3,1.5,1.4,1.45,-0.325,-18.3099,20.0,90.0,0.4524,-0.0044,0.0,0.3101,-0.1851,-0.0294,1.4219,1.42,1.45,1.42,1.77500003576279,up,2026-08-21T11:29:01,0.0,0.0
SPXW,2026-09-24,34,Call,5600.0,SPXW260924C05600000,2075.9,2099.8,2087.8500000000004,0.0,0.0,0.0,0.0,0.0,0.4255,0.9939,0.0,0.4108,-0.2306,4.8504,2086.4364,0.0,0.0,0.0,2067.30004882812,no_change,,0.0,0.0
SPXW,2026-09-24,34,Put,5600.0,SPXW260924P05600000,1.75,1.9,1.825,2.4,0.0,0.0,0.0,2.0,0.423,-0.006,0.0,0.4109,-0.2306,-0.0404,1.8802,0.0,0.0,0.0,2.375,up,2026-08-18T09:56:07,0.0,0.0
SPXW,2026-09-24,34,Call,5800.0,SPXW260924C05800000,1877.2,1901.1,1889.15,0.0,0.0,0.0,0.0,0.0,0.3944,0.9917,0.0,0.5409,-0.2833,5.0103,1887.7798,0.0,0.0,0.0,1868.20001220703,no_change,,0.0,0.0
SPXW,2026-09-24,34,Put,5800.0,SPXW260924P05800000,2.3,2.5,2.4,0.0,0.0,0.0,0.0,3.0,0.3933,-0.0081,0.0,0.541,-0.2833,-0.055,2.4589,0.0,0.0,0.0,3.10000002384186,no_change,,0.0,0.0
SPXW,2026-09-24,34,Call,6000.0,SPXW260924C06000000,1678.7,1702.5,1690.6,0.0,0.0,0.0,0.0,0.0,0.3624,0.9888,0.0,0.7075,-0.3441,5.1651,1689.2786,0.0,0.0,0.0,1669.90002441406,no_change,,0.0,0.0
SPXW,2026-09-24,34,Put,6000.0,SPXW260924P06000000,3.0,3.3,3.15,3.9,0.0,0.0,0.0,84.0,0.3629,-0.0111,0.0,0.7076,-0.3442,-0.0748,3.1931,0.0,0.0,0.0,4.09999990463257,down,2026-08-20T14:19:24,0.0,0.0
SPXW,2026-09-24,34,Call,6200.0,SPXW260924C06200000,1480.4,1504.3,1492.35,0.0,0.0,0.0,0.0,0.0,0.3318,0.9847,0.0,0.9284,-0.4149,5.3121,1490.9902,0.0,0.0,0.0,1472.0,no_change,,0.0,0.0
SPXW,2026-09-24,34,Put,6200.0,SPXW260924P06200000,4.0,4.2,4.1,4.1,-1.2,-22.6415,490.0,11.0,0.3329,-0.0151,0.0,0.9286,-0.4149,-0.1024,4.1401,4.3,4.3,4.0,5.29999995231628,no_change,2026-08-21T15:56:49,0.0,0.0
SPXW,2026-09-24,34,Call,6300.0,SPXW260924C06300000,1381.7,1405.3,1393.5,0.0,0.0,0.0,0.0,0.0,0.3167,0.9821,0.0001,1.0642,-0.4552,5.3817,1391.9588,0.0,0.0,0.0,1373.25,no_change,,0.0,0.0
SPXW,2026-09-24,34,Put,6300.0,SPXW260924P06300000,4.6,4.8,4.699999999999999,0.0,0.0,0.0,0.0,1.0,0.3176,-0.0177,0.0001,1.0644,-0.4552,-0.12,4.7265,0.0,0.0,0.0,6.09999990463257,no_change,,0.0,0.0
SPXW,2026-09-24,34,Call,6400.0,SPXW260924C06400000,1282.4,1306.3,1294.35,0.0,0.0,0.0,0.0,0.0,0.3016,0.979,0.0001,1.226,-0.4997,5.4475,1293.0296,0.0,0.0,0.0,1275.15002441406,no_change,,0.0,0.0
SPXW,2026-09-24,34,Put,6400.0,SPXW260924P06400000,5.3,5.5,5.4,6.7,0.0,0.0,0.0,31.0,0.3021,-0.0209,0.0001,1.2263,-0.4998,-0.1416,5.415,0.0,0.0,0.0,7.04999995231628,no_change,2026-08-20T11:58:04,0.0,0.0
SPXW,2026-09-24,34,Call,6500.0,SPXW260924C06500000,1183.6,1207.5,1195.55,0.0,0.0,0.0,0.0,0.0,0.2861,0.975,0.0001,1.4161,-0.5497,5.508,1194.2382,0.0,0.0,0.0,1176.0,no_change,,0.0,0.0
SPXW,2026-09-24,34,Put,6500.0,SPXW260924P06500000,6.1,6.4,6.25,6.2,-1.95,-23.9264,82.0,37.0,0.2865,-0.0248,0.0001,1.4164,-0.5498,-0.1683,6.2415,6.4,6.6,6.2,8.15000009536743,down,2026-08-21T15:37:05,0.0,0.0
SPXW,2026-09-24,34,Call,6600.0,SPXW260924C06600000,1085.0,1108.9,1096.95,0.0,0.0,0.0,0.0,0.0,0.2702,0.9702,0.0001,1.6445,-0.6066,5.5624,1095.6306,0.0,0.0,0.0,1077.70001220703,no_change,,0.0,0.0
SPXW,2026-09-24,34,Put,6600.0,SPXW260924P06600000,7.1,7.4,7.25,0.0,0.0,0.0,0.0,0.0,0.2714,-0.0297,0.0001,1.6448,-0.6067,-0.2012,7.2518,0.0,0.0,0.0,9.4500002861023,no_change,,0.0,0.0
SPXW,2026-09-24,34,Call,6625.0,SPXW260924C06625000,1060.4,1084.3,1072.35,0.0,0.0,0.0,0.0,0.0,0.2666,0.9688,0.0001,1.7096,-0.6221,5.5746,1071.0148,0.0,0.0,0.0,0.0,no_change,,0.0,0.0
SPXW,2026-09-24,34,Put,6625.0,SPXW260924P06625000,7.4,7.7,7.550000000000001,0.0,0.0,0.0,0.0,0.0,0.2676,-0.0311,0.0001,1.71,-0.6222,-0.2108,7.5405,0.0,0.0,0.0,0.0,no_change,,0.0,0.0
SPXW,2026-09-24,34,Call,6650.0,SPXW260924C06650000,1040.9,1059.7,1050.3000000000002,0.0,0.0,0.0,0.0,0.0,0.2628,0.9672,0.0001,1.778,-0.6382,5.5861,1046.4163,0.0,0.0,0.0,0.0,no_change,,0.0,0.0
SPXW,2026-09-24,34,Put,6650.0,SPXW260924P06650000,7.7,8.0,7.85,0.0,0.0,0.0,0.0,0.0,0.2638,-0.0326,0.0001,1.778,-0.6382,-0.2211,7.8447,0.0,0.0,0.0,0.0,no_change,,0.0,0.0
SPXW,2026-09-24,34,Call,6675.0,SPXW260924C06675000,1011.2,1035.1,1023.15,0.0,0.0,0.0,0.0,0.0,0.2589,0.9657,0.0001,1.8494,-0.655,5.5969,1021.8366,0.0,0.0,0.0,0.0,no_change,,0.0,0.0
SPXW,2026-09-24,34,Put,6675.0,SPXW260924P06675000,8.0,8.3,8.15,0.0,0.0,0.0,0.0,0.0,0.2599,-0.0342,0.0001,1.8494,-0.655,-0.2321,8.1694,0.0,0.0,0.0,0.0,no_change,,0.0,0.0
SPXW,2026-09-24,34,Call,6700.0,SPXW260924C06700000,990.5,1010.5,1000.5,0.0,0.0,0.0,0.0,0.0,0.2549,0.964,0.0001,1.924,-0.6724,5.607,997.2774,0.0,0.0,0.0,979.75,no_change,,0.0,0.0
SPXW,2026-09-24,34,Put,6700.0,SPXW260924P06700000,8.3,8.6,8.45,10.2,0.0,0.0,0.0,36.0,0.2558,-0.0359,0.0001,1.924,-0.6724,-0.2438,8.5147,0.0,0.0,0.0,11.1500000953674,up,2026-08-20T13:09:44,0.0,0.0
SPXW,2026-09-24,34,Call,6725.0,SPXW260924C06725000,962.2,986.0,974.1,0.0,0.0,0.0,0.0,0.0,0.2514,0.9621,0.0001,2.0021,-0.6905,5.6164,972.7404,0.0,0.0,0.0,0.0,no_change,,0.0,0.0
SPXW,2026-09-24,34,Put,6725.0,SPXW260924P06725000,8.7,9.0,8.85,0.0,0.0,0.0,0.0,0.0,0.2522,-0.0377,0.0001,2.0021,-0.6905,-0.2562,8.8821,0.0,0.0,0.0,0.0,no_change,,0.0,0.0
SPXW,2026-09-24,34,Call,6750.0,SPXW260924C06750000,937.5,961.5,949.5,0.0,0.0,0.0,0.0,0.0,0.2477,0.9602,0.0001,2.0843,-0.7094,5.6251,948.2273,0.0,0.0,0.0,0.0,no_change,,0.0,0.0
SPXW,2026-09-24,34,Put,6750.0,SPXW260924P06750000,9.1,9.4,9.25,0.0,0.0,0.0,0.0,0.0,0.2485,-0.0396,0.0001,2.0844,-0.7094,-0.2693,9.2734,0.0,0.0,0.0,0.0,no_change,,0.0,0.0
SPXW,2026-09-24,34,Call,6775.0,SPXW260924C06775000,913.0,937.0,925.0,0.0,0.0,0.0,0.0,0.0,0.244,0.9581,0.0001,2.1715,-0.729,5.633,923.7401,0.0,0.0,0.0,0.0,no_change,,0.0,0.0
SPXW,2026-09-24,34,Put,6775.0,SPXW260924P06775000,9.5,9.8,9.65,0.0,0.0,0.0,0.0,0.0,0.2447,-0.0417,0.0001,2.1716,-0.729,-0.2833,9.6905,0.0,0.0,0.0,0.0,no_change,,0.0,0.0
SPXW,2026-09-24,34,Call,6800.0,SPXW260924C06800000,892.0,912.5,902.25,0.0,0.0,0.0,0.0,0.0,0.2401,0.9559,0.0002,2.2643,-0.7495,5.6398,899.281,0.0,0.0,0.0,882.299987792969,no_change,,0.0,0.0
SPXW,2026-09-24,34,Put,6800.0,SPXW260924P06800000,9.9,10.2,10.05,11.94,0.0,0.0,0.0,1.0,0.241,-0.0439,0.0002,2.2643,-0.7495,-0.2983,10.1357,0.0,0.0,0.0,13.25,up,2026-08-20T10:44:30,0.0,0.0
SPXW,2026-09-24,34,Call,6825.0,SPXW260924C06825000,864.3,888.0,876.15,0.0,0.0,0.0,0.0,0.0,0.2366,0.9535,0.0002,2.3628,-0.7708,5.6453,874.853,0.0,0.0,0.0,0.0,no_change,,0.0,0.0
SPXW,2026-09-24,34,Put,6825.0,SPXW260924P06825000,10.4,10.7,10.55,0.0,0.0,0.0,0.0,0.0,0.2372,-0.0463,0.0002,2.3629,-0.7708,-0.3146,10.6123,0.0,0.0,0.0,0.0,no_change,,0.0,0.0
SPXW,2026-09-24,34,Call,6850.0,SPXW260924C06850000,839.8,863.6,851.7,0.0,0.0,0.0,0.0,0.0,0.2329,0.951,0.0002,2.4667,-0.7931,5.6495,850.4593,0.0,0.0,0.0,0.0,no_change,,0.0,0.0
SPXW,2026-09-24,34,Put,6850.0,SPXW260924P06850000,10.9,11.2,11.05,0.0,0.0,0.0,0.0,0.0,0.2337,-0.0489,0.0002,2.4667,-0.7931,-0.3322,11.123,0.0,0.0,0.0,0.0,no_change,,0.0,0.0
SPXW,2026-09-24,34,Call,6875.0,SPXW260924C06875000,815.5,839.3,827.4,0.0,0.0,0.0,0.0,0.0,0.2291,0.9482,0.0002,2.5754,-0.8163,5.6523,826.1033,0.0,0.0,0.0,0.0,no_change,,0.0,0.0
SPXW,2026-09-24,34,Put,6875.0,SPXW260924P06875000,11.5,11.8,11.65,0.0,0.0,0.0,0.0,0.0,0.23,-0.0516,0.0002,2.5754,-0.8163,-0.3512,11.6712,0.0,0.0,0.0,0.0,no_change,,0.0,0.0
SPXW,2026-09-24,34,Call,6900.0,SPXW260924C06900000,794.9,814.9,804.9,0.0,0.0,0.0,0.0,0.0,0.2255,0.9452,0.0002,2.6893,-0.8405,5.6538,801.7884,0.0,0.0,0.0,785.299987792969,no_change,,0.0,0.0
SPXW,2026-09-24,34,Put,6900.0,SPXW260924P06900000,12.0,12.3,12.15,14.66,0.0,0.0,0.0,33.0,0.2262,-0.0546,0.0002,2.6893,-0.8405,-0.3716,12.2606,0.0,0.0,0.0,15.9500002861023,up,2026-08-20T13:15:35,0.0,0.0
SPXW,2026-09-24,34,Call,6925.0,SPXW260924C06925000,766.8,790.7,778.75,0.0,0.0,0.0,0.0,0.0,0.2218,0.9421,0.0002,2.8091,-0.8658,5.6541,777.5178,0.0,0.0,0.0,0.0,no_change,,0.0,0.0
SPXW,2026-09-24,34,Put,6925.0,SPXW260924P06925000,12.6,13.0,12.8,0.0,0.0,0.0,0.0,0.0,0.2225,-0.0578,0.0002,2.8091,-0.8658,-0.3931,12.8945,0.0,0.0,0.0,0.0,no_change,,0.0,0.0
SPXW,2026-09-24,34,Call,6950.0,SPXW260924C06950000,745.9,766.4,756.15,0.0,0.0,0.0,0.0,0.0,0.2183,0.9386,0.0002,2.9365,-0.8921,5.6528,753.2953,0.0,0.0,0.0,0.0,no_change,,0.0,0.0
SPXW,2026-09-24,34,Put,6950.0,SPXW260924P06950000,13.3,13.7,13.5,0.0,0.0,0.0,0.0,0.0,0.219,-0.0612,0.0002,2.9365,-0.8921,-0.4162,13.5763,0.0,0.0,0.0,0.0,no_change,,0.0,0.0
SPXW,2026-09-24,34,Call,6975.0,SPXW260924C06975000,718.4,742.2,730.3,0.0,0.0,0.0,0.0,0.0,0.2147,0.935,0.0002,3.0725,-0.9196,5.6495,729.1252,0.0,0.0,0.0,0.0,no_change,,0.0,0.0
SPXW,2026-09-24,34,Put,6975.0,SPXW260924P06975000,14.0,14.4,14.2,0.0,0.0,0.0,0.0,0.0,0.2156,-0.0649,0.0002,3.0725,-0.9196,-0.4413,14.3107,0.0,0.0,0.0,0.0,no_change,,0.0,0.0
SPXW,2026-09-24,34,Call,7000.0,SPXW260924C07000000,698.3,718.1,708.2,0.0,0.0,0.0,0.0,0.0,0.2112,0.931,0.0003,3.2167,-0.9481,5.6439,705.0132,0.0,0.0,0.0,689.25,no_change,,0.0,0.0
SPXW,2026-09-24,34,Put,7000.0,SPXW260924P07000000,14.8,15.2,15.0,15.1,-4.45,-22.7621,1.0,7.0,0.2119,-0.0689,0.0003,3.2167,-0.9481,-0.4687,15.1031,15.1,15.1,15.1,19.5500001907349,down,2026-08-21T15:19:43,0.0,0.0
SPXW,2026-09-24,34,Call,7025.0,SPXW260924C07025000,675.0,694.0,684.5,0.0,0.0,0.0,0.0,0.0,0.2075,0.9267,0.0003,3.368,-0.9778,5.6359,680.9655,0.0,0.0,0.0,0.0,no_change,,0.0,0.0
SPXW,2026-09-24,34,Put,7025.0,SPXW260924P07025000,15.6,16.0,15.8,0.0,0.0,0.0,0.0,0.0,0.2083,-0.0732,0.0003,3.368,-0.9778,-0.4986,15.9598,0.0,0.0,0.0,0.0,no_change,,0.0,0.0
SPXW,2026-09-24,34,Call,7050.0,SPXW260924C07050000,651.1,670.0,660.55,0.0,0.0,0.0,0.0,0.0,0.2043,0.922,0.0003,3.5258,-1.0086,5.6256,656.9882,0.0,0.0,0.0,0.0,no_change,,0.0,0.0
SPXW,2026-09-24,34,Put,7050.0,SPXW260924P07050000,16.6,16.9,16.75,0.0,0.0,0.0,0.0,0.0,0.2049,-0.0778,0.0003,3.5258,-1.0086,-0.5307,16.8869,0.0,0.0,0.0,0.0,no_change,,0.0,0.0
SPXW,2026-09-24,34,Call,7075.0,SPXW260924C07075000,625.7,646.1,635.9000000000001,0.0,0.0,0.0,0.0,0.0,0.2008,0.917,0.0003,3.6915,-1.0406,5.6132,633.0871,0.0,0.0,0.0,0.0,no_change,,0.0,0.0
SPXW,2026-09-24,34,Put,7075.0,SPXW260924P07075000,17.6,17.9,17.75,0.0,0.0,0.0,0.0,0.0,0.2012,-0.0829,0.0003,3.6915,-1.0406,-0.5649,17.8901,0.0,0.0,0.0,0.0,no_change,,0.0,0.0
SPXW,2026-09-24,34,Call,7100.0,SPXW260924C07100000,602.6,622.3,612.45,670.22,0.0,0.0,0.0,1.0,0.1971,0.9115,0.0003,3.8675,-1.0737,5.5982,609.2685,0.0,0.0,0.0,593.850006103516,up,2026-08-19T10:53:11,0.0,0.0
SPXW,2026-09-24,34,Put,7100.0,SPXW260924P07100000,18.7,19.0,18.85,18.85,-5.4,-22.268,4.0,27.0,0.1978,-0.0883,0.0003,3.8675,-1.0737,-0.6017,18.976,20.3,20.3,18.85,24.25,down,2026-08-21T15:19:43,0.0,0.0
SPXW,2026-09-24,34,Call,7125.0,SPXW260924C07125000,579.5,598.5,589.0,0.0,0.0,0.0,0.0,0.0,0.1937,0.9056,0.0004,4.0549,-1.1079,5.5796,585.541,0.0,0.0,0.0,0.0,no_change,,0.0,0.0
SPXW,2026-09-24,34,Put,7125.0,SPXW260924P07125000,19.8,20.2,20.0,20.25,20.25,0.0,11.0,0.0,0.1943,-0.0942,0.0004,4.0549,-1.1079,-0.6421,20.1529,21.12,21.12,20.25,0.0,down,2026-08-21T13:45:13,0.0,0.0
SPXW,2026-09-24,34,Call,7150.0,SPXW260924C07150000,555.2,574.9,565.05,0.0,0.0,0.0,0.0,0.0,0.1904,0.8992,0.0004,4.2518,-1.1432,5.5571,561.9149,0.0,0.0,0.0,547.0,no_change,,0.0,0.0
SPXW,2026-09-24,34,Put,7150.0,SPXW260924P07150000,21.1,21.5,21.3,26.57,0.0,0.0,0.0,17.0,0.1908,-0.1006,0.0004,4.2518,-1.1432,-0.6865,21.4312,0.0,0.0,0.0,27.25,no_change,2026-08-20T14:21:20,0.0,0.0
SPXW,2026-09-24,34,Call,7175.0,SPXW260924C07175000,536.5,542.4,539.45,0.0,0.0,0.0,0.0,0.0,0.187,0.8923,0.0004,4.456,-1.1796,5.5309,538.4012,0.0,0.0,0.0,523.799987792969,no_change,,0.0,0.0
SPXW,2026-09-24,34,Put,7175.0,SPXW260924P07175000,22.5,22.8,22.65,28.22,0.0,0.0,0.0,40.0,0.1874,-0.1075,0.0004,4.456,-1.1796,-0.7345,22.8219,0.0,0.0,0.0,28.9000005722046,up,2026-08-20T14:05:45,0.0,0.0
SPXW,2026-09-24,34,Call,7200.0,SPXW260924C07200000,512.7,518.9,515.8,0.0,0.0,0.0,0.0,0.0,0.1836,0.8848,0.0004,4.6686,-1.2169,5.5015,515.01,0.0,0.0,0.0,500.700012207031,no_change,,0.0,0.0
SPXW,2026-09-24,34,Put,7200.0,SPXW260924P07200000,24.0,24.4,24.2,29.97,0.0,0.0,0.0,32.0,0.1842,-0.115,0.0004,4.6686,-1.2169,-0.7857,24.335,0.0,0.0,0.0,30.6999998092651,up,2026-08-20T14:05:45,0.0,0.0
SPXW,2026-09-24,34,Call,7225.0,SPXW260924C07225000,489.5,495.6,492.55,0.0,0.0,0.0,0.0,0.0,0.1801,0.8766,0.0005,4.8936,-1.2551,5.4678,491.7523,0.0,0.0,0.0,477.799987792969,no_change,,0.0,0.0
SPXW,2026-09-24,34,Put,7225.0,SPXW260924P07225000,25.6,26.0,25.8,27.13,-5.57,-17.0336,10.0,3.0,0.1807,-0.1232,0.0005,4.8936,-1.2551,-0.8412,25.9817,27.06,27.13,27.06,32.7000007629394,no_change,2026-08-21T10:09:17,0.0,0.0
SPXW,2026-09-24,34,Call,7250.0,SPXW260924C07250000,466.4,472.5,469.45,509.88,0.0,0.0,0.0,2.0,0.1767,0.8678,0.0005,5.1314,-1.294,5.4284,468.6436,0.0,0.0,0.0,455.050003051758,down,2026-08-19T13:21:47,0.0,0.0
SPXW,2026-09-24,34,Put,7250.0,SPXW260924P07250000,27.4,27.8,27.6,35.25,0.0,0.0,0.0,13.0,0.1774,-0.1321,0.0005,5.1314,-1.294,-0.9024,27.7774,0.0,0.0,0.0,34.7999992370606,up,2026-08-20T16:14:51,0.0,0.0
SPXW,2026-09-24,34,Call,7275.0,SPXW260924C07275000,443.6,449.5,446.55,511.53,0.0,0.0,0.0,1.0,0.1735,0.8581,0.0006,5.3774,-1.3336,5.3831,445.7026,0.0,0.0,0.0,432.5,up,2026-08-19T12:19:40,0.0,0.0
SPXW,2026-09-24,34,Put,7275.0,SPXW260924P07275000,29.4,29.8,29.6,31.08,-6.07,-16.3392,10.0,38.0,0.174,-0.1417,0.0006,5.3774,-1.3336,-0.9696,29.7409,31.04,31.08,31.04,37.1499996185303,no_change,2026-08-21T10:09:17,0.0,0.0
SPXW,2026-09-24,34,Call,7300.0,SPXW260924C07300000,420.8,426.8,423.8,0.0,0.0,0.0,0.0,0.0,0.1702,0.8477,0.0006,5.6297,-1.3737,5.3329,422.9471,0.0,0.0,0.0,410.100006103516,no_change,,0.0,0.0
SPXW,2026-09-24,34,Put,7300.0,SPXW260924P07300000,31.5,31.9,31.7,31.64,-7.96,-20.101,52.0,43.0,0.1707,-0.1522,0.0006,5.6297,-1.3737,-1.0416,31.8898,31.02,31.64,31.02,39.6000003814697,up,2026-08-21T13:16:15,0.0,0.0
SPXW,2026-09-24,34,Call,7325.0,SPXW260924C07325000,398.2,404.1,401.15,0.0,0.0,0.0,0.0,0.0,0.1668,0.8363,0.0006,5.893,-1.414,5.2771,400.3947,0.0,0.0,0.0,387.949996948242,no_change,,0.0,0.0
SPXW,2026-09-24,34,Put,7325.0,SPXW260924P07325000,33.8,34.3,34.05,33.71,-8.69,-20.4953,7.0,5.0,0.1674,-0.1636,0.0006,5.893,-1.414,-1.1192,34.2418,33.23,33.71,33.23,42.3999996185303,up,2026-08-21T11:38:50,0.0,0.0
SPXW,2026-09-24,34,Call,7350.0,SPXW260924C07350000,375.9,381.8,378.85,0.0,0.0,0.0,0.0,0.0,0.1636,0.8239,0.0007,6.1688,-1.4542,5.213,378.0695,0.0,0.0,0.0,366.0,no_change,,0.0,0.0
SPXW,2026-09-24,34,Put,7350.0,SPXW260924P07350000,36.4,36.9,36.65,36.07,-9.33,-20.5507,5.0,6.0,0.1641,-0.176,0.0007,6.1688,-1.4542,-1.2051,36.821,36.07,36.07,36.07,45.3999996185303,down,2026-08-21T11:38:50,0.0,0.0
SPXW,2026-09-24,34,Call,7375.0,SPXW260924C07375000,353.8,359.6,356.70000000000005,0.0,0.0,0.0,0.0,0.0,0.1603,0.8104,0.0007,6.4495,-1.4942,5.1407,356.0015,0.0,0.0,0.0,344.400009155273,no_change,,0.0,0.0
SPXW,2026-09-24,34,Put,7375.0,SPXW260924P07375000,39.2,39.7,39.45,44.08,0.0,0.0,0.0,1.0,0.1608,-0.1895,0.0007,6.4495,-1.4942,-1.2992,39.6574,0.0,0.0,0.0,48.6500015258789,up,2026-08-20T10:31:10,0.0,0.0
SPXW,2026-09-24,34,Call,7400.0,SPXW260924C07400000,332.1,337.8,334.95000000000005,0.0,0.0,0.0,0.0,0.0,0.1572,0.7957,0.0008,6.7329,-1.5334,5.0619,334.2174,0.0,0.0,0.0,323.049987792969,no_change,,0.0,0.0
SPXW,2026-09-24,34,Put,7400.0,SPXW260924P07400000,42.3,42.8,42.55,52.47,0.0,0.0,0.0,28.0,0.1576,-0.2042,0.0008,6.7329,-1.5334,-1.3998,42.7777,0.0,0.0,0.0,52.2000007629394,up,2026-08-20T15:03:15,0.0,0.0
SPXW,2026-09-24,34,Call,7425.0,SPXW260924C07425000,310.8,316.2,313.5,0.0,0.0,0.0,0.0,0.0,0.154,0.7797,0.0008,7.0247,-1.5714,4.9741,312.7457,0.0,0.0,0.0,302.0,no_change,,0.0,0.0
SPXW,2026-09-24,34,Put,7425.0,SPXW260924P07425000,45.7,46.2,45.95,46.1,-10.0,-17.8253,10.0,3.0,0.1544,-0.2201,0.0008,7.0247,-1.5714,-1.5095,46.2104,46.1,46.1,46.1,56.1000003814697,no_change,2026-08-21T13:53:27,0.0,0.0
SPXW,2026-09-24,34,Call,7450.0,SPXW260924C07450000,289.7,295.1,292.4,325.69,0.0,0.0,0.0,1.0,0.1507,0.7624,0.0009,7.3198,-1.6076,4.8744,291.6268,0.0,0.0,0.0,281.350006103516,down,2026-08-18T11:37:15,0.0,0.0
SPXW,2026-09-24,34,Put,7450.0,SPXW260924P07450000,49.5,50.0,49.75,61.25,0.0,0.0,0.0,9.0,0.1512,-0.2374,0.0009,7.3198,-1.6076,-1.6309,49.9959,0.0,0.0,0.0,60.2999992370606,up,2026-08-20T16:12:40,0.0,0.0
SPXW,2026-09-24,34,Call,7475.0,SPXW260924C07475000,268.8,274.3,271.55,309.53,0.0,0.0,0.0,2.0,0.1476,0.7436,0.0009,7.6085,-1.6415,4.7664,270.9003,0.0,0.0,0.0,261.050003051758,up,2026-08-19T13:21:47,0.0,0.0
SPXW,2026-09-24,34,Put,7475.0,SPXW260924P07475000,53.6,54.1,53.85,53.9,-11.05,-17.0131,10.0,10.0,0.148,-0.2563,0.0009,7.6085,-1.6415,-1.7608,54.1738,53.9,53.9,53.9,64.9499969482422,no_change,2026-08-21T13:53:27,0.0,0.0
SPXW,2026-09-24,34,Call,7500.0,SPXW260924C07500000,248.5,253.9,251.2,0.0,0.0,0.0,0.0,0.0,0.1445,0.7232,0.001,7.8952,-1.6722,4.648,250.6022,0.0,0.0,0.0,241.199996948242,no_change,,0.0,0.0
SPXW,2026-09-24,34,Put,7500.0,SPXW260924P07500000,58.2,58.7,58.45,58.2,-11.8,-16.8571,1.0,9.0,0.1449,-0.2767,0.001,7.8952,-1.6722,-1.901,58.7801,58.2,58.2,58.2,70.0,down,2026-08-21T15:56:46,0.0,0.0
SPXW,2026-09-24,34,Call,7510.0,SPXW260924C07510000,240.5,245.8,243.15,0.0,0.0,0.0,0.0,0.0,0.1433,0.7146,0.001,8.009,-1.6834,4.5963,242.6143,0.0,0.0,0.0,0.0,no_change,,0.0,0.0
SPXW,2026-09-24,34,Put,7510.0,SPXW260924P07510000,60.1,60.6,60.35,0.0,0.0,0.0,0.0,0.0,0.1437,-0.2853,0.001,8.009,-1.6834,-1.9614,60.754,0.0,0.0,0.0,0.0,no_change,,0.0,0.0
SPXW,2026-09-24,34,Call,7520.0,SPXW260924C07520000,232.6,237.8,235.2,0.0,0.0,0.0,0.0,0.0,0.142,0.7057,0.001,8.1206,-1.6939,4.5425,234.7072,0.0,0.0,0.0,0.0,no_change,,0.0,0.0
SPXW,2026-09-24,34,Put,7520.0,SPXW260924P07520000,62.2,62.7,62.45,0.0,0.0,0.0,0.0,0.0,0.1424,-0.2942,0.001,8.1206,-1.6939,-2.024,62.8086,0.0,0.0,0.0,0.0,no_change,,0.0,0.0
SPXW,2026-09-24,34,Call,7525.0,SPXW260924C07525000,228.7,233.9,231.3,0.0,0.0,0.0,0.0,0.0,0.1415,0.7011,0.001,8.1752,-1.6988,4.515,230.785,0.0,0.0,0.0,222.099998474121,no_change,,0.0,0.0
SPXW,2026-09-24,34,Put,7525.0,SPXW260924P07525000,63.2,63.7,63.45,67.4,0.0,0.0,0.0,12.0,0.1419,-0.2987,0.001,8.1752,-1.6988,-2.0558,63.8672,0.0,0.0,0.0,75.5500030517578,up,2026-08-18T10:53:49,0.0,0.0
SPXW,2026-09-24,34,Call,7530.0,SPXW260924C07530000,224.7,229.9,227.3,0.0,0.0,0.0,0.0,0.0,0.1409,0.6965,0.001,8.229,-1.7036,4.4872,226.884,0.0,0.0,0.0,0.0,no_change,,0.0,0.0
SPXW,2026-09-24,34,Put,7530.0,SPXW260924P07530000,64.3,64.8,64.55,0.0,0.0,0.0,0.0,0.0,0.1412,-0.3033,0.001,8.229,-1.7036,-2.088,64.9471,0.0,0.0,0.0,0.0,no_change,,0.0,0.0
SPXW,2026-09-24,34,Call,7540.0,SPXW260924C07540000,219.6,220.2,219.89999999999998,0.0,0.0,0.0,0.0,0.0,0.1401,0.6871,0.0011,8.3338,-1.7124,4.4307,219.1471,0.0,0.0,0.0,0.0,no_change,,0.0,0.0
SPXW,2026-09-24,34,Put,7540.0,SPXW260924P07540000,66.5,67.0,66.75,0.0,0.0,0.0,0.0,0.0,0.14,-0.3128,0.0011,8.3338,-1.7124,-2.1532,67.172,0.0,0.0,0.0,0.0,no_change,,0.0,0.0
SPXW,2026-09-24,34,Call,7550.0,SPXW260924C07550000,212.0,212.5,212.25,244.68,0.0,0.0,0.0,10.0,0.1389,0.6773,0.0011,8.4357,-1.7205,4.3728,211.4991,0.0,0.0,0.0,203.300003051758,up,2026-08-18T10:12:28,0.0,0.0
SPXW,2026-09-24,34,Put,7550.0,SPXW260924P07550000,68.8,69.3,69.05,69.71,-11.94,-14.6234,1.0,1.0,0.1388,-0.3225,0.0011,8.4357,-1.7205,-2.2199,69.4858,69.71,69.71,69.71,81.6500015258789,down,2026-08-21T11:16:53,0.0,0.0
SPXW,2026-09-24,34,Call,7560.0,SPXW260924C07560000,204.4,204.9,204.65,0.0,0.0,0.0,0.0,0.0,0.1377,0.6673,0.0011,8.5352,-1.7275,4.3126,203.9434,0.0,0.0,0.0,0.0,no_change,,0.0,0.0
SPXW,2026-09-24,34,Put,7560.0,SPXW260924P07560000,71.2,71.7,71.45,0.0,0.0,0.0,0.0,0.0,0.1376,-0.3325,0.0011,8.5352,-1.7275,-2.2888,71.8918,0.0,0.0,0.0,0.0,no_change,,0.0,0.0
SPXW,2026-09-24,34,Call,7570.0,SPXW260924C07570000,196.9,197.5,197.2,0.0,0.0,0.0,0.0,0.0,0.1365,0.657,0.0012,8.6322,-1.7336,4.2495,196.4845,0.0,0.0,0.0,0.0,no_change,,0.0,0.0
SPXW,2026-09-24,34,Put,7570.0,SPXW260924P07570000,73.7,74.2,73.95,0.0,0.0,0.0,0.0,0.0,0.1365,-0.3428,0.0012,8.6322,-1.7336,-2.3606,74.3947,0.0,0.0,0.0,0.0,no_change,,0.0,0.0
SPXW,2026-09-24,34,Call,7575.0,SPXW260924C07575000,193.2,193.8,193.5,222.07,0.0,0.0,0.0,4.0,0.1359,0.6518,0.0012,8.6794,-1.7362,4.2169,192.7929,0.0,0.0,0.0,185.099998474121,down,2026-08-18T15:58:57,0.0,0.0
SPXW,2026-09-24,34,Put,7575.0,SPXW260924P07575000,74.9,75.5,75.2,75.8,-12.45,-14.1076,5.0,17.0,0.1359,-0.3481,0.0012,8.6794,-1.7362,-2.3976,75.684,75.8,75.8,75.8,88.25,down,2026-08-21T15:59:47,0.0,0.0
SPXW,2026-09-24,34,Call,7580.0,SPXW260924C07580000,189.5,190.1,189.8,0.0,0.0,0.0,0.0,0.0,0.1353,0.6464,0.0012,8.7255,-1.7385,4.1836,189.1274,0.0,0.0,0.0,0.0,no_change,,0.0,0.0
SPXW,2026-09-24,34,Put,7580.0,SPXW260924P07580000,76.2,76.8,76.5,77.1,77.1,0.0,5.0,0.0,0.1353,-0.3534,0.0012,8.7255,-1.7385,-2.4353,76.9994,77.1,77.1,77.1,0.0,up,2026-08-21T15:59:47,0.0,0.0
SPXW,2026-09-24,34,Call,7590.0,SPXW260924C07590000,182.3,182.8,182.55,0.0,0.0,0.0,0.0,0.0,0.1343,0.6355,0.0012,8.8137,-1.7422,4.1156,181.8767,0.0,0.0,0.0,0.0,no_change,,0.0,0.0
SPXW,2026-09-24,34,Put,7590.0,SPXW260924P07590000,78.9,79.5,79.2,0.0,0.0,0.0,0.0,0.0,0.1341,-0.3643,0.0012,8.8137,-1.7422,-2.5119,79.7104,0.0,0.0,0.0,0.0,no_change,,0.0,0.0
SPXW,2026-09-24,34,Call,7600.0,SPXW260924C07600000,175.1,175.7,175.39999999999998,174.72,7.22,4.31045,5.0,14.0,0.133,0.6244,0.0012,8.8957,-1.7447,4.0465,174.7357,174.72,174.72,174.72,167.5,down,2026-08-21T14:46:25,0.0,0.0
SPXW,2026-09-24,34,Put,7600.0,SPXW260924P07600000,81.7,82.3,82.0,82.48,-13.22,-13.814,1.0,7.0,0.1329,-0.3755,0.0012,8.8957,-1.7447,-2.5898,82.5312,82.48,82.48,82.48,95.7000007629394,down,2026-08-21T11:16:53,0.0,0.0
SPXW,2026-09-24,34,Call,7610.0,SPXW260924C07610000,168.0,168.6,168.3,171.9,171.9,0.0,7.0,0.0,0.1319,0.6129,0.0012,8.9717,-1.7459,3.9762,167.7072,175.3,175.3,171.9,0.0,down,2026-08-21T15:15:10,0.0,0.0
SPXW,2026-09-24,34,Put,7610.0,SPXW260924P07610000,84.6,85.2,84.9,0.0,0.0,0.0,0.0,0.0,0.1318,-0.387,0.0012,8.9717,-1.7459,-2.6688,85.4645,0.0,0.0,0.0,0.0,no_change,,0.0,0.0
SPXW,2026-09-24,34,Call,7620.0,SPXW260924C07620000,161.1,161.7,161.39999999999998,0.0,0.0,0.0,0.0,0.0,0.1308,0.6011,0.0013,9.0421,-1.7458,3.9038,160.795,0.0,0.0,0.0,0.0,no_change,,0.0,0.0
SPXW,2026-09-24,34,Put,7620.0,SPXW260924P07620000,87.7,88.2,87.95,0.0,0.0,0.0,0.0,0.0,0.1307,-0.3987,0.0013,9.0421,-1.7458,-2.7499,88.514,0.0,0.0,0.0,0.0,no_change,,0.0,0.0
SPXW,2026-09-24,34,Call,7625.0,SPXW260924C07625000,157.7,158.3,158.0,0.0,0.0,0.0,0.0,0.0,0.1302,0.5951,0.0013,9.0752,-1.7452,3.8665,157.3841,0.0,0.0,0.0,150.699996948242,no_change,,0.0,0.0
SPXW,2026-09-24,34,Put,7625.0,SPXW260924P07625000,89.2,89.8,89.5,95.97,0.0,0.0,0.0,5.0,0.1301,-0.4047,0.0013,9.0752,-1.7452,-2.7916,90.084,0.0,0.0,0.0,103.650001525879,up,2026-08-20T13:22:16,0.0,0.0
SPXW,2026-09-24,34,Call,7630.0,SPXW260924C07630000,154.3,154.9,154.60000000000002,0.0,0.0,0.0,0.0,0.0,0.1296,0.5891,0.0013,9.1068,-1.7442,3.8283,154.0043,0.0,0.0,0.0,0.0,no_change,,0.0,0.0
SPXW,2026-09-24,34,Put,7630.0,SPXW260924P07630000,90.8,91.4,91.1,0.0,0.0,0.0,0.0,0.0,0.1295,-0.4108,0.0013,9.1068,-1.7442,-2.8341,91.6851,0.0,0.0,0.0,0.0,no_change,,0.0,0.0
SPXW,2026-09-24,34,Call,7640.0,SPXW260924C07640000,147.6,148.2,147.89999999999998,0.0,0.0,0.0,0.0,0.0,0.1285,0.5767,0.0013,9.1647,-1.7412,3.7498,147.3413,0.0,0.0,0.0,0.0,no_change,,0.0,0.0
SPXW,2026-09-24,34,Put,7640.0,SPXW260924P07640000,94.1,94.7,94.4,92.69,92.69,0.0,8.0,0.0,0.1285,-0.4231,0.0013,9.1647,-1.7412,-2.9214,94.9838,92.69,92.69,92.69,0.0,no_change,2026-08-21T12:07:40,0.0,0.0
SPXW,2026-09-24,34,Call,7650.0,SPXW260924C07650000,141.1,141.7,141.39999999999998,148.8,14.15,10.5087,9.0,12.0,0.1274,0.5641,0.0013,9.2148,-1.7365,3.6694,140.8111,143.68,148.8,143.68,134.650001525879,up,2026-08-21T12:06:47,0.0,0.0
SPXW,2026-09-24,34,Put,7650.0,SPXW260924P07650000,97.5,98.1,97.8,95.94,-16.61,-14.7579,11.0,69.0,0.1274,-0.4357,0.0013,9.2148,-1.7365,-3.0105,98.4154,96.97,96.97,95.94,112.550003051758,no_change,2026-08-21T12:07:40,0.0,0.0
SPXW,2026-09-24,34,Call,7660.0,SPXW260924C07660000,134.7,135.3,135.0,142.31,142.31,0.0,8.0,0.0,0.1264,0.5512,0.0013,9.256,-1.7302,3.5884,134.4175,142.31,142.31,142.31,0.0,up,2026-08-21T12:06:47,0.0,0.0
SPXW,2026-09-24,34,Put,7660.0,SPXW260924P07660000,101.1,101.7,101.4,101.0,101.0,0.0,4.0,0.0,0.1263,-0.4486,0.0013,9.256,-1.7302,-3.1002,101.9835,104.3,104.3,96.0,0.0,up,2026-08-21T12:20:23,0.0,0.0
SPXW,2026-09-24,34,Call,7670.0,SPXW260924C07670000,128.4,129.0,128.7,130.91,130.91,0.0,1.0,0.0,0.1254,0.5381,0.0014,9.2884,-1.7222,3.5063,128.1632,130.91,130.91,130.91,0.0,up,2026-08-21T11:28:21,0.0,0.0
SPXW,2026-09-24,34,Put,7670.0,SPXW260924P07670000,104.8,105.4,105.1,107.19,107.19,0.0,1.0,0.0,0.1253,-0.4618,0.0014,9.2884,-1.7222,-3.191,105.6911,107.19,107.19,107.19,0.0,up,2026-08-21T14:38:42,0.0,0.0
SPXW,2026-09-24,34,Call,7675.0,SPXW260924C07675000,125.4,125.9,125.65,124.42,5.02,4.20436,13.0,21.0,0.1249,0.5314,0.0014,9.3012,-1.7176,3.4645,125.0897,122.53,137.53,122.44,119.399997711182,down,2026-08-21T14:39:00,0.0,0.0
SPXW,2026-09-24,34,Put,7675.0,SPXW260924P07675000,106.7,107.3,107.0,106.59,-15.71,-12.8455,3.0,15.0,0.1248,-0.4684,0.0014,9.3012,-1.7176,-3.2372,107.5984,106.08,109.12,106.08,122.299999237061,down,2026-08-21T15:54:54,0.0,0.0
SPXW,2026-09-24,34,Call,7680.0,SPXW260924C07680000,122.3,122.9,122.6,121.47,121.47,0.0,1.0,0.0,0.1243,0.5247,0.0014,9.3118,-1.7126,3.4219,122.0528,121.47,121.47,121.47,0.0,up,2026-08-21T14:39:00,0.0,0.0
SPXW,2026-09-24,34,Put,7680.0,SPXW260924P07680000,108.6,109.2,108.9,0.0,0.0,0.0,0.0,0.0,0.1242,-0.4752,0.0014,9.3118,-1.7126,-3.2842,109.5424,0.0,0.0,0.0,0.0,no_change,,0.0,0.0
SPXW,2026-09-24,34,Call,7690.0,SPXW260924C07690000,116.4,116.9,116.65,119.2,119.2,0.0,9.0,0.0,0.1233,0.511,0.0014,9.3256,-1.7012,3.3344,116.0925,124.1,125.8,119.2,0.0,down,2026-08-21T15:13:14,0.0,0.0
SPXW,2026-09-24,34,Put,7690.0,SPXW260924P07690000,112.6,113.2,112.9,0.0,0.0,0.0,0.0,0.0,0.1232,-0.4888,0.0014,9.3256,-1.7012,-3.3805,113.5439,0.0,0.0,0.0,0.0,no_change,,0.0,0.0
SPXW,2026-09-24,34,Call,7700.0,SPXW260924C07700000,110.5,111.1,110.8,122.1,16.95,16.1198,7.0,13.0,0.1223,0.4972,0.0014,9.3291,-1.688,3.2446,110.2884,110.64,122.5,110.64,105.150001525879,up,2026-08-21T11:50:31,0.0,0.0
SPXW,2026-09-24,34,Put,7700.0,SPXW260924P07700000,116.8,117.4,117.1,116.08,-16.77,-12.6233,1.0,5.0,0.1223,-0.5026,0.0014,9.3291,-1.688,-3.4789,117.7015,116.08,116.08,116.08,132.850006103516,down,2026-08-21T10:59:19,0.0,0.0
SPXW,2026-09-24,34,Call,7710.0,SPXW260924C07710000,104.9,105.5,105.2,0.0,0.0,0.0,0.0,0.0,0.1213,0.4831,0.0014,9.3219,-1.6729,3.1546,104.644,0.0,0.0,0.0,0.0,no_change,,0.0,0.0
SPXW,2026-09-24,34,Put,7710.0,SPXW260924P07710000,121.1,121.7,121.4,0.0,0.0,0.0,0.0,0.0,0.1213,-0.5167,0.0014,9.3219,-1.6729,-3.5777,122.0189,0.0,0.0,0.0,0.0,no_change,,0.0,0.0
SPXW,2026-09-24,34,Call,7720.0,SPXW260924C07720000,99.4,100.0,99.7,105.57,105.57,0.0,1.0,0.0,0.1204,0.4689,0.0014,9.3039,-1.6561,3.0645,99.1613,105.57,105.57,105.57,0.0,up,2026-08-21T15:49:55,0.0,0.0
SPXW,2026-09-24,34,Put,7720.0,SPXW260924P07720000,125.6,126.2,125.9,0.0,0.0,0.0,0.0,0.0,0.1203,-0.5309,0.0014,9.3039,-1.6561,-3.6765,126.4979,0.0,0.0,0.0,0.0,no_change,,0.0,0.0
SPXW,2026-09-24,34,Call,7725.0,SPXW260924C07725000,96.7,97.3,97.0,102.82,10.97,11.9434,1.0,10.0,0.1199,0.4617,0.0014,9.2907,-1.6469,3.019,96.4814,102.82,102.82,102.82,91.8499984741211,down,2026-08-21T15:49:55,0.0,0.0
SPXW,2026-09-24,34,Put,7725.0,SPXW260924P07725000,127.9,128.5,128.2,130.3,-14.2,-9.82699,6.0,6.0,0.1199,-0.5381,0.0014,9.2907,-1.6469,-3.7263,128.7989,130.3,130.3,130.3,144.5,up,2026-08-21T10:09:45,0.0,0.0
SPXW,2026-09-24,34,Call,7750.0,SPXW260924C07750000,83.9,84.5,84.2,91.0,11.45,14.3935,4.0,4.0,0.1176,0.4254,0.0014,9.1782,-1.5944,2.783,83.7192,84.06,91.0,84.06,79.5500030517578,up,2026-08-21T12:05:32,0.0,0.0
SPXW,2026-09-24,34,Put,7750.0,SPXW260924P07750000,140.0,140.6,140.3,0.0,0.0,0.0,0.0,0.0,0.1176,-0.5745,0.0014,9.1782,-1.5944,-3.9842,140.9411,0.0,0.0,0.0,157.050003051758,no_change,,0.0,0.0
SPXW,2026-09-24,34,Call,7775.0,SPXW260924C07775000,72.2,72.8,72.5,108.98,0.0,0.0,0.0,5.0,0.1155,0.3885,0.0014,8.9915,-1.5304,2.5465,72.0479,0.0,0.0,0.0,68.2999992370606,down,2026-08-19T12:24:52,0.0,0.0
SPXW,2026-09-24,34,Put,7775.0,SPXW260924P07775000,153.2,153.8,153.5,148.62,0.0,0.0,0.0,10.0,0.1156,-0.6113,0.0014,8.9915,-1.5304,-4.2425,154.1742,0.0,0.0,0.0,170.699996948242,up,2026-08-18T10:55:52,0.0,0.0
SPXW,2026-09-24,34,Call,7800.0,SPXW260924C07800000,61.6,62.1,61.85,55.2,0.0,0.0,0.0,69.0,0.1136,0.3517,0.0014,8.7246,-1.4558,2.3053,61.4795,0.0,0.0,0.0,58.1500015258789,no_change,2026-08-20T16:00:36,0.0,0.0
SPXW,2026-09-24,34,Put,7800.0,SPXW260924P07800000,167.5,168.0,167.75,159.0,-26.5,-14.2857,2.0,0.0,0.1136,-0.6481,0.0014,8.7246,-1.4558,-4.5055,168.5102,172.0,172.0,159.0,185.5,down,2026-08-21T11:40:53,0.0,0.0
SPXW,2026-09-24,34,Call,7825.0,SPXW260924C07825000,52.1,52.6,52.35,53.0,3.95,8.05301,3.0,1.0,0.1118,0.3154,0.0014,8.3873,-1.3713,2.0707,52.0099,51.34,53.0,51.34,49.0499992370606,up,2026-08-21T16:04:25,0.0,0.0
SPXW,2026-09-24,34,Put,7825.0,SPXW260924P07825000,182.8,183.4,183.10000000000002,0.0,0.0,0.0,0.0,0.0,0.1118,-0.6844,0.0014,8.3873,-1.3713,-4.7619,183.945,0.0,0.0,0.0,201.5,no_change,,0.0,0.0
SPXW,2026-09-24,34,Call,7850.0,SPXW260924C07850000,43.6,44.1,43.85,0.0,0.0,0.0,0.0,0.0,0.1101,0.2802,0.0013,7.9754,-1.2784,1.8382,43.6107,0.0,0.0,0.0,41.0499992370606,no_change,,0.0,0.0
SPXW,2026-09-24,34,Put,7850.0,SPXW260924P07850000,196.7,202.0,199.35,195.4,0.0,0.0,0.0,3.0,0.1105,-0.7197,0.0013,7.9754,-1.2784,-5.0163,200.4502,0.0,0.0,0.0,218.400001525879,up,2026-08-20T10:01:11,0.0,0.0
SPXW,2026-09-24,34,Call,7875.0,SPXW260924C07875000,36.2,36.7,36.45,34.75,0.75,2.20588,2.0,3.0,0.1086,0.2463,0.0012,7.5096,-1.179,1.6178,36.234,34.75,34.75,34.75,34.0,no_change,2026-08-21T10:40:34,0.0,0.0
SPXW,2026-09-24,34,Put,7875.0,SPXW260924P07875000,214.1,219.6,216.85,0.0,0.0,0.0,0.0,0.0,0.109,-0.7535,0.0012,7.5096,-1.179,-5.2584,217.9779,0.0,0.0,0.0,236.300003051758,no_change,,0.0,0.0
SPXW,2026-09-24,34,Call,7900.0,SPXW260924C07900000,29.8,30.2,30.0,32.85,4.85,17.3214,6.0,25.0,0.1073,0.2143,0.0012,6.9873,-1.075,1.4075,29.8288,28.84,32.85,28.84,28.0,no_change,2026-08-21T11:35:01,0.0,0.0
SPXW,2026-09-24,34,Put,7900.0,SPXW260924P07900000,232.5,238.1,235.3,200.82,0.0,0.0,0.0,4.0,0.1077,-0.7855,0.0012,6.9873,-1.075,-5.4906,236.4772,0.0,0.0,0.0,255.149993896484,down,2026-08-19T11:38:03,0.0,0.0
SPXW,2026-09-24,34,Call,7925.0,SPXW260924C07925000,24.2,24.7,24.45,27.05,4.25,18.6404,8.0,4.0,0.1061,0.1846,0.0011,6.4346,-0.9689,1.2114,24.3241,23.74,27.05,23.4,22.8000001907349,no_change,2026-08-21T11:35:01,0.0,0.0
SPXW,2026-09-24,34,Put,7925.0,SPXW260924P07925000,251.9,257.7,254.8,0.0,0.0,0.0,0.0,0.0,0.1066,-0.8153,0.0011,6.4346,-0.9689,-5.7085,255.8768,0.0,0.0,0.0,274.949996948242,no_change,,0.0,0.0
SPXW,2026-09-24,34,Call,7950.0,SPXW260924C07950000,19.6,20.0,19.8,17.6,0.0,0.0,0.0,24.0,0.105,0.1572,0.001,5.855,-0.863,1.0329,19.6553,0.0,0.0,0.0,18.4000005722046,down,2026-08-20T16:09:59,0.0,0.0
SPXW,2026-09-24,34,Put,7950.0,SPXW260924P07950000,272.1,278.0,275.05,0.0,0.0,0.0,0.0,0.0,0.1056,-0.8426,0.001,5.855,-0.863,-5.9088,276.1124,0.0,0.0,0.0,295.5,no_change,,0.0,0.0
SPXW,2026-09-24,34,Call,7975.0,SPXW260924C07975000,15.6,16.1,15.850000000000001,16.55,1.8,12.2034,10.0,19.0,0.1041,0.1326,0.0009,5.2702,-0.76,0.8695,15.7437,16.55,16.55,16.55,14.75,no_change,2026-08-21T13:53:27,0.0,0.0
SPXW,2026-09-24,34,Put,7975.0,SPXW260924P07975000,292.9,299.1,296.0,0.0,0.0,0.0,0.0,0.0,0.1047,-0.8672,0.0009,5.2702,-0.76,-6.094,297.1052,0.0,0.0,0.0,316.75,no_change,,0.0,0.0
SPXW,2026-09-24,34,Call,8000.0,SPXW260924C08000000,12.4,12.8,12.600000000000001,16.2,0.0,0.0,0.0,10.0,0.1033,0.1107,0.0008,4.6933,-0.6619,0.7265,12.5112,0.0,0.0,0.0,11.75,down,2026-08-20T10:29:46,0.0,0.0
SPXW,2026-09-24,34,Put,8000.0,SPXW260924P08000000,314.5,320.8,317.65,0.0,0.0,0.0,0.0,0.0,0.1041,-0.8891,0.0008,4.6933,-0.6619,-6.2589,318.7771,0.0,0.0,0.0,338.600006103516,no_change,,0.0,0.0
SPXW,2026-09-24,34,Call,8025.0,SPXW260924C08025000,9.8,10.1,9.95,10.55,1.25,13.4409,22.0,0.0,0.1026,0.0917,0.0007,4.1356,-0.5708,0.6006,9.8794,10.23,11.94,10.17,9.2999997138977,no_change,2026-08-21T13:53:27,0.0,0.0
SPXW,2026-09-24,34,Put,8025.0,SPXW260924P08025000,328.6,352.1,340.35,0.0,0.0,0.0,0.0,0.0,0.1036,-0.9082,0.0007,4.1356,-0.5708,-6.4066,341.0497,0.0,0.0,0.0,359.449996948242,no_change,,0.0,0.0
SPXW,2026-09-24,34,Call,8050.0,SPXW260924C08050000,7.6,8.0,7.8,9.34,2.04,27.9452,8.0,9.0,0.102,0.0753,0.0006,3.6142,-0.488,0.4928,7.7642,8.1,9.5,8.1,7.29999995231628,down,2026-08-21T11:38:50,0.0,0.0
SPXW,2026-09-24,34,Put,8050.0,SPXW260924P08050000,351.3,374.9,363.1,0.0,0.0,0.0,0.0,0.0,0.1033,-0.9245,0.0006,3.6142,-0.488,-6.5362,363.8389,0.0,0.0,0.0,381.699996948242,no_change,,0.0,0.0
SPXW,2026-09-24,34,Call,8075.0,SPXW260924C08075000,6.0,6.3,6.15,7.35,7.35,0.0,5.0,0.0,0.1018,0.0616,0.0005,3.1328,-0.4146,0.4028,6.09,7.35,7.35,7.35,0.0,up,2026-08-21T11:38:50,0.0,0.0
SPXW,2026-09-24,34,Put,8075.0,SPXW260924P08075000,374.4,398.1,386.25,0.0,0.0,0.0,0.0,0.0,0.1034,-0.9383,0.0005,3.1328,-0.4146,-6.648,387.0691,0.0,0.0,0.0,0.0,no_change,,0.0,0.0
SPXW,2026-09-24,34,Call,8100.0,SPXW260924C08100000,4.6,5.0,4.8,5.86,1.31,28.7912,2.0,29.0,0.1017,0.0502,0.0004,2.7028,-0.3509,0.3273,4.7807,5.0,5.86,5.0,4.54999995231628,up,2026-08-21T11:39:15,0.0,0.0
SPXW,2026-09-24,34,Put,8100.0,SPXW260924P08100000,398.0,421.6,409.8,0.0,0.0,0.0,0.0,0.0,0.1036,-0.9497,0.0004,2.7028,-0.3509,-6.7454,410.6642,0.0,0.0,0.0,430.399993896484,no_change,,0.0,0.0
SPXW,2026-09-24,34,Call,8125.0,SPXW260924C08125000,3.6,3.9,3.75,0.0,0.0,0.0,0.0,0.0,0.1017,0.0409,0.0004,2.3234,-0.2967,0.2668,3.769,0.0,0.0,0.0,0.0,no_change,,0.0,0.0
SPXW,2026-09-24,34,Put,8125.0,SPXW260924P08125000,421.9,445.5,433.7,0.0,0.0,0.0,0.0,0.0,0.1042,-0.959,0.0004,2.3234,-0.2967,-6.8276,434.5569,0.0,0.0,0.0,0.0,no_change,,0.0,0.0
SPXW,2026-09-24,34,Call,8150.0,SPXW260924C08150000,2.9,3.1,3.0,3.5,3.5,0.0,2.0,0.0,0.1021,0.0334,0.0003,1.9972,-0.2514,0.2174,2.9947,3.71,3.71,3.5,0.0,down,2026-08-21T15:19:43,0.0,0.0
SPXW,2026-09-24,34,Put,8150.0,SPXW260924P08150000,445.9,469.6,457.75,0.0,0.0,0.0,0.0,0.0,0.1048,-0.9664,0.0003,1.9972,-0.2514,-6.8989,458.6871,0.0,0.0,0.0,0.0,no_change,,0.0,0.0
SPXW,2026-09-24,34,Call,8175.0,SPXW260924C08175000,2.3,2.5,2.4,0.0,0.0,0.0,0.0,0.0,0.1026,0.0275,0.0003,1.7199,-0.2142,0.1788,2.4058,0.0,0.0,0.0,0.0,no_change,,0.0,0.0
SPXW,2026-09-24,34,Put,8175.0,SPXW260924P08175000,470.2,493.9,482.04999999999995,0.0,0.0,0.0,0.0,0.0,0.1058,-0.9724,0.0003,1.7199,-0.2142,-6.9592,483.0026,0.0,0.0,0.0,0.0,no_change,,0.0,0.0
SPXW,2026-09-24,34,Call,8200.0,SPXW260924C08200000,1.8,2.0,1.9,2.83,0.0,0.0,0.0,3.0,0.1034,0.0228,0.0002,1.4879,-0.184,0.1479,1.9594,0.0,0.0,0.0,1.875,down,2026-08-20T10:44:30,0.0,0.0
SPXW,2026-09-24,34,Put,8200.0,SPXW260924P08200000,494.6,518.4,506.5,0.0,0.0,0.0,0.0,0.0,0.1068,-0.977,0.0002,1.4879,-0.184,-7.012,507.4605,0.0,0.0,0.0,527.300018310547,no_change,,0.0,0.0
SPXW,2026-09-24,34,Call,8300.0,SPXW260924C08300000,0.9,1.05,0.9750000000000001,1.2,0.225,23.0769,1.0,5.0,0.1088,0.0121,0.0001,0.8942,-0.1113,0.078,1.0078,1.2,1.2,1.2,0.974999964237213,down,2026-08-21T15:19:43,0.0,0.0
SPXW,2026-09-24,34,Put,8300.0,SPXW260924P08300000,593.3,617.1,605.2,0.0,0.0,0.0,0.0,0.0,0.1151,-0.9878,0.0001,0.8942,-0.1113,-7.1691,606.1266,0.0,0.0,0.0,625.449981689453,no_change,,0.0,0.0
SPXW,2026-09-24,34,Call,8400.0,SPXW260924C08400000,0.5,0.7,0.6,0.8,0.0,0.0,0.0,4.0,0.1166,0.0075,0.0001,0.5999,-0.078,0.0483,0.6355,0.0,0.0,0.0,0.599999994039536,no_change,2026-08-20T09:58:45,0.0,0.0
SPXW,2026-09-24,34,Put,8400.0,SPXW260924P08400000,692.5,716.4,704.45,0.0,0.0,0.0,0.0,0.0,0.1264,-0.9923,0.0001,0.6002,-0.0781,-7.2861,705.3722,0.0,0.0,0.0,725.100006103516,no_change,,0.0,0.0
SPXW,2026-09-24,34,Call,8500.0,SPXW260924C08500000,0.35,0.55,0.45,0.0,0.0,0.0,0.0,0.0,0.1255,0.0052,0.0,0.4323,-0.0596,0.0329,0.4491,0.0,0.0,0.0,0.424999997019768,no_change,,0.0,0.0
SPXW,2026-09-24,34,Put,8500.0,SPXW260924P08500000,792.0,812.8,802.4,0.0,0.0,0.0,0.0,0.0,0.1391,-0.9947,0.0,0.4325,-0.0596,-7.3888,804.8032,0.0,0.0,0.0,824.5,no_change,,0.0,0.0
SPXW,2026-09-24,34,Call,8600.0,SPXW260924C08600000,0.25,0.4,0.325,0.35,0.0,1.70299e-06,10.0,1.0,0.1348,0.0037,0.0,0.3253,-0.0476,0.0238,0.3375,0.35,0.35,0.35,0.349999994039536,no_change,2026-08-21T10:09:17,0.0,0.0
SPXW,2026-09-24,34,Put,8600.0,SPXW260924P08600000,891.5,915.4,903.45,0.0,0.0,0.0,0.0,0.0,0.1511,-0.9961,0.0,0.3255,-0.0476,-7.4852,904.3092,0.0,0.0,0.0,923.600006103516,no_change,,0.0,0.0
SPXW,2026-09-24,34,Call,8800.0,SPXW260924C08800000,0.15,0.3,0.22499999999999998,0.0,0.0,0.0,0.0,0.0,0.1541,0.0022,0.0,0.1996,-0.0327,0.0138,0.2109,0.0,0.0,0.0,0.225000008940697,no_change,,0.0,0.0
SPXW,2026-09-24,34,Put,8800.0,SPXW260924P08800000,1090.7,1114.5,1102.6,0.0,0.0,0.0,0.0,0.0,0.1772,-0.9976,0.0,0.1996,-0.0327,-7.6697,1103.4177,0.0,0.0,0.0,1122.75,no_change,,0.0,0.0
SPXW,2026-09-24,34,Call,9000.0,SPXW260924C09000000,0.05,0.25,0.15,0.0,0.0,0.0,0.0,0.0,0.1711,0.0014,0.0,0.1306,-0.0236,0.0087,0.1415,0.0,0.0,0.0,0.175000000745058,no_change,,0.0,0.0
SPXW,2026-09-24,34,Put,9000.0,SPXW260924P09000000,1290.0,1310.6,1300.3,0.0,0.0,0.0,0.0,0.0,0.2022,-0.9985,0.0,0.1306,-0.0236,-7.8494,1302.5835,0.0,0.0,0.0,1322.25,no_change,,0.0,0.0
SPXW,2026-09-24,34,Call,9200.0,SPXW260924C09200000,0.0,0.2,0.1,0.0,0.0,0.0,0.0,0.0,0.1899,0.0009,0.0,0.0885,-0.0174,0.0056,0.098,0.0,0.0,0.0,0.125000001862645,no_change,,0.0,0.0
SPXW,2026-09-24,34,Put,9200.0,SPXW260924P09200000,1489.2,1512.9,1501.0500000000002,0.0,0.0,0.0,0.0,0.0,0.2259,-0.9989,0.0,0.0888,-0.0175,-8.027,1501.7757,0.0,0.0,0.0,1521.15002441406,no_change,,0.0,0.0
SPXW,2026-09-24,34,Call,9400.0,SPXW260924C09400000,0.0,0.2,0.1,0.0,0.0,0.0,0.0,0.0,0.207,0.0006,0.0,0.0616,-0.013,0.0038,0.0696,0.0,0.0,0.0,0.0750000029802322,no_change,,0.0,0.0
SPXW,2026-09-24,34,Put,9400.0,SPXW260924P09400000,1688.4,1709.1,1698.75,0.0,0.0,0.0,0.0,0.0,0.2487,-0.9992,0.0,0.0619,-0.0131,-8.2033,1700.9823,0.0,0.0,0.0,1720.20001220703,no_change,,0.0,0.0
SPXW,2026-09-24,34,Call,9600.0,SPXW260924C09600000,0.0,0.15,0.075,0.0,0.0,0.0,0.0,0.0,0.2268,0.0004,0.0,0.0437,-0.0099,0.0026,0.0501,0.0,0.0,0.0,0.0750000029802322,no_change,,0.0,0.0
SPXW,2026-09-24,34,Put,9600.0,SPXW260924P09600000,1887.7,1908.1,1897.9,0.0,0.0,0.0,0.0,0.0,0.2739,-0.9994,0.0,0.0438,-0.0099,-8.3791,1900.1979,0.0,0.0,0.0,1920.0,no_change,,0.0,0.0
SPXW,2026-09-24,34,Call,9800.0,SPXW260924C09800000,0.0,0.15,0.075,0.0,0.0,0.0,0.0,0.0,0.2461,0.0003,0.0,0.0313,-0.0075,0.0018,0.0363,0.0,0.0,0.0,0.0500000007450581,no_change,,0.0,0.0
SPXW,2026-09-24,34,Put,9800.0,SPXW260924P09800000,2086.9,2107.6,2097.25,0.0,0.0,0.0,0.0,0.0,0.2951,-0.9995,0.0,0.0314,-0.0075,-8.5544,2099.4192,0.0,0.0,0.0,2119.20007324219,no_change,,0.0,0.0
SPXW,2026-09-24,34,Call,10000.0,SPXW260924C10000000,0.0,0.15,0.075,0.0,0.0,0.0,0.0,0.0,0.2594,0.0002,0.0,0.0226,-0.0057,0.0013,0.0264,0.0,0.0,0.0,0.0500000007450581,no_change,,0.0,0.0
SPXW,2026-09-24,34,Put,10000.0,SPXW260924P10000000,2286.2,2309.9,2298.05,0.0,0.0,0.0,0.0,0.0,0.3193,-0.9996,0.0,0.0227,-0.0057,-8.7295,2298.6445,0.0,0.0,0.0,2318.34997558594,no_change,,0.0,0.0
SPXW,2026-09-25,35,Call,3200.0,SPXW260925C03200000,4466.2,4490.1,4478.15,0.0,0.0,0.0,0.0,0.0,0.9596,0.9996,0.0,0.0229,-0.0243,3.0557,4476.316,0.0,0.0,0.0,4455.94995117188,no_change,,0.0,0.0
SPXW,2026-09-25,35,Put,3200.0,SPXW260925P03200000,0.0,0.15,0.075,0.15,0.0,0.0,0.0,11.0,0.8346,-0.0003,0.0,0.0229,-0.0243,-0.0019,0.1288,0.0,0.0,0.0,0.0750000029802322,up,2026-08-20T15:36:26,0.0,0.0
SPXW,2026-09-25,35,Call,3400.0,SPXW260925C03400000,4270.2,4291.0,4280.6,4363.07,0.0,0.0,0.0,2.0,0.8916,0.9995,0.0,0.0263,-0.0262,3.2462,4277.1651,0.0,0.0,0.0,4256.5498046875,down,2026-08-12T14:44:20,0.0,0.0
SPXW,2026-09-25,35,Put,3400.0,SPXW260925P03400000,0.0,0.15,0.075,0.12,0.0,0.0,0.0,8.0,0.7791,-0.0003,0.0,0.0263,-0.0262,-0.0022,0.1408,0.0,0.0,0.0,0.125000001862645,no_change,2026-08-19T09:36:47,0.0,0.0
SPXW,2026-09-25,35,Call,3600.0,SPXW260925C03600000,4067.9,4089.8,4078.8500000000004,0.0,0.0,0.0,0.0,0.0,0.8275,0.9995,0.0,0.0308,-0.0287,3.4367,4078.0187,0.0,0.0,0.0,4057.44995117188,no_change,,0.0,0.0
SPXW,2026-09-25,35,Put,3600.0,SPXW260925P03600000,0.05,0.2,0.125,0.15,-0.025,-14.2857,2.0,1.0,0.7382,-0.0004,0.0,0.0308,-0.0287,-0.0026,0.1573,0.15,0.15,0.15,0.175000000745058,no_change,2026-08-21T11:58:32,0.0,0.0
SPXW,2026-09-25,35,Call,3800.0,SPXW260925C03800000,3871.9,3892.7,3882.3,0.0,0.0,0.0,0.0,0.0,0.7791,0.9994,0.0,0.0369,-0.0324,3.627,3878.8796,0.0,0.0,0.0,3858.60009765625,no_change,,0.0,0.0
SPXW,2026-09-25,35,Put,3800.0,SPXW260925P03800000,0.1,0.25,0.175,0.0,0.0,0.0,0.0,1.0,0.697,-0.0004,0.0,0.0369,-0.0324,-0.0031,0.1811,0.0,0.0,0.0,0.225000008940697,no_change,,0.0,0.0
SPXW,2026-09-25,35,Call,4000.0,SPXW260925C04000000,3669.5,3693.2,3681.35,0.0,0.0,0.0,0.0,0.0,0.7215,0.9993,0.0,0.0455,-0.0377,3.817,3679.7522,0.0,0.0,0.0,3659.25,no_change,,0.0,0.0
SPXW,2026-09-25,35,Put,4000.0,SPXW260925P04000000,0.15,0.3,0.22499999999999998,0.2,-0.075,-27.2727,30.0,272.0,0.6743,-0.0005,0.0,0.0452,-0.0375,-0.0039,0.215,0.2,0.2,0.2,0.274999998509884,down,2026-08-21T12:00:47,0.0,0.0
SPXW,2026-09-25,35,Call,4200.0,SPXW260925C04200000,3470.4,3494.3,3482.3500000000004,0.0,0.0,0.0,0.0,0.0,0.6772,0.9991,0.0,0.0579,-0.0454,4.0068,3480.6424,0.0,0.0,0.0,3460.45007324219,no_change,,0.0,0.0
SPXW,2026-09-25,35,Put,4200.0,SPXW260925P04200000,0.25,0.35,0.3,0.45,0.0,0.0,0.0,2.0,0.6358,-0.0007,0.0,0.0576,-0.0452,-0.005,0.268,0.0,0.0,0.0,0.350000008940697,down,2026-08-14T11:24:24,0.0,0.0
SPXW,2026-09-25,35,Call,4400.0,SPXW260925C04400000,3276.3,3295.3,3285.8,0.0,0.0,0.0,0.0,0.0,0.6338,0.9989,0.0,0.0758,-0.0565,4.1959,3281.5582,0.0,0.0,0.0,3261.05004882812,no_change,,0.0,0.0
SPXW,2026-09-25,35,Put,4400.0,SPXW260925P04400000,0.3,0.45,0.375,0.0,0.0,0.0,0.0,0.0,0.6039,-0.0009,0.0,0.0755,-0.0562,-0.0067,0.3467,0.0,0.0,0.0,0.450000002980232,no_change,,0.0,0.0
SPXW,2026-09-25,35,Call,4600.0,SPXW260925C04600000,3072.2,3096.1,3084.1499999999996,3165.21,0.0,0.0,0.0,1.0,0.5914,0.9986,0.0,0.1009,-0.0717,4.3843,3082.5092,0.0,0.0,0.0,3062.75,down,2026-08-12T14:30:02,0.0,0.0
SPXW,2026-09-25,35,Put,4600.0,SPXW260925P04600000,0.45,0.55,0.5,1.17,0.0,0.0,0.0,453.0,0.5697,-0.0012,0.0,0.1007,-0.0715,-0.0092,0.4608,0.0,0.0,0.0,0.574999988079071,no_change,2026-08-06T13:03:14,0.0,0.0
SPXW,2026-09-25,35,Call,4800.0,SPXW260925C04800000,2873.2,2897.0,2885.1,0.0,0.0,0.0,0.0,0.0,0.55,0.9981,0.0,0.1361,-0.092,4.5715,2883.5067,0.0,0.0,0.0,2863.19995117188,no_change,,0.0,0.0
SPXW,2026-09-25,35,Put,4800.0,SPXW260925P04800000,0.55,0.7,0.625,0.85,0.0,0.0,0.0,6.0,0.5383,-0.0017,0.0,0.1359,-0.0918,-0.0127,0.6213,0.0,0.0,0.0,0.775000005960464,down,2026-08-13T10:03:34,0.0,0.0
SPXW,2026-09-25,35,Call,5000.0,SPXW260925C05000000,2674.2,2698.1,2686.1499999999996,2810.29,0.0,0.0,0.0,1.0,0.515,0.9974,0.0,0.1834,-0.118,4.7574,2684.5627,0.0,0.0,0.0,2664.40002441406,down,2026-08-14T10:29:38,0.0,0.0
SPXW,2026-09-25,35,Put,5000.0,SPXW260925P05000000,0.75,0.9,0.825,1.05,0.0,0.0,0.0,202.0,0.5078,-0.0024,0.0,0.1833,-0.1179,-0.0177,0.8405,0.0,0.0,0.0,1.05000001192093,up,2026-08-20T14:10:02,0.0,0.0
SPXW,2026-09-25,35,Call,5200.0,SPXW260925C05200000,2475.7,2499.2,2487.45,0.0,0.0,0.0,0.0,0.0,0.4833,0.9965,0.0,0.2463,-0.1502,4.9414,2485.6907,0.0,0.0,0.0,2465.55004882812,no_change,,0.0,0.0
SPXW,2026-09-25,35,Put,5200.0,SPXW260925P05200000,1.05,1.2,1.125,1.15,-0.275,-19.2982,30.0,1037.0,0.4783,-0.0033,0.0,0.2463,-0.1502,-0.0246,1.1318,1.15,1.15,1.15,1.42500001192093,down,2026-08-21T13:35:11,0.0,0.0
SPXW,2026-09-25,35,Call,5400.0,SPXW260925C05400000,2276.5,2300.3,2288.4,0.0,0.0,0.0,0.0,0.0,0.453,0.9952,0.0,0.3282,-0.1891,5.123,2286.9044,0.0,0.0,0.0,2267.54992675781,no_change,,0.0,0.0
SPXW,2026-09-25,35,Put,5400.0,SPXW260925P05400000,1.4,1.55,1.475,1.5,-0.4,-21.0526,840.0,683.0,0.4496,-0.0046,0.0,0.3282,-0.1891,-0.0338,1.5088,1.55,1.55,1.5,1.90000003576279,no_change,2026-08-21T15:36:49,0.0,0.0
SPXW,2026-09-25,35,Call,5600.0,SPXW260925C05600000,2077.7,2101.6,2089.6499999999996,2128.46,0.0,0.0,0.0,0.0,0.4203,0.9936,0.0,0.4331,-0.2348,5.3014,2088.2221,0.0,0.0,0.0,2068.45007324219,up,2026-08-18T10:39:00,0.0,0.0
SPXW,2026-09-25,35,Put,5600.0,SPXW260925P05600000,1.85,2.0,1.925,1.99,-0.535,-21.1881,566.0,573.0,0.4198,-0.0062,0.0,0.4333,-0.2349,-0.0462,1.9904,2.05,2.06,1.99,2.52499997615814,down,2026-08-21T13:21:45,0.0,0.0
SPXW,2026-09-25,35,Call,5800.0,SPXW260925C05800000,1882.3,1903.0,1892.65,0.0,0.0,0.0,0.0,0.0,0.3901,0.9913,0.0,0.5692,-0.2878,5.4757,1889.6657,0.0,0.0,0.0,1870.15002441406,no_change,,0.0,0.0
SPXW,2026-09-25,35,Put,5800.0,SPXW260925P05800000,2.45,2.6,2.5250000000000004,2.67,-0.63,-19.0909,3.0,166.0,0.3904,-0.0085,0.0,0.5695,-0.288,-0.0629,2.5978,2.67,2.67,2.67,3.30000007152557,down,2026-08-21T14:34:21,0.0,0.0
SPXW,2026-09-25,35,Call,5900.0,SPXW260925C05900000,1779.9,1803.7,1791.8000000000002,0.0,0.0,0.0,0.0,0.0,0.3756,0.9899,0.0,0.6502,-0.3174,5.5607,1790.4463,0.0,0.0,0.0,1770.90002441406,no_change,,0.0,0.0
SPXW,2026-09-25,35,Put,5900.0,SPXW260925P05900000,2.8,2.95,2.875,3.12,-0.63,-16.8,6.0,580.0,0.3754,-0.0099,0.0,0.6506,-0.3176,-0.0733,2.9601,3.1,3.12,3.1,3.75,up,2026-08-21T09:44:46,0.0,0.0
SPXW,2026-09-25,35,Call,6000.0,SPXW260925C06000000,1684.3,1704.6,1694.4499999999998,1812.0,0.0,0.0,0.0,2750.0,0.3602,0.9883,0.0,0.743,-0.3492,5.6441,1691.2736,0.0,0.0,0.0,1672.0,no_change,2026-08-14T12:56:46,0.0,0.0
SPXW,2026-09-25,35,Put,6000.0,SPXW260925P06000000,3.2,3.4,3.3,4.25,0.0,0.0,0.0,3540.0,0.3611,-0.0115,0.0,0.743,-0.3492,-0.0852,3.3666,0.0,0.0,0.0,4.29999995231628,no_change,2026-08-20T16:13:39,0.0,0.0
SPXW,2026-09-25,35,Call,6100.0,SPXW260925C06100000,1581.5,1605.4,1593.45,0.0,0.0,0.0,0.0,0.0,0.3455,0.9864,0.0,0.8507,-0.3834,5.7253,1592.1567,0.0,0.0,0.0,1573.35003662109,no_change,,0.0,0.0
SPXW,2026-09-25,35,Put,6100.0,SPXW260925P06100000,3.7,3.9,3.8,4.8,0.0,0.0,0.0,5043.0,0.3458,-0.0134,0.0,0.8508,-0.3835,-0.0995,3.8317,0.0,0.0,0.0,4.90000009536743,no_change,2026-08-20T16:12:08,0.0,0.0
SPXW,2026-09-25,35,Call,6150.0,SPXW260925C06150000,1533.1,1555.9,1544.5,0.0,0.0,0.0,0.0,0.0,0.3371,0.9853,0.0,0.91,-0.4017,5.7648,1542.6235,0.0,0.0,0.0,0.0,no_change,,0.0,0.0
SPXW,2026-09-25,35,Put,6150.0,SPXW260925P06150000,3.9,4.1,4.0,0.0,0.0,0.0,0.0,0.0,0.3381,-0.0145,0.0,0.9102,-0.4017,-0.1077,4.0893,0.0,0.0,0.0,0.0,no_change,,0.0,0.0
SPXW,2026-09-25,35,Call,6200.0,SPXW260925C06200000,1487.5,1506.4,1496.95,1608.05,0.0,0.0,0.0,1.0,0.3298,0.9841,0.0,0.9732,-0.4208,5.8037,1493.1096,0.0,0.0,0.0,1474.09997558594,down,2026-08-14T15:54:08,0.0,0.0
SPXW,2026-09-25,35,Put,6200.0,SPXW260925P06200000,4.2,4.4,4.300000000000001,5.31,0.0,0.0,0.0,724.0,0.3308,-0.0157,0.0,0.9734,-0.4208,-0.1165,4.3662,0.0,0.0,0.0,5.59999990463257,down,2026-08-20T11:34:59,0.0,0.0
SPXW,2026-09-25,35,Call,6250.0,SPXW260925C06250000,1438.0,1456.9,1447.45,0.0,0.0,0.0,0.0,0.0,0.3222,0.9828,0.0,1.0413,-0.4407,5.8418,1443.6171,0.0,0.0,0.0,1425.34997558594,no_change,,0.0,0.0
SPXW,2026-09-25,35,Put,6250.0,SPXW260925P06250000,4.5,4.7,4.6,4.9,-1.1,-18.3333,2.0,562.0,0.3232,-0.017,0.0,1.0414,-0.4408,-0.126,4.6645,4.9,4.9,4.9,6.0,down,2026-08-21T14:35:14,0.0,0.0
SPXW,2026-09-25,35,Call,6300.0,SPXW260925C06300000,1388.5,1407.4,1397.95,0.0,0.0,0.0,0.0,0.0,0.3153,0.9814,0.0001,1.1155,-0.4617,5.8791,1394.1484,0.0,0.0,0.0,1375.34997558594,no_change,,0.0,0.0
SPXW,2026-09-25,35,Put,6300.0,SPXW260925P06300000,4.8,5.1,4.949999999999999,5.1,-1.35,-20.9302,49.0,55713.0,0.3153,-0.0184,0.0001,1.1159,-0.4618,-0.1365,4.9874,5.1,5.1,5.1,6.45000004768372,no_change,2026-08-21T14:57:23,0.0,0.0
SPXW,2026-09-25,35,Call,6350.0,SPXW260925C06350000,1337.8,1358.0,1347.9,0.0,0.0,0.0,0.0,0.0,0.3072,0.9798,0.0001,1.1967,-0.4837,5.9152,1344.7072,0.0,0.0,0.0,1326.04998779297,no_change,,0.0,0.0
SPXW,2026-09-25,35,Put,6350.0,SPXW260925P06350000,5.2,5.4,5.300000000000001,5.3,-1.6,-23.1884,4.0,3281.0,0.3082,-0.02,0.0001,1.1971,-0.4838,-0.1482,5.337,5.8,5.8,5.3,6.90000009536743,down,2026-08-21T15:32:29,0.0,0.0
SPXW,2026-09-25,35,Call,6400.0,SPXW260925C06400000,1284.6,1308.6,1296.6,1381.21,0.0,0.0,0.0,1.0,0.2997,0.9781,0.0001,1.2848,-0.507,5.9499,1295.2978,0.0,0.0,0.0,1276.84997558594,up,2026-08-12T14:30:02,0.0,0.0
SPXW,2026-09-25,35,Put,6400.0,SPXW260925P06400000,5.6,5.8,5.699999999999999,5.9,-1.5,-20.2703,59.0,58582.0,0.3007,-0.0217,0.0001,1.2853,-0.5071,-0.1612,5.7185,6.3,6.3,5.9,7.40000009536743,down,2026-08-21T14:57:23,0.0,0.0
SPXW,2026-09-25,35,Call,6450.0,SPXW260925C06450000,1240.3,1259.2,1249.75,0.0,0.0,0.0,0.0,0.0,0.2919,0.9762,0.0001,1.3798,-0.5316,5.9832,1245.9253,0.0,0.0,0.0,1227.90002441406,no_change,,0.0,0.0
SPXW,2026-09-25,35,Put,6450.0,SPXW260925P06450000,6.0,6.2,6.1,6.2,-1.8,-22.5,3.0,341.0,0.293,-0.0236,0.0001,1.3803,-0.5318,-0.1756,6.137,6.2,6.2,6.2,8.00000023841858,no_change,2026-08-21T15:57:14,0.0,0.0
SPXW,2026-09-25,35,Call,6500.0,SPXW260925C06500000,1189.8,1209.9,1199.85,0.0,0.0,0.0,0.0,0.0,0.2846,0.974,0.0001,1.4826,-0.5579,6.015,1196.5951,0.0,0.0,0.0,1178.75,no_change,,0.0,0.0
SPXW,2026-09-25,35,Put,6500.0,SPXW260925P06500000,6.5,6.7,6.6,6.9,-1.65,-19.2982,212.0,242.0,0.2857,-0.0258,0.0001,1.4826,-0.5579,-0.1914,6.5953,7.3,7.3,6.9,8.5499997138977,down,2026-08-21T11:43:47,0.0,0.0
SPXW,2026-09-25,35,Call,6550.0,SPXW260925C06550000,1136.8,1160.6,1148.6999999999998,0.0,0.0,0.0,0.0,0.0,0.277,0.9717,0.0001,1.596,-0.5859,6.0452,1147.3133,0.0,0.0,0.0,1129.25,no_change,,0.0,0.0
SPXW,2026-09-25,35,Put,6550.0,SPXW260925P06550000,7.0,7.2,7.1,7.1,-2.15,-23.2432,60.0,119.0,0.2781,-0.0282,0.0001,1.596,-0.5859,-0.2089,7.1042,7.1,7.1,7.1,9.25,no_change,2026-08-21T15:35:42,0.0,0.0
SPXW,2026-09-25,35,Call,6600.0,SPXW260925C06600000,1092.1,1111.3,1101.6999999999998,0.0,0.0,0.0,0.0,8.0,0.2697,0.969,0.0001,1.722,-0.6159,6.073,1098.088,0.0,0.0,0.0,1080.15002441406,no_change,,0.0,0.0
SPXW,2026-09-25,35,Put,6600.0,SPXW260925P06600000,7.5,7.8,7.65,8.4,-1.6,-16.0,370.0,267.0,0.2705,-0.0308,0.0001,1.722,-0.6159,-0.2288,7.6696,8.41,8.41,8.22,10.0,up,2026-08-21T10:32:05,0.0,0.0
SPXW,2026-09-25,35,Call,6625.0,SPXW260925C06625000,1063.9,1086.7,1075.3000000000002,0.0,0.0,0.0,0.0,8.0,0.2659,0.9675,0.0001,1.7898,-0.6317,6.0859,1073.4999,0.0,0.0,0.0,1055.79998779297,no_change,,0.0,0.0
SPXW,2026-09-25,35,Put,6625.0,SPXW260925P06625000,7.8,8.1,7.949999999999999,0.0,0.0,0.0,0.0,0.0,0.2667,-0.0323,0.0001,1.7898,-0.6317,-0.2398,7.9769,0.0,0.0,0.0,10.4000000953674,no_change,,0.0,0.0
SPXW,2026-09-25,35,Call,6650.0,SPXW260925C06650000,1038.3,1062.2,1050.25,0.0,0.0,0.0,0.0,0.0,0.2621,0.966,0.0001,1.8607,-0.6481,6.098,1048.9301,0.0,0.0,0.0,1031.59997558594,no_change,,0.0,0.0
SPXW,2026-09-25,35,Put,6650.0,SPXW260925P06650000,8.1,8.4,8.25,9.05,-1.75,-16.2037,200.0,172.0,0.2628,-0.0338,0.0001,1.8607,-0.6481,-0.2516,8.3024,9.05,9.05,9.05,10.7999997138977,no_change,2026-08-21T09:47:30,0.0,0.0
SPXW,2026-09-25,35,Call,6675.0,SPXW260925C06675000,1014.8,1037.6,1026.1999999999998,0.0,0.0,0.0,0.0,52.0,0.2581,0.9643,0.0001,1.9345,-0.6651,6.1093,1024.3802,0.0,0.0,0.0,1006.79998779297,no_change,,0.0,0.0
SPXW,2026-09-25,35,Put,6675.0,SPXW260925P06675000,8.5,8.7,8.6,11.22,0.0,0.0,0.0,2.0,0.2594,-0.0355,0.0001,1.9345,-0.6651,-0.2641,8.6479,0.0,0.0,0.0,11.25,up,2026-08-20T15:29:19,0.0,0.0
SPXW,2026-09-25,35,Call,6700.0,SPXW260925C06700000,989.1,1013.1,1001.1,1099.08,0.0,0.0,0.0,0.0,0.2546,0.9625,0.0001,2.0117,-0.6828,6.12,999.8519,0.0,0.0,0.0,982.300018310547,up,2026-08-17T13:01:07,0.0,0.0
SPXW,2026-09-25,35,Put,6700.0,SPXW260925P06700000,8.8,9.1,8.95,10.0,-1.7,-14.5299,1.0,448.0,0.2553,-0.0373,0.0001,2.012,-0.6829,-0.2774,9.0168,10.0,10.0,10.0,11.7000002861023,down,2026-08-21T09:52:24,0.0,0.0
SPXW,2026-09-25,35,Call,6725.0,SPXW260925C06725000,968.5,988.6,978.55,0.0,0.0,0.0,0.0,0.0,0.2509,0.9606,0.0001,2.0927,-0.7012,6.1299,975.3466,0.0,0.0,0.0,957.949981689453,no_change,,0.0,0.0
SPXW,2026-09-25,35,Put,6725.0,SPXW260925P06725000,9.2,9.5,9.35,12.05,0.0,0.0,0.0,1.0,0.2517,-0.0392,0.0001,2.0927,-0.7012,-0.2912,9.4051,0.0,0.0,0.0,12.2000002861023,up,2026-08-18T10:49:45,0.0,0.0
SPXW,2026-09-25,35,Call,6750.0,SPXW260925C06750000,945.3,964.1,954.7,1036.41,0.0,0.0,0.0,0.0,0.2472,0.9586,0.0001,2.1784,-0.7203,6.139,950.8663,0.0,0.0,0.0,933.550018310547,down,2026-08-12T13:51:51,0.0,0.0
SPXW,2026-09-25,35,Put,6750.0,SPXW260925P06750000,9.7,9.9,9.8,10.3,-2.5,-19.5312,2.0,273.0,0.2482,-0.0412,0.0001,2.1784,-0.7203,-0.306,9.8201,10.3,10.3,10.3,12.7999997138977,no_change,2026-08-21T12:19:19,0.0,0.0
SPXW,2026-09-25,35,Call,6775.0,SPXW260925C06775000,916.8,939.6,928.2,0.0,0.0,0.0,0.0,0.0,0.2434,0.9565,0.0002,2.2694,-0.7402,6.147,926.413,0.0,0.0,0.0,909.299987792969,no_change,,0.0,0.0
SPXW,2026-09-25,35,Put,6775.0,SPXW260925P06775000,10.1,10.3,10.2,13.05,0.0,0.0,0.0,1.0,0.2445,-0.0433,0.0002,2.2698,-0.7403,-0.3219,10.2644,0.0,0.0,0.0,13.2999997138977,up,2026-08-18T10:49:45,0.0,0.0
SPXW,2026-09-25,35,Call,6800.0,SPXW260925C06800000,895.2,915.2,905.2,0.0,0.0,0.0,0.0,0.0,0.2398,0.9542,0.0002,2.3659,-0.7609,6.1538,901.9893,0.0,0.0,0.0,884.949981689453,no_change,,0.0,0.0
SPXW,2026-09-25,35,Put,6800.0,SPXW260925P06800000,10.6,10.8,10.7,10.8,-3.1,-22.3022,9.0,429.0,0.2408,-0.0456,0.0002,2.3659,-0.7609,-0.3389,10.7338,11.73,11.73,10.6,13.9000000953674,up,2026-08-21T15:55:01,0.0,0.0
SPXW,2026-09-25,35,Call,6825.0,SPXW260925C06825000,868.0,890.8,879.4,0.0,0.0,0.0,0.0,0.0,0.2362,0.9518,0.0002,2.4678,-0.7825,6.1591,877.5982,0.0,0.0,0.0,860.649993896484,no_change,,0.0,0.0
SPXW,2026-09-25,35,Put,6825.0,SPXW260925P06825000,11.1,11.3,11.2,11.4,-3.15,-21.6495,2.0,3.0,0.2373,-0.0481,0.0002,2.4678,-0.7825,-0.3574,11.238,11.6,11.6,11.4,14.5499997138977,down,2026-08-21T11:40:07,0.0,0.0
SPXW,2026-09-25,35,Call,6850.0,SPXW260925C06850000,845.8,866.4,856.0999999999999,0.0,0.0,0.0,0.0,0.0,0.2324,0.9491,0.0002,2.5744,-0.8049,6.163,853.2428,0.0,0.0,0.0,836.449981689453,no_change,,0.0,0.0
SPXW,2026-09-25,35,Put,6850.0,SPXW260925P06850000,11.6,11.8,11.7,11.35,-3.9,-25.5738,52.0,409.0,0.2335,-0.0507,0.0002,2.5744,-0.8049,-0.3774,11.7781,12.65,12.87,11.35,15.25,down,2026-08-21T15:47:58,0.0,0.0
SPXW,2026-09-25,35,Call,6875.0,SPXW260925C06875000,821.6,842.1,831.85,0.0,0.0,0.0,0.0,0.0,0.229,0.9463,0.0002,2.6858,-0.8282,6.1655,828.9265,0.0,0.0,0.0,812.350006103516,no_change,,0.0,0.0
SPXW,2026-09-25,35,Put,6875.0,SPXW260925P06875000,12.1,12.4,12.25,12.58,-3.37,-21.1285,22.0,23.0,0.23,-0.0535,0.0002,2.6858,-0.8282,-0.3987,12.3571,13.49,13.49,12.58,15.9500002861023,down,2026-08-21T14:54:05,0.0,0.0
SPXW,2026-09-25,35,Call,6900.0,SPXW260925C06900000,797.3,817.8,807.55,0.0,0.0,0.0,0.0,0.0,0.2253,0.9432,0.0002,2.8026,-0.8526,6.1668,804.6524,0.0,0.0,0.0,788.200012207031,no_change,,0.0,0.0
SPXW,2026-09-25,35,Put,6900.0,SPXW260925P06900000,12.8,13.0,12.9,13.1,-3.65,-21.791,62.0,566.0,0.2264,-0.0566,0.0002,2.8026,-0.8526,-0.4213,12.9783,14.1,14.12,12.5,16.75,up,2026-08-21T15:55:03,0.0,0.0
SPXW,2026-09-25,35,Call,6925.0,SPXW260925C06925000,769.7,793.5,781.6,0.0,0.0,0.0,0.0,0.0,0.2219,0.94,0.0002,2.9261,-0.8779,6.1665,780.4235,0.0,0.0,0.0,764.149993896484,no_change,,0.0,0.0
SPXW,2026-09-25,35,Put,6925.0,SPXW260925P06925000,13.4,13.7,13.55,15.67,0.0,0.0,0.0,36.0,0.2227,-0.0598,0.0002,2.9261,-0.8779,-0.4454,13.6448,0.0,0.0,0.0,17.6000003814697,no_change,2026-08-20T12:41:26,0.0,0.0
SPXW,2026-09-25,35,Call,6950.0,SPXW260925C06950000,749.4,769.3,759.3499999999999,0.0,0.0,0.0,0.0,0.0,0.2183,0.9365,0.0002,3.0577,-0.9042,6.1644,756.244,0.0,0.0,0.0,740.149993896484,no_change,,0.0,0.0
SPXW,2026-09-25,35,Put,6950.0,SPXW260925P06950000,14.1,14.4,14.25,13.8,-4.65,-25.2033,81.0,188.0,0.2191,-0.0633,0.0002,3.0577,-0.9042,-0.4714,14.3606,15.15,15.15,13.8,18.4499998092651,no_change,2026-08-21T15:47:13,0.0,0.0
SPXW,2026-09-25,35,Call,6975.0,SPXW260925C06975000,721.2,743.8,732.5,0.0,0.0,0.0,0.0,0.0,0.2149,0.9327,0.0002,3.1975,-0.9315,6.16,732.1185,0.0,0.0,0.0,716.200012207031,no_change,,0.0,0.0
SPXW,2026-09-25,35,Put,6975.0,SPXW260925P06975000,15.0,15.2,15.1,15.1,-4.3,-22.1649,109.0,94.0,0.2157,-0.0671,0.0002,3.1975,-0.9315,-0.4996,15.1305,16.4,16.4,15.1,19.3999996185303,no_change,2026-08-21T16:12:29,0.0,0.0
SPXW,2026-09-25,35,Call,7000.0,SPXW260925C07000000,697.2,719.7,708.45,724.46,0.0,0.0,0.0,2752.0,0.2113,0.9286,0.0003,3.3446,-0.9599,6.1531,708.0529,0.0,0.0,0.0,692.299987792969,down,2026-08-20T09:54:23,0.0,0.0
SPXW,2026-09-25,35,Put,7000.0,SPXW260925P07000000,15.7,16.0,15.85,16.27,-4.55,-22.2494,126.0,3156.0,0.2124,-0.0712,0.0003,3.3446,-0.9599,-0.5305,15.9603,17.23,17.23,16.06,20.4499998092651,up,2026-08-21T14:07:01,0.0,0.0
SPXW,2026-09-25,35,Call,7025.0,SPXW260925C07025000,677.3,697.1,687.2,0.0,0.0,0.0,0.0,0.0,0.2079,0.9243,0.0003,3.498,-0.9894,6.1437,684.0531,0.0,0.0,0.0,668.850006103516,no_change,,0.0,0.0
SPXW,2026-09-25,35,Put,7025.0,SPXW260925P07025000,16.6,16.9,16.75,16.92,-4.63,-21.4849,16.0,60.0,0.2085,-0.0756,0.0003,3.498,-0.9894,-0.5637,16.8558,17.08,17.08,16.8,21.5500001907349,no_change,2026-08-21T15:11:55,0.0,0.0
SPXW,2026-09-25,35,Call,7050.0,SPXW260925C07050000,654.6,673.2,663.9000000000001,0.0,0.0,0.0,0.0,0.0,0.2045,0.9195,0.0003,3.6581,-1.02,6.1321,660.1245,0.0,0.0,0.0,644.899993896484,no_change,,0.0,0.0
SPXW,2026-09-25,35,Put,7050.0,SPXW260925P07050000,17.5,17.8,17.65,17.83,-4.87,-21.4537,15.0,276.0,0.2052,-0.0803,0.0003,3.6581,-1.02,-0.5992,17.8226,19.43,19.43,17.83,22.6999998092651,no_change,2026-08-21T15:11:55,0.0,0.0
SPXW,2026-09-25,35,Call,7075.0,SPXW260925C07075000,628.7,649.3,639.0,0.0,0.0,0.0,0.0,0.0,0.2009,0.9144,0.0003,3.827,-1.0516,6.1181,636.2728,0.0,0.0,0.0,620.700012207031,no_change,,0.0,0.0
SPXW,2026-09-25,35,Put,7075.0,SPXW260925P07075000,18.5,18.9,18.7,19.25,0.0,0.0,0.0,55.0,0.2016,-0.0854,0.0003,3.827,-1.0516,-0.637,18.8663,0.0,0.0,0.0,23.9499998092651,down,2026-08-19T11:40:16,0.0,0.0
SPXW,2026-09-25,35,Call,7100.0,SPXW260925C07100000,601.5,624.2,612.85,705.36,0.0,0.0,0.0,1.0,0.1974,0.9089,0.0004,4.0067,-1.0842,6.101,612.5049,0.0,0.0,0.0,597.149993896484,down,2026-08-11T09:57:51,0.0,0.0
SPXW,2026-09-25,35,Put,7100.0,SPXW260925P07100000,19.7,20.0,19.85,19.85,-5.5,-21.6963,72.0,732.0,0.1981,-0.0909,0.0004,4.0067,-1.0842,-0.678,19.9937,21.93,21.93,19.55,25.3500003814697,down,2026-08-21T15:52:52,0.0,0.0
SPXW,2026-09-25,35,Call,7125.0,SPXW260925C07125000,577.9,600.1,589.0,722.92,0.0,0.0,0.0,4.0,0.1942,0.9029,0.0004,4.1969,-1.1179,6.0798,588.8298,0.0,0.0,0.0,573.75,up,2026-08-13T15:19:11,0.0,0.0
SPXW,2026-09-25,35,Put,7125.0,SPXW260925P07125000,20.9,21.2,21.049999999999997,20.7,-6.1,-22.7612,19.0,52.0,0.1948,-0.0969,0.0004,4.1969,-1.1179,-0.723,21.2139,22.79,22.79,20.7,26.8000001907349,no_change,2026-08-21T15:39:30,0.0,0.0
SPXW,2026-09-25,35,Call,7150.0,SPXW260925C07150000,563.6,569.2,566.4000000000001,609.21,0.0,0.0,0.0,4.0,0.1908,0.8965,0.0004,4.395,-1.1525,6.0545,565.2579,0.0,0.0,0.0,550.450012207031,down,2026-08-18T10:39:00,0.0,0.0
SPXW,2026-09-25,35,Put,7150.0,SPXW260925P07150000,22.2,22.5,22.35,22.35,-6.0,-21.164,48.0,408.0,0.1913,-0.1033,0.0004,4.395,-1.1525,-0.7721,22.5374,24.1,24.54,21.95,28.3500003814697,up,2026-08-21T15:52:52,0.0,0.0
SPXW,2026-09-25,35,Call,7175.0,SPXW260925C07175000,540.1,545.7,542.9000000000001,610.35,0.0,0.0,0.0,5.0,0.1873,0.8895,0.0004,4.6001,-1.1881,6.0258,541.7992,0.0,0.0,0.0,527.25,down,2026-08-19T11:07:46,0.0,0.0
SPXW,2026-09-25,35,Put,7175.0,SPXW260925P07175000,23.6,24.0,23.8,24.03,-6.12,-20.2985,31.0,107.0,0.188,-0.1103,0.0004,4.6001,-1.1881,-0.8247,23.9741,25.54,26.08,24.03,30.1499996185303,down,2026-08-21T13:01:07,0.0,0.0
SPXW,2026-09-25,35,Call,7190.0,SPXW260925C07190000,526.1,531.7,528.9000000000001,0.0,0.0,0.0,0.0,0.0,0.1853,0.885,0.0004,4.7275,-1.2099,6.0069,527.7823,0.0,0.0,0.0,0.0,no_change,,0.0,0.0
SPXW,2026-09-25,35,Put,7190.0,SPXW260925P07190000,24.5,24.9,24.7,26.5,26.5,0.0,19.0,0.0,0.186,-0.1148,0.0004,4.7275,-1.2099,-0.858,24.8944,26.4,27.03,26.4,0.0,down,2026-08-21T10:32:57,0.0,0.0
SPXW,2026-09-25,35,Call,7200.0,SPXW260925C07200000,516.4,522.4,519.4,615.84,0.0,0.0,0.0,56.0,0.184,0.8819,0.0004,4.8148,-1.2246,5.9934,518.4633,0.0,0.0,0.0,504.300003051758,down,2026-08-17T13:06:00,0.0,0.0
SPXW,2026-09-25,35,Put,7200.0,SPXW260925P07200000,25.2,25.5,25.35,25.15,-6.8,-21.2833,77.0,502.0,0.1845,-0.1179,0.0004,4.8148,-1.2246,-0.8809,25.5335,27.14,27.93,24.75,31.9499988555908,down,2026-08-21T15:52:29,0.0,0.0
SPXW,2026-09-25,35,Call,7210.0,SPXW260925C07210000,507.1,513.0,510.05,0.0,0.0,0.0,0.0,0.0,0.1827,0.8788,0.0005,4.9042,-1.2394,5.9792,509.1659,0.0,0.0,0.0,0.0,no_change,,0.0,0.0
SPXW,2026-09-25,35,Put,7210.0,SPXW260925P07210000,25.8,26.2,26.0,0.0,0.0,0.0,0.0,0.0,0.1833,-0.1211,0.0005,4.9042,-1.2394,-0.9047,26.1942,0.0,0.0,0.0,0.0,no_change,,0.0,0.0
SPXW,2026-09-25,35,Call,7220.0,SPXW260925C07220000,497.8,503.8,500.8,0.0,0.0,0.0,0.0,0.0,0.1813,0.8754,0.0005,4.9958,-1.2544,5.964,499.8909,0.0,0.0,0.0,0.0,no_change,,0.0,0.0
SPXW,2026-09-25,35,Put,7220.0,SPXW260925P07220000,26.5,26.9,26.7,28.1,28.1,0.0,2.0,0.0,0.182,-0.1244,0.0005,4.9958,-1.2544,-0.9294,26.8774,28.83,28.83,28.1,0.0,down,2026-08-21T10:28:41,0.0,0.0
SPXW,2026-09-25,35,Call,7225.0,SPXW260925C07225000,493.2,499.1,496.15,606.58,0.0,0.0,0.0,5.0,0.1807,0.8738,0.0005,5.0423,-1.2619,5.9561,495.2622,0.0,0.0,0.0,481.399993896484,no_change,2026-08-14T15:38:06,0.0,0.0
SPXW,2026-09-25,35,Put,7225.0,SPXW260925P07225000,26.8,27.2,27.0,26.36,-7.59,-22.3564,21.0,176.0,0.1813,-0.1261,0.0005,5.0423,-1.2619,-0.9421,27.2277,29.2,29.2,26.36,33.9499988555908,no_change,2026-08-21T11:41:26,0.0,0.0
SPXW,2026-09-25,35,Call,7230.0,SPXW260925C07230000,488.5,494.5,491.5,0.0,0.0,0.0,0.0,0.0,0.1801,0.872,0.0005,5.0893,-1.2694,5.9479,490.6395,0.0,0.0,0.0,0.0,no_change,,0.0,0.0
SPXW,2026-09-25,35,Put,7230.0,SPXW260925P07230000,27.2,27.6,27.4,29.77,29.77,0.0,5.0,0.0,0.1806,-0.1278,0.0005,5.0893,-1.2694,-0.9551,27.5841,29.85,29.85,29.77,0.0,down,2026-08-21T10:00:11,0.0,0.0
SPXW,2026-09-25,35,Call,7240.0,SPXW260925C07240000,479.4,485.2,482.29999999999995,0.0,0.0,0.0,0.0,0.0,0.1788,0.8685,0.0005,5.1844,-1.2845,5.9306,481.4128,0.0,0.0,0.0,467.75,no_change,,0.0,0.0
SPXW,2026-09-25,35,Put,7240.0,SPXW260925P07240000,27.9,28.3,28.1,30.07,-5.18,-14.695,18.0,0.0,0.1792,-0.1313,0.0005,5.1844,-1.2845,-0.9819,28.3156,30.4,30.95,29.6,35.25,down,2026-08-21T10:15:25,0.0,0.0
SPXW,2026-09-25,35,Call,7250.0,SPXW260925C07250000,470.2,476.1,473.15,0.0,0.0,0.0,0.0,0.0,0.1775,0.8649,0.0005,5.2809,-1.2998,5.9124,472.212,0.0,0.0,0.0,458.699996948242,no_change,,0.0,0.0
SPXW,2026-09-25,35,Put,7250.0,SPXW260925P07250000,28.7,29.1,28.9,28.2,-7.95,-21.9917,50.0,252.0,0.1779,-0.1349,0.0005,5.2809,-1.2998,-1.0097,29.073,30.5,31.75,28.06,36.1499996185303,down,2026-08-21T15:59:30,0.0,0.0
SPXW,2026-09-25,35,Call,7260.0,SPXW260925C07260000,461.0,466.8,463.9,0.0,0.0,0.0,0.0,0.0,0.1761,0.8611,0.0005,5.3784,-1.3151,5.8932,463.0384,0.0,0.0,0.0,449.649993896484,no_change,,0.0,0.0
SPXW,2026-09-25,35,Put,7260.0,SPXW260925P07260000,29.5,29.9,29.7,28.68,-8.37,-22.5911,18.0,1.0,0.1766,-0.1387,0.0005,5.3784,-1.3151,-1.0384,29.8575,31.3,31.3,28.68,37.0500011444092,down,2026-08-21T15:45:08,0.0,0.0
SPXW,2026-09-25,35,Call,7270.0,SPXW260925C07270000,451.8,457.7,454.75,0.0,0.0,0.0,0.0,0.0,0.1749,0.8572,0.0005,5.4767,-1.3305,5.8732,453.8928,0.0,0.0,0.0,440.649993896484,no_change,,0.0,0.0
SPXW,2026-09-25,35,Put,7270.0,SPXW260925P07270000,30.3,30.7,30.5,30.9,-7.1,-18.6842,7.0,7.0,0.1753,-0.1426,0.0005,5.4767,-1.3305,-1.068,30.6701,31.28,31.28,29.95,38.0,up,2026-08-21T14:02:07,0.0,0.0
SPXW,2026-09-25,35,Call,7275.0,SPXW260925C07275000,447.3,453.1,450.20000000000005,0.0,0.0,0.0,0.0,0.0,0.1741,0.8552,0.0006,5.5262,-1.3382,5.8629,449.331,0.0,0.0,0.0,436.199996948242,no_change,,0.0,0.0
SPXW,2026-09-25,35,Put,7275.0,SPXW260925P07275000,30.7,31.1,30.9,29.7,-8.8,-22.8571,29.0,122.0,0.1746,-0.1446,0.0006,5.5262,-1.3382,-1.083,31.0873,31.1,31.83,29.7,38.5,down,2026-08-21T15:47:59,0.0,0.0
SPXW,2026-09-25,35,Call,7280.0,SPXW260925C07280000,442.7,448.6,445.65,0.0,0.0,0.0,0.0,0.0,0.1734,0.8532,0.0006,5.576,-1.346,5.8524,444.7765,0.0,0.0,0.0,431.649993896484,no_change,,0.0,0.0
SPXW,2026-09-25,35,Put,7280.0,SPXW260925P07280000,31.1,31.5,31.3,32.47,-6.53,-16.7436,7.0,5.0,0.174,-0.1466,0.0006,5.576,-1.346,-1.0983,31.5119,30.7,32.47,30.7,39.0,up,2026-08-21T12:20:47,0.0,0.0
SPXW,2026-09-25,35,Call,7290.0,SPXW260925C07290000,433.6,439.5,436.55,0.0,0.0,0.0,0.0,0.0,0.1722,0.849,0.0006,5.6764,-1.3615,5.8309,435.6903,0.0,0.0,0.0,422.75,no_change,,0.0,0.0
SPXW,2026-09-25,35,Put,7290.0,SPXW260925P07290000,32.0,32.4,32.2,32.41,-7.59,-18.975,4.0,19.0,0.1727,-0.1508,0.0006,5.6764,-1.3615,-1.1294,32.3838,34.4,34.4,31.92,40.0,up,2026-08-21T12:05:21,0.0,0.0
SPXW,2026-09-25,35,Call,7300.0,SPXW260925C07300000,424.6,430.4,427.5,435.28,0.0,0.0,0.0,7.0,0.1708,0.8448,0.0006,5.7785,-1.3771,5.8085,426.6353,0.0,0.0,0.0,413.800003051758,down,2026-08-20T12:14:21,0.0,0.0
SPXW,2026-09-25,35,Put,7300.0,SPXW260925P07300000,32.9,33.3,33.099999999999994,33.4,-7.65,-18.6358,158.0,956.0,0.1714,-0.155,0.0006,5.7785,-1.3771,-1.1613,33.287,35.4,35.4,31.8,41.0500011444092,up,2026-08-21T16:10:03,0.0,0.0
SPXW,2026-09-25,35,Call,7310.0,SPXW260925C07310000,415.6,421.3,418.45000000000005,0.0,0.0,0.0,0.0,0.0,0.1696,0.8403,0.0006,5.8826,-1.3927,5.785,417.6128,0.0,0.0,0.0,404.950012207031,no_change,,0.0,0.0
SPXW,2026-09-25,35,Put,7310.0,SPXW260925P07310000,33.8,34.2,34.0,36.8,-5.35,-12.6928,3.0,3.0,0.1701,-0.1595,0.0006,5.8826,-1.3927,-1.1943,34.2226,36.8,36.8,36.8,42.1499996185303,no_change,2026-08-21T10:36:18,0.0,0.0
SPXW,2026-09-25,35,Call,7320.0,SPXW260925C07320000,406.6,412.3,409.45000000000005,0.0,0.0,0.0,0.0,4.0,0.1682,0.8357,0.0006,5.9889,-1.4083,5.7603,408.6242,0.0,0.0,0.0,396.149993896484,no_change,,0.0,0.0
SPXW,2026-09-25,35,Put,7320.0,SPXW260925P07320000,34.8,35.2,35.0,34.57,-8.73,-20.1617,1.0,2.0,0.1687,-0.1641,0.0006,5.9889,-1.4083,-1.2285,35.1921,34.57,34.57,34.57,43.2999992370606,down,2026-08-21T11:35:27,0.0,0.0
SPXW,2026-09-25,35,Call,7325.0,SPXW260925C07325000,402.1,407.8,404.95000000000005,0.0,0.0,0.0,0.0,0.0,0.1675,0.8334,0.0006,6.0428,-1.4161,5.7475,404.1431,0.0,0.0,0.0,391.75,no_change,,0.0,0.0
SPXW,2026-09-25,35,Put,7325.0,SPXW260925P07325000,35.3,35.7,35.5,34.8,-9.05,-20.6385,32.0,226.0,0.1681,-0.1664,0.0006,6.0428,-1.4161,-1.2462,35.6901,38.02,38.4,34.6,43.8500003814697,up,2026-08-21T15:59:30,0.0,0.0
SPXW,2026-09-25,35,Call,7330.0,SPXW260925C07330000,397.6,403.4,400.5,0.0,0.0,0.0,0.0,0.0,0.1668,0.831,0.0006,6.0972,-1.4239,5.7342,399.6712,0.0,0.0,0.0,387.350006103516,no_change,,0.0,0.0
SPXW,2026-09-25,35,Put,7330.0,SPXW260925P07330000,35.8,36.2,36.0,36.1,-8.3,-18.6937,1.0,8.0,0.1675,-0.1688,0.0006,6.0972,-1.4239,-1.2642,36.1973,36.1,36.1,36.1,44.3999996185303,down,2026-08-21T12:21:22,0.0,0.0
SPXW,2026-09-25,35,Call,7340.0,SPXW260925C07340000,388.7,394.4,391.54999999999995,0.0,0.0,0.0,0.0,0.0,0.1656,0.8261,0.0006,6.2071,-1.4395,5.7065,390.7557,0.0,0.0,0.0,378.549987792969,no_change,,0.0,0.0
SPXW,2026-09-25,35,Put,7340.0,SPXW260925P07340000,36.8,37.2,37.0,43.67,0.0,0.0,0.0,37.0,0.1661,-0.1737,0.0006,6.2071,-1.4395,-1.3014,37.24,0.0,0.0,0.0,45.6000003814697,up,2026-08-20T10:16:52,0.0,0.0
SPXW,2026-09-25,35,Call,7350.0,SPXW260925C07350000,379.9,385.5,382.7,390.93,0.0,0.0,0.0,4.0,0.1644,0.8211,0.0007,6.3179,-1.455,5.6773,381.8797,0.0,0.0,0.0,369.850006103516,down,2026-08-20T12:14:21,0.0,0.0
SPXW,2026-09-25,35,Put,7350.0,SPXW260925P07350000,37.9,38.3,38.099999999999994,36.72,-10.18,-21.7058,22.0,304.0,0.1648,-0.1788,0.0007,6.3179,-1.455,-1.3402,38.3221,40.2,41.1,36.72,46.8999996185303,down,2026-08-21T15:48:57,0.0,0.0
SPXW,2026-09-25,35,Call,7360.0,SPXW260925C07360000,371.1,376.7,373.9,0.0,0.0,0.0,0.0,0.0,0.163,0.8158,0.0007,6.4292,-1.4705,5.6468,373.0449,0.0,0.0,0.0,361.199996948242,no_change,,0.0,0.0
SPXW,2026-09-25,35,Put,7360.0,SPXW260925P07360000,39.0,39.4,39.2,45.15,0.0,0.0,0.0,6.0,0.1636,-0.184,0.0007,6.4292,-1.4705,-1.3802,39.4454,0.0,0.0,0.0,48.2000007629394,up,2026-08-20T11:50:00,0.0,0.0
SPXW,2026-09-25,35,Call,7370.0,SPXW260925C07370000,362.3,367.9,365.1,0.0,0.0,0.0,0.0,0.0,0.1617,0.8104,0.0007,6.5406,-1.4859,5.6153,364.2529,0.0,0.0,0.0,352.599990844727,no_change,,0.0,0.0
SPXW,2026-09-25,35,Put,7370.0,SPXW260925P07370000,40.2,40.6,40.400000000000006,39.27,-10.23,-20.6667,2.0,34.0,0.1622,-0.1894,0.0007,6.5406,-1.4859,-1.4213,40.6116,40.3,40.3,39.27,49.5,down,2026-08-21T15:50:06,0.0,0.0
SPXW,2026-09-25,35,Call,7375.0,SPXW260925C07375000,357.9,363.5,360.7,378.13,0.0,0.0,0.0,1.0,0.1612,0.8076,0.0007,6.5964,-1.4935,5.5991,359.8735,0.0,0.0,0.0,348.300003051758,down,2026-08-20T10:02:51,0.0,0.0
SPXW,2026-09-25,35,Put,7375.0,SPXW260925P07375000,40.8,41.2,41.0,40.6,-9.6,-19.1235,360.0,150.0,0.1616,-0.1922,0.0007,6.5964,-1.4935,-1.4422,41.2113,42.26,44.05,40.6,50.2000007629394,down,2026-08-21T15:07:46,0.0,0.0
SPXW,2026-09-25,35,Call,7380.0,SPXW260925C07380000,353.5,359.1,356.3,0.0,0.0,0.0,0.0,0.0,0.1605,0.8048,0.0007,6.6523,-1.5012,5.5827,355.5054,0.0,0.0,0.0,344.0,no_change,,0.0,0.0
SPXW,2026-09-25,35,Put,7380.0,SPXW260925P07380000,41.4,41.8,41.599999999999994,41.87,-9.03,-17.7407,5.0,7.0,0.161,-0.195,0.0007,6.6523,-1.5012,-1.4634,41.8222,43.54,43.54,41.87,50.8999996185303,no_change,2026-08-21T13:59:53,0.0,0.0
SPXW,2026-09-25,35,Call,7390.0,SPXW260925C07390000,344.8,350.4,347.6,365.08,0.0,0.0,0.0,1.0,0.1592,0.7991,0.0007,6.7647,-1.5163,5.5491,346.8037,0.0,0.0,0.0,335.449996948242,down,2026-08-20T10:02:51,0.0,0.0
SPXW,2026-09-25,35,Put,7390.0,SPXW260925P07390000,42.6,43.0,42.8,42.2,-10.1,-19.3117,4.0,8.0,0.1596,-0.2008,0.0007,6.7647,-1.5163,-1.5066,43.0786,42.67,42.85,42.2,52.2999992370606,down,2026-08-21T15:58:31,0.0,0.0
SPXW,2026-09-25,35,Call,7400.0,SPXW260925C07400000,336.3,341.7,339.0,440.03,0.0,0.0,0.0,7.0,0.1579,0.7931,0.0008,6.8784,-1.5313,5.5141,338.1495,0.0,0.0,0.0,326.949996948242,up,2026-08-17T09:34:37,0.0,0.0
SPXW,2026-09-25,35,Put,7400.0,SPXW260925P07400000,43.9,44.3,44.099999999999994,43.3,-10.5,-19.5167,46.0,282.0,0.1584,-0.2067,0.0008,6.8784,-1.5313,-1.5511,44.3826,45.51,47.5,42.47,53.7999992370606,up,2026-08-21T15:59:30,0.0,0.0
SPXW,2026-09-25,35,Call,7410.0,SPXW260925C07410000,327.6,333.0,330.3,0.0,0.0,0.0,0.0,0.0,0.1566,0.7869,0.0008,6.9936,-1.5462,5.4775,329.545,0.0,0.0,0.0,318.550003051758,no_change,,0.0,0.0
SPXW,2026-09-25,35,Put,7410.0,SPXW260925P07410000,45.3,45.7,45.5,54.5,0.0,0.0,0.0,1.0,0.1572,-0.2129,0.0008,6.9936,-1.5462,-1.5972,45.7362,0.0,0.0,0.0,55.2999992370606,up,2026-08-20T15:54:32,0.0,0.0
SPXW,2026-09-25,35,Call,7420.0,SPXW260925C07420000,319.1,324.5,321.8,0.0,0.0,0.0,0.0,0.0,0.1554,0.7806,0.0008,7.1103,-1.5607,5.4389,320.9926,0.0,0.0,0.0,310.149993896484,no_change,,0.0,0.0
SPXW,2026-09-25,35,Put,7420.0,SPXW260925P07420000,46.6,47.1,46.85,56.1,0.0,0.0,0.0,65.0,0.1559,-0.2192,0.0008,7.1103,-1.5607,-1.6454,47.142,0.0,0.0,0.0,56.8999996185303,up,2026-08-20T15:54:31,0.0,0.0
SPXW,2026-09-25,35,Call,7425.0,SPXW260925C07425000,314.9,320.2,317.54999999999995,400.74,0.0,0.0,0.0,6.0,0.1548,0.7773,0.0008,7.169,-1.5679,5.4188,316.7368,0.0,0.0,0.0,306.0,no_change,2026-08-12T13:43:05,0.0,0.0
SPXW,2026-09-25,35,Put,7425.0,SPXW260925P07425000,47.4,47.8,47.599999999999994,47.85,-9.85,-17.0711,2.0,137.0,0.1552,-0.2225,0.0008,7.169,-1.5679,-1.6703,47.8653,47.48,47.85,47.48,57.7000007629394,up,2026-08-21T13:24:37,0.0,0.0
SPXW,2026-09-25,35,Call,7430.0,SPXW260925C07430000,310.6,315.9,313.25,0.0,0.0,0.0,0.0,0.0,0.1542,0.774,0.0008,7.2277,-1.5751,5.3982,312.4951,0.0,0.0,0.0,301.849990844727,no_change,,0.0,0.0
SPXW,2026-09-25,35,Put,7430.0,SPXW260925P07430000,48.1,48.5,48.3,48.37,-10.13,-17.3162,22.0,3.0,0.1546,-0.2258,0.0008,7.2277,-1.5751,-1.6957,48.6027,50.35,50.35,48.37,58.5,no_change,2026-08-21T11:32:30,0.0,0.0
SPXW,2026-09-25,35,Call,7440.0,SPXW260925C07440000,302.1,307.4,304.75,0.0,0.0,0.0,0.0,0.0,0.1529,0.7672,0.0008,7.3449,-1.5891,5.3555,304.0553,0.0,0.0,0.0,293.550003051758,no_change,,0.0,0.0
SPXW,2026-09-25,35,Put,7440.0,SPXW260925P07440000,49.6,50.0,49.8,59.4,0.0,0.0,0.0,7.0,0.1534,-0.2326,0.0008,7.3449,-1.5891,-1.7478,50.121,0.0,0.0,0.0,60.2000007629394,up,2026-08-20T15:54:32,0.0,0.0
SPXW,2026-09-25,35,Call,7450.0,SPXW260925C07450000,293.7,299.0,296.35,328.26,0.0,0.0,0.0,10.0,0.1516,0.7602,0.0009,7.4611,-1.6028,5.3113,295.6755,0.0,0.0,0.0,285.349990844727,down,2026-08-19T15:57:06,0.0,0.0
SPXW,2026-09-25,35,Put,7450.0,SPXW260925P07450000,51.2,51.6,51.400000000000006,51.88,-10.07,-16.255,32.0,171.0,0.152,-0.2396,0.0009,7.4611,-1.6028,-1.8016,51.6993,51.37,51.88,51.16,61.9500007629394,up,2026-08-21T13:41:04,0.0,0.0
SPXW,2026-09-25,35,Call,7460.0,SPXW260925C07460000,285.3,290.6,287.95000000000005,0.0,0.0,0.0,0.0,0.0,0.1504,0.7529,0.0009,7.576,-1.6161,5.2659,287.3578,0.0,0.0,0.0,277.200012207031,no_change,,0.0,0.0
SPXW,2026-09-25,35,Put,7460.0,SPXW260925P07460000,52.8,53.2,53.0,53.0,-10.8,-16.9279,7.0,1.0,0.1509,-0.2469,0.0009,7.576,-1.6161,-1.8565,53.3398,54.83,54.83,53.0,63.7999992370606,no_change,2026-08-21T15:55:40,0.0,0.0
SPXW,2026-09-25,35,Call,7470.0,SPXW260925C07470000,277.1,282.3,279.70000000000005,0.0,0.0,0.0,0.0,0.0,0.1491,0.7454,0.0009,7.69,-1.6289,5.2193,279.1042,0.0,0.0,0.0,269.100006103516,no_change,,0.0,0.0
SPXW,2026-09-25,35,Put,7470.0,SPXW260925P07470000,54.5,54.9,54.7,54.58,-11.02,-16.7988,15.0,6.0,0.1496,-0.2544,0.0009,7.69,-1.6289,-1.9126,55.0443,55.6,55.6,54.58,65.6000022888184,down,2026-08-21T15:13:08,0.0,0.0
SPXW,2026-09-25,35,Call,7475.0,SPXW260925C07475000,272.9,278.2,275.54999999999995,279.82,14.72,5.55262,1.0,1.0,0.1485,0.7416,0.0009,7.7468,-1.6352,5.1955,275.002,279.82,279.82,279.82,265.100006103516,down,2026-08-21T11:03:22,0.0,0.0
SPXW,2026-09-25,35,Put,7475.0,SPXW260925P07475000,55.3,55.8,55.55,55.43,-11.17,-16.7718,13.0,148.0,0.149,-0.2582,0.0009,7.7468,-1.6352,-1.9413,55.9212,55.67,56.86,55.43,66.6000022888184,down,2026-08-21T15:13:08,0.0,0.0
SPXW,2026-09-25,35,Call,7480.0,SPXW260925C07480000,268.9,274.1,271.5,0.0,0.0,0.0,0.0,0.0,0.148,0.7377,0.0009,7.8036,-1.6414,5.1712,270.9167,0.0,0.0,0.0,261.100006103516,no_change,,0.0,0.0
SPXW,2026-09-25,35,Put,7480.0,SPXW260925P07480000,56.2,56.7,56.45,56.4,-11.2,-16.5681,7.0,18.0,0.1483,-0.2621,0.0009,7.8036,-1.6414,-1.9704,56.815,55.8,56.4,55.8,67.6000022888184,no_change,2026-08-21T15:55:40,0.0,0.0
SPXW,2026-09-25,35,Call,7490.0,SPXW260925C07490000,260.7,265.9,263.29999999999995,0.0,0.0,0.0,0.0,0.0,0.1466,0.7298,0.0009,7.9174,-1.6533,5.1209,262.7982,0.0,0.0,0.0,253.150001525879,no_change,,0.0,0.0
SPXW,2026-09-25,35,Put,7490.0,SPXW260925P07490000,58.1,58.5,58.3,57.46,-12.14,-17.4425,4.0,13.0,0.1471,-0.27,0.0009,7.9174,-1.6533,-2.0302,58.6546,61.75,61.75,57.46,69.6000022888184,down,2026-08-21T12:11:18,0.0,0.0
SPXW,2026-09-25,35,Call,7500.0,SPXW260925C07500000,252.7,257.9,255.29999999999998,247.88,0.0,0.0,0.0,4.0,0.1455,0.7216,0.001,8.0311,-1.6647,5.068,254.752,0.0,0.0,0.0,245.400001525879,down,2026-08-20T15:37:51,0.0,0.0
SPXW,2026-09-25,35,Put,7500.0,SPXW260925P07500000,59.9,60.4,60.15,58.4,-13.3,-18.5495,41.0,232.0,0.1459,-0.2782,0.001,8.0311,-1.6647,-2.0926,60.5665,62.35,63.79,58.4,71.7000007629394,down,2026-08-21T15:44:20,0.0,0.0
SPXW,2026-09-25,35,Call,7510.0,SPXW260925C07510000,244.8,249.9,247.35000000000002,240.03,0.0,0.0,0.0,1.0,0.1442,0.7131,0.001,8.1437,-1.6754,5.0125,246.7818,0.0,0.0,0.0,237.699996948242,down,2026-08-20T15:37:51,0.0,0.0
SPXW,2026-09-25,35,Put,7510.0,SPXW260925P07510000,61.9,62.4,62.15,62.47,-11.43,-15.4668,12.0,17.0,0.1447,-0.2867,0.001,8.1437,-1.6754,-2.1577,62.5545,65.74,65.74,62.47,73.8999977111816,down,2026-08-21T10:59:39,0.0,0.0
SPXW,2026-09-25,35,Call,7520.0,SPXW260925C07520000,236.8,241.9,239.35000000000002,0.0,0.0,0.0,0.0,0.0,0.143,0.7044,0.001,8.254,-1.6854,4.9549,238.8912,0.0,0.0,0.0,229.900001525879,no_change,,0.0,0.0
SPXW,2026-09-25,35,Put,7520.0,SPXW260925P07520000,64.0,64.4,64.2,63.82,-12.28,-16.1367,3.0,5.0,0.1434,-0.2954,0.001,8.254,-1.6854,-2.2248,64.6221,64.71,64.71,63.8,76.1000022888184,up,2026-08-21T12:49:47,0.0,0.0
SPXW,2026-09-25,35,Call,7525.0,SPXW260925C07525000,232.9,238.0,235.45,239.59,13.49,5.96639,2.0,9.0,0.1424,0.6999,0.001,8.3079,-1.6902,4.9255,234.9767,239.59,239.59,239.59,226.099998474121,down,2026-08-21T11:03:22,0.0,0.0
SPXW,2026-09-25,35,Put,7525.0,SPXW260925P07525000,65.0,65.5,65.25,68.98,-8.27,-10.7055,8.0,69.0,0.1429,-0.2999,0.001,8.3079,-1.6902,-2.259,65.6866,68.51,68.98,68.32,77.25,up,2026-08-21T10:43:30,0.0,0.0
SPXW,2026-09-25,35,Call,7530.0,SPXW260925C07530000,229.0,234.1,231.55,239.97,17.67,7.94872,1.0,0.0,0.1418,0.6954,0.001,8.361,-1.6947,4.8958,231.0831,239.97,239.97,239.97,222.300003051758,up,2026-08-21T12:11:18,0.0,0.0
SPXW,2026-09-25,35,Put,7530.0,SPXW260925P07530000,66.1,66.5,66.3,65.35,-13.05,-16.6454,12.0,19.0,0.1423,-0.3044,0.001,8.361,-1.6947,-2.2935,66.772,68.56,68.56,65.35,78.3999977111816,down,2026-08-21T12:11:18,0.0,0.0
SPXW,2026-09-25,35,Call,7540.0,SPXW260925C07540000,223.8,224.3,224.05,228.8,14.1,6.5673,1.0,0.0,0.1412,0.6861,0.0011,8.4646,-1.7032,4.8354,223.3597,228.8,228.8,228.8,214.699996948242,up,2026-08-21T15:38:56,0.0,0.0
SPXW,2026-09-25,35,Put,7540.0,SPXW260925P07540000,68.3,68.8,68.55,67.48,-13.32,-16.4851,2.0,10.0,0.141,-0.3137,0.0011,8.4646,-1.7032,-2.3633,69.0068,67.48,67.48,67.48,80.7999992370606,down,2026-08-21T12:29:37,0.0,0.0
SPXW,2026-09-25,35,Call,7550.0,SPXW260925C07550000,216.0,216.6,216.3,211.76,4.51,2.17612,1.0,9.0,0.1399,0.6766,0.0011,8.5655,-1.7109,4.7735,215.7235,211.76,211.76,211.76,207.25,down,2026-08-21T10:14:18,0.0,0.0
SPXW,2026-09-25,35,Put,7550.0,SPXW260925P07550000,70.6,71.1,70.85,70.5,-12.8,-15.3661,80.0,215.0,0.1398,-0.3232,0.0011,8.5655,-1.7109,-2.4348,71.3287,74.02,75.45,70.03,83.2999992370606,up,2026-08-21T15:56:36,0.0,0.0
SPXW,2026-09-25,35,Call,7560.0,SPXW260925C07560000,208.6,209.2,208.89999999999998,0.0,0.0,0.0,0.0,0.0,0.1386,0.6668,0.0011,8.6641,-1.7177,4.7092,208.1779,0.0,0.0,0.0,199.900001525879,no_change,,0.0,0.0
SPXW,2026-09-25,35,Put,7560.0,SPXW260925P07560000,73.0,73.5,73.25,73.5,-12.4,-14.4354,22.0,22.0,0.1387,-0.333,0.0011,8.6641,-1.7177,-2.5087,73.7413,75.27,75.27,73.5,85.8999977111816,down,2026-08-21T13:24:29,0.0,0.0
SPXW,2026-09-25,35,Call,7570.0,SPXW260925C07570000,201.0,201.6,201.3,209.36,16.66,8.64557,1.0,0.0,0.1375,0.6567,0.0011,8.7602,-1.7235,4.6418,200.7272,209.36,209.36,209.36,192.699996948242,up,2026-08-21T12:11:18,0.0,0.0
SPXW,2026-09-25,35,Put,7570.0,SPXW260925P07570000,75.5,75.9,75.7,76.0,-12.6,-14.2212,3.0,7.0,0.1375,-0.3431,0.0011,8.7602,-1.7235,-2.5856,76.2488,75.97,76.0,75.22,88.6000022888184,up,2026-08-21T13:24:29,0.0,0.0
SPXW,2026-09-25,35,Call,7575.0,SPXW260925C07575000,197.4,197.9,197.65,201.41,12.31,6.50978,1.0,1.0,0.137,0.6516,0.0011,8.807,-1.726,4.6069,197.039,201.41,201.41,201.41,189.099998474121,down,2026-08-21T11:03:22,0.0,0.0
SPXW,2026-09-25,35,Put,7575.0,SPXW260925P07575000,76.7,77.2,76.95,75.92,-14.08,-15.6444,50.0,180.0,0.1369,-0.3482,0.0011,8.807,-1.726,-2.6253,77.5396,79.68,79.68,74.1,90.0,up,2026-08-21T15:52:29,0.0,0.0
SPXW,2026-09-25,35,Call,7580.0,SPXW260925C07580000,193.7,194.2,193.95,187.8,2.3,1.23989,2.0,0.0,0.1363,0.6464,0.0011,8.8527,-1.7283,4.5714,193.3763,190.3,190.3,187.8,185.5,down,2026-08-21T10:35:13,0.0,0.0
SPXW,2026-09-25,35,Put,7580.0,SPXW260925P07580000,78.1,78.5,78.3,78.11,-13.29,-14.5405,2.0,49.0,0.1364,-0.3534,0.0011,8.8527,-1.7283,-2.6656,78.856,80.55,80.55,78.11,91.3999977111816,down,2026-08-21T14:54:00,0.0,0.0
SPXW,2026-09-25,35,Call,7590.0,SPXW260925C07590000,186.4,187.0,186.7,191.2,12.7,7.11485,1.0,0.0,0.1352,0.6357,0.0012,8.9402,-1.7319,4.499,186.1294,191.2,191.2,191.2,178.5,up,2026-08-21T15:38:56,0.0,0.0
SPXW,2026-09-25,35,Put,7590.0,SPXW260925P07590000,80.7,81.2,80.95,80.2,-14.1,-14.9523,1.0,70.0,0.1352,-0.3641,0.0012,8.9402,-1.7319,-2.7476,81.5672,80.2,80.2,80.2,94.2999992370606,down,2026-08-21T12:15:36,0.0,0.0
SPXW,2026-09-25,35,Call,7600.0,SPXW260925C07600000,179.2,179.8,179.5,175.26,3.71,2.16263,1.0,41.0,0.1341,0.6248,0.0012,9.0218,-1.7343,4.4253,178.9896,175.26,175.26,175.26,171.550003051758,down,2026-08-21T10:14:18,0.0,0.0
SPXW,2026-09-25,35,Put,7600.0,SPXW260925P07600000,83.5,84.0,83.75,83.67,-13.58,-13.964,9.0,109.0,0.1341,-0.375,0.0012,9.0218,-1.7343,-2.8308,84.3856,88.02,88.76,82.84,97.25,down,2026-08-21T14:54:00,0.0,0.0
SPXW,2026-09-25,35,Call,7610.0,SPXW260925C07610000,172.2,172.8,172.5,210.4,0.0,0.0,0.0,12.0,0.1331,0.6136,0.0012,9.0974,-1.7356,4.3504,171.9598,0.0,0.0,0.0,164.699996948242,down,2026-08-18T10:41:57,0.0,0.0
SPXW,2026-09-25,35,Put,7610.0,SPXW260925P07610000,86.4,86.9,86.65,85.7,-14.7,-14.6414,11.0,14.0,0.1329,-0.3862,0.0012,9.0974,-1.7356,-2.9152,87.3139,81.9,85.7,81.9,100.399997711182,up,2026-08-21T13:06:19,0.0,0.0
SPXW,2026-09-25,35,Call,7620.0,SPXW260925C07620000,165.3,165.8,165.55,200.29,0.0,0.0,0.0,12.0,0.1319,0.6021,0.0012,9.1677,-1.7355,4.2734,165.0432,0.0,0.0,0.0,157.900001525879,no_change,2026-08-19T13:33:42,0.0,0.0
SPXW,2026-09-25,35,Put,7620.0,SPXW260925P07620000,89.5,90.0,89.75,84.7,-19.0,-18.3221,10.0,72.0,0.1319,-0.3977,0.0012,9.1677,-1.7355,-3.0018,90.3554,88.95,88.95,84.7,103.700000762939,down,2026-08-21T11:52:19,0.0,0.0
SPXW,2026-09-25,35,Call,7625.0,SPXW260925C07625000,161.8,162.4,162.10000000000002,172.67,17.97,11.616,12.0,36.0,0.1313,0.5963,0.0012,9.2008,-1.735,4.2337,161.6288,172.67,172.67,172.67,154.699996948242,no_change,2026-08-21T12:02:56,0.0,0.0
SPXW,2026-09-25,35,Put,7625.0,SPXW260925P07625000,91.0,91.5,91.25,91.45,-13.85,-13.1529,6.0,112.0,0.1312,-0.4035,0.0012,9.2008,-1.735,-3.0462,91.9202,94.51,95.23,90.5,105.299999237061,up,2026-08-21T13:23:52,0.0,0.0
SPXW,2026-09-25,35,Call,7630.0,SPXW260925C07630000,158.5,159.0,158.75,163.08,11.78,7.78585,1.0,15.0,0.1308,0.5904,0.0012,9.2324,-1.7341,4.1932,158.2448,163.08,163.08,163.08,151.300003051758,down,2026-08-21T15:25:07,0.0,0.0
SPXW,2026-09-25,35,Put,7630.0,SPXW260925P07630000,92.6,93.1,92.85,94.2,-12.8,-11.9626,2.0,69.0,0.1307,-0.4094,0.0012,9.2324,-1.7341,-3.0915,93.5152,96.87,96.87,94.2,107.0,down,2026-08-21T14:09:53,0.0,0.0
SPXW,2026-09-25,35,Call,7640.0,SPXW260925C07640000,151.8,152.3,152.05,221.71,0.0,0.0,0.0,4.0,0.1296,0.5784,0.0013,9.2908,-1.7313,4.1097,151.5705,0.0,0.0,0.0,144.850006103516,down,2026-08-17T14:38:58,0.0,0.0
SPXW,2026-09-25,35,Put,7640.0,SPXW260925P07640000,95.9,96.4,96.15,95.05,-15.45,-13.9819,2.0,78.0,0.1296,-0.4215,0.0013,9.2908,-1.7313,-3.1845,96.799,98.28,98.28,95.05,110.5,down,2026-08-21T12:15:36,0.0,0.0
SPXW,2026-09-25,35,Call,7650.0,SPXW260925C07650000,145.2,145.8,145.5,155.72,17.17,12.3926,12.0,44.0,0.1286,0.5661,0.0013,9.3416,-1.7269,4.0242,145.0253,155.72,155.72,155.72,138.550003051758,no_change,2026-08-21T12:02:56,0.0,0.0
SPXW,2026-09-25,35,Put,7650.0,SPXW260925P07650000,99.3,99.8,99.55,98.81,-15.34,-13.4385,98.0,352.0,0.1285,-0.4338,0.0013,9.3416,-1.7269,-3.2796,100.212,101.73,101.73,95.24,114.150001525879,up,2026-08-21T15:57:37,0.0,0.0
SPXW,2026-09-25,35,Call,7660.0,SPXW260925C07660000,138.8,139.4,139.10000000000002,143.9,11.6,8.76795,15.0,6.0,0.1275,0.5535,0.0013,9.384,-1.7211,3.9378,138.6129,136.5,145.9,134.0,132.300003051758,down,2026-08-21T15:44:20,0.0,0.0
SPXW,2026-09-25,35,Put,7660.0,SPXW260925P07660000,102.8,103.3,103.05,103.97,-13.93,-11.8151,47.0,71.0,0.1275,-0.4463,0.0013,9.384,-1.7211,-3.3755,103.7578,104.94,104.94,101.1,117.899997711182,up,2026-08-21T15:55:07,0.0,0.0
SPXW,2026-09-25,35,Call,7670.0,SPXW260925C07670000,132.5,133.2,132.85,143.97,17.67,13.9905,13.0,14.0,0.1265,0.5407,0.0013,9.4178,-1.7136,3.8505,132.336,135.5,143.97,135.5,126.299999237061,up,2026-08-21T11:43:59,0.0,0.0
SPXW,2026-09-25,35,Put,7670.0,SPXW260925P07670000,106.5,107.0,106.75,105.32,-16.38,-13.4593,5.0,71.0,0.1265,-0.4591,0.0013,9.4178,-1.7136,-3.4723,107.4389,109.9,110.5,102.06,121.700000762939,no_change,2026-08-21T15:23:27,0.0,0.0
SPXW,2026-09-25,35,Call,7675.0,SPXW260925C07675000,129.4,130.0,129.7,127.47,4.17,3.382,13.0,134.0,0.126,0.5342,0.0013,9.4314,-1.7093,3.8062,129.2494,125.3,127.47,125.3,123.299999237061,up,2026-08-21T10:15:36,0.0,0.0
SPXW,2026-09-25,35,Put,7675.0,SPXW260925P07675000,108.4,108.9,108.65,110.2,-13.45,-10.8775,32.0,153.0,0.126,-0.4656,0.0013,9.4314,-1.7093,-3.5214,109.3314,111.84,116.54,102.67,123.650001525879,up,2026-08-21T14:09:53,0.0,0.0
SPXW,2026-09-25,35,Call,7680.0,SPXW260925C07680000,126.4,126.9,126.65,129.65,9.3,7.72746,4.0,5.0,0.1255,0.5277,0.0013,9.4429,-1.7046,3.7611,126.1983,124.49,130.61,124.49,120.349998474121,down,2026-08-21T15:54:30,0.0,0.0
SPXW,2026-09-25,35,Put,7680.0,SPXW260925P07680000,110.3,110.8,110.55,109.1,-16.65,-13.2406,33.0,83.0,0.1254,-0.4722,0.0013,9.4429,-1.7046,-3.5713,111.2594,103.92,110.2,103.92,125.75,no_change,2026-08-21T15:57:58,0.0,0.0
SPXW,2026-09-25,35,Call,7690.0,SPXW260925C07690000,120.4,120.9,120.65,124.0,9.55,8.34426,4.0,4.0,0.1245,0.5144,0.0013,9.4589,-1.6939,3.6684,120.2055,131.49,134.8,124.0,114.449996948242,down,2026-08-21T15:23:48,0.0,0.0
SPXW,2026-09-25,35,Put,7690.0,SPXW260925P07690000,114.3,114.8,114.55,112.97,-16.88,-12.9996,22.0,176.0,0.1245,-0.4854,0.0013,9.4589,-1.6939,-3.6735,115.2248,120.45,121.4,108.6,129.850006103516,no_change,2026-08-21T15:23:27,0.0,0.0
SPXW,2026-09-25,35,Call,7700.0,SPXW260925C07700000,114.5,115.2,114.85,115.5,6.65,6.10933,814.0,100.0,0.1235,0.5009,0.0014,9.4651,-1.6815,3.573,114.3638,113.2,119.71,110.2,108.849998474121,down,2026-08-21T16:06:32,0.0,0.0
SPXW,2026-09-25,35,Put,7700.0,SPXW260925P07700000,118.4,118.9,118.65,120.7,-13.5,-10.0596,16.0,1164.0,0.1235,-0.4989,0.0014,9.4651,-1.6815,-3.7784,119.3412,124.06,124.06,112.97,134.199996948242,up,2026-08-21T14:37:01,0.0,0.0
SPXW,2026-09-25,35,Call,7710.0,SPXW260925C07710000,108.8,109.4,109.1,112.35,9.0,8.70827,6.0,76.0,0.1225,0.4872,0.0014,9.461,-1.6673,3.4769,108.6771,119.58,119.58,112.35,103.349998474121,down,2026-08-21T15:23:48,0.0,0.0
SPXW,2026-09-25,35,Put,7710.0,SPXW260925P07710000,122.7,123.2,122.95,121.3,-17.4,-12.5451,1.0,65.0,0.1225,-0.5126,0.0014,9.461,-1.6673,-3.8841,123.6126,121.3,121.3,121.3,138.699996948242,up,2026-08-21T13:06:19,0.0,0.0
SPXW,2026-09-25,35,Call,7720.0,SPXW260925C07720000,103.3,103.8,103.55,99.4,1.35,1.37685,2.0,70.0,0.1215,0.4734,0.0014,9.4464,-1.6514,3.3809,103.1475,99.5,99.5,99.4,98.0500030517578,down,2026-08-21T10:35:13,0.0,0.0
SPXW,2026-09-25,35,Put,7720.0,SPXW260925P07720000,127.1,127.6,127.35,127.9,-15.45,-10.7778,14.0,208.0,0.1215,-0.5264,0.0014,9.4464,-1.6514,-3.9897,128.0412,125.74,127.9,125.74,143.350006103516,up,2026-08-21T13:59:16,0.0,0.0
SPXW,2026-09-25,35,Call,7725.0,SPXW260925C07725000,100.6,101.1,100.85,100.55,5.1,5.34311,12.0,115.0,0.1211,0.4664,0.0014,9.4351,-1.6428,3.3326,100.4421,101.44,101.44,100.55,95.4499969482422,down,2026-08-21T14:12:09,0.0,0.0
SPXW,2026-09-25,35,Put,7725.0,SPXW260925P07725000,129.3,129.9,129.60000000000002,131.74,-13.91,-9.55029,6.0,137.0,0.1211,-0.5334,0.0014,9.4351,-1.6428,-4.0427,130.3149,131.74,131.74,131.74,145.649993896484,down,2026-08-21T10:09:49,0.0,0.0
SPXW,2026-09-25,35,Call,7730.0,SPXW260925C07730000,97.9,98.5,98.2,101.79,8.94,9.62844,11.0,56.0,0.1206,0.4594,0.0014,9.421,-1.6338,3.2838,97.777,110.75,110.75,101.79,92.8499984741211,down,2026-08-21T15:25:07,0.0,0.0
SPXW,2026-09-25,35,Put,7730.0,SPXW260925P07730000,131.7,132.2,131.95,129.19,-18.86,-12.7389,1.0,42.0,0.1206,-0.5404,0.0014,9.421,-1.6338,-4.0962,132.6288,129.19,129.19,129.19,148.050003051758,up,2026-08-21T15:02:00,0.0,0.0
SPXW,2026-09-25,35,Call,7740.0,SPXW260925C07740000,92.7,93.2,92.95,96.1,8.25,9.39101,16.0,13.0,0.1197,0.4452,0.0014,9.3839,-1.6144,3.1842,92.5699,105.25,105.25,92.52,87.8499984741211,up,2026-08-21T15:32:23,0.0,0.0
SPXW,2026-09-25,35,Put,7740.0,SPXW260925P07740000,136.4,136.9,136.65,143.1,0.0,0.0,0.0,44.0,0.1197,-0.5546,0.0014,9.3839,-1.6144,-4.2054,137.3799,0.0,0.0,0.0,153.099998474121,up,2026-08-20T13:21:37,0.0,0.0
SPXW,2026-09-25,35,Call,7750.0,SPXW260925C07750000,87.7,88.2,87.95,87.7,4.7,5.66265,5.0,110.0,0.1188,0.431,0.0014,9.3344,-1.5932,3.0823,87.5311,93.17,93.17,87.7,83.0,down,2026-08-21T14:12:09,0.0,0.0
SPXW,2026-09-25,35,Put,7750.0,SPXW260925P07750000,141.3,141.8,141.55,136.25,-21.85,-13.8204,12.0,303.0,0.1189,-0.5688,0.0014,9.3344,-1.5932,-4.3168,142.2992,136.25,136.25,136.25,158.099998474121,down,2026-08-21T12:01:53,0.0,0.0
SPXW,2026-09-25,35,Call,7760.0,SPXW260925C07760000,82.8,83.3,83.05,86.0,7.7,9.83397,8.0,18.0,0.118,0.4166,0.0014,9.2732,-1.5703,2.9804,82.6633,93.93,93.93,82.67,78.2999992370606,up,2026-08-21T15:32:19,0.0,0.0
SPXW,2026-09-25,35,Put,7760.0,SPXW260925P07760000,146.4,146.9,146.65,146.61,-16.79,-10.2754,20.0,56.0,0.1181,-0.5832,0.0014,9.2732,-1.5703,-4.4283,147.3895,146.61,146.61,146.61,163.400001525879,down,2026-08-21T11:16:07,0.0,0.0
SPXW,2026-09-25,35,Call,7770.0,SPXW260925C07770000,78.1,78.6,78.35,84.2,0.0,0.0,0.0,41.0,0.1172,0.4022,0.0014,9.2011,-1.5457,2.8796,77.9662,0.0,0.0,0.0,73.7999992370606,down,2026-08-20T13:10:01,0.0,0.0
SPXW,2026-09-25,35,Put,7770.0,SPXW260925P07770000,151.6,152.2,151.89999999999998,158.18,0.0,0.0,0.0,51.0,0.1172,-0.5976,0.0014,9.2011,-1.5457,-4.5386,152.6506,0.0,0.0,0.0,168.900001525879,up,2026-08-20T13:51:14,0.0,0.0
SPXW,2026-09-25,35,Call,7775.0,SPXW260925C07775000,75.8,76.3,76.05,75.37,3.77,5.26536,7.0,84.0,0.1168,0.395,0.0014,9.161,-1.5327,2.8293,75.6814,75.27,76.62,75.27,71.6000022888184,down,2026-08-21T14:32:01,0.0,0.0
SPXW,2026-09-25,35,Put,7775.0,SPXW260925P07775000,154.3,155.0,154.65,148.65,-23.05,-13.4246,12.0,591.0,0.1167,-0.6048,0.0014,9.161,-1.5327,-4.5937,155.3449,148.65,148.65,148.65,171.699996948242,down,2026-08-21T12:01:53,0.0,0.0
SPXW,2026-09-25,35,Call,7780.0,SPXW260925C07780000,73.6,74.1,73.85,73.12,3.67,5.28438,3.0,50.0,0.1163,0.3878,0.0014,9.1178,-1.5194,2.7787,73.4394,72.07,78.3,72.07,69.4499969482422,down,2026-08-21T14:32:01,0.0,0.0
SPXW,2026-09-25,35,Put,7780.0,SPXW260925P07780000,157.0,157.6,157.3,178.0,0.0,0.0,0.0,20.0,0.1164,-0.612,0.0014,9.1178,-1.5194,-4.6491,158.082,0.0,0.0,0.0,174.5,up,2026-08-20T15:55:43,0.0,0.0
SPXW,2026-09-25,35,Call,7790.0,SPXW260925C07790000,69.2,69.7,69.45,69.99,4.74,7.26437,4.0,32.0,0.1156,0.3734,0.0014,9.0214,-1.4915,2.676,69.0849,69.99,69.99,69.99,65.25,down,2026-08-21T13:54:59,0.0,0.0
SPXW,2026-09-25,35,Put,7790.0,SPXW260925P07790000,162.7,163.2,162.95,142.38,0.0,0.0,0.0,77.0,0.1156,-0.6264,0.0014,9.0214,-1.4915,-4.7613,163.6856,0.0,0.0,0.0,180.300003051758,up,2026-08-19T15:36:46,0.0,0.0
SPXW,2026-09-25,35,Call,7800.0,SPXW260925C07800000,65.0,65.5,65.25,66.99,5.74,9.37143,13.0,250.0,0.1148,0.359,0.0014,8.9115,-1.4619,2.5724,64.905,64.15,69.91,62.3,61.25,down,2026-08-21T14:54:00,0.0,0.0
SPXW,2026-09-25,35,Put,7800.0,SPXW260925P07800000,168.4,168.9,168.65,161.04,0.0,0.0,0.0,183.0,0.1148,-0.6408,0.0014,8.9115,-1.4619,-4.8745,169.4638,0.0,0.0,0.0,186.099998474121,up,2026-08-20T09:44:59,0.0,0.0
SPXW,2026-09-25,35,Call,7810.0,SPXW260925C07810000,60.9,61.4,61.15,63.7,6.3,10.9756,11.0,90.0,0.114,0.3447,0.0014,8.7902,-1.4309,2.4701,60.8989,59.82,63.7,59.82,57.3999996185303,up,2026-08-21T15:32:23,0.0,0.0
SPXW,2026-09-25,35,Put,7810.0,SPXW260925P07810000,174.3,175.0,174.65,147.4,0.0,0.0,0.0,13.0,0.114,-0.6552,0.0014,8.7902,-1.4309,-4.9863,175.4159,0.0,0.0,0.0,192.300003051758,up,2026-08-19T11:27:43,0.0,0.0
SPXW,2026-09-25,35,Call,7820.0,SPXW260925C07820000,57.1,57.6,57.35,59.15,5.45,10.149,1.0,15.0,0.1133,0.3304,0.0013,8.6594,-1.3984,2.3701,57.0634,59.15,59.15,59.15,53.7000007629394,down,2026-08-21T14:54:00,0.0,0.0
SPXW,2026-09-25,35,Put,7820.0,SPXW260925P07820000,180.4,180.9,180.65,0.0,0.0,0.0,0.0,0.0,0.1134,-0.6694,0.0013,8.6594,-1.3984,-5.0959,181.5385,0.0,0.0,0.0,198.5,no_change,,0.0,0.0
SPXW,2026-09-25,35,Call,7825.0,SPXW260925C07825000,55.2,55.7,55.45,55.8,3.9,7.51445,8.0,74.0,0.1129,0.3234,0.0013,8.5903,-1.3816,2.3203,55.2086,54.62,58.93,54.62,51.8999996185303,down,2026-08-21T13:58:58,0.0,0.0
SPXW,2026-09-25,35,Put,7825.0,SPXW260925P07825000,183.5,184.1,183.8,141.34,0.0,0.0,0.0,111.0,0.1129,-0.6764,0.0013,8.5903,-1.3816,-5.1504,184.6628,0.0,0.0,0.0,201.699996948242,down,2026-08-17T12:55:06,0.0,0.0
SPXW,2026-09-25,35,Call,7830.0,SPXW260925C07830000,53.4,53.9,53.65,57.6,7.4,14.741,4.0,7.0,0.1126,0.3163,0.0013,8.5183,-1.3645,2.2703,53.3958,52.7,57.6,52.27,50.2000007629394,up,2026-08-21T12:46:44,0.0,0.0
SPXW,2026-09-25,35,Put,7830.0,SPXW260925P07830000,186.7,187.2,186.95,0.0,0.0,0.0,0.0,0.0,0.1126,-0.6835,0.0013,8.5183,-1.3645,-5.2052,187.8291,0.0,0.0,0.0,205.25,no_change,,0.0,0.0
SPXW,2026-09-25,35,Call,7840.0,SPXW260925C07840000,49.9,50.3,50.099999999999994,52.8,5.9,12.58,7.0,1.0,0.1119,0.3024,0.0013,8.3645,-1.3294,2.1697,49.8963,49.07,52.8,49.07,46.8999996185303,no_change,2026-08-21T15:05:10,0.0,0.0
SPXW,2026-09-25,35,Put,7840.0,SPXW260925P07840000,192.2,194.5,193.35,0.0,0.0,0.0,0.0,0.0,0.1121,-0.6974,0.0013,8.3645,-1.3294,-5.3153,194.2877,0.0,0.0,0.0,211.899993896484,no_change,,0.0,0.0
SPXW,2026-09-25,35,Call,7850.0,SPXW260925C07850000,46.5,47.0,46.75,50.05,6.35,14.5309,5.0,764.0,0.1113,0.2886,0.0013,8.1984,-1.293,2.07,46.5641,46.0,53.64,46.0,43.7000007629394,up,2026-08-21T15:00:04,0.0,0.0
SPXW,2026-09-25,35,Put,7850.0,SPXW260925P07850000,198.8,201.1,199.95,190.03,0.0,0.0,0.0,52.0,0.1117,-0.7112,0.0013,8.1984,-1.293,-5.4245,200.9137,0.0,0.0,0.0,218.699996948242,down,2026-08-20T09:44:59,0.0,0.0
SPXW,2026-09-25,35,Call,7860.0,SPXW260925C07860000,43.3,43.8,43.55,44.5,3.8,9.33661,12.0,8.0,0.1107,0.275,0.0013,8.0237,-1.2556,1.9735,43.3949,42.48,44.5,42.48,40.7000007629394,up,2026-08-21T13:46:13,0.0,0.0
SPXW,2026-09-25,35,Put,7860.0,SPXW260925P07860000,204.0,209.1,206.55,178.4,0.0,0.0,0.0,1.0,0.1111,-0.7248,0.0013,8.0237,-1.2556,-5.5306,207.7026,0.0,0.0,0.0,225.650001525879,down,2026-08-19T12:35:37,0.0,0.0
SPXW,2026-09-25,35,Call,7870.0,SPXW260925C07870000,40.3,40.7,40.5,41.12,3.32,8.78307,5.0,6.0,0.1101,0.2617,0.0012,7.8426,-1.2173,1.8794,40.3835,40.9,41.12,40.9,37.7999992370606,up,2026-08-21T14:23:23,0.0,0.0
SPXW,2026-09-25,35,Put,7870.0,SPXW260925P07870000,210.9,216.1,213.5,0.0,0.0,0.0,0.0,0.0,0.1104,-0.7381,0.0012,7.8426,-1.2173,-5.6343,214.6494,0.0,0.0,0.0,232.700004577637,no_change,,0.0,0.0
SPXW,2026-09-25,35,Call,7875.0,SPXW260925C07875000,38.8,39.3,39.05,39.67,3.27,8.98352,4.0,95.0,0.1097,0.2551,0.0012,7.749,-1.1978,1.8325,38.9361,40.55,40.55,39.67,36.3999996185303,down,2026-08-21T14:23:23,0.0,0.0
SPXW,2026-09-25,35,Put,7875.0,SPXW260925P07875000,214.4,219.7,217.05,164.6,0.0,0.0,0.0,40.0,0.1102,-0.7447,0.0012,7.749,-1.1978,-5.686,218.181,0.0,0.0,0.0,236.299995422363,up,2026-08-14T13:25:50,0.0,0.0
SPXW,2026-09-25,35,Call,7880.0,SPXW260925C07880000,37.4,37.9,37.65,53.45,0.0,0.0,0.0,1.0,0.1094,0.2486,0.0012,7.6528,-1.1781,1.7855,37.5273,0.0,0.0,0.0,35.1000003814697,down,2026-08-18T15:49:46,0.0,0.0
SPXW,2026-09-25,35,Put,7880.0,SPXW260925P07880000,217.9,223.3,220.60000000000002,191.4,0.0,0.0,0.0,154.0,0.1099,-0.7512,0.0012,7.6528,-1.1781,-5.7377,221.7513,0.0,0.0,0.0,240.0,down,2026-08-19T09:30:19,0.0,0.0
SPXW,2026-09-25,35,Call,7890.0,SPXW260925C07890000,34.7,35.1,34.900000000000006,35.99,3.44,10.5684,11.0,33.0,0.1089,0.2358,0.0012,7.4523,-1.1382,1.6925,34.8248,33.59,35.99,33.59,32.5500011444092,up,2026-08-21T10:59:39,0.0,0.0
SPXW,2026-09-25,35,Put,7890.0,SPXW260925P07890000,225.2,230.6,227.89999999999998,0.0,0.0,0.0,0.0,0.0,0.1094,-0.764,0.0012,7.4523,-1.1382,-5.8403,229.007,0.0,0.0,0.0,247.400001525879,no_change,,0.0,0.0
SPXW,2026-09-25,35,Call,7900.0,SPXW260925C07900000,32.1,32.6,32.35,33.92,3.77,12.5041,32.0,200.0,0.1084,0.2233,0.0012,7.2436,-1.0977,1.6026,32.2723,32.72,37.92,30.8,30.1499996185303,up,2026-08-21T15:25:19,0.0,0.0
SPXW,2026-09-25,35,Put,7900.0,SPXW260925P07900000,232.5,238.0,235.25,219.01,0.0,0.0,0.0,157.0,0.1089,-0.7765,0.0012,7.2436,-1.0977,-5.9397,236.4126,0.0,0.0,0.0,254.950004577637,up,2026-08-18T09:58:28,0.0,0.0
SPXW,2026-09-25,35,Call,7910.0,SPXW260925C07910000,29.7,30.2,29.95,30.6,2.7,9.67742,1.0,5.0,0.1079,0.2111,0.0011,7.0312,-1.0568,1.5164,29.8635,30.6,30.6,30.6,27.9000005722046,up,2026-08-21T10:57:51,0.0,0.0
SPXW,2026-09-25,35,Put,7910.0,SPXW260925P07910000,240.1,245.6,242.85,0.0,0.0,0.0,0.0,0.0,0.1084,-0.7887,0.0011,7.0312,-1.0568,-6.0354,243.9619,0.0,0.0,0.0,262.599990844727,no_change,,0.0,0.0
SPXW,2026-09-25,35,Call,7920.0,SPXW260925C07920000,27.5,27.9,27.7,27.57,1.82,7.06796,2.0,2.0,0.1074,0.1993,0.0011,6.8154,-1.0157,1.432,27.5936,27.57,27.57,27.57,25.75,no_change,2026-08-21T09:38:37,0.0,0.0
SPXW,2026-09-25,35,Put,7920.0,SPXW260925P07920000,247.7,253.3,250.5,0.0,0.0,0.0,0.0,0.0,0.108,-0.8005,0.0011,6.8154,-1.0157,-6.1294,251.6502,0.0,0.0,0.0,270.450012207031,no_change,,0.0,0.0
SPXW,2026-09-25,35,Call,7925.0,SPXW260925C07925000,26.4,26.8,26.6,28.57,3.87,15.668,17.0,162.0,0.1071,0.1935,0.0011,6.7052,-0.995,1.3901,26.5102,26.4,28.57,25.51,24.6999998092651,up,2026-08-21T15:50:47,0.0,0.0
SPXW,2026-09-25,35,Put,7925.0,SPXW260925P07925000,251.7,257.2,254.45,190.2,0.0,0.0,0.0,6.0,0.1078,-0.8063,0.0011,6.7052,-0.995,-6.1761,255.5458,0.0,0.0,0.0,274.450012207031,up,2026-08-14T15:09:26,0.0,0.0
SPXW,2026-09-25,35,Call,7930.0,SPXW260925C07930000,25.3,25.8,25.55,25.52,1.77,7.45263,2.0,4.0,0.107,0.1878,0.0011,6.5932,-0.9744,1.3486,25.4605,25.52,25.52,25.52,23.75,no_change,2026-08-21T09:38:37,0.0,0.0
SPXW,2026-09-25,35,Put,7930.0,SPXW260925P07930000,255.5,261.2,258.35,0.0,0.0,0.0,0.0,0.0,0.1075,-0.812,0.0011,6.5932,-0.9744,-6.2223,259.4752,0.0,0.0,0.0,278.450012207031,no_change,,0.0,0.0
SPXW,2026-09-25,35,Call,7940.0,SPXW260925C07940000,23.3,23.7,23.5,65.0,0.0,0.0,0.0,9.0,0.1065,0.1768,0.001,6.3646,-0.9331,1.2682,23.4606,0.0,0.0,0.0,21.9000005722046,down,2026-08-17T09:51:26,0.0,0.0
SPXW,2026-09-25,35,Put,7940.0,SPXW260925P07940000,263.5,269.2,266.35,0.0,0.0,0.0,0.0,0.0,0.1071,-0.8231,0.001,6.3646,-0.9331,-6.3123,267.4335,0.0,0.0,0.0,286.5,no_change,,0.0,0.0
SPXW,2026-09-25,35,Call,7950.0,SPXW260925C07950000,21.5,21.9,21.7,23.41,3.26,16.1787,71.0,171.0,0.1061,0.166,0.001,6.134,-0.8919,1.192,21.5877,21.3,25.37,20.6,20.1499996185303,down,2026-08-21T15:50:47,0.0,0.0
SPXW,2026-09-25,35,Put,7950.0,SPXW260925P07950000,271.6,277.3,274.45000000000005,233.4,0.0,0.0,0.0,16.0,0.1068,-0.8338,0.001,6.134,-0.8919,-6.398,275.5187,0.0,0.0,0.0,294.699996948242,down,2026-08-10T09:57:51,0.0,0.0
SPXW,2026-09-25,35,Call,7960.0,SPXW260925C07960000,19.7,20.1,19.9,24.06,0.0,0.0,0.0,10.0,0.1057,0.1557,0.001,5.9044,-0.8511,1.1187,19.836,0.0,0.0,0.0,18.5,down,2026-08-20T12:04:29,0.0,0.0
SPXW,2026-09-25,35,Put,7960.0,SPXW260925P07960000,279.6,285.5,282.55,0.0,0.0,0.0,0.0,0.0,0.1064,-0.8441,0.001,5.9044,-0.8511,-6.4809,283.7251,0.0,0.0,0.0,303.099990844727,no_change,,0.0,0.0
SPXW,2026-09-25,35,Call,7970.0,SPXW260925C07970000,18.1,18.5,18.3,17.4,0.45,2.65487,1.0,31.0,0.1053,0.1458,0.0009,5.6738,-0.8107,1.0469,18.202,17.4,17.4,17.4,16.9499998092651,down,2026-08-21T10:45:14,0.0,0.0
SPXW,2026-09-25,35,Put,7970.0,SPXW260925P07970000,287.9,293.9,290.9,0.0,0.0,0.0,0.0,0.0,0.1059,-0.854,0.0009,5.6738,-0.8107,-6.5622,292.0493,0.0,0.0,0.0,311.550003051758,no_change,,0.0,0.0
SPXW,2026-09-25,35,Call,7975.0,SPXW260925C07975000,17.3,17.7,17.5,19.1,2.85,17.5385,76.0,118.0,0.105,0.141,0.0009,5.5575,-0.7907,1.0119,17.4282,17.3,22.2,16.65,16.25,up,2026-08-21T15:11:27,0.0,0.0
SPXW,2026-09-25,35,Put,7975.0,SPXW260925P07975000,292.1,298.1,295.1,0.0,0.0,0.0,0.0,0.0,0.1059,-0.8588,0.0009,5.5575,-0.7907,-6.602,296.2545,0.0,0.0,0.0,315.800003051758,no_change,,0.0,0.0
SPXW,2026-09-25,35,Call,7980.0,SPXW260925C07980000,16.6,16.9,16.75,18.3,2.75,17.6849,1.0,96.0,0.1049,0.1364,0.0009,5.4406,-0.7709,0.9779,16.6823,18.3,18.3,18.3,15.5499997138977,up,2026-08-21T15:11:27,0.0,0.0
SPXW,2026-09-25,35,Put,7980.0,SPXW260925P07980000,296.4,302.4,299.4,0.0,0.0,0.0,0.0,0.0,0.1057,-0.8634,0.0009,5.4406,-0.7709,-6.6408,300.4877,0.0,0.0,0.0,320.050003051758,no_change,,0.0,0.0
SPXW,2026-09-25,35,Call,7990.0,SPXW260925C07990000,15.2,15.5,15.35,15.85,1.6,11.2281,5.0,5.0,0.1046,0.1273,0.0008,5.2074,-0.7318,0.9131,15.271,14.7,18.34,14.7,14.25,down,2026-08-21T14:10:22,0.0,0.0
SPXW,2026-09-25,35,Put,7990.0,SPXW260925P07990000,304.9,311.0,307.95,0.0,0.0,0.0,0.0,0.0,0.1055,-0.8725,0.0008,5.2074,-0.7318,-6.7151,309.0346,0.0,0.0,0.0,328.699996948242,no_change,,0.0,0.0
SPXW,2026-09-25,35,Call,8000.0,SPXW260925C08000000,13.8,14.2,14.0,15.46,2.41,18.4674,48.0,133.0,0.1043,0.1187,0.0008,4.9779,-0.6935,0.8518,13.9619,14.1,18.75,13.65,13.0499997138977,up,2026-08-21T14:59:44,0.0,0.0
SPXW,2026-09-25,35,Put,8000.0,SPXW260925P08000000,313.5,319.6,316.55,307.9,0.0,0.0,0.0,1.0,0.1051,-0.8811,0.0008,4.9779,-0.6935,-6.7859,317.6836,0.0,0.0,0.0,337.5,up,2026-08-20T09:54:23,0.0,0.0
SPXW,2026-09-25,35,Call,8010.0,SPXW260925C08010000,12.6,13.0,12.8,13.15,1.25,10.5042,2.0,28.0,0.104,0.1105,0.0008,4.7523,-0.6562,0.7926,12.7505,13.35,13.35,13.15,11.9000000953674,down,2026-08-21T14:32:01,0.0,0.0
SPXW,2026-09-25,35,Put,8010.0,SPXW260925P08010000,322.3,328.4,325.35,0.0,0.0,0.0,0.0,0.0,0.105,-0.8893,0.0008,4.7523,-0.6562,-6.8547,326.4304,0.0,0.0,0.0,346.25,no_change,,0.0,0.0
SPXW,2026-09-25,35,Call,8025.0,SPXW260925C08025000,11.0,11.4,11.2,12.3,1.9,18.2692,161.0,192.0,0.1036,0.099,0.0007,4.4178,-0.6022,0.7089,11.1085,11.15,14.98,10.86,10.4000000953674,up,2026-08-21T14:59:19,0.0,0.0
SPXW,2026-09-25,35,Put,8025.0,SPXW260925P08025000,335.5,341.6,338.55,0.0,0.0,0.0,0.0,0.0,0.1046,-0.9008,0.0007,4.4178,-0.6022,-6.9526,339.7256,0.0,0.0,0.0,358.75,no_change,,0.0,0.0
SPXW,2026-09-25,35,Call,8050.0,SPXW260925C08050000,8.7,9.0,8.85,10.05,1.85,22.561,152.0,328.0,0.103,0.0819,0.0006,3.8837,-0.5184,0.5871,8.7918,9.3,12.03,8.6,8.2000002861023,up,2026-08-21T15:47:59,0.0,0.0
SPXW,2026-09-25,35,Put,8050.0,SPXW260925P08050000,350.0,373.5,361.75,297.98,0.0,0.0,0.0,2.0,0.1043,-0.9179,0.0006,3.8837,-0.5184,-7.0984,362.3042,0.0,0.0,0.0,380.300003051758,no_change,2026-08-12T14:44:20,0.0,0.0
SPXW,2026-09-25,35,Call,8075.0,SPXW260925C08075000,6.8,7.2,7.0,7.4,0.9,13.8462,23.0,109.0,0.1027,0.0674,0.0005,3.3878,-0.443,0.4819,6.9364,7.26,9.9,7.25,6.5,down,2026-08-21T15:55:33,0.0,0.0
SPXW,2026-09-25,35,Put,8075.0,SPXW260925P08075000,372.7,395.9,384.29999999999995,398.66,0.0,0.0,0.0,5.0,0.1043,-0.9324,0.0005,3.3878,-0.443,-7.2274,385.3442,0.0,0.0,0.0,404.75,up,2026-08-20T14:23:16,0.0,0.0
SPXW,2026-09-25,35,Call,8100.0,SPXW260925C08100000,5.4,5.7,5.550000000000001,6.29,1.14,22.1359,49.0,266.0,0.1026,0.0552,0.0005,2.9372,-0.3767,0.3945,5.4675,5.85,7.26,5.45,5.15000009536743,no_change,2026-08-21T15:11:55,0.0,0.0
SPXW,2026-09-25,35,Put,8100.0,SPXW260925P08100000,396.2,419.9,408.04999999999995,422.18,0.0,0.0,0.0,5.0,0.1042,-0.9446,0.0005,2.9372,-0.3767,-7.3386,408.7707,0.0,0.0,0.0,428.600006103516,up,2026-08-20T14:23:16,0.0,0.0
SPXW,2026-09-25,35,Call,8125.0,SPXW260925C08125000,4.2,4.5,4.35,5.05,0.95,23.1707,15.0,25.0,0.1024,0.0452,0.0004,2.5355,-0.3196,0.3222,4.3201,4.56,5.36,4.42,4.09999990463257,no_change,2026-08-21T15:11:55,0.0,0.0
SPXW,2026-09-25,35,Put,8125.0,SPXW260925P08125000,419.9,442.9,431.4,0.0,0.0,0.0,0.0,0.0,0.1043,-0.9546,0.0004,2.5355,-0.3196,-7.4347,432.5186,0.0,0.0,0.0,452.399993896484,no_change,,0.0,0.0
SPXW,2026-09-25,35,Call,8150.0,SPXW260925C08150000,3.3,3.6,3.45,3.77,0.47,14.2424,64.0,189.0,0.1028,0.037,0.0003,2.1847,-0.2711,0.2634,3.4308,3.55,4.65,3.35,3.30000007152557,down,2026-08-21T14:42:37,0.0,0.0
SPXW,2026-09-25,35,Put,8150.0,SPXW260925P08150000,443.8,467.7,455.75,0.0,0.0,0.0,0.0,0.0,0.1049,-0.9628,0.0003,2.1847,-0.2711,-7.5174,456.5246,0.0,0.0,0.0,476.449996948242,no_change,,0.0,0.0
SPXW,2026-09-25,35,Call,8175.0,SPXW260925C08175000,2.65,2.85,2.75,3.4,0.775,29.5238,13.0,60.0,0.1029,0.0304,0.0003,1.8833,-0.2308,0.2163,2.7485,2.81,3.45,2.81,2.625,down,2026-08-21T13:01:07,0.0,0.0
SPXW,2026-09-25,35,Put,8175.0,SPXW260925P08175000,468.0,491.0,479.5,0.0,0.0,0.0,0.0,0.0,0.1062,-0.9694,0.0003,1.8833,-0.2308,-7.5884,480.7377,0.0,0.0,0.0,499.899993896484,no_change,,0.0,0.0
SPXW,2026-09-25,35,Call,8200.0,SPXW260925C08200000,2.1,2.3,2.2,2.47,0.345,16.2353,62.0,156.0,0.1034,0.0252,0.0002,1.6278,-0.1976,0.1788,2.2262,2.15,3.3,2.15,2.125,down,2026-08-21T14:42:37,0.0,0.0
SPXW,2026-09-25,35,Put,8200.0,SPXW260925P08200000,492.6,516.2,504.40000000000003,0.0,0.0,0.0,0.0,0.0,0.107,-0.9747,0.0002,1.6278,-0.1976,-7.6498,505.1108,0.0,0.0,0.0,524.599975585938,no_change,,0.0,0.0
SPXW,2026-09-25,35,Call,8225.0,SPXW260925C08225000,1.7,1.85,1.775,2.5,0.0,0.0,0.0,17.0,0.1043,0.021,0.0002,1.414,-0.1706,0.1489,1.8281,0.0,0.0,0.0,1.72499996423721,down,2026-08-20T10:11:00,0.0,0.0
SPXW,2026-09-25,35,Put,8225.0,SPXW260925P08225000,516.8,539.8,528.3,0.0,0.0,0.0,0.0,0.0,0.1084,-0.9788,0.0002,1.414,-0.1706,-7.7035,529.608,0.0,0.0,0.0,549.550018310547,no_change,,0.0,0.0
SPXW,2026-09-25,35,Call,8250.0,SPXW260925C08250000,1.4,1.55,1.475,1.72,0.27,18.6207,57.0,137.0,0.1057,0.0177,0.0002,1.2357,-0.1487,0.1256,1.5231,1.47,2.06,1.47,1.44999998807907,down,2026-08-21T14:22:18,0.0,0.0
SPXW,2026-09-25,35,Put,8250.0,SPXW260925P08250000,541.4,565.3,553.3499999999999,0.0,0.0,0.0,0.0,0.0,0.1102,-0.9821,0.0002,1.2357,-0.1487,-7.7506,554.1984,0.0,0.0,0.0,573.699981689453,no_change,,0.0,0.0
SPXW,2026-09-25,35,Call,8275.0,SPXW260925C08275000,1.15,1.35,1.25,1.57,0.345,28.1633,21.0,42.0,0.1069,0.0151,0.0001,1.0875,-0.131,0.1068,1.2884,1.27,1.57,1.27,1.22499996423721,up,2026-08-21T12:19:10,0.0,0.0
SPXW,2026-09-25,35,Put,8275.0,SPXW260925P08275000,566.1,589.0,577.55,0.0,0.0,0.0,0.0,0.0,0.1126,-0.9847,0.0001,1.0875,-0.131,-7.7933,578.859,0.0,0.0,0.0,598.700012207031,no_change,,0.0,0.0
SPXW,2026-09-25,35,Call,8300.0,SPXW260925C08300000,1.0,1.15,1.075,1.3,0.225,20.9302,1501.0,1570.0,0.1086,0.013,0.0001,0.9644,-0.1166,0.092,1.106,1.07,1.3,1.07,1.07499998807907,no_change,2026-08-21T13:40:23,0.0,0.0
SPXW,2026-09-25,35,Put,8300.0,SPXW260925P08300000,590.8,614.7,602.75,0.0,0.0,0.0,0.0,0.0,0.1146,-0.9868,0.0001,0.9644,-0.1166,-7.832,603.5721,0.0,0.0,0.0,623.349975585938,no_change,,0.0,0.0
SPXW,2026-09-25,35,Call,8325.0,SPXW260925C08325000,0.85,1.0,0.925,0.92,0.0,0.0,0.0,1.0,0.1098,0.0114,0.0001,0.8613,-0.1048,0.0802,0.9622,0.0,0.0,0.0,0.925000011920929,down,2026-08-20T15:45:10,0.0,0.0
SPXW,2026-09-25,35,Put,8325.0,SPXW260925P08325000,615.5,638.4,626.95,0.0,0.0,0.0,0.0,0.0,0.1175,-0.9885,0.0001,0.8613,-0.1048,-7.8676,628.3235,0.0,0.0,0.0,648.050018310547,no_change,,0.0,0.0
SPXW,2026-09-25,35,Call,8350.0,SPXW260925C08350000,0.75,0.9,0.825,1.04,0.215,26.0606,69.0,325.0,0.1118,0.01,0.0001,0.7743,-0.095,0.0704,0.8472,0.85,1.11,0.85,0.824999988079071,down,2026-08-21T12:30:35,0.0,0.0
SPXW,2026-09-25,35,Put,8350.0,SPXW260925P08350000,640.3,664.2,652.25,0.0,0.0,0.0,0.0,0.0,0.1203,-0.9898,0.0001,0.7743,-0.095,-7.9013,653.1039,0.0,0.0,0.0,672.75,no_change,,0.0,0.0
SPXW,2026-09-25,35,Call,8400.0,SPXW260925C08400000,0.6,0.75,0.675,0.77,0.095,14.0741,57.0,200.0,0.1161,0.0079,0.0001,0.6372,-0.0799,0.0557,0.6769,0.67,0.77,0.67,0.675000011920929,up,2026-08-21T11:24:33,0.0,0.0
SPXW,2026-09-25,35,Put,8400.0,SPXW260925P08400000,689.9,713.8,701.8499999999999,0.0,0.0,0.0,0.0,0.0,0.1254,-0.9919,0.0001,0.6372,-0.0799,-7.9637,702.7244,0.0,0.0,0.0,722.5,no_change,,0.0,0.0
SPXW,2026-09-25,35,Call,8450.0,SPXW260925C08450000,0.45,0.65,0.55,0.69,0.14,25.4545,10.0,172.0,0.1196,0.0064,0.0001,0.5342,-0.0687,0.0453,0.5577,0.69,0.69,0.69,0.550000011920929,up,2026-08-21T12:30:35,0.0,0.0
SPXW,2026-09-25,35,Put,8450.0,SPXW260925P08450000,739.6,763.5,751.55,0.0,0.0,0.0,0.0,0.0,0.1314,-0.9934,0.0001,0.5342,-0.0687,-8.0218,752.3958,0.0,0.0,0.0,772.200012207031,no_change,,0.0,0.0
SPXW,2026-09-25,35,Call,8500.0,SPXW260925C08500000,0.35,0.55,0.45,0.57,0.095,20.0,6.0,139.0,0.1249,0.0054,0.0,0.4543,-0.0601,0.0374,0.4698,0.47,0.57,0.47,0.475000008940697,up,2026-08-21T11:25:41,0.0,0.0
SPXW,2026-09-25,35,Put,8500.0,SPXW260925P08500000,789.3,813.2,801.25,0.0,0.0,0.0,0.0,0.0,0.1372,-0.9944,0.0,0.4546,-0.0601,-8.0773,802.0989,0.0,0.0,0.0,821.25,no_change,,0.0,0.0
SPXW,2026-09-25,35,Call,8550.0,SPXW260925C08550000,0.3,0.5,0.4,0.0,0.0,0.0,0.0,0.0,0.1282,0.0045,0.0,0.3911,-0.0532,0.0316,0.4026,0.0,0.0,0.0,0.400000005960464,no_change,,0.0,0.0
SPXW,2026-09-25,35,Put,8550.0,SPXW260925P08550000,839.0,863.0,851.0,0.0,0.0,0.0,0.0,0.0,0.1426,-0.9953,0.0,0.3914,-0.0532,-8.1309,851.8225,0.0,0.0,0.0,871.0,no_change,,0.0,0.0
SPXW,2026-09-25,35,Call,8600.0,SPXW260925C08600000,0.25,0.45,0.35,0.5,0.0,0.0,0.0,7.0,0.1326,0.0039,0.0,0.3399,-0.0476,0.0269,0.3496,0.0,0.0,0.0,0.349999994039536,down,2026-08-18T10:26:17,0.0,0.0
SPXW,2026-09-25,35,Put,8600.0,SPXW260925P08600000,888.8,912.6,900.7,0.0,0.0,0.0,0.0,0.0,0.1496,-0.996,0.0,0.3402,-0.0476,-8.1833,901.5602,0.0,0.0,0.0,921.450012207031,no_change,,0.0,0.0
SPXW,2026-09-25,35,Call,8700.0,SPXW260925C08700000,0.2,0.35,0.275,0.35,0.0,0.0,0.0,11.0,0.1425,0.0029,0.0,0.2627,-0.0389,0.0201,0.2716,0.0,0.0,0.0,0.299999997019768,down,2026-08-18T10:11:59,0.0,0.0
SPXW,2026-09-25,35,Put,8700.0,SPXW260925P08700000,988.5,1012.3,1000.4,0.0,0.0,0.0,0.0,0.0,0.1615,-0.9969,0.0,0.2629,-0.039,-8.2855,1001.0636,0.0,0.0,0.0,1020.24996948242,no_change,,0.0,0.0
SPXW,2026-09-25,35,Call,8800.0,SPXW260925C08800000,0.15,0.3,0.22499999999999998,0.35,0.0,0.0,0.0,20.0,0.1516,0.0022,0.0,0.2076,-0.0325,0.0155,0.2169,0.0,0.0,0.0,0.225000008940697,down,2026-08-17T11:48:42,0.0,0.0
SPXW,2026-09-25,35,Put,8800.0,SPXW260925P08800000,1087.9,1111.0,1099.45,0.0,0.0,0.0,0.0,0.0,0.1751,-0.9976,0.0,0.2078,-0.0325,-8.3856,1100.5902,0.0,0.0,0.0,1119.70001220703,no_change,,0.0,0.0
SPXW,2026-09-25,35,Call,9000.0,SPXW260925C09000000,0.05,0.25,0.15,0.22,0.0,0.0,0.0,28.0,0.1705,0.0014,0.0,0.1359,-0.0235,0.0097,0.1456,0.0,0.0,0.0,0.150000002235174,down,2026-08-17T13:17:10,0.0,0.0
SPXW,2026-09-25,35,Put,9000.0,SPXW260925P09000000,1287.1,1310.8,1298.9499999999998,0.0,0.0,0.0,0.0,0.0,0.1991,-0.9984,0.0,0.136,-0.0235,-8.5822,1299.6817,0.0,0.0,0.0,1319.45001220703,no_change,,0.0,0.0
SPXW,2026-09-25,35,Call,9200.0,SPXW260925C09200000,0.05,0.2,0.125,0.0,0.0,0.0,0.0,0.0,0.1869,0.0009,0.0,0.0927,-0.0175,0.0064,0.1016,0.0,0.0,0.0,0.100000003352761,no_change,,0.0,0.0
SPXW,2026-09-25,35,Put,9200.0,SPXW260925P09200000,1486.3,1510.1,1498.1999999999998,0.0,0.0,0.0,0.0,0.0,0.2245,-0.9989,0.0,0.0928,-0.0175,-8.7764,1498.8006,0.0,0.0,0.0,1518.60003662109,no_change,,0.0,0.0
SPXW,2026-09-25,35,Call,9400.0,SPXW260925C09400000,0.0,0.2,0.1,0.15,0.0,0.0,0.0,6.0,0.2037,0.0006,0.0,0.0648,-0.0131,0.0043,0.0725,0.0,0.0,0.0,0.0750000029802322,up,2026-08-17T10:05:31,0.0,0.0
SPXW,2026-09-25,35,Put,9400.0,SPXW260925P09400000,1685.4,1709.3,1697.35,0.0,0.0,0.0,0.0,0.0,0.2463,-0.9992,0.0,0.0648,-0.0132,-8.9692,1697.9343,0.0,0.0,0.0,1717.04998779297,no_change,,0.0,0.0
SPXW,2026-09-25,35,Call,9600.0,SPXW260925C09600000,0.0,0.15,0.075,0.0,0.0,0.0,0.0,0.0,0.2233,0.0004,0.0,0.0456,-0.0098,0.003,0.0517,0.0,0.0,0.0,0.0500000007450581,no_change,,0.0,0.0
SPXW,2026-09-25,35,Put,9600.0,SPXW260925P09600000,1884.6,1908.3,1896.4499999999998,0.0,0.0,0.0,0.0,0.0,0.2704,-0.9994,0.0,0.0461,-0.01,-9.1614,1897.0771,0.0,0.0,0.0,1916.89996337891,no_change,,0.0,0.0
SPXW,2026-09-25,35,Call,9800.0,SPXW260925C09800000,0.0,0.15,0.075,0.0,0.0,0.0,0.0,0.0,0.2423,0.0003,0.0,0.0328,-0.0075,0.0021,0.0376,0.0,0.0,0.0,0.0500000007450581,no_change,,0.0,0.0
SPXW,2026-09-25,35,Put,9800.0,SPXW260925P09800000,2083.8,2107.5,2095.65,0.0,0.0,0.0,0.0,0.0,0.2938,-0.9995,0.0,0.0332,-0.0076,-9.3532,2096.2257,0.0,0.0,0.0,2115.55004882812,no_change,,0.0,0.0
SPXW,2026-09-25,35,Call,10000.0,SPXW260925C10000000,0.0,0.1,0.05,0.1,0.0,0.0,0.0,2.0,0.2553,0.0002,0.0,0.0238,-0.0057,0.0015,0.0275,0.0,0.0,0.0,0.0500000007450581,down,2026-08-11T15:12:44,0.0,0.0
SPXW,2026-09-25,35,Put,10000.0,SPXW260925P10000000,2283.0,2303.6,2293.3,0.0,0.0,0.0,0.0,0.0,0.3167,-0.9996,0.0,0.0241,-0.0058,-9.5446,2295.3783,0.0,0.0,0.0,2315.15002441406,no_change,,0.0,0.0
SPXW,2026-09-28,38,Call,3200.0,SPXW260928C03200000,4466.6,4490.5,4478.55,0.0,0.0,0.0,0.0,0.0,0.9513,0.9995,0.0,0.0256,-0.0242,3.1419,4476.3588,0.0,0.0,0.0,4456.55004882812,no_change,,0.0,0.0
SPXW,2026-09-28,38,Put,3200.0,SPXW260928P03200000,0.0,0.15,0.075,0.12,0.0,0.0,0.0,1.0,0.801,-0.0003,0.0,0.0256,-0.024,-0.0021,0.1397,0.0,0.0,0.0,0.125000001862645,up,2026-08-13T15:28:49,0.0,0.0
SPXW,2026-09-28,38,Call,3400.0,SPXW260928C03400000,4267.4,4291.3,4279.35,0.0,0.0,0.0,0.0,0.0,0.8923,0.9995,0.0,0.0297,-0.0262,3.3378,4277.2346,0.0,0.0,0.0,4257.44995117188,no_change,,0.0,0.0
SPXW,2026-09-28,38,Put,3400.0,SPXW260928P03400000,0.05,0.2,0.125,0.17,0.0,0.0,0.0,1.0,0.7478,-0.0003,0.0,0.0296,-0.0261,-0.0024,0.1541,0.0,0.0,0.0,0.125000001862645,up,2026-08-13T10:17:14,0.0,0.0
SPXW,2026-09-28,38,Call,3600.0,SPXW260928C03600000,4068.2,4092.2,4080.2,0.0,0.0,0.0,0.0,0.0,0.8279,0.9994,0.0,0.0351,-0.0291,3.5336,4078.1162,0.0,0.0,0.0,4057.70007324219,no_change,,0.0,0.0
SPXW,2026-09-28,38,Put,3600.0,SPXW260928P03600000,0.05,0.25,0.15,0.0,0.0,0.0,0.0,0.0,0.7178,-0.0004,0.0,0.035,-0.029,-0.0029,0.1744,0.0,0.0,0.0,0.175000000745058,no_change,,0.0,0.0
SPXW,2026-09-28,38,Call,3800.0,SPXW260928C03800000,3872.2,3893.1,3882.6499999999996,0.0,0.0,0.0,0.0,0.0,0.7754,0.9993,0.0,0.0425,-0.0333,3.7292,3879.0072,0.0,0.0,0.0,3859.04992675781,no_change,,0.0,0.0
SPXW,2026-09-28,38,Put,3800.0,SPXW260928P03800000,0.1,0.3,0.2,0.0,0.0,0.0,0.0,0.0,0.6835,-0.0005,0.0,0.0424,-0.0332,-0.0036,0.2042,0.0,0.0,0.0,0.225000008940697,no_change,,0.0,0.0
SPXW,2026-09-28,38,Call,4000.0,SPXW260928C04000000,3670.1,3694.0,3682.05,0.0,0.0,0.0,0.0,0.0,0.7252,0.9992,0.0,0.0529,-0.0393,3.9246,3679.9125,0.0,0.0,0.0,3660.25,no_change,,0.0,0.0
SPXW,2026-09-28,38,Put,4000.0,SPXW260928P04000000,0.25,0.35,0.3,0.0,0.0,0.0,0.0,0.0,0.6567,-0.0006,0.0,0.0528,-0.0392,-0.0045,0.2481,0.0,0.0,0.0,0.325000002980232,no_change,,0.0,0.0
SPXW,2026-09-28,38,Call,4200.0,SPXW260928C04200000,3470.9,3494.9,3482.9,0.0,0.0,0.0,0.0,0.0,0.6771,0.999,0.0,0.0681,-0.0478,4.1194,3480.8387,0.0,0.0,0.0,3460.95007324219,no_change,,0.0,0.0
SPXW,2026-09-28,38,Put,4200.0,SPXW260928P04200000,0.25,0.4,0.325,0.4,0.0,0.0,0.0,137.0,0.6181,-0.0008,0.0,0.0679,-0.0477,-0.0059,0.3129,0.0,0.0,0.0,0.375,no_change,2026-08-17T13:00:35,0.0,0.0
SPXW,2026-09-28,38,Call,4400.0,SPXW260928C04400000,3271.9,3295.8,3283.8500000000004,0.0,0.0,0.0,0.0,0.0,0.6309,0.9988,0.0,0.0892,-0.0597,4.3137,3281.7942,0.0,0.0,0.0,3262.20007324219,no_change,,0.0,0.0
SPXW,2026-09-28,38,Put,4400.0,SPXW260928P04400000,0.35,0.5,0.425,0.0,0.0,0.0,0.0,0.0,0.5856,-0.001,0.0,0.089,-0.0596,-0.0079,0.407,0.0,0.0,0.0,0.500000014901161,no_change,,0.0,0.0
SPXW,2026-09-28,38,Call,4600.0,SPXW260928C04600000,3072.8,3096.7,3084.75,0.0,0.0,0.0,0.0,0.0,0.5863,0.9984,0.0,0.1188,-0.0757,4.5071,3082.7881,0.0,0.0,0.0,3063.54992675781,no_change,,0.0,0.0
SPXW,2026-09-28,38,Put,4600.0,SPXW260928P04600000,0.5,0.65,0.575,0.0,0.0,0.0,0.0,0.0,0.5515,-0.0014,0.0,0.1186,-0.0755,-0.0108,0.5396,0.0,0.0,0.0,0.625,no_change,,0.0,0.0
SPXW,2026-09-28,38,Call,4800.0,SPXW260928C04800000,2873.8,2897.7,2885.75,0.0,0.0,0.0,0.0,0.0,0.548,0.9978,0.0,0.1586,-0.0964,4.6993,2883.8319,0.0,0.0,0.0,2863.69995117188,no_change,,0.0,0.0
SPXW,2026-09-28,38,Put,4800.0,SPXW260928P04800000,0.65,0.8,0.7250000000000001,0.0,0.0,0.0,0.0,0.0,0.522,-0.002,0.0,0.1584,-0.0962,-0.0149,0.7219,0.0,0.0,0.0,0.875,no_change,,0.0,0.0
SPXW,2026-09-28,38,Call,5000.0,SPXW260928C05000000,2674.9,2698.8,2686.8500000000004,0.0,0.0,0.0,0.0,0.0,0.5139,0.9971,0.0,0.2121,-0.1223,4.89,2684.9363,0.0,0.0,0.0,2665.95007324219,no_change,,0.0,0.0
SPXW,2026-09-28,38,Put,5000.0,SPXW260928P05000000,0.85,1.0,0.925,1.3,0.0,0.0,0.0,12.0,0.4928,-0.0027,0.0,0.2119,-0.1221,-0.0204,0.9649,0.0,0.0,0.0,1.17500001192093,up,2026-08-13T11:58:42,0.0,0.0
SPXW,2026-09-28,38,Call,5200.0,SPXW260928C05200000,2476.0,2499.9,2487.95,0.0,0.0,0.0,0.0,0.0,0.4789,0.9961,0.0,0.2811,-0.1539,5.0787,2486.1148,0.0,0.0,0.0,2466.90002441406,no_change,,0.0,0.0
SPXW,2026-09-28,38,Put,5200.0,SPXW260928P05200000,1.15,1.35,1.25,1.35,-0.225,-14.2857,3.0,144.0,0.4642,-0.0037,0.0,0.2808,-0.1537,-0.028,1.282,1.35,1.35,1.35,1.57499998807907,down,2026-08-21T11:15:37,0.0,0.0
SPXW,2026-09-28,38,Call,5400.0,SPXW260928C05400000,2277.2,2301.1,2289.1499999999996,2297.49,0.0,0.0,0.0,0.0,0.446,0.9948,0.0,0.371,-0.1914,5.2649,2287.3808,0.0,0.0,0.0,2268.54992675781,up,2026-08-20T12:55:16,0.0,0.0
SPXW,2026-09-28,38,Put,5400.0,SPXW260928P05400000,1.55,1.75,1.65,1.75,0.0,0.0,0.0,15.0,0.4362,-0.005,0.0,0.3707,-0.1912,-0.0381,1.6867,0.0,0.0,0.0,2.07500004768372,down,2026-08-19T10:47:42,0.0,0.0
SPXW,2026-09-28,38,Call,5600.0,SPXW260928C05600000,2078.6,2102.4,2090.5,2129.42,0.0,0.0,0.0,23.0,0.4141,0.993,0.0,0.4844,-0.2352,5.4478,2088.7535,0.0,0.0,0.0,2069.94995117188,no_change,2026-08-18T10:38:45,0.0,0.0
SPXW,2026-09-28,38,Put,5600.0,SPXW260928P05600000,2.05,2.25,2.15,2.2,-0.525,-19.2661,6.0,19.0,0.4077,-0.0068,0.0,0.4841,-0.235,-0.0514,2.1978,2.17,2.2,2.17,2.72500002384186,up,2026-08-21T14:58:50,0.0,0.0
SPXW,2026-09-28,38,Call,5800.0,SPXW260928C05800000,1880.0,1903.9,1891.95,0.0,0.0,0.0,0.0,0.0,0.384,0.9907,0.0,0.6313,-0.2857,5.626,1890.258,0.0,0.0,0.0,1870.95001220703,no_change,,0.0,0.0
SPXW,2026-09-28,38,Put,5800.0,SPXW260928P05800000,2.7,2.85,2.7750000000000004,2.93,-0.67,-18.6111,1.0,37.0,0.3792,-0.0091,0.0,0.631,-0.2855,-0.0694,2.841,2.93,2.93,2.93,3.60000002384186,down,2026-08-21T09:45:52,0.0,0.0
SPXW,2026-09-28,38,Call,6000.0,SPXW260928C06000000,1681.7,1705.5,1693.6,0.0,0.0,0.0,0.0,0.0,0.3542,0.9876,0.0,0.8195,-0.3443,5.7983,1691.9371,0.0,0.0,0.0,1673.80004882812,no_change,,0.0,0.0
SPXW,2026-09-28,38,Put,6000.0,SPXW260928P06000000,3.5,3.7,3.6,3.7,-0.95,-20.4301,76.0,51.0,0.3507,-0.0123,0.0,0.8192,-0.3441,-0.0935,3.6589,3.83,3.83,3.7,4.65000009536743,no_change,2026-08-21T15:58:29,0.0,0.0
SPXW,2026-09-28,38,Call,6200.0,SPXW260928C06200000,1484.6,1507.5,1496.05,0.0,0.0,0.0,0.0,0.0,0.3238,0.9832,0.0,1.0675,-0.4132,5.9608,1493.8664,0.0,0.0,0.0,1475.45001220703,no_change,,0.0,0.0
SPXW,2026-09-28,38,Put,6200.0,SPXW260928P06200000,4.6,4.8,4.699999999999999,6.27,0.0,0.0,0.0,43.0,0.3216,-0.0167,0.0,1.0674,-0.4131,-0.1272,4.7279,0.0,0.0,0.0,6.09999990463257,up,2026-08-18T14:07:31,0.0,0.0
SPXW,2026-09-28,38,Call,6300.0,SPXW260928C06300000,1384.7,1407.3,1396.0,0.0,0.0,0.0,0.0,0.0,0.3088,0.9803,0.0001,1.2229,-0.4529,6.0372,1394.964,0.0,0.0,0.0,1377.04998779297,no_change,,0.0,0.0
SPXW,2026-09-28,38,Put,6300.0,SPXW260928P06300000,5.3,5.5,5.4,5.7,-1.25,-17.9856,27.0,11.0,0.3073,-0.0195,0.0001,1.2225,-0.4527,-0.1489,5.3937,5.7,5.7,5.7,6.95000004768372,no_change,2026-08-21T13:39:00,0.0,0.0
SPXW,2026-09-28,38,Call,6400.0,SPXW260928C06400000,1286.9,1309.8,1298.35,1270.0,0.0,0.0,0.0,5.0,0.2938,0.9768,0.0001,1.406,-0.497,6.1085,1296.1853,0.0,0.0,0.0,1278.15002441406,down,2026-08-20T15:56:18,0.0,0.0
SPXW,2026-09-28,38,Put,6400.0,SPXW260928P06400000,6.1,6.3,6.199999999999999,8.15,0.0,0.0,0.0,40.0,0.2923,-0.023,0.0001,1.4057,-0.4969,-0.1758,6.185,0.0,0.0,0.0,8.00000023841858,down,2026-08-18T14:02:37,0.0,0.0
SPXW,2026-09-28,38,Call,6500.0,SPXW260928C06500000,1187.3,1209.9,1198.6,0.0,0.0,0.0,0.0,0.0,0.2791,0.9725,0.0001,1.6203,-0.5469,6.174,1197.5698,0.0,0.0,0.0,1179.70001220703,no_change,,0.0,0.0
SPXW,2026-09-28,38,Put,6500.0,SPXW260928P06500000,7.0,7.3,7.15,7.4,-1.85,-20.0,1.0,39.0,0.278,-0.0273,0.0001,1.6201,-0.5468,-0.2084,7.139,7.4,7.4,7.4,9.25,down,2026-08-21T15:59:55,0.0,0.0
SPXW,2026-09-28,38,Call,6600.0,SPXW260928C06600000,1088.9,1112.7,1100.8000000000002,0.0,0.0,0.0,0.0,0.0,0.2645,0.9672,0.0001,1.8813,-0.6036,6.2311,1099.1694,0.0,0.0,0.0,1082.34997558594,no_change,,0.0,0.0
SPXW,2026-09-28,38,Put,6600.0,SPXW260928P06600000,8.2,8.5,8.35,8.5,-2.25,-20.9302,1.0,31.0,0.2634,-0.0326,0.0001,1.881,-0.6036,-0.2494,8.3082,8.5,8.5,8.5,10.75,down,2026-08-21T15:59:57,0.0,0.0
SPXW,2026-09-28,38,Call,6700.0,SPXW260928C06700000,990.8,1014.6,1002.7,0.0,0.0,0.0,0.0,0.0,0.2496,0.9604,0.0001,2.1927,-0.6692,6.277,1001.0655,0.0,0.0,0.0,984.0,no_change,,0.0,0.0
SPXW,2026-09-28,38,Put,6700.0,SPXW260928P06700000,9.6,9.9,9.75,11.61,0.0,0.0,0.0,26.0,0.2491,-0.0394,0.0001,2.1924,-0.6691,-0.3017,9.7736,0.0,0.0,0.0,12.5999999046326,down,2026-08-20T13:10:40,0.0,0.0
SPXW,2026-09-28,38,Call,6800.0,SPXW260928C06800000,893.0,915.5,904.25,0.0,0.0,0.0,0.0,0.0,0.2355,0.9516,0.0002,2.5764,-0.7453,6.3081,903.3626,0.0,0.0,0.0,886.699981689453,no_change,,0.0,0.0
SPXW,2026-09-28,38,Put,6800.0,SPXW260928P06800000,11.4,11.8,11.600000000000001,11.7,-3.25,-21.7391,1.0,10.0,0.235,-0.0482,0.0002,2.5761,-0.7452,-0.3687,11.6395,11.7,11.7,11.7,14.9500002861023,down,2026-08-21T15:55:00,0.0,0.0
SPXW,2026-09-28,38,Call,6900.0,SPXW260928C06900000,795.7,818.3,807.0,938.25,0.0,0.0,0.0,20.0,0.2214,0.9402,0.0002,3.0414,-0.834,6.3181,806.2197,0.0,0.0,0.0,790.149993896484,no_change,2026-08-14T09:39:15,0.0,0.0
SPXW,2026-09-28,38,Put,6900.0,SPXW260928P06900000,13.8,14.2,14.0,14.2,-3.75,-20.8914,2.0,56.0,0.2211,-0.0596,0.0002,3.0409,-0.8339,-0.4568,14.0648,15.26,15.26,14.2,17.9499998092651,down,2026-08-21T15:55:01,0.0,0.0
SPXW,2026-09-28,38,Call,7000.0,SPXW260928C07000000,699.3,721.8,710.55,844.21,0.0,0.0,0.0,20.0,0.2077,0.9251,0.0003,3.6169,-0.9367,6.299,709.8485,0.0,0.0,0.0,694.850006103516,up,2026-08-14T09:59:32,0.0,0.0
SPXW,2026-09-28,38,Put,7000.0,SPXW260928P07000000,17.0,17.3,17.15,17.56,-4.29,-19.6339,3.0,71.0,0.2074,-0.0747,0.0003,3.6169,-0.9367,-0.5741,17.266,17.3,17.56,17.3,21.8500003814697,up,2026-08-21T12:56:50,0.0,0.0
SPXW,2026-09-28,38,Call,7100.0,SPXW260928C07100000,608.0,627.9,617.95,748.01,0.0,0.0,0.0,1.0,0.1943,0.9048,0.0004,4.3138,-1.0541,6.2413,614.5618,0.0,0.0,0.0,599.449981689453,down,2026-08-14T09:59:32,0.0,0.0
SPXW,2026-09-28,38,Put,7100.0,SPXW260928P07100000,21.2,21.6,21.4,23.18,-3.82,-14.1481,7.0,61.0,0.1941,-0.095,0.0004,4.3138,-1.0541,-0.73,21.5488,23.11,23.18,23.11,27.0,up,2026-08-21T10:21:09,0.0,0.0
SPXW,2026-09-28,38,Call,7125.0,SPXW260928C07125000,585.7,604.3,595.0,0.0,0.0,0.0,0.0,0.0,0.191,0.8987,0.0004,4.5113,-1.0856,6.2181,590.9584,0.0,0.0,0.0,576.100006103516,no_change,,0.0,0.0
SPXW,2026-09-28,38,Put,7125.0,SPXW260928P07125000,22.5,22.9,22.7,23.1,-5.4,-18.9474,27.0,40.0,0.1908,-0.1011,0.0004,4.5113,-1.0856,-0.7777,22.8376,23.2,23.2,23.1,28.5,down,2026-08-21T13:38:39,0.0,0.0
SPXW,2026-09-28,38,Call,7150.0,SPXW260928C07150000,565.7,571.6,568.6500000000001,611.72,0.0,0.0,0.0,22.0,0.1875,0.8921,0.0004,4.7156,-1.118,6.1914,567.4603,0.0,0.0,0.0,552.850006103516,no_change,2026-08-18T10:38:45,0.0,0.0
SPXW,2026-09-28,38,Put,7150.0,SPXW260928P07150000,23.9,24.3,24.1,24.35,-5.85,-19.3709,16.0,71.0,0.1875,-0.1077,0.0004,4.7156,-1.118,-0.8289,24.2319,26.02,26.02,24.35,30.1999998092651,no_change,2026-08-21T13:14:15,0.0,0.0
SPXW,2026-09-28,38,Call,7175.0,SPXW260928C07175000,542.4,548.2,545.3,575.52,0.0,0.0,0.0,6.0,0.184,0.885,0.0004,4.928,-1.1511,6.1614,544.0763,0.0,0.0,0.0,529.75,down,2026-08-18T14:01:02,0.0,0.0
SPXW,2026-09-28,38,Put,7175.0,SPXW260928P07175000,25.4,25.8,25.6,26.02,-5.98,-18.6875,1.0,33.0,0.1842,-0.1148,0.0004,4.928,-1.1511,-0.8834,25.7403,26.02,26.02,26.02,32.0,down,2026-08-21T11:07:55,0.0,0.0
SPXW,2026-09-28,38,Call,7200.0,SPXW260928C07200000,518.7,524.9,521.8,533.79,0.0,0.0,0.0,6.0,0.181,0.8774,0.0004,5.152,-1.1849,6.1273,520.8165,0.0,0.0,0.0,506.800003051758,down,2026-08-20T12:55:16,0.0,0.0
SPXW,2026-09-28,38,Put,7200.0,SPXW260928P07200000,27.0,27.4,27.2,27.53,-6.37,-18.7906,3.0,82.0,0.1811,-0.1225,0.0004,5.152,-1.1849,-0.9421,27.3728,29.57,29.57,27.53,33.8999996185303,down,2026-08-21T14:21:03,0.0,0.0
SPXW,2026-09-28,38,Call,7225.0,SPXW260928C07225000,495.7,501.8,498.75,0.0,0.0,0.0,0.0,0.0,0.178,0.8691,0.0005,5.3882,-1.2193,6.0874,497.6943,0.0,0.0,0.0,484.0,no_change,,0.0,0.0
SPXW,2026-09-28,38,Put,7225.0,SPXW260928P07225000,28.8,29.2,29.0,28.2,-7.8,-21.6667,3.0,24.0,0.1778,-0.1308,0.0005,5.3882,-1.2193,-1.0065,29.1429,31.42,31.42,28.2,36.0,down,2026-08-21T15:46:18,0.0,0.0
SPXW,2026-09-28,38,Call,7250.0,SPXW260928C07250000,472.7,478.8,475.75,588.81,0.0,0.0,0.0,2.0,0.1742,0.8601,0.0005,5.6326,-1.2542,6.0414,474.7265,0.0,0.0,0.0,461.399993896484,down,2026-08-13T11:45:21,0.0,0.0
SPXW,2026-09-28,38,Put,7250.0,SPXW260928P07250000,30.7,31.1,30.9,31.26,-6.94,-18.1675,2.0,198.0,0.1746,-0.1397,0.0005,5.6326,-1.2542,-1.077,31.0675,32.38,32.38,31.26,38.2000007629394,down,2026-08-21T11:07:55,0.0,0.0
SPXW,2026-09-28,38,Call,7275.0,SPXW260928C07275000,449.9,455.9,452.9,0.0,0.0,0.0,0.0,0.0,0.1712,0.8504,0.0006,5.8828,-1.2895,5.9906,451.9292,0.0,0.0,0.0,438.949996948242,no_change,,0.0,0.0
SPXW,2026-09-28,38,Put,7275.0,SPXW260928P07275000,32.7,33.2,32.95,32.1,-8.55,-21.0332,2.0,28.0,0.1714,-0.1494,0.0006,5.8828,-1.2895,-1.1524,33.1625,32.25,32.25,32.1,40.6500015258789,down,2026-08-21T15:46:18,0.0,0.0
SPXW,2026-09-28,38,Call,7300.0,SPXW260928C07300000,427.3,433.2,430.25,462.84,0.0,0.0,0.0,4.0,0.1682,0.8398,0.0006,6.1423,-1.325,5.9345,429.3177,0.0,0.0,0.0,416.699996948242,up,2026-08-19T15:56:47,0.0,0.0
SPXW,2026-09-28,38,Put,7300.0,SPXW260928P07300000,35.0,35.5,35.25,35.14,-8.16,-18.8453,102.0,60.0,0.1682,-0.16,0.0006,6.1423,-1.325,-1.233,35.4433,35.3,35.3,35.14,43.2999992370606,down,2026-08-21T13:16:15,0.0,0.0
SPXW,2026-09-28,38,Call,7325.0,SPXW260928C07325000,404.9,410.8,407.85,0.0,0.0,0.0,0.0,0.0,0.1651,0.8285,0.0006,6.4143,-1.3606,5.8708,406.9117,0.0,0.0,0.0,394.600006103516,no_change,,0.0,0.0
SPXW,2026-09-28,38,Put,7325.0,SPXW260928P07325000,37.5,37.9,37.7,40.24,-5.91,-12.8061,3.0,33.0,0.165,-0.1713,0.0006,6.4143,-1.3606,-1.3213,37.9297,40.24,40.24,40.24,46.1500015258789,up,2026-08-21T09:34:00,0.0,0.0
SPXW,2026-09-28,38,Call,7350.0,SPXW260928C07350000,382.7,388.6,385.65,493.66,0.0,0.0,0.0,2.0,0.1618,0.8161,0.0007,6.6938,-1.396,5.7982,384.7377,0.0,0.0,0.0,372.850006103516,up,2026-08-14T15:04:06,0.0,0.0
SPXW,2026-09-28,38,Put,7350.0,SPXW260928P07350000,40.2,40.6,40.400000000000006,39.58,-9.67,-19.6345,10.0,80.0,0.162,-0.1837,0.0007,6.6938,-1.396,-1.4184,40.648,42.13,43.2,38.9,49.25,up,2026-08-21T15:37:35,0.0,0.0
SPXW,2026-09-28,38,Call,7375.0,SPXW260928C07375000,360.9,366.7,363.79999999999995,0.0,0.0,0.0,0.0,0.0,0.1587,0.8028,0.0007,6.9753,-1.4308,5.7186,362.8213,0.0,0.0,0.0,351.300003051758,no_change,,0.0,0.0
SPXW,2026-09-28,38,Put,7375.0,SPXW260928P07375000,43.1,43.6,43.35,45.13,-7.47,-14.2015,1.0,98.0,0.1588,-0.1971,0.0007,6.9752,-1.4308,-1.5224,43.6238,45.13,45.13,45.13,52.6000003814697,down,2026-08-21T09:30:37,0.0,0.0
SPXW,2026-09-28,38,Call,7400.0,SPXW260928C07400000,339.2,344.9,342.04999999999995,373.89,0.0,0.0,0.0,3.0,0.1556,0.7883,0.0008,7.2626,-1.4649,5.6318,341.1857,0.0,0.0,0.0,330.099990844727,down,2026-08-18T14:55:27,0.0,0.0
SPXW,2026-09-28,38,Put,7400.0,SPXW260928P07400000,46.4,46.8,46.599999999999994,45.8,-10.45,-18.5778,8.0,136.0,0.1557,-0.2116,0.0008,7.2626,-1.4649,-1.6338,46.8807,49.65,49.65,44.6,56.25,up,2026-08-21T15:35:01,0.0,0.0
SPXW,2026-09-28,38,Call,7425.0,SPXW260928C07425000,317.9,323.5,320.7,0.0,0.0,0.0,0.0,0.0,0.1523,0.7726,0.0008,7.5578,-1.4978,5.5336,319.8626,0.0,0.0,0.0,309.149993896484,no_change,,0.0,0.0
SPXW,2026-09-28,38,Put,7425.0,SPXW260928P07425000,49.9,50.4,50.15,52.85,0.0,0.0,0.0,30.0,0.1526,-0.2272,0.0008,7.5578,-1.4978,-1.7566,50.45,0.0,0.0,0.0,60.25,up,2026-08-20T09:33:03,0.0,0.0
SPXW,2026-09-28,38,Call,7450.0,SPXW260928C07450000,296.8,302.4,299.6,331.61,0.0,0.0,0.0,3.0,0.1491,0.7556,0.0008,7.851,-1.529,5.4246,298.8906,0.0,0.0,0.0,288.599990844727,down,2026-08-19T15:57:06,0.0,0.0
SPXW,2026-09-28,38,Put,7450.0,SPXW260928P07450000,53.8,54.3,54.05,54.53,-10.02,-15.5229,39.0,33.0,0.1495,-0.2442,0.0008,7.851,-1.529,-1.8901,54.3703,57.27,57.95,53.94,64.5500030517578,up,2026-08-21T13:41:04,0.0,0.0
SPXW,2026-09-28,38,Call,7475.0,SPXW260928C07475000,276.2,281.7,278.95,0.0,0.0,0.0,0.0,0.0,0.1463,0.7373,0.0009,8.1387,-1.5579,5.3077,278.3022,0.0,0.0,0.0,268.449996948242,no_change,,0.0,0.0
SPXW,2026-09-28,38,Put,7475.0,SPXW260928P07475000,58.0,58.5,58.25,61.58,-7.72,-11.14,2.0,43.0,0.1465,-0.2625,0.0009,8.1387,-1.5579,-2.0316,58.6743,61.58,61.58,61.58,69.2999992370606,down,2026-08-21T09:33:49,0.0,0.0
SPXW,2026-09-28,38,Call,7500.0,SPXW260928C07500000,256.1,261.4,258.75,259.16,0.0,0.0,0.0,5.0,0.1431,0.7175,0.001,8.4258,-1.5839,5.1778,258.1342,0.0,0.0,0.0,249.099998474121,down,2026-08-20T13:39:30,0.0,0.0
SPXW,2026-09-28,38,Put,7500.0,SPXW260928P07500000,62.7,63.2,62.95,62.6,-11.85,-15.9167,61.0,284.0,0.1435,-0.2823,0.001,8.4258,-1.5839,-2.186,63.3986,66.31,66.31,62.6,74.4499969482422,no_change,2026-08-21T14:56:28,0.0,0.0
SPXW,2026-09-28,38,Call,7525.0,SPXW260928C07525000,236.4,241.6,239.0,332.46,0.0,0.0,0.0,1.0,0.1403,0.6962,0.001,8.7024,-1.6063,5.0341,238.4372,0.0,0.0,0.0,229.699996948242,down,2026-08-17T09:57:46,0.0,0.0
SPXW,2026-09-28,38,Put,7525.0,SPXW260928P07525000,67.8,68.3,68.05,73.58,0.0,0.0,0.0,20.0,0.1406,-0.3036,0.001,8.7024,-1.6063,-2.3542,68.5939,0.0,0.0,0.0,80.0500030517578,up,2026-08-18T16:12:33,0.0,0.0
SPXW,2026-09-28,38,Call,7550.0,SPXW260928C07550000,219.8,220.4,220.10000000000002,250.76,0.0,0.0,0.0,7.0,0.1378,0.6734,0.001,8.9602,-1.6244,4.8814,219.2535,0.0,0.0,0.0,211.099998474121,down,2026-08-19T15:58:21,0.0,0.0
SPXW,2026-09-28,38,Put,7550.0,SPXW260928P07550000,73.5,74.0,73.75,74.56,-11.64,-13.5035,53.0,67.0,0.1377,-0.3265,0.001,8.9602,-1.6244,-2.5314,74.3027,73.18,74.56,73.18,86.2000007629394,up,2026-08-21T14:09:22,0.0,0.0
SPXW,2026-09-28,38,Call,7575.0,SPXW260928C07575000,201.0,201.8,201.4,0.0,0.0,0.0,0.0,0.0,0.1349,0.6488,0.0011,9.2023,-1.6372,4.7133,200.6308,0.0,0.0,0.0,192.900001525879,no_change,,0.0,0.0
SPXW,2026-09-28,38,Put,7575.0,SPXW260928P07575000,79.7,80.2,79.95,80.48,-12.42,-13.3692,42.0,62.0,0.1349,-0.351,0.0011,9.2023,-1.6372,-2.7241,80.5722,79.28,80.48,79.28,92.8999977111816,up,2026-08-21T14:21:03,0.0,0.0
SPXW,2026-09-28,38,Call,7600.0,SPXW260928C07600000,183.1,183.7,183.39999999999998,219.49,0.0,0.0,0.0,6.0,0.1322,0.6227,0.0012,9.4163,-1.6439,4.5315,182.6324,0.0,0.0,0.0,175.300003051758,up,2026-08-19T15:30:04,0.0,0.0
SPXW,2026-09-28,38,Put,7600.0,SPXW260928P07600000,86.5,87.1,86.8,85.44,-14.81,-14.7731,18.0,41.0,0.1321,-0.3771,0.0012,9.4163,-1.6439,-2.9304,87.4662,90.14,91.71,82.0,100.25,down,2026-08-21T13:04:24,0.0,0.0
SPXW,2026-09-28,38,Call,7625.0,SPXW260928C07625000,165.7,166.3,166.0,261.86,0.0,0.0,0.0,2.0,0.1295,0.5948,0.0012,9.5952,-1.6438,4.3396,165.3077,0.0,0.0,0.0,158.5,down,2026-08-14T11:59:59,0.0,0.0
SPXW,2026-09-28,38,Put,7625.0,SPXW260928P07625000,94.0,94.6,94.3,93.26,-14.99,-13.8476,3.0,81.0,0.1294,-0.405,0.0012,9.5952,-1.6438,-3.1468,95.0339,98.45,98.45,93.26,108.25,down,2026-08-21T15:17:25,0.0,0.0
SPXW,2026-09-28,38,Call,7650.0,SPXW260928C07650000,149.1,149.7,149.39999999999998,138.88,0.0,0.0,0.0,19.0,0.1269,0.5654,0.0012,9.7363,-1.6358,4.13,148.7245,0.0,0.0,0.0,142.300003051758,down,2026-08-20T16:09:24,0.0,0.0
SPXW,2026-09-28,38,Put,7650.0,SPXW260928P07650000,102.3,102.9,102.6,101.96,-15.09,-12.8919,89.0,99.0,0.1268,-0.4344,0.0012,9.7363,-1.6358,-3.381,103.3429,103.38,103.38,101.1,117.050003051758,up,2026-08-21T15:57:37,0.0,0.0
SPXW,2026-09-28,38,Call,7675.0,SPXW260928C07675000,133.3,133.9,133.60000000000002,129.1,2.05,1.61354,10.0,132.0,0.1244,0.5344,0.0013,9.8268,-1.6192,3.9125,132.9479,129.1,129.1,129.1,127.050003051758,up,2026-08-21T09:59:03,0.0,0.0
SPXW,2026-09-28,38,Put,7675.0,SPXW260928P07675000,111.4,112.0,111.7,107.05,-19.6,-15.4757,20.0,92.0,0.1243,-0.4654,0.0013,9.8268,-1.6192,-3.623,112.4587,116.5,119.44,105.67,126.650001525879,up,2026-08-21T12:00:01,0.0,0.0
SPXW,2026-09-28,38,Call,7700.0,SPXW260928C07700000,118.4,119.0,118.7,120.4,7.75,6.87971,6.0,87.0,0.1219,0.5021,0.0013,9.8622,-1.5936,3.68,118.0379,120.4,120.4,120.4,112.650001525879,up,2026-08-21T11:00:05,0.0,0.0
SPXW,2026-09-28,38,Put,7700.0,SPXW260928P07700000,121.4,121.9,121.65,126.68,-10.42,-7.60029,1.0,194.0,0.1219,-0.4977,0.0013,9.8622,-1.5936,-3.88,122.441,126.68,126.68,126.68,137.099998474121,up,2026-08-21T09:38:44,0.0,0.0
SPXW,2026-09-28,38,Call,7725.0,SPXW260928C07725000,104.4,104.9,104.65,113.0,0.0,0.0,0.0,110.0,0.1196,0.4686,0.0013,9.8352,-1.5582,3.44,104.0653,0.0,0.0,0.0,99.1000022888184,up,2026-08-20T12:29:47,0.0,0.0
SPXW,2026-09-28,38,Put,7725.0,SPXW260928P07725000,132.2,132.8,132.5,146.75,0.0,0.0,0.0,110.0,0.1196,-0.5313,0.0013,9.8352,-1.5582,-4.1445,133.3606,0.0,0.0,0.0,148.5,no_change,2026-08-20T15:29:22,0.0,0.0
SPXW,2026-09-28,38,Call,7750.0,SPXW260928C07750000,91.3,91.9,91.6,88.67,0.0,0.0,0.0,157.0,0.1174,0.4341,0.0014,9.739,-1.5132,3.191,91.0739,0.0,0.0,0.0,86.5,no_change,2026-08-20T14:45:45,0.0,0.0
SPXW,2026-09-28,38,Put,7750.0,SPXW260928P07750000,144.1,144.7,144.39999999999998,159.12,0.0,0.0,0.0,143.0,0.1175,-0.5657,0.0014,9.739,-1.5132,-4.4181,145.2617,0.0,0.0,0.0,160.850006103516,no_change,2026-08-20T14:45:11,0.0,0.0
SPXW,2026-09-28,38,Call,7775.0,SPXW260928C07775000,79.4,79.9,79.65,82.49,7.44,9.91339,7.0,74.0,0.1154,0.3992,0.0014,9.5706,-1.4583,2.9378,79.1154,82.89,83.01,82.49,75.0500030517578,down,2026-08-21T15:40:41,0.0,0.0
SPXW,2026-09-28,38,Put,7775.0,SPXW260928P07775000,157.0,157.6,157.3,154.4,-19.9,-11.4171,7.0,80.0,0.1154,-0.6006,0.0014,9.5706,-1.4583,-4.6958,158.1957,154.4,154.4,154.4,174.300003051758,down,2026-08-21T12:31:07,0.0,0.0
SPXW,2026-09-28,38,Call,7800.0,SPXW260928C07800000,68.4,68.9,68.65,65.92,0.0,0.0,0.0,450.0,0.1135,0.3641,0.0013,9.3289,-1.3942,2.6819,68.202,0.0,0.0,0.0,64.5500030517578,down,2026-08-20T14:42:12,0.0,0.0
SPXW,2026-09-28,38,Put,7800.0,SPXW260928P07800000,170.9,171.5,171.2,191.6,0.0,0.0,0.0,426.0,0.1135,-0.6357,0.0013,9.3289,-1.3942,-4.9762,172.1745,0.0,0.0,0.0,188.699996948242,up,2026-08-20T15:55:39,0.0,0.0
SPXW,2026-09-28,38,Call,7825.0,SPXW260928C07825000,58.5,59.0,58.75,57.78,2.73,4.95913,1.0,98.0,0.1117,0.3294,0.0013,9.0137,-1.3215,2.4285,58.346,57.78,57.78,57.78,55.0499992370606,up,2026-08-21T10:12:54,0.0,0.0
SPXW,2026-09-28,38,Put,7825.0,SPXW260928P07825000,185.9,186.5,186.2,144.47,0.0,0.0,0.0,91.0,0.1118,-0.6704,0.0013,9.0137,-1.3215,-5.2542,187.2108,0.0,0.0,0.0,204.099998474121,up,2026-08-17T11:41:16,0.0,0.0
SPXW,2026-09-28,38,Call,7850.0,SPXW260928C07850000,49.6,50.1,49.85,48.71,2.11,4.5279,1.0,155.0,0.1101,0.2954,0.0013,8.6314,-1.2413,2.1782,49.5202,48.71,48.71,48.71,46.6000003814697,down,2026-08-21T09:43:40,0.0,0.0
SPXW,2026-09-28,38,Put,7850.0,SPXW260928P07850000,200.8,203.5,202.15,189.9,0.0,0.0,0.0,37.0,0.1103,-0.7044,0.0013,8.6314,-1.2413,-5.529,203.2773,0.0,0.0,0.0,220.550003051758,up,2026-08-19T09:51:26,0.0,0.0
SPXW,2026-09-28,38,Call,7875.0,SPXW260928C07875000,41.7,42.2,41.95,43.27,0.0,0.0,0.0,77.0,0.1087,0.2626,0.0012,8.1867,-1.1549,1.9382,41.6977,0.0,0.0,0.0,39.1500015258789,down,2026-08-20T13:39:36,0.0,0.0
SPXW,2026-09-28,38,Put,7875.0,SPXW260928P07875000,216.2,221.7,218.95,166.56,0.0,0.0,0.0,32.0,0.1085,-0.7372,0.0012,8.1867,-1.1549,-5.7936,220.3473,0.0,0.0,0.0,238.099998474121,down,2026-08-13T13:56:43,0.0,0.0
SPXW,2026-09-28,38,Call,7900.0,SPXW260928C07900000,34.8,35.3,35.05,36.02,3.42,10.4908,14.0,87.0,0.1073,0.2313,0.0011,7.6899,-1.064,1.7059,34.8247,36.83,36.83,33.72,32.6000003814697,up,2026-08-21T10:59:39,0.0,0.0
SPXW,2026-09-28,38,Put,7900.0,SPXW260928P07900000,234.2,239.7,236.95,170.9,0.0,0.0,0.0,12.0,0.1072,-0.7686,0.0011,7.6899,-1.064,-6.0504,238.3665,0.0,0.0,0.0,256.450004577637,up,2026-08-14T09:46:51,0.0,0.0
SPXW,2026-09-28,38,Call,7925.0,SPXW260928C07925000,28.8,29.2,29.0,28.51,1.51,5.59259,2.0,10.0,0.1061,0.2018,0.0011,7.1529,-0.9702,1.4904,28.848,30.68,30.68,28.51,27.0,down,2026-08-21T09:43:40,0.0,0.0
SPXW,2026-09-28,38,Put,7925.0,SPXW260928P07925000,253.0,258.8,255.9,237.42,0.0,0.0,0.0,6.0,0.106,-0.798,0.0011,7.1529,-0.9702,-6.2904,257.2822,0.0,0.0,0.0,275.699996948242,up,2026-08-18T14:37:54,0.0,0.0
SPXW,2026-09-28,38,Call,7950.0,SPXW260928C07950000,23.6,24.1,23.85,25.1,2.95,13.3183,3.0,21.0,0.1051,0.1745,0.001,6.5846,-0.8756,1.2868,23.7033,22.7,25.1,22.7,22.1499996185303,up,2026-08-21T15:57:39,0.0,0.0
SPXW,2026-09-28,38,Put,7950.0,SPXW260928P07950000,272.8,278.6,275.70000000000005,218.4,0.0,0.0,0.0,4.0,0.1052,-0.8253,0.001,6.5846,-0.8756,-6.5186,277.0298,0.0,0.0,0.0,295.75,up,2026-08-13T09:32:28,0.0,0.0
SPXW,2026-09-28,38,Call,7975.0,SPXW260928C07975000,19.2,19.7,19.45,21.37,3.37,18.7222,9.0,28.0,0.1041,0.1494,0.0009,6.0043,-0.7821,1.1031,19.3217,18.87,21.37,18.87,18.0,up,2026-08-21T11:07:55,0.0,0.0
SPXW,2026-09-28,38,Put,7975.0,SPXW260928P07975000,293.2,299.2,296.2,292.96,-23.64,-7.46684,3.0,8.0,0.1041,-0.8504,0.0009,6.0043,-0.7821,-6.7268,297.5406,292.96,292.96,292.96,316.600006103516,up,2026-08-21T11:09:00,0.0,0.0
SPXW,2026-09-28,38,Call,8000.0,SPXW260928C08000000,15.5,16.0,15.75,17.07,2.52,17.3196,11.0,142.0,0.1033,0.1269,0.0008,5.4176,-0.6916,0.9353,15.6356,16.09,17.51,16.09,14.5499997138977,no_change,2026-08-21T13:27:20,0.0,0.0
SPXW,2026-09-28,38,Put,8000.0,SPXW260928P08000000,314.2,320.5,317.35,0.0,0.0,0.0,0.0,0.0,0.1033,-0.873,0.0008,5.4176,-0.6916,-6.9191,318.7468,0.0,0.0,0.0,338.050003051758,no_change,,0.0,0.0
SPXW,2026-09-28,38,Call,8025.0,SPXW260928C08025000,12.5,12.9,12.7,14.0,2.25,19.1489,27.0,116.0,0.1026,0.1068,0.0007,4.8464,-0.6058,0.787,12.5677,13.15,14.0,13.15,11.75,up,2026-08-21T15:46:06,0.0,0.0
SPXW,2026-09-28,38,Put,8025.0,SPXW260928P08025000,336.0,342.4,339.2,0.0,0.0,0.0,0.0,0.0,0.1033,-0.893,0.0007,4.8464,-0.6058,-7.092,340.5713,0.0,0.0,0.0,360.100006103516,no_change,,0.0,0.0
SPXW,2026-09-28,38,Call,8050.0,SPXW260928C08050000,9.9,10.3,10.100000000000001,10.9,1.5,15.9574,39.0,87.0,0.102,0.0892,0.0006,4.2937,-0.526,0.6573,10.0493,11.35,11.35,9.81,9.40000009536743,no_change,2026-08-21T13:38:29,0.0,0.0
SPXW,2026-09-28,38,Put,8050.0,SPXW260928P08050000,350.2,373.8,362.0,333.26,0.0,0.0,0.0,3.0,0.1025,-0.9106,0.0006,4.2937,-0.526,-7.2462,362.9452,0.0,0.0,0.0,381.850006103516,up,2026-08-19T15:56:47,0.0,0.0
SPXW,2026-09-28,38,Call,8100.0,SPXW260928C08100000,6.2,6.6,6.4,6.25,0.3,5.04202,7.0,57.0,0.1013,0.0612,0.0005,3.2998,-0.3887,0.4502,6.3644,6.55,6.55,6.25,5.95000004768372,down,2026-08-21T10:21:09,0.0,0.0
SPXW,2026-09-28,38,Put,8100.0,SPXW260928P08100000,396.2,419.9,408.04999999999995,0.0,0.0,0.0,0.0,0.0,0.102,-0.9386,0.0005,3.2998,-0.3887,-7.5024,409.045,0.0,0.0,0.0,428.550003051758,no_change,,0.0,0.0
SPXW,2026-09-28,38,Call,8200.0,SPXW260928C08200000,2.5,2.75,2.625,2.34,0.0,0.0,0.0,61.0,0.102,0.0284,0.0003,1.8687,-0.2075,0.2082,2.6304,0.0,0.0,0.0,2.52500009536743,down,2026-08-20T15:56:15,0.0,0.0
SPXW,2026-09-28,38,Put,8200.0,SPXW260928P08200000,491.9,510.9,501.4,0.0,0.0,0.0,0.0,0.0,0.1034,-0.9714,0.0003,1.8687,-0.2075,-7.8425,504.8804,0.0,0.0,0.0,524.600006103516,no_change,,0.0,0.0
SPXW,2026-09-28,38,Call,8300.0,SPXW260928C08300000,1.15,1.35,1.25,1.4,0.15,12.0,1.0,17.0,0.1062,0.0146,0.0001,1.1055,-0.1211,0.1061,1.2824,1.4,1.4,1.4,1.25,down,2026-08-21T14:05:46,0.0,0.0
SPXW,2026-09-28,38,Put,8300.0,SPXW260928P08300000,590.0,613.9,601.95,0.0,0.0,0.0,0.0,0.0,0.1094,-0.9852,0.0001,1.1055,-0.1211,-8.0427,603.1017,0.0,0.0,0.0,622.050018310547,no_change,,0.0,0.0
SPXW,2026-09-28,38,Call,8400.0,SPXW260928C08400000,0.65,0.85,0.75,1.45,0.0,0.0,0.0,16.0,0.1128,0.0088,0.0001,0.7235,-0.0815,0.0632,0.7658,0.0,0.0,0.0,0.75,up,2026-08-19T10:11:19,0.0,0.0
SPXW,2026-09-28,38,Put,8400.0,SPXW260928P08400000,689.1,712.9,701.0,0.0,0.0,0.0,0.0,0.0,0.1184,-0.9911,0.0001,0.7235,-0.0815,-8.1838,702.1545,0.0,0.0,0.0,720.800018310547,no_change,,0.0,0.0
SPXW,2026-09-28,38,Call,8500.0,SPXW260928C08500000,0.4,0.6,0.5,1.32,0.0,0.0,0.0,30.0,0.121,0.0059,0.0001,0.5134,-0.0607,0.0421,0.5243,0.0,0.0,0.0,0.500000014901161,down,2026-08-17T13:35:05,0.0,0.0
SPXW,2026-09-28,38,Put,8500.0,SPXW260928P08500000,788.4,812.3,800.3499999999999,0.0,0.0,0.0,0.0,0.0,0.1277,-0.994,0.0001,0.5134,-0.0607,-8.303,801.4823,0.0,0.0,0.0,820.550018310547,no_change,,0.0,0.0
SPXW,2026-09-28,38,Call,8600.0,SPXW260928C08600000,0.3,0.5,0.4,0.0,0.0,0.0,0.0,0.0,0.129,0.0042,0.0,0.3838,-0.0479,0.0302,0.3883,0.0,0.0,0.0,0.400000005960464,no_change,,0.0,0.0
SPXW,2026-09-28,38,Put,8600.0,SPXW260928P08600000,887.9,911.8,899.8499999999999,0.0,0.0,0.0,0.0,0.0,0.1394,-0.9956,0.0,0.3838,-0.0479,-8.413,900.9157,0.0,0.0,0.0,919.75,no_change,,0.0,0.0
SPXW,2026-09-28,38,Call,8800.0,SPXW260928C08800000,0.15,0.35,0.25,0.45,0.0,0.0,0.0,15.0,0.1468,0.0024,0.0,0.2358,-0.0329,0.0175,0.2417,0.0,0.0,0.0,0.250000007450581,down,2026-08-17T13:42:11,0.0,0.0
SPXW,2026-09-28,38,Put,8800.0,SPXW260928P08800000,1087.0,1110.7,1098.85,0.0,0.0,0.0,0.0,0.0,0.161,-0.9974,0.0,0.2358,-0.0329,-8.622,1099.9079,0.0,0.0,0.0,1118.60003662109,no_change,,0.0,0.0
SPXW,2026-09-28,38,Call,9000.0,SPXW260928C09000000,0.05,0.25,0.15,0.15,-0.025,-14.2857,1.0,1.0,0.1635,0.0016,0.0,0.1562,-0.0241,0.0111,0.1644,0.15,0.15,0.15,0.175000000745058,down,2026-08-21T11:36:53,0.0,0.0
SPXW,2026-09-28,38,Put,9000.0,SPXW260928P09000000,1286.1,1309.9,1298.0,0.0,0.0,0.0,0.0,0.0,0.1835,-0.9982,0.0,0.1562,-0.0241,-8.8247,1298.9693,0.0,0.0,0.0,1317.40002441406,no_change,,0.0,0.0
SPXW,2026-09-28,38,Call,9200.0,SPXW260928C09200000,0.0,0.25,0.125,0.15,0.0,0.0,0.0,7.0,0.1792,0.001,0.0,0.1081,-0.0182,0.0074,0.1168,0.0,0.0,0.0,0.125000001862645,down,2026-08-19T10:14:01,0.0,0.0
SPXW,2026-09-28,38,Put,9200.0,SPXW260928P09200000,1485.3,1509.0,1497.15,0.0,0.0,0.0,0.0,0.0,0.2049,-0.9988,0.0,0.1081,-0.0182,-9.0246,1498.0605,0.0,0.0,0.0,1517.54998779297,no_change,,0.0,0.0
SPXW,2026-09-28,38,Call,9400.0,SPXW260928C09400000,0.0,0.2,0.1,0.0,0.0,0.0,0.0,0.0,0.1988,0.0007,0.0,0.0768,-0.0139,0.0051,0.085,0.0,0.0,0.0,0.0750000029802322,no_change,,0.0,0.0
SPXW,2026-09-28,38,Put,9400.0,SPXW260928P09400000,1684.4,1708.1,1696.25,0.0,0.0,0.0,0.0,0.0,0.2291,-0.9991,0.0,0.0768,-0.0139,-9.2232,1697.1674,0.0,0.0,0.0,1716.29998779297,no_change,,0.0,0.0
SPXW,2026-09-28,38,Call,9600.0,SPXW260928C09600000,0.0,0.15,0.075,0.0,0.0,0.0,0.0,0.0,0.2142,0.0005,0.0,0.0553,-0.0107,0.0036,0.0622,0.0,0.0,0.0,0.0750000029802322,no_change,,0.0,0.0
SPXW,2026-09-28,38,Put,9600.0,SPXW260928P09600000,1883.5,1907.3,1895.4,0.0,0.0,0.0,0.0,0.0,0.2489,-0.9993,0.0,0.0556,-0.0108,-9.421,1896.2838,0.0,0.0,0.0,1915.29998779297,no_change,,0.0,0.0
SPXW,2026-09-28,38,Call,9800.0,SPXW260928C09800000,0.0,0.15,0.075,0.15,0.0,0.0,0.0,1.0,0.2324,0.0004,0.0,0.0404,-0.0083,0.0026,0.0462,0.0,0.0,0.0,0.0500000007450581,up,2026-08-13T15:00:43,0.0,0.0
SPXW,2026-09-28,38,Put,9800.0,SPXW260928P09800000,2082.7,2106.5,2094.6,0.0,0.0,0.0,0.0,0.0,0.2721,-0.9994,0.0,0.0407,-0.0084,-9.6182,2095.4064,0.0,0.0,0.0,2114.15002441406,no_change,,0.0,0.0
SPXW,2026-09-28,38,Call,10000.0,SPXW260928C10000000,0.0,0.15,0.075,0.1,0.0,0.0,0.0,1.0,0.2449,0.0003,0.0,0.0299,-0.0064,0.0018,0.0345,0.0,0.0,0.0,0.0500000007450581,up,2026-08-13T15:27:54,0.0,0.0
SPXW,2026-09-28,38,Put,10000.0,SPXW260928P10000000,2281.9,2302.5,2292.2,0.0,0.0,0.0,0.0,0.0,0.2949,-0.9995,0.0,0.0301,-0.0065,-9.8152,2294.5333,0.0,0.0,0.0,2313.65002441406,no_change,,0.0,0.0
SPXW,2026-09-29,39,Call,3200.0,SPXW260929C03200000,4466.9,4490.9,4478.9,0.0,0.0,0.0,0.0,0.0,1.0204,0.9995,0.0,0.0274,-0.025,3.2287,4477.0871,0.0,0.0,0.0,0.0,no_change,,0.0,0.0
SPXW,2026-09-29,39,Put,3200.0,SPXW260929P03200000,0.0,0.25,0.125,0.0,0.0,0.0,0.0,0.0,0.8137,-0.0003,0.0,0.0274,-0.025,-0.0023,0.1503,0.0,0.0,0.0,0.0,no_change,,0.0,0.0
SPXW,2026-09-29,39,Call,3400.0,SPXW260929C03400000,4267.8,4291.6,4279.700000000001,0.0,0.0,0.0,0.0,0.0,0.7692,0.9995,0.0,0.0318,-0.0272,3.43,4277.9883,0.0,0.0,0.0,0.0,no_change,,0.0,0.0
SPXW,2026-09-29,39,Put,3400.0,SPXW260929P03400000,0.05,0.25,0.15,0.0,0.0,0.0,0.0,0.0,0.7597,-0.0003,0.0,0.0318,-0.0272,-0.0027,0.1661,0.0,0.0,0.0,0.0,no_change,,0.0,0.0
SPXW,2026-09-29,39,Call,3600.0,SPXW260929C03600000,4071.7,4092.6,4082.1499999999996,0.0,0.0,0.0,0.0,0.0,0.8497,0.9994,0.0,0.0377,-0.0303,3.6312,4078.8961,0.0,0.0,0.0,0.0,no_change,,0.0,0.0
SPXW,2026-09-29,39,Put,3600.0,SPXW260929P03600000,0.1,0.3,0.2,0.0,0.0,0.0,0.0,0.0,0.7168,-0.0004,0.0,0.0377,-0.0303,-0.0032,0.1885,0.0,0.0,0.0,0.0,no_change,,0.0,0.0
SPXW,2026-09-29,39,Call,3800.0,SPXW260929C03800000,3869.5,3893.5,3881.5,0.0,0.0,0.0,0.0,0.0,0.0,0.9993,0.0,0.0457,-0.0347,3.8322,3879.8143,0.0,0.0,0.0,0.0,no_change,,0.0,0.0
SPXW,2026-09-29,39,Put,3800.0,SPXW260929P03800000,0.1,0.35,0.22499999999999998,0.0,0.0,0.0,0.0,0.0,0.6809,-0.0005,0.0,0.0457,-0.0347,-0.0039,0.2213,0.0,0.0,0.0,0.0,no_change,,0.0,0.0
SPXW,2026-09-29,39,Call,4000.0,SPXW260929C04000000,3670.5,3694.5,3682.5,0.0,0.0,0.0,0.0,0.0,0.679,0.9992,0.0,0.0571,-0.0411,4.0328,3680.7481,0.0,0.0,0.0,0.0,no_change,,0.0,0.0
SPXW,2026-09-29,39,Put,4000.0,SPXW260929P04000000,0.15,0.45,0.3,0.4,0.4,0.0,1.0,0.0,0.6484,-0.0006,0.0,0.0571,-0.0411,-0.005,0.2697,0.4,0.4,0.4,0.0,up,2026-08-21T14:22:48,0.0,0.0
SPXW,2026-09-29,39,Call,4200.0,SPXW260929C04200000,3471.4,3495.4,3483.4,0.0,0.0,0.0,0.0,0.0,0.704,0.999,0.0,0.0735,-0.0501,4.2329,3481.7047,0.0,0.0,0.0,0.0,no_change,,0.0,0.0
SPXW,2026-09-29,39,Put,4200.0,SPXW260929P04200000,0.25,0.5,0.375,0.4,0.4,0.0,50.0,0.0,0.6137,-0.0008,0.0,0.0735,-0.0501,-0.0065,0.3409,0.4,0.4,0.4,0.0,up,2026-08-21T14:05:32,0.0,0.0
SPXW,2026-09-29,39,Call,4400.0,SPXW260929C04400000,3272.3,3296.2,3284.25,0.0,0.0,0.0,0.0,0.0,0.0,0.9987,0.0,0.0962,-0.0626,4.4324,3282.6929,0.0,0.0,0.0,0.0,no_change,,0.0,0.0
SPXW,2026-09-29,39,Put,4400.0,SPXW260929P04400000,0.35,0.6,0.475,0.5,0.5,0.0,65.0,0.0,0.5809,-0.0011,0.0,0.0962,-0.0626,-0.0088,0.4436,0.5,0.5,0.5,0.0,up,2026-08-21T12:38:45,0.0,0.0
SPXW,2026-09-29,39,Call,4600.0,SPXW260929C04600000,3073.3,3097.2,3085.25,0.0,0.0,0.0,0.0,0.0,0.5679,0.9983,0.0,0.1281,-0.0792,4.6309,3083.7223,0.0,0.0,0.0,0.0,no_change,,0.0,0.0
SPXW,2026-09-29,39,Put,4600.0,SPXW260929P04600000,0.45,0.75,0.6,0.0,0.0,0.0,0.0,0.0,0.5489,-0.0015,0.0,0.1281,-0.0792,-0.0119,0.5876,0.0,0.0,0.0,0.0,no_change,,0.0,0.0
SPXW,2026-09-29,39,Call,4800.0,SPXW260929C04800000,2874.4,2898.3,2886.3500000000004,0.0,0.0,0.0,0.0,0.0,0.5711,0.9977,0.0,0.1706,-0.1007,4.8282,2884.8047,0.0,0.0,0.0,0.0,no_change,,0.0,0.0
SPXW,2026-09-29,39,Put,4800.0,SPXW260929P04800000,0.65,0.95,0.8,0.0,0.0,0.0,0.0,0.0,0.5203,-0.0021,0.0,0.1706,-0.1007,-0.0164,0.7846,0.0,0.0,0.0,0.0,no_change,,0.0,0.0
SPXW,2026-09-29,39,Call,5000.0,SPXW260929C05000000,2675.5,2699.5,2687.5,0.0,0.0,0.0,0.0,0.0,0.4005,0.997,0.0,0.2276,-0.1275,5.0238,2685.9515,0.0,0.0,0.0,0.0,no_change,,0.0,0.0
SPXW,2026-09-29,39,Put,5000.0,SPXW260929P05000000,0.9,1.2,1.05,0.0,0.0,0.0,0.0,0.0,0.4915,-0.0029,0.0,0.2276,-0.1275,-0.0225,1.046,0.0,0.0,0.0,0.0,no_change,,0.0,0.0
SPXW,2026-09-29,39,Call,5200.0,SPXW260929C05200000,2476.7,2500.5,2488.6,0.0,0.0,0.0,0.0,0.0,0.4568,0.9959,0.0,0.3007,-0.16,5.2173,2487.1767,0.0,0.0,0.0,0.0,no_change,,0.0,0.0
SPXW,2026-09-29,39,Put,5200.0,SPXW260929P05200000,1.2,1.55,1.375,1.4,1.4,0.0,8.0,0.0,0.4631,-0.0039,0.0,0.3007,-0.16,-0.0306,1.3858,1.4,1.4,1.4,0.0,no_change,2026-08-21T10:59:05,0.0,0.0
SPXW,2026-09-29,39,Call,5400.0,SPXW260929C05400000,2278.0,2301.7,2289.85,2294.68,2294.68,0.0,4.0,0.0,0.448,0.9945,0.0,0.3957,-0.1984,5.408,2288.4949,2294.52,2294.89,2294.15,0.0,down,2026-08-21T15:29:08,0.0,0.0
SPXW,2026-09-29,39,Put,5400.0,SPXW260929P05400000,1.6,1.95,1.775,1.8,1.8,0.0,117.0,0.0,0.4343,-0.0053,0.0,0.3957,-0.1984,-0.0416,1.8186,1.9,1.9,1.8,0.0,no_change,2026-08-21T14:05:32,0.0,0.0
SPXW,2026-09-29,39,Call,5600.0,SPXW260929C05600000,2079.3,2103.1,2091.2,0.0,0.0,0.0,0.0,0.0,0.4268,0.9927,0.0,0.5157,-0.2433,5.5953,2089.9261,0.0,0.0,0.0,0.0,no_change,,0.0,0.0
SPXW,2026-09-29,39,Put,5600.0,SPXW260929P05600000,2.1,2.5,2.3,2.45,2.45,0.0,2.0,0.0,0.4059,-0.0072,0.0,0.5157,-0.2433,-0.056,2.3644,2.45,2.45,2.45,0.0,up,2026-08-21T10:36:20,0.0,0.0
SPXW,2026-09-29,39,Call,5800.0,SPXW260929C05800000,1880.9,1904.7,1892.8000000000002,0.0,0.0,0.0,0.0,0.0,0.3995,0.9902,0.0,0.6698,-0.295,5.7776,1891.4988,0.0,0.0,0.0,0.0,no_change,,0.0,0.0
SPXW,2026-09-29,39,Put,5800.0,SPXW260929P05800000,2.8,3.2,3.0,0.0,0.0,0.0,0.0,0.0,0.3782,-0.0096,0.0,0.6698,-0.295,-0.0754,3.0516,0.0,0.0,0.0,0.0,no_change,,0.0,0.0
SPXW,2026-09-29,39,Call,6000.0,SPXW260929C06000000,1686.6,1706.6,1696.6,0.0,0.0,0.0,0.0,0.0,0.3323,0.9869,0.0,0.8687,-0.355,5.9533,1693.2581,0.0,0.0,0.0,0.0,no_change,,0.0,0.0
SPXW,2026-09-29,39,Put,6000.0,SPXW260929P06000000,3.7,4.1,3.9,0.0,0.0,0.0,0.0,0.0,0.3501,-0.0129,0.0,0.8687,-0.355,-0.1014,3.9255,0.0,0.0,0.0,0.0,no_change,,0.0,0.0
SPXW,2026-09-29,39,Call,6200.0,SPXW260929C06200000,1484.6,1508.4,1496.5,0.0,0.0,0.0,0.0,0.0,0.3075,0.9823,0.0,1.1287,-0.4257,6.1187,1495.2874,0.0,0.0,0.0,0.0,no_change,,0.0,0.0
SPXW,2026-09-29,39,Put,6200.0,SPXW260929P06200000,4.8,5.3,5.05,0.0,0.0,0.0,0.0,0.0,0.3206,-0.0175,0.0,1.1287,-0.4257,-0.1377,5.0694,0.0,0.0,0.0,0.0,no_change,,0.0,0.0
SPXW,2026-09-29,39,Call,6300.0,SPXW260929C06300000,1385.7,1409.6,1397.65,0.0,0.0,0.0,0.0,0.0,0.3182,0.9793,0.0001,1.2927,-0.4664,6.196,1396.4446,0.0,0.0,0.0,0.0,no_change,,0.0,0.0
SPXW,2026-09-29,39,Put,6300.0,SPXW260929P06300000,5.5,6.0,5.75,0.0,0.0,0.0,0.0,0.0,0.3064,-0.0205,0.0001,1.2927,-0.4664,-0.1612,5.7839,0.0,0.0,0.0,0.0,no_change,,0.0,0.0
SPXW,2026-09-29,39,Call,6400.0,SPXW260929C06400000,1290.0,1311.0,1300.5,0.0,0.0,0.0,0.0,0.0,0.3005,0.9757,0.0001,1.4833,-0.5116,6.2679,1297.7354,0.0,0.0,0.0,0.0,no_change,,0.0,0.0
SPXW,2026-09-29,39,Put,6400.0,SPXW260929P06400000,6.4,6.9,6.65,0.0,0.0,0.0,0.0,0.0,0.2916,-0.0242,0.0001,1.4833,-0.5116,-0.1902,6.6319,0.0,0.0,0.0,0.0,no_change,,0.0,0.0
SPXW,2026-09-29,39,Call,6500.0,SPXW260929C06500000,1188.5,1212.1,1200.3,0.0,0.0,0.0,0.0,0.0,0.2823,0.9712,0.0001,1.7082,-0.5626,6.3339,1199.1988,0.0,0.0,0.0,0.0,no_change,,0.0,0.0
SPXW,2026-09-29,39,Put,6500.0,SPXW260929P06500000,7.4,7.9,7.65,0.0,0.0,0.0,0.0,0.0,0.2778,-0.0286,0.0001,1.7082,-0.5626,-0.225,7.6527,0.0,0.0,0.0,0.0,no_change,,0.0,0.0
SPXW,2026-09-29,39,Call,6600.0,SPXW260929C06600000,1094.1,1114.1,1104.1,0.0,0.0,0.0,0.0,0.0,0.2638,0.9656,0.0001,1.9802,-0.6205,6.3904,1100.8914,0.0,0.0,0.0,0.0,no_change,,0.0,0.0
SPXW,2026-09-29,39,Put,6600.0,SPXW260929P06600000,8.6,9.2,8.899999999999999,0.0,0.0,0.0,0.0,0.0,0.2632,-0.0342,0.0001,1.9802,-0.6205,-0.2694,8.9026,0.0,0.0,0.0,0.0,no_change,,0.0,0.0
SPXW,2026-09-29,39,Call,6700.0,SPXW260929C06700000,992.8,1016.1,1004.45,0.0,0.0,0.0,0.0,0.0,0.245,0.9586,0.0001,2.303,-0.6871,6.4358,1002.8956,0.0,0.0,0.0,0.0,no_change,,0.0,0.0
SPXW,2026-09-29,39,Put,6700.0,SPXW260929P06700000,10.2,10.7,10.45,0.0,0.0,0.0,0.0,0.0,0.2498,-0.0413,0.0001,2.303,-0.6871,-0.3248,10.4641,0.0,0.0,0.0,0.0,no_change,,0.0,0.0
SPXW,2026-09-29,39,Call,6800.0,SPXW260929C06800000,899.1,918.4,908.75,0.0,0.0,0.0,0.0,0.0,0.238,0.9495,0.0002,2.7003,-0.7639,6.4648,905.3185,0.0,0.0,0.0,0.0,no_change,,0.0,0.0
SPXW,2026-09-29,39,Put,6800.0,SPXW260929P06800000,12.1,12.7,12.399999999999999,0.0,0.0,0.0,0.0,0.0,0.2352,-0.0503,0.0002,2.7002,-0.7639,-0.3967,12.4441,0.0,0.0,0.0,0.0,no_change,,0.0,0.0
SPXW,2026-09-29,39,Call,6900.0,SPXW260929C06900000,801.2,821.4,811.3,0.0,0.0,0.0,0.0,0.0,0.2172,0.9378,0.0002,3.1775,-0.8528,6.4729,808.3202,0.0,0.0,0.0,0.0,no_change,,0.0,0.0
SPXW,2026-09-29,39,Put,6900.0,SPXW260929P06900000,14.6,15.3,14.95,0.0,0.0,0.0,0.0,0.0,0.222,-0.0621,0.0002,3.1775,-0.8528,-0.4894,15.0033,0.0,0.0,0.0,0.0,no_change,,0.0,0.0
SPXW,2026-09-29,39,Call,7000.0,SPXW260929C07000000,705.2,725.1,715.1500000000001,0.0,0.0,0.0,0.0,0.0,0.2051,0.9223,0.0003,3.7638,-0.9548,6.4502,712.1145,0.0,0.0,0.0,0.0,no_change,,0.0,0.0
SPXW,2026-09-29,39,Put,7000.0,SPXW260929P07000000,17.8,18.6,18.200000000000003,0.0,0.0,0.0,0.0,0.0,0.2079,-0.0776,0.0003,3.7638,-0.9548,-0.613,18.3548,0.0,0.0,0.0,0.0,no_change,,0.0,0.0
SPXW,2026-09-29,39,Call,7050.0,SPXW260929C07050000,653.3,676.5,664.9,0.0,0.0,0.0,0.0,0.0,0.1979,0.9127,0.0003,4.0985,-1.011,6.4256,664.4018,0.0,0.0,0.0,0.0,no_change,,0.0,0.0
SPXW,2026-09-29,39,Put,7050.0,SPXW260929P07050000,19.9,20.6,20.25,0.0,0.0,0.0,0.0,0.0,0.2015,-0.0871,0.0003,4.0985,-1.011,-0.6881,20.4208,0.0,0.0,0.0,0.0,no_change,,0.0,0.0
SPXW,2026-09-29,39,Call,7075.0,SPXW260929C07075000,629.6,653.1,641.35,0.0,0.0,0.0,0.0,0.0,0.2015,0.9074,0.0003,4.2806,-1.0403,6.4087,640.6623,0.0,0.0,0.0,0.0,no_change,,0.0,0.0
SPXW,2026-09-29,39,Put,7075.0,SPXW260929P07075000,21.0,21.8,21.4,0.0,0.0,0.0,0.0,0.0,0.1978,-0.0924,0.0003,4.2806,-1.0403,-0.7301,21.5705,0.0,0.0,0.0,0.0,no_change,,0.0,0.0
SPXW,2026-09-29,39,Call,7100.0,SPXW260929C07100000,605.9,628.2,617.05,0.0,0.0,0.0,0.0,0.0,0.1972,0.9017,0.0004,4.4719,-1.0704,6.388,617.0111,0.0,0.0,0.0,0.0,no_change,,0.0,0.0
SPXW,2026-09-29,39,Put,7100.0,SPXW260929P07100000,22.2,23.0,22.6,23.2,23.2,0.0,5.0,0.0,0.1946,-0.0982,0.0004,4.4719,-1.0704,-0.7761,22.8086,23.2,23.2,23.2,0.0,up,2026-08-21T15:55:01,0.0,0.0
SPXW,2026-09-29,39,Call,7125.0,SPXW260929C07125000,587.3,606.3,596.8,0.0,0.0,0.0,0.0,0.0,0.1929,0.8955,0.0004,4.67,-1.1013,6.3636,593.4575,0.0,0.0,0.0,0.0,no_change,,0.0,0.0
SPXW,2026-09-29,39,Put,7125.0,SPXW260929P07125000,23.5,24.3,23.9,0.0,0.0,0.0,0.0,0.0,0.1916,-0.1043,0.0004,4.67,-1.1013,-0.8257,24.1443,0.0,0.0,0.0,0.0,no_change,,0.0,0.0
SPXW,2026-09-29,39,Call,7150.0,SPXW260929C07150000,562.9,582.9,572.9,0.0,0.0,0.0,0.0,0.0,0.1884,0.8889,0.0004,4.8749,-1.1329,6.336,570.01,0.0,0.0,0.0,0.0,no_change,,0.0,0.0
SPXW,2026-09-29,39,Put,7150.0,SPXW260929P07150000,25.0,25.8,25.4,0.0,0.0,0.0,0.0,0.0,0.1882,-0.111,0.0004,4.8748,-1.1329,-0.8785,25.5862,0.0,0.0,0.0,0.0,no_change,,0.0,0.0
SPXW,2026-09-29,39,Call,7175.0,SPXW260929C07175000,535.5,558.7,547.1,0.0,0.0,0.0,0.0,0.0,0.1837,0.8817,0.0004,5.0892,-1.1652,6.3049,546.6771,0.0,0.0,0.0,0.0,no_change,,0.0,0.0
SPXW,2026-09-29,39,Put,7175.0,SPXW260929P07175000,26.5,27.4,26.95,0.0,0.0,0.0,0.0,0.0,0.1847,-0.1181,0.0004,5.0892,-1.1652,-0.9348,27.1426,0.0,0.0,0.0,0.0,no_change,,0.0,0.0
SPXW,2026-09-29,39,Call,7200.0,SPXW260929C07200000,517.3,536.3,526.8,528.83,528.83,0.0,4.0,0.0,0.179,0.874,0.0004,5.3156,-1.1981,6.2691,523.4696,528.72,528.83,528.72,0.0,up,2026-08-21T15:29:08,0.0,0.0
SPXW,2026-09-29,39,Put,7200.0,SPXW260929P07200000,28.2,29.1,28.65,29.2,29.2,0.0,5.0,0.0,0.1816,-0.1258,0.0004,5.3156,-1.1981,-0.9958,28.8245,29.2,29.2,29.2,0.0,up,2026-08-21T15:55:01,0.0,0.0
SPXW,2026-09-29,39,Call,7225.0,SPXW260929C07225000,489.2,512.1,500.65,0.0,0.0,0.0,0.0,0.0,0.1798,0.8657,0.0005,5.5525,-1.2315,6.2272,500.4024,0.0,0.0,0.0,0.0,no_change,,0.0,0.0
SPXW,2026-09-29,39,Put,7225.0,SPXW260929P07225000,29.9,30.9,30.4,30.42,30.42,0.0,3.0,0.0,0.1784,-0.1342,0.0005,5.5524,-1.2315,-1.0629,30.6465,30.42,30.42,30.42,0.0,no_change,2026-08-21T13:16:24,0.0,0.0
SPXW,2026-09-29,39,Call,7250.0,SPXW260929C07250000,470.6,490.3,480.45000000000005,0.0,0.0,0.0,0.0,0.0,0.1745,0.8567,0.0005,5.7958,-1.2654,6.1799,477.4912,0.0,0.0,0.0,0.0,no_change,,0.0,0.0
SPXW,2026-09-29,39,Put,7250.0,SPXW260929P07250000,31.9,32.8,32.349999999999994,31.7,31.7,0.0,1.0,0.0,0.1752,-0.1432,0.0005,5.7957,-1.2654,-1.1354,32.6246,31.7,31.7,31.7,0.0,up,2026-08-21T11:46:46,0.0,0.0
SPXW,2026-09-29,39,Call,7275.0,SPXW260929C07275000,447.4,467.5,457.45,0.0,0.0,0.0,0.0,0.0,0.1743,0.8469,0.0005,6.0453,-1.2996,6.1279,454.7507,0.0,0.0,0.0,0.0,no_change,,0.0,0.0
SPXW,2026-09-29,39,Put,7275.0,SPXW260929P07275000,34.1,35.0,34.55,34.37,34.37,0.0,3.0,0.0,0.1721,-0.1529,0.0005,6.0453,-1.2996,-1.2126,34.7735,34.37,34.37,34.37,0.0,no_change,2026-08-21T13:16:24,0.0,0.0
SPXW,2026-09-29,39,Call,7300.0,SPXW260929C07300000,425.0,445.0,435.0,0.0,0.0,0.0,0.0,0.0,0.172,0.8364,0.0006,6.3056,-1.3339,6.0702,432.1964,0.0,0.0,0.0,0.0,no_change,,0.0,0.0
SPXW,2026-09-29,39,Put,7300.0,SPXW260929P07300000,36.4,37.3,36.849999999999994,35.9,35.9,0.0,1.0,0.0,0.1689,-0.1634,0.0006,6.3056,-1.3339,-1.2955,37.1085,35.9,35.9,35.9,0.0,up,2026-08-21T11:46:46,0.0,0.0
SPXW,2026-09-29,39,Call,7325.0,SPXW260929C07325000,398.6,421.1,409.85,0.0,0.0,0.0,0.0,0.0,0.1677,0.825,0.0006,6.5773,-1.3682,6.0042,409.8497,0.0,0.0,0.0,0.0,no_change,,0.0,0.0
SPXW,2026-09-29,39,Put,7325.0,SPXW260929P07325000,38.9,39.9,39.4,39.55,39.55,0.0,2.0,0.0,0.1656,-0.1748,0.0006,6.5773,-1.3682,-1.3868,39.6511,42.36,42.36,39.55,0.0,down,2026-08-21T13:21:38,0.0,0.0
SPXW,2026-09-29,39,Call,7350.0,SPXW260929C07350000,382.1,400.5,391.3,0.0,0.0,0.0,0.0,0.0,0.1616,0.8128,0.0007,6.8542,-1.4022,5.9298,387.7363,0.0,0.0,0.0,0.0,no_change,,0.0,0.0
SPXW,2026-09-29,39,Put,7350.0,SPXW260929P07350000,41.6,42.7,42.150000000000006,42.25,42.25,0.0,3.0,0.0,0.1627,-0.1871,0.0007,6.8542,-1.4022,-1.4863,42.427,45.2,45.2,42.25,0.0,down,2026-08-21T13:21:38,0.0,0.0
SPXW,2026-09-29,39,Call,7375.0,SPXW260929C07375000,360.0,378.6,369.3,0.0,0.0,0.0,0.0,0.0,0.1598,0.7994,0.0007,7.1332,-1.4357,5.8492,365.8795,0.0,0.0,0.0,0.0,no_change,,0.0,0.0
SPXW,2026-09-29,39,Put,7375.0,SPXW260929P07375000,44.7,45.7,45.2,48.35,48.35,0.0,3.0,0.0,0.1594,-0.2004,0.0007,7.1332,-1.4357,-1.5922,45.4596,48.44,48.44,48.35,0.0,down,2026-08-21T10:36:17,0.0,0.0
SPXW,2026-09-29,39,Call,7400.0,SPXW260929C07400000,337.8,357.0,347.4,0.0,0.0,0.0,0.0,0.0,0.1575,0.7851,0.0007,7.4194,-1.4684,5.7604,344.3026,0.0,0.0,0.0,0.0,no_change,,0.0,0.0
SPXW,2026-09-29,39,Put,7400.0,SPXW260929P07400000,47.9,49.0,48.45,0.0,0.0,0.0,0.0,0.0,0.1564,-0.2148,0.0007,7.4194,-1.4684,-1.7062,48.772,0.0,0.0,0.0,0.0,no_change,,0.0,0.0
SPXW,2026-09-29,39,Call,7425.0,SPXW260929C07425000,315.6,335.7,325.65,0.0,0.0,0.0,0.0,0.0,0.1548,0.7695,0.0008,7.7121,-1.4998,5.6599,323.0384,0.0,0.0,0.0,0.0,no_change,,0.0,0.0
SPXW,2026-09-29,39,Put,7425.0,SPXW260929P07425000,51.5,52.6,52.05,0.0,0.0,0.0,0.0,0.0,0.1532,-0.2303,0.0008,7.712,-1.4998,-1.8318,52.3971,0.0,0.0,0.0,0.0,no_change,,0.0,0.0
SPXW,2026-09-29,39,Call,7450.0,SPXW260929C07450000,295.5,314.8,305.15,0.0,0.0,0.0,0.0,0.0,0.1516,0.7527,0.0008,8.001,-1.5295,5.5497,302.1234,0.0,0.0,0.0,0.0,no_change,,0.0,0.0
SPXW,2026-09-29,39,Put,7450.0,SPXW260929P07450000,55.4,56.5,55.95,0.0,0.0,0.0,0.0,0.0,0.1502,-0.2471,0.0008,8.001,-1.5295,-1.9673,56.3714,0.0,0.0,0.0,0.0,no_change,,0.0,0.0
SPXW,2026-09-29,39,Call,7475.0,SPXW260929C07475000,274.1,294.2,284.15,0.0,0.0,0.0,0.0,0.0,0.148,0.7346,0.0009,8.2855,-1.557,5.4313,281.5877,0.0,0.0,0.0,0.0,no_change,,0.0,0.0
SPXW,2026-09-29,39,Put,7475.0,SPXW260929P07475000,59.7,60.9,60.3,60.9,60.9,0.0,2.0,0.0,0.1472,-0.2652,0.0009,8.2855,-1.557,-2.1109,60.725,60.8,60.9,60.8,0.0,up,2026-08-21T14:25:43,0.0,0.0
SPXW,2026-09-29,39,Call,7500.0,SPXW260929C07500000,254.5,274.0,264.25,0.0,0.0,0.0,0.0,0.0,0.144,0.7151,0.0009,8.5694,-1.5817,5.2993,261.4691,0.0,0.0,0.0,0.0,no_change,,0.0,0.0
SPXW,2026-09-29,39,Put,7500.0,SPXW260929P07500000,64.4,65.6,65.0,64.57,64.57,0.0,1.0,0.0,0.1443,-0.2847,0.0009,8.5694,-1.5817,-2.2681,65.4957,64.57,64.57,64.57,0.0,up,2026-08-21T11:28:39,0.0,0.0
SPXW,2026-09-29,39,Call,7525.0,SPXW260929C07525000,233.4,254.3,243.85000000000002,0.0,0.0,0.0,0.0,0.0,0.143,0.6941,0.001,8.8414,-1.6028,5.1544,241.8165,0.0,0.0,0.0,0.0,no_change,,0.0,0.0
SPXW,2026-09-29,39,Put,7525.0,SPXW260929P07525000,69.6,70.8,70.19999999999999,69.67,69.67,0.0,1.0,0.0,0.1414,-0.3057,0.001,8.8413,-1.6028,-2.4382,70.7325,69.67,69.67,69.67,0.0,up,2026-08-21T11:28:39,0.0,0.0
SPXW,2026-09-29,39,Call,7550.0,SPXW260929C07550000,214.5,235.2,224.85,0.0,0.0,0.0,0.0,0.0,0.1381,0.6716,0.001,9.0954,-1.6197,5.0006,222.6693,0.0,0.0,0.0,0.0,no_change,,0.0,0.0
SPXW,2026-09-29,39,Put,7550.0,SPXW260929P07550000,75.3,76.6,75.94999999999999,0.0,0.0,0.0,0.0,0.0,0.1385,-0.3282,0.001,9.0954,-1.6197,-2.6172,76.4746,0.0,0.0,0.0,0.0,no_change,,0.0,0.0
SPXW,2026-09-29,39,Call,7575.0,SPXW260929C07575000,195.1,214.5,204.8,0.0,0.0,0.0,0.0,0.0,0.136,0.6476,0.0011,9.3342,-1.6317,4.8309,204.0751,0.0,0.0,0.0,0.0,no_change,,0.0,0.0
SPXW,2026-09-29,39,Put,7575.0,SPXW260929P07575000,81.5,82.8,82.15,0.0,0.0,0.0,0.0,0.0,0.1357,-0.3522,0.0011,9.3342,-1.6317,-2.8121,82.7697,0.0,0.0,0.0,0.0,no_change,,0.0,0.0
SPXW,2026-09-29,39,Call,7600.0,SPXW260929C07600000,176.7,196.5,186.6,183.67,183.67,0.0,1.0,0.0,0.1332,0.6219,0.0011,9.545,-1.6377,4.6483,186.0946,183.67,183.67,183.67,0.0,up,2026-08-21T09:39:00,0.0,0.0
SPXW,2026-09-29,39,Put,7600.0,SPXW260929P07600000,88.4,89.7,89.05000000000001,92.57,92.57,0.0,1.0,0.0,0.133,-0.3779,0.0011,9.5449,-1.6377,-3.02,89.6785,92.57,92.57,92.57,0.0,up,2026-08-21T09:39:00,0.0,0.0
SPXW,2026-09-29,39,Call,7625.0,SPXW260929C07625000,159.3,179.2,169.25,0.0,0.0,0.0,0.0,0.0,0.1298,0.5947,0.0012,9.7219,-1.6372,4.4555,168.7747,0.0,0.0,0.0,0.0,no_change,,0.0,0.0
SPXW,2026-09-29,39,Put,7625.0,SPXW260929P07625000,95.9,97.3,96.6,0.0,0.0,0.0,0.0,0.0,0.1303,-0.4051,0.0012,9.7219,-1.6372,-3.238,97.248,0.0,0.0,0.0,0.0,no_change,,0.0,0.0
SPXW,2026-09-29,39,Call,7650.0,SPXW260929C07650000,151.9,153.2,152.55,0.0,0.0,0.0,0.0,0.0,0.1288,0.5659,0.0012,9.862,-1.6292,4.2452,152.1808,0.0,0.0,0.0,0.0,no_change,,0.0,0.0
SPXW,2026-09-29,39,Put,7650.0,SPXW260929P07650000,104.2,105.6,104.9,0.0,0.0,0.0,0.0,0.0,0.1277,-0.4339,0.0012,9.862,-1.6292,-3.4735,105.5433,0.0,0.0,0.0,0.0,no_change,,0.0,0.0
SPXW,2026-09-29,39,Call,7675.0,SPXW260929C07675000,136.1,137.4,136.75,138.0,138.0,0.0,3.0,0.0,0.1241,0.5356,0.0013,9.9533,-1.6131,4.027,136.3754,139.43,139.43,137.4,0.0,up,2026-08-21T11:21:34,0.0,0.0
SPXW,2026-09-29,39,Put,7675.0,SPXW260929P07675000,113.3,114.7,114.0,0.0,0.0,0.0,0.0,0.0,0.1252,-0.4642,0.0013,9.9532,-1.6131,-3.7169,114.6273,0.0,0.0,0.0,0.0,no_change,,0.0,0.0
SPXW,2026-09-29,39,Call,7700.0,SPXW260929C07700000,121.1,122.4,121.75,124.43,124.43,0.0,9.0,0.0,0.1226,0.504,0.0013,9.9912,-1.5884,3.7943,121.4148,120.66,124.43,120.66,0.0,up,2026-08-21T11:01:51,0.0,0.0
SPXW,2026-09-29,39,Put,7700.0,SPXW260929P07700000,123.2,124.4,123.80000000000001,0.0,0.0,0.0,0.0,0.0,0.1228,-0.4958,0.0013,9.9912,-1.5884,-3.9749,124.5562,0.0,0.0,0.0,0.0,no_change,,0.0,0.0
SPXW,2026-09-29,39,Call,7725.0,SPXW260929C07725000,107.1,108.4,107.75,112.0,112.0,0.0,2.0,0.0,0.1204,0.4713,0.0013,9.9688,-1.5543,3.5533,107.3685,112.6,112.6,112.0,0.0,down,2026-08-21T13:13:03,0.0,0.0
SPXW,2026-09-29,39,Put,7725.0,SPXW260929P07725000,134.1,135.4,134.75,0.0,0.0,0.0,0.0,0.0,0.1206,-0.5286,0.0013,9.9688,-1.5543,-4.241,135.3992,0.0,0.0,0.0,0.0,no_change,,0.0,0.0
SPXW,2026-09-29,39,Call,7750.0,SPXW260929C07750000,94.0,95.3,94.65,0.0,0.0,0.0,0.0,0.0,0.1184,0.4376,0.0013,9.8799,-1.5111,3.3042,94.2779,0.0,0.0,0.0,0.0,no_change,,0.0,0.0
SPXW,2026-09-29,39,Put,7750.0,SPXW260929P07750000,145.9,147.2,146.55,0.0,0.0,0.0,0.0,0.0,0.1185,-0.5622,0.0013,9.8799,-1.5111,-4.5154,147.1979,0.0,0.0,0.0,0.0,no_change,,0.0,0.0
SPXW,2026-09-29,39,Call,7775.0,SPXW260929C07775000,81.9,83.2,82.55000000000001,0.0,0.0,0.0,0.0,0.0,0.1164,0.4035,0.0013,9.7204,-1.4584,3.0492,82.1956,0.0,0.0,0.0,0.0,no_change,,0.0,0.0
SPXW,2026-09-29,39,Put,7775.0,SPXW260929P07775000,158.7,160.0,159.35,0.0,0.0,0.0,0.0,0.0,0.1155,-0.5964,0.0013,9.7204,-1.4584,-4.7955,160.0051,0.0,0.0,0.0,0.0,no_change,,0.0,0.0
SPXW,2026-09-29,39,Call,7800.0,SPXW260929C07800000,70.8,72.1,71.44999999999999,70.61,70.61,0.0,1.0,0.0,0.1143,0.3691,0.0013,9.4908,-1.3969,2.7929,71.1353,70.61,70.61,70.61,0.0,up,2026-08-21T09:39:00,0.0,0.0
SPXW,2026-09-29,39,Put,7800.0,SPXW260929P07800000,163.2,181.7,172.45,178.76,178.76,0.0,1.0,0.0,0.1148,-0.6307,0.0013,9.4909,-1.3969,-5.0771,173.8342,178.76,178.76,178.76,0.0,up,2026-08-21T09:39:00,0.0,0.0
SPXW,2026-09-29,39,Call,7825.0,SPXW260929C07825000,60.8,62.0,61.4,0.0,0.0,0.0,0.0,0.0,0.1126,0.335,0.0013,9.1874,-1.3271,2.5364,61.114,0.0,0.0,0.0,0.0,no_change,,0.0,0.0
SPXW,2026-09-29,39,Put,7825.0,SPXW260929P07825000,178.0,196.1,187.05,0.0,0.0,0.0,0.0,0.0,0.1132,-0.6648,0.0013,9.1874,-1.3271,-5.3588,188.7022,0.0,0.0,0.0,0.0,no_change,,0.0,0.0
SPXW,2026-09-29,39,Call,7850.0,SPXW260929C07850000,51.7,52.9,52.3,59.95,59.95,0.0,3.0,0.0,0.111,0.3016,0.0012,8.8207,-1.25,2.2848,52.1082,50.68,59.95,50.68,0.0,up,2026-08-21T11:46:46,0.0,0.0
SPXW,2026-09-29,39,Put,7850.0,SPXW260929P07850000,193.9,211.5,202.7,0.0,0.0,0.0,0.0,0.0,0.1106,-0.6983,0.0012,8.8207,-1.25,-5.6356,204.5857,0.0,0.0,0.0,0.0,no_change,,0.0,0.0
SPXW,2026-09-29,39,Call,7875.0,SPXW260929C07875000,43.7,44.8,44.25,45.82,45.82,0.0,1.0,0.0,0.1097,0.2691,0.0012,8.3883,-1.1668,2.0402,44.0974,45.82,45.82,45.82,0.0,up,2026-08-21T11:28:39,0.0,0.0
SPXW,2026-09-29,39,Put,7875.0,SPXW260929P07875000,208.7,227.4,218.05,0.0,0.0,0.0,0.0,0.0,0.1105,-0.7307,0.0012,8.3883,-1.1668,-5.9053,221.4642,0.0,0.0,0.0,0.0,no_change,,0.0,0.0
SPXW,2026-09-29,39,Call,7900.0,SPXW260929C07900000,36.6,37.7,37.150000000000006,43.5,43.5,0.0,13.0,0.0,0.1084,0.2381,0.0011,7.9078,-1.0789,1.8052,37.0289,36.06,43.5,36.06,0.0,up,2026-08-21T11:46:46,0.0,0.0
SPXW,2026-09-29,39,Put,7900.0,SPXW260929P07900000,228.0,250.5,239.25,0.0,0.0,0.0,0.0,0.0,0.1056,-0.7617,0.0011,7.9078,-1.0789,-6.1656,239.285,0.0,0.0,0.0,0.0,no_change,,0.0,0.0
SPXW,2026-09-29,39,Call,7925.0,SPXW260929C07925000,30.5,31.6,31.05,29.4,29.4,0.0,2.0,0.0,0.1071,0.2088,0.0011,7.3807,-0.9881,1.5844,30.857,29.4,29.4,29.4,0.0,up,2026-08-21T10:36:17,0.0,0.0
SPXW,2026-09-29,39,Put,7925.0,SPXW260929P07925000,246.3,269.2,257.75,0.0,0.0,0.0,0.0,0.0,0.1038,-0.791,0.0011,7.3807,-0.9881,-6.4116,258.0025,0.0,0.0,0.0,0.0,no_change,,0.0,0.0
SPXW,2026-09-29,39,Call,7950.0,SPXW260929C07950000,25.1,26.2,25.65,24.35,24.35,0.0,2.0,0.0,0.1061,0.1816,0.001,6.8263,-0.8962,1.3759,25.5149,24.35,24.35,24.35,0.0,up,2026-08-21T10:36:17,0.0,0.0
SPXW,2026-09-29,39,Put,7950.0,SPXW260929P07950000,265.5,288.8,277.15,0.0,0.0,0.0,0.0,0.0,0.1036,-0.8183,0.001,6.8263,-0.8962,-6.6453,277.5495,0.0,0.0,0.0,0.0,no_change,,0.0,0.0
SPXW,2026-09-29,39,Call,8000.0,SPXW260929C08000000,16.8,17.7,17.25,18.15,18.15,0.0,1.0,0.0,0.1042,0.1336,0.0008,5.672,-0.7158,1.0121,17.0658,18.15,18.15,18.15,0.0,up,2026-08-21T09:31:42,0.0,0.0
SPXW,2026-09-29,39,Put,8000.0,SPXW260929P08000000,306.8,330.1,318.45000000000005,0.0,0.0,0.0,0.0,0.0,0.0985,-0.8662,0.0008,5.6721,-0.7158,-7.0595,318.8792,0.0,0.0,0.0,0.0,no_change,,0.0,0.0
SPXW,2026-09-29,39,Call,8100.0,SPXW260929C08100000,6.8,7.6,7.199999999999999,0.0,0.0,0.0,0.0,0.0,0.1025,0.0662,0.0005,3.5325,-0.4124,0.5001,7.1404,0.0,0.0,0.0,0.0,no_change,,0.0,0.0
SPXW,2026-09-29,39,Put,8100.0,SPXW260929P08100000,396.1,419.8,407.95000000000005,0.0,0.0,0.0,0.0,0.0,0.1005,-0.9336,0.0005,3.5325,-0.4124,-7.6724,408.511,0.0,0.0,0.0,0.0,no_change,,0.0,0.0
SPXW,2026-09-29,39,Call,8200.0,SPXW260929C08200000,2.8,3.3,3.05,0.0,0.0,0.0,0.0,0.0,0.1029,0.0312,0.0003,2.03,-0.223,0.2346,2.9814,0.0,0.0,0.0,0.0,no_change,,0.0,0.0
SPXW,2026-09-29,39,Put,8200.0,SPXW260929P08200000,491.4,515.1,503.25,0.0,0.0,0.0,0.0,0.0,0.1031,-0.9686,0.0003,2.03,-0.223,-8.0387,503.9092,0.0,0.0,0.0,0.0,no_change,,0.0,0.0
SPXW,2026-09-29,39,Call,8300.0,SPXW260929C08300000,1.25,1.6,1.425,0.0,0.0,0.0,0.0,0.0,0.106,0.0159,0.0001,1.1955,-0.1285,0.1186,1.4255,0.0,0.0,0.0,0.0,no_change,,0.0,0.0
SPXW,2026-09-29,39,Put,8300.0,SPXW260929P08300000,589.3,613.1,601.2,0.0,0.0,0.0,0.0,0.0,0.1155,-0.984,0.0001,1.1955,-0.1285,-8.2556,601.9107,0.0,0.0,0.0,0.0,no_change,,0.0,0.0
SPXW,2026-09-29,39,Call,8400.0,SPXW260929C08400000,0.7,1.1,0.9,0.0,0.0,0.0,0.0,0.0,0.1124,0.0093,0.0001,0.7713,-0.0845,0.0691,0.8263,0.0,0.0,0.0,0.0,no_change,,0.0,0.0
SPXW,2026-09-29,39,Put,8400.0,SPXW260929P08400000,688.2,712.1,700.1500000000001,0.0,0.0,0.0,0.0,0.0,0.126,-0.9905,0.0001,0.7713,-0.0845,-8.406,700.8688,0.0,0.0,0.0,0.0,no_change,,0.0,0.0
SPXW,2026-09-29,39,Call,8600.0,SPXW260929C08600000,0.25,0.55,0.4,0.0,0.0,0.0,0.0,0.0,0.1271,0.0044,0.0,0.4015,-0.0484,0.0322,0.405,0.0,0.0,0.0,0.0,no_change,,0.0,0.0
SPXW,2026-09-29,39,Put,8600.0,SPXW260929P08600000,886.9,910.8,898.8499999999999,0.0,0.0,0.0,0.0,0.0,0.1388,-0.9955,0.0,0.4015,-0.0484,-8.6446,899.562,0.0,0.0,0.0,0.0,no_change,,0.0,0.0
SPXW,2026-09-29,39,Call,8800.0,SPXW260929C08800000,0.1,0.4,0.25,0.0,0.0,0.0,0.0,0.0,0.1447,0.0025,0.0,0.2454,-0.0329,0.0185,0.2498,0.0,0.0,0.0,0.0,no_change,,0.0,0.0
SPXW,2026-09-29,39,Put,8800.0,SPXW260929P08800000,1086.0,1109.9,1097.95,0.0,0.0,0.0,0.0,0.0,0.0,-0.9973,0.0,0.2454,-0.0329,-8.86,1098.5214,0.0,0.0,0.0,0.0,no_change,,0.0,0.0
SPXW,2026-09-29,39,Call,9000.0,SPXW260929C09000000,0.05,0.3,0.175,0.0,0.0,0.0,0.0,0.0,0.1613,0.0016,0.0,0.1626,-0.0241,0.0117,0.1698,0.0,0.0,0.0,0.0,no_change,,0.0,0.0
SPXW,2026-09-29,39,Put,9000.0,SPXW260929P09000000,1285.1,1305.5,1295.3,0.0,0.0,0.0,0.0,0.0,0.2025,-0.9982,0.0,0.1626,-0.0241,-9.0684,1297.556,0.0,0.0,0.0,0.0,no_change,,0.0,0.0
SPXW,2026-09-29,39,Call,9200.0,SPXW260929C09200000,0.0,0.25,0.125,0.0,0.0,0.0,0.0,0.0,0.1794,0.0011,0.0,0.1127,-0.0182,0.0078,0.1209,0.0,0.0,0.0,0.0,no_change,,0.0,0.0
SPXW,2026-09-29,39,Put,9200.0,SPXW260929P09200000,1484.2,1508.2,1496.2,0.0,0.0,0.0,0.0,0.0,0.1999,-0.9988,0.0,0.1127,-0.0182,-9.274,1496.6217,0.0,0.0,0.0,0.0,no_change,,0.0,0.0
SPXW,2026-09-29,39,Call,9400.0,SPXW260929C09400000,0.0,0.2,0.1,0.0,0.0,0.0,0.0,0.0,0.1961,0.0008,0.0,0.0803,-0.014,0.0054,0.0882,0.0,0.0,0.0,0.0,no_change,,0.0,0.0
SPXW,2026-09-29,39,Put,9400.0,SPXW260929P09400000,1683.3,1703.9,1693.6,0.0,0.0,0.0,0.0,0.0,0.0,-0.9991,0.0,0.0803,-0.014,-9.4781,1695.7036,0.0,0.0,0.0,0.0,no_change,,0.0,0.0
SPXW,2026-09-29,39,Call,9600.0,SPXW260929C09600000,0.0,0.2,0.1,0.0,0.0,0.0,0.0,0.0,0.2149,0.0005,0.0,0.0583,-0.0109,0.0038,0.0653,0.0,0.0,0.0,0.0,no_change,,0.0,0.0
SPXW,2026-09-29,39,Put,9600.0,SPXW260929P09600000,1882.4,1903.1,1892.75,0.0,0.0,0.0,0.0,0.0,0.2662,-0.9993,0.0,0.0583,-0.0109,-9.6814,1894.7953,0.0,0.0,0.0,0.0,no_change,,0.0,0.0
SPXW,2026-09-29,39,Call,9800.0,SPXW260929C09800000,0.0,0.15,0.075,0.0,0.0,0.0,0.0,0.0,0.2292,0.0004,0.0,0.0428,-0.0085,0.0028,0.0487,0.0,0.0,0.0,0.0,no_change,,0.0,0.0
SPXW,2026-09-29,39,Put,9800.0,SPXW260929P09800000,2081.6,2105.6,2093.6,0.0,0.0,0.0,0.0,0.0,0.2372,-0.9994,0.0,0.0428,-0.0085,-9.8841,2093.8932,0.0,0.0,0.0,0.0,no_change,,0.0,0.0
SPXW,2026-09-30,40,Call,2600.0,SPXW260930C02600000,5064.6,5088.0,5076.3,4896.49,0.0,0.0,0.0,173.0,1.1096,0.9997,0.0,0.019,-0.0201,2.6954,5074.0451,0.0,0.0,0.0,5053.25,up,2026-07-07T11:34:41,0.0,0.0
SPXW,2026-09-30,40,Put,2600.0,SPXW260930P02600000,0.0,0.1,0.05,0.05,0.0,-1.49012e-06,1.0,1557.0,0.9406,-0.0002,0.0,0.019,-0.0201,-0.0016,0.1199,0.05,0.05,0.05,0.0500000007450581,no_change,2026-08-21T15:18:11,0.0,0.0
SPXW,2026-09-30,40,Call,2800.0,SPXW260930C02800000,4864.9,4888.8,4876.85,4312.5,0.0,0.0,0.0,3.0,1.021,0.9996,0.0,0.0213,-0.0212,2.9023,4874.9621,0.0,0.0,0.0,4854.7001953125,up,2026-04-17T09:30:24,0.0,0.0
SPXW,2026-09-30,40,Put,2800.0,SPXW260930P02800000,0.05,0.1,0.07500000000000001,0.35,0.0,0.0,0.0,2695.0,0.8782,-0.0002,0.0,0.0213,-0.0212,-0.0018,0.1273,0.0,0.0,0.0,0.100000003352761,down,2026-07-29T14:46:59,0.0,0.0
SPXW,2026-09-30,40,Call,3000.0,SPXW260930C03000000,4665.8,4689.7,4677.75,4403.66,0.0,0.0,0.0,2.0,0.9527,0.9996,0.0,0.0241,-0.0225,3.1092,4675.881,0.0,0.0,0.0,4655.14990234375,down,2026-06-26T12:05:44,0.0,0.0
SPXW,2026-09-30,40,Put,3000.0,SPXW260930P03000000,0.0,0.15,0.075,0.15,0.0,0.0,0.0,371.0,0.8202,-0.0002,0.0,0.0241,-0.0225,-0.002,0.1366,0.0,0.0,0.0,0.100000003352761,down,2026-08-20T13:59:03,0.0,0.0
SPXW,2026-09-30,40,Call,3200.0,SPXW260930C03200000,4466.8,4490.6,4478.700000000001,4321.36,0.0,0.0,0.0,0.0,0.889,0.9996,0.0,0.0276,-0.0242,3.316,4476.8028,0.0,0.0,0.0,4456.30004882812,up,2026-07-01T13:15:13,0.0,0.0
SPXW,2026-09-30,40,Put,3200.0,SPXW260930P03200000,0.05,0.15,0.1,0.4,0.0,0.0,0.0,1387.0,0.7809,-0.0003,0.0,0.0276,-0.0242,-0.0024,0.1488,0.0,0.0,0.0,0.125000001862645,down,2026-08-04T10:03:56,0.0,0.0
SPXW,2026-09-30,40,Call,3300.0,SPXW260930C03300000,4367.7,4391.1,4379.4,0.0,0.0,0.0,0.0,0.0,0.8652,0.9995,0.0,0.0297,-0.0252,3.4194,4377.2652,0.0,0.0,0.0,4357.69995117188,no_change,,0.0,0.0
SPXW,2026-09-30,40,Put,3300.0,SPXW260930P03300000,0.05,0.2,0.125,0.2,0.0,0.0,0.0,123.0,0.7546,-0.0003,0.0,0.0297,-0.0252,-0.0025,0.1564,0.0,0.0,0.0,0.150000002235174,down,2026-08-12T13:47:52,0.0,0.0
SPXW,2026-09-30,40,Call,3400.0,SPXW260930C03400000,4267.6,4291.5,4279.55,0.0,0.0,0.0,0.0,0.0,0.8292,0.9995,0.0,0.0322,-0.0264,3.5227,4277.729,0.0,0.0,0.0,4257.55004882812,no_change,,0.0,0.0
SPXW,2026-09-30,40,Put,3400.0,SPXW260930P03400000,0.05,0.2,0.125,0.2,0.0,0.0,0.0,141.0,0.7501,-0.0003,0.0,0.0322,-0.0264,-0.0028,0.1655,0.0,0.0,0.0,0.175000000745058,down,2026-08-12T15:54:03,0.0,0.0
SPXW,2026-09-30,40,Call,3500.0,SPXW260930C03500000,4168.0,4191.8,4179.9,4102.44,0.0,0.0,0.0,73.0,0.8068,0.9995,0.0,0.035,-0.0279,3.626,4178.1947,0.0,0.0,0.0,4158.30004882812,up,2026-08-03T13:27:32,0.0,0.0
SPXW,2026-09-30,40,Put,3500.0,SPXW260930P03500000,0.1,0.2,0.15000000000000002,0.18,0.0,0.0,0.0,275.0,0.7246,-0.0004,0.0,0.035,-0.0279,-0.003,0.1764,0.0,0.0,0.0,0.175000000745058,up,2026-08-20T15:32:34,0.0,0.0
SPXW,2026-09-30,40,Call,3600.0,SPXW260930C03600000,4068.5,4092.4,4080.45,0.0,0.0,0.0,0.0,0.0,0.7728,0.9994,0.0,0.0384,-0.0297,3.7293,4078.6627,0.0,0.0,0.0,4058.40002441406,no_change,,0.0,0.0
SPXW,2026-09-30,40,Put,3600.0,SPXW260930P03600000,0.1,0.25,0.175,0.17,-0.03,-15.0,4.0,520.0,0.7078,-0.0004,0.0,0.0384,-0.0297,-0.0033,0.1896,0.17,0.17,0.17,0.200000002980232,down,2026-08-21T15:53:36,0.0,0.0
SPXW,2026-09-30,40,Call,3700.0,SPXW260930C03700000,3972.0,3992.9,3982.45,0.0,0.0,0.0,0.0,0.0,0.7517,0.9994,0.0,0.0423,-0.0318,3.8325,3979.1336,0.0,0.0,0.0,3959.70007324219,no_change,,0.0,0.0
SPXW,2026-09-30,40,Put,3700.0,SPXW260930P03700000,0.15,0.25,0.2,0.4,0.0,0.0,0.0,390.0,0.6834,-0.0005,0.0,0.0423,-0.0318,-0.0037,0.2057,0.0,0.0,0.0,0.200000002980232,down,2026-08-10T14:41:49,0.0,0.0
SPXW,2026-09-30,40,Call,3800.0,SPXW260930C03800000,3869.4,3893.3,3881.3500000000004,0.0,0.0,0.0,0.0,0.0,0.7307,0.9993,0.0,0.047,-0.0344,3.9356,3879.6079,0.0,0.0,0.0,3859.35009765625,no_change,,0.0,0.0
SPXW,2026-09-30,40,Put,3800.0,SPXW260930P03800000,0.15,0.3,0.22499999999999998,0.25,0.0,-2.98023e-06,3.0,2600.0,0.6724,-0.0005,0.0,0.047,-0.0344,-0.0041,0.2252,0.25,0.25,0.25,0.250000007450581,down,2026-08-21T10:28:13,0.0,0.0
SPXW,2026-09-30,40,Call,3900.0,SPXW260930C03900000,3769.9,3793.8,3781.8500000000004,0.0,0.0,0.0,0.0,0.0,0.6996,0.9993,0.0,0.0525,-0.0374,4.0387,3780.0865,0.0,0.0,0.0,3759.85009765625,no_change,,0.0,0.0
SPXW,2026-09-30,40,Put,3900.0,SPXW260930P03900000,0.2,0.3,0.25,0.3,0.0,9.93411e-07,5.0,326.0,0.6542,-0.0006,0.0,0.0525,-0.0374,-0.0046,0.249,0.3,0.3,0.3,0.299999997019768,no_change,2026-08-21T15:48:13,0.0,0.0
SPXW,2026-09-30,40,Call,4000.0,SPXW260930C04000000,3670.3,3694.3,3682.3,3527.14,0.0,0.0,0.0,18.0,0.6796,0.9992,0.0,0.0592,-0.0411,4.1416,3680.5703,0.0,0.0,0.0,3659.84997558594,up,2026-07-21T14:26:22,0.0,0.0
SPXW,2026-09-30,40,Put,4000.0,SPXW260930P04000000,0.25,0.35,0.3,0.35,0.0,-2.55448e-06,1.0,1110.0,0.6358,-0.0007,0.0,0.0592,-0.0411,-0.0052,0.278,0.35,0.35,0.35,0.350000008940697,down,2026-08-21T14:33:03,0.0,0.0
SPXW,2026-09-30,40,Call,4100.0,SPXW260930C04100000,3570.8,3594.7,3582.75,0.0,0.0,0.0,0.0,0.0,0.6597,0.9991,0.0,0.0673,-0.0455,4.2444,3581.0602,0.0,0.0,0.0,3561.10009765625,no_change,,0.0,0.0
SPXW,2026-09-30,40,Put,4100.0,SPXW260930P04100000,0.3,0.4,0.35,0.35,-0.05,-12.5,23.0,217.0,0.6214,-0.0008,0.0,0.0673,-0.0455,-0.006,0.3132,0.35,0.35,0.35,0.399999991059303,down,2026-08-21T10:28:37,0.0,0.0
SPXW,2026-09-30,40,Call,4200.0,SPXW260930C04200000,3471.3,3495.2,3483.25,3465.9,0.0,0.0,0.0,6.0,0.6398,0.999,0.0,0.0769,-0.0507,4.347,3481.5575,0.0,0.0,0.0,3460.89990234375,up,2026-08-20T14:27:20,0.0,0.0
SPXW,2026-09-30,40,Put,4200.0,SPXW260930P04200000,0.35,0.45,0.4,0.45,0.0,0.0,0.0,332.0,0.6093,-0.0009,0.0,0.0769,-0.0507,-0.007,0.3557,0.0,0.0,0.0,0.450000002980232,no_change,2026-08-17T13:32:19,0.0,0.0
SPXW,2026-09-30,40,Call,4300.0,SPXW260930C04300000,3372.0,3395.8,3383.9,0.0,0.0,0.0,0.0,0.0,0.6201,0.9988,0.0,0.0881,-0.0568,4.4495,3382.0633,0.0,0.0,0.0,3361.79992675781,no_change,,0.0,0.0
SPXW,2026-09-30,40,Put,4300.0,SPXW260930P04300000,0.4,0.5,0.45,0.45,-0.05,-10.0,1.0,216.0,0.5901,-0.001,0.0,0.0881,-0.0568,-0.0081,0.4067,0.45,0.45,0.45,0.5,up,2026-08-21T12:24:13,0.0,0.0
SPXW,2026-09-30,40,Call,4400.0,SPXW260930C04400000,3272.3,3296.2,3284.25,2647.28,0.0,0.0,0.0,1.0,0.6005,0.9987,0.0,0.1014,-0.0638,4.5517,3282.5787,0.0,0.0,0.0,3262.25,up,2025-12-26T09:37:47,0.0,0.0
SPXW,2026-09-30,40,Put,4400.0,SPXW260930P04400000,0.45,0.55,0.5,0.47,0.0,0.0,0.0,647.0,0.5762,-0.0012,0.0,0.1014,-0.0638,-0.0094,0.4673,0.0,0.0,0.0,0.574999988079071,down,2026-08-19T16:04:27,0.0,0.0
SPXW,2026-09-30,40,Call,4500.0,SPXW260930C04500000,3173.0,3196.7,3184.85,3210.01,0.0,0.0,0.0,26.0,0.581,0.9985,0.0,0.1173,-0.072,4.6537,3183.1052,0.0,0.0,0.0,3162.5,no_change,2026-08-18T14:09:28,0.0,0.0
SPXW,2026-09-30,40,Put,4500.0,SPXW260930P04500000,0.5,0.65,0.575,0.57,0.0,0.0,0.0,968.0,0.5614,-0.0014,0.0,0.1173,-0.072,-0.011,0.539,0.0,0.0,0.0,0.650000005960464,down,2026-08-19T16:05:58,0.0,0.0
SPXW,2026-09-30,40,Call,4550.0,SPXW260930C04550000,3126.1,3147.0,3136.55,3159.55,0.0,0.0,0.0,2.0,0.5681,0.9984,0.0,0.1262,-0.0765,4.7045,3133.373,0.0,0.0,0.0,3113.45007324219,no_change,2026-08-18T14:09:28,0.0,0.0
SPXW,2026-09-30,40,Put,4550.0,SPXW260930P04550000,0.55,0.65,0.6000000000000001,1.1,0.0,0.0,0.0,231.0,0.5527,-0.0015,0.0,0.1262,-0.0765,-0.0119,0.5795,0.0,0.0,0.0,0.699999988079071,down,2026-08-10T13:34:45,0.0,0.0
SPXW,2026-09-30,40,Call,4600.0,SPXW260930C04600000,3073.5,3097.3,3085.4,2202.27,0.0,0.0,0.0,2.0,0.5617,0.9982,0.0,0.1357,-0.0813,4.7553,3083.6443,0.0,0.0,0.0,3063.90002441406,down,2026-03-12T10:34:43,0.0,0.0
SPXW,2026-09-30,40,Put,4600.0,SPXW260930P04600000,0.6,0.7,0.6499999999999999,0.8,0.0,0.0,0.0,606.0,0.546,-0.0016,0.0,0.1357,-0.0813,-0.0129,0.6233,0.0,0.0,0.0,0.75,down,2026-08-20T10:15:00,0.0,0.0
SPXW,2026-09-30,40,Call,4650.0,SPXW260930C04650000,3024.2,3047.5,3035.85,0.0,0.0,0.0,0.0,0.0,0.549,0.9981,0.0,0.1458,-0.0864,4.806,3033.919,0.0,0.0,0.0,3013.39990234375,no_change,,0.0,0.0
SPXW,2026-09-30,40,Put,4650.0,SPXW260930P04650000,0.6,0.75,0.675,0.9,0.0,0.0,0.0,1099.0,0.5389,-0.0017,0.0,0.1458,-0.0864,-0.014,0.6707,0.0,0.0,0.0,0.824999988079071,down,2026-08-14T15:05:42,0.0,0.0
SPXW,2026-09-30,40,Call,4700.0,SPXW260930C04700000,2973.8,2997.8,2985.8,2916.0,0.0,0.0,0.0,2.0,0.5425,0.998,0.0,0.1567,-0.0918,4.8567,2984.1975,0.0,0.0,0.0,2964.34997558594,up,2026-06-01T09:31:12,0.0,0.0
SPXW,2026-09-30,40,Put,4700.0,SPXW260930P04700000,0.65,0.8,0.7250000000000001,0.92,0.0,0.0,0.0,2446.0,0.5317,-0.0019,0.0,0.1567,-0.0918,-0.0151,0.7217,0.0,0.0,0.0,0.900000005960464,up,2026-08-20T15:32:34,0.0,0.0
SPXW,2026-09-30,40,Call,4750.0,SPXW260930C04750000,2924.1,2948.0,2936.05,0.0,0.0,0.0,0.0,0.0,0.5356,0.9978,0.0,0.1684,-0.0976,4.9072,2934.4798,0.0,0.0,0.0,2914.0,no_change,,0.0,0.0
SPXW,2026-09-30,40,Put,4750.0,SPXW260930P04750000,0.7,0.85,0.7749999999999999,1.0,0.0,0.0,0.0,126.0,0.5243,-0.002,0.0,0.1684,-0.0976,-0.0164,0.7766,0.0,0.0,0.0,0.949999988079071,up,2026-08-14T12:30:17,0.0,0.0
SPXW,2026-09-30,40,Call,4800.0,SPXW260930C04800000,2874.4,2898.3,2886.3500000000004,1769.26,0.0,0.0,0.0,0.0,0.5234,0.9976,0.0,0.1811,-0.1036,4.9576,2884.766,0.0,0.0,0.0,2864.95007324219,down,2026-03-31T10:11:35,0.0,0.0
SPXW,2026-09-30,40,Put,4800.0,SPXW260930P04800000,0.75,0.9,0.825,0.85,-0.175,-17.0732,1.0,354.0,0.5168,-0.0022,0.0,0.1811,-0.1036,-0.0177,0.8355,0.85,0.85,0.85,1.02500000596046,down,2026-08-21T15:44:28,0.0,0.0
SPXW,2026-09-30,40,Call,4850.0,SPXW260930C04850000,2824.7,2848.6,2836.6499999999996,0.0,0.0,0.0,0.0,0.0,0.5165,0.9975,0.0,0.1948,-0.11,5.008,2835.0566,0.0,0.0,0.0,2814.60009765625,no_change,,0.0,0.0
SPXW,2026-09-30,40,Put,4850.0,SPXW260930P04850000,0.85,0.95,0.8999999999999999,2.25,0.0,0.0,0.0,343.0,0.5091,-0.0024,0.0,0.1948,-0.11,-0.0192,0.8986,0.0,0.0,0.0,1.09999996423721,no_change,2026-08-04T14:06:04,0.0,0.0
SPXW,2026-09-30,40,Call,4900.0,SPXW260930C04900000,2775.0,2798.8,2786.9,0.0,0.0,0.0,0.0,0.0,0.5093,0.9973,0.0,0.2095,-0.1168,5.0581,2785.3516,0.0,0.0,0.0,2765.59997558594,no_change,,0.0,0.0
SPXW,2026-09-30,40,Put,4900.0,SPXW260930P04900000,0.9,1.05,0.9750000000000001,1.45,0.0,0.0,0.0,451.0,0.5026,-0.0026,0.0,0.2095,-0.1168,-0.0208,0.9663,0.0,0.0,0.0,1.17500001192093,no_change,2026-08-12T10:14:57,0.0,0.0
SPXW,2026-09-30,40,Call,4950.0,SPXW260930C04950000,2728.2,2749.2,2738.7,0.0,0.0,0.0,0.0,1.0,0.502,0.9971,0.0,0.2251,-0.1239,5.1082,2735.6514,0.0,0.0,0.0,2715.55004882812,no_change,,0.0,0.0
SPXW,2026-09-30,40,Put,4950.0,SPXW260930P04950000,0.95,1.1,1.025,1.12,0.0,0.0,0.0,160.0,0.4958,-0.0028,0.0,0.2251,-0.1239,-0.0225,1.0387,0.0,0.0,0.0,1.27500003576279,down,2026-08-17T10:05:34,0.0,0.0
SPXW,2026-09-30,40,Call,5000.0,SPXW260930C05000000,2675.5,2699.4,2687.45,2739.13,0.0,0.0,0.0,20.0,0.4945,0.9968,0.0,0.2416,-0.1313,5.1581,2685.9562,0.0,0.0,0.0,2665.95007324219,up,2026-08-19T12:47:02,0.0,0.0
SPXW,2026-09-30,40,Put,5000.0,SPXW260930P05000000,1.05,1.2,1.125,1.1,-0.275,-20.0,1.0,1130.0,0.4876,-0.003,0.0,0.2416,-0.1313,-0.0243,1.1161,1.1,1.1,1.1,1.375,down,2026-08-21T12:50:32,0.0,0.0
SPXW,2026-09-30,40,Call,5050.0,SPXW260930C05050000,2626.0,2649.8,2637.9,0.0,0.0,0.0,0.0,0.0,0.4868,0.9966,0.0,0.2591,-0.1392,5.2079,2636.2662,0.0,0.0,0.0,2616.59997558594,no_change,,0.0,0.0
SPXW,2026-09-30,40,Put,5050.0,SPXW260930P05050000,1.1,1.25,1.175,1.25,0.0,0.0,0.0,168.0,0.4816,-0.0033,0.0,0.2591,-0.1392,-0.0263,1.1987,0.0,0.0,0.0,1.47499996423721,down,2026-08-19T12:03:29,0.0,0.0
SPXW,2026-09-30,40,Call,5100.0,SPXW260930C05100000,2576.2,2600.0,2588.1,2658.67,0.0,0.0,0.0,1.0,0.4791,0.9963,0.0,0.2778,-0.1473,5.2576,2586.5814,0.0,0.0,0.0,2566.40002441406,up,2026-08-05T13:18:38,0.0,0.0
SPXW,2026-09-30,40,Put,5100.0,SPXW260930P05100000,1.2,1.35,1.275,1.35,-0.225,-14.2857,8.0,2032.0,0.4752,-0.0035,0.0,0.2778,-0.1473,-0.0284,1.2865,1.35,1.35,1.35,1.57499998807907,no_change,2026-08-21T10:09:51,0.0,0.0
SPXW,2026-09-30,40,Call,5125.0,SPXW260930C05125000,2551.8,2575.2,2563.5,2602.88,0.0,0.0,0.0,0.0,0.4734,0.9962,0.0,0.2876,-0.1516,5.2824,2561.7411,0.0,0.0,0.0,2541.59997558594,down,2026-08-19T13:22:22,0.0,0.0
SPXW,2026-09-30,40,Put,5125.0,SPXW260930P05125000,1.25,1.4,1.325,9.5,0.0,0.0,0.0,27.0,0.4719,-0.0037,0.0,0.2876,-0.1516,-0.0295,1.3325,0.0,0.0,0.0,1.65000003576279,down,2026-07-01T16:00:32,0.0,0.0
SPXW,2026-09-30,40,Call,5150.0,SPXW260930C05150000,2526.5,2550.3,2538.4,1638.0,0.0,0.0,0.0,1.0,0.4712,0.996,0.0,0.2977,-0.1559,5.3071,2536.9022,0.0,0.0,0.0,2517.44995117188,down,2026-03-13T15:50:20,0.0,0.0
SPXW,2026-09-30,40,Put,5150.0,SPXW260930P05150000,1.3,1.45,1.375,3.02,0.0,0.0,0.0,272.0,0.4676,-0.0038,0.0,0.2977,-0.1559,-0.0307,1.3799,0.0,0.0,0.0,1.69999998807907,down,2026-08-05T09:30:02,0.0,0.0
SPXW,2026-09-30,40,Call,5175.0,SPXW260930C05175000,2502.1,2525.5,2513.8,0.0,0.0,0.0,0.0,0.0,0.4656,0.9959,0.0,0.3083,-0.1603,5.3318,2512.0647,0.0,0.0,0.0,2491.80004882812,no_change,,0.0,0.0
SPXW,2026-09-30,40,Put,5175.0,SPXW260930P05175000,1.35,1.5,1.425,2.22,0.0,0.0,0.0,323.0,0.4633,-0.004,0.0,0.3083,-0.1603,-0.0319,1.4287,0.0,0.0,0.0,1.77500003576279,down,2026-08-10T13:43:13,0.0,0.0
SPXW,2026-09-30,40,Call,5200.0,SPXW260930C05200000,2476.8,2500.6,2488.7,2321.06,0.0,0.0,0.0,6.0,0.4632,0.9957,0.0,0.3192,-0.1648,5.3564,2487.2287,0.0,0.0,0.0,2468.0,up,2026-06-30T10:24:53,0.0,0.0
SPXW,2026-09-30,40,Put,5200.0,SPXW260930P05200000,1.4,1.55,1.475,1.55,-0.275,-15.0685,1.0,3486.0,0.4599,-0.0041,0.0,0.3195,-0.165,-0.0332,1.4812,1.55,1.55,1.55,1.82499998807907,up,2026-08-21T09:56:56,0.0,0.0
SPXW,2026-09-30,40,Call,5225.0,SPXW260930C05225000,2454.8,2475.8,2465.3,0.0,0.0,0.0,0.0,0.0,0.4576,0.9956,0.0,0.3305,-0.1694,5.381,2462.3943,0.0,0.0,0.0,2442.19995117188,no_change,,0.0,0.0
SPXW,2026-09-30,40,Put,5225.0,SPXW260930P05225000,1.45,1.6,1.525,2.9,0.0,0.0,0.0,41.0,0.4564,-0.0043,0.0,0.3305,-0.1694,-0.0344,1.5309,0.0,0.0,0.0,1.90000003576279,no_change,2026-08-06T15:56:01,0.0,0.0
SPXW,2026-09-30,40,Call,5250.0,SPXW260930C05250000,2427.1,2451.0,2439.05,1606.64,0.0,0.0,0.0,1.0,0.4552,0.9954,0.0,0.3422,-0.1741,5.4056,2437.5614,0.0,0.0,0.0,2418.25,down,2025-09-25T09:42:29,0.0,0.0
SPXW,2026-09-30,40,Put,5250.0,SPXW260930P05250000,1.5,1.65,1.575,1.6,-0.375,-18.9873,7.0,174.0,0.4537,-0.0044,0.0,0.3422,-0.1741,-0.0358,1.5843,1.65,1.65,1.6,1.97499996423721,no_change,2026-08-21T15:21:13,0.0,0.0
SPXW,2026-09-30,40,Call,5275.0,SPXW260930C05275000,2405.2,2426.2,2415.7,0.0,0.0,0.0,0.0,0.0,0.4526,0.9952,0.0,0.3542,-0.1788,5.43,2412.7301,0.0,0.0,0.0,2392.55004882812,no_change,,0.0,0.0
SPXW,2026-09-30,40,Put,5275.0,SPXW260930P05275000,1.55,1.7,1.625,1.85,0.0,0.0,0.0,61.0,0.4509,-0.0046,0.0,0.3542,-0.1788,-0.0372,1.6393,0.0,0.0,0.0,2.02499997615814,up,2026-08-17T12:54:41,0.0,0.0
SPXW,2026-09-30,40,Call,5300.0,SPXW260930C05300000,2377.4,2401.3,2389.3500000000004,2191.41,0.0,0.0,0.0,4.0,0.4471,0.9951,0.0,0.3665,-0.1837,5.4545,2387.9005,0.0,0.0,0.0,2367.69995117188,up,2026-06-29T15:30:52,0.0,0.0
SPXW,2026-09-30,40,Put,5300.0,SPXW260930P05300000,1.6,1.75,1.675,1.71,0.0,0.0,0.0,653.0,0.4465,-0.0048,0.0,0.3665,-0.1837,-0.0387,1.696,0.0,0.0,0.0,2.10000002384186,down,2026-08-19T16:04:27,0.0,0.0
SPXW,2026-09-30,40,Call,5325.0,SPXW260930C05325000,2353.2,2376.5,2364.85,0.0,0.0,0.0,0.0,0.0,0.4444,0.9949,0.0,0.3792,-0.1887,5.4788,2363.0726,0.0,0.0,0.0,2343.54992675781,no_change,,0.0,0.0
SPXW,2026-09-30,40,Put,5325.0,SPXW260930P05325000,1.65,1.8,1.725,11.0,0.0,0.0,0.0,207.0,0.4435,-0.005,0.0,0.3792,-0.1887,-0.0402,1.7545,0.0,0.0,0.0,2.17499995231628,no_change,2026-07-17T09:40:12,0.0,0.0
SPXW,2026-09-30,40,Call,5350.0,SPXW260930C05350000,2327.9,2351.7,2339.8,1594.7,0.0,0.0,0.0,8.0,0.4416,0.9947,0.0,0.3922,-0.1938,5.5032,2338.2465,0.0,0.0,0.0,2318.75,up,2026-04-10T13:55:01,0.0,0.0
SPXW,2026-09-30,40,Put,5350.0,SPXW260930P05350000,1.7,1.85,1.775,1.91,0.0,0.0,0.0,191.0,0.4398,-0.0052,0.0,0.3922,-0.1938,-0.0418,1.8146,0.0,0.0,0.0,2.25,down,2026-08-19T16:05:58,0.0,0.0
SPXW,2026-09-30,40,Call,5375.0,SPXW260930C05375000,2302.9,2326.8,2314.8500000000004,2291.98,0.0,0.0,0.0,53.0,0.4361,0.9945,0.0,0.4055,-0.199,5.5274,2313.4222,0.0,0.0,0.0,2293.45007324219,no_change,2026-06-02T10:21:14,0.0,0.0
SPXW,2026-09-30,40,Put,5375.0,SPXW260930P05375000,1.8,1.9,1.85,2.82,0.0,0.0,0.0,46.0,0.436,-0.0054,0.0,0.4055,-0.199,-0.0434,1.8766,0.0,0.0,0.0,2.32500004768372,up,2026-08-11T10:02:32,0.0,0.0
SPXW,2026-09-30,40,Call,5400.0,SPXW260930C05400000,2281.1,2302.0,2291.55,0.0,0.0,0.0,0.0,0.0,0.4332,0.9943,0.0,0.4192,-0.2042,5.5517,2288.5996,0.0,0.0,0.0,2269.09997558594,no_change,,0.0,0.0
SPXW,2026-09-30,40,Put,5400.0,SPXW260930P05400000,1.85,2.0,1.925,1.91,-0.49,-20.4167,2.0,409.0,0.4322,-0.0056,0.0,0.4192,-0.2042,-0.045,1.9404,2.0,2.0,1.91,2.39999997615814,down,2026-08-21T15:49:36,0.0,0.0
SPXW,2026-09-30,40,Call,5425.0,SPXW260930C05425000,2256.3,2277.2,2266.75,2066.84,0.0,0.0,0.0,1.0,0.4303,0.9941,0.0,0.4332,-0.2096,5.5758,2263.7789,0.0,0.0,0.0,2244.09997558594,up,2026-06-24T11:01:10,0.0,0.0
SPXW,2026-09-30,40,Put,5425.0,SPXW260930P05425000,1.9,2.05,1.9749999999999999,3.79,0.0,0.0,0.0,294.0,0.4296,-0.0058,0.0,0.4332,-0.2096,-0.0467,2.006,0.0,0.0,0.0,2.47500002384186,down,2026-08-05T14:01:07,0.0,0.0
SPXW,2026-09-30,40,Call,5450.0,SPXW260930C05450000,2228.5,2252.3,2240.4,2267.12,0.0,0.0,0.0,2.0,0.4272,0.9938,0.0,0.4477,-0.2151,5.6,2238.9601,0.0,0.0,0.0,2219.79992675781,down,2026-08-18T14:59:31,0.0,0.0
SPXW,2026-09-30,40,Put,5450.0,SPXW260930P05450000,1.95,2.1,2.025,2.55,0.0,0.0,0.0,138.0,0.4257,-0.006,0.0,0.4477,-0.2151,-0.0485,2.0734,0.0,0.0,0.0,2.57500004768372,up,2026-08-20T09:30:56,0.0,0.0
SPXW,2026-09-30,40,Call,5475.0,SPXW260930C05475000,2203.6,2227.5,2215.55,0.0,0.0,0.0,0.0,0.0,0.4218,0.9936,0.0,0.4627,-0.2207,5.6241,2214.1432,0.0,0.0,0.0,2194.25,no_change,,0.0,0.0
SPXW,2026-09-30,40,Put,5475.0,SPXW260930P05475000,2.05,2.2,2.125,10.3,0.0,0.0,0.0,49.0,0.4218,-0.0062,0.0,0.4627,-0.2207,-0.0503,2.1428,0.0,0.0,0.0,2.64999997615814,up,2026-07-28T09:51:55,0.0,0.0
SPXW,2026-09-30,40,Call,5500.0,SPXW260930C05500000,2181.8,2202.7,2192.25,2200.22,0.0,0.0,0.0,113.0,0.4187,0.9934,0.0,0.4782,-0.2263,5.6481,2189.3282,0.0,0.0,0.0,2169.75,no_change,2026-08-20T11:23:49,0.0,0.0
SPXW,2026-09-30,40,Put,5500.0,SPXW260930P05500000,2.1,2.25,2.175,2.36,0.0,0.0,0.0,657.0,0.419,-0.0065,0.0,0.4782,-0.2263,-0.0522,2.2142,0.0,0.0,0.0,2.72500002384186,up,2026-08-19T14:39:18,0.0,0.0
SPXW,2026-09-30,40,Call,5525.0,SPXW260930C05525000,2157.0,2177.9,2167.45,0.0,0.0,0.0,0.0,0.0,0.4155,0.9931,0.0,0.4943,-0.2321,5.672,2164.5152,0.0,0.0,0.0,2144.55004882812,no_change,,0.0,0.0
SPXW,2026-09-30,40,Put,5525.0,SPXW260930P05525000,2.2,2.3,2.25,10.57,0.0,0.0,0.0,39.0,0.415,-0.0067,0.0,0.4943,-0.2321,-0.0542,2.2875,0.0,0.0,0.0,2.82500004768372,down,2026-07-27T15:42:00,0.0,0.0
SPXW,2026-09-30,40,Call,5550.0,SPXW260930C05550000,2129.2,2152.9,2141.05,2187.12,0.0,0.0,0.0,14.0,0.4122,0.9929,0.0,0.5109,-0.238,5.6958,2139.7044,0.0,0.0,0.0,2120.45007324219,up,2026-08-19T14:36:41,0.0,0.0
SPXW,2026-09-30,40,Put,5550.0,SPXW260930P05550000,2.25,2.4,2.325,2.68,0.0,0.0,0.0,427.0,0.412,-0.007,0.0,0.5109,-0.238,-0.0562,2.363,0.0,0.0,0.0,2.89999997615814,up,2026-08-17T14:10:22,0.0,0.0
SPXW,2026-09-30,40,Call,5575.0,SPXW260930C05575000,2107.3,2128.2,2117.75,2145.2,0.0,0.0,0.0,34.0,0.4089,0.9926,0.0,0.5281,-0.244,5.7196,2114.8957,0.0,0.0,0.0,2095.59997558594,up,2026-08-18T11:41:22,0.0,0.0
SPXW,2026-09-30,40,Put,5575.0,SPXW260930P05575000,2.35,2.45,2.4000000000000004,2.47,-0.555,-18.3471,33.0,157.0,0.408,-0.0072,0.0,0.5281,-0.244,-0.0583,2.4406,2.48,2.48,2.47,3.02499997615814,down,2026-08-21T15:09:48,0.0,0.0
SPXW,2026-09-30,40,Call,5600.0,SPXW260930C05600000,2083.2,2103.4,2093.3,2088.97,18.12,0.875004,6.0,338.0,0.4035,0.9923,0.0,0.5459,-0.2501,5.7433,2090.0892,2079.41,2089.05,2079.09,2070.84997558594,down,2026-08-21T14:38:26,0.0,0.0
SPXW,2026-09-30,40,Put,5600.0,SPXW260930P05600000,2.4,2.55,2.4749999999999996,3.12,0.0,0.0,0.0,402.0,0.4049,-0.0075,0.0,0.5459,-0.2501,-0.0605,2.5204,0.0,0.0,0.0,3.10000002384186,up,2026-08-20T15:37:42,0.0,0.0
SPXW,2026-09-30,40,Call,5625.0,SPXW260930C05625000,2058.6,2078.6,2068.6,2152.37,0.0,0.0,0.0,1.0,0.4001,0.9921,0.0,0.5642,-0.2563,5.7669,2065.2852,0.0,0.0,0.0,2045.60003662109,down,2026-08-17T14:54:13,0.0,0.0
SPXW,2026-09-30,40,Put,5625.0,SPXW260930P05625000,2.5,2.65,2.575,3.45,0.0,0.0,0.0,47.0,0.4012,-0.0078,0.0,0.5642,-0.2563,-0.0628,2.6026,0.0,0.0,0.0,3.19999992847443,down,2026-08-12T10:12:01,0.0,0.0
SPXW,2026-09-30,40,Call,5650.0,SPXW260930C05650000,2034.4,2053.8,2044.1000000000001,2102.83,0.0,0.0,0.0,4.0,0.3967,0.9918,0.0,0.583,-0.2626,5.7904,2040.4835,0.0,0.0,0.0,2020.75,down,2026-08-07T10:05:15,0.0,0.0
SPXW,2026-09-30,40,Put,5650.0,SPXW260930P05650000,2.55,2.7,2.625,3.9,0.0,0.0,0.0,78.0,0.3976,-0.0081,0.0,0.583,-0.2626,-0.0652,2.6873,0.0,0.0,0.0,3.30000007152557,down,2026-08-11T12:46:18,0.0,0.0
SPXW,2026-09-30,40,Call,5675.0,SPXW260930C05675000,2008.5,2029.0,2018.75,0.0,0.0,0.0,0.0,0.0,0.3932,0.9915,0.0,0.6024,-0.269,5.8138,2015.6843,0.0,0.0,0.0,1996.10003662109,no_change,,0.0,0.0
SPXW,2026-09-30,40,Put,5675.0,SPXW260930P05675000,2.65,2.8,2.7249999999999996,5.01,0.0,0.0,0.0,108.0,0.3943,-0.0084,0.0,0.6024,-0.269,-0.0677,2.7744,0.0,0.0,0.0,3.45000004768372,up,2026-08-06T09:38:44,0.0,0.0
SPXW,2026-09-30,40,Call,5700.0,SPXW260930C05700000,1984.8,2004.2,1994.5,1098.72,0.0,0.0,0.0,1.0,0.3897,0.9912,0.0,0.6222,-0.2756,5.8371,1990.8878,0.0,0.0,0.0,1971.09997558594,up,2026-04-01T11:22:05,0.0,0.0
SPXW,2026-09-30,40,Put,5700.0,SPXW260930P05700000,2.75,2.9,2.825,3.1,0.0,0.0,0.0,783.0,0.3905,-0.0087,0.0,0.6222,-0.2756,-0.0703,2.8642,0.0,0.0,0.0,3.54999995231628,down,2026-08-19T13:10:07,0.0,0.0
SPXW,2026-09-30,40,Call,5725.0,SPXW260930C05725000,1955.5,1979.4,1967.45,1774.64,0.0,0.0,0.0,3.0,0.3861,0.9908,0.0,0.6425,-0.2822,5.8603,1966.094,0.0,0.0,0.0,1946.65002441406,up,2026-06-24T11:02:14,0.0,0.0
SPXW,2026-09-30,40,Put,5725.0,SPXW260930P05725000,2.85,3.0,2.925,3.05,-0.65,-17.5676,2.0,82.0,0.3876,-0.009,0.0,0.6425,-0.2822,-0.0729,2.9566,3.05,3.05,3.05,3.69999992847443,down,2026-08-21T10:49:51,0.0,0.0
SPXW,2026-09-30,40,Call,5750.0,SPXW260930C05750000,1933.7,1954.6,1944.15,0.0,0.0,0.0,0.0,0.0,0.3824,0.9905,0.0,0.6634,-0.289,5.8835,1941.3028,0.0,0.0,0.0,1922.60003662109,no_change,,0.0,0.0
SPXW,2026-09-30,40,Put,5750.0,SPXW260930P05750000,2.95,3.1,3.0250000000000004,3.1,-0.7,-18.4211,3.0,455.0,0.3833,-0.0094,0.0,0.6634,-0.289,-0.0757,3.0518,3.1,3.1,3.1,3.80000007152557,no_change,2026-08-21T12:22:32,0.0,0.0
SPXW,2026-09-30,40,Call,5775.0,SPXW260930C05775000,1908.9,1929.8,1919.35,0.0,0.0,0.0,0.0,0.0,0.3788,0.9901,0.0,0.6849,-0.2959,5.9066,1916.5146,0.0,0.0,0.0,1897.44995117188,no_change,,0.0,0.0
SPXW,2026-09-30,40,Put,5775.0,SPXW260930P05775000,3.0,3.2,3.1,3.3,-0.6,-15.3846,2.0,124.0,0.3798,-0.0097,0.0,0.6849,-0.2959,-0.0785,3.1499,3.3,3.3,3.3,3.89999997615814,down,2026-08-21T10:51:41,0.0,0.0
SPXW,2026-09-30,40,Call,5780.0,SPXW260930C05780000,1901.0,1924.8,1912.9,0.0,0.0,0.0,0.0,0.0,0.379,0.9901,0.0,0.6893,-0.2973,5.9112,1911.5573,0.0,0.0,0.0,1891.85003662109,no_change,,0.0,0.0
SPXW,2026-09-30,40,Put,5780.0,SPXW260930P05780000,3.0,3.2,3.1,26.58,0.0,0.0,0.0,5.0,0.3796,-0.0098,0.0,0.6893,-0.2973,-0.0791,3.1698,0.0,0.0,0.0,4.0,no_change,2026-06-23T14:23:39,0.0,0.0
SPXW,2026-09-30,40,Call,5790.0,SPXW260930C05790000,1895.1,1914.9,1905.0,0.0,0.0,0.0,0.0,0.0,0.3778,0.9899,0.0,0.6982,-0.3001,5.9204,1901.643,0.0,0.0,0.0,1882.60003662109,no_change,,0.0,0.0
SPXW,2026-09-30,40,Put,5790.0,SPXW260930P05790000,3.1,3.3,3.2,3.2,-0.8,-20.0,3.0,2.0,0.3775,-0.0099,0.0,0.6982,-0.3001,-0.0802,3.2101,3.4,3.4,3.2,4.0,no_change,2026-08-21T15:24:46,0.0,0.0
SPXW,2026-09-30,40,Call,5800.0,SPXW260930C05800000,1885.4,1905.0,1895.2,1804.41,0.0,0.0,0.0,37.0,0.375,0.9898,0.0,0.7071,-0.303,5.9295,1891.7292,0.0,0.0,0.0,1872.70001220703,no_change,2026-07-15T13:36:18,0.0,0.0
SPXW,2026-09-30,40,Put,5800.0,SPXW260930P05800000,3.1,3.3,3.2,3.35,-0.7,-17.2839,3.0,1360.0,0.377,-0.0101,0.0,0.7071,-0.303,-0.0814,3.2508,3.35,3.35,3.35,4.04999995231628,no_change,2026-08-21T12:22:32,0.0,0.0
SPXW,2026-09-30,40,Call,5805.0,SPXW260930C05805000,1876.2,1900.0,1888.1,0.0,0.0,0.0,0.0,0.0,0.3752,0.9897,0.0,0.7117,-0.3044,5.9341,1886.7725,0.0,0.0,0.0,1868.39996337891,no_change,,0.0,0.0
SPXW,2026-09-30,40,Put,5805.0,SPXW260930P05805000,3.1,3.3,3.2,0.0,0.0,0.0,0.0,0.0,0.376,-0.0102,0.0,0.7117,-0.3044,-0.082,3.2714,0.0,0.0,0.0,4.09999990463257,no_change,,0.0,0.0
SPXW,2026-09-30,40,Call,5810.0,SPXW260930C05810000,1875.1,1895.1,1885.1,0.0,0.0,0.0,0.0,0.0,0.3738,0.9896,0.0,0.7162,-0.3058,5.9387,1881.8159,0.0,0.0,0.0,1862.79998779297,no_change,,0.0,0.0
SPXW,2026-09-30,40,Put,5810.0,SPXW260930P05810000,3.1,3.3,3.2,0.0,0.0,0.0,0.0,0.0,0.375,-0.0102,0.0,0.7162,-0.3058,-0.0826,3.2921,0.0,0.0,0.0,4.09999990463257,no_change,,0.0,0.0
SPXW,2026-09-30,40,Call,5815.0,SPXW260930C05815000,1866.3,1889.1,1877.6999999999998,0.0,0.0,0.0,0.0,0.0,0.374,0.9896,0.0,0.7208,-0.3072,5.9433,1876.8595,0.0,0.0,0.0,1858.5,no_change,,0.0,0.0
SPXW,2026-09-30,40,Put,5815.0,SPXW260930P05815000,3.2,3.4,3.3,7.5,0.0,0.0,0.0,2.0,0.374,-0.0103,0.0,0.7208,-0.3072,-0.0832,3.3129,0.0,0.0,0.0,4.09999990463257,down,2026-08-03T14:22:09,0.0,0.0
SPXW,2026-09-30,40,Call,5820.0,SPXW260930C05820000,1864.5,1885.2,1874.85,0.0,0.0,0.0,0.0,0.0,0.3726,0.9895,0.0,0.7255,-0.3087,5.9478,1871.9031,0.0,0.0,0.0,1852.89996337891,no_change,,0.0,0.0
SPXW,2026-09-30,40,Put,5820.0,SPXW260930P05820000,3.2,3.4,3.3,17.9,0.0,0.0,0.0,2.0,0.3737,-0.0104,0.0,0.7255,-0.3087,-0.0838,3.3338,0.0,0.0,0.0,4.20000004768372,down,2026-07-01T10:20:51,0.0,0.0
SPXW,2026-09-30,40,Call,5825.0,SPXW260930C05825000,1860.6,1880.2,1870.4,1793.71,0.0,0.0,0.0,3.0,0.3728,0.9894,0.0,0.7301,-0.3101,5.9524,1866.9469,0.0,0.0,0.0,1847.29998779297,up,2026-07-15T14:43:09,0.0,0.0
SPXW,2026-09-30,40,Put,5825.0,SPXW260930P05825000,3.2,3.4,3.3,13.58,0.0,0.0,0.0,229.0,0.3734,-0.0105,0.0,0.7301,-0.3101,-0.0844,3.3548,0.0,0.0,0.0,4.20000004768372,down,2026-07-15T12:59:34,0.0,0.0
SPXW,2026-09-30,40,Call,5830.0,SPXW260930C05830000,1854.3,1875.3,1864.8,1788.89,0.0,0.0,0.0,3.0,0.3714,0.9893,0.0,0.7348,-0.3116,5.957,1861.9908,0.0,0.0,0.0,1842.75,up,2026-07-15T14:43:09,0.0,0.0
SPXW,2026-09-30,40,Put,5830.0,SPXW260930P05830000,3.2,3.4,3.3,0.0,0.0,0.0,0.0,0.0,0.3724,-0.0105,0.0,0.7348,-0.3116,-0.085,3.376,0.0,0.0,0.0,4.20000004768372,no_change,,0.0,0.0
SPXW,2026-09-30,40,Call,5835.0,SPXW260930C05835000,1849.3,1870.3,1859.8,0.0,0.0,0.0,0.0,0.0,0.3701,0.9892,0.0,0.7396,-0.313,5.9615,1857.0348,0.0,0.0,0.0,1839.0,no_change,,0.0,0.0
SPXW,2026-09-30,40,Put,5835.0,SPXW260930P05835000,3.3,3.4,3.3499999999999996,14.5,0.0,0.0,0.0,12.0,0.3714,-0.0106,0.0,0.74,-0.3132,-0.0857,3.4004,0.0,0.0,0.0,4.25,up,2026-07-13T12:31:00,0.0,0.0
SPXW,2026-09-30,40,Call,5840.0,SPXW260930C05840000,1844.6,1865.4,1855.0,0.0,0.0,0.0,0.0,0.0,0.3702,0.9892,0.0,0.7443,-0.3145,5.9661,1852.079,0.0,0.0,0.0,1832.45001220703,no_change,,0.0,0.0
SPXW,2026-09-30,40,Put,5840.0,SPXW260930P05840000,3.3,3.5,3.4,6.0,0.0,0.0,0.0,10.0,0.3703,-0.0107,0.0,0.7448,-0.3147,-0.0863,3.4219,0.0,0.0,0.0,4.29999995231628,down,2026-08-05T09:55:21,0.0,0.0
SPXW,2026-09-30,40,Call,5845.0,SPXW260930C05845000,1839.4,1860.4,1849.9,0.0,0.0,0.0,0.0,0.0,0.3688,0.9891,0.0,0.7491,-0.3159,5.9706,1847.1233,0.0,0.0,0.0,1828.70001220703,no_change,,0.0,0.0
SPXW,2026-09-30,40,Put,5845.0,SPXW260930P05845000,3.3,3.5,3.4,0.0,0.0,0.0,0.0,0.0,0.37,-0.0108,0.0,0.7496,-0.3162,-0.087,3.4434,0.0,0.0,0.0,4.29999995231628,no_change,,0.0,0.0
SPXW,2026-09-30,40,Call,5850.0,SPXW260930C05850000,1835.0,1855.5,1845.25,1084.49,0.0,0.0,0.0,1.0,0.3689,0.989,0.0,0.754,-0.3174,5.9752,1842.1677,0.0,0.0,0.0,1822.84997558594,down,2026-03-16T09:33:59,0.0,0.0
SPXW,2026-09-30,40,Put,5850.0,SPXW260930P05850000,3.3,3.5,3.4,6.0,0.0,0.0,0.0,1044.0,0.3697,-0.0109,0.0,0.7544,-0.3176,-0.0876,3.4651,0.0,0.0,0.0,4.29999995231628,down,2026-08-05T14:36:37,0.0,0.0
SPXW,2026-09-30,40,Call,5855.0,SPXW260930C05855000,1826.6,1850.4,1838.5,0.0,0.0,0.0,0.0,0.0,0.3676,0.9889,0.0,0.7588,-0.3189,5.9797,1837.2123,0.0,0.0,0.0,1818.79998779297,no_change,,0.0,0.0
SPXW,2026-09-30,40,Put,5855.0,SPXW260930P05855000,3.3,3.5,3.4,4.3,0.0,0.0,0.0,11.0,0.3687,-0.0109,0.0,0.7593,-0.3191,-0.0882,3.4869,0.0,0.0,0.0,4.40000009536743,down,2026-08-18T12:52:53,0.0,0.0
SPXW,2026-09-30,40,Call,5860.0,SPXW260930C05860000,1821.6,1845.4,1833.5,0.0,0.0,0.0,0.0,0.0,0.3677,0.9888,0.0,0.7638,-0.3204,5.9842,1832.2569,0.0,0.0,0.0,1812.64996337891,no_change,,0.0,0.0
SPXW,2026-09-30,40,Put,5860.0,SPXW260930P05860000,3.4,3.6,3.5,8.3,0.0,0.0,0.0,57.0,0.3677,-0.011,0.0,0.7642,-0.3206,-0.0889,3.5088,0.0,0.0,0.0,4.40000009536743,down,2026-08-03T11:30:36,0.0,0.0
SPXW,2026-09-30,40,Call,5865.0,SPXW260930C05865000,1820.1,1840.6,1830.35,0.0,0.0,0.0,0.0,0.0,0.3663,0.9888,0.0,0.7687,-0.3218,5.9888,1827.3018,0.0,0.0,0.0,1808.95001220703,no_change,,0.0,0.0
SPXW,2026-09-30,40,Put,5865.0,SPXW260930P05865000,3.4,3.6,3.5,0.0,0.0,0.0,0.0,0.0,0.3674,-0.0111,0.0,0.7692,-0.3221,-0.0895,3.5309,0.0,0.0,0.0,4.40000009536743,no_change,,0.0,0.0
SPXW,2026-09-30,40,Call,5870.0,SPXW260930C05870000,1811.7,1835.6,1823.65,0.0,0.0,0.0,0.0,0.0,0.3664,0.9887,0.0,0.7737,-0.3233,5.9933,1822.3467,0.0,0.0,0.0,1803.39996337891,no_change,,0.0,0.0
SPXW,2026-09-30,40,Put,5870.0,SPXW260930P05870000,3.4,3.6,3.5,13.94,0.0,0.0,0.0,6.0,0.367,-0.0112,0.0,0.7741,-0.3236,-0.0902,3.5531,0.0,0.0,0.0,4.40000009536743,down,2026-07-21T15:54:41,0.0,0.0
SPXW,2026-09-30,40,Call,5875.0,SPXW260930C05875000,1811.0,1830.7,1820.85,0.0,0.0,0.0,0.0,0.0,0.3651,0.9886,0.0,0.7787,-0.3248,5.9978,1817.3918,0.0,0.0,0.0,1797.84997558594,no_change,,0.0,0.0
SPXW,2026-09-30,40,Put,5875.0,SPXW260930P05875000,3.4,3.6,3.5,6.2,0.0,0.0,0.0,141.0,0.366,-0.0113,0.0,0.7792,-0.3251,-0.0908,3.5755,0.0,0.0,0.0,4.5,no_change,2026-08-06T13:25:55,0.0,0.0
SPXW,2026-09-30,40,Call,5880.0,SPXW260930C05880000,1801.8,1825.7,1813.75,0.0,0.0,0.0,0.0,0.0,0.3637,0.9885,0.0,0.7838,-0.3263,6.0023,1812.437,0.0,0.0,0.0,1793.14996337891,no_change,,0.0,0.0
SPXW,2026-09-30,40,Put,5880.0,SPXW260930P05880000,3.5,3.6,3.55,3.6,-0.9,-20.0,1.0,1.0,0.365,-0.0114,0.0,0.7842,-0.3266,-0.0915,3.5979,3.6,3.6,3.6,4.5,down,2026-08-21T15:25:07,0.0,0.0
SPXW,2026-09-30,40,Call,5885.0,SPXW260930C05885000,1800.5,1820.8,1810.65,0.0,0.0,0.0,0.0,0.0,0.3638,0.9884,0.0,0.7889,-0.3278,6.0068,1807.4824,0.0,0.0,0.0,1789.09997558594,no_change,,0.0,0.0
SPXW,2026-09-30,40,Put,5885.0,SPXW260930P05885000,3.5,3.7,3.6,3.5,-1.0,-22.2222,1.0,1.0,0.364,-0.0114,0.0,0.7893,-0.3281,-0.0922,3.6206,3.5,3.5,3.5,4.5,down,2026-08-21T15:45:56,0.0,0.0
SPXW,2026-09-30,40,Call,5890.0,SPXW260930C05890000,1792.4,1815.8,1804.1,1713.73,0.0,0.0,0.0,1.0,0.3625,0.9884,0.0,0.794,-0.3293,6.0113,1802.5279,0.0,0.0,0.0,1783.65002441406,up,2026-07-15T11:52:31,0.0,0.0
SPXW,2026-09-30,40,Put,5890.0,SPXW260930P05890000,3.5,3.7,3.6,7.11,0.0,0.0,0.0,233.0,0.3636,-0.0115,0.0,0.7945,-0.3296,-0.0929,3.6433,0.0,0.0,0.0,4.59999990463257,no_change,2026-08-04T15:53:08,0.0,0.0
SPXW,2026-09-30,40,Call,5895.0,SPXW260930C05895000,1789.9,1810.9,1800.4,0.0,0.0,0.0,0.0,0.0,0.3625,0.9883,0.0,0.7992,-0.3309,6.0158,1797.5735,0.0,0.0,0.0,1779.20001220703,no_change,,0.0,0.0
SPXW,2026-09-30,40,Put,5895.0,SPXW260930P05895000,3.5,3.7,3.6,6.1,0.0,0.0,0.0,5.0,0.3633,-0.0116,0.0,0.7996,-0.3311,-0.0936,3.6662,0.0,0.0,0.0,4.59999990463257,up,2026-08-06T15:04:13,0.0,0.0
SPXW,2026-09-30,40,Call,5900.0,SPXW260930C05900000,1785.5,1805.9,1795.7,1707.54,0.0,0.0,0.0,14.0,0.3612,0.9882,0.0,0.8044,-0.3324,6.0203,1792.6193,0.0,0.0,0.0,1773.20001220703,no_change,2026-07-15T13:36:18,0.0,0.0
SPXW,2026-09-30,40,Put,5900.0,SPXW260930P05900000,3.5,3.7,3.6,3.9,-0.7,-15.2174,2.0,5674.0,0.3623,-0.0117,0.0,0.8048,-0.3326,-0.0943,3.6893,3.9,3.9,3.9,4.59999990463257,down,2026-08-21T10:04:16,0.0,0.0
SPXW,2026-09-30,40,Call,5905.0,SPXW260930C05905000,1780.0,1800.9,1790.45,0.0,0.0,0.0,0.0,0.0,0.3612,0.9881,0.0,0.8096,-0.3339,6.0248,1787.6652,0.0,0.0,0.0,1768.14996337891,no_change,,0.0,0.0
SPXW,2026-09-30,40,Put,5905.0,SPXW260930P05905000,3.6,3.8,3.7,0.0,0.0,0.0,0.0,0.0,0.3613,-0.0118,0.0,0.8101,-0.3342,-0.095,3.7125,0.0,0.0,0.0,4.70000004768372,no_change,,0.0,0.0
SPXW,2026-09-30,40,Call,5910.0,SPXW260930C05910000,1772.6,1796.0,1784.3,1539.15,0.0,0.0,0.0,4.0,0.3599,0.988,0.0,0.8149,-0.3355,6.0292,1782.7113,0.0,0.0,0.0,1763.20001220703,down,2026-07-23T11:08:06,0.0,0.0
SPXW,2026-09-30,40,Put,5910.0,SPXW260930P05910000,3.6,3.8,3.7,3.9,0.0,0.0,0.0,40.0,0.3609,-0.0119,0.0,0.8154,-0.3357,-0.0957,3.7358,0.0,0.0,0.0,4.70000004768372,down,2026-08-19T15:30:26,0.0,0.0
SPXW,2026-09-30,40,Call,5915.0,SPXW260930C05915000,1770.1,1791.0,1780.55,0.0,0.0,0.0,0.0,0.0,0.3599,0.9879,0.0,0.8202,-0.337,6.0337,1777.7575,0.0,0.0,0.0,1758.44995117188,no_change,,0.0,0.0
SPXW,2026-09-30,40,Put,5915.0,SPXW260930P05915000,3.6,3.8,3.7,20.2,0.0,0.0,0.0,6.0,0.3606,-0.012,0.0,0.8207,-0.3372,-0.0964,3.7593,0.0,0.0,0.0,4.70000004768372,no_change,2026-06-30T16:02:58,0.0,0.0
SPXW,2026-09-30,40,Call,5920.0,SPXW260930C05920000,1762.7,1786.1,1774.4,0.0,0.0,0.0,0.0,0.0,0.3586,0.9878,0.0,0.8256,-0.3386,6.0382,1772.8039,0.0,0.0,0.0,1753.64996337891,no_change,,0.0,0.0
SPXW,2026-09-30,40,Put,5920.0,SPXW260930P05920000,3.6,3.8,3.7,24.4,0.0,0.0,0.0,41.0,0.3595,-0.012,0.0,0.8261,-0.3388,-0.0971,3.7829,0.0,0.0,0.0,4.70000004768372,down,2026-06-22T09:44:43,0.0,0.0
SPXW,2026-09-30,40,Call,5925.0,SPXW260930C05925000,1761.5,1781.1,1771.3,0.0,0.0,0.0,0.0,0.0,0.3586,0.9877,0.0,0.831,-0.3401,6.0426,1767.8504,0.0,0.0,0.0,1748.35003662109,no_change,,0.0,0.0
SPXW,2026-09-30,40,Put,5925.0,SPXW260930P05925000,3.7,3.9,3.8,6.4,0.0,0.0,0.0,332.0,0.3585,-0.0121,0.0,0.8315,-0.3403,-0.0978,3.8067,0.0,0.0,0.0,4.79999995231628,no_change,2026-08-05T15:19:24,0.0,0.0
SPXW,2026-09-30,40,Call,5930.0,SPXW260930C05930000,1752.7,1776.2,1764.45,0.0,0.0,0.0,0.0,0.0,0.3572,0.9876,0.0,0.8364,-0.3417,6.0471,1762.8971,0.0,0.0,0.0,1743.45001220703,no_change,,0.0,0.0
SPXW,2026-09-30,40,Put,5930.0,SPXW260930P05930000,3.7,3.9,3.8,20.1,0.0,0.0,0.0,23.0,0.3581,-0.0122,0.0,0.8369,-0.3419,-0.0986,3.8306,0.0,0.0,0.0,4.79999995231628,down,2026-07-01T10:20:51,0.0,0.0
SPXW,2026-09-30,40,Call,5935.0,SPXW260930C05935000,1747.3,1770.2,1758.75,0.0,0.0,0.0,0.0,0.0,0.3559,0.9876,0.0,0.8419,-0.3432,6.0515,1757.944,0.0,0.0,0.0,1738.5,no_change,,0.0,0.0
SPXW,2026-09-30,40,Put,5935.0,SPXW260930P05935000,3.7,3.9,3.8,9.54,0.0,0.0,0.0,185.0,0.3578,-0.0123,0.0,0.8424,-0.3434,-0.0993,3.8547,0.0,0.0,0.0,4.79999995231628,down,2026-08-03T10:12:32,0.0,0.0
SPXW,2026-09-30,40,Call,5940.0,SPXW260930C05940000,1746.8,1766.3,1756.55,0.0,0.0,0.0,0.0,0.0,0.3559,0.9875,0.0,0.8474,-0.3448,6.056,1752.991,0.0,0.0,0.0,1733.5,no_change,,0.0,0.0
SPXW,2026-09-30,40,Put,5940.0,SPXW260930P05940000,3.7,3.9,3.8,4.8,0.0,0.0,0.0,45.0,0.3567,-0.0124,0.0,0.8479,-0.345,-0.1,3.879,0.0,0.0,0.0,4.85000014305115,down,2026-08-20T10:14:58,0.0,0.0
SPXW,2026-09-30,40,Call,5945.0,SPXW260930C05945000,1737.4,1760.3,1748.85,0.0,0.0,0.0,0.0,0.0,0.3546,0.9874,0.0,0.853,-0.3464,6.0604,1748.0381,0.0,0.0,0.0,1728.59997558594,no_change,,0.0,0.0
SPXW,2026-09-30,40,Put,5945.0,SPXW260930P05945000,3.8,4.0,3.9,18.25,0.0,0.0,0.0,1.0,0.3557,-0.0125,0.0,0.8534,-0.3466,-0.1008,3.9034,0.0,0.0,0.0,4.90000009536743,up,2026-07-07T10:14:10,0.0,0.0
SPXW,2026-09-30,40,Call,5950.0,SPXW260930C05950000,1732.5,1756.4,1744.45,0.0,0.0,0.0,0.0,0.0,0.3546,0.9873,0.0,0.8586,-0.348,6.0648,1743.0854,0.0,0.0,0.0,1723.75,no_change,,0.0,0.0
SPXW,2026-09-30,40,Put,5950.0,SPXW260930P05950000,3.8,4.0,3.9,4.22,0.0,0.0,0.0,510.0,0.3553,-0.0126,0.0,0.859,-0.3482,-0.1015,3.9279,0.0,0.0,0.0,4.90000009536743,down,2026-08-17T10:05:34,0.0,0.0
SPXW,2026-09-30,40,Call,5955.0,SPXW260930C05955000,1731.0,1751.4,1741.2,0.0,0.0,0.0,0.0,0.0,0.3532,0.9872,0.0,0.8642,-0.3496,6.0692,1738.1329,0.0,0.0,0.0,1718.85003662109,no_change,,0.0,0.0
SPXW,2026-09-30,40,Put,5955.0,SPXW260930P05955000,3.8,4.0,3.9,14.4,0.0,0.0,0.0,4.0,0.3549,-0.0127,0.0,0.8646,-0.3498,-0.1023,3.9527,0.0,0.0,0.0,5.0,no_change,2026-07-15T15:59:59,0.0,0.0
SPXW,2026-09-30,40,Call,5960.0,SPXW260930C05960000,1723.1,1746.5,1734.8,1493.19,0.0,0.0,0.0,4.0,0.3532,0.9871,0.0,0.8698,-0.3512,6.0736,1733.1805,0.0,0.0,0.0,1713.75,up,2026-07-23T13:42:54,0.0,0.0
SPXW,2026-09-30,40,Put,5960.0,SPXW260930P05960000,3.8,4.0,3.9,14.5,0.0,0.0,0.0,16.0,0.3539,-0.0128,0.0,0.8703,-0.3514,-0.1031,3.9776,0.0,0.0,0.0,5.0,no_change,2026-07-15T16:04:06,0.0,0.0
SPXW,2026-09-30,40,Call,5965.0,SPXW260930C05965000,1717.6,1740.4,1729.0,0.0,0.0,0.0,0.0,0.0,0.3519,0.987,0.0,0.8755,-0.3528,6.078,1728.2283,0.0,0.0,0.0,1708.95001220703,no_change,,0.0,0.0
SPXW,2026-09-30,40,Put,5965.0,SPXW260930P05965000,3.9,4.1,4.0,14.6,0.0,0.0,0.0,4.0,0.3529,-0.0129,0.0,0.876,-0.353,-0.1038,4.0026,0.0,0.0,0.0,5.0,no_change,2026-07-15T16:04:16,0.0,0.0
SPXW,2026-09-30,40,Call,5970.0,SPXW260930C05970000,1713.1,1736.6,1724.85,1597.15,0.0,0.0,0.0,1.0,0.3518,0.9869,0.0,0.8813,-0.3544,6.0824,1723.2763,0.0,0.0,0.0,1704.5,up,2026-06-18T10:13:22,0.0,0.0
SPXW,2026-09-30,40,Put,5970.0,SPXW260930P05970000,3.9,4.1,4.0,5.9,0.0,0.0,0.0,36.0,0.3525,-0.013,0.0,0.8817,-0.3546,-0.1046,4.0278,0.0,0.0,0.0,5.09999990463257,up,2026-08-10T14:19:26,0.0,0.0
SPXW,2026-09-30,40,Call,5975.0,SPXW260930C05975000,1711.9,1731.6,1721.75,1606.76,0.0,0.0,0.0,4.0,0.3505,0.9868,0.0,0.887,-0.356,6.0868,1718.3244,0.0,0.0,0.0,1699.5,no_change,2026-06-18T11:12:47,0.0,0.0
SPXW,2026-09-30,40,Put,5975.0,SPXW260930P05975000,3.9,4.1,4.0,5.8,0.0,0.0,0.0,553.0,0.352,-0.0131,0.0,0.8875,-0.3562,-0.1054,4.0532,0.0,0.0,0.0,5.09999990463257,no_change,2026-08-10T09:34:27,0.0,0.0
SPXW,2026-09-30,40,Call,5980.0,SPXW260930C05980000,1703.3,1726.6,1714.9499999999998,1601.94,0.0,0.0,0.0,18.0,0.3505,0.9867,0.0,0.8928,-0.3576,6.0912,1713.3727,0.0,0.0,0.0,1694.65002441406,no_change,2026-06-18T11:12:47,0.0,0.0
SPXW,2026-09-30,40,Put,5980.0,SPXW260930P05980000,3.9,4.1,4.0,7.9,0.0,0.0,0.0,25.0,0.351,-0.0132,0.0,0.8933,-0.3578,-0.1062,4.0788,0.0,0.0,0.0,5.09999990463257,down,2026-08-04T15:37:09,0.0,0.0
SPXW,2026-09-30,40,Call,5985.0,SPXW260930C05985000,1697.8,1720.6,1709.1999999999998,0.0,0.0,0.0,0.0,0.0,0.3492,0.9866,0.0,0.8986,-0.3592,6.0956,1708.4212,0.0,0.0,0.0,1689.0,no_change,,0.0,0.0
SPXW,2026-09-30,40,Put,5985.0,SPXW260930P05985000,4.0,4.2,4.1,6.8,0.0,0.0,0.0,10.0,0.35,-0.0133,0.0,0.8991,-0.3594,-0.107,4.1045,0.0,0.0,0.0,5.20000004768372,down,2026-08-06T15:04:13,0.0,0.0
SPXW,2026-09-30,40,Call,5990.0,SPXW260930C05990000,1693.4,1716.7,1705.0500000000002,1468.93,0.0,0.0,0.0,3.0,0.3491,0.9865,0.0,0.9045,-0.3609,6.0999,1703.4699,0.0,0.0,0.0,1684.09997558594,no_change,2026-07-24T14:56:48,0.0,0.0
SPXW,2026-09-30,40,Put,5990.0,SPXW260930P05990000,4.0,4.2,4.1,5.2,0.0,0.0,0.0,3261.0,0.3496,-0.0134,0.0,0.905,-0.3611,-0.1078,4.1304,0.0,0.0,0.0,5.20000004768372,no_change,2026-08-20T14:43:49,0.0,0.0
SPXW,2026-09-30,40,Call,5995.0,SPXW260930C05995000,1687.9,1710.7,1699.3000000000002,0.0,0.0,0.0,0.0,0.0,0.3478,0.9864,0.0,0.9104,-0.3625,6.1043,1698.5187,0.0,0.0,0.0,1679.09997558594,no_change,,0.0,0.0
SPXW,2026-09-30,40,Put,5995.0,SPXW260930P05995000,4.0,4.2,4.1,0.0,0.0,0.0,0.0,0.0,0.3492,-0.0135,0.0,0.9108,-0.3627,-0.1087,4.1565,0.0,0.0,0.0,5.20000004768372,no_change,,0.0,0.0
SPXW,2026-09-30,40,Call,6000.0,SPXW260930C06000000,1686.4,1706.8,1696.6,1764.65,0.0,0.0,0.0,102.0,0.3477,0.9863,0.0,0.9163,-0.3642,6.1086,1693.5677,0.0,0.0,0.0,1674.65002441406,up,2026-08-07T14:39:22,0.0,0.0
SPXW,2026-09-30,40,Put,6000.0,SPXW260930P06000000,4.0,4.2,4.1,5.0,0.0,0.0,0.0,9931.0,0.3481,-0.0136,0.0,0.9168,-0.3644,-0.1095,4.1828,0.0,0.0,0.0,5.29999995231628,no_change,2026-08-20T12:23:25,0.0,0.0
SPXW,2026-09-30,40,Call,6005.0,SPXW260930C06005000,1678.0,1700.4,1689.2,0.0,0.0,0.0,0.0,0.0,0.3464,0.9862,0.0,0.9223,-0.3658,6.113,1688.6169,0.0,0.0,0.0,1669.39996337891,no_change,,0.0,0.0
SPXW,2026-09-30,40,Put,6005.0,SPXW260930P06005000,4.1,4.3,4.199999999999999,13.9,0.0,0.0,0.0,2.0,0.3471,-0.0137,0.0,0.9228,-0.366,-0.1103,4.2092,0.0,0.0,0.0,5.29999995231628,down,2026-07-31T12:20:01,0.0,0.0
SPXW,2026-09-30,40,Call,6010.0,SPXW260930C06010000,1673.6,1696.9,1685.25,0.0,0.0,0.0,0.0,0.0,0.3463,0.9861,0.0,0.9283,-0.3675,6.1173,1683.6662,0.0,0.0,0.0,1664.34997558594,no_change,,0.0,0.0
SPXW,2026-09-30,40,Put,6010.0,SPXW260930P06010000,4.1,4.3,4.199999999999999,4.7,0.0,0.0,0.0,137.0,0.3472,-0.0138,0.0,0.9288,-0.3677,-0.1112,4.2358,0.0,0.0,0.0,5.29999995231628,down,2026-08-19T09:32:39,0.0,0.0
SPXW,2026-09-30,40,Call,6015.0,SPXW260930C06015000,1672.5,1692.0,1682.25,0.0,0.0,0.0,0.0,0.0,0.345,0.986,0.0,0.9344,-0.3692,6.1216,1678.7158,0.0,0.0,0.0,1659.5,no_change,,0.0,0.0
SPXW,2026-09-30,40,Put,6015.0,SPXW260930P06015000,4.1,4.3,4.199999999999999,11.0,0.0,0.0,0.0,46.0,0.3462,-0.0139,0.0,0.9348,-0.3694,-0.112,4.2626,0.0,0.0,0.0,5.40000009536743,down,2026-08-03T09:30:08,0.0,0.0
SPXW,2026-09-30,40,Call,6020.0,SPXW260930C06020000,1663.1,1687.0,1675.05,1440.91,0.0,0.0,0.0,0.0,0.3449,0.9859,0.0,0.9404,-0.3708,6.126,1673.7655,0.0,0.0,0.0,1654.55004882812,up,2026-07-24T14:58:29,0.0,0.0
SPXW,2026-09-30,40,Put,6020.0,SPXW260930P06020000,4.2,4.4,4.300000000000001,6.7,0.0,0.0,0.0,13.0,0.3452,-0.014,0.0,0.9408,-0.371,-0.1129,4.2896,0.0,0.0,0.0,5.40000009536743,down,2026-08-07T09:44:28,0.0,0.0
SPXW,2026-09-30,40,Call,6025.0,SPXW260930C06025000,1661.8,1682.1,1671.9499999999998,1251.21,0.0,0.0,0.0,3.0,0.3436,0.9858,0.0,0.9465,-0.3725,6.1303,1668.8155,0.0,0.0,0.0,1649.75,up,2026-04-29T12:12:16,0.0,0.0
SPXW,2026-09-30,40,Put,6025.0,SPXW260930P06025000,4.2,4.4,4.300000000000001,6.1,0.0,0.0,0.0,782.0,0.3447,-0.0141,0.0,0.947,-0.3727,-0.1137,4.3168,0.0,0.0,0.0,5.40000009536743,down,2026-08-11T13:54:46,0.0,0.0
SPXW,2026-09-30,40,Call,6030.0,SPXW260930C06030000,1653.8,1677.1,1665.4499999999998,0.0,0.0,0.0,0.0,0.0,0.3434,0.9857,0.0,0.9527,-0.3742,6.1346,1663.8656,0.0,0.0,0.0,1645.0,no_change,,0.0,0.0
SPXW,2026-09-30,40,Put,6030.0,SPXW260930P06030000,4.2,4.4,4.300000000000001,6.3,0.0,0.0,0.0,141.0,0.3443,-0.0142,0.0,0.9531,-0.3744,-0.1146,4.3442,0.0,0.0,0.0,5.5,no_change,2026-08-11T14:16:18,0.0,0.0
SPXW,2026-09-30,40,Call,6035.0,SPXW260930C06035000,1648.3,1672.0,1660.15,0.0,0.0,0.0,0.0,0.0,0.3422,0.9856,0.0,0.9588,-0.3759,6.1389,1658.9159,0.0,0.0,0.0,1639.75,no_change,,0.0,0.0
SPXW,2026-09-30,40,Put,6035.0,SPXW260930P06035000,4.2,4.4,4.300000000000001,0.0,0.0,0.0,0.0,0.0,0.3432,-0.0143,0.0,0.9593,-0.3761,-0.1155,4.3717,0.0,0.0,0.0,5.5,no_change,,0.0,0.0
SPXW,2026-09-30,40,Call,6040.0,SPXW260930C06040000,1643.9,1667.2,1655.5500000000002,1412.89,0.0,0.0,0.0,3.0,0.342,0.9855,0.0,0.965,-0.3776,6.1432,1653.9664,0.0,0.0,0.0,1634.79998779297,down,2026-07-27T12:04:04,0.0,0.0
SPXW,2026-09-30,40,Put,6040.0,SPXW260930P06040000,4.3,4.5,4.4,5.4,0.0,0.0,0.0,20.0,0.3422,-0.0144,0.0,0.9655,-0.3778,-0.1163,4.3994,0.0,0.0,0.0,5.54999995231628,no_change,2026-08-12T14:24:06,0.0,0.0
SPXW,2026-09-30,40,Call,6045.0,SPXW260930C06045000,1638.4,1661.2,1649.8000000000002,0.0,0.0,0.0,0.0,0.0,0.3407,0.9854,0.0,0.9713,-0.3793,6.1475,1649.017,0.0,0.0,0.0,1629.75,no_change,,0.0,0.0
SPXW,2026-09-30,40,Put,6045.0,SPXW260930P06045000,4.3,4.5,4.4,4.87,-0.73,-13.0357,3.0,19.0,0.3423,-0.0145,0.0,0.9717,-0.3795,-0.1172,4.4274,4.87,4.87,4.87,5.59999990463257,down,2026-08-21T09:54:43,0.0,0.0
SPXW,2026-09-30,40,Call,6050.0,SPXW260930C06050000,1637.9,1657.3,1647.6,1544.75,0.0,0.0,0.0,42.0,0.3406,0.9852,0.0,0.9776,-0.381,6.1518,1644.0679,0.0,0.0,0.0,1625.09997558594,up,2026-07-14T11:53:16,0.0,0.0
SPXW,2026-09-30,40,Put,6050.0,SPXW260930P06050000,4.3,4.5,4.4,4.4,-1.2,-21.4286,1.0,704.0,0.3413,-0.0146,0.0,0.978,-0.3812,-0.1181,4.4555,4.4,4.4,4.4,5.59999990463257,down,2026-08-21T16:06:37,0.0,0.0
SPXW,2026-09-30,40,Call,6055.0,SPXW260930C06055000,1628.5,1651.3,1639.9,0.0,0.0,0.0,0.0,0.0,0.3393,0.9851,0.0,0.9839,-0.3828,6.1561,1639.119,0.0,0.0,0.0,1620.09997558594,no_change,,0.0,0.0
SPXW,2026-09-30,40,Put,6055.0,SPXW260930P06055000,4.3,4.6,4.449999999999999,17.03,0.0,0.0,0.0,1.0,0.3403,-0.0147,0.0,0.9843,-0.383,-0.119,4.4838,0.0,0.0,0.0,5.70000004768372,down,2026-07-15T13:20:57,0.0,0.0
SPXW,2026-09-30,40,Call,6060.0,SPXW260930C06060000,1626.6,1647.4,1637.0,0.0,0.0,0.0,0.0,0.0,0.3391,0.985,0.0,0.9903,-0.3845,6.1603,1634.1703,0.0,0.0,0.0,1615.05004882812,no_change,,0.0,0.0
SPXW,2026-09-30,40,Put,6060.0,SPXW260930P06060000,4.4,4.6,4.5,7.8,0.0,0.0,0.0,84.0,0.3398,-0.0148,0.0,0.9907,-0.3847,-0.1199,4.5124,0.0,0.0,0.0,5.70000004768372,down,2026-08-05T09:55:21,0.0,0.0
SPXW,2026-09-30,40,Call,6065.0,SPXW260930C06065000,1618.6,1642.3,1630.4499999999998,0.0,0.0,0.0,0.0,0.0,0.3378,0.9849,0.0,0.9967,-0.3863,6.1646,1629.2218,0.0,0.0,0.0,1610.25,no_change,,0.0,0.0
SPXW,2026-09-30,40,Put,6065.0,SPXW260930P06065000,4.4,4.6,4.5,0.0,0.0,0.0,0.0,0.0,0.3393,-0.015,0.0,0.9971,-0.3864,-0.1208,4.5411,0.0,0.0,0.0,5.70000004768372,no_change,,0.0,0.0
SPXW,2026-09-30,40,Call,6070.0,SPXW260930C06070000,1616.7,1637.5,1627.1,0.0,0.0,0.0,0.0,0.0,0.3377,0.9848,0.0,1.0031,-0.388,6.1689,1624.2734,0.0,0.0,0.0,1605.44995117188,no_change,,0.0,0.0
SPXW,2026-09-30,40,Put,6070.0,SPXW260930P06070000,4.4,4.6,4.5,5.11,0.0,0.0,0.0,58.0,0.3383,-0.0151,0.0,1.0035,-0.3882,-0.1217,4.57,0.0,0.0,0.0,5.79999995231628,down,2026-08-19T09:58:11,0.0,0.0
SPXW,2026-09-30,40,Call,6075.0,SPXW260930C06075000,1608.7,1632.5,1620.6,1181.39,0.0,0.0,0.0,2.0,0.3364,0.9847,0.0,1.0096,-0.3898,6.1731,1619.3253,0.0,0.0,0.0,1600.15002441406,down,2025-10-29T10:46:24,0.0,0.0
SPXW,2026-09-30,40,Put,6075.0,SPXW260930P06075000,4.5,4.7,4.6,4.79,-1.01,-17.4138,3.0,223.0,0.3372,-0.0152,0.0,1.01,-0.39,-0.1227,4.5991,4.79,4.79,4.79,5.79999995231628,down,2026-08-21T12:35:53,0.0,0.0
SPXW,2026-09-30,40,Call,6080.0,SPXW260930C06080000,1604.4,1627.6,1616.0,0.0,0.0,0.0,0.0,0.0,0.3362,0.9846,0.0,1.0161,-0.3915,6.1774,1614.3774,0.0,0.0,0.0,1595.55004882812,no_change,,0.0,0.0
SPXW,2026-09-30,40,Put,6080.0,SPXW260930P06080000,4.5,4.7,4.6,5.1,0.0,0.0,0.0,31.0,0.3373,-0.0153,0.0,1.0165,-0.3917,-0.1236,4.6285,0.0,0.0,0.0,5.84999990463257,up,2026-08-14T14:28:53,0.0,0.0
SPXW,2026-09-30,40,Call,6085.0,SPXW260930C06085000,1598.8,1622.6,1610.6999999999998,0.0,0.0,0.0,0.0,0.0,0.3349,0.9845,0.0,1.0227,-0.3933,6.1816,1609.4297,0.0,0.0,0.0,1590.54998779297,no_change,,0.0,0.0
SPXW,2026-09-30,40,Put,6085.0,SPXW260930P06085000,4.5,4.7,4.6,0.0,0.0,0.0,0.0,0.0,0.3362,-0.0154,0.0,1.0231,-0.3935,-0.1245,4.658,0.0,0.0,0.0,5.90000009536743,no_change,,0.0,0.0
SPXW,2026-09-30,40,Call,6090.0,SPXW260930C06090000,1597.0,1617.8,1607.4,1588.6,0.0,0.0,0.0,26.0,0.3347,0.9843,0.0,1.0293,-0.3951,6.1858,1604.4822,0.0,0.0,0.0,1585.59997558594,up,2026-08-20T14:18:54,0.0,0.0
SPXW,2026-09-30,40,Put,6090.0,SPXW260930P06090000,4.6,4.8,4.699999999999999,5.9,0.0,0.0,0.0,59.0,0.3352,-0.0155,0.0,1.0297,-0.3953,-0.1255,4.6878,0.0,0.0,0.0,5.90000009536743,no_change,2026-08-20T14:43:49,0.0,0.0
SPXW,2026-09-30,40,Call,6095.0,SPXW260930C06095000,1588.9,1612.7,1600.8000000000002,0.0,0.0,0.0,0.0,0.0,0.3335,0.9842,0.0,1.036,-0.3969,6.1901,1599.5349,0.0,0.0,0.0,1580.29998779297,no_change,,0.0,0.0
SPXW,2026-09-30,40,Put,6095.0,SPXW260930P06095000,4.6,4.8,4.699999999999999,7.3,0.0,0.0,0.0,4.0,0.3347,-0.0156,0.0,1.0364,-0.3971,-0.1264,4.7177,0.0,0.0,0.0,6.0,down,2026-08-07T14:24:15,0.0,0.0
SPXW,2026-09-30,40,Call,6100.0,SPXW260930C06100000,1588.4,1607.9,1598.15,1578.7,0.0,0.0,0.0,35.0,0.3332,0.9841,0.0,1.0427,-0.3987,6.1943,1594.5878,0.0,0.0,0.0,1575.45001220703,down,2026-08-20T14:18:54,0.0,0.0
SPXW,2026-09-30,40,Put,6100.0,SPXW260930P06100000,4.6,4.8,4.699999999999999,5.5,0.0,0.0,0.0,2617.0,0.3342,-0.0158,0.0,1.043,-0.3989,-0.1274,4.7479,0.0,0.0,0.0,6.0,up,2026-08-20T10:54:41,0.0,0.0
SPXW,2026-09-30,40,Call,6110.0,SPXW260930C06110000,1574.0,1598.0,1586.0,641.55,0.0,0.0,0.0,4.0,0.3318,0.9839,0.0,1.0562,-0.4023,6.2027,1584.6943,0.0,0.0,0.0,1565.79998779297,up,2026-03-30T10:55:44,0.0,0.0
SPXW,2026-09-30,40,Put,6110.0,SPXW260930P06110000,4.7,4.9,4.800000000000001,6.0,0.0,0.0,0.0,39.0,0.3326,-0.016,0.0,1.0566,-0.4025,-0.1293,4.8089,0.0,0.0,0.0,6.09999990463257,no_change,2026-08-12T14:16:15,0.0,0.0
SPXW,2026-09-30,40,Call,6120.0,SPXW260930C06120000,1564.2,1588.1,1576.15,0.0,0.0,0.0,0.0,0.0,0.3303,0.9836,0.0,1.07,-0.406,6.2111,1574.8017,0.0,0.0,0.0,1555.95001220703,no_change,,0.0,0.0
SPXW,2026-09-30,40,Put,6120.0,SPXW260930P06120000,4.7,4.9,4.800000000000001,6.0,0.0,0.0,0.0,48.0,0.3311,-0.0162,0.0,1.0704,-0.4061,-0.1313,4.8707,0.0,0.0,0.0,6.20000004768372,down,2026-08-12T14:13:39,0.0,0.0
SPXW,2026-09-30,40,Call,6125.0,SPXW260930C06125000,1563.7,1583.1,1573.4,1096.87,0.0,0.0,0.0,39.0,0.329,0.9835,0.0,1.0769,-0.4078,6.2153,1569.8557,0.0,0.0,0.0,1551.0,up,2025-11-12T12:40:54,0.0,0.0
SPXW,2026-09-30,40,Put,6125.0,SPXW260930P06125000,4.8,5.0,4.9,5.4,0.0,0.0,0.0,143.0,0.3301,-0.0164,0.0,1.0773,-0.408,-0.1323,4.902,0.0,0.0,0.0,6.20000004768372,no_change,2026-08-13T10:48:30,0.0,0.0
SPXW,2026-09-30,40,Call,6130.0,SPXW260930C06130000,1557.4,1578.2,1567.8000000000002,0.0,0.0,0.0,0.0,0.0,0.3288,0.9834,0.0,1.084,-0.4096,6.2195,1564.91,0.0,0.0,0.0,1546.09997558594,no_change,,0.0,0.0
SPXW,2026-09-30,40,Put,6130.0,SPXW260930P06130000,4.8,5.0,4.9,5.4,0.0,0.0,0.0,228.0,0.33,-0.0165,0.0,1.0843,-0.4098,-0.1333,4.9335,0.0,0.0,0.0,6.25,no_change,2026-08-13T10:47:28,0.0,0.0
SPXW,2026-09-30,40,Call,6140.0,SPXW260930C06140000,1547.5,1568.3,1557.9,0.0,0.0,0.0,0.0,0.0,0.3272,0.9831,0.0,1.0982,-0.4134,6.2278,1555.0192,0.0,0.0,0.0,1536.29998779297,no_change,,0.0,0.0
SPXW,2026-09-30,40,Put,6140.0,SPXW260930P06140000,4.9,5.1,5.0,6.2,0.0,0.0,0.0,109.0,0.328,-0.0168,0.0,1.0985,-0.4135,-0.1353,4.9972,0.0,0.0,0.0,6.29999995231628,down,2026-08-20T10:14:58,0.0,0.0
SPXW,2026-09-30,40,Call,6150.0,SPXW260930C06150000,1534.5,1558.4,1546.45,1371.72,0.0,0.0,0.0,5.0,0.3257,0.9829,0.0,1.1126,-0.4171,6.2361,1545.1293,0.0,0.0,0.0,1526.15002441406,down,2026-06-30T09:33:16,0.0,0.0
SPXW,2026-09-30,40,Put,6150.0,SPXW260930P06150000,4.9,5.1,5.0,5.67,0.0,0.0,0.0,310.0,0.3269,-0.017,0.0,1.113,-0.4173,-0.1374,5.0618,0.0,0.0,0.0,6.40000009536743,down,2026-08-19T09:32:53,0.0,0.0
SPXW,2026-09-30,40,Call,6160.0,SPXW260930C06160000,1527.7,1548.5,1538.1,670.89,0.0,0.0,0.0,1.0,0.3242,0.9826,0.0,1.1273,-0.4209,6.2444,1535.2404,0.0,0.0,0.0,1516.5,down,2026-04-02T09:30:06,0.0,0.0
SPXW,2026-09-30,40,Put,6160.0,SPXW260930P06160000,5.0,5.2,5.1,5.7,0.0,0.0,0.0,92.0,0.3258,-0.0173,0.0,1.1276,-0.421,-0.1394,5.1273,0.0,0.0,0.0,6.5,down,2026-08-19T09:32:39,0.0,0.0
SPXW,2026-09-30,40,Call,6170.0,SPXW260930C06170000,1514.7,1538.6,1526.65,0.0,0.0,0.0,0.0,0.0,0.3227,0.9823,0.0,1.1422,-0.4247,6.2526,1525.3524,0.0,0.0,0.0,1506.34997558594,no_change,,0.0,0.0
SPXW,2026-09-30,40,Put,6170.0,SPXW260930P06170000,5.1,5.3,5.199999999999999,8.8,0.0,0.0,0.0,55.0,0.3237,-0.0175,0.0,1.1426,-0.4249,-0.1416,5.1938,0.0,0.0,0.0,6.59999990463257,down,2026-08-05T09:51:40,0.0,0.0
SPXW,2026-09-30,40,Call,6175.0,SPXW260930C06175000,1514.2,1533.7,1523.95,689.81,0.0,0.0,0.0,1.0,0.3224,0.9822,0.0,1.1498,-0.4266,6.2567,1520.4088,0.0,0.0,0.0,1501.45001220703,down,2026-03-20T15:03:56,0.0,0.0
SPXW,2026-09-30,40,Put,6175.0,SPXW260930P06175000,5.1,5.3,5.199999999999999,5.8,0.0,0.0,0.0,1078.0,0.3236,-0.0177,0.0,1.1501,-0.4268,-0.1427,5.2275,0.0,0.0,0.0,6.59999990463257,up,2026-08-19T13:35:26,0.0,0.0
SPXW,2026-09-30,40,Call,6180.0,SPXW260930C06180000,1508.4,1528.7,1518.5500000000002,0.0,0.0,0.0,0.0,0.0,0.3221,0.982,0.0,1.1574,-0.4286,6.2608,1515.4655,0.0,0.0,0.0,1497.5,no_change,,0.0,0.0
SPXW,2026-09-30,40,Put,6180.0,SPXW260930P06180000,5.1,5.4,5.25,6.8,0.0,0.0,0.0,54.0,0.3226,-0.0178,0.0,1.1577,-0.4287,-0.1438,5.2614,0.0,0.0,0.0,6.70000004768372,down,2026-08-18T11:04:26,0.0,0.0
SPXW,2026-09-30,40,Call,6190.0,SPXW260930C06190000,1494.9,1518.8,1506.85,0.0,0.0,0.0,0.0,0.0,0.3205,0.9818,0.0,1.1728,-0.4325,6.2689,1505.5796,0.0,0.0,0.0,1486.80004882812,no_change,,0.0,0.0
SPXW,2026-09-30,40,Put,6190.0,SPXW260930P06190000,5.2,5.4,5.300000000000001,9.3,0.0,0.0,0.0,64.0,0.3214,-0.0181,0.0,1.1732,-0.4326,-0.146,5.3299,0.0,0.0,0.0,6.79999995231628,down,2026-08-06T09:37:36,0.0,0.0
SPXW,2026-09-30,40,Call,6200.0,SPXW260930C06200000,1488.6,1509.0,1498.8,1125.74,0.0,0.0,0.0,28.0,0.319,0.9815,0.0001,1.1886,-0.4364,6.277,1495.6947,0.0,0.0,0.0,1476.84997558594,up,2026-04-30T12:03:01,0.0,0.0
SPXW,2026-09-30,40,Put,6200.0,SPXW260930P06200000,5.3,5.5,5.4,5.5,-1.3,-19.1176,2.0,5842.0,0.3203,-0.0184,0.0001,1.1889,-0.4365,-0.1482,5.3995,5.5,5.5,5.5,6.79999995231628,down,2026-08-21T13:47:51,0.0,0.0
SPXW,2026-09-30,40,Call,6210.0,SPXW260930C06210000,1478.3,1499.1,1488.6999999999998,0.0,0.0,0.0,0.0,0.0,0.3174,0.9812,0.0001,1.2046,-0.4404,6.285,1485.8109,0.0,0.0,0.0,1467.34997558594,no_change,,0.0,0.0
SPXW,2026-09-30,40,Put,6210.0,SPXW260930P06210000,5.4,5.6,5.5,9.25,0.0,0.0,0.0,199.0,0.3182,-0.0187,0.0001,1.205,-0.4405,-0.1506,5.4708,0.0,0.0,0.0,6.95000004768372,down,2026-08-06T11:28:31,0.0,0.0
SPXW,2026-09-30,40,Call,6220.0,SPXW260930C06220000,1468.4,1489.2,1478.8000000000002,0.0,0.0,0.0,0.0,0.0,0.3158,0.9809,0.0001,1.2208,-0.4444,6.293,1475.9282,0.0,0.0,0.0,1457.04998779297,no_change,,0.0,0.0
SPXW,2026-09-30,40,Put,6220.0,SPXW260930P06220000,5.4,5.6,5.5,6.6,0.0,0.0,0.0,20.0,0.317,-0.019,0.0001,1.2213,-0.4445,-0.1529,5.5426,0.0,0.0,0.0,7.0,down,2026-08-17T16:00:06,0.0,0.0
SPXW,2026-09-30,40,Call,6225.0,SPXW260930C06225000,1463.9,1484.3,1474.1,1365.07,0.0,0.0,0.0,10.0,0.3155,0.9808,0.0001,1.229,-0.4464,6.297,1470.9873,0.0,0.0,0.0,1452.09997558594,up,2026-07-01T12:47:39,0.0,0.0
SPXW,2026-09-30,40,Put,6225.0,SPXW260930P06225000,5.5,5.7,5.6,10.5,0.0,0.0,0.0,376.0,0.316,-0.0191,0.0001,1.2295,-0.4465,-0.1541,5.579,0.0,0.0,0.0,7.09999990463257,down,2026-08-04T11:54:20,0.0,0.0
SPXW,2026-09-30,40,Call,6230.0,SPXW260930C06230000,1456.0,1479.3,1467.65,0.0,0.0,0.0,0.0,0.0,0.3142,0.9806,0.0001,1.2373,-0.4484,6.301,1466.0467,0.0,0.0,0.0,1447.15002441406,no_change,,0.0,0.0
SPXW,2026-09-30,40,Put,6230.0,SPXW260930P06230000,5.5,5.7,5.6,7.68,0.0,0.0,0.0,133.0,0.3158,-0.0192,0.0001,1.2378,-0.4486,-0.1553,5.6156,0.0,0.0,0.0,7.09999990463257,down,2026-08-10T10:23:08,0.0,0.0
SPXW,2026-09-30,40,Call,6240.0,SPXW260930C06240000,1445.5,1469.4,1457.45,0.0,0.0,0.0,0.0,0.0,0.3135,0.9803,0.0001,1.2541,-0.4525,6.3089,1456.1664,0.0,0.0,0.0,1437.29998779297,no_change,,0.0,0.0
SPXW,2026-09-30,40,Put,6240.0,SPXW260930P06240000,5.6,5.8,5.699999999999999,7.55,0.0,0.0,0.0,77.0,0.3142,-0.0196,0.0001,1.2546,-0.4526,-0.1578,5.6897,0.0,0.0,0.0,7.20000004768372,down,2026-08-18T11:35:28,0.0,0.0
SPXW,2026-09-30,40,Call,6250.0,SPXW260930C06250000,1435.9,1459.6,1447.75,664.08,0.0,0.0,0.0,11.0,0.3119,0.98,0.0001,1.2712,-0.4566,6.3167,1446.2872,0.0,0.0,0.0,1427.64996337891,up,2026-04-01T15:41:52,0.0,0.0
SPXW,2026-09-30,40,Put,6250.0,SPXW260930P06250000,5.7,5.9,5.800000000000001,7.2,0.0,0.0,0.0,894.0,0.3125,-0.0199,0.0001,1.2717,-0.4568,-0.1603,5.7651,0.0,0.0,0.0,7.35000014305115,up,2026-08-20T15:53:56,0.0,0.0
SPXW,2026-09-30,40,Call,6260.0,SPXW260930C06260000,1428.9,1449.7,1439.3000000000002,656.68,0.0,0.0,0.0,1.0,0.3103,0.9797,0.0001,1.2885,-0.4608,6.3245,1436.4093,0.0,0.0,0.0,1417.65002441406,up,2026-04-01T15:41:52,0.0,0.0
SPXW,2026-09-30,40,Put,6260.0,SPXW260930P06260000,5.7,5.9,5.800000000000001,9.1,0.0,0.0,0.0,162.0,0.3113,-0.0202,0.0001,1.289,-0.4609,-0.1629,5.8416,0.0,0.0,0.0,7.40000009536743,no_change,2026-08-07T14:14:11,0.0,0.0
SPXW,2026-09-30,40,Call,6270.0,SPXW260930C06270000,1415.9,1439.8,1427.85,0.0,0.0,0.0,0.0,0.0,0.3087,0.9794,0.0001,1.3061,-0.465,6.3322,1426.5328,0.0,0.0,0.0,1408.09997558594,no_change,,0.0,0.0
SPXW,2026-09-30,40,Put,6270.0,SPXW260930P06270000,5.8,6.0,5.9,6.9,0.0,0.0,0.0,55.0,0.31,-0.0205,0.0001,1.3066,-0.4651,-0.1655,5.9195,0.0,0.0,0.0,7.5,no_change,2026-08-17T14:11:30,0.0,0.0
SPXW,2026-09-30,40,Call,6275.0,SPXW260930C06275000,1411.2,1434.9,1423.0500000000002,632.9,0.0,0.0,0.0,17.0,0.3083,0.9792,0.0001,1.315,-0.4671,6.3361,1421.5949,0.0,0.0,0.0,1403.0,up,2026-04-06T10:06:29,0.0,0.0
SPXW,2026-09-30,40,Put,6275.0,SPXW260930P06275000,5.8,6.1,5.949999999999999,7.07,0.0,0.0,0.0,93.0,0.309,-0.0207,0.0001,1.3154,-0.4672,-0.1668,5.9589,0.0,0.0,0.0,7.59999990463257,down,2026-08-17T15:50:48,0.0,0.0
SPXW,2026-09-30,40,Call,6280.0,SPXW260930C06280000,1406.0,1429.9,1417.95,0.0,0.0,0.0,0.0,0.0,0.3071,0.979,0.0001,1.324,-0.4692,6.3399,1416.6575,0.0,0.0,0.0,1398.40002441406,no_change,,0.0,0.0
SPXW,2026-09-30,40,Put,6280.0,SPXW260930P06280000,5.9,6.1,6.0,14.0,0.0,0.0,0.0,76.0,0.3088,-0.0208,0.0001,1.3244,-0.4694,-0.1682,5.9987,0.0,0.0,0.0,7.59999990463257,no_change,2026-08-03T11:11:20,0.0,0.0
SPXW,2026-09-30,40,Call,6290.0,SPXW260930C06290000,1396.8,1420.0,1408.4,525.4,0.0,0.0,0.0,2.0,0.3063,0.9787,0.0001,1.3421,-0.4735,6.3475,1406.7835,0.0,0.0,0.0,1388.0,down,2026-03-27T14:06:24,0.0,0.0
SPXW,2026-09-30,40,Put,6290.0,SPXW260930P06290000,6.0,6.2,6.1,6.11,-1.59,-20.6494,2.0,185.0,0.3067,-0.0212,0.0001,1.3423,-0.4736,-0.1709,6.0785,6.11,6.11,6.11,7.70000004768372,no_change,2026-08-21T15:24:46,0.0,0.0
SPXW,2026-09-30,40,Call,6300.0,SPXW260930C06300000,1389.9,1410.2,1400.0500000000002,1310.17,0.0,0.0,0.0,33.0,0.3046,0.9784,0.0001,1.3604,-0.4779,6.3551,1396.911,0.0,0.0,0.0,1378.20001220703,up,2026-07-15T12:05:31,0.0,0.0
SPXW,2026-09-30,40,Put,6300.0,SPXW260930P06300000,6.0,6.3,6.15,7.73,0.0,0.0,0.0,1037.0,0.3054,-0.0215,0.0001,1.3604,-0.478,-0.1737,6.1595,0.0,0.0,0.0,7.79999995231628,down,2026-08-20T16:01:19,0.0,0.0
SPXW,2026-09-30,40,Call,6305.0,SPXW260930C06305000,1381.3,1404.3,1392.8,0.0,0.0,0.0,0.0,0.0,0.3042,0.9782,0.0001,1.3697,-0.4801,6.3588,1391.9753,0.0,0.0,0.0,1373.25,no_change,,0.0,0.0
SPXW,2026-09-30,40,Put,6305.0,SPXW260930P06305000,6.1,6.3,6.199999999999999,6.8,0.0,0.0,0.0,24.0,0.3052,-0.0217,0.0001,1.3697,-0.4801,-0.1751,6.201,0.0,0.0,0.0,7.90000009536743,down,2026-08-13T10:34:39,0.0,0.0
SPXW,2026-09-30,40,Call,6310.0,SPXW260930C06310000,1376.8,1400.3,1388.55,0.0,0.0,0.0,0.0,0.0,0.303,0.978,0.0001,1.379,-0.4823,6.3626,1387.0399,0.0,0.0,0.0,1368.29998779297,no_change,,0.0,0.0
SPXW,2026-09-30,40,Put,6310.0,SPXW260930P06310000,6.1,6.4,6.25,6.9,0.0,0.0,0.0,49.0,0.3041,-0.0218,0.0001,1.379,-0.4823,-0.1765,6.2428,0.0,0.0,0.0,7.9500002861023,down,2026-08-13T10:35:06,0.0,0.0
SPXW,2026-09-30,40,Call,6315.0,SPXW260930C06315000,1371.4,1395.3,1383.35,574.95,0.0,0.0,0.0,1.0,0.3025,0.9778,0.0001,1.3884,-0.4845,6.3663,1382.1049,0.0,0.0,0.0,1363.5,down,2026-04-02T10:25:29,0.0,0.0
SPXW,2026-09-30,40,Put,6315.0,SPXW260930P06315000,6.2,6.4,6.300000000000001,29.0,0.0,0.0,0.0,31.0,0.3035,-0.022,0.0001,1.3884,-0.4845,-0.178,6.2843,0.0,0.0,0.0,8.00000023841858,down,2026-07-27T13:51:25,0.0,0.0
SPXW,2026-09-30,40,Call,6320.0,SPXW260930C06320000,1366.7,1390.4,1378.5500000000002,0.0,0.0,0.0,0.0,0.0,0.3021,0.9777,0.0001,1.3978,-0.4867,6.37,1377.1702,0.0,0.0,0.0,1358.5,no_change,,0.0,0.0
SPXW,2026-09-30,40,Put,6320.0,SPXW260930P06320000,6.2,6.4,6.300000000000001,8.0,0.0,0.0,0.0,56.0,0.3028,-0.0222,0.0001,1.3978,-0.4868,-0.1794,6.3276,0.0,0.0,0.0,8.04999995231628,up,2026-08-18T09:44:59,0.0,0.0
SPXW,2026-09-30,40,Call,6325.0,SPXW260930C06325000,1365.2,1385.5,1375.35,994.03,0.0,0.0,0.0,2.0,0.3009,0.9775,0.0001,1.4073,-0.489,6.3738,1372.236,0.0,0.0,0.0,1353.54998779297,up,2026-04-17T13:42:19,0.0,0.0
SPXW,2026-09-30,40,Put,6325.0,SPXW260930P06325000,6.3,6.5,6.4,8.1,0.0,0.0,0.0,3020.0,0.3018,-0.0224,0.0001,1.4076,-0.4891,-0.1809,6.3715,0.0,0.0,0.0,8.09999990463257,down,2026-08-18T14:24:37,0.0,0.0
SPXW,2026-09-30,40,Call,6330.0,SPXW260930C06330000,1359.8,1380.6,1370.1999999999998,989.51,0.0,0.0,0.0,14.0,0.3004,0.9773,0.0001,1.4169,-0.4912,6.3774,1367.3021,0.0,0.0,0.0,1348.65002441406,up,2026-04-17T13:42:19,0.0,0.0
SPXW,2026-09-30,40,Put,6330.0,SPXW260930P06330000,6.3,6.5,6.4,6.6,-1.55,-19.0184,1.0,60.0,0.3015,-0.0226,0.0001,1.4169,-0.4913,-0.1824,6.4139,6.6,6.6,6.6,8.15000009536743,down,2026-08-21T13:51:37,0.0,0.0
SPXW,2026-09-30,40,Call,6335.0,SPXW260930C06335000,1351.7,1374.7,1363.2,594.69,0.0,0.0,0.0,8.0,0.2992,0.9771,0.0001,1.4266,-0.4935,6.3811,1362.3686,0.0,0.0,0.0,1344.14996337891,up,2026-04-06T11:15:02,0.0,0.0
SPXW,2026-09-30,40,Put,6335.0,SPXW260930P06335000,6.3,6.6,6.449999999999999,7.1,0.0,0.0,0.0,35.0,0.3005,-0.0227,0.0001,1.4266,-0.4935,-0.1839,6.4576,0.0,0.0,0.0,8.2000002861023,down,2026-08-13T10:33:35,0.0,0.0
SPXW,2026-09-30,40,Call,6340.0,SPXW260930C06340000,1347.2,1370.7,1358.95,750.08,0.0,0.0,0.0,2.0,0.2988,0.9769,0.0001,1.4363,-0.4958,6.3848,1357.4355,0.0,0.0,0.0,1339.19995117188,down,2025-11-19T14:39:39,0.0,0.0
SPXW,2026-09-30,40,Put,6340.0,SPXW260930P06340000,6.4,6.6,6.5,7.78,0.0,0.0,0.0,207.0,0.3002,-0.0229,0.0001,1.4363,-0.4958,-0.1854,6.5017,0.0,0.0,0.0,8.2999997138977,up,2026-08-17T13:29:44,0.0,0.0
SPXW,2026-09-30,40,Call,6345.0,SPXW260930C06345000,1342.1,1365.8,1353.9499999999998,1111.8,0.0,0.0,0.0,5.0,0.2983,0.9768,0.0001,1.446,-0.4981,6.3884,1352.5028,0.0,0.0,0.0,1334.25,up,2026-07-23T15:45:49,0.0,0.0
SPXW,2026-09-30,40,Put,6345.0,SPXW260930P06345000,6.4,6.7,6.550000000000001,7.4,0.0,0.0,0.0,55.0,0.2991,-0.0231,0.0001,1.446,-0.4981,-0.1869,6.5462,0.0,0.0,0.0,8.2999997138977,no_change,2026-08-13T10:07:30,0.0,0.0
SPXW,2026-09-30,40,Call,6350.0,SPXW260930C06350000,1336.9,1360.8,1348.85,1086.28,0.0,0.0,0.0,15.0,0.2971,0.9766,0.0001,1.4559,-0.5004,6.3921,1347.5705,0.0,0.0,0.0,1328.95001220703,down,2026-07-29T15:25:43,0.0,0.0
SPXW,2026-09-30,40,Put,6350.0,SPXW260930P06350000,6.5,6.7,6.6,6.6,-1.8,-21.4286,4.0,384.0,0.2988,-0.0233,0.0001,1.4559,-0.5004,-0.1884,6.591,7.33,7.33,6.6,8.40000009536743,no_change,2026-08-21T16:06:37,0.0,0.0
SPXW,2026-09-30,40,Call,6355.0,SPXW260930C06355000,1332.2,1355.9,1344.0500000000002,0.0,0.0,0.0,0.0,0.0,0.2966,0.9764,0.0001,1.4658,-0.5027,6.3957,1342.6385,0.0,0.0,0.0,1324.04998779297,no_change,,0.0,0.0
SPXW,2026-09-30,40,Put,6355.0,SPXW260930P06355000,6.5,6.8,6.65,7.4,0.0,0.0,0.0,99.0,0.2978,-0.0235,0.0001,1.4658,-0.5027,-0.19,6.6363,0.0,0.0,0.0,8.4500002861023,no_change,2026-08-13T10:12:53,0.0,0.0
SPXW,2026-09-30,40,Call,6360.0,SPXW260930C06360000,1327.0,1351.0,1339.0,609.6,0.0,0.0,0.0,6.0,0.2962,0.9762,0.0001,1.4758,-0.505,6.3993,1337.707,0.0,0.0,0.0,1319.09997558594,down,2026-03-19T09:41:28,0.0,0.0
SPXW,2026-09-30,40,Put,6360.0,SPXW260930P06360000,6.6,6.8,6.699999999999999,8.5,0.0,0.0,0.0,52.0,0.297,-0.0237,0.0001,1.476,-0.5051,-0.1916,6.6831,0.0,0.0,0.0,8.5,down,2026-08-18T15:44:53,0.0,0.0
SPXW,2026-09-30,40,Call,6365.0,SPXW260930C06365000,1325.2,1346.0,1335.6,479.5,0.0,0.0,0.0,10.0,0.2957,0.976,0.0001,1.4859,-0.5074,6.4029,1332.7759,0.0,0.0,0.0,1314.75,up,2026-03-27T14:43:36,0.0,0.0
SPXW,2026-09-30,40,Put,6365.0,SPXW260930P06365000,6.6,6.8,6.699999999999999,7.3,-1.25,-14.6199,36.0,414.0,0.2964,-0.0239,0.0001,1.4858,-0.5074,-0.1931,6.7281,7.3,7.3,7.3,8.5499997138977,up,2026-08-21T10:20:13,0.0,0.0
SPXW,2026-09-30,40,Call,6370.0,SPXW260930C06370000,1317.4,1341.1,1329.25,1188.5,0.0,0.0,0.0,6.0,0.2945,0.9758,0.0001,1.496,-0.5097,6.4065,1327.8453,0.0,0.0,0.0,1309.29998779297,up,2026-07-22T09:35:20,0.0,0.0
SPXW,2026-09-30,40,Put,6370.0,SPXW260930P06370000,6.7,6.9,6.800000000000001,54.17,0.0,0.0,0.0,91.0,0.2957,-0.0241,0.0001,1.4962,-0.5098,-0.1947,6.7757,0.0,0.0,0.0,8.59999990463257,down,2026-06-24T15:57:07,0.0,0.0
SPXW,2026-09-30,40,Call,6375.0,SPXW260930C06375000,1316.8,1336.2,1326.5,811.97,0.0,0.0,0.0,14.0,0.294,0.9756,0.0001,1.5062,-0.5121,6.4101,1322.915,0.0,0.0,0.0,1304.5,down,2026-02-24T15:41:44,0.0,0.0
SPXW,2026-09-30,40,Put,6375.0,SPXW260930P06375000,6.7,6.9,6.800000000000001,8.11,0.0,0.0,0.0,367.0,0.295,-0.0243,0.0001,1.5062,-0.5121,-0.1963,6.8216,0.0,0.0,0.0,8.7000002861023,no_change,2026-08-17T15:41:45,0.0,0.0
SPXW,2026-09-30,40,Call,6380.0,SPXW260930C06380000,1310.4,1331.2,1320.8000000000002,853.3,0.0,0.0,0.0,4.0,0.2935,0.9754,0.0001,1.5165,-0.5145,6.4137,1317.9852,0.0,0.0,0.0,1299.45001220703,down,2025-11-26T11:50:47,0.0,0.0
SPXW,2026-09-30,40,Put,6380.0,SPXW260930P06380000,6.8,7.0,6.9,6.91,-1.84,-21.0286,1.0,347.0,0.2943,-0.0245,0.0001,1.5165,-0.5145,-0.1979,6.869,6.91,6.91,6.91,8.75,down,2026-08-21T15:25:07,0.0,0.0
SPXW,2026-09-30,40,Call,6385.0,SPXW260930C06385000,1302.4,1325.4,1313.9,459.64,0.0,0.0,0.0,3.0,0.2923,0.9752,0.0001,1.5269,-0.5169,6.4172,1313.0558,0.0,0.0,0.0,1294.95001220703,up,2026-03-30T10:30:22,0.0,0.0
SPXW,2026-09-30,40,Put,6385.0,SPXW260930P06385000,6.8,7.0,6.9,6.81,-1.99,-22.6136,1.0,102.0,0.2936,-0.0247,0.0001,1.5268,-0.5169,-0.1995,6.9168,6.81,6.81,6.81,8.7999997138977,down,2026-08-21T15:45:56,0.0,0.0
SPXW,2026-09-30,40,Call,6390.0,SPXW260930C06390000,1300.6,1321.4,1311.0,1048.28,0.0,0.0,0.0,7.0,0.2918,0.975,0.0001,1.5374,-0.5193,6.4208,1308.1268,0.0,0.0,0.0,1290.04998779297,down,2026-07-29T15:25:43,0.0,0.0
SPXW,2026-09-30,40,Put,6390.0,SPXW260930P06390000,6.9,7.1,7.0,7.76,0.0,0.0,0.0,65.0,0.2929,-0.0249,0.0001,1.5373,-0.5193,-0.2012,6.965,0.0,0.0,0.0,8.90000009536743,up,2026-08-19T10:03:12,0.0,0.0
SPXW,2026-09-30,40,Call,6395.0,SPXW260930C06395000,1292.7,1316.5,1304.6,933.64,0.0,0.0,0.0,1.0,0.2913,0.9748,0.0001,1.548,-0.5217,6.4243,1303.1983,0.0,0.0,0.0,1284.75,up,2026-04-17T13:42:19,0.0,0.0
SPXW,2026-09-30,40,Put,6395.0,SPXW260930P06395000,6.9,7.1,7.0,7.8,0.0,0.0,0.0,52.0,0.2922,-0.0251,0.0001,1.5478,-0.5217,-0.2028,7.0137,0.0,0.0,0.0,8.90000009536743,down,2026-08-13T10:11:46,0.0,0.0
SPXW,2026-09-30,40,Call,6400.0,SPXW260930C06400000,1291.2,1311.5,1301.35,1104.86,0.0,0.0,0.0,235.0,0.2901,0.9746,0.0001,1.5586,-0.5242,6.4278,1298.2702,0.0,0.0,0.0,1279.84997558594,down,2026-07-28T11:57:51,0.0,0.0
SPXW,2026-09-30,40,Put,6400.0,SPXW260930P06400000,6.9,7.2,7.050000000000001,7.41,-1.59,-17.6667,2.0,3091.0,0.2915,-0.0253,0.0001,1.5585,-0.5241,-0.2045,7.0628,7.41,7.41,7.41,9.0,down,2026-08-21T12:35:53,0.0,0.0
SPXW,2026-09-30,40,Call,6405.0,SPXW260930C06405000,1282.9,1306.6,1294.75,690.88,0.0,0.0,0.0,17.0,0.2895,0.9744,0.0001,1.5694,-0.5266,6.4313,1293.3426,0.0,0.0,0.0,1274.89996337891,up,2026-04-10T09:39:48,0.0,0.0
SPXW,2026-09-30,40,Put,6405.0,SPXW260930P06405000,7.0,7.2,7.1,7.9,0.0,0.0,0.0,67.0,0.2908,-0.0255,0.0001,1.5692,-0.5266,-0.2062,7.1123,0.0,0.0,0.0,9.0499997138977,down,2026-08-19T09:44:10,0.0,0.0
SPXW,2026-09-30,40,Call,6410.0,SPXW260930C06410000,1277.7,1301.0,1289.35,1209.4,0.0,0.0,0.0,5.0,0.289,0.9742,0.0001,1.5802,-0.5291,6.4347,1288.4154,0.0,0.0,0.0,1270.10003662109,down,2026-07-16T10:04:12,0.0,0.0
SPXW,2026-09-30,40,Put,6410.0,SPXW260930P06410000,7.0,7.3,7.15,10.22,0.0,0.0,0.0,72.0,0.2901,-0.0257,0.0001,1.5801,-0.529,-0.2079,7.1624,0.0,0.0,0.0,9.09999990463257,down,2026-08-11T11:52:44,0.0,0.0
SPXW,2026-09-30,40,Call,6415.0,SPXW260930C06415000,1272.8,1296.7,1284.75,1204.7,0.0,0.0,0.0,5.0,0.2885,0.9739,0.0001,1.5912,-0.5316,6.4382,1283.4887,0.0,0.0,0.0,1265.10003662109,down,2026-07-16T10:04:12,0.0,0.0
SPXW,2026-09-30,40,Put,6415.0,SPXW260930P06415000,7.1,7.3,7.199999999999999,7.5,0.0,0.0,0.0,32.0,0.2894,-0.0259,0.0001,1.591,-0.5315,-0.2096,7.2128,0.0,0.0,0.0,9.2000002861023,no_change,2026-08-19T15:59:31,0.0,0.0
SPXW,2026-09-30,40,Call,6420.0,SPXW260930C06420000,1268.1,1291.8,1279.9499999999998,431.65,0.0,0.0,0.0,1.0,0.2873,0.9737,0.0001,1.6022,-0.534,6.4416,1278.5624,0.0,0.0,0.0,1260.54998779297,down,2026-03-30T13:14:01,0.0,0.0
SPXW,2026-09-30,40,Put,6420.0,SPXW260930P06420000,7.1,7.4,7.25,7.6,0.0,0.0,0.0,143.0,0.2886,-0.0261,0.0001,1.602,-0.534,-0.2113,7.2638,0.0,0.0,0.0,9.25,up,2026-08-19T15:59:47,0.0,0.0
SPXW,2026-09-30,40,Call,6425.0,SPXW260930C06425000,1266.6,1286.9,1276.75,726.99,0.0,0.0,0.0,2.0,0.2868,0.9735,0.0001,1.6134,-0.5366,6.4451,1273.6367,0.0,0.0,0.0,1255.64996337891,down,2025-12-17T13:05:58,0.0,0.0
SPXW,2026-09-30,40,Put,6425.0,SPXW260930P06425000,7.2,7.4,7.300000000000001,7.6,0.0,0.0,0.0,2729.0,0.2879,-0.0264,0.0001,1.6132,-0.5365,-0.2131,7.3152,0.0,0.0,0.0,9.2999997138977,down,2026-08-19T15:58:09,0.0,0.0
SPXW,2026-09-30,40,Call,6430.0,SPXW260930C06430000,1258.0,1281.9,1269.95,0.0,0.0,0.0,0.0,3.0,0.2862,0.9733,0.0001,1.6246,-0.5391,6.4485,1268.7114,0.0,0.0,0.0,1250.34997558594,no_change,,0.0,0.0
SPXW,2026-09-30,40,Put,6430.0,SPXW260930P06430000,7.3,7.5,7.4,75.31,0.0,0.0,0.0,102.0,0.2872,-0.0266,0.0001,1.6244,-0.5391,-0.2149,7.3671,0.0,0.0,0.0,9.40000009536743,down,2026-06-05T15:33:12,0.0,0.0
SPXW,2026-09-30,40,Call,6435.0,SPXW260930C06435000,1253.1,1277.0,1265.05,541.05,0.0,0.0,0.0,6.0,0.285,0.973,0.0001,1.636,-0.5416,6.4519,1263.7866,0.0,0.0,0.0,1245.45001220703,down,2026-04-01T13:07:37,0.0,0.0
SPXW,2026-09-30,40,Put,6435.0,SPXW260930P06435000,7.3,7.5,7.4,7.7,0.0,0.0,0.0,57.0,0.2865,-0.0268,0.0001,1.6358,-0.5416,-0.2166,7.4195,0.0,0.0,0.0,9.4500002861023,no_change,2026-08-19T15:59:29,0.0,0.0
SPXW,2026-09-30,40,Call,6440.0,SPXW260930C06440000,1251.3,1272.1,1261.6999999999998,1190.93,0.0,0.0,0.0,18.0,0.2845,0.9728,0.0001,1.6475,-0.5442,6.4552,1258.8623,0.0,0.0,0.0,1240.60003662109,up,2026-05-22T09:39:35,0.0,0.0
SPXW,2026-09-30,40,Put,6440.0,SPXW260930P06440000,7.4,7.6,7.5,8.4,0.0,0.0,0.0,52.0,0.2857,-0.027,0.0001,1.6476,-0.5442,-0.2185,7.4737,0.0,0.0,0.0,9.5,down,2026-08-13T09:51:49,0.0,0.0
SPXW,2026-09-30,40,Call,6445.0,SPXW260930C06445000,1243.5,1267.2,1255.35,515.0,0.0,0.0,0.0,24.0,0.284,0.9726,0.0001,1.6591,-0.5468,6.4586,1253.9385,0.0,0.0,0.0,1235.59997558594,down,2026-04-06T11:29:39,0.0,0.0
SPXW,2026-09-30,40,Put,6445.0,SPXW260930P06445000,7.4,7.6,7.5,25.02,0.0,0.0,0.0,222.0,0.285,-0.0273,0.0001,1.6589,-0.5467,-0.2203,7.5258,0.0,0.0,0.0,9.59999990463257,down,2026-07-31T12:03:11,0.0,0.0
SPXW,2026-09-30,40,Call,6450.0,SPXW260930C06450000,1242.9,1262.3,1252.6,1067.28,0.0,0.0,0.0,18.0,0.2834,0.9724,0.0001,1.6708,-0.5494,6.4619,1249.0153,0.0,0.0,0.0,1231.29998779297,up,2026-05-12T11:35:04,0.0,0.0
SPXW,2026-09-30,40,Put,6450.0,SPXW260930P06450000,7.5,7.7,7.6,7.8,-1.85,-19.171,3.0,427.0,0.2842,-0.0275,0.0001,1.6708,-0.5494,-0.2222,7.5807,7.6,7.8,7.6,9.65000009536743,up,2026-08-21T15:59:55,0.0,0.0
SPXW,2026-09-30,40,Call,6455.0,SPXW260930C06455000,1233.4,1257.3,1245.35,512.8,0.0,0.0,0.0,6.0,0.2828,0.9721,0.0001,1.6826,-0.552,6.4652,1244.0925,0.0,0.0,0.0,1225.84997558594,up,2026-04-06T10:58:08,0.0,0.0
SPXW,2026-09-30,40,Put,6455.0,SPXW260930P06455000,7.5,7.8,7.65,13.9,0.0,0.0,0.0,312.0,0.2835,-0.0277,0.0001,1.6824,-0.5519,-0.224,7.6342,0.0,0.0,0.0,9.7000002861023,down,2026-08-04T13:38:49,0.0,0.0
SPXW,2026-09-30,40,Call,6460.0,SPXW260930C06460000,1231.6,1252.4,1242.0,1173.07,0.0,0.0,0.0,11.0,0.2816,0.9719,0.0001,1.6946,-0.5546,6.4685,1239.1703,0.0,0.0,0.0,1220.94995117188,up,2026-05-22T09:39:35,0.0,0.0
SPXW,2026-09-30,40,Put,6460.0,SPXW260930P06460000,7.6,7.8,7.699999999999999,11.0,0.0,0.0,0.0,109.0,0.2831,-0.028,0.0001,1.6944,-0.5545,-0.2259,7.6891,0.0,0.0,0.0,9.7999997138977,down,2026-08-10T12:55:29,0.0,0.0
SPXW,2026-09-30,40,Call,6465.0,SPXW260930C06465000,1223.6,1247.5,1235.55,1078.0,0.0,0.0,0.0,1.0,0.2811,0.9717,0.0001,1.7066,-0.5572,6.4718,1234.2486,0.0,0.0,0.0,1215.95001220703,up,2026-07-20T14:29:02,0.0,0.0
SPXW,2026-09-30,40,Put,6465.0,SPXW260930P06465000,7.6,7.9,7.75,33.3,0.0,0.0,0.0,16.0,0.2821,-0.0282,0.0001,1.7064,-0.5572,-0.2278,7.7446,0.0,0.0,0.0,9.84999990463257,down,2026-07-20T14:23:43,0.0,0.0
SPXW,2026-09-30,40,Call,6470.0,SPXW260930C06470000,1219.1,1242.6,1230.85,0.0,0.0,0.0,0.0,0.0,0.2805,0.9714,0.0001,1.7188,-0.5599,6.475,1229.3274,0.0,0.0,0.0,1211.10003662109,no_change,,0.0,0.0
SPXW,2026-09-30,40,Put,6470.0,SPXW260930P06470000,7.7,7.9,7.800000000000001,18.76,0.0,0.0,0.0,129.0,0.2816,-0.0284,0.0001,1.7186,-0.5598,-0.2297,7.8006,0.0,0.0,0.0,9.90000009536743,down,2026-08-03T10:12:32,0.0,0.0
SPXW,2026-09-30,40,Call,6475.0,SPXW260930C06475000,1218.3,1237.6,1227.9499999999998,834.37,0.0,0.0,0.0,0.0,0.2799,0.9712,0.0001,1.7312,-0.5625,6.4782,1224.4068,0.0,0.0,0.0,1206.15002441406,down,2025-11-12T09:41:42,0.0,0.0
SPXW,2026-09-30,40,Put,6475.0,SPXW260930P06475000,7.7,8.0,7.85,8.3,0.0,0.0,0.0,79.0,0.2809,-0.0287,0.0001,1.7309,-0.5625,-0.2317,7.8572,0.0,0.0,0.0,10.0,down,2026-08-19T15:57:00,0.0,0.0
SPXW,2026-09-30,40,Call,6480.0,SPXW260930C06480000,1212.0,1232.7,1222.35,402.05,0.0,0.0,0.0,83.0,0.2787,0.9709,0.0001,1.7436,-0.5652,6.4814,1219.4867,0.0,0.0,0.0,1201.25,down,2026-03-30T10:55:44,0.0,0.0
SPXW,2026-09-30,40,Put,6480.0,SPXW260930P06480000,7.8,8.0,7.9,8.2,-1.85,-18.408,3.0,84.0,0.2801,-0.0289,0.0001,1.7433,-0.5651,-0.2337,7.9143,8.2,8.2,8.2,10.0499997138977,down,2026-08-21T11:22:48,0.0,0.0
SPXW,2026-09-30,40,Call,6485.0,SPXW260930C06485000,1207.0,1227.8,1217.4,660.7,0.0,0.0,0.0,2.0,0.2782,0.9707,0.0001,1.7562,-0.5679,6.4846,1214.5673,0.0,0.0,0.0,1196.34997558594,down,2025-11-18T12:05:59,0.0,0.0
SPXW,2026-09-30,40,Put,6485.0,SPXW260930P06485000,7.8,8.1,7.949999999999999,14.2,0.0,0.0,0.0,183.0,0.2794,-0.0292,0.0001,1.7559,-0.5678,-0.2357,7.972,0.0,0.0,0.0,10.1500000953674,down,2026-08-04T12:13:06,0.0,0.0
SPXW,2026-09-30,40,Call,6490.0,SPXW260930C06490000,1202.1,1222.9,1212.5,508.04,0.0,0.0,0.0,32.0,0.2776,0.9704,0.0001,1.7688,-0.5706,6.4877,1209.6484,0.0,0.0,0.0,1191.45001220703,up,2026-04-07T16:13:04,0.0,0.0
SPXW,2026-09-30,40,Put,6490.0,SPXW260930P06490000,7.9,8.1,8.0,11.41,0.0,0.0,0.0,289.0,0.2786,-0.0294,0.0001,1.7685,-0.5706,-0.2377,8.0303,0.0,0.0,0.0,10.2000002861023,down,2026-08-11T09:54:37,0.0,0.0
SPXW,2026-09-30,40,Call,6495.0,SPXW260930C06495000,1197.3,1218.0,1207.65,0.0,0.0,0.0,0.0,0.0,0.277,0.9702,0.0001,1.7816,-0.5734,6.4908,1204.73,0.0,0.0,0.0,1186.54998779297,no_change,,0.0,0.0
SPXW,2026-09-30,40,Put,6495.0,SPXW260930P06495000,8.0,8.2,8.1,38.27,0.0,0.0,0.0,362.0,0.2781,-0.0297,0.0001,1.7816,-0.5733,-0.2398,8.0905,0.0,0.0,0.0,10.2999997138977,no_change,2026-07-17T10:03:56,0.0,0.0
SPXW,2026-09-30,40,Call,6500.0,SPXW260930C06500000,1192.8,1213.0,1202.9,1210.63,0.0,0.0,0.0,519.0,0.2764,0.9699,0.0001,1.7945,-0.5761,6.4939,1199.8123,0.0,0.0,0.0,1181.65002441406,up,2026-08-20T12:37:29,0.0,0.0
SPXW,2026-09-30,40,Put,6500.0,SPXW260930P06500000,8.0,8.3,8.15,8.3,-2.1,-20.1923,502.0,10800.0,0.2776,-0.0299,0.0001,1.7945,-0.5761,-0.2419,8.1504,8.8,8.8,8.3,10.4000000953674,no_change,2026-08-21T11:52:37,0.0,0.0
SPXW,2026-09-30,40,Call,6505.0,SPXW260930C06505000,1184.2,1208.1,1196.15,477.0,0.0,0.0,0.0,7.0,0.2752,0.9696,0.0001,1.8076,-0.5789,6.497,1194.8952,0.0,0.0,0.0,1176.75,up,2026-04-01T10:00:35,0.0,0.0
SPXW,2026-09-30,40,Put,6505.0,SPXW260930P06505000,8.1,8.3,8.2,9.2,0.0,0.0,0.0,704.0,0.2766,-0.0302,0.0001,1.8076,-0.5788,-0.244,8.2101,0.0,0.0,0.0,10.4500002861023,down,2026-08-13T09:41:34,0.0,0.0
SPXW,2026-09-30,40,Call,6510.0,SPXW260930C06510000,1179.3,1202.1,1190.6999999999998,478.52,0.0,0.0,0.0,4.0,0.2746,0.9694,0.0001,1.8207,-0.5817,6.5,1189.9787,0.0,0.0,0.0,1171.84997558594,up,2026-04-06T15:17:05,0.0,0.0
SPXW,2026-09-30,40,Put,6510.0,SPXW260930P06510000,8.1,8.4,8.25,9.3,0.0,0.0,0.0,184.0,0.2758,-0.0305,0.0001,1.8204,-0.5816,-0.2461,8.2693,0.0,0.0,0.0,10.5,down,2026-08-13T09:42:25,0.0,0.0
SPXW,2026-09-30,40,Call,6515.0,SPXW260930C06515000,1177.5,1198.3,1187.9,569.53,0.0,0.0,0.0,9.0,0.274,0.9691,0.0001,1.834,-0.5845,6.503,1185.0628,0.0,0.0,0.0,1166.95001220703,down,2026-04-08T14:45:34,0.0,0.0
SPXW,2026-09-30,40,Put,6515.0,SPXW260930P06515000,8.2,8.4,8.3,40.8,0.0,0.0,0.0,103.0,0.275,-0.0307,0.0001,1.834,-0.5844,-0.2484,8.3321,0.0,0.0,0.0,10.5999999046326,down,2026-07-01T10:26:12,0.0,0.0
SPXW,2026-09-30,40,Call,6520.0,SPXW260930C06520000,1172.7,1193.4,1183.0500000000002,675.34,0.0,0.0,0.0,11.0,0.2734,0.9688,0.0001,1.8474,-0.5873,6.506,1180.1476,0.0,0.0,0.0,1162.04998779297,up,2026-04-14T11:00:50,0.0,0.0
SPXW,2026-09-30,40,Put,6520.0,SPXW260930P06520000,8.3,8.5,8.4,9.8,0.0,0.0,0.0,248.0,0.2746,-0.031,0.0001,1.8474,-0.5873,-0.2505,8.394,0.0,0.0,0.0,10.6500000953674,down,2026-08-20T09:52:48,0.0,0.0
SPXW,2026-09-30,40,Call,6525.0,SPXW260930C06525000,1169.1,1188.5,1178.8,1106.77,0.0,0.0,0.0,9.0,0.2728,0.9686,0.0001,1.8609,-0.5901,6.509,1175.233,0.0,0.0,0.0,1157.15002441406,up,2026-08-03T11:52:57,0.0,0.0
SPXW,2026-09-30,40,Put,6525.0,SPXW260930P06525000,8.3,8.6,8.45,10.7,0.0,0.0,0.0,85.0,0.2738,-0.0313,0.0001,1.8608,-0.5901,-0.2528,8.4566,0.0,0.0,0.0,10.75,up,2026-08-20T15:55:56,0.0,0.0
SPXW,2026-09-30,40,Call,6530.0,SPXW260930C06530000,1162.8,1183.5,1173.15,462.0,0.0,0.0,0.0,99.0,0.2722,0.9683,0.0001,1.8745,-0.593,6.5119,1170.3191,0.0,0.0,0.0,1152.34997558594,down,2026-04-06T10:58:08,0.0,0.0
SPXW,2026-09-30,40,Put,6530.0,SPXW260930P06530000,8.4,8.6,8.5,12.08,0.0,0.0,0.0,73.0,0.273,-0.0316,0.0001,1.8744,-0.593,-0.255,8.5199,0.0,0.0,0.0,10.8499999046326,down,2026-08-10T09:30:11,0.0,0.0
SPXW,2026-09-30,40,Call,6535.0,SPXW260930C06535000,1157.9,1178.6,1168.25,733.36,0.0,0.0,0.0,2.0,0.271,0.968,0.0001,1.8882,-0.5959,6.5148,1165.4059,0.0,0.0,0.0,1147.75,down,2025-12-02T09:56:02,0.0,0.0
SPXW,2026-09-30,40,Put,6535.0,SPXW260930P06535000,8.5,8.7,8.6,9.7,0.0,0.0,0.0,63.0,0.2725,-0.0318,0.0001,1.8882,-0.5958,-0.2573,8.5838,0.0,0.0,0.0,10.9000000953674,no_change,2026-08-13T14:14:12,0.0,0.0
SPXW,2026-09-30,40,Call,6540.0,SPXW260930C06540000,1152.9,1173.7,1163.3000000000002,667.6,0.0,0.0,0.0,2.0,0.2703,0.9678,0.0001,1.9021,-0.5988,6.5176,1160.4933,0.0,0.0,0.0,1142.45001220703,up,2026-04-14T11:32:16,0.0,0.0
SPXW,2026-09-30,40,Put,6540.0,SPXW260930P06540000,8.5,8.8,8.65,35.85,0.0,0.0,0.0,53.0,0.2717,-0.0321,0.0001,1.902,-0.5987,-0.2596,8.6484,0.0,0.0,0.0,11.0,down,2026-07-24T12:42:11,0.0,0.0
SPXW,2026-09-30,40,Call,6545.0,SPXW260930C06545000,1144.9,1167.6,1156.25,663.7,0.0,0.0,0.0,1.0,0.2697,0.9675,0.0001,1.916,-0.6017,6.5205,1155.5814,0.0,0.0,0.0,1137.54998779297,up,2026-04-14T11:32:16,0.0,0.0
SPXW,2026-09-30,40,Put,6545.0,SPXW260930P06545000,8.6,8.8,8.7,15.81,0.0,0.0,0.0,34.0,0.2709,-0.0324,0.0001,1.9159,-0.6016,-0.2619,8.7137,0.0,0.0,0.0,11.0999999046326,no_change,2026-08-04T14:35:14,0.0,0.0
SPXW,2026-09-30,40,Call,6550.0,SPXW260930C06550000,1144.6,1163.9,1154.25,1101.24,0.0,0.0,0.0,21.0,0.2691,0.9672,0.0001,1.9301,-0.6046,6.5233,1150.6702,0.0,0.0,0.0,1133.29998779297,up,2026-06-16T13:50:16,0.0,0.0
SPXW,2026-09-30,40,Put,6550.0,SPXW260930P06550000,8.6,8.9,8.75,8.8,-2.35,-21.0762,39.0,443.0,0.2701,-0.0327,0.0001,1.9296,-0.6045,-0.2642,8.7781,9.2,9.2,8.8,11.1500000953674,down,2026-08-21T15:32:36,0.0,0.0
SPXW,2026-09-30,40,Call,6555.0,SPXW260930C06555000,1138.3,1159.0,1148.65,784.22,0.0,0.0,0.0,32.0,0.2684,0.9669,0.0001,1.9443,-0.6076,6.5261,1145.7597,0.0,0.0,0.0,1128.14996337891,down,2025-10-31T15:49:11,0.0,0.0
SPXW,2026-09-30,40,Put,6555.0,SPXW260930P06555000,8.7,9.0,8.85,11.5,0.0,0.0,0.0,58.0,0.2696,-0.033,0.0001,1.9441,-0.6075,-0.2667,8.8464,0.0,0.0,0.0,11.25,up,2026-08-18T11:03:31,0.0,0.0
SPXW,2026-09-30,40,Call,6560.0,SPXW260930C06560000,1133.4,1154.1,1143.75,680.38,0.0,0.0,0.0,37.0,0.2678,0.9666,0.0001,1.9585,-0.6106,6.5288,1140.85,0.0,0.0,0.0,1123.5,up,2026-01-21T10:44:01,0.0,0.0
SPXW,2026-09-30,40,Put,6560.0,SPXW260930P06560000,8.8,9.0,8.9,10.4,0.0,0.0,0.0,219.0,0.2688,-0.0333,0.0001,1.9584,-0.6105,-0.2691,8.9138,0.0,0.0,0.0,11.3499999046326,no_change,2026-08-17T15:58:29,0.0,0.0
SPXW,2026-09-30,40,Call,6565.0,SPXW260930C06565000,1128.5,1149.2,1138.85,370.73,0.0,0.0,0.0,1.0,0.2672,0.9663,0.0001,1.9729,-0.6136,6.5316,1135.9409,0.0,0.0,0.0,1117.95001220703,up,2026-03-31T12:23:30,0.0,0.0
SPXW,2026-09-30,40,Put,6565.0,SPXW260930P06565000,8.8,9.1,8.95,22.3,0.0,0.0,0.0,136.0,0.268,-0.0336,0.0001,1.9724,-0.6134,-0.2715,8.9803,0.0,0.0,0.0,11.4000000953674,down,2026-08-03T09:42:04,0.0,0.0
SPXW,2026-09-30,40,Call,6570.0,SPXW260930C06570000,1123.6,1144.3,1133.9499999999998,545.4,0.0,0.0,0.0,4.0,0.2665,0.966,0.0001,1.9874,-0.6166,6.5343,1131.0327,0.0,0.0,0.0,1113.25,down,2026-04-13T09:30:24,0.0,0.0
SPXW,2026-09-30,40,Put,6570.0,SPXW260930P06570000,8.9,9.2,9.05,15.8,0.0,0.0,0.0,86.0,0.2675,-0.0339,0.0001,1.9872,-0.6165,-0.274,9.0508,0.0,0.0,0.0,11.5,down,2026-08-04T12:45:29,0.0,0.0
SPXW,2026-09-30,40,Call,6575.0,SPXW260930C06575000,1119.9,1139.3,1129.6,1077.09,0.0,0.0,0.0,14.0,0.2658,0.9657,0.0001,2.002,-0.6196,6.537,1126.1251,0.0,0.0,0.0,1108.20001220703,down,2026-06-16T13:48:17,0.0,0.0
SPXW,2026-09-30,40,Put,6575.0,SPXW260930P06575000,9.0,9.2,9.1,11.58,0.0,0.0,0.0,159.0,0.2666,-0.0342,0.0001,2.0018,-0.6195,-0.2765,9.1205,0.0,0.0,0.0,11.5999999046326,up,2026-08-18T12:45:44,0.0,0.0
SPXW,2026-09-30,40,Call,6580.0,SPXW260930C06580000,1113.7,1134.4,1124.0500000000002,841.99,0.0,0.0,0.0,6.0,0.2646,0.9654,0.0001,2.0167,-0.6227,6.5396,1121.2184,0.0,0.0,0.0,1103.29998779297,no_change,2026-06-09T12:40:43,0.0,0.0
SPXW,2026-09-30,40,Put,6580.0,SPXW260930P06580000,9.0,9.3,9.15,28.31,0.0,0.0,0.0,45.0,0.2661,-0.0345,0.0001,2.0165,-0.6226,-0.2791,9.1909,0.0,0.0,0.0,11.7000002861023,down,2026-07-31T09:30:23,0.0,0.0
SPXW,2026-09-30,40,Call,6585.0,SPXW260930C06585000,1105.6,1128.7,1117.15,1065.77,0.0,0.0,0.0,3.0,0.264,0.9651,0.0001,2.0315,-0.6258,6.5422,1116.3124,0.0,0.0,0.0,1098.45001220703,up,2026-05-27T12:06:53,0.0,0.0
SPXW,2026-09-30,40,Put,6585.0,SPXW260930P06585000,9.1,9.4,9.25,12.7,0.0,0.0,0.0,192.0,0.2653,-0.0348,0.0001,2.0314,-0.6256,-0.2816,9.262,0.0,0.0,0.0,11.75,down,2026-08-11T11:06:05,0.0,0.0
SPXW,2026-09-30,40,Call,6590.0,SPXW260930C06590000,1100.7,1124.6,1112.65,549.4,0.0,0.0,0.0,4.0,0.2633,0.9648,0.0001,2.0465,-0.6289,6.5448,1111.4071,0.0,0.0,0.0,1093.54998779297,down,2026-04-10T11:50:54,0.0,0.0
SPXW,2026-09-30,40,Put,6590.0,SPXW260930P06590000,9.2,9.4,9.3,12.91,0.0,0.0,0.0,61.0,0.2645,-0.0351,0.0001,2.0463,-0.6288,-0.2842,9.334,0.0,0.0,0.0,11.8499999046326,down,2026-08-11T10:03:26,0.0,0.0
SPXW,2026-09-30,40,Call,6595.0,SPXW260930C06595000,1098.9,1119.7,1109.3000000000002,536.62,0.0,0.0,0.0,6.0,0.2627,0.9644,0.0001,2.0615,-0.632,6.5474,1106.5027,0.0,0.0,0.0,1088.65002441406,up,2026-04-10T16:01:46,0.0,0.0
SPXW,2026-09-30,40,Put,6595.0,SPXW260930P06595000,9.3,9.5,9.4,10.9,0.0,0.0,0.0,222.0,0.2639,-0.0354,0.0001,2.0613,-0.6319,-0.2868,9.4067,0.0,0.0,0.0,11.9500002861023,down,2026-08-17T15:58:52,0.0,0.0
SPXW,2026-09-30,40,Call,6600.0,SPXW260930C06600000,1095.5,1114.8,1105.15,1110.62,26.87,2.47935,2.0,320.0,0.262,0.9641,0.0001,2.0767,-0.6351,6.5499,1101.5991,1110.62,1110.62,1110.62,1083.75,down,2026-08-21T15:46:02,0.0,0.0
SPXW,2026-09-30,40,Put,6600.0,SPXW260930P06600000,9.4,9.6,9.5,9.3,-2.8,-23.1405,11.0,4054.0,0.2633,-0.0357,0.0001,2.0765,-0.635,-0.2894,9.4803,10.2,10.2,9.3,12.0999999046326,down,2026-08-21T15:46:02,0.0,0.0
SPXW,2026-09-30,40,Call,6605.0,SPXW260930C06605000,1089.7,1109.9,1099.8000000000002,532.0,0.0,0.0,0.0,12.0,0.2613,0.9638,0.0001,2.092,-0.6383,6.5525,1096.6963,0.0,0.0,0.0,1079.0,down,2026-04-13T12:17:17,0.0,0.0
SPXW,2026-09-30,40,Put,6605.0,SPXW260930P06605000,9.4,9.7,9.55,11.1,0.0,0.0,0.0,73.0,0.2625,-0.0361,0.0001,2.0918,-0.6382,-0.2921,9.5546,0.0,0.0,0.0,12.1500000953674,down,2026-08-17T15:57:17,0.0,0.0
SPXW,2026-09-30,40,Call,6610.0,SPXW260930C06610000,1081.1,1105.0,1093.05,321.0,0.0,0.0,0.0,39.0,0.2606,0.9634,0.0001,2.1074,-0.6415,6.555,1091.7943,0.0,0.0,0.0,1074.0,down,2026-03-27T15:53:20,0.0,0.0
SPXW,2026-09-30,40,Put,6610.0,SPXW260930P06610000,9.5,9.7,9.6,11.2,0.0,0.0,0.0,594.0,0.2617,-0.0364,0.0001,2.1072,-0.6413,-0.2948,9.6298,0.0,0.0,0.0,12.25,no_change,2026-08-17T15:58:17,0.0,0.0
SPXW,2026-09-30,40,Call,6615.0,SPXW260930C06615000,1079.4,1100.1,1089.75,909.26,0.0,0.0,0.0,18.0,0.26,0.9631,0.0001,2.123,-0.6447,6.5574,1086.8932,0.0,0.0,0.0,1069.5,no_change,2026-07-24T11:51:59,0.0,0.0
SPXW,2026-09-30,40,Put,6615.0,SPXW260930P06615000,9.5,9.8,9.65,15.75,0.0,0.0,0.0,66.0,0.2611,-0.0367,0.0001,2.1227,-0.6445,-0.2975,9.7058,0.0,0.0,0.0,12.2999997138977,down,2026-08-05T15:46:50,0.0,0.0
SPXW,2026-09-30,40,Call,6620.0,SPXW260930C06620000,1074.5,1095.2,1084.85,904.74,0.0,0.0,0.0,12.0,0.2593,0.9628,0.0001,2.1386,-0.6479,6.5599,1081.9929,0.0,0.0,0.0,1064.25,no_change,2026-07-24T11:51:59,0.0,0.0
SPXW,2026-09-30,40,Put,6620.0,SPXW260930P06620000,9.6,9.9,9.75,10.1,-2.3,-18.5484,35.0,652.0,0.2605,-0.0371,0.0001,2.1384,-0.6478,-0.3002,9.7827,10.1,10.1,10.1,12.4000000953674,down,2026-08-21T13:06:51,0.0,0.0
SPXW,2026-09-30,40,Call,6625.0,SPXW260930C06625000,1071.0,1090.3,1080.65,932.15,0.0,0.0,0.0,79.0,0.2586,0.9624,0.0001,2.1545,-0.6512,6.5623,1077.0935,0.0,0.0,0.0,1060.0,up,2026-06-30T09:36:27,0.0,0.0
SPXW,2026-09-30,40,Put,6625.0,SPXW260930P06625000,9.7,10.0,9.85,10.25,-2.25,-18.0,1.0,521.0,0.2597,-0.0374,0.0001,2.1542,-0.651,-0.303,9.8604,10.25,10.25,10.25,12.5,down,2026-08-21T12:03:52,0.0,0.0
SPXW,2026-09-30,40,Call,6630.0,SPXW260930C06630000,1061.4,1084.2,1072.8000000000002,801.54,0.0,0.0,0.0,26.0,0.2579,0.9621,0.0001,2.1705,-0.6544,6.5647,1072.1949,0.0,0.0,0.0,1054.45001220703,no_change,2026-06-09T12:40:43,0.0,0.0
SPXW,2026-09-30,40,Put,6630.0,SPXW260930P06630000,9.8,10.0,9.9,13.98,0.0,0.0,0.0,249.0,0.2589,-0.0378,0.0001,2.1702,-0.6543,-0.3058,9.939,0.0,0.0,0.0,12.5999999046326,down,2026-08-10T09:30:11,0.0,0.0
SPXW,2026-09-30,40,Call,6635.0,SPXW260930C06635000,1060.3,1080.5,1070.4,317.4,0.0,0.0,0.0,10.0,0.2572,0.9617,0.0001,2.1866,-0.6577,6.567,1067.2972,0.0,0.0,0.0,1049.54998779297,down,2026-03-27T14:50:35,0.0,0.0
SPXW,2026-09-30,40,Put,6635.0,SPXW260930P06635000,9.9,10.1,10.0,10.68,0.0,0.0,0.0,19.0,0.2583,-0.0381,0.0001,2.1863,-0.6576,-0.3086,10.0184,0.0,0.0,0.0,12.7000002861023,down,2026-08-14T13:56:39,0.0,0.0
SPXW,2026-09-30,40,Call,6640.0,SPXW260930C06640000,1055.4,1075.6,1065.5,1066.97,0.0,0.0,0.0,57.0,0.2565,0.9614,0.0001,2.2029,-0.661,6.5694,1062.4004,0.0,0.0,0.0,1044.75,up,2026-05-28T15:58:46,0.0,0.0
SPXW,2026-09-30,40,Put,6640.0,SPXW260930P06640000,9.9,10.2,10.05,10.78,0.0,0.0,0.0,66.0,0.2574,-0.0385,0.0001,2.2029,-0.661,-0.3115,10.1018,0.0,0.0,0.0,12.7999997138977,down,2026-08-14T13:56:39,0.0,0.0
SPXW,2026-09-30,40,Call,6645.0,SPXW260930C06645000,1046.7,1069.5,1058.1,503.0,0.0,0.0,0.0,221.0,0.2558,0.961,0.0001,2.2193,-0.6644,6.5716,1057.5045,0.0,0.0,0.0,1040.19995117188,up,2026-04-13T12:18:10,0.0,0.0
SPXW,2026-09-30,40,Put,6645.0,SPXW260930P06645000,10.0,10.3,10.15,10.7,0.0,0.0,0.0,109.0,0.2568,-0.0388,0.0001,2.219,-0.6642,-0.3143,10.18,0.0,0.0,0.0,12.9000000953674,down,2026-08-19T15:48:14,0.0,0.0
SPXW,2026-09-30,40,Call,6650.0,SPXW260930C06650000,1046.5,1065.8,1056.15,1061.47,26.42,2.55253,2.0,411.0,0.255,0.9607,0.0001,2.2359,-0.6678,6.5739,1052.6095,1061.47,1061.47,1061.47,1035.05004882812,up,2026-08-21T15:46:02,0.0,0.0
SPXW,2026-09-30,40,Put,6650.0,SPXW260930P06650000,10.1,10.4,10.25,10.05,-2.95,-22.6923,7.0,1454.0,0.2562,-0.0392,0.0001,2.2356,-0.6676,-0.3172,10.2622,11.1,11.1,10.05,13.0,down,2026-08-21T15:46:02,0.0,0.0
SPXW,2026-09-30,40,Call,6655.0,SPXW260930C06655000,1040.7,1060.9,1050.8000000000002,473.1,0.0,0.0,0.0,27.0,0.2543,0.9603,0.0001,2.2527,-0.6712,6.5762,1047.7155,0.0,0.0,0.0,1030.35003662109,down,2026-04-09T11:01:55,0.0,0.0
SPXW,2026-09-30,40,Put,6655.0,SPXW260930P06655000,10.2,10.4,10.3,12.2,0.0,0.0,0.0,104.0,0.2556,-0.0396,0.0001,2.2524,-0.671,-0.3202,10.3453,0.0,0.0,0.0,13.0999999046326,up,2026-08-20T11:09:39,0.0,0.0
SPXW,2026-09-30,40,Call,6660.0,SPXW260930C06660000,1035.3,1056.0,1045.65,1005.28,0.0,0.0,0.0,70.0,0.2536,0.9599,0.0001,2.2697,-0.6746,6.5784,1042.8224,0.0,0.0,0.0,1025.5,down,2026-05-27T11:30:35,0.0,0.0
SPXW,2026-09-30,40,Put,6660.0,SPXW260930P06660000,10.3,10.5,10.4,11.82,0.0,0.0,0.0,196.0,0.2547,-0.0399,0.0001,2.2694,-0.6744,-0.3231,10.4293,0.0,0.0,0.0,13.2000002861023,down,2026-08-17T13:15:45,0.0,0.0
SPXW,2026-09-30,40,Call,6665.0,SPXW260930C06665000,1027.2,1050.0,1038.6,372.9,0.0,0.0,0.0,6.0,0.2529,0.9596,0.0001,2.2868,-0.678,6.5805,1037.9302,0.0,0.0,0.0,1020.60000610352,up,2026-04-01T16:04:21,0.0,0.0
SPXW,2026-09-30,40,Put,6665.0,SPXW260930P06665000,10.3,10.6,10.45,13.4,0.0,0.0,0.0,35.0,0.2541,-0.0403,0.0001,2.2865,-0.6778,-0.3261,10.5143,0.0,0.0,0.0,13.3499999046326,up,2026-08-20T15:43:54,0.0,0.0
SPXW,2026-09-30,40,Call,6670.0,SPXW260930C06670000,1022.3,1045.0,1033.65,571.73,0.0,0.0,0.0,27.0,0.2522,0.9592,0.0001,2.3042,-0.6814,6.5826,1033.039,0.0,0.0,0.0,1015.85000610352,up,2026-04-14T14:26:59,0.0,0.0
SPXW,2026-09-30,40,Put,6670.0,SPXW260930P06670000,10.4,10.7,10.55,18.7,0.0,0.0,0.0,32.0,0.2532,-0.0407,0.0001,2.3038,-0.6813,-0.3292,10.6003,0.0,0.0,0.0,13.4500002861023,down,2026-08-04T14:36:31,0.0,0.0
SPXW,2026-09-30,40,Call,6675.0,SPXW260930C06675000,1021.9,1041.3,1031.6,929.8,0.0,0.0,0.0,395.0,0.2514,0.9588,0.0001,2.3217,-0.6849,6.5847,1028.1488,0.0,0.0,0.0,1010.64999389648,up,2026-07-07T10:09:51,0.0,0.0
SPXW,2026-09-30,40,Put,6675.0,SPXW260930P06675000,10.5,10.8,10.65,11.1,-2.45,-18.0812,1.0,92.0,0.2526,-0.0411,0.0001,2.3213,-0.6847,-0.3323,10.6872,11.1,11.1,11.1,13.5499997138977,down,2026-08-21T12:03:52,0.0,0.0
SPXW,2026-09-30,40,Call,6680.0,SPXW260930C06680000,1012.5,1036.4,1024.45,1038.44,0.0,0.0,0.0,10.0,0.2512,0.9584,0.0001,2.3394,-0.6884,6.5868,1023.2596,0.0,0.0,0.0,1005.79998779297,no_change,2026-05-29T10:52:08,0.0,0.0
SPXW,2026-09-30,40,Put,6680.0,SPXW260930P06680000,10.6,10.9,10.75,17.51,0.0,0.0,0.0,62.0,0.252,-0.0414,0.0001,2.339,-0.6882,-0.3354,10.7751,0.0,0.0,0.0,13.6500000953674,down,2026-08-04T10:38:21,0.0,0.0
SPXW,2026-09-30,40,Call,6685.0,SPXW260930C06685000,1011.4,1031.5,1021.45,1026.31,0.0,0.0,0.0,13.0,0.2504,0.958,0.0001,2.3574,-0.692,6.5888,1018.3714,0.0,0.0,0.0,1000.89999389648,up,2026-05-28T15:58:46,0.0,0.0
SPXW,2026-09-30,40,Put,6685.0,SPXW260930P06685000,10.7,11.0,10.85,15.43,0.0,0.0,0.0,111.0,0.2513,-0.0418,0.0001,2.357,-0.6918,-0.3386,10.8641,0.0,0.0,0.0,13.75,no_change,2026-08-10T15:42:00,0.0,0.0
SPXW,2026-09-30,40,Call,6690.0,SPXW260930C06690000,1003.0,1026.7,1014.85,977.54,0.0,0.0,0.0,31.0,0.2497,0.9576,0.0001,2.3755,-0.6955,6.5908,1013.4843,0.0,0.0,0.0,996.050018310547,up,2026-05-27T12:27:24,0.0,0.0
SPXW,2026-09-30,40,Put,6690.0,SPXW260930P06690000,10.8,11.0,10.9,11.38,-2.52,-18.1295,1.0,199.0,0.2507,-0.0422,0.0001,2.3751,-0.6953,-0.3418,10.954,11.38,11.38,11.38,13.9000000953674,down,2026-08-21T11:16:16,0.0,0.0
SPXW,2026-09-30,40,Call,6695.0,SPXW260930C06695000,997.8,1020.6,1009.2,1055.53,0.0,0.0,0.0,3.0,0.249,0.9572,0.0001,2.3938,-0.6991,6.5927,1008.5982,0.0,0.0,0.0,991.200012207031,up,2026-06-01T15:30:43,0.0,0.0
SPXW,2026-09-30,40,Put,6695.0,SPXW260930P06695000,10.9,11.1,11.0,13.0,0.0,0.0,0.0,653.0,0.25,-0.0426,0.0001,2.3934,-0.6989,-0.345,11.0451,0.0,0.0,0.0,14.0,no_change,2026-08-12T15:41:11,0.0,0.0
SPXW,2026-09-30,40,Call,6700.0,SPXW260930C06700000,997.6,1016.9,1007.25,1088.87,0.0,0.0,0.0,510.0,0.2482,0.9568,0.0001,2.4124,-0.7027,6.5946,1003.7131,0.0,0.0,0.0,986.25,up,2026-08-11T11:25:23,0.0,0.0
SPXW,2026-09-30,40,Put,6700.0,SPXW260930P06700000,11.0,11.2,11.1,11.2,-2.9,-20.5674,9.0,1478.0,0.2496,-0.0431,0.0001,2.4124,-0.7027,-0.3484,11.1417,12.2,12.2,10.8,14.0999999046326,up,2026-08-21T15:56:07,0.0,0.0
SPXW,2026-09-30,40,Call,6705.0,SPXW260930C06705000,988.0,1011.0,999.5,877.07,0.0,0.0,0.0,50.0,0.2474,0.9564,0.0001,2.4311,-0.7063,6.5964,998.8292,0.0,0.0,0.0,981.449981689453,up,2026-06-12T13:27:52,0.0,0.0
SPXW,2026-09-30,40,Put,6705.0,SPXW260930P06705000,11.0,11.3,11.15,12.09,0.0,0.0,0.0,50.0,0.2485,-0.0435,0.0001,2.4306,-0.7061,-0.3516,11.2303,0.0,0.0,0.0,14.2000002861023,no_change,2026-08-14T13:02:29,0.0,0.0
SPXW,2026-09-30,40,Call,6710.0,SPXW260930C06710000,983.2,1007.1,995.1500000000001,835.19,0.0,0.0,0.0,33.0,0.2467,0.956,0.0001,2.45,-0.71,6.5982,993.9463,0.0,0.0,0.0,976.550018310547,down,2026-07-08T11:41:38,0.0,0.0
SPXW,2026-09-30,40,Put,6710.0,SPXW260930P06710000,11.1,11.4,11.25,12.6,0.0,0.0,0.0,41.0,0.2478,-0.0439,0.0001,2.4495,-0.7098,-0.355,11.3246,0.0,0.0,0.0,14.3499999046326,down,2026-08-17T14:27:03,0.0,0.0
SPXW,2026-09-30,40,Call,6715.0,SPXW260930C06715000,982.0,1002.2,992.1,560.22,0.0,0.0,0.0,197.0,0.2459,0.9555,0.0001,2.4692,-0.7137,6.5999,989.0646,0.0,0.0,0.0,971.649993896484,no_change,2026-02-18T13:56:21,0.0,0.0
SPXW,2026-09-30,40,Put,6715.0,SPXW260930P06715000,11.2,11.5,11.35,11.77,0.0,0.0,0.0,122.0,0.247,-0.0443,0.0001,2.4692,-0.7137,-0.3586,11.4249,0.0,0.0,0.0,14.4500002861023,down,2026-08-17T09:43:52,0.0,0.0
SPXW,2026-09-30,40,Call,6720.0,SPXW260930C06720000,977.9,997.3,987.5999999999999,922.79,0.0,0.0,0.0,6.0,0.2456,0.9551,0.0001,2.4885,-0.7174,6.6016,984.184,0.0,0.0,0.0,966.850006103516,up,2026-07-06T15:46:47,0.0,0.0
SPXW,2026-09-30,40,Put,6720.0,SPXW260930P06720000,11.3,11.6,11.45,14.36,0.0,0.0,0.0,81.0,0.2465,-0.0448,0.0001,2.4885,-0.7174,-0.3621,11.5216,0.0,0.0,0.0,14.5999999046326,down,2026-08-12T10:12:01,0.0,0.0
SPXW,2026-09-30,40,Call,6725.0,SPXW260930C06725000,968.5,990.9,979.7,656.12,0.0,0.0,0.0,628.0,0.2448,0.9547,0.0001,2.508,-0.7211,6.6032,979.3046,0.0,0.0,0.0,961.949981689453,no_change,2026-04-22T09:41:41,0.0,0.0
SPXW,2026-09-30,40,Put,6725.0,SPXW260930P06725000,11.4,11.7,11.55,12.8,0.0,0.0,0.0,599.0,0.2458,-0.0452,0.0001,2.508,-0.7211,-0.3656,11.6194,0.0,0.0,0.0,14.7000002861023,down,2026-08-20T09:36:01,0.0,0.0
SPXW,2026-09-30,40,Call,6730.0,SPXW260930C06730000,968.2,987.6,977.9000000000001,772.55,0.0,0.0,0.0,53.0,0.244,0.9542,0.0001,2.5277,-0.7249,6.6048,974.4264,0.0,0.0,0.0,957.149993896484,no_change,2026-07-30T14:35:21,0.0,0.0
SPXW,2026-09-30,40,Put,6730.0,SPXW260930P06730000,11.5,11.8,11.65,12.3,0.0,0.0,0.0,275.0,0.2449,-0.0456,0.0001,2.5277,-0.7249,-0.3692,11.7185,0.0,0.0,0.0,14.8499999046326,down,2026-08-17T10:39:05,0.0,0.0
SPXW,2026-09-30,40,Call,6735.0,SPXW260930C06735000,963.6,982.7,973.1500000000001,1023.58,0.0,0.0,0.0,11.0,0.2433,0.9538,0.0002,2.5476,-0.7286,6.6063,969.5494,0.0,0.0,0.0,952.25,down,2026-08-19T12:47:02,0.0,0.0
SPXW,2026-09-30,40,Put,6735.0,SPXW260930P06735000,11.6,11.9,11.75,14.25,0.0,0.0,0.0,225.0,0.2444,-0.0461,0.0002,2.5476,-0.7286,-0.3729,11.8187,0.0,0.0,0.0,14.9500002861023,down,2026-08-20T13:34:31,0.0,0.0
SPXW,2026-09-30,40,Call,6740.0,SPXW260930C06740000,954.2,977.8,966.0,876.0,0.0,0.0,0.0,10.0,0.2425,0.9533,0.0002,2.5678,-0.7325,6.6078,964.6736,0.0,0.0,0.0,947.449981689453,up,2026-05-11T12:19:38,0.0,0.0
SPXW,2026-09-30,40,Put,6740.0,SPXW260930P06740000,11.7,12.0,11.85,12.56,-2.54,-16.8212,2.0,278.0,0.2438,-0.0465,0.0002,2.5678,-0.7325,-0.3766,11.9202,12.56,12.56,12.56,15.0999999046326,down,2026-08-21T10:49:51,0.0,0.0
SPXW,2026-09-30,40,Call,6745.0,SPXW260930C06745000,952.2,973.0,962.6,867.38,0.0,0.0,0.0,28.0,0.2421,0.9529,0.0002,2.588,-0.7363,6.6092,959.799,0.0,0.0,0.0,942.550018310547,down,2026-07-01T15:12:54,0.0,0.0
SPXW,2026-09-30,40,Put,6745.0,SPXW260930P06745000,11.8,12.1,11.95,21.39,0.0,0.0,0.0,158.0,0.2431,-0.047,0.0002,2.588,-0.7363,-0.3803,12.0229,0.0,0.0,0.0,15.2000002861023,down,2026-08-04T10:30:32,0.0,0.0
SPXW,2026-09-30,40,Call,6750.0,SPXW260930C06750000,948.7,968.1,958.4000000000001,810.39,0.0,0.0,0.0,334.0,0.2413,0.9524,0.0002,2.6085,-0.7402,6.6106,954.9257,0.0,0.0,0.0,937.75,down,2026-07-17T14:29:31,0.0,0.0
SPXW,2026-09-30,40,Put,6750.0,SPXW260930P06750000,11.9,12.2,12.05,12.6,-2.7,-17.6471,1.0,2473.0,0.2424,-0.0474,0.0002,2.6085,-0.7402,-0.3842,12.1269,12.6,12.6,12.6,15.2999997138977,down,2026-08-21T14:31:23,0.0,0.0
SPXW,2026-09-30,40,Call,6755.0,SPXW260930C06755000,943.0,963.2,953.1,858.36,0.0,0.0,0.0,15.0,0.2406,0.9519,0.0002,2.6291,-0.7441,6.6119,950.0537,0.0,0.0,0.0,932.899993896484,down,2026-07-01T15:12:54,0.0,0.0
SPXW,2026-09-30,40,Put,6755.0,SPXW260930P06755000,12.0,12.3,12.15,15.5,0.0,0.0,0.0,113.0,0.2416,-0.0479,0.0002,2.6291,-0.7441,-0.388,12.2321,0.0,0.0,0.0,15.4500002861023,up,2026-08-18T14:13:12,0.0,0.0
SPXW,2026-09-30,40,Call,6760.0,SPXW260930C06760000,937.5,958.3,947.9,800.78,0.0,0.0,0.0,52.0,0.2398,0.9515,0.0002,2.6499,-0.748,6.6132,945.1831,0.0,0.0,0.0,928.050018310547,down,2026-07-17T15:53:50,0.0,0.0
SPXW,2026-09-30,40,Put,6760.0,SPXW260930P06760000,12.1,12.4,12.25,13.2,0.0,0.0,0.0,61.0,0.2409,-0.0484,0.0002,2.6499,-0.748,-0.3919,12.3387,0.0,0.0,0.0,15.5999999046326,up,2026-08-19T14:18:33,0.0,0.0
SPXW,2026-09-30,40,Call,6765.0,SPXW260930C06765000,929.5,952.5,941.0,796.23,0.0,0.0,0.0,16.0,0.2394,0.951,0.0002,2.6709,-0.7519,6.6144,940.3137,0.0,0.0,0.0,923.149993896484,up,2026-07-17T15:53:50,0.0,0.0
SPXW,2026-09-30,40,Put,6765.0,SPXW260930P06765000,12.2,12.5,12.35,15.0,0.0,0.0,0.0,29.0,0.2404,-0.0489,0.0002,2.6709,-0.7519,-0.3959,12.4467,0.0,0.0,0.0,15.7000002861023,up,2026-08-20T13:34:31,0.0,0.0
SPXW,2026-09-30,40,Call,6770.0,SPXW260930C06770000,924.6,947.6,936.1,551.4,0.0,0.0,0.0,72.0,0.2386,0.9505,0.0002,2.692,-0.7559,6.6155,935.4457,0.0,0.0,0.0,918.350006103516,up,2026-04-16T10:04:50,0.0,0.0
SPXW,2026-09-30,40,Put,6770.0,SPXW260930P06770000,12.3,12.6,12.45,20.91,0.0,0.0,0.0,74.0,0.2397,-0.0494,0.0002,2.692,-0.7559,-0.3999,12.5559,0.0,0.0,0.0,15.8499999046326,down,2026-08-06T15:48:04,0.0,0.0
SPXW,2026-09-30,40,Call,6775.0,SPXW260930C06775000,923.5,943.7,933.6,793.32,0.0,0.0,0.0,301.0,0.2378,0.95,0.0002,2.7133,-0.7599,6.6166,930.5791,0.0,0.0,0.0,913.5,down,2026-06-30T09:33:34,0.0,0.0
SPXW,2026-09-30,40,Put,6775.0,SPXW260930P06775000,12.5,12.7,12.6,13.06,-2.94,-18.375,706.0,1645.0,0.2392,-0.0499,0.0002,2.7133,-0.7599,-0.404,12.6666,13.62,13.62,13.06,16.0,down,2026-08-21T11:25:27,0.0,0.0
SPXW,2026-09-30,40,Call,6780.0,SPXW260930C06780000,918.6,938.8,928.7,948.74,0.0,0.0,0.0,209.0,0.2373,0.9495,0.0002,2.7348,-0.7639,6.6177,925.7139,0.0,0.0,0.0,908.649993896484,no_change,2026-05-29T10:52:08,0.0,0.0
SPXW,2026-09-30,40,Put,6780.0,SPXW260930P06780000,12.6,12.9,12.75,13.5,-2.65,-16.4087,2.0,397.0,0.2382,-0.0504,0.0002,2.7348,-0.7639,-0.4081,12.7786,13.5,13.5,13.5,16.1499996185303,up,2026-08-21T10:51:41,0.0,0.0
SPXW,2026-09-30,40,Call,6785.0,SPXW260930C06785000,914.0,934.0,924.0,963.28,0.0,0.0,0.0,27.0,0.2365,0.949,0.0002,2.7564,-0.768,6.6187,920.8501,0.0,0.0,0.0,903.850006103516,up,2026-08-19T13:22:22,0.0,0.0
SPXW,2026-09-30,40,Put,6785.0,SPXW260930P06785000,12.7,13.0,12.85,12.75,-3.5,-21.5385,11.0,196.0,0.2375,-0.0509,0.0002,2.7564,-0.768,-0.4123,12.8921,13.84,13.84,12.75,16.25,no_change,2026-08-21T15:41:55,0.0,0.0
SPXW,2026-09-30,40,Call,6790.0,SPXW260930C06790000,908.9,929.1,919.0,865.91,0.0,0.0,0.0,591.0,0.2357,0.9485,0.0002,2.7782,-0.7721,6.6196,915.9878,0.0,0.0,0.0,898.949981689453,down,2026-06-17T12:41:25,0.0,0.0
SPXW,2026-09-30,40,Put,6790.0,SPXW260930P06790000,12.8,13.1,12.95,15.52,0.0,0.0,0.0,87.0,0.2368,-0.0514,0.0002,2.7782,-0.7721,-0.4165,13.007,0.0,0.0,0.0,16.3999996185303,up,2026-08-20T11:41:31,0.0,0.0
SPXW,2026-09-30,40,Call,6795.0,SPXW260930C06795000,900.3,924.2,912.25,823.06,0.0,0.0,0.0,24.0,0.2353,0.948,0.0002,2.8002,-0.7762,6.6206,911.1269,0.0,0.0,0.0,894.25,up,2026-07-01T15:25:33,0.0,0.0
SPXW,2026-09-30,40,Put,6795.0,SPXW260930P06795000,12.9,13.2,13.05,13.43,0.0,0.0,0.0,266.0,0.236,-0.0519,0.0002,2.8002,-0.7762,-0.4208,13.1233,0.0,0.0,0.0,16.5500001907349,down,2026-08-14T16:03:18,0.0,0.0
SPXW,2026-09-30,40,Call,6800.0,SPXW260930C06800000,900.0,919.4,909.7,990.58,0.0,0.0,0.0,2176.0,0.2344,0.9474,0.0002,2.8223,-0.7804,6.6214,906.2674,0.0,0.0,0.0,890.100006103516,up,2026-08-07T14:04:29,0.0,0.0
SPXW,2026-09-30,40,Put,6800.0,SPXW260930P06800000,13.0,13.3,13.15,13.1,-3.6,-21.5569,17.0,1626.0,0.2355,-0.0524,0.0002,2.8223,-0.7804,-0.4251,13.2412,14.26,14.41,13.1,16.6999998092651,no_change,2026-08-21T15:41:55,0.0,0.0
SPXW,2026-09-30,40,Call,6805.0,SPXW260930C06805000,890.7,914.5,902.6,835.2,0.0,0.0,0.0,78.0,0.234,0.9469,0.0002,2.8446,-0.7845,6.6222,901.4095,0.0,0.0,0.0,884.449981689453,no_change,2026-07-14T15:42:38,0.0,0.0
SPXW,2026-09-30,40,Put,6805.0,SPXW260930P06805000,13.1,13.4,13.25,16.73,0.0,0.0,0.0,204.0,0.2347,-0.053,0.0002,2.8446,-0.7845,-0.4295,13.3605,0.0,0.0,0.0,16.8500003814697,up,2026-08-18T09:30:13,0.0,0.0
SPXW,2026-09-30,40,Call,6810.0,SPXW260930C06810000,889.7,909.7,899.7,829.77,0.0,0.0,0.0,9.0,0.2332,0.9464,0.0002,2.8672,-0.7887,6.623,896.5531,0.0,0.0,0.0,879.649993896484,down,2026-07-15T12:05:31,0.0,0.0
SPXW,2026-09-30,40,Put,6810.0,SPXW260930P06810000,13.3,13.5,13.4,13.35,-3.65,-21.4706,11.0,221.0,0.234,-0.0535,0.0002,2.8672,-0.7887,-0.4339,13.4814,14.46,14.46,13.35,17.0,no_change,2026-08-21T15:41:55,0.0,0.0
SPXW,2026-09-30,40,Call,6815.0,SPXW260930C06815000,881.0,904.8,892.9,689.29,0.0,0.0,0.0,11.0,0.2323,0.9458,0.0002,2.8898,-0.793,6.6237,891.6982,0.0,0.0,0.0,874.850006103516,up,2026-06-26T10:03:45,0.0,0.0
SPXW,2026-09-30,40,Put,6815.0,SPXW260930P06815000,13.4,13.7,13.55,51.73,0.0,0.0,0.0,541.0,0.2332,-0.054,0.0002,2.8898,-0.793,-0.4384,13.6037,0.0,0.0,0.0,17.1499996185303,up,2026-07-30T14:09:50,0.0,0.0
SPXW,2026-09-30,40,Call,6820.0,SPXW260930C06820000,880.0,900.0,890.0,871.59,0.0,0.0,0.0,17.0,0.2318,0.9452,0.0002,2.9128,-0.7973,6.6244,886.8449,0.0,0.0,0.0,870.0,up,2026-06-16T10:00:15,0.0,0.0
SPXW,2026-09-30,40,Put,6820.0,SPXW260930P06820000,13.5,13.8,13.65,13.55,-3.75,-21.6763,11.0,192.0,0.2326,-0.0546,0.0002,2.9128,-0.7973,-0.4429,13.7277,14.73,14.73,13.55,17.3000001907349,no_change,2026-08-21T15:41:55,0.0,0.0
SPXW,2026-09-30,40,Call,6825.0,SPXW260930C06825000,875.6,895.1,885.35,682.46,0.0,0.0,0.0,79.0,0.231,0.9447,0.0002,2.9359,-0.8016,6.625,881.9931,0.0,0.0,0.0,865.25,down,2026-06-26T10:03:45,0.0,0.0
SPXW,2026-09-30,40,Put,6825.0,SPXW260930P06825000,13.6,13.9,13.75,13.7,-3.75,-21.49,2.0,345.0,0.2319,-0.0552,0.0002,2.9359,-0.8016,-0.4474,13.8531,13.8,13.8,13.7,17.4499998092651,down,2026-08-21T15:59:32,0.0,0.0
SPXW,2026-09-30,40,Call,6830.0,SPXW260930C06830000,870.3,890.3,880.3,971.5,0.0,0.0,0.0,66.0,0.2305,0.9441,0.0002,2.9592,-0.8059,6.6256,877.143,0.0,0.0,0.0,860.350006103516,up,2026-08-10T15:17:41,0.0,0.0
SPXW,2026-09-30,40,Put,6830.0,SPXW260930P06830000,13.7,14.0,13.85,14.39,0.0,0.0,0.0,73.0,0.2313,-0.0557,0.0002,2.9592,-0.8059,-0.452,13.9803,0.0,0.0,0.0,17.6000003814697,down,2026-08-17T09:47:50,0.0,0.0
SPXW,2026-09-30,40,Call,6835.0,SPXW260930C06835000,865.4,885.4,875.4,938.36,0.0,0.0,0.0,26.0,0.2296,0.9435,0.0002,2.9828,-0.8102,6.6261,872.2945,0.0,0.0,0.0,855.550018310547,down,2026-08-11T15:46:58,0.0,0.0
SPXW,2026-09-30,40,Put,6835.0,SPXW260930P06835000,13.9,14.2,14.05,15.35,0.0,0.0,0.0,33.0,0.2305,-0.0563,0.0002,2.9828,-0.8102,-0.4567,14.109,0.0,0.0,0.0,17.75,down,2026-08-13T09:30:04,0.0,0.0
SPXW,2026-09-30,40,Call,6840.0,SPXW260930C06840000,856.6,879.2,867.9000000000001,507.93,0.0,0.0,0.0,24.0,0.2292,0.943,0.0002,3.0066,-0.8146,6.6266,867.4476,0.0,0.0,0.0,850.700012207031,up,2026-04-16T13:19:12,0.0,0.0
SPXW,2026-09-30,40,Put,6840.0,SPXW260930P06840000,14.0,14.3,14.15,17.5,0.0,0.0,0.0,95.0,0.2299,-0.0569,0.0002,3.0066,-0.8146,-0.4614,14.2394,0.0,0.0,0.0,17.8999996185303,up,2026-08-20T14:05:48,0.0,0.0
SPXW,2026-09-30,40,Call,6845.0,SPXW260930C06845000,856.5,875.7,866.1,696.43,0.0,0.0,0.0,7.0,0.2283,0.9424,0.0002,3.0307,-0.8191,6.627,862.6023,0.0,0.0,0.0,845.899993896484,down,2026-06-11T14:03:13,0.0,0.0
SPXW,2026-09-30,40,Put,6845.0,SPXW260930P06845000,14.1,14.4,14.25,14.9,-3.15,-17.4515,1.0,64.0,0.2293,-0.0575,0.0002,3.0307,-0.8191,-0.4661,14.3714,14.9,14.9,14.9,18.0500001907349,down,2026-08-21T11:18:01,0.0,0.0
SPXW,2026-09-30,40,Call,6850.0,SPXW260930C06850000,851.5,870.9,861.2,703.05,0.0,0.0,0.0,319.0,0.2278,0.9418,0.0002,3.055,-0.8235,6.6274,857.7588,0.0,0.0,0.0,841.25,down,2026-07-08T11:52:11,0.0,0.0
SPXW,2026-09-30,40,Put,6850.0,SPXW260930P06850000,14.3,14.6,14.45,14.4,-3.8,-20.8791,5.0,3208.0,0.2288,-0.0581,0.0002,3.055,-0.8235,-0.471,14.5052,14.0,14.4,14.0,18.1999998092651,up,2026-08-21T15:59:59,0.0,0.0
SPXW,2026-09-30,40,Call,6855.0,SPXW260930C06855000,846.1,866.0,856.05,480.0,0.0,0.0,0.0,8.0,0.2269,0.9412,0.0002,3.0796,-0.828,6.6276,852.917,0.0,0.0,0.0,836.25,up,2026-04-15T14:02:31,0.0,0.0
SPXW,2026-09-30,40,Put,6855.0,SPXW260930P06855000,14.4,14.7,14.55,23.7,0.0,0.0,0.0,84.0,0.2278,-0.0587,0.0002,3.0796,-0.828,-0.4758,14.6406,0.0,0.0,0.0,18.3999996185303,down,2026-08-06T09:57:07,0.0,0.0
SPXW,2026-09-30,40,Call,6860.0,SPXW260930C06860000,841.0,861.2,851.1,654.43,0.0,0.0,0.0,23.0,0.2264,0.9405,0.0002,3.1045,-0.8325,6.6279,848.0769,0.0,0.0,0.0,831.449981689453,down,2026-06-25T15:50:41,0.0,0.0
SPXW,2026-09-30,40,Put,6860.0,SPXW260930P06860000,14.5,14.8,14.65,15.15,0.0,0.0,0.0,214.0,0.2272,-0.0593,0.0002,3.1045,-0.8325,-0.4808,14.7778,0.0,0.0,0.0,18.5500001907349,up,2026-08-14T14:31:24,0.0,0.0
SPXW,2026-09-30,40,Call,6865.0,SPXW260930C06865000,836.4,856.3,846.3499999999999,481.43,0.0,0.0,0.0,29.0,0.2258,0.9399,0.0002,3.1297,-0.837,6.628,843.2386,0.0,0.0,0.0,826.75,up,2026-04-15T15:32:26,0.0,0.0
SPXW,2026-09-30,40,Put,6865.0,SPXW260930P06865000,14.7,15.0,14.85,14.85,0.0,0.0,0.0,86.0,0.2266,-0.0599,0.0002,3.1297,-0.837,-0.4858,14.9167,0.0,0.0,0.0,18.75,down,2026-08-14T09:36:08,0.0,0.0
SPXW,2026-09-30,40,Call,6870.0,SPXW260930C06870000,832.1,851.5,841.8,382.5,0.0,0.0,0.0,9.0,0.225,0.9393,0.0002,3.1551,-0.8416,6.6281,838.402,0.0,0.0,0.0,821.850006103516,down,2026-03-06T10:40:32,0.0,0.0
SPXW,2026-09-30,40,Put,6870.0,SPXW260930P06870000,14.8,15.1,14.95,15.15,0.0,0.0,0.0,226.0,0.226,-0.0606,0.0002,3.1551,-0.8416,-0.4909,15.0574,0.0,0.0,0.0,18.8999996185303,down,2026-08-19T15:23:26,0.0,0.0
SPXW,2026-09-30,40,Call,6875.0,SPXW260930C06875000,826.4,846.6,836.5,636.74,0.0,0.0,0.0,670.0,0.2244,0.9386,0.0002,3.1809,-0.8462,6.6282,833.5673,0.0,0.0,0.0,817.150024414062,down,2026-07-24T10:47:30,0.0,0.0
SPXW,2026-09-30,40,Put,6875.0,SPXW260930P06875000,14.9,15.2,15.05,18.25,0.0,0.0,0.0,164.0,0.2253,-0.0612,0.0002,3.1809,-0.8462,-0.496,15.2,0.0,0.0,0.0,19.0500001907349,up,2026-08-20T11:45:18,0.0,0.0
SPXW,2026-09-30,40,Call,6880.0,SPXW260930C06880000,821.9,841.8,831.8499999999999,703.43,0.0,0.0,0.0,3.0,0.2239,0.938,0.0002,3.207,-0.8508,6.6281,828.7344,0.0,0.0,0.0,812.299987792969,down,2026-06-30T09:35:38,0.0,0.0
SPXW,2026-09-30,40,Put,6880.0,SPXW260930P06880000,15.1,15.4,15.25,15.6,-3.65,-18.961,4.0,227.0,0.2246,-0.0619,0.0002,3.207,-0.8508,-0.5013,15.3444,16.55,16.55,15.6,19.25,down,2026-08-21T11:22:48,0.0,0.0
SPXW,2026-09-30,40,Call,6885.0,SPXW260930C06885000,816.3,837.0,826.65,0.0,0.0,0.0,0.0,0.0,0.223,0.9373,0.0002,3.2333,-0.8555,6.628,823.9035,0.0,0.0,0.0,807.449981689453,no_change,,0.0,0.0
SPXW,2026-09-30,40,Put,6885.0,SPXW260930P06885000,15.2,15.5,15.35,15.35,0.0,0.0,0.0,67.0,0.2238,-0.0625,0.0002,3.2333,-0.8555,-0.5066,15.4907,0.0,0.0,0.0,19.4499998092651,down,2026-08-19T11:06:01,0.0,0.0
SPXW,2026-09-30,40,Call,6890.0,SPXW260930C06890000,811.9,832.1,822.0,668.4,0.0,0.0,0.0,81.0,0.2224,0.9367,0.0002,3.26,-0.8602,6.6278,819.0744,0.0,0.0,0.0,802.649993896484,down,2026-06-09T10:49:54,0.0,0.0
SPXW,2026-09-30,40,Put,6890.0,SPXW260930P06890000,15.4,15.7,15.55,18.75,0.0,0.0,0.0,404.0,0.2232,-0.0632,0.0002,3.26,-0.8602,-0.512,15.6389,0.0,0.0,0.0,19.6000003814697,up,2026-08-20T11:45:18,0.0,0.0
SPXW,2026-09-30,40,Call,6895.0,SPXW260930C06895000,807.4,827.3,817.3499999999999,196.4,0.0,0.0,0.0,2.0,0.2218,0.936,0.0002,3.287,-0.8649,6.6274,814.2473,0.0,0.0,0.0,797.850006103516,down,2026-03-31T12:23:30,0.0,0.0
SPXW,2026-09-30,40,Put,6895.0,SPXW260930P06895000,15.5,15.8,15.65,18.7,0.0,0.0,0.0,92.0,0.2225,-0.0639,0.0002,3.287,-0.8649,-0.5175,15.789,0.0,0.0,0.0,19.75,down,2026-08-20T11:39:59,0.0,0.0
SPXW,2026-09-30,40,Call,6900.0,SPXW260930C06900000,798.5,821.4,809.95,935.63,0.0,0.0,0.0,313.0,0.2209,0.9353,0.0002,3.3142,-0.8697,6.627,809.4222,0.0,0.0,0.0,793.050018310547,up,2026-08-13T13:16:52,0.0,0.0
SPXW,2026-09-30,40,Put,6900.0,SPXW260930P06900000,15.7,16.0,15.85,16.1,-3.85,-19.2982,322.0,3673.0,0.222,-0.0646,0.0002,3.3142,-0.8697,-0.523,15.9412,17.15,17.15,16.1,19.9499998092651,no_change,2026-08-21T13:52:20,0.0,0.0
SPXW,2026-09-30,40,Call,6905.0,SPXW260930C06905000,798.0,817.7,807.85,505.5,0.0,0.0,0.0,7.0,0.2203,0.9346,0.0002,3.3418,-0.8745,6.6266,804.5991,0.0,0.0,0.0,788.299987792969,up,2026-04-21T13:39:03,0.0,0.0
SPXW,2026-09-30,40,Put,6905.0,SPXW260930P06905000,15.8,16.1,15.950000000000001,17.56,0.0,0.0,0.0,31.0,0.2211,-0.0652,0.0002,3.3418,-0.8745,-0.5287,16.0954,0.0,0.0,0.0,20.1499996185303,up,2026-08-17T14:55:28,0.0,0.0
SPXW,2026-09-30,40,Call,6910.0,SPXW260930C06910000,792.1,812.8,802.45,720.05,0.0,0.0,0.0,7.0,0.2197,0.9339,0.0002,3.3696,-0.8793,6.626,799.7781,0.0,0.0,0.0,783.5,down,2026-07-13T14:10:53,0.0,0.0
SPXW,2026-09-30,40,Put,6910.0,SPXW260930P06910000,16.0,16.3,16.15,17.17,-3.18,-15.6265,1.0,108.0,0.2206,-0.066,0.0002,3.3696,-0.8793,-0.5344,16.2516,17.17,17.17,17.17,20.3500003814697,down,2026-08-21T10:24:28,0.0,0.0
SPXW,2026-09-30,40,Call,6915.0,SPXW260930C06915000,787.3,808.0,797.65,683.49,0.0,0.0,0.0,11.0,0.2191,0.9332,0.0002,3.3977,-0.8841,6.6253,794.9592,0.0,0.0,0.0,779.100006103516,no_change,2026-06-05T15:37:00,0.0,0.0
SPXW,2026-09-30,40,Put,6915.0,SPXW260930P06915000,16.1,16.4,16.25,18.02,0.0,0.0,0.0,50.0,0.2199,-0.0667,0.0002,3.3977,-0.8841,-0.5403,16.41,0.0,0.0,0.0,20.5500001907349,down,2026-08-19T10:14:59,0.0,0.0
SPXW,2026-09-30,40,Call,6920.0,SPXW260930C06920000,782.4,803.2,792.8,895.52,0.0,0.0,0.0,16.0,0.2182,0.9325,0.0002,3.4261,-0.889,6.6246,790.1425,0.0,0.0,0.0,773.949981689453,no_change,2026-08-17T10:31:46,0.0,0.0
SPXW,2026-09-30,40,Put,6920.0,SPXW260930P06920000,16.3,16.6,16.450000000000003,17.2,0.0,0.0,0.0,24.0,0.2192,-0.0674,0.0002,3.4261,-0.889,-0.5462,16.5705,0.0,0.0,0.0,20.75,down,2026-08-19T09:30:02,0.0,0.0
SPXW,2026-09-30,40,Call,6925.0,SPXW260930C06925000,778.9,798.4,788.65,662.15,0.0,0.0,0.0,49.0,0.2176,0.9317,0.0002,3.4547,-0.8939,6.6237,785.3279,0.0,0.0,0.0,769.149993896484,up,2026-05-06T11:01:47,0.0,0.0
SPXW,2026-09-30,40,Put,6925.0,SPXW260930P06925000,16.4,16.8,16.6,21.05,0.0,0.0,0.0,234.0,0.2185,-0.0681,0.0002,3.4547,-0.8939,-0.5523,16.7332,0.0,0.0,0.0,20.9499998092651,up,2026-08-20T15:57:27,0.0,0.0
SPXW,2026-09-30,40,Call,6930.0,SPXW260930C06930000,773.6,793.6,783.6,654.58,0.0,0.0,0.0,19.0,0.217,0.931,0.0002,3.4836,-0.8989,6.6228,780.5155,0.0,0.0,0.0,764.350006103516,down,2026-07-21T10:08:22,0.0,0.0
SPXW,2026-09-30,40,Put,6930.0,SPXW260930P06930000,16.6,16.9,16.75,18.4,0.0,0.0,0.0,111.0,0.2178,-0.0689,0.0002,3.4836,-0.8989,-0.5584,16.8981,0.0,0.0,0.0,21.1499996185303,down,2026-08-17T15:58:00,0.0,0.0
SPXW,2026-09-30,40,Call,6935.0,SPXW260930C06935000,764.8,787.0,775.9,866.7,0.0,0.0,0.0,11.0,0.2164,0.9302,0.0002,3.5127,-0.9038,6.6217,775.7055,0.0,0.0,0.0,759.550018310547,up,2026-08-04T13:57:00,0.0,0.0
SPXW,2026-09-30,40,Put,6935.0,SPXW260930P06935000,16.8,17.1,16.950000000000003,20.5,0.0,0.0,0.0,40.0,0.2172,-0.0696,0.0002,3.5127,-0.9038,-0.5646,17.0652,0.0,0.0,0.0,21.3500003814697,down,2026-08-12T11:29:36,0.0,0.0
SPXW,2026-09-30,40,Call,6940.0,SPXW260930C06940000,764.0,783.9,773.95,876.12,0.0,0.0,0.0,31.0,0.2157,0.9295,0.0002,3.542,-0.9089,6.6206,770.8977,0.0,0.0,0.0,754.799987792969,no_change,2026-08-17T10:31:46,0.0,0.0
SPXW,2026-09-30,40,Put,6940.0,SPXW260930P06940000,16.9,17.3,17.1,17.67,-3.88,-18.0046,3.0,1312.0,0.2165,-0.0704,0.0002,3.542,-0.9089,-0.5709,17.2347,18.17,18.17,17.67,21.5500001907349,down,2026-08-21T11:16:16,0.0,0.0
SPXW,2026-09-30,40,Call,6945.0,SPXW260930C06945000,759.1,779.1,769.1,197.98,0.0,0.0,0.0,32.0,0.2151,0.9287,0.0002,3.5716,-0.9139,6.6193,766.0922,0.0,0.0,0.0,750.050018310547,down,2026-04-02T10:25:29,0.0,0.0
SPXW,2026-09-30,40,Put,6945.0,SPXW260930P06945000,17.1,17.4,17.25,19.02,0.0,0.0,0.0,205.0,0.2158,-0.0712,0.0002,3.5716,-0.9139,-0.5774,17.4065,0.0,0.0,0.0,21.75,up,2026-08-19T10:14:59,0.0,0.0
SPXW,2026-09-30,40,Call,6950.0,SPXW260930C06950000,754.9,774.3,764.5999999999999,864.0,0.0,0.0,0.0,313.0,0.2144,0.9279,0.0002,3.6013,-0.919,6.618,761.2891,0.0,0.0,0.0,745.25,down,2026-08-10T11:54:04,0.0,0.0
SPXW,2026-09-30,40,Put,6950.0,SPXW260930P06950000,17.3,17.6,17.450000000000003,16.9,-5.05,-23.0068,40.0,1331.0,0.2153,-0.0719,0.0002,3.6013,-0.919,-0.5838,17.5807,18.48,18.64,16.9,21.9499998092651,no_change,2026-08-21T15:47:12,0.0,0.0
SPXW,2026-09-30,40,Call,6955.0,SPXW260930C06955000,748.6,769.5,759.05,635.6,0.0,0.0,0.0,22.0,0.2138,0.9271,0.0002,3.6313,-0.9241,6.6166,756.4885,0.0,0.0,0.0,740.899993896484,up,2026-05-19T15:41:44,0.0,0.0
SPXW,2026-09-30,40,Put,6955.0,SPXW260930P06955000,17.4,17.8,17.6,24.0,0.0,0.0,0.0,41.0,0.2146,-0.0727,0.0002,3.6313,-0.9241,-0.5904,17.7573,0.0,0.0,0.0,22.1499996185303,down,2026-08-11T15:05:28,0.0,0.0
SPXW,2026-09-30,40,Call,6960.0,SPXW260930C06960000,744.7,764.7,754.7,536.98,0.0,0.0,0.0,14.0,0.2131,0.9263,0.0003,3.6615,-0.9292,6.6152,751.6903,0.0,0.0,0.0,736.149993896484,up,2026-05-04T11:19:10,0.0,0.0
SPXW,2026-09-30,40,Put,6960.0,SPXW260930P06960000,17.6,17.9,17.75,20.03,0.0,0.0,0.0,92.0,0.2138,-0.0735,0.0003,3.6615,-0.9292,-0.5971,17.9363,0.0,0.0,0.0,22.3500003814697,down,2026-08-12T15:09:12,0.0,0.0
SPXW,2026-09-30,40,Call,6965.0,SPXW260930C06965000,739.2,759.9,749.55,389.0,0.0,0.0,0.0,28.0,0.2124,0.9255,0.0003,3.6919,-0.9344,6.6136,746.8945,0.0,0.0,0.0,731.600006103516,up,2026-04-15T12:48:02,0.0,0.0
SPXW,2026-09-30,40,Put,6965.0,SPXW260930P06965000,17.8,18.1,17.950000000000003,18.7,0.0,0.0,0.0,71.0,0.2131,-0.0744,0.0003,3.6919,-0.9344,-0.6038,18.1179,0.0,0.0,0.0,22.5500001907349,down,2026-08-19T14:22:56,0.0,0.0
SPXW,2026-09-30,40,Call,6970.0,SPXW260930C06970000,731.1,753.2,742.1500000000001,702.35,0.0,0.0,0.0,24.0,0.2118,0.9247,0.0003,3.7226,-0.9396,6.612,742.1013,0.0,0.0,0.0,726.25,up,2026-08-03T15:46:48,0.0,0.0
SPXW,2026-09-30,40,Put,6970.0,SPXW260930P06970000,18.0,18.3,18.15,19.5,0.0,0.0,0.0,215.0,0.2125,-0.0752,0.0003,3.7226,-0.9396,-0.6106,18.3019,0.0,0.0,0.0,22.75,down,2026-08-13T11:29:05,0.0,0.0
SPXW,2026-09-30,40,Call,6975.0,SPXW260930C06975000,730.3,750.3,740.3,863.38,0.0,0.0,0.0,503.0,0.2111,0.9238,0.0003,3.7534,-0.9448,6.6102,737.3107,0.0,0.0,0.0,721.449981689453,up,2026-08-13T13:16:52,0.0,0.0
SPXW,2026-09-30,40,Put,6975.0,SPXW260930P06975000,18.2,18.5,18.35,18.78,-4.27,-18.5249,2.0,623.0,0.2118,-0.076,0.0003,3.7534,-0.9448,-0.6175,18.4885,19.42,19.42,18.78,23.0500001907349,down,2026-08-21T14:07:10,0.0,0.0
SPXW,2026-09-30,40,Call,6980.0,SPXW260930C06980000,725.5,745.5,735.5,563.93,0.0,0.0,0.0,69.0,0.2104,0.923,0.0003,3.7845,-0.9501,6.6084,732.5226,0.0,0.0,0.0,716.75,down,2026-07-23T10:42:16,0.0,0.0
SPXW,2026-09-30,40,Put,6980.0,SPXW260930P06980000,18.4,18.7,18.549999999999997,18.28,0.0,0.0,0.0,338.0,0.2112,-0.0769,0.0003,3.7845,-0.9501,-0.6245,18.6777,0.0,0.0,0.0,23.25,down,2026-08-19T10:58:47,0.0,0.0
SPXW,2026-09-30,40,Call,6985.0,SPXW260930C06985000,716.8,738.9,727.8499999999999,488.31,0.0,0.0,0.0,18.0,0.2097,0.9221,0.0003,3.8159,-0.9554,6.6066,727.7371,0.0,0.0,0.0,711.949981689453,up,2026-04-27T10:55:03,0.0,0.0
SPXW,2026-09-30,40,Put,6985.0,SPXW260930P06985000,18.5,18.9,18.7,19.06,0.0,0.0,0.0,40.0,0.2106,-0.0778,0.0003,3.8159,-0.9554,-0.6315,18.8695,0.0,0.0,0.0,23.4499998092651,up,2026-08-19T15:55:06,0.0,0.0
SPXW,2026-09-30,40,Call,6990.0,SPXW260930C06990000,712.0,735.2,723.6,576.19,0.0,0.0,0.0,5.0,0.209,0.9212,0.0003,3.8475,-0.9607,6.6046,722.9543,0.0,0.0,0.0,707.25,down,2026-07-24T12:06:14,0.0,0.0
SPXW,2026-09-30,40,Put,6990.0,SPXW260930P06990000,18.7,19.1,18.9,18.62,-5.08,-21.4346,31.0,2651.0,0.2101,-0.0786,0.0003,3.8475,-0.9607,-0.6387,19.064,20.23,20.23,18.62,23.6999998092651,down,2026-08-21T15:37:49,0.0,0.0
SPXW,2026-09-30,40,Call,6995.0,SPXW260930C06995000,711.9,731.2,721.55,818.86,0.0,0.0,0.0,10.0,0.2083,0.9203,0.0003,3.8795,-0.9661,6.6026,718.1742,0.0,0.0,0.0,702.850006103516,no_change,2026-08-04T15:49:15,0.0,0.0
SPXW,2026-09-30,40,Put,6995.0,SPXW260930P06995000,18.9,19.3,19.1,18.5,-5.45,-22.7557,1.0,222.0,0.2093,-0.0795,0.0003,3.8795,-0.9661,-0.6459,19.2612,18.5,18.5,18.5,23.9499998092651,down,2026-08-21T15:47:53,0.0,0.0
SPXW,2026-09-30,40,Call,7000.0,SPXW260930C07000000,706.9,726.4,716.65,730.05,32.3,4.62917,20.0,7076.0,0.2078,0.9194,0.0003,3.9117,-0.9715,6.6005,713.3969,720.49,730.05,720.49,697.75,up,2026-08-21T12:02:38,0.0,0.0
SPXW,2026-09-30,40,Put,7000.0,SPXW260930P07000000,19.1,19.4,19.25,19.35,-4.8,-19.8758,71.0,20331.0,0.2086,-0.0804,0.0003,3.9117,-0.9715,-0.6532,19.461,21.0,21.0,18.9,24.1499996185303,up,2026-08-21T16:03:25,0.0,0.0
SPXW,2026-09-30,40,Call,7005.0,SPXW260930C07005000,697.6,720.3,708.95,818.28,0.0,0.0,0.0,238.0,0.2071,0.9185,0.0003,3.9443,-0.9769,6.5983,708.6223,0.0,0.0,0.0,693.0,up,2026-08-14T13:59:16,0.0,0.0
SPXW,2026-09-30,40,Put,7005.0,SPXW260930P07005000,19.3,19.6,19.450000000000003,24.53,0.0,0.0,0.0,259.0,0.2079,-0.0813,0.0003,3.9443,-0.9769,-0.6606,19.6637,0.0,0.0,0.0,24.4499998092651,up,2026-08-20T14:40:45,0.0,0.0
SPXW,2026-09-30,40,Call,7010.0,SPXW260930C07010000,696.8,716.8,706.8,813.48,0.0,0.0,0.0,37.0,0.2064,0.9176,0.0003,3.9772,-0.9824,6.596,703.8505,0.0,0.0,0.0,688.899993896484,up,2026-08-14T13:59:16,0.0,0.0
SPXW,2026-09-30,40,Put,7010.0,SPXW260930P07010000,19.5,19.8,19.65,22.65,0.0,0.0,0.0,92.0,0.2071,-0.0823,0.0003,3.9772,-0.9824,-0.668,19.8692,0.0,0.0,0.0,24.6499996185303,no_change,2026-08-20T10:24:58,0.0,0.0
SPXW,2026-09-30,40,Call,7015.0,SPXW260930C07015000,692.0,712.1,702.05,529.16,0.0,0.0,0.0,86.0,0.2057,0.9167,0.0003,4.0104,-0.9879,6.5936,699.0815,0.0,0.0,0.0,683.600006103516,no_change,2026-07-23T10:35:07,0.0,0.0
SPXW,2026-09-30,40,Put,7015.0,SPXW260930P07015000,19.7,20.0,19.85,21.12,0.0,0.0,0.0,101.0,0.2066,-0.0832,0.0003,4.0104,-0.9879,-0.6756,20.0775,0.0,0.0,0.0,24.8999996185303,up,2026-08-19T09:56:30,0.0,0.0
SPXW,2026-09-30,40,Call,7020.0,SPXW260930C07020000,683.3,705.9,694.5999999999999,527.43,0.0,0.0,0.0,83.0,0.2052,0.9157,0.0003,4.044,-0.9934,6.5911,694.3155,0.0,0.0,0.0,678.850006103516,down,2026-07-23T10:36:30,0.0,0.0
SPXW,2026-09-30,40,Put,7020.0,SPXW260930P07020000,19.9,20.3,20.1,23.75,0.0,0.0,0.0,428.0,0.2059,-0.0842,0.0003,4.044,-0.9934,-0.6833,20.2887,0.0,0.0,0.0,25.1499996185303,up,2026-08-20T11:40:00,0.0,0.0
SPXW,2026-09-30,40,Call,7025.0,SPXW260930C07025000,683.0,702.5,692.75,610.69,0.0,0.0,0.0,82.0,0.2044,0.9147,0.0003,4.078,-0.999,6.5885,689.5523,0.0,0.0,0.0,674.100006103516,up,2026-05-21T12:41:59,0.0,0.0
SPXW,2026-09-30,40,Put,7025.0,SPXW260930P07025000,20.2,20.5,20.35,25.4,0.0,0.0,0.0,275.0,0.2052,-0.0851,0.0003,4.078,-0.999,-0.6911,20.5027,0.0,0.0,0.0,25.4499998092651,up,2026-08-20T15:55:57,0.0,0.0
SPXW,2026-09-30,40,Call,7030.0,SPXW260930C07030000,678.2,697.8,688.0,629.76,0.0,0.0,0.0,463.0,0.2037,0.9138,0.0003,4.1125,-1.0046,6.5858,684.7922,0.0,0.0,0.0,669.950012207031,up,2026-07-06T11:24:48,0.0,0.0
SPXW,2026-09-30,40,Put,7030.0,SPXW260930P07030000,20.4,20.7,20.549999999999997,25.78,0.0,0.0,0.0,821.0,0.2045,-0.0861,0.0003,4.1125,-1.0046,-0.699,20.72,0.0,0.0,0.0,25.6499996185303,up,2026-08-20T14:40:45,0.0,0.0
SPXW,2026-09-30,40,Call,7035.0,SPXW260930C07035000,673.0,693.0,683.0,515.12,0.0,0.0,0.0,41.0,0.2032,0.9128,0.0003,4.1473,-1.0102,6.5829,680.0351,0.0,0.0,0.0,664.450012207031,down,2026-07-23T10:36:30,0.0,0.0
SPXW,2026-09-30,40,Put,7035.0,SPXW260930P07035000,20.6,20.9,20.75,32.77,0.0,0.0,0.0,135.0,0.2039,-0.0871,0.0003,4.1473,-1.0102,-0.707,20.9401,0.0,0.0,0.0,25.9499998092651,no_change,2026-08-04T12:46:21,0.0,0.0
SPXW,2026-09-30,40,Call,7040.0,SPXW260930C07040000,668.7,688.2,678.45,682.53,0.0,0.0,0.0,85.0,0.2024,0.9118,0.0003,4.1825,-1.0158,6.58,675.2812,0.0,0.0,0.0,659.75,up,2026-05-26T09:42:00,0.0,0.0
SPXW,2026-09-30,40,Put,7040.0,SPXW260930P07040000,20.8,21.1,20.950000000000003,20.75,-5.45,-20.8015,10.0,511.0,0.2032,-0.0881,0.0003,4.1825,-1.0158,-0.7151,21.1634,20.75,20.75,20.75,26.1999998092651,down,2026-08-21T11:41:07,0.0,0.0
SPXW,2026-09-30,40,Call,7045.0,SPXW260930C07045000,659.5,682.1,670.8,566.39,0.0,0.0,0.0,52.0,0.2019,0.9107,0.0003,4.2181,-1.0215,6.5768,670.5304,0.0,0.0,0.0,655.049987792969,up,2026-06-23T10:10:22,0.0,0.0
SPXW,2026-09-30,40,Put,7045.0,SPXW260930P07045000,21.0,21.4,21.2,21.6,-4.85,-18.3365,1.0,112.0,0.2026,-0.0891,0.0003,4.2181,-1.0215,-0.7234,21.3899,21.6,21.6,21.6,26.4499998092651,down,2026-08-21T11:27:21,0.0,0.0
SPXW,2026-09-30,40,Call,7050.0,SPXW260930C07050000,654.8,677.4,666.0999999999999,537.25,0.0,0.0,0.0,348.0,0.2011,0.9097,0.0003,4.2541,-1.0272,6.5736,665.7828,0.0,0.0,0.0,650.350006103516,down,2026-07-31T15:33:41,0.0,0.0
SPXW,2026-09-30,40,Put,7050.0,SPXW260930P07050000,21.3,21.6,21.450000000000003,21.15,-5.6,-20.9346,10.0,1052.0,0.202,-0.0902,0.0003,4.2541,-1.0272,-0.7318,21.6195,21.15,21.15,21.15,26.75,down,2026-08-21T11:41:07,0.0,0.0
SPXW,2026-09-30,40,Call,7055.0,SPXW260930C07055000,653.5,674.0,663.75,633.08,0.0,0.0,0.0,35.0,0.2006,0.9086,0.0003,4.2905,-1.0329,6.5702,661.0385,0.0,0.0,0.0,645.649993896484,down,2026-06-22T09:55:21,0.0,0.0
SPXW,2026-09-30,40,Put,7055.0,SPXW260930P07055000,21.5,21.8,21.65,21.5,0.0,0.0,0.0,136.0,0.2013,-0.0912,0.0003,4.2905,-1.0329,-0.7404,21.8525,0.0,0.0,0.0,27.0500001907349,down,2026-08-17T12:40:35,0.0,0.0
SPXW,2026-09-30,40,Call,7060.0,SPXW260930C07060000,649.4,669.2,659.3,781.17,0.0,0.0,0.0,80.0,0.1998,0.9076,0.0003,4.3273,-1.0387,6.5666,656.2975,0.0,0.0,0.0,641.0,up,2026-08-13T13:16:09,0.0,0.0
SPXW,2026-09-30,40,Put,7060.0,SPXW260930P07060000,21.7,22.0,21.85,25.68,0.0,0.0,0.0,81.0,0.2006,-0.0923,0.0003,4.3273,-1.0387,-0.7492,22.0888,0.0,0.0,0.0,27.3000001907349,up,2026-08-20T13:19:22,0.0,0.0
SPXW,2026-09-30,40,Call,7065.0,SPXW260930C07065000,640.5,663.2,651.85,530.8,0.0,0.0,0.0,22.0,0.1992,0.9065,0.0003,4.3644,-1.0445,6.5629,651.56,0.0,0.0,0.0,636.299987792969,up,2026-06-10T11:01:41,0.0,0.0
SPXW,2026-09-30,40,Put,7065.0,SPXW260930P07065000,22.0,22.3,22.15,25.91,0.0,0.0,0.0,42.0,0.1999,-0.0934,0.0003,4.3644,-1.0445,-0.758,22.3286,0.0,0.0,0.0,27.5500001907349,up,2026-08-20T13:19:22,0.0,0.0
SPXW,2026-09-30,40,Call,7070.0,SPXW260930C07070000,635.8,658.3,647.05,741.35,0.0,0.0,0.0,64.0,0.1987,0.9054,0.0003,4.4019,-1.0503,6.5591,646.826,0.0,0.0,0.0,631.599975585938,up,2026-08-04T13:57:00,0.0,0.0
SPXW,2026-09-30,40,Put,7070.0,SPXW260930P07070000,22.2,22.5,22.35,21.5,0.0,0.0,0.0,177.0,0.1994,-0.0945,0.0003,4.4019,-1.0503,-0.7671,22.5718,0.0,0.0,0.0,27.8500003814697,down,2026-08-19T16:00:14,0.0,0.0
SPXW,2026-09-30,40,Call,7075.0,SPXW260930C07075000,634.4,655.0,644.7,769.32,0.0,0.0,0.0,105.0,0.1978,0.9043,0.0003,4.4396,-1.0562,6.5551,642.0955,0.0,0.0,0.0,626.900024414062,up,2026-08-13T09:58:26,0.0,0.0
SPXW,2026-09-30,40,Put,7075.0,SPXW260930P07075000,22.5,22.8,22.65,28.5,0.0,0.0,0.0,727.0,0.1987,-0.0956,0.0003,4.4396,-1.0562,-0.7763,22.8186,0.0,0.0,0.0,28.1499996185303,up,2026-08-20T15:59:48,0.0,0.0
SPXW,2026-09-30,40,Call,7080.0,SPXW260930C07080000,631.2,650.3,640.75,670.11,0.0,0.0,0.0,29.0,0.1973,0.9032,0.0003,4.4777,-1.062,6.5509,637.3687,0.0,0.0,0.0,622.25,no_change,2026-08-18T11:37:28,0.0,0.0
SPXW,2026-09-30,40,Put,7080.0,SPXW260930P07080000,22.7,23.0,22.85,22.07,0.0,0.0,0.0,534.0,0.1981,-0.0967,0.0003,4.4777,-1.062,-0.7856,23.0691,0.0,0.0,0.0,28.4499998092651,down,2026-08-19T10:58:47,0.0,0.0
SPXW,2026-09-30,40,Call,7085.0,SPXW260930C07085000,625.5,645.6,635.55,759.82,0.0,0.0,0.0,21.0,0.1967,0.902,0.0003,4.5161,-1.068,6.5466,632.6456,0.0,0.0,0.0,617.549987792969,up,2026-08-13T09:58:26,0.0,0.0
SPXW,2026-09-30,40,Put,7085.0,SPXW260930P07085000,23.0,23.3,23.15,22.97,-5.78,-20.1043,2.0,131.0,0.1973,-0.0979,0.0003,4.5161,-1.068,-0.7951,23.3232,22.97,22.97,22.97,28.75,no_change,2026-08-21T15:24:46,0.0,0.0
SPXW,2026-09-30,40,Call,7090.0,SPXW260930C07090000,620.8,640.9,630.8499999999999,722.22,0.0,0.0,0.0,42.0,0.1961,0.9008,0.0004,4.5547,-1.0739,6.5421,627.9263,0.0,0.0,0.0,612.850006103516,up,2026-08-07T15:53:52,0.0,0.0
SPXW,2026-09-30,40,Put,7090.0,SPXW260930P07090000,23.2,23.5,23.35,22.93,-6.12,-21.0671,34.0,8551.0,0.1968,-0.099,0.0004,4.5547,-1.0739,-0.8047,23.5811,23.22,23.22,22.93,29.0500001907349,down,2026-08-21T15:37:49,0.0,0.0
SPXW,2026-09-30,40,Call,7095.0,SPXW260930C07095000,612.2,634.6,623.4000000000001,206.39,0.0,0.0,0.0,17.0,0.1955,0.8997,0.0004,4.5935,-1.0799,6.5375,623.2108,0.0,0.0,0.0,608.200012207031,up,2026-04-08T13:54:34,0.0,0.0
SPXW,2026-09-30,40,Put,7095.0,SPXW260930P07095000,23.5,23.8,23.65,24.0,-5.35,-18.2283,3.0,90.0,0.196,-0.1002,0.0004,4.5935,-1.0799,-0.8145,23.8429,24.36,24.36,24.0,29.3500003814697,down,2026-08-21T11:27:21,0.0,0.0
SPXW,2026-09-30,40,Call,7100.0,SPXW260930C07100000,611.6,631.4,621.5,634.95,31.4,5.20255,20.0,875.0,0.195,0.8985,0.0004,4.6326,-1.0859,6.5328,618.4992,625.49,634.95,625.49,603.549987792969,up,2026-08-21T12:02:38,0.0,0.0
SPXW,2026-09-30,40,Put,7100.0,SPXW260930P07100000,23.7,24.0,23.85,23.72,-5.93,-20.0,73.0,1821.0,0.1955,-0.1014,0.0004,4.6326,-1.0859,-0.8244,24.1086,26.1,26.1,23.4,29.6499996185303,up,2026-08-21T15:52:23,0.0,0.0
SPXW,2026-09-30,40,Call,7105.0,SPXW260930C07105000,612.2,617.9,615.05,599.37,0.0,0.0,0.0,45.0,0.1945,0.8972,0.0004,4.672,-1.0919,6.5279,613.7916,0.0,0.0,0.0,598.850006103516,no_change,2026-05-13T13:52:56,0.0,0.0
SPXW,2026-09-30,40,Put,7105.0,SPXW260930P07105000,24.0,24.3,24.15,24.1,-5.95,-19.8003,13.0,20004.0,0.1948,-0.1026,0.0004,4.672,-1.0919,-0.8345,24.3782,24.5,24.5,24.1,30.0500001907349,down,2026-08-21T15:59:59,0.0,0.0
SPXW,2026-09-30,40,Call,7110.0,SPXW260930C07110000,607.5,613.2,610.35,444.52,0.0,0.0,0.0,102.0,0.1939,0.896,0.0004,4.7115,-1.098,6.5229,609.088,0.0,0.0,0.0,594.200012207031,up,2026-07-31T11:21:48,0.0,0.0
SPXW,2026-09-30,40,Put,7110.0,SPXW260930P07110000,24.3,24.6,24.450000000000003,29.38,0.0,0.0,0.0,55.0,0.1941,-0.1038,0.0004,4.7115,-1.098,-0.8447,24.6519,0.0,0.0,0.0,30.3500003814697,up,2026-08-20T13:42:01,0.0,0.0
SPXW,2026-09-30,40,Call,7115.0,SPXW260930C07115000,602.8,608.5,605.65,686.2,0.0,0.0,0.0,35.0,0.1934,0.8948,0.0004,4.7513,-1.104,6.5178,604.3885,0.0,0.0,0.0,589.599975585938,down,2026-08-17T15:34:01,0.0,0.0
SPXW,2026-09-30,40,Put,7115.0,SPXW260930P07115000,24.6,24.9,24.75,29.72,0.0,0.0,0.0,78.0,0.1934,-0.1051,0.0004,4.7513,-1.104,-0.855,24.9297,0.0,0.0,0.0,30.6499996185303,up,2026-08-20T13:42:01,0.0,0.0
SPXW,2026-09-30,40,Call,7120.0,SPXW260930C07120000,598.1,603.8,600.95,614.23,29.33,5.01453,1.0,125.0,0.1927,0.8935,0.0004,4.7914,-1.1101,6.5126,599.6932,614.23,614.23,614.23,584.900024414062,up,2026-08-21T12:03:52,0.0,0.0
SPXW,2026-09-30,40,Put,7120.0,SPXW260930P07120000,24.8,25.2,25.0,30.3,0.0,0.0,0.0,485.0,0.1928,-0.1064,0.0004,4.7914,-1.1101,-0.8654,25.2116,0.0,0.0,0.0,30.9499998092651,up,2026-08-20T14:06:05,0.0,0.0
SPXW,2026-09-30,40,Call,7125.0,SPXW260930C07125000,593.4,599.1,596.25,607.56,0.0,0.0,0.0,2706.0,0.192,0.8922,0.0004,4.8317,-1.1163,6.5072,595.0021,0.0,0.0,0.0,580.350006103516,down,2026-08-20T13:01:27,0.0,0.0
SPXW,2026-09-30,40,Put,7125.0,SPXW260930P07125000,25.1,25.4,25.25,25.73,-5.62,-17.9266,15.0,4343.0,0.1923,-0.1076,0.0004,4.8317,-1.1163,-0.8759,25.4978,25.72,25.73,25.58,31.3500003814697,up,2026-08-21T14:07:10,0.0,0.0
SPXW,2026-09-30,40,Call,7130.0,SPXW260930C07130000,588.3,594.4,591.3499999999999,428.23,0.0,0.0,0.0,44.0,0.1916,0.8909,0.0004,4.8724,-1.1224,6.5017,590.3152,0.0,0.0,0.0,575.700012207031,up,2026-07-31T11:21:56,0.0,0.0
SPXW,2026-09-30,40,Put,7130.0,SPXW260930P07130000,25.4,25.7,25.549999999999997,24.97,-6.68,-21.1058,13.0,130.0,0.1915,-0.109,0.0004,4.8724,-1.1224,-0.8866,25.7882,25.95,25.98,24.97,31.6499996185303,down,2026-08-21T15:45:56,0.0,0.0
SPXW,2026-09-30,40,Call,7135.0,SPXW260930C07135000,583.7,589.7,586.7,574.9,0.0,0.0,0.0,67.0,0.1905,0.8896,0.0004,4.9133,-1.1286,6.4961,585.6327,0.0,0.0,0.0,571.049987792969,down,2026-08-20T15:05:35,0.0,0.0
SPXW,2026-09-30,40,Put,7135.0,SPXW260930P07135000,25.7,26.0,25.85,25.63,-6.37,-19.9062,2.0,183.0,0.1909,-0.1103,0.0004,4.9133,-1.1286,-0.8973,26.083,25.63,25.63,25.63,32.0,no_change,2026-08-21T15:24:46,0.0,0.0
SPXW,2026-09-30,40,Call,7140.0,SPXW260930C07140000,579.0,585.1,582.05,688.73,0.0,0.0,0.0,26.0,0.1902,0.8882,0.0004,4.9546,-1.1348,6.4904,580.9547,0.0,0.0,0.0,566.450012207031,up,2026-08-14T13:56:52,0.0,0.0
SPXW,2026-09-30,40,Put,7140.0,SPXW260930P07140000,26.0,26.3,26.15,32.02,0.0,0.0,0.0,441.0,0.1902,-0.1116,0.0004,4.9546,-1.1348,-0.9082,26.3821,0.0,0.0,0.0,32.3500003814697,down,2026-08-20T15:49:52,0.0,0.0
SPXW,2026-09-30,40,Call,7145.0,SPXW260930C07145000,574.3,580.4,577.3499999999999,661.8,0.0,0.0,0.0,15.0,0.1895,0.8869,0.0004,4.9963,-1.1411,6.4845,576.281,0.0,0.0,0.0,561.799987792969,down,2026-08-12T15:36:18,0.0,0.0
SPXW,2026-09-30,40,Put,7145.0,SPXW260930P07145000,26.3,26.6,26.450000000000003,31.77,0.0,0.0,0.0,54.0,0.1896,-0.113,0.0004,4.9963,-1.1411,-0.9193,26.6858,0.0,0.0,0.0,32.7000007629394,up,2026-08-20T14:03:58,0.0,0.0
SPXW,2026-09-30,40,Call,7150.0,SPXW260930C07150000,569.6,575.7,572.6500000000001,608.9,0.0,0.0,0.0,40.0,0.1886,0.8855,0.0004,5.0384,-1.1474,6.4785,571.612,0.0,0.0,0.0,557.200012207031,down,2026-08-19T15:55:06,0.0,0.0
SPXW,2026-09-30,40,Put,7150.0,SPXW260930P07150000,26.6,26.9,26.75,26.83,-6.22,-18.82,20.0,5560.0,0.189,-0.1144,0.0004,5.0384,-1.1474,-0.9305,26.994,27.47,27.47,23.58,33.0500011444092,no_change,2026-08-21T15:13:00,0.0,0.0
SPXW,2026-09-30,40,Call,7155.0,SPXW260930C07155000,565.0,571.1,568.05,565.92,13.32,2.41043,6.0,325.0,0.188,0.8841,0.0004,5.081,-1.1536,6.4724,566.9475,557.81,565.92,557.49,552.599975585938,up,2026-08-21T14:38:26,0.0,0.0
SPXW,2026-09-30,40,Put,7155.0,SPXW260930P07155000,27.0,27.3,27.15,26.95,0.0,0.0,0.0,20016.0,0.1883,-0.1158,0.0004,5.081,-1.1536,-0.9418,27.3068,0.0,0.0,0.0,33.4499988555908,up,2026-08-19T15:54:17,0.0,0.0
SPXW,2026-09-30,40,Call,7160.0,SPXW260930C07160000,560.4,566.4,563.4,596.69,0.0,0.0,0.0,40.0,0.1876,0.8826,0.0004,5.124,-1.1599,6.466,562.2878,0.0,0.0,0.0,547.950012207031,down,2026-08-18T15:36:29,0.0,0.0
SPXW,2026-09-30,40,Put,7160.0,SPXW260930P07160000,27.2,27.6,27.4,27.05,-6.75,-19.9704,2.0,107.0,0.1877,-0.1172,0.0004,5.124,-1.1599,-0.9533,27.6243,27.05,27.05,27.05,33.7999992370606,down,2026-08-21T11:40:20,0.0,0.0
SPXW,2026-09-30,40,Call,7165.0,SPXW260930C07165000,555.7,561.7,558.7,593.15,0.0,0.0,0.0,33.0,0.1867,0.8812,0.0004,5.1675,-1.1663,6.4595,557.6329,0.0,0.0,0.0,543.350006103516,up,2026-08-18T11:41:22,0.0,0.0
SPXW,2026-09-30,40,Put,7165.0,SPXW260930P07165000,27.6,27.9,27.75,28.83,-5.37,-15.7018,2.0,157.0,0.187,-0.1186,0.0004,5.1675,-1.1663,-0.965,27.9466,28.83,28.83,28.83,34.2000007629394,down,2026-08-21T10:54:20,0.0,0.0
SPXW,2026-09-30,40,Call,7170.0,SPXW260930C07170000,551.1,557.1,554.1,567.43,28.68,5.32343,1.0,56.0,0.1863,0.8797,0.0004,5.2114,-1.1726,6.4528,552.9828,567.43,567.43,567.43,538.75,down,2026-08-21T12:03:52,0.0,0.0
SPXW,2026-09-30,40,Put,7170.0,SPXW260930P07170000,27.9,28.2,28.049999999999997,29.73,-4.82,-13.9508,1.0,43.0,0.1864,-0.1201,0.0004,5.2114,-1.1726,-0.9769,28.2738,29.73,29.73,29.73,34.5500011444092,down,2026-08-21T10:43:39,0.0,0.0
SPXW,2026-09-30,40,Call,7175.0,SPXW260930C07175000,546.4,552.4,549.4,583.57,0.0,0.0,0.0,247.0,0.1854,0.8782,0.0004,5.2559,-1.179,6.4459,548.3378,0.0,0.0,0.0,534.199981689453,no_change,2026-08-18T14:14:16,0.0,0.0
SPXW,2026-09-30,40,Put,7175.0,SPXW260930P07175000,28.2,28.6,28.4,28.45,-6.5,-18.598,6.0,486.0,0.1857,-0.1216,0.0004,5.2558,-1.179,-0.989,28.606,29.02,29.02,28.45,34.9499988555908,down,2026-08-21T16:01:46,0.0,0.0
SPXW,2026-09-30,40,Call,7180.0,SPXW260930C07180000,541.8,547.8,544.8,407.41,0.0,0.0,0.0,72.0,0.185,0.8767,0.0004,5.3008,-1.1854,6.4388,543.6978,0.0,0.0,0.0,529.649993896484,down,2026-07-27T09:58:38,0.0,0.0
SPXW,2026-09-30,40,Put,7180.0,SPXW260930P07180000,28.6,28.9,28.75,28.03,-7.32,-20.7072,2.0,647.0,0.185,-0.1231,0.0004,5.3008,-1.1854,-1.0013,28.9434,28.33,28.33,28.03,35.3500003814697,down,2026-08-21T15:45:56,0.0,0.0
SPXW,2026-09-30,40,Call,7185.0,SPXW260930C07185000,537.1,543.1,540.1,347.9,0.0,0.0,0.0,154.0,0.1841,0.8752,0.0004,5.3462,-1.1918,6.4314,539.0631,0.0,0.0,0.0,525.100006103516,down,2026-07-29T11:33:32,0.0,0.0
SPXW,2026-09-30,40,Put,7185.0,SPXW260930P07185000,28.9,29.2,29.049999999999997,38.67,0.0,0.0,0.0,84.0,0.1844,-0.1247,0.0004,5.3462,-1.1918,-1.0138,29.2859,0.0,0.0,0.0,35.75,down,2026-08-07T14:40:56,0.0,0.0
SPXW,2026-09-30,40,Call,7190.0,SPXW260930C07190000,532.5,538.5,535.5,408.62,0.0,0.0,0.0,63.0,0.1839,0.8736,0.0004,5.392,-1.1982,6.4238,534.4337,0.0,0.0,0.0,520.5,down,2026-07-24T12:06:14,0.0,0.0
SPXW,2026-09-30,40,Put,7190.0,SPXW260930P07190000,29.3,29.6,29.450000000000003,28.89,-7.26,-20.083,18.0,1691.0,0.1839,-0.1262,0.0004,5.392,-1.1982,-1.0266,29.6338,30.01,30.01,28.89,36.1499996185303,down,2026-08-21T15:37:49,0.0,0.0
SPXW,2026-09-30,40,Call,7195.0,SPXW260930C07195000,527.9,533.9,530.9,360.6,0.0,0.0,0.0,65.0,0.1831,0.8721,0.0004,5.4382,-1.2047,6.416,529.8098,0.0,0.0,0.0,515.899993896484,up,2026-07-31T10:18:49,0.0,0.0
SPXW,2026-09-30,40,Put,7195.0,SPXW260930P07195000,29.6,29.9,29.75,33.67,0.0,0.0,0.0,80.0,0.1832,-0.1278,0.0004,5.4382,-1.2047,-1.0396,29.9871,0.0,0.0,0.0,36.5500011444092,up,2026-08-20T11:11:15,0.0,0.0
SPXW,2026-09-30,40,Call,7200.0,SPXW260930C07200000,523.3,529.3,526.3,515.57,4.22,0.825268,5.0,527.0,0.1826,0.8704,0.0004,5.4848,-1.2112,6.4079,525.1915,514.96,515.57,514.96,511.349990844727,up,2026-08-21T09:54:17,0.0,0.0
SPXW,2026-09-30,40,Put,7200.0,SPXW260930P07200000,30.0,30.3,30.15,29.93,-7.12,-19.2173,258.0,7978.0,0.1826,-0.1294,0.0004,5.4848,-1.2112,-1.0529,30.346,31.95,32.5,26.83,37.0500011444092,up,2026-08-21T15:52:29,0.0,0.0
SPXW,2026-09-30,40,Call,7205.0,SPXW260930C07205000,518.6,524.6,521.6,515.12,0.0,0.0,0.0,87.0,0.1816,0.8688,0.0005,5.5317,-1.2177,6.3996,520.5788,0.0,0.0,0.0,506.800003051758,down,2026-08-20T14:05:42,0.0,0.0
SPXW,2026-09-30,40,Put,7205.0,SPXW260930P07205000,30.3,30.7,30.5,31.25,-6.15,-16.4438,3.0,167.0,0.1819,-0.131,0.0005,5.5317,-1.2177,-1.0664,30.7107,31.25,31.25,31.25,37.3999996185303,down,2026-08-21T14:36:10,0.0,0.0
SPXW,2026-09-30,40,Call,7210.0,SPXW260930C07210000,514.0,520.0,517.0,636.82,0.0,0.0,0.0,42.0,0.1809,0.8672,0.0005,5.5789,-1.2242,6.391,515.9721,0.0,0.0,0.0,502.25,up,2026-08-14T10:44:02,0.0,0.0
SPXW,2026-09-30,40,Put,7210.0,SPXW260930P07210000,30.7,31.0,30.85,30.8,-7.05,-18.6262,2.0,210.0,0.1813,-0.1327,0.0005,5.5789,-1.2242,-1.0801,31.0812,32.44,32.44,30.8,37.8500003814697,down,2026-08-21T15:11:41,0.0,0.0
SPXW,2026-09-30,40,Call,7215.0,SPXW260930C07215000,509.4,515.4,512.4,544.22,0.0,0.0,0.0,68.0,0.1803,0.8655,0.0005,5.6264,-1.2307,6.3822,511.3712,0.0,0.0,0.0,497.699996948242,down,2026-08-18T14:59:31,0.0,0.0
SPXW,2026-09-30,40,Put,7215.0,SPXW260930P07215000,31.1,31.4,31.25,31.15,-7.1,-18.5621,1.0,65.0,0.1806,-0.1344,0.0005,5.6264,-1.2307,-1.094,31.4576,31.15,31.15,31.15,38.25,down,2026-08-21T15:11:41,0.0,0.0
SPXW,2026-09-30,40,Call,7220.0,SPXW260930C07220000,504.8,510.8,507.8,595.06,0.0,0.0,0.0,113.0,0.1797,0.8638,0.0005,5.6741,-1.2372,6.3732,506.7765,0.0,0.0,0.0,493.199996948242,up,2026-08-05T15:51:18,0.0,0.0
SPXW,2026-09-30,40,Put,7220.0,SPXW260930P07220000,31.4,31.8,31.6,31.35,-7.4,-19.0968,2.0,206.0,0.1799,-0.1361,0.0005,5.6741,-1.2372,-1.1082,31.8402,33.47,33.47,31.35,38.75,down,2026-08-21T11:36:29,0.0,0.0
SPXW,2026-09-30,40,Call,7225.0,SPXW260930C07225000,500.3,506.2,503.25,514.98,0.0,0.0,0.0,93.0,0.179,0.862,0.0005,5.722,-1.2438,6.3641,502.188,0.0,0.0,0.0,488.699996948242,up,2026-08-20T13:01:27,0.0,0.0
SPXW,2026-09-30,40,Put,7225.0,SPXW260930P07225000,31.8,32.2,32.0,31.0,-8.15,-20.8174,20.0,460.0,0.1794,-0.1378,0.0005,5.722,-1.2438,-1.1226,32.2289,33.85,33.85,31.0,39.1499996185303,no_change,2026-08-21T15:45:09,0.0,0.0
SPXW,2026-09-30,40,Call,7230.0,SPXW260930C07230000,495.7,501.6,498.65,351.0,0.0,0.0,0.0,37.0,0.1787,0.8603,0.0005,5.7701,-1.2504,6.3547,497.6057,0.0,0.0,0.0,484.149993896484,up,2026-07-31T11:51:13,0.0,0.0
SPXW,2026-09-30,40,Put,7230.0,SPXW260930P07230000,32.2,32.6,32.400000000000006,32.57,-7.08,-17.8562,1.0,51.0,0.1786,-0.1396,0.0005,5.7701,-1.2504,-1.1372,32.6239,32.57,32.57,32.57,39.6499996185303,down,2026-08-21T14:52:33,0.0,0.0
SPXW,2026-09-30,40,Call,7235.0,SPXW260930C07235000,491.2,497.1,494.15,348.0,0.0,0.0,0.0,70.0,0.1781,0.8585,0.0005,5.8184,-1.2569,6.3451,493.0299,0.0,0.0,0.0,479.649993896484,down,2026-07-31T09:53:51,0.0,0.0
SPXW,2026-09-30,40,Put,7235.0,SPXW260930P07235000,32.6,33.0,32.8,38.48,0.0,0.0,0.0,18.0,0.178,-0.1414,0.0005,5.8184,-1.2569,-1.1519,33.0253,0.0,0.0,0.0,40.1000003814697,up,2026-08-18T09:30:27,0.0,0.0
SPXW,2026-09-30,40,Call,7240.0,SPXW260930C07240000,486.5,492.5,489.5,325.8,0.0,0.0,0.0,227.0,0.1771,0.8567,0.0005,5.8669,-1.2635,6.3353,488.4606,0.0,0.0,0.0,475.149993896484,down,2026-07-31T10:21:01,0.0,0.0
SPXW,2026-09-30,40,Put,7240.0,SPXW260930P07240000,33.1,33.4,33.25,40.35,0.0,0.0,0.0,1890.0,0.1774,-0.1432,0.0005,5.8669,-1.2635,-1.1669,33.4333,0.0,0.0,0.0,40.5500011444092,no_change,2026-08-20T14:37:51,0.0,0.0
SPXW,2026-09-30,40,Call,7245.0,SPXW260930C07245000,482.0,487.9,484.95,439.3,0.0,0.0,0.0,23.0,0.1765,0.8549,0.0005,5.9156,-1.2701,6.3254,483.898,0.0,0.0,0.0,470.649993896484,down,2026-07-01T14:35:17,0.0,0.0
SPXW,2026-09-30,40,Put,7245.0,SPXW260930P07245000,33.4,33.8,33.599999999999994,34.0,-7.05,-17.1742,21.0,65.0,0.1768,-0.145,0.0005,5.9156,-1.2701,-1.182,33.8479,35.8,35.8,34.0,41.0500011444092,down,2026-08-21T14:24:47,0.0,0.0
SPXW,2026-09-30,40,Call,7250.0,SPXW260930C07250000,477.5,483.3,480.4,563.35,0.0,0.0,0.0,89.0,0.1762,0.853,0.0005,5.9646,-1.2767,6.3153,479.342,0.0,0.0,0.0,466.149993896484,down,2026-08-17T15:02:57,0.0,0.0
SPXW,2026-09-30,40,Put,7250.0,SPXW260930P07250000,33.9,34.2,34.05,33.05,-8.5,-20.4573,105.0,4482.0,0.1762,-0.1469,0.0005,5.9646,-1.2767,-1.1972,34.2691,36.15,37.0,30.48,41.5500011444092,down,2026-08-21T15:47:09,0.0,0.0
SPXW,2026-09-30,40,Call,7255.0,SPXW260930C07255000,472.9,478.8,475.85,379.6,0.0,0.0,0.0,48.0,0.1755,0.8511,0.0005,6.0138,-1.2834,6.305,474.7929,0.0,0.0,0.0,461.649993896484,down,2026-07-17T15:53:10,0.0,0.0
SPXW,2026-09-30,40,Put,7255.0,SPXW260930P07255000,34.3,34.7,34.5,35.25,-6.75,-16.0714,3.0,115.0,0.1755,-0.1488,0.0005,6.0138,-1.2834,-1.2127,34.6974,35.25,35.25,35.25,42.0,down,2026-08-21T14:36:10,0.0,0.0
SPXW,2026-09-30,40,Call,7260.0,SPXW260930C07260000,468.4,474.2,471.29999999999995,392.32,0.0,0.0,0.0,145.0,0.1749,0.8492,0.0005,6.0634,-1.29,6.2946,470.2508,0.0,0.0,0.0,457.149993896484,up,2026-07-22T09:50:30,0.0,0.0
SPXW,2026-09-30,40,Put,7260.0,SPXW260930P07260000,34.7,35.1,34.900000000000006,37.88,-4.67,-10.9753,1.0,148.0,0.1748,-0.1507,0.0005,6.0634,-1.29,-1.2283,35.1325,37.88,37.88,37.88,42.5500011444092,down,2026-08-21T09:58:11,0.0,0.0
SPXW,2026-09-30,40,Call,7265.0,SPXW260930C07265000,463.8,469.7,466.75,353.4,0.0,0.0,0.0,48.0,0.1741,0.8472,0.0005,6.1134,-1.2966,6.2839,465.7157,0.0,0.0,0.0,452.75,down,2026-07-27T09:33:45,0.0,0.0
SPXW,2026-09-30,40,Put,7265.0,SPXW260930P07265000,35.2,35.5,35.35,33.97,0.0,0.0,0.0,266.0,0.1743,-0.1526,0.0005,6.1134,-1.2966,-1.2441,35.5746,0.0,0.0,0.0,43.0500011444092,down,2026-08-19T15:57:43,0.0,0.0
SPXW,2026-09-30,40,Call,7270.0,SPXW260930C07270000,459.3,465.1,462.20000000000005,325.0,0.0,0.0,0.0,61.0,0.1734,0.8452,0.0005,6.1638,-1.3033,6.2731,461.1878,0.0,0.0,0.0,448.300003051758,up,2026-07-31T11:54:49,0.0,0.0
SPXW,2026-09-30,40,Put,7270.0,SPXW260930P07270000,35.6,36.0,35.8,38.81,-4.74,-10.884,1.0,137.0,0.1736,-0.1546,0.0005,6.1638,-1.3033,-1.2602,36.024,38.81,38.81,38.81,43.5500011444092,down,2026-08-21T09:58:11,0.0,0.0
SPXW,2026-09-30,40,Call,7275.0,SPXW260930C07275000,454.8,460.6,457.70000000000005,310.5,0.0,0.0,0.0,190.0,0.173,0.8432,0.0005,6.2147,-1.3099,6.262,456.6672,0.0,0.0,0.0,443.800003051758,down,2026-07-23T11:16:18,0.0,0.0
SPXW,2026-09-30,40,Put,7275.0,SPXW260930P07275000,36.1,36.4,36.25,36.35,-7.7,-17.4801,17.0,357.0,0.1729,-0.1566,0.0005,6.2147,-1.3099,-1.2765,36.4806,37.77,38.9,36.18,44.0500011444092,up,2026-08-21T16:01:46,0.0,0.0
SPXW,2026-09-30,40,Call,7280.0,SPXW260930C07280000,450.3,456.1,453.20000000000005,442.81,0.0,0.0,0.0,196.0,0.1724,0.8412,0.0006,6.266,-1.3166,6.2506,452.1541,0.0,0.0,0.0,439.400009155273,down,2026-08-20T15:11:32,0.0,0.0
SPXW,2026-09-30,40,Put,7280.0,SPXW260930P07280000,36.5,36.9,36.7,37.1,-7.55,-16.9093,19.0,60.0,0.1724,-0.1587,0.0006,6.266,-1.3166,-1.293,36.9449,36.67,37.1,36.67,44.6499996185303,up,2026-08-21T14:24:47,0.0,0.0
SPXW,2026-09-30,40,Call,7285.0,SPXW260930C07285000,445.9,451.6,448.75,540.1,0.0,0.0,0.0,52.0,0.1718,0.8391,0.0006,6.3179,-1.3232,6.2389,447.6486,0.0,0.0,0.0,435.0,up,2026-08-11T11:06:38,0.0,0.0
SPXW,2026-09-30,40,Put,7285.0,SPXW260930P07285000,37.0,37.4,37.2,37.2,-7.95,-17.608,2.0,60.0,0.1717,-0.1608,0.0006,6.3179,-1.3232,-1.3099,37.4167,37.85,37.85,37.2,45.1499996185303,down,2026-08-21T12:21:22,0.0,0.0
SPXW,2026-09-30,40,Call,7290.0,SPXW260930C07290000,441.3,447.1,444.20000000000005,427.75,0.0,0.0,0.0,298.0,0.1712,0.837,0.0006,6.3702,-1.3299,6.2269,443.151,0.0,0.0,0.0,430.5,down,2026-08-20T15:55:10,0.0,0.0
SPXW,2026-09-30,40,Put,7290.0,SPXW260930P07290000,37.5,37.9,37.7,36.5,-9.2,-20.1313,3.0,153.0,0.1711,-0.1629,0.0006,6.3702,-1.3299,-1.327,37.8963,37.62,37.62,36.5,45.7000007629394,down,2026-08-21T15:44:20,0.0,0.0
SPXW,2026-09-30,40,Call,7295.0,SPXW260930C07295000,436.8,442.6,439.70000000000005,483.58,0.0,0.0,0.0,139.0,0.1705,0.8348,0.0006,6.4231,-1.3365,6.2146,438.6613,0.0,0.0,0.0,426.149993896484,up,2026-08-04T10:59:04,0.0,0.0
SPXW,2026-09-30,40,Put,7295.0,SPXW260930P07295000,38.0,38.3,38.15,38.3,-7.95,-17.1892,2.0,285.0,0.1705,-0.165,0.0006,6.4231,-1.3365,-1.3446,38.3839,37.8,38.3,37.8,46.25,up,2026-08-21T14:51:28,0.0,0.0
SPXW,2026-09-30,40,Call,7300.0,SPXW260930C07300000,432.4,438.1,435.25,434.2,12.45,2.95199,2.0,3540.0,0.1698,0.8327,0.0006,6.4764,-1.3432,6.202,434.1799,429.0,434.2,429.0,421.75,up,2026-08-21T10:56:05,0.0,0.0
SPXW,2026-09-30,40,Put,7300.0,SPXW260930P07300000,38.5,38.8,38.65,37.4,-8.02,-17.1185,540.0,2475.0,0.1699,-0.1672,0.0006,6.4764,-1.3432,-1.3624,38.8797,41.9,41.9,37.4,46.8500003814697,down,2026-08-21T15:44:20,0.0,0.0
SPXW,2026-09-30,40,Call,7305.0,SPXW260930C07305000,428.0,433.6,430.8,518.63,0.0,0.0,0.0,43.0,0.1691,0.8305,0.0006,6.53,-1.3498,6.1889,429.7068,0.0,0.0,0.0,417.350006103516,no_change,2026-08-04T13:08:20,0.0,0.0
SPXW,2026-09-30,40,Put,7305.0,SPXW260930P07305000,39.0,39.3,39.15,39.1,-8.3,-17.5105,4.0,101.0,0.1692,-0.1694,0.0006,6.53,-1.3498,-1.3806,39.3839,39.73,39.73,39.1,47.3999996185303,down,2026-08-21T12:21:22,0.0,0.0
SPXW,2026-09-30,40,Call,7310.0,SPXW260930C07310000,423.6,429.1,426.35,408.27,0.0,0.0,0.0,2012.0,0.1682,0.8282,0.0006,6.5841,-1.3565,6.1756,425.2424,0.0,0.0,0.0,412.900009155273,down,2026-08-20T16:01:20,0.0,0.0
SPXW,2026-09-30,40,Put,7310.0,SPXW260930P07310000,39.5,39.8,39.65,41.5,-6.45,-13.4515,15.0,155.0,0.1686,-0.1716,0.0006,6.5841,-1.3565,-1.3991,39.8967,41.5,41.5,41.5,47.9499988555908,no_change,2026-08-21T09:46:43,0.0,0.0
SPXW,2026-09-30,40,Call,7315.0,SPXW260930C07315000,419.1,424.7,421.9,317.8,0.0,0.0,0.0,244.0,0.1679,0.8259,0.0006,6.6384,-1.3631,6.1618,420.7867,0.0,0.0,0.0,408.549987792969,up,2026-07-31T15:59:39,0.0,0.0
SPXW,2026-09-30,40,Put,7315.0,SPXW260930P07315000,40.0,40.4,40.2,39.97,-8.58,-17.6725,2.0,196.0,0.168,-0.1739,0.0006,6.6384,-1.3631,-1.418,40.4182,41.6,41.6,39.97,48.5500011444092,down,2026-08-21T12:43:49,0.0,0.0
SPXW,2026-09-30,40,Call,7320.0,SPXW260930C07320000,414.7,420.2,417.45,459.73,0.0,0.0,0.0,840.0,0.1671,0.8236,0.0006,6.6929,-1.3697,6.1478,416.3401,0.0,0.0,0.0,404.149993896484,down,2026-08-18T10:04:44,0.0,0.0
SPXW,2026-09-30,40,Put,7320.0,SPXW260930P07320000,40.5,40.9,40.7,41.17,-7.98,-16.236,3.0,90.0,0.1674,-0.1762,0.0006,6.6929,-1.3697,-1.4373,40.9489,40.6,41.17,40.6,49.1499996185303,up,2026-08-21T15:55:03,0.0,0.0
SPXW,2026-09-30,40,Call,7325.0,SPXW260930C07325000,410.1,415.8,412.95000000000005,241.65,0.0,0.0,0.0,250.0,0.1667,0.8213,0.0006,6.7476,-1.3763,6.1334,411.9026,0.0,0.0,0.0,399.75,down,2026-07-30T09:35:19,0.0,0.0
SPXW,2026-09-30,40,Put,7325.0,SPXW260930P07325000,41.1,41.4,41.25,41.11,-8.69,-17.4498,15.0,883.0,0.1668,-0.1786,0.0006,6.7476,-1.3763,-1.4568,41.4887,44.13,44.13,40.56,49.7999992370606,up,2026-08-21T13:51:22,0.0,0.0
SPXW,2026-09-30,40,Call,7330.0,SPXW260930C07330000,405.8,411.3,408.55,493.64,0.0,0.0,0.0,213.0,0.1662,0.8189,0.0006,6.8023,-1.3829,6.1187,407.4746,0.0,0.0,0.0,395.450012207031,up,2026-08-12T14:13:04,0.0,0.0
SPXW,2026-09-30,40,Put,7330.0,SPXW260930P07330000,41.6,42.0,41.8,40.4,-10.0,-19.8413,11.0,91.0,0.1661,-0.181,0.0006,6.8023,-1.3829,-1.4767,42.038,41.86,41.86,40.4,50.3999996185303,down,2026-08-21T15:44:20,0.0,0.0
SPXW,2026-09-30,40,Call,7335.0,SPXW260930C07335000,401.4,406.9,404.15,503.65,0.0,0.0,0.0,197.0,0.1652,0.8165,0.0006,6.8571,-1.3895,6.1037,403.0561,0.0,0.0,0.0,391.049987792969,up,2026-08-04T13:44:21,0.0,0.0
SPXW,2026-09-30,40,Put,7335.0,SPXW260930P07335000,42.2,42.5,42.35,50.83,0.0,0.0,0.0,148.0,0.1655,-0.1834,0.0006,6.8571,-1.3895,-1.4968,42.5968,0.0,0.0,0.0,51.0500011444092,no_change,2026-08-20T14:47:34,0.0,0.0
SPXW,2026-09-30,40,Call,7340.0,SPXW260930C07340000,397.0,402.5,399.75,398.79,11.99,3.09979,4.0,250.0,0.1647,0.814,0.0006,6.912,-1.396,6.0885,398.6474,398.79,398.79,398.79,386.800003051758,up,2026-08-21T10:07:04,0.0,0.0
SPXW,2026-09-30,40,Put,7340.0,SPXW260930P07340000,42.7,43.1,42.900000000000006,42.03,-9.72,-18.7826,2.0,288.0,0.1648,-0.1858,0.0006,6.912,-1.396,-1.5172,43.1653,43.18,43.18,42.03,51.75,down,2026-08-21T15:35:44,0.0,0.0
SPXW,2026-09-30,40,Call,7345.0,SPXW260930C07345000,392.4,398.1,395.25,257.0,0.0,0.0,0.0,210.0,0.164,0.8115,0.0006,6.9668,-1.4026,6.0731,394.2486,0.0,0.0,0.0,382.450012207031,up,2026-07-29T14:42:06,0.0,0.0
SPXW,2026-09-30,40,Put,7345.0,SPXW260930P07345000,43.3,43.7,43.5,43.97,-8.38,-16.0076,8.0,286.0,0.1643,-0.1883,0.0006,6.9668,-1.4026,-1.5379,43.7437,45.25,45.25,43.97,52.3500003814697,down,2026-08-21T15:55:03,0.0,0.0
SPXW,2026-09-30,40,Call,7350.0,SPXW260930C07350000,388.1,393.7,390.9,498.28,0.0,0.0,0.0,645.0,0.1633,0.809,0.0006,7.0218,-1.4091,6.0574,389.8598,0.0,0.0,0.0,378.099990844727,no_change,2026-08-14T12:49:55,0.0,0.0
SPXW,2026-09-30,40,Put,7350.0,SPXW260930P07350000,43.9,44.3,44.099999999999994,43.15,-9.85,-18.5849,217.0,2249.0,0.1636,-0.1909,0.0006,7.0218,-1.4091,-1.5587,44.3323,47.67,47.67,40.71,53.0,down,2026-08-21T15:39:27,0.0,0.0
SPXW,2026-09-30,40,Call,7355.0,SPXW260930C07355000,383.7,389.3,386.5,317.8,0.0,0.0,0.0,7.0,0.163,0.8064,0.0007,7.0768,-1.4156,6.0415,385.4813,0.0,0.0,0.0,373.800003051758,down,2026-08-03T09:50:05,0.0,0.0
SPXW,2026-09-30,40,Put,7355.0,SPXW260930P07355000,44.5,44.9,44.7,43.77,-9.88,-18.4157,4.0,115.0,0.163,-0.1934,0.0007,7.0768,-1.4156,-1.5798,44.931,45.27,45.27,43.77,53.6499996185303,down,2026-08-21T15:35:44,0.0,0.0
SPXW,2026-09-30,40,Call,7360.0,SPXW260930C07360000,379.3,384.9,382.1,379.52,0.0,0.0,0.0,214.0,0.1623,0.8038,0.0007,7.132,-1.4221,6.0253,381.1131,0.0,0.0,0.0,369.5,down,2026-08-20T13:37:47,0.0,0.0
SPXW,2026-09-30,40,Put,7360.0,SPXW260930P07360000,45.1,45.5,45.3,44.78,-9.57,-17.6081,7.0,97.0,0.1624,-0.1961,0.0007,7.132,-1.4221,-1.6011,45.5401,46.97,46.97,44.78,54.3500003814697,no_change,2026-08-21T12:03:04,0.0,0.0
SPXW,2026-09-30,40,Call,7365.0,SPXW260930C07365000,375.1,380.5,377.8,464.35,0.0,0.0,0.0,6.0,0.1618,0.8011,0.0007,7.1874,-1.4285,6.0089,376.7555,0.0,0.0,0.0,365.199996948242,down,2026-08-05T15:46:50,0.0,0.0
SPXW,2026-09-30,40,Put,7365.0,SPXW260930P07365000,45.7,46.1,45.900000000000006,46.2,-8.85,-16.0763,2.0,38.0,0.1618,-0.1987,0.0007,7.1874,-1.4285,-1.6227,46.1597,47.82,47.82,46.2,55.0500011444092,down,2026-08-21T10:59:38,0.0,0.0
SPXW,2026-09-30,40,Call,7370.0,SPXW260930C07370000,370.7,376.2,373.45,285.11,0.0,0.0,0.0,51.0,0.1609,0.7984,0.0007,7.2431,-1.4349,5.9922,372.4087,0.0,0.0,0.0,361.0,up,2026-07-31T15:53:39,0.0,0.0
SPXW,2026-09-30,40,Put,7370.0,SPXW260930P07370000,46.3,46.7,46.5,45.12,-10.63,-19.0673,2.0,129.0,0.1612,-0.2014,0.0007,7.2431,-1.4349,-1.6446,46.7901,47.05,47.05,45.12,55.75,down,2026-08-21T15:49:54,0.0,0.0
SPXW,2026-09-30,40,Call,7375.0,SPXW260930C07375000,366.4,371.8,369.1,465.46,0.0,0.0,0.0,169.0,0.1605,0.7957,0.0007,7.2991,-1.4413,5.9752,368.0727,0.0,0.0,0.0,356.699996948242,no_change,2026-08-17T12:41:35,0.0,0.0
SPXW,2026-09-30,40,Put,7375.0,SPXW260930P07375000,47.0,47.4,47.2,47.15,-9.35,-16.5487,39.0,355.0,0.1606,-0.2042,0.0007,7.2991,-1.4413,-1.6668,47.4315,50.4,50.4,46.34,56.5,up,2026-08-21T15:55:50,0.0,0.0
SPXW,2026-09-30,40,Call,7380.0,SPXW260930C07380000,362.1,367.5,364.8,376.32,0.0,0.0,0.0,78.0,0.1599,0.7929,0.0007,7.3555,-1.4477,5.9578,363.7479,0.0,0.0,0.0,352.449996948242,down,2026-08-20T12:02:59,0.0,0.0
SPXW,2026-09-30,40,Put,7380.0,SPXW260930P07380000,47.6,48.0,47.8,46.32,-10.88,-19.021,7.0,788.0,0.16,-0.2069,0.0007,7.3555,-1.4477,-1.6894,48.0839,50.23,50.23,46.32,57.2000007629394,down,2026-08-21T15:49:54,0.0,0.0
SPXW,2026-09-30,40,Call,7385.0,SPXW260930C07385000,357.6,363.2,360.4,459.79,0.0,0.0,0.0,21.0,0.1591,0.7901,0.0007,7.4122,-1.454,5.94,359.4346,0.0,0.0,0.0,348.25,down,2026-08-12T09:30:14,0.0,0.0
SPXW,2026-09-30,40,Put,7385.0,SPXW260930P07385000,48.3,48.7,48.5,48.45,-9.5,-16.3934,3.0,59.0,0.1593,-0.2098,0.0007,7.4122,-1.454,-1.7123,48.7478,47.88,48.45,47.88,57.9499988555908,up,2026-08-21T15:55:50,0.0,0.0
SPXW,2026-09-30,40,Call,7390.0,SPXW260930C07390000,353.3,358.8,356.05,350.31,6.26,1.8195,1.0,33.0,0.1584,0.7872,0.0007,7.4693,-1.4602,5.9218,355.1328,350.31,350.31,350.31,344.050003051758,down,2026-08-21T10:22:09,0.0,0.0
SPXW,2026-09-30,40,Put,7390.0,SPXW260930P07390000,48.9,49.3,49.099999999999994,48.8,-9.9,-16.8654,5.0,155.0,0.1587,-0.2126,0.0007,7.4693,-1.4602,-1.7357,49.4233,50.95,50.95,48.8,58.7000007629394,down,2026-08-21T12:31:17,0.0,0.0
SPXW,2026-09-30,40,Call,7395.0,SPXW260930C07395000,349.0,354.5,351.75,460.16,0.0,0.0,0.0,13.0,0.1578,0.7843,0.0007,7.5268,-1.4664,5.9031,350.8431,0.0,0.0,0.0,339.800003051758,up,2026-08-13T09:37:02,0.0,0.0
SPXW,2026-09-30,40,Put,7395.0,SPXW260930P07395000,49.6,50.0,49.8,48.9,-10.6,-17.8151,16.0,47.0,0.1581,-0.2155,0.0007,7.5268,-1.4664,-1.7596,50.1108,53.3,53.3,48.9,59.5,no_change,2026-08-21T15:51:37,0.0,0.0
SPXW,2026-09-30,40,Call,7400.0,SPXW260930C07400000,344.8,350.3,347.55,340.88,0.0,0.0,0.0,1937.0,0.1572,0.7814,0.0007,7.5845,-1.4726,5.8839,346.5655,0.0,0.0,0.0,335.550003051758,down,2026-08-20T14:49:50,0.0,0.0
SPXW,2026-09-30,40,Put,7400.0,SPXW260930P07400000,50.3,50.7,50.5,49.05,-9.65,-16.0166,90.0,9119.0,0.1575,-0.2185,0.0007,7.5845,-1.4726,-1.784,50.8106,52.0,54.0,46.23,60.25,no_change,2026-08-21T15:44:13,0.0,0.0
SPXW,2026-09-30,40,Call,7405.0,SPXW260930C07405000,340.5,346.0,343.25,386.09,0.0,0.0,0.0,22.0,0.1569,0.7784,0.0007,7.6424,-1.4787,5.8642,342.3006,0.0,0.0,0.0,331.399993896484,down,2026-08-19T10:22:21,0.0,0.0
SPXW,2026-09-30,40,Put,7405.0,SPXW260930P07405000,51.0,51.4,51.2,62.0,0.0,0.0,0.0,71.0,0.1569,-0.2215,0.0007,7.6424,-1.4787,-1.8088,51.5229,0.0,0.0,0.0,61.0500011444092,up,2026-08-20T15:55:55,0.0,0.0
SPXW,2026-09-30,40,Call,7410.0,SPXW260930C07410000,336.2,341.7,338.95,333.14,5.89,1.79985,1.0,117.0,0.156,0.7753,0.0008,7.7005,-1.4848,5.844,338.0484,333.14,333.14,333.14,327.25,down,2026-08-21T10:22:09,0.0,0.0
SPXW,2026-09-30,40,Put,7410.0,SPXW260930P07410000,51.8,52.1,51.95,49.8,-12.05,-19.4826,3.0,121.0,0.1563,-0.2245,0.0008,7.7005,-1.4848,-1.8342,52.248,54.24,54.24,49.8,61.8500003814697,down,2026-08-21T11:41:25,0.0,0.0
SPXW,2026-09-30,40,Call,7415.0,SPXW260930C07415000,332.0,337.5,334.75,428.05,0.0,0.0,0.0,15.0,0.1555,0.7722,0.0008,7.7585,-1.4908,5.8234,333.8095,0.0,0.0,0.0,323.100006103516,up,2026-08-07T10:27:46,0.0,0.0
SPXW,2026-09-30,40,Put,7415.0,SPXW260930P07415000,52.5,52.9,52.7,50.5,-12.25,-19.5219,3.0,163.0,0.1557,-0.2276,0.0008,7.7585,-1.4908,-1.86,52.9863,54.55,54.55,50.5,62.75,down,2026-08-21T11:41:25,0.0,0.0
SPXW,2026-09-30,40,Call,7420.0,SPXW260930C07420000,327.9,333.2,330.54999999999995,321.5,0.0,0.0,0.0,1025.0,0.1548,0.7691,0.0008,7.8164,-1.4967,5.8024,329.5839,0.0,0.0,0.0,318.949996948242,down,2026-08-20T14:35:58,0.0,0.0
SPXW,2026-09-30,40,Put,7420.0,SPXW260930P07420000,53.2,53.6,53.400000000000006,51.5,-12.0,-18.8976,12.0,99.0,0.1551,-0.2308,0.0008,7.8164,-1.4967,-1.8862,53.738,54.99,57.17,51.5,63.5,down,2026-08-21T15:49:27,0.0,0.0
SPXW,2026-09-30,40,Call,7425.0,SPXW260930C07425000,323.5,329.0,326.25,368.83,0.0,0.0,0.0,283.0,0.1544,0.7659,0.0008,7.8741,-1.5026,5.781,325.372,0.0,0.0,0.0,314.800003051758,down,2026-08-18T09:44:25,0.0,0.0
SPXW,2026-09-30,40,Put,7425.0,SPXW260930P07425000,54.0,54.4,54.2,53.43,-10.92,-16.9697,17.0,524.0,0.1545,-0.2339,0.0008,7.8741,-1.5026,-1.9128,54.5034,57.14,57.8,53.33,64.3499984741211,up,2026-08-21T15:27:31,0.0,0.0
SPXW,2026-09-30,40,Call,7430.0,SPXW260930C07430000,319.3,324.7,322.0,402.17,0.0,0.0,0.0,59.0,0.1538,0.7627,0.0008,7.9315,-1.5084,5.7592,321.1741,0.0,0.0,0.0,310.699996948242,down,2026-08-17T14:07:35,0.0,0.0
SPXW,2026-09-30,40,Put,7430.0,SPXW260930P07430000,54.8,55.2,55.0,54.37,-10.83,-16.6104,5.0,262.0,0.1539,-0.2372,0.0008,7.9315,-1.5084,-1.9398,55.2827,57.5,58.7,54.37,65.2000007629394,no_change,2026-08-21T15:23:08,0.0,0.0
SPXW,2026-09-30,40,Call,7435.0,SPXW260930C07435000,315.3,320.5,317.9,360.33,0.0,0.0,0.0,21.0,0.1532,0.7594,0.0008,7.9887,-1.5141,5.7371,316.9903,0.0,0.0,0.0,306.550003051758,up,2026-08-18T09:44:25,0.0,0.0
SPXW,2026-09-30,40,Put,7435.0,SPXW260930P07435000,55.5,55.9,55.7,61.0,0.0,0.0,0.0,63.0,0.1533,-0.2405,0.0008,7.9887,-1.5141,-1.967,56.0762,0.0,0.0,0.0,66.1000022888184,up,2026-08-18T10:22:17,0.0,0.0
SPXW,2026-09-30,40,Call,7440.0,SPXW260930C07440000,311.0,316.3,313.65,419.45,0.0,0.0,0.0,98.0,0.1524,0.7561,0.0008,8.0455,-1.5198,5.7148,312.8209,0.0,0.0,0.0,302.449996948242,up,2026-08-14T15:27:31,0.0,0.0
SPXW,2026-09-30,40,Put,7440.0,SPXW260930P07440000,56.4,56.8,56.599999999999994,58.72,-8.28,-12.3582,1.0,803.0,0.1527,-0.2438,0.0008,8.0455,-1.5198,-1.9945,56.884,58.72,58.72,58.72,67.0,up,2026-08-21T10:51:41,0.0,0.0
SPXW,2026-09-30,40,Call,7445.0,SPXW260930C07445000,306.8,312.2,309.5,411.83,0.0,0.0,0.0,8.0,0.1518,0.7527,0.0008,8.1022,-1.5254,5.6922,308.6661,0.0,0.0,0.0,298.449996948242,up,2026-08-04T13:45:07,0.0,0.0
SPXW,2026-09-30,40,Put,7445.0,SPXW260930P07445000,57.2,57.6,57.400000000000006,57.41,-10.49,-15.4492,14.0,28.0,0.152,-0.2472,0.0008,8.1022,-1.5254,-2.0223,57.7064,57.9,58.7,56.72,67.8999977111816,no_change,2026-08-21T15:54:56,0.0,0.0
SPXW,2026-09-30,40,Call,7450.0,SPXW260930C07450000,302.7,308.0,305.35,344.64,0.0,0.0,0.0,1395.0,0.1512,0.7492,0.0008,8.1586,-1.5308,5.6693,304.526,0.0,0.0,0.0,294.349990844727,down,2026-08-18T09:46:25,0.0,0.0
SPXW,2026-09-30,40,Put,7450.0,SPXW260930P07450000,58.0,58.4,58.2,56.05,-12.75,-18.532,98.0,4915.0,0.1515,-0.2506,0.0008,8.1586,-1.5308,-2.0504,58.5436,59.84,62.36,55.84,68.7999992370606,down,2026-08-21T15:49:27,0.0,0.0
SPXW,2026-09-30,40,Call,7455.0,SPXW260930C07455000,298.5,303.9,301.2,403.63,0.0,0.0,0.0,6.0,0.1506,0.7458,0.0008,8.2149,-1.5362,5.6461,300.4009,0.0,0.0,0.0,290.299987792969,up,2026-08-04T13:45:07,0.0,0.0
SPXW,2026-09-30,40,Put,7455.0,SPXW260930P07455000,58.8,59.2,59.0,57.9,-11.85,-16.9892,4.0,175.0,0.1509,-0.2541,0.0008,8.2149,-1.5362,-2.0788,59.3958,63.0,63.0,57.9,69.75,down,2026-08-21T15:51:37,0.0,0.0
SPXW,2026-09-30,40,Call,7460.0,SPXW260930C07460000,294.4,299.7,297.04999999999995,288.8,0.0,0.0,0.0,32.0,0.15,0.7422,0.0008,8.2712,-1.5416,5.6225,296.2911,0.0,0.0,0.0,286.25,down,2026-08-20T14:35:58,0.0,0.0
SPXW,2026-09-30,40,Put,7460.0,SPXW260930P07460000,59.7,60.1,59.900000000000006,61.94,-8.76,-12.3904,14.0,84.0,0.1503,-0.2576,0.0008,8.2712,-1.5416,-2.1075,60.2633,63.78,63.8,61.9,70.7000007629394,up,2026-08-21T10:52:19,0.0,0.0
SPXW,2026-09-30,40,Call,7465.0,SPXW260930C07465000,290.5,295.6,293.05,260.8,0.0,0.0,0.0,10.0,0.1494,0.7386,0.0008,8.3275,-1.5468,5.5985,292.1969,0.0,0.0,0.0,282.25,up,2026-08-03T11:44:13,0.0,0.0
SPXW,2026-09-30,40,Put,7465.0,SPXW260930P07465000,60.6,61.0,60.8,59.6,-12.05,-16.8179,4.0,74.0,0.1497,-0.2612,0.0008,8.3275,-1.5468,-2.1367,61.1463,63.68,63.68,59.6,71.6500015258789,down,2026-08-21T15:51:37,0.0,0.0
SPXW,2026-09-30,40,Call,7470.0,SPXW260930C07470000,286.2,291.5,288.85,392.68,0.0,0.0,0.0,56.0,0.1489,0.735,0.0009,8.3838,-1.5519,5.574,288.1184,0.0,0.0,0.0,278.299987792969,up,2026-08-13T09:36:43,0.0,0.0
SPXW,2026-09-30,40,Put,7470.0,SPXW260930P07470000,61.5,61.9,61.7,61.8,-10.8,-14.876,2.0,162.0,0.1492,-0.2649,0.0009,8.3838,-1.5519,-2.1664,62.0451,64.68,64.68,61.8,72.6000022888184,down,2026-08-21T10:59:38,0.0,0.0
SPXW,2026-09-30,40,Call,7475.0,SPXW260930C07475000,282.2,287.4,284.79999999999995,322.26,0.0,0.0,0.0,310.0,0.1483,0.7313,0.0009,8.4402,-1.5569,5.5489,284.0562,0.0,0.0,0.0,274.299987792969,down,2026-08-18T09:53:09,0.0,0.0
SPXW,2026-09-30,40,Put,7475.0,SPXW260930P07475000,62.4,62.8,62.599999999999994,61.78,-11.82,-16.0598,18.0,353.0,0.1485,-0.2686,0.0009,8.4402,-1.5569,-2.1967,62.9601,65.9,65.9,60.55,73.6000022888184,up,2026-08-21T15:27:31,0.0,0.0
SPXW,2026-09-30,40,Call,7480.0,SPXW260930C07480000,278.2,283.4,280.79999999999995,277.29,6.99,2.58602,2.0,118.0,0.1477,0.7276,0.0009,8.4967,-1.5618,5.5232,280.0106,277.2,277.29,277.2,270.299987792969,up,2026-08-21T10:15:24,0.0,0.0
SPXW,2026-09-30,40,Put,7480.0,SPXW260930P07480000,63.3,63.7,63.5,61.6,-13.05,-17.4816,13.0,164.0,0.1479,-0.2723,0.0009,8.4967,-1.5618,-2.2275,63.8918,63.6,64.1,61.6,74.6500015258789,no_change,2026-08-21T15:44:13,0.0,0.0
SPXW,2026-09-30,40,Call,7485.0,SPXW260930C07485000,274.1,279.3,276.70000000000005,340.8,0.0,0.0,0.0,9.0,0.1471,0.7238,0.0009,8.553,-1.5666,5.4969,275.982,0.0,0.0,0.0,266.349990844727,up,2026-08-06T14:16:07,0.0,0.0
SPXW,2026-09-30,40,Put,7485.0,SPXW260930P07485000,64.2,64.7,64.45,63.2,-12.5,-16.5126,1.0,95.0,0.1474,-0.2761,0.0009,8.553,-1.5666,-2.259,64.8405,63.2,63.2,63.2,75.7000007629394,down,2026-08-21T15:51:37,0.0,0.0
SPXW,2026-09-30,40,Call,7490.0,SPXW260930C07490000,270.1,275.3,272.70000000000005,370.43,0.0,0.0,0.0,106.0,0.1468,0.7199,0.0009,8.6092,-1.5712,5.47,271.9708,0.0,0.0,0.0,262.149993896484,no_change,2026-08-07T11:52:38,0.0,0.0
SPXW,2026-09-30,40,Put,7490.0,SPXW260930P07490000,65.2,65.6,65.4,64.91,-11.79,-15.3716,14.0,79.0,0.1467,-0.28,0.0009,8.6092,-1.5712,-2.2911,65.8065,65.5,66.15,64.1,76.7000007629394,up,2026-08-21T15:52:47,0.0,0.0
SPXW,2026-09-30,40,Call,7495.0,SPXW260930C07495000,266.2,271.3,268.75,265.05,6.65,2.57353,2.0,15.0,0.1459,0.716,0.0009,8.6651,-1.5757,5.4424,267.9774,265.15,265.15,265.05,258.400009155273,down,2026-08-21T10:15:24,0.0,0.0
SPXW,2026-09-30,40,Put,7495.0,SPXW260930P07495000,66.2,66.6,66.4,65.1,-12.7,-16.3239,1.0,78.0,0.1462,-0.2839,0.0009,8.6651,-1.5757,-2.3239,66.7904,65.1,65.1,65.1,77.7999992370606,down,2026-08-21T15:51:37,0.0,0.0
SPXW,2026-09-30,40,Call,7500.0,SPXW260930C07500000,262.2,267.3,264.75,283.99,29.44,11.5655,4.0,4398.0,0.1455,0.712,0.0009,8.7205,-1.5801,5.4143,264.0023,271.3,283.99,271.3,254.550003051758,up,2026-08-21T11:54:32,0.0,0.0
SPXW,2026-09-30,40,Put,7500.0,SPXW260930P07500000,67.2,67.6,67.4,67.64,-11.26,-14.2712,1012.0,26462.0,0.1456,-0.2878,0.0009,8.7205,-1.5801,-2.3571,67.7924,70.4,72.04,64.36,78.8999977111816,no_change,2026-08-21T16:09:11,0.0,0.0
SPXW,2026-09-30,40,Call,7505.0,SPXW260930C07505000,258.1,263.3,260.70000000000005,304.16,0.0,0.0,0.0,232.0,0.1448,0.708,0.0009,8.7754,-1.5844,5.3858,260.0457,0.0,0.0,0.0,250.75,down,2026-08-18T09:39:54,0.0,0.0
SPXW,2026-09-30,40,Put,7505.0,SPXW260930P07505000,68.2,68.6,68.4,70.97,0.0,0.0,0.0,50.0,0.145,-0.2919,0.0009,8.7754,-1.5844,-2.3908,68.8132,0.0,0.0,0.0,80.0,up,2026-08-20T09:32:45,0.0,0.0
SPXW,2026-09-30,40,Call,7510.0,SPXW260930C07510000,254.2,259.3,256.75,350.93,0.0,0.0,0.0,112.0,0.1442,0.7039,0.0009,8.8295,-1.5885,5.3568,256.108,0.0,0.0,0.0,246.800003051758,no_change,2026-08-17T10:30:57,0.0,0.0
SPXW,2026-09-30,40,Put,7510.0,SPXW260930P07510000,69.2,69.6,69.4,73.88,-7.22,-8.90259,36.0,85.0,0.1445,-0.296,0.0009,8.8295,-1.5885,-2.425,69.8528,71.93,73.88,71.93,81.1000022888184,up,2026-08-21T09:52:25,0.0,0.0
SPXW,2026-09-30,40,Call,7515.0,SPXW260930C07515000,250.3,255.4,252.85000000000002,346.68,0.0,0.0,0.0,88.0,0.1436,0.6998,0.001,8.8829,-1.5924,5.3275,252.1895,0.0,0.0,0.0,243.0,no_change,2026-08-17T10:30:57,0.0,0.0
SPXW,2026-09-30,40,Put,7515.0,SPXW260930P07515000,70.3,70.7,70.5,69.1,-13.2,-16.0389,3.0,99.0,0.1438,-0.3001,0.001,8.8829,-1.5924,-2.4595,70.9115,70.5,71.1,69.1,82.2999992370606,down,2026-08-21T15:51:37,0.0,0.0
SPXW,2026-09-30,40,Call,7520.0,SPXW260930C07520000,246.4,251.5,248.95,242.0,2.8,1.17057,3.0,39.0,0.1431,0.6956,0.001,8.9355,-1.5962,5.2979,248.2904,246.4,246.4,242.0,239.199996948242,down,2026-08-21T10:36:12,0.0,0.0
SPXW,2026-09-30,40,Put,7520.0,SPXW260930P07520000,71.3,71.8,71.55,72.2,-11.2,-13.4293,54.0,116.0,0.1433,-0.3043,0.001,8.9355,-1.5962,-2.4942,71.9897,75.2,75.53,71.59,83.3999977111816,up,2026-08-21T14:24:47,0.0,0.0
SPXW,2026-09-30,40,Call,7525.0,SPXW260930C07525000,244.8,245.3,245.05,264.11,28.71,12.1963,2.0,966.0,0.1424,0.6913,0.001,8.9873,-1.5999,5.2681,244.411,264.11,264.11,264.11,235.400001525879,up,2026-08-21T11:54:32,0.0,0.0
SPXW,2026-09-30,40,Put,7525.0,SPXW260930P07525000,72.4,72.8,72.6,71.2,-13.4,-15.8392,6.0,1011.0,0.1427,-0.3086,0.001,8.9873,-1.5999,-2.5293,73.0875,72.6,73.3,71.2,84.6000022888184,down,2026-08-21T15:51:37,0.0,0.0
SPXW,2026-09-30,40,Call,7530.0,SPXW260930C07530000,240.9,241.4,241.15,320.57,0.0,0.0,0.0,440.0,0.1418,0.687,0.001,9.0384,-1.6034,5.2379,240.5515,0.0,0.0,0.0,231.599998474121,no_change,2026-08-12T13:42:34,0.0,0.0
SPXW,2026-09-30,40,Put,7530.0,SPXW260930P07530000,73.5,74.0,73.75,72.3,-12.07,-14.0676,3.0,63.0,0.1421,-0.3129,0.001,9.0384,-1.6034,-2.5646,74.2053,78.4,78.4,72.3,85.7999992370606,down,2026-08-21T15:51:37,0.0,0.0
SPXW,2026-09-30,40,Call,7535.0,SPXW260930C07535000,237.0,237.6,237.3,242.1,14.2,6.2308,1.0,25.0,0.1413,0.6826,0.001,9.089,-1.6067,5.2073,236.7123,242.1,242.1,242.1,227.900001525879,up,2026-08-21T15:38:56,0.0,0.0
SPXW,2026-09-30,40,Put,7535.0,SPXW260930P07535000,74.7,75.1,74.9,73.4,-13.6,-15.6322,3.0,119.0,0.1416,-0.3173,0.001,9.089,-1.6067,-2.6004,75.3433,77.18,77.18,73.4,87.0,down,2026-08-21T15:51:37,0.0,0.0
SPXW,2026-09-30,40,Call,7540.0,SPXW260930C07540000,233.2,233.7,233.45,246.4,22.3,9.95092,3.0,49.0,0.1407,0.6782,0.001,9.1389,-1.6099,5.1763,232.8936,226.8,246.4,226.8,224.099998474121,up,2026-08-21T11:40:53,0.0,0.0
SPXW,2026-09-30,40,Put,7540.0,SPXW260930P07540000,75.8,76.2,76.0,76.59,-12.27,-13.8958,9.0,136.0,0.141,-0.3217,0.001,9.1389,-1.6099,-2.6365,76.5019,80.8,80.8,73.35,88.2999992370606,up,2026-08-21T16:11:23,0.0,0.0
SPXW,2026-09-30,40,Call,7545.0,SPXW260930C07545000,229.4,229.9,229.65,327.13,0.0,0.0,0.0,689.0,0.1402,0.6737,0.001,9.1884,-1.6128,5.1448,229.0958,0.0,0.0,0.0,220.400001525879,up,2026-08-14T14:33:03,0.0,0.0
SPXW,2026-09-30,40,Put,7545.0,SPXW260930P07545000,77.0,77.4,77.2,77.1,-12.4,-13.8547,24.0,726.0,0.1405,-0.3262,0.001,9.1884,-1.6128,-2.6733,77.6814,80.37,81.38,77.1,89.5,down,2026-08-21T10:59:38,0.0,0.0
SPXW,2026-09-30,40,Call,7550.0,SPXW260930C07550000,225.6,226.2,225.89999999999998,240.19,23.49,10.8399,2.0,2184.0,0.1396,0.6691,0.001,9.2373,-1.6156,5.1126,225.3194,232.0,240.19,232.0,216.699996948242,up,2026-08-21T11:46:36,0.0,0.0
SPXW,2026-09-30,40,Put,7550.0,SPXW260930P07550000,78.2,78.6,78.4,78.8,-12.0,-13.2159,234.0,3442.0,0.1399,-0.3307,0.001,9.2373,-1.6156,-2.7106,78.8823,81.9,83.62,74.63,90.7999992370606,down,2026-08-21T16:13:47,0.0,0.0
SPXW,2026-09-30,40,Call,7555.0,SPXW260930C07555000,221.9,222.4,222.15,227.8,14.7,6.89817,3.0,70.0,0.139,0.6645,0.001,9.2858,-1.6182,5.0796,221.5648,227.8,227.8,227.8,213.099998474121,down,2026-08-21T11:34:24,0.0,0.0
SPXW,2026-09-30,40,Put,7555.0,SPXW260930P07555000,79.4,79.8,79.6,79.5,-12.6,-13.6808,1.0,84.0,0.1393,-0.3354,0.001,9.2858,-1.6182,-2.7488,80.105,79.5,79.5,79.5,92.1000022888184,down,2026-08-21T10:59:38,0.0,0.0
SPXW,2026-09-30,40,Call,7560.0,SPXW260930C07560000,218.2,218.6,218.39999999999998,223.0,13.6,6.49475,7.0,88.0,0.1384,0.6598,0.001,9.3336,-1.6206,5.046,217.8328,212.24,223.0,212.24,209.400001525879,up,2026-08-21T15:40:30,0.0,0.0
SPXW,2026-09-30,40,Put,7560.0,SPXW260930P07560000,80.6,81.1,80.85,79.05,-14.5,-15.4997,2.0,151.0,0.1388,-0.34,0.001,9.3336,-1.6206,-2.7876,81.3502,80.7,80.7,79.05,93.5500030517578,down,2026-08-21T15:51:26,0.0,0.0
SPXW,2026-09-30,40,Call,7565.0,SPXW260930C07565000,214.4,215.0,214.7,215.0,9.2,4.47036,7.0,86.0,0.1379,0.6551,0.001,9.3807,-1.6228,5.0116,214.1236,208.51,215.0,208.51,205.800003051758,up,2026-08-21T10:58:31,0.0,0.0
SPXW,2026-09-30,40,Put,7565.0,SPXW260930P07565000,81.9,82.3,82.1,75.22,0.0,0.0,0.0,61.0,0.1382,-0.3448,0.001,9.3807,-1.6228,-2.8272,82.6183,0.0,0.0,0.0,94.7999992370606,no_change,2026-08-19T13:07:00,0.0,0.0
SPXW,2026-09-30,40,Call,7570.0,SPXW260930C07570000,210.7,211.2,210.95,207.65,5.45,2.69535,8.0,109.0,0.1373,0.6503,0.0011,9.4269,-1.6248,4.9765,210.438,207.62,207.65,207.62,202.199996948242,up,2026-08-21T10:18:10,0.0,0.0
SPXW,2026-09-30,40,Put,7570.0,SPXW260930P07570000,83.2,83.6,83.4,83.0,-13.2,-13.7214,4.0,131.0,0.1377,-0.3496,0.0011,9.4269,-1.6248,-2.8675,83.9097,88.2,88.4,83.0,96.2000007629394,down,2026-08-21T15:52:59,0.0,0.0
SPXW,2026-09-30,40,Call,7575.0,SPXW260930C07575000,207.0,207.6,207.3,201.9,3.3,1.66163,7.0,800.0,0.1368,0.6454,0.0011,9.4721,-1.6265,4.9408,206.7762,203.2,203.2,201.9,198.599998474121,down,2026-08-21T10:20:09,0.0,0.0
SPXW,2026-09-30,40,Put,7575.0,SPXW260930P07575000,84.5,84.9,84.7,84.53,-13.07,-13.3914,231.0,3775.0,0.1371,-0.3544,0.0011,9.4721,-1.6265,-2.9083,85.2253,87.47,89.18,83.68,97.6000022888184,up,2026-08-21T15:55:30,0.0,0.0
SPXW,2026-09-30,40,Call,7580.0,SPXW260930C07580000,203.4,203.9,203.65,217.69,22.59,11.5787,16.0,103.0,0.1362,0.6405,0.0011,9.516,-1.628,4.9046,203.1389,197.2,217.69,197.2,195.099998474121,up,2026-08-21T11:50:25,0.0,0.0
SPXW,2026-09-30,40,Put,7580.0,SPXW260930P07580000,85.8,86.2,86.0,86.13,-12.87,-13.0,23.0,451.0,0.1366,-0.3594,0.0011,9.516,-1.628,-2.9496,86.5653,88.86,89.6,85.59,99.0,up,2026-08-21T15:55:30,0.0,0.0
SPXW,2026-09-30,40,Call,7585.0,SPXW260930C07585000,199.8,200.3,200.05,204.5,12.95,6.76064,7.0,26.0,0.1357,0.6355,0.0011,9.5587,-1.6293,4.8682,199.5262,194.09,204.5,194.08,191.550003051758,up,2026-08-21T15:40:30,0.0,0.0
SPXW,2026-09-30,40,Put,7585.0,SPXW260930P07585000,87.2,87.6,87.4,87.2,-13.3,-13.2338,4.0,49.0,0.136,-0.3643,0.0011,9.5587,-1.6293,-2.9913,87.9299,90.72,90.72,87.2,100.5,down,2026-08-21T10:59:38,0.0,0.0
SPXW,2026-09-30,40,Call,7590.0,SPXW260930C07590000,196.2,196.7,196.45,190.2,2.1,1.11643,1.0,78.0,0.1352,0.6305,0.0011,9.6,-1.6304,4.8314,195.9386,190.2,190.2,190.2,188.099998474121,down,2026-08-21T10:35:13,0.0,0.0
SPXW,2026-09-30,40,Put,7590.0,SPXW260930P07590000,88.5,89.0,88.75,88.3,-13.7,-13.4314,19.0,90.0,0.1355,-0.3694,0.0011,9.6,-1.6304,-3.0333,89.3195,87.4,89.4,87.0,102.0,down,2026-08-21T15:52:59,0.0,0.0
SPXW,2026-09-30,40,Call,7595.0,SPXW260930C07595000,192.6,193.1,192.85,188.7,4.1,2.22102,21.0,57.0,0.1346,0.6254,0.0011,9.6398,-1.6312,4.7944,192.3763,191.2,191.2,188.7,184.599998474121,no_change,2026-08-21T10:13:45,0.0,0.0
SPXW,2026-09-30,40,Put,7595.0,SPXW260930P07595000,89.9,90.4,90.15,87.4,-16.1,-15.5556,21.0,112.0,0.1349,-0.3745,0.0011,9.6398,-1.6312,-3.0754,90.7345,94.16,94.16,87.4,103.5,down,2026-08-21T15:44:20,0.0,0.0
SPXW,2026-09-30,40,Call,7600.0,SPXW260930C07600000,189.1,189.6,189.35,188.8,7.65,4.22302,14.0,3596.0,0.1341,0.6202,0.0011,9.6784,-1.6317,4.7571,188.8396,189.8,204.8,188.8,181.149993896484,down,2026-08-21T14:24:10,0.0,0.0
SPXW,2026-09-30,40,Put,7600.0,SPXW260930P07600000,91.4,91.8,91.6,91.51,-13.44,-12.8061,196.0,7737.0,0.1344,-0.3796,0.0011,9.6784,-1.6317,-3.1179,92.1751,95.51,97.46,88.0,104.950000762939,down,2026-08-21T14:53:25,0.0,0.0
SPXW,2026-09-30,40,Call,7605.0,SPXW260930C07605000,185.6,186.1,185.85,190.9,13.15,7.39803,2.0,99.0,0.1336,0.615,0.0011,9.7156,-1.632,4.7195,185.3288,178.91,190.9,178.91,177.75,up,2026-08-21T13:11:15,0.0,0.0
SPXW,2026-09-30,40,Put,7605.0,SPXW260930P07605000,92.8,93.3,93.05,92.8,-13.75,-12.9047,1.0,96.0,0.1338,-0.3849,0.0011,9.7156,-1.632,-3.1607,93.6416,92.8,92.8,92.8,106.550003051758,down,2026-08-21T10:59:38,0.0,0.0
SPXW,2026-09-30,40,Call,7610.0,SPXW260930C07610000,182.1,182.6,182.35,184.89,10.64,6.10617,5.0,649.0,0.133,0.6097,0.0011,9.7516,-1.6321,4.6813,181.8443,175.51,184.89,175.51,174.25,no_change,2026-08-21T13:26:20,0.0,0.0
SPXW,2026-09-30,40,Put,7610.0,SPXW260930P07610000,94.3,94.8,94.55,91.7,-16.4,-15.1711,36.0,117.0,0.1333,-0.3902,0.0011,9.7516,-1.6321,-3.204,95.1344,98.66,98.66,91.7,108.100002288818,down,2026-08-21T15:44:20,0.0,0.0
SPXW,2026-09-30,40,Call,7615.0,SPXW260930C07615000,178.6,179.1,178.85,181.4,10.45,6.1129,11.0,32.0,0.1325,0.6043,0.0011,9.7863,-1.6319,4.6426,178.3867,190.6,190.6,181.4,170.949996948242,down,2026-08-21T15:56:02,0.0,0.0
SPXW,2026-09-30,40,Put,7615.0,SPXW260930P07615000,95.8,96.3,96.05,108.57,0.0,0.0,0.0,61.0,0.1328,-0.3955,0.0011,9.7864,-1.6319,-3.248,96.6541,0.0,0.0,0.0,109.75,up,2026-08-20T14:13:32,0.0,0.0
SPXW,2026-09-30,40,Call,7620.0,SPXW260930C07620000,175.2,175.7,175.45,171.5,3.9,2.32697,28.0,75.0,0.132,0.5989,0.0012,9.8199,-1.6314,4.6031,174.9566,174.51,174.51,171.5,167.599998474121,no_change,2026-08-21T10:13:45,0.0,0.0
SPXW,2026-09-30,40,Put,7620.0,SPXW260930P07620000,97.4,97.8,97.6,103.0,-8.4,-7.54039,1.0,128.0,0.1323,-0.4009,0.0012,9.8199,-1.6314,-3.2926,98.2011,103.0,103.0,103.0,111.399997711182,down,2026-08-21T10:35:13,0.0,0.0
SPXW,2026-09-30,40,Call,7625.0,SPXW260930C07625000,171.8,172.3,172.05,176.2,11.9,7.24285,4.0,132.0,0.1314,0.5935,0.0012,9.8521,-1.6307,4.5628,171.5543,166.2,176.2,166.2,164.300003051758,up,2026-08-21T15:38:57,0.0,0.0
SPXW,2026-09-30,40,Put,7625.0,SPXW260930P07625000,98.9,99.4,99.15,99.4,-13.65,-12.0743,79.0,250.0,0.1317,-0.4064,0.0012,9.8521,-1.6307,-3.3381,99.776,102.62,102.62,95.2,113.050003051758,up,2026-08-21T16:05:34,0.0,0.0
SPXW,2026-09-30,40,Call,7630.0,SPXW260930C07630000,168.4,168.9,168.65,173.8,12.8,7.95031,3.0,129.0,0.131,0.5879,0.0012,9.8829,-1.6296,4.5217,168.1808,163.1,173.8,163.1,161.0,up,2026-08-21T15:44:20,0.0,0.0
SPXW,2026-09-30,40,Put,7630.0,SPXW260930P07630000,100.5,101.0,100.75,97.7,-17.05,-14.8584,19.0,54.0,0.1313,-0.4119,0.0012,9.8829,-1.6296,-3.3844,101.3799,101.5,102.27,97.7,114.75,down,2026-08-21T15:44:20,0.0,0.0
SPXW,2026-09-30,40,Call,7635.0,SPXW260930C07635000,165.0,165.6,165.3,164.0,6.2,3.92902,9.0,52.0,0.1304,0.5823,0.0012,9.9123,-1.6283,4.4798,164.8367,162.66,164.0,162.66,157.800003051758,up,2026-08-21T14:35:32,0.0,0.0
SPXW,2026-09-30,40,Put,7635.0,SPXW260930P07635000,102.2,102.6,102.4,108.0,-8.5,-7.29614,1.0,35.0,0.1307,-0.4175,0.0012,9.9123,-1.6283,-3.4315,103.0129,108.0,108.0,108.0,116.5,down,2026-08-21T10:35:13,0.0,0.0
SPXW,2026-09-30,40,Call,7640.0,SPXW260930C07640000,161.7,162.2,161.95,162.9,8.35,5.40278,20.0,172.0,0.1299,0.5767,0.0012,9.9399,-1.6267,4.4374,161.5222,159.36,167.0,156.4,154.550003051758,down,2026-08-21T15:59:42,0.0,0.0
SPXW,2026-09-30,40,Put,7640.0,SPXW260930P07640000,103.8,104.3,104.05,120.66,0.0,0.0,0.0,51.0,0.1302,-0.4232,0.0012,9.9399,-1.6267,-3.4791,104.6759,0.0,0.0,0.0,118.25,up,2026-08-20T16:13:40,0.0,0.0
SPXW,2026-09-30,40,Call,7645.0,SPXW260930C07645000,158.4,158.9,158.65,162.87,11.47,7.57596,34.0,694.0,0.1294,0.571,0.0012,9.9657,-1.6247,4.3944,158.2384,154.68,164.17,154.68,151.400001525879,down,2026-08-21T15:03:01,0.0,0.0
SPXW,2026-09-30,40,Put,7645.0,SPXW260930P07645000,105.5,106.0,105.75,105.41,-14.59,-12.1583,22.0,93.0,0.1297,-0.4289,0.0012,9.9657,-1.6247,-3.5272,106.3692,108.89,108.89,100.78,120.0,no_change,2026-08-21T15:54:56,0.0,0.0
SPXW,2026-09-30,40,Call,7650.0,SPXW260930C07650000,155.2,155.7,155.45,158.44,10.24,6.90958,47.0,1661.0,0.1289,0.5652,0.0012,9.9896,-1.6225,4.3512,154.9851,152.3,167.8,151.48,148.199996948242,down,2026-08-21T15:56:36,0.0,0.0
SPXW,2026-09-30,40,Put,7650.0,SPXW260930P07650000,107.2,107.7,107.45,107.63,-14.17,-11.6338,28.0,1440.0,0.1292,-0.4346,0.0012,9.9896,-1.6225,-3.5756,108.0932,113.86,113.86,103.7,121.799999237061,down,2026-08-21T16:14:07,0.0,0.0
SPXW,2026-09-30,40,Call,7655.0,SPXW260930C07655000,152.0,152.6,152.3,157.0,11.95,8.23854,35.0,120.0,0.1284,0.5594,0.0012,10.0116,-1.6199,4.3079,151.7628,147.58,157.26,147.0,145.050003051758,up,2026-08-21T15:44:20,0.0,0.0
SPXW,2026-09-30,40,Put,7655.0,SPXW260930P07655000,109.0,109.5,109.25,122.2,0.0,0.0,0.0,49.0,0.1287,-0.4404,0.0012,10.0116,-1.6199,-3.6241,109.8483,0.0,0.0,0.0,123.700000762939,down,2026-08-20T15:53:56,0.0,0.0
SPXW,2026-09-30,40,Call,7660.0,SPXW260930C07660000,148.8,149.3,149.05,153.78,11.78,8.29577,65.0,169.0,0.1279,0.5535,0.0012,10.0315,-1.6171,4.2644,148.5721,145.17,160.6,143.9,142.0,up,2026-08-21T15:08:37,0.0,0.0
SPXW,2026-09-30,40,Put,7660.0,SPXW260930P07660000,110.8,111.2,111.0,112.25,-13.35,-10.629,14.0,185.0,0.1282,-0.4463,0.0012,10.0315,-1.6171,-3.6727,111.6347,106.4,112.71,106.4,125.600002288818,down,2026-08-21T15:59:51,0.0,0.0
SPXW,2026-09-30,40,Call,7665.0,SPXW260930C07665000,145.6,146.1,145.85,151.2,12.25,8.81612,34.0,323.0,0.1274,0.5476,0.0012,10.0495,-1.6139,4.2207,145.4129,141.83,151.2,141.83,138.949996948242,up,2026-08-21T15:45:18,0.0,0.0
SPXW,2026-09-30,40,Put,7665.0,SPXW260930P07665000,112.6,113.1,112.85,115.2,-12.3,-9.64706,21.0,34.0,0.1277,-0.4523,0.0012,10.0495,-1.6139,-3.7216,113.4528,116.0,119.2,113.1,127.5,up,2026-08-21T14:32:48,0.0,0.0
SPXW,2026-09-30,40,Call,7670.0,SPXW260930C07670000,142.4,143.0,142.7,147.9,12.05,8.87007,1.0,143.0,0.1269,0.5416,0.0012,10.0655,-1.6104,4.1767,142.2856,147.9,147.9,147.9,135.850006103516,up,2026-08-21T12:24:03,0.0,0.0
SPXW,2026-09-30,40,Put,7670.0,SPXW260930P07670000,114.4,114.9,114.65,111.3,-18.1,-13.9876,57.0,127.0,0.1272,-0.4582,0.0012,10.0655,-1.6104,-3.7708,115.3027,118.63,118.63,109.38,129.400001525879,down,2026-08-21T15:44:20,0.0,0.0
SPXW,2026-09-30,40,Call,7675.0,SPXW260930C07675000,139.4,139.9,139.65,142.54,9.64,7.25357,211.0,2054.0,0.1264,0.5356,0.0012,10.0795,-1.6066,4.1322,139.1908,137.0,153.73,133.8,132.900001525879,down,2026-08-21T15:56:36,0.0,0.0
SPXW,2026-09-30,40,Put,7675.0,SPXW260930P07675000,116.3,116.8,116.55,112.9,-18.5,-14.0791,58.0,382.0,0.1267,-0.4643,0.0012,10.0795,-1.6066,-3.8205,117.1853,111.62,119.06,111.62,131.400001525879,down,2026-08-21T15:44:20,0.0,0.0
SPXW,2026-09-30,40,Call,7680.0,SPXW260930C07680000,136.3,136.8,136.55,137.0,7.1,5.46574,78.0,49.0,0.126,0.5295,0.0012,10.0915,-1.6024,4.087,136.1292,131.45,143.13,131.45,129.900001525879,down,2026-08-21T16:09:26,0.0,0.0
SPXW,2026-09-30,40,Put,7680.0,SPXW260930P07680000,118.2,118.7,118.45,114.8,-18.6,-13.943,54.0,106.0,0.1263,-0.4704,0.0012,10.0915,-1.6024,-3.8709,119.1008,123.04,123.04,114.8,133.400001525879,down,2026-08-21T15:44:20,0.0,0.0
SPXW,2026-09-30,40,Call,7685.0,SPXW260930C07685000,133.3,133.8,133.55,136.8,9.8,7.71654,3.0,46.0,0.1255,0.5233,0.0012,10.1014,-1.5979,4.041,133.1011,139.8,139.8,136.8,127.0,down,2026-08-21T15:36:29,0.0,0.0
SPXW,2026-09-30,40,Put,7685.0,SPXW260930P07685000,120.2,120.7,120.45,121.0,-14.5,-10.7011,9.0,155.0,0.1258,-0.4765,0.0012,10.1014,-1.5979,-3.9221,121.05,120.02,121.0,117.5,135.5,up,2026-08-21T13:43:30,0.0,0.0
SPXW,2026-09-30,40,Call,7690.0,SPXW260930C07690000,130.3,130.8,130.55,135.51,11.46,9.23821,75.0,123.0,0.125,0.5172,0.0012,10.1091,-1.5931,3.9941,130.1074,129.62,137.01,127.36,124.050003051758,up,2026-08-21T15:46:24,0.0,0.0
SPXW,2026-09-30,40,Put,7690.0,SPXW260930P07690000,122.2,122.6,122.4,117.5,-20.0,-14.5455,9.0,139.0,0.1253,-0.4827,0.0012,10.1091,-1.5931,-3.9741,123.0335,121.97,121.97,117.2,137.5,up,2026-08-21T11:58:29,0.0,0.0
SPXW,2026-09-30,40,Call,7695.0,SPXW260930C07695000,127.3,127.8,127.55,132.53,11.33,9.34818,18.0,451.0,0.1245,0.5109,0.0013,10.1145,-1.5879,3.9466,127.1487,123.43,139.2,123.43,121.200000762939,down,2026-08-21T15:46:23,0.0,0.0
SPXW,2026-09-30,40,Put,7695.0,SPXW260930P07695000,124.2,124.7,124.45,137.46,0.0,0.0,0.0,55.0,0.1248,-0.4889,0.0013,10.1145,-1.5879,-4.0268,125.0522,0.0,0.0,0.0,139.649993896484,down,2026-08-20T14:25:14,0.0,0.0
SPXW,2026-09-30,40,Call,7700.0,SPXW260930C07700000,124.4,124.9,124.65,128.2,9.85,8.32277,152.0,1774.0,0.124,0.5046,0.0013,10.1176,-1.5824,3.8986,124.2256,125.6,136.2,120.79,118.349998474121,up,2026-08-21T15:58:17,0.0,0.0
SPXW,2026-09-30,40,Put,7700.0,SPXW260930P07700000,126.2,126.7,126.45,126.5,-15.3,-10.7898,128.0,21595.0,0.1244,-0.4952,0.0013,10.1176,-1.5824,-4.08,127.1064,128.4,130.6,122.7,141.800003051758,up,2026-08-21T15:59:43,0.0,0.0
SPXW,2026-09-30,40,Call,7705.0,SPXW260930C07705000,121.5,122.0,121.75,124.32,8.72,7.54325,41.0,113.0,0.1236,0.4983,0.0013,10.1184,-1.5765,3.8502,121.3388,122.31,131.37,117.74,115.600002288818,up,2026-08-21T15:13:01,0.0,0.0
SPXW,2026-09-30,40,Put,7705.0,SPXW260930P07705000,128.3,128.8,128.55,142.68,0.0,0.0,0.0,38.0,0.1239,-0.5016,0.0013,10.1184,-1.5765,-4.1335,129.1967,0.0,0.0,0.0,144.0,down,2026-08-20T14:10:45,0.0,0.0
SPXW,2026-09-30,40,Call,7710.0,SPXW260930C07710000,118.7,119.1,118.9,123.8,10.95,9.70315,31.0,142.0,0.1231,0.4919,0.0013,10.1167,-1.5702,3.8018,118.4882,118.13,123.8,114.3,112.849998474121,up,2026-08-21T15:45:18,0.0,0.0
SPXW,2026-09-30,40,Put,7710.0,SPXW260930P07710000,130.4,130.9,130.65,132.59,-13.61,-9.30916,4.0,63.0,0.1234,-0.5079,0.0013,10.1167,-1.5702,-4.1872,131.3234,135.25,135.25,132.59,146.199996948242,down,2026-08-21T14:26:49,0.0,0.0
SPXW,2026-09-30,40,Call,7715.0,SPXW260930C07715000,115.8,116.3,116.05,117.4,7.3,6.63033,16.0,52.0,0.1227,0.4855,0.0013,10.1126,-1.5636,3.7534,115.6741,112.92,117.4,111.6,110.100002288818,up,2026-08-21T15:55:19,0.0,0.0
SPXW,2026-09-30,40,Put,7715.0,SPXW260930P07715000,132.6,133.1,132.85,138.87,0.0,0.0,0.0,45.0,0.123,-0.5143,0.0013,10.1126,-1.5636,-4.2407,133.4866,0.0,0.0,0.0,148.5,up,2026-08-20T13:18:23,0.0,0.0
SPXW,2026-09-30,40,Call,7720.0,SPXW260930C07720000,113.1,113.5,113.3,117.62,10.22,9.51583,22.0,111.0,0.1222,0.4791,0.0013,10.1061,-1.5567,3.7051,112.8966,110.22,117.62,109.49,107.399997711182,up,2026-08-21T15:07:31,0.0,0.0
SPXW,2026-09-30,40,Put,7720.0,SPXW260930P07720000,134.8,135.3,135.05,132.2,-18.5,-12.276,10.0,88.0,0.1225,-0.5208,0.0013,10.1061,-1.5567,-4.2942,135.6864,137.8,137.8,132.2,150.699996948242,down,2026-08-21T12:21:30,0.0,0.0
SPXW,2026-09-30,40,Call,7725.0,SPXW260930C07725000,110.3,110.8,110.55,114.37,9.57,9.13168,25.0,431.0,0.1217,0.4726,0.0013,10.0972,-1.5494,3.6567,110.1561,106.2,116.3,106.2,104.799999237061,down,2026-08-21T15:03:01,0.0,0.0
SPXW,2026-09-30,40,Put,7725.0,SPXW260930P07725000,137.0,137.5,137.25,138.7,-14.35,-9.37602,12.0,310.0,0.1221,-0.5273,0.0013,10.0972,-1.5494,-4.3478,137.9232,142.76,144.4,134.97,153.050003051758,no_change,2026-08-21T14:09:26,0.0,0.0
SPXW,2026-09-30,40,Call,7730.0,SPXW260930C07730000,107.6,108.1,107.85,112.73,10.53,10.3033,20.0,189.0,0.1213,0.4661,0.0013,10.0857,-1.5417,3.608,107.4529,112.5,112.73,109.51,102.200000762939,up,2026-08-21T15:01:56,0.0,0.0
SPXW,2026-09-30,40,Put,7730.0,SPXW260930P07730000,139.3,139.8,139.55,135.33,-20.07,-12.9151,11.0,72.0,0.1216,-0.5338,0.0013,10.0857,-1.5417,-4.4017,140.1972,144.0,144.0,134.1,155.400001525879,down,2026-08-21T15:47:22,0.0,0.0
SPXW,2026-09-30,40,Call,7735.0,SPXW260930C07735000,104.9,105.4,105.15,109.8,10.2,10.241,22.0,53.0,0.1209,0.4595,0.0013,10.0716,-1.5337,3.5588,104.7872,102.22,109.95,102.22,99.6000022888184,up,2026-08-21T15:45:18,0.0,0.0
SPXW,2026-09-30,40,Put,7735.0,SPXW260930P07735000,141.6,142.1,141.85,123.72,0.0,0.0,0.0,55.0,0.1212,-0.5403,0.0013,10.0716,-1.5337,-4.4561,142.5087,0.0,0.0,0.0,157.800003051758,up,2026-08-19T11:59:10,0.0,0.0
SPXW,2026-09-30,40,Call,7740.0,SPXW260930C07740000,102.3,102.8,102.55,105.5,8.45,8.70685,135.0,84.0,0.1205,0.4529,0.0013,10.0548,-1.5254,3.5089,102.1597,99.67,116.24,99.67,97.0500030517578,down,2026-08-21T15:54:30,0.0,0.0
SPXW,2026-09-30,40,Put,7740.0,SPXW260930P07740000,144.0,144.4,144.2,144.69,-15.61,-9.73799,4.0,160.0,0.1208,-0.5469,0.0013,10.0548,-1.5254,-4.5111,144.8585,150.3,150.3,144.69,160.300003051758,down,2026-08-21T13:57:53,0.0,0.0
SPXW,2026-09-30,40,Call,7745.0,SPXW260930C07745000,99.7,100.2,99.95,103.1,8.55,9.04283,1.0,57.0,0.1201,0.4463,0.0013,10.0351,-1.5167,3.4583,99.5708,103.1,103.1,103.1,94.5500030517578,up,2026-08-21T15:40:41,0.0,0.0
SPXW,2026-09-30,40,Put,7745.0,SPXW260930P07745000,146.3,146.8,146.55,154.2,-8.5,-5.22434,1.0,30.0,0.1204,-0.5535,0.0013,10.0351,-1.5167,-4.5668,147.2469,154.2,154.2,154.2,162.699996948242,down,2026-08-21T10:36:12,0.0,0.0
SPXW,2026-09-30,40,Call,7750.0,SPXW260930C07750000,97.2,97.6,97.4,97.37,5.27,5.72204,488.0,14837.0,0.1195,0.4397,0.0013,10.0126,-1.5076,3.4072,97.0213,100.24,110.89,92.85,92.1000022888184,down,2026-08-21T16:11:33,0.0,0.0
SPXW,2026-09-30,40,Put,7750.0,SPXW260930P07750000,148.8,149.2,149.0,144.8,-15.73,-9.51603,14.0,516.0,0.1199,-0.5602,0.0013,10.0126,-1.5076,-4.6232,149.6747,153.13,155.15,144.11,165.300003051758,down,2026-08-21T15:44:20,0.0,0.0
SPXW,2026-09-30,40,Call,7755.0,SPXW260930C07755000,94.6,95.1,94.85,94.68,4.98,5.55184,4.0,149.0,0.1192,0.433,0.0013,9.9872,-1.4981,3.3557,94.5117,97.01,97.01,94.68,89.7000007629394,down,2026-08-21T14:45:49,0.0,0.0
SPXW,2026-09-30,40,Put,7755.0,SPXW260930P07755000,151.2,151.7,151.45,151.87,-15.93,-9.49345,16.0,41.0,0.1196,-0.5668,0.0013,9.9872,-1.4981,-4.6799,152.1422,147.96,152.27,147.96,167.800003051758,down,2026-08-21T13:42:33,0.0,0.0
SPXW,2026-09-30,40,Call,7760.0,SPXW260930C07760000,92.2,92.6,92.4,95.0,7.7,8.82016,224.0,262.0,0.1188,0.4264,0.0013,9.959,-1.4883,3.3041,92.0419,88.6,105.48,88.6,87.2999992370606,up,2026-08-21T15:57:04,0.0,0.0
SPXW,2026-09-30,40,Put,7760.0,SPXW260930P07760000,153.7,154.2,153.95,148.8,-21.6,-12.6761,20.0,219.0,0.1191,-0.5735,0.0013,9.959,-1.4883,-4.7366,154.6497,151.34,156.97,148.8,170.400001525879,down,2026-08-21T15:48:41,0.0,0.0
SPXW,2026-09-30,40,Call,7765.0,SPXW260930C07765000,89.7,90.2,89.95,93.7,8.75,10.3002,77.0,1922.0,0.1184,0.4197,0.0013,9.9282,-1.4782,3.2527,89.6122,89.8,103.02,87.6,84.9500007629394,no_change,2026-08-21T15:51:48,0.0,0.0
SPXW,2026-09-30,40,Put,7765.0,SPXW260930P07765000,156.3,156.8,156.55,154.42,-18.58,-10.7399,25.0,23.0,0.1187,-0.5802,0.0013,9.9282,-1.4782,-4.7932,157.1973,161.97,162.39,149.33,173.0,down,2026-08-21T13:16:19,0.0,0.0
SPXW,2026-09-30,40,Call,7770.0,SPXW260930C07770000,87.3,87.8,87.55,90.37,7.77,9.40678,27.0,298.0,0.118,0.413,0.0013,9.8948,-1.4677,3.2016,87.2224,85.92,94.02,84.67,82.6000022888184,down,2026-08-21T15:52:52,0.0,0.0
SPXW,2026-09-30,40,Put,7770.0,SPXW260930P07770000,158.9,159.4,159.15,156.43,-19.22,-10.9422,114.0,40.0,0.1183,-0.5869,0.0013,9.8948,-1.4677,-4.8495,159.7848,164.21,164.21,151.87,175.649993896484,down,2026-08-21T15:51:46,0.0,0.0
SPXW,2026-09-30,40,Call,7775.0,SPXW260930C07775000,85.0,85.5,85.25,88.05,7.7,9.58308,66.0,1011.0,0.1176,0.4063,0.0013,9.859,-1.4568,3.1508,84.8724,82.1,93.55,82.1,80.3499984741211,down,2026-08-21T15:52:59,0.0,0.0
SPXW,2026-09-30,40,Put,7775.0,SPXW260930P07775000,161.5,162.0,161.75,161.2,-17.2,-9.64126,23.0,749.0,0.118,-0.5936,0.0013,9.859,-1.4568,-4.9055,162.4121,164.8,168.03,153.4,178.400001525879,up,2026-08-21T13:47:46,0.0,0.0
SPXW,2026-09-30,40,Call,7780.0,SPXW260930C07780000,82.7,83.1,82.9,85.7,7.55,9.66091,25.0,506.0,0.1172,0.3996,0.0013,9.8207,-1.4457,3.1001,82.5624,80.4,88.18,80.4,78.1500015258789,down,2026-08-21T15:52:59,0.0,0.0
SPXW,2026-09-30,40,Put,7780.0,SPXW260930P07780000,164.0,164.6,164.3,160.7,-20.5,-11.3135,8.0,21.0,0.1175,-0.6003,0.0013,9.8207,-1.4457,-4.9613,165.0793,163.4,163.4,160.7,181.199996948242,down,2026-08-21T12:39:33,0.0,0.0
SPXW,2026-09-30,40,Call,7785.0,SPXW260930C07785000,80.4,80.9,80.65,80.69,4.74,6.24095,188.0,9593.0,0.1169,0.3928,0.0013,9.7796,-1.4341,3.0492,80.2922,79.0,93.01,77.78,75.9500007629394,down,2026-08-21T16:11:33,0.0,0.0
SPXW,2026-09-30,40,Put,7785.0,SPXW260930P07785000,166.8,167.3,167.05,165.6,-18.4,-10.0,43.0,37.0,0.1171,-0.607,0.0013,9.7796,-1.4341,-5.0174,167.7863,173.92,173.92,163.3,184.0,up,2026-08-21T15:53:22,0.0,0.0
SPXW,2026-09-30,40,Call,7790.0,SPXW260930C07790000,78.2,78.6,78.4,86.67,12.82,17.3595,63.0,2379.0,0.1165,0.3861,0.0013,9.7356,-1.4223,2.998,78.062,80.86,86.67,76.0,73.8499984741211,up,2026-08-21T11:40:58,0.0,0.0
SPXW,2026-09-30,40,Put,7790.0,SPXW260930P07790000,169.6,170.1,169.85,166.6,-20.2,-10.8137,120.0,145.0,0.1168,-0.6138,0.0013,9.7357,-1.4223,-5.0738,170.5335,173.28,178.0,166.6,186.800003051758,down,2026-08-21T15:00:09,0.0,0.0
SPXW,2026-09-30,40,Call,7795.0,SPXW260930C07795000,76.0,76.4,76.2,76.08,4.38,6.10879,58.0,2716.0,0.1161,0.3794,0.0013,9.6886,-1.4101,2.9463,75.8725,78.99,82.31,72.45,71.7000007629394,down,2026-08-21T16:11:23,0.0,0.0
SPXW,2026-09-30,40,Put,7795.0,SPXW260930P07795000,172.4,172.8,172.60000000000002,148.0,0.0,0.0,0.0,39.0,0.1164,-0.6205,0.0013,9.6886,-1.4101,-5.1307,173.3211,0.0,0.0,0.0,189.699996948242,down,2026-08-19T11:30:32,0.0,0.0
SPXW,2026-09-30,40,Call,7800.0,SPXW260930C07800000,73.8,74.3,74.05,76.6,6.95,9.97846,877.0,2215.0,0.1157,0.3726,0.0013,9.6383,-1.3976,2.8941,73.7235,76.7,85.2,71.97,69.6500015258789,down,2026-08-21T15:53:21,0.0,0.0
SPXW,2026-09-30,40,Put,7800.0,SPXW260930P07800000,175.2,175.7,175.45,175.76,-16.84,-8.74351,29.0,720.0,0.116,-0.6272,0.0013,9.6383,-1.3976,-5.188,176.1495,177.84,182.22,172.45,192.599998474121,up,2026-08-21T16:04:19,0.0,0.0
SPXW,2026-09-30,40,Call,7805.0,SPXW260930C07805000,71.7,72.1,71.9,71.86,4.26,6.30177,19.0,81.0,0.1153,0.3659,0.0013,9.5848,-1.3848,2.8417,71.6158,74.61,74.61,69.8,67.6000022888184,down,2026-08-21T16:11:23,0.0,0.0
SPXW,2026-09-30,40,Put,7805.0,SPXW260930P07805000,178.0,178.5,178.25,179.56,-15.89,-8.12996,17.0,21.0,0.1157,-0.6339,0.0013,9.5848,-1.3848,-5.2456,179.019,183.24,184.68,176.92,195.449996948242,up,2026-08-21T14:24:52,0.0,0.0
SPXW,2026-09-30,40,Call,7810.0,SPXW260930C07810000,69.6,70.1,69.85,72.71,7.11,10.8384,110.0,148.0,0.1149,0.3592,0.0013,9.5284,-1.3716,2.7894,69.5491,81.28,81.28,72.71,65.6000022888184,down,2026-08-21T15:52:47,0.0,0.0
SPXW,2026-09-30,40,Put,7810.0,SPXW260930P07810000,180.9,181.4,181.15,155.2,0.0,0.0,0.0,16.0,0.1154,-0.6406,0.0013,9.5284,-1.3716,-5.3031,181.9295,0.0,0.0,0.0,198.449996948242,no_change,2026-08-19T11:30:32,0.0,0.0
SPXW,2026-09-30,40,Call,7815.0,SPXW260930C07815000,67.6,68.0,67.8,70.2,6.5,10.2041,73.0,86.0,0.1147,0.3525,0.0013,9.4694,-1.3582,2.7374,67.5232,70.75,71.81,65.46,63.7000007629394,no_change,2026-08-21T15:58:06,0.0,0.0
SPXW,2026-09-30,40,Put,7815.0,SPXW260930P07815000,183.8,184.4,184.10000000000002,183.38,-18.17,-9.01513,4.0,17.0,0.115,-0.6473,0.0013,9.4694,-1.3582,-5.3602,184.8808,191.4,191.4,183.38,201.550003051758,down,2026-08-21T12:53:19,0.0,0.0
SPXW,2026-09-30,40,Call,7820.0,SPXW260930C07820000,65.6,66.0,65.8,70.0,8.25,13.3603,9.0,747.0,0.1142,0.3458,0.0013,9.408,-1.3444,2.6861,65.5377,62.85,70.0,62.85,61.75,up,2026-08-21T15:45:11,0.0,0.0
SPXW,2026-09-30,40,Put,7820.0,SPXW260930P07820000,186.9,187.4,187.15,207.8,0.0,0.0,0.0,30.0,0.1146,-0.654,0.0013,9.408,-1.3444,-5.4167,187.8727,0.0,0.0,0.0,204.599998474121,no_change,2026-08-20T15:59:39,0.0,0.0
SPXW,2026-09-30,40,Call,7825.0,SPXW260930C07825000,63.6,64.1,63.849999999999994,66.08,6.18,10.3172,27.0,142.0,0.1139,0.3392,0.0013,9.3445,-1.3304,2.6353,63.5924,62.97,67.72,62.03,59.8999996185303,up,2026-08-21T15:54:34,0.0,0.0
SPXW,2026-09-30,40,Put,7825.0,SPXW260930P07825000,189.9,190.4,190.15,192.3,-15.35,-7.39224,7.0,94.0,0.1143,-0.6607,0.0013,9.3445,-1.3304,-5.4727,190.9046,198.8,198.8,191.7,207.649993896484,up,2026-08-21T14:08:10,0.0,0.0
SPXW,2026-09-30,40,Call,7830.0,SPXW260930C07830000,61.7,62.1,61.900000000000006,72.23,14.18,24.4272,114.0,203.0,0.1136,0.3326,0.0012,9.2788,-1.316,2.5849,61.6868,60.0,72.72,60.0,58.0500011444092,no_change,2026-08-21T11:55:05,0.0,0.0
SPXW,2026-09-30,40,Put,7830.0,SPXW260930P07830000,192.9,193.4,193.15,158.5,0.0,0.0,0.0,36.0,0.114,-0.6673,0.0012,9.2788,-1.316,-5.5283,193.9762,0.0,0.0,0.0,210.850006103516,up,2026-08-17T14:37:36,0.0,0.0
SPXW,2026-09-30,40,Call,7835.0,SPXW260930C07835000,59.8,60.3,60.05,63.3,7.0,12.4334,1.0,107.0,0.1133,0.326,0.0012,9.2108,-1.3014,2.5347,59.8206,63.3,63.3,63.3,56.2999992370606,up,2026-08-21T15:51:26,0.0,0.0
SPXW,2026-09-30,40,Put,7835.0,SPXW260930P07835000,196.0,196.5,196.25,196.2,-17.8,-8.31776,6.0,15.0,0.1136,-0.6739,0.0012,9.2108,-1.3014,-5.5837,197.0873,203.8,203.8,194.8,214.0,up,2026-08-21T13:30:00,0.0,0.0
SPXW,2026-09-30,40,Call,7840.0,SPXW260930C07840000,58.0,58.4,58.2,60.33,5.83,10.6972,8.0,349.0,0.1129,0.3194,0.0012,9.1402,-1.2866,2.4843,57.9939,57.0,61.22,57.0,54.5,down,2026-08-21T13:31:01,0.0,0.0
SPXW,2026-09-30,40,Put,7840.0,SPXW260930P07840000,199.2,199.8,199.5,199.5,-17.85,-8.21256,8.0,24.0,0.1134,-0.6805,0.0012,9.1402,-1.2866,-5.6393,200.2378,208.4,208.4,199.5,217.350006103516,down,2026-08-21T16:05:34,0.0,0.0
SPXW,2026-09-30,40,Call,7845.0,SPXW260930C07845000,56.2,56.6,56.400000000000006,56.9,4.1,7.76515,1.0,45.0,0.1126,0.3128,0.0012,9.0667,-1.2715,2.4336,56.2066,56.9,56.9,56.9,52.7999992370606,up,2026-08-21T09:32:02,0.0,0.0
SPXW,2026-09-30,40,Put,7845.0,SPXW260930P07845000,202.4,202.8,202.60000000000002,212.4,0.0,0.0,0.0,30.0,0.113,-0.687,0.0012,9.0667,-1.2715,-5.6951,203.4279,0.0,0.0,0.0,220.550003051758,up,2026-08-20T13:40:57,0.0,0.0
SPXW,2026-09-30,40,Call,7850.0,SPXW260930C07850000,54.4,54.9,54.65,56.5,2.75,5.37634,436.0,1928.0,0.1123,0.3063,0.0012,8.9902,-1.2561,2.3828,54.4591,55.2,59.0,53.13,51.1499996185303,down,2026-08-21T15:54:58,0.0,0.0
SPXW,2026-09-30,40,Put,7850.0,SPXW260930P07850000,205.6,206.2,205.89999999999998,206.4,-17.45,-7.7954,56.0,2057.0,0.1127,-0.6935,0.0012,8.9902,-1.2561,-5.7512,206.6576,207.69,209.17,203.28,223.849998474121,up,2026-08-21T13:36:42,0.0,0.0
SPXW,2026-09-30,40,Call,7855.0,SPXW260930C07855000,52.7,53.1,52.900000000000006,55.3,5.8,11.7172,17.0,51.0,0.112,0.2999,0.0012,8.9105,-1.2405,2.332,52.7509,49.7,62.93,49.7,49.5,up,2026-08-21T15:40:30,0.0,0.0
SPXW,2026-09-30,40,Put,7855.0,SPXW260930P07855000,207.9,210.2,209.05,203.8,-23.4,-10.2993,2.0,22.0,0.1126,-0.7,0.0012,8.9105,-1.2405,-5.8071,209.9267,206.65,206.65,203.8,227.199996948242,down,2026-08-21T15:44:20,0.0,0.0
SPXW,2026-09-30,40,Call,7860.0,SPXW260930C07860000,51.0,51.5,51.25,53.78,5.88,12.2756,86.0,46.0,0.1118,0.2934,0.0012,8.8282,-1.2247,2.2816,51.0821,51.8,54.73,48.1,47.8999996185303,up,2026-08-21T15:59:15,0.0,0.0
SPXW,2026-09-30,40,Put,7860.0,SPXW260930P07860000,211.2,213.5,212.35,209.96,-20.59,-8.93082,52.0,12.0,0.1123,-0.7064,0.0012,8.8282,-1.2247,-5.8627,213.2351,209.65,209.96,209.65,230.550003051758,up,2026-08-21T15:21:00,0.0,0.0
SPXW,2026-09-30,40,Call,7865.0,SPXW260930C07865000,49.4,49.8,49.599999999999994,52.1,5.75,12.4056,33.0,55.0,0.1114,0.2871,0.0012,8.7436,-1.2086,2.2318,49.4521,50.42,53.01,46.77,46.3500003814697,down,2026-08-21T15:52:06,0.0,0.0
SPXW,2026-09-30,40,Put,7865.0,SPXW260930P07865000,214.6,216.8,215.7,184.4,0.0,0.0,0.0,13.0,0.112,-0.7128,0.0012,8.7436,-1.2086,-5.9176,216.5823,0.0,0.0,0.0,233.949996948242,up,2026-08-19T11:30:32,0.0,0.0
SPXW,2026-09-30,40,Call,7870.0,SPXW260930C07870000,47.8,48.2,48.0,50.88,6.08,13.5714,66.0,57.0,0.1111,0.2807,0.0012,8.6571,-1.1923,2.1829,47.8602,51.37,51.65,50.88,44.7999992370606,down,2026-08-21T15:50:36,0.0,0.0
SPXW,2026-09-30,40,Put,7870.0,SPXW260930P07870000,217.8,220.2,219.0,193.8,0.0,0.0,0.0,36.0,0.1112,-0.7191,0.0012,8.6571,-1.1923,-5.9717,219.9677,0.0,0.0,0.0,237.449996948242,up,2026-08-19T09:55:48,0.0,0.0
SPXW,2026-09-30,40,Call,7875.0,SPXW260930C07875000,46.2,46.7,46.45,47.26,3.91,9.01961,509.0,417.0,0.1108,0.2744,0.0012,8.5692,-1.1758,2.1347,46.3058,47.0,50.4,44.73,43.3500003814697,up,2026-08-21T16:00:39,0.0,0.0
SPXW,2026-09-30,40,Put,7875.0,SPXW260930P07875000,219.6,224.8,222.2,220.07,-20.88,-8.6657,2.0,10.0,0.111,-0.7254,0.0012,8.5692,-1.1758,-6.0251,223.3906,214.02,220.07,214.02,240.949996948242,up,2026-08-21T15:21:00,0.0,0.0
SPXW,2026-09-30,40,Call,7880.0,SPXW260930C07880000,44.7,45.1,44.900000000000006,43.8,0.0,0.0,0.0,293.0,0.1105,0.2682,0.0012,8.4798,-1.1592,2.0871,44.7885,0.0,0.0,0.0,41.8999996185303,no_change,2026-08-20T15:10:22,0.0,0.0
SPXW,2026-09-30,40,Put,7880.0,SPXW260930P07880000,223.0,228.3,225.65,199.8,0.0,0.0,0.0,14.0,0.1107,-0.7317,0.0012,8.4798,-1.1592,-6.0779,226.8505,0.0,0.0,0.0,244.449996948242,down,2026-08-19T09:55:48,0.0,0.0
SPXW,2026-09-30,40,Call,7885.0,SPXW260930C07885000,43.2,43.6,43.400000000000006,43.9,3.4,8.39506,2.0,107.0,0.1102,0.262,0.0012,8.3888,-1.1424,2.0398,43.3078,43.9,43.9,43.9,40.5,up,2026-08-21T09:32:02,0.0,0.0
SPXW,2026-09-30,40,Put,7885.0,SPXW260930P07885000,226.5,231.8,229.15,200.86,0.0,0.0,0.0,33.0,0.1104,-0.7378,0.0012,8.3888,-1.1424,-6.1304,230.3471,0.0,0.0,0.0,248.0,up,2026-08-19T15:19:08,0.0,0.0
SPXW,2026-09-30,40,Call,7890.0,SPXW260930C07890000,41.8,42.2,42.0,47.81,8.71,22.2762,114.0,7295.0,0.1101,0.2559,0.0012,8.2959,-1.1254,1.9924,41.8635,42.5,47.81,42.5,39.1000003814697,up,2026-08-21T11:40:58,0.0,0.0
SPXW,2026-09-30,40,Put,7890.0,SPXW260930P07890000,230.0,235.3,232.65,221.0,0.0,0.0,0.0,19.0,0.1102,-0.744,0.0012,8.2959,-1.1254,-6.1829,233.8801,0.0,0.0,0.0,251.599998474121,up,2026-08-18T15:41:27,0.0,0.0
SPXW,2026-09-30,40,Call,7895.0,SPXW260930C07895000,40.4,40.8,40.599999999999994,43.27,5.47,14.4709,17.0,111.0,0.1098,0.2498,0.0011,8.2006,-1.1083,1.9451,40.4555,41.1,43.27,39.54,37.7999992370606,up,2026-08-21T15:46:47,0.0,0.0
SPXW,2026-09-30,40,Put,7895.0,SPXW260930P07895000,233.5,238.9,236.2,210.2,0.0,0.0,0.0,10.0,0.11,-0.75,0.0011,8.2006,-1.1083,-6.2354,237.4494,0.0,0.0,0.0,255.25,up,2026-08-19T12:59:44,0.0,0.0
SPXW,2026-09-30,40,Call,7900.0,SPXW260930C07900000,39.0,39.4,39.2,42.34,5.84,16.0,258.0,10539.0,0.1095,0.2438,0.0011,8.1027,-1.091,1.8979,39.0836,41.1,44.0,36.92,36.5,up,2026-08-21T15:47:53,0.0,0.0
SPXW,2026-09-30,40,Put,7900.0,SPXW260930P07900000,237.1,242.5,239.8,264.1,0.0,0.0,0.0,1918.0,0.1098,-0.756,0.0011,8.1027,-1.091,-6.2878,241.0548,0.0,0.0,0.0,258.899993896484,up,2026-08-20T16:14:19,0.0,0.0
SPXW,2026-09-30,40,Call,7905.0,SPXW260930C07905000,37.7,38.1,37.900000000000006,38.57,3.37,9.57386,5.0,161.0,0.1093,0.2379,0.0011,8.0024,-1.0736,1.8511,37.7478,36.44,38.57,36.44,35.2000007629394,up,2026-08-21T16:00:39,0.0,0.0
SPXW,2026-09-30,40,Put,7905.0,SPXW260930P07905000,240.7,246.2,243.45,210.41,0.0,0.0,0.0,10.0,0.1095,-0.762,0.0011,8.0024,-1.0736,-6.3398,244.6962,0.0,0.0,0.0,262.649993896484,no_change,2026-08-19T10:37:13,0.0,0.0
SPXW,2026-09-30,40,Call,7910.0,SPXW260930C07910000,36.3,36.7,36.5,37.0,0.0,0.0,0.0,176.0,0.109,0.232,0.0011,7.9001,-1.0561,1.805,36.4473,0.0,0.0,0.0,34.0,down,2026-08-20T13:40:58,0.0,0.0
SPXW,2026-09-30,40,Put,7910.0,SPXW260930P07910000,244.4,249.8,247.10000000000002,214.4,0.0,0.0,0.0,38.0,0.1092,-0.7678,0.0011,7.9001,-1.0561,-6.391,248.3729,0.0,0.0,0.0,266.300003051758,up,2026-08-19T11:59:27,0.0,0.0
SPXW,2026-09-30,40,Call,7915.0,SPXW260930C07915000,35.1,35.5,35.3,38.7,0.0,0.0,0.0,97.0,0.1087,0.2262,0.0011,7.7962,-1.0385,1.7598,35.1815,0.0,0.0,0.0,32.7999992370606,down,2026-08-20T13:08:13,0.0,0.0
SPXW,2026-09-30,40,Put,7915.0,SPXW260930P07915000,248.1,253.6,250.85,218.6,0.0,0.0,0.0,8.0,0.1089,-0.7736,0.0011,7.7962,-1.0385,-6.4414,252.0844,0.0,0.0,0.0,270.149993896484,up,2026-08-19T12:30:03,0.0,0.0
SPXW,2026-09-30,40,Call,7920.0,SPXW260930C07920000,33.8,34.2,34.0,32.81,0.0,0.0,0.0,74.0,0.1085,0.2205,0.0011,7.6914,-1.0208,1.7156,33.9496,0.0,0.0,0.0,31.6499996185303,down,2026-08-20T14:58:49,0.0,0.0
SPXW,2026-09-30,40,Put,7920.0,SPXW260930P07920000,251.8,257.4,254.6,227.4,0.0,0.0,0.0,10.0,0.1088,-0.7794,0.0011,7.6914,-1.0208,-6.4908,255.8297,0.0,0.0,0.0,274.0,up,2026-08-10T12:46:57,0.0,0.0
SPXW,2026-09-30,40,Call,7925.0,SPXW260930C07925000,32.6,33.0,32.8,35.0,4.5,14.7541,13.0,388.0,0.1083,0.2148,0.0011,7.586,-1.003,1.6723,32.7509,33.1,35.0,33.1,30.5,no_change,2026-08-21T15:06:23,0.0,0.0
SPXW,2026-09-30,40,Put,7925.0,SPXW260930P07925000,255.6,261.1,258.35,398.56,0.0,0.0,0.0,76.0,0.1085,-0.785,0.0011,7.586,-1.003,-6.5393,259.6084,0.0,0.0,0.0,277.800003051758,no_change,2026-05-29T12:05:52,0.0,0.0
SPXW,2026-09-30,40,Call,7930.0,SPXW260930C07930000,31.5,31.9,31.7,32.1,2.7,9.18367,1.0,89.0,0.108,0.2092,0.001,7.4801,-0.9852,1.6294,31.585,32.1,32.1,32.1,29.4000005722046,up,2026-08-21T14:15:19,0.0,0.0
SPXW,2026-09-30,40,Put,7930.0,SPXW260930P07930000,259.4,264.9,262.15,287.06,0.0,0.0,0.0,5.0,0.1084,-0.7906,0.001,7.4801,-0.9852,-6.5873,263.4197,0.0,0.0,0.0,281.699996948242,up,2026-08-20T16:14:27,0.0,0.0
SPXW,2026-09-30,40,Call,7935.0,SPXW260930C07935000,30.3,30.7,30.5,31.1,2.75,9.70018,16.0,75.0,0.1078,0.2037,0.001,7.3733,-0.9674,1.5869,30.4514,30.2,31.1,30.2,28.3500003814697,up,2026-08-21T14:25:31,0.0,0.0
SPXW,2026-09-30,40,Put,7935.0,SPXW260930P07935000,263.2,268.8,266.0,205.0,0.0,0.0,0.0,7.0,0.1082,-0.7961,0.001,7.3733,-0.9674,-6.635,267.2633,0.0,0.0,0.0,285.549987792969,down,2026-08-14T12:51:24,0.0,0.0
SPXW,2026-09-30,40,Call,7940.0,SPXW260930C07940000,29.2,29.6,29.4,31.25,3.95,14.4689,6.0,263.0,0.1076,0.1983,0.001,7.2653,-0.9495,1.5446,29.3498,28.26,32.43,28.26,27.3000001907349,down,2026-08-21T13:26:20,0.0,0.0
SPXW,2026-09-30,40,Put,7940.0,SPXW260930P07940000,267.1,272.7,269.9,219.9,0.0,0.0,0.0,7.0,0.1078,-0.8016,0.001,7.2653,-0.9495,-6.6825,271.139,0.0,0.0,0.0,289.549987792969,down,2026-08-17T13:58:32,0.0,0.0
SPXW,2026-09-30,40,Call,7945.0,SPXW260930C07945000,28.2,28.6,28.4,33.7,7.4,28.1369,1.0,134.0,0.1074,0.193,0.001,7.1557,-0.9316,1.5025,28.2801,33.7,33.7,33.7,26.3000001907349,up,2026-08-21T11:47:21,0.0,0.0
SPXW,2026-09-30,40,Put,7945.0,SPXW260930P07945000,271.0,276.6,273.8,234.7,0.0,0.0,0.0,4.0,0.1076,-0.8069,0.001,7.1557,-0.9316,-6.7298,275.0465,0.0,0.0,0.0,293.549987792969,down,2026-08-12T15:54:50,0.0,0.0
SPXW,2026-09-30,40,Call,7950.0,SPXW260930C07950000,27.1,27.5,27.3,29.84,4.49,17.712,236.0,3781.0,0.1073,0.1877,0.001,7.0444,-0.9136,1.4608,27.2418,27.05,31.9,26.52,25.3500003814697,up,2026-08-21T15:47:53,0.0,0.0
SPXW,2026-09-30,40,Put,7950.0,SPXW260930P07950000,274.9,280.6,277.75,226.4,0.0,0.0,0.0,413.0,0.1075,-0.8122,0.001,7.0445,-0.9136,-6.7766,278.9856,0.0,0.0,0.0,297.549987792969,up,2026-08-17T13:58:32,0.0,0.0
SPXW,2026-09-30,40,Call,7955.0,SPXW260930C07955000,26.1,26.5,26.3,26.98,2.63,10.8008,2.0,149.0,0.107,0.1825,0.001,6.9317,-0.8958,1.4199,26.2347,25.57,26.98,25.57,24.3500003814697,up,2026-08-21T16:00:39,0.0,0.0
SPXW,2026-09-30,40,Put,7955.0,SPXW260930P07955000,278.9,284.6,281.75,207.0,0.0,0.0,0.0,14.0,0.1073,-0.8174,0.001,6.9317,-0.8958,-6.8227,282.9557,0.0,0.0,0.0,301.5,down,2026-08-14T09:38:21,0.0,0.0
SPXW,2026-09-30,40,Call,7960.0,SPXW260930C07960000,25.2,25.5,25.35,25.86,2.41,10.2772,3.0,210.0,0.1068,0.1774,0.001,6.818,-0.8779,1.38,25.2578,28.38,28.61,25.86,23.4499998092651,down,2026-08-21T14:00:30,0.0,0.0
SPXW,2026-09-30,40,Put,7960.0,SPXW260930P07960000,282.9,288.6,285.75,219.0,0.0,0.0,0.0,14.0,0.1071,-0.8224,0.001,6.818,-0.8779,-6.8678,286.9561,0.0,0.0,0.0,305.599990844727,down,2026-08-13T11:26:16,0.0,0.0
SPXW,2026-09-30,40,Call,7965.0,SPXW260930C07965000,24.2,24.6,24.4,27.4,4.8,21.2389,1.0,108.0,0.1066,0.1724,0.0009,6.7039,-0.86,1.3411,24.3105,27.4,27.4,27.4,22.5999994277954,up,2026-08-21T11:39:03,0.0,0.0
SPXW,2026-09-30,40,Put,7965.0,SPXW260930P07965000,286.9,292.7,289.79999999999995,246.1,0.0,0.0,0.0,6.0,0.1073,-0.8275,0.0009,6.7039,-0.86,-6.9119,290.986,0.0,0.0,0.0,309.699996948242,up,2026-08-12T13:11:38,0.0,0.0
SPXW,2026-09-30,40,Call,7970.0,SPXW260930C07970000,23.3,23.7,23.5,22.48,0.73,3.35632,1.0,52.0,0.1065,0.1675,0.0009,6.5898,-0.8422,1.3032,23.3919,22.48,22.48,22.48,21.75,down,2026-08-21T09:58:11,0.0,0.0
SPXW,2026-09-30,40,Put,7970.0,SPXW260930P07970000,291.0,296.7,293.85,275.18,0.0,0.0,0.0,28.0,0.1067,-0.8324,0.0009,6.5898,-0.8422,-6.955,295.0447,0.0,0.0,0.0,313.850006103516,up,2026-08-18T09:33:16,0.0,0.0
SPXW,2026-09-30,40,Call,7975.0,SPXW260930C07975000,22.4,22.8,22.6,24.51,3.66,17.554,380.0,2324.0,0.1063,0.1626,0.0009,6.476,-0.8245,1.266,22.5015,22.39,25.5,22.39,20.8500003814697,up,2026-08-21T14:59:52,0.0,0.0
SPXW,2026-09-30,40,Put,7975.0,SPXW260930P07975000,295.1,300.9,298.0,228.2,-18.86,-5.93082,0.0,16.0,0.1065,-0.8372,0.0009,6.476,-0.8245,-6.9973,299.1316,0.0,0.0,0.0,318.0,up,2026-08-14T15:15:02,0.0,0.0
SPXW,2026-09-30,40,Call,7980.0,SPXW260930C07980000,21.5,21.9,21.7,20.86,0.76,3.7811,2.0,85.0,0.1061,0.1578,0.0009,6.3625,-0.8068,1.2293,21.6388,23.6,23.6,20.86,20.0999994277954,down,2026-08-21T09:58:11,0.0,0.0
SPXW,2026-09-30,40,Put,7980.0,SPXW260930P07980000,299.2,305.0,302.1,282.63,0.0,0.0,0.0,29.0,0.1065,-0.842,0.0009,6.3625,-0.8068,-7.0392,303.2461,0.0,0.0,0.0,322.149993896484,up,2026-08-18T09:33:16,0.0,0.0
SPXW,2026-09-30,40,Call,7985.0,SPXW260930C07985000,20.7,21.1,20.9,26.5,0.0,0.0,0.0,188.0,0.106,0.1532,0.0009,6.2489,-0.7893,1.1929,20.8035,0.0,0.0,0.0,19.3500003814697,up,2026-08-20T10:42:43,0.0,0.0
SPXW,2026-09-30,40,Put,7985.0,SPXW260930P07985000,303.1,309.1,306.1,235.8,0.0,0.0,0.0,1.0,0.1062,-0.8467,0.0009,6.2489,-0.7893,-7.0808,307.388,0.0,0.0,0.0,326.350006103516,up,2026-08-14T14:35:56,0.0,0.0
SPXW,2026-09-30,40,Call,7990.0,SPXW260930C07990000,19.9,20.3,20.1,21.69,3.14,16.9272,76.0,2058.0,0.1059,0.1486,0.0009,6.135,-0.7718,1.1569,19.9951,19.76,24.21,19.76,18.5500001907349,down,2026-08-21T14:59:37,0.0,0.0
SPXW,2026-09-30,40,Put,7990.0,SPXW260930P07990000,307.3,313.3,310.3,241.6,0.0,0.0,0.0,79.0,0.1064,-0.8512,0.0009,6.135,-0.7718,-7.122,311.5569,0.0,0.0,0.0,330.649993896484,down,2026-08-17T12:36:33,0.0,0.0
SPXW,2026-09-30,40,Call,7995.0,SPXW260930C07995000,19.1,19.5,19.3,23.6,5.75,32.2129,10.0,59.0,0.1056,0.1441,0.0008,6.0204,-0.7544,1.1214,19.2134,23.6,23.6,23.6,17.8500003814697,up,2026-08-21T11:46:02,0.0,0.0
SPXW,2026-09-30,40,Put,7995.0,SPXW260930P07995000,311.5,317.5,314.5,283.17,0.0,0.0,0.0,7.0,0.1062,-0.8557,0.0008,6.0204,-0.7544,-7.1626,315.7525,0.0,0.0,0.0,334.800003051758,up,2026-08-19T12:57:52,0.0,0.0
SPXW,2026-09-30,40,Call,8000.0,SPXW260930C08000000,18.4,18.7,18.549999999999997,19.0,1.9,11.1111,434.0,15604.0,0.1055,0.1397,0.0008,5.9053,-0.7372,1.0867,18.4579,19.6,23.35,17.46,17.1000003814697,no_change,2026-08-21T15:59:45,0.0,0.0
SPXW,2026-09-30,40,Put,8000.0,SPXW260930P08000000,315.7,321.7,318.7,309.5,-29.65,-8.74244,14.0,6067.0,0.1059,-0.8601,0.0008,5.9053,-0.7372,-7.2026,319.9743,321.17,322.85,305.71,339.149993896484,up,2026-08-21T12:02:36,0.0,0.0
SPXW,2026-09-30,40,Call,8005.0,SPXW260930C08005000,17.6,18.0,17.8,17.55,0.0,0.0,0.0,96.0,0.1052,0.1354,0.0008,5.7898,-0.7201,1.0529,17.7279,0.0,0.0,0.0,16.4499998092651,down,2026-08-20T15:26:54,0.0,0.0
SPXW,2026-09-30,40,Put,8005.0,SPXW260930P08005000,320.0,326.0,323.0,244.2,0.0,0.0,0.0,7.0,0.1056,-0.8644,0.0008,5.7898,-0.7201,-7.2415,324.2215,0.0,0.0,0.0,343.399993896484,down,2026-08-13T09:57:01,0.0,0.0
SPXW,2026-09-30,40,Call,8010.0,SPXW260930C08010000,16.9,17.3,17.1,18.59,2.79,17.6582,1.0,432.0,0.1051,0.1312,0.0008,5.6745,-0.7032,1.0202,17.0226,18.59,18.59,18.59,15.8000001907349,up,2026-08-21T14:59:37,0.0,0.0
SPXW,2026-09-30,40,Put,8010.0,SPXW260930P08010000,324.2,330.3,327.25,324.88,-22.92,-6.58999,12.0,8.0,0.1063,-0.8686,0.0008,5.6745,-0.7032,-7.2794,328.4935,327.64,327.64,316.66,347.800003051758,down,2026-08-21T15:53:43,0.0,0.0
SPXW,2026-09-30,40,Call,8015.0,SPXW260930C08015000,16.2,16.6,16.4,16.5,1.35,8.91089,2.0,204.0,0.1049,0.1271,0.0008,5.5598,-0.6864,0.9884,16.3413,16.5,16.5,16.5,15.1500000953674,no_change,2026-08-21T10:09:55,0.0,0.0
SPXW,2026-09-30,40,Put,8015.0,SPXW260930P08015000,328.5,334.6,331.55,0.0,0.0,0.0,0.0,3.0,0.1062,-0.8728,0.0008,5.5598,-0.6864,-7.3164,332.7895,0.0,0.0,0.0,352.100006103516,no_change,,0.0,0.0
SPXW,2026-09-30,40,Call,8020.0,SPXW260930C08020000,15.6,15.9,15.75,15.98,1.43,9.82818,8.0,75.0,0.1049,0.1231,0.0008,5.446,-0.6698,0.9575,15.6834,15.88,15.98,15.88,14.5499997138977,up,2026-08-21T09:38:59,0.0,0.0
SPXW,2026-09-30,40,Put,8020.0,SPXW260930P08020000,332.8,338.9,335.85,0.0,0.0,0.0,0.0,3.0,0.1055,-0.8768,0.0008,5.446,-0.6698,-7.3525,337.1088,0.0,0.0,0.0,356.449996948242,no_change,,0.0,0.0
SPXW,2026-09-30,40,Call,8025.0,SPXW260930C08025000,15.0,15.3,15.15,16.1,2.15,15.4122,75.0,276.0,0.1048,0.1191,0.0008,5.3334,-0.6534,0.9271,15.0483,14.94,19.35,14.65,13.9500002861023,down,2026-08-21T15:36:43,0.0,0.0
SPXW,2026-09-30,40,Put,8025.0,SPXW260930P08025000,337.2,343.3,340.25,446.2,0.0,0.0,0.0,15.0,0.1051,-0.8807,0.0008,5.3334,-0.6534,-7.388,341.4509,0.0,0.0,0.0,360.849990844727,down,2026-06-02T14:10:12,0.0,0.0
SPXW,2026-09-30,40,Call,8030.0,SPXW260930C08030000,14.3,14.7,14.5,15.2,1.75,13.0112,6.0,83.0,0.1046,0.1153,0.0007,5.2217,-0.6372,0.8972,14.4356,14.9,18.1,14.9,13.4500002861023,down,2026-08-21T14:48:10,0.0,0.0
SPXW,2026-09-30,40,Put,8030.0,SPXW260930P08030000,341.5,347.7,344.6,252.4,0.0,0.0,0.0,5.0,0.1054,-0.8846,0.0007,5.2217,-0.6372,-7.4231,345.8155,0.0,0.0,0.0,365.300003051758,down,2026-08-13T10:38:48,0.0,0.0
SPXW,2026-09-30,40,Call,8035.0,SPXW260930C08035000,13.7,14.1,13.899999999999999,23.7,0.0,0.0,0.0,161.0,0.1046,0.1115,0.0007,5.1108,-0.6211,0.8677,13.845,0.0,0.0,0.0,12.8499999046326,down,2026-08-18T12:15:35,0.0,0.0
SPXW,2026-09-30,40,Put,8035.0,SPXW260930P08035000,345.9,352.1,349.0,0.0,0.0,0.0,0.0,0.0,0.1058,-0.8883,0.0007,5.1108,-0.6211,-7.4578,350.2021,0.0,0.0,0.0,369.75,no_change,,0.0,0.0
SPXW,2026-09-30,40,Call,8040.0,SPXW260930C08040000,13.2,13.5,13.35,14.16,1.81,14.6559,7.0,54.0,0.1044,0.1079,0.0007,5.0003,-0.6053,0.8388,13.276,13.45,15.83,13.45,12.3499999046326,down,2026-08-21T13:51:22,0.0,0.0
SPXW,2026-09-30,40,Put,8040.0,SPXW260930P08040000,350.3,356.5,353.4,0.0,0.0,0.0,0.0,0.0,0.105,-0.892,0.0007,5.0003,-0.6053,-7.4919,354.6104,0.0,0.0,0.0,374.150009155273,no_change,,0.0,0.0
SPXW,2026-09-30,40,Call,8045.0,SPXW260930C08045000,12.7,13.0,12.85,12.3,0.0,0.0,0.0,37.0,0.1042,0.1043,0.0007,4.8902,-0.5897,0.8105,12.7282,0.0,0.0,0.0,11.7999997138977,down,2026-08-20T15:30:55,0.0,0.0
SPXW,2026-09-30,40,Put,8045.0,SPXW260930P08045000,354.7,360.9,357.79999999999995,319.57,0.0,0.0,0.0,1.0,0.1055,-0.8955,0.0007,4.8902,-0.5897,-7.5253,359.0398,0.0,0.0,0.0,378.650009155273,up,2026-08-11T14:04:00,0.0,0.0
SPXW,2026-09-30,40,Call,8050.0,SPXW260930C08050000,12.1,12.4,12.25,13.59,0.75,6.63717,47.0,3112.0,0.1042,0.1008,0.0007,4.7806,-0.5743,0.7832,12.2009,13.6,14.85,11.84,11.2999997138977,up,2026-08-21T15:11:12,0.0,0.0
SPXW,2026-09-30,40,Put,8050.0,SPXW260930P08050000,359.1,365.4,362.25,285.54,0.0,0.0,0.0,7.0,0.1049,-0.899,0.0007,4.7806,-0.5743,-7.5579,363.4899,0.0,0.0,0.0,381.600006103516,up,2026-08-17T10:40:44,0.0,0.0
SPXW,2026-09-30,40,Call,8055.0,SPXW260930C08055000,11.6,11.9,11.75,12.35,1.5,13.8249,1.0,114.0,0.104,0.0975,0.0006,4.6717,-0.5592,0.7568,11.6935,12.35,12.35,12.35,10.8499999046326,down,2026-08-21T14:25:15,0.0,0.0
SPXW,2026-09-30,40,Put,8055.0,SPXW260930P08055000,363.6,369.8,366.70000000000005,0.0,0.0,0.0,0.0,0.0,0.1054,-0.9024,0.0006,4.6717,-0.5592,-7.5894,367.9597,0.0,0.0,0.0,387.200012207031,no_change,,0.0,0.0
SPXW,2026-09-30,40,Call,8060.0,SPXW260930C08060000,11.1,11.4,11.25,14.11,3.71,35.6731,1.0,48.0,0.104,0.0942,0.0006,4.5639,-0.5443,0.7313,11.2053,14.11,14.11,14.11,10.4000000953674,up,2026-08-21T11:47:51,0.0,0.0
SPXW,2026-09-30,40,Put,8060.0,SPXW260930P08060000,368.2,374.3,371.25,293.24,0.0,0.0,0.0,2.0,0.1051,-0.9057,0.0006,4.5639,-0.5443,-7.62,372.4488,0.0,0.0,0.0,391.0,down,2026-08-17T10:40:44,0.0,0.0
SPXW,2026-09-30,40,Call,8065.0,SPXW260930C08065000,10.7,11.0,10.85,10.98,0.98,9.8,4.0,37.0,0.1038,0.091,0.0006,4.4575,-0.5296,0.7067,10.7356,10.98,10.98,10.98,10.0,down,2026-08-21T09:37:44,0.0,0.0
SPXW,2026-09-30,40,Put,8065.0,SPXW260930P08065000,364.5,388.1,376.3,321.0,0.0,0.0,0.0,1.0,0.105,-0.9089,0.0006,4.4575,-0.5296,-7.6499,376.9564,0.0,0.0,0.0,395.549987792969,down,2026-08-11T09:45:37,0.0,0.0
SPXW,2026-09-30,40,Call,8070.0,SPXW260930C08070000,10.2,10.5,10.35,12.39,2.84,29.7382,2.0,205.0,0.1038,0.0878,0.0006,4.3527,-0.5152,0.6827,10.2839,13.15,13.15,12.39,9.5499997138977,down,2026-08-21T12:09:09,0.0,0.0
SPXW,2026-09-30,40,Put,8070.0,SPXW260930P08070000,369.3,392.8,381.05,0.0,0.0,0.0,0.0,0.0,0.1049,-0.912,0.0006,4.3527,-0.5152,-7.6791,381.4819,0.0,0.0,0.0,399.699996948242,no_change,,0.0,0.0
SPXW,2026-09-30,40,Call,8075.0,SPXW260930C08075000,9.8,10.1,9.95,13.45,4.3,46.9945,37.0,581.0,0.1037,0.0848,0.0006,4.2496,-0.5011,0.6592,9.8499,9.72,13.45,9.6,9.15000009536743,no_change,2026-08-21T11:54:06,0.0,0.0
SPXW,2026-09-30,40,Put,8075.0,SPXW260930P08075000,373.9,397.3,385.6,325.0,0.0,0.0,0.0,1.0,0.105,-0.915,0.0006,4.2496,-0.5011,-7.7078,386.0251,0.0,0.0,0.0,403.800003051758,down,2026-08-12T14:16:43,0.0,0.0
SPXW,2026-09-30,40,Call,8080.0,SPXW260930C08080000,9.4,9.6,9.5,10.2,1.45,16.5714,1.0,91.0,0.1035,0.0819,0.0006,4.148,-0.4872,0.6361,9.4329,10.2,10.2,10.2,8.75,down,2026-08-21T15:59:01,0.0,0.0
SPXW,2026-09-30,40,Put,8080.0,SPXW260930P08080000,378.4,401.9,390.15,337.5,0.0,0.0,0.0,1.0,0.1051,-0.918,0.0006,4.148,-0.4872,-7.736,390.5854,0.0,0.0,0.0,408.850006103516,down,2026-08-05T09:50:16,0.0,0.0
SPXW,2026-09-30,40,Call,8085.0,SPXW260930C08085000,8.9,9.2,9.05,9.65,0.0,0.0,0.0,108.0,0.1034,0.079,0.0006,4.0477,-0.4736,0.6135,9.0328,0.0,0.0,0.0,8.40000009536743,down,2026-08-20T13:58:52,0.0,0.0
SPXW,2026-09-30,40,Put,8085.0,SPXW260930P08085000,383.0,406.4,394.7,0.0,0.0,0.0,0.0,0.0,0.1048,-0.9208,0.0006,4.0477,-0.4736,-7.7637,395.1626,0.0,0.0,0.0,413.350006103516,no_change,,0.0,0.0
SPXW,2026-09-30,40,Call,8090.0,SPXW260930C08090000,8.6,8.9,8.75,10.1,2.05,25.4658,21.0,37.0,0.1033,0.0762,0.0005,3.9487,-0.4603,0.5916,8.6491,8.88,11.15,8.88,8.04999995231628,down,2026-08-21T12:59:49,0.0,0.0
SPXW,2026-09-30,40,Put,8090.0,SPXW260930P08090000,387.5,411.0,399.25,0.0,0.0,0.0,0.0,0.0,0.1048,-0.9236,0.0005,3.9487,-0.4603,-7.7909,399.7561,0.0,0.0,0.0,418.0,no_change,,0.0,0.0
SPXW,2026-09-30,40,Call,8095.0,SPXW260930C08095000,8.2,8.5,8.35,8.9,1.2,15.5844,34.0,32.0,0.1036,0.0736,0.0005,3.8508,-0.4473,0.5704,8.2811,8.9,8.9,8.9,7.70000004768372,up,2026-08-21T14:02:04,0.0,0.0
SPXW,2026-09-30,40,Put,8095.0,SPXW260930P08095000,392.1,415.6,403.85,0.0,0.0,0.0,0.0,0.0,0.1048,-0.9263,0.0005,3.8508,-0.4473,-7.8172,404.3654,0.0,0.0,0.0,422.649993896484,no_change,,0.0,0.0
SPXW,2026-09-30,40,Call,8100.0,SPXW260930C08100000,7.8,8.1,7.949999999999999,8.8,1.4,18.9189,237.0,4327.0,0.1032,0.071,0.0005,3.7543,-0.4345,0.55,7.9284,8.36,10.95,7.6,7.40000009536743,no_change,2026-08-21T15:11:42,0.0,0.0
SPXW,2026-09-30,40,Put,8100.0,SPXW260930P08100000,396.6,420.3,408.45000000000005,417.71,0.0,0.0,0.0,21.0,0.105,-0.9289,0.0005,3.7543,-0.4345,-7.8428,408.9899,0.0,0.0,0.0,427.0,no_change,2026-08-20T13:43:39,0.0,0.0
SPXW,2026-09-30,40,Call,8105.0,SPXW260930C08105000,7.5,7.8,7.65,7.88,0.78,10.9859,3.0,50.0,0.1033,0.0684,0.0005,3.6591,-0.422,0.5305,7.5903,7.88,7.88,7.88,7.09999990463257,down,2026-08-21T14:31:21,0.0,0.0
SPXW,2026-09-30,40,Put,8105.0,SPXW260930P08105000,401.3,424.9,413.1,0.0,0.0,0.0,0.0,0.0,0.1048,-0.9314,0.0005,3.6591,-0.422,-7.8675,413.6291,0.0,0.0,0.0,433.400009155273,no_change,,0.0,0.0
SPXW,2026-09-30,40,Call,8110.0,SPXW260930C08110000,7.2,7.5,7.35,9.1,2.3,33.8235,10.0,68.0,0.103,0.066,0.0005,3.5656,-0.4098,0.5117,7.2663,9.1,9.1,9.1,6.79999995231628,up,2026-08-21T11:41:07,0.0,0.0
SPXW,2026-09-30,40,Put,8110.0,SPXW260930P08110000,406.0,429.5,417.75,0.0,0.0,0.0,0.0,0.0,0.105,-0.9339,0.0005,3.5656,-0.4098,-7.8915,418.2823,0.0,0.0,0.0,438.099990844727,no_change,,0.0,0.0
SPXW,2026-09-30,40,Call,8115.0,SPXW260930C08115000,6.9,7.1,7.0,12.45,0.0,0.0,0.0,69.0,0.103,0.0636,0.0005,3.4739,-0.3979,0.4935,6.9558,0.0,0.0,0.0,6.5,down,2026-08-19T13:34:43,0.0,0.0
SPXW,2026-09-30,40,Put,8115.0,SPXW260930P08115000,410.7,434.2,422.45,0.0,0.0,0.0,0.0,0.0,0.1048,-0.9362,0.0005,3.4739,-0.3979,-7.9148,422.9491,0.0,0.0,0.0,442.349990844727,no_change,,0.0,0.0
SPXW,2026-09-30,40,Call,8120.0,SPXW260930C08120000,6.6,6.8,6.699999999999999,6.34,0.0,0.0,0.0,86.0,0.103,0.0613,0.0005,3.3842,-0.3863,0.4759,6.6584,0.0,0.0,0.0,6.20000004768372,up,2026-08-20T15:49:52,0.0,0.0
SPXW,2026-09-30,40,Put,8120.0,SPXW260930P08120000,415.4,438.9,427.15,0.0,0.0,0.0,0.0,0.0,0.1048,-0.9385,0.0005,3.3842,-0.3863,-7.9376,427.6289,0.0,0.0,0.0,447.100006103516,no_change,,0.0,0.0
SPXW,2026-09-30,40,Call,8125.0,SPXW260930C08125000,6.3,6.5,6.4,7.31,1.36,22.8571,60.0,184.0,0.1032,0.0591,0.0004,3.2963,-0.3749,0.4586,6.3737,7.35,7.35,6.2,5.95000004768372,up,2026-08-21T14:59:52,0.0,0.0
SPXW,2026-09-30,40,Put,8125.0,SPXW260930P08125000,419.8,439.8,429.8,0.0,0.0,0.0,0.0,0.0,0.1049,-0.9407,0.0004,3.2963,-0.3749,-7.9601,432.3215,0.0,0.0,0.0,451.799987792969,no_change,,0.0,0.0
SPXW,2026-09-30,40,Call,8130.0,SPXW260930C08130000,6.0,6.3,6.15,6.01,0.31,5.4386,1.0,66.0,0.1031,0.057,0.0004,3.2104,-0.3639,0.4418,6.1014,6.01,6.01,6.01,5.70000004768372,down,2026-08-21T10:43:39,0.0,0.0
SPXW,2026-09-30,40,Put,8130.0,SPXW260930P08130000,424.8,448.3,436.55,0.0,0.0,0.0,0.0,0.0,0.1049,-0.9429,0.0004,3.2104,-0.3639,-7.982,437.0265,0.0,0.0,0.0,456.949996948242,no_change,,0.0,0.0
SPXW,2026-09-30,40,Call,8135.0,SPXW260930C08135000,5.7,6.0,5.85,5.83,0.38,6.97248,1.0,21.0,0.1031,0.0549,0.0004,3.1261,-0.3531,0.4255,5.8411,5.83,5.83,5.83,5.45000004768372,up,2026-08-21T10:46:22,0.0,0.0
SPXW,2026-09-30,40,Put,8135.0,SPXW260930P08135000,429.5,453.0,441.25,0.0,0.0,0.0,0.0,0.0,0.1049,-0.9449,0.0004,3.1261,-0.3531,-8.0035,441.7435,0.0,0.0,0.0,461.649993896484,no_change,,0.0,0.0
SPXW,2026-09-30,40,Call,8140.0,SPXW260930C08140000,5.5,5.7,5.6,6.1,0.85,16.1905,41.0,25.0,0.1031,0.0529,0.0004,3.0436,-0.3426,0.4098,5.5924,6.55,6.55,5.84,5.25,up,2026-08-21T14:02:04,0.0,0.0
SPXW,2026-09-30,40,Put,8140.0,SPXW260930P08140000,434.1,457.7,445.9,0.0,0.0,0.0,0.0,0.0,0.1052,-0.9469,0.0004,3.0436,-0.3426,-8.0244,446.4721,0.0,0.0,0.0,466.399993896484,no_change,,0.0,0.0
SPXW,2026-09-30,40,Call,8145.0,SPXW260930C08145000,5.2,5.5,5.35,5.65,0.65,13.0,15.0,61.0,0.1031,0.051,0.0004,2.9627,-0.3325,0.3947,5.3549,5.65,5.65,5.65,5.0,up,2026-08-21T10:58:31,0.0,0.0
SPXW,2026-09-30,40,Put,8145.0,SPXW260930P08145000,438.8,462.5,450.65,0.0,0.0,0.0,0.0,0.0,0.1051,-0.9488,0.0004,2.9627,-0.3325,-8.0447,451.2118,0.0,0.0,0.0,471.149993896484,no_change,,0.0,0.0
SPXW,2026-09-30,40,Call,8150.0,SPXW260930C08150000,5.0,5.3,5.15,5.7,0.9,18.75,52.0,915.0,0.103,0.0492,0.0004,2.8834,-0.3226,0.3802,5.1279,5.51,6.45,5.0,4.79999995231628,down,2026-08-21T15:34:51,0.0,0.0
SPXW,2026-09-30,40,Put,8150.0,SPXW260930P08150000,443.7,467.2,455.45,0.0,0.0,0.0,0.0,0.0,0.1053,-0.9507,0.0004,2.8834,-0.3226,-8.0643,455.9621,0.0,0.0,0.0,475.300003051758,no_change,,0.0,0.0
SPXW,2026-09-30,40,Call,8155.0,SPXW260930C08155000,4.8,5.1,4.949999999999999,5.12,0.52,11.3043,1.0,21.0,0.1031,0.0474,0.0004,2.8059,-0.3129,0.3665,4.9112,5.12,5.12,5.12,4.59999990463257,down,2026-08-21T09:37:56,0.0,0.0
SPXW,2026-09-30,40,Put,8155.0,SPXW260930P08155000,448.3,472.0,460.15,0.0,0.0,0.0,0.0,0.0,0.1052,-0.9525,0.0004,2.8059,-0.3129,-8.0833,460.7226,0.0,0.0,0.0,480.299987792969,no_change,,0.0,0.0
SPXW,2026-09-30,40,Call,8160.0,SPXW260930C08160000,4.6,4.9,4.75,5.65,1.25,28.4091,2.0,94.0,0.1029,0.0457,0.0004,2.7302,-0.3036,0.3532,4.7041,4.74,5.65,4.74,4.40000009536743,up,2026-08-21T13:01:23,0.0,0.0
SPXW,2026-09-30,40,Put,8160.0,SPXW260930P08160000,452.9,472.6,462.75,412.15,0.0,0.0,0.0,2.0,0.1054,-0.9542,0.0004,2.7302,-0.3036,-8.1017,465.4928,0.0,0.0,0.0,485.5,down,2026-08-11T12:54:46,0.0,0.0
SPXW,2026-09-30,40,Call,8165.0,SPXW260930C08165000,4.4,4.7,4.550000000000001,5.4,1.15,27.0588,1.0,11.0,0.1029,0.044,0.0004,2.6563,-0.2945,0.3405,4.5063,5.4,5.4,5.4,4.25,down,2026-08-21T12:59:49,0.0,0.0
SPXW,2026-09-30,40,Put,8165.0,SPXW260930P08165000,457.7,478.3,468.0,0.0,0.0,0.0,0.0,0.0,0.1056,-0.9559,0.0004,2.6563,-0.2945,-8.1196,470.2722,0.0,0.0,0.0,490.25,no_change,,0.0,0.0
SPXW,2026-09-30,40,Call,8170.0,SPXW260930C08170000,4.2,4.5,4.35,5.3,1.2,29.2683,20.0,2037.0,0.1031,0.0424,0.0003,2.5843,-0.2857,0.3282,4.3175,4.52,5.3,4.52,4.09999990463257,up,2026-08-21T12:21:09,0.0,0.0
SPXW,2026-09-30,40,Put,8170.0,SPXW260930P08170000,462.6,486.3,474.45000000000005,0.0,0.0,0.0,0.0,0.0,0.1057,-0.9575,0.0003,2.5843,-0.2857,-8.1371,475.0607,0.0,0.0,0.0,495.050003051758,no_change,,0.0,0.0
SPXW,2026-09-30,40,Call,8175.0,SPXW260930C08175000,4.0,4.3,4.15,4.3,0.4,10.2564,29.0,2096.0,0.1033,0.0408,0.0003,2.5143,-0.2772,0.3162,4.1374,4.35,5.0,4.1,3.89999997615814,down,2026-08-21T15:59:49,0.0,0.0
SPXW,2026-09-30,40,Put,8175.0,SPXW260930P08175000,467.5,491.1,479.3,0.0,0.0,0.0,0.0,0.0,0.1058,-0.959,0.0003,2.5143,-0.2772,-8.1542,479.8578,0.0,0.0,0.0,499.849990844727,no_change,,0.0,0.0
SPXW,2026-09-30,40,Call,8180.0,SPXW260930C08180000,3.9,4.1,4.0,4.41,0.66,17.6,49.0,19.0,0.1035,0.0394,0.0003,2.4461,-0.2689,0.3046,3.9655,4.4,4.41,4.4,3.75,up,2026-08-21T15:35:44,0.0,0.0
SPXW,2026-09-30,40,Put,8180.0,SPXW260930P08180000,472.1,493.1,482.6,0.0,0.0,0.0,0.0,0.0,0.106,-0.9605,0.0003,2.4461,-0.2689,-8.171,484.6632,0.0,0.0,0.0,504.299987792969,no_change,,0.0,0.0
SPXW,2026-09-30,40,Call,8185.0,SPXW260930C08185000,3.7,3.9,3.8,4.55,0.95,26.3889,1.0,33.0,0.1031,0.038,0.0003,2.3797,-0.2609,0.2934,3.8018,4.55,4.55,4.55,3.60000002384186,down,2026-08-21T12:30:20,0.0,0.0
SPXW,2026-09-30,40,Put,8185.0,SPXW260930P08185000,477.0,500.7,488.85,0.0,0.0,0.0,0.0,0.0,0.106,-0.9619,0.0003,2.3797,-0.2609,-8.1874,489.4767,0.0,0.0,0.0,509.499984741211,no_change,,0.0,0.0
SPXW,2026-09-30,40,Call,8190.0,SPXW260930C08190000,3.5,3.8,3.65,4.27,0.82,23.7681,2.0,68.0,0.1035,0.0366,0.0003,2.3152,-0.2531,0.2826,3.6457,4.27,4.27,4.27,3.44999992847443,no_change,2026-08-21T11:03:39,0.0,0.0
SPXW,2026-09-30,40,Put,8190.0,SPXW260930P08190000,481.7,501.0,491.35,0.0,0.0,0.0,0.0,0.0,0.1061,-0.9633,0.0003,2.3152,-0.2531,-8.2034,494.2979,0.0,0.0,0.0,514.300018310547,no_change,,0.0,0.0
SPXW,2026-09-30,40,Call,8195.0,SPXW260930C08195000,3.4,3.6,3.5,3.9,0.6,18.1818,5.0,117.0,0.1033,0.0353,0.0003,2.2523,-0.2456,0.2723,3.497,4.6,4.65,3.9,3.30000007152557,down,2026-08-21T15:35:44,0.0,0.0
SPXW,2026-09-30,40,Put,8195.0,SPXW260930P08195000,486.5,505.8,496.15,0.0,0.0,0.0,0.0,0.0,0.1061,-0.9646,0.0003,2.2523,-0.2456,-8.2189,499.1265,0.0,0.0,0.0,519.150009155273,no_change,,0.0,0.0
SPXW,2026-09-30,40,Call,8200.0,SPXW260930C08200000,3.2,3.5,3.35,3.4,0.2,6.25,24.0,14826.0,0.1036,0.034,0.0003,2.1912,-0.2384,0.2624,3.3554,3.61,4.7,3.4,3.19999992847443,down,2026-08-21T16:14:48,0.0,0.0
SPXW,2026-09-30,40,Put,8200.0,SPXW260930P08200000,491.4,515.2,503.3,447.25,0.0,0.0,0.0,56.0,0.1066,-0.9658,0.0003,2.1912,-0.2384,-8.2339,503.9621,0.0,0.0,0.0,523.649993896484,down,2026-08-11T12:54:46,0.0,0.0
SPXW,2026-09-30,40,Call,8205.0,SPXW260930C08205000,3.1,3.3,3.2,3.6,0.575,19.0083,16.0,479.0,0.1036,0.0328,0.0003,2.1317,-0.2314,0.253,3.2204,3.4,3.6,3.4,3.02499997615814,up,2026-08-21T11:00:10,0.0,0.0
SPXW,2026-09-30,40,Put,8205.0,SPXW260930P08205000,496.3,520.0,508.15,0.0,0.0,0.0,0.0,0.0,0.1065,-0.967,0.0003,2.1317,-0.2314,-8.2485,508.8044,0.0,0.0,0.0,528.400024414062,no_change,,0.0,0.0
SPXW,2026-09-30,40,Call,8210.0,SPXW260930C08210000,3.0,3.2,3.1,3.09,0.165,5.64103,1.0,52.0,0.1037,0.0316,0.0003,2.0738,-0.2246,0.2441,3.0918,3.09,3.09,3.09,2.92499995231628,down,2026-08-21T09:59:29,0.0,0.0
SPXW,2026-09-30,40,Put,8210.0,SPXW260930P08210000,501.2,524.8,513.0,0.0,0.0,0.0,0.0,0.0,0.107,-0.9682,0.0003,2.0738,-0.2246,-8.2626,513.6531,0.0,0.0,0.0,533.299987792969,no_change,,0.0,0.0
SPXW,2026-09-30,40,Call,8215.0,SPXW260930C08215000,2.85,3.1,2.975,5.45,0.0,0.0,0.0,43.0,0.1039,0.0305,0.0003,2.0177,-0.218,0.2356,2.9692,0.0,0.0,0.0,2.82500004768372,down,2026-08-19T14:30:10,0.0,0.0
SPXW,2026-09-30,40,Put,8215.0,SPXW260930P08215000,505.9,525.3,515.5999999999999,0.0,0.0,0.0,0.0,0.0,0.1069,-0.9693,0.0003,2.0177,-0.218,-8.2764,518.5077,0.0,0.0,0.0,538.149993896484,no_change,,0.0,0.0
SPXW,2026-09-30,40,Call,8220.0,SPXW260930C08220000,2.75,2.95,2.85,3.39,0.665,24.4037,1.0,123.0,0.1037,0.0294,0.0002,1.9631,-0.2117,0.2273,2.8524,3.39,3.39,3.39,2.72500002384186,up,2026-08-21T13:11:55,0.0,0.0
SPXW,2026-09-30,40,Put,8220.0,SPXW260930P08220000,510.7,531.4,521.05,0.0,0.0,0.0,0.0,0.0,0.1073,-0.9704,0.0002,1.9631,-0.2117,-8.2898,523.3681,0.0,0.0,0.0,543.399993896484,no_change,,0.0,0.0
SPXW,2026-09-30,40,Call,8225.0,SPXW260930C08225000,2.65,2.8,2.7249999999999996,2.77,0.17,6.53846,6.0,614.0,0.104,0.0284,0.0002,1.9102,-0.2056,0.2194,2.741,2.67,2.77,2.67,2.60000002384186,up,2026-08-21T10:04:39,0.0,0.0
SPXW,2026-09-30,40,Put,8225.0,SPXW260930P08225000,515.8,539.4,527.5999999999999,0.0,0.0,0.0,0.0,0.0,0.1071,-0.9714,0.0002,1.9102,-0.2056,-8.3029,528.2341,0.0,0.0,0.0,548.300018310547,no_change,,0.0,0.0
SPXW,2026-09-30,40,Call,8230.0,SPXW260930C08230000,2.55,2.7,2.625,2.7,0.0,0.0,0.0,65.0,0.104,0.0274,0.0002,1.859,-0.1997,0.2117,2.635,0.0,0.0,0.0,2.5,down,2026-08-20T15:23:48,0.0,0.0
SPXW,2026-09-30,40,Put,8230.0,SPXW260930P08230000,520.6,544.3,532.45,429.32,0.0,0.0,0.0,40.0,0.1075,-0.9724,0.0002,1.859,-0.1997,-8.3157,533.1053,0.0,0.0,0.0,552.700012207031,down,2026-08-13T09:41:06,0.0,0.0
SPXW,2026-09-30,40,Call,8235.0,SPXW260930C08235000,2.45,2.6,2.5250000000000004,8.57,0.0,0.0,0.0,4.0,0.1042,0.0265,0.0002,1.8093,-0.194,0.2043,2.534,0.0,0.0,0.0,2.42499995231628,down,2026-08-17T15:00:49,0.0,0.0
SPXW,2026-09-30,40,Put,8235.0,SPXW260930P08235000,525.4,549.2,537.3,433.82,0.0,0.0,0.0,40.0,0.1079,-0.9734,0.0002,1.8093,-0.194,-8.3283,537.9816,0.0,0.0,0.0,557.75,down,2026-08-13T09:41:06,0.0,0.0
SPXW,2026-09-30,40,Call,8240.0,SPXW260930C08240000,2.35,2.5,2.425,5.92,0.0,0.0,0.0,35.0,0.1043,0.0256,0.0002,1.7612,-0.1886,0.1972,2.4379,0.0,0.0,0.0,2.32500004768372,up,2026-08-19T10:51:22,0.0,0.0
SPXW,2026-09-30,40,Put,8240.0,SPXW260930P08240000,530.3,554.0,542.15,0.0,0.0,0.0,0.0,0.0,0.1082,-0.9743,0.0002,1.7612,-0.1886,-8.3406,542.8627,0.0,0.0,0.0,562.649993896484,no_change,,0.0,0.0
SPXW,2026-09-30,40,Call,8245.0,SPXW260930C08245000,2.25,2.4,2.325,4.5,0.0,0.0,0.0,13.0,0.1044,0.0247,0.0002,1.7146,-0.1833,0.1903,2.3464,0.0,0.0,0.0,2.22500002384186,down,2026-08-18T11:10:11,0.0,0.0
SPXW,2026-09-30,40,Put,8245.0,SPXW260930P08245000,535.2,558.9,547.05,0.0,0.0,0.0,0.0,0.0,0.1086,-0.9752,0.0002,1.7146,-0.1833,-8.3526,547.7485,0.0,0.0,0.0,567.650024414062,no_change,,0.0,0.0
SPXW,2026-09-30,40,Call,8250.0,SPXW260930C08250000,2.15,2.3,2.2249999999999996,2.6,0.475,22.3529,96.0,2891.0,0.1046,0.0239,0.0002,1.6694,-0.1782,0.1838,2.2594,2.35,2.6,2.35,2.125,up,2026-08-21T15:45:15,0.0,0.0
SPXW,2026-09-30,40,Put,8250.0,SPXW260930P08250000,540.2,563.8,552.0,0.0,0.0,0.0,0.0,0.0,0.1083,-0.976,0.0002,1.6694,-0.1782,-8.3644,552.6387,0.0,0.0,0.0,572.25,no_change,,0.0,0.0
SPXW,2026-09-30,40,Call,8255.0,SPXW260930C08255000,2.05,2.25,2.15,5.28,0.0,0.0,0.0,25.0,0.1047,0.0231,0.0002,1.6258,-0.1733,0.1775,2.1765,0.0,0.0,0.0,2.07500004768372,down,2026-08-19T11:21:27,0.0,0.0
SPXW,2026-09-30,40,Put,8255.0,SPXW260930P08255000,545.1,568.7,556.9000000000001,0.0,0.0,0.0,0.0,0.0,0.1086,-0.9768,0.0002,1.6258,-0.1733,-8.3758,557.5331,0.0,0.0,0.0,577.450012207031,no_change,,0.0,0.0
SPXW,2026-09-30,40,Call,8260.0,SPXW260930C08260000,2.0,2.15,2.075,4.09,0.0,0.0,0.0,57.0,0.1047,0.0223,0.0002,1.5834,-0.1686,0.1716,2.0976,0.0,0.0,0.0,2.02499997615814,down,2026-08-18T12:39:51,0.0,0.0
SPXW,2026-09-30,40,Put,8260.0,SPXW260930P08260000,549.9,573.6,561.75,0.0,0.0,0.0,0.0,0.0,0.1088,-0.9776,0.0002,1.5834,-0.1686,-8.3869,562.4314,0.0,0.0,0.0,582.049987792969,no_change,,0.0,0.0
SPXW,2026-09-30,40,Call,8270.0,SPXW260930C08270000,1.85,2.0,1.925,2.15,0.0,0.0,0.0,2251.0,0.1052,0.0209,0.0002,1.5028,-0.1597,0.1605,1.9508,0.0,0.0,0.0,1.875,down,2026-08-20T13:55:32,0.0,0.0
SPXW,2026-09-30,40,Put,8270.0,SPXW260930P08270000,559.7,583.4,571.55,0.0,0.0,0.0,0.0,0.0,0.11,-0.979,0.0002,1.5028,-0.1597,-8.4084,572.2392,0.0,0.0,0.0,591.850006103516,no_change,,0.0,0.0
SPXW,2026-09-30,40,Call,8275.0,SPXW260930C08275000,1.8,1.95,1.875,2.5,0.725,40.8451,23.0,4317.0,0.1053,0.0202,0.0002,1.4645,-0.1554,0.1553,1.8825,1.9,2.5,1.88,1.77500003576279,up,2026-08-21T11:45:12,0.0,0.0
SPXW,2026-09-30,40,Put,8275.0,SPXW260930P08275000,564.7,588.3,576.5,0.0,0.0,0.0,0.0,0.0,0.1103,-0.9797,0.0002,1.4645,-0.1554,-8.4187,577.1482,0.0,0.0,0.0,596.549987792969,no_change,,0.0,0.0
SPXW,2026-09-30,40,Call,8280.0,SPXW260930C08280000,1.7,1.85,1.775,2.02,0.0,0.0,0.0,2153.0,0.1056,0.0196,0.0002,1.4273,-0.1514,0.1504,1.8174,0.0,0.0,0.0,1.72499996423721,down,2026-08-20T13:34:31,0.0,0.0
SPXW,2026-09-30,40,Put,8280.0,SPXW260930P08280000,569.4,588.4,578.9,0.0,0.0,0.0,0.0,0.0,0.1105,-0.9803,0.0002,1.4273,-0.1514,-8.4288,582.0604,0.0,0.0,0.0,602.050018310547,no_change,,0.0,0.0
SPXW,2026-09-30,40,Call,8290.0,SPXW260930C08290000,1.6,1.75,1.675,4.15,0.0,0.0,0.0,37.0,0.1058,0.0183,0.0002,1.3566,-0.1437,0.1411,1.6963,0.0,0.0,0.0,1.625,up,2026-08-19T10:39:37,0.0,0.0
SPXW,2026-09-30,40,Put,8290.0,SPXW260930P08290000,579.4,603.1,591.25,0.0,0.0,0.0,0.0,0.0,0.1109,-0.9815,0.0002,1.3566,-0.1437,-8.4485,591.8937,0.0,0.0,0.0,611.299987792969,no_change,,0.0,0.0
SPXW,2026-09-30,40,Call,8300.0,SPXW260930C08300000,1.5,1.65,1.575,1.57,0.045,2.95082,16.0,8548.0,0.1063,0.0172,0.0002,1.2905,-0.1366,0.1324,1.5861,1.6,1.6,1.57,1.52500003576279,down,2026-08-21T10:22:32,0.0,0.0
SPXW,2026-09-30,40,Put,8300.0,SPXW260930P08300000,589.1,612.9,601.0,823.41,0.0,0.0,0.0,5.0,0.112,-0.9826,0.0002,1.2905,-0.1366,-8.4675,601.7381,0.0,0.0,0.0,621.700012207031,up,2026-07-23T10:05:53,0.0,0.0
SPXW,2026-09-30,40,Call,8310.0,SPXW260930C08310000,1.4,1.55,1.475,1.7,0.275,19.2982,2.0,32.0,0.1068,0.0162,0.0001,1.2287,-0.13,0.1243,1.486,1.7,1.7,1.7,1.42500001192093,no_change,2026-08-21T15:45:14,0.0,0.0
SPXW,2026-09-30,40,Put,8310.0,SPXW260930P08310000,599.0,622.8,610.9,0.0,0.0,0.0,0.0,0.0,0.1123,-0.9837,0.0001,1.2287,-0.13,-8.4859,611.5925,0.0,0.0,0.0,631.350006103516,no_change,,0.0,0.0
SPXW,2026-09-30,40,Call,8320.0,SPXW260930C08320000,1.3,1.45,1.375,1.53,0.0,0.0,0.0,48.0,0.1072,0.0152,0.0001,1.1709,-0.1239,0.117,1.3949,0.0,0.0,0.0,1.32499998807907,down,2026-08-20T13:42:01,0.0,0.0
SPXW,2026-09-30,40,Put,8320.0,SPXW260930P08320000,608.8,632.6,620.7,0.0,0.0,0.0,0.0,0.0,0.1134,-0.9846,0.0001,1.1709,-0.1239,-8.5037,621.4559,0.0,0.0,0.0,641.550018310547,no_change,,0.0,0.0
SPXW,2026-09-30,40,Call,8325.0,SPXW260930C08325000,1.25,1.4,1.325,1.35,0.05,3.84615,2.0,15033.0,0.1076,0.0148,0.0001,1.1435,-0.121,0.1135,1.3525,1.35,1.35,1.35,1.30000001192093,no_change,2026-08-21T09:47:45,0.0,0.0
SPXW,2026-09-30,40,Put,8325.0,SPXW260930P08325000,613.8,637.6,625.7,0.0,0.0,0.0,0.0,0.0,0.1134,-0.985,0.0001,1.1435,-0.121,-8.5123,626.3908,0.0,0.0,0.0,645.899993896484,no_change,,0.0,0.0
SPXW,2026-09-30,40,Call,8330.0,SPXW260930C08330000,1.2,1.35,1.275,6.06,0.0,0.0,0.0,14.0,0.1078,0.0144,0.0001,1.1169,-0.1182,0.1102,1.312,0.0,0.0,0.0,1.27500003576279,down,2026-08-17T09:50:58,0.0,0.0
SPXW,2026-09-30,40,Put,8330.0,SPXW260930P08330000,618.7,642.5,630.6,0.0,0.0,0.0,0.0,0.0,0.1144,-0.9855,0.0001,1.1169,-0.1182,-8.5208,631.3275,0.0,0.0,0.0,650.649993896484,no_change,,0.0,0.0
SPXW,2026-09-30,40,Call,8340.0,SPXW260930C08340000,1.15,1.3,1.225,2.46,0.0,0.0,0.0,7.0,0.1083,0.0136,0.0001,1.0664,-0.1129,0.1041,1.2362,0.0,0.0,0.0,1.17500001192093,up,2026-08-19T10:00:53,0.0,0.0
SPXW,2026-09-30,40,Put,8340.0,SPXW260930P08340000,628.5,649.1,638.8,0.0,0.0,0.0,0.0,0.0,0.1154,-0.9863,0.0001,1.0664,-0.1129,-8.5373,641.2063,0.0,0.0,0.0,660.550018310547,no_change,,0.0,0.0
SPXW,2026-09-30,40,Call,8350.0,SPXW260930C08350000,1.1,1.25,1.175,1.15,0.025,2.22222,1.0,1084.0,0.1088,0.0128,0.0001,1.0192,-0.108,0.0984,1.1669,1.15,1.15,1.15,1.125,down,2026-08-21T09:47:45,0.0,0.0
SPXW,2026-09-30,40,Put,8350.0,SPXW260930P08350000,638.6,662.3,650.45,0.0,0.0,0.0,0.0,0.0,0.1154,-0.987,0.0001,1.0192,-0.108,-8.5533,651.0915,0.0,0.0,0.0,671.100006103516,no_change,,0.0,0.0
SPXW,2026-09-30,40,Call,8360.0,SPXW260930C08360000,1.0,1.15,1.075,1.3,0.225,20.9302,4.0,63.0,0.1092,0.0122,0.0001,0.9749,-0.1035,0.0933,1.1034,1.31,1.31,1.3,1.07499998807907,down,2026-08-21T14:46:29,0.0,0.0
SPXW,2026-09-30,40,Put,8360.0,SPXW260930P08360000,648.3,668.6,658.45,0.0,0.0,0.0,0.0,0.0,0.1164,-0.9877,0.0001,0.9749,-0.1035,-8.5688,660.9825,0.0,0.0,0.0,680.350006103516,no_change,,0.0,0.0
SPXW,2026-09-30,40,Call,8370.0,SPXW260930C08370000,0.95,1.1,1.025,2.0,0.0,0.0,0.0,26.0,0.1099,0.0115,0.0001,0.9334,-0.0992,0.0884,1.0451,0.0,0.0,0.0,1.02500000596046,down,2026-08-19T10:00:53,0.0,0.0
SPXW,2026-09-30,40,Put,8370.0,SPXW260930P08370000,658.2,679.2,668.7,0.0,0.0,0.0,0.0,0.0,0.1173,-0.9883,0.0001,0.9334,-0.0992,-8.584,670.8788,0.0,0.0,0.0,690.599975585938,no_change,,0.0,0.0
SPXW,2026-09-30,40,Call,8375.0,SPXW260930C08375000,0.9,1.1,1.0,2.33,0.0,0.0,0.0,42.0,0.1102,0.0112,0.0001,0.9136,-0.0972,0.0861,1.0178,0.0,0.0,0.0,0.999999970197678,up,2026-08-19T10:49:00,0.0,0.0
SPXW,2026-09-30,40,Put,8375.0,SPXW260930P08375000,663.1,687.0,675.05,0.0,0.0,0.0,0.0,0.0,0.1182,-0.9886,0.0001,0.9136,-0.0972,-8.5915,675.8287,0.0,0.0,0.0,695.5,no_change,,0.0,0.0
SPXW,2026-09-30,40,Call,8380.0,SPXW260930C08380000,0.9,1.05,0.9750000000000001,2.25,0.0,0.0,0.0,21.0,0.1106,0.011,0.0001,0.8944,-0.0953,0.0839,0.9916,0.0,0.0,0.0,0.974999964237213,down,2026-08-19T10:38:50,0.0,0.0
SPXW,2026-09-30,40,Put,8380.0,SPXW260930P08380000,668.2,692.0,680.1,0.0,0.0,0.0,0.0,0.0,0.1182,-0.9889,0.0001,0.8944,-0.0953,-8.5989,680.7797,0.0,0.0,0.0,700.100006103516,no_change,,0.0,0.0
SPXW,2026-09-30,40,Call,8390.0,SPXW260930C08390000,0.85,1.0,0.925,1.2,0.275,29.7297,30.0,3.0,0.1112,0.0104,0.0001,0.8579,-0.0916,0.0797,0.9423,1.0,1.2,1.0,0.925000011920929,up,2026-08-21T11:49:00,0.0,0.0
SPXW,2026-09-30,40,Put,8390.0,SPXW260930P08390000,678.0,698.7,688.35,0.0,0.0,0.0,0.0,0.0,0.119,-0.9894,0.0001,0.8579,-0.0916,-8.6134,690.685,0.0,0.0,0.0,710.149993896484,no_change,,0.0,0.0
SPXW,2026-09-30,40,Call,8400.0,SPXW260930C08400000,0.8,0.95,0.875,0.8,-0.075,-8.57143,15.0,3510.0,0.1121,0.0099,0.0001,0.8235,-0.0882,0.0758,0.897,0.8,0.8,0.8,0.875,down,2026-08-21T09:58:36,0.0,0.0
SPXW,2026-09-30,40,Put,8400.0,SPXW260930P08400000,687.9,707.6,697.75,894.0,0.0,0.0,0.0,4.0,0.1209,-0.9899,0.0001,0.8235,-0.0882,-8.6277,700.5942,0.0,0.0,0.0,720.449981689453,up,2026-06-29T14:33:01,0.0,0.0
SPXW,2026-09-30,40,Call,8410.0,SPXW260930C08410000,0.75,0.9,0.825,1.47,0.0,0.0,0.0,32.0,0.1127,0.0095,0.0001,0.7912,-0.085,0.0722,0.8551,0.0,0.0,0.0,0.849999994039536,down,2026-08-19T13:42:03,0.0,0.0
SPXW,2026-09-30,40,Put,8410.0,SPXW260930P08410000,697.9,721.7,709.8,0.0,0.0,0.0,0.0,0.0,0.1217,-0.9904,0.0001,0.7912,-0.085,-8.6417,710.5068,0.0,0.0,0.0,730.5,no_change,,0.0,0.0
SPXW,2026-09-30,40,Call,8420.0,SPXW260930C08420000,0.7,0.9,0.8,5.45,0.0,0.0,0.0,42.0,0.1132,0.009,0.0001,0.7609,-0.082,0.0688,0.8164,0.0,0.0,0.0,0.800000011920929,down,2026-07-07T11:41:33,0.0,0.0
SPXW,2026-09-30,40,Put,8420.0,SPXW260930P08420000,707.8,731.6,719.7,0.0,0.0,0.0,0.0,0.0,0.1225,-0.9908,0.0001,0.7609,-0.082,-8.6554,720.4226,0.0,0.0,0.0,740.399993896484,no_change,,0.0,0.0
SPXW,2026-09-30,40,Call,8425.0,SPXW260930C08425000,0.7,0.85,0.7749999999999999,1.37,0.0,0.0,0.0,135.0,0.1138,0.0088,0.0001,0.7464,-0.0805,0.0672,0.7981,0.0,0.0,0.0,0.775000005960464,down,2026-08-19T13:42:03,0.0,0.0
SPXW,2026-09-30,40,Put,8425.0,SPXW260930P08425000,712.7,731.7,722.2,0.0,0.0,0.0,0.0,0.0,0.1235,-0.991,0.0001,0.7464,-0.0805,-8.6622,725.3816,0.0,0.0,0.0,744.199981689453,no_change,,0.0,0.0
SPXW,2026-09-30,40,Call,8430.0,SPXW260930C08430000,0.7,0.85,0.7749999999999999,0.95,0.175,22.5806,3.0,6005.0,0.1136,0.0086,0.0001,0.7323,-0.0792,0.0657,0.7805,0.83,0.95,0.83,0.775000005960464,up,2026-08-21T14:22:37,0.0,0.0
SPXW,2026-09-30,40,Put,8430.0,SPXW260930P08430000,717.8,741.5,729.65,0.0,0.0,0.0,0.0,0.0,0.1233,-0.9912,0.0001,0.7323,-0.0792,-8.6688,730.3412,0.0,0.0,0.0,750.299987792969,no_change,,0.0,0.0
SPXW,2026-09-30,40,Call,8440.0,SPXW260930C08440000,0.65,0.8,0.7250000000000001,2.56,0.0,0.0,0.0,834.0,0.1149,0.0082,0.0001,0.7053,-0.0765,0.0628,0.7471,0.0,0.0,0.0,0.724999994039536,down,2026-08-17T11:43:33,0.0,0.0
SPXW,2026-09-30,40,Put,8440.0,SPXW260930P08440000,727.6,748.3,737.95,0.0,0.0,0.0,0.0,0.0,0.124,-0.9916,0.0001,0.7053,-0.0765,-8.6821,740.2623,0.0,0.0,0.0,760.200012207031,no_change,,0.0,0.0
SPXW,2026-09-30,40,Call,8450.0,SPXW260930C08450000,0.65,0.8,0.7250000000000001,0.82,0.0,0.0,0.0,1264.0,0.1152,0.0079,0.0001,0.6799,-0.074,0.0602,0.716,0.0,0.0,0.0,0.699999988079071,down,2026-08-20T13:12:06,0.0,0.0
SPXW,2026-09-30,40,Put,8450.0,SPXW260930P08450000,737.7,761.4,749.55,985.92,0.0,0.0,0.0,1.0,0.126,-0.992,0.0001,0.6799,-0.074,-8.6951,750.1858,0.0,0.0,0.0,769.600006103516,up,2026-07-23T10:46:58,0.0,0.0
SPXW,2026-09-30,40,Call,8460.0,SPXW260930C08460000,0.6,0.75,0.675,0.75,0.075,11.1111,2.0,6001.0,0.116,0.0076,0.0001,0.6558,-0.0717,0.0577,0.687,0.68,0.75,0.68,0.675000011920929,up,2026-08-21T11:13:45,0.0,0.0
SPXW,2026-09-30,40,Put,8460.0,SPXW260930P08460000,747.5,771.3,759.4,0.0,0.0,0.0,0.0,0.0,0.1267,-0.9923,0.0001,0.6558,-0.0717,-8.7079,760.1113,0.0,0.0,0.0,779.400024414062,no_change,,0.0,0.0
SPXW,2026-09-30,40,Call,8470.0,SPXW260930C08470000,0.55,0.75,0.65,0.8,0.15,23.0769,45.0,0.0,0.1168,0.0073,0.0001,0.633,-0.0694,0.0553,0.66,0.8,0.8,0.8,0.650000005960464,up,2026-08-21T14:57:14,0.0,0.0
SPXW,2026-09-30,40,Put,8470.0,SPXW260930P08470000,757.3,777.6,767.45,0.0,0.0,0.0,0.0,0.0,0.1274,-0.9926,0.0001,0.633,-0.0694,-8.7206,770.0388,0.0,0.0,0.0,788.850006103516,no_change,,0.0,0.0
SPXW,2026-09-30,40,Call,8475.0,SPXW260930C08475000,0.55,0.7,0.625,1.07,0.0,0.0,0.0,1740.0,0.1169,0.0071,0.0001,0.622,-0.0684,0.0542,0.6471,0.0,0.0,0.0,0.625,no_change,2026-08-18T10:48:55,0.0,0.0
SPXW,2026-09-30,40,Put,8475.0,SPXW260930P08475000,762.5,786.2,774.35,1030.84,0.0,0.0,0.0,2.0,0.1283,-0.9928,0.0001,0.622,-0.0684,-8.727,775.0032,0.0,0.0,0.0,794.800018310547,no_change,2026-06-23T09:30:03,0.0,0.0
SPXW,2026-09-30,40,Call,8480.0,SPXW260930C08480000,0.55,0.7,0.625,0.7,0.075,12.0,3.0,37.0,0.1176,0.007,0.0001,0.6113,-0.0673,0.0531,0.6346,0.85,0.85,0.7,0.625,down,2026-08-21T15:45:14,0.0,0.0
SPXW,2026-09-30,40,Put,8480.0,SPXW260930P08480000,767.3,791.2,779.25,0.0,0.0,0.0,0.0,0.0,0.1293,-0.9929,0.0001,0.6113,-0.0673,-8.7332,779.968,0.0,0.0,0.0,799.899993896484,no_change,,0.0,0.0
SPXW,2026-09-30,40,Call,8490.0,SPXW260930C08490000,0.5,0.7,0.6,1.95,0.0,0.0,0.0,61.0,0.1183,0.0067,0.0001,0.5908,-0.0654,0.051,0.6109,0.0,0.0,0.0,0.599999994039536,down,2026-08-17T11:43:33,0.0,0.0
SPXW,2026-09-30,40,Put,8490.0,SPXW260930P08490000,777.2,797.9,787.55,0.0,0.0,0.0,0.0,0.0,0.13,-0.9932,0.0001,0.5908,-0.0654,-8.7457,789.8988,0.0,0.0,0.0,809.699981689453,no_change,,0.0,0.0
SPXW,2026-09-30,40,Call,8500.0,SPXW260930C08500000,0.5,0.65,0.575,0.7,0.125,21.7391,8.0,11283.0,0.119,0.0064,0.0001,0.5714,-0.0635,0.049,0.5887,0.73,0.73,0.69,0.574999988079071,up,2026-08-21T14:46:29,0.0,0.0
SPXW,2026-09-30,40,Put,8500.0,SPXW260930P08500000,787.2,811.0,799.1,890.33,0.0,0.0,0.0,3.0,0.1306,-0.9934,0.0001,0.5714,-0.0635,-8.7581,799.831,0.0,0.0,0.0,819.149993896484,down,2026-07-16T13:30:44,0.0,0.0
SPXW,2026-09-30,40,Call,8510.0,SPXW260930C08510000,0.5,0.65,0.575,1.2,0.0,0.0,0.0,85.0,0.1196,0.0062,0.0001,0.5528,-0.0617,0.0471,0.5677,0.0,0.0,0.0,0.574999988079071,down,2026-08-19T10:44:14,0.0,0.0
SPXW,2026-09-30,40,Put,8510.0,SPXW260930P08510000,797.1,815.9,806.5,0.0,0.0,0.0,0.0,0.0,0.1325,-0.9937,0.0001,0.5528,-0.0617,-8.7703,809.7647,0.0,0.0,0.0,829.649993896484,no_change,,0.0,0.0
SPXW,2026-09-30,40,Call,8520.0,SPXW260930C08520000,0.45,0.6,0.525,2.25,0.0,0.0,0.0,4.0,0.1202,0.006,0.0,0.5352,-0.06,0.0453,0.5481,0.0,0.0,0.0,0.550000011920929,down,2026-08-12T15:40:13,0.0,0.0
SPXW,2026-09-30,40,Put,8520.0,SPXW260930P08520000,807.1,830.9,819.0,0.0,0.0,0.0,0.0,0.0,0.1332,-0.9939,0.0,0.5352,-0.06,-8.7824,819.6995,0.0,0.0,0.0,838.799987792969,no_change,,0.0,0.0
SPXW,2026-09-30,40,Call,8525.0,SPXW260930C08525000,0.45,0.6,0.525,0.82,0.0,0.0,0.0,8.0,0.1208,0.0059,0.0,0.5268,-0.0592,0.0445,0.5387,0.0,0.0,0.0,0.525000005960464,no_change,2026-08-18T10:48:55,0.0,0.0
SPXW,2026-09-30,40,Put,8525.0,SPXW260930P08525000,813.6,835.9,824.75,0.0,0.0,0.0,0.0,0.0,0.1341,-0.994,0.0,0.5268,-0.0592,-8.7884,824.6674,0.0,0.0,0.0,844.550018310547,no_change,,0.0,0.0
SPXW,2026-09-30,40,Call,8530.0,SPXW260930C08530000,0.45,0.6,0.525,2.7,0.0,0.0,0.0,4.0,0.1214,0.0058,0.0,0.5185,-0.0584,0.0437,0.5296,0.0,0.0,0.0,0.525000005960464,up,2026-08-13T11:29:23,0.0,0.0
SPXW,2026-09-30,40,Put,8530.0,SPXW260930P08530000,817.0,840.9,828.95,0.0,0.0,0.0,0.0,0.0,0.1337,-0.9941,0.0,0.5185,-0.0584,-8.7944,829.6355,0.0,0.0,0.0,849.600006103516,no_change,,0.0,0.0
SPXW,2026-09-30,40,Call,8540.0,SPXW260930C08540000,0.4,0.6,0.5,1.1,0.0,0.0,0.0,42.0,0.122,0.0056,0.0,0.5026,-0.0569,0.0421,0.5121,0.0,0.0,0.0,0.525000005960464,up,2026-08-19T10:42:18,0.0,0.0
SPXW,2026-09-30,40,Put,8540.0,SPXW260930P08540000,828.1,850.8,839.45,0.0,0.0,0.0,0.0,0.0,0.1357,-0.9943,0.0,0.5026,-0.0569,-8.8064,839.5726,0.0,0.0,0.0,859.050018310547,no_change,,0.0,0.0
SPXW,2026-09-30,40,Call,8550.0,SPXW260930C08550000,0.4,0.55,0.47500000000000003,1.3,0.0,0.0,0.0,14.0,0.1226,0.0054,0.0,0.4874,-0.0555,0.0406,0.4956,0.0,0.0,0.0,0.5,down,2026-08-17T13:23:49,0.0,0.0
SPXW,2026-09-30,40,Put,8550.0,SPXW260930P08550000,837.0,860.8,848.9,0.0,0.0,0.0,0.0,0.0,0.1362,-0.9945,0.0,0.4874,-0.0555,-8.8182,849.5106,0.0,0.0,0.0,869.449981689453,no_change,,0.0,0.0
SPXW,2026-09-30,40,Call,8560.0,SPXW260930C08560000,0.4,0.55,0.47500000000000003,0.77,0.0,0.0,0.0,2.0,0.1238,0.0052,0.0,0.4729,-0.0541,0.0392,0.4799,0.0,0.0,0.0,0.475000008940697,down,2026-08-18T10:37:12,0.0,0.0
SPXW,2026-09-30,40,Put,8560.0,SPXW260930P08560000,846.8,865.6,856.2,0.0,0.0,0.0,0.0,0.0,0.1382,-0.9947,0.0,0.4729,-0.0541,-8.83,859.4495,0.0,0.0,0.0,878.75,no_change,,0.0,0.0
SPXW,2026-09-30,40,Call,8570.0,SPXW260930C08570000,0.4,0.55,0.47500000000000003,0.8,0.0,0.0,0.0,1.0,0.1243,0.005,0.0,0.4586,-0.0527,0.0379,0.4643,0.0,0.0,0.0,0.475000008940697,down,2026-08-19T09:35:10,0.0,0.0
SPXW,2026-09-30,40,Put,8570.0,SPXW260930P08570000,856.7,877.6,867.1500000000001,0.0,0.0,0.0,0.0,0.0,0.1387,-0.9948,0.0,0.4591,-0.0528,-8.8416,869.3892,0.0,0.0,0.0,889.100006103516,no_change,,0.0,0.0
SPXW,2026-09-30,40,Call,8575.0,SPXW260930C08575000,0.35,0.55,0.45,0.47,0.0,0.0,0.0,2.0,0.1249,0.0049,0.0,0.4524,-0.0521,0.0373,0.458,0.0,0.0,0.0,0.475000008940697,down,2026-08-20T14:11:56,0.0,0.0
SPXW,2026-09-30,40,Put,8575.0,SPXW260930P08575000,861.7,882.6,872.1500000000001,0.0,0.0,0.0,0.0,0.0,0.1397,-0.9949,0.0,0.4524,-0.0521,-8.8474,874.3593,0.0,0.0,0.0,894.299987792969,no_change,,0.0,0.0
SPXW,2026-09-30,40,Call,8580.0,SPXW260930C08580000,0.35,0.55,0.45,0.9,0.0,0.0,0.0,1.0,0.1247,0.0048,0.0,0.4458,-0.0515,0.0367,0.4511,0.0,0.0,0.0,0.475000008940697,no_change,2026-07-23T09:51:56,0.0,0.0
SPXW,2026-09-30,40,Put,8580.0,SPXW260930P08580000,866.6,890.6,878.6,0.0,0.0,0.0,0.0,0.0,0.1392,-0.995,0.0,0.4458,-0.0515,-8.8532,879.3296,0.0,0.0,0.0,899.149993896484,no_change,,0.0,0.0
SPXW,2026-09-30,40,Call,8590.0,SPXW260930C08590000,0.35,0.5,0.425,1.9,0.0,0.0,0.0,50.0,0.1259,0.0047,0.0,0.4332,-0.0503,0.0355,0.4377,0.0,0.0,0.0,0.450000002980232,up,2026-08-03T14:10:33,0.0,0.0
SPXW,2026-09-30,40,Put,8590.0,SPXW260930P08590000,876.6,897.3,886.95,0.0,0.0,0.0,0.0,0.0,0.1412,-0.9952,0.0,0.4332,-0.0503,-8.8648,889.2708,0.0,0.0,0.0,909.150024414062,no_change,,0.0,0.0
SPXW,2026-09-30,40,Call,8600.0,SPXW260930C08600000,0.35,0.5,0.425,0.66,0.0,0.0,0.0,15484.0,0.1271,0.0045,0.0,0.421,-0.0491,0.0344,0.425,0.0,0.0,0.0,0.424999997019768,down,2026-08-19T10:03:58,0.0,0.0
SPXW,2026-09-30,40,Put,8600.0,SPXW260930P08600000,886.5,910.2,898.35,1532.05,0.0,0.0,0.0,1.0,0.1417,-0.9953,0.0,0.421,-0.0491,-8.8762,899.2126,0.0,0.0,0.0,918.5,up,2025-12-31T10:12:39,0.0,0.0
SPXW,2026-09-30,40,Call,8610.0,SPXW260930C08610000,0.35,0.5,0.425,0.4,0.0,0.0,0.0,3.0,0.1275,0.0044,0.0,0.4094,-0.048,0.0333,0.4129,0.0,0.0,0.0,0.424999997019768,down,2026-08-20T15:08:32,0.0,0.0
SPXW,2026-09-30,40,Put,8610.0,SPXW260930P08610000,896.5,917.0,906.75,0.0,0.0,0.0,0.0,0.0,0.1437,-0.9955,0.0,0.4094,-0.048,-8.8877,909.155,0.0,0.0,0.0,929.100006103516,no_change,,0.0,0.0
SPXW,2026-09-30,40,Call,8620.0,SPXW260930C08620000,0.3,0.5,0.4,3.78,0.0,0.0,0.0,1.0,0.1278,0.0043,0.0,0.3983,-0.047,0.0323,0.4013,0.0,0.0,0.0,0.399999991059303,up,2026-08-04T10:17:25,0.0,0.0
SPXW,2026-09-30,40,Put,8620.0,SPXW260930P08620000,906.5,930.4,918.45,0.0,0.0,0.0,0.0,0.0,0.1441,-0.9956,0.0,0.3983,-0.047,-8.8991,919.098,0.0,0.0,0.0,938.900024414062,no_change,,0.0,0.0
SPXW,2026-09-30,40,Call,8625.0,SPXW260930C08625000,0.3,0.45,0.375,1.74,0.0,0.0,0.0,1.0,0.1284,0.0042,0.0,0.3929,-0.0464,0.0318,0.3957,0.0,0.0,0.0,0.399999991059303,up,2026-08-13T12:43:43,0.0,0.0
SPXW,2026-09-30,40,Put,8625.0,SPXW260930P08625000,911.7,935.4,923.55,0.0,0.0,0.0,0.0,0.0,0.1451,-0.9957,0.0,0.3929,-0.0464,-8.9047,924.0696,0.0,0.0,0.0,944.050018310547,no_change,,0.0,0.0
SPXW,2026-09-30,40,Call,8630.0,SPXW260930C08630000,0.3,0.45,0.375,1.55,0.0,0.0,0.0,1102.0,0.129,0.0041,0.0,0.3876,-0.0459,0.0313,0.3903,0.0,0.0,0.0,0.399999991059303,down,2026-08-11T13:33:41,0.0,0.0
SPXW,2026-09-30,40,Put,8630.0,SPXW260930P08630000,916.4,940.3,928.3499999999999,0.0,0.0,0.0,0.0,0.0,0.1461,-0.9957,0.0,0.3876,-0.0459,-8.9104,929.0415,0.0,0.0,0.0,948.25,no_change,,0.0,0.0
SPXW,2026-09-30,40,Call,8650.0,SPXW260930C08650000,0.3,0.45,0.375,0.67,0.0,0.0,0.0,2267.0,0.1313,0.0039,0.0,0.3674,-0.044,0.0294,0.3697,0.0,0.0,0.0,0.375,down,2026-08-17T15:33:39,0.0,0.0
SPXW,2026-09-30,40,Put,8650.0,SPXW260930P08650000,936.4,960.2,948.3,0.0,0.0,0.0,0.0,0.0,0.1485,-0.996,0.0,0.3674,-0.044,-8.933,948.9299,0.0,0.0,0.0,968.25,no_change,,0.0,0.0
SPXW,2026-09-30,40,Call,8675.0,SPXW260930C08675000,0.25,0.45,0.35,2.7,0.0,0.0,0.0,6.0,0.1323,0.0036,0.0,0.3443,-0.0418,0.0273,0.3465,0.0,0.0,0.0,0.350000008940697,up,2026-08-05T11:16:10,0.0,0.0
SPXW,2026-09-30,40,Put,8675.0,SPXW260930P08675000,961.4,985.1,973.25,0.0,0.0,0.0,0.0,0.0,0.1503,-0.9962,0.0,0.3443,-0.0418,-8.961,973.793,0.0,0.0,0.0,993.5,no_change,,0.0,0.0
SPXW,2026-09-30,40,Call,8700.0,SPXW260930C08700000,0.25,0.4,0.325,0.47,0.0,0.0,0.0,31250.0,0.1352,0.0034,0.0,0.3234,-0.0398,0.0254,0.3256,0.0,0.0,0.0,0.325000002980232,down,2026-08-19T10:03:58,0.0,0.0
SPXW,2026-09-30,40,Put,8700.0,SPXW260930P08700000,986.0,1009.0,997.5,0.0,0.0,0.0,0.0,0.0,0.1537,-0.9965,0.0,0.3234,-0.0398,-8.9888,998.6584,0.0,0.0,0.0,1018.25,no_change,,0.0,0.0
SPXW,2026-09-30,40,Call,8725.0,SPXW260930C08725000,0.25,0.4,0.325,1.35,0.0,0.0,0.0,8.0,0.1369,0.0032,0.0,0.3042,-0.0379,0.0237,0.3066,0.0,0.0,0.0,0.299999997019768,no_change,2026-08-13T15:30:20,0.0,0.0
SPXW,2026-09-30,40,Put,8725.0,SPXW260930P08725000,1010.9,1031.8,1021.3499999999999,0.0,0.0,0.0,0.0,0.0,0.1571,-0.9967,0.0,0.3042,-0.0379,-9.0163,1023.5258,0.0,0.0,0.0,1043.5,no_change,,0.0,0.0
SPXW,2026-09-30,40,Call,8750.0,SPXW260930C08750000,0.2,0.4,0.30000000000000004,0.5,0.0,0.0,0.0,12.0,0.1386,0.003,0.0,0.2867,-0.0362,0.0222,0.2894,0.0,0.0,0.0,0.299999997019768,no_change,2026-08-19T12:03:38,0.0,0.0
SPXW,2026-09-30,40,Put,8750.0,SPXW260930P08750000,1035.8,1059.0,1047.4,0.0,0.0,0.0,0.0,0.0,0.1586,-0.9969,0.0,0.2867,-0.0362,-9.0438,1048.3949,0.0,0.0,0.0,1068.34997558594,no_change,,0.0,0.0
SPXW,2026-09-30,40,Call,8775.0,SPXW260930C08775000,0.2,0.35,0.275,0.35,0.075,27.2727,132.0,0.0,0.1414,0.0028,0.0,0.2706,-0.0346,0.0208,0.2737,0.35,0.35,0.35,0.274999998509884,up,2026-08-21T13:05:35,0.0,0.0
SPXW,2026-09-30,40,Put,8775.0,SPXW260930P08775000,1060.9,1084.6,1072.75,0.0,0.0,0.0,0.0,0.0,0.162,-0.9971,0.0,0.2706,-0.0346,-9.071,1073.2655,0.0,0.0,0.0,1093.15002441406,no_change,,0.0,0.0
SPXW,2026-09-30,40,Call,8800.0,SPXW260930C08800000,0.2,0.35,0.275,0.55,0.0,0.0,0.0,1388.0,0.1441,0.0026,0.0,0.2558,-0.0332,0.0196,0.2593,0.0,0.0,0.0,0.250000007450581,down,2026-08-14T15:31:45,0.0,0.0
SPXW,2026-09-30,40,Put,8800.0,SPXW260930P08800000,1085.6,1109.5,1097.55,0.0,0.0,0.0,0.0,0.0,0.1653,-0.9973,0.0,0.2558,-0.0332,-9.0982,1098.1373,0.0,0.0,0.0,1116.14996337891,no_change,,0.0,0.0
SPXW,2026-09-30,40,Call,8825.0,SPXW260930C08825000,0.15,0.35,0.25,0.83,0.0,0.0,0.0,6.0,0.1442,0.0024,0.0,0.2421,-0.0318,0.0184,0.246,0.0,0.0,0.0,0.250000007450581,down,2026-08-13T12:43:43,0.0,0.0
SPXW,2026-09-30,40,Put,8825.0,SPXW260930P08825000,1110.4,1131.3,1120.85,0.0,0.0,0.0,0.0,0.0,0.1686,-0.9974,0.0,0.2421,-0.0318,-9.1252,1123.0103,0.0,0.0,0.0,1142.89996337891,no_change,,0.0,0.0
SPXW,2026-09-30,40,Call,8850.0,SPXW260930C08850000,0.15,0.3,0.22499999999999998,0.0,0.0,0.0,0.0,0.0,0.1469,0.0023,0.0,0.2294,-0.0305,0.0173,0.2337,0.0,0.0,0.0,0.250000007450581,no_change,,0.0,0.0
SPXW,2026-09-30,40,Put,8850.0,SPXW260930P08850000,1135.5,1159.3,1147.4,0.0,0.0,0.0,0.0,0.0,0.172,-0.9976,0.0,0.2294,-0.0305,-9.1522,1147.8844,0.0,0.0,0.0,1167.54998779297,no_change,,0.0,0.0
SPXW,2026-09-30,40,Call,8875.0,SPXW260930C08875000,0.15,0.3,0.22499999999999998,0.0,0.0,0.0,0.0,0.0,0.1495,0.0022,0.0,0.2176,-0.0293,0.0164,0.2223,0.0,0.0,0.0,0.250000007450581,no_change,,0.0,0.0
SPXW,2026-09-30,40,Put,8875.0,SPXW260930P08875000,1160.4,1184.1,1172.25,0.0,0.0,0.0,0.0,0.0,0.1733,-0.9977,0.0,0.2176,-0.0293,-9.179,1172.7593,0.0,0.0,0.0,1192.5,no_change,,0.0,0.0
SPXW,2026-09-30,40,Call,8900.0,SPXW260930C08900000,0.15,0.3,0.22499999999999998,0.3,0.0,0.0,0.0,11702.0,0.1522,0.0021,0.0,0.2066,-0.0282,0.0154,0.2118,0.0,0.0,0.0,0.200000002980232,up,2026-08-19T12:25:23,0.0,0.0
SPXW,2026-09-30,40,Put,8900.0,SPXW260930P08900000,1185.1,1205.9,1195.5,0.0,0.0,0.0,0.0,0.0,0.1766,-0.9978,0.0,0.2066,-0.0282,-9.2059,1197.635,0.0,0.0,0.0,1217.04998779297,no_change,,0.0,0.0
SPXW,2026-09-30,40,Call,9000.0,SPXW260930C09000000,0.1,0.25,0.175,0.24,0.04,20.0,2.0,1825.0,0.1592,0.0017,0.0,0.1695,-0.0243,0.0124,0.1761,0.15,0.24,0.15,0.200000002980232,up,2026-08-21T13:46:39,0.0,0.0
SPXW,2026-09-30,40,Put,9000.0,SPXW260930P09000000,1284.7,1308.6,1296.65,1529.91,0.0,0.0,0.0,3.0,0.1896,-0.9982,0.0,0.1695,-0.0243,-9.3124,1297.1446,0.0,0.0,0.0,1316.44995117188,up,2026-06-26T12:05:44,0.0,0.0
SPXW,2026-09-30,40,Call,9100.0,SPXW260930C09100000,0.05,0.25,0.15,0.19,0.04,26.6667,203.0,1338.0,0.1694,0.0014,0.0,0.1409,-0.0211,0.0102,0.1485,0.18,0.25,0.18,0.150000002235174,down,2026-08-21T13:46:39,0.0,0.0
SPXW,2026-09-30,40,Put,9100.0,SPXW260930P09100000,1384.1,1405.0,1394.55,0.0,0.0,0.0,0.0,0.0,0.2003,-0.9985,0.0,0.1407,-0.0211,-9.4183,1396.6619,0.0,0.0,0.0,1416.54998779297,no_change,,0.0,0.0
SPXW,2026-09-30,40,Call,9200.0,SPXW260930C09200000,0.05,0.2,0.125,0.15,0.0,0.0,0.0,907.0,0.1745,0.0011,0.0,0.1181,-0.0185,0.0084,0.1261,0.0,0.0,0.0,0.125000001862645,down,2026-08-18T10:13:00,0.0,0.0
SPXW,2026-09-30,40,Put,9200.0,SPXW260930P09200000,1483.7,1507.6,1495.65,0.0,0.0,0.0,0.0,0.0,0.2107,-0.9987,0.0,0.1178,-0.0184,-9.5236,1496.1847,0.0,0.0,0.0,1516.09997558594,no_change,,0.0,0.0
SPXW,2026-09-30,40,Call,9300.0,SPXW260930C09300000,0.05,0.2,0.125,0.15,0.0,0.0,0.0,4.0,0.1841,0.0009,0.0,0.0996,-0.0162,0.007,0.1078,0.0,0.0,0.0,0.100000003352761,down,2026-08-17T15:52:02,0.0,0.0
SPXW,2026-09-30,40,Put,9300.0,SPXW260930P09300000,1583.4,1607.2,1595.3000000000002,0.0,0.0,0.0,0.0,0.0,0.2233,-0.9989,0.0,0.0994,-0.0162,-9.6286,1595.7116,0.0,0.0,0.0,1615.20001220703,no_change,,0.0,0.0
SPXW,2026-09-30,40,Call,9400.0,SPXW260930C09400000,0.05,0.2,0.125,0.1,0.0,0.0,0.0,215.0,0.1903,0.0008,0.0,0.0845,-0.0143,0.0058,0.0926,0.0,0.0,0.0,0.100000003352761,down,2026-08-19T11:40:59,0.0,0.0
SPXW,2026-09-30,40,Put,9400.0,SPXW260930P09400000,1682.8,1706.7,1694.75,1835.93,0.0,0.0,0.0,173.0,0.2332,-0.9991,0.0,0.0843,-0.0142,-9.7333,1695.2415,0.0,0.0,0.0,1714.64996337891,up,2026-07-07T11:34:41,0.0,0.0
SPXW,2026-09-30,40,Call,9600.0,SPXW260930C09600000,0.0,0.15,0.075,0.3,0.0,0.0,0.0,114.0,0.2042,0.0006,0.0,0.0616,-0.0111,0.0041,0.0689,0.0,0.0,0.0,0.0750000029802322,no_change,2026-08-05T13:49:56,0.0,0.0
SPXW,2026-09-30,40,Put,9600.0,SPXW260930P09600000,1881.9,1902.7,1892.3000000000002,0.0,0.0,0.0,0.0,0.0,0.2551,-0.9993,0.0,0.0614,-0.0111,-9.9421,1894.3083,0.0,0.0,0.0,1914.25,no_change,,0.0,0.0
SPXW,2026-09-30,40,Call,9800.0,SPXW260930C09800000,0.05,0.15,0.1,0.1,0.0,0.0,0.0,50.0,0.2216,0.0004,0.0,0.0455,-0.0087,0.003,0.0516,0.0,0.0,0.0,0.0500000007450581,no_change,2026-08-20T11:01:17,0.0,0.0
SPXW,2026-09-30,40,Put,9800.0,SPXW260930P09800000,2081.0,2101.8,2091.4,0.0,0.0,0.0,0.0,0.0,0.2763,-0.9994,0.0,0.0453,-0.0087,-10.1504,2093.3815,0.0,0.0,0.0,2113.34997558594,no_change,,0.0,0.0
SPXW,2026-09-30,40,Call,10000.0,SPXW260930C10000000,0.0,0.1,0.05,0.1,0.0,0.0,0.0,1.0,0.2386,0.0003,0.0,0.0339,-0.0068,0.0022,0.0389,0.0,0.0,0.0,0.0500000007450581,down,2026-08-10T13:56:46,0.0,0.0
SPXW,2026-09-30,40,Put,10000.0,SPXW260930P10000000,2280.1,2303.5,2291.8,0.0,0.0,0.0,0.0,0.0,0.2999,-0.9996,0.0,0.0337,-0.0068,-10.3583,2292.4592,0.0,0.0,0.0,2311.94995117188,no_change,,0.0,0.0
SPXW,2026-10-02,42,Call,3200.0,SPXW261002C03200000,4471.3,4492.4,4481.85,0.0,0.0,0.0,0.0,0.0,0.8864,0.9996,0.0,0.0328,-0.0282,3.6639,4478.4837,0.0,0.0,0.0,4457.80004882812,no_change,,0.0,0.0
SPXW,2026-10-02,42,Put,3200.0,SPXW261002P03200000,0.1,0.2,0.15000000000000002,0.15,-0.025,-14.2857,2.0,3.0,0.7933,-0.0003,0.0,0.0326,-0.028,-0.003,0.1774,0.15,0.15,0.15,0.175000000745058,no_change,2026-08-21T09:51:24,0.0,0.0
SPXW,2026-10-02,42,Call,3400.0,SPXW261002C03400000,4269.4,4292.1,4280.75,0.0,0.0,0.0,0.0,0.0,0.8376,0.9996,0.0,0.0384,-0.031,3.8922,4279.5116,0.0,0.0,0.0,4258.44995117188,no_change,,0.0,0.0
SPXW,2026-10-02,42,Put,3400.0,SPXW261002P03400000,0.1,0.25,0.175,0.2,0.0,0.0,0.0,2.0,0.7407,-0.0004,0.0,0.0382,-0.0308,-0.0036,0.199,0.0,0.0,0.0,0.225000008940697,no_change,2026-08-17T11:24:06,0.0,0.0
SPXW,2026-10-02,42,Call,3600.0,SPXW261002C03600000,4073.4,4094.5,4083.95,0.0,0.0,0.0,0.0,0.0,0.7814,0.9995,0.0,0.046,-0.035,4.1203,4080.5494,0.0,0.0,0.0,4059.54992675781,no_change,,0.0,0.0
SPXW,2026-10-02,42,Put,3600.0,SPXW261002P03600000,0.15,0.3,0.22499999999999998,0.0,0.0,0.0,0.0,0.0,0.71,-0.0005,0.0,0.0458,-0.0349,-0.0043,0.2305,0.0,0.0,0.0,0.274999998509884,no_change,,0.0,0.0
SPXW,2026-10-02,42,Call,3800.0,SPXW261002C03800000,3874.3,3895.5,3884.9,0.0,0.0,0.0,0.0,0.0,0.7284,0.9993,0.0,0.0567,-0.0409,4.348,3881.6022,0.0,0.0,0.0,3860.84997558594,no_change,,0.0,0.0
SPXW,2026-10-02,42,Put,3800.0,SPXW261002P03800000,0.2,0.35,0.275,0.0,0.0,0.0,0.0,0.0,0.6715,-0.0006,0.0,0.0565,-0.0407,-0.0054,0.277,0.0,0.0,0.0,0.325000002980232,no_change,,0.0,0.0
SPXW,2026-10-02,42,Call,4000.0,SPXW261002C04000000,3675.3,3696.5,3685.9,0.0,0.0,0.0,0.0,0.0,0.678,0.9992,0.0,0.072,-0.0492,4.5752,3682.6766,0.0,0.0,0.0,3661.75,no_change,,0.0,0.0
SPXW,2026-10-02,42,Put,4000.0,SPXW261002P04000000,0.3,0.45,0.375,0.47,0.0,0.0,0.0,157.0,0.6401,-0.0008,0.0,0.0719,-0.049,-0.007,0.3453,0.0,0.0,0.0,0.424999997019768,down,2026-08-14T13:57:48,0.0,0.0
SPXW,2026-10-02,42,Call,4200.0,SPXW261002C04200000,3473.6,3495.8,3484.7,0.0,0.0,0.0,0.0,0.0,0.6373,0.9989,0.0,0.0933,-0.0606,4.8017,3483.7813,0.0,0.0,0.0,3463.5,no_change,,0.0,0.0
SPXW,2026-10-02,42,Put,4200.0,SPXW261002P04200000,0.4,0.55,0.47500000000000003,0.0,0.0,0.0,0.0,4.0,0.6065,-0.001,0.0,0.0931,-0.0605,-0.0093,0.4438,0.0,0.0,0.0,0.525000005960464,no_change,,0.0,0.0
SPXW,2026-10-02,42,Call,4400.0,SPXW261002C04400000,3277.5,3298.7,3288.1,0.0,0.0,0.0,0.0,0.0,0.5974,0.9986,0.0,0.1229,-0.0759,5.0273,3284.9254,0.0,0.0,0.0,3264.15002441406,no_change,,0.0,0.0
SPXW,2026-10-02,42,Put,4400.0,SPXW261002P04400000,0.55,0.7,0.625,0.0,0.0,0.0,0.0,0.0,0.5719,-0.0014,0.0,0.1228,-0.0758,-0.0125,0.5818,0.0,0.0,0.0,0.675000011920929,no_change,,0.0,0.0
SPXW,2026-10-02,42,Call,4600.0,SPXW261002C04600000,3078.7,3099.8,3089.25,0.0,0.0,0.0,0.0,0.0,0.5582,0.998,0.0,0.1625,-0.0957,5.2516,3086.1203,0.0,0.0,0.0,3066.44995117188,no_change,,0.0,0.0
SPXW,2026-10-02,42,Put,4600.0,SPXW261002P04600000,0.7,0.85,0.7749999999999999,0.0,0.0,0.0,0.0,0.0,0.5436,-0.0019,0.0,0.1624,-0.0956,-0.017,0.7706,0.0,0.0,0.0,0.925000011920929,no_change,,0.0,0.0
SPXW,2026-10-02,42,Call,4800.0,SPXW261002C04800000,2877.1,2901.0,2889.05,0.0,0.0,0.0,0.0,0.0,0.5243,0.9974,0.0,0.2152,-0.1203,5.4743,2887.3768,0.0,0.0,0.0,2866.84997558594,no_change,,0.0,0.0
SPXW,2026-10-02,42,Put,4800.0,SPXW261002P04800000,0.95,1.1,1.025,1.05,-0.175,-14.2857,1.0,0.0,0.5141,-0.0026,0.0,0.2151,-0.1203,-0.0231,1.021,1.05,1.05,1.05,1.22499996423721,down,2026-08-21T09:30:04,0.0,0.0
SPXW,2026-10-02,42,Call,5000.0,SPXW261002C05000000,2681.2,2702.3,2691.75,2679.38,11.08,0.415244,1.0,0.0,0.4934,0.9964,0.0,0.2828,-0.1503,5.6949,2688.7084,2679.38,2679.38,2679.38,2668.30004882812,up,2026-08-21T10:39:22,0.0,0.0
SPXW,2026-10-02,42,Put,5000.0,SPXW261002P05000000,1.25,1.4,1.325,1.42,-0.205,-12.6154,7.0,4.0,0.4865,-0.0035,0.0,0.2828,-0.1503,-0.0313,1.3467,1.42,1.42,1.42,1.625,no_change,2026-08-21T10:39:22,0.0,0.0
SPXW,2026-10-02,42,Call,5200.0,SPXW261002C05200000,2482.6,2503.7,2493.1499999999996,0.0,0.0,0.0,0.0,0.0,0.4638,0.9952,0.0,0.37,-0.1858,5.9129,2490.1277,0.0,0.0,0.0,2469.84997558594,no_change,,0.0,0.0
SPXW,2026-10-02,42,Put,5200.0,SPXW261002P05200000,1.65,1.8,1.725,2.11,0.0,0.0,0.0,271.0,0.4586,-0.0047,0.0,0.3701,-0.1858,-0.0422,1.7598,0.0,0.0,0.0,2.125,no_change,2026-08-20T15:40:49,0.0,0.0
SPXW,2026-10-02,42,Call,5400.0,SPXW261002C05400000,2284.0,2305.1,2294.55,0.0,0.0,0.0,0.0,0.0,0.4345,0.9936,0.0,0.479,-0.227,6.1274,2291.6529,0.0,0.0,0.0,2271.5,no_change,,0.0,0.0
SPXW,2026-10-02,42,Put,5400.0,SPXW261002P05400000,2.15,2.3,2.2249999999999996,2.4,0.0,0.0,0.0,28.0,0.4306,-0.0063,0.0,0.4791,-0.227,-0.0565,2.2791,0.0,0.0,0.0,2.77499997615814,down,2026-08-19T15:10:58,0.0,0.0
SPXW,2026-10-02,42,Call,5600.0,SPXW261002C05600000,2085.6,2106.7,2096.1499999999996,2180.37,0.0,0.0,0.0,0.0,0.4051,0.9915,0.0,0.6183,-0.2743,6.3374,2093.3052,0.0,0.0,0.0,2073.60009765625,up,2026-08-17T13:28:07,0.0,0.0
SPXW,2026-10-02,42,Put,5600.0,SPXW261002P05600000,2.8,2.95,2.875,2.92,-0.63,-17.7465,27.0,554.0,0.4025,-0.0084,0.0,0.6186,-0.2744,-0.0753,2.9254,3.07,3.07,2.92,3.54999995231628,down,2026-08-21T13:51:44,0.0,0.0
SPXW,2026-10-02,42,Call,5800.0,SPXW261002C05800000,1884.7,1908.2,1896.45,0.0,0.0,0.0,0.0,0.0,0.375,0.9888,0.0,0.7926,-0.3285,6.5415,1895.1205,0.0,0.0,0.0,1875.45001220703,no_change,,0.0,0.0
SPXW,2026-10-02,42,Put,5800.0,SPXW261002P05800000,3.6,3.8,3.7,3.81,-0.79,-17.1739,191.0,11.0,0.3742,-0.0112,0.0,0.7926,-0.3285,-0.1,3.7334,3.81,3.81,3.81,4.59999990463257,no_change,2026-08-21T14:08:43,0.0,0.0
SPXW,2026-10-02,42,Call,5900.0,SPXW261002C05900000,1788.5,1809.5,1799.0,0.0,0.0,0.0,0.0,0.0,0.3611,0.987,0.0,0.8989,-0.3586,6.6405,1796.1047,0.0,0.0,0.0,1776.54998779297,no_change,,0.0,0.0
SPXW,2026-10-02,42,Put,5900.0,SPXW261002P05900000,4.1,4.3,4.199999999999999,4.3,-0.9,-17.3077,34.0,630.0,0.3604,-0.0129,0.0,0.8993,-0.3587,-0.1155,4.2161,4.52,4.52,4.3,5.20000004768372,down,2026-08-21T14:51:30,0.0,0.0
SPXW,2026-10-02,42,Call,6000.0,SPXW261002C06000000,1696.9,1701.0,1698.95,1704.66,26.91,1.60393,740.0,0.0,0.347,0.985,0.0,1.0186,-0.391,6.7367,1697.1541,1704.66,1704.66,1704.66,1677.75,no_change,2026-08-21T13:22:29,0.0,0.0
SPXW,2026-10-02,42,Put,6000.0,SPXW261002P06000000,4.6,4.8,4.699999999999999,4.72,-1.18,-20.0,857.0,887.0,0.3468,-0.0149,0.0,1.019,-0.3911,-0.1336,4.7627,5.22,5.22,4.72,5.90000009536743,down,2026-08-21T15:43:01,0.0,0.0
SPXW,2026-10-02,42,Call,6100.0,SPXW261002C06100000,1590.6,1611.7,1601.15,0.0,0.0,0.0,0.0,0.0,0.333,0.9827,0.0,1.1544,-0.4261,6.8302,1598.2819,0.0,0.0,0.0,1579.20001220703,no_change,,0.0,0.0
SPXW,2026-10-02,42,Put,6100.0,SPXW261002P06100000,5.2,5.5,5.35,5.38,-1.37,-20.2963,14.0,7.0,0.3325,-0.0173,0.0,1.1547,-0.4262,-0.1546,5.3871,5.81,5.81,5.38,6.75,down,2026-08-21T15:59:31,0.0,0.0
SPXW,2026-10-02,42,Call,6200.0,SPXW261002C06200000,1489.0,1512.5,1500.75,0.0,0.0,0.0,0.0,0.0,0.3186,0.9799,0.0001,1.3132,-0.4645,6.9196,1499.5054,0.0,0.0,0.0,1480.60003662109,no_change,,0.0,0.0
SPXW,2026-10-02,42,Put,6200.0,SPXW261002P06200000,6.0,6.2,6.1,6.3,-1.35,-17.6471,10.0,609.0,0.3186,-0.0201,0.0001,1.3134,-0.4645,-0.1795,6.1064,6.6,6.6,6.3,7.65000009536743,down,2026-08-21T13:21:10,0.0,0.0
SPXW,2026-10-02,42,Call,6250.0,SPXW261002C06250000,1443.0,1463.5,1453.25,0.0,0.0,0.0,0.0,0.0,0.3112,0.9783,0.0001,1.4018,-0.485,6.9624,1450.1612,0.0,0.0,0.0,1431.39996337891,no_change,,0.0,0.0
SPXW,2026-10-02,42,Put,6250.0,SPXW261002P06250000,6.4,6.6,6.5,6.68,-1.52,-18.5366,25.0,56774.0,0.3119,-0.0217,0.0001,1.4022,-0.4852,-0.194,6.5121,7.08,7.08,6.68,8.2000002861023,no_change,2026-08-21T14:57:23,0.0,0.0
SPXW,2026-10-02,42,Call,6300.0,SPXW261002C06300000,1390.8,1414.2,1402.5,0.0,0.0,0.0,0.0,0.0,0.3042,0.9765,0.0001,1.4964,-0.5067,7.0037,1400.8519,0.0,0.0,0.0,1382.20001220703,no_change,,0.0,0.0
SPXW,2026-10-02,42,Put,6300.0,SPXW261002P06300000,6.8,7.1,6.949999999999999,7.11,-1.64,-18.7429,22.0,2408.0,0.3046,-0.0234,0.0001,1.4968,-0.5068,-0.2099,6.9513,7.63,7.63,7.11,8.75,down,2026-08-21T15:01:31,0.0,0.0
SPXW,2026-10-02,42,Call,6350.0,SPXW261002C06350000,1341.1,1364.7,1352.9,0.0,0.0,0.0,0.0,0.0,0.297,0.9746,0.0001,1.5978,-0.5296,7.0438,1351.5816,0.0,0.0,0.0,1333.35003662109,no_change,,0.0,0.0
SPXW,2026-10-02,42,Put,6350.0,SPXW261002P06350000,7.3,7.6,7.449999999999999,7.38,-1.97,-21.0695,78.0,59134.0,0.2977,-0.0254,0.0001,1.5983,-0.5296,-0.227,7.4295,8.1,8.1,7.38,9.34999990463257,down,2026-08-21T15:43:01,0.0,0.0
SPXW,2026-10-02,42,Call,6400.0,SPXW261002C06400000,1291.8,1315.4,1303.6,0.0,0.0,0.0,0.0,0.0,0.2902,0.9725,0.0001,1.7084,-0.5537,7.0822,1302.355,0.0,0.0,0.0,1283.85003662109,no_change,,0.0,0.0
SPXW,2026-10-02,42,Put,6400.0,SPXW261002P06400000,7.8,8.1,7.949999999999999,7.97,-2.03,-20.3,9.0,308.0,0.2909,-0.0275,0.0001,1.7084,-0.5537,-0.2458,7.9488,8.5,8.5,7.97,10.0,down,2026-08-21T16:06:20,0.0,0.0
SPXW,2026-10-02,42,Call,6450.0,SPXW261002C06450000,1246.1,1266.5,1256.3,0.0,0.0,0.0,0.0,0.0,0.2831,0.9701,0.0001,1.8298,-0.5792,7.1184,1253.1782,0.0,0.0,0.0,1234.89996337891,no_change,,0.0,0.0
SPXW,2026-10-02,42,Put,6450.0,SPXW261002P06450000,8.4,8.7,8.55,8.7,-2.05,-19.0698,2.0,19.0,0.2835,-0.0298,0.0001,1.8298,-0.5792,-0.2667,8.5206,8.7,8.7,8.7,10.75,down,2026-08-21T15:55:10,0.0,0.0
SPXW,2026-10-02,42,Call,6500.0,SPXW261002C06500000,1197.0,1217.4,1207.2,1211.55,25.65,2.16291,1.0,0.0,0.2763,0.9675,0.0001,1.9623,-0.6063,7.152,1204.0593,1211.55,1211.55,1211.55,1185.90002441406,up,2026-08-21T11:06:15,0.0,0.0
SPXW,2026-10-02,42,Put,6500.0,SPXW261002P06500000,9.0,9.3,9.15,9.15,-2.35,-20.4348,14.0,120.0,0.2769,-0.0324,0.0001,1.9624,-0.6063,-0.2904,9.1501,9.9,9.9,9.0,11.5,no_change,2026-08-21T16:10:09,0.0,0.0
SPXW,2026-10-02,42,Call,6550.0,SPXW261002C06550000,1144.4,1168.2,1156.3000000000002,0.0,0.0,0.0,0.0,0.0,0.2692,0.9646,0.0001,2.1051,-0.6351,7.1828,1155.0076,0.0,0.0,0.0,1137.04998779297,no_change,,0.0,0.0
SPXW,2026-10-02,42,Put,6550.0,SPXW261002P06550000,9.7,10.0,9.85,9.8,-2.55,-20.6478,29.0,175.0,0.2697,-0.0353,0.0001,2.1052,-0.6351,-0.3168,9.8469,10.15,10.3,9.8,12.3499999046326,down,2026-08-21T15:35:48,0.0,0.0
SPXW,2026-10-02,42,Call,6600.0,SPXW261002C06600000,1095.4,1119.1,1107.25,1113.5,25.15,2.31084,1.0,0.0,0.2622,0.9614,0.0001,2.2595,-0.6658,7.2109,1106.0326,1113.5,1113.5,1113.5,1088.34997558594,up,2026-08-21T11:06:15,0.0,0.0
SPXW,2026-10-02,42,Put,6600.0,SPXW261002P06600000,10.4,10.7,10.55,10.83,-2.52,-18.8764,3.0,179.0,0.263,-0.0386,0.0001,2.2595,-0.6658,-0.3458,10.6204,10.95,10.95,10.83,13.3499999046326,down,2026-08-21T14:54:36,0.0,0.0
SPXW,2026-10-02,42,Call,6650.0,SPXW261002C06650000,1050.1,1070.4,1060.25,1055.08,0.0,0.0,0.0,3.0,0.2554,0.9577,0.0001,2.4293,-0.6986,7.2358,1057.1447,0.0,0.0,0.0,1039.5,no_change,2026-08-20T13:27:51,0.0,0.0
SPXW,2026-10-02,42,Put,6650.0,SPXW261002P06650000,11.3,11.6,11.45,14.4,0.0,0.0,0.0,82.0,0.2559,-0.0422,0.0001,2.4297,-0.6986,-0.3782,11.4828,0.0,0.0,0.0,14.3499999046326,no_change,2026-08-20T15:42:45,0.0,0.0
SPXW,2026-10-02,42,Call,6700.0,SPXW261002C06700000,1001.7,1021.6,1011.6500000000001,1031.23,0.0,0.0,0.0,2.0,0.2486,0.9536,0.0001,2.6175,-0.7335,7.2563,1008.3575,0.0,0.0,0.0,990.899993896484,down,2026-08-20T09:37:50,0.0,0.0
SPXW,2026-10-02,42,Put,6700.0,SPXW261002P06700000,12.2,12.6,12.399999999999999,13.4,-2.15,-13.8264,5.0,189.0,0.2493,-0.0463,0.0001,2.6176,-0.7335,-0.4148,12.4421,13.4,13.4,13.4,15.5499997138977,down,2026-08-21T09:38:58,0.0,0.0
SPXW,2026-10-02,42,Call,6750.0,SPXW261002C06750000,949.0,972.9,960.95,958.08,0.0,0.0,0.0,1.0,0.2422,0.949,0.0002,2.8229,-0.7709,7.2715,959.6888,0.0,0.0,0.0,942.549987792969,no_change,2026-08-20T13:27:51,0.0,0.0
SPXW,2026-10-02,42,Put,6750.0,SPXW261002P06750000,13.3,13.6,13.45,13.77,-3.13,-18.5207,17.0,97.0,0.2426,-0.0509,0.0002,2.8229,-0.7709,-0.4568,13.5219,13.63,13.92,13.63,16.9000005722046,no_change,2026-08-21T14:24:24,0.0,0.0
SPXW,2026-10-02,42,Call,6800.0,SPXW261002C06800000,900.4,924.2,912.3,0.0,0.0,0.0,0.0,0.0,0.2353,0.9438,0.0002,3.0448,-0.8108,7.2818,911.1575,0.0,0.0,0.0,894.599975585938,no_change,,0.0,0.0
SPXW,2026-10-02,42,Put,6800.0,SPXW261002P06800000,14.5,14.8,14.65,14.79,-3.56,-19.4005,597.0,392.0,0.2359,-0.0561,0.0002,3.0448,-0.8108,-0.5038,14.7387,14.76,15.1,14.69,18.3500003814697,no_change,2026-08-21T16:03:10,0.0,0.0
SPXW,2026-10-02,42,Call,6850.0,SPXW261002C06850000,852.0,874.2,863.1,0.0,0.0,0.0,0.0,0.0,0.2286,0.9379,0.0002,3.2892,-0.8534,7.2864,862.7826,0.0,0.0,0.0,846.5,no_change,,0.0,0.0
SPXW,2026-10-02,42,Put,6850.0,SPXW261002P06850000,15.8,16.2,16.0,16.09,-3.91,-19.55,613.0,3076.0,0.2291,-0.062,0.0002,3.2892,-0.8534,-0.5563,16.1123,16.36,16.52,15.99,20.0,no_change,2026-08-21T16:03:10,0.0,0.0
SPXW,2026-10-02,42,Call,6900.0,SPXW261002C06900000,806.8,827.8,817.3,0.0,0.0,0.0,0.0,0.0,0.222,0.9312,0.0002,3.5608,-0.8988,7.283,814.5898,0.0,0.0,0.0,798.5,no_change,,0.0,0.0
SPXW,2026-10-02,42,Put,6900.0,SPXW261002P06900000,17.4,17.8,17.6,17.69,-4.21,-19.2237,80.0,206.0,0.2225,-0.0687,0.0002,3.5608,-0.8988,-0.6169,17.6679,19.07,19.07,17.69,21.9000005722046,down,2026-08-21T15:54:53,0.0,0.0
SPXW,2026-10-02,42,Call,6950.0,SPXW261002C06950000,758.8,779.8,769.3,0.0,0.0,0.0,0.0,0.0,0.2155,0.9236,0.0002,3.8551,-0.9469,7.2705,766.6122,0.0,0.0,0.0,750.600006103516,no_change,,0.0,0.0
SPXW,2026-10-02,42,Put,6950.0,SPXW261002P06950000,19.1,19.5,19.3,19.44,-4.56,-19.0,63.0,116.0,0.2159,-0.0764,0.0002,3.8551,-0.9469,-0.6866,19.4387,20.5,20.92,19.0,24.0,up,2026-08-21T15:54:53,0.0,0.0
SPXW,2026-10-02,42,Call,7000.0,SPXW261002C07000000,711.0,732.0,721.5,726.17,22.92,3.25915,740.0,1.0,0.2091,0.9148,0.0003,4.1742,-0.9979,7.2496,718.8832,726.17,726.17,726.17,703.25,no_change,2026-08-21T13:22:29,0.0,0.0
SPXW,2026-10-02,42,Put,7000.0,SPXW261002P07000000,21.1,21.5,21.3,21.6,-4.75,-18.0266,804.0,174.0,0.2095,-0.0851,0.0003,4.1742,-0.9979,-0.7647,21.4581,22.6,22.6,20.76,26.3500003814697,up,2026-08-21T15:55:24,0.0,0.0
SPXW,2026-10-02,42,Call,7050.0,SPXW261002C07050000,664.5,684.5,674.5,0.0,0.0,0.0,0.0,0.0,0.2025,0.9049,0.0003,4.5283,-1.0516,7.2169,671.4419,0.0,0.0,0.0,656.0,no_change,,0.0,0.0
SPXW,2026-10-02,42,Put,7050.0,SPXW261002P07050000,23.4,23.8,23.6,23.85,-5.25,-18.0412,56.0,188.0,0.203,-0.0951,0.0003,4.5283,-1.0516,-0.8547,23.7652,24.71,24.81,23.2,29.0999994277954,no_change,2026-08-21T15:55:24,0.0,0.0
SPXW,2026-10-02,42,Call,7100.0,SPXW261002C07100000,622.6,628.3,625.45,657.59,0.0,0.0,0.0,1.0,0.1961,0.8934,0.0004,4.9114,-1.1079,7.1694,624.345,0.0,0.0,0.0,609.299987792969,down,2026-08-18T11:33:27,0.0,0.0
SPXW,2026-10-02,42,Put,7100.0,SPXW261002P07100000,26.1,26.5,26.3,25.87,-6.33,-19.6584,95.0,664.0,0.1966,-0.1065,0.0004,4.9114,-1.1079,-0.9594,26.4167,27.44,27.65,23.57,32.2000007629394,up,2026-08-21T15:43:13,0.0,0.0
SPXW,2026-10-02,42,Call,7125.0,SPXW261002C07125000,598.8,604.9,601.8499999999999,0.0,0.0,0.0,0.0,0.0,0.1929,0.8871,0.0004,5.1125,-1.1369,7.1409,600.9443,0.0,0.0,0.0,586.200012207031,no_change,,0.0,0.0
SPXW,2026-10-02,42,Put,7125.0,SPXW261002P07125000,27.5,27.9,27.7,27.57,-6.33,-18.6726,32.0,38.0,0.1934,-0.1129,0.0004,5.1125,-1.1369,-1.0165,27.8902,29.86,29.86,27.35,33.8999996185303,up,2026-08-21T15:57:56,0.0,0.0
SPXW,2026-10-02,42,Call,7150.0,SPXW261002C07150000,575.5,581.6,578.55,666.07,0.0,0.0,0.0,276.0,0.1898,0.8803,0.0004,5.3233,-1.1665,7.1086,577.6522,0.0,0.0,0.0,563.149993896484,down,2026-08-17T13:28:07,0.0,0.0
SPXW,2026-10-02,42,Put,7150.0,SPXW261002P07150000,29.1,29.5,29.3,29.12,-6.58,-18.4314,28.0,801.0,0.1903,-0.1197,0.0004,5.3233,-1.1665,-1.0774,29.4724,31.58,31.91,29.12,35.7000007629394,down,2026-08-21T15:57:56,0.0,0.0
SPXW,2026-10-02,42,Call,7175.0,SPXW261002C07175000,552.4,558.4,555.4,0.0,0.0,0.0,0.0,0.0,0.1867,0.873,0.0004,5.5451,-1.1965,7.0712,554.4791,0.0,0.0,0.0,540.300018310547,no_change,,0.0,0.0
SPXW,2026-10-02,42,Put,7175.0,SPXW261002P07175000,30.8,31.2,31.0,31.33,-6.37,-16.8966,17.0,33.0,0.1871,-0.127,0.0004,5.5451,-1.1965,-1.1434,31.1735,32.51,32.52,31.0,37.7000007629394,up,2026-08-21T15:55:01,0.0,0.0
SPXW,2026-10-02,42,Call,7200.0,SPXW261002C07200000,529.3,535.3,532.3,576.26,0.0,0.0,0.0,4.0,0.1835,0.8651,0.0004,5.7758,-1.2269,7.0277,531.4383,0.0,0.0,0.0,517.5,down,2026-08-19T15:30:02,0.0,0.0
SPXW,2026-10-02,42,Put,7200.0,SPXW261002P07200000,32.6,33.0,32.8,33.0,-6.8,-17.0854,24.0,198.0,0.184,-0.1349,0.0004,5.7758,-1.2269,-1.2154,33.0069,34.47,34.95,32.45,39.7999992370606,up,2026-08-21T16:12:25,0.0,0.0
SPXW,2026-10-02,42,Call,7225.0,SPXW261002C07225000,506.7,512.4,509.54999999999995,0.0,0.0,0.0,0.0,0.0,0.1803,0.8566,0.0005,6.0121,-1.2576,6.979,508.5434,0.0,0.0,0.0,494.949996948242,no_change,,0.0,0.0
SPXW,2026-10-02,42,Put,7225.0,SPXW261002P07225000,34.6,35.0,34.8,35.11,-6.99,-16.6033,31.0,37.0,0.1809,-0.1433,0.0005,6.0121,-1.2576,-1.2928,34.9862,37.38,38.06,34.22,42.1000003814697,up,2026-08-21T13:34:14,0.0,0.0
SPXW,2026-10-02,42,Call,7250.0,SPXW261002C07250000,483.8,489.6,486.70000000000005,0.0,0.0,0.0,0.0,0.0,0.1773,0.8476,0.0005,6.2541,-1.2885,6.9257,485.8072,0.0,0.0,0.0,472.550003051758,no_change,,0.0,0.0
SPXW,2026-10-02,42,Put,7250.0,SPXW261002P07250000,36.7,37.2,36.95,36.28,-8.22,-18.4719,323.0,165.0,0.1777,-0.1524,0.0005,6.2541,-1.2885,-1.3746,37.1242,39.01,39.17,36.28,44.5,down,2026-08-21T15:43:13,0.0,0.0
SPXW,2026-10-02,42,Call,7275.0,SPXW261002C07275000,461.2,467.0,464.1,0.0,0.0,0.0,0.0,0.0,0.1741,0.8378,0.0005,6.5059,-1.3196,6.8668,463.243,0.0,0.0,0.0,450.300003051758,no_change,,0.0,0.0
SPXW,2026-10-02,42,Put,7275.0,SPXW261002P07275000,39.0,39.5,39.25,39.63,-7.52,-15.9491,19.0,96.0,0.1747,-0.1622,0.0005,6.5059,-1.3196,-1.4622,39.4342,42.84,42.84,38.7,47.1499996185303,up,2026-08-21T15:55:01,0.0,0.0
SPXW,2026-10-02,42,Call,7300.0,SPXW261002C07300000,439.0,444.6,441.8,0.0,0.0,0.0,0.0,150.0,0.1711,0.8273,0.0006,6.7685,-1.3506,6.7997,440.8693,0.0,0.0,0.0,428.25,no_change,,0.0,0.0
SPXW,2026-10-02,42,Put,7300.0,SPXW261002P07300000,41.5,42.0,41.75,40.36,-9.64,-19.28,21.0,196.0,0.1716,-0.1727,0.0006,6.7685,-1.3506,-1.5579,41.9347,44.17,44.17,40.36,50.0,down,2026-08-21T15:49:28,0.0,0.0
SPXW,2026-10-02,42,Call,7325.0,SPXW261002C07325000,416.9,422.4,419.65,0.0,0.0,0.0,0.0,0.0,0.168,0.816,0.0006,7.037,-1.3814,6.7241,418.7086,0.0,0.0,0.0,406.450012207031,no_change,,0.0,0.0
SPXW,2026-10-02,42,Put,7325.0,SPXW261002P07325000,44.2,44.7,44.45,44.21,-8.84,-16.6635,30.0,53.0,0.1685,-0.184,0.0006,7.037,-1.3814,-1.6621,44.6483,44.6,45.57,44.08,53.0500011444092,no_change,2026-08-21T14:57:37,0.0,0.0
SPXW,2026-10-02,42,Call,7350.0,SPXW261002C07350000,394.8,400.4,397.6,527.54,0.0,0.0,0.0,1.0,0.165,0.8038,0.0006,7.3072,-1.4118,6.6419,396.7821,0.0,0.0,0.0,384.900009155273,up,2026-08-13T15:22:36,0.0,0.0
SPXW,2026-10-02,42,Put,7350.0,SPXW261002P07350000,47.1,47.6,47.35,47.62,-8.73,-15.4925,42.0,112.0,0.1654,-0.1962,0.0006,7.3072,-1.4118,-1.7728,47.5959,50.63,51.06,46.72,56.3500003814697,up,2026-08-21T16:11:49,0.0,0.0
SPXW,2026-10-02,42,Call,7375.0,SPXW261002C07375000,373.1,378.7,375.9,0.0,0.0,0.0,0.0,0.0,0.162,0.7907,0.0007,7.5825,-1.4415,6.5527,375.1091,0.0,0.0,0.0,363.649993896484,no_change,,0.0,0.0
SPXW,2026-10-02,42,Put,7375.0,SPXW261002P07375000,50.3,50.8,50.55,50.8,-9.1,-15.192,27.0,90.0,0.1624,-0.2093,0.0007,7.5825,-1.4415,-1.8907,50.7972,50.97,50.97,49.07,59.8999996185303,no_change,2026-08-21T16:13:32,0.0,0.0
SPXW,2026-10-02,42,Call,7400.0,SPXW261002C07400000,351.7,357.2,354.45,0.0,0.0,0.0,0.0,0.0,0.159,0.7766,0.0007,7.8657,-1.4702,6.4526,353.7159,0.0,0.0,0.0,342.550003051758,no_change,,0.0,0.0
SPXW,2026-10-02,42,Put,7400.0,SPXW261002P07400000,53.8,54.2,54.0,54.25,-9.5,-14.902,40.0,137.0,0.1594,-0.2234,0.0007,7.8657,-1.4702,-2.0194,54.2781,56.0,56.0,52.9,63.75,no_change,2026-08-21T16:13:32,0.0,0.0
SPXW,2026-10-02,42,Call,7425.0,SPXW261002C07425000,330.8,336.0,333.4,373.77,0.0,0.0,0.0,1.0,0.156,0.7614,0.0008,8.1495,-1.4977,6.3412,332.6352,0.0,0.0,0.0,321.899993896484,down,2026-08-18T09:37:13,0.0,0.0
SPXW,2026-10-02,42,Put,7425.0,SPXW261002P07425000,57.5,58.0,57.75,57.77,-10.13,-14.919,4.0,100.0,0.1564,-0.2386,0.0008,8.1495,-1.4977,-2.1594,58.0717,61.69,61.69,57.72,67.8999977111816,up,2026-08-21T16:14:47,0.0,0.0
SPXW,2026-10-02,42,Call,7450.0,SPXW261002C07450000,309.9,315.2,312.54999999999995,308.31,6.81,2.25871,1.0,2.0,0.153,0.7451,0.0008,8.4279,-1.5234,6.2218,311.8963,308.31,308.31,308.31,301.5,up,2026-08-21T10:49:21,0.0,0.0
SPXW,2026-10-02,42,Put,7450.0,SPXW261002P07450000,61.6,62.1,61.85,61.68,-10.82,-14.9241,24.0,189.0,0.1535,-0.2549,0.0008,8.4279,-1.5234,-2.3073,62.207,65.3,66.08,61.68,72.5,down,2026-08-21T14:54:33,0.0,0.0
SPXW,2026-10-02,42,Call,7475.0,SPXW261002C07475000,289.5,294.7,292.1,0.0,0.0,0.0,0.0,0.0,0.1502,0.7276,0.0008,8.7052,-1.5471,6.0922,291.5269,0.0,0.0,0.0,281.550003051758,no_change,,0.0,0.0
SPXW,2026-10-02,42,Put,7475.0,SPXW261002P07475000,66.1,66.6,66.35,65.64,-11.71,-15.139,5.0,26.0,0.1506,-0.2724,0.0008,8.7052,-1.5471,-2.4656,66.7118,70.7,70.7,65.64,77.3499984741211,down,2026-08-21T15:22:05,0.0,0.0
SPXW,2026-10-02,42,Call,7500.0,SPXW261002C07500000,269.6,274.7,272.15,365.54,0.0,0.0,0.0,8.0,0.1473,0.7088,0.0009,8.9797,-1.5681,5.9476,271.5672,0.0,0.0,0.0,261.900009155273,down,2026-08-17T10:02:13,0.0,0.0
SPXW,2026-10-02,42,Put,7500.0,SPXW261002P07500000,71.0,71.5,71.25,71.1,-11.55,-13.9746,13.0,217.0,0.1477,-0.2911,0.0009,8.9797,-1.5681,-2.6388,71.6263,75.8,75.8,71.1,82.6500015258789,down,2026-08-21T14:55:52,0.0,0.0
SPXW,2026-10-02,42,Call,7525.0,SPXW261002C07525000,252.5,253.0,252.75,257.77,15.07,6.20931,1.0,3.0,0.1449,0.6888,0.0009,9.2396,-1.5859,5.7922,252.0594,257.77,257.77,257.77,242.699996948242,down,2026-08-21T11:03:41,0.0,0.0
SPXW,2026-10-02,42,Put,7525.0,SPXW261002P07525000,76.3,76.8,76.55,76.53,-11.87,-13.4276,45.0,122.0,0.1449,-0.3112,0.0009,9.2396,-1.5859,-2.8228,76.9928,78.52,80.1,76.53,88.3999977111816,down,2026-08-21T15:56:16,0.0,0.0
SPXW,2026-10-02,42,Call,7550.0,SPXW261002C07550000,233.4,234.0,233.7,274.1,0.0,0.0,0.0,4.0,0.142,0.6674,0.001,9.4844,-1.6,5.6267,233.0375,0.0,0.0,0.0,224.099998474121,down,2026-08-18T09:32:31,0.0,0.0
SPXW,2026-10-02,42,Put,7550.0,SPXW261002P07550000,82.1,82.6,82.35,82.38,-12.27,-12.9636,12.0,83.0,0.1421,-0.3326,0.001,9.4844,-1.6,-3.0169,82.845,84.53,84.53,82.3,94.6500015258789,up,2026-08-21T16:14:47,0.0,0.0
SPXW,2026-10-02,42,Call,7560.0,SPXW261002C07560000,225.9,226.5,226.2,228.6,0.0,0.0,0.0,5.0,0.141,0.6584,0.001,9.5788,-1.6044,5.5558,225.5748,0.0,0.0,0.0,216.900001525879,down,2026-08-20T13:27:46,0.0,0.0
SPXW,2026-10-02,42,Put,7560.0,SPXW261002P07560000,84.5,85.1,84.8,82.66,-14.69,-15.0899,8.0,17.0,0.141,-0.3416,0.001,9.5788,-1.6044,-3.0992,85.332,83.32,85.02,82.66,97.3499984741211,down,2026-08-21T15:46:45,0.0,0.0
SPXW,2026-10-02,42,Call,7570.0,SPXW261002C07570000,218.5,219.1,218.8,0.0,0.0,0.0,0.0,0.0,0.1399,0.6492,0.001,9.6702,-1.6081,5.482,218.2012,0.0,0.0,0.0,209.699996948242,no_change,,0.0,0.0
SPXW,2026-10-02,42,Put,7570.0,SPXW261002P07570000,87.1,87.6,87.35,87.3,-12.75,-12.7436,4.0,10.0,0.1399,-0.3508,0.001,9.6702,-1.6081,-3.1845,87.9081,89.63,89.63,87.3,100.050003051758,down,2026-08-21T15:55:00,0.0,0.0
SPXW,2026-10-02,42,Call,7575.0,SPXW261002C07575000,214.8,215.4,215.10000000000002,238.4,0.0,0.0,0.0,3.0,0.1393,0.6445,0.001,9.7144,-1.6096,5.4442,214.549,0.0,0.0,0.0,206.099998474121,down,2026-08-20T11:03:16,0.0,0.0
SPXW,2026-10-02,42,Put,7575.0,SPXW261002P07575000,88.4,88.9,88.65,87.0,-14.45,-14.2435,4.0,11.0,0.1394,-0.3554,0.001,9.7144,-1.6096,-3.228,89.2308,87.92,87.92,87.0,101.449996948242,down,2026-08-21T15:36:32,0.0,0.0
SPXW,2026-10-02,42,Call,7580.0,SPXW261002C07580000,211.2,211.8,211.5,225.6,0.0,0.0,0.0,4.0,0.1388,0.6398,0.001,9.7574,-1.611,5.4059,210.9204,0.0,0.0,0.0,202.5,down,2026-08-20T10:03:35,0.0,0.0
SPXW,2026-10-02,42,Put,7580.0,SPXW261002P07580000,89.8,90.3,90.05,88.3,-14.65,-14.2302,12.0,26.0,0.1388,-0.3602,0.001,9.7574,-1.611,-3.272,90.577,92.07,92.31,88.3,102.949996948242,down,2026-08-21T15:36:32,0.0,0.0
SPXW,2026-10-02,42,Call,7590.0,SPXW261002C07590000,204.0,204.6,204.3,263.99,0.0,0.0,0.0,1.0,0.1377,0.6302,0.001,9.8397,-1.613,5.3285,203.7351,0.0,0.0,0.0,195.5,up,2026-08-19T11:01:43,0.0,0.0
SPXW,2026-10-02,42,Put,7590.0,SPXW261002P07590000,92.5,93.0,92.75,93.4,-12.5,-11.8036,3.0,19.0,0.1378,-0.3698,0.001,9.8397,-1.613,-3.3608,93.3413,93.4,93.4,93.4,105.899997711182,up,2026-08-21T16:09:35,0.0,0.0
SPXW,2026-10-02,42,Call,7600.0,SPXW261002C07600000,196.9,197.5,197.2,193.41,4.71,2.49603,1.0,10.0,0.1367,0.6203,0.0011,9.9168,-1.6142,5.25,196.6474,193.41,193.41,193.41,188.699996948242,up,2026-08-21T10:49:21,0.0,0.0
SPXW,2026-10-02,42,Put,7600.0,SPXW261002P07600000,95.3,95.9,95.6,96.1,-12.75,-11.7134,110.0,51.0,0.1367,-0.3797,0.0011,9.9168,-1.6142,-3.4507,96.2034,98.72,101.31,95.23,108.849998474121,up,2026-08-21T14:24:42,0.0,0.0
SPXW,2026-10-02,42,Call,7610.0,SPXW261002C07610000,189.9,190.5,190.2,0.0,0.0,0.0,0.0,0.0,0.1356,0.6102,0.0011,9.989,-1.6145,5.17,189.6599,0.0,0.0,0.0,181.850006103516,no_change,,0.0,0.0
SPXW,2026-10-02,42,Put,7610.0,SPXW261002P07610000,98.3,98.8,98.55,100.12,0.0,0.0,0.0,23.0,0.1357,-0.3898,0.0011,9.989,-1.6145,-3.5422,99.1655,0.0,0.0,0.0,112.100002288818,no_change,2026-08-20T10:49:59,0.0,0.0
SPXW,2026-10-02,42,Call,7620.0,SPXW261002C07620000,183.0,183.6,183.3,212.2,0.0,0.0,0.0,5.0,0.1347,0.5999,0.0011,10.0566,-1.6138,5.0875,182.7757,0.0,0.0,0.0,175.099998474121,down,2026-08-19T15:46:32,0.0,0.0
SPXW,2026-10-02,42,Put,7620.0,SPXW261002P07620000,101.3,101.9,101.6,102.1,-13.15,-11.41,1.0,143.0,0.1346,-0.4001,0.0011,10.0566,-1.6138,-3.6361,102.231,102.1,102.1,102.1,115.25,down,2026-08-21T16:02:18,0.0,0.0
SPXW,2026-10-02,42,Call,7625.0,SPXW261002C07625000,179.6,180.2,179.89999999999998,208.6,0.0,0.0,0.0,16.0,0.1342,0.5946,0.0011,10.0885,-1.6131,5.0451,179.3737,0.0,0.0,0.0,171.799995422363,up,2026-08-19T15:46:32,0.0,0.0
SPXW,2026-10-02,42,Put,7625.0,SPXW261002P07625000,102.9,103.4,103.15,101.72,-15.23,-13.0227,75.0,32.0,0.1341,-0.4053,0.0011,10.0885,-1.6131,-3.6843,103.8038,104.92,109.33,98.71,116.949996948242,up,2026-08-21T15:51:41,0.0,0.0
SPXW,2026-10-02,42,Call,7630.0,SPXW261002C07630000,176.2,176.8,176.5,205.0,0.0,0.0,0.0,3.0,0.1335,0.5894,0.0011,10.1192,-1.6122,5.0018,175.9992,0.0,0.0,0.0,168.5,down,2026-08-18T15:00:42,0.0,0.0
SPXW,2026-10-02,42,Put,7630.0,SPXW261002P07630000,104.5,105.0,104.75,105.26,-13.44,-11.3227,1.0,47.0,0.1336,-0.4106,0.0011,10.1192,-1.6122,-3.7333,105.4042,105.26,105.26,105.26,118.700000762939,down,2026-08-21T13:25:49,0.0,0.0
SPXW,2026-10-02,42,Call,7640.0,SPXW261002C07640000,169.4,170.1,169.75,165.08,3.03,1.86979,2.0,6.0,0.1326,0.5786,0.0011,10.1762,-1.6095,4.913,169.3352,165.08,165.08,165.08,162.050003051758,down,2026-08-21T10:46:06,0.0,0.0
SPXW,2026-10-02,42,Put,7640.0,SPXW261002P07640000,107.8,108.3,108.05,109.72,-12.33,-10.1024,2.0,62.0,0.1326,-0.4213,0.0011,10.1762,-1.6095,-3.8335,108.6898,109.72,109.72,109.72,122.050003051758,down,2026-08-21T10:10:55,0.0,0.0
SPXW,2026-10-02,42,Call,7650.0,SPXW261002C07650000,163.0,163.6,163.3,161.78,6.08,3.90495,2.0,21.0,0.1316,0.5676,0.0012,10.2266,-1.6057,4.8222,162.7875,161.78,161.78,161.78,155.699996948242,up,2026-08-21T10:12:26,0.0,0.0
SPXW,2026-10-02,42,Put,7650.0,SPXW261002P07650000,111.2,111.7,111.45,109.8,-15.85,-12.6144,156.0,71.0,0.1316,-0.4323,0.0012,10.2266,-1.6057,-3.9358,112.0919,115.48,115.48,109.1,125.650001525879,up,2026-08-21T15:58:16,0.0,0.0
SPXW,2026-10-02,42,Call,7660.0,SPXW261002C07660000,156.6,157.1,156.85,161.07,11.62,7.77518,4.0,25.0,0.1306,0.5565,0.0012,10.2695,-1.6008,4.7306,156.359,152.31,161.07,152.31,149.449996948242,up,2026-08-21T11:33:43,0.0,0.0
SPXW,2026-10-02,42,Put,7660.0,SPXW261002P07660000,114.7,115.2,114.95,111.7,-17.65,-13.6452,3.0,7.0,0.1306,-0.4435,0.0012,10.2695,-1.6008,-4.0388,115.613,122.68,122.68,111.7,129.350006103516,down,2026-08-21T12:21:12,0.0,0.0
SPXW,2026-10-02,42,Call,7670.0,SPXW261002C07670000,150.2,150.8,150.5,149.04,5.69,3.9693,2.0,8.0,0.1296,0.5451,0.0012,10.305,-1.5948,4.6383,150.0517,149.04,149.04,149.04,143.350006103516,down,2026-08-21T10:12:26,0.0,0.0
SPXW,2026-10-02,42,Put,7670.0,SPXW261002P07670000,118.3,118.9,118.6,113.58,-19.62,-14.7297,22.0,13.0,0.1296,-0.4549,0.0012,10.305,-1.5948,-4.1426,119.2555,126.54,126.54,113.58,133.199996948242,down,2026-08-21T11:40:45,0.0,0.0
SPXW,2026-10-02,42,Call,7675.0,SPXW261002C07675000,147.1,147.7,147.39999999999998,151.51,11.16,7.95155,4.0,7.0,0.1292,0.5393,0.0012,10.32,-1.5913,4.5916,146.9444,151.61,151.61,151.51,140.350006103516,down,2026-08-21T11:33:43,0.0,0.0
SPXW,2026-10-02,42,Put,7675.0,SPXW261002P07675000,120.2,120.7,120.45,118.67,-16.43,-12.1614,143.0,28.0,0.1291,-0.4606,0.0012,10.32,-1.5913,-4.195,121.123,126.63,127.19,115.05,135.099998474121,up,2026-08-21T15:42:01,0.0,0.0
SPXW,2026-10-02,42,Call,7680.0,SPXW261002C07680000,144.0,144.6,144.3,138.91,0.0,0.0,0.0,73.0,0.1287,0.5335,0.0012,10.333,-1.5876,4.5442,143.8685,0.0,0.0,0.0,137.350006103516,up,2026-08-20T15:41:46,0.0,0.0
SPXW,2026-10-02,42,Put,7680.0,SPXW261002P07680000,122.1,122.6,122.35,123.37,-13.73,-10.0146,2.0,48.0,0.1287,-0.4664,0.0012,10.333,-1.5876,-4.2481,123.0219,117.18,123.37,117.18,137.099998474121,up,2026-08-21T13:59:58,0.0,0.0
SPXW,2026-10-02,42,Call,7690.0,SPXW261002C07690000,138.0,138.6,138.3,145.8,14.35,10.9167,3.0,7.0,0.1277,0.5218,0.0012,10.3533,-1.5792,4.4472,137.8133,149.2,149.2,145.8,131.449996948242,down,2026-08-21T12:05:32,0.0,0.0
SPXW,2026-10-02,42,Put,7690.0,SPXW261002P07690000,126.0,126.5,126.25,137.89,0.0,0.0,0.0,43.0,0.1277,-0.4782,0.0012,10.3533,-1.5792,-4.3565,126.9164,0.0,0.0,0.0,141.300003051758,up,2026-08-20T14:05:46,0.0,0.0
SPXW,2026-10-02,42,Call,7700.0,SPXW261002C07700000,132.1,132.6,132.35,132.45,6.7,5.32803,15.0,1184.0,0.1268,0.5098,0.0012,10.3653,-1.5696,4.3471,131.8912,131.68,142.11,128.32,125.75,down,2026-08-21T16:12:09,0.0,0.0
SPXW,2026-10-02,42,Put,7700.0,SPXW261002P07700000,130.0,130.5,130.25,132.8,-12.7,-8.72852,34.0,1217.0,0.1268,-0.4901,0.0012,10.3653,-1.5696,-4.4681,130.944,129.08,132.92,123.81,145.5,down,2026-08-21T14:34:03,0.0,0.0
SPXW,2026-10-02,42,Call,7710.0,SPXW261002C07710000,126.3,126.8,126.55,131.85,11.75,9.78351,5.0,56.0,0.1259,0.4977,0.0012,10.3684,-1.5588,4.2451,126.1063,125.91,131.85,122.69,120.100002288818,up,2026-08-21T15:47:20,0.0,0.0
SPXW,2026-10-02,42,Put,7710.0,SPXW261002P07710000,134.1,134.7,134.39999999999998,137.0,-12.7,-8.48363,5.0,31.0,0.1259,-0.5022,0.0012,10.3684,-1.5588,-4.5815,135.1087,137.12,137.12,137.0,149.699996948242,down,2026-08-21T14:34:03,0.0,0.0
SPXW,2026-10-02,42,Call,7720.0,SPXW261002C07720000,120.6,121.2,120.9,133.08,0.0,0.0,0.0,75.0,0.125,0.4855,0.0012,10.3625,-1.5467,4.1429,120.4611,0.0,0.0,0.0,114.650001525879,no_change,2026-08-20T10:32:27,0.0,0.0
SPXW,2026-10-02,42,Put,7720.0,SPXW261002P07720000,138.4,139.0,138.7,142.25,0.0,0.0,0.0,43.0,0.125,-0.5145,0.0012,10.3625,-1.5467,-4.6952,139.4133,0.0,0.0,0.0,154.300003051758,down,2026-08-20T12:28:13,0.0,0.0
SPXW,2026-10-02,42,Call,7725.0,SPXW261002C07725000,117.8,118.4,118.1,121.13,9.18,8.20009,5.0,29.0,0.1246,0.4793,0.0012,10.3561,-1.5401,4.0918,117.6913,127.0,127.0,121.13,111.949996948242,down,2026-08-21T14:58:57,0.0,0.0
SPXW,2026-10-02,42,Put,7725.0,SPXW261002P07725000,140.6,141.2,140.89999999999998,140.89,-15.61,-9.97444,8.0,186.0,0.1246,-0.5207,0.0012,10.3561,-1.5401,-4.752,141.6183,147.78,147.78,139.53,156.5,down,2026-08-21T16:14:47,0.0,0.0
SPXW,2026-10-02,42,Call,7730.0,SPXW261002C07730000,115.1,115.7,115.4,124.17,0.0,0.0,0.0,26.0,0.1242,0.4731,0.0012,10.3475,-1.5333,4.0406,114.957,0.0,0.0,0.0,109.349998474121,down,2026-08-20T12:34:41,0.0,0.0
SPXW,2026-10-02,42,Put,7730.0,SPXW261002P07730000,142.9,143.4,143.15,141.15,0.0,0.0,0.0,19.0,0.1242,-0.5269,0.0012,10.3475,-1.5333,-4.8089,143.8588,0.0,0.0,0.0,158.850006103516,up,2026-08-18T09:45:11,0.0,0.0
SPXW,2026-10-02,42,Call,7740.0,SPXW261002C07740000,109.7,110.3,110.0,119.9,15.75,15.1224,2.0,25.0,0.1233,0.4606,0.0012,10.3229,-1.5186,3.9373,109.5956,119.9,119.9,119.9,104.150001525879,down,2026-08-21T11:43:09,0.0,0.0
SPXW,2026-10-02,42,Put,7740.0,SPXW261002P07740000,147.5,148.0,147.75,144.45,0.0,0.0,0.0,21.0,0.1233,-0.5394,0.0012,10.3229,-1.5186,-4.9237,148.4471,0.0,0.0,0.0,163.699996948242,down,2026-08-18T12:28:42,0.0,0.0
SPXW,2026-10-02,42,Call,7750.0,SPXW261002C07750000,104.5,105.1,104.8,108.5,9.45,9.54063,17.0,32.0,0.1225,0.4479,0.0012,10.2881,-1.5027,3.8314,104.3805,109.06,118.2,101.0,99.0500030517578,up,2026-08-21T15:03:44,0.0,0.0
SPXW,2026-10-02,42,Put,7750.0,SPXW261002P07750000,152.2,152.8,152.5,154.57,-13.93,-8.26706,3.0,154.0,0.1225,-0.552,0.0012,10.2881,-1.5027,-5.041,153.1817,159.24,159.24,152.71,168.5,up,2026-08-21T14:42:00,0.0,0.0
SPXW,2026-10-02,42,Call,7760.0,SPXW261002C07760000,99.4,100.0,99.7,109.75,15.6,16.5693,1.0,8.0,0.1216,0.4352,0.0012,10.2425,-1.4855,3.7231,99.3157,109.75,109.75,109.75,94.1500015258789,down,2026-08-21T11:59:34,0.0,0.0
SPXW,2026-10-02,42,Put,7760.0,SPXW261002P07760000,157.1,157.6,157.35,154.5,0.0,0.0,0.0,14.0,0.1216,-0.5647,0.0012,10.2425,-1.4855,-5.1607,158.0666,0.0,0.0,0.0,173.699996948242,down,2026-08-18T15:15:51,0.0,0.0
SPXW,2026-10-02,42,Call,7770.0,SPXW261002C07770000,94.5,95.1,94.8,96.52,7.07,7.90386,12.0,28.0,0.1208,0.4224,0.0012,10.1864,-1.467,3.6142,94.4037,98.88,98.88,95.09,89.4499969482422,down,2026-08-21T11:15:08,0.0,0.0
SPXW,2026-10-02,42,Put,7770.0,SPXW261002P07770000,162.1,162.7,162.39999999999998,168.6,-10.3,-5.75741,6.0,16.0,0.1209,-0.5775,0.0012,10.1864,-1.467,-5.2811,163.1043,168.6,168.6,168.6,178.900001525879,up,2026-08-21T10:02:46,0.0,0.0
SPXW,2026-10-02,42,Call,7775.0,SPXW261002C07775000,92.1,92.7,92.4,95.21,8.06,9.24842,2.0,15.0,0.1204,0.416,0.0012,10.1547,-1.4572,3.5601,92.0053,95.21,95.21,95.21,87.1500015258789,up,2026-08-21T14:58:57,0.0,0.0
SPXW,2026-10-02,42,Put,7775.0,SPXW261002P07775000,164.7,165.2,164.95,155.81,-25.69,-14.1543,6.0,189.0,0.1205,-0.5839,0.0012,10.1547,-1.4572,-5.3409,165.6807,165.53,165.53,155.81,181.5,down,2026-08-21T11:52:14,0.0,0.0
SPXW,2026-10-02,42,Call,7780.0,SPXW261002C07780000,89.7,90.3,90.0,98.21,13.36,15.7454,2.0,18.0,0.1201,0.4096,0.0012,10.1206,-1.4472,3.5063,89.645,86.1,98.21,86.1,84.8499984741211,up,2026-08-21T11:49:51,0.0,0.0
SPXW,2026-10-02,42,Put,7780.0,SPXW261002P07780000,167.3,167.8,167.55,165.38,0.0,0.0,0.0,39.0,0.1201,-0.5904,0.0012,10.1206,-1.4472,-5.4004,168.2952,0.0,0.0,0.0,184.099998474121,up,2026-08-18T10:14:01,0.0,0.0
SPXW,2026-10-02,42,Call,7790.0,SPXW261002C07790000,85.1,85.7,85.4,81.79,1.34,1.66563,11.0,22.0,0.1193,0.3967,0.0012,10.0454,-1.4262,3.3992,85.0388,81.7,81.79,81.7,80.4499969482422,up,2026-08-21T10:35:25,0.0,0.0
SPXW,2026-10-02,42,Put,7790.0,SPXW261002P07790000,172.6,173.2,172.89999999999998,174.86,0.0,0.0,0.0,7.0,0.1194,-0.6032,0.0012,10.0454,-1.4262,-5.519,173.6387,0.0,0.0,0.0,189.699996948242,up,2026-08-20T13:12:34,0.0,0.0
SPXW,2026-10-02,42,Call,7800.0,SPXW261002C07800000,80.7,81.2,80.95,91.45,15.3,20.0919,25.0,57.0,0.1186,0.3838,0.0012,9.9597,-1.404,3.291,80.5858,84.8,91.45,77.49,76.1500015258789,up,2026-08-21T11:56:07,0.0,0.0
SPXW,2026-10-02,42,Put,7800.0,SPXW261002P07800000,178.1,178.8,178.45,178.6,-16.7,-8.55095,5.0,68.0,0.1186,-0.6161,0.0012,9.9597,-1.404,-5.6386,179.1354,179.3,179.3,170.06,195.300003051758,up,2026-08-21T16:05:34,0.0,0.0
SPXW,2026-10-02,42,Call,7825.0,SPXW261002C07825000,70.2,70.7,70.45,73.55,7.5,11.355,6.0,72.0,0.1169,0.3517,0.0012,9.6948,-1.3435,3.0157,70.1352,74.12,74.12,73.55,66.0500030517578,down,2026-08-21T11:03:41,0.0,0.0
SPXW,2026-10-02,42,Put,7825.0,SPXW261002P07825000,192.4,193.0,192.7,189.71,-20.39,-9.7049,3.0,47.0,0.1169,-0.6482,0.0012,9.6948,-1.3435,-5.9424,193.5591,189.93,189.93,189.71,210.099998474121,down,2026-08-21T11:33:18,0.0,0.0
SPXW,2026-10-02,42,Call,7850.0,SPXW261002C07850000,60.6,61.1,60.85,61.07,4.12,7.23441,5.0,116.0,0.1151,0.32,0.0012,9.3717,-1.2763,2.7486,60.6487,61.14,61.14,58.95,56.9500007629394,up,2026-08-21T16:12:09,0.0,0.0
SPXW,2026-10-02,42,Put,7850.0,SPXW261002P07850000,207.8,208.4,208.10000000000002,200.8,-25.15,-11.1308,5.0,25.0,0.1152,-0.6799,0.0012,9.3717,-1.2763,-6.2382,208.9468,215.2,215.2,200.8,225.950004577637,down,2026-08-21T11:37:05,0.0,0.0
SPXW,2026-10-02,42,Call,7875.0,SPXW261002C07875000,52.0,52.5,52.25,54.2,5.45,11.1795,14.0,135.0,0.1137,0.2891,0.0012,8.9851,-1.2033,2.4819,52.1051,50.6,60.75,50.6,48.75,up,2026-08-21T15:59:33,0.0,0.0
SPXW,2026-10-02,42,Put,7875.0,SPXW261002P07875000,223.1,225.4,224.25,197.8,0.0,0.0,0.0,20.0,0.1141,-0.7109,0.0012,8.9851,-1.2033,-6.5335,225.2773,0.0,0.0,0.0,242.800003051758,down,2026-08-19T11:50:30,0.0,0.0
SPXW,2026-10-02,42,Call,7900.0,SPXW261002C07900000,44.4,44.9,44.65,46.36,4.86,11.7108,5.0,82.0,0.1124,0.2592,0.0011,8.5499,-1.1255,2.2286,44.4739,48.0,48.0,45.0,41.5,up,2026-08-21T14:54:39,0.0,0.0
SPXW,2026-10-02,42,Put,7900.0,SPXW261002P07900000,238.8,244.1,241.45,214.8,0.0,0.0,0.0,9.0,0.1127,-0.7408,0.0011,8.5499,-1.1255,-6.8154,242.5203,0.0,0.0,0.0,260.399993896484,down,2026-08-19T09:59:58,0.0,0.0
SPXW,2026-10-02,42,Call,7925.0,SPXW261002C07925000,37.6,38.1,37.85,41.45,6.4,18.2596,5.0,79.0,0.1111,0.2306,0.001,8.0668,-1.0443,1.9816,37.7102,37.1,41.45,35.71,35.0499992370606,no_change,2026-08-21T12:16:07,0.0,0.0
SPXW,2026-10-02,42,Put,7925.0,SPXW261002P07925000,256.9,262.3,259.6,0.0,0.0,0.0,0.0,0.0,0.1115,-0.7693,0.001,8.0668,-1.0443,-7.091,260.6309,0.0,0.0,0.0,278.850006103516,no_change,,0.0,0.0
SPXW,2026-10-02,42,Call,7950.0,SPXW261002C07950000,31.6,32.1,31.85,32.08,2.58,8.74576,28.0,85.0,0.11,0.2037,0.001,7.5507,-0.9609,1.7523,31.7662,31.38,39.2,30.1,29.5,down,2026-08-21T16:11:49,0.0,0.0
SPXW,2026-10-02,42,Put,7950.0,SPXW261002P07950000,275.8,281.4,278.6,263.76,0.0,0.0,0.0,1.0,0.1105,-0.7963,0.001,7.5507,-0.9609,-7.3489,279.5611,0.0,0.0,0.0,298.099990844727,up,2026-08-18T11:41:49,0.0,0.0
SPXW,2026-10-02,42,Call,7975.0,SPXW261002C07975000,26.5,26.9,26.7,26.89,2.24,9.08722,27.0,68.0,0.109,0.1785,0.0009,7.0077,-0.8769,1.5339,26.5853,26.6,29.63,26.0,24.6499996185303,down,2026-08-21T16:12:09,0.0,0.0
SPXW,2026-10-02,42,Put,7975.0,SPXW261002P07975000,295.3,301.1,298.20000000000005,313.55,0.0,0.0,0.0,3.0,0.1096,-0.8214,0.0009,7.0077,-0.8769,-7.5959,299.2544,0.0,0.0,0.0,318.099990844727,up,2026-08-20T15:26:58,0.0,0.0
SPXW,2026-10-02,42,Call,8000.0,SPXW261002C08000000,22.0,22.4,22.2,22.15,1.7,8.31296,170.0,243.0,0.1082,0.1553,0.0008,6.4511,-0.7935,1.3359,22.1098,21.88,28.0,21.1,20.4499998092651,no_change,2026-08-21T16:13:32,0.0,0.0
SPXW,2026-10-02,42,Put,8000.0,SPXW261002P08000000,315.8,321.7,318.75,329.09,-9.76,-2.88033,1.0,1.0,0.1089,-0.8446,0.0008,6.4511,-0.7935,-7.8225,319.6531,329.09,329.09,329.09,338.850006103516,down,2026-08-21T10:39:22,0.0,0.0
SPXW,2026-10-02,42,Call,8025.0,SPXW261002C08025000,18.1,18.6,18.35,18.35,1.45,8.57988,50.0,117.0,0.1074,0.1341,0.0008,5.8903,-0.7122,1.1517,18.2786,18.53,21.24,18.0,16.8999996185303,no_change,2026-08-21T16:13:32,0.0,0.0
SPXW,2026-10-02,42,Put,8025.0,SPXW261002P08025000,336.7,342.7,339.7,0.0,0.0,0.0,0.0,0.0,0.108,-0.8658,0.0008,5.8903,-0.7122,-8.0353,340.6961,0.0,0.0,0.0,360.050003051758,no_change,,0.0,0.0
SPXW,2026-10-02,42,Call,8050.0,SPXW261002C08050000,14.9,15.3,15.100000000000001,16.2,2.3,16.5468,51.0,154.0,0.1066,0.115,0.0007,5.3363,-0.6343,0.9887,15.0293,14.99,18.6,14.99,13.9000000953674,down,2026-08-21T15:43:11,0.0,0.0
SPXW,2026-10-02,42,Put,8050.0,SPXW261002P08050000,358.2,364.4,361.29999999999995,0.0,0.0,0.0,0.0,0.0,0.1076,-0.8849,0.0007,5.3363,-0.6343,-8.2269,362.321,0.0,0.0,0.0,382.0,no_change,,0.0,0.0
SPXW,2026-10-02,42,Call,8100.0,SPXW261002C08100000,9.9,10.2,10.05,11.12,1.87,20.2162,56.0,155.0,0.1056,0.083,0.0006,4.286,-0.4927,0.713,10.0299,10.1,13.89,9.95,9.25,up,2026-08-21T15:45:58,0.0,0.0
SPXW,2026-10-02,42,Put,8100.0,SPXW261002P08100000,394.7,418.3,406.5,0.0,0.0,0.0,0.0,0.0,0.1069,-0.9169,0.0006,4.286,-0.4927,-8.5598,407.0701,0.0,0.0,0.0,425.449996948242,no_change,,0.0,0.0
SPXW,2026-10-02,42,Call,8150.0,SPXW261002C08150000,6.5,6.8,6.65,7.3,1.2,19.6721,1570.0,101.0,0.1051,0.0589,0.0004,3.3616,-0.3746,0.5048,6.6308,6.67,8.55,6.65,6.09999990463257,down,2026-08-21T15:45:38,0.0,0.0
SPXW,2026-10-02,42,Put,8150.0,SPXW261002P08150000,441.3,464.6,452.95000000000005,0.0,0.0,0.0,0.0,0.0,0.1066,-0.9411,0.0004,3.3616,-0.3746,-8.8252,453.4194,0.0,0.0,0.0,473.399993896484,no_change,,0.0,0.0
SPXW,2026-10-02,42,Call,8200.0,SPXW261002C08200000,4.2,4.6,4.4,4.5,0.35,8.43373,111.0,119.0,0.1052,0.0414,0.0003,2.5976,-0.2819,0.3545,4.3982,4.54,5.65,4.45,4.15000009536743,down,2026-08-21T16:03:18,0.0,0.0
SPXW,2026-10-02,42,Put,8200.0,SPXW261002P08200000,488.4,512.1,500.25,0.0,0.0,0.0,0.0,0.0,0.1076,-0.9585,0.0003,2.5976,-0.2819,-9.0327,500.9352,0.0,0.0,0.0,521.049987792969,no_change,,0.0,0.0
SPXW,2026-10-02,42,Call,8250.0,SPXW261002C08250000,2.85,3.1,2.975,3.54,0.74,26.4286,16.0,138.0,0.1061,0.0293,0.0002,1.9998,-0.2127,0.2503,2.9708,2.97,3.83,2.97,2.80000007152557,up,2026-08-21T15:01:31,0.0,0.0
SPXW,2026-10-02,42,Put,8250.0,SPXW261002P08250000,536.9,560.4,548.65,0.0,0.0,0.0,0.0,0.0,0.109,-0.9706,0.0002,1.9998,-0.2127,-9.1941,549.2562,0.0,0.0,0.0,569.049987792969,no_change,,0.0,0.0
SPXW,2026-10-02,42,Call,8300.0,SPXW261002C08300000,2.0,2.15,2.075,2.2,0.225,11.3924,152.0,419.0,0.1074,0.0212,0.0002,1.551,-0.1631,0.1798,2.0713,2.13,2.7,2.09,1.97499996423721,down,2026-08-21T15:55:24,0.0,0.0
SPXW,2026-10-02,42,Put,8300.0,SPXW261002P08300000,585.4,606.4,595.9,0.0,0.0,0.0,0.0,0.0,0.1116,-0.9788,0.0002,1.551,-0.1631,-9.3218,598.1051,0.0,0.0,0.0,618.200012207031,no_change,,0.0,0.0
SPXW,2026-10-02,42,Call,8350.0,SPXW261002C08350000,1.4,1.55,1.475,1.5,0.075,5.26316,5.0,126.0,0.1095,0.0157,0.0001,1.2223,-0.1283,0.133,1.5036,1.85,1.85,1.5,1.42500001192093,down,2026-08-21T16:03:48,0.0,0.0
SPXW,2026-10-02,42,Put,8350.0,SPXW261002P08350000,634.6,658.4,646.5,0.0,0.0,0.0,0.0,0.0,0.115,-0.9843,0.0001,1.2223,-0.1283,-9.4258,647.2859,0.0,0.0,0.0,667.100006103516,no_change,,0.0,0.0
SPXW,2026-10-02,42,Call,8400.0,SPXW261002C08400000,1.05,1.2,1.125,1.27,0.145,12.8889,1.0,50.0,0.112,0.012,0.0001,0.9835,-0.1039,0.1017,1.1391,1.27,1.27,1.27,1.125,up,2026-08-21T15:45:58,0.0,0.0
SPXW,2026-10-02,42,Put,8400.0,SPXW261002P08400000,683.9,704.8,694.3499999999999,0.0,0.0,0.0,0.0,0.0,0.119,-0.9879,0.0001,0.9835,-0.1039,-9.5144,696.6698,0.0,0.0,0.0,716.599975585938,no_change,,0.0,0.0
SPXW,2026-10-02,42,Call,8450.0,SPXW261002C08450000,0.8,1.0,0.9,0.95,0.0,0.0,0.0,14.0,0.1154,0.0095,0.0001,0.8078,-0.0866,0.0798,0.8969,0.0,0.0,0.0,0.875,down,2026-08-20T15:19:03,0.0,0.0
SPXW,2026-10-02,42,Put,8450.0,SPXW261002P08450000,733.4,754.6,744.0,0.0,0.0,0.0,0.0,0.0,0.1234,-0.9905,0.0001,0.8078,-0.0866,-9.5934,746.176,0.0,0.0,0.0,766.349975585938,no_change,,0.0,0.0
SPXW,2026-10-02,42,Call,8500.0,SPXW261002C08500000,0.65,0.8,0.7250000000000001,1.0,0.275,37.931,6.0,27.0,0.1187,0.0077,0.0001,0.676,-0.0738,0.0646,0.7292,0.81,1.0,0.81,0.724999994039536,up,2026-08-21T11:53:33,0.0,0.0
SPXW,2026-10-02,42,Put,8500.0,SPXW261002P08500000,783.0,804.1,793.55,0.0,0.0,0.0,0.0,0.0,0.1283,-0.9923,0.0001,0.6764,-0.0738,-9.6658,795.7572,0.0,0.0,0.0,815.800018310547,no_change,,0.0,0.0
SPXW,2026-10-02,42,Call,8600.0,SPXW261002C08600000,0.4,0.6,0.5,0.65,0.15,30.0,17.0,5.0,0.1264,0.0054,0.0,0.4958,-0.0567,0.0448,0.5191,0.5,0.65,0.5,0.500000014901161,no_change,2026-08-21T12:25:18,0.0,0.0
SPXW,2026-10-02,42,Put,8600.0,SPXW261002P08600000,882.5,906.3,894.4,0.0,0.0,0.0,0.0,0.0,0.1386,-0.9946,0.0,0.496,-0.0567,-9.8,895.0438,0.0,0.0,0.0,914.799987792969,no_change,,0.0,0.0
SPXW,2026-10-02,42,Call,8800.0,SPXW261002C08800000,0.2,0.4,0.30000000000000004,0.35,0.05,16.6667,1.0,0.0,0.1425,0.0031,0.0,0.3015,-0.0383,0.0254,0.3147,0.35,0.35,0.35,0.299999997019768,up,2026-08-21T15:01:31,0.0,0.0
SPXW,2026-10-02,42,Put,8800.0,SPXW261002P08800000,1081.2,1105.1,1093.15,0.0,0.0,0.0,0.0,0.0,0.1601,-0.9969,0.0,0.3016,-0.0383,-10.0482,1093.8325,0.0,0.0,0.0,1113.79998779297,no_change,,0.0,0.0
SPXW,2026-10-02,42,Call,9000.0,SPXW261002C09000000,0.1,0.3,0.2,0.22,0.02,10.0,1.0,2.0,0.1568,0.002,0.0,0.2013,-0.0283,0.0162,0.2148,0.22,0.22,0.22,0.200000002980232,up,2026-08-21T12:28:00,0.0,0.0
SPXW,2026-10-02,42,Put,9000.0,SPXW261002P09000000,1280.2,1303.5,1291.85,0.0,0.0,0.0,0.0,0.0,0.1836,-0.998,0.0,0.2015,-0.0283,-10.2862,1292.7266,0.0,0.0,0.0,1312.94995117188,no_change,,0.0,0.0
SPXW,2026-10-02,42,Call,9200.0,SPXW261002C09200000,0.05,0.25,0.15,0.2,0.0,0.0,0.0,2.0,0.1724,0.0013,0.0,0.1416,-0.0218,0.0111,0.1553,0.0,0.0,0.0,0.150000002235174,up,2026-08-20T15:49:20,0.0,0.0
SPXW,2026-10-02,42,Put,9200.0,SPXW261002P09200000,1479.2,1503.1,1491.15,0.0,0.0,0.0,0.0,0.0,0.2064,-0.9986,0.0,0.1417,-0.0218,-10.5202,1491.6608,0.0,0.0,0.0,1511.34997558594,no_change,,0.0,0.0
SPXW,2026-10-02,42,Call,9400.0,SPXW261002C09400000,0.0,0.2,0.1,0.2,0.0,0.0,0.0,1.0,0.1886,0.001,0.0,0.1032,-0.0172,0.0078,0.1163,0.0,0.0,0.0,0.125000001862645,up,2026-08-19T14:46:37,0.0,0.0
SPXW,2026-10-02,42,Put,9400.0,SPXW261002P09400000,1678.4,1702.1,1690.25,0.0,0.0,0.0,0.0,0.0,0.2284,-0.999,0.0,0.1028,-0.0172,-10.7523,1690.6147,0.0,0.0,0.0,1710.84997558594,no_change,,0.0,0.0
SPXW,2026-10-02,42,Call,9600.0,SPXW261002C09600000,0.0,0.2,0.1,0.0,0.0,0.0,0.0,0.0,0.2067,0.0007,0.0,0.0763,-0.0137,0.0057,0.0879,0.0,0.0,0.0,0.0750000029802322,no_change,,0.0,0.0
SPXW,2026-10-02,42,Put,9600.0,SPXW261002P09600000,1877.2,1898.1,1887.65,0.0,0.0,0.0,0.0,0.0,0.2497,-0.9993,0.0,0.076,-0.0136,-10.9832,1889.5801,0.0,0.0,0.0,1909.75,no_change,,0.0,0.0
SPXW,2026-10-02,42,Call,9800.0,SPXW261002C09800000,0.0,0.15,0.075,0.15,0.0,0.0,0.0,1.0,0.2205,0.0005,0.0,0.0572,-0.0109,0.0042,0.0671,0.0,0.0,0.0,0.0750000029802322,down,2026-08-14T11:29:37,0.0,0.0
SPXW,2026-10-02,42,Put,9800.0,SPXW261002P09800000,2076.2,2100.0,2088.1,0.0,0.0,0.0,0.0,0.0,0.2704,-0.9994,0.0,0.057,-0.0108,-11.2136,2088.5531,0.0,0.0,0.0,2108.79992675781,no_change,,0.0,0.0
SPXW,2026-10-02,42,Call,10000.0,SPXW261002C10000000,0.0,0.15,0.075,0.0,0.0,0.0,0.0,0.0,0.2374,0.0004,0.0,0.0433,-0.0087,0.0031,0.0515,0.0,0.0,0.0,0.0500000007450581,no_change,,0.0,0.0
SPXW,2026-10-02,42,Put,10000.0,SPXW261002P10000000,2276.3,2299.1,2287.7,0.0,0.0,0.0,0.0,0.0,0.2905,-0.9996,0.0,0.043,-0.0087,-11.4434,2287.5312,0.0,0.0,0.0,2307.44995117188,no_change,,0.0,0.0
SPXW,2026-10-05,45,Call,3200.0,SPXW261005C03200000,4469.0,4492.8,4480.9,0.0,0.0,0.0,0.0,0.0,0.856,0.9996,0.0,0.0338,-0.0261,3.75,4478.8859,0.0,0.0,0.0,4457.85009765625,no_change,,0.0,0.0
SPXW,2026-10-05,45,Put,3200.0,SPXW261005P03200000,0.1,0.25,0.175,0.17,0.0,0.0,0.0,1.0,0.7579,-0.0003,0.0,0.0337,-0.026,-0.0031,0.1767,0.0,0.0,0.0,0.175000000745058,up,2026-08-20T10:12:08,0.0,0.0
SPXW,2026-10-05,45,Call,3400.0,SPXW261005C03400000,4270.1,4293.9,4282.0,0.0,0.0,0.0,0.0,0.0,0.8066,0.9996,0.0,0.0401,-0.0292,3.9836,4279.9414,0.0,0.0,0.0,4259.60009765625,no_change,,0.0,0.0
SPXW,2026-10-05,45,Put,3400.0,SPXW261005P03400000,0.1,0.25,0.175,0.0,0.0,0.0,0.0,0.0,0.7228,-0.0004,0.0,0.04,-0.0291,-0.0037,0.2016,0.0,0.0,0.0,0.225000008940697,no_change,,0.0,0.0
SPXW,2026-10-05,45,Call,3600.0,SPXW261005C03600000,4071.2,4094.9,4083.05,0.0,0.0,0.0,0.0,0.0,0.7504,0.9994,0.0,0.0488,-0.0336,4.217,4081.0085,0.0,0.0,0.0,4059.95007324219,no_change,,0.0,0.0
SPXW,2026-10-05,45,Put,3600.0,SPXW261005P03600000,0.15,0.35,0.25,0.0,0.0,0.0,0.0,0.0,0.6861,-0.0005,0.0,0.0487,-0.0335,-0.0046,0.238,0.0,0.0,0.0,0.274999998509884,no_change,,0.0,0.0
SPXW,2026-10-05,45,Call,3800.0,SPXW261005C03800000,3872.1,3896.0,3884.05,0.0,0.0,0.0,0.0,0.0,0.7057,0.9993,0.0,0.0611,-0.0398,4.45,3882.0924,0.0,0.0,0.0,3861.90002441406,no_change,,0.0,0.0
SPXW,2026-10-05,45,Put,3800.0,SPXW261005P03800000,0.25,0.4,0.325,0.0,0.0,0.0,0.0,0.0,0.653,-0.0006,0.0,0.0609,-0.0397,-0.0058,0.2912,0.0,0.0,0.0,0.375,no_change,,0.0,0.0
SPXW,2026-10-05,45,Call,4000.0,SPXW261005C04000000,3675.9,3697.0,3686.45,3691.95,29.45,0.804096,1.0,0.0,0.6551,0.9991,0.0,0.0785,-0.0485,4.6824,3683.2002,3691.95,3691.95,3691.95,3662.5,up,2026-08-21T15:53:00,0.0,0.0
SPXW,2026-10-05,45,Put,4000.0,SPXW261005P04000000,0.35,0.5,0.425,0.46,0.0,0.0,0.0,70.0,0.6217,-0.0008,0.0,0.0784,-0.0484,-0.0076,0.3683,0.0,0.0,0.0,0.475000008940697,up,2026-08-20T13:23:47,0.0,0.0
SPXW,2026-10-05,45,Call,4200.0,SPXW261005C04200000,3477.0,3498.1,3487.55,0.0,0.0,0.0,0.0,0.0,0.6141,0.9988,0.0,0.1024,-0.0604,4.9142,3484.3406,0.0,0.0,0.0,3463.84997558594,no_change,,0.0,0.0
SPXW,2026-10-05,45,Put,4200.0,SPXW261005P04200000,0.45,0.6,0.525,0.0,0.0,0.0,0.0,0.0,0.5886,-0.0011,0.0,0.1022,-0.0602,-0.0101,0.4779,0.0,0.0,0.0,0.574999988079071,no_change,,0.0,0.0
SPXW,2026-10-05,45,Call,4400.0,SPXW261005C04400000,3275.3,3298.5,3286.9,0.0,0.0,0.0,0.0,0.0,0.5802,0.9984,0.0,0.1354,-0.0758,5.1448,3285.5227,0.0,0.0,0.0,3264.65002441406,no_change,,0.0,0.0
SPXW,2026-10-05,45,Put,4400.0,SPXW261005P04400000,0.6,0.75,0.675,0.0,0.0,0.0,0.0,0.0,0.5586,-0.0015,0.0,0.1351,-0.0757,-0.0137,0.6292,0.0,0.0,0.0,0.775000005960464,no_change,,0.0,0.0
SPXW,2026-10-05,45,Call,4600.0,SPXW261005C04600000,3076.6,3100.4,3088.5,0.0,0.0,0.0,0.0,0.0,0.5408,0.9979,0.0,0.1787,-0.0956,5.3741,3086.7577,0.0,0.0,0.0,3065.95007324219,no_change,,0.0,0.0
SPXW,2026-10-05,45,Put,4600.0,SPXW261005P04600000,0.75,0.95,0.85,0.95,-0.025,-2.5641,1.0,0.0,0.5284,-0.002,0.0,0.1784,-0.0954,-0.0186,0.8335,0.95,0.95,0.95,0.974999964237213,down,2026-08-21T15:33:50,0.0,0.0
SPXW,2026-10-05,45,Call,4800.0,SPXW261005C04800000,2877.8,2901.6,2889.7,0.0,0.0,0.0,0.0,0.0,0.5108,0.9972,0.0,0.2361,-0.1199,5.6017,2888.0564,0.0,0.0,0.0,2868.15002441406,no_change,,0.0,0.0
SPXW,2026-10-05,45,Put,4800.0,SPXW261005P04800000,1.0,1.2,1.1,0.0,0.0,0.0,0.0,0.0,0.5003,-0.0028,0.0,0.2358,-0.1197,-0.0252,1.1016,0.0,0.0,0.0,1.32499998807907,no_change,,0.0,0.0
SPXW,2026-10-05,45,Call,5000.0,SPXW261005C05000000,2679.2,2701.3,2690.25,0.0,0.0,0.0,0.0,0.0,0.4793,0.9962,0.0,0.3088,-0.1492,5.8271,2689.4323,0.0,0.0,0.0,2669.40002441406,no_change,,0.0,0.0
SPXW,2026-10-05,45,Put,5000.0,SPXW261005P05000000,1.35,1.5,1.425,1.61,0.0,0.0,0.0,70.0,0.4737,-0.0037,0.0,0.3086,-0.149,-0.034,1.4467,0.0,0.0,0.0,1.75,up,2026-08-20T13:23:47,0.0,0.0
SPXW,2026-10-05,45,Call,5200.0,SPXW261005C05200000,2480.6,2504.4,2492.5,0.0,0.0,0.0,0.0,0.0,0.4496,0.995,0.0,0.4026,-0.1836,6.0497,2490.8988,0.0,0.0,0.0,2470.40002441406,no_change,,0.0,0.0
SPXW,2026-10-05,45,Put,5200.0,SPXW261005P05200000,1.8,1.95,1.875,1.95,-0.325,-14.2857,1.0,29.0,0.4466,-0.005,0.0,0.4023,-0.1834,-0.0457,1.8828,1.95,1.95,1.95,2.27499997615814,down,2026-08-21T12:06:28,0.0,0.0
SPXW,2026-10-05,45,Call,5400.0,SPXW261005C05400000,2284.9,2305.9,2295.4,0.0,0.0,0.0,0.0,0.0,0.4205,0.9933,0.0,0.5191,-0.2235,6.2688,2292.4752,0.0,0.0,0.0,2272.30004882812,no_change,,0.0,0.0
SPXW,2026-10-05,45,Put,5400.0,SPXW261005P05400000,2.3,2.5,2.4,2.95,0.0,0.0,0.0,25.0,0.4193,-0.0066,0.0,0.5189,-0.2233,-0.0608,2.4288,0.0,0.0,0.0,2.97499990463257,no_change,2026-08-20T15:02:18,0.0,0.0
SPXW,2026-10-05,45,Call,5600.0,SPXW261005C05600000,2083.8,2107.3,2095.55,0.0,0.0,0.0,0.0,0.0,0.3932,0.9911,0.0,0.6679,-0.2693,6.4829,2094.1858,0.0,0.0,0.0,2074.15002441406,no_change,,0.0,0.0
SPXW,2026-10-05,45,Put,5600.0,SPXW261005P05600000,2.95,3.2,3.075,0.0,0.0,0.0,0.0,0.0,0.3923,-0.0088,0.0,0.6678,-0.2691,-0.0809,3.1092,0.0,0.0,0.0,3.80000007152557,no_change,,0.0,0.0
SPXW,2026-10-05,45,Call,5800.0,SPXW261005C05800000,1885.8,1909.4,1897.6,0.0,0.0,0.0,0.0,0.0,0.3648,0.9882,0.0,0.8547,-0.3219,6.6909,1896.07,0.0,0.0,0.0,1876.45001220703,no_change,,0.0,0.0
SPXW,2026-10-05,45,Put,5800.0,SPXW261005P05800000,3.8,4.0,3.9,4.05,-0.8,-16.4948,2.0,0.0,0.3654,-0.0117,0.0,0.8547,-0.3218,-0.1072,3.9634,4.05,4.05,4.05,4.84999990463257,down,2026-08-21T14:51:01,0.0,0.0
SPXW,2026-10-05,45,Call,6000.0,SPXW261005C06000000,1691.0,1711.5,1701.25,0.0,0.0,0.0,0.0,0.0,0.3374,0.9844,0.0,1.096,-0.3828,6.8892,1698.1912,0.0,0.0,0.0,1678.65002441406,no_change,,0.0,0.0
SPXW,2026-10-05,45,Put,6000.0,SPXW261005P06000000,4.9,5.1,5.0,5.17,-1.08,-17.28,104.0,5.0,0.3382,-0.0156,0.0,1.0962,-0.3828,-0.1431,5.0552,5.39,5.39,5.17,6.25,down,2026-08-21T12:50:06,0.0,0.0
SPXW,2026-10-05,45,Call,6200.0,SPXW261005C06200000,1490.2,1514.0,1502.1,0.0,0.0,0.0,0.0,0.0,0.3106,0.979,0.0001,1.4129,-0.4549,7.0742,1500.657,0.0,0.0,0.0,1481.95001220703,no_change,,0.0,0.0
SPXW,2026-10-05,45,Put,6200.0,SPXW261005P06200000,6.4,6.6,6.5,6.72,-1.33,-16.5217,3.0,0.0,0.311,-0.021,0.0001,1.413,-0.4549,-0.1924,6.4905,6.75,6.75,6.72,8.04999995231628,down,2026-08-21T11:30:36,0.0,0.0
SPXW,2026-10-05,45,Call,6300.0,SPXW261005C06300000,1391.8,1415.4,1403.6,0.0,0.0,0.0,0.0,0.0,0.2969,0.9755,0.0001,1.6081,-0.4965,7.1589,1402.0762,0.0,0.0,0.0,1383.59997558594,no_change,,0.0,0.0
SPXW,2026-10-05,45,Put,6300.0,SPXW261005P06300000,7.3,7.5,7.4,7.63,-1.62,-17.5135,2.0,3.0,0.2974,-0.0245,0.0001,1.6081,-0.4965,-0.2247,7.3943,7.63,7.63,7.63,9.25,down,2026-08-21T12:50:06,0.0,0.0
SPXW,2026-10-05,45,Call,6400.0,SPXW261005C06400000,1293.2,1317.0,1305.1,0.0,0.0,0.0,0.0,0.0,0.2835,0.9712,0.0001,1.8364,-0.5427,7.2376,1303.6631,0.0,0.0,0.0,1285.10003662109,no_change,,0.0,0.0
SPXW,2026-10-05,45,Put,6400.0,SPXW261005P06400000,8.3,8.6,8.45,9.17,-1.38,-13.0806,51.0,0.0,0.2841,-0.0287,0.0001,1.8367,-0.5427,-0.2633,8.4669,9.11,9.17,9.11,10.5499997138977,up,2026-08-21T09:35:25,0.0,0.0
SPXW,2026-10-05,45,Call,6500.0,SPXW261005C06500000,1194.9,1218.5,1206.7,0.0,0.0,0.0,0.0,0.0,0.2702,0.9661,0.0001,2.1077,-0.5944,7.3066,1205.4669,0.0,0.0,0.0,1187.59997558594,no_change,,0.0,0.0
SPXW,2026-10-05,45,Put,6500.0,SPXW261005P06500000,9.6,9.9,9.75,10.08,-2.07,-17.037,5.0,3.0,0.2707,-0.0339,0.0001,2.1081,-0.5944,-0.3113,9.7559,10.52,10.52,10.08,12.1500000953674,down,2026-08-21T12:47:38,0.0,0.0
SPXW,2026-10-05,45,Call,6600.0,SPXW261005C06600000,1096.9,1119.7,1108.3000000000002,0.0,0.0,0.0,0.0,0.0,0.2566,0.9596,0.0001,2.4236,-0.6528,7.3649,1107.5559,0.0,0.0,0.0,1089.65002441406,no_change,,0.0,0.0
SPXW,2026-10-05,45,Put,6600.0,SPXW261005P06600000,11.1,11.5,11.3,11.7,-2.4,-17.0213,1.0,3.0,0.2573,-0.0403,0.0001,2.4236,-0.6528,-0.3701,11.3282,11.7,11.7,11.7,14.0999999046326,down,2026-08-21T11:55:17,0.0,0.0
SPXW,2026-10-05,45,Call,6700.0,SPXW261005C06700000,999.3,1021.8,1010.55,0.0,0.0,0.0,0.0,0.0,0.2437,0.9516,0.0001,2.8052,-0.7188,7.4081,1010.0146,0.0,0.0,0.0,992.550018310547,no_change,,0.0,0.0
SPXW,2026-10-05,45,Put,6700.0,SPXW261005P06700000,13.1,13.4,13.25,13.64,-2.81,-17.0821,26.0,10.0,0.2442,-0.0483,0.0001,2.8052,-0.7188,-0.444,13.2717,14.05,14.21,13.39,16.4499998092651,no_change,2026-08-21T14:45:13,0.0,0.0
SPXW,2026-10-05,45,Call,6800.0,SPXW261005C06800000,902.5,926.2,914.35,0.0,0.0,0.0,0.0,0.0,0.2306,0.9415,0.0002,3.2543,-0.7936,7.4316,912.9691,0.0,0.0,0.0,896.450012207031,no_change,,0.0,0.0
SPXW,2026-10-05,45,Put,6800.0,SPXW261005P06800000,15.5,15.9,15.7,15.4,-4.0,-20.6186,25.0,27.0,0.2313,-0.0585,0.0002,3.2543,-0.7936,-0.5377,15.7108,16.5,16.73,15.4,19.4000005722046,down,2026-08-21T15:50:06,0.0,0.0
SPXW,2026-10-05,45,Call,6900.0,SPXW261005C06900000,809.4,829.7,819.55,0.0,0.0,0.0,0.0,0.0,0.2179,0.9285,0.0002,3.797,-0.878,7.4288,816.5749,0.0,0.0,0.0,800.599975585938,no_change,,0.0,0.0
SPXW,2026-10-05,45,Put,6900.0,SPXW261005P06900000,18.5,18.9,18.7,19.12,-3.98,-17.2294,35.0,25.0,0.2184,-0.0714,0.0002,3.797,-0.878,-0.6576,18.8014,20.15,20.15,18.67,23.0999994277954,no_change,2026-08-21T14:45:13,0.0,0.0
SPXW,2026-10-05,45,Call,7000.0,SPXW261005C07000000,710.1,732.6,721.35,0.0,0.0,0.0,0.0,0.0,0.2051,0.9118,0.0003,4.4356,-0.9724,7.392,721.0612,0.0,0.0,0.0,705.449981689453,no_change,,0.0,0.0
SPXW,2026-10-05,45,Put,7000.0,SPXW261005P07000000,22.4,22.8,22.6,22.3,-5.4,-19.4946,35.0,21.0,0.2058,-0.0882,0.0003,4.4356,-0.9724,-0.8115,22.7724,24.61,24.61,22.3,27.6999998092651,down,2026-08-21T15:50:49,0.0,0.0
SPXW,2026-10-05,45,Call,7100.0,SPXW261005C07100000,619.5,639.7,629.6,0.0,0.0,0.0,0.0,0.0,0.1928,0.8901,0.0004,5.1963,-1.076,7.3065,626.7364,0.0,0.0,0.0,613.899993896484,no_change,,0.0,0.0
SPXW,2026-10-05,45,Put,7100.0,SPXW261005P07100000,27.5,28.0,27.75,27.32,-6.43,-19.0519,50.0,20.0,0.1933,-0.1099,0.0004,5.1963,-1.076,-1.0141,27.9323,30.02,30.02,27.31,33.75,up,2026-08-21T15:41:37,0.0,0.0
SPXW,2026-10-05,45,Call,7125.0,SPXW261005C07125000,597.3,616.3,606.8,0.0,0.0,0.0,0.0,0.0,0.1896,0.8836,0.0004,5.4039,-1.1032,7.2769,603.3912,0.0,0.0,0.0,590.600006103516,no_change,,0.0,0.0
SPXW,2026-10-05,45,Put,7125.0,SPXW261005P07125000,29.1,29.5,29.3,29.07,-6.48,-18.2278,31.0,2.0,0.1902,-0.1163,0.0004,5.4039,-1.1032,-1.0729,29.4584,31.2,31.2,28.79,35.5499992370606,up,2026-08-21T15:58:56,0.0,0.0
SPXW,2026-10-05,45,Call,7150.0,SPXW261005C07150000,573.9,593.1,583.5,592.95,0.0,0.0,0.0,2.0,0.1865,0.8768,0.0004,5.6222,-1.1308,7.243,580.1559,0.0,0.0,0.0,565.899993896484,down,2026-08-20T12:55:20,0.0,0.0
SPXW,2026-10-05,45,Put,7150.0,SPXW261005P07150000,30.7,31.2,30.95,30.97,-6.43,-17.1925,38.0,10.0,0.1871,-0.1232,0.0004,5.6222,-1.1308,-1.1361,31.0942,32.73,33.2,30.12,37.3999996185303,up,2026-08-21T15:53:38,0.0,0.0
SPXW,2026-10-05,45,Call,7175.0,SPXW261005C07175000,551.1,570.0,560.55,0.0,0.0,0.0,0.0,0.0,0.1835,0.8694,0.0004,5.8506,-1.1588,7.2036,557.0418,0.0,0.0,0.0,544.700012207031,no_change,,0.0,0.0
SPXW,2026-10-05,45,Put,7175.0,SPXW261005P07175000,32.4,32.9,32.65,32.82,-6.63,-16.8061,20.0,0.0,0.184,-0.1306,0.0004,5.8506,-1.1588,-1.2048,32.8513,35.17,35.17,32.33,39.4500007629394,no_change,2026-08-21T16:06:15,0.0,0.0
SPXW,2026-10-05,45,Call,7200.0,SPXW261005C07200000,526.6,547.0,536.8,547.1,0.0,0.0,0.0,2.0,0.1804,0.8615,0.0004,6.0859,-1.1871,7.1585,534.0621,0.0,0.0,0.0,521.300018310547,down,2026-08-20T12:55:20,0.0,0.0
SPXW,2026-10-05,45,Put,7200.0,SPXW261005P07200000,34.3,34.8,34.55,34.67,-6.93,-16.6587,41.0,12.0,0.181,-0.1385,0.0004,6.0859,-1.1871,-1.2792,34.7427,36.64,36.65,34.07,41.6000003814697,no_change,2026-08-21T16:06:15,0.0,0.0
SPXW,2026-10-05,45,Call,7225.0,SPXW261005C07225000,503.6,524.1,513.85,0.0,0.0,0.0,0.0,0.0,0.1774,0.853,0.0005,6.3262,-1.2157,7.1087,511.2294,0.0,0.0,0.0,498.75,no_change,,0.0,0.0
SPXW,2026-10-05,45,Put,7225.0,SPXW261005P07225000,36.4,36.8,36.599999999999994,36.11,-7.84,-17.8385,25.0,30.0,0.1779,-0.147,0.0005,6.3262,-1.2157,-1.3583,36.7812,38.65,39.59,35.47,43.9500007629394,up,2026-08-21T15:58:56,0.0,0.0
SPXW,2026-10-05,45,Call,7250.0,SPXW261005C07250000,482.4,501.4,491.9,0.0,0.0,0.0,0.0,0.0,0.1743,0.8439,0.0005,6.5737,-1.2444,7.0543,488.5556,0.0,0.0,0.0,476.25,no_change,,0.0,0.0
SPXW,2026-10-05,45,Put,7250.0,SPXW261005P07250000,38.5,39.0,38.75,38.96,-7.54,-16.2151,52.0,21.0,0.1748,-0.156,0.0005,6.5737,-1.2444,-1.442,38.9786,41.38,41.5,37.51,46.5,up,2026-08-21T16:02:10,0.0,0.0
SPXW,2026-10-05,45,Call,7275.0,SPXW261005C07275000,459.8,478.9,469.35,0.0,0.0,0.0,0.0,0.0,0.1713,0.8341,0.0005,6.8321,-1.2732,6.9933,466.0552,0.0,0.0,0.0,454.0,no_change,,0.0,0.0
SPXW,2026-10-05,45,Put,7275.0,SPXW261005P07275000,40.9,41.4,41.15,40.77,-8.38,-17.0498,12.0,16.0,0.1719,-0.1658,0.0005,6.8321,-1.2732,-1.5322,41.3495,44.47,44.47,40.3,49.1499996185303,down,2026-08-21T15:19:39,0.0,0.0
SPXW,2026-10-05,45,Call,7300.0,SPXW261005C07300000,436.5,456.6,446.55,0.0,0.0,0.0,0.0,0.0,0.1684,0.8236,0.0006,7.0999,-1.3018,6.924,443.7479,0.0,0.0,0.0,432.449996948242,no_change,,0.0,0.0
SPXW,2026-10-05,45,Put,7300.0,SPXW261005P07300000,43.5,44.0,43.75,43.27,-8.73,-16.7885,30.0,15.0,0.1688,-0.1763,0.0006,7.0999,-1.3018,-1.6308,43.9133,46.65,46.65,43.09,52.0,down,2026-08-21T15:19:39,0.0,0.0
SPXW,2026-10-05,45,Call,7325.0,SPXW261005C07325000,415.3,434.5,424.9,0.0,0.0,0.0,0.0,0.0,0.1654,0.8123,0.0006,7.3713,-1.3302,6.8469,421.6553,0.0,0.0,0.0,409.900009155273,no_change,,0.0,0.0
SPXW,2026-10-05,45,Put,7325.0,SPXW261005P07325000,46.2,46.7,46.45,46.36,-8.84,-16.0145,9.0,17.0,0.1659,-0.1876,0.0006,7.3713,-1.3302,-1.7372,46.6919,46.57,47.55,45.15,55.2000007629394,down,2026-08-21T15:56:48,0.0,0.0
SPXW,2026-10-05,45,Call,7350.0,SPXW261005C07350000,392.5,412.6,402.55,0.0,0.0,0.0,0.0,0.0,0.1624,0.8002,0.0006,7.6449,-1.3582,6.7637,399.7966,0.0,0.0,0.0,389.25,no_change,,0.0,0.0
SPXW,2026-10-05,45,Put,7350.0,SPXW261005P07350000,49.2,49.7,49.45,49.57,-8.93,-15.265,46.0,26.0,0.1629,-0.1998,0.0006,7.6449,-1.3582,-1.8496,49.7044,52.1,52.7,48.0,58.5,up,2026-08-21T16:02:10,0.0,0.0
SPXW,2026-10-05,45,Call,7375.0,SPXW261005C07375000,370.7,391.0,380.85,0.0,0.0,0.0,0.0,0.0,0.1594,0.7871,0.0007,7.9252,-1.3855,6.6727,378.1916,0.0,0.0,0.0,367.349990844727,no_change,,0.0,0.0
SPXW,2026-10-05,45,Put,7375.0,SPXW261005P07375000,52.4,53.0,52.7,52.53,-9.57,-15.4106,20.0,6.0,0.16,-0.2128,0.0007,7.9252,-1.3855,-1.9699,52.9706,53.93,55.18,51.85,62.1000003814697,up,2026-08-21T15:56:48,0.0,0.0
SPXW,2026-10-05,45,Call,7400.0,SPXW261005C07400000,349.3,369.6,359.45000000000005,0.0,0.0,0.0,0.0,0.0,0.1566,0.7731,0.0007,8.2123,-1.4118,6.5703,356.8679,0.0,0.0,0.0,347.650009155273,no_change,,0.0,0.0
SPXW,2026-10-05,45,Put,7400.0,SPXW261005P07400000,56.0,56.5,56.25,56.45,-9.6,-14.5344,36.0,19.0,0.157,-0.2268,0.0007,8.2123,-1.4118,-2.1016,56.518,59.24,59.24,55.27,66.0500030517578,down,2026-08-21T16:06:11,0.0,0.0
SPXW,2026-10-05,45,Call,7425.0,SPXW261005C07425000,328.1,348.6,338.35,0.0,0.0,0.0,0.0,0.0,0.1537,0.7581,0.0008,8.4978,-1.4369,6.4576,335.8571,0.0,0.0,0.0,326.5,no_change,,0.0,0.0
SPXW,2026-10-05,45,Put,7425.0,SPXW261005P07425000,59.8,60.3,60.05,59.93,-10.32,-14.6904,18.0,8.0,0.1542,-0.2419,0.0008,8.4978,-1.4369,-2.2436,60.3784,63.19,63.88,59.37,70.25,down,2026-08-21T15:53:16,0.0,0.0
SPXW,2026-10-05,45,Call,7450.0,SPXW261005C07450000,306.7,327.9,317.29999999999995,0.0,0.0,0.0,0.0,0.0,0.1509,0.7419,0.0008,8.7783,-1.4604,6.3373,315.1857,0.0,0.0,0.0,304.900009155273,no_change,,0.0,0.0
SPXW,2026-10-05,45,Put,7450.0,SPXW261005P07450000,64.0,64.5,64.25,64.45,-10.4,-13.8945,11.0,9.0,0.1513,-0.258,0.0008,8.7783,-1.4604,-2.3931,64.5782,66.06,66.06,62.3,74.8499984741211,down,2026-08-21T16:06:11,0.0,0.0
SPXW,2026-10-05,45,Call,7475.0,SPXW261005C07475000,286.4,307.6,297.0,0.0,0.0,0.0,0.0,0.0,0.1481,0.7246,0.0008,9.0586,-1.482,6.2058,294.8822,0.0,0.0,0.0,285.5,no_change,,0.0,0.0
SPXW,2026-10-05,45,Put,7475.0,SPXW261005P07475000,68.5,69.0,68.75,68.55,-11.25,-14.0977,10.0,4.0,0.1485,-0.2753,0.0008,9.0586,-1.482,-2.554,69.1459,72.5,72.5,67.82,79.7999992370606,up,2026-08-21T14:50:48,0.0,0.0
SPXW,2026-10-05,45,Call,7500.0,SPXW261005C07500000,267.1,287.6,277.35,279.8,14.5,5.46551,2.0,1.0,0.1453,0.7061,0.0009,9.3345,-1.501,6.0597,274.9871,278.19,279.8,278.19,265.300003051758,up,2026-08-21T15:33:30,0.0,0.0
SPXW,2026-10-05,45,Put,7500.0,SPXW261005P07500000,73.4,74.0,73.7,76.3,-8.85,-10.3934,3.0,8.0,0.1457,-0.2938,0.0009,9.3345,-1.501,-2.7294,74.1219,77.55,77.55,75.48,85.1500015258789,up,2026-08-21T10:29:18,0.0,0.0
SPXW,2026-10-05,45,Call,7525.0,SPXW261005C07525000,255.9,256.5,256.2,258.57,12.42,5.0457,3.0,1.0,0.1429,0.6864,0.0009,9.5949,-1.517,5.9038,255.5393,258.57,258.57,258.57,246.150001525879,up,2026-08-21T14:50:48,0.0,0.0
SPXW,2026-10-05,45,Put,7525.0,SPXW261005P07525000,78.8,79.4,79.1,79.33,-11.67,-12.8242,5.0,2.0,0.143,-0.3136,0.0009,9.5949,-1.517,-2.9145,79.5453,78.84,79.33,77.6,91.0,up,2026-08-21T16:05:38,0.0,0.0
SPXW,2026-10-05,45,Call,7550.0,SPXW261005C07550000,236.8,237.5,237.15,239.6,12.0,5.27241,1.0,0.0,0.1403,0.6653,0.001,9.8411,-1.5296,5.7373,236.5716,239.6,239.6,239.6,227.599998474121,up,2026-08-21T11:31:54,0.0,0.0
SPXW,2026-10-05,45,Put,7550.0,SPXW261005P07550000,84.7,85.2,84.95,85.03,-12.27,-12.6105,19.0,3.0,0.1403,-0.3347,0.001,9.8411,-1.5296,-3.1103,85.4488,87.15,87.15,85.03,97.2999992370606,down,2026-08-21T14:50:15,0.0,0.0
SPXW,2026-10-05,45,Call,7575.0,SPXW261005C07575000,218.4,219.0,218.7,225.09,15.54,7.41589,4.0,0.0,0.1376,0.6429,0.001,10.0718,-1.5382,5.5538,218.1317,226.44,226.44,225.09,209.550003051758,down,2026-08-21T12:38:50,0.0,0.0
SPXW,2026-10-05,45,Put,7575.0,SPXW261005P07575000,91.0,91.6,91.3,89.13,-14.97,-14.3804,14.0,14.0,0.1377,-0.3571,0.001,10.0718,-1.5382,-3.3231,91.8801,91.76,91.76,89.13,104.100002288818,down,2026-08-21T15:46:45,0.0,0.0
SPXW,2026-10-05,45,Call,7600.0,SPXW261005C07600000,200.4,201.1,200.75,203.11,10.91,5.67638,3.0,0.0,0.135,0.6191,0.001,10.2745,-1.5421,5.3597,200.2697,203.11,203.11,203.11,192.199996948242,up,2026-08-21T14:50:48,0.0,0.0
SPXW,2026-10-05,45,Put,7600.0,SPXW261005P07600000,98.0,98.6,98.3,95.55,-16.0,-14.3433,133.0,6.0,0.1351,-0.3808,0.001,10.2745,-1.5421,-3.5465,98.8893,100.65,103.98,95.55,111.550003051758,down,2026-08-21T15:47:08,0.0,0.0
SPXW,2026-10-05,45,Call,7625.0,SPXW261005C07625000,183.2,183.8,183.5,189.71,14.31,8.15849,4.0,0.0,0.1325,0.594,0.0011,10.4471,-1.5408,5.1545,183.0245,191.06,191.06,189.71,175.400001525879,down,2026-08-21T12:38:50,0.0,0.0
SPXW,2026-10-05,45,Put,7625.0,SPXW261005P07625000,105.6,106.2,105.9,104.47,-15.13,-12.6505,76.0,2.0,0.1325,-0.406,0.0011,10.4471,-1.5408,-3.781,106.5153,109.39,111.93,101.36,119.600002288818,up,2026-08-21T15:51:41,0.0,0.0
SPXW,2026-10-05,45,Call,7650.0,SPXW261005C07650000,166.6,167.3,166.95,170.32,11.02,6.91776,1.0,1.0,0.1301,0.5676,0.0011,10.5861,-1.5337,4.9317,166.4542,170.32,170.32,170.32,159.300003051758,up,2026-08-21T15:54:20,0.0,0.0
SPXW,2026-10-05,45,Put,7650.0,SPXW261005P07650000,113.9,114.5,114.2,116.16,-12.24,-9.53271,6.0,6.0,0.1301,-0.4324,0.0011,10.5861,-1.5337,-4.033,114.8162,117.77,120.27,109.06,128.400001525879,up,2026-08-21T14:35:32,0.0,0.0
SPXW,2026-10-05,45,Call,7675.0,SPXW261005C07675000,150.7,151.4,151.05,154.32,10.42,7.24114,9.0,18.0,0.1277,0.5399,0.0012,10.681,-1.5203,4.7015,150.6113,152.27,154.32,145.79,143.900001525879,up,2026-08-21T11:09:23,0.0,0.0
SPXW,2026-10-05,45,Put,7675.0,SPXW261005P07675000,122.9,123.5,123.2,122.38,-15.52,-11.2545,26.0,3.0,0.1278,-0.46,0.0012,10.681,-1.5203,-4.2925,123.8444,123.95,126.7,122.0,137.900001525879,up,2026-08-21T15:06:46,0.0,0.0
SPXW,2026-10-05,45,Call,7700.0,SPXW261005C07700000,135.7,136.3,136.0,140.91,11.61,8.97912,5.0,4.0,0.1255,0.5111,0.0012,10.7285,-1.5003,4.4578,135.5398,140.91,140.91,140.91,129.300003051758,up,2026-08-21T15:01:57,0.0,0.0
SPXW,2026-10-05,45,Put,7700.0,SPXW261005P07700000,132.7,133.3,133.0,135.22,-12.88,-8.69683,18.0,3.0,0.1255,-0.4888,0.0012,10.7285,-1.5003,-4.5654,133.6442,135.25,138.67,126.3,148.099998474121,up,2026-08-21T14:35:32,0.0,0.0
SPXW,2026-10-05,45,Call,7725.0,SPXW261005C07725000,121.4,122.0,121.7,126.38,10.88,9.41991,2.0,2.0,0.1232,0.4813,0.0012,10.7224,-1.4731,4.203,121.3011,126.38,126.38,126.38,115.5,up,2026-08-21T12:34:33,0.0,0.0
SPXW,2026-10-05,45,Put,7725.0,SPXW261005P07725000,143.3,143.9,143.60000000000002,145.15,-14.1,-8.854,13.0,2.0,0.1234,-0.5186,0.0012,10.7224,-1.4731,-4.8496,144.2766,144.45,145.42,136.3,159.25,down,2026-08-21T14:08:54,0.0,0.0
SPXW,2026-10-05,45,Call,7750.0,SPXW261005C07750000,108.0,108.6,108.3,109.73,7.23,7.05366,17.0,8.0,0.1212,0.4507,0.0012,10.6586,-1.4387,3.9438,107.9293,109.02,109.73,107.72,102.5,up,2026-08-21T14:50:15,0.0,0.0
SPXW,2026-10-05,45,Put,7750.0,SPXW261005P07750000,154.8,155.4,155.10000000000002,157.5,-13.7,-8.00234,3.0,0.0,0.1213,-0.5492,0.0012,10.6586,-1.4387,-5.1381,155.776,157.5,157.5,157.5,171.200004577637,no_change,2026-08-21T10:06:05,0.0,0.0
SPXW,2026-10-05,45,Call,7775.0,SPXW261005C07775000,95.5,96.2,95.85,95.37,4.97,5.49779,19.0,10.0,0.1193,0.4196,0.0012,10.5303,-1.397,3.673,95.4683,96.07,101.0,95.37,90.4000015258789,down,2026-08-21T14:11:05,0.0,0.0
SPXW,2026-10-05,45,Put,7775.0,SPXW261005P07775000,167.2,167.8,167.5,0.0,0.0,0.0,0.0,0.0,0.1194,-0.5804,0.0012,10.5303,-1.397,-5.4382,168.1862,0.0,0.0,0.0,184.049995422363,no_change,,0.0,0.0
SPXW,2026-10-05,45,Call,7800.0,SPXW261005C07800000,84.0,84.6,84.3,88.5,9.1,11.461,11.0,4.0,0.1175,0.3882,0.0012,10.3413,-1.3483,3.4044,83.9414,80.79,89.2,80.79,79.3999977111816,up,2026-08-21T15:47:08,0.0,0.0
SPXW,2026-10-05,45,Put,7800.0,SPXW261005P07800000,180.5,181.1,180.8,0.0,0.0,0.0,0.0,0.0,0.1174,-0.6118,0.0012,10.3413,-1.3483,-5.736,181.5304,0.0,0.0,0.0,197.699996948242,no_change,,0.0,0.0
SPXW,2026-10-05,45,Call,7825.0,SPXW261005C07825000,73.4,74.0,73.7,77.55,8.35,12.0665,4.0,1.0,0.1157,0.3568,0.0012,10.0839,-1.2928,3.1295,73.3591,77.45,77.55,77.45,69.2000007629394,up,2026-08-21T15:47:08,0.0,0.0
SPXW,2026-10-05,45,Put,7825.0,SPXW261005P07825000,194.7,195.4,195.05,195.2,-17.2,-8.09793,5.0,3.0,0.1159,-0.6432,0.0012,10.0839,-1.2928,-6.0401,195.8194,195.2,195.2,195.2,212.400001525879,up,2026-08-21T16:05:34,0.0,0.0
SPXW,2026-10-05,45,Call,7850.0,SPXW261005C07850000,63.7,64.3,64.0,66.16,6.26,10.4508,10.0,5.0,0.1142,0.3257,0.0012,9.7669,-1.2311,2.8615,63.7237,66.16,66.16,66.16,59.8999996185303,up,2026-08-21T15:33:14,0.0,0.0
SPXW,2026-10-05,45,Put,7850.0,SPXW261005P07850000,209.9,210.6,210.25,210.4,-17.6,-7.7193,4.0,0.0,0.1142,-0.6742,0.0012,9.7669,-1.2311,-6.3374,211.0551,210.4,210.4,210.4,228.0,down,2026-08-21T16:05:34,0.0,0.0
SPXW,2026-10-05,45,Call,7875.0,SPXW261005C07875000,54.9,55.5,55.2,56.08,4.53,8.78759,14.0,4.0,0.1127,0.2953,0.0011,9.3894,-1.164,2.5945,55.0119,54.73,61.53,54.73,51.5499992370606,down,2026-08-21T16:05:38,0.0,0.0
SPXW,2026-10-05,45,Put,7875.0,SPXW261005P07875000,215.2,234.3,224.75,0.0,0.0,0.0,0.0,0.0,0.113,-0.7046,0.0011,9.3894,-1.164,-6.6337,227.2146,0.0,0.0,0.0,242.850006103516,no_change,,0.0,0.0
SPXW,2026-10-05,45,Call,7900.0,SPXW261005C07900000,47.1,47.6,47.35,47.29,3.19,7.23356,10.0,4.0,0.1114,0.2659,0.0011,8.9584,-1.0924,2.3386,47.2023,47.05,51.0,47.05,44.1000003814697,down,2026-08-21T14:35:32,0.0,0.0
SPXW,2026-10-05,45,Put,7900.0,SPXW261005P07900000,232.0,250.5,241.25,0.0,0.0,0.0,0.0,0.0,0.1118,-0.734,0.0011,8.9584,-1.0924,-6.9189,244.2761,0.0,0.0,0.0,260.949996948242,no_change,,0.0,0.0
SPXW,2026-10-05,45,Call,7925.0,SPXW261005C07925000,40.1,40.6,40.35,42.23,4.78,12.7637,10.0,3.0,0.1102,0.2377,0.001,8.4838,-1.0174,2.0902,40.2477,39.93,45.71,39.35,37.4500007629394,up,2026-08-21T15:53:16,0.0,0.0
SPXW,2026-10-05,45,Put,7925.0,SPXW261005P07925000,251.0,273.6,262.3,0.0,0.0,0.0,0.0,0.0,0.1107,-0.7622,0.001,8.4838,-1.0174,-7.1966,262.1926,0.0,0.0,0.0,278.75,no_change,,0.0,0.0
SPXW,2026-10-05,45,Call,7950.0,SPXW261005C07950000,34.0,34.5,34.25,35.85,4.2,13.2701,25.0,4.0,0.1091,0.211,0.001,7.9683,-0.9402,1.8567,34.1093,33.77,35.9,32.35,31.6499996185303,up,2026-08-21T15:56:52,0.0,0.0
SPXW,2026-10-05,45,Put,7950.0,SPXW261005P07950000,269.2,292.3,280.75,0.0,0.0,0.0,0.0,0.0,0.1096,-0.789,0.001,7.9683,-0.9402,-7.4594,280.9254,0.0,0.0,0.0,299.0,no_change,,0.0,0.0
SPXW,2026-10-05,45,Call,7975.0,SPXW261005C07975000,28.6,29.1,28.85,29.2,2.55,9.56848,40.0,20.0,0.1081,0.1859,0.0009,7.4303,-0.862,1.6353,28.7277,28.52,34.8,27.8,26.6499996185303,down,2026-08-21T16:02:10,0.0,0.0
SPXW,2026-10-05,45,Put,7975.0,SPXW261005P07975000,288.6,311.8,300.20000000000005,0.0,0.0,0.0,0.0,0.0,0.1087,-0.814,0.0009,7.4303,-0.862,-7.71,300.4151,0.0,0.0,0.0,319.400009155273,no_change,,0.0,0.0
SPXW,2026-10-05,45,Call,8000.0,SPXW261005C08000000,23.9,24.4,24.15,23.95,1.7,7.64045,85.0,24.0,0.1072,0.1627,0.0008,6.8692,-0.7842,1.4316,24.0544,24.33,29.55,22.75,22.25,down,2026-08-21T16:13:40,0.0,0.0
SPXW,2026-10-05,45,Put,8000.0,SPXW261005P08000000,308.7,332.0,320.35,0.0,0.0,0.0,0.0,0.0,0.108,-0.8373,0.0008,6.8692,-0.7842,-7.943,320.6129,0.0,0.0,0.0,339.649993896484,no_change,,0.0,0.0
SPXW,2026-10-05,45,Call,8100.0,SPXW261005C08100000,11.1,11.5,11.3,11.51,1.21,11.7476,59.0,20.0,0.1047,0.0893,0.0006,4.667,-0.4988,0.7847,11.2316,11.34,13.76,10.7,10.3000001907349,down,2026-08-21T16:02:10,0.0,0.0
SPXW,2026-10-05,45,Put,8100.0,SPXW261005P08100000,395.2,418.6,406.9,0.0,0.0,0.0,0.0,0.0,0.1059,-0.9106,0.0006,4.667,-0.4988,-8.707,407.2749,0.0,0.0,0.0,425.550003051758,no_change,,0.0,0.0
SPXW,2026-10-05,45,Call,8200.0,SPXW261005C08200000,4.9,5.2,5.050000000000001,5.7,1.05,22.5806,51.0,7.0,0.1041,0.0457,0.0003,2.8946,-0.292,0.3998,5.047,5.3,6.35,4.9,4.65000009536743,down,2026-08-21T15:24:47,0.0,0.0
SPXW,2026-10-05,45,Put,8200.0,SPXW261005P08200000,488.3,511.8,500.05,494.24,0.0,0.0,0.0,1.0,0.1065,-0.9542,0.0003,2.8946,-0.292,-9.209,500.575,0.0,0.0,0.0,519.300003051758,up,2026-08-20T12:38:35,0.0,0.0
SPXW,2026-10-05,45,Call,8300.0,SPXW261005C08300000,2.25,2.5,2.375,2.75,0.5,22.2222,57.0,7.0,0.1059,0.0236,0.0002,1.7523,-0.1708,0.2055,2.3961,2.45,2.82,2.26,2.25,down,2026-08-21T15:28:39,0.0,0.0
SPXW,2026-10-05,45,Put,8300.0,SPXW261005P08300000,584.8,608.6,596.7,0.0,0.0,0.0,0.0,0.0,0.1097,-0.9763,0.0002,1.7523,-0.1708,-9.5205,597.4088,0.0,0.0,0.0,617.899993896484,no_change,,0.0,0.0
SPXW,2026-10-05,45,Call,8400.0,SPXW261005C08400000,1.2,1.4,1.2999999999999998,0.0,0.0,0.0,0.0,0.0,0.1101,0.0134,0.0001,1.1133,-0.1084,0.1158,1.3072,0.0,0.0,0.0,1.25,no_change,,0.0,0.0
SPXW,2026-10-05,45,Put,8400.0,SPXW261005P08400000,683.1,706.9,695.0,0.0,0.0,0.0,0.0,0.0,0.1169,-0.9866,0.0001,1.1133,-0.1084,-9.7273,695.8046,0.0,0.0,0.0,715.549987792969,no_change,,0.0,0.0
SPXW,2026-10-05,45,Call,8600.0,SPXW261005C08600000,0.45,0.7,0.575,0.0,0.0,0.0,0.0,0.0,0.1231,0.0059,0.0,0.557,-0.0582,0.0504,0.5814,0.0,0.0,0.0,0.549999982118607,no_change,,0.0,0.0
SPXW,2026-10-05,45,Put,8600.0,SPXW261005P08600000,881.7,905.3,893.5,0.0,0.0,0.0,0.0,0.0,0.1359,-0.9941,0.0,0.557,-0.0582,-10.0269,894.0484,0.0,0.0,0.0,914.25,no_change,,0.0,0.0
SPXW,2026-10-05,45,Call,8800.0,SPXW261005C08800000,0.25,0.45,0.35,0.0,0.0,0.0,0.0,0.0,0.1385,0.0033,0.0,0.3366,-0.0389,0.0283,0.347,0.0,0.0,0.0,0.325000002980232,no_change,,0.0,0.0
SPXW,2026-10-05,45,Put,8800.0,SPXW261005P08800000,1080.2,1103.9,1092.0500000000002,0.0,0.0,0.0,0.0,0.0,0.1559,-0.9966,0.0,0.3368,-0.0389,-10.2832,1092.7836,0.0,0.0,0.0,1112.25,no_change,,0.0,0.0
SPXW,2026-10-05,45,Call,9000.0,SPXW261005C09000000,0.15,0.35,0.25,0.22,0.0,0.0,0.0,1.0,0.1544,0.0021,0.0,0.225,-0.0287,0.0181,0.2366,0.0,0.0,0.0,0.225000008940697,up,2026-08-20T12:38:20,0.0,0.0
SPXW,2026-10-05,45,Put,9000.0,SPXW261005P09000000,1279.3,1303.0,1291.15,0.0,0.0,0.0,0.0,0.0,0.1774,-0.9978,0.0,0.2252,-0.0287,-10.5277,1291.6426,0.0,0.0,0.0,1310.60003662109,no_change,,0.0,0.0
SPXW,2026-10-05,45,Call,9200.0,SPXW261005C09200000,0.05,0.3,0.175,0.0,0.0,0.0,0.0,0.0,0.1665,0.0015,0.0,0.1591,-0.0222,0.0124,0.172,0.0,0.0,0.0,0.150000000372529,no_change,,0.0,0.0
SPXW,2026-10-05,45,Put,9200.0,SPXW261005P09200000,1478.1,1499.0,1488.55,0.0,0.0,0.0,0.0,0.0,0.1999,-0.9985,0.0,0.1592,-0.0223,-10.7676,1490.5474,0.0,0.0,0.0,1510.25,no_change,,0.0,0.0
SPXW,2026-10-05,45,Call,9400.0,SPXW261005C09400000,0.05,0.25,0.15,0.0,0.0,0.0,0.0,0.0,0.1847,0.001,0.0,0.1164,-0.0176,0.0088,0.1292,0.0,0.0,0.0,0.125000001862645,no_change,,0.0,0.0
SPXW,2026-10-05,45,Put,9400.0,SPXW261005P09400000,1677.3,1701.0,1689.15,0.0,0.0,0.0,0.0,0.0,0.2218,-0.9989,0.0,0.1164,-0.0176,-11.0054,1689.474,0.0,0.0,0.0,1709.79998779297,no_change,,0.0,0.0
SPXW,2026-10-05,45,Call,9600.0,SPXW261005C09600000,0.0,0.2,0.1,0.0,0.0,0.0,0.0,0.0,0.1995,0.0008,0.0,0.0868,-0.0141,0.0064,0.0987,0.0,0.0,0.0,0.100000001490116,no_change,,0.0,0.0
SPXW,2026-10-05,45,Put,9600.0,SPXW261005P09600000,1876.1,1899.7,1887.9,0.0,0.0,0.0,0.0,0.0,0.2405,-0.9992,0.0,0.0869,-0.0141,-11.242,1888.413,0.0,0.0,0.0,1907.70001220703,no_change,,0.0,0.0
SPXW,2026-10-05,45,Call,9800.0,SPXW261005C09800000,0.0,0.2,0.1,0.0,0.0,0.0,0.0,0.0,0.2165,0.0006,0.0,0.0658,-0.0114,0.0047,0.0762,0.0,0.0,0.0,0.0750000029802322,no_change,,0.0,0.0
SPXW,2026-10-05,45,Put,9800.0,SPXW261005P09800000,2075.1,2098.5,2086.8,0.0,0.0,0.0,0.0,0.0,0.2611,-0.9994,0.0,0.0658,-0.0114,-11.4779,2087.3599,0.0,0.0,0.0,2107.44995117188,no_change,,0.0,0.0
SPXW,2026-10-05,45,Call,10000.0,SPXW261005C10000000,0.0,0.15,0.075,0.08,0.0,0.0,0.0,1.0,0.2292,0.0004,0.0,0.0502,-0.0092,0.0036,0.0591,0.0,0.0,0.0,0.0750000029802322,up,2026-08-20T10:11:27,0.0,0.0
SPXW,2026-10-05,45,Put,10000.0,SPXW261005P10000000,2274.0,2297.9,2285.95,0.0,0.0,0.0,0.0,0.0,0.2813,-0.9995,0.0,0.0503,-0.0092,-11.7133,2286.3123,0.0,0.0,0.0,2306.30004882812,no_change,,0.0,0.0
SPX,2026-10-16,56,Call,200.0,SPX261016C00200000,7452.7,7476.1,7464.4,7469.61,28.9599,0.389211,597.0,1866.0,3.6387,0.9999,0.0,0.005,-0.0118,0.3137,7461.1913,7458.85,7483.76,7453.36,7440.65014648438,down,2026-08-21T12:20:50,0.0,0.0
SPX,2026-10-16,56,Put,200.0,SPX261016P00200000,0.0,0.05,0.025,0.05,0.0,0.0,0.0,233.0,2.5307,0.0,0.0,0.005,-0.0118,-0.0006,0.0942,0.0,0.0,0.0,0.025000000372529,no_change,2026-08-18T15:15:24,0.0,0.0
SPX,2026-10-16,56,Call,400.0,SPX261016C00400000,7253.6,7277.4,7265.5,7291.05,0.0,0.0,0.0,151.0,2.8752,0.9999,0.0,0.0076,-0.0144,0.6179,7262.5579,0.0,0.0,0.0,7242.05004882812,down,2026-08-18T11:42:45,0.0,0.0
SPX,2026-10-16,56,Put,400.0,SPX261016P00400000,0.0,0.05,0.025,0.05,0.0,0.0,0.0,60.0,2.0295,-0.0001,0.0,0.0076,-0.0144,-0.0009,0.1144,0.0,0.0,0.0,0.025000000372529,down,2026-06-05T13:22:08,0.0,0.0
SPX,2026-10-16,56,Call,600.0,SPX261016C00600000,7055.3,7078.7,7067.0,7046.15,0.0,0.0,0.0,162.0,2.4525,0.9999,0.0,0.0097,-0.0158,0.9222,7063.9156,0.0,0.0,0.0,7042.94995117188,up,2026-08-20T15:38:49,0.0,0.0
SPX,2026-10-16,56,Put,600.0,SPX261016P00600000,0.0,0.05,0.025,0.05,0.0,0.0,0.0,9414.0,1.7439,-0.0001,0.0,0.0097,-0.0158,-0.0011,0.1257,0.0,0.0,0.0,0.025000000372529,no_change,2026-05-27T15:51:48,0.0,0.0
SPX,2026-10-16,56,Call,800.0,SPX261016C00800000,6859.2,6880.0,6869.6,6846.97,0.0,0.0,0.0,81.0,2.1612,0.9999,0.0,0.0116,-0.0168,1.2266,6865.2698,0.0,0.0,0.0,6844.4501953125,down,2026-08-20T15:43:02,0.0,0.0
SPX,2026-10-16,56,Put,800.0,SPX261016P00800000,0.0,0.05,0.025,0.05,0.0,0.0,0.0,894.0,1.5443,-0.0001,0.0,0.0116,-0.0168,-0.0013,0.1336,0.0,0.0,0.0,0.025000000372529,down,2026-08-17T13:30:45,0.0,0.0
SPX,2026-10-16,56,Call,1000.0,SPX261016C01000000,6660.5,6678.6,6669.55,6723.27,0.0,0.0,0.0,3750.0,1.9139,0.9999,0.0,0.0134,-0.0175,1.531,6666.6226,0.0,0.0,0.0,6646.10009765625,up,2026-08-06T10:35:00,0.0,0.0
SPX,2026-10-16,56,Put,1000.0,SPX261016P01000000,0.0,0.1,0.05,0.1,0.0,0.0,0.0,8096.0,1.4497,-0.0001,0.0,0.0134,-0.0175,-0.0015,0.1399,0.0,0.0,0.0,0.0500000007450581,no_change,2026-07-29T13:30:21,0.0,0.0
SPX,2026-10-16,56,Call,1200.0,SPX261016C01200000,6459.1,6482.6,6470.85,6499.29,0.0,0.0,0.0,20.0,1.7608,0.9998,0.0,0.0153,-0.0182,1.8353,6467.9747,0.0,0.0,0.0,6448.09985351562,up,2026-08-06T12:08:03,0.0,0.0
SPX,2026-10-16,56,Put,1200.0,SPX261016P01200000,0.0,0.1,0.05,0.05,0.0,0.0,0.0,8363.0,1.3542,-0.0001,0.0,0.0153,-0.0182,-0.0017,0.1457,0.0,0.0,0.0,0.0500000007450581,no_change,2026-08-03T11:26:38,0.0,0.0
SPX,2026-10-16,56,Call,1400.0,SPX261016C01400000,6260.1,6283.9,6272.0,6055.15,0.0,0.0,0.0,182.0,1.6027,0.9998,0.0,0.0173,-0.0188,2.1396,6269.3269,0.0,0.0,0.0,6248.69995117188,down,2026-07-08T12:34:51,0.0,0.0
SPX,2026-10-16,56,Put,1400.0,SPX261016P01400000,0.0,0.15,0.075,0.05,0.0,0.0,0.0,5163.0,1.2424,-0.0001,0.0,0.0173,-0.0188,-0.0019,0.1515,0.0,0.0,0.0,0.0500000007450581,no_change,2026-08-10T09:32:11,0.0,0.0
SPX,2026-10-16,56,Call,1600.0,SPX261016C01600000,6064.4,6085.2,6074.799999999999,6171.9,0.0,0.0,0.0,161.0,1.4748,0.9998,0.0,0.0194,-0.0195,2.444,6070.6794,0.0,0.0,0.0,6050.80004882812,up,2026-08-17T10:21:08,0.0,0.0
SPX,2026-10-16,56,Put,1600.0,SPX261016P01600000,0.0,0.15,0.075,0.05,0.0,0.0,0.0,2187.0,1.1459,-0.0002,0.0,0.0194,-0.0195,-0.0022,0.1576,0.0,0.0,0.0,0.0750000029802322,no_change,2026-08-17T13:13:23,0.0,0.0
SPX,2026-10-16,56,Call,1800.0,SPX261016C01800000,5863.0,5886.5,5874.75,5679.52,0.0,0.0,0.0,7.0,1.3626,0.9998,0.0,0.0217,-0.0202,2.7483,5872.0325,0.0,0.0,0.0,5851.35009765625,up,2026-07-08T14:39:33,0.0,0.0
SPX,2026-10-16,56,Put,1800.0,SPX261016P01800000,0.05,0.1,0.07500000000000001,0.07,-0.03,-30.0,1.0,2418.0,1.0612,-0.0002,0.0,0.0217,-0.0202,-0.0024,0.1644,0.07,0.07,0.07,0.100000003352761,down,2026-08-21T14:39:21,0.0,0.0
SPX,2026-10-16,56,Call,2000.0,SPX261016C02000000,5667.9,5684.2,5676.049999999999,5672.58,19.6799,0.348137,3.0,3729.0,1.2514,0.9998,0.0,0.0243,-0.021,3.0526,5673.3867,5682.94,5683.68,5672.58,5652.90014648438,down,2026-08-21T14:39:21,0.0,0.0
SPX,2026-10-16,56,Put,2000.0,SPX261016P02000000,0.05,0.1,0.07500000000000001,0.07,-0.03,-30.0,2.0,5897.0,1.0046,-0.0002,0.0,0.0243,-0.021,-0.0027,0.1722,0.07,0.07,0.07,0.100000003352761,no_change,2026-08-21T12:59:29,0.0,0.0
SPX,2026-10-16,56,Call,2200.0,SPX261016C02200000,5465.2,5489.0,5477.1,5482.56,28.31,0.519045,577.0,1627.0,1.1799,0.9997,0.0,0.0272,-0.0219,3.3568,5474.7423,5466.11,5496.56,5466.11,5454.25,down,2026-08-21T12:20:50,0.0,0.0
SPX,2026-10-16,56,Put,2200.0,SPX261016P02200000,0.05,0.2,0.125,0.1,0.0,0.0,0.0,785.0,0.9351,-0.0002,0.0,0.0272,-0.0219,-0.003,0.1814,0.0,0.0,0.0,0.125000001862645,no_change,2026-08-17T10:03:01,0.0,0.0
SPX,2026-10-16,56,Call,2400.0,SPX261016C02400000,5266.9,5290.4,5278.65,0.0,0.0,0.0,0.0,0.0,1.0978,0.9997,0.0,0.0307,-0.023,3.661,5276.1,0.0,0.0,0.0,5254.75,no_change,,0.0,0.0
SPX,2026-10-16,56,Put,2400.0,SPX261016P02400000,0.05,0.2,0.125,0.15,0.0,0.0,0.0,2877.0,0.8851,-0.0003,0.0,0.0307,-0.023,-0.0034,0.1927,0.0,0.0,0.0,0.175000000745058,no_change,2026-08-17T10:40:34,0.0,0.0
SPX,2026-10-16,56,Call,2600.0,SPX261016C02600000,5067.9,5091.8,5079.85,4852.28,0.0,0.0,0.0,1.0,1.0226,0.9997,0.0,0.0348,-0.0245,3.9651,5077.4607,0.0,0.0,0.0,5057.40014648438,up,2026-06-12T11:05:06,0.0,0.0
SPX,2026-10-16,56,Put,2600.0,SPX261016P02600000,0.05,0.25,0.15,0.15,-0.025,-14.2857,2.0,14021.0,0.8368,-0.0003,0.0,0.0348,-0.0245,-0.0038,0.2071,0.15,0.15,0.15,0.175000000745058,no_change,2026-08-21T11:47:14,0.0,0.0
SPX,2026-10-16,56,Call,2700.0,SPX261016C02700000,4971.5,4992.4,4981.95,4806.06,0.0,0.0,0.0,1.0,0.9902,0.9996,0.0,0.0373,-0.0253,4.1171,4978.1428,0.0,0.0,0.0,4958.19995117188,down,2026-06-18T15:16:25,0.0,0.0
SPX,2026-10-16,56,Put,2700.0,SPX261016P02700000,0.1,0.25,0.175,0.2,0.0,0.0,0.0,910.0,0.8177,-0.0003,0.0,0.0373,-0.0253,-0.0041,0.216,0.0,0.0,0.0,0.200000006705523,no_change,2026-08-18T15:09:11,0.0,0.0
SPX,2026-10-16,56,Call,2800.0,SPX261016C02800000,4869.6,4893.1,4881.35,0.0,0.0,0.0,0.0,0.0,0.9532,0.9996,0.0,0.04,-0.0264,4.269,4878.8263,0.0,0.0,0.0,4858.85009765625,no_change,,0.0,0.0
SPX,2026-10-16,56,Put,2800.0,SPX261016P02800000,0.1,0.3,0.2,0.25,0.0,0.0,0.0,910.0,0.798,-0.0004,0.0,0.04,-0.0264,-0.0044,0.2263,0.0,0.0,0.0,0.225000008940697,no_change,2026-08-17T15:53:32,0.0,0.0
SPX,2026-10-16,56,Call,2900.0,SPX261016C02900000,4769.9,4793.8,4781.85,0.0,0.0,0.0,0.0,0.0,0.9232,0.9996,0.0,0.0431,-0.0275,4.421,4779.5117,0.0,0.0,0.0,4759.69995117188,no_change,,0.0,0.0
SPX,2026-10-16,56,Put,2900.0,SPX261016P02900000,0.15,0.3,0.22499999999999998,0.25,0.0,0.0,0.0,912.0,0.7713,-0.0004,0.0,0.0434,-0.0278,-0.0048,0.2406,0.0,0.0,0.0,0.25,down,2026-08-19T10:21:03,0.0,0.0
SPX,2026-10-16,56,Call,3000.0,SPX261016C03000000,4670.5,4694.3,4682.4,4686.15,25.7499,0.552525,26.0,21.0,0.8942,0.9996,0.0,0.0467,-0.0289,4.5728,4680.1995,4685.42,4692.8,4685.42,4660.40014648438,down,2026-08-21T12:53:53,0.0,0.0
SPXW,2026-10-16,56,Call,3000.0,SPXW261016C03000000,4674.8,4694.5,4684.65,4525.8,0.0,0.0,0.0,6.0,0.8622,0.9995,0.0,0.0516,-0.0322,4.5721,4680.2214,0.0,0.0,0.0,4660.89990234375,up,2026-07-01T13:41:58,0.0,0.0
SPX,2026-10-16,56,Put,3000.0,SPX261016P03000000,0.15,0.35,0.25,0.23,-0.045,-16.3636,28.0,5029.0,0.7582,-0.0004,0.0,0.047,-0.0291,-0.0052,0.2551,0.27,0.27,0.22,0.274999998509884,down,2026-08-21T14:38:03,0.0,0.0
SPXW,2026-10-16,56,Put,3000.0,SPXW261016P03000000,0.15,0.3,0.22499999999999998,0.25,-0.025,-9.09091,1.0,82.0,0.7564,-0.0005,0.0,0.0516,-0.0322,-0.0058,0.2873,0.25,0.25,0.25,0.274999998509884,down,2026-08-21T11:35:10,0.0,0.0
SPX,2026-10-16,56,Call,3100.0,SPX261016C03100000,4571.6,4595.1,4583.35,0.0,0.0,0.0,0.0,0.0,0.8661,0.9995,0.0,0.0508,-0.0306,4.7246,4580.8901,0.0,0.0,0.0,4560.94995117188,no_change,,0.0,0.0
SPX,2026-10-16,56,Put,3100.0,SPX261016P03100000,0.2,0.4,0.30000000000000004,0.25,0.0,0.0,0.0,1880.0,0.7383,-0.0005,0.0,0.051,-0.0308,-0.0057,0.2723,0.0,0.0,0.0,0.300000004470348,down,2026-08-19T10:01:05,0.0,0.0
SPX,2026-10-16,56,Call,3200.0,SPX261016C03200000,4471.9,4495.8,4483.85,4492.01,30.21,0.67708,5.0,33.0,0.8389,0.9995,0.0,0.0556,-0.0326,4.8763,4481.5842,4480.93,4502.14,4480.93,4461.80004882812,down,2026-08-21T12:15:14,0.0,0.0
SPXW,2026-10-16,56,Call,3200.0,SPXW261016C03200000,4476.2,4495.9,4486.049999999999,4231.57,0.0,0.0,0.0,1.0,0.8095,0.9994,0.0,0.061,-0.0359,4.8756,4481.6076,0.0,0.0,0.0,4462.30004882812,up,2026-06-23T12:27:25,0.0,0.0
SPX,2026-10-16,56,Put,3200.0,SPX261016P03200000,0.25,0.4,0.325,0.32,-0.03,-8.57143,52.0,3022.0,0.7185,-0.0005,0.0,0.0559,-0.0328,-0.0062,0.293,0.32,0.32,0.3,0.349999994039536,up,2026-08-21T14:13:21,0.0,0.0
SPXW,2026-10-16,56,Put,3200.0,SPXW261016P03200000,0.25,0.4,0.325,0.35,0.0,0.0,0.0,73.0,0.7168,-0.0006,0.0,0.061,-0.0359,-0.0068,0.3271,0.0,0.0,0.0,0.350000008940697,no_change,2026-08-19T14:58:19,0.0,0.0
SPX,2026-10-16,56,Call,3300.0,SPX261016C03300000,4373.0,4396.5,4384.75,0.0,0.0,0.0,0.0,0.0,0.8075,0.9994,0.0,0.0613,-0.035,5.0279,4382.2825,0.0,0.0,0.0,4362.5,no_change,,0.0,0.0
SPX,2026-10-16,56,Put,3300.0,SPX261016P03300000,0.25,0.45,0.35,0.45,0.0,0.0,0.0,842.0,0.703,-0.0006,0.0,0.0616,-0.0351,-0.0069,0.3179,0.0,0.0,0.0,0.400000005960464,no_change,2026-08-13T15:38:11,0.0,0.0
SPX,2026-10-16,56,Call,3400.0,SPX261016C03400000,4277.0,4297.2,4287.1,3834.72,0.0,0.0,0.0,0.0,0.782,0.9993,0.0,0.0682,-0.0378,5.1794,4282.986,0.0,0.0,0.0,4263.75,up,2026-05-04T15:01:28,0.0,0.0
SPXW,2026-10-16,56,Call,3400.0,SPXW261016C03400000,4273.3,4297.1,4285.200000000001,0.0,0.0,0.0,0.0,0.0,0.7598,0.9993,0.0,0.074,-0.0411,5.1786,4283.0112,0.0,0.0,0.0,4263.30004882812,no_change,,0.0,0.0
SPX,2026-10-16,56,Put,3400.0,SPX261016P03400000,0.3,0.5,0.4,0.4,-0.05,-11.1111,120.0,2409.0,0.6868,-0.0006,0.0,0.0683,-0.0378,-0.0077,0.3479,0.4,0.4,0.4,0.450000002980232,no_change,2026-08-21T13:31:33,0.0,0.0
SPXW,2026-10-16,56,Put,3400.0,SPXW261016P03400000,0.35,0.45,0.4,0.55,0.0,0.0,0.0,67.0,0.6852,-0.0007,0.0,0.074,-0.0411,-0.0084,0.3844,0.0,0.0,0.0,0.424999997019768,up,2026-08-12T15:54:03,0.0,0.0
SPX,2026-10-16,56,Call,3500.0,SPX261016C03500000,4174.0,4197.6,4185.8,0.0,0.0,0.0,0.0,0.0,0.7572,0.9993,0.0,0.0762,-0.0411,5.3307,4183.6956,0.0,0.0,0.0,4163.84985351562,no_change,,0.0,0.0
SPX,2026-10-16,56,Put,3500.0,SPX261016P03500000,0.35,0.5,0.425,0.45,0.0,0.0,0.0,3770.0,0.6636,-0.0007,0.0,0.0763,-0.0411,-0.0087,0.384,0.0,0.0,0.0,0.500000014901161,down,2026-08-19T16:08:58,0.0,0.0
SPX,2026-10-16,56,Call,3600.0,SPX261016C03600000,4074.9,4098.6,4086.75,0.0,0.0,0.0,0.0,0.0,0.7329,0.9992,0.0,0.0855,-0.0449,5.4818,4084.4124,0.0,0.0,0.0,4064.09997558594,no_change,,0.0,0.0
SPXW,2026-10-16,56,Call,3600.0,SPXW261016C03600000,4077.9,4098.7,4088.3,4171.46,0.0,0.0,0.0,0.0,0.7126,0.9991,0.0,0.0916,-0.0483,5.481,4084.4398,0.0,0.0,0.0,4065.39990234375,up,2026-08-12T14:43:43,0.0,0.0
SPX,2026-10-16,56,Put,3600.0,SPX261016P03600000,0.4,0.6,0.5,0.65,0.0,0.0,0.0,2909.0,0.6504,-0.0008,0.0,0.0856,-0.045,-0.0098,0.4272,0.0,0.0,0.0,0.549999982118607,up,2026-08-18T09:49:17,0.0,0.0
SPXW,2026-10-16,56,Put,3600.0,SPXW261016P03600000,0.45,0.55,0.5,0.52,-0.03,-5.45455,44.0,53.0,0.6517,-0.0009,0.0,0.0916,-0.0483,-0.0106,0.4666,0.5,0.52,0.5,0.550000011920929,up,2026-08-21T15:53:36,0.0,0.0
SPX,2026-10-16,56,Call,3700.0,SPX261016C03700000,3975.8,3999.3,3987.55,0.0,0.0,0.0,0.0,0.0,0.7093,0.999,0.0,0.0964,-0.0495,5.6328,3985.1375,0.0,0.0,0.0,3965.45007324219,no_change,,0.0,0.0
SPXW,2026-10-16,56,Call,3700.0,SPXW261016C03700000,3978.6,3999.4,3989.0,0.0,0.0,0.0,0.0,0.0,0.6898,0.999,0.0,0.1027,-0.0529,5.6319,3985.166,0.0,0.0,0.0,3965.59997558594,no_change,,0.0,0.0
SPX,2026-10-16,56,Put,3700.0,SPX261016P03700000,0.45,0.65,0.55,0.55,-0.05,-8.33333,1.0,956.0,0.6361,-0.0009,0.0,0.0964,-0.0495,-0.0112,0.4787,0.55,0.55,0.55,0.599999994039536,down,2026-08-21T11:47:41,0.0,0.0
SPXW,2026-10-16,56,Put,3700.0,SPXW261016P03700000,0.5,0.6,0.55,2.75,0.0,0.0,0.0,63.0,0.6346,-0.001,0.0,0.1027,-0.0529,-0.012,0.5197,0.0,0.0,0.0,0.625,down,2026-07-27T12:05:42,0.0,0.0
SPX,2026-10-16,56,Call,3800.0,SPX261016C03800000,3876.1,3899.9,3888.0,0.0,0.0,0.0,0.0,0.0,0.6863,0.9989,0.0,0.1091,-0.0548,5.7834,3885.8719,0.0,0.0,0.0,3866.10009765625,no_change,,0.0,0.0
SPXW,2026-10-16,56,Call,3800.0,SPXW261016C03800000,3880.1,3900.1,3890.1,0.0,0.0,0.0,0.0,0.0,0.6676,0.9988,0.0,0.1158,-0.0581,5.7825,3885.9018,0.0,0.0,0.0,3866.90002441406,no_change,,0.0,0.0
SPX,2026-10-16,56,Put,3800.0,SPX261016P03800000,0.5,0.7,0.6,0.6,-0.1,-14.2857,200.0,1818.0,0.619,-0.0011,0.0,0.109,-0.0547,-0.0127,0.5396,0.6,0.6,0.6,0.700000017881394,down,2026-08-21T13:01:14,0.0,0.0
SPXW,2026-10-16,56,Put,3800.0,SPXW261016P03800000,0.55,0.7,0.625,0.65,-0.025,-3.70371,2.0,197.0,0.6219,-0.0011,0.0,0.1158,-0.0582,-0.0136,0.5823,0.65,0.65,0.65,0.675000011920929,no_change,2026-08-21T15:10:26,0.0,0.0
SPX,2026-10-16,56,Call,3850.0,SPX261016C03850000,3826.9,3850.4,3838.65,0.0,0.0,0.0,0.0,0.0,0.6769,0.9988,0.0,0.1163,-0.0577,5.8587,3836.2431,0.0,0.0,0.0,3816.29992675781,no_change,,0.0,0.0
SPX,2026-10-16,56,Put,3850.0,SPX261016P03850000,0.55,0.75,0.65,0.85,0.0,0.0,0.0,154.0,0.6104,-0.0011,0.0,0.1162,-0.0576,-0.0136,0.5739,0.0,0.0,0.0,0.724999994039536,down,2026-08-13T09:37:03,0.0,0.0
SPX,2026-10-16,56,Call,3900.0,SPX261016C03900000,3777.2,3800.7,3788.95,0.0,0.0,0.0,0.0,0.0,0.6676,0.9988,0.0,0.1241,-0.0608,5.9338,3786.6171,0.0,0.0,0.0,3766.95007324219,no_change,,0.0,0.0
SPXW,2026-10-16,56,Call,3900.0,SPXW261016C03900000,3780.1,3800.8,3790.45,0.0,0.0,0.0,0.0,0.0,0.6459,0.9987,0.0,0.1311,-0.0642,5.9328,3786.6485,0.0,0.0,0.0,3767.5,no_change,,0.0,0.0
SPX,2026-10-16,56,Put,3900.0,SPX261016P03900000,0.6,0.8,0.7,0.7,-0.05,-6.66667,5.0,2056.0,0.6038,-0.0012,0.0,0.124,-0.0607,-0.0146,0.6111,0.7,0.7,0.7,0.75,down,2026-08-21T11:29:56,0.0,0.0
SPXW,2026-10-16,56,Put,3900.0,SPXW261016P03900000,0.65,0.75,0.7,2.75,0.0,0.0,0.0,40.0,0.6043,-0.0013,0.0,0.1311,-0.0642,-0.0155,0.6558,0.0,0.0,0.0,0.775000005960464,down,2026-07-30T13:45:59,0.0,0.0
SPX,2026-10-16,56,Call,3950.0,SPX261016C03950000,3727.6,3751.1,3739.35,0.0,0.0,0.0,0.0,0.0,0.6546,0.9987,0.0,0.1326,-0.0641,6.0089,3736.9942,0.0,0.0,0.0,3717.25,no_change,,0.0,0.0
SPX,2026-10-16,56,Put,3950.0,SPX261016P03950000,0.6,0.85,0.725,0.72,-0.08,-10.0,1.0,330.0,0.597,-0.0013,0.0,0.1324,-0.064,-0.0157,0.6514,0.72,0.72,0.72,0.799999982118606,down,2026-08-21T15:14:05,0.0,0.0
SPX,2026-10-16,56,Call,4000.0,SPX261016C04000000,3677.6,3701.3,3689.45,3693.34,26.74,0.729287,4.0,10.0,0.6454,0.9986,0.0,0.1416,-0.0677,6.0838,3687.3744,3686.74,3693.34,3686.74,3666.59997558594,up,2026-08-21T15:14:05,0.0,0.0
SPXW,2026-10-16,56,Call,4000.0,SPXW261016C04000000,3681.0,3701.5,3691.25,3622.02,0.0,0.0,0.0,10.0,0.6246,0.9985,0.0,0.1488,-0.0711,6.0828,3687.4076,0.0,0.0,0.0,3667.90002441406,up,2026-08-03T14:01:38,0.0,0.0
SPX,2026-10-16,56,Put,4000.0,SPX261016P04000000,0.65,0.9,0.775,0.8,-0.075,-8.57143,13.0,4668.0,0.59,-0.0014,0.0,0.1414,-0.0676,-0.0169,0.6948,0.77,0.8,0.77,0.875,up,2026-08-21T14:56:38,0.0,0.0
SPXW,2026-10-16,56,Put,4000.0,SPXW261016P04000000,0.7,0.85,0.7749999999999999,0.85,0.0,0.0,0.0,351.0,0.5904,-0.0015,0.0,0.1488,-0.0711,-0.0178,0.7418,0.0,0.0,0.0,0.875,no_change,2026-08-20T11:07:49,0.0,0.0
SPX,2026-10-16,56,Call,4050.0,SPX261016C04050000,3628.3,3651.8,3640.05,0.0,0.0,0.0,0.0,0.0,0.6362,0.9985,0.0,0.1512,-0.0714,6.1587,3637.7582,0.0,0.0,0.0,3617.40002441406,no_change,,0.0,0.0
SPX,2026-10-16,56,Put,4050.0,SPX261016P04050000,0.7,0.95,0.825,1.0,0.0,0.0,0.0,346.0,0.5829,-0.0015,0.0,0.151,-0.0713,-0.0181,0.7417,0.0,0.0,0.0,0.925000011920929,down,2026-08-14T10:18:15,0.0,0.0
SPX,2026-10-16,56,Call,4100.0,SPX261016C04100000,3578.4,3602.2,3590.3,0.0,0.0,0.0,0.0,0.0,0.6237,0.9984,0.0,0.1614,-0.0755,6.2335,3588.1454,0.0,0.0,0.0,3567.5,no_change,,0.0,0.0
SPXW,2026-10-16,56,Call,4100.0,SPXW261016C04100000,3581.6,3602.3,3591.95,3708.74,0.0,0.0,0.0,2.0,0.6079,0.9983,0.0,0.1688,-0.0789,6.2324,3588.1806,0.0,0.0,0.0,3568.64990234375,up,2026-08-13T14:00:52,0.0,0.0
SPX,2026-10-16,56,Put,4100.0,SPX261016P04100000,0.75,0.95,0.85,0.98,0.0,0.0,0.0,655.0,0.5756,-0.0016,0.0,0.1612,-0.0753,-0.0195,0.7922,0.0,0.0,0.0,0.974999964237213,up,2026-08-20T15:19:55,0.0,0.0
SPXW,2026-10-16,56,Put,4100.0,SPXW261016P04100000,0.8,0.95,0.875,0.98,0.0,0.0,0.0,609.0,0.5758,-0.0017,0.0,0.1688,-0.0789,-0.0205,0.8415,0.0,0.0,0.0,0.974999964237213,down,2026-08-20T11:50:40,0.0,0.0
SPX,2026-10-16,56,Call,4150.0,SPX261016C04150000,3528.7,3552.5,3540.6,0.0,0.0,0.0,0.0,0.0,0.6147,0.9982,0.0,0.1723,-0.0797,6.3082,3538.5364,0.0,0.0,0.0,3519.05004882812,no_change,,0.0,0.0
SPX,2026-10-16,56,Put,4150.0,SPX261016P04150000,0.8,1.0,0.9,1.12,0.0,0.0,0.0,342.0,0.5683,-0.0018,0.0,0.172,-0.0795,-0.0209,0.8464,0.0,0.0,0.0,1.02500000596046,down,2026-08-18T15:21:59,0.0,0.0
SPX,2026-10-16,56,Call,4200.0,SPX261016C04200000,3479.4,3502.9,3491.15,0.0,0.0,0.0,0.0,0.0,0.6057,0.9981,0.0,0.184,-0.0842,6.3828,3488.9313,0.0,0.0,0.0,3468.25,no_change,,0.0,0.0
SPXW,2026-10-16,56,Call,4200.0,SPXW261016C04200000,3483.1,3503.0,3493.05,0.0,0.0,0.0,0.0,0.0,0.5874,0.998,0.0,0.1918,-0.0877,6.3817,3488.9685,0.0,0.0,0.0,3469.94995117188,no_change,,0.0,0.0
SPX,2026-10-16,56,Put,4200.0,SPX261016P04200000,0.9,1.1,1.0,1.2,0.0,0.0,0.0,3152.0,0.5608,-0.0019,0.0,0.1837,-0.084,-0.0225,0.9044,0.0,0.0,0.0,1.10000002384186,up,2026-08-18T09:52:55,0.0,0.0
SPXW,2026-10-16,56,Put,4200.0,SPXW261016P04200000,0.95,1.05,1.0,1.0,-0.125,-11.1111,4.0,241.0,0.5608,-0.002,0.0,0.1918,-0.0877,-0.0235,0.9563,1.02,1.02,1.0,1.125,down,2026-08-21T16:12:45,0.0,0.0
SPX,2026-10-16,56,Call,4250.0,SPX261016C04250000,3432.5,3453.3,3442.9,0.0,0.0,0.0,0.0,0.0,0.5968,0.998,0.0,0.1965,-0.0889,6.4572,3439.3302,0.0,0.0,0.0,3419.0,no_change,,0.0,0.0
SPX,2026-10-16,56,Put,4250.0,SPX261016P04250000,0.95,1.15,1.0499999999999998,1.2,0.0,0.0,0.0,405.0,0.5533,-0.002,0.0,0.1962,-0.0887,-0.0242,0.9666,0.0,0.0,0.0,1.17500001192093,up,2026-08-20T14:00:41,0.0,0.0
SPX,2026-10-16,56,Call,4300.0,SPX261016C04300000,3379.9,3403.7,3391.8,0.0,0.0,0.0,0.0,0.0,0.5878,0.9978,0.0,0.21,-0.0939,6.5316,3389.7333,0.0,0.0,0.0,3369.70007324219,no_change,,0.0,0.0
SPXW,2026-10-16,56,Call,4300.0,SPXW261016C04300000,3383.3,3403.8,3393.55,0.0,0.0,0.0,0.0,0.0,0.5708,0.9977,0.0,0.2183,-0.0974,6.5304,3389.7729,0.0,0.0,0.0,3370.80004882812,no_change,,0.0,0.0
SPX,2026-10-16,56,Put,4300.0,SPX261016P04300000,1.0,1.2,1.1,1.11,-0.14,-11.2,9.0,1018.0,0.5481,-0.0022,0.0,0.2101,-0.0939,-0.026,1.0357,1.11,1.11,1.11,1.25,down,2026-08-21T10:42:00,0.0,0.0
SPXW,2026-10-16,56,Put,4300.0,SPXW261016P04300000,1.05,1.2,1.125,1.1,-0.175,-13.7255,2.0,105.0,0.548,-0.0023,0.0,0.2183,-0.0974,-0.0271,1.0875,1.1,1.1,1.1,1.27500003576279,no_change,2026-08-21T12:59:55,0.0,0.0
SPX,2026-10-16,56,Call,4350.0,SPX261016C04350000,3330.6,3354.1,3342.35,3096.2,0.0,0.0,0.0,2.0,0.576,0.9976,0.0,0.2244,-0.0991,6.6057,3340.1409,0.0,0.0,0.0,3320.19995117188,up,2026-06-29T11:07:56,0.0,0.0
SPX,2026-10-16,56,Put,4350.0,SPX261016P04350000,1.05,1.25,1.15,1.15,0.0,0.0,0.0,500.0,0.5392,-0.0023,0.0,0.2245,-0.0991,-0.028,1.1068,0.0,0.0,0.0,1.35000002384186,down,2026-08-19T15:53:22,0.0,0.0
SPX,2026-10-16,56,Call,4400.0,SPX261016C04400000,3281.0,3304.5,3292.75,0.0,0.0,0.0,0.0,0.0,0.5672,0.9975,0.0,0.2398,-0.1046,6.6798,3290.5532,0.0,0.0,0.0,3270.14990234375,no_change,,0.0,0.0
SPXW,2026-10-16,56,Call,4400.0,SPXW261016C04400000,3283.9,3304.6,3294.25,0.0,0.0,0.0,0.0,0.0,0.5542,0.9974,0.0,0.2484,-0.1082,6.6785,3290.5956,0.0,0.0,0.0,3271.25,no_change,,0.0,0.0
SPX,2026-10-16,56,Put,4400.0,SPX261016P04400000,1.15,1.3,1.225,1.3,-0.1,-7.14286,65.0,1041.0,0.5336,-0.0025,0.0,0.2398,-0.1046,-0.0301,1.1825,1.31,1.31,1.27,1.39999997615814,up,2026-08-21T14:19:10,0.0,0.0
SPXW,2026-10-16,56,Put,4400.0,SPXW261016P04400000,1.2,1.35,1.275,1.4,0.0,0.0,0.0,1585.0,0.5344,-0.0026,0.0,0.2485,-0.1082,-0.0313,1.2371,0.0,0.0,0.0,1.47499996423721,up,2026-08-20T12:28:21,0.0,0.0
SPX,2026-10-16,56,Call,4450.0,SPX261016C04450000,3231.4,3254.9,3243.15,0.0,0.0,0.0,0.0,0.0,0.5584,0.9973,0.0,0.256,-0.1104,6.7536,3240.9704,0.0,0.0,0.0,3220.70007324219,no_change,,0.0,0.0
SPX,2026-10-16,56,Put,4450.0,SPX261016P04450000,1.2,1.4,1.2999999999999998,1.44,0.0,0.0,0.0,676.0,0.5267,-0.0027,0.0,0.2561,-0.1104,-0.0324,1.2631,0.0,0.0,0.0,1.5,up,2026-08-14T15:50:02,0.0,0.0
SPX,2026-10-16,56,Call,4500.0,SPX261016C04500000,3181.5,3205.3,3193.4,2940.7,0.0,0.0,0.0,7.0,0.5496,0.9971,0.0,0.273,-0.1164,6.8273,3191.3928,0.0,0.0,0.0,3171.75,down,2026-07-30T12:52:17,0.0,0.0
SPXW,2026-10-16,56,Call,4500.0,SPXW261016C04500000,3184.9,3205.4,3195.15,0.0,0.0,0.0,0.0,0.0,0.5375,0.997,0.0,0.282,-0.12,6.826,3191.4383,0.0,0.0,0.0,3172.5,no_change,,0.0,0.0
SPX,2026-10-16,56,Put,4500.0,SPX261016P04500000,1.3,1.5,1.4,1.45,-0.15,-9.375,101.0,4706.0,0.5197,-0.0029,0.0,0.2731,-0.1164,-0.0348,1.3489,1.45,1.45,1.45,1.60000002384186,no_change,2026-08-21T14:49:34,0.0,0.0
SPXW,2026-10-16,56,Put,4500.0,SPXW261016P04500000,1.35,1.5,1.425,1.7,0.0,0.0,0.0,1175.0,0.5203,-0.003,0.0,0.282,-0.12,-0.036,1.4066,0.0,0.0,0.0,1.67500001192093,up,2026-08-20T15:25:48,0.0,0.0
SPX,2026-10-16,56,Call,4550.0,SPX261016C04550000,3131.9,3155.7,3143.8,0.0,0.0,0.0,0.0,0.0,0.5434,0.9969,0.0,0.291,-0.1227,6.9009,3141.8204,0.0,0.0,0.0,3122.19995117188,no_change,,0.0,0.0
SPX,2026-10-16,56,Put,4550.0,SPX261016P04550000,1.4,1.6,1.5,1.46,-0.24,-14.1176,15.0,325.0,0.5135,-0.0031,0.0,0.2911,-0.1227,-0.0374,1.4399,1.54,1.54,1.46,1.69999998807907,down,2026-08-21T15:50:16,0.0,0.0
SPX,2026-10-16,56,Call,4600.0,SPX261016C04600000,3082.3,3106.1,3094.2,0.0,0.0,0.0,0.0,0.0,0.5346,0.9966,0.0,0.31,-0.1292,6.9743,3092.2533,0.0,0.0,0.0,3071.84997558594,no_change,,0.0,0.0
SPXW,2026-10-16,56,Call,4600.0,SPXW261016C04600000,3085.7,3106.3,3096.0,0.0,0.0,0.0,0.0,0.0,0.5209,0.9965,0.0,0.3195,-0.1329,6.973,3092.3023,0.0,0.0,0.0,3073.59997558594,no_change,,0.0,0.0
SPX,2026-10-16,56,Put,4600.0,SPX261016P04600000,1.5,1.7,1.6,1.56,-0.265,-14.5205,15.0,2294.0,0.5062,-0.0033,0.0,0.3101,-0.1293,-0.0401,1.5363,1.56,1.56,1.56,1.82500004768372,down,2026-08-21T15:48:14,0.0,0.0
SPXW,2026-10-16,56,Put,4600.0,SPXW261016P04600000,1.55,1.7,1.625,1.62,-0.28,-14.7368,310.0,1952.0,0.5075,-0.0034,0.0,0.3196,-0.1329,-0.0414,1.5975,1.7,1.7,1.6,1.90000003576279,no_change,2026-08-21T14:00:23,0.0,0.0
SPX,2026-10-16,56,Call,4625.0,SPX261016C04625000,3057.5,3081.3,3069.4,0.0,0.0,0.0,0.0,0.0,0.5302,0.9965,0.0,0.32,-0.1326,7.011,3067.4719,0.0,0.0,0.0,3047.90002441406,no_change,,0.0,0.0
SPX,2026-10-16,56,Put,4625.0,SPX261016P04625000,1.5,1.75,1.625,2.3,0.0,0.0,0.0,660.0,0.503,-0.0035,0.0,0.3201,-0.1326,-0.0415,1.5866,0.0,0.0,0.0,1.89999997615814,no_change,2026-08-10T12:29:13,0.0,0.0
SPX,2026-10-16,56,Call,4650.0,SPX261016C04650000,3032.7,3056.5,3044.6,0.0,0.0,0.0,0.0,0.0,0.5258,0.9964,0.0,0.3303,-0.1361,7.0476,3042.6919,0.0,0.0,0.0,3023.0,no_change,,0.0,0.0
SPX,2026-10-16,56,Put,4650.0,SPX261016P04650000,1.55,1.8,1.675,1.9,0.0,0.0,0.0,3115.0,0.4997,-0.0036,0.0,0.3304,-0.1361,-0.043,1.6383,0.0,0.0,0.0,1.94999998807907,down,2026-08-14T11:13:43,0.0,0.0
SPX,2026-10-16,56,Call,4675.0,SPX261016C04675000,3008.0,3031.8,3019.9,0.0,0.0,0.0,0.0,0.0,0.5214,0.9963,0.0,0.3409,-0.1396,7.0841,3017.9133,0.0,0.0,0.0,2997.70007324219,no_change,,0.0,0.0
SPX,2026-10-16,56,Put,4675.0,SPX261016P04675000,1.6,1.85,1.725,4.8,0.0,0.0,0.0,318.0,0.4964,-0.0037,0.0,0.3409,-0.1396,-0.0445,1.691,0.0,0.0,0.0,1.99999994039536,down,2026-07-31T15:59:39,0.0,0.0
SPX,2026-10-16,56,Call,4700.0,SPX261016C04700000,2983.5,3007.0,2995.25,0.0,0.0,0.0,0.0,0.0,0.517,0.9961,0.0,0.3519,-0.1432,7.1206,2993.1362,0.0,0.0,0.0,2973.04992675781,no_change,,0.0,0.0
SPXW,2026-10-16,56,Call,4700.0,SPXW261016C04700000,2987.1,3007.1,2997.1,0.0,0.0,0.0,0.0,0.0,0.5067,0.996,0.0,0.3621,-0.1469,7.1191,2993.189,0.0,0.0,0.0,2973.95007324219,no_change,,0.0,0.0
SPX,2026-10-16,56,Put,4700.0,SPX261016P04700000,1.7,1.9,1.7999999999999998,1.9,-0.175,-8.43374,402.0,1973.0,0.493,-0.0038,0.0,0.352,-0.1432,-0.0461,1.746,1.82,1.9,1.82,2.07500004768372,no_change,2026-08-21T15:24:29,0.0,0.0
SPXW,2026-10-16,56,Put,4700.0,SPXW261016P04700000,1.75,1.9,1.825,1.85,-0.3,-13.9535,180.0,717.0,0.4941,-0.004,0.0,0.3622,-0.1469,-0.0475,1.8111,1.82,1.85,1.82,2.14999997615814,up,2026-08-21T14:59:53,0.0,0.0
SPX,2026-10-16,56,Call,4725.0,SPX261016C04725000,2958.4,2982.2,2970.3,0.0,0.0,0.0,0.0,0.0,0.5127,0.996,0.0,0.3632,-0.1468,7.1571,2968.3606,0.0,0.0,0.0,2948.25,no_change,,0.0,0.0
SPX,2026-10-16,56,Put,4725.0,SPX261016P04725000,1.7,1.95,1.825,2.0,0.0,0.0,0.0,327.0,0.4904,-0.004,0.0,0.3633,-0.1468,-0.0477,1.8022,0.0,0.0,0.0,2.14999997615814,down,2026-08-14T15:05:55,0.0,0.0
SPX,2026-10-16,56,Call,4750.0,SPX261016C04750000,2936.5,2957.4,2946.95,2785.56,0.0,0.0,0.0,0.0,0.5104,0.9959,0.0,0.3749,-0.1505,7.1934,2943.5866,0.0,0.0,0.0,2923.55004882812,down,2026-06-18T09:47:10,0.0,0.0
SPX,2026-10-16,56,Put,4750.0,SPX261016P04750000,1.8,2.0,1.9,2.15,0.0,0.0,0.0,564.0,0.487,-0.0041,0.0,0.375,-0.1506,-0.0494,1.8599,0.0,0.0,0.0,2.19999992847443,down,2026-08-14T10:17:32,0.0,0.0
SPX,2026-10-16,56,Call,4775.0,SPX261016C04775000,2908.8,2932.6,2920.7,0.0,0.0,0.0,0.0,0.0,0.506,0.9957,0.0,0.3869,-0.1543,7.2297,2918.8142,0.0,0.0,0.0,2898.35009765625,no_change,,0.0,0.0
SPX,2026-10-16,56,Put,4775.0,SPX261016P04775000,1.85,2.05,1.95,2.0,0.0,0.0,0.0,515.0,0.4828,-0.0043,0.0,0.387,-0.1543,-0.0512,1.9192,0.0,0.0,0.0,2.27500009536743,down,2026-08-19T15:32:17,0.0,0.0
SPX,2026-10-16,56,Call,4800.0,SPX261016C04800000,2884.3,2907.8,2896.05,2331.0,0.0,0.0,0.0,3.0,0.5016,0.9956,0.0,0.3992,-0.1582,7.266,2894.0434,0.0,0.0,0.0,2875.15002441406,down,2026-04-16T12:36:19,0.0,0.0
SPXW,2026-10-16,56,Call,4800.0,SPXW261016C04800000,2884.7,2908.0,2896.35,0.0,0.0,0.0,0.0,0.0,0.4922,0.9954,0.0,0.41,-0.162,7.2644,2894.1006,0.0,0.0,0.0,2874.90002441406,no_change,,0.0,0.0
SPX,2026-10-16,56,Put,4800.0,SPX261016P04800000,1.9,2.1,2.0,2.17,0.0,0.0,0.0,3129.0,0.4814,-0.0044,0.0,0.3992,-0.1582,-0.053,1.9796,0.0,0.0,0.0,2.35000002384186,down,2026-08-17T09:30:02,0.0,0.0
SPXW,2026-10-16,56,Put,4800.0,SPXW261016P04800000,2.0,2.15,2.075,2.05,-0.375,-15.4639,87.0,1449.0,0.4802,-0.0045,0.0,0.4101,-0.162,-0.0545,2.0493,2.17,2.17,2.05,2.42499995231628,no_change,2026-08-21T14:24:03,0.0,0.0
SPX,2026-10-16,56,Call,4825.0,SPX261016C04825000,2859.6,2883.1,2871.35,0.0,0.0,0.0,0.0,0.0,0.4973,0.9954,0.0,0.4118,-0.1621,7.3022,2869.2743,0.0,0.0,0.0,2849.05004882812,no_change,,0.0,0.0
SPX,2026-10-16,56,Put,4825.0,SPX261016P04825000,1.95,2.2,2.075,2.1,-0.35,-14.2857,1.0,123.0,0.4771,-0.0046,0.0,0.4119,-0.1621,-0.0549,2.0427,2.1,2.1,2.1,2.44999992847443,down,2026-08-21T12:45:50,0.0,0.0
SPX,2026-10-16,56,Call,4850.0,SPX261016C04850000,2837.7,2858.3,2848.0,0.0,0.0,0.0,0.0,0.0,0.4929,0.9953,0.0,0.4247,-0.1661,7.3383,2844.5069,0.0,0.0,0.0,2825.09997558594,no_change,,0.0,0.0
SPX,2026-10-16,56,Put,4850.0,SPX261016P04850000,2.05,2.25,2.15,2.13,-0.37,-14.8,5.0,552.0,0.4736,-0.0047,0.0,0.4248,-0.1662,-0.0568,2.107,2.13,2.13,2.13,2.5,down,2026-08-21T12:21:09,0.0,0.0
SPX,2026-10-16,56,Call,4875.0,SPX261016C04875000,2810.0,2833.5,2821.75,0.0,0.0,0.0,0.0,0.0,0.4905,0.9951,0.0,0.4379,-0.1702,7.3744,2819.7412,0.0,0.0,0.0,2799.54992675781,no_change,,0.0,0.0
SPX,2026-10-16,56,Put,4875.0,SPX261016P04875000,2.1,2.3,2.2,2.45,0.0,0.0,0.0,477.0,0.4706,-0.0049,0.0,0.438,-0.1702,-0.0588,2.1731,0.0,0.0,0.0,2.60000002384186,down,2026-08-14T15:24:15,0.0,0.0
SPX,2026-10-16,56,Call,4900.0,SPX261016C04900000,2784.9,2808.7,2796.8,0.0,0.0,0.0,0.0,0.0,0.4861,0.9949,0.0,0.4514,-0.1744,7.4104,2794.9773,0.0,0.0,0.0,2775.45007324219,no_change,,0.0,0.0
SPXW,2026-10-16,56,Call,4900.0,SPXW261016C04900000,2788.1,2808.9,2798.5,2710.48,0.0,0.0,0.0,1.0,0.4774,0.9948,0.0,0.4627,-0.1783,7.4087,2795.0394,0.0,0.0,0.0,2776.10009765625,up,2026-08-03T11:43:41,0.0,0.0
SPX,2026-10-16,56,Put,4900.0,SPX261016P04900000,2.15,2.35,2.25,2.3,-0.35,-13.2075,2.0,1332.0,0.4682,-0.0051,0.0,0.4514,-0.1744,-0.0608,2.2403,2.3,2.3,2.3,2.64999997615814,no_change,2026-08-21T10:33:46,0.0,0.0
SPXW,2026-10-16,56,Put,4900.0,SPXW261016P04900000,2.25,2.4,2.325,2.8,0.0,0.0,0.0,1150.0,0.4676,-0.0052,0.0,0.4628,-0.1783,-0.0625,2.3149,0.0,0.0,0.0,2.72500002384186,up,2026-08-20T15:57:27,0.0,0.0
SPX,2026-10-16,56,Call,4925.0,SPX261016C04925000,2760.1,2784.0,2772.05,0.0,0.0,0.0,0.0,0.0,0.4817,0.9948,0.0,0.4651,-0.1786,7.4463,2770.2152,0.0,0.0,0.0,2750.30004882812,no_change,,0.0,0.0
SPX,2026-10-16,56,Put,4925.0,SPX261016P04925000,2.25,2.45,2.35,2.4,-0.35,-12.7273,7.0,1201.0,0.464,-0.0052,0.0,0.4653,-0.1786,-0.063,2.3105,2.35,2.4,2.35,2.75,no_change,2026-08-21T13:49:29,0.0,0.0
SPX,2026-10-16,56,Call,4950.0,SPX261016C04950000,2735.7,2759.2,2747.45,0.0,0.0,0.0,0.0,0.0,0.4774,0.9946,0.0,0.4793,-0.1829,7.4822,2745.4548,0.0,0.0,0.0,2725.30004882812,no_change,,0.0,0.0
SPX,2026-10-16,56,Put,4950.0,SPX261016P04950000,2.3,2.5,2.4,2.36,-0.44,-15.7143,3.0,485.0,0.4609,-0.0054,0.0,0.4793,-0.1829,-0.0651,2.3813,2.37,2.37,2.36,2.80000007152557,down,2026-08-21T12:21:09,0.0,0.0
SPX,2026-10-16,56,Call,4975.0,SPX261016C04975000,2710.9,2734.4,2722.65,2027.78,0.0,0.0,0.0,20.0,0.4748,0.9944,0.0,0.4938,-0.1872,7.5181,2720.6964,0.0,0.0,0.0,2701.35009765625,down,2025-11-04T13:53:14,0.0,0.0
SPX,2026-10-16,56,Put,4975.0,SPX261016P04975000,2.35,2.6,2.475,2.55,0.0,0.0,0.0,319.0,0.4582,-0.0056,0.0,0.4939,-0.1872,-0.0673,2.4551,0.0,0.0,0.0,2.89999997615814,down,2026-08-19T12:14:32,0.0,0.0
SPX,2026-10-16,56,Call,5000.0,SPX261016C05000000,2685.8,2709.7,2697.75,2703.68,27.78,1.03815,2.0,1416.0,0.4704,0.9942,0.0,0.5087,-0.1916,7.5539,2695.9397,2703.68,2703.68,2703.68,2675.90002441406,up,2026-08-21T13:05:10,0.0,0.0
SPXW,2026-10-16,56,Call,5000.0,SPXW261016C05000000,2686.7,2709.8,2698.25,0.0,0.0,0.0,0.0,1.0,0.4624,0.994,0.0,0.5208,-0.1957,7.5521,2696.0072,0.0,0.0,0.0,2677.0,no_change,,0.0,0.0
SPX,2026-10-16,56,Put,5000.0,SPX261016P05000000,2.45,2.65,2.55,2.5,-0.5,-16.6667,32.0,9288.0,0.454,-0.0058,0.0,0.5087,-0.1916,-0.0696,2.5296,2.55,2.55,2.5,3.0,down,2026-08-21T15:49:29,0.0,0.0
SPXW,2026-10-16,56,Put,5000.0,SPXW261016P05000000,2.55,2.65,2.5999999999999996,2.7,-0.4,-12.9032,10.0,611.0,0.4545,-0.0059,0.0,0.5209,-0.1957,-0.0714,2.6099,2.7,2.7,2.7,3.10000002384186,down,2026-08-21T10:43:27,0.0,0.0
SPX,2026-10-16,56,Call,5025.0,SPX261016C05025000,2661.4,2684.9,2673.15,2208.49,0.0,0.0,0.0,1.0,0.466,0.994,0.0,0.524,-0.1962,7.5896,2671.185,0.0,0.0,0.0,2651.70007324219,up,2026-04-21T09:57:36,0.0,0.0
SPX,2026-10-16,56,Put,5025.0,SPX261016P05025000,2.5,2.7,2.6,3.1,0.0,0.0,0.0,951.0,0.4518,-0.006,0.0,0.5241,-0.1962,-0.072,2.6072,0.0,0.0,0.0,3.07500004768372,up,2026-08-18T10:47:54,0.0,0.0
SPX,2026-10-16,56,Call,5050.0,SPX261016C05050000,2637.2,2660.1,2648.6499999999996,2783.25,0.0,0.0,0.0,1.0,0.4633,0.9938,0.0,0.5398,-0.2007,7.6253,2646.4322,0.0,0.0,0.0,2626.80004882812,up,2026-08-13T10:14:59,0.0,0.0
SPX,2026-10-16,56,Put,5050.0,SPX261016P05050000,2.6,2.8,2.7,3.28,0.0,0.0,0.0,1153.0,0.4476,-0.0062,0.0,0.5399,-0.2008,-0.0744,2.6861,0.0,0.0,0.0,3.14999997615814,up,2026-08-18T12:34:40,0.0,0.0
SPX,2026-10-16,56,Call,5075.0,SPX261016C05075000,2614.7,2635.4,2625.05,0.0,0.0,0.0,0.0,0.0,0.459,0.9936,0.0,0.5561,-0.2054,7.6608,2621.6813,0.0,0.0,0.0,2601.59997558594,no_change,,0.0,0.0
SPX,2026-10-16,56,Put,5075.0,SPX261016P05075000,2.65,2.85,2.75,3.4,0.0,0.0,0.0,1822.0,0.4452,-0.0064,0.0,0.5562,-0.2054,-0.0769,2.7669,0.0,0.0,0.0,3.25,up,2026-08-18T14:20:41,0.0,0.0
SPX,2026-10-16,56,Call,5100.0,SPX261016C05100000,2586.8,2610.6,2598.7,2373.4,0.0,0.0,0.0,5.0,0.4562,0.9934,0.0,0.5729,-0.2101,7.6963,2596.9325,0.0,0.0,0.0,2577.20007324219,up,2026-07-31T11:42:59,0.0,0.0
SPXW,2026-10-16,56,Call,5100.0,SPXW261016C05100000,2591.1,2610.8,2600.95,0.0,0.0,0.0,0.0,0.0,0.4488,0.9932,0.0,0.5861,-0.2142,7.6943,2597.0058,0.0,0.0,0.0,2577.95007324219,no_change,,0.0,0.0
SPX,2026-10-16,56,Put,5100.0,SPX261016P05100000,2.75,2.95,2.85,2.82,-0.53,-15.8209,100.0,1549.0,0.441,-0.0066,0.0,0.573,-0.2101,-0.0795,2.8498,2.82,2.82,2.82,3.35000002384186,no_change,2026-08-21T16:04:53,0.0,0.0
SPXW,2026-10-16,56,Put,5100.0,SPXW261016P05100000,2.85,3.0,2.925,2.95,-0.55,-15.7143,38.0,445.0,0.4422,-0.0068,0.0,0.5862,-0.2143,-0.0814,2.9354,3.02,3.1,2.95,3.5,down,2026-08-21T15:55:49,0.0,0.0
SPX,2026-10-16,56,Call,5125.0,SPX261016C05125000,2566.3,2585.9,2576.1000000000004,0.0,0.0,0.0,0.0,0.0,0.4518,0.9931,0.0,0.5902,-0.2149,7.7317,2572.1857,0.0,0.0,0.0,2552.25,no_change,,0.0,0.0
SPX,2026-10-16,56,Put,5125.0,SPX261016P05125000,2.85,3.1,2.975,3.23,0.0,0.0,0.0,1909.0,0.4385,-0.0068,0.0,0.5903,-0.2149,-0.0822,2.9348,0.0,0.0,0.0,3.44999992847443,up,2026-08-19T09:56:28,0.0,0.0
SPX,2026-10-16,56,Call,5150.0,SPX261016C05150000,2537.3,2561.1,2549.2,0.0,0.0,0.0,0.0,0.0,0.4474,0.9929,0.0,0.608,-0.2198,7.767,2547.4412,0.0,0.0,0.0,2528.25,no_change,,0.0,0.0
SPX,2026-10-16,56,Put,5150.0,SPX261016P05150000,2.9,3.1,3.0,3.55,0.0,0.0,0.0,4588.0,0.4351,-0.0071,0.0,0.6081,-0.2198,-0.085,3.0219,0.0,0.0,0.0,3.55000007152557,no_change,2026-08-20T15:38:29,0.0,0.0
SPX,2026-10-16,56,Call,5175.0,SPX261016C05175000,2516.0,2536.4,2526.2,0.0,0.0,0.0,0.0,0.0,0.4445,0.9927,0.0,0.6262,-0.2247,7.8022,2522.6988,0.0,0.0,0.0,2502.30004882812,no_change,,0.0,0.0
SPX,2026-10-16,56,Put,5175.0,SPX261016P05175000,3.0,3.2,3.1,3.68,0.0,0.0,0.0,2875.0,0.4317,-0.0073,0.0,0.6264,-0.2247,-0.0878,3.1113,0.0,0.0,0.0,3.64999997615814,no_change,2026-08-20T15:45:51,0.0,0.0
SPX,2026-10-16,56,Call,5200.0,SPX261016C05200000,2487.8,2511.6,2499.7,2331.85,0.0,0.0,0.0,3.0,0.4401,0.9924,0.0,0.645,-0.2297,7.8372,2497.9587,0.0,0.0,0.0,2477.95007324219,down,2026-07-20T10:05:45,0.0,0.0
SPXW,2026-10-16,56,Call,5200.0,SPXW261016C05200000,2491.3,2511.8,2501.55,0.0,0.0,0.0,0.0,0.0,0.4348,0.9923,0.0,0.6591,-0.234,7.835,2498.0388,0.0,0.0,0.0,2479.19995117188,no_change,,0.0,0.0
SPX,2026-10-16,56,Put,5200.0,SPX261016P05200000,3.1,3.3,3.2,3.15,-0.6,-16.0,137.0,5002.0,0.4278,-0.0076,0.0,0.6451,-0.2297,-0.0908,3.203,3.32,3.32,3.15,3.75,no_change,2026-08-21T16:05:27,0.0,0.0
SPXW,2026-10-16,56,Put,5200.0,SPXW261016P05200000,3.2,3.4,3.3,3.4,-0.5,-12.8205,45.0,438.0,0.4284,-0.0077,0.0,0.6588,-0.2338,-0.0929,3.2917,3.4,3.4,3.4,3.89999997615814,no_change,2026-08-21T09:30:07,0.0,0.0
SPX,2026-10-16,56,Call,5225.0,SPX261016C05225000,2463.0,2486.8,2474.9,0.0,0.0,0.0,0.0,0.0,0.4372,0.9922,0.0,0.6641,-0.2348,7.8722,2473.221,0.0,0.0,0.0,2453.59997558594,no_change,,0.0,0.0
SPX,2026-10-16,56,Put,5225.0,SPX261016P05225000,3.2,3.4,3.3,3.7,0.0,0.0,0.0,671.0,0.4248,-0.0078,0.0,0.6643,-0.2348,-0.0939,3.297,0.0,0.0,0.0,3.89999997615814,down,2026-08-13T15:51:49,0.0,0.0
SPX,2026-10-16,56,Call,5250.0,SPX261016C05250000,2438.6,2462.1,2450.35,0.0,0.0,0.0,0.0,0.0,0.4328,0.9919,0.0,0.6837,-0.24,7.9071,2448.4857,0.0,0.0,0.0,2428.5,no_change,,0.0,0.0
SPXW,2026-10-16,56,Call,5250.0,SPXW261016C05250000,2441.8,2462.3,2452.05,0.0,0.0,0.0,0.0,0.0,0.4277,0.9917,0.0,0.6983,-0.2443,7.9048,2448.5695,0.0,0.0,0.0,2429.59997558594,no_change,,0.0,0.0
SPX,2026-10-16,56,Put,5250.0,SPX261016P05250000,3.2,3.5,3.35,4.05,0.0,0.0,0.0,1505.0,0.4217,-0.0081,0.0,0.6839,-0.24,-0.0971,3.3934,0.0,0.0,0.0,4.0,no_change,2026-08-20T15:38:29,0.0,0.0
SPXW,2026-10-16,56,Put,5250.0,SPXW261016P05250000,3.3,3.5,3.4,3.8,0.0,0.0,0.0,436.0,0.4222,-0.0082,0.0,0.698,-0.2442,-0.0992,3.486,0.0,0.0,0.0,4.09999990463257,up,2026-08-20T09:45:06,0.0,0.0
SPX,2026-10-16,56,Call,5275.0,SPX261016C05275000,2413.5,2437.4,2425.45,1721.51,0.0,0.0,0.0,1.0,0.4298,0.9916,0.0,0.7037,-0.2452,7.9419,2423.7529,0.0,0.0,0.0,2404.64990234375,down,2025-12-16T10:41:27,0.0,0.0
SPX,2026-10-16,56,Put,5275.0,SPX261016P05275000,3.3,3.6,3.45,3.7,0.0,0.0,0.0,396.0,0.4193,-0.0083,0.0,0.7039,-0.2453,-0.1004,3.4923,0.0,0.0,0.0,4.09999990463257,down,2026-08-14T15:34:44,0.0,0.0
SPX,2026-10-16,56,Call,5300.0,SPX261016C05300000,2388.8,2412.6,2400.7,0.0,0.0,0.0,0.0,0.0,0.4267,0.9914,0.0,0.7242,-0.2506,7.9766,2399.0226,0.0,0.0,0.0,2380.5,no_change,,0.0,0.0
SPXW,2026-10-16,56,Call,5300.0,SPXW261016C05300000,2389.3,2412.8,2401.05,0.0,0.0,0.0,0.0,0.0,0.4205,0.9912,0.0,0.7392,-0.255,7.9743,2399.1102,0.0,0.0,0.0,2380.15002441406,no_change,,0.0,0.0
SPX,2026-10-16,56,Put,5300.0,SPX261016P05300000,3.4,3.7,3.55,4.25,0.0,0.0,0.0,5171.0,0.4154,-0.0086,0.0,0.7242,-0.2506,-0.1037,3.5929,0.0,0.0,0.0,4.25,no_change,2026-08-20T15:38:29,0.0,0.0
SPXW,2026-10-16,56,Put,5300.0,SPXW261016P05300000,3.5,3.7,3.6,3.81,-0.59,-13.4091,15.0,412.0,0.4158,-0.0088,0.0,0.7389,-0.2548,-0.1059,3.6903,3.83,3.83,3.81,4.40000009536743,down,2026-08-21T09:34:28,0.0,0.0
SPX,2026-10-16,56,Call,5325.0,SPX261016C05325000,2364.4,2387.9,2376.15,0.0,0.0,0.0,0.0,0.0,0.4223,0.9911,0.0,0.7451,-0.256,8.0113,2374.2949,0.0,0.0,0.0,2354.55004882812,no_change,,0.0,0.0
SPX,2026-10-16,56,Put,5325.0,SPX261016P05325000,3.5,3.8,3.65,4.84,0.0,0.0,0.0,469.0,0.4128,-0.0089,0.0,0.7453,-0.256,-0.1072,3.6977,0.0,0.0,0.0,4.34999990463257,down,2026-08-10T10:35:13,0.0,0.0
SPX,2026-10-16,56,Call,5350.0,SPX261016C05350000,2339.7,2363.2,2351.45,1896.56,0.0,0.0,0.0,1.0,0.4192,0.9908,0.0,0.7665,-0.2615,8.0458,2349.5698,0.0,0.0,0.0,2329.5,up,2026-04-22T13:33:13,0.0,0.0
SPXW,2026-10-16,56,Call,5350.0,SPXW261016C05350000,2342.9,2363.3,2353.1000000000004,0.0,0.0,0.0,0.0,0.0,0.4133,0.9906,0.0,0.782,-0.266,8.0434,2349.6614,0.0,0.0,0.0,2330.75,no_change,,0.0,0.0
SPX,2026-10-16,56,Put,5350.0,SPX261016P05350000,3.6,3.9,3.75,3.8,-0.7,-15.5556,65.0,2709.0,0.4089,-0.0092,0.0,0.7665,-0.2615,-0.1107,3.8035,3.8,3.8,3.8,4.5,no_change,2026-08-21T15:33:28,0.0,0.0
SPXW,2026-10-16,56,Put,5350.0,SPXW261016P05350000,3.8,4.0,3.9,4.2,0.0,0.0,0.0,97.0,0.4092,-0.0094,0.0,0.7818,-0.2658,-0.113,3.9051,0.0,0.0,0.0,4.59999990463257,up,2026-08-19T10:29:14,0.0,0.0
SPX,2026-10-16,56,Call,5375.0,SPX261016C05375000,2314.9,2338.4,2326.65,0.0,0.0,0.0,0.0,0.0,0.416,0.9905,0.0,0.7885,-0.267,8.0802,2324.8474,0.0,0.0,0.0,2305.05004882812,no_change,,0.0,0.0
SPX,2026-10-16,56,Put,5375.0,SPX261016P05375000,3.7,4.0,3.85,4.7,0.0,0.0,0.0,382.0,0.4062,-0.0095,0.0,0.7887,-0.2671,-0.1143,3.9137,0.0,0.0,0.0,4.65000009536743,no_change,2026-08-20T14:10:38,0.0,0.0
SPX,2026-10-16,56,Call,5400.0,SPX261016C05400000,2290.2,2313.7,2301.95,2378.21,0.0,0.0,0.0,367.0,0.4116,0.9902,0.0,0.8111,-0.2727,8.1146,2300.1277,0.0,0.0,0.0,2280.39990234375,up,2026-08-12T12:23:43,0.0,0.0
SPXW,2026-10-16,56,Call,5400.0,SPXW261016C05400000,2293.4,2313.9,2303.65,0.0,0.0,0.0,0.0,0.0,0.4072,0.99,0.0,0.8273,-0.2773,8.112,2300.2236,0.0,0.0,0.0,2281.34997558594,no_change,,0.0,0.0
SPX,2026-10-16,56,Put,5400.0,SPX261016P05400000,3.9,4.1,4.0,3.97,-0.78,-16.4211,124.0,9600.0,0.4022,-0.0098,0.0,0.8113,-0.2728,-0.118,4.0258,4.1,4.18,3.97,4.75,down,2026-08-21T16:06:49,0.0,0.0
SPXW,2026-10-16,56,Put,5400.0,SPXW261016P05400000,4.0,4.2,4.1,4.2,-0.7,-14.2857,5.0,504.0,0.4032,-0.01,0.0,0.8271,-0.2772,-0.1204,4.1308,4.2,4.2,4.2,4.90000009536743,no_change,2026-08-21T10:54:18,0.0,0.0
SPX,2026-10-16,56,Call,5425.0,SPX261016C05425000,2265.5,2289.0,2277.25,0.0,0.0,0.0,0.0,0.0,0.4084,0.9898,0.0,0.8344,-0.2785,8.1488,2275.4108,0.0,0.0,0.0,2255.55004882812,no_change,,0.0,0.0
SPX,2026-10-16,56,Put,5425.0,SPX261016P05425000,4.0,4.2,4.1,4.2,-0.7,-14.2857,57.0,1499.0,0.4002,-0.0101,0.0,0.8344,-0.2785,-0.1219,4.1396,4.22,4.3,4.2,4.90000009536743,no_change,2026-08-21T14:45:18,0.0,0.0
SPX,2026-10-16,56,Call,5450.0,SPX261016C05450000,2240.4,2264.2,2252.3,0.0,0.0,0.0,0.0,0.0,0.4052,0.9895,0.0,0.8584,-0.2843,8.1829,2250.6969,0.0,0.0,0.0,2231.0,no_change,,0.0,0.0
SPXW,2026-10-16,56,Call,5450.0,SPXW261016C05450000,2245.2,2264.4,2254.8,0.0,0.0,0.0,0.0,0.0,0.3997,0.9893,0.0,0.8753,-0.289,8.1802,2250.7972,0.0,0.0,0.0,2232.19995117188,no_change,,0.0,0.0
SPX,2026-10-16,56,Put,5450.0,SPX261016P05450000,4.1,4.4,4.25,4.2,-0.85,-16.8317,61.0,4500.0,0.3968,-0.0105,0.0,0.8584,-0.2843,-0.1258,4.2574,4.29,4.37,4.2,5.04999995231628,no_change,2026-08-21T15:44:13,0.0,0.0
SPXW,2026-10-16,56,Put,5450.0,SPXW261016P05450000,4.2,4.4,4.300000000000001,5.2,0.0,0.0,0.0,51.0,0.397,-0.0107,0.0,0.8751,-0.2888,-0.1284,4.3681,0.0,0.0,0.0,5.20000004768372,up,2026-08-20T14:07:29,0.0,0.0
SPX,2026-10-16,56,Call,5475.0,SPX261016C05475000,2216.1,2239.5,2227.8,0.0,0.0,0.0,0.0,0.0,0.4019,0.9892,0.0,0.8831,-0.2902,8.2169,2225.9859,0.0,0.0,0.0,2206.64990234375,no_change,,0.0,0.0
SPX,2026-10-16,56,Put,5475.0,SPX261016P05475000,4.2,4.5,4.35,4.9,0.0,0.0,0.0,587.0,0.3934,-0.0108,0.0,0.8831,-0.2902,-0.1299,4.3782,0.0,0.0,0.0,5.15000009536743,no_change,2026-08-14T10:35:58,0.0,0.0
SPX,2026-10-16,56,Call,5500.0,SPX261016C05500000,2195.2,2214.8,2205.0,1941.0,0.0,0.0,0.0,17.0,0.3975,0.9888,0.0,0.9086,-0.2962,8.2507,2201.2781,0.0,0.0,0.0,2181.34997558594,down,2026-07-30T12:00:35,0.0,0.0
SPXW,2026-10-16,56,Call,5500.0,SPXW261016C05500000,2195.3,2215.0,2205.15,0.0,0.0,0.0,0.0,0.0,0.3934,0.9886,0.0,0.9264,-0.301,8.2479,2201.3831,0.0,0.0,0.0,2182.65002441406,no_change,,0.0,0.0
SPX,2026-10-16,56,Put,5500.0,SPX261016P05500000,4.3,4.6,4.449999999999999,4.5,-0.85,-15.8878,13.0,11635.0,0.3899,-0.0112,0.0,0.9086,-0.2962,-0.1342,4.502,4.66,4.71,4.5,5.34999990463257,down,2026-08-21T15:14:17,0.0,0.0
SPXW,2026-10-16,56,Put,5500.0,SPXW261016P05500000,4.5,4.7,4.6,4.77,-0.73,-13.2727,15.0,195.0,0.3901,-0.0114,0.0,0.9262,-0.3008,-0.1369,4.6176,4.77,4.77,4.77,5.5,down,2026-08-21T09:30:03,0.0,0.0
SPX,2026-10-16,56,Call,5525.0,SPX261016C05525000,2166.6,2190.1,2178.35,1406.6,0.0,0.0,0.0,5.0,0.3941,0.9884,0.0,0.935,-0.3023,8.2843,2176.5736,0.0,0.0,0.0,2156.5,down,2026-03-12T09:41:09,0.0,0.0
SPX,2026-10-16,56,Put,5525.0,SPX261016P05525000,4.5,4.7,4.6,5.07,0.0,0.0,0.0,369.0,0.3869,-0.0115,0.0,0.935,-0.3022,-0.1386,4.6288,0.0,0.0,0.0,5.45000004768372,up,2026-08-17T13:55:08,0.0,0.0
SPX,2026-10-16,56,Call,5550.0,SPX261016C05550000,2145.8,2165.4,2155.6000000000004,2107.88,0.0,0.0,0.0,3.0,0.3908,0.9881,0.0,0.9621,-0.3085,8.3178,2151.8724,0.0,0.0,0.0,2132.29992675781,up,2026-06-15T12:06:23,0.0,0.0
SPXW,2026-10-16,56,Call,5550.0,SPXW261016C05550000,2145.1,2165.6,2155.35,2070.59,0.0,0.0,0.0,2.0,0.3868,0.9878,0.0,0.9805,-0.3133,8.3148,2151.9824,0.0,0.0,0.0,2133.29992675781,down,2026-08-03T11:44:22,0.0,0.0
SPX,2026-10-16,56,Put,5550.0,SPX261016P05550000,4.6,4.9,4.75,4.81,-0.84,-14.8673,1.0,858.0,0.3834,-0.0119,0.0,0.9622,-0.3084,-0.1432,4.7595,4.81,4.81,4.81,5.65000009536743,down,2026-08-21T14:54:40,0.0,0.0
SPXW,2026-10-16,56,Put,5550.0,SPXW261016P05550000,4.7,4.9,4.800000000000001,5.21,0.0,0.0,0.0,109.0,0.3841,-0.0121,0.0,0.9804,-0.3132,-0.1461,4.8806,0.0,0.0,0.0,5.79999995231628,up,2026-08-19T10:29:14,0.0,0.0
SPX,2026-10-16,56,Call,5575.0,SPX261016C05575000,2116.9,2140.7,2128.8,1885.68,0.0,0.0,0.0,65.0,0.3874,0.9877,0.0,0.9899,-0.3148,8.3511,2127.1747,0.0,0.0,0.0,2107.79992675781,up,2026-07-27T11:27:09,0.0,0.0
SPX,2026-10-16,56,Put,5575.0,SPX261016P05575000,4.7,5.0,4.85,5.66,0.0,0.0,0.0,518.0,0.3804,-0.0123,0.0,0.99,-0.3147,-0.148,4.8937,0.0,0.0,0.0,5.79999995231628,no_change,2026-08-20T11:51:45,0.0,0.0
SPX,2026-10-16,56,Call,5600.0,SPX261016C05600000,2092.2,2116.0,2104.1,1883.1,0.0,0.0,0.0,12.0,0.3839,0.9873,0.0,1.0185,-0.3211,8.3842,2102.4808,0.0,0.0,0.0,2083.15002441406,up,2026-07-31T11:42:59,0.0,0.0
SPXW,2026-10-16,56,Call,5600.0,SPXW261016C05600000,2096.5,2116.2,2106.35,2143.77,0.0,0.0,0.0,1.0,0.3802,0.987,0.0,1.0376,-0.3261,8.3811,2102.5961,0.0,0.0,0.0,2084.10009765625,no_change,2026-08-18T10:39:14,0.0,0.0
SPX,2026-10-16,56,Put,5600.0,SPX261016P05600000,4.9,5.1,5.0,5.3,0.0,0.0,0.0,6468.0,0.3768,-0.0127,0.0,1.0186,-0.3211,-0.1529,5.0316,0.0,0.0,0.0,5.95000004768372,no_change,2026-08-19T12:57:50,0.0,0.0
SPXW,2026-10-16,56,Put,5600.0,SPXW261016P05600000,5.0,5.2,5.1,5.3,-0.8,-13.1148,5.0,69.0,0.378,-0.013,0.0,1.0375,-0.326,-0.156,5.158,5.5,5.5,5.2,6.09999990463257,up,2026-08-21T12:27:07,0.0,0.0
SPX,2026-10-16,56,Call,5625.0,SPX261016C05625000,2070.5,2091.3,2080.9,1847.65,0.0,0.0,0.0,0.0,0.3805,0.9868,0.0,1.0477,-0.3276,8.4172,2077.7906,0.0,0.0,0.0,2058.39990234375,up,2026-07-27T15:19:34,0.0,0.0
SPX,2026-10-16,56,Put,5625.0,SPX261016P05625000,5.0,5.3,5.15,5.37,0.0,0.0,0.0,356.0,0.3737,-0.0131,0.0,1.0479,-0.3276,-0.1581,5.1734,0.0,0.0,0.0,6.15000009536743,down,2026-08-17T11:13:10,0.0,0.0
SPX,2026-10-16,56,Call,5650.0,SPX261016C05650000,2045.8,2066.6,2056.2,1815.53,0.0,0.0,0.0,2.0,0.377,0.9864,0.0,1.0777,-0.3342,8.45,2053.1045,0.0,0.0,0.0,2033.75,down,2026-07-24T14:56:36,0.0,0.0
SPXW,2026-10-16,56,Call,5650.0,SPXW261016C05650000,2046.1,2066.8,2056.45,0.0,0.0,0.0,0.0,0.0,0.3734,0.9862,0.0,1.0974,-0.3393,8.4467,2053.2256,0.0,0.0,0.0,2034.70001220703,no_change,,0.0,0.0
SPX,2026-10-16,56,Put,5650.0,SPX261016P05650000,5.1,5.4,5.25,5.56,0.0,0.0,0.0,3610.0,0.3711,-0.0136,0.0,1.0777,-0.3342,-0.1633,5.3187,0.0,0.0,0.0,6.29999995231628,down,2026-08-14T13:30:40,0.0,0.0
SPXW,2026-10-16,56,Put,5650.0,SPXW261016P05650000,5.3,5.5,5.4,5.87,0.0,0.0,0.0,62.0,0.3716,-0.0138,0.0,1.0974,-0.3392,-0.1665,5.4511,0.0,0.0,0.0,6.5,down,2026-08-19T10:29:15,0.0,0.0
SPX,2026-10-16,56,Call,5675.0,SPX261016C05675000,2023.1,2041.9,2032.5,1994.28,0.0,0.0,0.0,1.0,0.3735,0.986,0.0,1.1083,-0.3409,8.4826,2028.4225,0.0,0.0,0.0,2009.09997558594,up,2026-05-29T13:49:17,0.0,0.0
SPX,2026-10-16,56,Put,5675.0,SPX261016P05675000,5.3,5.6,5.449999999999999,6.16,0.0,0.0,0.0,2444.0,0.3674,-0.014,0.0,1.1086,-0.3409,-0.1688,5.4691,0.0,0.0,0.0,6.45000004768372,up,2026-08-20T11:38:17,0.0,0.0
SPX,2026-10-16,56,Call,5700.0,SPX261016C05700000,1993.8,2017.2,2005.5,1136.38,0.0,0.0,0.0,1.0,0.3708,0.9855,0.0,1.1397,-0.3477,8.5151,2003.7447,0.0,0.0,0.0,1984.39996337891,up,2026-03-23T14:07:44,0.0,0.0
SPXW,2026-10-16,56,Call,5700.0,SPXW261016C05700000,1997.0,2017.5,2007.25,0.0,0.0,0.0,0.0,0.0,0.3665,0.9852,0.0,1.16,-0.3529,8.5117,2003.8718,0.0,0.0,0.0,1985.40002441406,no_change,,0.0,0.0
SPX,2026-10-16,56,Put,5700.0,SPX261016P05700000,5.4,5.7,5.550000000000001,5.92,-0.73,-10.9774,99.0,7082.0,0.3647,-0.0145,0.0,1.14,-0.3477,-0.1744,5.6232,5.92,5.92,5.92,6.65000009536743,down,2026-08-21T09:44:17,0.0,0.0
SPXW,2026-10-16,56,Put,5700.0,SPXW261016P05700000,5.6,5.8,5.699999999999999,6.2,0.0,0.0,0.0,462.0,0.3652,-0.0147,0.0,1.1601,-0.3528,-0.1777,5.7611,0.0,0.0,0.0,6.84999990463257,up,2026-08-19T10:29:14,0.0,0.0
SPX,2026-10-16,56,Call,5725.0,SPX261016C05725000,1971.9,1992.6,1982.25,0.0,0.0,0.0,0.0,0.0,0.3672,0.985,0.0,1.1719,-0.3546,8.5474,1979.0714,0.0,0.0,0.0,1959.85003662109,no_change,,0.0,0.0
SPX,2026-10-16,56,Put,5725.0,SPX261016P05725000,5.6,5.9,5.75,6.1,0.0,0.0,0.0,878.0,0.3614,-0.015,0.0,1.1722,-0.3547,-0.1802,5.7818,0.0,0.0,0.0,6.84999990463257,down,2026-08-14T13:22:32,0.0,0.0
SPX,2026-10-16,56,Call,5750.0,SPX261016C05750000,1944.4,1967.9,1956.15,0.0,0.0,0.0,0.0,0.0,0.3636,0.9845,0.0,1.205,-0.3617,8.5795,1954.4026,0.0,0.0,0.0,1935.15002441406,no_change,,0.0,0.0
SPXW,2026-10-16,56,Call,5750.0,SPXW261016C05750000,1947.7,1968.1,1957.9,1885.56,0.0,0.0,0.0,2.0,0.3603,0.9842,0.0,1.2261,-0.3669,8.576,1954.5358,0.0,0.0,0.0,1936.34997558594,up,2026-08-03T13:21:25,0.0,0.0
SPX,2026-10-16,56,Put,5750.0,SPX261016P05750000,5.8,6.1,5.949999999999999,6.4,0.0,0.0,0.0,2908.0,0.3581,-0.0155,0.0,1.2053,-0.3617,-0.1861,5.9448,0.0,0.0,0.0,7.04999995231628,down,2026-08-19T11:54:43,0.0,0.0
SPXW,2026-10-16,56,Put,5750.0,SPXW261016P05750000,5.9,6.1,6.0,6.52,0.0,0.0,0.0,154.0,0.3585,-0.0157,0.0,1.2262,-0.3669,-0.1895,6.0888,0.0,0.0,0.0,7.25,up,2026-08-19T10:29:15,0.0,0.0
SPX,2026-10-16,56,Call,5775.0,SPX261016C05775000,1919.7,1943.2,1931.45,1542.94,0.0,0.0,0.0,1.0,0.36,0.984,0.0,1.2391,-0.3688,8.6115,1929.7384,0.0,0.0,0.0,1910.54998779297,up,2026-04-27T15:57:18,0.0,0.0
SPX,2026-10-16,56,Put,5775.0,SPX261016P05775000,5.9,6.2,6.050000000000001,6.1,-1.15,-15.8621,5.0,1077.0,0.3552,-0.016,0.0,1.2394,-0.3689,-0.1922,6.1126,6.1,6.1,6.1,7.25,down,2026-08-21T16:05:58,0.0,0.0
SPX,2026-10-16,56,Call,5800.0,SPX261016C05800000,1895.6,1918.6,1907.1,1888.34,0.0,0.0,0.0,44.0,0.3572,0.9835,0.0,1.2743,-0.3761,8.6432,1905.0792,0.0,0.0,0.0,1885.89996337891,up,2026-08-20T15:36:49,0.0,0.0
SPXW,2026-10-16,56,Call,5800.0,SPXW261016C05800000,1898.4,1918.8,1908.6,0.0,0.0,0.0,0.0,0.0,0.354,0.9832,0.0,1.2964,-0.3815,8.6395,1905.2191,0.0,0.0,0.0,1887.34997558594,no_change,,0.0,0.0
SPX,2026-10-16,56,Put,5800.0,SPX261016P05800000,6.1,6.4,6.25,6.43,-1.02,-13.6913,328.0,7449.0,0.3514,-0.0165,0.0,1.2747,-0.3762,-0.1986,6.2853,6.6,6.6,6.4,7.45000004768372,up,2026-08-21T12:04:45,0.0,0.0
SPXW,2026-10-16,56,Put,5800.0,SPXW261016P05800000,6.3,6.5,6.4,6.27,-1.43,-18.5714,1.0,137.0,0.3526,-0.0168,0.0,1.2966,-0.3815,-0.2021,6.4358,6.27,6.27,6.27,7.70000004768372,down,2026-08-21T15:49:36,0.0,0.0
SPX,2026-10-16,56,Call,5825.0,SPX261016C05825000,1870.4,1893.9,1882.15,1722.73,0.0,0.0,0.0,10.0,0.3535,0.9829,0.0,1.3107,-0.3835,8.6747,1880.4251,0.0,0.0,0.0,1861.29998779297,up,2026-07-21T11:04:53,0.0,0.0
SPX,2026-10-16,56,Put,5825.0,SPX261016P05825000,6.3,6.6,6.449999999999999,7.78,0.0,0.0,0.0,1236.0,0.3484,-0.0171,0.0,1.311,-0.3836,-0.2051,6.4628,0.0,0.0,0.0,7.65000009536743,no_change,2026-08-18T14:53:43,0.0,0.0
SPX,2026-10-16,56,Call,5850.0,SPX261016C05850000,1845.8,1869.2,1857.5,1134.8,0.0,0.0,0.0,1.0,0.3505,0.9824,0.0,1.3484,-0.391,8.706,1855.7763,0.0,0.0,0.0,1836.70001220703,down,2025-10-10T15:10:14,0.0,0.0
SPXW,2026-10-16,56,Call,5850.0,SPXW261016C05850000,1849.8,1869.5,1859.65,0.0,0.0,0.0,0.0,0.0,0.3475,0.982,0.0,1.3717,-0.3965,8.702,1855.9232,0.0,0.0,0.0,1837.84997558594,no_change,,0.0,0.0
SPX,2026-10-16,56,Put,5850.0,SPX261016P05850000,6.5,6.8,6.65,8.0,0.0,0.0,0.0,4527.0,0.3454,-0.0176,0.0,1.3488,-0.3911,-0.212,6.6458,0.0,0.0,0.0,7.9500002861023,up,2026-08-20T15:59:58,0.0,0.0
SPXW,2026-10-16,56,Put,5850.0,SPXW261016P05850000,6.7,6.9,6.800000000000001,8.1,0.0,0.0,0.0,536.0,0.3457,-0.0179,0.0,1.3719,-0.3965,-0.2157,6.8037,0.0,0.0,0.0,8.09999990463257,down,2026-08-20T15:59:30,0.0,0.0
SPX,2026-10-16,56,Call,5875.0,SPX261016C05875000,1820.8,1844.6,1832.6999999999998,0.0,0.0,0.0,0.0,0.0,0.3468,0.9818,0.0,1.3874,-0.3987,8.7369,1831.1332,0.0,0.0,0.0,1812.09997558594,no_change,,0.0,0.0
SPX,2026-10-16,56,Put,5875.0,SPX261016P05875000,6.7,7.0,6.85,8.23,0.0,0.0,0.0,892.0,0.3423,-0.0182,0.0,1.3878,-0.3988,-0.2191,6.8344,0.0,0.0,0.0,8.15000009536743,up,2026-08-18T15:35:37,0.0,0.0
SPX,2026-10-16,56,Call,5900.0,SPX261016C05900000,1796.1,1820.0,1808.05,1885.61,0.0,0.0,0.0,372.0,0.3438,0.9811,0.0,1.4278,-0.4065,8.7676,1806.496,0.0,0.0,0.0,1787.45001220703,up,2026-08-12T12:23:43,0.0,0.0
SPXW,2026-10-16,56,Call,5900.0,SPXW261016C05900000,1799.8,1820.2,1810.0,1800.83,0.0,0.0,0.0,5.0,0.3409,0.9808,0.0,1.4522,-0.4121,8.7634,1806.6504,0.0,0.0,0.0,1788.54998779297,up,2026-08-20T14:02:31,0.0,0.0
SPX,2026-10-16,56,Put,5900.0,SPX261016P05900000,6.9,7.2,7.050000000000001,7.1,-1.25,-14.9701,4.0,8026.0,0.3391,-0.0188,0.0,1.4282,-0.4066,-0.2265,7.029,7.1,7.16,7.1,8.34999990463257,down,2026-08-21T13:06:39,0.0,0.0
SPXW,2026-10-16,56,Put,5900.0,SPXW261016P05900000,7.1,7.3,7.199999999999999,7.2,-1.4,-16.2791,1.0,2293.0,0.3394,-0.0192,0.0,1.4525,-0.4121,-0.2305,7.1948,7.2,7.2,7.2,8.59999990463257,down,2026-08-21T11:42:55,0.0,0.0
SPX,2026-10-16,56,Call,5925.0,SPX261016C05925000,1771.8,1795.3,1783.55,1098.0,0.0,0.0,0.0,3.0,0.34,0.9805,0.0,1.4695,-0.4145,8.7979,1781.865,0.0,0.0,0.0,1762.90002441406,up,2026-04-09T12:39:15,0.0,0.0
SPX,2026-10-16,56,Put,5925.0,SPX261016P05925000,7.1,7.4,7.25,7.2,-1.45,-16.763,625.0,2601.0,0.3359,-0.0195,0.0,1.4699,-0.4145,-0.2342,7.2298,7.7,7.7,7.16,8.65000009536743,no_change,2026-08-21T15:45:18,0.0,0.0
SPX,2026-10-16,56,Call,5950.0,SPX261016C05950000,1746.9,1770.7,1758.8000000000002,904.41,0.0,0.0,0.0,13.0,0.3368,0.9798,0.0,1.5124,-0.4226,8.8279,1757.2407,0.0,0.0,0.0,1738.25,up,2026-04-01T15:50:17,0.0,0.0
SPXW,2026-10-16,56,Call,5950.0,SPXW261016C05950000,1750.6,1771.0,1760.8,0.0,0.0,0.0,0.0,0.0,0.3348,0.9795,0.0,1.5377,-0.4283,8.8235,1757.4034,0.0,0.0,0.0,1739.29998779297,no_change,,0.0,0.0
SPX,2026-10-16,56,Put,5950.0,SPX261016P05950000,7.3,7.6,7.449999999999999,7.8,-1.05,-11.8644,2.0,3378.0,0.3327,-0.0201,0.0,1.5128,-0.4226,-0.2423,7.4373,7.8,7.8,7.8,8.84999990463257,down,2026-08-21T10:15:28,0.0,0.0
SPXW,2026-10-16,56,Put,5950.0,SPXW261016P05950000,7.5,7.7,7.6,7.75,-1.35,-14.8352,4.0,839.0,0.3336,-0.0205,0.0,1.538,-0.4283,-0.2466,7.6116,7.75,7.75,7.75,9.09999990463257,down,2026-08-21T11:01:24,0.0,0.0
SPX,2026-10-16,56,Call,5975.0,SPX261016C05975000,1722.6,1746.1,1734.35,1294.68,0.0,0.0,0.0,3.0,0.3337,0.9792,0.0,1.5565,-0.4308,8.8576,1732.6234,0.0,0.0,0.0,1713.70001220703,up,2026-04-21T11:46:30,0.0,0.0
SPX,2026-10-16,56,Put,5975.0,SPX261016P05975000,7.5,7.8,7.65,9.1,0.0,0.0,0.0,4087.0,0.3294,-0.0208,0.0,1.5569,-0.4309,-0.2507,7.6518,0.0,0.0,0.0,9.2000002861023,up,2026-08-20T15:53:48,0.0,0.0
SPX,2026-10-16,56,Call,6000.0,SPX261016C06000000,1704.5,1714.5,1709.5,1716.72,27.57,1.63218,829.0,13100.0,0.3285,0.9784,0.0,1.6018,-0.4392,8.8869,1708.0134,1699.96,1732.13,1697.0,1689.15002441406,up,2026-08-21T15:38:29,0.0,0.0
SPXW,2026-10-16,56,Call,6000.0,SPXW261016C06000000,1702.0,1721.7,1711.85,1784.98,0.0,0.0,0.0,16.0,0.3278,0.9781,0.0,1.628,-0.4451,8.8823,1708.1849,0.0,0.0,0.0,1690.29998779297,up,2026-08-05T15:55:34,0.0,0.0
SPX,2026-10-16,56,Put,6000.0,SPX261016P06000000,7.7,8.0,7.85,7.8,-1.6,-17.0213,1322.0,24280.0,0.3265,-0.0216,0.0,1.6022,-0.4393,-0.2594,7.8736,8.4,8.4,7.8,9.40000009536743,down,2026-08-21T15:38:29,0.0,0.0
SPXW,2026-10-16,56,Put,6000.0,SPXW261016P06000000,7.9,8.1,8.0,8.2,-1.4,-14.5833,4.0,986.0,0.327,-0.0219,0.0,1.6284,-0.4452,-0.264,8.0569,8.2,8.2,8.2,9.59999990463257,down,2026-08-21T11:01:24,0.0,0.0
SPX,2026-10-16,56,Call,6025.0,SPX261016C06025000,1683.2,1686.5,1684.85,1433.94,0.0,0.0,0.0,58.0,0.3247,0.9777,0.0,1.6483,-0.4479,8.9159,1683.4112,0.0,0.0,0.0,1664.59997558594,down,2026-07-27T13:29:02,0.0,0.0
SPX,2026-10-16,56,Put,6025.0,SPX261016P06025000,8.0,8.3,8.15,8.41,0.0,0.0,0.0,2222.0,0.3234,-0.0223,0.0,1.6488,-0.4479,-0.2685,8.1031,0.0,0.0,0.0,9.65000009536743,up,2026-08-19T15:41:44,0.0,0.0
SPX,2026-10-16,56,Call,6050.0,SPX261016C06050000,1658.8,1661.7,1660.25,1390.5,0.0,0.0,0.0,24.0,0.3214,0.9769,0.0001,1.6961,-0.4566,8.9446,1658.817,0.0,0.0,0.0,1640.0,down,2026-07-29T11:19:48,0.0,0.0
SPXW,2026-10-16,56,Call,6050.0,SPXW261016C06050000,1652.2,1672.6,1662.4,1589.04,0.0,0.0,0.0,1.0,0.3213,0.9765,0.0001,1.7232,-0.4626,8.9398,1658.9978,0.0,0.0,0.0,1641.19995117188,up,2026-05-28T09:30:03,0.0,0.0
SPX,2026-10-16,56,Put,6050.0,SPX261016P06050000,8.2,8.5,8.35,8.7,0.0,0.0,0.0,4132.0,0.32,-0.0231,0.0001,1.6966,-0.4567,-0.2779,8.3408,0.0,0.0,0.0,9.9500002861023,no_change,2026-08-19T15:55:55,0.0,0.0
SPXW,2026-10-16,56,Put,6050.0,SPXW261016P06050000,8.4,8.6,8.5,8.42,-1.78,-17.451,5.0,245.0,0.3208,-0.0234,0.0001,1.7236,-0.4627,-0.2826,8.5331,8.7,8.7,8.42,10.2000002861023,down,2026-08-21T15:36:00,0.0,0.0
SPX,2026-10-16,56,Call,6075.0,SPX261016C06075000,1634.0,1637.3,1635.65,949.28,0.0,0.0,0.0,5.0,0.3182,0.9761,0.0001,1.7454,-0.4656,8.973,1634.2312,0.0,0.0,0.0,1615.54998779297,no_change,2026-03-12T09:40:45,0.0,0.0
SPX,2026-10-16,56,Put,6075.0,SPX261016P06075000,8.4,8.7,8.55,8.6,-1.65,-16.0976,24.0,2971.0,0.3172,-0.0239,0.0001,1.7458,-0.4657,-0.2875,8.5868,8.7,8.7,8.6,10.25,down,2026-08-21T16:04:36,0.0,0.0
SPX,2026-10-16,56,Call,6100.0,SPX261016C06100000,1609.8,1612.5,1611.15,1618.79,27.84,1.7499,3.0,47.0,0.3151,0.9753,0.0001,1.7962,-0.4748,9.0011,1609.6541,1598.66,1618.79,1598.66,1590.95001220703,up,2026-08-21T13:01:39,0.0,0.0
SPXW,2026-10-16,56,Call,6100.0,SPXW261016C06100000,1603.0,1623.4,1613.2,1642.87,0.0,0.0,0.0,6.0,0.3153,0.9749,0.0001,1.8244,-0.4809,8.996,1609.8448,0.0,0.0,0.0,1592.15002441406,down,2026-08-18T11:24:45,0.0,0.0
SPX,2026-10-16,56,Put,6100.0,SPX261016P06100000,8.7,9.0,8.85,8.82,-1.73,-16.3981,208.0,4221.0,0.3137,-0.0247,0.0001,1.7967,-0.4748,-0.2976,8.8417,9.22,9.35,8.8,10.5499997138977,up,2026-08-21T16:05:08,0.0,0.0
SPXW,2026-10-16,56,Put,6100.0,SPXW261016P06100000,8.9,9.1,9.0,9.1,-1.7,-15.7407,547.0,282.0,0.3144,-0.0251,0.0001,1.8249,-0.481,-0.3025,9.044,9.6,9.6,8.92,10.7999997138977,up,2026-08-21T15:57:22,0.0,0.0
SPX,2026-10-16,56,Call,6125.0,SPX261016C06125000,1584.8,1588.1,1586.4499999999998,1594.6,28.15,1.79706,2.0,11.0,0.3117,0.9744,0.0001,1.8488,-0.4841,9.0287,1585.0863,1594.91,1594.91,1594.6,1566.45001220703,down,2026-08-21T13:01:41,0.0,0.0
SPX,2026-10-16,56,Put,6125.0,SPX261016P06125000,8.9,9.3,9.100000000000001,9.2,-1.75,-15.9817,2.0,1454.0,0.3108,-0.0256,0.0001,1.8493,-0.4842,-0.308,9.1057,9.35,9.35,9.2,10.9500002861023,down,2026-08-21T13:01:41,0.0,0.0
SPX,2026-10-16,56,Call,6130.0,SPX261016C06130000,1579.9,1583.2,1581.5500000000002,0.0,0.0,0.0,0.0,0.0,0.3112,0.9742,0.0001,1.8596,-0.486,9.0342,1580.1739,0.0,0.0,0.0,1561.54998779297,no_change,,0.0,0.0
SPX,2026-10-16,56,Put,6130.0,SPX261016P06130000,9.0,9.3,9.15,9.0,-1.95,-17.8082,193.0,365.0,0.3104,-0.0258,0.0001,1.8601,-0.4861,-0.3101,9.1597,9.2,9.3,9.0,10.9500002861023,no_change,2026-08-21T15:45:45,0.0,0.0
SPX,2026-10-16,56,Call,6140.0,SPX261016C06140000,1570.1,1573.4,1571.75,0.0,0.0,0.0,0.0,0.0,0.3098,0.9738,0.0001,1.8814,-0.4898,9.0451,1570.3503,0.0,0.0,0.0,1551.75,no_change,,0.0,0.0
SPX,2026-10-16,56,Put,6140.0,SPX261016P06140000,9.1,9.4,9.25,10.1,0.0,0.0,0.0,1947.0,0.3091,-0.0261,0.0001,1.8814,-0.4898,-0.3143,9.2658,0.0,0.0,0.0,11.1500000953674,up,2026-08-17T13:01:37,0.0,0.0
SPX,2026-10-16,56,Call,6150.0,SPX261016C06150000,1560.5,1563.3,1561.9,1570.14,28.19,1.8282,2.0,44.0,0.3086,0.9735,0.0001,1.9035,-0.4937,9.056,1560.5282,1570.57,1570.57,1570.14,1541.95001220703,down,2026-08-21T13:01:33,0.0,0.0
SPXW,2026-10-16,56,Call,6150.0,SPXW261016C06150000,1554.6,1574.3,1564.4499999999998,1589.9,0.0,0.0,0.0,9.0,0.3085,0.973,0.0001,1.9333,-0.4999,9.0506,1560.7294,0.0,0.0,0.0,1543.04998779297,up,2026-08-18T11:30:38,0.0,0.0
SPX,2026-10-16,56,Put,6150.0,SPX261016P06150000,9.2,9.6,9.399999999999999,9.5,-1.75,-15.5556,37.0,2503.0,0.3078,-0.0265,0.0001,1.9035,-0.4937,-0.3187,9.3764,9.65,9.65,9.5,11.25,no_change,2026-08-21T13:52:00,0.0,0.0
SPXW,2026-10-16,56,Put,6150.0,SPXW261016P06150000,9.5,9.7,9.6,9.6,-1.9,-16.5217,3.0,175.0,0.3081,-0.0269,0.0001,1.9338,-0.5,-0.324,9.5925,9.8,9.8,9.6,11.5,down,2026-08-21T15:57:51,0.0,0.0
SPX,2026-10-16,56,Call,6160.0,SPX261016C06160000,1550.5,1553.7,1552.1,1560.22,28.02,1.82874,2.0,0.0,0.3072,0.9731,0.0001,1.926,-0.4975,9.0668,1550.7078,1561.26,1561.26,1560.22,1532.20001220703,down,2026-08-21T13:01:31,0.0,0.0
SPX,2026-10-16,56,Put,6160.0,SPX261016P06160000,9.3,9.7,9.5,9.6,-1.75,-15.4185,2.0,173.0,0.3065,-0.0269,0.0001,1.926,-0.4975,-0.3232,9.4887,9.75,9.75,9.6,11.3499999046326,down,2026-08-21T13:01:31,0.0,0.0
SPX,2026-10-16,56,Call,6170.0,SPX261016C06170000,1540.6,1543.9,1542.25,1550.26,27.86,1.83,1.0,1.0,0.3055,0.9727,0.0001,1.9488,-0.5014,9.0774,1540.889,1550.26,1550.26,1550.26,1522.40002441406,down,2026-08-21T12:09:57,0.0,0.0
SPX,2026-10-16,56,Put,6170.0,SPX261016P06170000,9.4,9.8,9.600000000000001,9.85,-1.7,-14.7186,1.0,124.0,0.3054,-0.0272,0.0001,1.9488,-0.5014,-0.3277,9.6026,9.85,9.85,9.85,11.5499997138977,down,2026-08-21T12:09:57,0.0,0.0
SPX,2026-10-16,56,Call,6175.0,SPX261016C06175000,1535.7,1539.0,1537.35,696.38,0.0,0.0,0.0,74.0,0.3054,0.9725,0.0001,1.9604,-0.5034,9.0827,1535.9803,0.0,0.0,0.0,1517.5,down,2026-03-26T14:02:58,0.0,0.0
SPX,2026-10-16,56,Put,6175.0,SPX261016P06175000,9.5,9.8,9.65,11.6,0.0,0.0,0.0,1585.0,0.3045,-0.0274,0.0001,1.9604,-0.5034,-0.33,9.6602,0.0,0.0,0.0,11.5499997138977,up,2026-08-18T15:45:09,0.0,0.0
SPX,2026-10-16,56,Call,6180.0,SPX261016C06180000,1530.8,1534.1,1532.4499999999998,1539.89,27.24,1.80081,4.0,0.0,0.3048,0.9723,0.0001,1.972,-0.5054,9.088,1531.072,1542.38,1542.99,1539.89,1512.65002441406,no_change,2026-08-21T12:37:28,0.0,0.0
SPX,2026-10-16,56,Put,6180.0,SPX261016P06180000,9.6,9.9,9.75,9.95,-1.7,-14.5923,4.0,611.0,0.3038,-0.0276,0.0001,1.972,-0.5054,-0.3323,9.7183,10.0,10.0,9.95,11.6500000953674,no_change,2026-08-21T12:37:28,0.0,0.0
SPX,2026-10-16,56,Call,6190.0,SPX261016C06190000,1521.0,1524.3,1522.65,1529.94,27.09,1.80258,4.0,0.0,0.3034,0.972,0.0001,1.9956,-0.5094,9.0985,1521.2567,1533.02,1533.02,1529.94,1502.84997558594,no_change,2026-08-21T12:37:31,0.0,0.0
SPX,2026-10-16,56,Put,6190.0,SPX261016P06190000,9.7,10.0,9.85,10.05,-1.7,-14.4681,4.0,150.0,0.3027,-0.028,0.0001,1.9956,-0.5094,-0.337,9.8357,10.15,10.15,10.05,11.75,no_change,2026-08-21T12:37:31,0.0,0.0
SPX,2026-10-16,56,Call,6200.0,SPX261016C06200000,1511.4,1514.2,1512.8000000000002,1501.61,8.61,0.576691,2.0,101.0,0.3022,0.9715,0.0001,2.0196,-0.5134,9.109,1511.4433,1500.9,1501.61,1500.9,1493.0,up,2026-08-21T10:42:54,0.0,0.0
SPXW,2026-10-16,56,Call,6200.0,SPXW261016C06200000,1505.5,1525.2,1515.35,1542.48,0.0,0.0,0.0,10.0,0.3025,0.9711,0.0001,2.0509,-0.5198,9.1032,1511.6558,0.0,0.0,0.0,1494.09997558594,up,2026-08-18T11:41:28,0.0,0.0
SPX,2026-10-16,56,Put,6200.0,SPX261016P06200000,9.8,10.1,9.95,9.92,-2.03,-16.9874,204.0,5217.0,0.3013,-0.0284,0.0001,2.0196,-0.5134,-0.3419,9.9549,10.41,10.55,9.92,11.9500002861023,no_change,2026-08-21T16:04:34,0.0,0.0
SPXW,2026-10-16,56,Put,6200.0,SPXW261016P06200000,10.0,10.3,10.15,10.39,-1.81,-14.8361,101.0,498.0,0.3019,-0.0289,0.0001,2.0509,-0.5198,-0.3475,10.1797,10.38,10.39,10.38,12.2000002861023,no_change,2026-08-21T14:25:51,0.0,0.0
SPX,2026-10-16,56,Call,6210.0,SPX261016C06210000,1501.4,1504.6,1503.0,1510.81,27.56,1.85808,10.0,1.0,0.3007,0.9711,0.0001,2.0439,-0.5174,9.1193,1501.6316,1510.46,1510.98,1509.5,1483.25,up,2026-08-21T13:07:14,0.0,0.0
SPX,2026-10-16,56,Put,6210.0,SPX261016P06210000,9.9,10.3,10.100000000000001,10.1,-1.95,-16.1826,21.0,255.0,0.3002,-0.0288,0.0001,2.0439,-0.5175,-0.3468,10.076,10.3,10.3,10.1,12.0499997138977,no_change,2026-08-21T16:05:35,0.0,0.0
SPX,2026-10-16,56,Call,6220.0,SPX261016C06220000,1491.6,1494.8,1493.1999999999998,0.0,0.0,0.0,0.0,0.0,0.2995,0.9707,0.0001,2.0685,-0.5216,9.1295,1491.8219,0.0,0.0,0.0,1473.45001220703,no_change,,0.0,0.0
SPX,2026-10-16,56,Put,6220.0,SPX261016P06220000,10.0,10.4,10.2,15.06,0.0,0.0,0.0,281.0,0.2989,-0.0293,0.0001,2.0686,-0.5216,-0.3518,10.1989,0.0,0.0,0.0,12.25,up,2026-08-06T11:30:29,0.0,0.0
SPX,2026-10-16,56,Call,6225.0,SPX261016C06225000,1486.7,1489.9,1488.3000000000002,1496.29,27.74,1.88894,2.0,39.0,0.2989,0.9705,0.0001,2.081,-0.5236,9.1346,1486.9178,1495.43,1496.29,1495.43,1468.54998779297,up,2026-08-21T13:07:20,0.0,0.0
SPX,2026-10-16,56,Put,6225.0,SPX261016P06225000,10.1,10.4,10.25,10.4,-1.9,-15.4472,3.0,1051.0,0.2982,-0.0295,0.0001,2.081,-0.5236,-0.3543,10.2611,10.75,10.75,10.4,12.3000001907349,down,2026-08-21T13:07:20,0.0,0.0
SPX,2026-10-16,56,Call,6230.0,SPX261016C06230000,1481.8,1485.0,1483.4,1490.86,27.16,1.85557,5.0,0.0,0.2983,0.9703,0.0001,2.0936,-0.5257,9.1396,1482.0142,1487.73,1490.86,1487.73,1463.70001220703,up,2026-08-21T13:03:48,0.0,0.0
SPX,2026-10-16,56,Put,6230.0,SPX261016P06230000,10.2,10.5,10.35,10.45,-1.9,-15.3846,6.0,842.0,0.2977,-0.0297,0.0001,2.0936,-0.5257,-0.3569,10.3238,10.9,10.9,10.45,12.3499999046326,down,2026-08-21T13:03:48,0.0,0.0
SPX,2026-10-16,56,Call,6240.0,SPX261016C06240000,1472.0,1475.2,1473.6,1481.08,27.23,1.87296,1.0,0.0,0.2968,0.9699,0.0001,2.119,-0.5298,9.1496,1472.2084,1481.08,1481.08,1481.08,1453.84997558594,up,2026-08-21T12:25:27,0.0,0.0
SPX,2026-10-16,56,Put,6240.0,SPX261016P06240000,10.3,10.7,10.5,10.7,-1.85,-14.741,1.0,259.0,0.2964,-0.0301,0.0001,2.119,-0.5298,-0.3621,10.4507,10.7,10.7,10.7,12.5499997138977,up,2026-08-21T12:25:27,0.0,0.0
SPX,2026-10-16,56,Call,6250.0,SPX261016C06250000,1462.4,1465.2,1463.8000000000002,1468.95,24.85,1.7208,5.0,138.0,0.2958,0.9694,0.0001,2.1447,-0.5341,9.1595,1462.4046,1471.37,1471.37,1468.95,1444.09997558594,down,2026-08-21T15:31:34,0.0,0.0
SPXW,2026-10-16,56,Call,6250.0,SPXW261016C06250000,1455.8,1476.2,1466.0,1584.5,0.0,0.0,0.0,6.0,0.2959,0.969,0.0001,2.1774,-0.5406,9.1534,1462.6297,0.0,0.0,0.0,1445.20001220703,up,2026-08-13T13:05:39,0.0,0.0
SPX,2026-10-16,56,Put,6250.0,SPX261016P06250000,10.4,10.8,10.600000000000001,10.6,-2.05,-16.2055,14.0,8560.0,0.2952,-0.0306,0.0001,2.1447,-0.5341,-0.3674,10.5797,10.8,10.8,10.5,12.6500000953674,up,2026-08-21T16:04:37,0.0,0.0
SPXW,2026-10-16,56,Put,6250.0,SPXW261016P06250000,10.7,10.9,10.8,11.59,0.0,0.0,0.0,458.0,0.2957,-0.031,0.0001,2.1774,-0.5406,-0.3735,10.817,0.0,0.0,0.0,12.9500002861023,down,2026-08-19T10:30:29,0.0,0.0
SPX,2026-10-16,56,Call,6260.0,SPX261016C06260000,1452.3,1455.6,1453.9499999999998,1462.03,27.68,1.9298,1.0,2.0,0.2946,0.969,0.0001,2.1708,-0.5383,9.1693,1452.603,1462.03,1462.03,1462.03,1434.34997558594,up,2026-08-21T12:18:25,0.0,0.0
SPX,2026-10-16,56,Put,6260.0,SPX261016P06260000,10.5,10.9,10.7,10.95,-1.9,-14.786,1.0,537.0,0.294,-0.031,0.0001,2.1708,-0.5383,-0.3729,10.7107,10.95,10.95,10.95,12.8499999046326,up,2026-08-21T12:18:25,0.0,0.0
SPX,2026-10-16,56,Call,6270.0,SPX261016C06270000,1442.5,1445.8,1444.15,1393.52,0.0,0.0,0.0,1.0,0.2933,0.9685,0.0001,2.1972,-0.5426,9.179,1442.8035,0.0,0.0,0.0,1424.54998779297,up,2026-08-03T14:11:27,0.0,0.0
SPX,2026-10-16,56,Put,6270.0,SPX261016P06270000,10.7,11.0,10.85,10.78,-2.22,-17.0769,1.0,99.0,0.2926,-0.0314,0.0001,2.1972,-0.5426,-0.3784,10.844,10.78,10.78,10.78,13.0,down,2026-08-21T15:42:57,0.0,0.0
SPX,2026-10-16,56,Call,6275.0,SPX261016C06275000,1437.6,1440.9,1439.25,1384.04,0.0,0.0,0.0,7.0,0.2924,0.9683,0.0001,2.2105,-0.5448,9.1838,1437.9046,0.0,0.0,0.0,1419.65002441406,up,2026-08-03T14:30:50,0.0,0.0
SPX,2026-10-16,56,Put,6275.0,SPX261016P06275000,10.7,11.1,10.899999999999999,11.38,0.0,0.0,0.0,1645.0,0.2922,-0.0317,0.0001,2.2105,-0.5448,-0.3812,10.9114,0.0,0.0,0.0,13.0999999046326,down,2026-08-14T13:18:46,0.0,0.0
SPX,2026-10-16,56,Call,6280.0,SPX261016C06280000,1432.7,1436.0,1434.35,0.0,0.0,0.0,0.0,0.0,0.292,0.9681,0.0001,2.2239,-0.5469,9.1886,1433.0063,0.0,0.0,0.0,1414.79998779297,no_change,,0.0,0.0
SPX,2026-10-16,56,Put,6280.0,SPX261016P06280000,10.8,11.2,11.0,11.2,0.0,0.0,0.0,516.0,0.2914,-0.0319,0.0001,2.2239,-0.5469,-0.384,10.9794,0.0,0.0,0.0,13.1500000953674,down,2026-08-19T15:56:40,0.0,0.0
SPX,2026-10-16,56,Call,6290.0,SPX261016C06290000,1423.0,1426.2,1424.6,1053.75,0.0,0.0,0.0,1.0,0.2908,0.9676,0.0001,2.251,-0.5513,9.1981,1423.2113,0.0,0.0,0.0,1405.0,up,2026-04-17T11:34:59,0.0,0.0
SPXW,2026-10-16,56,Call,6290.0,SPXW261016C06290000,1417.8,1437.0,1427.4,0.0,0.0,0.0,0.0,0.0,0.2908,0.9671,0.0001,2.2846,-0.558,9.1917,1423.4471,0.0,0.0,0.0,1406.09997558594,no_change,,0.0,0.0
SPX,2026-10-16,56,Put,6290.0,SPX261016P06290000,11.0,11.3,11.15,11.2,-2.15,-16.1049,2.0,58.0,0.2903,-0.0324,0.0001,2.251,-0.5513,-0.3898,11.117,11.2,11.2,11.2,13.3499999046326,down,2026-08-21T15:54:57,0.0,0.0
SPXW,2026-10-16,56,Put,6290.0,SPXW261016P06290000,11.2,11.5,11.35,11.9,0.0,0.0,0.0,72.0,0.2907,-0.0329,0.0001,2.2846,-0.558,-0.3961,11.3651,0.0,0.0,0.0,13.5999999046326,down,2026-08-14T10:03:42,0.0,0.0
SPX,2026-10-16,56,Call,6300.0,SPX261016C06300000,1413.4,1416.2,1414.8000000000002,1404.31,9.11,0.652952,2.0,136.0,0.2895,0.9671,0.0001,2.2783,-0.5557,9.2075,1413.4186,1403.56,1404.31,1403.56,1395.20001220703,up,2026-08-21T10:43:27,0.0,0.0
SPXW,2026-10-16,56,Call,6300.0,SPXW261016C06300000,1406.9,1427.2,1417.0500000000002,1535.95,0.0,0.0,0.0,2.0,0.2895,0.9666,0.0001,2.3122,-0.5624,9.201,1413.6572,0.0,0.0,0.0,1396.35003662109,up,2026-08-13T13:05:39,0.0,0.0
SPX,2026-10-16,56,Put,6300.0,SPX261016P06300000,11.1,11.5,11.3,11.25,-2.25,-16.6667,202.0,6495.0,0.2888,-0.0329,0.0001,2.2783,-0.5557,-0.3956,11.257,11.9,11.9,11.25,13.5,no_change,2026-08-21T16:04:12,0.0,0.0
SPXW,2026-10-16,56,Put,6300.0,SPXW261016P06300000,11.4,11.6,11.5,11.85,-1.9,-13.8182,5.0,158.0,0.2893,-0.0334,0.0001,2.3122,-0.5624,-0.402,11.5079,11.74,11.85,11.74,13.75,no_change,2026-08-21T14:34:07,0.0,0.0
SPX,2026-10-16,56,Call,6310.0,SPX261016C06310000,1403.4,1406.6,1405.0,1404.23,18.73,1.35186,5.0,0.0,0.2882,0.9666,0.0001,2.306,-0.5602,9.2168,1403.6282,1403.36,1404.23,1402.42,1385.5,up,2026-08-21T14:48:41,0.0,0.0
SPXW,2026-10-16,56,Call,6310.0,SPXW261016C06310000,1397.4,1417.4,1407.4,1486.08,0.0,0.0,0.0,8.0,0.2882,0.9661,0.0001,2.3401,-0.5669,9.2102,1403.8697,0.0,0.0,0.0,1386.75,up,2026-08-05T12:45:19,0.0,0.0
SPX,2026-10-16,56,Put,6310.0,SPX261016P06310000,11.2,11.6,11.399999999999999,11.65,-2.0,-14.652,5.0,116.0,0.2878,-0.0333,0.0001,2.306,-0.5602,-0.4016,11.3994,11.65,11.65,11.65,13.6500000953674,no_change,2026-08-21T14:48:41,0.0,0.0
SPXW,2026-10-16,56,Put,6310.0,SPXW261016P06310000,11.5,11.8,11.65,12.2,0.0,0.0,0.0,41.0,0.2883,-0.0339,0.0001,2.3401,-0.5669,-0.408,11.653,0.0,0.0,0.0,13.9500002861023,up,2026-08-14T10:07:20,0.0,0.0
SPX,2026-10-16,56,Call,6320.0,SPX261016C06320000,1393.6,1396.7,1395.15,1394.39,18.69,1.35858,2.0,1.0,0.2869,0.9661,0.0001,2.334,-0.5647,9.2259,1393.8403,1393.39,1394.39,1393.39,1375.70001220703,up,2026-08-21T14:20:08,0.0,0.0
SPXW,2026-10-16,56,Call,6320.0,SPXW261016C06320000,1383.7,1405.9,1394.8000000000002,0.0,0.0,0.0,0.0,0.0,0.2873,0.9656,0.0001,2.3683,-0.5715,9.2193,1394.0846,0.0,0.0,0.0,1376.85003662109,no_change,,0.0,0.0
SPX,2026-10-16,56,Put,6320.0,SPX261016P06320000,11.4,11.8,11.600000000000001,11.75,-2.1,-15.1625,2.0,57.0,0.2866,-0.0338,0.0001,2.334,-0.5647,-0.4076,11.5441,11.8,11.8,11.75,13.8499999046326,down,2026-08-21T14:20:08,0.0,0.0
SPXW,2026-10-16,56,Put,6320.0,SPXW261016P06320000,11.7,11.9,11.8,0.0,0.0,0.0,0.0,0.0,0.2868,-0.0344,0.0001,2.3683,-0.5715,-0.4141,11.8007,0.0,0.0,0.0,14.0999999046326,no_change,,0.0,0.0
SPX,2026-10-16,56,Call,6325.0,SPX261016C06325000,1388.7,1391.9,1390.3000000000002,1272.38,0.0,0.0,0.0,13.0,0.286,0.9659,0.0001,2.3482,-0.5669,9.2305,1388.9472,0.0,0.0,0.0,1370.84997558594,up,2026-07-01T10:51:02,0.0,0.0
SPXW,2026-10-16,56,Call,6325.0,SPXW261016C06325000,1382.4,1402.7,1392.5500000000002,1421.52,0.0,0.0,0.0,1.0,0.2867,0.9654,0.0001,2.3826,-0.5738,9.2239,1389.193,0.0,0.0,0.0,1372.04998779297,up,2026-08-18T11:45:35,0.0,0.0
SPX,2026-10-16,56,Put,6325.0,SPX261016P06325000,11.4,11.8,11.600000000000001,12.9,0.0,0.0,0.0,599.0,0.2859,-0.0341,0.0001,2.3482,-0.5669,-0.4107,11.6174,0.0,0.0,0.0,13.9000000953674,down,2026-08-20T13:02:51,0.0,0.0
SPXW,2026-10-16,56,Put,6325.0,SPXW261016P06325000,11.7,12.0,11.85,12.25,-1.95,-13.7324,3.0,74.0,0.2863,-0.0346,0.0001,2.3826,-0.5738,-0.4172,11.8754,12.25,12.25,12.25,14.2000002861023,no_change,2026-08-21T14:34:07,0.0,0.0
SPX,2026-10-16,56,Call,6330.0,SPX261016C06330000,1383.8,1387.0,1385.4,0.0,0.0,0.0,0.0,0.0,0.2856,0.9656,0.0001,2.3624,-0.5692,9.235,1384.0548,0.0,0.0,0.0,1366.04998779297,no_change,,0.0,0.0
SPXW,2026-10-16,56,Call,6330.0,SPXW261016C06330000,1373.9,1396.1,1385.0,0.0,0.0,0.0,0.0,0.0,0.286,0.9651,0.0001,2.3969,-0.5761,9.2284,1384.3021,0.0,0.0,0.0,1367.14996337891,no_change,,0.0,0.0
SPX,2026-10-16,56,Put,6330.0,SPX261016P06330000,11.5,11.9,11.7,11.6,-2.4,-17.1429,1.0,300.0,0.2854,-0.0343,0.0001,2.3624,-0.5692,-0.4137,11.6913,11.6,11.6,11.6,14.0,down,2026-08-21T15:43:42,0.0,0.0
SPXW,2026-10-16,56,Put,6330.0,SPXW261016P06330000,11.8,12.1,11.95,0.0,0.0,0.0,0.0,0.0,0.2858,-0.0349,0.0001,2.3969,-0.5761,-0.4203,11.9508,0.0,0.0,0.0,14.2999997138977,no_change,,0.0,0.0
SPX,2026-10-16,56,Call,6340.0,SPX261016C06340000,1374.0,1377.2,1375.6,0.0,0.0,0.0,0.0,0.0,0.2844,0.9651,0.0001,2.3911,-0.5738,9.244,1374.2719,0.0,0.0,0.0,1356.20001220703,no_change,,0.0,0.0
SPXW,2026-10-16,56,Call,6340.0,SPXW261016C06340000,1364.5,1388.0,1376.25,0.0,0.0,0.0,0.0,0.0,0.2847,0.9646,0.0001,2.4258,-0.5807,9.2373,1374.522,0.0,0.0,0.0,1357.35003662109,no_change,,0.0,0.0
SPX,2026-10-16,56,Put,6340.0,SPX261016P06340000,11.7,12.1,11.899999999999999,15.1,0.0,0.0,0.0,361.0,0.2839,-0.0349,0.0001,2.3911,-0.5738,-0.42,11.841,0.0,0.0,0.0,14.1999998092651,no_change,2026-08-10T13:32:00,0.0,0.0
SPXW,2026-10-16,56,Put,6340.0,SPXW261016P06340000,12.0,12.2,12.1,12.32,-2.13,-14.7405,1.0,2.0,0.2843,-0.0354,0.0001,2.4258,-0.5807,-0.4266,12.1035,12.32,12.32,12.32,14.4500002861023,down,2026-08-21T11:48:02,0.0,0.0
SPX,2026-10-16,56,Call,6350.0,SPX261016C06350000,1364.7,1367.5,1366.1,1365.14,18.74,1.39186,1.0,37.0,0.2846,0.9646,0.0001,2.4202,-0.5785,9.2529,1364.4915,1365.14,1365.14,1365.14,1346.40002441406,down,2026-08-21T14:19:44,0.0,0.0
SPXW,2026-10-16,56,Call,6350.0,SPXW261016C06350000,1357.4,1378.2,1367.8000000000002,1390.1,0.0,0.0,0.0,90.0,0.2833,0.964,0.0001,2.4551,-0.5854,9.2461,1364.7446,0.0,0.0,0.0,1347.59997558594,down,2026-08-18T11:24:45,0.0,0.0
SPX,2026-10-16,56,Put,6350.0,SPX261016P06350000,11.8,12.2,12.0,12.25,-2.15,-14.9306,1.0,1349.0,0.2829,-0.0354,0.0001,2.4202,-0.5785,-0.4263,11.9933,12.25,12.25,12.25,14.4000000953674,down,2026-08-21T14:19:44,0.0,0.0
SPXW,2026-10-16,56,Put,6350.0,SPXW261016P06350000,12.1,12.4,12.25,13.09,0.0,0.0,0.0,321.0,0.2833,-0.0359,0.0001,2.4551,-0.5854,-0.433,12.2587,0.0,0.0,0.0,14.6500000953674,down,2026-08-19T10:29:18,0.0,0.0
SPX,2026-10-16,56,Call,6360.0,SPX261016C06360000,1354.5,1357.7,1356.1,1355.27,18.57,1.38924,1.0,1.0,0.2818,0.9641,0.0001,2.4496,-0.5832,9.2617,1354.7137,1355.27,1355.27,1355.27,1336.70001220703,up,2026-08-21T14:20:01,0.0,0.0
SPXW,2026-10-16,56,Call,6360.0,SPXW261016C06360000,1344.5,1366.8,1355.65,0.0,0.0,0.0,0.0,0.0,0.282,0.9635,0.0001,2.4848,-0.5901,9.2549,1354.9699,0.0,0.0,0.0,1337.85003662109,no_change,,0.0,0.0
SPX,2026-10-16,56,Put,6360.0,SPX261016P06360000,12.0,12.4,12.2,12.3,-2.25,-15.4639,2.0,156.0,0.2814,-0.0359,0.0001,2.4496,-0.5832,-0.4327,12.1482,12.35,12.35,12.3,14.5499997138977,down,2026-08-21T14:53:43,0.0,0.0
SPXW,2026-10-16,56,Put,6360.0,SPXW261016P06360000,12.3,12.5,12.4,14.7,0.0,0.0,0.0,54.0,0.2818,-0.0365,0.0001,2.4848,-0.5901,-0.4395,12.4167,0.0,0.0,0.0,14.8499999046326,down,2026-08-18T10:28:59,0.0,0.0
SPX,2026-10-16,56,Call,6370.0,SPX261016C06370000,1344.7,1347.9,1346.3000000000002,0.0,0.0,0.0,0.0,0.0,0.2806,0.9635,0.0001,2.4794,-0.5879,9.2704,1344.9386,0.0,0.0,0.0,1327.0,no_change,,0.0,0.0
SPXW,2026-10-16,56,Call,6370.0,SPXW261016C06370000,1334.7,1358.7,1346.7,1179.17,0.0,0.0,0.0,5.0,0.281,0.963,0.0001,2.515,-0.5949,9.2635,1345.1978,0.0,0.0,0.0,1328.29998779297,no_change,2026-07-31T13:51:04,0.0,0.0
SPX,2026-10-16,56,Put,6370.0,SPX261016P06370000,12.1,12.5,12.3,14.7,0.0,0.0,0.0,115.0,0.2804,-0.0365,0.0001,2.4794,-0.5879,-0.4393,12.3058,0.0,0.0,0.0,14.75,up,2026-08-20T14:16:50,0.0,0.0
SPXW,2026-10-16,56,Put,6370.0,SPXW261016P06370000,12.4,12.7,12.55,18.5,0.0,0.0,0.0,17.0,0.2807,-0.037,0.0001,2.515,-0.5949,-0.4461,12.5773,0.0,0.0,0.0,15.0499997138977,down,2026-08-06T13:49:52,0.0,0.0
SPX,2026-10-16,56,Call,6375.0,SPX261016C06375000,1339.8,1343.0,1341.4,1341.06,18.96,1.43408,2.0,179.0,0.28,0.9632,0.0001,2.4945,-0.5903,9.2747,1340.052,1339.6,1341.06,1339.6,1322.10003662109,up,2026-08-21T14:49:15,0.0,0.0
SPXW,2026-10-16,56,Call,6375.0,SPXW261016C06375000,1334.1,1353.8,1343.9499999999998,0.0,0.0,0.0,0.0,0.0,0.2804,0.9627,0.0001,2.5302,-0.5973,9.2678,1340.3128,0.0,0.0,0.0,1323.25,no_change,,0.0,0.0
SPX,2026-10-16,56,Put,6375.0,SPX261016P06375000,12.2,12.6,12.399999999999999,12.65,-2.15,-14.527,2.0,414.0,0.2796,-0.0367,0.0001,2.4945,-0.5903,-0.4426,12.3856,12.65,12.65,12.65,14.8000001907349,no_change,2026-08-21T14:49:15,0.0,0.0
SPXW,2026-10-16,56,Put,6375.0,SPXW261016P06375000,12.5,12.8,12.65,22.8,0.0,0.0,0.0,63.0,0.2802,-0.0373,0.0001,2.5302,-0.5973,-0.4494,12.6586,0.0,0.0,0.0,15.1500000953674,up,2026-08-03T15:57:37,0.0,0.0
SPX,2026-10-16,56,Call,6380.0,SPX261016C06380000,1334.9,1338.1,1336.5,0.0,0.0,0.0,0.0,0.0,0.2793,0.963,0.0001,2.5097,-0.5927,9.279,1335.1662,0.0,0.0,0.0,1317.20001220703,no_change,,0.0,0.0
SPXW,2026-10-16,56,Call,6380.0,SPXW261016C06380000,1325.0,1347.5,1336.25,0.0,0.0,0.0,0.0,0.0,0.2797,0.9624,0.0001,2.5456,-0.5997,9.272,1335.4285,0.0,0.0,0.0,1318.45001220703,no_change,,0.0,0.0
SPX,2026-10-16,56,Put,6380.0,SPX261016P06380000,12.3,12.7,12.5,14.78,0.0,0.0,0.0,99.0,0.2789,-0.037,0.0001,2.5097,-0.5927,-0.4459,12.4661,0.0,0.0,0.0,14.9000000953674,down,2026-08-18T14:26:50,0.0,0.0
SPXW,2026-10-16,56,Put,6380.0,SPXW261016P06380000,12.6,12.8,12.7,17.4,0.0,0.0,0.0,6.0,0.2796,-0.0376,0.0001,2.5459,-0.5997,-0.4528,12.7425,0.0,0.0,0.0,15.25,up,2026-08-07T10:30:50,0.0,0.0
SPX,2026-10-16,56,Call,6390.0,SPX261016C06390000,1325.1,1328.3,1326.6999999999998,1325.96,18.46,1.41185,2.0,1.0,0.2781,0.9624,0.0001,2.5404,-0.5975,9.2875,1325.3966,1334.35,1334.35,1325.96,1307.5,down,2026-08-21T14:47:23,0.0,0.0
SPXW,2026-10-16,56,Call,6390.0,SPXW261016C06390000,1318.7,1339.1,1328.9,1159.14,0.0,0.0,0.0,5.0,0.2783,0.9618,0.0001,2.5766,-0.6046,9.2805,1325.6621,0.0,0.0,0.0,1308.64996337891,no_change,2026-07-31T13:51:04,0.0,0.0
SPX,2026-10-16,56,Put,6390.0,SPX261016P06390000,12.4,12.8,12.600000000000001,12.95,-2.15,-14.2384,2.0,171.0,0.2778,-0.0376,0.0001,2.5404,-0.5975,-0.4526,12.6291,12.75,12.95,12.75,15.0999999046326,up,2026-08-21T14:47:23,0.0,0.0
SPXW,2026-10-16,56,Put,6390.0,SPXW261016P06390000,12.7,13.0,12.85,17.5,0.0,0.0,0.0,1.0,0.2781,-0.0382,0.0001,2.577,-0.6046,-0.4597,12.9087,0.0,0.0,0.0,15.4000000953674,up,2026-08-07T10:30:23,0.0,0.0
SPX,2026-10-16,56,Call,6400.0,SPX261016C06400000,1315.6,1318.3,1316.9499999999998,1322.87,25.17,1.93958,3.0,703.0,0.2769,0.9618,0.0001,2.5716,-0.6024,9.2959,1315.6298,1306.51,1322.87,1306.51,1297.70001220703,up,2026-08-21T13:19:06,0.0,0.0
SPXW,2026-10-16,56,Call,6400.0,SPXW261016C06400000,1309.1,1329.4,1319.25,1346.23,0.0,0.0,0.0,10.0,0.2769,0.9612,0.0001,2.6082,-0.6095,9.2888,1315.8985,0.0,0.0,0.0,1298.90002441406,up,2026-08-18T11:35:19,0.0,0.0
SPX,2026-10-16,56,Put,6400.0,SPX261016P06400000,12.6,13.0,12.8,12.9,-2.4,-15.6863,801.0,9503.0,0.2765,-0.0382,0.0001,2.5716,-0.6024,-0.4595,12.795,13.39,13.5,12.83,15.3000001907349,no_change,2026-08-21T16:06:02,0.0,0.0
SPXW,2026-10-16,56,Put,6400.0,SPXW261016P06400000,12.9,13.2,13.05,13.36,-2.24,-14.359,1.0,284.0,0.277,-0.0387,0.0001,2.6085,-0.6095,-0.4666,13.0779,13.36,13.36,13.36,15.5999999046326,down,2026-08-21T11:05:13,0.0,0.0
SPX,2026-10-16,56,Call,6410.0,SPX261016C06410000,1305.6,1308.8,1307.1999999999998,1313.77,25.77,2.00078,2.0,10.0,0.2758,0.9612,0.0001,2.6034,-0.6073,9.3041,1305.8659,1313.93,1313.93,1313.77,1288.0,down,2026-08-21T13:13:32,0.0,0.0
SPXW,2026-10-16,56,Call,6410.0,SPXW261016C06410000,1295.7,1318.2,1306.95,0.0,0.0,0.0,0.0,0.0,0.2759,0.9607,0.0001,2.6403,-0.6144,9.297,1306.1378,0.0,0.0,0.0,1289.25,no_change,,0.0,0.0
SPX,2026-10-16,56,Put,6410.0,SPX261016P06410000,12.8,13.2,13.0,13.0,-2.5,-16.129,11.0,46.0,0.2752,-0.0387,0.0001,2.6034,-0.6073,-0.4665,12.9638,13.05,13.05,13.0,15.5,down,2026-08-21T16:00:41,0.0,0.0
SPXW,2026-10-16,56,Put,6410.0,SPXW261016P06410000,13.1,13.4,13.25,13.47,-2.38,-15.0158,1.0,88.0,0.2759,-0.0393,0.0001,2.6407,-0.6145,-0.4736,13.2501,13.47,13.47,13.47,15.8499999046326,down,2026-08-21T11:05:13,0.0,0.0
SPX,2026-10-16,56,Call,6420.0,SPX261016C06420000,1295.8,1299.0,1297.4,1295.34,17.04,1.33302,1.0,1.0,0.2744,0.9606,0.0001,2.6356,-0.6123,9.3123,1296.1049,1295.34,1295.34,1295.34,1278.29998779297,up,2026-08-21T14:19:06,0.0,0.0
SPXW,2026-10-16,56,Call,6420.0,SPXW261016C06420000,1285.9,1308.2,1297.0500000000002,0.0,0.0,0.0,0.0,0.0,0.2745,0.96,0.0001,2.6729,-0.6194,9.305,1296.3802,0.0,0.0,0.0,1279.45001220703,no_change,,0.0,0.0
SPX,2026-10-16,56,Put,6420.0,SPX261016P06420000,12.9,13.4,13.15,13.4,-2.3,-14.6497,1.0,1017.0,0.274,-0.0393,0.0001,2.6356,-0.6123,-0.4736,13.1356,13.4,13.4,13.4,15.6999998092651,down,2026-08-21T14:19:06,0.0,0.0
SPXW,2026-10-16,56,Put,6420.0,SPXW261016P06420000,13.3,13.5,13.4,19.6,0.0,0.0,0.0,38.0,0.2745,-0.0399,0.0001,2.6733,-0.6195,-0.4808,13.4252,0.0,0.0,0.0,16.0500001907349,down,2026-08-05T14:45:49,0.0,0.0
SPX,2026-10-16,56,Call,6425.0,SPX261016C06425000,1291.0,1294.1,1292.55,1298.49,25.09,1.97032,1.0,66.0,0.2737,0.9603,0.0001,2.6519,-0.6148,9.3163,1291.2256,1298.49,1298.49,1298.49,1273.39996337891,up,2026-08-21T13:19:10,0.0,0.0
SPXW,2026-10-16,56,Call,6425.0,SPXW261016C06425000,1285.3,1305.0,1295.15,1375.39,0.0,0.0,0.0,0.0,0.2738,0.9598,0.0001,2.6895,-0.622,9.309,1291.5025,0.0,0.0,0.0,1274.54998779297,up,2026-08-12T14:02:33,0.0,0.0
SPX,2026-10-16,56,Put,6425.0,SPX261016P06425000,13.0,13.4,13.2,13.35,-2.45,-15.5063,1.0,2045.0,0.2735,-0.0396,0.0001,2.6519,-0.6148,-0.4772,13.2226,13.35,13.35,13.35,15.8000001907349,down,2026-08-21T13:19:10,0.0,0.0
SPXW,2026-10-16,56,Put,6425.0,SPXW261016P06425000,13.3,13.6,13.45,18.15,0.0,0.0,0.0,70.0,0.274,-0.0402,0.0001,2.6899,-0.622,-0.4845,13.5139,0.0,0.0,0.0,16.1499996185303,down,2026-08-07T15:43:15,0.0,0.0
SPX,2026-10-16,56,Call,6430.0,SPX261016C06430000,1286.1,1289.2,1287.65,1293.67,25.07,1.97619,1.0,3.0,0.273,0.96,0.0001,2.6684,-0.6173,9.3203,1286.347,1293.67,1293.67,1293.67,1268.60003662109,down,2026-08-21T13:19:20,0.0,0.0
SPXW,2026-10-16,56,Call,6430.0,SPXW261016C06430000,1276.2,1298.4,1287.3000000000002,0.0,0.0,0.0,0.0,0.0,0.2735,0.9594,0.0001,2.7061,-0.6245,9.3129,1286.6256,0.0,0.0,0.0,1269.75,no_change,,0.0,0.0
SPX,2026-10-16,56,Put,6430.0,SPX261016P06430000,13.1,13.5,13.3,13.45,-2.45,-15.4088,1.0,769.0,0.2729,-0.04,0.0001,2.6684,-0.6173,-0.4808,13.3104,13.45,13.45,13.45,15.9000000953674,down,2026-08-21T13:19:20,0.0,0.0
SPXW,2026-10-16,56,Put,6430.0,SPXW261016P06430000,13.4,13.7,13.55,42.3,0.0,0.0,0.0,10.0,0.2732,-0.0406,0.0001,2.7066,-0.6246,-0.4882,13.6034,0.0,0.0,0.0,16.25,down,2026-07-27T15:57:34,0.0,0.0
SPX,2026-10-16,56,Call,6440.0,SPX261016C06440000,1276.3,1279.5,1277.9,1282.97,24.12,1.91604,3.0,0.0,0.272,0.9594,0.0001,2.7018,-0.6224,9.3281,1276.5922,1284.57,1284.57,1282.97,1258.84997558594,down,2026-08-21T13:20:41,0.0,0.0
SPXW,2026-10-16,56,Call,6440.0,SPXW261016C06440000,1266.4,1288.6,1277.5,0.0,0.0,0.0,0.0,0.0,0.2721,0.9588,0.0001,2.7399,-0.6296,9.3206,1276.8742,0.0,0.0,0.0,1260.0,no_change,,0.0,0.0
SPX,2026-10-16,56,Put,6440.0,SPX261016P06440000,13.3,13.7,13.5,13.5,-2.6,-16.1491,4.0,584.0,0.2716,-0.0406,0.0001,2.7018,-0.6224,-0.4882,13.4882,13.6,13.65,13.5,16.0999994277954,down,2026-08-21T16:06:40,0.0,0.0
SPXW,2026-10-16,56,Put,6440.0,SPXW261016P06440000,13.6,13.9,13.75,16.6,0.0,0.0,0.0,13.0,0.272,-0.0412,0.0001,2.7404,-0.6297,-0.4956,13.7847,0.0,0.0,0.0,16.4499998092651,down,2026-08-18T10:58:37,0.0,0.0
SPX,2026-10-16,56,Call,6450.0,SPX261016C06450000,1266.8,1269.5,1268.15,1266.34,17.24,1.3802,2.0,90.0,0.2707,0.9588,0.0001,2.7358,-0.6275,9.3358,1266.8406,1266.42,1266.42,1266.34,1249.09997558594,down,2026-08-21T14:18:12,0.0,0.0
SPXW,2026-10-16,56,Call,6450.0,SPXW261016C06450000,1256.6,1280.6,1268.6,1298.66,0.0,0.0,0.0,2.0,0.2711,0.9582,0.0001,2.7743,-0.6348,9.3282,1267.126,0.0,0.0,0.0,1250.30004882812,down,2026-08-18T11:41:28,0.0,0.0
SPX,2026-10-16,56,Put,6450.0,SPX261016P06450000,13.5,13.9,13.7,13.7,-2.7,-16.4634,68.0,7236.0,0.2702,-0.0412,0.0001,2.7358,-0.6275,-0.4957,13.6693,13.8,13.95,13.7,16.4000005722046,no_change,2026-08-21T16:05:56,0.0,0.0
SPXW,2026-10-16,56,Put,6450.0,SPXW261016P06450000,13.8,14.1,13.95,14.0,-2.65,-15.9159,10.0,110.0,0.2709,-0.0418,0.0001,2.7748,-0.6348,-0.5033,13.9695,13.9,14.1,13.9,16.6499996185303,down,2026-08-21T15:57:44,0.0,0.0
SPX,2026-10-16,56,Call,6460.0,SPX261016C06460000,1256.8,1260.0,1258.4,1264.1,24.7,1.9929,1.0,0.0,0.2695,0.9581,0.0001,2.7703,-0.6327,9.3433,1257.0923,1264.1,1264.1,1264.1,1239.39996337891,up,2026-08-21T12:35:34,0.0,0.0
SPXW,2026-10-16,56,Call,6460.0,SPXW261016C06460000,1246.9,1270.8,1258.85,0.0,0.0,0.0,0.0,0.0,0.2696,0.9575,0.0001,2.8093,-0.64,9.3356,1257.3812,0.0,0.0,0.0,1240.59997558594,no_change,,0.0,0.0
SPX,2026-10-16,56,Put,6460.0,SPX261016P06460000,13.7,14.1,13.899999999999999,13.9,-2.7,-16.2651,11.0,400.0,0.2691,-0.0418,0.0001,2.7704,-0.6327,-0.5034,13.8536,14.1,14.1,13.9,16.5999994277954,no_change,2026-08-21T16:05:58,0.0,0.0
SPXW,2026-10-16,56,Put,6460.0,SPXW261016P06460000,14.0,14.3,14.15,14.39,-2.51,-14.8521,1.0,38.0,0.2695,-0.0425,0.0001,2.8098,-0.64,-0.5111,14.1574,14.39,14.39,14.39,16.8999996185303,down,2026-08-21T11:05:13,0.0,0.0
SPX,2026-10-16,56,Call,6470.0,SPX261016C06470000,1247.1,1250.2,1248.65,1248.56,18.86,1.53371,2.0,0.0,0.268,0.9575,0.0001,2.8055,-0.638,9.3507,1247.3473,1255.36,1255.36,1248.56,1229.70001220703,down,2026-08-21T14:21:02,0.0,0.0
SPXW,2026-10-16,56,Call,6470.0,SPXW261016C06470000,1237.1,1261.0,1249.05,0.0,0.0,0.0,0.0,0.0,0.2686,0.9568,0.0001,2.8449,-0.6452,9.3429,1247.6398,0.0,0.0,0.0,1230.85003662109,no_change,,0.0,0.0
SPX,2026-10-16,56,Put,6470.0,SPX261016P06470000,13.8,14.3,14.05,14.2,-2.6,-15.4762,3.0,168.0,0.2679,-0.0425,0.0001,2.8055,-0.638,-0.5113,14.0413,14.15,14.25,14.15,16.8000001907349,down,2026-08-21T14:53:43,0.0,0.0
SPXW,2026-10-16,56,Put,6470.0,SPXW261016P06470000,14.2,14.5,14.35,17.03,0.0,0.0,0.0,3.0,0.2683,-0.0431,0.0001,2.8454,-0.6453,-0.5191,14.3488,0.0,0.0,0.0,17.1000003814697,down,2026-08-18T15:48:52,0.0,0.0
SPX,2026-10-16,56,Call,6475.0,SPX261016C06475000,1242.2,1245.3,1243.75,965.3,0.0,0.0,0.0,567.0,0.2675,0.9572,0.0001,2.8233,-0.6406,9.3543,1242.4761,0.0,0.0,0.0,1224.84997558594,up,2026-05-04T10:16:58,0.0,0.0
SPXW,2026-10-16,56,Call,6475.0,SPXW261016C06475000,1235.4,1256.2,1245.8000000000002,1275.82,0.0,0.0,0.0,1.0,0.2678,0.9565,0.0001,2.8629,-0.6479,9.3464,1242.7704,0.0,0.0,0.0,1226.09997558594,down,2026-08-18T11:45:35,0.0,0.0
SPX,2026-10-16,56,Put,6475.0,SPX261016P06475000,13.9,14.4,14.15,14.2,-2.7,-15.9763,32.0,1756.0,0.2673,-0.0428,0.0001,2.8234,-0.6406,-0.5153,14.1364,14.8,14.9,14.2,16.9000005722046,down,2026-08-21T16:04:36,0.0,0.0
SPXW,2026-10-16,56,Put,6475.0,SPXW261016P06475000,14.3,14.6,14.45,17.3,0.0,0.0,0.0,25.0,0.2677,-0.0435,0.0001,2.8634,-0.648,-0.5232,14.4457,0.0,0.0,0.0,17.25,down,2026-08-20T15:59:59,0.0,0.0
SPX,2026-10-16,56,Call,6480.0,SPX261016C06480000,1237.3,1240.5,1238.9,0.0,0.0,0.0,0.0,0.0,0.267,0.9568,0.0001,2.8413,-0.6432,9.3579,1237.6057,0.0,0.0,0.0,1220.0,no_change,,0.0,0.0
SPXW,2026-10-16,56,Call,6480.0,SPXW261016C06480000,1227.4,1251.3,1239.35,1320.0,0.0,0.0,0.0,2.0,0.2671,0.9562,0.0001,2.8811,-0.6506,9.3499,1237.9019,0.0,0.0,0.0,1221.14996337891,down,2026-08-05T12:36:20,0.0,0.0
SPX,2026-10-16,56,Put,6480.0,SPX261016P06480000,14.0,14.5,14.25,15.2,0.0,0.0,0.0,263.0,0.2667,-0.0432,0.0001,2.8413,-0.6432,-0.5193,14.2324,0.0,0.0,0.0,17.0,down,2026-08-19T10:24:05,0.0,0.0
SPXW,2026-10-16,56,Put,6480.0,SPXW261016P06480000,14.4,14.6,14.5,14.8,0.0,0.0,0.0,16.0,0.2671,-0.0438,0.0001,2.8816,-0.6506,-0.5273,14.5436,0.0,0.0,0.0,17.3500003814697,down,2026-08-19T15:55:55,0.0,0.0
SPX,2026-10-16,56,Call,6490.0,SPX261016C06490000,1227.6,1230.7,1229.15,1236.22,25.92,2.14162,1.0,1.0,0.2655,0.9561,0.0001,2.8777,-0.6486,9.3648,1227.8677,1236.22,1236.22,1236.22,1210.29998779297,up,2026-08-21T12:46:46,0.0,0.0
SPXW,2026-10-16,56,Call,6490.0,SPXW261016C06490000,1217.7,1239.9,1228.8000000000002,0.0,0.0,0.0,0.0,0.0,0.266,0.9555,0.0001,2.9178,-0.656,9.3568,1228.1677,0.0,0.0,0.0,1211.45001220703,no_change,,0.0,0.0
SPX,2026-10-16,56,Put,6490.0,SPX261016P06490000,14.2,14.6,14.399999999999999,14.6,-2.7,-15.6069,1.0,321.0,0.2655,-0.0438,0.0001,2.8777,-0.6486,-0.5276,14.4271,14.6,14.6,14.6,17.3000001907349,down,2026-08-21T12:46:46,0.0,0.0
SPXW,2026-10-16,56,Put,6490.0,SPXW261016P06490000,14.6,14.8,14.7,18.75,0.0,0.0,0.0,10.0,0.2659,-0.0445,0.0001,2.9183,-0.656,-0.5356,14.7421,0.0,0.0,0.0,17.5500001907349,down,2026-08-11T11:36:12,0.0,0.0
SPX,2026-10-16,56,Call,6500.0,SPX261016C06500000,1218.1,1220.8,1219.4499999999998,1223.32,22.77,1.89663,3.0,622.0,0.2646,0.9554,0.0001,2.9146,-0.654,9.3716,1218.1334,1211.21,1223.32,1210.73,1200.54998779297,up,2026-08-21T15:14:01,0.0,0.0
SPXW,2026-10-16,56,Call,6500.0,SPXW261016C06500000,1207.9,1231.9,1219.9,1228.1,26.35,2.19264,1.0,96.0,0.2649,0.9548,0.0001,2.9551,-0.6614,9.3635,1218.4371,1228.1,1228.1,1228.1,1201.75,up,2026-08-21T15:44:23,0.0,0.0
SPX,2026-10-16,56,Put,6500.0,SPX261016P06500000,14.4,14.8,14.600000000000001,14.53,-2.92,-16.7335,1998.0,18807.0,0.2643,-0.0446,0.0001,2.9147,-0.654,-0.536,14.6255,15.25,15.5,14.5,17.4499998092651,no_change,2026-08-21T15:42:51,0.0,0.0
SPXW,2026-10-16,56,Put,6500.0,SPXW261016P06500000,14.8,15.0,14.9,14.9,-2.9,-16.2921,7.0,396.0,0.2647,-0.0452,0.0001,2.9551,-0.6614,-0.5441,14.9414,15.7,15.7,14.68,17.8000001907349,up,2026-08-21T15:59:01,0.0,0.0
SPX,2026-10-16,56,Call,6510.0,SPX261016C06510000,1208.1,1211.2,1209.65,1210.14,19.24,1.61559,5.0,1.0,0.2633,0.9547,0.0001,2.9522,-0.6594,9.3782,1208.4028,1215.61,1215.89,1210.14,1190.89996337891,down,2026-08-21T13:54:52,0.0,0.0
SPXW,2026-10-16,56,Call,6510.0,SPXW261016C06510000,1198.2,1222.1,1210.15,0.0,0.0,0.0,0.0,0.0,0.2634,0.9541,0.0001,2.993,-0.6669,9.3699,1208.7104,0.0,0.0,0.0,1192.09997558594,no_change,,0.0,0.0
SPX,2026-10-16,56,Put,6510.0,SPX261016P06510000,14.6,15.0,14.8,14.95,-2.75,-15.5367,5.0,570.0,0.263,-0.0453,0.0001,2.9522,-0.6594,-0.5446,14.8275,14.9,14.95,14.9,17.6999998092651,no_change,2026-08-21T13:54:52,0.0,0.0
SPXW,2026-10-16,56,Put,6510.0,SPXW261016P06510000,15.0,15.3,15.15,57.3,0.0,0.0,0.0,1.0,0.2635,-0.0459,0.0001,2.993,-0.6669,-0.5528,15.1474,0.0,0.0,0.0,18.0500001907349,up,2026-07-29T15:55:01,0.0,0.0
SPX,2026-10-16,56,Call,6520.0,SPX261016C06520000,1198.4,1201.5,1199.95,1209.01,27.81,2.35438,1.0,0.0,0.262,0.954,0.0001,2.9903,-0.665,9.3846,1198.676,1209.01,1209.01,1209.01,1181.20001220703,up,2026-08-21T12:42:18,0.0,0.0
SPXW,2026-10-16,56,Call,6520.0,SPXW261016C06520000,1188.9,1212.4,1200.65,0.0,0.0,0.0,0.0,0.0,0.2623,0.9533,0.0001,3.0314,-0.6724,9.3762,1198.9876,0.0,0.0,0.0,1182.40002441406,no_change,,0.0,0.0
SPX,2026-10-16,56,Put,6520.0,SPX261016P06520000,14.8,15.3,15.05,15.2,-2.8,-15.5556,1.0,1272.0,0.2618,-0.046,0.0001,2.9903,-0.665,-0.5534,15.0335,15.2,15.2,15.2,18.0,down,2026-08-21T12:42:18,0.0,0.0
SPXW,2026-10-16,56,Put,6520.0,SPXW261016P06520000,15.2,15.5,15.35,22.37,0.0,0.0,0.0,10.0,0.2622,-0.0466,0.0001,3.0314,-0.6724,-0.5618,15.3573,0.0,0.0,0.0,18.3500003814697,no_change,2026-08-06T15:30:29,0.0,0.0
SPX,2026-10-16,56,Call,6525.0,SPX261016C06525000,1193.5,1196.7,1195.1,1089.93,0.0,0.0,0.0,141.0,0.2614,0.9536,0.0001,3.0095,-0.6677,9.3878,1193.8141,0.0,0.0,0.0,1176.34997558594,down,2026-07-02T11:00:57,0.0,0.0
SPXW,2026-10-16,56,Call,6525.0,SPXW261016C06525000,1187.3,1207.6,1197.4499999999998,0.0,0.0,0.0,0.0,0.0,0.2615,0.953,0.0001,3.0508,-0.6752,9.3793,1194.1277,0.0,0.0,0.0,1177.54998779297,no_change,,0.0,0.0
SPX,2026-10-16,56,Put,6525.0,SPX261016P06525000,14.9,15.4,15.15,15.2,-2.9,-16.0221,48.0,890.0,0.2612,-0.0464,0.0001,3.0095,-0.6677,-0.5579,15.1379,15.0,15.2,14.8,18.0999994277954,no_change,2026-08-21T15:56:49,0.0,0.0
SPXW,2026-10-16,56,Put,6525.0,SPXW261016P06525000,15.3,15.6,15.45,18.3,0.0,0.0,0.0,73.0,0.2616,-0.047,0.0001,3.0508,-0.6752,-0.5663,15.4638,0.0,0.0,0.0,18.4499998092651,up,2026-08-20T15:55:06,0.0,0.0
SPX,2026-10-16,56,Call,6530.0,SPX261016C06530000,1188.7,1191.8,1190.25,1190.1,18.55,1.58337,1.0,0.0,0.2605,0.9533,0.0001,3.0289,-0.6705,9.3908,1188.9532,1190.1,1190.1,1190.1,1171.55004882812,up,2026-08-21T14:02:32,0.0,0.0
SPXW,2026-10-16,56,Call,6530.0,SPXW261016C06530000,1178.8,1201.1,1189.9499999999998,0.0,0.0,0.0,0.0,0.0,0.2611,0.9526,0.0001,3.0703,-0.678,9.3823,1189.2689,0.0,0.0,0.0,1172.69995117188,no_change,,0.0,0.0
SPX,2026-10-16,56,Put,6530.0,SPX261016P06530000,15.0,15.5,15.25,15.0,-3.2,-17.5824,3.0,498.0,0.2605,-0.0467,0.0001,3.0289,-0.6705,-0.5625,15.2433,15.4,15.4,15.0,18.1999998092651,down,2026-08-21T15:46:30,0.0,0.0
SPXW,2026-10-16,56,Put,6530.0,SPXW261016P06530000,15.4,15.7,15.55,34.0,0.0,0.0,0.0,1.0,0.2611,-0.0474,0.0001,3.0703,-0.678,-0.5709,15.5712,0.0,0.0,0.0,18.5500001907349,down,2026-07-31T15:55:02,0.0,0.0
SPX,2026-10-16,56,Call,6540.0,SPX261016C06540000,1179.0,1182.1,1180.55,1186.99,25.14,2.16379,2.0,0.0,0.2595,0.9525,0.0001,3.068,-0.6761,9.3969,1179.2345,1190.08,1190.08,1186.99,1161.84997558594,down,2026-08-21T12:47:55,0.0,0.0
SPXW,2026-10-16,56,Call,6540.0,SPXW261016C06540000,1169.0,1191.8,1180.4,0.0,0.0,0.0,0.0,0.0,0.26,0.9518,0.0001,3.1097,-0.6837,9.3882,1179.5542,0.0,0.0,0.0,1163.04998779297,no_change,,0.0,0.0
SPX,2026-10-16,56,Put,6540.0,SPX261016P06540000,15.2,15.7,15.45,15.5,-3.0,-16.2162,3.0,353.0,0.2594,-0.0475,0.0001,3.068,-0.6761,-0.5717,15.4573,15.6,15.6,15.5,18.5,down,2026-08-21T16:05:58,0.0,0.0
SPXW,2026-10-16,56,Put,6540.0,SPXW261016P06540000,15.6,15.9,15.75,21.72,0.0,0.0,0.0,17.0,0.2598,-0.0482,0.0001,3.1097,-0.6837,-0.5803,15.7893,0.0,0.0,0.0,18.8500003814697,no_change,2026-08-07T09:56:47,0.0,0.0
SPX,2026-10-16,56,Call,6550.0,SPX261016C06550000,1169.6,1172.1,1170.85,1177.14,24.99,2.16899,2.0,1037.0,0.2584,0.9517,0.0001,3.1076,-0.6818,9.4027,1169.5199,1177.14,1177.14,1177.14,1152.14996337891,no_change,2026-08-21T12:46:59,0.0,0.0
SPXW,2026-10-16,56,Call,6550.0,SPXW261016C06550000,1163.6,1183.3,1173.4499999999998,1066.6,0.0,0.0,0.0,38.0,0.2584,0.951,0.0001,3.1496,-0.6894,9.3939,1169.8439,0.0,0.0,0.0,1153.40002441406,up,2026-07-22T12:06:10,0.0,0.0
SPX,2026-10-16,56,Put,6550.0,SPX261016P06550000,15.5,15.9,15.7,15.6,-3.15,-16.8,58.0,6519.0,0.258,-0.0482,0.0001,3.1077,-0.6818,-0.5811,15.6754,16.24,16.24,15.6,18.75,no_change,2026-08-21T15:35:13,0.0,0.0
SPXW,2026-10-16,56,Put,6550.0,SPXW261016P06550000,15.8,16.1,15.950000000000001,15.76,-3.29,-17.2703,1.0,67.0,0.2587,-0.0489,0.0001,3.1496,-0.6894,-0.5898,16.0116,15.76,15.76,15.76,19.0500001907349,down,2026-08-21T15:45:59,0.0,0.0
SPX,2026-10-16,56,Call,6560.0,SPX261016C06560000,1159.5,1162.6,1161.05,1170.57,28.12,2.46138,3.0,1.0,0.257,0.951,0.0001,3.1478,-0.6876,9.4083,1159.8096,1170.14,1170.57,1170.12,1142.44995117188,up,2026-08-21T12:41:28,0.0,0.0
SPXW,2026-10-16,56,Call,6560.0,SPXW261016C06560000,1149.6,1173.5,1161.55,1242.95,0.0,0.0,0.0,1.0,0.2572,0.9502,0.0001,3.1899,-0.6952,9.3994,1160.1378,0.0,0.0,0.0,1143.69995117188,down,2026-08-05T12:35:28,0.0,0.0
SPX,2026-10-16,56,Put,6560.0,SPX261016P06560000,15.7,16.1,15.9,15.9,-3.1,-16.3158,339.0,606.0,0.2569,-0.049,0.0001,3.1478,-0.6876,-0.5907,15.8978,16.58,16.58,15.9,19.0,no_change,2026-08-21T16:05:58,0.0,0.0
SPXW,2026-10-16,56,Put,6560.0,SPXW261016P06560000,16.1,16.4,16.25,17.7,0.0,0.0,0.0,32.0,0.2574,-0.0497,0.0001,3.1899,-0.6952,-0.5995,16.2382,0.0,0.0,0.0,19.3500003814697,down,2026-08-17T14:07:47,0.0,0.0
SPX,2026-10-16,56,Call,6570.0,SPX261016C06570000,1149.8,1152.9,1151.35,0.0,0.0,0.0,0.0,0.0,0.2558,0.9502,0.0001,3.1884,-0.6934,9.4137,1150.1036,0.0,0.0,0.0,1132.84997558594,no_change,,0.0,0.0
SPXW,2026-10-16,56,Call,6570.0,SPXW261016C06570000,1139.9,1163.8,1151.85,0.0,0.0,0.0,0.0,0.0,0.256,0.9494,0.0001,3.2307,-0.701,9.4048,1150.4362,0.0,0.0,0.0,1134.09997558594,no_change,,0.0,0.0
SPX,2026-10-16,56,Put,6570.0,SPX261016P06570000,15.9,16.4,16.15,16.8,-2.5,-12.9534,2.0,1720.0,0.2558,-0.0498,0.0001,3.1884,-0.6934,-0.6005,16.1245,16.8,16.8,16.8,19.3000001907349,down,2026-08-21T10:22:29,0.0,0.0
SPXW,2026-10-16,56,Put,6570.0,SPXW261016P06570000,16.3,16.6,16.450000000000003,23.87,0.0,0.0,0.0,8.0,0.2561,-0.0505,0.0001,3.2307,-0.701,-0.6093,16.4693,0.0,0.0,0.0,19.6499996185303,no_change,2026-08-06T15:30:29,0.0,0.0
SPX,2026-10-16,56,Call,6575.0,SPX261016C06575000,1145.0,1148.1,1146.55,1149.26,21.21,1.88023,2.0,266.0,0.2552,0.9497,0.0001,3.2089,-0.6963,9.4164,1145.2524,1150.73,1150.73,1149.26,1128.05004882812,down,2026-08-21T13:27:29,0.0,0.0
SPXW,2026-10-16,56,Call,6575.0,SPXW261016C06575000,1138.5,1159.0,1148.75,0.0,0.0,0.0,0.0,0.0,0.2556,0.949,0.0001,3.2514,-0.704,9.4074,1145.587,0.0,0.0,0.0,1129.19995117188,no_change,,0.0,0.0
SPX,2026-10-16,56,Put,6575.0,SPX261016P06575000,16.0,16.5,16.25,16.45,-2.95,-15.2062,2.0,1442.0,0.2551,-0.0502,0.0001,3.2089,-0.6963,-0.6055,16.2396,16.35,16.45,16.35,19.4000005722046,up,2026-08-21T13:27:29,0.0,0.0
SPXW,2026-10-16,56,Put,6575.0,SPXW261016P06575000,16.4,16.7,16.549999999999997,19.5,0.0,0.0,0.0,36.0,0.2558,-0.051,0.0001,3.2514,-0.704,-0.6144,16.5865,0.0,0.0,0.0,19.75,down,2026-08-20T15:55:29,0.0,0.0
SPX,2026-10-16,56,Call,6580.0,SPX261016C06580000,1140.1,1143.2,1141.65,1145.3,22.1,1.96759,3.0,1.0,0.2546,0.9493,0.0001,3.2295,-0.6992,9.419,1140.4022,1149.46,1149.46,1145.3,1123.20001220703,down,2026-08-21T13:28:16,0.0,0.0
SPXW,2026-10-16,56,Call,6580.0,SPXW261016C06580000,1130.7,1154.2,1142.45,0.0,0.0,0.0,0.0,0.0,0.2548,0.9486,0.0001,3.2721,-0.7069,9.41,1140.7391,0.0,0.0,0.0,1124.40002441406,no_change,,0.0,0.0
SPX,2026-10-16,56,Put,6580.0,SPX261016P06580000,16.1,16.6,16.35,16.55,-3.0,-15.3453,332.0,489.0,0.2546,-0.0506,0.0001,3.2295,-0.6992,-0.6105,16.3557,16.9,16.9,16.5,19.5499992370605,no_change,2026-08-21T14:09:33,0.0,0.0
SPXW,2026-10-16,56,Put,6580.0,SPXW261016P06580000,16.5,16.8,16.65,17.25,-2.65,-13.3166,2.0,11.0,0.2551,-0.0514,0.0001,3.2721,-0.7069,-0.6194,16.7048,17.25,17.25,17.25,19.8999996185303,down,2026-08-21T10:54:18,0.0,0.0
SPX,2026-10-16,56,Call,6590.0,SPX261016C06590000,1130.4,1133.5,1131.95,1139.12,25.57,2.29626,2.0,0.0,0.2534,0.9485,0.0001,3.2711,-0.7052,9.4241,1130.7053,1134.97,1139.12,1134.97,1113.55004882812,up,2026-08-21T15:38:29,0.0,0.0
SPXW,2026-10-16,56,Call,6590.0,SPXW261016C06590000,1120.5,1144.4,1132.45,0.0,0.0,0.0,0.0,0.0,0.2536,0.9478,0.0001,3.3139,-0.7129,9.415,1131.0466,0.0,0.0,0.0,1114.84997558594,no_change,,0.0,0.0
SPX,2026-10-16,56,Put,6590.0,SPX261016P06590000,16.4,16.8,16.6,16.31,-3.49,-17.6263,214.0,1976.0,0.2533,-0.0515,0.0001,3.2711,-0.7052,-0.6206,16.5915,16.65,16.8,16.3,19.8000001907349,up,2026-08-21T15:44:34,0.0,0.0
SPXW,2026-10-16,56,Put,6590.0,SPXW261016P06590000,16.8,17.1,16.950000000000003,17.46,-2.69,-13.3499,2.0,32.0,0.2538,-0.0522,0.0001,3.3139,-0.7129,-0.6296,16.945,17.46,17.46,17.46,20.1499996185303,down,2026-08-21T10:52:34,0.0,0.0
SPX,2026-10-16,56,Call,6600.0,SPX261016C06600000,1121.1,1123.6,1122.35,1130.05,26.2,2.37351,5.0,4753.0,0.2531,0.9476,0.0001,3.3132,-0.7112,9.429,1121.013,1116.12,1131.55,1113.63,1103.85003662109,down,2026-08-21T12:27:08,0.0,0.0
SPXW,2026-10-16,56,Call,6600.0,SPXW261016C06600000,1115.4,1134.8,1125.1,1020.1,0.0,0.0,0.0,37.0,0.2527,0.9469,0.0001,3.3564,-0.7189,9.4198,1121.3588,0.0,0.0,0.0,1105.09997558594,up,2026-07-22T12:06:10,0.0,0.0
SPX,2026-10-16,56,Put,6600.0,SPX261016P06600000,16.6,17.1,16.85,16.84,-3.26,-16.2189,324.0,14538.0,0.2521,-0.0523,0.0001,3.3132,-0.7112,-0.6309,16.8319,17.55,17.79,16.7,20.0999994277954,up,2026-08-21T16:09:38,0.0,0.0
SPXW,2026-10-16,56,Put,6600.0,SPXW261016P06600000,17.0,17.3,17.15,18.25,-2.2,-10.7579,1.0,1019.0,0.2527,-0.0531,0.0001,3.3564,-0.7189,-0.64,17.19,18.25,18.25,18.25,20.4499998092651,down,2026-08-21T10:38:13,0.0,0.0
SPX,2026-10-16,56,Call,6610.0,SPX261016C06610000,1111.0,1114.1,1112.55,1116.11,21.86,1.99772,2.0,2.0,0.2509,0.9468,0.0001,3.3559,-0.7172,9.4337,1111.3256,1119.35,1119.35,1116.11,1094.25,down,2026-08-21T12:51:04,0.0,0.0
SPXW,2026-10-16,56,Call,6610.0,SPXW261016C06610000,1101.1,1125.0,1113.05,1195.07,0.0,0.0,0.0,2.0,0.2514,0.946,0.0001,3.3994,-0.725,9.4244,1111.6759,0.0,0.0,0.0,1095.45001220703,up,2026-08-05T12:34:48,0.0,0.0
SPX,2026-10-16,56,Put,6610.0,SPX261016P06610000,16.9,17.3,17.1,17.3,-3.1,-15.1961,2.0,554.0,0.2509,-0.0532,0.0001,3.3559,-0.7172,-0.6414,17.0771,17.2,17.3,17.2,20.4000005722046,up,2026-08-21T12:51:04,0.0,0.0
SPXW,2026-10-16,56,Put,6610.0,SPXW261016P06610000,17.2,17.6,17.4,25.02,0.0,0.0,0.0,23.0,0.2514,-0.0539,0.0001,3.3994,-0.725,-0.6506,17.4397,0.0,0.0,0.0,20.75,down,2026-08-05T10:01:06,0.0,0.0
SPX,2026-10-16,56,Call,6620.0,SPX261016C06620000,1101.3,1104.4,1102.85,1105.78,21.13,1.94809,2.0,1.0,0.2496,0.9459,0.0001,3.3992,-0.7233,9.4383,1101.6429,1107.05,1107.05,1105.78,1084.65002441406,down,2026-08-21T13:27:59,0.0,0.0
SPXW,2026-10-16,56,Call,6620.0,SPXW261016C06620000,1095.2,1115.4,1105.3000000000002,0.0,0.0,0.0,0.0,0.0,0.2502,0.9451,0.0001,3.443,-0.7312,9.4289,1101.9978,0.0,0.0,0.0,1085.80004882812,no_change,,0.0,0.0
SPX,2026-10-16,56,Put,6620.0,SPX261016P06620000,17.1,17.5,17.3,17.5,-3.2,-15.4589,2.0,985.0,0.2497,-0.0541,0.0001,3.3992,-0.7233,-0.6521,17.3272,17.4,17.5,17.4,20.6999998092651,up,2026-08-21T13:27:59,0.0,0.0
SPXW,2026-10-16,56,Put,6620.0,SPXW261016P06620000,17.5,17.8,17.65,20.68,0.0,0.0,0.0,53.0,0.2503,-0.0548,0.0001,3.443,-0.7312,-0.6614,17.6943,0.0,0.0,0.0,21.0500001907349,no_change,2026-08-18T14:47:21,0.0,0.0
SPX,2026-10-16,56,Call,6625.0,SPX261016C06625000,1096.7,1099.5,1098.1,1106.33,26.58,2.46168,1.0,729.0,0.2492,0.9454,0.0001,3.4211,-0.7264,9.4405,1096.8035,1106.33,1106.33,1106.33,1079.75,down,2026-08-21T12:44:55,0.0,0.0
SPXW,2026-10-16,56,Call,6625.0,SPXW261016C06625000,1091.1,1110.6,1100.85,0.0,0.0,0.0,0.0,0.0,0.2494,0.9447,0.0001,3.4651,-0.7342,9.4311,1097.1607,0.0,0.0,0.0,1081.0,no_change,,0.0,0.0
SPX,2026-10-16,56,Put,6625.0,SPX261016P06625000,17.2,17.7,17.45,17.55,-3.25,-15.625,1.0,2924.0,0.2492,-0.0545,0.0001,3.4211,-0.7264,-0.6575,17.4541,17.55,17.55,17.55,20.8000001907349,down,2026-08-21T12:44:55,0.0,0.0
SPXW,2026-10-16,56,Put,6625.0,SPXW261016P06625000,17.6,17.9,17.75,17.5,-3.7,-17.4528,400.0,156.0,0.2498,-0.0553,0.0001,3.4651,-0.7342,-0.6668,17.8235,17.5,17.5,17.4,21.1999998092651,no_change,2026-08-21T15:49:49,0.0,0.0
SPX,2026-10-16,56,Call,6630.0,SPX261016C06630000,1091.7,1094.7,1093.2,1097.83,22.88,2.12848,1.0,3.0,0.2484,0.945,0.0001,3.4432,-0.7295,9.4426,1091.9652,1097.83,1097.83,1097.83,1074.94995117188,down,2026-08-21T12:19:47,0.0,0.0
SPXW,2026-10-16,56,Call,6630.0,SPXW261016C06630000,1082.3,1105.7,1094.0,0.0,0.0,0.0,0.0,350.0,0.2489,0.9442,0.0001,3.4873,-0.7374,9.4332,1092.3248,0.0,0.0,0.0,1076.25,no_change,,0.0,0.0
SPX,2026-10-16,56,Put,6630.0,SPX261016P06630000,17.3,17.8,17.55,17.9,-3.1,-14.7619,1.0,418.0,0.2485,-0.055,0.0001,3.4432,-0.7295,-0.663,17.5821,17.9,17.9,17.9,21.0,down,2026-08-21T12:19:47,0.0,0.0
SPXW,2026-10-16,56,Put,6630.0,SPXW261016P06630000,17.8,18.1,17.950000000000003,65.62,0.0,0.0,0.0,2.0,0.2489,-0.0558,0.0001,3.4873,-0.7374,-0.6723,17.954,0.0,0.0,0.0,21.3500003814697,up,2026-07-23T12:06:00,0.0,0.0
SPX,2026-10-16,56,Call,6640.0,SPX261016C06640000,1082.0,1085.0,1083.5,1089.9,24.55,2.30441,1.0,1.0,0.2472,0.9441,0.0001,3.4878,-0.7358,9.4468,1082.2926,1089.9,1089.9,1089.9,1065.34997558594,up,2026-08-21T12:47:25,0.0,0.0
SPXW,2026-10-16,56,Call,6640.0,SPXW261016C06640000,1072.2,1096.1,1084.15,0.0,0.0,0.0,0.0,0.0,0.2476,0.9433,0.0001,3.5324,-0.7436,9.4373,1082.6569,0.0,0.0,0.0,1066.54998779297,no_change,,0.0,0.0
SPX,2026-10-16,56,Put,6640.0,SPX261016P06640000,17.6,18.1,17.85,17.95,-3.35,-15.7277,1.0,380.0,0.2474,-0.0559,0.0001,3.4878,-0.7358,-0.674,17.8422,17.95,17.95,17.95,21.3000001907349,down,2026-08-21T12:47:25,0.0,0.0
SPXW,2026-10-16,56,Put,6640.0,SPXW261016P06640000,18.0,18.3,18.15,24.0,0.0,0.0,0.0,33.0,0.2478,-0.0567,0.0001,3.5324,-0.7436,-0.6834,18.2188,0.0,0.0,0.0,21.6499996185303,down,2026-08-07T15:24:55,0.0,0.0
SPX,2026-10-16,56,Call,6650.0,SPX261016C06650000,1072.6,1075.1,1073.85,1076.87,21.22,2.01014,1.0,4039.0,0.247,0.9431,0.0001,3.5332,-0.7421,9.4508,1072.6252,1076.87,1076.87,1076.87,1055.64996337891,down,2026-08-21T11:23:19,0.0,0.0
SPXW,2026-10-16,56,Call,6650.0,SPXW261016C06650000,1066.4,1086.4,1076.4,902.03,0.0,0.0,0.0,5.0,0.2466,0.9423,0.0002,3.5782,-0.75,9.4412,1072.9942,0.0,0.0,0.0,1056.90002441406,down,2026-07-24T11:22:55,0.0,0.0
SPX,2026-10-16,56,Put,6650.0,SPX261016P06650000,17.9,18.3,18.1,17.7,-3.9,-18.0556,39.0,3878.0,0.246,-0.0569,0.0001,3.5332,-0.7421,-0.6853,18.1074,18.8,18.8,17.7,21.5999994277954,no_change,2026-08-21T15:48:17,0.0,0.0
SPXW,2026-10-16,56,Put,6650.0,SPXW261016P06650000,18.3,18.6,18.450000000000003,19.35,-2.6,-11.8451,1.0,204.0,0.2467,-0.0576,0.0002,3.5782,-0.75,-0.6948,18.4888,19.35,19.35,19.35,21.9499998092651,down,2026-08-21T09:44:48,0.0,0.0
SPX,2026-10-16,56,Call,6660.0,SPX261016C06660000,1062.9,1065.6,1064.25,1072.17,26.07,2.49211,2.0,0.0,0.2448,0.9422,0.0002,3.5794,-0.7484,9.4545,1062.963,1067.34,1072.17,1067.34,1046.10003662109,up,2026-08-21T12:43:53,0.0,0.0
SPXW,2026-10-16,56,Call,6660.0,SPXW261016C06660000,1053.3,1076.7,1065.0,0.0,0.0,0.0,0.0,0.0,0.2452,0.9414,0.0002,3.6249,-0.7564,9.4448,1063.3369,0.0,0.0,0.0,1047.35003662109,no_change,,0.0,0.0
SPX,2026-10-16,56,Put,6660.0,SPX261016P06660000,18.1,18.6,18.35,18.0,-3.9,-17.8082,8.0,223.0,0.2449,-0.0578,0.0002,3.5794,-0.7484,-0.6968,18.3779,18.8,18.8,18.0,21.9000005722046,no_change,2026-08-21T15:48:18,0.0,0.0
SPXW,2026-10-16,56,Put,6660.0,SPXW261016P06660000,18.6,18.9,18.75,22.16,0.0,0.0,0.0,23.0,0.2453,-0.0586,0.0002,3.6249,-0.7564,-0.7064,18.7642,0.0,0.0,0.0,22.3500003814697,down,2026-08-20T14:51:47,0.0,0.0
SPX,2026-10-16,56,Call,6670.0,SPX261016C06670000,1053.0,1056.1,1054.55,0.0,0.0,0.0,0.0,0.0,0.2438,0.9412,0.0002,3.6265,-0.7549,9.458,1053.3063,0.0,0.0,0.0,1036.5,no_change,,0.0,0.0
SPXW,2026-10-16,56,Call,6670.0,SPXW261016C06670000,1046.8,1067.1,1056.9499999999998,0.0,0.0,0.0,0.0,375.0,0.2442,0.9404,0.0002,3.6724,-0.7628,9.4482,1053.6851,0.0,0.0,0.0,1037.69995117188,no_change,,0.0,0.0
SPX,2026-10-16,56,Put,6670.0,SPX261016P06670000,18.4,18.9,18.65,18.3,-3.9,-17.5676,2.0,458.0,0.2438,-0.0588,0.0002,3.6265,-0.7549,-0.7085,18.6539,19.45,19.45,18.3,22.1999998092651,down,2026-08-21T15:47:59,0.0,0.0
SPXW,2026-10-16,56,Put,6670.0,SPXW261016P06670000,18.8,19.2,19.0,22.28,0.0,0.0,0.0,33.0,0.2442,-0.0596,0.0002,3.6724,-0.7628,-0.7182,19.045,0.0,0.0,0.0,22.6499996185303,down,2026-08-12T11:10:28,0.0,0.0
SPX,2026-10-16,56,Call,6675.0,SPX261016C06675000,1048.2,1051.2,1049.7,903.5,0.0,0.0,0.0,1843.0,0.2429,0.9407,0.0002,3.6503,-0.7581,9.4597,1048.48,0.0,0.0,0.0,1031.70001220703,no_change,2026-05-07T09:50:39,0.0,0.0
SPXW,2026-10-16,56,Call,6675.0,SPXW261016C06675000,1042.0,1062.3,1052.15,878.78,0.0,0.0,0.0,1.0,0.2434,0.9399,0.0002,3.6965,-0.7661,9.4498,1048.8613,0.0,0.0,0.0,1032.90002441406,down,2026-07-24T11:22:55,0.0,0.0
SPX,2026-10-16,56,Put,6675.0,SPX261016P06675000,18.5,19.0,18.75,18.4,-4.0,-17.8571,12.0,1600.0,0.243,-0.0593,0.0002,3.6503,-0.7581,-0.7144,18.7939,19.85,19.85,18.4,22.4000005722046,down,2026-08-21T15:47:58,0.0,0.0
SPXW,2026-10-16,56,Put,6675.0,SPXW261016P06675000,19.0,19.3,19.15,19.25,-3.55,-15.5702,1.0,60.0,0.2437,-0.0601,0.0002,3.6965,-0.7661,-0.7243,19.1876,19.25,19.25,19.25,22.8000001907349,down,2026-08-21T11:35:10,0.0,0.0
SPX,2026-10-16,56,Call,6680.0,SPX261016C06680000,1043.5,1046.3,1044.9,0.0,0.0,0.0,0.0,0.0,0.2424,0.9402,0.0002,3.6744,-0.7614,9.4613,1043.6551,0.0,0.0,0.0,1026.89996337891,no_change,,0.0,0.0
SPXW,2026-10-16,56,Call,6680.0,SPXW261016C06680000,1037.8,1057.4,1047.6,0.0,0.0,0.0,0.0,0.0,0.2428,0.9394,0.0002,3.7208,-0.7694,9.4513,1044.039,0.0,0.0,0.0,1028.09997558594,no_change,,0.0,0.0
SPX,2026-10-16,56,Put,6680.0,SPX261016P06680000,18.7,19.2,18.95,18.5,-4.05,-17.9601,2.0,265.0,0.2426,-0.0598,0.0002,3.6744,-0.7614,-0.7204,18.9353,19.0,19.0,18.5,22.5499992370605,down,2026-08-21T15:47:58,0.0,0.0
SPXW,2026-10-16,56,Put,6680.0,SPXW261016P06680000,19.1,19.4,19.25,19.55,0.0,0.0,0.0,41.0,0.243,-0.0606,0.0002,3.7208,-0.7694,-0.7304,19.3315,0.0,0.0,0.0,22.9499998092651,up,2026-08-17T10:01:40,0.0,0.0
SPX,2026-10-16,56,Call,6690.0,SPX261016C06690000,1033.9,1036.7,1035.3000000000002,990.18,0.0,0.0,0.0,10.0,0.2412,0.9391,0.0002,3.7232,-0.7679,9.4643,1034.0096,0.0,0.0,0.0,1017.29998779297,up,2026-08-03T14:44:54,0.0,0.0
SPXW,2026-10-16,56,Call,6690.0,SPXW261016C06690000,1026.9,1047.8,1037.35,0.0,0.0,0.0,0.0,0.0,0.2418,0.9383,0.0002,3.7701,-0.776,9.4541,1034.3986,0.0,0.0,0.0,1018.5,no_change,,0.0,0.0
SPX,2026-10-16,56,Put,6690.0,SPX261016P06690000,19.0,19.4,19.2,18.8,-4.1,-17.9039,12.0,354.0,0.2412,-0.0608,0.0002,3.7232,-0.7679,-0.7327,19.2225,20.3,20.3,18.8,22.9000005722046,down,2026-08-21T15:47:58,0.0,0.0
SPXW,2026-10-16,56,Put,6690.0,SPXW261016P06690000,19.4,19.7,19.549999999999997,22.2,0.0,0.0,0.0,4.0,0.2418,-0.0617,0.0002,3.7701,-0.776,-0.7428,19.6238,0.0,0.0,0.0,23.3500003814697,down,2026-08-20T12:16:35,0.0,0.0
SPX,2026-10-16,56,Call,6700.0,SPX261016C06700000,1024.3,1026.8,1025.55,1031.28,23.63,2.34506,5.0,6041.0,0.2407,0.9381,0.0002,3.7729,-0.7746,9.4669,1024.3699,1019.47,1033.85,1017.16,1007.64999389648,down,2026-08-21T15:43:36,0.0,0.0
SPXW,2026-10-16,56,Call,6700.0,SPXW261016C06700000,1017.9,1038.1,1028.0,0.0,0.0,0.0,0.0,0.0,0.2404,0.9373,0.0002,3.8202,-0.7826,9.4566,1024.7642,0.0,0.0,0.0,1008.95001220703,no_change,,0.0,0.0
SPX,2026-10-16,56,Put,6700.0,SPX261016P06700000,19.3,19.7,19.5,19.5,-3.75,-16.129,420.0,12410.0,0.24,-0.0619,0.0002,3.7729,-0.7746,-0.7453,19.5156,20.22,20.66,19.1,23.25,down,2026-08-21T16:09:38,0.0,0.0
SPXW,2026-10-16,56,Put,6700.0,SPXW261016P06700000,19.7,20.0,19.85,20.75,0.0,0.0,0.0,360.0,0.2406,-0.0627,0.0002,3.8202,-0.7826,-0.7555,19.9221,0.0,0.0,0.0,23.6499996185303,up,2026-08-19T14:11:51,0.0,0.0
SPX,2026-10-16,56,Call,6710.0,SPX261016C06710000,1014.6,1017.4,1016.0,787.47,0.0,0.0,0.0,2.0,0.2386,0.937,0.0002,3.8235,-0.7813,9.4693,1014.7363,0.0,0.0,0.0,998.100006103516,down,2026-06-10T15:44:00,0.0,0.0
SPXW,2026-10-16,56,Call,6710.0,SPXW261016C06710000,1008.7,1028.5,1018.6,0.0,0.0,0.0,0.0,0.0,0.2393,0.9362,0.0002,3.8713,-0.7893,9.4588,1015.1359,0.0,0.0,0.0,999.5,no_change,,0.0,0.0
SPX,2026-10-16,56,Put,6710.0,SPX261016P06710000,19.5,20.0,19.75,19.4,-4.15,-17.6221,4.0,595.0,0.2388,-0.063,0.0002,3.8235,-0.7813,-0.7582,19.8146,19.4,19.4,19.4,23.5500001907349,no_change,2026-08-21T15:48:20,0.0,0.0
SPXW,2026-10-16,56,Put,6710.0,SPXW261016P06710000,20.0,20.3,20.15,20.2,0.0,0.0,0.0,33.0,0.2394,-0.0638,0.0002,3.8713,-0.7893,-0.7686,20.2265,0.0,0.0,0.0,24.0500001907349,down,2026-08-17T09:46:26,0.0,0.0
SPX,2026-10-16,56,Call,6720.0,SPX261016C06720000,1005.0,1007.8,1006.4,993.58,0.0,0.0,0.0,1.0,0.2376,0.9359,0.0002,3.875,-0.788,9.4713,1005.1089,0.0,0.0,0.0,988.5,up,2026-05-14T12:25:17,0.0,0.0
SPXW,2026-10-16,56,Call,6720.0,SPXW261016C06720000,998.7,1018.9,1008.8,0.0,0.0,0.0,0.0,0.0,0.2382,0.9351,0.0002,3.9232,-0.7961,9.4606,1005.514,0.0,0.0,0.0,989.799987792969,no_change,,0.0,0.0
SPX,2026-10-16,56,Put,6720.0,SPX261016P06720000,19.8,20.3,20.05,19.6,-4.35,-18.1628,12.0,699.0,0.2379,-0.064,0.0002,3.875,-0.788,-0.7714,20.1199,21.25,21.25,19.6,23.9500007629395,down,2026-08-21T15:47:58,0.0,0.0
SPXW,2026-10-16,56,Put,6720.0,SPXW261016P06720000,20.3,20.6,20.450000000000003,20.65,0.0,0.0,0.0,52.0,0.2382,-0.0649,0.0002,3.9232,-0.7961,-0.7819,20.5373,0.0,0.0,0.0,24.3500003814697,down,2026-08-17T10:01:40,0.0,0.0
SPX,2026-10-16,56,Call,6725.0,SPX261016C06725000,1000.0,1003.0,1001.5,989.11,0.0,0.0,0.0,1422.0,0.2369,0.9354,0.0002,3.9011,-0.7914,9.4722,1000.2976,0.0,0.0,0.0,983.75,up,2026-05-14T12:25:17,0.0,0.0
SPXW,2026-10-16,56,Call,6725.0,SPXW261016C06725000,994.1,1014.1,1004.1,0.0,0.0,0.0,0.0,0.0,0.2376,0.9345,0.0002,3.9494,-0.7995,9.4614,1000.7054,0.0,0.0,0.0,985.0,no_change,,0.0,0.0
SPX,2026-10-16,56,Put,6725.0,SPX261016P06725000,20.0,20.5,20.25,19.8,-4.3,-17.8423,1.0,1492.0,0.2371,-0.0646,0.0002,3.9011,-0.7914,-0.7781,20.2749,19.8,19.8,19.8,24.0999994277954,down,2026-08-21T15:47:57,0.0,0.0
SPXW,2026-10-16,56,Put,6725.0,SPXW261016P06725000,20.5,20.8,20.65,20.95,0.0,0.0,0.0,79.0,0.2378,-0.0655,0.0002,3.9494,-0.7995,-0.7888,20.695,0.0,0.0,0.0,24.5500001907349,down,2026-08-13T10:23:16,0.0,0.0
SPX,2026-10-16,56,Call,6730.0,SPX261016C06730000,995.2,998.1,996.6500000000001,1003.43,24.48,2.50064,2.0,2.0,0.2364,0.9348,0.0002,3.9273,-0.7948,9.473,995.4879,1002.91,1003.43,1002.91,978.950012207031,up,2026-08-21T12:46:23,0.0,0.0
SPXW,2026-10-16,56,Call,6730.0,SPXW261016C06730000,985.3,1007.8,996.55,0.0,0.0,0.0,0.0,0.0,0.237,0.934,0.0002,3.9759,-0.803,9.4621,995.8985,0.0,0.0,0.0,980.25,no_change,,0.0,0.0
SPX,2026-10-16,56,Put,6730.0,SPX261016P06730000,20.2,20.7,20.45,20.0,-4.3,-17.6955,15.0,334.0,0.2366,-0.0652,0.0002,3.9273,-0.7948,-0.7849,20.4316,21.55,21.55,20.0,24.3000001907349,down,2026-08-21T15:47:58,0.0,0.0
SPXW,2026-10-16,56,Put,6730.0,SPXW261016P06730000,20.6,21.0,20.8,24.06,0.0,0.0,0.0,32.0,0.237,-0.066,0.0002,3.9759,-0.803,-0.7957,20.8545,0.0,0.0,0.0,24.75,up,2026-08-20T14:01:56,0.0,0.0
SPX,2026-10-16,56,Call,6740.0,SPX261016C06740000,985.7,988.5,987.1,0.0,0.0,0.0,0.0,0.0,0.2352,0.9337,0.0002,3.9805,-0.8017,9.4743,985.8735,0.0,0.0,0.0,969.399993896484,no_change,,0.0,0.0
SPXW,2026-10-16,56,Call,6740.0,SPXW261016C06740000,975.7,998.2,986.95,0.0,0.0,0.0,0.0,0.0,0.2356,0.9328,0.0002,4.0293,-0.8099,9.4633,986.2897,0.0,0.0,0.0,970.800018310547,no_change,,0.0,0.0
SPX,2026-10-16,56,Put,6740.0,SPX261016P06740000,20.5,21.0,20.75,20.3,-4.35,-17.6471,1.0,359.0,0.2354,-0.0663,0.0002,3.9805,-0.8017,-0.7988,20.7498,20.3,20.3,20.3,24.6499996185303,down,2026-08-21T15:48:00,0.0,0.0
SPXW,2026-10-16,56,Put,6740.0,SPXW261016P06740000,21.0,21.3,21.15,22.2,0.0,0.0,0.0,10.0,0.2359,-0.0672,0.0002,4.0293,-0.8099,-0.8097,21.1784,0.0,0.0,0.0,25.1499996185303,up,2026-08-17T12:57:13,0.0,0.0
SPX,2026-10-16,56,Call,6750.0,SPX261016C06750000,976.2,978.8,977.5,981.92,22.12,2.30465,2.0,1730.0,0.234,0.9325,0.0002,4.0344,-0.8087,9.4753,976.2658,977.08,981.92,977.08,959.799987792969,up,2026-08-21T12:53:32,0.0,0.0
SPXW,2026-10-16,56,Call,6750.0,SPXW261016C06750000,969.8,990.0,979.9,1081.9,0.0,0.0,0.0,7.0,0.2344,0.9316,0.0002,4.0835,-0.8169,9.4641,976.6879,0.0,0.0,0.0,961.149993896484,down,2026-08-17T10:17:33,0.0,0.0
SPX,2026-10-16,56,Put,6750.0,SPX261016P06750000,20.8,21.3,21.05,21.3,-3.75,-14.9701,6.0,7496.0,0.2342,-0.0675,0.0002,4.0344,-0.8087,-0.8131,21.0748,22.14,22.18,21.3,25.0499992370605,down,2026-08-21T12:53:32,0.0,0.0
SPXW,2026-10-16,56,Put,6750.0,SPXW261016P06750000,21.3,21.6,21.450000000000003,21.54,-3.91,-15.3635,2.0,134.0,0.2347,-0.0683,0.0002,4.0835,-0.8169,-0.8242,21.5092,21.54,21.54,21.54,25.4499998092651,down,2026-08-21T13:11:09,0.0,0.0
SPX,2026-10-16,56,Call,6760.0,SPX261016C06760000,966.5,969.3,967.9,972.92,22.62,2.3803,1.0,0.0,0.2327,0.9313,0.0002,4.089,-0.8157,9.4759,966.6651,972.92,972.92,972.92,950.299987792969,up,2026-08-21T12:54:34,0.0,0.0
SPXW,2026-10-16,56,Call,6760.0,SPXW261016C06760000,956.5,979.0,967.75,1072.2,0.0,0.0,0.0,3.0,0.2332,0.9304,0.0002,4.1383,-0.8239,9.4646,967.093,0.0,0.0,0.0,951.699981689453,down,2026-08-17T10:17:33,0.0,0.0
SPX,2026-10-16,56,Put,6760.0,SPX261016P06760000,21.1,21.6,21.35,21.1,-4.35,-17.0923,54.0,291.0,0.2329,-0.0687,0.0002,4.089,-0.8157,-0.8277,21.4068,21.6,21.6,21.1,25.4500007629395,no_change,2026-08-21T15:39:03,0.0,0.0
SPXW,2026-10-16,56,Put,6760.0,SPXW261016P06760000,21.6,21.9,21.75,32.1,0.0,0.0,0.0,2.0,0.2335,-0.0696,0.0002,4.1383,-0.8239,-0.8389,21.8471,0.0,0.0,0.0,25.8500003814697,down,2026-08-04T15:59:30,0.0,0.0
SPX,2026-10-16,56,Call,6770.0,SPX261016C06770000,956.9,959.7,958.3,967.5,26.75,2.84348,2.0,1.0,0.2315,0.9301,0.0002,4.1442,-0.8228,9.4762,957.0715,964.94,967.5,964.94,940.75,up,2026-08-21T12:29:41,0.0,0.0
SPXW,2026-10-16,56,Call,6770.0,SPXW261016C06770000,947.4,970.8,959.0999999999999,1079.25,0.0,0.0,0.0,4.0,0.232,0.9292,0.0002,4.1938,-0.831,9.4647,957.5055,0.0,0.0,0.0,942.149993896484,no_change,2026-08-13T11:27:16,0.0,0.0
SPX,2026-10-16,56,Put,6770.0,SPX261016P06770000,21.5,22.0,21.75,21.78,-4.02,-15.5814,52.0,670.0,0.2318,-0.0699,0.0002,4.1442,-0.8228,-0.8426,21.7459,21.9,21.9,21.78,25.8000001907349,down,2026-08-21T14:54:54,0.0,0.0
SPXW,2026-10-16,56,Put,6770.0,SPXW261016P06770000,22.0,22.3,22.15,24.91,0.0,0.0,0.0,9.0,0.2323,-0.0708,0.0002,4.1938,-0.831,-0.854,22.1922,0.0,0.0,0.0,26.25,down,2026-08-20T13:16:23,0.0,0.0
SPX,2026-10-16,56,Call,6775.0,SPX261016C06775000,952.0,954.9,953.45,886.09,0.0,0.0,0.0,1138.0,0.2309,0.9295,0.0002,4.1721,-0.8264,9.4762,952.2775,0.0,0.0,0.0,935.949981689453,up,2026-07-06T12:37:18,0.0,0.0
SPXW,2026-10-16,56,Call,6775.0,SPXW261016C06775000,942.1,964.7,953.4000000000001,0.0,0.0,0.0,0.0,0.0,0.2316,0.9286,0.0002,4.2218,-0.8346,9.4647,952.7145,0.0,0.0,0.0,937.299987792969,no_change,,0.0,0.0
SPX,2026-10-16,56,Put,6775.0,SPX261016P06775000,21.6,22.1,21.85,21.95,-4.05,-15.5769,1.0,2418.0,0.2311,-0.0705,0.0002,4.1721,-0.8264,-0.8502,21.9182,21.95,21.95,21.95,26.0,down,2026-08-21T13:59:20,0.0,0.0
SPXW,2026-10-16,56,Put,6775.0,SPXW261016P06775000,22.1,22.5,22.3,22.45,-4.0,-15.1229,1.0,123.0,0.2318,-0.0714,0.0002,4.2218,-0.8346,-0.8616,22.3675,22.45,22.45,22.45,26.4499998092651,down,2026-08-21T13:59:27,0.0,0.0
SPX,2026-10-16,56,Call,6780.0,SPX261016C06780000,947.2,950.1,948.6500000000001,957.6,26.4,2.83505,2.0,2.0,0.2303,0.9289,0.0002,4.2002,-0.8299,9.4762,947.4853,957.6,957.6,957.6,931.200012207031,no_change,2026-08-21T12:39:37,0.0,0.0
SPXW,2026-10-16,56,Call,6780.0,SPXW261016C06780000,937.3,959.9,948.5999999999999,0.0,0.0,0.0,0.0,0.0,0.231,0.9279,0.0002,4.2499,-0.8382,9.4646,947.9253,0.0,0.0,0.0,932.5,no_change,,0.0,0.0
SPX,2026-10-16,56,Put,6780.0,SPX261016P06780000,21.8,22.3,22.05,22.15,-4.1,-15.619,2.0,316.0,0.2306,-0.0711,0.0002,4.2002,-0.8299,-0.8578,22.0924,22.15,22.15,22.15,26.25,no_change,2026-08-21T12:39:37,0.0,0.0
SPXW,2026-10-16,56,Put,6780.0,SPXW261016P06780000,22.3,22.6,22.450000000000003,26.5,0.0,0.0,0.0,24.0,0.2311,-0.072,0.0002,4.2499,-0.8382,-0.8693,22.5447,0.0,0.0,0.0,26.6499996185303,down,2026-08-20T14:16:03,0.0,0.0
SPX,2026-10-16,56,Call,6790.0,SPX261016C06790000,937.6,940.5,939.05,945.44,23.79,2.58124,1.0,2.0,0.2292,0.9276,0.0002,4.2567,-0.8372,9.4758,937.9066,945.44,945.44,945.44,921.649993896484,up,2026-08-21T12:47:01,0.0,0.0
SPXW,2026-10-16,56,Call,6790.0,SPXW261016C06790000,931.6,951.7,941.6500000000001,0.0,0.0,0.0,0.0,0.0,0.2298,0.9267,0.0002,4.3067,-0.8454,9.4642,938.3528,0.0,0.0,0.0,923.0,no_change,,0.0,0.0
SPX,2026-10-16,56,Put,6790.0,SPX261016P06790000,22.2,22.6,22.4,22.5,-4.15,-15.5722,52.0,275.0,0.2295,-0.0724,0.0002,4.2567,-0.8372,-0.8734,22.4464,22.5,22.5,22.5,26.6499996185303,no_change,2026-08-21T14:54:54,0.0,0.0
SPXW,2026-10-16,56,Put,6790.0,SPXW261016P06790000,22.7,23.0,22.85,27.1,0.0,0.0,0.0,28.0,0.2299,-0.0733,0.0002,4.3067,-0.8454,-0.885,22.9048,0.0,0.0,0.0,27.1499996185303,down,2026-08-20T14:43:07,0.0,0.0
SPX,2026-10-16,56,Call,6800.0,SPX261016C06800000,928.4,930.7,929.55,937.7,25.55,2.80107,3.0,2171.0,0.2281,0.9263,0.0002,4.3139,-0.8444,9.4752,928.3355,921.11,937.7,921.11,912.149993896484,up,2026-08-21T12:12:43,0.0,0.0
SPXW,2026-10-16,56,Call,6800.0,SPXW261016C06800000,922.0,942.1,932.05,884.7,0.0,0.0,0.0,3.0,0.2285,0.9254,0.0002,4.3641,-0.8528,9.4634,928.788,0.0,0.0,0.0,913.549987792969,up,2026-08-03T14:27:25,0.0,0.0
SPX,2026-10-16,56,Put,6800.0,SPX261016P06800000,22.6,23.0,22.8,23.0,-4.0,-14.8148,375.0,11417.0,0.2282,-0.0737,0.0002,4.3139,-0.8444,-0.8893,22.808,23.56,23.94,22.2,27.0,up,2026-08-21T15:55:01,0.0,0.0
SPXW,2026-10-16,56,Put,6800.0,SPXW261016P06800000,23.0,23.3,23.15,23.35,-4.15,-15.0909,3.0,329.0,0.2288,-0.0746,0.0002,4.3641,-0.8528,-0.901,23.2727,23.45,23.45,23.35,27.5,down,2026-08-21T13:59:27,0.0,0.0
SPX,2026-10-16,56,Call,6810.0,SPX261016C06810000,918.6,921.3,919.95,923.45,20.8,2.30433,2.0,1.0,0.2268,0.925,0.0002,4.3718,-0.8518,9.4743,918.7723,927.84,927.84,923.45,902.649993896484,down,2026-08-21T12:50:24,0.0,0.0
SPXW,2026-10-16,56,Call,6810.0,SPXW261016C06810000,908.6,930.9,919.75,0.0,0.0,0.0,0.0,100.0,0.2272,0.924,0.0002,4.4222,-0.8601,9.4624,919.2311,0.0,0.0,0.0,904.0,no_change,,0.0,0.0
SPX,2026-10-16,56,Put,6810.0,SPX261016P06810000,22.9,23.4,23.15,23.1,-4.35,-15.847,4.0,500.0,0.227,-0.075,0.0002,4.3718,-0.8518,-0.9054,23.1775,23.2,23.35,23.1,27.4500007629395,down,2026-08-21T15:57:38,0.0,0.0
SPXW,2026-10-16,56,Put,6810.0,SPXW261016P06810000,23.4,23.7,23.549999999999997,27.05,0.0,0.0,0.0,10.0,0.2276,-0.076,0.0002,4.4222,-0.8601,-0.9172,23.6485,0.0,0.0,0.0,27.9499998092651,up,2026-08-12T09:56:38,0.0,0.0
SPX,2026-10-16,56,Call,6820.0,SPX261016C06820000,908.9,911.8,910.3499999999999,914.89,21.74,2.43408,1.0,0.0,0.2255,0.9236,0.0002,4.4304,-0.8592,9.4731,909.2171,914.89,914.89,914.89,893.149993896484,up,2026-08-21T12:55:48,0.0,0.0
SPXW,2026-10-16,56,Call,6820.0,SPXW261016C06820000,902.8,923.0,912.9,0.0,0.0,0.0,0.0,0.0,0.2262,0.9226,0.0002,4.481,-0.8676,9.4611,909.6823,0.0,0.0,0.0,894.5,no_change,,0.0,0.0
SPX,2026-10-16,56,Put,6820.0,SPX261016P06820000,23.2,23.7,23.45,23.5,-4.4,-15.7706,51.0,1159.0,0.2259,-0.0764,0.0002,4.4304,-0.8592,-0.9219,23.5549,23.7,23.7,23.5,27.9000005722046,down,2026-08-21T14:54:54,0.0,0.0
SPXW,2026-10-16,56,Put,6820.0,SPXW261016P06820000,23.8,24.1,23.950000000000003,27.68,0.0,0.0,0.0,47.0,0.2264,-0.0773,0.0002,4.481,-0.8676,-0.9337,24.0324,0.0,0.0,0.0,28.3500003814697,no_change,2026-08-18T14:47:21,0.0,0.0
SPX,2026-10-16,56,Call,6825.0,SPX261016C06825000,904.3,907.0,905.65,919.27,30.82,3.46896,1.0,930.0,0.2251,0.9229,0.0002,4.46,-0.863,9.4724,904.4426,919.27,919.27,919.27,888.449981689453,up,2026-08-21T12:02:32,0.0,0.0
SPXW,2026-10-16,56,Call,6825.0,SPXW261016C06825000,894.3,916.6,905.45,0.0,0.0,0.0,0.0,0.0,0.2255,0.922,0.0002,4.5108,-0.8713,9.4604,904.9109,0.0,0.0,0.0,889.799987792969,no_change,,0.0,0.0
SPX,2026-10-16,56,Put,6825.0,SPX261016P06825000,23.4,23.9,23.65,23.5,-4.65,-16.5186,9.0,2493.0,0.2254,-0.0771,0.0002,4.46,-0.863,-0.9302,23.7467,23.8,23.8,23.2,28.1499996185303,up,2026-08-21T15:51:39,0.0,0.0
SPXW,2026-10-16,56,Put,6825.0,SPXW261016P06825000,24.0,24.3,24.15,24.4,-4.25,-14.8342,13.0,116.0,0.2258,-0.078,0.0002,4.5108,-0.8713,-0.9421,24.2274,24.1,24.4,23.8,28.6499996185303,up,2026-08-21T15:55:02,0.0,0.0
SPX,2026-10-16,56,Call,6830.0,SPX261016C06830000,899.3,902.3,900.8,910.08,26.43,2.991,3.0,36.0,0.2242,0.9222,0.0002,4.4898,-0.8667,9.4716,899.6701,907.21,910.78,907.21,883.649993896484,down,2026-08-21T12:29:51,0.0,0.0
SPXW,2026-10-16,56,Call,6830.0,SPXW261016C06830000,892.6,913.4,903.0,0.0,0.0,0.0,0.0,0.0,0.2249,0.9212,0.0002,4.5407,-0.8751,9.4595,900.1417,0.0,0.0,0.0,885.0,no_change,,0.0,0.0
SPX,2026-10-16,56,Put,6830.0,SPX261016P06830000,23.6,24.1,23.85,24.0,-4.35,-15.3439,53.0,488.0,0.2247,-0.0778,0.0002,4.4898,-0.8667,-0.9386,23.9406,24.0,24.0,23.95,28.3500003814697,up,2026-08-21T14:54:54,0.0,0.0
SPXW,2026-10-16,56,Put,6830.0,SPXW261016P06830000,24.2,24.5,24.35,24.1,0.0,0.0,0.0,41.0,0.2252,-0.0787,0.0002,4.5407,-0.8751,-0.9505,24.4245,0.0,0.0,0.0,28.8500003814697,up,2026-08-17T09:46:33,0.0,0.0
SPX,2026-10-16,56,Call,6840.0,SPX261016C06840000,889.8,892.7,891.25,909.46,35.26,4.0334,1.0,1.0,0.2233,0.9208,0.0002,4.5501,-0.8743,9.4698,890.1314,909.46,909.46,909.46,874.199981689453,up,2026-08-21T11:51:05,0.0,0.0
SPXW,2026-10-16,56,Call,6840.0,SPXW261016C06840000,880.0,902.2,891.1,0.0,0.0,0.0,0.0,0.0,0.2238,0.9198,0.0002,4.6013,-0.8827,9.4576,890.6096,0.0,0.0,0.0,875.549987792969,no_change,,0.0,0.0
SPX,2026-10-16,56,Put,6840.0,SPX261016P06840000,24.0,24.5,24.25,24.2,-4.6,-15.9722,3.0,892.0,0.2235,-0.0792,0.0002,4.5501,-0.8743,-0.9556,24.3346,24.1,24.6,24.1,28.8000001907349,down,2026-08-21T15:57:44,0.0,0.0
SPXW,2026-10-16,56,Put,6840.0,SPXW261016P06840000,24.6,24.9,24.75,28.6,0.0,0.0,0.0,22.0,0.224,-0.0802,0.0002,4.6013,-0.8827,-0.9677,24.825,0.0,0.0,0.0,29.25,down,2026-08-18T14:51:09,0.0,0.0
SPX,2026-10-16,56,Call,6850.0,SPX261016C06850000,880.5,882.9,881.7,929.0,0.0,0.0,0.0,2632.0,0.2227,0.9193,0.0002,4.6113,-0.8819,9.4676,880.6012,0.0,0.0,0.0,864.700012207031,down,2026-08-19T10:05:08,0.0,0.0
SPXW,2026-10-16,56,Call,6850.0,SPXW261016C06850000,874.2,894.4,884.3,0.0,0.0,0.0,0.0,3.0,0.2227,0.9184,0.0002,4.663,-0.8903,9.4554,881.0861,0.0,0.0,0.0,866.099975585938,no_change,,0.0,0.0
SPX,2026-10-16,56,Put,6850.0,SPX261016P06850000,24.4,24.9,24.65,24.6,-4.65,-15.8974,4.0,3972.0,0.2223,-0.0806,0.0002,4.6113,-0.8819,-0.973,24.7371,24.85,25.1,24.6,29.25,down,2026-08-21T15:57:44,0.0,0.0
SPXW,2026-10-16,56,Put,6850.0,SPXW261016P06850000,25.0,25.3,25.15,29.75,0.0,0.0,0.0,222.0,0.2229,-0.0816,0.0002,4.663,-0.8903,-0.9851,25.2342,0.0,0.0,0.0,29.75,up,2026-08-20T15:57:21,0.0,0.0
SPX,2026-10-16,56,Call,6860.0,SPX261016C06860000,870.9,873.6,872.25,0.0,0.0,0.0,0.0,0.0,0.2209,0.9179,0.0002,4.6735,-0.8896,9.4652,871.0798,0.0,0.0,0.0,855.25,no_change,,0.0,0.0
SPXW,2026-10-16,56,Call,6860.0,SPXW261016C06860000,860.9,883.0,871.95,0.0,0.0,0.0,0.0,0.0,0.2215,0.9169,0.0002,4.7257,-0.898,9.4528,871.5714,0.0,0.0,0.0,856.599975585938,no_change,,0.0,0.0
SPX,2026-10-16,56,Put,6860.0,SPX261016P06860000,24.8,25.3,25.05,25.0,-4.75,-15.9664,50.0,605.0,0.2211,-0.0821,0.0002,4.6735,-0.8896,-0.9907,25.1483,25.0,25.0,25.0,29.75,down,2026-08-21T14:54:54,0.0,0.0
SPXW,2026-10-16,56,Put,6860.0,SPXW261016P06860000,25.4,25.7,25.549999999999997,26.1,-4.15,-13.719,1.0,27.0,0.2217,-0.0831,0.0002,4.7257,-0.898,-1.003,25.6522,26.1,26.1,26.1,30.25,down,2026-08-21T14:30:44,0.0,0.0
SPX,2026-10-16,56,Call,6870.0,SPX261016C06870000,861.2,864.1,862.6500000000001,545.84,0.0,0.0,0.0,8.0,0.2197,0.9163,0.0002,4.7369,-0.8973,9.4623,861.5673,0.0,0.0,0.0,845.800018310547,down,2026-04-21T14:21:36,0.0,0.0
SPXW,2026-10-16,56,Call,6870.0,SPXW261016C06870000,851.4,873.7,862.55,0.0,0.0,0.0,0.0,0.0,0.2202,0.9153,0.0002,4.7895,-0.9058,9.4497,862.0657,0.0,0.0,0.0,847.200012207031,no_change,,0.0,0.0
SPX,2026-10-16,56,Put,6870.0,SPX261016P06870000,25.2,25.7,25.45,25.0,0.0,0.0,0.0,273.0,0.22,-0.0836,0.0002,4.7369,-0.8973,-1.0088,25.5685,0.0,0.0,0.0,30.25,down,2026-08-19T15:57:22,0.0,0.0
SPXW,2026-10-16,56,Put,6870.0,SPXW261016P06870000,25.8,26.1,25.950000000000003,30.73,0.0,0.0,0.0,16.0,0.2204,-0.0846,0.0002,4.7895,-0.9058,-1.0212,26.0792,0.0,0.0,0.0,30.75,up,2026-08-20T14:43:14,0.0,0.0
SPX,2026-10-16,56,Call,6875.0,SPX261016C06875000,856.6,859.3,857.95,856.24,15.14,1.80002,2.0,899.0,0.2191,0.9156,0.0002,4.769,-0.9012,9.4607,856.8144,865.16,865.16,856.24,841.100006103516,down,2026-08-21T14:08:15,0.0,0.0
SPXW,2026-10-16,56,Call,6875.0,SPXW261016C06875000,850.3,870.6,860.45,732.48,0.0,0.0,0.0,13.0,0.2197,0.9146,0.0002,4.8219,-0.9097,9.448,857.3164,0.0,0.0,0.0,842.450012207031,no_change,2026-07-31T15:58:55,0.0,0.0
SPX,2026-10-16,56,Put,6875.0,SPX261016P06875000,25.4,25.9,25.65,25.95,-4.5,-14.7783,2.0,831.0,0.2193,-0.0844,0.0002,4.769,-0.9012,-1.018,25.782,25.8,25.95,25.8,30.4500007629394,up,2026-08-21T14:08:15,0.0,0.0
SPXW,2026-10-16,56,Put,6875.0,SPXW261016P06875000,26.0,26.3,26.15,26.5,-4.45,-14.378,1.0,127.0,0.2199,-0.0854,0.0002,4.8219,-0.9097,-1.0305,26.2962,26.5,26.5,26.5,30.9499998092651,down,2026-08-21T15:55:02,0.0,0.0
SPX,2026-10-16,56,Call,6880.0,SPX261016C06880000,851.9,854.6,853.25,861.99,25.64,3.0657,1.0,1.0,0.2185,0.9148,0.0002,4.8014,-0.9051,9.459,852.0639,861.99,861.99,861.99,836.350006103516,up,2026-08-21T12:11:51,0.0,0.0
SPXW,2026-10-16,56,Call,6880.0,SPXW261016C06880000,845.0,865.8,855.4,0.0,0.0,0.0,0.0,0.0,0.219,0.9138,0.0002,4.8545,-0.9136,9.4462,852.5694,0.0,0.0,0.0,837.799987792969,no_change,,0.0,0.0
SPX,2026-10-16,56,Put,6880.0,SPX261016P06880000,25.7,26.2,25.95,25.8,-4.85,-15.8238,5.0,1246.0,0.2187,-0.0852,0.0002,4.8014,-0.9051,-1.0273,25.9978,26.1,26.1,25.8,30.6499996185303,down,2026-08-21T15:57:45,0.0,0.0
SPXW,2026-10-16,56,Put,6880.0,SPXW261016P06880000,26.2,26.5,26.35,26.25,-5.0,-16.0,6.0,58.0,0.2194,-0.0862,0.0002,4.8545,-0.9136,-1.04,26.5156,26.6,26.6,26.25,31.25,down,2026-08-21T15:22:35,0.0,0.0
SPX,2026-10-16,56,Call,6890.0,SPX261016C06890000,842.4,845.1,843.75,850.15,23.2,2.80549,3.0,1.0,0.2173,0.9132,0.0002,4.8672,-0.913,9.4552,842.57,852.85,852.85,850.15,826.949981689453,down,2026-08-21T12:34:31,0.0,0.0
SPXW,2026-10-16,56,Call,6890.0,SPXW261016C06890000,837.7,856.3,847.0,0.0,0.0,0.0,0.0,0.0,0.218,0.9122,0.0002,4.9208,-0.9215,9.4423,843.0826,0.0,0.0,0.0,828.350006103516,no_change,,0.0,0.0
SPX,2026-10-16,56,Put,6890.0,SPX261016P06890000,26.1,26.6,26.35,26.1,-5.1,-16.3462,58.0,334.0,0.2176,-0.0868,0.0002,4.8672,-0.913,-1.0463,26.4366,27.26,27.26,26.1,31.1999998092651,no_change,2026-08-21T15:59:29,0.0,0.0
SPXW,2026-10-16,56,Put,6890.0,SPXW261016P06890000,26.7,27.0,26.85,26.3,0.0,0.0,0.0,56.0,0.2182,-0.0878,0.0002,4.9208,-0.9215,-1.0592,26.9615,0.0,0.0,0.0,31.75,no_change,2026-08-17T09:46:29,0.0,0.0
SPX,2026-10-16,56,Call,6900.0,SPX261016C06900000,833.0,835.4,834.2,837.17,19.67,2.40612,4.0,2651.0,0.2165,0.9116,0.0002,4.9342,-0.9209,9.4509,833.0858,826.43,838.57,826.43,817.5,down,2026-08-21T12:50:45,0.0,0.0
SPXW,2026-10-16,56,Call,6900.0,SPXW261016C06900000,826.7,846.9,836.8,873.5,0.0,0.0,0.0,7.0,0.2168,0.9105,0.0002,4.9882,-0.9294,9.4378,833.6057,0.0,0.0,0.0,817.649993896484,up,2026-08-04T11:02:12,0.0,0.0
SPX,2026-10-16,56,Put,6900.0,SPX261016P06900000,26.5,27.0,26.75,26.5,-5.2,-16.4038,451.0,10087.0,0.2165,-0.0884,0.0002,4.9342,-0.9209,-1.0658,26.8851,27.52,28.37,26.37,31.6999998092651,down,2026-08-21T15:59:28,0.0,0.0
SPXW,2026-10-16,56,Put,6900.0,SPXW261016P06900000,27.1,27.4,27.25,26.8,-5.45,-16.8992,3.0,1494.0,0.217,-0.0894,0.0002,4.9882,-0.9294,-1.0789,27.4173,28.2,28.2,26.8,32.25,no_change,2026-08-21T15:38:51,0.0,0.0
SPX,2026-10-16,56,Call,6910.0,SPX261016C06910000,823.3,826.1,824.7,834.83,26.73,3.30776,1.0,9.0,0.2149,0.9099,0.0002,5.0023,-0.9289,9.4461,823.6117,834.83,834.83,834.83,808.100006103516,down,2026-08-21T12:06:14,0.0,0.0
SPXW,2026-10-16,56,Call,6910.0,SPXW261016C06910000,816.6,837.4,827.0,0.0,0.0,0.0,0.0,0.0,0.2156,0.9089,0.0002,5.0567,-0.9374,9.4328,824.139,0.0,0.0,0.0,808.25,no_change,,0.0,0.0
SPX,2026-10-16,56,Put,6910.0,SPX261016P06910000,27.0,27.5,27.25,27.5,-4.75,-14.7287,1.0,330.0,0.2153,-0.09,0.0002,5.0023,-0.9289,-1.0859,27.3436,27.5,27.5,27.5,32.25,down,2026-08-21T12:06:14,0.0,0.0
SPXW,2026-10-16,56,Put,6910.0,SPXW261016P06910000,27.6,27.9,27.75,27.8,-4.95,-15.1145,7.0,9.0,0.2158,-0.0911,0.0002,5.0567,-0.9374,-1.0991,27.8832,27.9,27.9,27.8,32.75,no_change,2026-08-21T13:06:07,0.0,0.0
SPX,2026-10-16,56,Call,6920.0,SPX261016C06920000,813.8,816.6,815.2,825.32,26.82,3.3588,1.0,3.0,0.2139,0.9082,0.0003,5.0715,-0.9369,9.4407,814.1479,825.32,825.32,825.32,798.5,up,2026-08-21T12:07:29,0.0,0.0
SPXW,2026-10-16,56,Call,6920.0,SPXW261016C06920000,807.8,827.9,817.8499999999999,0.0,0.0,0.0,0.0,0.0,0.2143,0.9072,0.0003,5.1262,-0.9455,9.4272,814.6828,0.0,0.0,0.0,798.850006103516,no_change,,0.0,0.0
SPX,2026-10-16,56,Put,6920.0,SPX261016P06920000,27.5,28.0,27.75,27.4,-5.35,-16.3359,5.0,966.0,0.2141,-0.0917,0.0003,5.0715,-0.9369,-1.1065,27.8125,27.95,27.95,27.4,32.75,no_change,2026-08-21T15:59:28,0.0,0.0
SPXW,2026-10-16,56,Put,6920.0,SPXW261016P06920000,28.1,28.4,28.25,27.85,0.0,0.0,0.0,8.0,0.2147,-0.0928,0.0003,5.1262,-0.9455,-1.12,28.3597,0.0,0.0,0.0,33.3500003814697,down,2026-08-19T15:10:24,0.0,0.0
SPX,2026-10-16,56,Call,6925.0,SPX261016C06925000,809.2,811.9,810.55,818.02,24.02,3.02519,2.0,736.0,0.2132,0.9074,0.0003,5.1065,-0.941,9.4378,809.4199,818.01,818.02,818.01,794.0,up,2026-08-21T12:31:48,0.0,0.0
SPXW,2026-10-16,56,Call,6925.0,SPXW261016C06925000,803.0,823.2,813.1,646.91,0.0,0.0,0.0,1.0,0.2138,0.9063,0.0003,5.1614,-0.9495,9.4241,809.9588,0.0,0.0,0.0,794.199981689453,up,2026-07-24T13:14:42,0.0,0.0
SPX,2026-10-16,56,Put,6925.0,SPX261016P06925000,27.7,28.2,27.95,27.2,-5.85,-17.7005,203.0,1362.0,0.2134,-0.0926,0.0003,5.1065,-0.941,-1.117,28.0509,28.85,28.85,27.2,33.0499992370606,down,2026-08-21T15:48:42,0.0,0.0
SPXW,2026-10-16,56,Put,6925.0,SPXW261016P06925000,28.3,28.6,28.450000000000003,28.97,-4.63,-13.7798,1.0,77.0,0.2141,-0.0937,0.0003,5.1614,-0.9495,-1.1306,28.602,28.97,28.97,28.97,33.6000003814697,down,2026-08-21T14:38:04,0.0,0.0
SPX,2026-10-16,56,Call,6930.0,SPX261016C06930000,804.3,807.2,805.75,822.17,0.0,0.0,0.0,9.0,0.2126,0.9065,0.0003,5.1418,-0.945,9.4348,804.6947,0.0,0.0,0.0,789.300018310547,down,2026-08-20T10:38:03,0.0,0.0
SPXW,2026-10-16,56,Call,6930.0,SPXW261016C06930000,799.5,818.5,809.0,0.0,0.0,0.0,0.0,0.0,0.2132,0.9054,0.0003,5.1968,-0.9536,9.421,805.2375,0.0,0.0,0.0,789.5,no_change,,0.0,0.0
SPX,2026-10-16,56,Put,6930.0,SPX261016P06930000,27.9,28.5,28.2,33.2,0.0,0.0,0.0,449.0,0.2129,-0.0935,0.0003,5.1418,-0.945,-1.1276,28.292,0.0,0.0,0.0,33.3499984741211,no_change,2026-08-20T15:47:13,0.0,0.0
SPXW,2026-10-16,56,Put,6930.0,SPXW261016P06930000,28.6,28.9,28.75,28.9,-4.95,-14.6233,5.0,28.0,0.2135,-0.0946,0.0003,5.1968,-0.9536,-1.1413,28.8471,28.9,28.9,28.9,33.8500003814697,down,2026-08-21T11:32:53,0.0,0.0
SPX,2026-10-16,56,Call,6940.0,SPX261016C06940000,794.9,797.8,796.3499999999999,804.75,24.8,3.17969,1.0,3.0,0.2116,0.9047,0.0003,5.213,-0.9532,9.4283,795.2526,804.75,804.75,804.75,779.950012207031,up,2026-08-21T12:10:23,0.0,0.0
SPXW,2026-10-16,56,Call,6940.0,SPXW261016C06940000,788.9,809.0,798.95,0.0,0.0,0.0,0.0,0.0,0.2122,0.9036,0.0003,5.2682,-0.9618,9.4143,795.8033,0.0,0.0,0.0,780.149993896484,no_change,,0.0,0.0
SPX,2026-10-16,56,Put,6940.0,SPX261016P06940000,28.4,28.9,28.65,28.9,-4.95,-14.6233,2.0,328.0,0.2117,-0.0952,0.0003,5.213,-0.9532,-1.1494,28.7826,30.0,30.0,28.9,33.8499984741211,down,2026-08-21T12:10:23,0.0,0.0
SPXW,2026-10-16,56,Put,6940.0,SPXW261016P06940000,29.0,29.4,29.2,29.05,-5.4,-15.6749,4.0,26.0,0.2124,-0.0964,0.0003,5.2682,-0.9618,-1.1633,29.3456,29.07,29.07,29.05,34.4499988555908,down,2026-08-21T11:39:04,0.0,0.0
SPX,2026-10-16,56,Call,6950.0,SPX261016C06950000,785.7,788.1,786.9000000000001,702.56,0.0,0.0,0.0,956.0,0.2104,0.9029,0.0003,5.2851,-0.9614,9.4212,785.8219,0.0,0.0,0.0,770.600006103516,no_change,2026-07-22T12:32:36,0.0,0.0
SPXW,2026-10-16,56,Call,6950.0,SPXW261016C06950000,779.4,799.6,789.5,0.0,0.0,0.0,0.0,1.0,0.2108,0.9018,0.0003,5.3404,-0.97,9.407,786.3807,0.0,0.0,0.0,770.800018310547,no_change,,0.0,0.0
SPX,2026-10-16,56,Put,6950.0,SPX261016P06950000,28.9,29.4,29.15,28.4,-6.05,-17.5617,43.0,6674.0,0.2106,-0.0971,0.0003,5.2851,-0.9614,-1.1717,29.2845,30.68,30.68,28.4,34.4500007629394,down,2026-08-21T15:48:42,0.0,0.0
SPXW,2026-10-16,56,Put,6950.0,SPXW261016P06950000,29.5,29.9,29.7,30.17,-4.88,-13.923,2.0,124.0,0.2112,-0.0982,0.0003,5.3404,-0.97,-1.1858,29.8556,30.97,30.97,30.17,35.0500011444092,down,2026-08-21T14:38:04,0.0,0.0
SPX,2026-10-16,56,Call,6960.0,SPX261016C06960000,776.2,778.8,777.5,785.24,23.99,3.1514,1.0,1.0,0.2091,0.901,0.0003,5.3579,-0.9697,9.4136,776.4028,785.24,785.24,785.24,761.25,up,2026-08-21T12:14:31,0.0,0.0
SPXW,2026-10-16,56,Call,6960.0,SPXW261016C06960000,771.4,790.2,780.8,0.0,0.0,0.0,0.0,0.0,0.2097,0.8999,0.0003,5.4133,-0.9783,9.3993,776.9699,0.0,0.0,0.0,761.450012207031,no_change,,0.0,0.0
SPX,2026-10-16,56,Put,6960.0,SPX261016P06960000,29.4,30.0,29.7,29.75,-5.3,-15.1213,1.0,783.0,0.2094,-0.0989,0.0003,5.3579,-0.9697,-1.1946,29.7982,29.75,29.75,29.75,35.0499992370606,down,2026-08-21T12:14:31,0.0,0.0
SPXW,2026-10-16,56,Put,6960.0,SPXW261016P06960000,30.1,30.4,30.25,30.85,-4.8,-13.4642,1.0,29.0,0.2101,-0.1,0.0003,5.4133,-0.9783,-1.2087,30.3775,30.85,30.85,30.85,35.6499996185303,down,2026-08-21T14:30:44,0.0,0.0
SPX,2026-10-16,56,Call,6970.0,SPX261016C06970000,766.8,769.4,768.0999999999999,776.77,24.87,3.30762,1.0,1.0,0.208,0.8992,0.0003,5.4314,-0.978,9.4055,766.9958,776.77,776.77,776.77,751.899993896484,up,2026-08-21T12:12:57,0.0,0.0
SPXW,2026-10-16,56,Call,6970.0,SPXW261016C06970000,765.8,771.7,768.75,0.0,0.0,0.0,0.0,0.0,0.2086,0.898,0.0003,5.4869,-0.9866,9.391,767.5712,0.0,0.0,0.0,752.149993896484,no_change,,0.0,0.0
SPX,2026-10-16,56,Put,6970.0,SPX261016P06970000,29.9,30.5,30.2,30.0,-5.65,-15.8485,52.0,592.0,0.2083,-0.1008,0.0003,5.4314,-0.978,-1.2179,30.3238,30.5,30.5,30.0,35.6500015258789,no_change,2026-08-21T15:10:53,0.0,0.0
SPXW,2026-10-16,56,Put,6970.0,SPXW261016P06970000,30.6,30.9,30.75,30.1,0.0,0.0,0.0,29.0,0.2088,-0.102,0.0003,5.4869,-0.9866,-1.2322,30.9115,0.0,0.0,0.0,36.25,up,2026-08-17T10:30:16,0.0,0.0
SPX,2026-10-16,56,Call,6975.0,SPX261016C06975000,762.1,764.7,763.4000000000001,761.71,14.46,1.9351,3.0,569.0,0.2074,0.8982,0.0003,5.4685,-0.9822,9.4012,762.2968,771.99,773.09,761.71,747.25,down,2026-08-21T14:08:25,0.0,0.0
SPXW,2026-10-16,56,Call,6975.0,SPXW261016C06975000,761.1,767.0,764.05,635.32,0.0,0.0,0.0,1.0,0.208,0.897,0.0003,5.5239,-0.9908,9.3868,762.8765,0.0,0.0,0.0,747.5,down,2026-07-20T13:14:48,0.0,0.0
SPX,2026-10-16,56,Put,6975.0,SPX261016P06975000,30.2,30.7,30.45,30.7,-5.25,-14.6036,4.0,2619.0,0.2077,-0.1018,0.0003,5.4685,-0.9822,-1.2297,30.5912,30.7,30.7,30.45,35.9500007629394,up,2026-08-21T14:08:25,0.0,0.0
SPXW,2026-10-16,56,Put,6975.0,SPXW261016P06975000,30.9,31.2,31.049999999999997,30.85,-5.7,-15.5951,4.0,103.0,0.2083,-0.1029,0.0003,5.5239,-0.9908,-1.2441,31.1831,30.83,30.85,30.83,36.5500011444092,up,2026-08-21T11:39:04,0.0,0.0
SPX,2026-10-16,56,Call,6980.0,SPX261016C06980000,757.4,760.0,758.7,763.98,21.38,2.87907,1.0,7.0,0.2067,0.8972,0.0003,5.5057,-0.9864,9.3969,757.601,763.98,763.98,763.98,742.600006103516,up,2026-08-21T12:35:09,0.0,0.0
SPXW,2026-10-16,56,Call,6980.0,SPXW261016C06980000,756.4,762.3,759.3499999999999,0.0,0.0,0.0,0.0,0.0,0.2074,0.8961,0.0003,5.5612,-0.995,9.3824,758.1849,0.0,0.0,0.0,742.800018310547,no_change,,0.0,0.0
SPX,2026-10-16,56,Put,6980.0,SPX261016P06980000,30.5,31.1,30.8,30.8,-5.45,-15.0345,53.0,412.0,0.207,-0.1028,0.0003,5.5057,-0.9864,-1.2417,30.8617,30.9,30.9,30.5,36.25,up,2026-08-21T15:52:33,0.0,0.0
SPXW,2026-10-16,56,Put,6980.0,SPXW261016P06980000,31.1,31.5,31.3,31.05,-5.8,-15.7395,1.0,21.0,0.2077,-0.1039,0.0003,5.5612,-0.995,-1.2561,31.4579,31.05,31.05,31.05,36.8500003814697,down,2026-08-21T15:22:35,0.0,0.0
SPX,2026-10-16,56,Call,6990.0,SPX261016C06990000,748.0,750.6,749.3,756.07,22.82,3.11217,1.0,2.0,0.2057,0.8952,0.0003,5.5806,-0.9949,9.3878,748.2189,756.07,756.07,756.07,733.25,up,2026-08-21T12:32:41,0.0,0.0
SPXW,2026-10-16,56,Call,6990.0,SPXW261016C06990000,747.1,752.9,750.0,0.0,0.0,0.0,0.0,0.0,0.2064,0.8941,0.0003,5.6362,-1.0035,9.3732,748.8114,0.0,0.0,0.0,733.5,no_change,,0.0,0.0
SPX,2026-10-16,56,Put,6990.0,SPX261016P06990000,31.0,31.7,31.35,31.35,-5.5,-14.9254,19.0,2712.0,0.2059,-0.1048,0.0003,5.5806,-0.9949,-1.2659,31.4123,32.64,32.64,31.35,36.8499984741211,down,2026-08-21T12:32:41,0.0,0.0
SPXW,2026-10-16,56,Put,6990.0,SPXW261016P06990000,31.7,32.0,31.85,37.0,0.0,0.0,0.0,277.0,0.2066,-0.1059,0.0003,5.6362,-1.0035,-1.2804,32.0171,0.0,0.0,0.0,37.4499988555908,down,2026-08-20T15:59:30,0.0,0.0
SPX,2026-10-16,56,Call,7000.0,SPX261016C07000000,738.7,741.1,739.9000000000001,739.53,15.53,2.14503,10669.0,102067.0,0.2048,0.8932,0.0003,5.6564,-1.0034,9.3784,738.8496,732.8,761.38,729.8,724.0,down,2026-08-21T16:14:07,0.0,0.0
SPXW,2026-10-16,56,Call,7000.0,SPXW261016C07000000,737.7,743.5,740.6,805.59,0.0,0.0,0.0,270.0,0.2051,0.892,0.0003,5.7121,-1.012,9.3637,739.4509,0.0,0.0,0.0,724.25,up,2026-08-19T10:58:12,0.0,0.0
SPX,2026-10-16,56,Put,7000.0,SPX261016P07000000,31.6,32.2,31.900000000000002,31.9,-5.6,-14.9333,12426.0,112159.0,0.2047,-0.1068,0.0003,5.6564,-1.0034,-1.2906,31.9757,32.97,33.77,30.94,37.5,no_change,2026-08-21T16:14:07,0.0,0.0
SPXW,2026-10-16,56,Put,7000.0,SPXW261016P07000000,32.3,32.6,32.45,32.6,-5.55,-14.5478,32.0,702.0,0.2055,-0.108,0.0003,5.7121,-1.012,-1.3052,32.5892,33.89,33.89,31.8,38.1499996185303,no_change,2026-08-21T16:00:02,0.0,0.0
SPX,2026-10-16,56,Call,7010.0,SPX261016C07010000,729.3,731.9,730.5999999999999,735.7,20.95,2.93109,14.0,16.0,0.2033,0.8911,0.0003,5.7331,-1.0119,9.3684,729.4935,729.02,748.84,729.02,714.75,down,2026-08-21T15:37:52,0.0,0.0
SPXW,2026-10-16,56,Call,7010.0,SPXW261016C07010000,728.4,734.2,731.3,0.0,0.0,0.0,0.0,0.0,0.2041,0.8899,0.0003,5.789,-1.0205,9.3537,730.1036,0.0,0.0,0.0,714.950012207031,no_change,,0.0,0.0
SPX,2026-10-16,56,Put,7010.0,SPX261016P07010000,32.2,32.8,32.5,32.2,-5.95,-15.5963,74.0,618.0,0.2035,-0.1089,0.0003,5.7331,-1.0119,-1.3158,32.5523,33.05,33.05,31.89,38.1500015258789,no_change,2026-08-21T15:10:53,0.0,0.0
SPXW,2026-10-16,56,Put,7010.0,SPXW261016P07010000,32.8,33.2,33.0,38.72,0.0,0.0,0.0,19.0,0.2043,-0.1101,0.0003,5.789,-1.0205,-1.3305,33.1747,0.0,0.0,0.0,38.7999992370606,up,2026-08-20T14:17:20,0.0,0.0
SPX,2026-10-16,56,Call,7020.0,SPX261016C07020000,719.9,722.5,721.2,725.02,19.57,2.77411,28.0,5.0,0.2022,0.889,0.0003,5.8108,-1.0205,9.358,720.1509,724.6,739.02,724.6,705.450012207031,down,2026-08-21T15:14:05,0.0,0.0
SPXW,2026-10-16,56,Call,7020.0,SPXW261016C07020000,719.0,724.9,721.95,0.0,0.0,0.0,0.0,0.0,0.2028,0.8878,0.0003,5.867,-1.0291,9.3432,720.77,0.0,0.0,0.0,705.75,no_change,,0.0,0.0
SPX,2026-10-16,56,Put,7020.0,SPX261016P07020000,32.7,33.4,33.05,33.1,-5.75,-14.8005,29.0,1301.0,0.2024,-0.111,0.0003,5.8108,-1.0205,-1.3414,33.1424,33.45,33.45,32.8,38.8499984741211,up,2026-08-21T15:52:33,0.0,0.0
SPXW,2026-10-16,56,Put,7020.0,SPXW261016P07020000,33.4,33.8,33.599999999999994,32.95,0.0,0.0,0.0,38.0,0.2031,-0.1122,0.0003,5.867,-1.0291,-1.3562,33.7738,0.0,0.0,0.0,39.4499988555908,up,2026-08-19T15:10:24,0.0,0.0
SPX,2026-10-16,56,Call,7025.0,SPX261016C07025000,715.3,717.9,716.5999999999999,725.36,24.51,3.49718,5.0,399.0,0.2016,0.8879,0.0003,5.8501,-1.0248,9.3526,715.4848,724.94,725.36,724.09,700.850006103516,up,2026-08-21T12:39:34,0.0,0.0
SPXW,2026-10-16,56,Call,7025.0,SPXW261016C07025000,714.3,720.2,717.25,802.68,0.0,0.0,0.0,14.0,0.2023,0.8867,0.0003,5.9065,-1.0334,9.3377,716.1085,0.0,0.0,0.0,701.099975585938,up,2026-08-06T10:22:26,0.0,0.0
SPX,2026-10-16,56,Put,7025.0,SPX261016P07025000,33.0,33.7,33.35,33.34,-5.86,-14.949,10.0,695.0,0.2018,-0.1121,0.0003,5.8501,-1.0248,-1.3544,33.4426,34.51,34.51,33.26,39.2000007629394,up,2026-08-21T13:47:15,0.0,0.0
SPXW,2026-10-16,56,Put,7025.0,SPXW261016P07025000,33.7,34.1,33.900000000000006,37.57,0.0,0.0,0.0,68.0,0.2026,-0.1133,0.0003,5.9065,-1.0334,-1.3693,34.0785,0.0,0.0,0.0,39.7999992370606,down,2026-08-20T11:24:05,0.0,0.0
SPX,2026-10-16,56,Call,7030.0,SPX261016C07030000,710.6,713.2,711.9000000000001,718.29,22.14,3.18035,4.0,78.0,0.2011,0.8868,0.0003,5.8898,-1.0291,9.3471,710.8222,720.43,720.43,718.29,696.149993896484,down,2026-08-21T12:34:40,0.0,0.0
SPXW,2026-10-16,56,Call,7030.0,SPXW261016C07030000,709.7,715.5,712.6,0.0,0.0,0.0,0.0,26.0,0.2017,0.8856,0.0003,5.9463,-1.0378,9.3321,711.4504,0.0,0.0,0.0,696.5,no_change,,0.0,0.0
SPX,2026-10-16,56,Put,7030.0,SPX261016P07030000,33.3,34.0,33.65,33.7,-5.8,-14.6835,55.0,785.0,0.2012,-0.1132,0.0003,5.8898,-1.0291,-1.3676,33.7463,33.84,33.84,33.35,39.5,up,2026-08-21T15:52:30,0.0,0.0
SPXW,2026-10-16,56,Put,7030.0,SPXW261016P07030000,34.0,34.4,34.2,38.65,0.0,0.0,0.0,27.0,0.202,-0.1144,0.0003,5.9463,-1.0378,-1.3825,34.3868,0.0,0.0,0.0,40.1499996185303,up,2026-08-20T13:20:16,0.0,0.0
SPX,2026-10-16,56,Call,7040.0,SPX261016C07040000,701.1,703.9,702.5,707.47,20.52,2.98712,5.0,16.0,0.1999,0.8845,0.0003,5.97,-1.0378,9.3356,701.5076,711.47,711.47,707.06,686.950012207031,up,2026-08-21T15:33:28,0.0,0.0
SPXW,2026-10-16,56,Call,7040.0,SPXW261016C07040000,700.4,706.2,703.3,0.0,0.0,0.0,0.0,0.0,0.2005,0.8833,0.0003,6.0269,-1.0465,9.3204,702.1451,0.0,0.0,0.0,687.25,no_change,,0.0,0.0
SPX,2026-10-16,56,Put,7040.0,SPX261016P07040000,33.9,34.6,34.25,34.3,-5.9,-14.6766,4.0,652.0,0.2,-0.1154,0.0003,5.97,-1.0378,-1.3943,34.3645,34.25,34.45,34.25,40.2000007629394,down,2026-08-21T15:52:30,0.0,0.0
SPXW,2026-10-16,56,Put,7040.0,SPXW261016P07040000,34.7,35.0,34.85,35.2,0.0,0.0,0.0,77.0,0.2008,-0.1167,0.0003,6.0269,-1.0465,-1.4094,35.0142,0.0,0.0,0.0,40.8500003814697,down,2026-08-19T12:53:35,0.0,0.0
SPXW,2026-10-16,56,Call,7045.0,SPXW261016C07045000,695.7,701.6,698.6500000000001,0.0,0.0,0.0,0.0,0.0,0.2,0.8822,0.0003,6.0678,-1.0508,9.3143,697.498,0.0,0.0,0.0,682.649993896484,no_change,,0.0,0.0
SPXW,2026-10-16,56,Put,7045.0,SPXW261016P07045000,35.0,35.3,35.15,35.95,0.0,0.0,0.0,88.0,0.2003,-0.1178,0.0003,6.0678,-1.0508,-1.4232,35.3335,0.0,0.0,0.0,41.25,up,2026-08-17T14:43:34,0.0,0.0
SPX,2026-10-16,56,Call,7050.0,SPX261016C07050000,692.2,694.4,693.3,701.26,23.56,3.47647,1.0,1091.0,0.1986,0.8822,0.0003,6.0517,-1.0465,9.3234,692.2077,701.26,701.26,701.26,677.699981689453,down,2026-08-21T12:12:49,0.0,0.0
SPXW,2026-10-16,56,Call,7050.0,SPXW261016C07050000,691.1,696.9,694.0,779.93,0.0,0.0,0.0,6.0,0.1994,0.881,0.0003,6.109,-1.0552,9.308,692.8547,0.0,0.0,0.0,678.049987792969,up,2026-08-17T13:48:48,0.0,0.0
SPX,2026-10-16,56,Put,7050.0,SPX261016P07050000,34.6,35.2,34.900000000000006,34.85,-6.05,-14.7922,32.0,7474.0,0.1989,-0.1177,0.0003,6.0517,-1.0465,-1.4218,34.9972,36.3,36.9,34.85,40.8999996185303,down,2026-08-21T15:56:52,0.0,0.0
SPXW,2026-10-16,56,Put,7050.0,SPXW261016P07050000,35.3,35.7,35.5,35.67,-5.93,-14.2548,3.0,413.0,0.1997,-0.119,0.0003,6.109,-1.0552,-1.437,35.6565,37.04,37.04,35.67,41.6000003814697,down,2026-08-21T16:03:25,0.0,0.0
SPXW,2026-10-16,56,Call,7055.0,SPXW261016C07055000,686.5,692.3,689.4,0.0,0.0,0.0,0.0,0.0,0.1989,0.8798,0.0003,6.1505,-1.0596,9.3015,688.2152,0.0,0.0,0.0,673.450012207031,no_change,,0.0,0.0
SPXW,2026-10-16,56,Put,7055.0,SPXW261016P07055000,35.6,36.0,35.8,38.28,0.0,0.0,0.0,14.0,0.1991,-0.1201,0.0003,6.1505,-1.0596,-1.4512,35.9833,0.0,0.0,0.0,41.9499988555908,up,2026-08-20T09:51:46,0.0,0.0
SPX,2026-10-16,56,Call,7060.0,SPX261016C07060000,682.7,685.3,684.0,692.08,23.53,3.51956,1.0,2.0,0.1976,0.8799,0.0003,6.1348,-1.0553,9.3105,682.9229,692.08,692.08,692.08,668.549987792969,down,2026-08-21T12:12:39,0.0,0.0
SPXW,2026-10-16,56,Call,7060.0,SPXW261016C07060000,681.8,687.6,684.7,0.0,0.0,0.0,0.0,0.0,0.1982,0.8787,0.0003,6.1925,-1.0639,9.2948,683.5796,0.0,0.0,0.0,668.850006103516,no_change,,0.0,0.0
SPX,2026-10-16,56,Put,7060.0,SPX261016P07060000,35.2,35.9,35.55,35.6,-6.05,-14.5258,2.0,1047.0,0.1978,-0.1201,0.0003,6.1348,-1.0553,-1.4499,35.6451,35.55,35.6,35.55,41.6500015258789,up,2026-08-21T15:52:30,0.0,0.0
SPXW,2026-10-16,56,Put,7060.0,SPXW261016P07060000,36.0,36.3,36.15,34.7,0.0,0.0,0.0,48.0,0.1986,-0.1213,0.0003,6.1925,-1.0639,-1.4654,36.314,0.0,0.0,0.0,42.3500003814697,down,2026-08-19T15:59:30,0.0,0.0
SPXW,2026-10-16,56,Call,7065.0,SPXW261016C07065000,677.3,683.0,680.15,0.0,0.0,0.0,0.0,0.0,0.1977,0.8775,0.0003,6.2347,-1.0683,9.288,678.9479,0.0,0.0,0.0,664.299987792969,no_change,,0.0,0.0
SPXW,2026-10-16,56,Put,7065.0,SPXW261016P07065000,36.3,36.7,36.5,42.3,0.0,0.0,0.0,21.0,0.198,-0.1225,0.0003,6.2347,-1.0683,-1.48,36.6487,0.0,0.0,0.0,42.7000007629394,down,2026-08-20T16:03:24,0.0,0.0
SPX,2026-10-16,56,Call,7070.0,SPX261016C07070000,673.4,676.0,674.7,679.47,20.12,3.05149,5.0,4.0,0.1965,0.8775,0.0003,6.2193,-1.0641,9.2967,673.6537,682.83,682.83,679.47,659.350006103516,down,2026-08-21T15:36:51,0.0,0.0
SPXW,2026-10-16,56,Call,7070.0,SPXW261016C07070000,672.6,678.4,675.5,510.32,0.0,0.0,0.0,1.0,0.1971,0.8762,0.0003,6.2774,-1.0727,9.2808,674.3203,0.0,0.0,0.0,659.700012207031,down,2026-07-29T14:46:16,0.0,0.0
SPX,2026-10-16,56,Put,7070.0,SPX261016P07070000,35.9,36.6,36.25,36.3,-6.1,-14.3868,8.0,440.0,0.1967,-0.1225,0.0003,6.2193,-1.0641,-1.4789,36.3086,38.47,38.47,35.97,42.3999996185303,up,2026-08-21T15:52:33,0.0,0.0
SPXW,2026-10-16,56,Put,7070.0,SPXW261016P07070000,36.6,37.0,36.8,37.34,0.0,0.0,0.0,32.0,0.1974,-0.1237,0.0003,6.2774,-1.0727,-1.4947,36.9875,0.0,0.0,0.0,43.1000003814697,down,2026-08-19T10:00:08,0.0,0.0
SPX,2026-10-16,56,Call,7075.0,SPX261016C07075000,668.8,671.3,670.05,675.89,21.09,3.22083,4.0,573.0,0.1958,0.8763,0.0004,6.2621,-1.0685,9.2895,669.0251,678.55,678.55,675.89,654.799987792969,down,2026-08-21T12:23:35,0.0,0.0
SPXW,2026-10-16,56,Call,7075.0,SPXW261016C07075000,668.0,673.7,670.85,0.0,0.0,0.0,0.0,0.0,0.1966,0.875,0.0004,6.3203,-1.0771,9.2735,669.6968,0.0,0.0,0.0,655.099975585938,no_change,,0.0,0.0
SPX,2026-10-16,56,Put,7075.0,SPX261016P07075000,36.2,36.9,36.55,36.6,-6.2,-14.486,4.0,1147.0,0.196,-0.1237,0.0004,6.2621,-1.0685,-1.4937,36.6463,36.64,36.64,36.6,42.7999992370606,down,2026-08-21T12:23:35,0.0,0.0
SPXW,2026-10-16,56,Put,7075.0,SPXW261016P07075000,37.0,37.3,37.15,43.6,0.0,0.0,0.0,165.0,0.1968,-0.125,0.0004,6.3203,-1.0771,-1.5096,37.3303,0.0,0.0,0.0,43.4499988555908,up,2026-08-20T15:58:55,0.0,0.0
SPX,2026-10-16,56,Call,7080.0,SPX261016C07080000,664.2,666.7,665.45,491.5,0.0,0.0,0.0,24.0,0.1953,0.875,0.0004,6.3053,-1.0729,9.2821,664.4007,0.0,0.0,0.0,650.200012207031,down,2026-07-23T11:37:12,0.0,0.0
SPXW,2026-10-16,56,Call,7080.0,SPXW261016C07080000,663.0,669.1,666.05,0.0,0.0,0.0,0.0,0.0,0.1959,0.8738,0.0004,6.3635,-1.0816,9.266,665.0775,0.0,0.0,0.0,650.549987792969,no_change,,0.0,0.0
SPX,2026-10-16,56,Put,7080.0,SPX261016P07080000,36.6,37.3,36.95,36.9,-6.3,-14.5833,52.0,215.0,0.1955,-0.1249,0.0004,6.3053,-1.0729,-1.5088,36.9882,36.3,36.9,36.3,43.2000007629394,no_change,2026-08-21T15:52:30,0.0,0.0
SPXW,2026-10-16,56,Put,7080.0,SPXW261016P07080000,37.3,37.7,37.5,43.4,0.0,0.0,0.0,6.0,0.1962,-0.1262,0.0004,6.3635,-1.0816,-1.5248,37.6773,0.0,0.0,0.0,43.8500003814697,up,2026-08-20T15:39:22,0.0,0.0
SPXW,2026-10-16,56,Call,7085.0,SPXW261016C07085000,658.4,664.5,661.45,0.0,0.0,0.0,0.0,0.0,0.1954,0.8725,0.0004,6.407,-1.086,9.2582,660.4624,0.0,0.0,0.0,646.0,no_change,,0.0,0.0
SPXW,2026-10-16,56,Put,7085.0,SPXW261016P07085000,37.7,38.0,37.85,42.63,0.0,0.0,0.0,28.0,0.1957,-0.1274,0.0004,6.407,-1.086,-1.5402,38.0286,0.0,0.0,0.0,44.25,up,2026-08-20T10:14:55,0.0,0.0
SPX,2026-10-16,56,Call,7090.0,SPX261016C07090000,654.8,657.5,656.15,661.78,20.73,3.23376,1.0,3.0,0.1941,0.8725,0.0004,6.3924,-1.0818,9.2666,655.1645,661.78,661.78,661.78,641.049987792969,up,2026-08-21T12:19:09,0.0,0.0
SPXW,2026-10-16,56,Call,7090.0,SPXW261016C07090000,653.8,659.9,656.8499999999999,0.0,0.0,0.0,0.0,0.0,0.1948,0.8713,0.0004,6.4508,-1.0904,9.2502,655.8517,0.0,0.0,0.0,641.450012207031,no_change,,0.0,0.0
SPX,2026-10-16,56,Put,7090.0,SPX261016P07090000,37.3,38.0,37.65,37.6,-6.35,-14.4482,2.0,550.0,0.1943,-0.1274,0.0004,6.3924,-1.0818,-1.5395,37.6847,37.7,37.7,37.6,43.9500007629394,down,2026-08-21T15:52:30,0.0,0.0
SPXW,2026-10-16,56,Put,7090.0,SPXW261016P07090000,38.0,38.4,38.2,37.78,0.0,0.0,0.0,28.0,0.1951,-0.1287,0.0004,6.4508,-1.0904,-1.5558,38.3842,0.0,0.0,0.0,44.6499996185303,up,2026-08-19T12:40:39,0.0,0.0
SPXW,2026-10-16,56,Call,7095.0,SPXW261016C07095000,649.2,655.3,652.25,0.0,0.0,0.0,0.0,0.0,0.1942,0.87,0.0004,6.4948,-1.0949,9.242,651.2454,0.0,0.0,0.0,636.850006103516,no_change,,0.0,0.0
SPXW,2026-10-16,56,Put,7095.0,SPXW261016P07095000,38.4,38.8,38.599999999999994,40.58,-4.47,-9.92231,1.0,7.0,0.1946,-0.13,0.0004,6.4948,-1.0949,-1.5716,38.7442,40.58,40.58,40.58,45.0500011444092,up,2026-08-21T09:49:14,0.0,0.0
SPX,2026-10-16,56,Call,7100.0,SPX261016C07100000,645.8,648.1,646.95,651.63,19.73,3.12233,3.0,2604.0,0.1933,0.87,0.0004,6.4806,-1.0906,9.2502,645.9457,643.1,651.63,642.5,631.899993896484,up,2026-08-21T13:21:02,0.0,0.0
SPXW,2026-10-16,56,Call,7100.0,SPXW261016C07100000,644.6,650.7,647.6500000000001,632.13,0.0,0.0,0.0,14.0,0.1937,0.8687,0.0004,6.5391,-1.0993,9.2336,646.6436,0.0,0.0,0.0,632.299987792969,down,2026-08-20T15:44:51,0.0,0.0
SPX,2026-10-16,56,Put,7100.0,SPX261016P07100000,38.0,38.6,38.3,38.3,-6.5,-14.5089,199.0,12946.0,0.1932,-0.13,0.0004,6.4806,-1.0906,-1.5711,38.3986,39.9,39.9,38.15,44.7999992370606,down,2026-08-21T15:52:30,0.0,0.0
SPXW,2026-10-16,56,Put,7100.0,SPXW261016P07100000,38.8,39.1,38.95,38.77,-6.68,-14.6975,50.0,1843.0,0.194,-0.1313,0.0004,6.5391,-1.0993,-1.5876,39.1087,40.1,41.2,38.1,45.4499988555908,down,2026-08-21T15:52:01,0.0,0.0
SPXW,2026-10-16,56,Call,7105.0,SPXW261016C07105000,640.0,646.1,643.05,0.0,0.0,0.0,0.0,0.0,0.1931,0.8674,0.0004,6.5835,-1.1038,9.2249,642.0463,0.0,0.0,0.0,627.75,no_change,,0.0,0.0
SPXW,2026-10-16,56,Put,7105.0,SPXW261016P07105000,39.1,39.5,39.3,37.4,0.0,0.0,0.0,27.0,0.1934,-0.1326,0.0004,6.5835,-1.1038,-1.6039,39.4778,0.0,0.0,0.0,45.8999996185303,up,2026-08-14T14:46:36,0.0,0.0
SPX,2026-10-16,56,Call,7110.0,SPX261016C07110000,636.5,639.0,637.75,644.29,21.49,3.45055,6.0,6.0,0.1918,0.8673,0.0004,6.5697,-1.0996,9.2329,636.7449,635.45,648.08,635.45,622.799987792969,down,2026-08-21T12:48:54,0.0,0.0
SPXW,2026-10-16,56,Call,7110.0,SPXW261016C07110000,635.4,641.5,638.45,0.0,0.0,0.0,0.0,5.0,0.1925,0.866,0.0004,6.6281,-1.1082,9.2161,637.4537,0.0,0.0,0.0,623.200012207031,no_change,,0.0,0.0
SPX,2026-10-16,56,Put,7110.0,SPX261016P07110000,38.7,39.4,39.05,39.0,-6.6,-14.4737,57.0,22222.0,0.1921,-0.1326,0.0004,6.5697,-1.0996,-1.6036,39.1305,39.8,39.8,38.4,45.6000003814697,up,2026-08-21T15:52:29,0.0,0.0
SPXW,2026-10-16,56,Put,7110.0,SPXW261016P07110000,39.5,39.9,39.7,45.9,0.0,0.0,0.0,65.0,0.1928,-0.134,0.0004,6.6281,-1.1082,-1.6203,39.8515,0.0,0.0,0.0,46.2999992370606,down,2026-08-20T16:03:24,0.0,0.0
SPXW,2026-10-16,56,Call,7115.0,SPXW261016C07115000,630.8,636.9,633.8499999999999,0.0,0.0,0.0,0.0,0.0,0.1919,0.8647,0.0004,6.6728,-1.1127,9.2071,632.8657,0.0,0.0,0.0,618.649993896484,no_change,,0.0,0.0
SPXW,2026-10-16,56,Put,7115.0,SPXW261016P07115000,39.9,40.2,40.05,45.2,0.0,0.0,0.0,2.0,0.1923,-0.1353,0.0004,6.6728,-1.1127,-1.6369,40.2299,0.0,0.0,0.0,46.7000007629394,down,2026-08-18T15:59:30,0.0,0.0
SPX,2026-10-16,56,Call,7120.0,SPX261016C07120000,627.4,629.9,628.65,639.28,25.58,4.16816,3.0,15.0,0.1906,0.8646,0.0004,6.6595,-1.1085,9.2148,627.5627,632.26,639.28,632.02,613.700012207031,up,2026-08-21T12:05:56,0.0,0.0
SPXW,2026-10-16,56,Call,7120.0,SPXW261016C07120000,626.3,632.3,629.3,0.0,0.0,0.0,0.0,250.0,0.1913,0.8633,0.0004,6.7178,-1.1172,9.1979,628.2826,0.0,0.0,0.0,614.099975585938,no_change,,0.0,0.0
SPX,2026-10-16,56,Put,7120.0,SPX261016P07120000,39.5,40.2,39.85,39.8,-6.55,-14.1316,5.0,1440.0,0.1909,-0.1354,0.0004,6.6595,-1.1085,-1.6369,39.881,40.05,40.15,39.7,46.3499984741211,up,2026-08-21T15:52:29,0.0,0.0
SPXW,2026-10-16,56,Put,7120.0,SPXW261016P07120000,40.3,40.6,40.45,40.68,-6.47,-13.7222,1.0,21.0,0.1918,-0.1367,0.0004,6.7178,-1.1172,-1.6538,40.6131,40.68,40.68,40.68,47.1499996185303,up,2026-08-21T16:09:56,0.0,0.0
SPX,2026-10-16,56,Call,7125.0,SPX261016C07125000,622.8,625.3,624.05,628.3,19.1,3.13526,10.0,544.0,0.1901,0.8632,0.0004,6.7046,-1.113,9.2055,622.9788,623.0,640.9,622.7,609.200012207031,up,2026-08-21T15:05:12,0.0,0.0
SPXW,2026-10-16,56,Call,7125.0,SPXW261016C07125000,621.6,627.7,624.6500000000001,714.55,0.0,0.0,0.0,38.0,0.1909,0.8619,0.0004,6.7628,-1.1216,9.1885,623.7042,0.0,0.0,0.0,609.549987792969,up,2026-08-10T09:36:11,0.0,0.0
SPX,2026-10-16,56,Put,7125.0,SPX261016P07125000,39.8,40.6,40.2,40.05,-6.8,-14.5144,5.0,1980.0,0.1904,-0.1367,0.0004,6.7046,-1.113,-1.6539,40.2634,39.95,40.05,39.95,46.8499984741211,no_change,2026-08-21T12:31:29,0.0,0.0
SPXW,2026-10-16,56,Put,7125.0,SPXW261016P07125000,40.6,41.0,40.8,38.7,0.0,0.0,0.0,264.0,0.1911,-0.1381,0.0004,6.7628,-1.1216,-1.6708,41.0011,0.0,0.0,0.0,47.6000003814697,down,2026-08-14T14:46:36,0.0,0.0
SPX,2026-10-16,56,Call,7130.0,SPX261016C07130000,618.2,620.7,619.45,626.68,22.03,3.64343,1.0,63.0,0.1896,0.8618,0.0004,6.7499,-1.1175,9.196,618.3997,626.68,626.68,626.68,604.649993896484,up,2026-08-21T12:38:43,0.0,0.0
SPXW,2026-10-16,56,Call,7130.0,SPXW261016C07130000,617.0,623.1,620.05,0.0,0.0,0.0,0.0,0.0,0.1903,0.8605,0.0004,6.808,-1.1261,9.179,619.1308,0.0,0.0,0.0,605.049987792969,no_change,,0.0,0.0
SPX,2026-10-16,56,Put,7130.0,SPX261016P07130000,40.2,40.9,40.55,40.6,-6.7,-14.1649,2.0,704.0,0.1897,-0.1381,0.0004,6.7499,-1.1175,-1.671,40.6506,40.45,40.6,40.45,47.2999992370606,up,2026-08-21T15:52:33,0.0,0.0
SPXW,2026-10-16,56,Put,7130.0,SPXW261016P07130000,41.0,41.4,41.2,46.2,0.0,0.0,0.0,4.0,0.1906,-0.1395,0.0004,6.808,-1.1261,-1.6879,41.394,0.0,0.0,0.0,48.0,up,2026-08-20T13:20:16,0.0,0.0
SPXW,2026-10-16,56,Call,7135.0,SPXW261016C07135000,612.6,618.5,615.55,0.0,0.0,0.0,0.0,0.0,0.1897,0.8591,0.0004,6.8534,-1.1306,9.1693,614.5624,0.0,0.0,0.0,600.549987792969,no_change,,0.0,0.0
SPXW,2026-10-16,56,Put,7135.0,SPXW261016P07135000,41.4,41.8,41.599999999999994,41.84,-6.61,-13.6429,1.0,16.0,0.1899,-0.1409,0.0004,6.8534,-1.1306,-1.7052,41.7919,41.84,41.84,41.84,48.4499988555908,down,2026-08-21T16:09:14,0.0,0.0
SPX,2026-10-16,56,Call,7140.0,SPX261016C07140000,609.1,611.5,610.3,617.7,22.1,3.71055,3.0,3.0,0.1884,0.859,0.0004,6.841,-1.1265,9.1765,609.2564,626.65,626.65,617.7,595.599975585938,down,2026-08-21T12:27:46,0.0,0.0
SPXW,2026-10-16,56,Call,7140.0,SPXW261016C07140000,608.0,614.0,611.0,0.0,0.0,0.0,0.0,0.0,0.189,0.8577,0.0004,6.8989,-1.1351,9.1594,609.999,0.0,0.0,0.0,596.049987792969,no_change,,0.0,0.0
SPX,2026-10-16,56,Put,7140.0,SPX261016P07140000,41.0,41.7,41.35,41.3,-6.9,-14.3154,7.0,1347.0,0.1886,-0.141,0.0004,6.841,-1.1265,-1.7058,41.44,41.84,41.84,40.8,48.2000007629394,up,2026-08-21T15:52:29,0.0,0.0
SPXW,2026-10-16,56,Put,7140.0,SPXW261016P07140000,41.8,42.2,42.0,43.45,-5.45,-11.1452,2.0,182.0,0.1894,-0.1423,0.0004,6.8989,-1.1351,-1.7227,42.1949,43.45,43.45,43.45,48.8999996185303,down,2026-08-21T10:47:25,0.0,0.0
SPXW,2026-10-16,56,Call,7145.0,SPXW261016C07145000,603.4,609.4,606.4,0.0,0.0,0.0,0.0,0.0,0.1886,0.8562,0.0004,6.9446,-1.1396,9.1494,605.4406,0.0,0.0,0.0,591.5,no_change,,0.0,0.0
SPXW,2026-10-16,56,Put,7145.0,SPXW261016P07145000,42.2,42.6,42.400000000000006,44.8,-4.55,-9.21986,10.0,9.0,0.1888,-0.1438,0.0004,6.9446,-1.1396,-1.7404,42.6029,44.8,44.8,44.8,49.3500003814697,down,2026-08-21T10:38:26,0.0,0.0
SPX,2026-10-16,56,Call,7150.0,SPX261016C07150000,600.0,602.2,601.1,609.41,22.86,3.89736,9.0,1986.0,0.1876,0.8561,0.0004,6.9326,-1.1355,9.1563,600.1333,607.5,614.09,604.44,586.550018310547,down,2026-08-21T12:10:50,0.0,0.0
SPXW,2026-10-16,56,Call,7150.0,SPXW261016C07150000,598.8,604.8,601.8,601.34,0.0,0.0,0.0,52.0,0.1879,0.8548,0.0004,6.9905,-1.1441,9.1392,600.8875,0.0,0.0,0.0,587.0,down,2026-08-20T13:48:11,0.0,0.0
SPX,2026-10-16,56,Put,7150.0,SPX261016P07150000,41.8,42.5,42.15,42.27,-6.88,-13.998,51.0,7129.0,0.1875,-0.1439,0.0004,6.9326,-1.1355,-1.7411,42.2496,44.06,44.5,41.4,49.1500015258789,up,2026-08-21T16:09:51,0.0,0.0
SPXW,2026-10-16,56,Put,7150.0,SPXW261016P07150000,42.6,43.0,42.8,50.13,0.0,0.0,0.0,532.0,0.1883,-0.1452,0.0004,6.9905,-1.1441,-1.7582,43.0161,0.0,0.0,0.0,49.7999992370606,up,2026-08-20T15:46:46,0.0,0.0
SPXW,2026-10-16,56,Call,7155.0,SPXW261016C07155000,594.3,600.3,597.3,422.1,0.0,0.0,0.0,3.0,0.1874,0.8533,0.0004,7.0366,-1.1486,9.1288,596.3395,0.0,0.0,0.0,582.5,down,2026-07-27T10:43:11,0.0,0.0
SPXW,2026-10-16,56,Put,7155.0,SPXW261016P07155000,43.1,43.4,43.25,43.2,-7.1,-14.1153,8.0,40.0,0.1877,-0.1467,0.0004,7.0366,-1.1486,-1.7761,43.4345,45.2,45.2,43.2,50.2999992370606,down,2026-08-21T13:05:05,0.0,0.0
SPX,2026-10-16,56,Call,7160.0,SPX261016C07160000,590.7,593.4,592.05,598.15,20.6,3.56679,2.0,11.0,0.1864,0.8531,0.0004,7.0251,-1.1445,9.1355,591.031,584.56,598.15,584.56,577.549987792969,up,2026-08-21T12:24:02,0.0,0.0
SPXW,2026-10-16,56,Call,7160.0,SPXW261016C07160000,589.7,595.7,592.7,419.2,0.0,0.0,0.0,3.0,0.1868,0.8518,0.0004,7.083,-1.1531,9.1183,591.7969,0.0,0.0,0.0,578.0,down,2026-07-29T10:01:40,0.0,0.0
SPX,2026-10-16,56,Put,7160.0,SPX261016P07160000,42.6,43.4,43.0,43.0,-7.0,-14.0,10.0,20418.0,0.1863,-0.1468,0.0004,7.0251,-1.1445,-1.7772,43.08,45.45,45.45,42.75,50.0,up,2026-08-21T15:52:30,0.0,0.0
SPXW,2026-10-16,56,Put,7160.0,SPXW261016P07160000,43.5,43.9,43.7,45.7,-5.05,-9.95074,10.0,114.0,0.1871,-0.1482,0.0004,7.083,-1.1531,-1.7943,43.8582,45.7,45.7,45.7,50.75,down,2026-08-21T10:17:26,0.0,0.0
SPXW,2026-10-16,56,Call,7165.0,SPXW261016C07165000,585.2,591.2,588.2,403.8,0.0,0.0,0.0,2.0,0.1863,0.8502,0.0004,7.1296,-1.1576,9.1076,587.2596,0.0,0.0,0.0,573.5,down,2026-07-29T10:16:05,0.0,0.0
SPXW,2026-10-16,56,Put,7165.0,SPXW261016P07165000,43.9,44.3,44.099999999999994,43.4,-7.85,-15.3171,26.0,16.0,0.1866,-0.1497,0.0004,7.1296,-1.1576,-1.8126,44.2872,44.25,44.25,43.4,51.25,down,2026-08-21T11:47:21,0.0,0.0
SPX,2026-10-16,56,Call,7170.0,SPX261016C07170000,581.8,584.3,583.05,590.79,22.24,3.91171,2.0,89.0,0.1855,0.8501,0.0004,7.1186,-1.1535,9.114,581.95,588.63,590.79,588.63,568.549987792969,up,2026-08-21T11:06:13,0.0,0.0
SPXW,2026-10-16,56,Call,7170.0,SPXW261016C07170000,580.7,586.7,583.7,413.2,0.0,0.0,0.0,0.0,0.1858,0.8487,0.0004,7.1765,-1.1621,9.0967,582.7278,0.0,0.0,0.0,569.049987792969,down,2026-07-27T10:41:21,0.0,0.0
SPX,2026-10-16,56,Put,7170.0,SPX261016P07170000,43.5,44.2,43.85,43.9,-7.05,-13.8371,15.0,1030.0,0.1853,-0.1499,0.0004,7.1186,-1.1535,-1.8139,43.9317,45.33,45.33,43.31,50.9500007629394,down,2026-08-21T15:59:43,0.0,0.0
SPXW,2026-10-16,56,Put,7170.0,SPXW261016P07170000,44.3,44.7,44.5,47.92,0.0,0.0,0.0,46.0,0.186,-0.1513,0.0004,7.1765,-1.1621,-1.8311,44.7217,0.0,0.0,0.0,51.7000007629394,up,2026-08-20T09:30:48,0.0,0.0
SPX,2026-10-16,56,Call,7175.0,SPX261016C07175000,577.1,579.7,578.4000000000001,551.0,0.0,0.0,0.0,815.0,0.1847,0.8485,0.0004,7.1658,-1.158,9.1029,577.4177,0.0,0.0,0.0,564.100006103516,down,2026-06-18T14:03:13,0.0,0.0
SPXW,2026-10-16,56,Call,7175.0,SPXW261016C07175000,576.1,582.1,579.1,548.91,0.0,0.0,0.0,1.0,0.1852,0.8471,0.0004,7.2238,-1.1666,9.0856,578.2015,0.0,0.0,0.0,564.549987792969,up,2026-08-03T15:50:49,0.0,0.0
SPX,2026-10-16,56,Put,7175.0,SPX261016P07175000,43.9,44.7,44.3,44.16,-7.29,-14.1691,12.0,3094.0,0.1847,-0.1515,0.0004,7.1658,-1.158,-1.8326,44.3657,46.17,46.17,44.16,51.4500007629394,down,2026-08-21T13:22:05,0.0,0.0
SPXW,2026-10-16,56,Put,7175.0,SPXW261016P07175000,44.8,45.2,45.0,46.25,-5.95,-11.3985,3.0,166.0,0.1854,-0.1528,0.0004,7.2238,-1.1666,-1.8498,45.1618,47.23,47.23,46.15,52.2000007629394,up,2026-08-21T10:22:42,0.0,0.0
SPX,2026-10-16,56,Call,7180.0,SPX261016C07180000,572.7,575.1,573.9000000000001,583.39,23.74,4.24194,1.0,38.0,0.1841,0.8469,0.0004,7.2133,-1.1626,9.0916,572.8909,583.39,583.39,583.39,559.649993896484,up,2026-08-21T12:06:20,0.0,0.0
SPXW,2026-10-16,56,Call,7180.0,SPXW261016C07180000,571.6,577.6,574.6,0.0,0.0,0.0,0.0,0.0,0.1846,0.8456,0.0004,7.2714,-1.1712,9.0743,573.6807,0.0,0.0,0.0,560.100006103516,no_change,,0.0,0.0
SPX,2026-10-16,56,Put,7180.0,SPX261016P07180000,44.4,45.1,44.75,44.8,-7.15,-13.7632,13.0,1275.0,0.1841,-0.153,0.0004,7.2133,-1.1626,-1.8515,44.8052,45.8,45.8,44.7,51.9500007629394,up,2026-08-21T15:59:43,0.0,0.0
SPXW,2026-10-16,56,Put,7180.0,SPXW261016P07180000,45.2,45.6,45.400000000000006,44.4,-8.3,-15.7495,80.0,45.0,0.1849,-0.1544,0.0004,7.2714,-1.1712,-1.8687,45.6074,46.2,46.2,44.4,52.7000007629394,down,2026-08-21T11:52:19,0.0,0.0
SPXW,2026-10-16,56,Call,7185.0,SPXW261016C07185000,567.1,573.1,570.1,379.5,0.0,0.0,0.0,13.0,0.184,0.844,0.0004,7.3193,-1.1757,9.0627,569.1657,0.0,0.0,0.0,555.600006103516,down,2026-07-30T11:02:03,0.0,0.0
SPXW,2026-10-16,56,Put,7185.0,SPXW261016P07185000,45.7,46.1,45.900000000000006,46.05,-7.15,-13.4399,1.0,44.0,0.1843,-0.156,0.0004,7.3193,-1.1757,-1.8879,46.0587,46.05,46.05,46.05,53.2000007629394,up,2026-08-21T16:09:14,0.0,0.0
SPX,2026-10-16,56,Call,7190.0,SPX261016C07190000,563.7,566.2,564.95,564.13,13.43,2.43872,7.0,7.0,0.183,0.8437,0.0004,7.3094,-1.1716,9.0684,563.8544,570.71,572.72,564.13,550.699981689453,down,2026-08-21T14:25:36,0.0,0.0
SPXW,2026-10-16,56,Call,7190.0,SPXW261016C07190000,562.6,568.6,565.6,405.4,0.0,0.0,0.0,4.0,0.1834,0.8423,0.0004,7.3677,-1.1802,9.0509,564.6565,0.0,0.0,0.0,551.199981689453,up,2026-07-31T10:29:12,0.0,0.0
SPX,2026-10-16,56,Put,7190.0,SPX261016P07190000,45.3,46.0,45.65,44.4,-8.55,-16.1473,57.0,1197.0,0.183,-0.1562,0.0004,7.3094,-1.1716,-1.8899,45.7014,45.75,46.05,44.4,52.9500007629394,down,2026-08-21T15:48:11,0.0,0.0
SPXW,2026-10-16,56,Put,7190.0,SPXW261016P07190000,46.1,46.5,46.3,45.51,-8.19,-15.2514,4.0,26.0,0.1838,-0.1576,0.0004,7.3677,-1.1802,-1.9074,46.5158,48.7,48.7,45.51,53.7000007629394,down,2026-08-21T15:38:11,0.0,0.0
SPXW,2026-10-16,56,Call,7195.0,SPXW261016C07195000,558.2,564.1,561.1500000000001,407.1,0.0,0.0,0.0,4.0,0.1829,0.8407,0.0004,7.4164,-1.1847,9.0388,560.1532,0.0,0.0,0.0,546.699981689453,down,2026-07-23T11:56:29,0.0,0.0
SPXW,2026-10-16,56,Put,7195.0,SPXW261016P07195000,46.6,47.0,46.8,49.2,-5.0,-9.22509,1.0,38.0,0.1831,-0.1593,0.0004,7.4164,-1.1847,-1.9271,46.9789,49.2,49.2,49.2,54.2000007629394,up,2026-08-21T09:44:30,0.0,0.0
SPX,2026-10-16,56,Call,7200.0,SPX261016C07200000,554.7,557.0,555.85,559.17,17.42,3.21551,11.0,4628.0,0.1821,0.8405,0.0004,7.407,-1.1806,9.0442,554.8412,551.45,559.17,551.45,541.75,up,2026-08-21T15:14:01,0.0,0.0
SPXW,2026-10-16,56,Call,7200.0,SPXW261016C07200000,553.7,559.6,556.6500000000001,676.0,0.0,0.0,0.0,26.0,0.1823,0.839,0.0004,7.4655,-1.1892,9.0264,555.6559,0.0,0.0,0.0,542.300018310547,down,2026-08-14T10:50:06,0.0,0.0
SPX,2026-10-16,56,Put,7200.0,SPX261016P07200000,46.2,46.9,46.55,46.62,-7.33,-13.5867,366.0,18745.0,0.1818,-0.1595,0.0004,7.407,-1.1806,-1.9294,46.6209,48.69,48.8,45.83,53.9500007629394,up,2026-08-21T16:09:51,0.0,0.0
SPXW,2026-10-16,56,Put,7200.0,SPXW261016P07200000,47.1,47.5,47.3,46.38,-8.37,-15.2877,71.0,873.0,0.1826,-0.1609,0.0004,7.4655,-1.1892,-1.9471,47.4479,48.63,48.63,46.38,54.75,down,2026-08-21T15:38:11,0.0,0.0
SPXW,2026-10-16,56,Call,7205.0,SPXW261016C07205000,549.2,555.0,552.1,371.1,0.0,0.0,0.0,11.0,0.1818,0.8374,0.0004,7.5149,-1.1937,9.0137,551.1647,0.0,0.0,0.0,537.850006103516,down,2026-07-29T10:33:09,0.0,0.0
SPXW,2026-10-16,56,Put,7205.0,SPXW261016P07205000,47.5,47.9,47.7,46.22,0.0,0.0,0.0,15.0,0.1821,-0.1626,0.0004,7.5149,-1.1937,-1.9674,47.923,0.0,0.0,0.0,55.25,up,2026-08-17T13:02:34,0.0,0.0
SPX,2026-10-16,56,Call,7210.0,SPX261016C07210000,545.7,548.1,546.9000000000001,382.58,0.0,0.0,0.0,10.0,0.1807,0.8371,0.0004,7.5062,-1.1896,9.0187,545.8522,0.0,0.0,0.0,532.899993896484,down,2026-07-30T12:21:10,0.0,0.0
SPXW,2026-10-16,56,Call,7210.0,SPXW261016C07210000,544.8,550.5,547.65,369.6,0.0,0.0,0.0,8.0,0.1812,0.8357,0.0004,7.5648,-1.1982,9.0007,546.6798,0.0,0.0,0.0,533.449981689453,down,2026-07-29T10:16:06,0.0,0.0
SPX,2026-10-16,56,Put,7210.0,SPX261016P07210000,47.1,47.9,47.5,46.2,-8.8,-16.0,1.0,1038.0,0.1807,-0.1629,0.0004,7.5062,-1.1896,-1.9701,47.5646,46.2,46.2,46.2,55.0,down,2026-08-21T15:48:12,0.0,0.0
SPXW,2026-10-16,56,Put,7210.0,SPXW261016P07210000,48.0,48.4,48.2,45.0,0.0,0.0,0.0,24.0,0.1816,-0.1643,0.0004,7.5648,-1.1982,-1.988,48.4045,0.0,0.0,0.0,55.7999992370606,up,2026-08-17T10:31:31,0.0,0.0
SPX,2026-10-16,56,Call,7215.0,SPX261016C07215000,541.2,543.6,542.4000000000001,549.85,21.4,4.04958,3.0,1.0,0.1802,0.8354,0.0005,7.5563,-1.1941,9.0055,541.3672,550.02,550.02,546.19,528.450012207031,up,2026-08-21T13:04:45,0.0,0.0
SPXW,2026-10-16,56,Call,7215.0,SPXW261016C07215000,540.2,546.0,543.1,400.2,0.0,0.0,0.0,2.0,0.1806,0.834,0.0005,7.6149,-1.2027,8.9873,542.2012,0.0,0.0,0.0,529.0,up,2026-07-31T10:51:42,0.0,0.0
SPX,2026-10-16,56,Put,7215.0,SPX261016P07215000,47.6,48.4,48.0,47.5,-8.05,-14.4914,53.0,177.0,0.1802,-0.1646,0.0005,7.5563,-1.1941,-1.991,48.0459,47.75,48.25,47.5,55.5499992370606,no_change,2026-08-21T15:19:04,0.0,0.0
SPXW,2026-10-16,56,Put,7215.0,SPXW261016P07215000,48.5,48.9,48.7,54.0,0.0,0.0,0.0,3.0,0.181,-0.166,0.0005,7.6149,-1.2027,-2.009,48.8922,0.0,0.0,0.0,56.2999992370606,down,2026-08-18T15:59:30,0.0,0.0
SPX,2026-10-16,56,Call,7220.0,SPX261016C07220000,536.6,539.2,537.9000000000001,534.95,10.9,2.07996,2.0,44.0,0.1797,0.8336,0.0005,7.6068,-1.1986,8.9919,536.8885,535.83,535.83,534.95,524.049987792969,down,2026-08-21T10:54:07,0.0,0.0
SPXW,2026-10-16,56,Call,7220.0,SPXW261016C07220000,535.7,541.6,538.6500000000001,665.89,0.0,0.0,0.0,7.0,0.1801,0.8322,0.0005,7.6654,-1.2072,8.9737,537.7291,0.0,0.0,0.0,524.550018310547,up,2026-08-14T09:34:16,0.0,0.0
SPX,2026-10-16,56,Put,7220.0,SPX261016P07220000,48.1,48.9,48.5,48.4,-7.7,-13.7255,55.0,1233.0,0.1796,-0.1663,0.0005,7.6068,-1.1986,-2.0121,48.5336,49.3,49.35,48.0,56.1000003814697,up,2026-08-21T15:52:33,0.0,0.0
SPXW,2026-10-16,56,Put,7220.0,SPXW261016P07220000,49.0,49.4,49.2,49.1,-7.8,-13.7083,1.0,37.0,0.1804,-0.1678,0.0005,7.6654,-1.2072,-2.0303,49.3865,49.1,49.1,49.1,56.8999996185303,up,2026-08-21T12:32:41,0.0,0.0
SPX,2026-10-16,56,Call,7225.0,SPX261016C07225000,532.2,534.6,533.4000000000001,540.87,21.27,4.09353,2.0,828.0,0.1791,0.8319,0.0005,7.6575,-1.2031,8.978,532.4164,539.83,540.87,539.83,519.600006103516,up,2026-08-21T12:14:42,0.0,0.0
SPXW,2026-10-16,56,Call,7225.0,SPXW261016C07225000,531.3,537.1,534.2,379.97,0.0,0.0,0.0,25.0,0.1795,0.8304,0.0005,7.7161,-1.2116,8.9597,533.2637,0.0,0.0,0.0,520.200012207031,no_change,2026-07-24T10:45:29,0.0,0.0
SPX,2026-10-16,56,Put,7225.0,SPX261016P07225000,48.6,49.4,49.0,48.55,-8.1,-14.2983,9.0,1891.0,0.1791,-0.1681,0.0005,7.6575,-1.2031,-2.0336,49.0278,49.22,49.22,48.12,56.6500015258789,down,2026-08-21T15:16:06,0.0,0.0
SPXW,2026-10-16,56,Put,7225.0,SPXW261016P07225000,49.5,49.9,49.7,49.46,-7.94,-13.8328,1.0,78.0,0.1799,-0.1695,0.0005,7.7161,-1.2116,-2.0519,49.8874,49.46,49.46,49.46,57.3999996185303,down,2026-08-21T15:05:45,0.0,0.0
SPX,2026-10-16,56,Call,7230.0,SPX261016C07230000,527.8,530.2,529.0,541.73,26.53,5.14946,2.0,96.0,0.1785,0.8301,0.0005,7.7085,-1.2076,8.9638,527.951,541.73,541.73,541.73,515.199981689453,up,2026-08-21T12:03:42,0.0,0.0
SPXW,2026-10-16,56,Call,7230.0,SPXW261016C07230000,526.8,532.6,529.7,365.4,0.0,0.0,0.0,16.0,0.1789,0.8287,0.0005,7.767,-1.2161,8.9453,528.805,0.0,0.0,0.0,515.799987792969,down,2026-07-31T10:21:33,0.0,0.0
SPX,2026-10-16,56,Put,7230.0,SPX261016P07230000,49.1,49.9,49.5,48.1,-9.1,-15.9091,13.0,399.0,0.1785,-0.1699,0.0005,7.7085,-1.2076,-2.0554,49.5287,48.9,49.0,48.1,57.2000007629394,down,2026-08-21T15:48:12,0.0,0.0
SPXW,2026-10-16,56,Put,7230.0,SPXW261016P07230000,50.0,50.4,50.2,49.4,-8.6,-14.8276,3.0,39.0,0.1793,-0.1713,0.0005,7.767,-1.2161,-2.0738,50.3951,50.38,50.38,49.4,58.0,down,2026-08-21T15:38:52,0.0,0.0
SPX,2026-10-16,56,Call,7235.0,SPX261016C07235000,523.2,525.8,524.5,532.21,21.41,4.19146,1.0,1.0,0.178,0.8283,0.0005,7.7598,-1.2121,8.9493,523.4924,532.21,532.21,532.21,510.800003051758,up,2026-08-21T12:59:29,0.0,0.0
SPXW,2026-10-16,56,Call,7235.0,SPXW261016C07235000,522.3,528.2,525.25,345.6,0.0,0.0,0.0,4.0,0.1784,0.8269,0.0005,7.8182,-1.2206,8.9307,524.3532,0.0,0.0,0.0,511.400009155273,down,2026-07-29T10:29:31,0.0,0.0
SPX,2026-10-16,56,Put,7235.0,SPX261016P07235000,49.6,50.4,50.0,49.5,-8.25,-14.2857,1.0,301.0,0.1779,-0.1717,0.0005,7.7598,-1.2121,-2.0776,50.0365,49.5,49.5,49.5,57.75,down,2026-08-21T12:59:29,0.0,0.0
SPXW,2026-10-16,56,Put,7235.0,SPXW261016P07235000,50.5,50.9,50.7,51.1,-7.45,-12.7242,76.0,20.0,0.1787,-0.1731,0.0005,7.8182,-1.2206,-2.0961,50.9096,50.9,51.1,50.9,58.5500011444092,up,2026-08-21T14:24:47,0.0,0.0
SPX,2026-10-16,56,Call,7240.0,SPX261016C07240000,518.9,521.2,520.05,595.82,0.0,0.0,0.0,4.0,0.1774,0.8265,0.0005,7.8112,-1.2166,8.9344,519.0407,0.0,0.0,0.0,506.399993896484,up,2026-06-02T09:30:13,0.0,0.0
SPXW,2026-10-16,56,Call,7240.0,SPXW261016C07240000,517.9,523.7,520.8,376.6,0.0,0.0,0.0,11.0,0.1778,0.825,0.0005,7.8695,-1.2251,8.9157,519.9084,0.0,0.0,0.0,506.949996948242,up,2026-07-31T10:45:35,0.0,0.0
SPX,2026-10-16,56,Put,7240.0,SPX261016P07240000,50.1,50.9,50.5,50.4,-7.95,-13.6247,1.0,322.0,0.1773,-0.1735,0.0005,7.8112,-1.2166,-2.1001,50.5511,50.4,50.4,50.4,58.3499984741211,down,2026-08-21T15:52:33,0.0,0.0
SPXW,2026-10-16,56,Put,7240.0,SPXW261016P07240000,51.0,51.4,51.2,51.65,-7.45,-12.6058,161.0,16.0,0.1781,-0.1749,0.0005,7.8695,-1.2251,-2.1187,51.4312,53.22,53.22,51.65,59.1000003814697,down,2026-08-21T14:07:11,0.0,0.0
SPX,2026-10-16,56,Call,7245.0,SPX261016C07245000,514.4,516.8,515.5999999999999,516.12,14.12,2.81275,3.0,33.0,0.1768,0.8246,0.0005,7.8628,-1.221,8.9192,514.5961,522.59,522.59,516.12,502.0,down,2026-08-21T13:39:50,0.0,0.0
SPXW,2026-10-16,56,Call,7245.0,SPXW261016C07245000,513.4,519.3,516.3499999999999,368.4,0.0,0.0,0.0,4.0,0.1773,0.8232,0.0005,7.9209,-1.2295,8.9004,515.4708,0.0,0.0,0.0,502.599990844727,down,2026-07-31T10:37:03,0.0,0.0
SPX,2026-10-16,56,Put,7245.0,SPX261016P07245000,50.6,51.4,51.0,51.01,-7.89,-13.3956,3.0,190.0,0.1768,-0.1754,0.0005,7.8628,-1.221,-2.1229,51.0729,50.85,51.01,50.65,58.8999996185303,up,2026-08-21T13:39:50,0.0,0.0
SPXW,2026-10-16,56,Put,7245.0,SPXW261016P07245000,51.5,51.9,51.7,78.21,0.0,0.0,0.0,9.0,0.1776,-0.1768,0.0005,7.9209,-1.2295,-2.1416,51.9598,0.0,0.0,0.0,59.7000007629394,down,2026-08-04T09:48:12,0.0,0.0
SPX,2026-10-16,56,Call,7250.0,SPX261016C07250000,510.2,512.2,511.20000000000005,514.13,16.53,3.32195,10.0,4492.0,0.1765,0.8228,0.0005,7.9145,-1.2255,8.9037,510.1587,514.47,515.35,512.63,497.599990844727,down,2026-08-21T15:55:50,0.0,0.0
SPXW,2026-10-16,56,Call,7250.0,SPXW261016C07250000,509.0,514.8,511.9,512.09,0.0,0.0,0.0,24.0,0.1768,0.8213,0.0005,7.9724,-1.234,8.8849,511.0404,0.0,0.0,0.0,498.199996948242,down,2026-08-20T13:48:11,0.0,0.0
SPX,2026-10-16,56,Put,7250.0,SPX261016P07250000,51.1,51.9,51.5,51.65,-7.8,-13.1203,1152.0,6271.0,0.1762,-0.1772,0.0005,7.9145,-1.2255,-2.146,51.6019,53.67,54.25,50.1,59.4500007629394,up,2026-08-21T15:59:41,0.0,0.0
SPXW,2026-10-16,56,Put,7250.0,SPXW261016P07250000,52.1,52.5,52.3,52.51,-7.79,-12.9187,214.0,1496.0,0.1771,-0.1787,0.0005,7.9724,-1.234,-2.1647,52.4958,54.83,54.83,51.4,60.2999992370606,up,2026-08-21T16:12:35,0.0,0.0
SPX,2026-10-16,56,Call,7255.0,SPX261016C07255000,505.6,507.9,506.75,513.36,20.11,4.07704,5.0,0.0,0.1757,0.8209,0.0005,7.9663,-1.23,8.888,505.7287,516.23,516.25,512.65,493.25,up,2026-08-21T13:03:19,0.0,0.0
SPXW,2026-10-16,56,Call,7255.0,SPXW261016C07255000,504.7,510.4,507.54999999999995,377.2,0.0,0.0,0.0,20.0,0.1761,0.8194,0.0005,8.024,-1.2384,8.8691,506.6173,0.0,0.0,0.0,493.900009155273,up,2026-07-31T12:22:40,0.0,0.0
SPX,2026-10-16,56,Put,7255.0,SPX261016P07255000,51.7,52.5,52.1,51.6,-8.45,-14.0716,5.0,47.0,0.1757,-0.1791,0.0005,7.9663,-1.23,-2.1694,52.1381,51.85,51.9,51.3,60.0499992370606,down,2026-08-21T13:03:19,0.0,0.0
SPXW,2026-10-16,56,Put,7255.0,SPXW261016P07255000,52.6,53.0,52.8,52.0,0.0,0.0,0.0,25.0,0.1765,-0.1806,0.0005,8.024,-1.2384,-2.1881,53.0391,0.0,0.0,0.0,60.8999996185303,down,2026-08-17T15:59:30,0.0,0.0
SPX,2026-10-16,56,Call,7260.0,SPX261016C07260000,501.0,503.5,502.25,510.02,21.12,4.3199,1.0,66.0,0.1753,0.819,0.0005,8.0181,-1.2344,8.8719,501.3061,510.02,510.02,510.02,488.899993896484,down,2026-08-21T12:12:34,0.0,0.0
SPXW,2026-10-16,56,Call,7260.0,SPXW261016C07260000,500.2,506.0,503.1,370.4,0.0,0.0,0.0,13.0,0.1756,0.8175,0.0005,8.0756,-1.2428,8.853,502.2018,0.0,0.0,0.0,489.5,up,2026-07-31T12:11:43,0.0,0.0
SPX,2026-10-16,56,Put,7260.0,SPX261016P07260000,52.2,53.0,52.6,52.5,-8.15,-13.4378,2.0,787.0,0.1752,-0.181,0.0005,8.0181,-1.2344,-2.193,52.6819,52.4,52.5,52.4,60.6500015258789,up,2026-08-21T15:52:30,0.0,0.0
SPXW,2026-10-16,56,Put,7260.0,SPXW261016P07260000,53.2,53.6,53.400000000000006,53.2,-8.3,-13.4959,35.0,35.0,0.176,-0.1825,0.0005,8.0756,-1.2428,-2.2118,53.5898,53.2,53.2,53.2,61.5,no_change,2026-08-21T15:51:59,0.0,0.0
SPX,2026-10-16,56,Call,7265.0,SPX261016C07265000,496.7,499.1,497.9,504.32,19.82,4.09082,5.0,0.0,0.1746,0.817,0.0005,8.07,-1.2388,8.8556,496.891,504.65,505.27,504.15,484.5,no_change,2026-08-21T13:06:17,0.0,0.0
SPXW,2026-10-16,56,Call,7265.0,SPXW261016C07265000,495.8,501.6,498.70000000000005,377.7,0.0,0.0,0.0,26.0,0.175,0.8156,0.0005,8.1272,-1.2472,8.8368,497.7938,0.0,0.0,0.0,485.099990844727,up,2026-07-31T13:02:59,0.0,0.0
SPX,2026-10-16,56,Put,7265.0,SPX261016P07265000,52.8,53.6,53.2,52.95,-8.3,-13.551,6.0,775.0,0.1746,-0.183,0.0005,8.07,-1.2388,-2.2169,53.2331,52.85,52.95,52.65,61.25,up,2026-08-21T13:22:07,0.0,0.0
SPXW,2026-10-16,56,Put,7265.0,SPXW261016P07265000,53.7,54.1,53.900000000000006,62.5,0.0,0.0,0.0,33.0,0.1753,-0.1844,0.0005,8.1272,-1.2472,-2.2357,54.1482,0.0,0.0,0.0,62.1000003814697,up,2026-08-20T15:00:58,0.0,0.0
SPX,2026-10-16,56,Call,7270.0,SPX261016C07270000,492.2,494.7,493.45,502.46,22.26,4.63557,7.0,123.0,0.1741,0.8151,0.0005,8.1219,-1.2432,8.8391,492.4836,506.17,506.17,502.46,480.199996948242,down,2026-08-21T12:29:29,0.0,0.0
SPXW,2026-10-16,56,Call,7270.0,SPXW261016C07270000,491.4,497.1,494.25,379.6,0.0,0.0,0.0,187.0,0.1745,0.8136,0.0005,8.1789,-1.2516,8.8202,493.3935,0.0,0.0,0.0,480.800003051758,up,2026-07-31T14:17:01,0.0,0.0
SPX,2026-10-16,56,Put,7270.0,SPX261016P07270000,53.3,54.1,53.7,53.6,-8.3,-13.4087,12.0,552.0,0.1741,-0.1849,0.0005,8.1219,-1.2432,-2.2411,53.792,54.15,54.55,53.05,61.8999996185303,down,2026-08-21T15:52:30,0.0,0.0
SPXW,2026-10-16,56,Put,7270.0,SPXW261016P07270000,54.3,54.7,54.5,54.2,-8.55,-13.6255,12.0,32.0,0.1748,-0.1864,0.0005,8.1789,-1.2516,-2.2598,54.7142,54.2,54.2,54.2,62.75,down,2026-08-21T15:51:58,0.0,0.0
SPX,2026-10-16,56,Call,7275.0,SPX261016C07275000,487.9,490.2,489.04999999999995,501.85,26.0,5.46391,1.0,923.0,0.1736,0.8131,0.0005,8.1739,-1.2476,8.8224,488.0839,501.85,501.85,501.85,475.850006103516,down,2026-08-21T12:03:04,0.0,0.0
SPXW,2026-10-16,56,Call,7275.0,SPXW261016C07275000,487.0,492.7,489.85,461.85,0.0,0.0,0.0,20.0,0.1739,0.8116,0.0005,8.2307,-1.256,8.8035,489.001,0.0,0.0,0.0,476.400009155273,up,2026-08-03T14:28:30,0.0,0.0
SPX,2026-10-16,56,Put,7275.0,SPX261016P07275000,53.9,54.7,54.3,54.27,-8.28,-13.2374,12.0,921.0,0.1735,-0.1869,0.0005,8.1739,-1.2476,-2.2654,54.3587,56.35,56.35,52.59,62.5499992370606,up,2026-08-21T15:53:23,0.0,0.0
SPXW,2026-10-16,56,Put,7275.0,SPXW261016P07275000,54.8,55.3,55.05,54.73,-8.62,-13.6069,1.0,149.0,0.1742,-0.1884,0.0005,8.2307,-1.256,-2.2842,55.2881,54.73,54.73,54.73,63.3500003814697,down,2026-08-21T15:05:45,0.0,0.0
SPX,2026-10-16,56,Call,7280.0,SPX261016C07280000,483.5,485.8,484.65,475.03,0.0,0.0,0.0,443.0,0.1731,0.811,0.0005,8.2259,-1.252,8.8054,483.6921,0.0,0.0,0.0,471.5,down,2026-08-20T15:11:32,0.0,0.0
SPXW,2026-10-16,56,Call,7280.0,SPXW261016C07280000,482.6,488.4,485.5,367.4,0.0,0.0,0.0,17.0,0.1733,0.8096,0.0005,8.2825,-1.2604,8.7866,484.6163,0.0,0.0,0.0,472.099990844727,up,2026-07-31T13:50:12,0.0,0.0
SPX,2026-10-16,56,Put,7280.0,SPX261016P07280000,54.5,55.3,54.9,54.81,-8.34,-13.2067,2.0,698.0,0.1729,-0.1889,0.0005,8.2259,-1.252,-2.29,54.9332,54.81,54.81,54.81,63.1500015258789,down,2026-08-21T15:54:57,0.0,0.0
SPXW,2026-10-16,56,Put,7280.0,SPXW261016P07280000,55.4,55.8,55.599999999999994,63.3,0.0,0.0,0.0,25.0,0.1737,-0.1904,0.0005,8.2825,-1.2604,-2.3087,55.8698,0.0,0.0,0.0,63.9999980926514,up,2026-08-20T15:39:22,0.0,0.0
SPX,2026-10-16,56,Call,7285.0,SPX261016C07285000,479.1,481.5,480.3,489.54,22.39,4.79289,1.0,27.0,0.1724,0.809,0.0005,8.278,-1.2564,8.7882,479.3083,489.54,489.54,489.54,467.149993896484,up,2026-08-21T12:28:52,0.0,0.0
SPXW,2026-10-16,56,Call,7285.0,SPXW261016C07285000,478.3,484.1,481.20000000000005,368.4,0.0,0.0,0.0,9.0,0.1729,0.8075,0.0005,8.3344,-1.2648,8.7694,480.2397,0.0,0.0,0.0,467.850006103516,up,2026-07-31T13:25:58,0.0,0.0
SPX,2026-10-16,56,Put,7285.0,SPX261016P07285000,55.0,55.9,55.45,55.2,-8.6,-13.4796,2.0,673.0,0.1724,-0.191,0.0005,8.278,-1.2564,-2.3148,55.5158,54.75,55.2,54.75,63.7999992370606,up,2026-08-21T14:53:59,0.0,0.0
SPXW,2026-10-16,56,Put,7285.0,SPXW261016P07285000,56.0,56.4,56.2,65.41,0.0,0.0,0.0,31.0,0.1731,-0.1924,0.0005,8.3344,-1.2648,-2.3335,56.4595,0.0,0.0,0.0,64.6500015258789,up,2026-08-20T15:59:42,0.0,0.0
SPX,2026-10-16,56,Call,7290.0,SPX261016C07290000,474.8,477.1,475.95000000000005,459.8,0.0,0.0,0.0,172.0,0.1718,0.8069,0.0005,8.3302,-1.2608,8.7708,474.9325,0.0,0.0,0.0,462.850006103516,down,2026-08-20T15:55:10,0.0,0.0
SPXW,2026-10-16,56,Call,7290.0,SPXW261016C07290000,473.9,479.6,476.75,298.1,0.0,0.0,0.0,13.0,0.1723,0.8054,0.0005,8.3864,-1.2691,8.752,475.8711,0.0,0.0,0.0,463.549987792969,down,2026-07-29T11:59:45,0.0,0.0
SPX,2026-10-16,56,Put,7290.0,SPX261016P07290000,55.6,56.4,56.0,55.4,-9.05,-14.0419,1.0,785.0,0.1718,-0.193,0.0005,8.3302,-1.2608,-2.3398,56.1063,55.4,55.4,55.4,64.4499969482422,down,2026-08-21T15:50:58,0.0,0.0
SPXW,2026-10-16,56,Put,7290.0,SPXW261016P07290000,56.6,57.0,56.8,61.8,0.0,0.0,0.0,28.0,0.1726,-0.1945,0.0005,8.3864,-1.2691,-2.3585,57.0573,0.0,0.0,0.0,65.2999992370606,no_change,2026-08-20T12:17:37,0.0,0.0
SPX,2026-10-16,56,Call,7295.0,SPX261016C07295000,470.4,472.7,471.54999999999995,478.85,20.3,4.427,2.0,18.0,0.1714,0.8048,0.0005,8.3826,-1.2651,8.7531,470.5649,478.94,478.94,478.85,458.550003051758,down,2026-08-21T13:02:16,0.0,0.0
SPXW,2026-10-16,56,Call,7295.0,SPXW261016C07295000,469.5,475.2,472.35,0.0,0.0,0.0,0.0,0.0,0.1717,0.8034,0.0005,8.4387,-1.2734,8.7344,471.5108,0.0,0.0,0.0,459.25,no_change,,0.0,0.0
SPX,2026-10-16,56,Put,7295.0,SPX261016P07295000,56.2,57.0,56.6,56.05,-9.05,-13.9017,2.0,164.0,0.1713,-0.1951,0.0005,8.3826,-1.2651,-2.3651,56.7051,56.2,56.2,56.05,65.1000022888184,down,2026-08-21T13:02:16,0.0,0.0
SPXW,2026-10-16,56,Put,7295.0,SPXW261016P07295000,57.2,57.6,57.400000000000006,57.1,-8.85,-13.4193,38.0,76.0,0.172,-0.1966,0.0005,8.4387,-1.2734,-2.3838,57.6633,57.3,57.3,57.1,65.9500007629394,no_change,2026-08-21T15:51:58,0.0,0.0
SPX,2026-10-16,56,Call,7300.0,SPX261016C07300000,466.2,468.2,467.2,473.13,18.93,4.16777,310.0,8473.0,0.1708,0.8027,0.0005,8.4351,-1.2694,8.7352,466.2056,461.73,475.47,461.16,454.199996948242,up,2026-08-21T15:39:33,0.0,0.0
SPXW,2026-10-16,56,Call,7300.0,SPXW261016C07300000,465.1,470.9,468.0,551.68,0.0,0.0,0.0,100.0,0.1712,0.8012,0.0005,8.4911,-1.2778,8.7165,467.1588,0.0,0.0,0.0,454.950012207031,down,2026-08-17T13:48:48,0.0,0.0
SPX,2026-10-16,56,Put,7300.0,SPX261016P07300000,56.9,57.6,57.25,57.35,-8.4,-12.7757,1329.0,13424.0,0.1706,-0.1973,0.0005,8.4351,-1.2694,-2.3906,57.3121,58.5,60.4,55.36,65.75,up,2026-08-21T15:59:41,0.0,0.0
SPXW,2026-10-16,56,Put,7300.0,SPXW261016P07300000,57.8,58.2,58.0,58.3,-8.35,-12.5281,38.0,382.0,0.1716,-0.1987,0.0005,8.4911,-1.2778,-2.4093,58.2776,60.58,60.58,57.35,66.6500015258789,down,2026-08-21T16:13:47,0.0,0.0
SPX,2026-10-16,56,Call,7305.0,SPX261016C07305000,461.7,464.0,462.85,462.38,12.63,2.80823,6.0,18.0,0.1703,0.8006,0.0006,8.4879,-1.2738,8.717,461.8548,475.31,475.31,461.02,449.75,up,2026-08-21T14:20:57,0.0,0.0
SPXW,2026-10-16,56,Call,7305.0,SPXW261016C07305000,460.8,466.5,463.65,551.93,0.0,0.0,0.0,9.0,0.1706,0.7991,0.0006,8.5438,-1.282,8.6982,462.8152,0.0,0.0,0.0,450.649993896484,no_change,2026-08-04T13:09:02,0.0,0.0
SPX,2026-10-16,56,Put,7305.0,SPX261016P07305000,57.4,58.3,57.849999999999994,57.9,-8.55,-12.8668,6.0,863.0,0.1701,-0.1994,0.0006,8.4879,-1.2738,-2.4164,57.9276,57.15,58.2,57.15,66.4499969482422,down,2026-08-21T14:20:57,0.0,0.0
SPXW,2026-10-16,56,Put,7305.0,SPXW261016P07305000,58.4,58.9,58.65,58.9,-8.4,-12.4814,16.0,12.0,0.171,-0.2009,0.0006,8.5438,-1.282,-2.4351,58.9004,59.8,59.8,58.9,67.2999992370606,down,2026-08-21T14:24:42,0.0,0.0
SPX,2026-10-16,56,Call,7310.0,SPX261016C07310000,457.3,459.6,458.45000000000005,468.74,23.09,5.1812,3.0,47.0,0.1696,0.7984,0.0006,8.5409,-1.2781,8.6985,457.5124,470.94,470.94,468.74,445.649993896484,down,2026-08-21T12:06:00,0.0,0.0
SPXW,2026-10-16,56,Call,7310.0,SPXW261016C07310000,456.5,462.2,459.35,320.2,0.0,0.0,0.0,17.0,0.1701,0.7969,0.0006,8.5967,-1.2863,8.6797,458.4802,0.0,0.0,0.0,446.350006103516,up,2026-07-31T10:43:57,0.0,0.0
SPX,2026-10-16,56,Put,7310.0,SPX261016P07310000,58.1,58.9,58.5,56.8,-10.3,-15.3502,657.0,399.0,0.1696,-0.2016,0.0006,8.5409,-1.2781,-2.4426,58.5516,58.32,58.77,56.8,67.1000022888184,down,2026-08-21T15:48:12,0.0,0.0
SPXW,2026-10-16,56,Put,7310.0,SPXW261016P07310000,59.1,59.5,59.3,55.9,0.0,0.0,0.0,25.0,0.1704,-0.2031,0.0006,8.5967,-1.2863,-2.4613,59.5317,0.0,0.0,0.0,68.0,no_change,2026-08-19T15:32:46,0.0,0.0
SPX,2026-10-16,56,Call,7315.0,SPX261016C07315000,452.9,455.3,454.1,452.62,11.27,2.55353,6.0,5.0,0.1692,0.7962,0.0006,8.5942,-1.2823,8.6797,453.1788,463.89,463.89,452.58,441.350006103516,down,2026-08-21T14:09:55,0.0,0.0
SPXW,2026-10-16,56,Call,7315.0,SPXW261016C07315000,452.1,457.8,454.95000000000005,359.8,0.0,0.0,0.0,12.0,0.1696,0.7947,0.0006,8.6499,-1.2906,8.6608,454.154,0.0,0.0,0.0,442.049987792969,up,2026-07-31T15:50:56,0.0,0.0
SPX,2026-10-16,56,Put,7315.0,SPX261016P07315000,58.7,59.5,59.1,59.4,-8.4,-12.3894,7.0,130.0,0.1691,-0.2038,0.0006,8.5942,-1.2823,-2.469,59.1844,61.8,61.8,58.59,67.7999992370606,no_change,2026-08-21T14:09:55,0.0,0.0
SPXW,2026-10-16,56,Put,7315.0,SPXW261016P07315000,59.7,60.1,59.900000000000006,69.3,0.0,0.0,0.0,19.0,0.1698,-0.2053,0.0006,8.6499,-1.2906,-2.4878,60.1718,0.0,0.0,0.0,68.7000007629394,up,2026-08-20T15:20:06,0.0,0.0
SPX,2026-10-16,56,Call,7320.0,SPX261016C07320000,448.7,451.0,449.85,459.31,22.16,5.0692,2.0,76.0,0.1687,0.794,0.0006,8.6478,-1.2866,8.6605,448.8541,459.31,459.31,459.31,437.149993896484,up,2026-08-21T12:08:20,0.0,0.0
SPXW,2026-10-16,56,Call,7320.0,SPXW261016C07320000,447.8,453.5,450.65,297.8,0.0,0.0,0.0,11.0,0.1689,0.7925,0.0006,8.7035,-1.2948,8.6416,449.8367,0.0,0.0,0.0,437.800003051758,up,2026-07-29T15:18:00,0.0,0.0
SPX,2026-10-16,56,Put,7320.0,SPX261016P07320000,59.4,60.2,59.8,58.1,-10.4,-15.1825,82.0,547.0,0.1685,-0.206,0.0006,8.6478,-1.2866,-2.4958,59.826,61.73,61.73,58.1,68.5,down,2026-08-21T15:48:12,0.0,0.0
SPXW,2026-10-16,56,Put,7320.0,SPXW261016P07320000,60.3,60.8,60.55,60.73,-8.67,-12.4928,14.0,10.0,0.1693,-0.2075,0.0006,8.7035,-1.2948,-2.5146,60.8208,60.4,60.73,60.4,69.3999977111816,up,2026-08-21T16:09:56,0.0,0.0
SPX,2026-10-16,56,Call,7325.0,SPX261016C07325000,444.4,446.7,445.54999999999995,462.18,29.33,6.77602,1.0,792.0,0.1682,0.7917,0.0006,8.7018,-1.2908,8.6409,444.5384,462.18,462.18,462.18,432.850006103516,up,2026-08-21T11:57:10,0.0,0.0
SPXW,2026-10-16,56,Call,7325.0,SPXW261016C07325000,443.6,449.2,446.4,484.73,0.0,0.0,0.0,26.0,0.1684,0.7902,0.0006,8.7573,-1.299,8.6219,445.5284,0.0,0.0,0.0,433.549987792969,up,2026-08-18T09:33:20,0.0,0.0
SPX,2026-10-16,56,Put,7325.0,SPX261016P07325000,60.0,60.8,60.4,59.9,-9.3,-13.4393,4.0,2484.0,0.168,-0.2082,0.0006,8.7018,-1.2908,-2.523,60.4766,59.0,60.0,59.0,69.2000007629394,down,2026-08-21T15:11:48,0.0,0.0
SPXW,2026-10-16,56,Put,7325.0,SPXW261016P07325000,61.0,61.4,61.2,61.2,-8.95,-12.7584,6.0,65.0,0.1687,-0.2097,0.0006,8.7573,-1.299,-2.542,61.4789,64.76,64.76,60.5,70.1500015258789,up,2026-08-21T15:52:58,0.0,0.0
SPX,2026-10-16,56,Call,7330.0,SPX261016C07330000,440.1,442.3,441.20000000000005,436.95,8.35,1.94821,2.0,22.0,0.1674,0.7894,0.0006,8.756,-1.295,8.6208,440.2318,438.3,438.3,436.95,428.599990844727,down,2026-08-21T10:54:38,0.0,0.0
SPXW,2026-10-16,56,Call,7330.0,SPXW261016C07330000,439.3,444.9,442.1,273.6,0.0,0.0,0.0,19.0,0.1678,0.788,0.0006,8.8114,-1.3032,8.6017,441.2294,0.0,0.0,0.0,429.350006103516,down,2026-07-30T09:30:35,0.0,0.0
SPX,2026-10-16,56,Put,7330.0,SPX261016P07330000,60.6,61.5,61.05,60.9,-9.05,-12.9378,7.0,214.0,0.1674,-0.2105,0.0006,8.756,-1.295,-2.5507,61.1364,62.05,62.51,60.6,69.9499969482422,up,2026-08-21T15:52:30,0.0,0.0
SPXW,2026-10-16,56,Put,7330.0,SPXW261016P07330000,61.7,62.1,61.900000000000006,61.7,-9.15,-12.9146,38.0,88.0,0.1682,-0.212,0.0006,8.8114,-1.3032,-2.5697,62.1463,61.6,61.7,61.6,70.8499984741211,up,2026-08-21T15:52:01,0.0,0.0
SPX,2026-10-16,56,Call,7335.0,SPX261016C07335000,435.8,438.0,436.9,435.37,11.02,2.59691,12.0,18.0,0.1668,0.7871,0.0006,8.8105,-1.2992,8.6003,435.9347,457.38,457.38,435.35,424.350006103516,up,2026-08-21T14:16:33,0.0,0.0
SPXW,2026-10-16,56,Call,7335.0,SPXW261016C07335000,435.0,440.6,437.8,301.5,0.0,0.0,0.0,6.0,0.1673,0.7856,0.0006,8.8658,-1.3073,8.5812,436.9398,0.0,0.0,0.0,425.099990844727,down,2026-07-31T10:36:03,0.0,0.0
SPX,2026-10-16,56,Put,7335.0,SPX261016P07335000,61.3,62.1,61.7,62.15,-8.5,-12.0311,13.0,236.0,0.1669,-0.2128,0.0006,8.8105,-1.2992,-2.5788,61.8056,64.49,64.49,59.6,70.6500015258789,no_change,2026-08-21T14:16:33,0.0,0.0
SPXW,2026-10-16,56,Put,7335.0,SPXW261016P07335000,62.3,62.8,62.55,58.97,0.0,0.0,0.0,6.0,0.1677,-0.2143,0.0006,8.8658,-1.3073,-2.5979,62.823,0.0,0.0,0.0,71.6000022888184,down,2026-08-19T15:31:22,0.0,0.0
SPX,2026-10-16,56,Call,7340.0,SPX261016C07340000,431.5,433.7,432.6,440.7,20.55,4.89111,7.0,42.0,0.1665,0.7848,0.0006,8.8652,-1.3033,8.5794,431.6471,431.62,440.7,431.62,420.149993896484,up,2026-08-21T12:11:31,0.0,0.0
SPXW,2026-10-16,56,Call,7340.0,SPXW261016C07340000,430.7,436.3,433.5,522.43,0.0,0.0,0.0,25.0,0.1668,0.7833,0.0006,8.9204,-1.3115,8.5601,432.6599,0.0,0.0,0.0,420.900009155273,no_change,2026-08-04T13:09:09,0.0,0.0
SPX,2026-10-16,56,Put,7340.0,SPX261016P07340000,62.0,62.8,62.4,60.6,-10.8,-15.126,7.0,1192.0,0.1663,-0.2152,0.0006,8.8652,-1.3033,-2.6074,62.4844,65.2,65.2,60.6,71.3999977111816,down,2026-08-21T15:48:12,0.0,0.0
SPXW,2026-10-16,56,Put,7340.0,SPXW261016P07340000,63.0,63.4,63.2,64.61,-7.74,-10.698,1.0,62.0,0.1671,-0.2167,0.0006,8.9204,-1.3115,-2.6265,63.5094,64.61,64.61,64.61,72.3499984741211,down,2026-08-21T10:52:34,0.0,0.0
SPX,2026-10-16,56,Call,7345.0,SPX261016C07345000,427.2,429.4,428.29999999999995,427.75,11.85,2.84924,14.0,39.0,0.1659,0.7824,0.0006,8.9202,-1.3074,8.558,427.3694,437.37,437.37,426.57,415.900009155273,down,2026-08-21T14:21:29,0.0,0.0
SPXW,2026-10-16,56,Call,7345.0,SPXW261016C07345000,426.4,432.0,429.2,518.18,0.0,0.0,0.0,1.0,0.1663,0.7809,0.0006,8.9752,-1.3156,8.5386,428.3898,0.0,0.0,0.0,416.699996948242,no_change,2026-08-04T13:09:09,0.0,0.0
SPX,2026-10-16,56,Put,7345.0,SPX261016P07345000,62.7,63.5,63.1,63.14,-9.06,-12.5485,232.0,871.0,0.1658,-0.2176,0.0006,8.9202,-1.3074,-2.6364,63.173,65.2,65.2,62.3,72.2000007629394,no_change,2026-08-21T14:21:29,0.0,0.0
SPXW,2026-10-16,56,Put,7345.0,SPXW261016P07345000,63.7,64.1,63.9,66.67,-6.43,-8.79617,1.0,37.0,0.1666,-0.219,0.0006,8.9752,-1.3156,-2.6557,64.2057,66.67,66.67,66.67,73.1000022888184,up,2026-08-21T10:35:14,0.0,0.0
SPX,2026-10-16,56,Call,7350.0,SPX261016C07350000,423.0,425.1,424.05,431.97,20.27,4.92349,6.0,2112.0,0.1654,0.78,0.0006,8.9753,-1.3115,8.5361,423.1016,425.72,433.21,425.72,411.699996948242,down,2026-08-21T12:11:01,0.0,0.0
SPXW,2026-10-16,56,Call,7350.0,SPXW261016C07350000,422.1,427.7,424.9,513.92,0.0,0.0,0.0,85.0,0.1657,0.7785,0.0006,9.0301,-1.3196,8.5167,424.1297,0.0,0.0,0.0,412.5,up,2026-08-04T13:09:13,0.0,0.0
SPX,2026-10-16,56,Put,7350.0,SPX261016P07350000,63.4,64.1,63.75,62.0,-10.9,-14.952,16.0,7981.0,0.1652,-0.22,0.0006,8.9753,-1.3115,-2.6659,63.8715,66.28,66.66,62.0,72.8999977111816,down,2026-08-21T15:48:12,0.0,0.0
SPXW,2026-10-16,56,Put,7350.0,SPXW261016P07350000,64.4,64.8,64.6,64.87,-9.08,-12.2786,33.0,338.0,0.166,-0.2214,0.0006,9.0301,-1.3196,-2.6852,64.912,64.56,64.9,63.94,73.9499969482422,down,2026-08-21T16:12:35,0.0,0.0
SPX,2026-10-16,56,Call,7355.0,SPX261016C07355000,418.7,420.9,419.79999999999995,425.13,17.63,4.32638,8.0,17.0,0.1649,0.7776,0.0006,9.0305,-1.3156,8.5137,418.844,428.85,428.85,425.13,407.5,down,2026-08-21T13:14:10,0.0,0.0
SPXW,2026-10-16,56,Call,7355.0,SPXW261016C07355000,418.0,423.5,420.75,526.89,0.0,0.0,0.0,6.0,0.1652,0.7761,0.0006,9.085,-1.3237,8.4942,419.8799,0.0,0.0,0.0,408.300003051758,down,2026-08-13T11:57:55,0.0,0.0
SPX,2026-10-16,56,Put,7355.0,SPX261016P07355000,64.1,64.9,64.5,63.9,-9.8,-13.2972,8.0,527.0,0.1647,-0.2224,0.0006,9.0305,-1.3156,-2.6959,64.5803,64.19,64.2,63.8,73.7000007629394,up,2026-08-21T13:14:10,0.0,0.0
SPXW,2026-10-16,56,Put,7355.0,SPXW261016P07355000,65.1,65.5,65.3,74.72,0.0,0.0,0.0,17.0,0.1655,-0.2239,0.0006,9.085,-1.3237,-2.7153,65.6285,0.0,0.0,0.0,74.6500015258789,up,2026-08-20T15:47:47,0.0,0.0
SPX,2026-10-16,56,Call,7360.0,SPX261016C07360000,414.3,416.7,415.5,423.1,19.8,4.9095,4.0,88.0,0.1643,0.7751,0.0006,9.0857,-1.3196,8.4909,414.5968,423.62,423.62,423.1,403.300003051758,down,2026-08-21T12:12:55,0.0,0.0
SPXW,2026-10-16,56,Call,7360.0,SPXW261016C07360000,413.8,419.2,416.5,483.57,0.0,0.0,0.0,1.0,0.1646,0.7737,0.0006,9.1399,-1.3276,8.4714,415.6405,0.0,0.0,0.0,404.099990844727,down,2026-08-06T15:02:24,0.0,0.0
SPX,2026-10-16,56,Put,7360.0,SPX261016P07360000,64.8,65.6,65.19999999999999,65.0,-9.5,-12.7517,37.0,286.0,0.1641,-0.2248,0.0006,9.0857,-1.3196,-2.7263,65.2994,67.8,68.0,64.65,74.5,up,2026-08-21T15:52:30,0.0,0.0
SPXW,2026-10-16,56,Put,7360.0,SPXW261016P07360000,65.8,66.3,66.05,59.4,0.0,0.0,0.0,8.0,0.1649,-0.2263,0.0006,9.1399,-1.3276,-2.7457,66.3554,0.0,0.0,0.0,75.3999977111816,down,2026-08-17T10:02:21,0.0,0.0
SPX,2026-10-16,56,Call,7365.0,SPX261016C07365000,410.2,412.4,411.29999999999995,417.04,17.89,4.48203,6.0,32.0,0.1638,0.7726,0.0006,9.1409,-1.3236,8.4676,410.3601,419.45,419.45,417.04,399.149993896484,down,2026-08-21T13:12:21,0.0,0.0
SPXW,2026-10-16,56,Call,7365.0,SPXW261016C07365000,409.6,415.0,412.3,296.8,0.0,0.0,0.0,11.0,0.1641,0.7712,0.0006,9.1947,-1.3316,8.4482,411.4116,0.0,0.0,0.0,399.949996948242,up,2026-07-27T10:10:07,0.0,0.0
SPX,2026-10-16,56,Put,7365.0,SPX261016P07365000,65.5,66.4,65.95,64.5,-10.8,-14.3426,74.0,194.0,0.1636,-0.2273,0.0006,9.1409,-1.3236,-2.7572,66.0291,63.97,65.55,63.97,75.2999992370606,no_change,2026-08-21T15:44:02,0.0,0.0
SPXW,2026-10-16,56,Put,7365.0,SPXW261016P07365000,66.6,67.0,66.8,60.76,0.0,0.0,0.0,11.0,0.1644,-0.2288,0.0006,9.1947,-1.3316,-2.7766,67.0929,0.0,0.0,0.0,76.2000007629394,down,2026-08-13T09:45:57,0.0,0.0
SPX,2026-10-16,56,Call,7370.0,SPX261016C07370000,406.0,408.2,407.1,414.42,19.42,4.91646,10.0,86.0,0.163,0.7701,0.0006,9.196,-1.3276,8.4441,406.1342,416.57,416.57,414.42,395.0,down,2026-08-21T12:14:38,0.0,0.0
SPXW,2026-10-16,56,Call,7370.0,SPXW261016C07370000,405.3,410.8,408.05,273.8,0.0,0.0,0.0,13.0,0.1636,0.7687,0.0006,9.2495,-1.3355,8.4246,407.1936,0.0,0.0,0.0,395.800003051758,down,2026-07-30T13:43:18,0.0,0.0
SPX,2026-10-16,56,Put,7370.0,SPX261016P07370000,66.2,67.1,66.65,65.0,-11.1,-14.5861,26.0,188.0,0.1631,-0.2298,0.0006,9.196,-1.3276,-2.7884,66.7695,65.99,66.4,64.8,76.1000022888184,up,2026-08-21T15:50:00,0.0,0.0
SPXW,2026-10-16,56,Put,7370.0,SPXW261016P07370000,67.3,67.7,67.5,77.07,0.0,0.0,0.0,10.0,0.1639,-0.2313,0.0006,9.2495,-1.3355,-2.8077,67.8411,0.0,0.0,0.0,77.0,up,2026-08-20T15:47:47,0.0,0.0
SPX,2026-10-16,56,Call,7375.0,SPX261016C07375000,401.7,403.9,402.79999999999995,443.34,0.0,0.0,0.0,803.0,0.1625,0.7676,0.0006,9.251,-1.3315,8.4201,401.9193,0.0,0.0,0.0,390.800003051758,up,2026-08-19T13:28:02,0.0,0.0
SPXW,2026-10-16,56,Call,7375.0,SPXW261016C07375000,401.1,406.5,403.8,448.65,0.0,0.0,0.0,202.0,0.163,0.7661,0.0006,9.304,-1.3394,8.4007,402.9864,0.0,0.0,0.0,391.649993896484,down,2026-08-19T10:07:20,0.0,0.0
SPX,2026-10-16,56,Put,7375.0,SPX261016P07375000,67.0,67.8,67.4,65.37,-11.53,-14.9935,18.0,2080.0,0.1625,-0.2324,0.0006,9.251,-1.3315,-2.82,67.5209,69.7,70.2,65.37,76.8999977111816,down,2026-08-21T11:55:28,0.0,0.0
SPXW,2026-10-16,56,Put,7375.0,SPXW261016P07375000,68.1,68.5,68.3,67.37,-10.58,-13.5728,2.0,232.0,0.1633,-0.2339,0.0006,9.304,-1.3394,-2.8393,68.6003,68.16,68.16,67.37,77.9499969482422,down,2026-08-21T12:04:25,0.0,0.0
SPX,2026-10-16,56,Call,7380.0,SPX261016C07380000,397.6,399.8,398.70000000000005,407.73,21.03,5.43832,2.0,53.0,0.162,0.765,0.0006,9.3058,-1.3354,8.3958,397.7154,410.82,410.82,407.73,386.699996948242,down,2026-08-21T12:06:27,0.0,0.0
SPXW,2026-10-16,56,Call,7380.0,SPXW261016C07380000,396.9,402.3,399.6,267.12,0.0,0.0,0.0,8.0,0.1625,0.7635,0.0006,9.3584,-1.3433,8.3765,398.7903,0.0,0.0,0.0,387.449996948242,up,2026-07-30T14:10:08,0.0,0.0
SPX,2026-10-16,56,Put,7380.0,SPX261016P07380000,67.8,68.6,68.19999999999999,68.4,-9.3,-11.9691,115.0,452.0,0.162,-0.235,0.0006,9.3058,-1.3354,-2.8519,68.2834,70.2,71.7,67.14,77.7000007629394,up,2026-08-21T16:02:05,0.0,0.0
SPXW,2026-10-16,56,Put,7380.0,SPXW261016P07380000,68.8,69.3,69.05,67.5,-11.2,-14.2313,14.0,451.0,0.1628,-0.2365,0.0006,9.3584,-1.3433,-2.8711,69.3706,67.5,67.5,67.5,78.7000007629394,down,2026-08-21T11:57:55,0.0,0.0
SPX,2026-10-16,56,Call,7385.0,SPX261016C07385000,393.3,395.5,394.4,400.14,17.54,4.58442,6.0,21.0,0.1614,0.7624,0.0006,9.3603,-1.3392,8.3712,393.5228,413.98,413.98,400.14,382.599990844727,down,2026-08-21T13:15:54,0.0,0.0
SPXW,2026-10-16,56,Call,7385.0,SPXW261016C07385000,392.6,398.1,395.35,434.2,0.0,0.0,0.0,9.0,0.162,0.7609,0.0006,9.4125,-1.3471,8.352,394.6055,0.0,0.0,0.0,383.399993896484,down,2026-08-19T13:22:30,0.0,0.0
SPX,2026-10-16,56,Put,7385.0,SPX261016P07385000,68.5,69.4,68.95,68.2,-10.35,-13.1763,6.0,492.0,0.1614,-0.2376,0.0006,9.3603,-1.3392,-2.8841,69.0571,66.3,68.69,66.3,78.5499992370606,down,2026-08-21T13:15:54,0.0,0.0
SPXW,2026-10-16,56,Put,7385.0,SPXW261016P07385000,69.6,70.0,69.8,78.5,0.0,0.0,0.0,20.0,0.1623,-0.2391,0.0006,9.4125,-1.3471,-2.9032,70.1521,0.0,0.0,0.0,79.5,up,2026-08-20T15:51:54,0.0,0.0
SPX,2026-10-16,56,Call,7390.0,SPX261016C07390000,389.2,391.3,390.25,392.54,14.29,3.77792,4.0,16.0,0.1609,0.7597,0.0006,9.4147,-1.343,8.3463,389.3415,393.31,393.84,392.54,378.25,down,2026-08-21T11:14:58,0.0,0.0
SPXW,2026-10-16,56,Call,7390.0,SPXW261016C07390000,388.6,394.0,391.3,258.0,0.0,0.0,0.0,1.0,0.1614,0.7583,0.0006,9.4665,-1.3508,8.3272,390.432,0.0,0.0,0.0,379.25,up,2026-07-28T09:33:06,0.0,0.0
SPX,2026-10-16,56,Put,7390.0,SPX261016P07390000,69.3,70.2,69.75,67.7,-11.7,-14.7355,5.0,2273.0,0.1609,-0.2402,0.0006,9.4147,-1.343,-2.9166,69.8422,69.9,70.06,67.7,79.3999977111816,down,2026-08-21T15:48:11,0.0,0.0
SPXW,2026-10-16,56,Put,7390.0,SPXW261016P07390000,70.4,70.8,70.6,67.05,0.0,0.0,0.0,14.0,0.1617,-0.2417,0.0006,9.4665,-1.3508,-2.9356,70.9449,0.0,0.0,0.0,80.3999977111816,up,2026-08-17T14:57:09,0.0,0.0
SPX,2026-10-16,56,Call,7395.0,SPX261016C07395000,385.0,387.2,386.1,392.88,18.78,5.02005,1.0,23.0,0.1605,0.757,0.0006,9.4689,-1.3467,8.3212,385.1718,392.88,392.88,392.88,374.100006103516,up,2026-08-21T13:10:26,0.0,0.0
SPXW,2026-10-16,56,Call,7395.0,SPXW261016C07395000,384.4,389.8,387.1,357.37,0.0,0.0,0.0,25.0,0.1608,0.7556,0.0006,9.5203,-1.3546,8.3022,386.27,0.0,0.0,0.0,375.149993896484,no_change,2026-08-03T13:21:15,0.0,0.0
SPX,2026-10-16,56,Put,7395.0,SPX261016P07395000,70.1,71.0,70.55,69.1,-11.15,-13.8941,59.0,223.0,0.1604,-0.2429,0.0006,9.4689,-1.3467,-2.9494,70.6388,68.8,69.4,68.8,80.25,no_change,2026-08-21T15:42:53,0.0,0.0
SPXW,2026-10-16,56,Put,7395.0,SPXW261016P07395000,71.2,71.6,71.4,80.75,0.0,0.0,0.0,11.0,0.1612,-0.2444,0.0006,9.5203,-1.3546,-2.9682,71.7493,0.0,0.0,0.0,81.2999992370606,up,2026-08-20T14:38:05,0.0,0.0
SPX,2026-10-16,56,Call,7400.0,SPX261016C07400000,380.9,382.9,381.9,385.8,15.7,4.24209,11.0,7195.0,0.1599,0.7543,0.0007,9.5229,-1.3504,8.2957,381.0138,378.33,385.8,374.23,370.100006103516,up,2026-08-21T15:24:42,0.0,0.0
SPXW,2026-10-16,56,Call,7400.0,SPXW261016C07400000,380.3,385.6,382.95000000000005,386.35,15.25,4.1094,23.0,75.0,0.1604,0.7529,0.0006,9.574,-1.3582,8.2769,382.1197,386.35,386.35,386.35,371.100006103516,no_change,2026-08-21T15:13:52,0.0,0.0
SPX,2026-10-16,56,Put,7400.0,SPX261016P07400000,70.9,71.7,71.30000000000001,71.0,-10.1,-12.4538,1638.0,11084.0,0.1598,-0.2456,0.0007,9.5229,-1.3504,-2.9824,71.4472,73.5,74.84,69.23,81.1000022888184,up,2026-08-21T15:52:30,0.0,0.0
SPXW,2026-10-16,56,Put,7400.0,SPXW261016P07400000,72.0,72.4,72.2,72.8,-9.3,-11.3277,94.0,1478.0,0.1606,-0.2471,0.0006,9.574,-1.3582,-3.0012,72.5653,75.11,75.93,70.2,82.1000022888184,up,2026-08-21T16:11:23,0.0,0.0
SPX,2026-10-16,56,Call,7405.0,SPX261016C07405000,376.7,378.8,377.75,377.34,11.39,3.11245,7.0,37.0,0.1594,0.7516,0.0007,9.5768,-1.3541,8.27,376.8676,390.27,390.27,376.09,365.949996948242,up,2026-08-21T14:20:50,0.0,0.0
SPXW,2026-10-16,56,Call,7405.0,SPXW261016C07405000,376.1,381.5,378.8,363.9,0.0,0.0,0.0,5.0,0.1599,0.7501,0.0007,9.6275,-1.3619,8.2513,377.9811,0.0,0.0,0.0,367.0,up,2026-08-03T14:10:33,0.0,0.0
SPX,2026-10-16,56,Put,7405.0,SPX261016P07405000,71.7,72.6,72.15,72.5,-9.5,-11.5854,108.0,79.0,0.1593,-0.2484,0.0007,9.5768,-1.3541,-3.0157,72.2673,75.1,75.56,70.9,82.0,no_change,2026-08-21T14:24:47,0.0,0.0
SPXW,2026-10-16,56,Put,7405.0,SPXW261016P07405000,72.8,73.3,73.05,83.0,0.0,0.0,0.0,39.0,0.1601,-0.2498,0.0007,9.6275,-1.3619,-3.0344,73.3931,0.0,0.0,0.0,83.0,no_change,2026-08-20T14:10:53,0.0,0.0
SPX,2026-10-16,56,Call,7410.0,SPX261016C07410000,372.5,374.7,373.6,381.7,19.8,5.47113,7.0,101.0,0.1587,0.7488,0.0007,9.6307,-1.3577,8.244,372.7334,373.3,381.7,373.3,361.899993896484,up,2026-08-21T12:30:10,0.0,0.0
SPXW,2026-10-16,56,Call,7410.0,SPXW261016C07410000,372.0,377.3,374.65,389.4,26.45,7.28751,3.0,11.0,0.1593,0.7474,0.0007,9.681,-1.3654,8.2254,373.8546,372.1,389.4,372.1,362.949996948242,up,2026-08-21T12:00:22,0.0,0.0
SPX,2026-10-16,56,Put,7410.0,SPX261016P07410000,72.5,73.4,72.95,71.9,-10.85,-13.1118,49.0,584.0,0.1588,-0.2512,0.0007,9.6307,-1.3577,-3.0494,73.0994,74.2,75.7,71.9,82.75,down,2026-08-21T15:51:37,0.0,0.0
SPXW,2026-10-16,56,Put,7410.0,SPXW261016P07410000,73.7,74.1,73.9,74.3,-9.6,-11.4422,5.0,39.0,0.1596,-0.2526,0.0007,9.681,-1.3654,-3.0679,74.2329,76.45,76.45,73.9,83.8999977111816,up,2026-08-21T16:02:03,0.0,0.0
SPX,2026-10-16,56,Call,7415.0,SPX261016C07415000,368.4,370.6,369.5,374.35,16.5,4.61087,6.0,36.0,0.1583,0.746,0.0007,9.6845,-1.3613,8.2176,368.6113,383.58,383.58,374.32,357.850006103516,up,2026-08-21T13:20:25,0.0,0.0
SPXW,2026-10-16,56,Call,7415.0,SPXW261016C07415000,367.7,373.1,370.4,448.48,0.0,0.0,0.0,15.0,0.1588,0.7446,0.0007,9.7345,-1.369,8.1991,369.7401,0.0,0.0,0.0,358.899993896484,down,2026-08-07T09:30:03,0.0,0.0
SPX,2026-10-16,56,Put,7415.0,SPX261016P07415000,73.3,74.3,73.8,72.4,-11.4,-13.6038,10.0,329.0,0.1582,-0.254,0.0007,9.6845,-1.3613,-3.0833,73.9437,71.24,73.6,71.24,83.7999992370606,down,2026-08-21T15:37:14,0.0,0.0
SPXW,2026-10-16,56,Put,7415.0,SPXW261016P07415000,74.5,75.0,74.75,75.1,-9.75,-11.4909,2.0,24.0,0.1591,-0.2554,0.0007,9.7345,-1.369,-3.1018,75.0847,75.1,75.1,75.1,84.8499984741211,down,2026-08-21T14:02:03,0.0,0.0
SPX,2026-10-16,56,Call,7420.0,SPX261016C07420000,364.2,366.5,365.35,373.26,19.46,5.50028,4.0,97.0,0.1578,0.7431,0.0007,9.7383,-1.3648,8.1909,364.5016,373.66,373.66,373.26,353.800003051758,down,2026-08-21T12:13:01,0.0,0.0
SPXW,2026-10-16,56,Call,7420.0,SPXW261016C07420000,363.6,369.0,366.3,216.6,0.0,0.0,0.0,0.0,0.1582,0.7417,0.0007,9.7881,-1.3724,8.1724,365.6379,0.0,0.0,0.0,354.849990844727,down,2026-07-30T11:08:38,0.0,0.0
SPX,2026-10-16,56,Put,7420.0,SPX261016P07420000,74.2,75.1,74.65,74.3,-10.45,-12.3304,5.0,1528.0,0.1577,-0.2568,0.0007,9.7383,-1.3648,-3.1177,74.8003,73.9,74.3,73.9,84.75,up,2026-08-21T15:52:30,0.0,0.0
SPXW,2026-10-16,56,Put,7420.0,SPXW261016P07420000,75.4,75.8,75.6,76.11,-9.69,-11.2937,36.0,59.0,0.1585,-0.2583,0.0007,9.7881,-1.3724,-3.1361,75.9489,78.2,78.8,76.11,85.7999992370606,no_change,2026-08-21T14:13:40,0.0,0.0
SPX,2026-10-16,56,Call,7425.0,SPX261016C07425000,360.8,362.2,361.5,374.99,25.24,7.21658,2.0,660.0,0.1573,0.7403,0.0007,9.7922,-1.3682,8.1637,360.4044,374.99,374.99,374.99,349.75,down,2026-08-21T11:40:54,0.0,0.0
SPXW,2026-10-16,56,Call,7425.0,SPXW261016C07425000,359.5,364.9,362.2,369.17,0.0,0.0,0.0,79.0,0.1577,0.7388,0.0007,9.8417,-1.3759,8.1452,361.5483,0.0,0.0,0.0,350.800003051758,no_change,2026-08-20T13:14:39,0.0,0.0
SPX,2026-10-16,56,Put,7425.0,SPX261016P07425000,75.1,76.0,75.55,75.05,-10.65,-12.4271,11.0,3417.0,0.1572,-0.2597,0.0007,9.7922,-1.3682,-3.1525,75.6694,78.2,78.3,72.98,85.7000007629394,up,2026-08-21T13:51:20,0.0,0.0
SPXW,2026-10-16,56,Put,7425.0,SPXW261016P07425000,76.3,76.7,76.5,87.5,0.0,0.0,0.0,157.0,0.1581,-0.2612,0.0007,9.8417,-1.3759,-3.1709,76.8256,0.0,0.0,0.0,86.7000007629394,up,2026-08-20T16:11:18,0.0,0.0
SPX,2026-10-16,56,Call,7430.0,SPX261016C07430000,356.8,358.1,357.45000000000005,370.77,25.02,7.23644,2.0,46.0,0.1568,0.7373,0.0007,9.8461,-1.3716,8.136,356.32,370.77,370.77,370.77,345.75,down,2026-08-21T12:01:07,0.0,0.0
SPXW,2026-10-16,56,Call,7430.0,SPXW261016C07430000,355.5,360.8,358.15,445.42,0.0,0.0,0.0,18.0,0.1571,0.7359,0.0007,9.8953,-1.3792,8.1175,357.4715,0.0,0.0,0.0,346.849990844727,up,2026-08-10T14:33:55,0.0,0.0
SPX,2026-10-16,56,Put,7430.0,SPX261016P07430000,76.0,76.9,76.45,74.2,-12.4,-14.3187,29.0,544.0,0.1567,-0.2626,0.0007,9.8461,-1.3716,-3.1878,76.5514,77.7,79.3,74.2,86.6000022888184,down,2026-08-21T15:48:12,0.0,0.0
SPXW,2026-10-16,56,Put,7430.0,SPXW261016P07430000,77.1,77.6,77.35,76.3,-11.45,-13.0484,13.0,13.0,0.1575,-0.2641,0.0007,9.8953,-1.3792,-3.2062,77.7151,76.3,76.3,76.3,87.75,up,2026-08-21T15:51:37,0.0,0.0
SPX,2026-10-16,56,Call,7435.0,SPX261016C07435000,352.7,354.0,353.35,352.54,10.74,3.14219,2.0,26.0,0.1561,0.7344,0.0007,9.9001,-1.375,8.1078,352.2486,366.93,366.93,352.54,341.800003051758,down,2026-08-21T14:19:34,0.0,0.0
SPXW,2026-10-16,56,Call,7435.0,SPXW261016C07435000,351.4,356.8,354.1,378.54,0.0,0.0,0.0,10.0,0.1567,0.733,0.0007,9.949,-1.3826,8.0893,353.4076,0.0,0.0,0.0,342.849990844727,no_change,2026-08-04T09:54:09,0.0,0.0
SPX,2026-10-16,56,Put,7435.0,SPX261016P07435000,76.8,77.7,77.25,77.5,-10.1,-11.5297,2.0,145.0,0.1561,-0.2656,0.0007,9.9001,-1.375,-3.2237,77.4463,75.5,77.5,75.5,87.6000022888184,up,2026-08-21T14:19:34,0.0,0.0
SPXW,2026-10-16,56,Put,7435.0,SPXW261016P07435000,78.0,78.5,78.25,81.5,-7.15,-8.06543,13.0,33.0,0.157,-0.267,0.0007,9.949,-1.3826,-3.242,78.6176,81.5,81.5,81.5,88.6500015258789,down,2026-08-21T09:44:26,0.0,0.0
SPX,2026-10-16,56,Call,7440.0,SPX261016C07440000,348.6,350.0,349.3,349.43,11.68,3.45818,2.0,57.0,0.1557,0.7314,0.0007,9.9542,-1.3783,8.0789,348.1904,344.8,349.43,344.8,337.75,up,2026-08-21T10:57:28,0.0,0.0
SPXW,2026-10-16,56,Call,7440.0,SPXW261016C07440000,347.4,352.8,350.1,353.55,14.7,4.33821,23.0,29.0,0.1561,0.73,0.0007,10.0028,-1.3858,8.0605,349.357,353.55,353.55,353.55,338.849990844727,no_change,2026-08-21T15:13:52,0.0,0.0
SPX,2026-10-16,56,Put,7440.0,SPX261016P07440000,77.8,78.6,78.19999999999999,77.9,-10.7,-12.0768,8.0,389.0,0.1556,-0.2686,0.0007,9.9542,-1.3783,-3.2601,78.3545,79.71,79.71,77.35,88.6000022888184,up,2026-08-21T15:52:30,0.0,0.0
SPXW,2026-10-16,56,Put,7440.0,SPXW261016P07440000,79.0,79.4,79.2,79.48,-10.12,-11.2946,4.0,171.0,0.1564,-0.27,0.0007,10.0028,-1.3858,-3.2784,79.5333,82.1,82.1,79.48,89.6000022888184,down,2026-08-21T14:19:43,0.0,0.0
SPX,2026-10-16,56,Call,7445.0,SPX261016C07445000,344.6,345.9,345.25,349.51,15.71,4.70641,4.0,96.0,0.155,0.7284,0.0007,10.0082,-1.3815,8.0495,344.1458,348.06,357.41,348.06,333.800003051758,down,2026-08-21T13:21:04,0.0,0.0
SPXW,2026-10-16,56,Call,7445.0,SPXW261016C07445000,343.3,348.6,345.95000000000005,382.4,0.0,0.0,0.0,25.0,0.1556,0.727,0.0007,10.0565,-1.389,8.0311,345.3199,0.0,0.0,0.0,334.899993896484,down,2026-08-18T11:50:22,0.0,0.0
SPX,2026-10-16,56,Put,7445.0,SPX261016P07445000,78.7,79.6,79.15,78.55,-11.05,-12.3326,23.0,127.0,0.1551,-0.2716,0.0007,10.0082,-1.3815,-3.2972,79.2762,81.5,81.5,77.75,89.6000022888184,up,2026-08-21T13:21:04,0.0,0.0
SPXW,2026-10-16,56,Put,7445.0,SPXW261016P07445000,79.9,80.3,80.1,86.42,0.0,0.0,0.0,33.0,0.1559,-0.273,0.0007,10.0565,-1.389,-3.3155,80.4626,0.0,0.0,0.0,90.6000022888184,up,2026-08-20T13:57:09,0.0,0.0
SPX,2026-10-16,56,Call,7450.0,SPX261016C07450000,340.5,341.9,341.2,347.0,17.15,5.19934,3.0,2422.0,0.1546,0.7253,0.0007,10.0622,-1.3846,8.0195,340.115,351.51,351.51,347.0,329.849990844727,down,2026-08-21T15:44:07,0.0,0.0
SPXW,2026-10-16,56,Call,7450.0,SPXW261016C07450000,339.4,344.6,342.0,348.97,0.0,0.0,0.0,196.0,0.1551,0.7239,0.0007,10.1102,-1.3921,8.0011,341.2966,0.0,0.0,0.0,330.899993896484,no_change,2026-08-20T13:14:39,0.0,0.0
SPX,2026-10-16,56,Put,7450.0,SPX261016P07450000,79.6,80.4,80.0,79.7,-10.8,-11.9337,181.0,5260.0,0.1546,-0.2747,0.0007,10.0622,-1.3846,-3.3348,80.2118,82.6,82.6,77.65,90.5,up,2026-08-21T15:52:30,0.0,0.0
SPXW,2026-10-16,56,Put,7450.0,SPXW261016P07450000,80.8,81.3,81.05,79.7,-11.9,-12.9913,59.0,2085.0,0.1554,-0.2761,0.0007,10.1102,-1.3921,-3.3531,81.4057,84.4,84.5,79.7,91.6000022888184,no_change,2026-08-21T15:39:56,0.0,0.0
SPX,2026-10-16,56,Call,7455.0,SPX261016C07455000,336.5,337.9,337.2,340.74,14.84,4.55355,1.0,22.0,0.1542,0.7222,0.0007,10.1161,-1.3877,7.9888,336.0983,340.74,340.74,340.74,325.899993896484,down,2026-08-21T13:20:29,0.0,0.0
SPXW,2026-10-16,56,Call,7455.0,SPXW261016C07455000,335.4,340.6,338.0,362.4,0.0,0.0,0.0,4.0,0.1545,0.7208,0.0007,10.1637,-1.3951,7.9705,337.2875,0.0,0.0,0.0,326.949996948242,up,2026-08-04T09:59:22,0.0,0.0
SPX,2026-10-16,56,Put,7455.0,SPX261016P07455000,80.5,81.4,80.95,80.49,-11.11,-12.1288,1.0,310.0,0.154,-0.2778,0.0007,10.1161,-1.3877,-3.3731,81.1614,80.49,80.49,80.49,91.6000022888184,down,2026-08-21T13:20:29,0.0,0.0
SPXW,2026-10-16,56,Put,7455.0,SPXW261016P07455000,81.8,82.2,82.0,81.0,-11.7,-12.6214,9.0,77.0,0.1548,-0.2791,0.0007,10.1637,-1.3951,-3.3913,82.3628,84.0,84.0,81.0,92.7000007629394,down,2026-08-21T15:51:37,0.0,0.0
SPX,2026-10-16,56,Call,7460.0,SPX261016C07460000,332.5,333.9,333.2,340.62,18.67,5.79904,7.0,143.0,0.1536,0.7191,0.0007,10.1698,-1.3907,7.9576,332.096,341.63,341.63,340.56,321.949996948242,up,2026-08-21T12:14:02,0.0,0.0
SPXW,2026-10-16,56,Call,7460.0,SPXW261016C07460000,331.4,336.6,334.0,424.7,0.0,0.0,0.0,24.0,0.1541,0.7177,0.0007,10.217,-1.3981,7.9393,333.2926,0.0,0.0,0.0,323.0,no_change,2026-08-07T15:51:33,0.0,0.0
SPX,2026-10-16,56,Put,7460.0,SPX261016P07460000,81.5,82.4,81.95,81.63,-10.97,-11.8467,33.0,630.0,0.1536,-0.2809,0.0007,10.1698,-1.3907,-3.4119,82.1255,81.2,81.97,79.6,92.6000022888184,down,2026-08-21T15:56:52,0.0,0.0
SPXW,2026-10-16,56,Put,7460.0,SPXW261016P07460000,82.7,83.2,82.95,93.5,0.0,0.0,0.0,41.0,0.1544,-0.2823,0.0007,10.217,-1.3981,-3.4301,83.3343,0.0,0.0,0.0,93.7000007629394,up,2026-08-20T14:10:54,0.0,0.0
SPX,2026-10-16,56,Call,7465.0,SPX261016C07465000,328.5,329.9,329.2,333.31,15.26,4.79799,5.0,60.0,0.1532,0.7159,0.0007,10.2232,-1.3937,7.9258,328.1084,342.55,342.55,333.31,318.050003051758,down,2026-08-21T13:20:56,0.0,0.0
SPXW,2026-10-16,56,Call,7465.0,SPXW261016C07465000,327.4,332.6,330.0,420.65,0.0,0.0,0.0,9.0,0.1536,0.7146,0.0007,10.2699,-1.401,7.9076,329.3124,0.0,0.0,0.0,319.150009155273,no_change,2026-08-07T15:51:33,0.0,0.0
SPX,2026-10-16,56,Put,7465.0,SPX261016P07465000,82.5,83.4,82.95,82.34,-11.36,-12.1238,23.0,171.0,0.153,-0.2841,0.0007,10.2232,-1.3937,-3.4514,83.1041,82.3,82.7,80.89,93.7000007629394,down,2026-08-21T13:20:56,0.0,0.0
SPXW,2026-10-16,56,Put,7465.0,SPXW261016P07465000,83.7,84.2,83.95,84.5,-10.3,-10.865,4.0,39.0,0.1539,-0.2854,0.0007,10.2699,-1.401,-3.4694,84.3204,86.0,86.0,84.5,94.7999992370606,down,2026-08-21T14:24:47,0.0,0.0
SPX,2026-10-16,56,Call,7470.0,SPX261016C07470000,324.5,325.9,325.2,421.2,0.0,0.0,0.0,171.0,0.1526,0.7127,0.0007,10.2763,-1.3966,7.8935,324.1356,0.0,0.0,0.0,314.149993896484,no_change,2026-08-14T13:38:59,0.0,0.0
SPXW,2026-10-16,56,Call,7470.0,SPXW261016C07470000,323.3,328.6,325.95000000000005,337.97,22.77,7.22399,1.0,5.0,0.153,0.7114,0.0007,10.3224,-1.4038,7.8754,325.347,337.97,337.97,337.97,315.199996948242,down,2026-08-21T11:40:02,0.0,0.0
SPX,2026-10-16,56,Put,7470.0,SPX261016P07470000,83.5,84.4,83.95,83.6,-11.15,-11.7678,28.0,277.0,0.1524,-0.2873,0.0007,10.2763,-1.3966,-3.4912,84.0977,82.4,83.6,82.4,94.75,no_change,2026-08-21T15:52:33,0.0,0.0
SPXW,2026-10-16,56,Put,7470.0,SPXW261016P07470000,84.7,85.1,84.9,81.63,0.0,0.0,0.0,41.0,0.1533,-0.2886,0.0007,10.3224,-1.4038,-3.5092,85.3214,0.0,0.0,0.0,95.7999992370606,down,2026-08-19T13:31:24,0.0,0.0
SPX,2026-10-16,56,Call,7475.0,SPX261016C07475000,320.6,321.9,321.25,327.97,17.72,5.71152,2.0,1982.0,0.1521,0.7094,0.0008,10.3288,-1.3993,7.8607,320.178,323.48,327.97,323.48,310.25,up,2026-08-21T12:14:41,0.0,0.0
SPXW,2026-10-16,56,Call,7475.0,SPXW261016C07475000,319.4,324.6,322.0,320.59,9.29,2.98426,2.0,16.0,0.1526,0.7081,0.0008,10.3745,-1.4066,7.8429,321.3967,320.59,320.59,320.59,311.300003051758,down,2026-08-21T10:06:12,0.0,0.0
SPX,2026-10-16,56,Put,7475.0,SPX261016P07475000,84.5,85.4,84.95,85.21,-10.59,-11.0543,8.0,2647.0,0.1519,-0.2905,0.0008,10.3288,-1.3993,-3.5316,85.1065,86.8,86.8,84.05,95.7999992370606,up,2026-08-21T16:04:34,0.0,0.0
SPXW,2026-10-16,56,Put,7475.0,SPXW261016P07475000,85.7,86.2,85.95,84.75,-12.15,-12.5387,1.0,209.0,0.1529,-0.2919,0.0008,10.3745,-1.4066,-3.5494,86.3374,84.75,84.75,84.75,96.8999977111816,down,2026-08-21T11:34:30,0.0,0.0
SPX,2026-10-16,56,Call,7480.0,SPX261016C07480000,316.6,318.0,317.3,390.94,0.0,0.0,0.0,114.0,0.1515,0.7062,0.0008,10.3809,-1.402,7.8276,316.2358,0.0,0.0,0.0,306.399993896484,down,2026-08-12T11:27:55,0.0,0.0
SPXW,2026-10-16,56,Call,7480.0,SPXW261016C07480000,315.5,320.7,318.1,404.64,0.0,0.0,0.0,2.0,0.152,0.7048,0.0008,10.426,-1.4092,7.8099,317.4616,0.0,0.0,0.0,307.5,up,2026-08-10T14:33:55,0.0,0.0
SPX,2026-10-16,56,Put,7480.0,SPX261016P07480000,85.5,86.4,85.95,85.6,-11.3,-11.6615,8.0,156.0,0.1515,-0.2938,0.0008,10.3809,-1.402,-3.5724,86.1306,88.52,88.52,85.6,96.8999977111816,down,2026-08-21T15:52:30,0.0,0.0
SPXW,2026-10-16,56,Put,7480.0,SPXW261016P07480000,86.7,87.2,86.95,84.29,-13.71,-13.9898,23.0,25.0,0.1523,-0.2951,0.0008,10.426,-1.4092,-3.5899,87.3687,88.5,88.5,84.29,98.0,down,2026-08-21T15:48:27,0.0,0.0
SPX,2026-10-16,56,Call,7485.0,SPX261016C07485000,312.7,314.0,313.35,319.2,16.7,5.52066,2.0,46.0,0.151,0.7028,0.0008,10.4324,-1.4047,7.7941,312.3091,323.56,323.56,319.2,302.5,down,2026-08-21T12:31:51,0.0,0.0
SPXW,2026-10-16,56,Call,7485.0,SPXW261016C07485000,311.5,316.7,314.1,197.78,0.0,0.0,0.0,35.0,0.1515,0.7015,0.0008,10.477,-1.4118,7.7767,313.5421,0.0,0.0,0.0,303.599990844727,up,2026-07-29T15:15:36,0.0,0.0
SPX,2026-10-16,56,Put,7485.0,SPX261016P07485000,86.5,87.4,86.95,86.17,-11.83,-12.0714,2.0,121.0,0.1509,-0.2972,0.0008,10.4324,-1.4047,-3.6134,87.1702,84.36,86.17,84.36,98.0,up,2026-08-21T12:31:51,0.0,0.0
SPXW,2026-10-16,56,Put,7485.0,SPXW261016P07485000,87.8,88.2,88.0,88.8,-10.3,-10.3935,9.0,22.0,0.1518,-0.2984,0.0008,10.477,-1.4118,-3.6308,88.4155,85.07,88.8,85.07,99.1000022888184,up,2026-08-21T14:24:47,0.0,0.0
SPX,2026-10-16,56,Call,7490.0,SPX261016C07490000,308.8,310.1,309.45000000000005,311.56,12.86,4.30532,1.0,211.0,0.1505,0.6995,0.0008,10.4833,-1.4072,7.7603,308.3981,311.56,311.56,311.56,298.699996948242,down,2026-08-21T11:28:21,0.0,0.0
SPXW,2026-10-16,56,Call,7490.0,SPXW261016C07490000,307.6,312.8,310.20000000000005,396.62,0.0,0.0,0.0,13.0,0.151,0.6982,0.0008,10.5274,-1.4143,7.7431,309.6381,0.0,0.0,0.0,299.75,up,2026-08-10T14:34:18,0.0,0.0
SPX,2026-10-16,56,Put,7490.0,SPX261016P07490000,87.6,88.5,88.05,87.87,-11.28,-11.3767,14.0,262.0,0.1505,-0.3005,0.0008,10.4833,-1.4072,-3.6548,88.2256,86.8,87.87,86.8,99.1500015258789,no_change,2026-08-21T15:54:57,0.0,0.0
SPXW,2026-10-16,56,Put,7490.0,SPXW261016P07490000,88.8,89.3,89.05,89.47,-10.73,-10.7086,1.0,80.0,0.1513,-0.3018,0.0008,10.5274,-1.4143,-3.672,89.4779,89.47,89.47,89.47,100.200000762939,down,2026-08-21T14:20:16,0.0,0.0
SPX,2026-10-16,56,Call,7495.0,SPX261016C07495000,304.9,306.2,305.54999999999995,310.18,15.38,5.2171,1.0,53.0,0.15,0.6961,0.0008,10.5336,-1.4097,7.7263,304.5031,310.18,310.18,310.18,294.800003051758,down,2026-08-21T13:19:02,0.0,0.0
SPXW,2026-10-16,56,Call,7495.0,SPXW261016C07495000,303.8,308.9,306.35,397.45,0.0,0.0,0.0,2.0,0.1508,0.6948,0.0008,10.5772,-1.4168,7.7093,305.75,0.0,0.0,0.0,295.900009155273,up,2026-08-07T10:31:58,0.0,0.0
SPX,2026-10-16,56,Put,7495.0,SPX261016P07495000,88.6,89.6,89.1,88.22,-12.03,-12.0,1.0,135.0,0.1499,-0.3039,0.0008,10.5336,-1.4097,-3.6965,89.2969,88.22,88.22,88.22,100.25,down,2026-08-21T13:19:02,0.0,0.0
SPXW,2026-10-16,56,Put,7495.0,SPXW261016P07495000,89.9,90.4,90.15,93.0,-8.4,-8.28402,1.0,26.0,0.1508,-0.3052,0.0008,10.5772,-1.4168,-3.7134,90.5561,93.0,93.0,93.0,101.399997711182,down,2026-08-21T10:25:11,0.0,0.0
SPX,2026-10-16,56,Call,7500.0,SPX261016C07500000,301.0,302.3,301.65,303.85,12.75,4.37994,49.0,8830.0,0.1494,0.6926,0.0008,10.5834,-1.412,7.6919,300.6242,296.95,315.65,294.44,291.100006103516,up,2026-08-21T14:50:44,0.0,0.0
SPXW,2026-10-16,56,Call,7500.0,SPXW261016C07500000,302.4,302.9,302.65,301.2,9.1,3.11537,6.0,128.0,0.1503,0.6914,0.0008,10.6265,-1.4191,7.6752,301.8778,301.02,314.17,301.02,292.099990844727,down,2026-08-21T14:30:05,0.0,0.0
SPX,2026-10-16,56,Put,7500.0,SPX261016P07500000,89.7,90.5,90.1,90.1,-10.82,-10.6706,258.0,12072.0,0.1494,-0.3074,0.0008,10.5834,-1.412,-3.7385,90.3843,93.34,94.22,87.55,101.399997711182,up,2026-08-21T15:59:45,0.0,0.0
SPXW,2026-10-16,56,Put,7500.0,SPXW261016P07500000,91.0,91.4,91.2,89.35,-13.2,-12.8718,63.0,2023.0,0.1503,-0.3086,0.0008,10.6265,-1.4191,-3.7551,91.6502,95.53,95.53,88.04,102.550003051758,down,2026-08-21T15:44:20,0.0,0.0
SPX,2026-10-16,56,Call,7505.0,SPX261016C07505000,297.1,298.5,297.8,300.09,12.89,4.48816,7.0,54.0,0.149,0.6891,0.0008,10.6327,-1.4143,7.6572,296.7615,294.44,305.16,294.44,287.199996948242,up,2026-08-21T13:25:38,0.0,0.0
SPXW,2026-10-16,56,Call,7505.0,SPXW261016C07505000,298.5,299.0,298.75,301.0,12.7,4.40513,6.0,8.0,0.1498,0.6879,0.0008,10.6753,-1.4213,7.6408,298.0218,297.3,301.0,297.3,288.300003051758,up,2026-08-21T14:54:08,0.0,0.0
SPX,2026-10-16,56,Put,7505.0,SPX261016P07505000,90.8,91.7,91.25,91.13,-11.47,-11.1793,3.0,133.0,0.1489,-0.3108,0.0008,10.6327,-1.4143,-3.7808,91.488,89.85,91.2,89.85,102.600002288818,down,2026-08-21T13:25:38,0.0,0.0
SPXW,2026-10-16,56,Put,7505.0,SPXW261016P07505000,92.1,92.5,92.3,92.7,-11.0,-10.6075,1.0,22.0,0.1498,-0.3121,0.0008,10.6753,-1.4213,-3.7972,92.7606,92.7,92.7,92.7,103.700000762939,down,2026-08-21T14:19:30,0.0,0.0
SPX,2026-10-16,56,Call,7510.0,SPX261016C07510000,293.3,294.6,293.95000000000005,307.75,24.25,8.55379,3.0,75.0,0.1485,0.6856,0.0008,10.6815,-1.4165,7.6222,292.9154,299.85,307.75,299.85,283.5,up,2026-08-21T11:59:28,0.0,0.0
SPXW,2026-10-16,56,Call,7510.0,SPXW261016C07510000,294.6,295.2,294.9,347.2,0.0,0.0,0.0,13.0,0.1492,0.6844,0.0008,10.7236,-1.4235,7.6059,294.1822,0.0,0.0,0.0,284.599990844727,up,2026-08-19T12:05:35,0.0,0.0
SPX,2026-10-16,56,Put,7510.0,SPX261016P07510000,91.9,92.9,92.4,92.0,-11.8,-11.368,4.0,238.0,0.1484,-0.3144,0.0008,10.6815,-1.4165,-3.8235,92.6082,91.24,92.0,89.9,103.799999237061,up,2026-08-21T15:52:33,0.0,0.0
SPXW,2026-10-16,56,Put,7510.0,SPXW261016P07510000,93.2,93.7,93.45,100.1,0.0,0.0,0.0,82.0,0.1493,-0.3156,0.0008,10.7236,-1.4235,-3.8396,93.8874,0.0,0.0,0.0,104.899997711182,down,2026-08-20T13:56:19,0.0,0.0
SPX,2026-10-16,56,Call,7515.0,SPX261016C07515000,289.4,290.8,290.1,293.43,13.78,4.92758,10.0,89.0,0.148,0.6821,0.0008,10.7299,-1.4186,7.5867,289.086,297.52,297.52,293.2,279.650009155273,up,2026-08-21T15:33:51,0.0,0.0
SPXW,2026-10-16,56,Call,7515.0,SPXW261016C07515000,290.8,291.4,291.1,314.8,0.0,0.0,0.0,1.0,0.1488,0.6809,0.0008,10.7716,-1.4255,7.5706,290.3593,0.0,0.0,0.0,280.850006103516,down,2026-08-20T11:01:38,0.0,0.0
SPX,2026-10-16,56,Put,7515.0,SPX261016P07515000,93.0,94.0,93.5,93.09,-11.86,-11.3006,9.0,214.0,0.1479,-0.3179,0.0008,10.7299,-1.4186,-3.8666,93.7451,92.6,93.09,92.1,104.950000762939,up,2026-08-21T13:21:51,0.0,0.0
SPXW,2026-10-16,56,Put,7515.0,SPXW261016P07515000,94.4,94.8,94.6,92.84,-13.26,-12.4976,1.0,67.0,0.1488,-0.3191,0.0008,10.7716,-1.4255,-3.8825,95.0307,92.84,92.84,92.84,106.100002288818,down,2026-08-21T11:04:42,0.0,0.0
SPX,2026-10-16,56,Call,7520.0,SPX261016C07520000,285.6,287.0,286.3,324.32,0.0,0.0,0.0,64.0,0.1474,0.6785,0.0008,10.7779,-1.4206,7.5507,285.2735,0.0,0.0,0.0,275.949996948242,down,2026-08-18T10:06:37,0.0,0.0
SPXW,2026-10-16,56,Call,7520.0,SPXW261016C07520000,287.0,287.6,287.3,292.8,15.7,5.66583,3.0,9.0,0.1484,0.6773,0.0008,10.8192,-1.4275,7.5348,286.5532,292.8,292.8,292.8,277.099990844727,down,2026-08-21T15:08:07,0.0,0.0
SPX,2026-10-16,56,Put,7520.0,SPX261016P07520000,94.2,95.1,94.65,92.0,-14.25,-13.4118,1.0,810.0,0.1474,-0.3215,0.0008,10.7779,-1.4206,-3.9102,94.899,92.0,92.0,92.0,106.25,down,2026-08-21T15:48:12,0.0,0.0
SPXW,2026-10-16,56,Put,7520.0,SPXW261016P07520000,95.5,96.0,95.75,92.49,-14.91,-13.8827,2.0,40.0,0.1483,-0.3227,0.0008,10.8192,-1.4275,-3.9259,96.1909,92.9,92.9,92.49,107.399997711182,down,2026-08-21T11:50:55,0.0,0.0
SPX,2026-10-16,56,Call,7525.0,SPX261016C07525000,281.8,283.2,282.5,286.2,13.95,5.12397,12.0,1037.0,0.147,0.6748,0.0008,10.8255,-1.4225,7.5141,281.4783,274.51,293.36,274.51,272.25,down,2026-08-21T15:31:34,0.0,0.0
SPXW,2026-10-16,56,Call,7525.0,SPXW261016C07525000,283.2,283.7,283.45,279.6,6.2,2.26774,5.0,309.0,0.1478,0.6736,0.0008,10.8664,-1.4293,7.4984,282.7642,279.6,279.6,279.6,273.400009155273,up,2026-08-21T10:18:10,0.0,0.0
SPX,2026-10-16,56,Put,7525.0,SPX261016P07525000,95.4,96.3,95.85,94.94,-12.51,-11.6426,22.0,937.0,0.1469,-0.3252,0.0008,10.8255,-1.4225,-3.9544,96.0702,99.05,99.7,93.94,107.450000762939,up,2026-08-21T12:24:45,0.0,0.0
SPXW,2026-10-16,56,Put,7525.0,SPXW261016P07525000,96.7,97.1,96.9,93.08,-15.52,-14.291,38.0,454.0,0.1478,-0.3263,0.0008,10.8664,-1.4293,-3.97,97.3684,99.57,100.23,93.08,108.600002288818,down,2026-08-21T11:53:27,0.0,0.0
SPX,2026-10-16,56,Call,7530.0,SPX261016C07530000,278.0,279.4,278.7,284.38,15.83,5.89462,13.0,34.0,0.1465,0.6711,0.0008,10.8728,-1.4243,7.4769,277.7007,280.04,286.33,280.04,268.550003051758,up,2026-08-21T12:27:25,0.0,0.0
SPXW,2026-10-16,56,Call,7530.0,SPXW261016C07530000,279.4,280.0,279.7,272.7,0.0,0.0,0.0,13.0,0.1473,0.67,0.0008,10.9133,-1.4311,7.4613,278.9928,0.0,0.0,0.0,269.699996948242,down,2026-08-20T14:42:28,0.0,0.0
SPX,2026-10-16,56,Put,7530.0,SPX261016P07530000,96.5,97.5,97.0,94.3,-14.45,-13.2874,16.0,3187.0,0.1465,-0.3288,0.0008,10.8728,-1.4243,-3.9992,97.2589,101.81,101.81,94.3,108.75,down,2026-08-21T15:48:12,0.0,0.0
SPXW,2026-10-16,56,Put,7530.0,SPXW261016P07530000,97.9,98.3,98.1,96.57,-13.38,-12.1692,33.0,74.0,0.1473,-0.33,0.0008,10.9133,-1.4311,-4.0146,98.5633,100.91,100.91,95.19,109.949996948242,up,2026-08-21T15:42:30,0.0,0.0
SPX,2026-10-16,56,Call,7535.0,SPX261016C07535000,274.2,275.6,274.9,277.24,12.44,4.69788,5.0,114.0,0.146,0.6674,0.0008,10.9197,-1.426,7.4389,273.9411,269.32,282.14,269.32,264.800003051758,up,2026-08-21T13:24:49,0.0,0.0
SPXW,2026-10-16,56,Call,7535.0,SPXW261016C07535000,275.7,276.2,275.95,281.4,15.4,5.78947,4.0,13.0,0.1468,0.6663,0.0008,10.9598,-1.4327,7.4236,275.2392,281.4,281.4,281.4,266.0,up,2026-08-21T15:08:07,0.0,0.0
SPX,2026-10-16,56,Put,7535.0,SPX261016P07535000,97.7,98.7,98.2,98.15,-11.9,-10.8133,5.0,73.0,0.146,-0.3326,0.0008,10.9197,-1.426,-4.0448,98.4656,101.7,101.7,96.94,110.049999237061,down,2026-08-21T13:24:49,0.0,0.0
SPXW,2026-10-16,56,Put,7535.0,SPXW261016P07535000,99.1,99.5,99.3,91.0,0.0,0.0,0.0,25.0,0.1468,-0.3337,0.0008,10.9598,-1.4327,-4.06,99.776,0.0,0.0,0.0,111.200000762939,up,2026-08-19T15:34:45,0.0,0.0
SPX,2026-10-16,56,Call,7540.0,SPX261016C07540000,270.5,271.9,271.2,278.55,17.45,6.68326,6.0,148.0,0.1455,0.6637,0.0008,10.9661,-1.4276,7.4003,270.1997,274.22,279.53,274.22,261.100006103516,down,2026-08-21T12:10:54,0.0,0.0
SPXW,2026-10-16,56,Call,7540.0,SPXW261016C07540000,271.8,272.5,272.15,314.4,0.0,0.0,0.0,23.0,0.1464,0.6626,0.0008,11.0058,-1.4343,7.385,271.5038,0.0,0.0,0.0,262.300003051758,no_change,2026-08-19T15:34:50,0.0,0.0
SPX,2026-10-16,56,Put,7540.0,SPX261016P07540000,99.0,99.9,99.45,98.0,-13.35,-11.9892,20.0,354.0,0.1454,-0.3363,0.0008,10.9661,-1.4276,-4.091,99.6906,99.25,99.25,96.6,111.349998474121,up,2026-08-21T15:51:37,0.0,0.0
SPXW,2026-10-16,56,Put,7540.0,SPXW261016P07540000,100.3,100.8,100.55,100.98,-11.52,-10.24,2.0,38.0,0.1463,-0.3374,0.0008,11.0058,-1.4343,-4.1062,101.0069,98.64,100.98,98.64,112.5,up,2026-08-21T14:19:43,0.0,0.0
SPX,2026-10-16,56,Call,7545.0,SPX261016C07545000,266.8,268.1,267.45000000000005,359.3,0.0,0.0,0.0,60.0,0.145,0.6599,0.0008,11.0121,-1.429,7.3608,266.477,0.0,0.0,0.0,257.449996948242,up,2026-08-17T09:48:08,0.0,0.0
SPXW,2026-10-16,56,Call,7545.0,SPXW261016C07545000,268.2,268.8,268.5,310.4,0.0,0.0,0.0,20.0,0.1459,0.6588,0.0008,11.0513,-1.4357,7.3458,267.7869,0.0,0.0,0.0,258.699996948242,down,2026-08-19T15:34:46,0.0,0.0
SPX,2026-10-16,56,Put,7545.0,SPX261016P07545000,100.1,101.2,100.65,100.7,-11.95,-10.6081,1.0,59.0,0.145,-0.3401,0.0008,11.0121,-1.429,-4.1381,100.9342,100.7,100.7,100.7,112.650001525879,down,2026-08-21T14:51:57,0.0,0.0
SPXW,2026-10-16,56,Put,7545.0,SPXW261016P07545000,101.5,102.0,101.75,93.0,0.0,0.0,0.0,16.0,0.1458,-0.3412,0.0008,11.0513,-1.4357,-4.153,102.2564,0.0,0.0,0.0,113.799999237061,up,2026-08-17T15:00:35,0.0,0.0
SPX,2026-10-16,56,Call,7550.0,SPX261016C07550000,263.1,264.3,263.70000000000005,261.81,8.01,3.15603,6.0,3126.0,0.1444,0.656,0.0008,11.0575,-1.4304,7.3207,262.7733,263.68,272.26,261.81,253.799995422363,down,2026-08-21T14:39:21,0.0,0.0
SPXW,2026-10-16,56,Call,7550.0,SPXW261016C07550000,264.5,265.0,264.75,268.81,13.71,5.37436,4.0,1005.0,0.1454,0.655,0.0008,11.0962,-1.437,7.3059,264.0889,263.15,268.81,263.15,255.099998474121,up,2026-08-21T15:37:50,0.0,0.0
SPX,2026-10-16,56,Put,7550.0,SPX261016P07550000,101.5,102.3,101.9,101.69,-12.26,-10.7591,86.0,3709.0,0.1444,-0.344,0.0008,11.0575,-1.4304,-4.1858,102.1968,106.93,106.93,98.03,113.950000762939,up,2026-08-21T15:54:34,0.0,0.0
SPXW,2026-10-16,56,Put,7550.0,SPXW261016P07550000,102.8,103.3,103.05,100.2,-14.9,-12.9453,31.0,1259.0,0.1453,-0.345,0.0008,11.0962,-1.437,-4.2005,103.5248,106.02,106.82,100.2,115.100002288818,down,2026-08-21T15:49:38,0.0,0.0
SPX,2026-10-16,56,Call,7555.0,SPX261016C07555000,259.4,260.7,260.04999999999995,265.44,15.24,6.09113,7.0,58.0,0.144,0.6521,0.0008,11.1021,-1.4316,7.2799,259.089,268.1,268.1,265.44,250.200004577637,down,2026-08-21T12:46:14,0.0,0.0
SPXW,2026-10-16,56,Call,7555.0,SPXW261016C07555000,260.8,261.4,261.1,302.8,0.0,0.0,0.0,90.0,0.1449,0.6511,0.0008,11.1404,-1.4382,7.2654,260.4102,0.0,0.0,0.0,251.5,no_change,2026-08-19T15:34:44,0.0,0.0
SPX,2026-10-16,56,Put,7555.0,SPX261016P07555000,102.7,103.7,103.2,102.34,-12.96,-11.2402,7.0,41.0,0.144,-0.3478,0.0008,11.1021,-1.4316,-4.2342,103.4789,101.6,102.34,101.6,115.299999237061,up,2026-08-21T12:46:14,0.0,0.0
SPXW,2026-10-16,56,Put,7555.0,SPXW261016P07555000,104.1,104.5,104.3,118.02,0.0,0.0,0.0,64.0,0.1448,-0.3489,0.0008,11.1404,-1.4382,-4.2487,104.8124,0.0,0.0,0.0,116.550003051758,up,2026-08-20T16:08:18,0.0,0.0
SPX,2026-10-16,56,Call,7560.0,SPX261016C07560000,255.7,257.1,256.4,257.71,11.11,4.50527,1.0,112.0,0.1435,0.6482,0.0009,11.146,-1.4328,7.2386,255.4243,257.71,257.71,257.71,246.599998474121,down,2026-08-21T11:18:54,0.0,0.0
SPXW,2026-10-16,56,Call,7560.0,SPXW261016C07560000,257.2,257.8,257.5,298.9,0.0,0.0,0.0,27.0,0.1444,0.6472,0.0008,11.1838,-1.4393,7.2243,256.7511,0.0,0.0,0.0,247.900001525879,down,2026-08-19T15:34:40,0.0,0.0
SPX,2026-10-16,56,Put,7560.0,SPX261016P07560000,104.0,105.0,104.5,101.6,-15.05,-12.9018,114.0,125.0,0.1435,-0.3518,0.0009,11.146,-1.4328,-4.2832,104.7806,108.77,108.77,100.48,116.650001525879,down,2026-08-21T15:48:12,0.0,0.0
SPXW,2026-10-16,56,Put,7560.0,SPXW261016P07560000,105.4,105.8,105.6,118.9,0.0,0.0,0.0,28.0,0.1443,-0.3528,0.0008,11.1838,-1.4393,-4.2973,106.1196,0.0,0.0,0.0,117.899997711182,up,2026-08-20T15:59:31,0.0,0.0
SPX,2026-10-16,56,Call,7565.0,SPX261016C07565000,252.0,253.4,252.7,252.27,9.27,3.81481,7.0,18.0,0.143,0.6442,0.0009,11.189,-1.4337,7.1967,251.7797,259.23,259.32,252.27,243.0,down,2026-08-21T13:56:04,0.0,0.0
SPXW,2026-10-16,56,Call,7565.0,SPXW261016C07565000,253.5,254.0,253.75,295.1,0.0,0.0,0.0,22.0,0.1438,0.6433,0.0009,11.2263,-1.4402,7.1828,253.1117,0.0,0.0,0.0,244.300003051758,down,2026-08-19T15:34:49,0.0,0.0
SPX,2026-10-16,56,Put,7565.0,SPX261016P07565000,105.3,106.3,105.8,105.91,-12.14,-10.2838,7.0,30.0,0.143,-0.3557,0.0009,11.189,-1.4337,-4.3326,106.1023,105.04,105.91,104.34,118.049999237061,up,2026-08-21T13:56:04,0.0,0.0
SPXW,2026-10-16,56,Put,7565.0,SPXW261016P07565000,106.7,107.2,106.95,97.6,0.0,0.0,0.0,47.0,0.1439,-0.3567,0.0009,11.2263,-1.4402,-4.3465,107.4466,0.0,0.0,0.0,119.25,down,2026-08-19T15:34:44,0.0,0.0
SPX,2026-10-16,56,Call,7570.0,SPX261016C07570000,248.4,249.5,248.95,255.42,15.97,6.66945,1.0,116.0,0.1426,0.6402,0.0009,11.231,-1.4346,7.1545,248.1553,255.42,255.42,255.42,239.450004577637,down,2026-08-21T12:14:43,0.0,0.0
SPXW,2026-10-16,56,Call,7570.0,SPXW261016C07570000,249.9,250.4,250.15,291.3,0.0,0.0,0.0,16.0,0.1434,0.6393,0.0009,11.2677,-1.441,7.1409,249.4925,0.0,0.0,0.0,240.699996948242,down,2026-08-19T15:34:49,0.0,0.0
SPX,2026-10-16,56,Put,7570.0,SPX261016P07570000,106.6,107.6,107.1,104.2,-15.3,-12.8033,3.0,510.0,0.1426,-0.3597,0.0009,11.231,-1.4346,-4.3825,107.4442,112.3,112.3,104.2,119.5,down,2026-08-21T15:48:12,0.0,0.0
SPXW,2026-10-16,56,Put,7570.0,SPXW261016P07570000,108.0,108.5,108.25,108.43,-12.32,-10.2029,4.0,35.0,0.1434,-0.3607,0.0009,11.2677,-1.441,-4.396,108.7937,111.71,111.71,108.43,120.75,no_change,2026-08-21T13:42:47,0.0,0.0
SPX,2026-10-16,56,Call,7575.0,SPX261016C07575000,244.8,245.9,245.35000000000002,253.65,17.7,7.50159,3.0,759.0,0.142,0.6362,0.0009,11.2719,-1.4353,7.112,244.5514,258.1,258.1,253.65,235.950004577637,down,2026-08-21T12:07:55,0.0,0.0
SPXW,2026-10-16,56,Call,7575.0,SPXW261016C07575000,246.2,246.8,246.5,287.6,0.0,0.0,0.0,845.0,0.143,0.6353,0.0009,11.3082,-1.4417,7.0987,245.8935,0.0,0.0,0.0,237.199996948242,up,2026-08-19T15:34:44,0.0,0.0
SPX,2026-10-16,56,Put,7575.0,SPX261016P07575000,108.1,109.0,108.55,107.15,-13.8,-11.4097,8.0,1052.0,0.1421,-0.3638,0.0009,11.2719,-1.4353,-4.4327,108.8067,110.96,110.96,105.65,120.950000762939,up,2026-08-21T12:07:55,0.0,0.0
SPXW,2026-10-16,56,Put,7575.0,SPXW261016P07575000,109.4,109.9,109.65,106.7,-15.4,-12.6126,9.0,165.0,0.1429,-0.3647,0.0009,11.3082,-1.4417,-4.4458,110.161,108.54,108.54,106.7,122.100002288818,down,2026-08-21T15:49:06,0.0,0.0
SPX,2026-10-16,56,Call,7580.0,SPX261016C07580000,241.2,242.3,241.75,247.47,15.07,6.48451,8.0,311.0,0.1416,0.6321,0.0009,11.3118,-1.4359,7.0691,240.9682,251.71,251.71,245.47,232.400001525879,up,2026-08-21T15:50:17,0.0,0.0
SPXW,2026-10-16,56,Call,7580.0,SPXW261016C07580000,242.7,243.2,242.95,284.0,0.0,0.0,0.0,12.0,0.1425,0.6312,0.0009,11.3476,-1.4423,7.0563,242.315,0.0,0.0,0.0,233.649993896484,down,2026-08-19T15:33:30,0.0,0.0
SPX,2026-10-16,56,Put,7580.0,SPX261016P07580000,109.4,110.4,109.9,107.65,-14.7,-12.0147,12.0,369.0,0.1416,-0.3679,0.0009,11.3118,-1.4359,-4.4831,110.1898,109.72,109.72,106.8,122.349998474121,up,2026-08-21T15:50:17,0.0,0.0
SPXW,2026-10-16,56,Put,7580.0,SPXW261016P07580000,110.8,111.2,111.0,109.35,-14.25,-11.5291,3.0,51.0,0.1424,-0.3688,0.0009,11.3476,-1.4423,-4.4958,111.5489,107.07,109.35,107.07,123.600002288818,up,2026-08-21T15:42:30,0.0,0.0
SPX,2026-10-16,56,Call,7585.0,SPX261016C07585000,237.7,238.7,238.2,243.71,14.76,6.44682,6.0,68.0,0.141,0.628,0.0009,11.3507,-1.4364,7.0261,237.4059,251.29,251.29,243.71,228.950004577637,down,2026-08-21T12:48:45,0.0,0.0
SPXW,2026-10-16,56,Call,7585.0,SPXW261016C07585000,239.1,239.6,239.35,280.0,0.0,0.0,0.0,14.0,0.142,0.6271,0.0009,11.386,-1.4427,7.0136,238.7572,0.0,0.0,0.0,230.199996948242,down,2026-08-19T15:34:49,0.0,0.0
SPX,2026-10-16,56,Put,7585.0,SPX261016P07585000,110.7,111.8,111.25,110.38,-13.47,-10.8761,56.0,185.0,0.1411,-0.372,0.0009,11.3507,-1.4364,-4.5338,111.5938,115.3,115.56,107.94,123.849998474121,up,2026-08-21T12:48:45,0.0,0.0
SPXW,2026-10-16,56,Put,7585.0,SPXW261016P07585000,112.2,112.6,112.4,126.4,0.0,0.0,0.0,14.0,0.142,-0.3729,0.0009,11.386,-1.4427,-4.5461,112.9575,0.0,0.0,0.0,125.100002288818,down,2026-08-20T16:11:18,0.0,0.0
SPX,2026-10-16,56,Call,7590.0,SPX261016C07590000,234.1,235.2,234.64999999999998,290.6,0.0,0.0,0.0,132.0,0.1407,0.6238,0.0009,11.3885,-1.4367,6.9827,233.8646,0.0,0.0,0.0,225.450004577637,up,2026-08-06T15:53:28,0.0,0.0
SPXW,2026-10-16,56,Call,7590.0,SPXW261016C07590000,235.6,236.1,235.85,274.2,0.0,0.0,0.0,7.0,0.1415,0.623,0.0009,11.4234,-1.443,6.9707,235.2204,0.0,0.0,0.0,226.699996948242,down,2026-08-19T10:25:22,0.0,0.0
SPX,2026-10-16,56,Put,7590.0,SPX261016P07590000,112.1,113.2,112.65,109.6,-15.75,-12.5648,2.0,385.0,0.1406,-0.3762,0.0009,11.3885,-1.4367,-4.5847,113.0189,109.6,109.6,109.6,125.349998474121,no_change,2026-08-21T15:48:12,0.0,0.0
SPXW,2026-10-16,56,Put,7590.0,SPXW261016P07590000,113.6,114.1,113.85,110.8,-15.8,-12.4803,3.0,116.0,0.1415,-0.377,0.0009,11.4234,-1.443,-4.5967,114.3869,118.22,118.22,110.8,126.600002288818,no_change,2026-08-21T15:49:07,0.0,0.0
SPX,2026-10-16,56,Call,7595.0,SPX261016C07595000,230.6,231.7,231.14999999999998,236.82,14.82,6.67568,6.0,67.0,0.14,0.6196,0.0009,11.4252,-1.4369,6.939,230.3447,239.27,239.27,236.82,222.0,down,2026-08-21T12:34:01,0.0,0.0
SPXW,2026-10-16,56,Call,7595.0,SPXW261016C07595000,232.0,232.6,232.3,272.6,0.0,0.0,0.0,12.0,0.141,0.6188,0.0009,11.4597,-1.4431,6.9274,231.7046,0.0,0.0,0.0,223.300003051758,down,2026-08-19T15:34:44,0.0,0.0
SPX,2026-10-16,56,Put,7595.0,SPX261016P07595000,113.7,114.6,114.15,113.04,-13.81,-10.8869,16.0,111.0,0.1402,-0.3804,0.0009,11.4252,-1.4369,-4.636,114.4653,116.83,117.5,112.3,126.849998474121,up,2026-08-21T12:34:01,0.0,0.0
SPXW,2026-10-16,56,Put,7595.0,SPXW261016P07595000,115.0,115.5,115.25,97.68,0.0,0.0,0.0,26.0,0.141,-0.3812,0.0009,11.4597,-1.4431,-4.6476,115.8375,0.0,0.0,0.0,128.100002288818,down,2026-08-14T14:56:58,0.0,0.0
SPX,2026-10-16,56,Call,7600.0,SPX261016C07600000,227.1,228.2,227.64999999999998,230.42,11.82,5.40714,1295.0,13147.0,0.1396,0.6153,0.0009,11.4611,-1.437,6.895,226.8464,225.16,240.61,224.8,218.599998474121,down,2026-08-21T15:55:50,0.0,0.0
SPXW,2026-10-16,56,Call,7600.0,SPXW261016C07600000,228.5,229.1,228.8,245.42,0.0,0.0,0.0,581.0,0.1406,0.6145,0.0009,11.4951,-1.4432,6.8836,228.2102,0.0,0.0,0.0,219.900001525879,no_change,2026-08-20T10:51:49,0.0,0.0
SPX,2026-10-16,56,Put,7600.0,SPX261016P07600000,115.1,116.0,115.55,115.89,-12.51,-9.74299,3901.0,8187.0,0.1397,-0.3846,0.0009,11.4611,-1.437,-4.6877,115.9333,119.26,120.61,111.9,128.400001525879,up,2026-08-21T16:04:34,0.0,0.0
SPXW,2026-10-16,56,Put,7600.0,SPXW261016P07600000,116.5,117.0,116.75,113.6,-16.1,-12.4133,65.0,1262.0,0.1405,-0.3854,0.0009,11.4951,-1.4432,-4.699,117.3094,121.17,121.17,113.38,129.699996948242,no_change,2026-08-21T15:49:07,0.0,0.0
SPX,2026-10-16,56,Call,7605.0,SPX261016C07605000,223.6,224.8,224.2,228.53,13.33,6.19424,14.0,66.0,0.1392,0.611,0.0009,11.4959,-1.4368,6.8503,223.3699,221.28,231.71,221.28,215.200004577637,up,2026-08-21T15:38:03,0.0,0.0
SPXW,2026-10-16,56,Call,7605.0,SPXW261016C07605000,225.0,225.6,225.3,265.4,0.0,0.0,0.0,19.0,0.1401,0.6103,0.0009,11.5296,-1.443,6.8393,224.7375,0.0,0.0,0.0,216.5,down,2026-08-19T15:34:33,0.0,0.0
SPX,2026-10-16,56,Put,7605.0,SPX261016P07605000,116.5,117.6,117.05,114.76,-15.19,-11.6891,6.0,180.0,0.1392,-0.389,0.0009,11.4959,-1.4368,-4.74,117.4232,115.0,116.93,114.76,129.950004577637,down,2026-08-21T15:38:03,0.0,0.0
SPXW,2026-10-16,56,Put,7605.0,SPXW261016P07605000,118.0,118.5,118.25,129.85,0.0,0.0,0.0,15.0,0.1401,-0.3897,0.0009,11.5296,-1.443,-4.7509,118.8031,0.0,0.0,0.0,131.199996948242,up,2026-08-20T15:15:50,0.0,0.0
SPX,2026-10-16,56,Call,7610.0,SPX261016C07610000,220.2,221.2,220.7,228.3,16.5,7.79037,1.0,700.0,0.1387,0.6067,0.0009,11.5298,-1.4366,6.8051,219.9157,228.3,228.3,228.3,211.799995422363,down,2026-08-21T12:21:21,0.0,0.0
SPXW,2026-10-16,56,Call,7610.0,SPXW261016C07610000,221.6,222.1,221.85,213.5,0.0,0.0,0.0,28.0,0.1397,0.606,0.0009,11.5632,-1.4428,6.7944,221.2868,0.0,0.0,0.0,213.099998474121,no_change,2026-08-20T15:50:11,0.0,0.0
SPX,2026-10-16,56,Put,7610.0,SPX261016P07610000,118.1,119.1,118.6,115.3,-16.25,-12.3527,7.0,681.0,0.1388,-0.3933,0.0009,11.5298,-1.4366,-4.7928,118.9353,118.2,118.6,115.3,131.549995422363,down,2026-08-21T15:48:12,0.0,0.0
SPXW,2026-10-16,56,Put,7610.0,SPXW261016P07610000,119.5,120.0,119.75,123.08,-9.72,-7.31928,1.0,22.0,0.1396,-0.394,0.0009,11.5632,-1.4428,-4.8034,120.3188,123.08,123.08,123.08,132.800003051758,down,2026-08-21T10:30:37,0.0,0.0
SPX,2026-10-16,56,Call,7615.0,SPX261016C07615000,216.7,217.8,217.25,221.93,13.48,6.46678,9.0,61.0,0.1383,0.6023,0.0009,11.5628,-1.4362,6.7591,216.484,221.35,229.07,218.65,208.450004577637,down,2026-08-21T12:23:29,0.0,0.0
SPXW,2026-10-16,56,Call,7615.0,SPXW261016C07615000,218.2,218.7,218.45,227.6,0.0,0.0,0.0,19.0,0.1392,0.6016,0.0009,11.5958,-1.4423,6.7488,217.8586,0.0,0.0,0.0,209.800003051758,down,2026-08-20T11:50:47,0.0,0.0
SPX,2026-10-16,56,Put,7615.0,SPX261016P07615000,119.6,120.6,120.1,120.93,-12.22,-9.17762,30.0,327.0,0.1383,-0.3977,0.0009,11.5628,-1.4362,-4.8464,120.47,123.4,123.4,116.99,133.150001525879,down,2026-08-21T14:46:38,0.0,0.0
SPXW,2026-10-16,56,Put,7615.0,SPXW261016P07615000,121.0,121.5,121.25,122.5,-11.9,-8.85417,11.0,42.0,0.1392,-0.3983,0.0009,11.5958,-1.4423,-4.8567,121.8569,122.5,122.5,122.5,134.400001525879,down,2026-08-21T14:07:11,0.0,0.0
SPX,2026-10-16,56,Call,7620.0,SPX261016C07620000,213.3,214.3,213.8,222.02,16.87,8.22325,69.0,161.0,0.1377,0.5979,0.0009,11.5948,-1.4357,6.7123,213.0754,212.44,224.77,212.44,205.150001525879,up,2026-08-21T12:09:06,0.0,0.0
SPXW,2026-10-16,56,Call,7620.0,SPXW261016C07620000,214.8,215.3,215.05,206.8,0.0,0.0,0.0,121.0,0.1387,0.5972,0.0009,11.6275,-1.4418,6.7023,214.4532,0.0,0.0,0.0,206.5,no_change,2026-08-20T15:50:11,0.0,0.0
SPX,2026-10-16,56,Put,7620.0,SPX261016P07620000,121.2,122.2,121.7,122.1,-12.75,-9.45495,78.0,112.0,0.1379,-0.4021,0.0009,11.5948,-1.4357,-4.9008,122.0277,118.11,122.2,118.11,134.849998474121,down,2026-08-21T16:02:12,0.0,0.0
SPXW,2026-10-16,56,Put,7620.0,SPXW261016P07620000,122.6,123.1,122.85,121.92,-14.13,-10.3859,1.0,168.0,0.1387,-0.4027,0.0009,11.6275,-1.4418,-4.9107,123.4178,121.92,121.92,121.92,136.050003051758,down,2026-08-21T11:32:14,0.0,0.0
SPX,2026-10-16,56,Call,7625.0,SPX261016C07625000,209.9,210.9,210.4,219.4,17.6,8.72151,6.0,861.0,0.1374,0.5934,0.0009,11.6258,-1.435,6.6647,209.6902,218.7,219.4,217.86,201.799995422363,up,2026-08-21T12:21:07,0.0,0.0
SPXW,2026-10-16,56,Call,7625.0,SPXW261016C07625000,211.4,211.9,211.65,227.79,0.0,0.0,0.0,273.0,0.1383,0.5928,0.0009,11.6581,-1.441,6.6551,211.071,0.0,0.0,0.0,203.099998474121,no_change,2026-08-20T10:51:49,0.0,0.0
SPX,2026-10-16,56,Put,7625.0,SPX261016P07625000,122.7,123.8,123.25,120.45,-16.0,-11.7259,121.0,813.0,0.1375,-0.4065,0.0009,11.6258,-1.435,-4.956,123.6089,118.95,122.25,118.95,136.450004577637,no_change,2026-08-21T15:44:13,0.0,0.0
SPXW,2026-10-16,56,Put,7625.0,SPXW261016P07625000,124.2,124.7,124.45,123.5,-14.15,-10.2797,30.0,98.0,0.1383,-0.4072,0.0009,11.6581,-1.441,-4.9656,125.002,127.65,128.2,123.48,137.649993896484,up,2026-08-21T15:14:40,0.0,0.0
SPX,2026-10-16,56,Call,7630.0,SPX261016C07630000,206.5,207.6,207.05,212.19,13.64,6.86981,4.0,96.0,0.1369,0.589,0.001,11.6556,-1.4341,6.6164,206.329,217.61,217.61,212.19,198.549995422363,down,2026-08-21T12:26:13,0.0,0.0
SPXW,2026-10-16,56,Call,7630.0,SPXW261016C07630000,208.0,208.6,208.3,207.07,7.22,3.61271,3.0,22.0,0.1378,0.5884,0.0009,11.6876,-1.4402,6.6071,207.7126,207.07,207.07,207.07,199.850006103516,down,2026-08-21T10:06:12,0.0,0.0
SPX,2026-10-16,56,Put,7630.0,SPX261016P07630000,124.3,125.3,124.8,121.4,-16.75,-12.1245,9.0,108.0,0.137,-0.411,0.001,11.6556,-1.4341,-5.012,125.214,127.39,127.39,121.23,138.150001525879,down,2026-08-21T15:48:12,0.0,0.0
SPXW,2026-10-16,56,Put,7630.0,SPXW261016P07630000,125.8,126.3,126.05,123.3,-16.1,-11.5495,37.0,27.0,0.1378,-0.4116,0.0009,11.6876,-1.4402,-5.0212,126.6099,131.35,131.35,123.3,139.400001525879,down,2026-08-21T15:45:25,0.0,0.0
SPX,2026-10-16,56,Call,7635.0,SPX261016C07635000,203.2,204.2,203.7,205.74,10.44,5.34562,7.0,66.0,0.1364,0.5844,0.001,11.6843,-1.4331,6.5672,202.9921,200.59,211.36,200.59,195.299995422363,down,2026-08-21T13:26:54,0.0,0.0
SPXW,2026-10-16,56,Call,7635.0,SPXW261016C07635000,204.7,205.2,204.95,216.2,0.0,0.0,0.0,24.0,0.1374,0.5839,0.0009,11.7159,-1.4391,6.5584,204.3783,0.0,0.0,0.0,196.599998474121,down,2026-08-20T12:57:42,0.0,0.0
SPX,2026-10-16,56,Put,7635.0,SPX261016P07635000,126.0,127.0,126.5,124.3,-15.55,-11.1191,33.0,334.0,0.1365,-0.4156,0.001,11.6843,-1.4331,-5.0687,126.8434,124.82,126.56,124.3,139.849998474121,no_change,2026-08-21T15:30:41,0.0,0.0
SPXW,2026-10-16,56,Put,7635.0,SPXW261016P07635000,127.4,127.9,127.65,124.1,-16.95,-12.017,3.0,26.0,0.1373,-0.4161,0.0009,11.7159,-1.4391,-5.0775,128.2419,131.97,133.0,124.1,141.050003051758,down,2026-08-21T11:59:40,0.0,0.0
SPX,2026-10-16,56,Call,7640.0,SPX261016C07640000,199.9,200.9,200.4,203.9,11.85,6.17027,6.0,321.0,0.136,0.5798,0.001,11.7117,-1.4319,6.5176,199.6799,197.28,203.9,197.28,192.049995422363,up,2026-08-21T12:20:33,0.0,0.0
SPXW,2026-10-16,56,Call,7640.0,SPXW261016C07640000,201.4,201.9,201.65,194.0,0.0,0.0,0.0,16.0,0.137,0.5793,0.001,11.743,-1.4379,6.5091,201.0684,0.0,0.0,0.0,193.400001525879,down,2026-08-20T15:34:39,0.0,0.0
SPX,2026-10-16,56,Put,7640.0,SPX261016P07640000,127.5,128.6,128.05,124.6,-17.0,-12.0056,5.0,562.0,0.136,-0.4201,0.001,11.7117,-1.4319,-5.126,128.4976,132.0,132.0,124.6,141.599998474121,down,2026-08-21T15:48:12,0.0,0.0
SPXW,2026-10-16,56,Put,7640.0,SPXW261016P07640000,129.0,129.5,129.25,129.1,-13.75,-9.62549,6.0,27.0,0.1369,-0.4206,0.001,11.743,-1.4379,-5.1344,129.8984,124.55,129.1,124.55,142.850006103516,no_change,2026-08-21T12:55:46,0.0,0.0
SPX,2026-10-16,56,Call,7645.0,SPX261016C07645000,196.6,197.6,197.1,201.21,12.36,6.54488,18.0,164.0,0.1355,0.5752,0.001,11.7376,-1.4306,6.4674,196.3927,194.61,202.3,194.61,188.849998474121,up,2026-08-21T15:03:01,0.0,0.0
SPXW,2026-10-16,56,Call,7645.0,SPXW261016C07645000,198.0,198.6,198.3,203.51,13.31,6.9979,5.0,54.0,0.1365,0.5748,0.001,11.7686,-1.4365,6.4594,197.7834,203.51,203.51,203.51,190.199996948242,down,2026-08-21T15:50:26,0.0,0.0
SPX,2026-10-16,56,Put,7645.0,SPX261016P07645000,129.2,130.3,129.75,129.4,-13.95,-9.73143,2.0,164.0,0.1356,-0.4247,0.001,11.7376,-1.4306,-5.1838,130.1767,128.78,129.4,128.78,143.349998474121,up,2026-08-21T13:29:55,0.0,0.0
SPXW,2026-10-16,56,Put,7645.0,SPXW261016P07645000,130.7,131.2,130.95,129.96,-14.64,-10.1245,1.0,18.0,0.1365,-0.4252,0.001,11.7686,-1.4365,-5.1917,131.5797,129.96,129.96,129.96,144.599998474121,down,2026-08-21T11:32:14,0.0,0.0
SPX,2026-10-16,56,Call,7650.0,SPX261016C07650000,193.3,194.3,193.8,198.31,12.66,6.81928,45.0,5070.0,0.135,0.5706,0.001,11.7622,-1.429,6.4168,193.1308,191.34,206.3,189.25,185.650001525879,up,2026-08-21T15:39:33,0.0,0.0
SPXW,2026-10-16,56,Call,7650.0,SPXW261016C07650000,194.8,195.3,195.05,195.1,8.1,4.33155,49.0,287.0,0.136,0.5702,0.001,11.7929,-1.435,6.4093,194.5234,197.6,211.1,193.89,187.0,down,2026-08-21T14:25:22,0.0,0.0
SPX,2026-10-16,56,Put,7650.0,SPX261016P07650000,130.9,131.9,131.4,132.07,-13.03,-8.98001,238.0,5831.0,0.1351,-0.4294,0.001,11.7622,-1.429,-5.242,131.8812,135.85,136.5,127.5,145.099998474121,down,2026-08-21T16:12:21,0.0,0.0
SPXW,2026-10-16,56,Put,7650.0,SPXW261016P07650000,132.4,132.9,132.65,129.8,-16.6,-11.3388,65.0,939.0,0.136,-0.4298,0.001,11.7929,-1.435,-5.2494,133.286,135.9,137.5,128.73,146.400001525879,down,2026-08-21T15:45:25,0.0,0.0
SPX,2026-10-16,56,Call,7655.0,SPX261016C07655000,190.1,191.1,190.6,194.61,12.11,6.63562,18.0,71.0,0.1347,0.5659,0.001,11.7852,-1.4274,6.3661,189.8945,194.7,195.39,185.29,182.5,down,2026-08-21T15:09:36,0.0,0.0
SPXW,2026-10-16,56,Call,7655.0,SPXW261016C07655000,191.6,192.1,191.85,196.91,13.06,7.10361,5.0,14.0,0.1356,0.5655,0.001,11.8156,-1.4332,6.3591,191.2887,196.91,196.91,196.91,183.850006103516,up,2026-08-21T15:50:26,0.0,0.0
SPX,2026-10-16,56,Put,7655.0,SPX261016P07655000,132.6,133.7,133.14999999999998,133.29,-13.66,-9.29568,1.0,66.0,0.1347,-0.4341,0.001,11.7852,-1.4274,-5.3003,133.6112,133.29,133.29,133.29,146.950004577637,down,2026-08-21T12:20:57,0.0,0.0
SPXW,2026-10-16,56,Put,7655.0,SPXW261016P07655000,134.2,134.6,134.39999999999998,119.2,0.0,0.0,0.0,21.0,0.1356,-0.4345,0.001,11.8156,-1.4332,-5.3072,135.0177,0.0,0.0,0.0,148.199996948242,up,2026-08-17T13:44:49,0.0,0.0
SPX,2026-10-16,56,Call,7660.0,SPX261016C07660000,186.9,187.8,187.35000000000002,191.99,12.59,7.01784,18.0,431.0,0.1342,0.5612,0.001,11.8067,-1.4255,6.3152,186.684,182.9,194.9,182.9,179.400001525879,up,2026-08-21T15:08:37,0.0,0.0
SPXW,2026-10-16,56,Call,7660.0,SPXW261016C07660000,188.4,188.9,188.65,181.3,0.0,0.0,0.0,20.0,0.1352,0.5608,0.001,11.8368,-1.4313,6.3087,188.0795,0.0,0.0,0.0,180.75,down,2026-08-20T15:34:39,0.0,0.0
SPX,2026-10-16,56,Put,7660.0,SPX261016P07660000,134.4,135.5,134.95,131.2,-17.55,-11.7983,30.0,447.0,0.1343,-0.4388,0.001,11.8067,-1.4255,-5.3588,135.367,134.52,135.28,131.2,148.75,down,2026-08-21T15:48:12,0.0,0.0
SPXW,2026-10-16,56,Put,7660.0,SPXW261016P07660000,135.9,136.4,136.15,135.58,-14.52,-9.67355,1.0,53.0,0.1352,-0.4392,0.001,11.8368,-1.4313,-5.3652,136.7748,135.58,135.58,135.58,150.099998474121,down,2026-08-21T12:21:04,0.0,0.0
SPX,2026-10-16,56,Call,7665.0,SPX261016C07665000,183.7,184.6,184.14999999999998,188.71,12.46,7.0695,44.0,46.0,0.1338,0.5564,0.001,11.8266,-1.4234,6.2642,183.4993,179.45,190.17,177.45,176.25,up,2026-08-21T15:08:54,0.0,0.0
SPXW,2026-10-16,56,Call,7665.0,SPXW261016C07665000,185.2,185.7,185.45,187.7,10.1,5.68694,4.0,31.0,0.1347,0.5561,0.001,11.8566,-1.4293,6.2582,184.896,182.5,187.7,182.5,177.599998474121,up,2026-08-21T11:14:16,0.0,0.0
SPX,2026-10-16,56,Put,7665.0,SPX261016P07665000,136.2,137.2,136.7,136.26,-14.39,-9.55194,29.0,49.0,0.1339,-0.4436,0.001,11.8266,-1.4234,-5.4175,137.1487,140.2,142.65,134.9,150.650001525879,up,2026-08-21T13:28:13,0.0,0.0
SPXW,2026-10-16,56,Put,7665.0,SPXW261016P07665000,137.7,138.2,137.95,139.49,-12.41,-8.16985,8.0,20.0,0.1347,-0.4439,0.001,11.8566,-1.4293,-5.4234,138.5576,143.82,143.82,139.49,151.900001525879,down,2026-08-21T14:27:38,0.0,0.0
SPX,2026-10-16,56,Call,7670.0,SPX261016C07670000,180.5,181.4,180.95,179.76,6.56,3.78753,26.0,135.0,0.1334,0.5516,0.001,11.845,-1.4212,6.213,180.3408,187.68,187.68,179.67,173.200004577637,no_change,2026-08-21T14:39:18,0.0,0.0
SPXW,2026-10-16,56,Call,7670.0,SPXW261016C07670000,182.0,182.5,182.25,186.66,12.11,6.93784,2.0,47.0,0.1343,0.5513,0.001,11.8748,-1.427,6.2074,181.7383,176.03,186.66,176.03,174.550003051758,up,2026-08-21T15:07:27,0.0,0.0
SPX,2026-10-16,56,Put,7670.0,SPX261016P07670000,137.9,139.0,138.45,134.9,-17.6,-11.541,28.0,299.0,0.1334,-0.4484,0.001,11.845,-1.4212,-5.4763,138.9566,144.57,144.57,134.9,152.5,down,2026-08-21T15:48:51,0.0,0.0
SPXW,2026-10-16,56,Put,7670.0,SPXW261016P07670000,139.5,140.0,139.75,140.3,-13.5,-8.77764,10.0,78.0,0.1343,-0.4486,0.001,11.8748,-1.427,-5.4817,140.3663,145.09,145.09,138.22,153.800003051758,no_change,2026-08-21T16:02:05,0.0,0.0
SPX,2026-10-16,56,Call,7675.0,SPX261016C07675000,177.4,178.3,177.85000000000002,177.6,7.45,4.37849,52.0,1981.0,0.1329,0.5468,0.001,11.8619,-1.4188,6.1615,177.2087,173.82,192.15,173.82,170.150001525879,down,2026-08-21T14:00:00,0.0,0.0
SPXW,2026-10-16,56,Call,7675.0,SPXW261016C07675000,178.8,179.4,179.10000000000002,179.2,7.75,4.52027,8.0,192.0,0.1339,0.5465,0.001,11.8914,-1.4246,6.1564,178.6067,175.0,183.6,175.0,171.449996948242,down,2026-08-21T14:25:22,0.0,0.0
SPX,2026-10-16,56,Put,7675.0,SPX261016P07675000,139.8,140.9,140.35000000000002,138.85,-15.6,-10.1004,365.0,791.0,0.133,-0.4532,0.001,11.8619,-1.4188,-5.5354,140.7907,143.09,145.5,137.99,154.450004577637,down,2026-08-21T15:21:02,0.0,0.0
SPXW,2026-10-16,56,Put,7675.0,SPXW261016P07675000,141.3,141.8,141.55,142.3,-13.4,-8.60629,155.0,126.0,0.1339,-0.4534,0.001,11.8914,-1.4246,-5.5404,142.201,144.47,147.69,138.27,155.699996948242,up,2026-08-21T15:59:57,0.0,0.0
SPX,2026-10-16,56,Call,7680.0,SPX261016C07680000,174.3,175.2,174.75,180.1,13.0,7.77977,10.0,78.0,0.1325,0.5419,0.001,11.8772,-1.4162,6.1095,174.1031,182.51,182.51,179.95,167.099998474121,up,2026-08-21T15:51:28,0.0,0.0
SPXW,2026-10-16,56,Call,7680.0,SPXW261016C07680000,175.8,176.2,176.0,175.27,6.82,4.04868,41.0,35.0,0.1334,0.5417,0.001,11.9066,-1.422,6.105,175.5015,185.2,185.2,175.27,168.449996948242,down,2026-08-21T14:08:30,0.0,0.0
SPX,2026-10-16,56,Put,7680.0,SPX261016P07680000,141.7,142.8,142.25,140.04,-16.31,-10.4317,11.0,114.0,0.1327,-0.4581,0.001,11.8772,-1.4162,-5.595,142.6515,136.01,140.55,136.01,156.349998474121,down,2026-08-21T15:43:24,0.0,0.0
SPXW,2026-10-16,56,Put,7680.0,SPXW261016P07680000,143.2,143.7,143.45,141.9,-15.8,-10.019,37.0,53.0,0.1335,-0.4583,0.001,11.9066,-1.422,-5.5994,144.0621,147.91,147.91,138.54,157.699996948242,no_change,2026-08-21T15:59:07,0.0,0.0
SPX,2026-10-16,56,Call,7685.0,SPX261016C07685000,171.2,172.1,171.64999999999998,171.45,7.35,4.47898,226.0,57.0,0.1321,0.537,0.001,11.891,-1.4135,6.0571,171.0245,183.0,183.0,171.45,164.099998474121,down,2026-08-21T16:14:43,0.0,0.0
SPXW,2026-10-16,56,Call,7685.0,SPXW261016C07685000,172.7,173.2,172.95,175.15,9.7,5.8628,2.0,41.0,0.133,0.5368,0.001,11.9202,-1.4193,6.053,172.4229,175.15,175.15,175.15,165.449996948242,down,2026-08-21T11:14:16,0.0,0.0
SPX,2026-10-16,56,Put,7685.0,SPX261016P07685000,143.6,144.6,144.1,144.27,-14.08,-8.8917,226.0,166.0,0.1322,-0.463,0.001,11.891,-1.4135,-5.655,144.5393,139.0,144.27,139.0,158.349998474121,up,2026-08-21T16:14:43,0.0,0.0
SPXW,2026-10-16,56,Put,7685.0,SPXW261016P07685000,145.1,145.6,145.35,144.18,-15.42,-9.66165,15.0,63.0,0.133,-0.4631,0.001,11.9202,-1.4193,-5.659,145.9499,148.62,148.62,144.18,159.599998474121,down,2026-08-21T13:11:09,0.0,0.0
SPX,2026-10-16,56,Call,7690.0,SPX261016C07690000,168.1,169.0,168.55,173.9,12.75,7.91188,33.0,244.0,0.1316,0.532,0.001,11.9032,-1.4106,6.0039,167.9733,167.26,174.99,164.82,161.150001525879,up,2026-08-21T15:51:28,0.0,0.0
SPXW,2026-10-16,56,Call,7690.0,SPXW261016C07690000,169.6,170.2,169.89999999999998,174.29,11.84,7.2884,4.0,42.0,0.1326,0.5319,0.001,11.9323,-1.4163,6.0003,169.3715,184.67,184.67,174.29,162.449996948242,down,2026-08-21T15:07:27,0.0,0.0
SPX,2026-10-16,56,Put,7690.0,SPX261016P07690000,145.5,146.5,146.0,146.35,-14.0,-8.7309,22.0,118.0,0.1318,-0.4679,0.001,11.9032,-1.4106,-5.7158,146.4544,148.23,148.9,143.82,160.349998474121,up,2026-08-21T12:50:34,0.0,0.0
SPXW,2026-10-16,56,Put,7690.0,SPXW261016P07690000,147.0,147.5,147.25,145.57,-16.03,-9.91955,6.0,51.0,0.1326,-0.468,0.001,11.9323,-1.4163,-5.7193,147.8648,146.92,148.82,145.57,161.599998474121,down,2026-08-21T15:07:45,0.0,0.0
SPX,2026-10-16,56,Call,7695.0,SPX261016C07695000,165.1,166.2,165.64999999999998,170.55,12.4,7.84066,16.0,53.0,0.1312,0.5271,0.001,11.9138,-1.4074,5.95,164.9498,160.74,177.35,160.74,158.150001525879,down,2026-08-21T15:46:23,0.0,0.0
SPXW,2026-10-16,56,Call,7695.0,SPXW261016C07695000,166.6,167.1,166.85,181.52,22.02,13.8056,10.0,12.0,0.1322,0.527,0.001,11.9428,-1.4132,5.9469,166.3475,162.17,181.52,162.17,159.5,up,2026-08-21T11:52:47,0.0,0.0
SPX,2026-10-16,56,Put,7695.0,SPX261016P07695000,147.4,148.5,147.95,145.82,-16.53,-10.1817,9.0,123.0,0.1313,-0.4729,0.001,11.9138,-1.4074,-5.7774,148.3973,152.1,152.1,142.65,162.349998474121,no_change,2026-08-21T12:39:18,0.0,0.0
SPXW,2026-10-16,56,Put,7695.0,SPXW261016P07695000,148.9,149.4,149.15,150.02,-13.68,-8.35675,1.0,148.0,0.1322,-0.473,0.001,11.9428,-1.4132,-5.7804,149.8072,150.02,150.02,150.02,163.699996948242,down,2026-08-21T14:19:30,0.0,0.0
SPX,2026-10-16,56,Call,7700.0,SPX261016C07700000,162.1,163.2,162.64999999999998,167.2,11.95,7.69726,202.0,4683.0,0.1307,0.5221,0.001,11.9227,-1.4041,5.8952,161.9546,160.25,173.7,156.05,155.25,down,2026-08-21T15:51:14,0.0,0.0
SPXW,2026-10-16,56,Call,7700.0,SPXW261016C07700000,163.6,164.1,163.85,164.6,8.0,5.10856,28.0,413.0,0.1318,0.522,0.001,11.9517,-1.4099,5.8926,163.3515,166.5,178.6,159.35,156.599998474121,down,2026-08-21T16:04:57,0.0,0.0
SPX,2026-10-16,56,Put,7700.0,SPX261016P07700000,149.4,150.3,149.85000000000002,150.22,-14.08,-8.56969,1304.0,4503.0,0.1309,-0.4779,0.001,11.9227,-1.4041,-5.8397,150.3684,154.08,156.45,145.33,164.300003051758,up,2026-08-21T16:04:34,0.0,0.0
SPXW,2026-10-16,56,Put,7700.0,SPXW261016P07700000,150.9,151.4,151.15,150.5,-15.15,-9.14579,64.0,1343.0,0.1318,-0.4779,0.001,11.9517,-1.4099,-5.8422,151.7776,154.08,157.13,148.8,165.649993896484,up,2026-08-21T15:56:38,0.0,0.0
SPX,2026-10-16,56,Call,7705.0,SPX261016C07705000,159.1,160.2,159.64999999999998,165.14,12.79,8.39514,27.0,406.0,0.1304,0.517,0.001,11.9299,-1.4006,5.8397,158.9881,159.73,169.5,154.87,152.349998474121,no_change,2026-08-21T15:47:30,0.0,0.0
SPXW,2026-10-16,56,Call,7705.0,SPXW261016C07705000,160.6,161.2,160.89999999999998,160.32,6.62,4.30709,16.0,74.0,0.1314,0.517,0.001,11.9588,-1.4064,5.8377,160.384,160.3,160.32,160.3,153.699996948242,up,2026-08-21T14:08:30,0.0,0.0
SPX,2026-10-16,56,Put,7705.0,SPX261016P07705000,151.4,152.4,151.9,150.16,-16.29,-9.78673,378.0,269.0,0.1305,-0.4829,0.001,11.9299,-1.4006,-5.9028,152.3682,157.9,158.3,147.48,166.450004577637,down,2026-08-21T12:38:19,0.0,0.0
SPXW,2026-10-16,56,Put,7705.0,SPXW261016P07705000,152.9,153.4,153.15,154.46,-13.29,-7.9225,16.0,47.0,0.1314,-0.4829,0.001,11.9588,-1.4064,-5.9048,153.7764,154.46,154.46,154.46,167.75,up,2026-08-21T14:08:51,0.0,0.0
SPX,2026-10-16,56,Call,7710.0,SPX261016C07710000,156.2,157.2,156.7,161.4,11.9,7.95987,14.0,195.0,0.1299,0.512,0.001,11.9353,-1.3969,5.7836,156.0507,155.39,162.25,152.97,149.5,up,2026-08-21T15:52:27,0.0,0.0
SPXW,2026-10-16,56,Call,7710.0,SPXW261016C07710000,157.7,158.2,157.95,161.49,10.59,7.01789,4.0,27.0,0.131,0.512,0.001,11.9642,-1.4027,5.782,157.4452,161.49,161.49,161.49,150.900001525879,down,2026-08-21T12:52:48,0.0,0.0
SPX,2026-10-16,56,Put,7710.0,SPX261016P07710000,153.3,154.4,153.85000000000002,155.09,-13.46,-7.98576,327.0,71.0,0.1301,-0.488,0.001,11.9353,-1.3969,-5.9666,154.3971,152.26,155.09,152.26,168.549995422363,up,2026-08-21T14:09:33,0.0,0.0
SPXW,2026-10-16,56,Put,7710.0,SPXW261016P07710000,154.9,155.4,155.15,137.7,0.0,0.0,0.0,53.0,0.131,-0.488,0.001,11.9642,-1.4027,-5.968,155.804,0.0,0.0,0.0,169.850006103516,up,2026-08-19T11:21:32,0.0,0.0
SPX,2026-10-16,56,Call,7715.0,SPX261016C07715000,153.3,154.3,153.8,157.16,10.51,7.16672,6.0,49.0,0.1295,0.5069,0.001,11.9389,-1.393,5.727,153.1427,150.5,159.86,150.5,146.650001525879,down,2026-08-21T12:51:11,0.0,0.0
SPXW,2026-10-16,56,Call,7715.0,SPXW261016C07715000,154.8,155.3,155.05,160.95,12.9,8.71327,13.0,12.0,0.1306,0.507,0.001,11.9678,-1.3988,5.726,154.5357,159.82,160.95,159.82,148.050003051758,up,2026-08-21T12:58:41,0.0,0.0
SPX,2026-10-16,56,Put,7715.0,SPX261016P07715000,155.4,156.5,155.95,155.74,-14.96,-8.76391,8.0,68.0,0.1297,-0.4931,0.001,11.9389,-1.393,-6.0308,156.4555,151.12,155.74,151.12,170.699996948242,up,2026-08-21T12:51:11,0.0,0.0
SPXW,2026-10-16,56,Put,7715.0,SPXW261016P07715000,157.0,157.5,157.25,154.4,-17.6,-10.2326,193.0,17.0,0.1306,-0.493,0.001,11.9678,-1.3988,-6.0317,157.8607,155.9,156.4,154.4,172.0,down,2026-08-21T11:34:46,0.0,0.0
SPX,2026-10-16,56,Call,7720.0,SPX261016C07720000,150.4,151.5,150.95,156.0,12.15,8.4463,16.0,142.0,0.1292,0.5017,0.001,11.9406,-1.3889,5.67,150.2645,146.32,157.22,146.32,143.849998474121,up,2026-08-21T15:51:28,0.0,0.0
SPXW,2026-10-16,56,Call,7720.0,SPXW261016C07720000,151.9,152.4,152.15,152.0,6.75,4.64716,2.0,25.0,0.1302,0.5019,0.001,11.9696,-1.3947,5.6696,151.6555,146.98,152.0,146.98,145.25,up,2026-08-21T14:19:23,0.0,0.0
SPX,2026-10-16,56,Put,7720.0,SPX261016P07720000,157.5,158.6,158.05,154.29,-18.61,-10.7634,234.0,114.0,0.1294,-0.4982,0.001,11.9406,-1.3889,-6.0954,158.5436,162.6,163.22,153.17,172.900001525879,down,2026-08-21T15:45:51,0.0,0.0
SPXW,2026-10-16,56,Put,7720.0,SPXW261016P07720000,159.0,159.6,159.3,160.4,0.0,0.0,0.0,93.0,0.1302,-0.4981,0.001,11.9696,-1.3947,-6.0957,159.9469,0.0,0.0,0.0,174.149993896484,up,2026-08-20T10:22:59,0.0,0.0
SPX,2026-10-16,56,Call,7725.0,SPX261016C07725000,147.6,148.6,148.1,151.6,10.5,7.44153,182.0,1489.0,0.1288,0.4966,0.001,11.9405,-1.3846,5.613,147.4162,154.47,154.47,147.54,141.099998474121,up,2026-08-21T15:58:40,0.0,0.0
SPXW,2026-10-16,56,Call,7725.0,SPXW261016C07725000,149.0,149.6,149.3,148.8,6.35,4.45771,2.0,91.0,0.1298,0.4968,0.001,11.9695,-1.3904,5.6131,148.805,150.0,150.0,148.8,142.449996948242,down,2026-08-21T14:12:09,0.0,0.0
SPX,2026-10-16,56,Put,7725.0,SPX261016P07725000,159.6,160.7,160.14999999999998,160.72,-14.38,-8.21245,178.0,2005.0,0.1289,-0.5034,0.001,11.9405,-1.3846,-6.16,160.6616,157.73,160.9,157.73,175.099998474121,up,2026-08-21T16:11:01,0.0,0.0
SPXW,2026-10-16,56,Put,7725.0,SPXW261016P07725000,161.2,161.7,161.45,157.0,-19.3,-10.9473,7.0,57.0,0.1298,-0.5032,0.001,11.9695,-1.3904,-6.1598,162.0628,159.88,162.47,157.0,176.300003051758,down,2026-08-21T15:47:54,0.0,0.0
SPX,2026-10-16,56,Call,7730.0,SPX261016C07730000,144.7,145.8,145.25,145.83,7.48,5.40658,14.0,1234.0,0.1284,0.4914,0.001,11.9385,-1.3801,5.5559,144.5979,149.91,151.8,145.83,138.349998474121,down,2026-08-21T15:59:45,0.0,0.0
SPXW,2026-10-16,56,Call,7730.0,SPXW261016C07730000,146.2,146.7,146.45,144.18,4.53,3.24383,2.0,33.0,0.1294,0.4917,0.001,11.9676,-1.3859,5.5566,145.9843,144.18,144.18,144.18,139.649993896484,down,2026-08-21T09:37:46,0.0,0.0
SPX,2026-10-16,56,Put,7730.0,SPX261016P07730000,161.7,162.8,162.25,160.65,-16.65,-9.39086,2.0,1165.0,0.1286,-0.5086,0.001,11.9385,-1.3801,-6.2247,162.8097,160.64,160.65,160.64,177.299995422363,up,2026-08-21T12:25:41,0.0,0.0
SPXW,2026-10-16,56,Put,7730.0,SPXW261016P07730000,163.3,163.8,163.55,176.2,0.0,0.0,0.0,86.0,0.1294,-0.5083,0.001,11.9676,-1.3859,-6.2239,164.2084,0.0,0.0,0.0,178.599998474121,up,2026-08-20T14:12:09,0.0,0.0
SPX,2026-10-16,56,Call,7735.0,SPX261016C07735000,141.9,143.0,142.45,146.28,10.63,7.83634,15.0,15.0,0.128,0.4862,0.001,11.9346,-1.3754,5.499,141.8098,139.1,148.67,139.1,135.650001525879,down,2026-08-21T15:07:13,0.0,0.0
SPXW,2026-10-16,56,Call,7735.0,SPXW261016C07735000,143.4,143.9,143.65,175.53,0.0,0.0,0.0,11.0,0.129,0.4865,0.001,11.9639,-1.3812,5.5002,143.1935,0.0,0.0,0.0,137.0,up,2026-08-19T14:51:03,0.0,0.0
SPX,2026-10-16,56,Put,7735.0,SPX261016P07735000,163.9,165.0,164.45,163.86,-15.69,-8.73851,7.0,123.0,0.1282,-0.5138,0.001,11.9346,-1.3754,-6.2893,164.988,162.21,165.1,162.13,179.549995422363,no_change,2026-08-21T12:54:35,0.0,0.0
SPXW,2026-10-16,56,Put,7735.0,SPXW261016P07735000,165.5,166.0,165.75,153.44,0.0,0.0,0.0,35.0,0.129,-0.5135,0.001,11.9639,-1.3812,-6.288,166.3839,0.0,0.0,0.0,180.850006103516,down,2026-08-19T10:10:03,0.0,0.0
SPX,2026-10-16,56,Call,7740.0,SPX261016C07740000,139.2,140.2,139.7,143.6,10.65,8.01053,10.0,247.0,0.1276,0.481,0.001,11.9289,-1.3705,5.442,139.052,144.13,144.23,140.2,132.950004577637,down,2026-08-21T15:50:58,0.0,0.0
SPXW,2026-10-16,56,Call,7740.0,SPXW261016C07740000,140.7,141.2,140.95,131.48,0.0,0.0,0.0,186.0,0.1286,0.4813,0.001,11.9583,-1.3764,5.4437,140.4325,0.0,0.0,0.0,134.25,down,2026-08-20T16:09:06,0.0,0.0
SPX,2026-10-16,56,Put,7740.0,SPX261016P07740000,166.1,167.2,166.64999999999998,163.56,0.0,0.0,0.0,120.0,0.1278,-0.519,0.001,11.9289,-1.3705,-6.3539,167.1965,0.0,0.0,0.0,181.849998474121,down,2026-08-20T10:39:29,0.0,0.0
SPXW,2026-10-16,56,Put,7740.0,SPXW261016P07740000,167.7,168.2,167.95,168.45,-14.6,-7.97596,2.0,83.0,0.1286,-0.5187,0.001,11.9583,-1.3764,-6.352,168.5893,170.0,170.0,168.45,183.050003051758,down,2026-08-21T16:02:20,0.0,0.0
SPX,2026-10-16,56,Call,7745.0,SPX261016C07745000,136.4,137.5,136.95,140.13,9.83,7.54413,4.0,16.0,0.1273,0.4757,0.001,11.9212,-1.3655,5.385,136.3245,143.11,143.11,140.13,130.299995422363,down,2026-08-21T12:51:44,0.0,0.0
SPXW,2026-10-16,56,Call,7745.0,SPXW261016C07745000,137.9,138.4,138.15,182.08,0.0,0.0,0.0,9.0,0.1282,0.4761,0.001,11.9508,-1.3713,5.3872,137.7017,0.0,0.0,0.0,131.649993896484,down,2026-08-19T11:16:17,0.0,0.0
SPX,2026-10-16,56,Put,7745.0,SPX261016P07745000,168.3,169.4,168.85000000000002,168.68,-15.47,-8.40076,10.0,35.0,0.1275,-0.5243,0.001,11.9212,-1.3655,-6.4185,169.4353,163.4,168.68,163.4,184.150001525879,up,2026-08-21T12:51:44,0.0,0.0
SPXW,2026-10-16,56,Put,7745.0,SPXW261016P07745000,169.9,170.4,170.15,170.4,0.0,0.0,0.0,56.0,0.1282,-0.5239,0.001,11.9508,-1.3713,-6.4161,170.8248,0.0,0.0,0.0,185.5,up,2026-08-18T15:56:58,0.0,0.0
SPX,2026-10-16,56,Call,7750.0,SPX261016C07750000,133.7,134.8,134.25,139.0,11.35,8.8915,232.0,4837.0,0.1268,0.4704,0.001,11.9117,-1.3602,5.3277,133.6275,132.61,144.08,132.0,127.650001525879,up,2026-08-21T15:51:28,0.0,0.0
SPXW,2026-10-16,56,Call,7750.0,SPXW261016C07750000,135.2,135.7,135.45,140.08,11.03,8.54707,62.0,298.0,0.1278,0.4709,0.001,11.9414,-1.3661,5.3305,135.0011,133.23,149.1,133.0,129.050003051758,no_change,2026-08-21T15:00:21,0.0,0.0
SPX,2026-10-16,56,Put,7750.0,SPX261016P07750000,170.6,171.6,171.1,167.82,-18.58,-9.96781,34.0,2964.0,0.127,-0.5295,0.001,11.9117,-1.3602,-6.4834,171.7047,176.1,176.1,163.49,186.400001525879,down,2026-08-21T15:38:06,0.0,0.0
SPXW,2026-10-16,56,Put,7750.0,SPXW261016P07750000,172.2,172.7,172.45,170.85,-16.9,-9.00133,3.0,209.0,0.1278,-0.5291,0.001,11.9414,-1.3661,-6.4805,173.0906,175.5,175.5,168.16,187.75,up,2026-08-21T12:32:28,0.0,0.0
SPX,2026-10-16,56,Call,7755.0,SPX261016C07755000,131.0,132.1,131.55,137.56,12.46,9.96003,2.0,454.0,0.1265,0.4651,0.001,11.9001,-1.3547,5.27,130.9613,144.27,144.27,137.56,125.099998474121,down,2026-08-21T12:29:16,0.0,0.0
SPXW,2026-10-16,56,Call,7755.0,SPXW261016C07755000,132.5,133.1,132.8,133.1,6.65,5.259,14.0,44.0,0.1275,0.4656,0.001,11.9301,-1.3606,5.2734,132.331,145.47,145.47,132.9,126.449996948242,up,2026-08-21T16:02:07,0.0,0.0
SPX,2026-10-16,56,Put,7755.0,SPX261016P07755000,172.8,174.0,173.4,173.72,-15.13,-8.01165,10.0,403.0,0.1267,-0.5348,0.001,11.9001,-1.3547,-6.5487,174.0048,165.32,174.2,165.32,188.849998474121,down,2026-08-21T13:42:33,0.0,0.0
SPXW,2026-10-16,56,Put,7755.0,SPXW261016P07755000,174.5,175.0,174.75,171.18,0.0,0.0,0.0,22.0,0.1275,-0.5344,0.001,11.9301,-1.3606,-6.5452,175.3868,0.0,0.0,0.0,190.099998474121,up,2026-08-18T12:18:26,0.0,0.0
SPX,2026-10-16,56,Call,7760.0,SPX261016C07760000,128.4,129.2,128.8,133.7,11.2,9.14286,19.0,272.0,0.1261,0.4598,0.001,11.8864,-1.349,5.2118,128.3262,125.6,135.02,125.6,122.5,up,2026-08-21T15:51:28,0.0,0.0
SPXW,2026-10-16,56,Call,7760.0,SPXW261016C07760000,129.9,130.4,130.15,134.91,11.01,8.8862,15.0,51.0,0.1271,0.4604,0.001,11.9167,-1.355,5.2158,129.6917,141.23,141.23,134.91,123.899997711182,no_change,2026-08-21T15:00:36,0.0,0.0
SPX,2026-10-16,56,Put,7760.0,SPX261016P07760000,175.2,176.3,175.75,170.85,-20.4,-10.6667,25.0,247.0,0.1263,-0.5402,0.001,11.8864,-1.349,-6.6146,176.3361,174.55,175.65,170.85,191.25,down,2026-08-21T15:48:41,0.0,0.0
SPXW,2026-10-16,56,Put,7760.0,SPXW261016P07760000,176.8,177.3,177.05,190.7,0.0,0.0,0.0,60.0,0.1271,-0.5396,0.001,11.9167,-1.355,-6.6105,177.7138,0.0,0.0,0.0,192.5,up,2026-08-20T14:11:52,0.0,0.0
SPX,2026-10-16,56,Call,7765.0,SPX261016C07765000,125.8,126.6,126.19999999999999,129.27,9.27,7.725,6.0,3.0,0.1257,0.4545,0.001,11.8706,-1.3432,5.1528,125.7226,121.05,132.29,121.05,120.0,down,2026-08-21T12:50:50,0.0,0.0
SPXW,2026-10-16,56,Call,7765.0,SPXW261016C07765000,127.3,127.8,127.55,132.6,11.3,9.31575,20.0,17.0,0.1268,0.4551,0.001,11.9012,-1.3491,5.1575,127.0835,140.02,140.02,132.6,121.299999237061,down,2026-08-21T12:33:39,0.0,0.0
SPX,2026-10-16,56,Put,7765.0,SPX261016P07765000,177.5,178.7,178.1,176.12,-17.53,-9.05241,24.0,598.0,0.1259,-0.5455,0.001,11.8706,-1.3432,-6.6811,178.6988,181.12,184.7,171.49,193.650001525879,down,2026-08-21T13:16:19,0.0,0.0
SPXW,2026-10-16,56,Put,7765.0,SPXW261016P07765000,179.1,179.7,179.39999999999998,148.55,0.0,0.0,0.0,35.0,0.1268,-0.5449,0.001,11.9012,-1.3491,-6.6764,180.0719,0.0,0.0,0.0,195.0,down,2026-08-17T12:38:06,0.0,0.0
SPX,2026-10-16,56,Call,7770.0,SPX261016C07770000,123.2,124.0,123.6,126.71,9.21,7.8383,11.0,492.0,0.1254,0.4491,0.001,11.8526,-1.3371,5.0932,123.1507,121.28,129.61,119.95,117.5,down,2026-08-21T15:52:52,0.0,0.0
SPXW,2026-10-16,56,Call,7770.0,SPXW261016C07770000,124.7,125.2,124.95,129.9,11.05,9.29743,27.0,41.0,0.1264,0.4498,0.001,11.8835,-1.3431,5.0985,124.5068,120.99,135.8,120.99,118.849998474121,down,2026-08-21T12:33:39,0.0,0.0
SPX,2026-10-16,56,Put,7770.0,SPX261016P07770000,179.9,181.1,180.5,178.2,-18.0,-9.17431,73.0,494.0,0.1256,-0.5508,0.001,11.8526,-1.3371,-6.7483,181.0933,185.09,187.45,173.75,196.200004577637,down,2026-08-21T15:51:46,0.0,0.0
SPXW,2026-10-16,56,Put,7770.0,SPXW261016P07770000,181.5,182.1,181.8,165.05,0.0,0.0,0.0,33.0,0.1264,-0.5502,0.001,11.8835,-1.3431,-6.743,182.4616,0.0,0.0,0.0,197.5,down,2026-08-19T15:15:06,0.0,0.0
SPX,2026-10-16,56,Call,7775.0,SPX261016C07775000,120.7,121.7,121.2,124.15,9.1,7.90961,57.0,1140.0,0.125,0.4438,0.001,11.8323,-1.3308,5.033,120.6111,117.15,130.0,117.15,115.049999237061,up,2026-08-21T15:40:42,0.0,0.0
SPXW,2026-10-16,56,Call,7775.0,SPXW261016C07775000,122.2,122.7,122.45,122.4,6.0,5.15464,13.0,104.0,0.126,0.4444,0.001,11.8636,-1.3369,5.0389,121.9619,133.05,133.05,122.4,116.399997711182,down,2026-08-21T16:12:36,0.0,0.0
SPX,2026-10-16,56,Put,7775.0,SPX261016P07775000,182.3,183.5,182.9,180.78,-17.87,-8.99572,5.0,334.0,0.1253,-0.5562,0.001,11.8323,-1.3308,-6.8161,183.52,187.81,187.81,180.46,198.650001525879,up,2026-08-21T15:33:05,0.0,0.0
SPXW,2026-10-16,56,Put,7775.0,SPXW261016P07775000,184.0,184.5,184.25,181.2,-18.7,-9.35468,1.0,122.0,0.126,-0.5555,0.001,11.8636,-1.3369,-6.8102,184.8831,181.2,181.2,181.2,199.900001525879,down,2026-08-21T12:17:24,0.0,0.0
SPX,2026-10-16,56,Call,7780.0,SPX261016C07780000,118.1,119.1,118.6,123.2,10.65,9.46246,9.0,149.0,0.1247,0.4384,0.001,11.8098,-1.3244,4.9724,118.1039,115.8,124.61,115.8,112.549999237061,up,2026-08-21T15:51:28,0.0,0.0
SPXW,2026-10-16,56,Call,7780.0,SPXW261016C07780000,119.6,120.1,119.85,131.03,17.13,15.0395,10.0,111.0,0.1257,0.4391,0.001,11.8415,-1.3304,4.9788,119.4493,131.03,131.03,131.03,113.899997711182,up,2026-08-21T11:50:54,0.0,0.0
SPX,2026-10-16,56,Put,7780.0,SPX261016P07780000,184.8,186.0,185.4,181.78,-19.37,-9.62963,7.0,312.0,0.1249,-0.5616,0.001,11.8098,-1.3244,-6.8843,185.9791,188.52,188.52,181.78,201.150001525879,down,2026-08-21T15:50:17,0.0,0.0
SPXW,2026-10-16,56,Put,7780.0,SPXW261016P07780000,186.4,186.9,186.65,194.0,0.0,0.0,0.0,57.0,0.1257,-0.5609,0.001,11.8415,-1.3304,-6.8778,187.3368,0.0,0.0,0.0,202.5,up,2026-08-20T13:29:50,0.0,0.0
SPX,2026-10-16,56,Call,7785.0,SPX261016C07785000,115.6,116.7,116.15,120.78,10.63,9.65048,3.0,261.0,0.1243,0.433,0.001,11.7851,-1.3177,4.9116,115.6293,121.86,121.86,120.47,110.150001525879,up,2026-08-21T12:31:35,0.0,0.0
SPXW,2026-10-16,56,Call,7785.0,SPXW261016C07785000,117.2,117.7,117.45,126.77,0.0,0.0,0.0,3.0,0.1254,0.4338,0.001,11.8173,-1.3238,4.9186,116.9689,0.0,0.0,0.0,111.449996948242,down,2026-08-20T10:05:05,0.0,0.0
SPX,2026-10-16,56,Put,7785.0,SPX261016P07785000,187.3,188.5,187.9,185.8,-17.95,-8.80982,4.0,64.0,0.1246,-0.567,0.001,11.7851,-1.3177,-6.9528,188.4709,193.97,193.97,185.43,203.75,down,2026-08-21T12:31:35,0.0,0.0
SPXW,2026-10-16,56,Put,7785.0,SPXW261016P07785000,188.9,189.4,189.15,155.51,0.0,0.0,0.0,12.0,0.1254,-0.5662,0.001,11.8173,-1.3238,-6.9457,189.8228,0.0,0.0,0.0,205.0,down,2026-08-17T10:27:13,0.0,0.0
SPX,2026-10-16,56,Call,7790.0,SPX261016C07790000,113.2,114.0,113.6,118.1,10.3,9.55473,9.0,208.0,0.124,0.4276,0.001,11.7583,-1.3108,4.8508,113.1875,110.58,118.46,110.3,107.799999237061,up,2026-08-21T15:51:28,0.0,0.0
SPXW,2026-10-16,56,Call,7790.0,SPXW261016C07790000,114.7,115.2,114.95,116.8,7.7,7.05774,24.0,22.0,0.125,0.4284,0.001,11.791,-1.317,4.8583,114.5211,116.4,125.68,116.4,109.100002288818,down,2026-08-21T13:26:32,0.0,0.0
SPX,2026-10-16,56,Put,7790.0,SPX261016P07790000,189.8,191.0,190.4,188.15,-18.2,-8.81997,56.0,136.0,0.1242,-0.5724,0.001,11.7583,-1.3108,-7.0212,190.9954,193.65,196.56,188.15,206.349998474121,down,2026-08-21T12:27:05,0.0,0.0
SPXW,2026-10-16,56,Put,7790.0,SPXW261016P07790000,191.4,191.9,191.65,210.1,0.0,0.0,0.0,30.0,0.125,-0.5716,0.001,11.791,-1.317,-7.0136,192.3412,0.0,0.0,0.0,207.599998474121,up,2026-08-20T16:10:20,0.0,0.0
SPX,2026-10-16,56,Call,7795.0,SPX261016C07795000,110.8,111.8,111.3,111.8,6.35,6.02181,322.0,351.0,0.1236,0.4222,0.001,11.7295,-1.3038,4.7902,110.7784,109.2,116.8,105.9,105.450000762939,up,2026-08-21T14:49:27,0.0,0.0
SPXW,2026-10-16,56,Call,7795.0,SPXW261016C07795000,112.3,112.8,112.55,109.08,0.0,0.0,0.0,33.0,0.1246,0.423,0.001,11.7626,-1.31,4.7982,112.1056,0.0,0.0,0.0,106.799999237061,no_change,2026-08-20T14:25:27,0.0,0.0
SPX,2026-10-16,56,Put,7795.0,SPX261016P07795000,192.3,193.5,192.9,189.92,-19.03,-9.10744,8.0,70.0,0.1239,-0.5778,0.001,11.7295,-1.3038,-7.0895,193.5527,190.4,190.4,189.92,208.950004577637,no_change,2026-08-21T12:39:33,0.0,0.0
SPXW,2026-10-16,56,Put,7795.0,SPXW261016P07795000,193.9,194.5,194.2,178.5,0.0,0.0,0.0,44.0,0.1247,-0.5769,0.001,11.7626,-1.31,-7.0813,194.8922,0.0,0.0,0.0,210.199996948242,up,2026-08-19T16:12:59,0.0,0.0
SPX,2026-10-16,56,Call,7800.0,SPX261016C07800000,108.4,109.4,108.9,108.6,5.45,5.28357,550.0,15394.0,0.1233,0.4168,0.001,11.6988,-1.2965,4.7298,108.402,106.42,117.6,105.39,103.150001525879,no_change,2026-08-21T16:12:57,0.0,0.0
SPXW,2026-10-16,56,Call,7800.0,SPXW261016C07800000,109.9,110.4,110.15,112.94,8.44,8.07656,22.0,294.0,0.1243,0.4177,0.001,11.7324,-1.3028,4.7384,109.7226,106.0,114.56,106.0,104.5,down,2026-08-21T15:37:50,0.0,0.0
SPX,2026-10-16,56,Put,7800.0,SPX261016P07800000,195.0,196.0,195.5,195.93,-15.67,-7.40548,327.0,10551.0,0.1235,-0.5832,0.001,11.6988,-1.2965,-7.1574,196.1426,197.88,201.71,191.55,211.599998474121,up,2026-08-21T16:04:19,0.0,0.0
SPXW,2026-10-16,56,Put,7800.0,SPXW261016P07800000,196.5,197.0,196.75,197.35,-15.55,-7.3039,11.0,184.0,0.1243,-0.5823,0.001,11.7324,-1.3028,-7.1488,197.4755,198.26,198.26,193.86,212.900001525879,up,2026-08-21T16:02:20,0.0,0.0
SPX,2026-10-16,56,Call,7805.0,SPX261016C07805000,106.0,107.0,106.5,108.4,7.55,7.48637,162.0,219.0,0.123,0.4113,0.001,11.6661,-1.289,4.6698,106.0582,104.72,111.8,101.6,100.849998474121,up,2026-08-21T14:50:49,0.0,0.0
SPXW,2026-10-16,56,Call,7805.0,SPXW261016C07805000,107.5,108.0,107.75,107.6,5.4,5.28376,20.0,33.0,0.124,0.4123,0.001,11.7002,-1.2954,4.6789,107.372,117.2,117.2,107.6,102.200000762939,no_change,2026-08-21T16:12:55,0.0,0.0
SPX,2026-10-16,56,Put,7805.0,SPX261016P07805000,197.5,198.7,198.1,199.38,-14.87,-6.94049,10.0,219.0,0.1232,-0.5887,0.001,11.6661,-1.289,-7.225,198.7651,202.53,203.94,196.39,214.25,up,2026-08-21T14:24:52,0.0,0.0
SPXW,2026-10-16,56,Put,7805.0,SPXW261016P07805000,199.0,199.7,199.35,164.9,0.0,0.0,0.0,14.0,0.124,-0.5877,0.001,11.7002,-1.2954,-7.2159,200.0912,0.0,0.0,0.0,215.550003051758,no_change,2026-08-14T11:57:25,0.0,0.0
SPX,2026-10-16,56,Call,7810.0,SPX261016C07810000,103.7,104.7,104.2,104.36,5.66,5.73455,303.0,431.0,0.1226,0.4059,0.001,11.6316,-1.2814,4.61,103.7468,103.75,110.95,99.4,98.7000007629394,down,2026-08-21T16:00:15,0.0,0.0
SPXW,2026-10-16,56,Call,7810.0,SPXW261016C07810000,105.2,105.7,105.45,105.28,5.33,5.33267,5.0,148.0,0.1237,0.4069,0.001,11.6662,-1.2878,4.6196,105.0535,105.28,105.28,105.28,99.9499969482422,no_change,2026-08-21T14:12:07,0.0,0.0
SPX,2026-10-16,56,Put,7810.0,SPX261016P07810000,200.1,201.3,200.7,197.19,-19.86,-9.14996,4.0,344.0,0.123,-0.5941,0.001,11.6316,-1.2814,-7.2925,201.4201,194.99,197.19,194.99,217.049995422363,up,2026-08-21T12:05:30,0.0,0.0
SPXW,2026-10-16,56,Put,7810.0,SPXW261016P07810000,201.8,202.3,202.05,198.7,-19.6,-8.97847,6.0,31.0,0.1237,-0.5931,0.001,11.6662,-1.2878,-7.2828,202.739,198.7,198.7,198.7,218.300003051758,up,2026-08-21T15:38:59,0.0,0.0
SPX,2026-10-16,56,Call,7815.0,SPX261016C07815000,101.4,102.4,101.9,102.1,5.65,5.85796,169.0,207.0,0.1223,0.4004,0.001,11.595,-1.2736,4.5502,101.4679,103.19,107.35,100.59,96.4500007629394,down,2026-08-21T16:00:13,0.0,0.0
SPXW,2026-10-16,56,Call,7815.0,SPXW261016C07815000,102.9,103.4,103.15,103.5,5.8,5.93654,5.0,0.0,0.1234,0.4015,0.001,11.6302,-1.28,4.5603,102.7672,103.3,103.5,103.3,97.7000007629394,up,2026-08-21T16:02:07,0.0,0.0
SPX,2026-10-16,56,Put,7815.0,SPX261016P07815000,202.8,204.0,203.4,203.39,-16.41,-7.46588,15.0,243.0,0.1227,-0.5995,0.001,11.595,-1.2736,-7.3598,204.1075,203.6,203.6,194.22,219.799995422363,up,2026-08-21T15:59:41,0.0,0.0
SPXW,2026-10-16,56,Put,7815.0,SPXW261016P07815000,204.5,205.0,204.75,203.2,-17.9,-8.09588,7.0,12.0,0.1234,-0.5985,0.001,11.6302,-1.28,-7.3496,205.4191,203.2,203.2,203.2,221.099998474121,up,2026-08-21T11:31:51,0.0,0.0
SPX,2026-10-16,56,Call,7820.0,SPX261016C07820000,99.2,100.2,99.7,105.1,10.85,11.5119,372.0,172.0,0.1221,0.395,0.001,11.5563,-1.2656,4.4903,99.2215,95.8,105.11,95.8,94.25,up,2026-08-21T15:48:37,0.0,0.0
SPXW,2026-10-16,56,Call,7820.0,SPXW261016C07820000,100.7,101.2,100.95,105.2,9.65,10.0994,9.0,66.0,0.123,0.3961,0.001,11.5922,-1.272,4.501,100.5132,105.2,105.2,105.2,95.5500030517578,up,2026-08-21T15:45:49,0.0,0.0
SPX,2026-10-16,56,Put,7820.0,SPX261016P07820000,205.5,206.7,206.1,207.29,-15.31,-6.87781,32.0,198.0,0.1223,-0.605,0.001,11.5563,-1.2656,-7.4274,206.8274,203.74,207.29,201.8,222.599998474121,up,2026-08-21T16:00:15,0.0,0.0
SPXW,2026-10-16,56,Put,7820.0,SPXW261016P07820000,207.2,207.7,207.45,205.9,-17.9,-7.99821,7.0,41.0,0.1231,-0.6039,0.001,11.5922,-1.272,-7.4166,208.1314,205.9,205.9,205.9,223.800003051758,up,2026-08-21T11:31:51,0.0,0.0
SPX,2026-10-16,56,Call,7825.0,SPX261016C07825000,96.9,97.8,97.35,97.2,5.05,5.4802,130.0,1391.0,0.1218,0.3896,0.001,11.5154,-1.2574,4.43,97.0077,95.96,106.86,95.94,92.1499977111816,up,2026-08-21T16:13:02,0.0,0.0
SPXW,2026-10-16,56,Call,7825.0,SPXW261016C07825000,98.4,98.9,98.65,98.47,5.07,5.42827,10.0,104.0,0.1227,0.3907,0.001,11.552,-1.2639,4.4413,98.2915,98.47,98.47,98.47,93.3999977111816,no_change,2026-08-21T14:25:59,0.0,0.0
SPX,2026-10-16,56,Put,7825.0,SPX261016P07825000,208.3,209.5,208.9,209.9,-15.5,-6.87666,16.0,302.0,0.122,-0.6104,0.001,11.5154,-1.2574,-7.4953,209.58,206.3,210.0,203.2,225.400001525879,down,2026-08-21T16:01:46,0.0,0.0
SPXW,2026-10-16,56,Put,7825.0,SPXW261016P07825000,209.9,210.4,210.15,195.9,0.0,0.0,0.0,40.0,0.1227,-0.6093,0.001,11.552,-1.2639,-7.4839,210.876,0.0,0.0,0.0,226.599998474121,down,2026-08-19T10:12:22,0.0,0.0
SPX,2026-10-16,56,Call,7830.0,SPX261016C07830000,94.7,95.7,95.2,96.03,5.98,6.64076,12.0,259.0,0.1215,0.3841,0.001,11.4722,-1.249,4.3692,94.8268,94.12,100.6,94.12,90.0499992370606,down,2026-08-21T15:59:45,0.0,0.0
SPXW,2026-10-16,56,Call,7830.0,SPXW261016C07830000,96.2,96.7,96.45,88.3,0.0,0.0,0.0,30.0,0.1224,0.3853,0.001,11.5095,-1.2556,4.3812,96.1023,0.0,0.0,0.0,91.2999992370606,down,2026-08-20T15:56:16,0.0,0.0
SPX,2026-10-16,56,Put,7830.0,SPX261016P07830000,211.1,212.2,211.64999999999998,212.5,-15.75,-6.90033,7.0,158.0,0.1217,-0.6158,0.001,11.4722,-1.249,-7.5637,212.3654,207.2,212.5,207.2,228.25,up,2026-08-21T16:01:48,0.0,0.0
SPXW,2026-10-16,56,Put,7830.0,SPXW261016P07830000,212.7,213.2,212.95,168.53,0.0,0.0,0.0,4.0,0.1225,-0.6147,0.001,11.5095,-1.2556,-7.5517,213.6532,0.0,0.0,0.0,229.5,down,2026-08-13T15:09:47,0.0,0.0
SPX,2026-10-16,56,Call,7835.0,SPX261016C07835000,92.6,93.5,93.05,96.6,8.7,9.89761,13.0,82.0,0.1213,0.3787,0.001,11.4265,-1.2404,4.308,92.6789,98.47,98.47,95.86,87.9000015258789,up,2026-08-21T12:54:30,0.0,0.0
SPXW,2026-10-16,56,Call,7835.0,SPXW261016C07835000,94.1,94.6,94.35,103.1,13.9,15.583,19.0,21.0,0.1221,0.3799,0.001,11.4645,-1.2471,4.3206,93.9459,103.1,103.1,103.1,89.2000007629394,up,2026-08-21T11:41:45,0.0,0.0
SPX,2026-10-16,56,Put,7835.0,SPX261016P07835000,213.9,215.0,214.45,213.31,-17.79,-7.69797,13.0,42.0,0.1214,-0.6213,0.001,11.4265,-1.2404,-7.6325,215.1839,210.54,214.37,210.54,231.099998474121,down,2026-08-21T12:54:30,0.0,0.0
SPXW,2026-10-16,56,Put,7835.0,SPXW261016P07835000,215.5,216.0,215.75,198.8,0.0,0.0,0.0,15.0,0.1221,-0.62,0.001,11.4645,-1.2471,-7.6199,216.4631,0.0,0.0,0.0,232.300003051758,up,2026-08-19T15:58:19,0.0,0.0
SPX,2026-10-16,56,Call,7840.0,SPX261016C07840000,90.4,91.5,90.95,95.1,9.25,10.7746,1.0,198.0,0.1209,0.3733,0.001,11.3783,-1.2317,4.2464,90.5642,95.1,95.1,95.1,85.8499984741211,up,2026-08-21T15:51:28,0.0,0.0
SPXW,2026-10-16,56,Call,7840.0,SPXW261016C07840000,92.0,92.4,92.2,89.6,0.0,0.0,0.0,51.0,0.1218,0.3745,0.001,11.4172,-1.2384,4.2596,91.8224,0.0,0.0,0.0,87.0500030517578,down,2026-08-20T15:14:44,0.0,0.0
SPX,2026-10-16,56,Put,7840.0,SPX261016P07840000,216.7,217.9,217.3,220.26,-13.79,-5.8919,1.0,134.0,0.1212,-0.6267,0.001,11.3783,-1.2317,-7.7017,218.0355,220.26,220.26,220.26,234.049995422363,up,2026-08-21T10:11:22,0.0,0.0
SPXW,2026-10-16,56,Put,7840.0,SPXW261016P07840000,218.3,218.8,218.55,208.0,-27.3,-11.6022,13.0,24.0,0.1218,-0.6254,0.001,11.4172,-1.2384,-7.6885,219.306,218.0,218.0,208.0,235.300003051758,down,2026-08-21T11:53:50,0.0,0.0
SPX,2026-10-16,56,Call,7845.0,SPX261016C07845000,88.4,89.3,88.85,92.6,8.75,10.4353,9.0,91.0,0.1207,0.3678,0.001,11.3277,-1.2228,4.1847,88.4828,93.56,93.56,88.8,83.8499984741211,up,2026-08-21T15:00:16,0.0,0.0
SPXW,2026-10-16,56,Call,7845.0,SPXW261016C07845000,89.9,90.3,90.1,114.07,0.0,0.0,0.0,20.0,0.1214,0.3692,0.001,11.3674,-1.2295,4.1984,89.7319,0.0,0.0,0.0,85.1000022888184,down,2026-08-19T15:18:29,0.0,0.0
SPX,2026-10-16,56,Put,7845.0,SPX261016P07845000,219.6,220.7,220.14999999999998,218.19,-18.71,-7.89784,6.0,158.0,0.1208,-0.6321,0.001,11.3277,-1.2228,-7.7711,220.9205,217.63,218.19,217.63,236.899993896484,up,2026-08-21T12:23:18,0.0,0.0
SPXW,2026-10-16,56,Put,7845.0,SPXW261016P07845000,221.2,221.7,221.45,0.0,0.0,0.0,0.0,0.0,0.1215,-0.6308,0.001,11.3674,-1.2295,-7.7572,222.1818,0.0,0.0,0.0,238.199996948242,no_change,,0.0,0.0
SPX,2026-10-16,56,Call,7850.0,SPX261016C07850000,86.3,87.3,86.8,90.7,8.85,10.8125,312.0,7553.0,0.1203,0.3624,0.001,11.2748,-1.2137,4.123,86.4347,86.35,95.73,84.44,81.8499984741211,up,2026-08-21T15:51:28,0.0,0.0
SPXW,2026-10-16,56,Call,7850.0,SPXW261016C07850000,87.8,88.3,88.05,87.8,4.75,5.71944,20.0,171.0,0.1212,0.3638,0.001,11.3154,-1.2205,4.1372,87.6745,86.97,88.1,86.38,83.0500030517578,no_change,2026-08-21T16:13:04,0.0,0.0
SPX,2026-10-16,56,Put,7850.0,SPX261016P07850000,222.5,223.6,223.05,232.44,0.0,0.0,0.0,584.0,0.1205,-0.6375,0.001,11.2748,-1.2137,-7.8404,223.8387,0.0,0.0,0.0,239.700004577637,up,2026-08-20T13:41:40,0.0,0.0
SPXW,2026-10-16,56,Put,7850.0,SPXW261016P07850000,224.1,224.6,224.35,199.37,0.0,0.0,0.0,56.0,0.1212,-0.6362,0.001,11.3154,-1.2205,-7.8261,225.0907,0.0,0.0,0.0,241.099998474121,down,2026-08-12T13:06:37,0.0,0.0
SPX,2026-10-16,56,Call,7855.0,SPX261016C07855000,84.3,85.2,84.75,87.25,7.3,9.13071,114.0,140.0,0.12,0.357,0.001,11.2199,-1.2044,4.0616,84.4198,83.01,96.04,83.01,79.9500007629394,up,2026-08-21T15:32:08,0.0,0.0
SPXW,2026-10-16,56,Call,7855.0,SPXW261016C07855000,85.8,86.2,86.0,144.7,0.0,0.0,0.0,10.0,0.1209,0.3584,0.001,11.2613,-1.2113,4.0763,85.6499,0.0,0.0,0.0,81.1000022888184,down,2026-08-17T12:59:11,0.0,0.0
SPX,2026-10-16,56,Put,7855.0,SPX261016P07855000,225.4,226.6,226.0,225.18,-17.52,-7.21879,1.0,78.0,0.1202,-0.6429,0.001,11.2199,-1.2044,-7.9094,226.7901,225.18,225.18,225.18,242.699996948242,down,2026-08-21T12:20:03,0.0,0.0
SPXW,2026-10-16,56,Put,7855.0,SPXW261016P07855000,227.0,227.5,227.25,248.4,0.0,0.0,0.0,18.0,0.1209,-0.6415,0.001,11.2613,-1.2113,-7.8946,228.0326,0.0,0.0,0.0,244.099998474121,up,2026-08-20T15:56:19,0.0,0.0
SPX,2026-10-16,56,Call,7860.0,SPX261016C07860000,82.3,83.2,82.75,85.74,7.79,9.99358,8.0,264.0,0.1198,0.3516,0.001,11.1631,-1.1949,4.0008,82.4377,82.64,85.74,80.24,77.9500007629394,up,2026-08-21T15:59:15,0.0,0.0
SPXW,2026-10-16,56,Call,7860.0,SPXW261016C07860000,83.8,84.2,84.0,79.65,0.0,0.0,0.0,154.0,0.1206,0.3531,0.001,11.2052,-1.2019,4.0158,83.6581,0.0,0.0,0.0,79.2000007629394,no_change,2026-08-20T15:49:37,0.0,0.0
SPX,2026-10-16,56,Put,7860.0,SPX261016P07860000,228.4,229.9,229.15,185.3,0.0,0.0,0.0,170.0,0.1199,-0.6483,0.001,11.1631,-1.1949,-7.9778,229.7744,0.0,0.0,0.0,245.849998474121,down,2026-08-14T15:22:21,0.0,0.0
SPXW,2026-10-16,56,Put,7860.0,SPXW261016P07860000,230.0,230.5,230.25,207.6,0.0,0.0,0.0,19.0,0.1206,-0.6469,0.001,11.2052,-1.2019,-7.9627,231.0071,0.0,0.0,0.0,247.199996948242,up,2026-08-19T14:32:01,0.0,0.0
SPX,2026-10-16,56,Call,7865.0,SPX261016C07865000,80.3,81.3,80.8,83.74,7.59,9.96717,22.0,70.0,0.1195,0.3463,0.001,11.1046,-1.1853,3.9405,80.4882,81.31,85.87,76.91,76.1499977111816,down,2026-08-21T15:52:06,0.0,0.0
SPXW,2026-10-16,56,Call,7865.0,SPXW261016C07865000,81.8,82.3,82.05,114.75,0.0,0.0,0.0,23.0,0.1203,0.3478,0.001,11.1475,-1.1924,3.9559,81.6988,0.0,0.0,0.0,77.25,up,2026-08-19T12:07:47,0.0,0.0
SPX,2026-10-16,56,Put,7865.0,SPX261016P07865000,231.4,232.9,232.15,230.0,-18.8,-7.55627,6.0,19.0,0.1196,-0.6537,0.001,11.1046,-1.1853,-8.0457,232.7912,235.53,235.53,227.69,248.800003051758,up,2026-08-21T12:31:57,0.0,0.0
SPXW,2026-10-16,56,Put,7865.0,SPXW261016P07865000,233.0,233.5,233.25,254.8,0.0,0.0,0.0,13.0,0.1203,-0.6522,0.001,11.1475,-1.1924,-8.0302,234.0141,0.0,0.0,0.0,250.300003051758,up,2026-08-20T15:56:19,0.0,0.0
SPX,2026-10-16,56,Call,7870.0,SPX261016C07870000,78.4,79.4,78.9,82.24,7.99,10.7609,19.0,405.0,0.1193,0.3409,0.001,11.0445,-1.1756,3.8808,78.571,81.87,83.56,79.4,74.25,down,2026-08-21T15:50:36,0.0,0.0
SPXW,2026-10-16,56,Call,7870.0,SPXW261016C07870000,79.8,80.3,80.05,79.9,4.45,5.89795,21.0,46.0,0.12,0.3424,0.001,11.0882,-1.1827,3.8966,79.7715,83.4,83.4,79.9,75.4499969482422,down,2026-08-21T16:12:58,0.0,0.0
SPX,2026-10-16,56,Put,7870.0,SPX261016P07870000,234.4,235.9,235.15,232.04,-20.01,-7.9389,10.0,17.0,0.1194,-0.6591,0.001,11.0445,-1.1756,-8.113,235.8404,232.27,232.45,231.51,252.049995422363,down,2026-08-21T15:08:21,0.0,0.0
SPXW,2026-10-16,56,Put,7870.0,SPXW261016P07870000,236.0,236.5,236.25,209.0,0.0,0.0,0.0,35.0,0.1201,-0.6576,0.001,11.0882,-1.1827,-8.0971,237.0532,0.0,0.0,0.0,253.300003051758,down,2026-08-19T12:00:53,0.0,0.0
SPX,2026-10-16,56,Call,7875.0,SPX261016C07875000,76.5,77.5,77.0,77.88,5.43,7.49482,54.0,2187.0,0.119,0.3356,0.001,10.9828,-1.1656,3.8215,76.6859,75.23,77.88,74.9,72.4500007629394,no_change,2026-08-21T16:06:02,0.0,0.0
SPXW,2026-10-16,56,Call,7875.0,SPXW261016C07875000,77.9,78.4,78.15,78.0,4.4,5.97826,24.0,94.0,0.1198,0.3371,0.001,11.0273,-1.1728,3.8377,77.8762,79.54,79.54,78.0,73.6000022888184,no_change,2026-08-21T16:13:02,0.0,0.0
SPX,2026-10-16,56,Put,7875.0,SPX261016P07875000,237.5,239.0,238.25,242.05,-13.05,-5.11564,2.0,19.0,0.1192,-0.6644,0.001,10.9828,-1.1656,-8.18,238.9216,242.05,242.05,242.05,255.099998474121,up,2026-08-21T10:50:48,0.0,0.0
SPXW,2026-10-16,56,Put,7875.0,SPXW261016P07875000,239.1,239.6,239.35,239.9,-16.6,-6.47174,6.0,34.0,0.1198,-0.6629,0.001,11.0273,-1.1728,-8.1637,240.1241,232.07,239.9,232.07,256.5,up,2026-08-21T16:00:19,0.0,0.0
SPX,2026-10-16,56,Call,7880.0,SPX261016C07880000,74.6,75.6,75.1,78.8,8.25,11.6938,4.0,97.0,0.1187,0.3302,0.001,10.9194,-1.1556,3.7623,74.8327,81.16,81.16,78.8,70.5499992370606,down,2026-08-21T15:51:28,0.0,0.0
SPXW,2026-10-16,56,Call,7880.0,SPXW261016C07880000,76.1,76.5,76.3,106.4,0.0,0.0,0.0,41.0,0.1195,0.3318,0.001,10.9647,-1.1628,3.779,76.0125,0.0,0.0,0.0,71.7999992370606,down,2026-08-19T09:30:06,0.0,0.0
SPX,2026-10-16,56,Put,7880.0,SPX261016P07880000,240.6,242.1,241.35,237.79,-20.56,-7.9582,3.0,0.0,0.1189,-0.6698,0.001,10.9194,-1.1556,-8.2468,242.0347,236.46,237.79,236.46,258.350006103516,up,2026-08-21T12:06:35,0.0,0.0
SPXW,2026-10-16,56,Put,7880.0,SPXW261016P07880000,242.2,242.7,242.45,261.2,0.0,0.0,0.0,20.0,0.1195,-0.6682,0.001,10.9647,-1.1628,-8.23,243.2268,0.0,0.0,0.0,259.699996948242,up,2026-08-20T15:55:13,0.0,0.0
SPX,2026-10-16,56,Call,7885.0,SPX261016C07885000,72.8,73.8,73.3,77.4,8.55,12.4183,2.0,27.0,0.1184,0.3249,0.001,10.854,-1.1453,3.7031,73.0112,77.06,77.4,77.06,68.8499984741211,up,2026-08-21T12:38:40,0.0,0.0
SPXW,2026-10-16,56,Call,7885.0,SPXW261016C07885000,74.2,74.7,74.45,133.25,0.0,0.0,0.0,12.0,0.1192,0.3266,0.001,10.9003,-1.1527,3.7204,74.1803,0.0,0.0,0.0,70.0,down,2026-08-17T10:14:39,0.0,0.0
SPX,2026-10-16,56,Put,7885.0,SPX261016P07885000,243.8,245.2,244.5,241.32,-20.23,-7.73466,2.0,4.0,0.1186,-0.6751,0.001,10.854,-1.1453,-8.3135,245.1796,241.8,241.8,241.32,261.550003051758,down,2026-08-21T12:38:40,0.0,0.0
SPXW,2026-10-16,56,Put,7885.0,SPXW261016P07885000,245.3,245.8,245.55,245.6,-17.3,-6.58045,4.0,22.0,0.1192,-0.6734,0.001,10.9003,-1.1527,-8.2962,246.361,245.6,245.6,245.6,262.900009155273,up,2026-08-21T11:16:11,0.0,0.0
SPX,2026-10-16,56,Call,7890.0,SPX261016C07890000,71.0,72.0,71.5,75.1,8.0,11.9225,7.0,285.0,0.1182,0.3196,0.001,10.7866,-1.135,3.6438,71.2215,69.5,76.37,69.5,67.1000022888184,down,2026-08-21T15:51:28,0.0,0.0
SPXW,2026-10-16,56,Call,7890.0,SPXW261016C07890000,72.4,72.9,72.65,72.4,4.15,6.08059,28.0,50.0,0.119,0.3213,0.001,10.8339,-1.1424,3.6616,72.3797,74.78,75.85,72.4,68.25,no_change,2026-08-21T16:13:02,0.0,0.0
SPX,2026-10-16,56,Put,7890.0,SPX261016P07890000,246.9,248.3,247.60000000000002,243.22,-21.53,-8.1322,6.0,138.0,0.1184,-0.6803,0.001,10.7866,-1.135,-8.3805,248.3562,253.34,253.34,243.22,264.75,no_change,2026-08-21T12:16:32,0.0,0.0
SPXW,2026-10-16,56,Put,7890.0,SPXW261016P07890000,248.4,249.0,248.7,246.9,0.0,0.0,0.0,33.0,0.119,-0.6787,0.001,10.8339,-1.1424,-8.3626,249.5267,0.0,0.0,0.0,266.049987792969,up,2026-08-20T10:20:40,0.0,0.0
SPX,2026-10-16,56,Call,7895.0,SPX261016C07895000,69.2,70.1,69.65,74.06,8.71,13.3282,7.0,27.0,0.118,0.3144,0.001,10.7169,-1.1245,3.5842,69.4635,67.86,74.06,67.86,65.3499984741211,no_change,2026-08-21T12:12:30,0.0,0.0
SPXW,2026-10-16,56,Call,7895.0,SPXW261016C07895000,70.7,71.1,70.9,137.1,0.0,0.0,0.0,8.0,0.1187,0.3161,0.001,10.7653,-1.132,3.6025,70.6106,0.0,0.0,0.0,66.6000022888184,up,2026-08-05T11:51:39,0.0,0.0
SPX,2026-10-16,56,Put,7895.0,SPX261016P07895000,250.1,251.5,250.8,247.92,-20.08,-7.49254,7.0,0.0,0.1181,-0.6856,0.001,10.7169,-1.1245,-8.4477,251.5646,254.64,254.64,247.92,268.0,no_change,2026-08-21T12:12:30,0.0,0.0
SPXW,2026-10-16,56,Put,7895.0,SPXW261016P07895000,251.7,252.2,251.95,247.0,-22.35,-8.29775,4.0,8.0,0.1187,-0.6839,0.001,10.7653,-1.132,-8.4293,252.7239,247.0,247.0,247.0,269.349990844727,up,2026-08-21T12:05:17,0.0,0.0
SPX,2026-10-16,56,Call,7900.0,SPX261016C07900000,67.5,68.4,67.95,71.5,4.27,6.69804,711.0,12342.0,0.1177,0.3091,0.001,10.6449,-1.1138,3.5244,67.7374,67.47,72.75,64.5,63.75,up,2026-08-21T15:51:28,0.0,0.0
SPXW,2026-10-16,56,Call,7900.0,SPXW261016C07900000,68.9,69.4,69.15,68.9,4.0,6.16333,41.0,3363.0,0.1185,0.3109,0.001,10.6944,-1.1214,3.5433,68.8731,69.09,70.2,65.9,64.8999977111816,no_change,2026-08-21T16:13:04,0.0,0.0
SPX,2026-10-16,56,Put,7900.0,SPX261016P07900000,253.4,254.8,254.10000000000002,249.9,-21.35,-7.87097,6.0,923.0,0.1178,-0.6908,0.001,10.6449,-1.1138,-8.5151,254.8048,261.95,261.95,249.9,271.25,down,2026-08-21T12:11:35,0.0,0.0
SPXW,2026-10-16,56,Put,7900.0,SPXW261016P07900000,254.9,255.4,255.15,251.9,-20.8,-7.62743,1.0,50.0,0.1185,-0.6891,0.001,10.6944,-1.1214,-8.4961,255.9528,251.9,251.9,251.9,272.699996948242,down,2026-08-21T15:41:27,0.0,0.0
SPX,2026-10-16,56,Call,7905.0,SPX261016C07905000,65.8,66.7,66.25,67.45,5.25,8.44052,21.0,230.0,0.1173,0.3039,0.001,10.5705,-1.103,3.4646,66.043,64.42,67.45,64.42,62.1999988555908,up,2026-08-21T11:16:44,0.0,0.0
SPXW,2026-10-16,56,Call,7905.0,SPXW261016C07905000,67.2,67.7,67.45,67.3,4.0,6.31912,19.0,57.0,0.1181,0.3057,0.001,10.6212,-1.1107,3.484,67.1671,70.0,75.1,67.3,63.2999992370606,no_change,2026-08-21T16:12:55,0.0,0.0
SPX,2026-10-16,56,Put,7905.0,SPX261016P07905000,256.6,258.0,257.3,257.09,-17.51,-6.37654,21.0,9.0,0.1177,-0.6961,0.001,10.5705,-1.103,-8.5825,258.0767,261.29,261.29,257.09,274.599990844727,down,2026-08-21T11:16:44,0.0,0.0
SPXW,2026-10-16,56,Put,7905.0,SPXW261016P07905000,258.1,258.6,258.35,255.6,-20.5,-7.42485,3.0,7.0,0.1182,-0.6943,0.001,10.6212,-1.1107,-8.563,259.2132,255.6,255.6,255.6,276.100006103516,up,2026-08-21T15:52:30,0.0,0.0
SPX,2026-10-16,56,Call,7910.0,SPX261016C07910000,64.1,65.0,64.55,67.7,7.2,11.9008,5.0,777.0,0.1172,0.2987,0.001,10.494,-1.0921,3.4051,64.3802,68.06,68.06,67.7,60.5,down,2026-08-21T15:52:27,0.0,0.0
SPXW,2026-10-16,56,Call,7910.0,SPXW261016C07910000,65.5,66.0,65.75,87.73,0.0,0.0,0.0,38.0,0.118,0.3005,0.001,10.5458,-1.0999,3.4249,65.4926,0.0,0.0,0.0,61.7000007629394,down,2026-08-18T09:55:46,0.0,0.0
SPX,2026-10-16,56,Put,7910.0,SPX261016P07910000,259.9,261.3,260.6,257.98,-20.02,-7.20144,4.0,20.0,0.1174,-0.7012,0.001,10.494,-1.0921,-8.6496,261.3802,257.98,257.98,257.98,278.0,up,2026-08-21T12:32:11,0.0,0.0
SPXW,2026-10-16,56,Put,7910.0,SPXW261016P07910000,260.1,263.3,261.70000000000005,251.4,-28.0,-10.0215,3.0,18.0,0.1182,-0.6994,0.001,10.5458,-1.0999,-8.6298,262.5049,251.4,251.4,251.4,279.399993896484,down,2026-08-21T11:50:54,0.0,0.0
SPX,2026-10-16,56,Call,7915.0,SPX261016C07915000,62.5,63.3,62.9,62.91,3.91,6.62712,35.0,107.0,0.117,0.2936,0.001,10.4155,-1.0811,3.3461,62.7487,67.22,67.22,62.9,59.0,up,2026-08-21T16:14:43,0.0,0.0
SPXW,2026-10-16,56,Call,7915.0,SPXW261016C07915000,63.9,64.3,64.1,66.6,6.5,10.8153,12.0,22.0,0.1177,0.2954,0.001,10.4684,-1.0889,3.3662,63.8493,66.6,66.6,66.6,60.1000003814697,down,2026-08-21T11:32:53,0.0,0.0
SPX,2026-10-16,56,Put,7915.0,SPX261016P07915000,263.3,264.6,263.95000000000005,266.38,-15.02,-5.3376,5.0,1.0,0.1172,-0.7064,0.001,10.4155,-1.0811,-8.7163,264.7151,259.35,266.38,259.35,281.400009155273,up,2026-08-21T14:07:23,0.0,0.0
SPXW,2026-10-16,56,Put,7915.0,SPXW261016P07915000,263.6,266.7,265.15,258.4,-24.45,-8.64415,5.0,9.0,0.118,-0.7046,0.001,10.4684,-1.0889,-8.6961,265.828,258.4,258.4,258.4,282.849990844727,up,2026-08-21T15:49:10,0.0,0.0
SPX,2026-10-16,56,Call,7920.0,SPX261016C07920000,60.9,61.9,61.4,64.7,7.35,12.816,4.0,95.0,0.1168,0.2885,0.001,10.3355,-1.07,3.2878,61.1481,65.06,65.06,64.7,57.3500003814697,down,2026-08-21T15:51:28,0.0,0.0
SPXW,2026-10-16,56,Call,7920.0,SPXW261016C07920000,62.3,62.7,62.5,58.6,0.0,0.0,0.0,108.0,0.1175,0.2903,0.001,10.3893,-1.0778,3.308,62.2368,0.0,0.0,0.0,58.5,no_change,2026-08-20T15:49:21,0.0,0.0
SPX,2026-10-16,56,Put,7920.0,SPX261016P07920000,266.6,268.0,267.3,263.84,-20.96,-7.35955,3.0,9.0,0.117,-0.7115,0.001,10.3355,-1.07,-8.7822,268.0809,263.84,263.84,263.84,284.800003051758,up,2026-08-21T12:25:17,0.0,0.0
SPXW,2026-10-16,56,Put,7920.0,SPXW261016P07920000,266.9,270.0,268.45,256.2,-30.05,-10.4978,3.0,10.0,0.1178,-0.7096,0.001,10.3893,-1.0778,-8.7618,269.1818,256.2,256.2,256.2,286.25,down,2026-08-21T11:52:29,0.0,0.0
SPX,2026-10-16,56,Call,7925.0,SPX261016C07925000,59.3,60.2,59.75,60.59,4.74,8.48702,5.0,1301.0,0.1164,0.2834,0.001,10.2541,-1.0587,3.2302,59.5781,60.44,60.59,60.44,55.8500003814697,no_change,2026-08-21T16:06:02,0.0,0.0
SPXW,2026-10-16,56,Call,7925.0,SPXW261016C07925000,60.7,61.1,60.900000000000006,65.27,8.27,14.5088,19.0,3260.0,0.1172,0.2853,0.001,10.3088,-1.0667,3.2507,60.6548,60.92,65.27,57.95,57.0,up,2026-08-21T12:39:37,0.0,0.0
SPX,2026-10-16,56,Put,7925.0,SPX261016P07925000,270.0,271.4,270.7,259.45,0.0,0.0,0.0,5.0,0.1168,-0.7166,0.001,10.2541,-1.0587,-8.8474,271.4772,0.0,0.0,0.0,288.199996948242,down,2026-08-05T11:38:58,0.0,0.0
SPXW,2026-10-16,56,Put,7925.0,SPXW261016P07925000,270.3,273.4,271.85,275.43,0.0,0.0,0.0,42.0,0.1175,-0.7147,0.001,10.3088,-1.0667,-8.8268,272.5662,0.0,0.0,0.0,289.699996948242,no_change,2026-08-20T13:24:14,0.0,0.0
SPX,2026-10-16,56,Call,7930.0,SPX261016C07930000,57.8,58.7,58.25,61.9,7.55,13.8914,5.0,132.0,0.1163,0.2783,0.001,10.1716,-1.0473,3.1734,58.0382,61.9,61.9,61.9,54.3500003814697,up,2026-08-21T15:48:03,0.0,0.0
SPXW,2026-10-16,56,Call,7930.0,SPXW261016C07930000,59.1,59.6,59.35,63.72,8.22,14.8108,1.0,66.0,0.117,0.2802,0.001,10.2271,-1.0554,3.1942,59.1028,63.72,63.72,63.72,55.5,down,2026-08-21T12:39:37,0.0,0.0
SPX,2026-10-16,56,Put,7930.0,SPX261016P07930000,273.4,274.8,274.1,261.55,0.0,0.0,0.0,9.0,0.1165,-0.7217,0.001,10.1716,-1.0473,-8.9117,274.9036,0.0,0.0,0.0,291.75,up,2026-08-18T15:36:29,0.0,0.0
SPXW,2026-10-16,56,Put,7930.0,SPXW261016P07930000,273.7,276.8,275.25,271.75,-21.35,-7.28421,1.0,6.0,0.1173,-0.7197,0.001,10.2271,-1.0554,-8.8909,275.9805,271.75,271.75,271.75,293.100006103516,up,2026-08-21T15:41:27,0.0,0.0
SPX,2026-10-16,56,Call,7935.0,SPX261016C07935000,56.3,57.1,56.7,57.4,4.45,8.40416,22.0,145.0,0.1159,0.2733,0.001,10.088,-1.0358,3.1173,56.5279,53.8,61.5,53.8,52.9499988555908,down,2026-08-21T14:49:21,0.0,0.0
SPXW,2026-10-16,56,Call,7935.0,SPXW261016C07935000,57.6,58.0,57.8,60.1,6.05,11.1933,7.0,25.0,0.1168,0.2752,0.001,10.1444,-1.044,3.1383,57.5804,60.1,60.1,60.1,54.0500011444092,down,2026-08-21T15:38:59,0.0,0.0
SPX,2026-10-16,56,Put,7935.0,SPX261016P07935000,276.9,278.3,277.6,273.34,-21.86,-7.40515,20.0,0.0,0.1163,-0.7267,0.001,10.088,-1.0358,-8.9755,278.3597,277.81,277.81,272.5,295.199996948242,up,2026-08-21T12:12:12,0.0,0.0
SPXW,2026-10-16,56,Put,7935.0,SPXW261016P07935000,275.9,281.2,278.54999999999995,270.1,0.0,0.0,0.0,11.0,0.1171,-0.7247,0.001,10.1444,-1.044,-8.9544,279.4245,0.0,0.0,0.0,296.650009155273,up,2026-08-18T15:56:29,0.0,0.0
SPX,2026-10-16,56,Call,7940.0,SPX261016C07940000,54.8,55.7,55.25,58.4,6.9,13.3981,5.0,154.0,0.1157,0.2683,0.001,10.0034,-1.0242,3.0616,55.047,53.24,58.65,53.24,51.5,up,2026-08-21T15:51:28,0.0,0.0
SPXW,2026-10-16,56,Call,7940.0,SPXW261016C07940000,56.1,56.5,56.3,58.1,5.5,10.4563,13.0,31.0,0.1166,0.2703,0.0009,10.0607,-1.0324,3.0829,56.0873,59.13,59.13,58.1,52.6000003814697,no_change,2026-08-21T15:13:14,0.0,0.0
SPX,2026-10-16,56,Put,7940.0,SPX261016P07940000,280.4,281.7,281.04999999999995,277.31,-21.49,-7.1921,2.0,17.0,0.1161,-0.7317,0.001,10.0034,-1.0242,-9.0388,281.8452,277.31,277.31,277.31,298.800003051758,up,2026-08-21T12:25:23,0.0,0.0
SPXW,2026-10-16,56,Put,7940.0,SPXW261016P07940000,279.3,284.7,282.0,258.0,0.0,0.0,0.0,39.0,0.117,-0.7297,0.0009,10.0607,-1.0324,-9.0174,282.8977,0.0,0.0,0.0,300.199996948242,up,2026-08-19T10:09:30,0.0,0.0
SPX,2026-10-16,56,Call,7945.0,SPX261016C07945000,53.3,54.2,53.75,55.1,5.0,9.98004,18.0,33.0,0.1154,0.2633,0.0009,9.9175,-1.0126,3.006,53.5953,55.75,57.47,55.1,50.1000003814697,down,2026-08-21T15:59:40,0.0,0.0
SPXW,2026-10-16,56,Call,7945.0,SPXW261016C07945000,54.6,55.1,54.85,55.2,4.0,7.8125,1.0,17.0,0.1164,0.2653,0.0009,9.9758,-1.0208,3.0278,54.6233,55.2,55.2,55.2,51.2000007629394,down,2026-08-21T16:02:05,0.0,0.0
SPX,2026-10-16,56,Put,7945.0,SPX261016P07945000,283.9,285.2,284.54999999999995,280.12,-22.23,-7.35241,4.0,6.0,0.1159,-0.7366,0.0009,9.9175,-1.0126,-9.102,285.3597,282.78,282.78,280.12,302.350006103516,down,2026-08-21T12:31:10,0.0,0.0
SPXW,2026-10-16,56,Put,7945.0,SPXW261016P07945000,282.8,288.2,285.5,259.2,0.0,0.0,0.0,14.0,0.1167,-0.7346,0.0009,9.9758,-1.0208,-9.0802,286.4,0.0,0.0,0.0,303.75,up,2026-08-19T10:19:45,0.0,0.0
SPX,2026-10-16,56,Call,7950.0,SPX261016C07950000,51.9,52.7,52.3,52.4,3.65,7.48718,760.0,7451.0,0.1152,0.2584,0.0009,9.8301,-1.0008,2.9506,52.1725,50.62,56.17,50.62,48.75,down,2026-08-21T16:12:41,0.0,0.0
SPXW,2026-10-16,56,Call,7950.0,SPXW261016C07950000,53.2,53.6,53.400000000000006,54.28,4.48,8.99599,21.0,311.0,0.1161,0.2605,0.0009,9.8894,-1.0092,2.9727,53.188,55.26,55.26,51.62,49.7999992370606,up,2026-08-21T11:18:56,0.0,0.0
SPX,2026-10-16,56,Put,7950.0,SPX261016P07950000,287.4,288.8,288.1,262.27,0.0,0.0,0.0,21.0,0.1156,-0.7416,0.0009,9.8301,-1.0008,-9.1651,288.9033,0.0,0.0,0.0,306.449996948242,down,2026-08-11T11:39:05,0.0,0.0
SPXW,2026-10-16,56,Put,7950.0,SPXW261016P07950000,286.2,291.7,288.95,277.11,0.0,0.0,0.0,24.0,0.1165,-0.7395,0.0009,9.8894,-1.0092,-9.1428,289.9311,0.0,0.0,0.0,307.350006103516,up,2026-08-18T11:41:49,0.0,0.0
SPX,2026-10-16,56,Call,7955.0,SPX261016C07955000,50.5,51.3,50.9,51.5,4.1,8.64979,48.0,61.0,0.115,0.2536,0.0009,9.7409,-0.989,2.8951,50.7786,54.7,54.7,50.56,47.3999996185303,up,2026-08-21T14:49:06,0.0,0.0
SPXW,2026-10-16,56,Call,7955.0,SPXW261016C07955000,51.8,52.2,52.0,51.9,3.4,7.01031,17.0,7.0,0.1159,0.2556,0.0009,9.8015,-0.9974,2.9177,51.7815,52.9,52.9,51.9,48.5,no_change,2026-08-21T16:12:55,0.0,0.0
SPX,2026-10-16,56,Put,7955.0,SPX261016P07955000,291.0,292.4,291.7,287.04,-22.56,-7.28682,1.0,2.0,0.1156,-0.7464,0.0009,9.7409,-0.989,-9.2282,292.4758,287.04,287.04,287.04,309.599990844727,up,2026-08-21T12:21:29,0.0,0.0
SPXW,2026-10-16,56,Put,7955.0,SPXW261016P07955000,289.9,295.3,292.6,263.2,0.0,0.0,0.0,20.0,0.1163,-0.7444,0.0009,9.8015,-0.9974,-9.2055,293.4909,0.0,0.0,0.0,310.949996948242,no_change,2026-08-19T15:35:25,0.0,0.0
SPX,2026-10-16,56,Call,7960.0,SPX261016C07960000,49.1,50.0,49.55,51.6,5.5,11.9306,40.0,296.0,0.1148,0.2487,0.0009,9.6499,-0.977,2.8396,49.4136,51.95,51.95,50.0,46.1000003814697,up,2026-08-21T14:59:39,0.0,0.0
SPXW,2026-10-16,56,Call,7960.0,SPXW261016C07960000,50.4,50.8,50.599999999999994,52.8,5.6,11.8644,13.0,45.0,0.1158,0.2508,0.0009,9.7117,-0.9856,2.8627,50.4037,52.8,52.8,52.8,47.2000007629394,down,2026-08-21T15:38:52,0.0,0.0
SPX,2026-10-16,56,Put,7960.0,SPX261016P07960000,294.0,296.3,295.15,294.46,-18.79,-5.9984,2.0,9.0,0.1154,-0.7512,0.0009,9.6499,-0.977,-9.2912,296.077,294.46,294.46,294.46,313.25,up,2026-08-21T12:20:48,0.0,0.0
SPXW,2026-10-16,56,Put,7960.0,SPXW261016P07960000,293.5,298.9,296.2,229.4,0.0,0.0,0.0,17.0,0.1161,-0.7492,0.0009,9.7117,-0.9856,-9.2681,297.0794,0.0,0.0,0.0,314.599990844727,up,2026-08-14T09:36:25,0.0,0.0
SPX,2026-10-16,56,Call,7965.0,SPX261016C07965000,47.8,48.6,48.2,48.65,3.85,8.59375,170.0,111.0,0.1146,0.2439,0.0009,9.5569,-0.965,2.7844,48.0771,52.05,52.05,48.65,44.7999992370606,down,2026-08-21T16:00:11,0.0,0.0
SPXW,2026-10-16,56,Call,7965.0,SPXW261016C07965000,49.1,49.5,49.3,50.2,4.3,9.36819,23.0,27.0,0.1156,0.246,0.0009,9.6201,-0.9736,2.8078,49.0544,50.87,50.87,49.8,45.8999996185303,up,2026-08-21T13:54:02,0.0,0.0
SPX,2026-10-16,56,Put,7965.0,SPX261016P07965000,297.7,299.9,298.79999999999995,295.25,-21.7,-6.8465,2.0,2.0,0.1151,-0.756,0.0009,9.5569,-0.965,-9.354,299.7069,294.56,295.25,294.56,316.949996948242,up,2026-08-21T12:34:05,0.0,0.0
SPXW,2026-10-16,56,Put,7965.0,SPXW261016P07965000,297.1,302.5,299.8,0.0,0.0,0.0,0.0,0.0,0.1159,-0.754,0.0009,9.6201,-0.9736,-9.3306,300.6965,0.0,0.0,0.0,318.25,no_change,,0.0,0.0
SPX,2026-10-16,56,Call,7970.0,SPX261016C07970000,46.5,47.3,46.9,46.9,3.35,7.69231,93.0,71.0,0.1145,0.2392,0.0009,9.4622,-0.953,2.7296,46.7691,47.37,50.45,46.9,43.5500011444092,no_change,2026-08-21T16:12:44,0.0,0.0
SPXW,2026-10-16,56,Call,7970.0,SPXW261016C07970000,47.8,48.2,48.0,48.1,3.5,7.84753,9.0,31.0,0.1154,0.2413,0.0009,9.5266,-0.9616,2.7533,47.7333,49.49,49.49,48.1,44.6000003814697,down,2026-08-21T16:12:30,0.0,0.0
SPX,2026-10-16,56,Put,7970.0,SPX261016P07970000,301.3,303.6,302.45000000000005,298.41,-22.24,-6.93591,1.0,0.0,0.115,-0.7608,0.0009,9.4622,-0.953,-9.4164,303.3652,298.41,298.41,298.41,320.649993896484,down,2026-08-21T12:14:24,0.0,0.0
SPXW,2026-10-16,56,Put,7970.0,SPXW261016P07970000,300.7,306.2,303.45,241.8,0.0,0.0,0.0,10.0,0.1157,-0.7587,0.0009,9.5266,-0.9616,-9.3927,304.3418,0.0,0.0,0.0,322.0,down,2026-08-13T14:32:54,0.0,0.0
SPX,2026-10-16,56,Call,7975.0,SPX261016C07975000,45.2,46.0,45.6,46.23,3.88,9.16175,12.0,3470.0,0.1142,0.2345,0.0009,9.366,-0.9408,2.6756,45.489,43.2,49.2,43.2,42.3500003814697,down,2026-08-21T16:04:12,0.0,0.0
SPXW,2026-10-16,56,Call,7975.0,SPXW261016C07975000,46.4,46.9,46.65,46.6,3.2,7.37327,7.0,132.0,0.1152,0.2366,0.0009,9.4315,-0.9496,2.6993,46.4404,44.72,52.92,44.72,43.3999996185303,down,2026-08-21T14:30:40,0.0,0.0
SPX,2026-10-16,56,Put,7975.0,SPX261016P07975000,305.0,307.3,306.15,302.95,-21.5,-6.6266,3.0,26.0,0.1146,-0.7655,0.0009,9.366,-0.9408,-9.4781,307.0515,302.95,302.95,302.95,324.449996948242,up,2026-08-21T12:24:44,0.0,0.0
SPXW,2026-10-16,56,Put,7975.0,SPXW261016P07975000,304.4,309.9,307.15,256.4,0.0,0.0,0.0,21.0,0.1155,-0.7634,0.0009,9.4315,-0.9496,-9.4543,308.0151,0.0,0.0,0.0,325.699996948242,down,2026-08-13T09:32:41,0.0,0.0
SPX,2026-10-16,56,Call,7980.0,SPX261016C07980000,43.9,44.7,44.3,47.06,5.91,14.3621,47.0,111.0,0.1141,0.2298,0.0009,9.2686,-0.9287,2.6224,44.2366,43.93,50.5,43.93,41.1499996185303,no_change,2026-08-21T15:47:30,0.0,0.0
SPXW,2026-10-16,56,Call,7980.0,SPXW261016C07980000,45.2,45.6,45.400000000000006,46.91,4.71,11.1611,6.0,20.0,0.115,0.232,0.0009,9.3351,-0.9375,2.6461,45.175,43.95,46.91,43.5,42.2000007629394,up,2026-08-21T13:32:18,0.0,0.0
SPX,2026-10-16,56,Put,7980.0,SPX261016P07980000,308.7,311.0,309.85,299.57,-28.63,-8.72334,2.0,5.0,0.1145,-0.7701,0.0009,9.2686,-0.9287,-9.539,310.7654,299.57,299.57,299.57,328.199996948242,down,2026-08-21T11:43:31,0.0,0.0
SPXW,2026-10-16,56,Put,7980.0,SPXW261016P07980000,308.0,313.6,310.8,263.1,0.0,0.0,0.0,22.0,0.1153,-0.768,0.0009,9.3351,-0.9375,-9.5151,311.7161,0.0,0.0,0.0,329.450012207031,up,2026-08-17T14:05:32,0.0,0.0
SPX,2026-10-16,56,Call,7990.0,SPX261016C07990000,41.5,42.3,41.9,44.21,5.41,13.9433,21.0,159.0,0.1137,0.2207,0.0009,9.0717,-0.9042,2.5187,41.8124,46.32,46.32,44.21,38.7999992370606,down,2026-08-21T12:20:41,0.0,0.0
SPXW,2026-10-16,56,Call,7990.0,SPXW261016C07990000,42.7,43.2,42.95,42.08,2.28,5.72865,3.0,64.0,0.1146,0.2228,0.0009,9.1398,-0.9131,2.5425,42.725,42.08,42.08,42.08,39.7999992370606,no_change,2026-08-21T10:55:47,0.0,0.0
SPX,2026-10-16,56,Put,7990.0,SPX261016P07990000,316.2,318.5,317.35,316.03,-19.77,-5.88743,21.0,0.0,0.1142,-0.7793,0.0009,9.0717,-0.9042,-9.6579,318.2739,311.27,316.03,311.27,335.800003051758,up,2026-08-21T12:20:41,0.0,0.0
SPXW,2026-10-16,56,Put,7990.0,SPXW261016P07990000,315.5,321.1,318.3,253.0,0.0,0.0,0.0,21.0,0.115,-0.7771,0.0009,9.1398,-0.9131,-9.634,319.1988,0.0,0.0,0.0,337.049987792969,up,2026-08-13T14:12:45,0.0,0.0
SPX,2026-10-16,56,Call,8000.0,SPX261016C08000000,39.2,40.0,39.6,39.5,2.85,7.77626,11949.0,110169.0,0.1135,0.2117,0.0008,8.8732,-0.8795,2.4179,39.4928,40.1,46.47,37.5,36.6500015258789,up,2026-08-21T16:14:07,0.0,0.0
SPXW,2026-10-16,56,Call,8000.0,SPXW261016C08000000,40.4,40.8,40.599999999999994,40.6,3.0,7.97872,45.0,616.0,0.1143,0.2139,0.0008,8.9427,-0.8886,2.442,40.3798,39.78,46.32,38.97,37.6000003814697,no_change,2026-08-21T16:12:41,0.0,0.0
SPX,2026-10-16,56,Put,8000.0,SPX261016P08000000,324.0,326.0,325.0,325.55,-18.0,-5.23941,10517.0,100068.0,0.1139,-0.7883,0.0008,8.8732,-0.8795,-9.7739,325.887,332.95,334.8,311.91,343.549987792969,up,2026-08-21T16:14:07,0.0,0.0
SPXW,2026-10-16,56,Put,8000.0,SPXW261016P08000000,323.1,328.7,325.9,276.1,0.0,0.0,0.0,31.0,0.1146,-0.7861,0.0008,8.9427,-0.8886,-9.7497,326.7863,0.0,0.0,0.0,344.75,up,2026-08-17T14:31:51,0.0,0.0
SPX,2026-10-16,56,Call,8010.0,SPX261016C08010000,37.0,38.0,37.5,39.8,5.25,15.1954,10.0,557.0,0.1131,0.2029,0.0008,8.6724,-0.8547,2.3185,37.2753,38.62,43.25,37.8,34.5499992370606,up,2026-08-21T15:52:26,0.0,0.0
SPXW,2026-10-16,56,Call,8010.0,SPXW261016C08010000,38.1,38.6,38.35,40.38,4.88,13.7465,1.0,54.0,0.114,0.2051,0.0008,8.7437,-0.864,2.3432,38.1366,40.38,40.38,40.38,35.5,up,2026-08-21T15:05:45,0.0,0.0
SPX,2026-10-16,56,Put,8010.0,SPX261016P08010000,331.6,333.9,332.75,330.6,-20.8,-5.91918,9.0,3.0,0.1135,-0.7971,0.0008,8.6724,-0.8547,-9.8885,333.6022,332.84,335.42,320.82,351.399993896484,down,2026-08-21T15:53:43,0.0,0.0
SPXW,2026-10-16,56,Put,8010.0,SPXW261016P08010000,330.8,336.4,333.6,268.4,0.0,0.0,0.0,11.0,0.1143,-0.7949,0.0008,8.7437,-0.864,-9.8637,334.4758,0.0,0.0,0.0,352.549987792969,up,2026-08-14T15:16:58,0.0,0.0
SPX,2026-10-16,56,Call,8020.0,SPX261016C08020000,34.9,35.7,35.3,37.6,5.1,15.6923,653.0,265.0,0.1129,0.1943,0.0008,8.4675,-0.8299,2.22,35.1584,33.4,38.35,33.4,32.5,up,2026-08-21T15:52:27,0.0,0.0
SPXW,2026-10-16,56,Call,8020.0,SPXW261016C08020000,36.0,36.4,36.2,36.62,3.17,9.47684,9.0,37.0,0.1136,0.1966,0.0008,8.5412,-0.8393,2.2452,35.9937,37.74,37.94,36.62,33.4499988555908,down,2026-08-21T16:09:56,0.0,0.0
SPX,2026-10-16,56,Put,8020.0,SPX261016P08020000,339.4,341.7,340.54999999999995,345.95,0.0,0.0,0.0,2.0,0.1134,-0.8057,0.0008,8.4675,-0.8299,-10.0023,341.4179,0.0,0.0,0.0,359.300003051758,up,2026-08-20T13:53:03,0.0,0.0
SPXW,2026-10-16,56,Put,8020.0,SPXW261016P08020000,338.5,344.3,341.4,271.2,0.0,0.0,0.0,15.0,0.114,-0.8034,0.0008,8.5412,-0.8393,-9.9769,342.2655,0.0,0.0,0.0,360.450012207031,up,2026-08-14T10:30:49,0.0,0.0
SPX,2026-10-16,56,Call,8025.0,SPX261016C08025000,33.9,34.6,34.25,34.87,3.32,10.523,213.0,1043.0,0.1126,0.1901,0.0008,8.3632,-0.8175,2.1712,34.1372,32.5,40.49,32.5,31.5499992370606,down,2026-08-21T16:04:12,0.0,0.0
SPXW,2026-10-16,56,Call,8025.0,SPXW261016C08025000,35.0,35.4,35.2,34.9,2.45,7.55008,26.0,71.0,0.1134,0.1924,0.0008,8.4381,-0.8269,2.1967,34.9594,36.5,36.52,34.9,32.4499988555908,no_change,2026-08-21T16:13:55,0.0,0.0
SPX,2026-10-16,56,Put,8025.0,SPX261016P08025000,343.2,345.7,344.45,338.42,-24.88,-6.84834,7.0,10.0,0.1131,-0.8099,0.0008,8.3632,-0.8175,-10.0586,345.3631,340.3,340.3,338.42,363.300003051758,down,2026-08-21T12:29:23,0.0,0.0
SPXW,2026-10-16,56,Put,8025.0,SPXW261016P08025000,342.5,348.2,345.35,271.4,0.0,0.0,0.0,34.0,0.1139,-0.8076,0.0008,8.4381,-0.8269,-10.0331,346.1976,0.0,0.0,0.0,364.400009155273,up,2026-08-14T10:47:48,0.0,0.0
SPX,2026-10-16,56,Call,8030.0,SPX261016C08030000,32.9,33.6,33.25,35.6,4.95,16.1501,2.0,487.0,0.1124,0.186,0.0008,8.2578,-0.8051,2.1232,33.1404,36.8,36.8,35.6,30.6499996185303,down,2026-08-21T15:51:28,0.0,0.0
SPXW,2026-10-16,56,Call,8030.0,SPXW261016C08030000,34.0,34.4,34.2,35.75,4.25,13.4921,3.0,92.0,0.1133,0.1882,0.0008,8.3338,-0.8146,2.1486,33.9495,36.53,36.53,35.75,31.5,down,2026-08-21T15:41:27,0.0,0.0
SPX,2026-10-16,56,Put,8030.0,SPX261016P08030000,347.3,349.6,348.45000000000005,356.8,0.0,0.0,0.0,19.0,0.113,-0.814,0.0008,8.2578,-0.8051,-10.1143,349.3326,0.0,0.0,0.0,367.300003051758,down,2026-08-04T11:05:41,0.0,0.0
SPXW,2026-10-16,56,Put,8030.0,SPXW261016P08030000,346.4,352.2,349.29999999999995,274.2,0.0,0.0,0.0,26.0,0.1137,-0.8118,0.0008,8.3338,-0.8146,-10.0887,350.1541,0.0,0.0,0.0,368.449996948242,down,2026-08-14T10:47:22,0.0,0.0
SPX,2026-10-16,56,Call,8040.0,SPX261016C08040000,31.0,31.7,31.35,33.5,4.65,16.1178,7.0,185.0,0.1121,0.1778,0.0008,8.0447,-0.7803,2.0296,31.2183,32.41,36.37,32.41,28.8500003814697,up,2026-08-21T15:52:27,0.0,0.0
SPXW,2026-10-16,56,Call,8040.0,SPXW261016C08040000,32.0,32.4,32.2,32.2,2.55,8.60034,7.0,130.0,0.113,0.1801,0.0008,8.1225,-0.7899,2.0549,32.0017,34.05,34.05,32.2,29.6499996185303,down,2026-08-21T16:12:54,0.0,0.0
SPX,2026-10-16,56,Put,8040.0,SPX261016P08040000,355.3,357.6,356.45000000000005,329.9,0.0,0.0,0.0,2.0,0.1126,-0.8222,0.0008,8.0447,-0.7803,-10.2231,357.3432,0.0,0.0,0.0,375.449996948242,down,2026-08-05T11:46:31,0.0,0.0
SPXW,2026-10-16,56,Put,8040.0,SPXW261016P08040000,354.4,360.2,357.29999999999995,287.8,0.0,0.0,0.0,5.0,0.1134,-0.8199,0.0008,8.1225,-0.7899,-10.1977,358.1389,0.0,0.0,0.0,376.550003051758,no_change,2026-08-14T15:16:58,0.0,0.0
SPX,2026-10-16,56,Call,8050.0,SPX261016C08050000,29.2,29.8,29.5,34.6,7.5,27.6753,1222.0,8089.0,0.1118,0.1699,0.0008,7.8307,-0.7556,1.9399,29.3882,28.9,34.6,27.75,27.0999994277954,up,2026-08-21T11:59:41,0.0,0.0
SPXW,2026-10-16,56,Call,8050.0,SPXW261016C08050000,30.1,30.5,30.3,30.59,2.69,9.64157,26.0,296.0,0.1127,0.1722,0.0008,7.9097,-0.7652,1.9649,30.1464,30.6,35.7,29.31,27.9000005722046,down,2026-08-21T16:12:35,0.0,0.0
SPX,2026-10-16,56,Put,8050.0,SPX261016P08050000,363.6,365.6,364.6,290.8,0.0,0.0,0.0,8.0,0.1123,-0.8301,0.0008,7.8307,-0.7556,-10.328,365.4459,0.0,0.0,0.0,383.599990844727,down,2026-08-13T14:26:50,0.0,0.0
SPXW,2026-10-16,56,Put,8050.0,SPXW261016P08050000,362.5,368.3,365.4,295.69,0.0,0.0,0.0,15.0,0.1132,-0.8278,0.0008,7.9097,-0.7652,-10.3029,366.2163,0.0,0.0,0.0,384.75,down,2026-08-14T13:30:38,0.0,0.0
SPX,2026-10-16,56,Call,8060.0,SPX261016C08060000,27.5,28.1,27.8,27.5,2.0,7.84314,80.0,810.0,0.1116,0.1622,0.0007,7.6177,-0.731,1.8532,27.6467,27.7,30.3,26.3,25.5,no_change,2026-08-21T16:14:01,0.0,0.0
SPXW,2026-10-16,56,Call,8060.0,SPXW261016C08060000,28.4,28.8,28.6,28.3,2.05,7.80952,6.0,91.0,0.1124,0.1644,0.0007,7.6976,-0.7407,1.8782,28.38,33.7,33.7,28.3,26.25,no_change,2026-08-21T16:14:01,0.0,0.0
SPX,2026-10-16,56,Put,8060.0,SPX261016P08060000,371.6,374.0,372.8,368.57,-23.38,-5.96505,7.0,0.0,0.1121,-0.8378,0.0007,7.6177,-0.731,-10.4299,373.637,367.94,368.57,367.94,391.949996948242,up,2026-08-21T12:25:56,0.0,0.0
SPXW,2026-10-16,56,Put,8060.0,SPXW261016P08060000,370.6,376.5,373.55,297.3,0.0,0.0,0.0,7.0,0.113,-0.8355,0.0007,7.6976,-0.7407,-10.4048,374.3825,0.0,0.0,0.0,393.0,down,2026-08-13T14:32:18,0.0,0.0
SPX,2026-10-16,56,Call,8070.0,SPX261016C08070000,25.8,26.5,26.15,28.0,4.1,17.1548,2.0,974.0,0.1113,0.1547,0.0007,7.4052,-0.7066,1.7682,25.9911,30.32,30.32,28.0,23.9000005722046,down,2026-08-21T15:52:27,0.0,0.0
SPXW,2026-10-16,56,Call,8070.0,SPXW261016C08070000,26.7,27.1,26.9,28.0,3.35,13.5903,11.0,42.0,0.1121,0.157,0.0007,7.4864,-0.7164,1.7936,26.6996,28.79,28.79,27.9,24.6499996185303,up,2026-08-21T15:36:43,0.0,0.0
SPX,2026-10-16,56,Put,8070.0,SPX261016P08070000,379.8,382.3,381.05,336.93,0.0,0.0,0.0,1.0,0.1119,-0.8453,0.0007,7.4052,-0.7066,-10.5302,381.9141,0.0,0.0,0.0,400.299987792969,down,2026-08-19T12:28:37,0.0,0.0
SPXW,2026-10-16,56,Put,8070.0,SPXW261016P08070000,378.9,384.8,381.85,0.0,0.0,0.0,0.0,0.0,0.1128,-0.843,0.0007,7.4864,-0.7164,-10.5047,382.6348,0.0,0.0,0.0,401.350006103516,no_change,,0.0,0.0
SPX,2026-10-16,56,Call,8075.0,SPX261016C08075000,25.0,25.7,25.35,26.64,3.44,14.8276,35.0,2182.0,0.1111,0.1511,0.0007,7.2987,-0.6945,1.7262,25.195,24.82,27.42,24.78,23.1999998092651,down,2026-08-21T15:53:23,0.0,0.0
SPXW,2026-10-16,56,Call,8075.0,SPXW261016C08075000,25.9,26.3,26.1,25.8,1.95,8.1761,10.0,146.0,0.112,0.1533,0.0007,7.3807,-0.7043,1.7517,25.891,25.29,30.9,25.29,23.8500003814697,no_change,2026-08-21T16:14:01,0.0,0.0
SPX,2026-10-16,56,Put,8075.0,SPX261016P08075000,384.0,386.4,385.2,374.0,0.0,0.0,0.0,20.0,0.1119,-0.8489,0.0007,7.2987,-0.6945,-10.5798,386.0843,0.0,0.0,0.0,404.5,up,2026-08-20T09:35:00,0.0,0.0
SPXW,2026-10-16,56,Put,8075.0,SPXW261016P08075000,383.0,389.0,386.0,0.0,0.0,0.0,0.0,0.0,0.1126,-0.8467,0.0007,7.3807,-0.7043,-10.5542,386.7926,0.0,0.0,0.0,405.5,no_change,,0.0,0.0
SPX,2026-10-16,56,Call,8080.0,SPX261016C08080000,24.2,24.9,24.549999999999997,26.3,3.9,17.4107,177.0,638.0,0.111,0.1475,0.0007,7.1917,-0.6824,1.6846,24.4197,24.72,27.45,24.03,22.4000005722046,up,2026-08-21T15:52:27,0.0,0.0
SPXW,2026-10-16,56,Call,8080.0,SPXW261016C08080000,25.1,25.5,25.3,25.1,1.95,8.42333,20.0,76.0,0.1118,0.1497,0.0007,7.2746,-0.6923,1.7101,25.1034,25.4,25.4,25.0,23.1499996185303,no_change,2026-08-21T16:14:12,0.0,0.0
SPX,2026-10-16,56,Put,8080.0,SPX261016P08080000,388.2,390.6,389.4,392.24,-16.56,-4.05088,2.0,1.0,0.1118,-0.8525,0.0007,7.1917,-0.6824,-10.629,390.2754,392.24,392.24,392.24,408.799987792969,up,2026-08-21T14:28:28,0.0,0.0
SPXW,2026-10-16,56,Put,8080.0,SPXW261016P08080000,387.2,393.1,390.15,0.0,0.0,0.0,0.0,0.0,0.1125,-0.8503,0.0007,7.2746,-0.6923,-10.6034,390.9713,0.0,0.0,0.0,409.800003051758,no_change,,0.0,0.0
SPX,2026-10-16,56,Call,8090.0,SPX261016C08090000,22.7,23.4,23.049999999999997,24.8,3.8,18.0952,36.0,216.0,0.1109,0.1404,0.0007,6.9764,-0.6585,1.6032,22.9304,25.05,25.08,24.8,21.0,down,2026-08-21T15:52:27,0.0,0.0
SPXW,2026-10-16,56,Call,8090.0,SPXW261016C08090000,23.6,23.9,23.75,24.8,3.05,14.023,1.0,22.0,0.1116,0.1427,0.0007,7.0612,-0.6684,1.6287,23.5895,24.8,24.8,24.8,21.75,up,2026-08-21T15:36:43,0.0,0.0
SPX,2026-10-16,56,Put,8090.0,SPX261016P08090000,396.6,399.1,397.85,393.2,-24.1,-5.77522,5.0,1.0,0.1116,-0.8595,0.0007,6.9764,-0.6585,-10.7256,398.7188,393.2,393.2,393.2,417.299987792969,up,2026-08-21T12:25:14,0.0,0.0
SPXW,2026-10-16,56,Put,8090.0,SPXW261016P08090000,395.4,401.4,398.4,0.0,0.0,0.0,0.0,0.0,0.1122,-0.8573,0.0007,7.0612,-0.6684,-10.7,399.3901,0.0,0.0,0.0,418.300003051758,no_change,,0.0,0.0
SPX,2026-10-16,56,Call,8100.0,SPX261016C08100000,21.4,21.9,21.65,21.4,1.7,8.62944,1726.0,8004.0,0.1106,0.1337,0.0006,6.7605,-0.6348,1.5255,21.5201,20.73,25.65,20.6,19.6999998092651,no_change,2026-08-21T16:14:01,0.0,0.0
SPXW,2026-10-16,56,Call,8100.0,SPXW261016C08100000,22.2,22.5,22.35,23.5,3.15,15.4791,37.0,151.0,0.1114,0.1359,0.0006,6.8465,-0.6448,1.5504,22.1552,21.85,24.05,21.85,20.3500003814697,up,2026-08-21T15:40:41,0.0,0.0
SPX,2026-10-16,56,Put,8100.0,SPX261016P08100000,405.3,407.5,406.4,403.42,-22.48,-5.27823,1.0,783.0,0.1112,-0.8663,0.0006,6.7605,-0.6348,-10.8186,407.2411,403.42,403.42,403.42,425.899993896484,up,2026-08-21T13:21:02,0.0,0.0
SPXW,2026-10-16,56,Put,8100.0,SPXW261016P08100000,404.1,410.1,407.1,353.77,0.0,0.0,0.0,15.0,0.112,-0.8641,0.0006,6.8465,-0.6448,-10.7936,407.8885,0.0,0.0,0.0,426.899993896484,up,2026-08-19T11:03:48,0.0,0.0
SPX,2026-10-16,56,Call,8110.0,SPX261016C08110000,20.0,20.6,20.3,20.1,1.65,8.94309,14.0,238.0,0.1104,0.1271,0.0006,6.5461,-0.6115,1.4514,20.1849,22.81,22.96,20.1,18.4499998092651,no_change,2026-08-21T16:14:01,0.0,0.0
SPXW,2026-10-16,56,Call,8110.0,SPXW261016C08110000,20.8,21.1,20.950000000000003,21.0,1.9,9.94764,4.0,63.0,0.1112,0.1293,0.0006,6.6327,-0.6215,1.4759,20.7968,21.0,21.0,21.0,19.1000003814697,down,2026-08-21T16:12:51,0.0,0.0
SPX,2026-10-16,56,Put,8110.0,SPX261016P08110000,413.7,416.2,414.95,410.21,-24.39,-5.61206,1.0,0.0,0.1111,-0.8728,0.0006,6.5461,-0.6115,-10.9078,415.8386,410.21,410.21,410.21,434.600006103516,down,2026-08-21T12:27:01,0.0,0.0
SPXW,2026-10-16,56,Put,8110.0,SPXW261016P08110000,412.4,418.7,415.54999999999995,370.87,0.0,0.0,0.0,1.0,0.1119,-0.8706,0.0006,6.6327,-0.6215,-10.8833,416.4628,0.0,0.0,0.0,435.550003051758,up,2026-08-11T12:15:27,0.0,0.0
SPX,2026-10-16,56,Call,8120.0,SPX261016C08120000,18.8,19.3,19.05,18.8,1.5,8.67052,9.0,200.0,0.1101,0.1208,0.0006,6.335,-0.5886,1.3802,18.9216,20.6,20.6,18.8,17.3000001907349,no_change,2026-08-21T16:14:01,0.0,0.0
SPXW,2026-10-16,56,Call,8120.0,SPXW261016C08120000,19.5,19.8,19.65,20.24,2.39,13.3894,1.0,99.0,0.1109,0.123,0.0006,6.4218,-0.5986,1.4045,19.5108,20.24,20.24,20.24,17.8500003814697,down,2026-08-21T11:00:10,0.0,0.0
SPX,2026-10-16,56,Put,8120.0,SPX261016P08120000,422.4,424.9,423.65,390.9,0.0,0.0,0.0,3.0,0.111,-0.8792,0.0006,6.335,-0.5886,-10.9943,424.508,0.0,0.0,0.0,443.349990844727,up,2026-08-19T14:07:34,0.0,0.0
SPXW,2026-10-16,56,Put,8120.0,SPXW261016P08120000,421.1,427.3,424.20000000000005,345.74,0.0,0.0,0.0,1.0,0.1116,-0.877,0.0006,6.4218,-0.5986,-10.9699,425.1094,0.0,0.0,0.0,444.299987792969,no_change,2026-08-13T11:44:31,0.0,0.0
SPX,2026-10-16,56,Call,8125.0,SPX261016C08125000,18.1,18.7,18.4,19.0,2.25,13.4328,3.0,3796.0,0.11,0.1178,0.0006,6.2306,-0.5773,1.3453,18.3161,20.55,20.55,19.0,16.75,down,2026-08-21T14:49:22,0.0,0.0
SPXW,2026-10-16,56,Call,8125.0,SPXW261016C08125000,18.9,19.2,19.049999999999997,18.8,1.5,8.67052,8.0,112.0,0.1108,0.1199,0.0006,6.3176,-0.5873,1.3696,18.894,18.96,20.6,18.8,17.3000001907349,no_change,2026-08-21T16:14:01,0.0,0.0
SPX,2026-10-16,56,Put,8125.0,SPX261016P08125000,426.7,429.3,428.0,422.25,-25.5,-5.69514,2.0,0.0,0.111,-0.8822,0.0006,6.2306,-0.5773,-11.0368,428.8688,421.37,422.25,421.37,447.75,up,2026-08-21T12:22:08,0.0,0.0
SPXW,2026-10-16,56,Put,8125.0,SPXW261016P08125000,425.4,431.7,428.54999999999995,0.0,0.0,0.0,0.0,0.0,0.1116,-0.8801,0.0006,6.3176,-0.5873,-11.0124,429.459,0.0,0.0,0.0,448.700012207031,no_change,,0.0,0.0
SPX,2026-10-16,56,Call,8130.0,SPX261016C08130000,17.5,18.1,17.8,19.3,3.1,19.1358,1.0,712.0,0.1099,0.1147,0.0006,6.1268,-0.5661,1.3108,17.7278,19.3,19.3,19.3,16.1999998092651,up,2026-08-21T15:52:27,0.0,0.0
SPXW,2026-10-16,56,Call,8130.0,SPXW261016C08130000,18.3,18.6,18.450000000000003,18.2,1.45,8.65672,3.0,45.0,0.1107,0.1169,0.0006,6.2141,-0.576,1.3352,18.2945,18.2,18.2,18.2,16.75,no_change,2026-08-21T16:13:55,0.0,0.0
SPX,2026-10-16,56,Put,8130.0,SPX261016P08130000,431.1,433.6,432.35,0.0,0.0,0.0,0.0,0.0,0.1108,-0.8852,0.0006,6.1268,-0.5661,-11.079,433.2468,0.0,0.0,0.0,452.150009155273,no_change,,0.0,0.0
SPXW,2026-10-16,56,Put,8130.0,SPXW261016P08130000,430.0,436.1,433.05,0.0,0.0,0.0,0.0,0.0,0.1114,-0.8831,0.0006,6.2141,-0.576,-11.0545,433.8258,0.0,0.0,0.0,453.100006103516,no_change,,0.0,0.0
SPX,2026-10-16,56,Call,8140.0,SPX261016C08140000,16.4,17.0,16.7,16.5,1.4,9.27152,11.0,371.0,0.1098,0.1089,0.0006,5.9205,-0.544,1.2431,16.6016,16.8,16.8,16.5,15.0999999046326,no_change,2026-08-21T16:14:01,0.0,0.0
SPXW,2026-10-16,56,Call,8140.0,SPXW261016C08140000,17.2,17.4,17.299999999999997,17.4,1.75,11.1821,35.0,9.0,0.1105,0.111,0.0006,6.0086,-0.5539,1.2674,17.146,18.9,18.9,17.4,15.6500000953674,no_change,2026-08-21T16:12:41,0.0,0.0
SPX,2026-10-16,56,Put,8140.0,SPX261016P08140000,439.8,442.5,441.15,0.0,0.0,0.0,0.0,0.0,0.1104,-0.8911,0.0006,5.9205,-0.544,-11.1619,442.0533,0.0,0.0,0.0,461.050003051758,no_change,,0.0,0.0
SPXW,2026-10-16,56,Put,8140.0,SPXW261016P08140000,438.5,444.9,441.7,393.77,0.0,0.0,0.0,1.0,0.1113,-0.889,0.0006,6.0086,-0.5539,-11.1374,442.61,0.0,0.0,0.0,462.0,up,2026-08-11T12:15:27,0.0,0.0
SPX,2026-10-16,56,Call,8150.0,SPX261016C08150000,15.4,15.9,15.65,15.4,1.25,8.83392,81.0,3837.0,0.1096,0.1033,0.0006,5.7152,-0.5224,1.178,15.5406,15.6,17.55,14.75,14.1500000953674,no_change,2026-08-21T16:14:01,0.0,0.0
SPXW,2026-10-16,56,Call,8150.0,SPXW261016C08150000,16.0,16.3,16.15,16.35,1.7,11.6041,22.0,340.0,0.1103,0.1054,0.0006,5.8044,-0.5323,1.2019,16.0633,15.9,18.0,15.67,14.6500000953674,down,2026-08-21T16:12:35,0.0,0.0
SPX,2026-10-16,56,Put,8150.0,SPX261016P08150000,448.9,451.2,450.04999999999995,443.94,-26.06,-5.54468,21.0,1.0,0.1105,-0.8967,0.0006,5.7152,-0.5224,-11.2422,450.9251,443.56,445.42,443.56,470.0,down,2026-08-21T15:01:57,0.0,0.0
SPXW,2026-10-16,56,Put,8150.0,SPXW261016P08150000,447.4,453.5,450.45,0.0,0.0,0.0,0.0,0.0,0.1112,-0.8946,0.0006,5.8044,-0.5323,-11.2182,451.46,0.0,0.0,0.0,470.899993896484,no_change,,0.0,0.0
SPX,2026-10-16,56,Call,8160.0,SPX261016C08160000,14.4,14.9,14.65,14.4,1.2,9.09091,30.0,139.0,0.1095,0.0979,0.0005,5.5118,-0.5013,1.1163,14.5419,14.9,15.76,14.4,13.1999998092651,down,2026-08-21T16:13:55,0.0,0.0
SPXW,2026-10-16,56,Call,8160.0,SPXW261016C08160000,15.0,15.3,15.15,15.3,1.6,11.6788,9.0,33.0,0.1102,0.1,0.0005,5.6016,-0.5112,1.1395,15.0435,15.3,15.3,15.3,13.7000002861023,down,2026-08-21T16:12:34,0.0,0.0
SPX,2026-10-16,56,Put,8160.0,SPX261016P08160000,457.6,460.3,458.95000000000005,416.38,0.0,0.0,0.0,2.0,0.1097,-0.9021,0.0005,5.5118,-0.5013,-11.3191,459.859,0.0,0.0,0.0,479.0,down,2026-08-05T13:26:14,0.0,0.0
SPXW,2026-10-16,56,Put,8160.0,SPXW261016P08160000,456.3,462.6,459.45000000000005,0.0,0.0,0.0,0.0,0.0,0.1111,-0.9,0.0005,5.6016,-0.5112,-11.2958,460.3729,0.0,0.0,0.0,477.300003051758,no_change,,0.0,0.0
SPX,2026-10-16,56,Call,8170.0,SPX261016C08170000,13.4,13.9,13.65,13.5,1.2,9.7561,16.0,55.0,0.1092,0.0927,0.0005,5.3119,-0.4807,1.058,13.6019,16.36,16.36,13.5,12.3000001907349,no_change,2026-08-21T16:14:01,0.0,0.0
SPXW,2026-10-16,56,Call,8170.0,SPXW261016C08170000,14.0,14.3,14.15,12.3,0.0,0.0,0.0,51.0,0.1099,0.0948,0.0005,5.4017,-0.4905,1.0806,14.0833,0.0,0.0,0.0,12.7999997138977,down,2026-08-20T15:56:16,0.0,0.0
SPX,2026-10-16,56,Put,8170.0,SPX261016P08170000,466.6,469.3,467.95000000000005,459.96,-28.09,-5.75556,1.0,0.0,0.1096,-0.9072,0.0005,5.3119,-0.4807,-11.3927,468.8517,459.96,459.96,459.96,488.050003051758,down,2026-08-21T12:05:51,0.0,0.0
SPXW,2026-10-16,56,Put,8170.0,SPXW261016P08170000,457.1,480.5,468.8,381.43,0.0,0.0,0.0,1.0,0.111,-0.9052,0.0005,5.4017,-0.4905,-11.37,469.3453,0.0,0.0,0.0,486.300003051758,down,2026-08-13T09:40:15,0.0,0.0
SPX,2026-10-16,56,Call,8175.0,SPX261016C08175000,13.0,13.4,13.2,13.1,1.2,10.084,23.0,180.0,0.1092,0.0902,0.0005,5.2138,-0.4706,1.0298,13.153,14.5,14.7,13.1,11.9000000953674,no_change,2026-08-21T16:14:01,0.0,0.0
SPXW,2026-10-16,56,Call,8175.0,SPXW261016C08175000,13.5,13.8,13.65,15.25,2.9,23.4818,4.0,65.0,0.1099,0.0922,0.0005,5.3033,-0.4804,1.0522,13.6245,15.14,15.25,15.14,12.3499999046326,up,2026-08-21T11:39:04,0.0,0.0
SPX,2026-10-16,56,Put,8175.0,SPX261016P08175000,471.1,473.8,472.45000000000005,465.53,-27.07,-5.49533,9.0,2.0,0.1095,-0.9097,0.0005,5.2138,-0.4706,-11.4284,473.3691,467.92,467.92,465.53,492.600006103516,down,2026-08-21T12:30:58,0.0,0.0
SPXW,2026-10-16,56,Put,8175.0,SPXW261016P08175000,461.6,485.0,473.3,439.05,0.0,0.0,0.0,1.0,0.1109,-0.9077,0.0005,5.3033,-0.4804,-11.406,473.8529,0.0,0.0,0.0,490.75,up,2026-08-19T10:12:22,0.0,0.0
SPX,2026-10-16,56,Call,8180.0,SPX261016C08180000,12.5,13.0,12.75,11.1,0.0,0.0,0.0,39.0,0.109,0.0878,0.0005,5.1168,-0.4606,1.0022,12.7178,0.0,0.0,0.0,11.5,down,2026-08-20T15:58:02,0.0,0.0
SPXW,2026-10-16,56,Call,8180.0,SPXW261016C08180000,13.1,13.4,13.25,13.85,1.9,15.8996,1.0,16.0,0.1099,0.0898,0.0005,5.2061,-0.4704,1.0245,13.1795,13.85,13.85,13.85,11.9500002861023,down,2026-08-21T11:00:44,0.0,0.0
SPX,2026-10-16,56,Put,8180.0,SPX261016P08180000,475.6,478.3,476.95000000000005,0.0,0.0,0.0,0.0,0.0,0.1098,-0.9122,0.0005,5.1168,-0.4606,-11.4637,477.9002,0.0,0.0,0.0,497.149993896484,no_change,,0.0,0.0
SPXW,2026-10-16,56,Put,8180.0,SPXW261016P08180000,466.1,489.5,477.8,0.0,0.0,0.0,0.0,0.0,0.1108,-0.9102,0.0005,5.2061,-0.4704,-11.4413,478.3742,0.0,0.0,0.0,495.400009155273,no_change,,0.0,0.0
SPX,2026-10-16,56,Call,8190.0,SPX261016C08190000,11.7,12.1,11.899999999999999,11.8,1.05,9.76744,19.0,53.0,0.109,0.0831,0.0005,4.9266,-0.4411,0.9482,11.8873,12.8,12.8,11.8,10.75,no_change,2026-08-21T16:14:04,0.0,0.0
SPXW,2026-10-16,56,Call,8190.0,SPXW261016C08190000,12.3,12.5,12.4,11.7,0.0,0.0,0.0,21.0,0.1097,0.085,0.0005,5.0155,-0.4508,0.9704,12.3297,0.0,0.0,0.0,11.1500000953674,up,2026-08-20T14:16:03,0.0,0.0
SPX,2026-10-16,56,Put,8190.0,SPX261016P08190000,484.7,487.4,486.04999999999995,0.0,0.0,0.0,0.0,0.0,0.1094,-0.9169,0.0005,4.9266,-0.4411,-11.5329,487.0024,0.0,0.0,0.0,506.350006103516,no_change,,0.0,0.0
SPXW,2026-10-16,56,Put,8190.0,SPXW261016P08190000,475.0,498.6,486.8,0.0,0.0,0.0,0.0,0.0,0.1108,-0.915,0.0005,5.0155,-0.4508,-11.5106,487.4571,0.0,0.0,0.0,504.400009155273,no_change,,0.0,0.0
SPX,2026-10-16,56,Call,8200.0,SPX261016C08200000,10.9,11.4,11.15,12.1,2.1,21.0,1954.0,15295.0,0.1088,0.0786,0.0004,4.7403,-0.4222,0.896,11.1085,11.2,12.4,10.8,10.0,up,2026-08-21T15:30:29,0.0,0.0
SPXW,2026-10-16,56,Call,8200.0,SPXW261016C08200000,11.5,11.7,11.6,12.42,2.02,19.4231,47.0,836.0,0.1097,0.0805,0.0004,4.8292,-0.4318,0.9179,11.5319,11.65,12.42,11.3,10.4000000953674,up,2026-08-21T11:32:57,0.0,0.0
SPX,2026-10-16,56,Put,8200.0,SPX261016P08200000,494.1,496.4,495.25,450.97,0.0,0.0,0.0,6.0,0.1093,-0.9214,0.0004,4.7403,-0.4222,-11.6004,496.1563,0.0,0.0,0.0,515.5,down,2026-08-19T09:30:08,0.0,0.0
SPXW,2026-10-16,56,Put,8200.0,SPXW261016P08200000,484.2,507.7,495.95,435.88,0.0,0.0,0.0,3.0,0.1107,-0.9195,0.0004,4.8292,-0.4318,-11.5783,496.592,0.0,0.0,0.0,515.150009155273,no_change,2026-08-10T14:07:27,0.0,0.0
SPX,2026-10-16,56,Call,8210.0,SPX261016C08210000,10.2,10.6,10.399999999999999,9.1,0.0,0.0,0.0,351.0,0.1087,0.0743,0.0004,4.5574,-0.4039,0.8462,10.3792,0.0,0.0,0.0,9.34999990463257,down,2026-08-20T15:56:45,0.0,0.0
SPXW,2026-10-16,56,Call,8210.0,SPXW261016C08210000,10.7,11.0,10.85,10.7,0.95,9.74359,38.0,57.0,0.1095,0.0762,0.0004,4.6465,-0.4134,0.8676,10.7842,12.05,12.15,10.7,9.75,no_change,2026-08-21T16:14:01,0.0,0.0
SPX,2026-10-16,56,Put,8210.0,SPX261016P08210000,503.0,505.8,504.4,0.0,0.0,0.0,0.0,0.0,0.1091,-0.9257,0.0004,4.5574,-0.4039,-11.6653,505.3598,0.0,0.0,0.0,524.799987792969,no_change,,0.0,0.0
SPXW,2026-10-16,56,Put,8210.0,SPXW261016P08210000,493.3,513.9,503.6,0.0,0.0,0.0,0.0,0.0,0.1107,-0.9238,0.0004,4.6465,-0.4134,-11.6438,505.777,0.0,0.0,0.0,524.350006103516,no_change,,0.0,0.0
SPX,2026-10-16,56,Call,8220.0,SPX261016C08220000,9.5,10.0,9.75,11.05,0.0,0.0,0.0,339.0,0.1087,0.0702,0.0004,4.3783,-0.3862,0.7995,9.6967,0.0,0.0,0.0,8.69999980926514,down,2026-08-20T13:03:58,0.0,0.0
SPXW,2026-10-16,56,Call,8220.0,SPXW261016C08220000,10.0,10.3,10.15,10.2,1.05,11.4754,4.0,34.0,0.1094,0.072,0.0004,4.4672,-0.3956,0.8201,10.084,10.42,10.42,10.2,9.15000009536743,down,2026-08-21T16:12:54,0.0,0.0
SPX,2026-10-16,56,Put,8220.0,SPX261016P08220000,512.3,515.0,513.65,0.0,0.0,0.0,0.0,0.0,0.1091,-0.9298,0.0004,4.3783,-0.3862,-11.7273,514.6099,0.0,0.0,0.0,534.100006103516,no_change,,0.0,0.0
SPXW,2026-10-16,56,Put,8220.0,SPXW261016P08220000,502.6,526.1,514.35,0.0,0.0,0.0,0.0,0.0,0.1106,-0.928,0.0004,4.4672,-0.3956,-11.7066,515.0095,0.0,0.0,0.0,533.649993896484,no_change,,0.0,0.0
SPX,2026-10-16,56,Call,8225.0,SPX261016C08225000,9.2,9.6,9.399999999999999,10.4,2.05,24.5509,5.0,820.0,0.1086,0.0682,0.0004,4.2904,-0.3776,0.7772,9.372,9.25,10.4,9.0,8.34999990463257,up,2026-08-21T12:27:22,0.0,0.0
SPXW,2026-10-16,56,Call,8225.0,SPXW261016C08225000,9.7,9.9,9.8,9.85,1.0,11.2994,4.0,39.0,0.1093,0.07,0.0004,4.3791,-0.3869,0.7974,9.7508,9.85,9.85,9.85,8.84999990463257,no_change,2026-08-21T10:09:15,0.0,0.0
SPX,2026-10-16,56,Put,8225.0,SPX261016P08225000,516.9,519.7,518.3,512.68,-26.12,-4.84781,1.0,0.0,0.109,-0.9317,0.0004,4.2904,-0.3776,-11.7572,519.2515,512.68,512.68,512.68,538.799987792969,down,2026-08-21T12:27:22,0.0,0.0
SPXW,2026-10-16,56,Put,8225.0,SPXW261016P08225000,507.3,530.8,519.05,0.0,0.0,0.0,0.0,0.0,0.1107,-0.9299,0.0004,4.3791,-0.3869,-11.7369,519.6426,0.0,0.0,0.0,538.149993896484,no_change,,0.0,0.0
SPX,2026-10-16,56,Call,8230.0,SPX261016C08230000,8.8,9.2,9.0,9.1,1.0,12.3457,20.0,51.0,0.1086,0.0663,0.0004,4.2038,-0.3691,0.7556,9.0579,8.7,9.5,8.7,8.10000014305115,no_change,2026-08-21T16:13:02,0.0,0.0
SPXW,2026-10-16,56,Call,8230.0,SPXW261016C08230000,9.3,9.6,9.45,10.7,2.15,25.1462,20.0,23.0,0.1094,0.0681,0.0004,4.2921,-0.3784,0.7755,9.4284,10.7,10.7,10.7,8.5499997138977,down,2026-08-21T13:09:09,0.0,0.0
SPX,2026-10-16,56,Put,8230.0,SPX261016P08230000,521.6,524.3,522.95,532.06,-11.44,-2.10488,4.0,0.0,0.1091,-0.9336,0.0004,4.2038,-0.3691,-11.7864,523.9038,532.06,532.06,532.06,543.5,no_change,2026-08-21T10:44:23,0.0,0.0
SPXW,2026-10-16,56,Put,8230.0,SPXW261016P08230000,511.9,535.4,523.65,0.0,0.0,0.0,0.0,0.0,0.1106,-0.9319,0.0004,4.2921,-0.3784,-11.7665,524.2866,0.0,0.0,0.0,542.850006103516,no_change,,0.0,0.0
SPX,2026-10-16,56,Call,8240.0,SPX261016C08240000,8.2,8.6,8.399999999999999,9.2,1.6,21.0526,6.0,13.0,0.1085,0.0626,0.0004,4.0348,-0.3526,0.7139,8.4605,9.21,9.21,9.2,7.60000014305115,no_change,2026-08-21T15:32:08,0.0,0.0
SPXW,2026-10-16,56,Call,8240.0,SPXW261016C08240000,8.7,9.0,8.85,8.9,0.95,11.9497,4.0,45.0,0.1093,0.0644,0.0004,4.1222,-0.3618,0.7334,8.8148,9.14,9.14,8.9,7.9500002861023,down,2026-08-21T16:12:54,0.0,0.0
SPX,2026-10-16,56,Put,8240.0,SPX261016P08240000,530.8,533.8,532.3,0.0,0.0,0.0,0.0,0.0,0.109,-0.9373,0.0004,4.0348,-0.3526,-11.8433,533.239,0.0,0.0,0.0,552.899993896484,no_change,,0.0,0.0
SPXW,2026-10-16,56,Put,8240.0,SPXW261016P08240000,521.2,544.7,532.95,0.0,0.0,0.0,0.0,0.0,0.1106,-0.9356,0.0004,4.1222,-0.3618,-11.8238,533.6056,0.0,0.0,0.0,552.299987792969,no_change,,0.0,0.0
SPX,2026-10-16,56,Call,8250.0,SPX261016C08250000,7.7,8.1,7.9,7.8,0.75,10.6383,27.0,3305.0,0.1085,0.0591,0.0004,3.8715,-0.3367,0.6739,7.9023,8.33,8.6,7.51,7.04999995231628,no_change,2026-08-21T16:13:55,0.0,0.0
SPXW,2026-10-16,56,Call,8250.0,SPXW261016C08250000,8.1,8.4,8.25,8.75,1.3,17.4497,50.0,354.0,0.1092,0.0608,0.0004,3.9578,-0.3458,0.6931,8.2408,8.1,10.35,8.1,7.45000004768372,down,2026-08-21T14:05:32,0.0,0.0
SPX,2026-10-16,56,Put,8250.0,SPX261016P08250000,540.4,543.0,541.7,529.26,0.0,0.0,0.0,57.0,0.109,-0.9408,0.0004,3.8715,-0.3367,-11.8986,542.6135,0.0,0.0,0.0,562.299987792969,down,2026-08-20T10:57:28,0.0,0.0
SPXW,2026-10-16,56,Put,8250.0,SPXW261016P08250000,530.4,551.6,541.0,761.82,0.0,0.0,0.0,5.0,0.1107,-0.9392,0.0004,3.9578,-0.3458,-11.8792,542.9643,0.0,0.0,0.0,560.200012207031,up,2026-07-27T10:20:32,0.0,0.0
SPX,2026-10-16,56,Call,8260.0,SPX261016C08260000,7.2,7.6,7.4,8.2,1.6,24.2424,2.0,44.0,0.1084,0.0558,0.0003,3.7136,-0.3215,0.6355,7.3817,8.2,8.2,8.2,6.60000014305115,up,2026-08-21T12:23:03,0.0,0.0
SPXW,2026-10-16,56,Call,8260.0,SPXW261016C08260000,7.6,7.9,7.75,27.2,0.0,0.0,0.0,1.0,0.1093,0.0575,0.0004,3.7991,-0.3304,0.6544,7.7048,0.0,0.0,0.0,6.95000004768372,down,2026-08-13T09:35:30,0.0,0.0
SPX,2026-10-16,56,Put,8260.0,SPX261016P08260000,549.6,552.5,551.05,545.77,-26.03,-4.55229,2.0,0.0,0.1089,-0.9442,0.0003,3.7136,-0.3215,-11.9522,552.0256,545.77,545.77,545.77,571.799987792969,down,2026-08-21T12:23:03,0.0,0.0
SPXW,2026-10-16,56,Put,8260.0,SPXW261016P08260000,540.0,563.5,551.75,0.0,0.0,0.0,0.0,0.0,0.1108,-0.9425,0.0004,3.7991,-0.3304,-11.9332,552.361,0.0,0.0,0.0,570.949981689453,no_change,,0.0,0.0
SPX,2026-10-16,56,Call,8270.0,SPX261016C08270000,6.7,7.1,6.9,6.8,0.6,9.67742,13.0,195.0,0.1085,0.0527,0.0003,3.5605,-0.3069,0.5991,6.8968,7.8,7.8,6.8,6.20000004768372,down,2026-08-21T16:13:47,0.0,0.0
SPXW,2026-10-16,56,Call,8270.0,SPXW261016C08270000,7.1,7.4,7.25,29.2,0.0,0.0,0.0,17.0,0.1093,0.0543,0.0003,3.6452,-0.3156,0.6175,7.2049,0.0,0.0,0.0,6.45000004768372,up,2026-08-13T09:51:54,0.0,0.0
SPX,2026-10-16,56,Put,8270.0,SPX261016P08270000,559.0,562.0,560.5,552.12,-29.13,-5.01161,3.0,0.0,0.109,-0.9473,0.0003,3.5605,-0.3069,-12.0038,561.4734,552.12,552.12,552.12,581.25,down,2026-08-21T12:29:20,0.0,0.0
SPXW,2026-10-16,56,Put,8270.0,SPXW261016P08270000,549.2,572.9,561.05,0.0,0.0,0.0,0.0,0.0,0.1107,-0.9457,0.0003,3.6452,-0.3156,-11.9853,561.7938,0.0,0.0,0.0,580.449981689453,no_change,,0.0,0.0
SPX,2026-10-16,56,Call,8275.0,SPX261016C08275000,6.5,6.8,6.65,6.6,0.65,10.9244,578.0,2377.0,0.1083,0.0512,0.0003,3.4857,-0.2998,0.5818,6.667,6.55,7.19,6.55,5.95000004768372,no_change,2026-08-21T16:14:04,0.0,0.0
SPXW,2026-10-16,56,Call,8275.0,SPXW261016C08275000,6.8,7.1,6.949999999999999,6.9,0.65,10.4,11.0,23.0,0.1091,0.0528,0.0003,3.5701,-0.3084,0.5998,6.968,7.32,7.32,6.9,6.25,down,2026-08-21T16:13:52,0.0,0.0
SPX,2026-10-16,56,Put,8275.0,SPX261016P08275000,563.7,566.7,565.2,0.0,0.0,0.0,0.0,0.0,0.1088,-0.9488,0.0003,3.4857,-0.2998,-12.0287,566.2099,0.0,0.0,0.0,586.0,no_change,,0.0,0.0
SPXW,2026-10-16,56,Put,8275.0,SPXW261016P08275000,554.1,577.6,565.85,0.0,0.0,0.0,0.0,0.0,0.111,-0.9472,0.0003,3.5701,-0.3084,-12.0106,566.5232,0.0,0.0,0.0,585.350006103516,no_change,,0.0,0.0
SPX,2026-10-16,56,Call,8280.0,SPX261016C08280000,6.2,6.7,6.45,9.0,0.0,0.0,0.0,247.0,0.1084,0.0497,0.0003,3.4121,-0.2928,0.5651,6.4452,0.0,0.0,0.0,5.79999995231628,up,2026-08-19T15:55:00,0.0,0.0
SPXW,2026-10-16,56,Call,8280.0,SPXW261016C08280000,6.6,6.9,6.75,6.7,0.65,10.7438,36.0,26.0,0.1092,0.0513,0.0003,3.4961,-0.3014,0.5827,6.7392,7.05,7.7,6.7,6.04999995231628,down,2026-08-21T16:13:46,0.0,0.0
SPX,2026-10-16,56,Put,8280.0,SPX261016P08280000,568.5,571.5,570.0,498.8,0.0,0.0,0.0,2.0,0.1088,-0.9502,0.0003,3.4121,-0.2928,-12.053,570.9545,0.0,0.0,0.0,590.799987792969,down,2026-08-12T14:11:31,0.0,0.0
SPXW,2026-10-16,56,Put,8280.0,SPXW261016P08280000,558.8,582.4,570.5999999999999,0.0,0.0,0.0,0.0,0.0,0.1109,-0.9487,0.0003,3.4961,-0.3014,-12.0354,571.2608,0.0,0.0,0.0,590.049987792969,no_change,,0.0,0.0
SPX,2026-10-16,56,Call,8290.0,SPX261016C08290000,5.8,6.3,6.05,6.8,1.4,25.9259,12.0,216.0,0.1084,0.0469,0.0003,3.2687,-0.2794,0.5334,6.0248,6.28,6.8,6.28,5.39999985694885,up,2026-08-21T12:29:12,0.0,0.0
SPXW,2026-10-16,56,Call,8290.0,SPXW261016C08290000,6.2,6.4,6.300000000000001,6.55,0.9,15.9292,45.0,69.0,0.1094,0.0484,0.0003,3.3517,-0.2878,0.5503,6.3053,5.9,6.55,5.9,5.65000009536743,up,2026-08-21T16:09:14,0.0,0.0
SPX,2026-10-16,56,Put,8290.0,SPX261016P08290000,578.0,581.0,579.5,571.03,-29.27,-4.87589,11.0,0.0,0.109,-0.953,0.0003,3.2687,-0.2794,-12.1,580.4668,571.03,571.03,571.03,600.299987792969,down,2026-08-21T12:29:12,0.0,0.0
SPXW,2026-10-16,56,Put,8290.0,SPXW261016P08290000,568.3,591.9,580.0999999999999,0.0,0.0,0.0,0.0,0.0,0.111,-0.9516,0.0003,3.3517,-0.2878,-12.083,580.7596,0.0,0.0,0.0,599.649993896484,no_change,,0.0,0.0
SPX,2026-10-16,56,Call,8300.0,SPX261016C08300000,5.4,5.9,5.65,6.35,1.3,25.7426,768.0,9635.0,0.1085,0.0443,0.0003,3.1307,-0.2666,0.5036,5.6334,5.93,6.35,5.45,5.04999995231628,up,2026-08-21T12:30:47,0.0,0.0
SPXW,2026-10-16,56,Call,8300.0,SPXW261016C08300000,5.7,6.0,5.85,7.45,2.15,40.566,41.0,361.0,0.1095,0.0457,0.0003,3.2124,-0.2749,0.52,5.9011,5.95,7.45,5.95,5.29999995231628,up,2026-08-21T11:56:41,0.0,0.0
SPX,2026-10-16,56,Put,8300.0,SPX261016P08300000,587.7,590.4,589.05,0.0,0.0,0.0,0.0,0.0,0.1091,-0.9557,0.0003,3.1307,-0.2666,-12.145,590.0081,0.0,0.0,0.0,609.900024414062,no_change,,0.0,0.0
SPXW,2026-10-16,56,Put,8300.0,SPXW261016P08300000,577.7,598.8,588.25,0.0,0.0,0.0,0.0,0.0,0.1111,-0.9542,0.0003,3.2124,-0.2749,-12.1286,590.288,0.0,0.0,0.0,609.25,no_change,,0.0,0.0
SPX,2026-10-16,56,Call,8310.0,SPX261016C08310000,5.1,5.5,5.3,5.95,1.25,26.5957,3.0,551.0,0.1084,0.0418,0.0003,2.9984,-0.2544,0.4754,5.2693,5.15,5.95,5.1,4.70000004768372,up,2026-08-21T12:15:50,0.0,0.0
SPXW,2026-10-16,56,Call,8310.0,SPXW261016C08310000,5.4,5.7,5.550000000000001,9.63,0.0,0.0,0.0,15.0,0.1094,0.0432,0.0003,3.0786,-0.2625,0.4913,5.5246,0.0,0.0,0.0,4.95000004768372,down,2026-08-19T12:40:39,0.0,0.0
SPX,2026-10-16,56,Put,8310.0,SPX261016P08310000,597.1,600.1,598.6,592.33,-27.17,-4.3858,1.0,0.0,0.1091,-0.9582,0.0003,2.9984,-0.2544,-12.1885,599.5766,592.33,592.33,592.33,619.5,down,2026-08-21T12:15:50,0.0,0.0
SPXW,2026-10-16,56,Put,8310.0,SPXW261016P08310000,587.3,611.0,599.15,0.0,0.0,0.0,0.0,0.0,0.1114,-0.9568,0.0003,3.0786,-0.2625,-12.1724,599.8442,0.0,0.0,0.0,618.649993896484,no_change,,0.0,0.0
SPX,2026-10-16,56,Call,8320.0,SPX261016C08320000,4.7,5.2,4.95,5.6,1.2,27.2727,36.0,90.0,0.1086,0.0394,0.0003,2.8716,-0.2427,0.4484,4.931,5.6,5.6,5.6,4.39999985694885,no_change,2026-08-21T15:00:04,0.0,0.0
SPXW,2026-10-16,56,Call,8320.0,SPXW261016C08320000,5.0,5.3,5.15,9.05,0.0,0.0,0.0,44.0,0.1095,0.0408,0.0003,2.9503,-0.2506,0.464,5.1744,0.0,0.0,0.0,4.65000009536743,down,2026-08-19T12:40:39,0.0,0.0
SPX,2026-10-16,56,Put,8320.0,SPX261016P08320000,606.7,609.7,608.2,0.0,0.0,0.0,0.0,0.0,0.1091,-0.9605,0.0003,2.8716,-0.2427,-12.2307,609.171,0.0,0.0,0.0,629.150024414062,no_change,,0.0,0.0
SPXW,2026-10-16,56,Put,8320.0,SPXW261016P08320000,597.0,620.5,608.75,0.0,0.0,0.0,0.0,0.0,0.1116,-0.9592,0.0003,2.9503,-0.2506,-12.215,609.4266,0.0,0.0,0.0,628.199981689453,no_change,,0.0,0.0
SPX,2026-10-16,56,Call,8325.0,SPX261016C08325000,4.6,5.0,4.8,5.36,1.11,26.1176,594.0,939.0,0.1087,0.0383,0.0002,2.8102,-0.2371,0.4354,4.7711,4.66,6.0,4.5,4.25,up,2026-08-21T15:00:04,0.0,0.0
SPXW,2026-10-16,56,Call,8325.0,SPXW261016C08325000,4.9,5.1,5.0,5.32,0.82,18.2222,6.0,47.0,0.1095,0.0397,0.0003,2.8882,-0.2449,0.4508,5.0086,5.32,5.32,5.32,4.5,up,2026-08-21T14:13:51,0.0,0.0
SPX,2026-10-16,56,Put,8325.0,SPX261016P08325000,611.5,614.5,613.0,0.0,0.0,0.0,0.0,0.0,0.1091,-0.9616,0.0002,2.8102,-0.2371,-12.2513,613.9774,0.0,0.0,0.0,634.0,no_change,,0.0,0.0
SPXW,2026-10-16,56,Put,8325.0,SPXW261016P08325000,601.6,625.3,613.45,0.0,0.0,0.0,0.0,0.0,0.1117,-0.9603,0.0003,2.8882,-0.2449,-12.2358,614.2272,0.0,0.0,0.0,633.0,no_change,,0.0,0.0
SPX,2026-10-16,56,Call,8330.0,SPX261016C08330000,4.4,4.8,4.6,5.15,1.0,24.0964,12.0,188.0,0.1088,0.0372,0.0002,2.7501,-0.2316,0.4228,4.6171,4.78,5.15,4.78,4.15000009536743,up,2026-08-21T12:31:14,0.0,0.0
SPXW,2026-10-16,56,Call,8330.0,SPXW261016C08330000,4.7,5.0,4.85,5.7,0.0,0.0,0.0,46.0,0.1098,0.0386,0.0002,2.8274,-0.2394,0.438,4.8488,0.0,0.0,0.0,4.34999990463257,down,2026-08-20T10:21:32,0.0,0.0
SPX,2026-10-16,56,Put,8330.0,SPX261016P08330000,616.3,619.3,617.8,610.5,-28.25,-4.4227,11.0,0.0,0.1093,-0.9627,0.0002,2.7501,-0.2316,-12.2715,618.7898,610.5,610.5,610.5,638.75,down,2026-08-21T12:31:14,0.0,0.0
SPXW,2026-10-16,56,Put,8330.0,SPXW261016P08330000,606.6,630.2,618.4000000000001,0.0,0.0,0.0,0.0,0.0,0.1118,-0.9614,0.0002,2.8274,-0.2394,-12.2562,619.0338,0.0,0.0,0.0,637.950012207031,no_change,,0.0,0.0
SPX,2026-10-16,56,Call,8340.0,SPX261016C08340000,4.1,4.5,4.3,4.6,0.7,17.9487,1.0,169.0,0.1089,0.0352,0.0002,2.6335,-0.2211,0.3988,4.3259,4.6,4.6,4.6,3.89999997615814,down,2026-08-21T14:47:33,0.0,0.0
SPXW,2026-10-16,56,Call,8340.0,SPXW261016C08340000,4.4,4.7,4.550000000000001,13.57,0.0,0.0,0.0,32.0,0.1099,0.0364,0.0002,2.7096,-0.2286,0.4134,4.5466,0.0,0.0,0.0,4.09999990463257,down,2026-08-17T10:23:03,0.0,0.0
SPX,2026-10-16,56,Put,8340.0,SPX261016P08340000,625.9,629.0,627.45,0.0,0.0,0.0,0.0,0.0,0.1095,-0.9648,0.0002,2.6335,-0.2211,-12.3107,628.4313,0.0,0.0,0.0,648.5,no_change,,0.0,0.0
SPXW,2026-10-16,56,Put,8340.0,SPXW261016P08340000,616.2,639.8,628.0,0.0,0.0,0.0,0.0,0.0,0.1119,-0.9635,0.0002,2.7096,-0.2286,-12.296,628.6643,0.0,0.0,0.0,647.599975585938,no_change,,0.0,0.0
SPX,2026-10-16,56,Call,8350.0,SPX261016C08350000,3.9,4.3,4.1,4.3,0.65,17.8082,569.0,2800.0,0.1091,0.0332,0.0002,2.5218,-0.2111,0.3766,4.0559,3.81,4.7,3.81,3.64999997615814,no_change,2026-08-21T16:01:29,0.0,0.0
SPXW,2026-10-16,56,Call,8350.0,SPXW261016C08350000,4.1,4.4,4.25,4.8,1.0,26.3158,135.0,872.0,0.1102,0.0344,0.0002,2.5964,-0.2184,0.3905,4.2662,5.2,5.4,4.8,3.80000007152557,no_change,2026-08-21T15:25:02,0.0,0.0
SPX,2026-10-16,56,Put,8350.0,SPX261016P08350000,635.8,638.5,637.15,0.0,0.0,0.0,0.0,200.0,0.1096,-0.9668,0.0002,2.5218,-0.2111,-12.3481,638.0939,0.0,0.0,0.0,658.149993896484,no_change,,0.0,0.0
SPXW,2026-10-16,56,Put,8350.0,SPXW261016P08350000,625.8,649.4,637.5999999999999,0.0,0.0,0.0,0.0,0.0,0.1123,-0.9655,0.0002,2.5964,-0.2184,-12.3341,638.3165,0.0,0.0,0.0,657.299987792969,no_change,,0.0,0.0
SPX,2026-10-16,56,Call,8360.0,SPX261016C08360000,3.6,4.0,3.8,4.25,0.85,25.0,4.0,180.0,0.1092,0.0314,0.0002,2.4148,-0.2016,0.356,3.8053,4.25,4.25,4.25,3.39999997615814,down,2026-08-21T12:39:15,0.0,0.0
SPX,2026-10-16,56,Put,8360.0,SPX261016P08360000,645.2,648.4,646.8,639.87,-28.08,-4.20391,4.0,0.0,0.1096,-0.9686,0.0002,2.4148,-0.2016,-12.384,647.7761,639.87,639.87,639.87,667.950012207031,down,2026-08-21T12:39:15,0.0,0.0
SPX,2026-10-16,56,Call,8370.0,SPX261016C08370000,3.4,3.8,3.5999999999999996,4.05,0.85,26.5625,23.0,69.0,0.1093,0.0297,0.0002,2.3127,-0.1926,0.3367,3.5728,3.75,4.05,3.75,3.20000004768372,up,2026-08-21T12:13:34,0.0,0.0
SPX,2026-10-16,56,Put,8370.0,SPX261016P08370000,654.9,658.1,656.5,648.5,-29.15,-4.30163,23.0,0.0,0.1098,-0.9703,0.0002,2.3127,-0.1926,-12.4185,657.4762,655.56,655.56,648.5,677.650024414062,down,2026-08-21T12:13:34,0.0,0.0
SPX,2026-10-16,56,Call,8375.0,SPX261016C08375000,3.3,3.7,3.5,3.85,0.775,25.2033,96.0,491.0,0.1095,0.0289,0.0002,2.2634,-0.1882,0.3274,3.463,3.35,3.85,3.3,3.07500004768372,no_change,2026-08-21T12:27:27,0.0,0.0
SPXW,2026-10-16,56,Call,8375.0,SPXW261016C08375000,3.5,3.8,3.65,4.05,0.75,22.7273,20.0,139.0,0.1105,0.03,0.0002,2.3342,-0.1952,0.3401,3.6495,4.05,4.05,4.05,3.30000007152557,up,2026-08-21T12:33:39,0.0,0.0
SPX,2026-10-16,56,Put,8375.0,SPX261016P08375000,659.8,662.9,661.3499999999999,654.95,-27.6,-4.04366,3.0,0.0,0.1102,-0.9711,0.0002,2.2634,-0.1882,-12.4354,662.3327,654.95,654.95,654.95,682.549987792969,no_change,2026-08-21T12:27:27,0.0,0.0
SPXW,2026-10-16,56,Put,8375.0,SPXW261016P08375000,650.0,673.7,661.85,0.0,0.0,0.0,0.0,0.0,0.113,-0.97,0.0002,2.3342,-0.1952,-12.4226,662.5315,0.0,0.0,0.0,681.5,no_change,,0.0,0.0
SPX,2026-10-16,56,Call,8400.0,SPX261016C08400000,2.85,3.2,3.0250000000000004,2.8,0.35,13.2075,3.0,5710.0,0.1108,0.0252,0.0002,2.0347,-0.1683,0.2848,2.9722,2.8,2.8,2.8,2.64999997615814,up,2026-08-21T09:55:17,0.0,0.0
SPXW,2026-10-16,56,Call,8400.0,SPXW261016C08400000,3.0,3.2,3.1,3.55,0.725,25.6637,10.0,277.0,0.1109,0.0262,0.0002,2.1013,-0.1748,0.2966,3.1373,3.55,3.55,3.55,2.82500004768372,no_change,2026-08-21T15:25:02,0.0,0.0
SPX,2026-10-16,56,Put,8400.0,SPX261016P08400000,684.4,687.1,685.75,565.21,0.0,0.0,0.0,5.0,0.1111,-0.9748,0.0002,2.0347,-0.1683,-12.5161,686.6736,0.0,0.0,0.0,706.899993896484,down,2026-08-13T10:50:25,0.0,0.0
SPXW,2026-10-16,56,Put,8400.0,SPXW261016P08400000,674.2,694.8,684.5,884.23,0.0,0.0,0.0,1.0,0.1142,-0.9738,0.0002,2.1013,-0.1748,-12.5042,686.8511,0.0,0.0,0.0,705.650024414062,up,2026-07-20T16:03:00,0.0,0.0
SPX,2026-10-16,56,Call,8425.0,SPX261016C08425000,2.45,2.75,2.6,2.5,0.0,0.0,0.0,485.0,0.1107,0.022,0.0002,1.8328,-0.151,0.2487,2.567,0.0,0.0,0.0,2.30000007152557,no_change,2026-08-20T14:03:48,0.0,0.0
SPXW,2026-10-16,56,Call,8425.0,SPXW261016C08425000,2.65,2.8,2.7249999999999996,2.87,0.445,18.3505,121.0,78.0,0.1115,0.0229,0.0002,1.8954,-0.157,0.2592,2.7132,3.25,3.35,2.87,2.42499995231628,down,2026-08-21T13:59:27,0.0,0.0
SPX,2026-10-16,56,Put,8425.0,SPX261016P08425000,708.6,711.8,710.2,777.0,0.0,0.0,0.0,1.0,0.1114,-0.978,0.0002,1.8328,-0.151,-12.5902,711.1001,0.0,0.0,0.0,730.649993896484,up,2026-06-01T10:24:02,0.0,0.0
SPXW,2026-10-16,56,Put,8425.0,SPXW261016P08425000,698.8,722.4,710.5999999999999,0.0,0.0,0.0,0.0,0.0,0.1152,-0.977,0.0002,1.8954,-0.157,-12.5797,711.2587,0.0,0.0,0.0,730.299987792969,no_change,,0.0,0.0
SPX,2026-10-16,56,Call,8450.0,SPX261016C08450000,2.15,2.4,2.275,2.2,0.175,8.64197,18.0,3082.0,0.1113,0.0193,0.0001,1.6547,-0.1361,0.2187,2.2315,2.22,2.22,2.16,2.02500003576279,up,2026-08-21T10:05:43,0.0,0.0
SPXW,2026-10-16,56,Call,8450.0,SPXW261016C08450000,2.3,2.45,2.375,2.52,0.395,18.5882,22.0,296.0,0.1123,0.0202,0.0001,1.7133,-0.1416,0.2281,2.3614,2.6,2.6,2.52,2.125,down,2026-08-21T13:59:27,0.0,0.0
SPX,2026-10-16,56,Put,8450.0,SPX261016P08450000,733.3,736.1,734.7,946.89,0.0,0.0,0.0,5.0,0.1126,-0.9806,0.0001,1.6547,-0.1361,-12.6583,735.5963,0.0,0.0,0.0,755.75,down,2026-07-28T15:22:40,0.0,0.0
SPXW,2026-10-16,56,Put,8450.0,SPXW261016P08450000,723.2,746.9,735.05,0.0,0.0,0.0,0.0,0.0,0.1165,-0.9798,0.0001,1.7133,-0.1416,-12.6488,735.7386,0.0,0.0,0.0,754.800018310547,no_change,,0.0,0.0
SPX,2026-10-16,56,Call,8475.0,SPX261016C08475000,1.9,2.1,2.0,2.68,0.0,0.0,0.0,2951.0,0.1124,0.0171,0.0001,1.4984,-0.1231,0.1929,1.953,0.0,0.0,0.0,1.77499997615814,no_change,2026-08-19T16:02:43,0.0,0.0
SPX,2026-10-16,56,Put,8475.0,SPX261016P08475000,747.6,767.2,757.4000000000001,0.0,0.0,0.0,0.0,0.0,0.1144,-0.9829,0.0001,1.4984,-0.1231,-12.7221,760.1496,0.0,0.0,0.0,779.649993896484,no_change,,0.0,0.0
SPX,2026-10-16,56,Call,8500.0,SPX261016C08500000,1.65,1.85,1.75,1.9,0.325,20.6349,3216.0,5472.0,0.1137,0.0152,0.0001,1.3616,-0.112,0.1708,1.7218,1.7,2.06,1.6,1.57500004768372,no_change,2026-08-21T16:01:18,0.0,0.0
SPXW,2026-10-16,56,Call,8500.0,SPXW261016C08500000,1.8,1.9,1.85,1.74,0.09,5.45455,97.0,430.0,0.1145,0.0158,0.0001,1.4122,-0.1167,0.1787,1.8245,1.78,1.78,1.74,1.64999997615814,no_change,2026-08-21T09:47:56,0.0,0.0
SPX,2026-10-16,56,Put,8500.0,SPX261016P08500000,772.3,795.9,784.0999999999999,712.43,0.0,0.0,0.0,25.0,0.1156,-0.9848,0.0001,1.3616,-0.112,-12.7823,784.75,0.0,0.0,0.0,804.800018310547,no_change,2026-08-04T14:47:48,0.0,0.0
SPXW,2026-10-16,56,Put,8500.0,SPXW261016P08500000,772.2,792.8,782.5,779.57,0.0,0.0,0.0,10.0,0.119,-0.9841,0.0001,1.4122,-0.1167,-12.7744,784.865,0.0,0.0,0.0,804.099975585938,up,2026-08-20T12:20:32,0.0,0.0
SPX,2026-10-16,56,Call,8525.0,SPX261016C08525000,1.45,1.65,1.5499999999999998,1.95,0.525,36.8421,55.0,671.0,0.115,0.0135,0.0001,1.2416,-0.1023,0.1524,1.5288,1.55,2.0,1.46,1.42499995231628,down,2026-08-21T11:57:07,0.0,0.0
SPX,2026-10-16,56,Put,8525.0,SPX261016P08525000,796.8,816.1,806.45,0.0,0.0,0.0,0.0,0.0,0.1174,-0.9864,0.0001,1.2416,-0.1023,-12.8389,809.3888,0.0,0.0,0.0,829.399993896484,no_change,,0.0,0.0
SPX,2026-10-16,56,Call,8550.0,SPX261016C08550000,1.3,1.5,1.4,2.8,0.0,0.0,0.0,2218.0,0.116,0.0121,0.0001,1.1361,-0.0939,0.1368,1.3667,0.0,0.0,0.0,1.27499997615814,no_change,2026-08-17T15:57:58,0.0,0.0
SPXW,2026-10-16,56,Call,8550.0,SPXW261016C08550000,1.4,1.55,1.475,1.5,0.175,13.2075,2.0,167.0,0.1166,0.0127,0.0001,1.1797,-0.098,0.143,1.4488,1.5,1.5,1.5,1.32499998807907,down,2026-08-21T11:28:31,0.0,0.0
SPX,2026-10-16,56,Put,8550.0,SPX261016P08550000,821.5,841.1,831.3,0.0,0.0,0.0,0.0,0.0,0.1191,-0.9878,0.0001,1.1361,-0.0939,-12.8925,834.0584,0.0,0.0,0.0,853.75,no_change,,0.0,0.0
SPXW,2026-10-16,56,Put,8550.0,SPXW261016P08550000,821.5,845.3,833.4,0.0,0.0,0.0,0.0,0.0,0.1222,-0.9873,0.0001,1.1797,-0.098,-12.8862,834.1527,0.0,0.0,0.0,853.200012207031,no_change,,0.0,0.0
SPX,2026-10-16,56,Call,8575.0,SPX261016C08575000,1.2,1.35,1.275,1.35,0.2,17.3913,200.0,763.0,0.1175,0.011,0.0001,1.0433,-0.0866,0.1232,1.2298,1.35,1.35,1.35,1.14999997615814,no_change,2026-08-21T12:51:57,0.0,0.0
SPX,2026-10-16,56,Put,8575.0,SPX261016P08575000,846.2,865.4,855.8,987.5,0.0,0.0,0.0,6.0,0.1207,-0.989,0.0001,1.0433,-0.0866,-12.9442,858.7531,0.0,0.0,0.0,878.399993896484,down,2026-06-18T16:00:14,0.0,0.0
SPX,2026-10-16,56,Call,8600.0,SPX261016C08600000,1.1,1.2,1.15,1.33,0.28,26.6667,20.0,4367.0,0.1184,0.0099,0.0001,0.9614,-0.0803,0.1114,1.1136,1.1,1.33,1.1,1.04999998211861,up,2026-08-21T11:51:06,0.0,0.0
SPXW,2026-10-16,56,Call,8600.0,SPXW261016C08600000,1.1,1.3,1.2000000000000002,1.15,0.0,0.0,0.0,350.0,0.1194,0.0104,0.0001,0.9986,-0.0838,0.1167,1.1797,0.0,0.0,0.0,1.07499998807907,no_change,2026-08-20T14:48:15,0.0,0.0
SPX,2026-10-16,56,Put,8600.0,SPX261016P08600000,870.9,894.3,882.5999999999999,807.08,0.0,0.0,0.0,23.0,0.1222,-0.99,0.0001,0.9614,-0.0803,-12.994,883.4686,0.0,0.0,0.0,904.050018310547,no_change,2026-08-04T14:47:48,0.0,0.0
SPXW,2026-10-16,56,Put,8600.0,SPXW261016P08600000,870.9,891.4,881.15,0.0,0.0,0.0,0.0,0.0,0.1267,-0.9896,0.0001,0.9986,-0.0838,-12.9887,883.5471,0.0,0.0,0.0,902.850006103516,no_change,,0.0,0.0
SPX,2026-10-16,56,Call,8625.0,SPX261016C08625000,0.95,1.1,1.025,0.97,0.0,0.0,0.0,1292.0,0.1201,0.009,0.0001,0.889,-0.0747,0.1013,1.0143,0.0,0.0,0.0,0.975000023841858,down,2026-08-20T15:34:36,0.0,0.0
SPX,2026-10-16,56,Put,8625.0,SPX261016P08625000,895.7,916.5,906.1,0.0,0.0,0.0,0.0,0.0,0.1235,-0.9909,0.0001,0.889,-0.0747,-13.0422,908.2011,0.0,0.0,0.0,928.149993896484,no_change,,0.0,0.0
SPX,2026-10-16,56,Call,8650.0,SPX261016C08650000,0.9,1.05,0.9750000000000001,1.15,0.25,27.7778,181.0,3090.0,0.121,0.0083,0.0001,0.8246,-0.0698,0.0926,0.9289,0.95,1.15,0.95,0.900000005960464,no_change,2026-08-21T15:30:11,0.0,0.0
SPXW,2026-10-16,56,Call,8650.0,SPXW261016C08650000,0.9,1.1,1.0,1.92,0.0,0.0,0.0,48.0,0.1222,0.0086,0.0001,0.8561,-0.0728,0.0968,0.9824,0.0,0.0,0.0,0.875,down,2026-08-17T14:43:34,0.0,0.0
SPX,2026-10-16,56,Put,8650.0,SPX261016P08650000,920.4,941.0,930.7,923.63,-29.47,-3.09201,2.0,0.0,0.1259,-0.9917,0.0001,0.8246,-0.0698,-13.089,932.9474,923.63,923.63,923.63,953.099975585938,down,2026-08-21T12:39:54,0.0,0.0
SPXW,2026-10-16,56,Put,8650.0,SPXW261016P08650000,921.8,944.1,932.95,0.0,0.0,0.0,0.0,0.0,0.1299,-0.9913,0.0001,0.8565,-0.0728,-13.0847,933.0137,0.0,0.0,0.0,951.800018310547,no_change,,0.0,0.0
SPX,2026-10-16,56,Call,8675.0,SPX261016C08675000,0.8,0.95,0.875,0.98,0.155,18.7879,522.0,1900.0,0.1224,0.0076,0.0001,0.7672,-0.0655,0.0851,0.8548,0.85,1.1,0.85,0.824999988079071,down,2026-08-21T15:37:02,0.0,0.0
SPX,2026-10-16,56,Put,8675.0,SPX261016P08675000,945.2,965.1,955.1500000000001,0.0,0.0,0.0,0.0,0.0,0.1269,-0.9924,0.0001,0.7672,-0.0655,-13.1346,957.705,0.0,0.0,0.0,977.649993896484,no_change,,0.0,0.0
SPX,2026-10-16,56,Call,8700.0,SPX261016C08700000,0.75,0.9,0.825,0.95,0.2,26.6667,20.0,3050.0,0.1238,0.007,0.0,0.7157,-0.0616,0.0784,0.7901,0.95,0.95,0.95,0.75,up,2026-08-21T11:59:00,0.0,0.0
SPXW,2026-10-16,56,Call,8700.0,SPXW261016C08700000,0.75,0.95,0.85,0.95,0.175,22.5806,4.0,88.0,0.1252,0.0073,0.0,0.7427,-0.0642,0.0819,0.8344,0.97,0.97,0.95,0.775000005960464,no_change,2026-08-21T15:48:00,0.0,0.0
SPX,2026-10-16,56,Put,8700.0,SPX261016P08700000,969.9,993.6,981.75,1027.17,0.0,0.0,0.0,1.0,0.1292,-0.993,0.0,0.7157,-0.0616,-13.1793,982.472,0.0,0.0,0.0,1002.0,down,2026-05-29T13:49:17,0.0,0.0
SPXW,2026-10-16,56,Put,8700.0,SPXW261016P08700000,969.9,990.4,980.15,0.0,0.0,0.0,0.0,0.0,0.1348,-0.9927,0.0,0.743,-0.0642,-13.1757,982.5289,0.0,0.0,0.0,1001.85000610352,no_change,,0.0,0.0
SPX,2026-10-16,56,Call,8725.0,SPX261016C08725000,0.65,0.85,0.75,0.95,0.0,0.0,0.0,1230.0,0.1259,0.0065,0.0,0.6693,-0.0582,0.0724,0.7333,0.0,0.0,0.0,0.700000017881394,down,2026-08-19T14:17:54,0.0,0.0
SPX,2026-10-16,56,Put,8725.0,SPX261016P08725000,994.7,1014.3,1004.5,0.0,0.0,0.0,0.0,0.0,0.1314,-0.9935,0.0,0.6693,-0.0582,-13.2234,1007.2469,0.0,0.0,0.0,1026.54998779297,no_change,,0.0,0.0
SPX,2026-10-16,56,Call,8750.0,SPX261016C08750000,0.6,0.8,0.7,0.72,0.07,10.7692,13.0,1942.0,0.1275,0.006,0.0,0.6275,-0.055,0.067,0.6832,0.72,0.72,0.72,0.650000005960464,down,2026-08-21T11:16:45,0.0,0.0
SPXW,2026-10-16,56,Call,8750.0,SPXW261016C08750000,0.65,0.8,0.7250000000000001,1.2,0.0,0.0,0.0,109.0,0.1277,0.0063,0.0,0.6508,-0.0572,0.07,0.7202,0.0,0.0,0.0,0.650000005960464,down,2026-08-17T15:28:46,0.0,0.0
SPX,2026-10-16,56,Put,8750.0,SPX261016P08750000,1019.5,1039.1,1029.3,1029.33,-22.67,-2.15494,13.0,0.0,0.132,-0.994,0.0,0.6275,-0.055,-13.2668,1032.0285,1029.33,1029.33,1029.33,1052.0,down,2026-08-21T11:16:45,0.0,0.0
SPXW,2026-10-16,56,Put,8750.0,SPXW261016P08750000,1019.5,1040.3,1029.9,0.0,0.0,0.0,0.0,0.0,0.1384,-0.9937,0.0,0.6511,-0.0572,-13.2637,1032.0781,0.0,0.0,0.0,1051.10003662109,no_change,,0.0,0.0
SPX,2026-10-16,56,Call,8775.0,SPX261016C08775000,0.5,0.8,0.65,0.7,0.125,21.7391,10.0,14.0,0.1284,0.0056,0.0,0.5893,-0.0522,0.0623,0.6382,0.7,0.7,0.7,0.574999988079071,up,2026-08-21T12:46:58,0.0,0.0
SPX,2026-10-16,56,Put,8775.0,SPX261016P08775000,1044.3,1063.8,1054.05,1049.01,-27.24,-2.53101,10.0,0.0,0.1341,-0.9944,0.0,0.5897,-0.0522,-13.3096,1056.8158,1049.01,1049.01,1049.01,1076.25,down,2026-08-21T12:46:58,0.0,0.0
SPX,2026-10-16,56,Call,8800.0,SPX261016C08800000,0.5,0.75,0.625,0.68,0.0,0.0,0.0,5204.0,0.1298,0.0052,0.0,0.5549,-0.0496,0.0581,0.5986,0.0,0.0,0.0,0.549999982118607,no_change,2026-08-19T16:02:43,0.0,0.0
SPXW,2026-10-16,56,Call,8800.0,SPXW261016C08800000,0.55,0.7,0.625,0.65,0.0,0.0,0.0,367.0,0.1306,0.0054,0.0,0.5755,-0.0516,0.0606,0.6303,0.0,0.0,0.0,0.574999988079071,down,2026-08-20T14:48:58,0.0,0.0
SPX,2026-10-16,56,Put,8800.0,SPX261016P08800000,1069.1,1092.6,1080.85,1172.13,0.0,0.0,0.0,1.0,0.1362,-0.9948,0.0,0.5554,-0.0497,-13.3518,1081.6078,0.0,0.0,0.0,1100.95001220703,down,2026-05-26T15:54:32,0.0,0.0
SPXW,2026-10-16,56,Put,8800.0,SPXW261016P08800000,1069.0,1089.7,1079.35,1076.75,-24.3,-2.20698,2.0,0.0,0.143,-0.9945,0.0,0.5757,-0.0516,-13.3493,1081.6516,1076.75,1076.75,1076.75,1101.04998779297,down,2026-08-21T15:19:28,0.0,0.0
SPX,2026-10-16,56,Call,8850.0,SPX261016C08850000,0.4,0.65,0.525,0.5,0.025,5.26316,1.0,201.0,0.1334,0.0046,0.0,0.495,-0.0452,0.051,0.531,0.5,0.5,0.5,0.475000008940697,down,2026-08-21T10:57:06,0.0,0.0
SPXW,2026-10-16,56,Call,8850.0,SPXW261016C08850000,0.45,0.65,0.55,0.67,0.0,0.0,0.0,75.0,0.1344,0.0048,0.0,0.5129,-0.0469,0.0531,0.558,0.0,0.0,0.0,0.525000005960464,down,2026-08-18T09:42:13,0.0,0.0
SPX,2026-10-16,56,Put,8850.0,SPX261016P08850000,1118.7,1139.6,1129.15,0.0,0.0,0.0,0.0,0.0,0.1401,-0.9954,0.0,0.4953,-0.0452,-13.4351,1131.2035,0.0,0.0,0.0,1150.59997558594,no_change,,0.0,0.0
SPXW,2026-10-16,56,Put,8850.0,SPXW261016P08850000,1118.6,1138.6,1128.6,0.0,0.0,0.0,0.0,0.0,0.1475,-0.9952,0.0,0.513,-0.0469,-13.4329,1131.2426,0.0,0.0,0.0,1149.75,no_change,,0.0,0.0
SPX,2026-10-16,56,Call,8900.0,SPX261016C08900000,0.35,0.6,0.475,0.4,-0.025,-5.88236,1.0,2615.0,0.1369,0.004,0.0,0.4444,-0.0415,0.0451,0.4754,0.4,0.4,0.4,0.425000011920929,down,2026-08-21T10:15:32,0.0,0.0
SPXW,2026-10-16,56,Call,8900.0,SPXW261016C08900000,0.4,0.6,0.5,0.6,0.125,26.3158,1.0,205.0,0.1365,0.0042,0.0,0.46,-0.043,0.0469,0.4986,0.6,0.6,0.6,0.475000008940697,down,2026-08-21T15:20:25,0.0,0.0
SPX,2026-10-16,56,Put,8900.0,SPX261016P08900000,1168.3,1191.7,1180.0,0.0,0.0,0.0,0.0,0.0,0.1439,-0.9959,0.0,0.4447,-0.0415,-13.5171,1180.8113,0.0,0.0,0.0,1200.69995117188,no_change,,0.0,0.0
SPXW,2026-10-16,56,Put,8900.0,SPXW261016P08900000,1168.2,1188.2,1178.2,1437.62,0.0,0.0,0.0,2.0,0.1519,-0.9958,0.0,0.4602,-0.043,-13.5152,1180.8466,0.0,0.0,0.0,1200.04998779297,up,2026-07-27T14:40:32,0.0,0.0
SPX,2026-10-16,56,Call,9000.0,SPX261016C09000000,0.25,0.5,0.375,0.75,0.0,0.0,0.0,2196.0,0.143,0.0032,0.0,0.3647,-0.0355,0.036,0.3904,0.0,0.0,0.0,0.349999994039536,no_change,2026-08-14T16:07:49,0.0,0.0
SPXW,2026-10-16,56,Call,9000.0,SPXW261016C09000000,0.3,0.5,0.4,0.4,0.0,0.0,0.0,52.0,0.1435,0.0034,0.0,0.3765,-0.0367,0.0373,0.4076,0.0,0.0,0.0,0.375,no_change,2026-08-20T15:14:46,0.0,0.0
SPX,2026-10-16,56,Put,9000.0,SPX261016P09000000,1267.5,1291.5,1279.5,1419.74,0.0,0.0,0.0,6.0,0.1532,-0.9967,0.0,0.3647,-0.0355,-13.6786,1280.0528,0.0,0.0,0.0,1299.55004882812,down,2026-06-22T12:34:29,0.0,0.0
SPXW,2026-10-16,56,Put,9000.0,SPXW261016P09000000,1267.5,1288.0,1277.75,1274.82,-24.28,-1.86899,2.0,0.0,0.1617,-0.9966,0.0,0.3766,-0.0367,-13.6772,1280.0823,1274.82,1274.82,1274.82,1299.10003662109,down,2026-08-21T15:19:28,0.0,0.0
SPX,2026-10-16,56,Call,9100.0,SPX261016C09100000,0.2,0.4,0.30000000000000004,0.4,0.0,0.0,0.0,5814.0,0.149,0.0027,0.0,0.3041,-0.0309,0.0294,0.3275,0.0,0.0,0.0,0.300000004470348,no_change,2026-08-18T10:36:12,0.0,0.0
SPXW,2026-10-16,56,Call,9100.0,SPXW261016C09100000,0.25,0.4,0.325,0.32,0.0,0.0,0.0,54.0,0.1497,0.0028,0.0,0.3137,-0.0319,0.0304,0.3411,0.0,0.0,0.0,0.325000002980232,down,2026-08-20T14:05:46,0.0,0.0
SPX,2026-10-16,56,Put,9100.0,SPX261016P09100000,1366.8,1386.0,1376.4,0.0,0.0,0.0,0.0,0.0,0.1622,-0.9973,0.0,0.3045,-0.031,-13.8374,1379.3171,0.0,0.0,0.0,1398.90002441406,no_change,,0.0,0.0
SPXW,2026-10-16,56,Put,9100.0,SPXW261016P09100000,1368.0,1390.8,1379.4,1291.46,0.0,0.0,0.0,0.0,0.1714,-0.9972,0.0,0.3138,-0.0319,-13.8363,1379.3426,0.0,0.0,0.0,1398.75,down,2026-08-12T14:32:55,0.0,0.0
SPX,2026-10-16,56,Call,9200.0,SPX261016C09200000,0.15,0.35,0.25,0.55,0.0,0.0,0.0,3890.0,0.1553,0.0022,0.0,0.2575,-0.0273,0.0244,0.2797,0.0,0.0,0.0,0.25,no_change,2026-08-13T10:59:19,0.0,0.0
SPXW,2026-10-16,56,Call,9200.0,SPXW261016C09200000,0.2,0.35,0.275,0.25,0.0,0.0,0.0,70.0,0.1562,0.0023,0.0,0.2646,-0.028,0.0252,0.2897,0.0,0.0,0.0,0.274999998509884,no_change,2026-08-18T09:36:42,0.0,0.0
SPX,2026-10-16,56,Put,9200.0,SPX261016P09200000,1466.1,1489.6,1477.85,1644.79,0.0,0.0,0.0,8.0,0.1709,-0.9978,0.0,0.2578,-0.0273,-13.9946,1478.596,0.0,0.0,0.0,1498.05004882812,no_change,2026-07-20T10:28:31,0.0,0.0
SPXW,2026-10-16,56,Put,9200.0,SPXW261016P09200000,1466.1,1487.0,1476.55,0.0,0.0,0.0,0.0,0.0,0.1808,-0.9977,0.0,0.265,-0.028,-13.9938,1478.6185,0.0,0.0,0.0,1497.40002441406,no_change,,0.0,0.0
SPX,2026-10-16,56,Call,9300.0,SPX261016C09300000,0.1,0.35,0.22499999999999998,0.47,0.0,0.0,0.0,51.0,0.1638,0.0019,0.0,0.2204,-0.0243,0.0205,0.2419,0.0,0.0,0.0,0.200000006705523,down,2026-08-14T11:39:50,0.0,0.0
SPXW,2026-10-16,56,Call,9300.0,SPXW261016C09300000,0.15,0.35,0.25,0.22,0.0,0.0,0.0,16.0,0.162,0.0019,0.0,0.2262,-0.0249,0.0211,0.25,0.0,0.0,0.0,0.250000007450581,up,2026-08-20T14:05:46,0.0,0.0
SPX,2026-10-16,56,Put,9300.0,SPX261016P09300000,1565.5,1586.1,1575.8,0.0,0.0,0.0,0.0,0.0,0.1795,-0.9981,0.0,0.2206,-0.0243,-14.1508,1577.885,0.0,0.0,0.0,1597.45001220703,no_change,,0.0,0.0
SPXW,2026-10-16,56,Put,9300.0,SPXW261016P09300000,1565.5,1585.7,1575.6,0.0,0.0,0.0,0.0,0.0,0.19,-0.998,0.0,0.2263,-0.0249,-14.1501,1577.9052,0.0,0.0,0.0,1597.29998779297,no_change,,0.0,0.0
SPX,2026-10-16,56,Call,9400.0,SPX261016C09400000,0.1,0.3,0.2,0.15,0.0,0.0,0.0,273.0,0.169,0.0016,0.0,0.1901,-0.0218,0.0175,0.2111,0.0,0.0,0.0,0.200000006705523,down,2026-08-18T09:30:02,0.0,0.0
SPXW,2026-10-16,56,Call,9400.0,SPXW261016C09400000,0.15,0.3,0.22499999999999998,0.15,0.0,0.0,0.0,28.0,0.1686,0.0016,0.0,0.1947,-0.0222,0.0179,0.2174,0.0,0.0,0.0,0.225000008940697,down,2026-08-18T09:30:14,0.0,0.0
SPX,2026-10-16,56,Put,9400.0,SPX261016P09400000,1664.8,1688.7,1676.75,1811.62,0.0,0.0,0.0,81.0,0.1878,-0.9984,0.0,0.1903,-0.0218,-14.3061,1677.1809,0.0,0.0,0.0,1696.54998779297,up,2026-06-17T15:04:53,0.0,0.0
SPXW,2026-10-16,56,Put,9400.0,SPXW261016P09400000,1664.8,1685.2,1675.0,0.0,0.0,0.0,0.0,0.0,0.1989,-0.9983,0.0,0.1948,-0.0222,-14.3056,1677.1994,0.0,0.0,0.0,1695.95001220703,no_change,,0.0,0.0
SPX,2026-10-16,56,Call,9500.0,SPX261016C09500000,0.05,0.3,0.175,1.25,0.0,0.0,0.0,1.0,0.1772,0.0014,0.0,0.1651,-0.0196,0.015,0.1853,0.0,0.0,0.0,0.150000000372529,up,2026-08-05T09:53:47,0.0,0.0
SPXW,2026-10-16,56,Call,9500.0,SPXW261016C09500000,0.1,0.3,0.2,0.0,0.0,0.0,0.0,0.0,0.1748,0.0014,0.0,0.169,-0.02,0.0154,0.1907,0.0,0.0,0.0,0.175000000745058,no_change,,0.0,0.0
SPX,2026-10-16,56,Put,9500.0,SPX261016P09500000,1764.1,1788.1,1776.1,0.0,0.0,0.0,0.0,0.0,0.1989,-0.9986,0.0,0.1653,-0.0196,-14.4609,1776.4819,0.0,0.0,0.0,1795.90002441406,no_change,,0.0,0.0
SPXW,2026-10-16,56,Put,9500.0,SPXW261016P09500000,1764.1,1784.9,1774.5,0.0,0.0,0.0,0.0,0.0,0.2077,-0.9986,0.0,0.1688,-0.02,-14.4605,1776.499,0.0,0.0,0.0,1795.70001220703,no_change,,0.0,0.0
SPX,2026-10-16,56,Call,9600.0,SPX261016C09600000,0.05,0.3,0.175,0.15,0.0,0.0,0.0,927.0,0.1832,0.0012,0.0,0.1441,-0.0177,0.0129,0.1634,0.0,0.0,0.0,0.150000000372529,no_change,2026-08-18T09:30:17,0.0,0.0
SPXW,2026-10-16,56,Call,9600.0,SPXW261016C09600000,0.1,0.25,0.175,0.35,0.0,0.0,0.0,43.0,0.1828,0.0012,0.0,0.1474,-0.018,0.0132,0.168,0.0,0.0,0.0,0.175000000745058,up,2026-08-10T15:50:57,0.0,0.0
SPX,2026-10-16,56,Put,9600.0,SPX261016P09600000,1863.5,1887.3,1875.4,0.0,0.0,0.0,0.0,0.0,0.2069,-0.9988,0.0,0.1443,-0.0177,-14.6152,1875.7869,0.0,0.0,0.0,1895.04998779297,no_change,,0.0,0.0
SPXW,2026-10-16,56,Put,9600.0,SPXW261016P09600000,1863.5,1883.1,1873.3,0.0,0.0,0.0,0.0,0.0,0.2184,-0.9988,0.0,0.1471,-0.018,-14.6149,1875.8029,0.0,0.0,0.0,1894.54998779297,no_change,,0.0,0.0
SPX,2026-10-16,56,Call,9800.0,SPX261016C09800000,0.05,0.25,0.15,0.15,0.0,0.0,0.0,343.0,0.1964,0.0009,0.0,0.1112,-0.0146,0.0098,0.1286,0.0,0.0,0.0,0.125000001862645,no_change,2026-08-19T09:30:13,0.0,0.0
SPXW,2026-10-16,56,Call,9800.0,SPXW261016C09800000,0.05,0.25,0.15,0.1,0.0,0.0,0.0,53.0,0.1932,0.0009,0.0,0.1136,-0.0148,0.01,0.1318,0.0,0.0,0.0,0.125000001862645,down,2026-08-18T10:00:17,0.0,0.0
SPX,2026-10-16,56,Put,9800.0,SPX261016P09800000,2062.1,2082.9,2072.5,0.0,0.0,0.0,0.0,0.0,0.2256,-0.9991,0.0,0.1114,-0.0146,-14.923,2074.4057,0.0,0.0,0.0,2094.75,no_change,,0.0,0.0
SPXW,2026-10-16,56,Put,9800.0,SPXW261016P09800000,2062.1,2081.9,2072.0,2163.11,0.0,0.0,0.0,1.0,0.2374,-0.9991,0.0,0.1131,-0.0147,-14.9227,2074.4202,0.0,0.0,0.0,2093.15002441406,down,2026-08-03T10:35:31,0.0,0.0
SPX,2026-10-16,56,Call,10000.0,SPX261016C10000000,0.0,0.25,0.125,0.12,0.02,20.0,11.0,349.0,0.2085,0.0007,0.0,0.0868,-0.012,0.0075,0.102,0.12,0.12,0.12,0.100000001490116,no_change,2026-08-21T12:07:10,0.0,0.0
SPXW,2026-10-16,56,Call,10000.0,SPXW261016C10000000,0.1,0.2,0.15000000000000002,0.19,0.0,0.0,0.0,292.0,0.208,0.0007,0.0,0.088,-0.0121,0.0076,0.1035,0.0,0.0,0.0,0.150000002235174,up,2026-08-19T13:36:52,0.0,0.0
SPX,2026-10-16,56,Put,10000.0,SPX261016P10000000,2260.8,2281.6,2271.2,2263.11,-29.9399,-1.30568,12.0,22.0,0.244,-0.9993,0.0,0.087,-0.012,-15.2298,2273.0328,2259.0,2263.11,2259.0,2293.04992675781,up,2026-08-21T12:07:10,0.0,0.0
SPXW,2026-10-16,56,Put,10000.0,SPXW261016P10000000,2260.8,2284.2,2272.5,0.0,0.0,0.0,0.0,2.0,0.2537,-0.9993,0.0,0.0881,-0.0121,-15.2296,2273.0463,0.0,0.0,0.0,2291.75,no_change,,0.0,0.0
SPX,2026-10-16,56,Call,10200.0,SPX261016C10200000,0.0,0.2,0.1,0.1,0.0,0.0,0.0,318.0,0.223,0.0005,0.0,0.0684,-0.01,0.0058,0.0815,0.0,0.0,0.0,0.100000001490116,no_change,2026-08-06T11:54:45,0.0,0.0
SPXW,2026-10-16,56,Call,10200.0,SPXW261016C10200000,0.0,0.2,0.1,0.09,0.0,0.0,0.0,15.0,0.2188,0.0005,0.0,0.0692,-0.01,0.0058,0.0824,0.0,0.0,0.0,0.0750000029802322,down,2026-08-19T13:36:52,0.0,0.0
SPX,2026-10-16,56,Put,10200.0,SPX261016P10200000,2459.5,2483.5,2471.5,2597.32,0.0,0.0,0.0,1.0,0.2619,-0.9994,0.0,0.0686,-0.01,-15.5361,2471.6659,0.0,0.0,0.0,2491.64990234375,up,2026-06-17T15:16:11,0.0,0.0
SPXW,2026-10-16,56,Put,10200.0,SPXW261016P10200000,2459.5,2483.4,2471.45,2799.08,0.0,0.0,0.0,8.0,0.2718,-0.9994,0.0,0.0692,-0.01,-15.5359,2471.6788,0.0,0.0,0.0,2491.05004882812,up,2026-07-29T15:55:46,0.0,0.0
SPX,2026-10-16,56,Call,10400.0,SPX261016C10400000,0.0,0.2,0.1,0.1,0.0,-3.35276e-06,318.0,682.0,0.2371,0.0004,0.0,0.0542,-0.0082,0.0045,0.0653,0.05,0.11,0.05,0.100000003352761,no_change,2026-08-21T15:44:13,0.0,0.0
SPXW,2026-10-16,56,Call,10400.0,SPXW261016C10400000,0.0,0.15,0.075,0.1,0.0,0.0,0.0,3.0,0.2327,0.0004,0.0,0.0552,-0.0084,0.0046,0.0666,0.0,0.0,0.0,0.0750000029802322,down,2026-08-11T14:37:04,0.0,0.0
SPX,2026-10-16,56,Put,10400.0,SPX261016P10400000,2658.2,2682.2,2670.2,0.0,0.0,0.0,0.0,0.0,0.2762,-0.9996,0.0,0.0544,-0.0083,-15.8419,2670.3033,0.0,0.0,0.0,2691.25,no_change,,0.0,0.0
SPXW,2026-10-16,56,Put,10400.0,SPXW261016P10400000,2658.2,2682.1,2670.1499999999996,0.0,0.0,0.0,0.0,0.0,0.2895,-0.9996,0.0,0.0547,-0.0083,-15.8418,2670.3158,0.0,0.0,0.0,2689.90002441406,no_change,,0.0,0.0
SPX,2026-10-16,56,Call,10600.0,SPX261016C10600000,0.0,0.15,0.075,0.1,0.0,-3.35276e-06,32.0,183.0,0.2418,0.0003,0.0,0.0432,-0.0068,0.0035,0.0524,0.12,0.12,0.1,0.100000003352761,down,2026-08-21T15:49:15,0.0,0.0
SPXW,2026-10-16,56,Call,10600.0,SPXW261016C10600000,0.0,0.15,0.075,0.0,0.0,0.0,0.0,0.0,0.2462,0.0003,0.0,0.044,-0.0069,0.0036,0.0534,0.0,0.0,0.0,0.0750000029802322,no_change,,0.0,0.0
SPX,2026-10-16,56,Put,10600.0,SPX261016P10600000,2856.9,2880.9,2868.9,0.0,0.0,0.0,0.0,0.0,0.2934,-0.9996,0.0,0.0434,-0.0069,-16.1474,2868.9441,0.0,0.0,0.0,2889.44995117188,no_change,,0.0,0.0
SPXW,2026-10-16,56,Put,10600.0,SPXW261016P10600000,2856.9,2880.8,2868.8500000000004,2779.36,0.0,0.0,0.0,0.0,0.3068,-0.9996,0.0,0.0436,-0.0068,-16.1473,2868.9564,0.0,0.0,0.0,2888.40002441406,down,2026-08-12T14:32:55,0.0,0.0
SPX,2026-10-16,56,Call,10800.0,SPX261016C10800000,0.0,0.15,0.075,0.05,0.0,0.0,0.0,125.0,0.2601,0.0003,0.0,0.0346,-0.0057,0.0028,0.0422,0.0,0.0,0.0,0.0750000029802322,down,2026-08-18T11:40:58,0.0,0.0
SPXW,2026-10-16,56,Call,10800.0,SPXW261016C10800000,0.0,0.15,0.075,0.1,0.0,0.0,0.0,1.0,0.2594,0.0003,0.0,0.0352,-0.0058,0.0028,0.043,0.0,0.0,0.0,0.0500000007450581,no_change,2026-08-06T09:57:50,0.0,0.0
SPX,2026-10-16,56,Put,10800.0,SPX261016P10800000,3055.6,3079.5,3067.55,3764.59,0.0,0.0,0.0,0.0,0.3104,-0.9997,0.0,0.0348,-0.0057,-16.4527,3067.5875,0.0,0.0,0.0,3088.64990234375,down,2026-04-13T13:34:00,0.0,0.0
SPXW,2026-10-16,56,Put,10800.0,SPXW261016P10800000,3055.5,3079.5,3067.5,0.0,0.0,0.0,0.0,0.0,0.3238,-0.9997,0.0,0.0348,-0.0057,-16.4526,3067.5996,0.0,0.0,0.0,3087.0,no_change,,0.0,0.0
SPX,2026-10-16,56,Call,11000.0,SPX261016C11000000,0.0,0.15,0.075,0.1,0.025,33.3333,45.0,158.0,0.2676,0.0002,0.0,0.0277,-0.0047,0.0022,0.034,0.1,0.1,0.1,0.0750000011175871,no_change,2026-08-21T10:18:40,0.0,0.0
SPX,2026-10-16,56,Put,11000.0,SPX261016P11000000,3254.3,3278.2,3266.25,3183.97,0.0,0.0,0.0,42.0,0.327,-0.9998,0.0,0.0279,-0.0048,-16.7579,3266.2329,0.0,0.0,0.0,3286.65002441406,up,2026-08-05T13:17:23,0.0,0.0
SPX,2026-10-16,56,Call,11200.0,SPX261016C11200000,0.0,0.15,0.075,0.05,0.0,-1.49012e-06,79.0,565.0,0.28,0.0002,0.0,0.0225,-0.004,0.0017,0.0277,0.1,0.1,0.05,0.0500000007450581,no_change,2026-08-21T14:58:57,0.0,0.0
SPX,2026-10-16,56,Put,11200.0,SPX261016P11200000,3453.0,3476.9,3464.95,3533.15,0.0,0.0,0.0,28.0,0.3433,-0.9998,0.0,0.0225,-0.004,-17.0629,3464.8799,0.0,0.0,0.0,3486.29992675781,down,2026-07-15T11:37:23,0.0,0.0
SPX,2026-10-16,56,Call,11400.0,SPX261016C11400000,0.05,0.1,0.07500000000000001,0.1,0.05,100.0,87.0,2128.0,0.2922,0.0001,0.0,0.0182,-0.0033,0.0014,0.0224,0.1,0.1,0.1,0.0500000007450581,no_change,2026-08-21T16:14:33,0.0,0.0
SPX,2026-10-16,56,Put,11400.0,SPX261016P11400000,3651.7,3675.6,3663.6499999999996,3828.23,0.0,0.0,0.0,160.0,0.3594,-0.9998,0.0,0.0182,-0.0033,-17.3678,3663.5282,0.0,0.0,0.0,3684.70007324219,down,2026-06-29T16:11:47,0.0,0.0
SPX,2026-10-16,56,Call,11600.0,SPX261016C11600000,0.0,0.15,0.075,0.05,0.0,-1.49012e-06,1.0,79.0,0.3042,0.0001,0.0,0.0147,-0.0027,0.0011,0.0181,0.05,0.05,0.05,0.0500000007450581,no_change,2026-08-21T15:55:57,0.0,0.0
SPX,2026-10-16,56,Put,11600.0,SPX261016P11600000,3850.4,3874.3,3862.3500000000004,4002.07,0.0,0.0,0.0,5.0,0.3784,-0.9999,0.0,0.0147,-0.0027,-17.6726,3862.1775,0.0,0.0,0.0,3883.0,down,2026-07-17T12:48:41,0.0,0.0
SPX,2026-10-16,56,Call,12000.0,SPX261016C12000000,0.0,0.05,0.025,0.05,0.025,100.0,1.0,101.0,0.3273,0.0001,0.0,0.0097,-0.0019,0.0007,0.0118,0.05,0.05,0.05,0.025000000372529,down,2026-08-21T13:17:20,0.0,0.0
SPX,2026-10-16,56,Put,12000.0,SPX261016P12000000,4247.8,4271.7,4259.75,4415.28,0.0,0.0,0.0,7.0,0.4091,-0.9999,0.0,0.0097,-0.0019,-18.2821,4259.4785,0.0,0.0,0.0,4280.64990234375,up,2026-07-17T11:27:00,0.0,0.0
SPX,2026-10-16,56,Call,12400.0,SPX261016C12400000,0.0,0.05,0.025,0.05,0.0,0.0,0.0,582.0,0.3496,0.0,0.0,0.0064,-0.0013,0.0004,0.0078,0.0,0.0,0.0,0.025000000372529,no_change,2026-08-19T15:12:52,0.0,0.0
SPX,2026-10-16,56,Put,12400.0,SPX261016P12400000,4645.2,4669.1,4657.15,4720.63,0.0,0.0,0.0,29.0,0.4388,-0.9999,0.0,0.0064,-0.0013,-18.8915,4656.7817,0.0,0.0,0.0,4677.69995117188,down,2026-07-15T11:07:49,0.0,0.0
SPXW,2026-10-30,70,Call,3000.0,SPXW261030C03000000,4675.2,4698.8,4687.0,4555.91,0.0,0.0,0.0,6.0,0.8303,0.9991,0.0,0.086,-0.0401,5.7821,4683.4801,0.0,0.0,0.0,4664.34985351562,down,2026-07-06T12:34:12,0.0,0.0
SPXW,2026-10-30,70,Put,3000.0,SPXW261030P03000000,0.4,0.55,0.47500000000000003,0.55,0.0,0.0,0.0,7033.0,0.7099,-0.0007,0.0,0.0856,-0.0399,-0.0112,0.475,0.0,0.0,0.0,0.525000005960464,up,2026-08-20T10:48:31,0.0,0.0
SPXW,2026-10-30,70,Call,3200.0,SPXW261030C03200000,4479.7,4500.5,4490.1,0.0,0.0,0.0,0.0,0.0,0.7797,0.9989,0.0,0.1052,-0.0466,6.1648,4485.2859,0.0,0.0,0.0,4466.25,no_change,,0.0,0.0
SPXW,2026-10-30,70,Put,3200.0,SPXW261030P03200000,0.5,0.65,0.575,0.55,-0.1,-15.3846,1.0,91.0,0.6799,-0.0009,0.0,0.1052,-0.0467,-0.014,0.5728,0.55,0.55,0.55,0.650000005960464,no_change,2026-08-21T09:46:54,0.0,0.0
SPXW,2026-10-30,70,Call,3400.0,SPXW261030C03400000,4281.4,4302.3,4291.85,0.0,0.0,0.0,0.0,0.0,0.7288,0.9987,0.0,0.1311,-0.0553,6.5465,4287.1266,0.0,0.0,0.0,4267.94995117188,no_change,,0.0,0.0
SPXW,2026-10-30,70,Put,3400.0,SPXW261030P03400000,0.65,0.85,0.75,0.75,-0.075,-9.09091,2.0,9988.0,0.6479,-0.0012,0.0,0.1311,-0.0553,-0.0177,0.7018,0.75,0.75,0.75,0.824999988079071,no_change,2026-08-21T10:21:08,0.0,0.0
SPXW,2026-10-30,70,Call,3600.0,SPXW261030C03600000,4083.2,4104.1,4093.65,0.0,0.0,0.0,0.0,0.0,0.6837,0.9984,0.0,0.1652,-0.0664,6.9268,4089.0119,0.0,0.0,0.0,4070.09997558594,no_change,,0.0,0.0
SPXW,2026-10-30,70,Put,3600.0,SPXW261030P03600000,0.85,1.0,0.925,0.9,-0.125,-12.1951,2.0,4889.0,0.6184,-0.0015,0.0,0.1652,-0.0664,-0.0228,0.8756,0.9,0.9,0.9,1.02500000596046,no_change,2026-08-21T13:35:52,0.0,0.0
SPXW,2026-10-30,70,Call,3800.0,SPXW261030C03800000,3882.9,3906.0,3894.45,0.0,0.0,0.0,0.0,0.0,0.6435,0.9979,0.0,0.209,-0.0804,7.3056,3890.9519,0.0,0.0,0.0,3871.5,no_change,,0.0,0.0
SPXW,2026-10-30,70,Put,3800.0,SPXW261030P03800000,1.1,1.25,1.175,1.27,0.0,0.0,0.0,8146.0,0.5889,-0.0019,0.0,0.209,-0.0804,-0.0295,1.1037,0.0,0.0,0.0,1.30000001192093,down,2026-08-20T10:50:51,0.0,0.0
SPXW,2026-10-30,70,Call,4000.0,SPXW261030C04000000,3683.9,3707.7,3695.8,3396.94,0.0,0.0,0.0,1.0,0.6047,0.9973,0.0,0.2656,-0.0975,7.6821,3692.9568,0.0,0.0,0.0,3674.0,up,2026-05-06T11:45:03,0.0,0.0
SPXW,2026-10-30,70,Put,4000.0,SPXW261030P04000000,1.4,1.55,1.475,1.65,0.0,0.0,0.0,4139.0,0.5605,-0.0025,0.0,0.2657,-0.0975,-0.0383,1.3972,0.0,0.0,0.0,1.625,down,2026-08-17T15:38:54,0.0,0.0
SPXW,2026-10-30,70,Call,4200.0,SPXW261030C04200000,3486.8,3509.9,3498.3500000000004,0.0,0.0,0.0,0.0,0.0,0.5693,0.9966,0.0,0.3355,-0.1179,8.0562,3495.0385,0.0,0.0,0.0,3475.95007324219,no_change,,0.0,0.0
SPXW,2026-10-30,70,Put,4200.0,SPXW261030P04200000,1.75,1.9,1.825,2.05,0.0,0.0,0.0,1795.0,0.5343,-0.0032,0.0,0.3355,-0.1179,-0.0496,1.767,0.0,0.0,0.0,2.07500004768372,up,2026-08-20T15:17:41,0.0,0.0
SPXW,2026-10-30,70,Call,4300.0,SPXW261030C04300000,3387.8,3410.9,3399.3500000000004,0.0,0.0,0.0,0.0,0.0,0.5519,0.9962,0.0,0.3767,-0.1293,8.2422,3396.1113,0.0,0.0,0.0,3376.65002441406,no_change,,0.0,0.0
SPXW,2026-10-30,70,Put,4300.0,SPXW261030P04300000,1.95,2.1,2.025,2.1,0.0,0.0,0.0,129.0,0.5216,-0.0037,0.0,0.3763,-0.1291,-0.0563,1.9806,0.0,0.0,0.0,2.32500004768372,down,2026-08-19T14:03:12,0.0,0.0
SPXW,2026-10-30,70,Call,4400.0,SPXW261030C04400000,3288.1,3310.7,3299.3999999999996,0.0,0.0,0.0,0.0,0.0,0.5347,0.9957,0.0,0.423,-0.1417,8.4272,3297.2076,0.0,0.0,0.0,3277.59997558594,no_change,,0.0,0.0
SPXW,2026-10-30,70,Put,4400.0,SPXW261030P04400000,2.2,2.35,2.2750000000000004,2.3,-0.275,-10.6796,3.0,349.0,0.5078,-0.0042,0.0,0.4226,-0.1415,-0.064,2.2212,2.3,2.3,2.3,2.57500004768372,down,2026-08-21T15:14:09,0.0,0.0
SPXW,2026-10-30,70,Call,4500.0,SPXW261030C04500000,3189.1,3212.8,3200.95,0.0,0.0,0.0,0.0,0.0,0.5193,0.9951,0.0,0.4737,-0.1549,8.6112,3198.3297,0.0,0.0,0.0,3179.04992675781,no_change,,0.0,0.0
SPXW,2026-10-30,70,Put,4500.0,SPXW261030P04500000,2.45,2.6,2.5250000000000004,2.92,0.0,0.0,0.0,765.0,0.4956,-0.0047,0.0,0.4737,-0.1549,-0.0727,2.4906,0.0,0.0,0.0,2.875,no_change,2026-08-20T14:35:57,0.0,0.0
SPXW,2026-10-30,70,Call,4600.0,SPXW261030C04600000,3090.5,3114.1,3102.3,0.0,0.0,0.0,0.0,0.0,0.5039,0.9945,0.0,0.529,-0.169,8.7944,3099.4792,0.0,0.0,0.0,3080.0,no_change,,0.0,0.0
SPXW,2026-10-30,70,Put,4600.0,SPXW261030P04600000,2.7,2.85,2.7750000000000004,3.2,0.0,0.0,0.0,981.0,0.4827,-0.0053,0.0,0.5287,-0.1689,-0.0823,2.7817,0.0,0.0,0.0,3.19999992847443,no_change,2026-08-20T14:54:50,0.0,0.0
SPXW,2026-10-30,70,Call,4700.0,SPXW261030C04700000,2994.3,3015.2,3004.75,2822.85,0.0,0.0,0.0,1.0,0.4885,0.9938,0.0,0.5901,-0.184,8.9764,3000.6576,0.0,0.0,0.0,2981.20007324219,up,2026-06-30T10:13:40,0.0,0.0
SPXW,2026-10-30,70,Put,4700.0,SPXW261030P04700000,3.0,3.2,3.1,3.2,-0.4,-11.1111,3.0,734.0,0.4709,-0.006,0.0,0.5901,-0.184,-0.093,3.1069,3.2,3.2,3.2,3.60000002384186,down,2026-08-21T09:35:03,0.0,0.0
SPXW,2026-10-30,70,Call,4800.0,SPXW261030C04800000,2893.3,2916.3,2904.8,0.0,0.0,0.0,0.0,0.0,0.4731,0.993,0.0,0.6583,-0.2,9.157,2901.8674,0.0,0.0,0.0,2882.40002441406,no_change,,0.0,0.0
SPXW,2026-10-30,70,Put,4800.0,SPXW261030P04800000,3.3,3.5,3.4,3.95,0.0,0.0,0.0,615.0,0.4576,-0.0068,0.0,0.6581,-0.1999,-0.105,3.4589,0.0,0.0,0.0,4.0,up,2026-08-20T14:54:50,0.0,0.0
SPXW,2026-10-30,70,Call,4900.0,SPXW261030C04900000,2794.4,2817.5,2805.95,0.0,0.0,0.0,0.0,0.0,0.4589,0.9921,0.0,0.7335,-0.2169,9.3361,2803.112,0.0,0.0,0.0,2783.70007324219,no_change,,0.0,0.0
SPXW,2026-10-30,70,Put,4900.0,SPXW261030P04900000,3.7,3.9,3.8,3.85,-0.55,-12.5,1.0,307.0,0.4456,-0.0077,0.0,0.7333,-0.2168,-0.1187,3.8481,3.85,3.85,3.85,4.40000009536743,down,2026-08-21T11:27:44,0.0,0.0
SPXW,2026-10-30,70,Call,5000.0,SPXW261030C05000000,2697.8,2718.8,2708.3,2506.75,0.0,0.0,0.0,1.0,0.4446,0.9911,0.0,0.815,-0.2349,9.5136,2704.395,0.0,0.0,0.0,2685.15002441406,up,2026-05-20T12:17:29,0.0,0.0
SPXW,2026-10-30,70,Put,5000.0,SPXW261030P05000000,4.1,4.3,4.199999999999999,4.4,-0.5,-10.2041,127.0,982.0,0.4331,-0.0087,0.0,0.8149,-0.2348,-0.1339,4.2758,4.2,4.4,4.2,4.90000009536743,up,2026-08-21T14:28:39,0.0,0.0
SPXW,2026-10-30,70,Call,5100.0,SPXW261030C05100000,2599.1,2620.0,2609.55,0.0,0.0,0.0,0.0,0.0,0.4312,0.99,0.0,0.9042,-0.2538,9.6895,2605.7195,0.0,0.0,0.0,2586.69995117188,no_change,,0.0,0.0
SPXW,2026-10-30,70,Put,5100.0,SPXW261030P05100000,4.6,4.8,4.699999999999999,4.74,-0.66,-12.2222,40.0,342.0,0.4208,-0.0098,0.0,0.9042,-0.2538,-0.1507,4.7449,4.71,4.74,4.71,5.40000009536743,up,2026-08-21T14:01:32,0.0,0.0
SPXW,2026-10-30,70,Call,5200.0,SPXW261030C05200000,2500.9,2521.3,2511.1000000000004,0.0,0.0,0.0,0.0,0.0,0.4175,0.9888,0.0,1.0037,-0.2739,9.8634,2507.0895,0.0,0.0,0.0,2488.0,no_change,,0.0,0.0
SPXW,2026-10-30,70,Put,5200.0,SPXW261030P05200000,5.1,5.3,5.199999999999999,5.25,-0.75,-12.5,20.0,455.0,0.4092,-0.011,0.0,1.0038,-0.2739,-0.1695,5.2596,5.25,5.25,5.25,6.0,down,2026-08-21T14:59:53,0.0,0.0
SPXW,2026-10-30,70,Call,5300.0,SPXW261030C05300000,2398.9,2422.6,2410.75,0.0,0.0,0.0,0.0,0.0,0.4045,0.9874,0.0,1.1143,-0.2952,10.0346,2408.5115,0.0,0.0,0.0,2389.45007324219,no_change,,0.0,0.0
SPXW,2026-10-30,70,Put,5300.0,SPXW261030P05300000,5.6,5.9,5.75,6.51,0.0,0.0,0.0,1870.0,0.3966,-0.0124,0.0,1.1145,-0.2952,-0.1911,5.8265,0.0,0.0,0.0,6.70000004768372,down,2026-08-20T13:50:27,0.0,0.0
SPXW,2026-10-30,70,Call,5400.0,SPXW261030C05400000,2300.3,2322.9,2311.6000000000004,0.0,0.0,0.0,0.0,0.0,0.3912,0.9859,0.0,1.235,-0.3177,10.203,2309.9934,0.0,0.0,0.0,2291.59997558594,no_change,,0.0,0.0
SPXW,2026-10-30,70,Put,5400.0,SPXW261030P05400000,6.3,6.5,6.4,6.4,-1.0,-13.5135,1.0,328.0,0.3853,-0.014,0.0,1.2353,-0.3178,-0.2154,6.4533,6.4,6.4,6.4,7.40000009536743,down,2026-08-21T15:18:33,0.0,0.0
SPXW,2026-10-30,70,Call,5450.0,SPXW261030C05450000,2254.4,2274.9,2264.65,0.0,0.0,0.0,0.0,0.0,0.3852,0.985,0.0,1.2995,-0.3295,10.2862,2260.7592,0.0,0.0,0.0,2241.90002441406,no_change,,0.0,0.0
SPXW,2026-10-30,70,Put,5450.0,SPXW261030P05450000,6.6,6.8,6.699999999999999,8.27,0.0,0.0,0.0,24.0,0.379,-0.0148,0.0,1.2998,-0.3296,-0.2286,6.7915,0.0,0.0,0.0,7.79999995231628,down,2026-08-10T13:43:09,0.0,0.0
SPXW,2026-10-30,70,Call,5500.0,SPXW261030C05500000,2206.0,2225.7,2215.85,0.0,0.0,0.0,0.0,0.0,0.3784,0.9841,0.0,1.3674,-0.3417,10.3687,2211.5427,0.0,0.0,0.0,2192.69995117188,no_change,,0.0,0.0
SPXW,2026-10-30,70,Put,5500.0,SPXW261030P05500000,7.0,7.2,7.1,7.46,-0.74,-9.02439,34.0,567.0,0.3734,-0.0158,0.0,1.3678,-0.3418,-0.2424,7.1476,7.46,7.46,7.46,8.2000002861023,no_change,2026-08-21T09:30:02,0.0,0.0
SPXW,2026-10-30,70,Call,5550.0,SPXW261030C05550000,2153.4,2176.5,2164.95,0.0,0.0,0.0,0.0,0.0,0.3722,0.9831,0.0,1.4394,-0.3542,10.4503,2162.3454,0.0,0.0,0.0,2143.44995117188,no_change,,0.0,0.0
SPXW,2026-10-30,70,Put,5550.0,SPXW261030P05550000,7.4,7.6,7.5,9.8,0.0,0.0,0.0,35.0,0.3669,-0.0167,0.0,1.4399,-0.3543,-0.2572,7.5227,0.0,0.0,0.0,8.7000002861023,down,2026-08-07T09:47:43,0.0,0.0
SPXW,2026-10-30,70,Call,5600.0,SPXW261030C05600000,2107.7,2127.3,2117.5,0.0,0.0,0.0,0.0,0.0,0.3658,0.9821,0.0,1.516,-0.3672,10.5308,2113.1687,0.0,0.0,0.0,2095.05004882812,no_change,,0.0,0.0
SPXW,2026-10-30,70,Put,5600.0,SPXW261030P05600000,7.8,8.0,7.9,8.01,0.0,0.0,0.0,1410.0,0.3614,-0.0177,0.0,1.5163,-0.3672,-0.273,7.9177,0.0,0.0,0.0,9.15000009536743,no_change,2026-08-17T09:35:57,0.0,0.0
SPXW,2026-10-30,70,Call,5650.0,SPXW261030C05650000,2054.2,2078.0,2066.1,0.0,0.0,0.0,0.0,0.0,0.36,0.981,0.0,1.5972,-0.3806,10.6101,2064.0146,0.0,0.0,0.0,2045.40002441406,no_change,,0.0,0.0
SPXW,2026-10-30,70,Put,5650.0,SPXW261030P05650000,8.2,8.4,8.3,9.1,0.0,0.0,0.0,259.0,0.3557,-0.0188,0.0,1.5972,-0.3806,-0.29,8.3334,0.0,0.0,0.0,9.59999990463257,up,2026-08-17T13:56:47,0.0,0.0
SPXW,2026-10-30,70,Call,5700.0,SPXW261030C05700000,2005.0,2028.9,2016.95,0.0,0.0,0.0,0.0,0.0,0.3535,0.9798,0.0,1.6828,-0.3944,10.688,2014.8853,0.0,0.0,0.0,1996.25,no_change,,0.0,0.0
SPXW,2026-10-30,70,Put,5700.0,SPXW261030P05700000,8.6,8.9,8.75,8.9,0.0,0.0,0.0,256.0,0.3496,-0.02,0.0,1.6828,-0.3944,-0.3084,8.7762,0.0,0.0,0.0,10.2000002861023,down,2026-08-19T15:35:58,0.0,0.0
SPXW,2026-10-30,70,Call,5750.0,SPXW261030C05750000,1955.9,1979.8,1967.85,0.0,0.0,0.0,0.0,0.0,0.3474,0.9785,0.0,1.7726,-0.4087,10.7647,1965.783,0.0,0.0,0.0,1947.84997558594,no_change,,0.0,0.0
SPXW,2026-10-30,70,Put,5750.0,SPXW261030P05750000,9.1,9.3,9.2,9.33,0.0,0.0,0.0,259.0,0.3439,-0.0213,0.0,1.7726,-0.4087,-0.3281,9.246,0.0,0.0,0.0,10.7000002861023,down,2026-08-17T09:30:04,0.0,0.0
SPXW,2026-10-30,70,Call,5760.0,SPXW261030C05760000,1946.1,1968.8,1957.4499999999998,0.0,0.0,0.0,0.0,0.0,0.3463,0.9783,0.0,1.7911,-0.4116,10.7799,1955.966,0.0,0.0,0.0,1937.80004882812,no_change,,0.0,0.0
SPXW,2026-10-30,70,Put,5760.0,SPXW261030P05760000,9.2,9.4,9.3,12.1,0.0,0.0,0.0,3.0,0.3427,-0.0216,0.0,1.7911,-0.4116,-0.3322,9.3434,0.0,0.0,0.0,10.8499999046326,down,2026-08-07T09:54:30,0.0,0.0
SPXW,2026-10-30,70,Call,5770.0,SPXW261030C05770000,1940.5,1960.2,1950.35,0.0,0.0,0.0,0.0,0.0,0.3452,0.978,0.0,1.8098,-0.4146,10.795,1946.1502,0.0,0.0,0.0,1927.70001220703,no_change,,0.0,0.0
SPXW,2026-10-30,70,Put,5770.0,SPXW261030P05770000,9.3,9.5,9.4,16.33,0.0,0.0,0.0,27.0,0.3415,-0.0218,0.0,1.8098,-0.4146,-0.3363,9.442,0.0,0.0,0.0,10.9500002861023,down,2026-08-03T10:19:57,0.0,0.0
SPXW,2026-10-30,70,Call,5780.0,SPXW261030C05780000,1930.0,1950.4,1940.2,0.0,0.0,0.0,0.0,0.0,0.3435,0.9777,0.0,1.8286,-0.4176,10.8101,1936.3356,0.0,0.0,0.0,1917.89996337891,no_change,,0.0,0.0
SPXW,2026-10-30,70,Put,5780.0,SPXW261030P05780000,9.4,9.6,9.5,0.0,0.0,0.0,0.0,0.0,0.3404,-0.0221,0.0,1.8286,-0.4176,-0.3405,9.5418,0.0,0.0,0.0,11.0999999046326,no_change,,0.0,0.0
SPXW,2026-10-30,70,Call,5790.0,SPXW261030C05790000,1917.1,1940.6,1928.85,0.0,0.0,0.0,0.0,0.0,0.3424,0.9774,0.0,1.8476,-0.4205,10.8251,1926.5222,0.0,0.0,0.0,1908.0,no_change,,0.0,0.0
SPXW,2026-10-30,70,Put,5790.0,SPXW261030P05790000,9.5,9.7,9.6,11.9,0.0,0.0,0.0,69.0,0.3392,-0.0224,0.0,1.8476,-0.4205,-0.3447,9.6429,0.0,0.0,0.0,11.2000002861023,down,2026-08-11T09:51:24,0.0,0.0
SPXW,2026-10-30,70,Call,5800.0,SPXW261030C05800000,1907.7,1930.7,1919.2,0.0,0.0,0.0,0.0,0.0,0.3413,0.9772,0.0,1.8667,-0.4236,10.8401,1916.7101,0.0,0.0,0.0,1898.59997558594,no_change,,0.0,0.0
SPXW,2026-10-30,70,Put,5800.0,SPXW261030P05800000,9.6,9.8,9.7,9.8,-1.5,-13.2743,15.0,874.0,0.338,-0.0226,0.0,1.8667,-0.4236,-0.349,9.7451,10.11,10.2,9.8,11.2999997138977,down,2026-08-21T12:39:54,0.0,0.0
SPXW,2026-10-30,70,Call,5810.0,SPXW261030C05810000,1900.4,1920.9,1910.65,0.0,0.0,0.0,0.0,0.0,0.3401,0.9769,0.0,1.8861,-0.4266,10.8551,1906.8992,0.0,0.0,0.0,1888.40002441406,no_change,,0.0,0.0
SPXW,2026-10-30,70,Put,5810.0,SPXW261030P05810000,9.7,10.0,9.85,13.7,0.0,0.0,0.0,7.0,0.3368,-0.0229,0.0,1.8861,-0.4266,-0.3533,9.8487,0.0,0.0,0.0,11.4500002861023,no_change,2026-08-05T13:47:36,0.0,0.0
SPXW,2026-10-30,70,Call,5820.0,SPXW261030C05820000,1887.2,1911.1,1899.15,0.0,0.0,0.0,0.0,0.0,0.339,0.9766,0.0,1.9057,-0.4296,10.87,1897.0896,0.0,0.0,0.0,1878.59997558594,no_change,,0.0,0.0
SPXW,2026-10-30,70,Put,5820.0,SPXW261030P05820000,9.8,10.1,9.95,24.84,0.0,0.0,0.0,1.0,0.3356,-0.0232,0.0,1.9057,-0.4296,-0.3577,9.9535,0.0,0.0,0.0,11.5499997138977,up,2026-07-31T10:11:02,0.0,0.0
SPXW,2026-10-30,70,Call,5830.0,SPXW261030C05830000,1877.9,1901.3,1889.6,0.0,0.0,0.0,0.0,0.0,0.3378,0.9763,0.0,1.9255,-0.4327,10.8848,1887.2812,0.0,0.0,0.0,1868.94995117188,no_change,,0.0,0.0
SPXW,2026-10-30,70,Put,5830.0,SPXW261030P05830000,9.9,10.2,10.05,13.6,0.0,0.0,0.0,6.0,0.3344,-0.0235,0.0,1.9255,-0.4327,-0.3622,10.0596,0.0,0.0,0.0,11.7000002861023,no_change,2026-08-05T14:27:02,0.0,0.0
SPXW,2026-10-30,70,Call,5840.0,SPXW261030C05840000,1867.6,1891.5,1879.55,0.0,0.0,0.0,0.0,0.0,0.3366,0.976,0.0,1.9456,-0.4358,10.8996,1877.4742,0.0,0.0,0.0,1859.15002441406,no_change,,0.0,0.0
SPXW,2026-10-30,70,Put,5840.0,SPXW261030P05840000,10.0,10.3,10.15,11.5,0.0,0.0,0.0,55.0,0.3335,-0.0238,0.0,1.9456,-0.4358,-0.3666,10.167,0.0,0.0,0.0,11.7999997138977,down,2026-08-20T11:45:06,0.0,0.0
SPXW,2026-10-30,70,Call,5850.0,SPXW261030C05850000,1858.1,1881.7,1869.9,0.0,0.0,0.0,0.0,0.0,0.335,0.9757,0.0,1.9659,-0.439,10.9143,1867.6686,0.0,0.0,0.0,1849.89996337891,no_change,,0.0,0.0
SPXW,2026-10-30,70,Put,5850.0,SPXW261030P05850000,10.1,10.4,10.25,10.5,-1.45,-12.1339,4.0,661.0,0.3323,-0.0241,0.0,1.9659,-0.439,-0.3712,10.2758,10.5,10.5,10.5,11.9500002861023,down,2026-08-21T12:01:30,0.0,0.0
SPXW,2026-10-30,70,Call,5860.0,SPXW261030C05860000,1847.9,1871.8,1859.85,0.0,0.0,0.0,0.0,0.0,0.3338,0.9754,0.0,1.9864,-0.4421,10.929,1857.8643,0.0,0.0,0.0,1839.55004882812,no_change,,0.0,0.0
SPXW,2026-10-30,70,Put,5860.0,SPXW261030P05860000,10.2,10.5,10.35,10.6,-1.45,-12.0332,4.0,4.0,0.331,-0.0244,0.0,1.9864,-0.4421,-0.3758,10.3859,10.6,10.6,10.6,12.0499997138977,down,2026-08-21T12:01:21,0.0,0.0
SPXW,2026-10-30,70,Call,5870.0,SPXW261030C05870000,1838.1,1861.9,1850.0,0.0,0.0,0.0,0.0,0.0,0.3326,0.9751,0.0,2.0072,-0.4453,10.9436,1848.0614,0.0,0.0,0.0,1829.70001220703,no_change,,0.0,0.0
SPXW,2026-10-30,70,Put,5870.0,SPXW261030P05870000,10.3,10.6,10.45,10.8,0.0,0.0,0.0,103.0,0.3298,-0.0247,0.0,2.0072,-0.4453,-0.3805,10.4974,0.0,0.0,0.0,12.2000002861023,down,2026-08-19T10:57:37,0.0,0.0
SPXW,2026-10-30,70,Call,5875.0,SPXW261030C05875000,1834.1,1857.2,1845.65,1486.65,0.0,0.0,0.0,0.0,0.332,0.975,0.0,2.0177,-0.4469,10.9508,1843.1604,0.0,0.0,0.0,1825.39996337891,down,2026-05-04T15:40:10,0.0,0.0
SPXW,2026-10-30,70,Put,5875.0,SPXW261030P05875000,10.4,10.7,10.55,10.9,0.0,0.0,0.0,308.0,0.3292,-0.0249,0.0,2.0177,-0.4469,-0.3828,10.5536,0.0,0.0,0.0,12.25,down,2026-08-19T10:57:46,0.0,0.0
SPXW,2026-10-30,70,Call,5880.0,SPXW261030C05880000,1828.3,1852.2,1840.25,0.0,0.0,0.0,0.0,0.0,0.3314,0.9748,0.0,2.0282,-0.4485,10.9581,1838.2598,0.0,0.0,0.0,1819.94995117188,no_change,,0.0,0.0
SPXW,2026-10-30,70,Put,5880.0,SPXW261030P05880000,10.5,10.7,10.6,11.0,0.0,0.0,0.0,5.0,0.3286,-0.025,0.0,2.0282,-0.4485,-0.3852,10.6102,0.0,0.0,0.0,12.3499999046326,no_change,2026-08-19T10:58:08,0.0,0.0
SPXW,2026-10-30,70,Call,5890.0,SPXW261030C05890000,1818.5,1842.4,1830.45,0.0,0.0,0.0,0.0,0.0,0.3302,0.9745,0.0,2.0496,-0.4517,10.9726,1828.4597,0.0,0.0,0.0,1810.04998779297,no_change,,0.0,0.0
SPXW,2026-10-30,70,Put,5890.0,SPXW261030P05890000,10.6,10.8,10.7,14.6,0.0,0.0,0.0,15.0,0.3276,-0.0254,0.0,2.0496,-0.4517,-0.39,10.7246,0.0,0.0,0.0,12.4500002861023,down,2026-08-05T14:11:21,0.0,0.0
SPXW,2026-10-30,70,Call,5900.0,SPXW261030C05900000,1809.1,1832.6,1820.85,0.0,0.0,0.0,0.0,0.0,0.329,0.9742,0.0,2.0712,-0.4549,10.987,1818.6611,0.0,0.0,0.0,1800.44995117188,no_change,,0.0,0.0
SPXW,2026-10-30,70,Put,5900.0,SPXW261030P05900000,10.7,11.0,10.85,11.3,-1.3,-10.3175,15.0,963.0,0.3264,-0.0257,0.0,2.0712,-0.4549,-0.3949,10.8403,11.3,11.3,11.3,12.5999999046326,no_change,2026-08-21T09:30:07,0.0,0.0
SPXW,2026-10-30,70,Call,5910.0,SPXW261030C05910000,1798.9,1822.8,1810.85,0.0,0.0,0.0,0.0,0.0,0.3278,0.9738,0.0001,2.0931,-0.4582,11.0013,1808.8639,0.0,0.0,0.0,1790.65002441406,no_change,,0.0,0.0
SPXW,2026-10-30,70,Put,5910.0,SPXW261030P05910000,10.8,11.1,10.95,15.9,0.0,0.0,0.0,3.0,0.3254,-0.026,0.0001,2.0931,-0.4582,-0.3998,10.9576,0.0,0.0,0.0,12.75,up,2026-08-04T15:38:00,0.0,0.0
SPXW,2026-10-30,70,Call,5920.0,SPXW261030C05920000,1789.1,1813.0,1801.05,1888.9,0.0,0.0,0.0,1.0,0.3266,0.9735,0.0001,2.1154,-0.4615,11.0155,1799.0683,0.0,0.0,0.0,1780.75,up,2026-08-04T15:33:38,0.0,0.0
SPXW,2026-10-30,70,Put,5920.0,SPXW261030P05920000,10.9,11.2,11.05,12.2,0.0,0.0,0.0,66.0,0.3241,-0.0263,0.0001,2.1154,-0.4615,-0.4048,11.0764,0.0,0.0,0.0,12.8499999046326,no_change,2026-08-17T13:49:10,0.0,0.0
SPXW,2026-10-30,70,Call,5925.0,SPXW261030C05925000,1784.3,1808.1,1796.1999999999998,0.0,0.0,0.0,0.0,0.0,0.326,0.9733,0.0001,2.1266,-0.4631,11.0226,1794.171,0.0,0.0,0.0,1775.89996337891,no_change,,0.0,0.0
SPXW,2026-10-30,70,Put,5925.0,SPXW261030P05925000,11.0,11.3,11.15,15.1,0.0,0.0,0.0,51.0,0.3235,-0.0265,0.0001,2.1266,-0.4631,-0.4074,11.1363,0.0,0.0,0.0,12.9500002861023,down,2026-08-05T09:58:15,0.0,0.0
SPXW,2026-10-30,70,Call,5930.0,SPXW261030C05930000,1779.8,1803.3,1791.55,0.0,0.0,0.0,0.0,0.0,0.3254,0.9732,0.0001,2.1379,-0.4648,11.0297,1789.2742,0.0,0.0,0.0,1771.10003662109,no_change,,0.0,0.0
SPXW,2026-10-30,70,Put,5930.0,SPXW261030P05930000,11.0,11.3,11.15,11.3,-1.7,-13.0769,4.0,22.0,0.3229,-0.0267,0.0001,2.1379,-0.4648,-0.41,11.1967,11.3,11.3,11.3,13.0,down,2026-08-21T11:37:05,0.0,0.0
SPXW,2026-10-30,70,Call,5940.0,SPXW261030C05940000,1769.8,1793.5,1781.65,0.0,0.0,0.0,0.0,0.0,0.3242,0.9728,0.0001,2.1608,-0.4681,11.0438,1779.4816,0.0,0.0,0.0,1761.34997558594,no_change,,0.0,0.0
SPXW,2026-10-30,70,Put,5940.0,SPXW261030P05940000,11.2,11.4,11.3,11.4,-1.75,-13.308,7.0,71.0,0.3216,-0.027,0.0001,2.1608,-0.4681,-0.4151,11.3186,11.5,11.5,11.4,13.1500000953674,down,2026-08-21T11:39:28,0.0,0.0
SPXW,2026-10-30,70,Call,5950.0,SPXW261030C05950000,1764.0,1783.7,1773.85,1765.93,0.0,0.0,0.0,3.0,0.323,0.9725,0.0001,2.1839,-0.4715,11.0578,1769.6907,0.0,0.0,0.0,1751.60003662109,down,2026-08-20T13:37:19,0.0,0.0
SPXW,2026-10-30,70,Put,5950.0,SPXW261030P05950000,11.3,11.6,11.45,11.5,-1.8,-13.5338,7.0,511.0,0.3206,-0.0273,0.0001,2.1839,-0.4715,-0.4204,11.442,11.6,11.6,11.5,13.2999997138977,down,2026-08-21T11:40:19,0.0,0.0
SPXW,2026-10-30,70,Call,5960.0,SPXW261030C05960000,1749.9,1773.7,1761.8000000000002,0.0,0.0,0.0,0.0,0.0,0.3217,0.9721,0.0001,2.2074,-0.4749,11.0717,1759.9014,0.0,0.0,0.0,1741.70001220703,no_change,,0.0,0.0
SPXW,2026-10-30,70,Put,5960.0,SPXW261030P05960000,11.4,11.7,11.55,11.7,-1.75,-13.0112,7.0,52.0,0.3195,-0.0277,0.0001,2.2074,-0.4749,-0.4258,11.5672,11.8,11.8,11.7,13.4500002861023,down,2026-08-21T11:28:30,0.0,0.0
SPXW,2026-10-30,70,Call,5970.0,SPXW261030C05970000,1743.7,1764.1,1753.9,1530.39,0.0,0.0,0.0,2.0,0.3205,0.9718,0.0001,2.2312,-0.4783,11.0855,1750.1138,0.0,0.0,0.0,1732.0,up,2026-07-30T14:36:10,0.0,0.0
SPXW,2026-10-30,70,Put,5970.0,SPXW261030P05970000,11.5,11.8,11.65,11.8,-1.8,-13.2353,7.0,7.0,0.3182,-0.028,0.0001,2.2312,-0.4783,-0.4312,11.694,11.9,11.9,11.8,13.5999999046326,down,2026-08-21T11:37:41,0.0,0.0
SPXW,2026-10-30,70,Call,5975.0,SPXW261030C05975000,1735.6,1759.2,1747.4,0.0,0.0,0.0,0.0,0.0,0.3199,0.9716,0.0001,2.2432,-0.48,11.0924,1745.2206,0.0,0.0,0.0,1727.04998779297,no_change,,0.0,0.0
SPXW,2026-10-30,70,Put,5975.0,SPXW261030P05975000,11.6,11.9,11.75,12.0,-1.65,-12.0879,3.0,284.0,0.3178,-0.0282,0.0001,2.2432,-0.48,-0.434,11.758,12.0,12.0,12.0,13.6500000953674,no_change,2026-08-21T11:02:19,0.0,0.0
SPXW,2026-10-30,70,Call,5980.0,SPXW261030C05980000,1730.3,1754.3,1742.3,0.0,0.0,0.0,0.0,0.0,0.3197,0.9714,0.0001,2.2553,-0.4817,11.0992,1740.3279,0.0,0.0,0.0,1722.25,no_change,,0.0,0.0
SPXW,2026-10-30,70,Put,5980.0,SPXW261030P05980000,11.7,11.9,11.8,12.0,-1.75,-12.7273,3.0,10.0,0.317,-0.0284,0.0001,2.2553,-0.4817,-0.4368,11.8225,12.0,12.0,12.0,13.75,down,2026-08-21T11:01:42,0.0,0.0
SPXW,2026-10-30,70,Call,5990.0,SPXW261030C05990000,1720.6,1744.5,1732.55,0.0,0.0,0.0,0.0,0.0,0.3184,0.971,0.0001,2.2798,-0.4852,11.1128,1730.5437,0.0,0.0,0.0,1712.39996337891,no_change,,0.0,0.0
SPXW,2026-10-30,70,Put,5990.0,SPXW261030P05990000,11.8,12.1,11.95,12.1,-1.8,-12.9496,3.0,29.0,0.3161,-0.0288,0.0001,2.2798,-0.4852,-0.4425,11.9527,12.1,12.1,12.1,13.9000000953674,down,2026-08-21T11:01:01,0.0,0.0
SPXW,2026-10-30,70,Call,6000.0,SPXW261030C06000000,1715.6,1734.7,1725.15,1765.37,0.0,0.0,0.0,8.0,0.3172,0.9707,0.0001,2.3045,-0.4887,11.1263,1720.7614,0.0,0.0,0.0,1702.70001220703,up,2026-08-06T12:19:23,0.0,0.0
SPXW,2026-10-30,70,Put,6000.0,SPXW261030P06000000,11.9,12.2,12.05,12.3,-1.75,-12.4555,9.0,1667.0,0.3151,-0.0292,0.0001,2.3045,-0.4887,-0.4482,12.0848,12.64,12.65,12.3,14.0499997138977,down,2026-08-21T11:00:01,0.0,0.0
SPXW,2026-10-30,70,Call,6010.0,SPXW261030C06010000,1704.1,1724.9,1714.5,0.0,0.0,0.0,0.0,0.0,0.3159,0.9703,0.0001,2.3295,-0.4922,11.1397,1710.9808,0.0,0.0,0.0,1692.94995117188,no_change,,0.0,0.0
SPXW,2026-10-30,70,Put,6010.0,SPXW261030P06010000,12.1,12.3,12.2,12.3,-1.9,-13.3803,3.0,29.0,0.3135,-0.0295,0.0001,2.3295,-0.4922,-0.4541,12.2187,12.3,12.3,12.3,14.2000002861023,down,2026-08-21T11:39:48,0.0,0.0
SPXW,2026-10-30,70,Call,6020.0,SPXW261030C06020000,1691.2,1715.1,1703.15,0.0,0.0,0.0,0.0,0.0,0.3147,0.9699,0.0001,2.3548,-0.4958,11.153,1701.2021,0.0,0.0,0.0,1683.04998779297,no_change,,0.0,0.0
SPXW,2026-10-30,70,Put,6020.0,SPXW261030P06020000,12.2,12.5,12.35,12.5,0.0,0.0,0.0,70.0,0.3127,-0.0299,0.0001,2.3548,-0.4958,-0.46,12.3544,0.0,0.0,0.0,14.3499999046326,down,2026-08-19T15:26:33,0.0,0.0
SPXW,2026-10-30,70,Call,6025.0,SPXW261030C06025000,1689.8,1710.3,1700.05,1524.77,0.0,0.0,0.0,0.0,0.314,0.9697,0.0001,2.3676,-0.4976,11.1597,1696.3135,0.0,0.0,0.0,1678.84997558594,down,2026-05-18T15:51:13,0.0,0.0
SPXW,2026-10-30,70,Put,6025.0,SPXW261030P06025000,12.3,12.5,12.4,12.5,-1.95,-13.4948,3.0,244.0,0.3118,-0.0301,0.0001,2.3676,-0.4976,-0.463,12.423,12.5,12.5,12.5,14.4500002861023,down,2026-08-21T11:39:49,0.0,0.0
SPXW,2026-10-30,70,Call,6030.0,SPXW261030C06030000,1681.4,1705.4,1693.4,0.0,0.0,0.0,0.0,0.0,0.3134,0.9695,0.0001,2.3804,-0.4994,11.1663,1691.4254,0.0,0.0,0.0,1673.5,no_change,,0.0,0.0
SPXW,2026-10-30,70,Put,6030.0,SPXW261030P06030000,12.3,12.6,12.45,12.6,-1.95,-13.4021,3.0,7.0,0.3113,-0.0303,0.0001,2.3804,-0.4994,-0.4661,12.492,12.6,12.6,12.6,14.5499997138977,down,2026-08-21T11:36:44,0.0,0.0
SPXW,2026-10-30,70,Call,6040.0,SPXW261030C06040000,1671.6,1695.6,1683.6,0.0,0.0,0.0,0.0,0.0,0.3121,0.9691,0.0001,2.4063,-0.503,11.1794,1681.6505,0.0,0.0,0.0,1663.60003662109,no_change,,0.0,0.0
SPXW,2026-10-30,70,Put,6040.0,SPXW261030P06040000,12.5,12.8,12.65,14.5,0.0,0.0,0.0,5.0,0.3102,-0.0307,0.0001,2.4063,-0.503,-0.4722,12.6316,0.0,0.0,0.0,14.6500000953674,up,2026-08-18T15:39:17,0.0,0.0
SPXW,2026-10-30,70,Call,6050.0,SPXW261030C06050000,1665.4,1685.8,1675.6,0.0,0.0,0.0,0.0,0.0,0.3113,0.9687,0.0001,2.4324,-0.5066,11.1924,1671.8777,0.0,0.0,0.0,1653.84997558594,no_change,,0.0,0.0
SPXW,2026-10-30,70,Put,6050.0,SPXW261030P06050000,12.6,12.9,12.75,13.2,0.0,0.0,0.0,172.0,0.3091,-0.0311,0.0001,2.4324,-0.5066,-0.4785,12.7732,0.0,0.0,0.0,14.8499999046326,down,2026-08-13T10:40:50,0.0,0.0
SPXW,2026-10-30,70,Call,6060.0,SPXW261030C06060000,1656.7,1676.0,1666.35,0.0,0.0,0.0,0.0,0.0,0.31,0.9683,0.0001,2.4589,-0.5103,11.2053,1662.1068,0.0,0.0,0.0,1644.85003662109,no_change,,0.0,0.0
SPXW,2026-10-30,70,Put,6060.0,SPXW261030P06060000,12.8,13.0,12.9,13.3,0.0,0.0,0.0,14.0,0.3078,-0.0315,0.0001,2.4589,-0.5103,-0.4849,12.9168,0.0,0.0,0.0,15.0,down,2026-08-13T10:40:22,0.0,0.0
SPXW,2026-10-30,70,Call,6070.0,SPXW261030C06070000,1642.9,1666.3,1654.6,0.0,0.0,0.0,0.0,0.0,0.3087,0.9679,0.0001,2.4856,-0.514,11.2181,1652.3381,0.0,0.0,0.0,1634.5,no_change,,0.0,0.0
SPXW,2026-10-30,70,Put,6070.0,SPXW261030P06070000,12.9,13.2,13.05,14.36,0.0,0.0,0.0,49.0,0.3069,-0.0319,0.0001,2.4856,-0.514,-0.4913,13.0624,0.0,0.0,0.0,15.1500000953674,no_change,2026-08-20T11:15:55,0.0,0.0
SPXW,2026-10-30,70,Call,6075.0,SPXW261030C06075000,1641.9,1661.4,1651.65,0.0,0.0,0.0,0.0,0.0,0.308,0.9677,0.0001,2.499,-0.5159,11.2245,1647.4545,0.0,0.0,0.0,1630.10003662109,no_change,,0.0,0.0
SPXW,2026-10-30,70,Put,6075.0,SPXW261030P06075000,13.0,13.3,13.15,14.19,0.0,0.0,0.0,141.0,0.3062,-0.0321,0.0001,2.499,-0.5159,-0.4946,13.136,0.0,0.0,0.0,15.25,down,2026-08-12T15:10:57,0.0,0.0
SPXW,2026-10-30,70,Call,6080.0,SPXW261030C06080000,1636.1,1656.5,1646.3,0.0,0.0,0.0,0.0,0.0,0.3078,0.9675,0.0001,2.5125,-0.5177,11.2308,1642.5714,0.0,0.0,0.0,1625.35003662109,no_change,,0.0,0.0
SPXW,2026-10-30,70,Put,6080.0,SPXW261030P06080000,13.0,13.3,13.15,19.0,0.0,0.0,0.0,7.0,0.3055,-0.0323,0.0001,2.5125,-0.5177,-0.4979,13.2102,0.0,0.0,0.0,15.3499999046326,no_change,2026-08-04T10:31:10,0.0,0.0
SPXW,2026-10-30,70,Call,6090.0,SPXW261030C06090000,1622.8,1645.3,1634.05,0.0,0.0,0.0,0.0,0.0,0.3065,0.9671,0.0001,2.5398,-0.5215,11.2435,1632.8069,0.0,0.0,0.0,1615.0,no_change,,0.0,0.0
SPXW,2026-10-30,70,Put,6090.0,SPXW261030P06090000,13.2,13.5,13.35,19.1,0.0,0.0,0.0,5.0,0.3046,-0.0328,0.0001,2.5398,-0.5215,-0.5045,13.36,0.0,0.0,0.0,15.5499997138977,no_change,2026-08-04T10:30:36,0.0,0.0
SPXW,2026-10-30,70,Call,6100.0,SPXW261030C06100000,1616.7,1636.9,1626.8000000000002,0.0,0.0,0.0,0.0,0.0,0.3051,0.9666,0.0001,2.5673,-0.5253,11.256,1623.0445,0.0,0.0,0.0,1605.5,no_change,,0.0,0.0
SPXW,2026-10-30,70,Put,6100.0,SPXW261030P06100000,13.3,13.6,13.45,14.1,-1.6,-10.1911,80.0,255.0,0.3034,-0.0332,0.0001,2.5673,-0.5253,-0.5113,13.5121,14.1,14.1,14.1,15.7000002861023,no_change,2026-08-21T10:18:10,0.0,0.0
SPXW,2026-10-30,70,Call,6110.0,SPXW261030C06110000,1603.8,1627.2,1615.5,0.0,0.0,0.0,0.0,0.0,0.3038,0.9662,0.0001,2.595,-0.5291,11.2684,1613.2844,0.0,0.0,0.0,1596.14996337891,no_change,,0.0,0.0
SPXW,2026-10-30,70,Put,6110.0,SPXW261030P06110000,13.5,13.8,13.65,16.7,0.0,0.0,0.0,3.0,0.3023,-0.0336,0.0001,2.595,-0.5291,-0.5181,13.6664,0.0,0.0,0.0,15.8499999046326,down,2026-08-10T12:44:21,0.0,0.0
SPXW,2026-10-30,70,Call,6120.0,SPXW261030C06120000,1593.5,1617.4,1605.45,0.0,0.0,0.0,0.0,0.0,0.3029,0.9657,0.0001,2.6231,-0.533,11.2808,1603.5265,0.0,0.0,0.0,1585.70001220703,no_change,,0.0,0.0
SPXW,2026-10-30,70,Put,6120.0,SPXW261030P06120000,13.6,13.9,13.75,14.2,-1.85,-11.5265,1.0,7.0,0.3011,-0.0341,0.0001,2.6231,-0.533,-0.525,13.8229,14.2,14.2,14.2,16.0500001907349,down,2026-08-21T10:08:56,0.0,0.0
SPXW,2026-10-30,70,Call,6125.0,SPXW261030C06125000,1593.1,1612.5,1602.8,1433.59,0.0,0.0,0.0,1.0,0.3022,0.9655,0.0001,2.6372,-0.5349,11.2869,1598.6484,0.0,0.0,0.0,1580.89996337891,up,2026-06-12T10:31:02,0.0,0.0
SPXW,2026-10-30,70,Put,6125.0,SPXW261030P06125000,13.7,14.0,13.85,17.0,0.0,0.0,0.0,74.0,0.3004,-0.0343,0.0001,2.6372,-0.5349,-0.5285,13.902,0.0,0.0,0.0,16.1499996185303,no_change,2026-08-11T09:51:24,0.0,0.0
SPXW,2026-10-30,70,Call,6130.0,SPXW261030C06130000,1583.7,1606.6,1595.15,1624.04,0.0,0.0,0.0,0.0,0.3016,0.9653,0.0001,2.6515,-0.5369,11.293,1593.7708,0.0,0.0,0.0,1576.29998779297,down,2026-08-18T11:29:35,0.0,0.0
SPXW,2026-10-30,70,Put,6130.0,SPXW261030P06130000,13.8,14.1,13.95,16.8,0.0,0.0,0.0,40.0,0.3,-0.0345,0.0001,2.6515,-0.5369,-0.532,13.9817,0.0,0.0,0.0,16.25,down,2026-08-11T11:25:01,0.0,0.0
SPXW,2026-10-30,70,Call,6140.0,SPXW261030C06140000,1574.0,1597.9,1585.95,0.0,0.0,0.0,0.0,0.0,0.3006,0.9648,0.0001,2.6801,-0.5408,11.3052,1584.0175,0.0,0.0,0.0,1566.29998779297,no_change,,0.0,0.0
SPXW,2026-10-30,70,Put,6140.0,SPXW261030P06140000,14.0,14.3,14.15,22.9,0.0,0.0,0.0,6.0,0.2988,-0.035,0.0001,2.6801,-0.5408,-0.5391,14.1428,0.0,0.0,0.0,16.4499998092651,no_change,2026-08-03T14:46:32,0.0,0.0
SPXW,2026-10-30,70,Call,6150.0,SPXW261030C06150000,1564.2,1587.4,1575.8000000000002,0.0,0.0,0.0,0.0,0.0,0.2993,0.9644,0.0001,2.7091,-0.5447,11.3173,1574.2666,0.0,0.0,0.0,1556.60003662109,no_change,,0.0,0.0
SPXW,2026-10-30,70,Put,6150.0,SPXW261030P06150000,14.1,14.4,14.25,17.4,0.0,0.0,0.0,87.0,0.2976,-0.0355,0.0001,2.7091,-0.5447,-0.5463,14.3062,0.0,0.0,0.0,16.6499996185303,down,2026-08-11T11:35:53,0.0,0.0
SPXW,2026-10-30,70,Call,6160.0,SPXW261030C06160000,1558.1,1578.4,1568.25,0.0,0.0,0.0,0.0,0.0,0.2983,0.9639,0.0001,2.7385,-0.5487,11.3292,1564.518,0.0,0.0,0.0,1546.84997558594,no_change,,0.0,0.0
SPXW,2026-10-30,70,Put,6160.0,SPXW261030P06160000,14.3,14.6,14.45,23.7,0.0,0.0,0.0,8.0,0.2966,-0.036,0.0001,2.7385,-0.5487,-0.5536,14.4721,0.0,0.0,0.0,16.8000001907349,no_change,2026-08-03T12:21:48,0.0,0.0
SPXW,2026-10-30,70,Call,6170.0,SPXW261030C06170000,1548.3,1568.6,1558.4499999999998,0.0,0.0,0.0,0.0,0.0,0.2969,0.9634,0.0001,2.7682,-0.5527,11.3411,1554.7719,0.0,0.0,0.0,1537.40002441406,no_change,,0.0,0.0
SPXW,2026-10-30,70,Put,6170.0,SPXW261030P06170000,14.5,14.8,14.65,16.67,0.0,0.0,0.0,22.0,0.2954,-0.0364,0.0001,2.7682,-0.5527,-0.561,14.6404,0.0,0.0,0.0,17.0,no_change,2026-08-20T14:24:31,0.0,0.0
SPXW,2026-10-30,70,Call,6175.0,SPXW261030C06175000,1540.7,1563.8,1552.25,0.0,0.0,0.0,0.0,0.0,0.2963,0.9632,0.0001,2.7832,-0.5548,11.347,1549.8998,0.0,0.0,0.0,1532.75,no_change,,0.0,0.0
SPXW,2026-10-30,70,Put,6175.0,SPXW261030P06175000,14.5,14.8,14.65,14.8,-2.3,-13.4503,3.0,44.0,0.2949,-0.0367,0.0001,2.7832,-0.5548,-0.5648,14.7255,14.7,14.8,14.7,17.1000003814697,up,2026-08-21T11:46:12,0.0,0.0
SPXW,2026-10-30,70,Call,6180.0,SPXW261030C06180000,1534.9,1558.9,1546.9,0.0,0.0,0.0,0.0,0.0,0.296,0.9629,0.0001,2.7983,-0.5568,11.3529,1545.0283,0.0,0.0,0.0,1527.70001220703,no_change,,0.0,0.0
SPXW,2026-10-30,70,Put,6180.0,SPXW261030P06180000,14.6,14.9,14.75,15.0,0.0,0.0,0.0,10.0,0.2942,-0.0369,0.0001,2.7983,-0.5568,-0.5685,14.8112,0.0,0.0,0.0,17.1999998092651,down,2026-08-19T15:20:06,0.0,0.0
SPXW,2026-10-30,70,Call,6190.0,SPXW261030C06190000,1525.8,1549.1,1537.4499999999998,0.0,0.0,0.0,0.0,0.0,0.2946,0.9624,0.0001,2.8288,-0.5609,11.3645,1535.2872,0.0,0.0,0.0,1517.54998779297,no_change,,0.0,0.0
SPXW,2026-10-30,70,Put,6190.0,SPXW261030P06190000,14.8,15.1,14.95,15.1,0.0,0.0,0.0,8.0,0.2931,-0.0374,0.0001,2.8288,-0.5609,-0.5762,14.9845,0.0,0.0,0.0,17.3999996185303,down,2026-08-19T15:21:00,0.0,0.0
SPXW,2026-10-30,70,Call,6200.0,SPXW261030C06200000,1515.9,1539.4,1527.65,1555.66,0.0,0.0,0.0,8.0,0.2936,0.9619,0.0001,2.8597,-0.565,11.3761,1525.5486,0.0,0.0,0.0,1508.5,up,2026-08-18T11:30:38,0.0,0.0
SPXW,2026-10-30,70,Put,6200.0,SPXW261030P06200000,15.0,15.3,15.15,15.2,-2.4,-13.6364,6.0,125.0,0.2919,-0.0379,0.0001,2.8597,-0.565,-0.5839,15.1604,15.66,15.66,15.2,17.6000003814697,down,2026-08-21T11:40:20,0.0,0.0
SPXW,2026-10-30,70,Call,6210.0,SPXW261030C06210000,1505.7,1529.6,1517.65,0.0,0.0,0.0,0.0,0.0,0.2922,0.9614,0.0001,2.8911,-0.5692,11.3875,1515.8127,0.0,0.0,0.0,1498.25,no_change,,0.0,0.0
SPXW,2026-10-30,70,Put,6210.0,SPXW261030P06210000,15.1,15.5,15.3,15.5,0.0,0.0,0.0,3.0,0.2908,-0.0384,0.0001,2.8911,-0.5692,-0.5917,15.3389,0.0,0.0,0.0,17.8000001907349,down,2026-08-19T15:11:41,0.0,0.0
SPXW,2026-10-30,70,Call,6220.0,SPXW261030C06220000,1496.0,1519.9,1507.95,1536.91,0.0,0.0,0.0,5.0,0.2912,0.9608,0.0001,2.9229,-0.5734,11.3988,1506.0794,0.0,0.0,0.0,1488.54998779297,down,2026-08-18T11:35:19,0.0,0.0
SPXW,2026-10-30,70,Put,6220.0,SPXW261030P06220000,15.3,15.6,15.45,15.6,-2.45,-13.5734,3.0,4.0,0.2898,-0.039,0.0001,2.9229,-0.5734,-0.5997,15.52,16.15,16.15,15.6,18.0500001907349,down,2026-08-21T13:20:13,0.0,0.0
SPXW,2026-10-30,70,Call,6225.0,SPXW261030C06225000,1491.6,1515.0,1503.3,1532.46,0.0,0.0,0.0,5.0,0.2905,0.9606,0.0001,2.939,-0.5755,11.4044,1501.2138,0.0,0.0,0.0,1484.0,up,2026-08-18T11:41:28,0.0,0.0
SPXW,2026-10-30,70,Put,6225.0,SPXW261030P06225000,15.4,15.7,15.55,15.8,-2.35,-12.9477,3.0,8.0,0.2892,-0.0392,0.0001,2.939,-0.5755,-0.6037,15.6116,16.0,16.0,15.7,18.1499996185303,up,2026-08-21T12:11:17,0.0,0.0
SPXW,2026-10-30,70,Call,6230.0,SPXW261030C06230000,1486.8,1510.2,1498.5,0.0,0.0,0.0,0.0,0.0,0.2898,0.9603,0.0001,2.9552,-0.5776,11.41,1496.3489,0.0,0.0,0.0,1478.70001220703,no_change,,0.0,0.0
SPXW,2026-10-30,70,Put,6230.0,SPXW261030P06230000,15.5,15.8,15.65,15.9,-2.35,-12.8767,3.0,1.0,0.2885,-0.0395,0.0001,2.9552,-0.5776,-0.6078,15.7039,16.1,16.1,15.8,18.25,up,2026-08-21T12:12:03,0.0,0.0
SPXW,2026-10-30,70,Call,6240.0,SPXW261030C06240000,1476.5,1500.4,1488.45,0.0,0.0,0.0,0.0,0.0,0.2888,0.9598,0.0001,2.988,-0.5818,11.421,1486.6211,0.0,0.0,0.0,1469.0,no_change,,0.0,0.0
SPXW,2026-10-30,70,Put,6240.0,SPXW261030P06240000,15.7,16.0,15.85,16.0,-2.45,-13.2791,3.0,14.0,0.2875,-0.04,0.0001,2.988,-0.5818,-0.616,15.8905,16.45,16.45,16.0,18.4499998092651,down,2026-08-21T11:44:52,0.0,0.0
SPXW,2026-10-30,70,Call,6250.0,SPXW261030C06250000,1466.9,1490.7,1478.8000000000002,0.0,0.0,0.0,0.0,0.0,0.2877,0.9592,0.0001,3.0213,-0.5861,11.4319,1476.8962,0.0,0.0,0.0,1459.29998779297,no_change,,0.0,0.0
SPXW,2026-10-30,70,Put,6250.0,SPXW261030P06250000,15.9,16.2,16.05,16.95,0.0,0.0,0.0,155.0,0.2864,-0.0406,0.0001,3.0213,-0.5861,-0.6244,16.08,0.0,0.0,0.0,18.6499996185303,down,2026-08-19T10:30:04,0.0,0.0
SPXW,2026-10-30,70,Call,6260.0,SPXW261030C06260000,1457.0,1480.9,1468.95,0.0,0.0,0.0,0.0,0.0,0.2866,0.9587,0.0001,3.055,-0.5905,11.4426,1467.1741,0.0,0.0,0.0,1449.60003662109,no_change,,0.0,0.0
SPXW,2026-10-30,70,Put,6260.0,SPXW261030P06260000,16.1,16.4,16.25,20.0,0.0,0.0,0.0,11.0,0.2851,-0.0412,0.0001,3.055,-0.5905,-0.633,16.2724,0.0,0.0,0.0,18.8500003814697,no_change,2026-08-10T15:58:10,0.0,0.0
SPXW,2026-10-30,70,Call,6270.0,SPXW261030C06270000,1451.0,1471.3,1461.15,0.0,0.0,0.0,0.0,0.0,0.2852,0.9581,0.0001,3.0893,-0.5948,11.4531,1457.4551,0.0,0.0,0.0,1439.89996337891,no_change,,0.0,0.0
SPXW,2026-10-30,70,Put,6270.0,SPXW261030P06270000,16.3,16.6,16.450000000000003,19.75,0.0,0.0,0.0,30.0,0.284,-0.0417,0.0001,3.0893,-0.5948,-0.6417,16.4677,0.0,0.0,0.0,19.1000003814697,down,2026-08-10T12:59:29,0.0,0.0
SPXW,2026-10-30,70,Call,6275.0,SPXW261030C06275000,1445.6,1466.4,1456.0,0.0,0.0,0.0,0.0,0.0,0.2848,0.9578,0.0001,3.1067,-0.597,11.4583,1452.5967,0.0,0.0,0.0,1435.5,no_change,,0.0,0.0
SPXW,2026-10-30,70,Put,6275.0,SPXW261030P06275000,16.4,16.7,16.549999999999997,16.5,-2.75,-14.2857,1.0,2301.0,0.2838,-0.042,0.0001,3.1067,-0.597,-0.6462,16.5665,16.5,16.5,16.5,19.25,down,2026-08-21T15:18:13,0.0,0.0
SPXW,2026-10-30,70,Call,6280.0,SPXW261030C06280000,1438.6,1461.5,1450.05,0.0,0.0,0.0,0.0,0.0,0.2841,0.9575,0.0001,3.1241,-0.5992,11.4635,1447.739,0.0,0.0,0.0,1430.59997558594,no_change,,0.0,0.0
SPXW,2026-10-30,70,Put,6280.0,SPXW261030P06280000,16.5,16.8,16.65,22.0,0.0,0.0,0.0,26.0,0.2829,-0.0423,0.0001,3.1241,-0.5992,-0.6506,16.6661,0.0,0.0,0.0,19.3500003814697,down,2026-08-06T14:16:07,0.0,0.0
SPXW,2026-10-30,70,Call,6290.0,SPXW261030C06290000,1427.9,1451.8,1439.85,0.0,0.0,0.0,0.0,0.0,0.2831,0.9569,0.0001,3.1594,-0.6037,11.4737,1438.0261,0.0,0.0,0.0,1420.95001220703,no_change,,0.0,0.0
SPXW,2026-10-30,70,Put,6290.0,SPXW261030P06290000,16.7,17.0,16.85,18.97,0.0,0.0,0.0,23.0,0.2818,-0.0429,0.0001,3.1594,-0.6037,-0.6597,16.8676,0.0,0.0,0.0,19.5500001907349,no_change,2026-08-20T10:09:26,0.0,0.0
SPXW,2026-10-30,70,Call,6300.0,SPXW261030C06300000,1418.6,1442.1,1430.35,1357.54,0.0,0.0,0.0,1.0,0.282,0.9563,0.0001,3.1952,-0.6082,11.4837,1428.3163,0.0,0.0,0.0,1411.29998779297,up,2026-07-15T13:42:24,0.0,0.0
SPXW,2026-10-30,70,Put,6300.0,SPXW261030P06300000,16.9,17.2,17.049999999999997,17.8,0.0,0.0,0.0,157.0,0.2806,-0.0435,0.0001,3.1952,-0.6082,-0.669,17.0722,0.0,0.0,0.0,19.8000001907349,no_change,2026-08-19T13:54:59,0.0,0.0
SPXW,2026-10-30,70,Call,6310.0,SPXW261030C06310000,1413.2,1432.4,1422.8000000000002,0.0,0.0,0.0,0.0,0.0,0.2808,0.9557,0.0001,3.2314,-0.6127,11.4935,1418.6098,0.0,0.0,0.0,1401.34997558594,no_change,,0.0,0.0
SPXW,2026-10-30,70,Put,6310.0,SPXW261030P06310000,17.1,17.4,17.25,0.0,0.0,0.0,0.0,0.0,0.2795,-0.0441,0.0001,3.2314,-0.6127,-0.6784,17.2802,0.0,0.0,0.0,20.0500001907349,no_change,,0.0,0.0
SPXW,2026-10-30,70,Call,6320.0,SPXW261030C06320000,1399.4,1422.7,1411.0500000000002,0.0,0.0,0.0,0.0,0.0,0.2797,0.9551,0.0001,3.2681,-0.6172,11.5032,1408.9067,0.0,0.0,0.0,1391.60003662109,no_change,,0.0,0.0
SPXW,2026-10-30,70,Put,6320.0,SPXW261030P06320000,17.3,17.6,17.450000000000003,0.0,0.0,0.0,0.0,0.0,0.2785,-0.0447,0.0001,3.2681,-0.6172,-0.688,17.4914,0.0,0.0,0.0,20.25,no_change,,0.0,0.0
SPXW,2026-10-30,70,Call,6325.0,SPXW261030C06325000,1398.4,1417.8,1408.1,0.0,0.0,0.0,0.0,0.0,0.279,0.9548,0.0001,3.2866,-0.6195,11.5079,1404.0564,0.0,0.0,0.0,1387.09997558594,no_change,,0.0,0.0
SPXW,2026-10-30,70,Put,6325.0,SPXW261030P06325000,17.4,17.7,17.549999999999997,17.98,0.0,0.0,0.0,45.0,0.2781,-0.045,0.0001,3.2866,-0.6195,-0.6929,17.5983,0.0,0.0,0.0,20.3999996185303,down,2026-08-13T10:28:35,0.0,0.0
SPXW,2026-10-30,70,Call,6330.0,SPXW261030C06330000,1389.1,1413.0,1401.05,0.0,0.0,0.0,0.0,0.0,0.2783,0.9545,0.0001,3.3053,-0.6218,11.5126,1399.2069,0.0,0.0,0.0,1382.45001220703,no_change,,0.0,0.0
SPXW,2026-10-30,70,Put,6330.0,SPXW261030P06330000,17.5,17.8,17.65,18.07,0.0,0.0,0.0,4.0,0.2775,-0.0454,0.0001,3.3053,-0.6218,-0.6978,17.7061,0.0,0.0,0.0,20.5500001907349,down,2026-08-14T10:16:13,0.0,0.0
SPXW,2026-10-30,70,Call,6340.0,SPXW261030C06340000,1383.7,1403.3,1393.5,0.0,0.0,0.0,0.0,0.0,0.2771,0.9538,0.0001,3.3429,-0.6264,11.5219,1389.5106,0.0,0.0,0.0,1372.59997558594,no_change,,0.0,0.0
SPXW,2026-10-30,70,Put,6340.0,SPXW261030P06340000,17.7,18.0,17.85,25.2,0.0,0.0,0.0,4.0,0.2763,-0.046,0.0001,3.3429,-0.6264,-0.7078,17.9242,0.0,0.0,0.0,20.75,down,2026-08-04T10:32:46,0.0,0.0
SPXW,2026-10-30,70,Call,6350.0,SPXW261030C06350000,1373.4,1393.6,1383.5,1413.79,0.0,0.0,0.0,128.0,0.2763,0.9532,0.0001,3.3809,-0.6311,11.531,1379.8179,0.0,0.0,0.0,1362.55004882812,down,2026-08-18T11:45:35,0.0,0.0
SPXW,2026-10-30,70,Put,6350.0,SPXW261030P06350000,17.9,18.3,18.1,18.67,0.0,0.0,0.0,129.0,0.2751,-0.0466,0.0001,3.3809,-0.6311,-0.718,18.1459,0.0,0.0,0.0,21.0500001907349,down,2026-08-19T10:47:56,0.0,0.0
SPXW,2026-10-30,70,Call,6360.0,SPXW261030C06360000,1364.5,1383.9,1374.2,1401.2,0.0,0.0,0.0,5.0,0.2751,0.9525,0.0001,3.4193,-0.6358,11.5399,1370.1288,0.0,0.0,0.0,1353.29998779297,down,2026-08-18T11:30:38,0.0,0.0
SPXW,2026-10-30,70,Put,6360.0,SPXW261030P06360000,18.2,18.5,18.35,18.4,-2.9,-13.615,31.0,15.0,0.2742,-0.0473,0.0001,3.4193,-0.6358,-0.7283,18.3712,18.4,18.4,18.4,21.3000001907349,down,2026-08-21T13:48:07,0.0,0.0
SPXW,2026-10-30,70,Call,6370.0,SPXW261030C06370000,1350.2,1372.9,1361.5500000000002,0.0,0.0,0.0,0.0,0.0,0.274,0.9518,0.0001,3.4581,-0.6406,11.5487,1360.4434,0.0,0.0,0.0,1343.20001220703,no_change,,0.0,0.0
SPXW,2026-10-30,70,Put,6370.0,SPXW261030P06370000,18.4,18.7,18.549999999999997,21.52,0.0,0.0,0.0,5.0,0.273,-0.048,0.0001,3.4581,-0.6406,-0.7389,18.6002,0.0,0.0,0.0,21.5500001907349,down,2026-08-18T09:54:13,0.0,0.0
SPXW,2026-10-30,70,Call,6375.0,SPXW261030C06375000,1346.4,1369.4,1357.9,1389.23,0.0,0.0,0.0,3.0,0.2732,0.9515,0.0001,3.4776,-0.643,11.553,1355.6021,0.0,0.0,0.0,1338.79998779297,down,2026-08-18T11:24:45,0.0,0.0
SPXW,2026-10-30,70,Put,6375.0,SPXW261030P06375000,18.5,18.8,18.65,22.5,0.0,0.0,0.0,39.0,0.2724,-0.0483,0.0001,3.4776,-0.643,-0.7442,18.7161,0.0,0.0,0.0,21.6499996185303,down,2026-08-10T12:45:11,0.0,0.0
SPXW,2026-10-30,70,Call,6380.0,SPXW261030C06380000,1344.3,1364.5,1354.4,0.0,0.0,0.0,0.0,0.0,0.2728,0.9512,0.0001,3.4973,-0.6454,11.5573,1350.7618,0.0,0.0,0.0,1334.15002441406,no_change,,0.0,0.0
SPXW,2026-10-30,70,Put,6380.0,SPXW261030P06380000,18.6,18.9,18.75,22.65,0.0,0.0,0.0,4.0,0.2718,-0.0487,0.0001,3.4973,-0.6454,-0.7496,18.833,0.0,0.0,0.0,21.8500003814697,down,2026-08-10T12:45:11,0.0,0.0
SPXW,2026-10-30,70,Call,6390.0,SPXW261030C06390000,1330.9,1353.7,1342.3000000000002,1372.37,0.0,0.0,0.0,5.0,0.2716,0.9505,0.0001,3.5369,-0.6502,11.5656,1341.084,0.0,0.0,0.0,1323.89996337891,down,2026-08-18T11:35:19,0.0,0.0
SPXW,2026-10-30,70,Put,6390.0,SPXW261030P06390000,18.9,19.2,19.049999999999997,28.4,0.0,0.0,0.0,1.0,0.2706,-0.0494,0.0001,3.5369,-0.6502,-0.7604,19.0696,0.0,0.0,0.0,22.0500001907349,up,2026-08-04T09:50:02,0.0,0.0
SPXW,2026-10-30,70,Call,6400.0,SPXW261030C06400000,1324.9,1345.2,1335.0500000000002,0.0,0.0,0.0,0.0,1.0,0.2704,0.9498,0.0001,3.5769,-0.6551,11.5739,1331.4101,0.0,0.0,0.0,1314.64996337891,no_change,,0.0,0.0
SPXW,2026-10-30,70,Put,6400.0,SPXW261030P06400000,19.1,19.4,19.25,20.2,-2.15,-9.61969,2.0,433.0,0.2697,-0.0501,0.0001,3.5769,-0.6551,-0.7715,19.3102,20.23,20.23,20.2,22.3500003814697,down,2026-08-21T10:42:30,0.0,0.0
SPXW,2026-10-30,70,Call,6410.0,SPXW261030C06410000,1315.9,1335.5,1325.7,0.0,0.0,0.0,0.0,0.0,0.2692,0.949,0.0001,3.6173,-0.66,11.582,1321.7402,0.0,0.0,0.0,1304.60003662109,no_change,,0.0,0.0
SPXW,2026-10-30,70,Put,6410.0,SPXW261030P06410000,19.3,19.7,19.5,20.69,0.0,0.0,0.0,2.0,0.2684,-0.0508,0.0001,3.6173,-0.66,-0.7827,19.5547,0.0,0.0,0.0,22.6499996185303,down,2026-08-20T09:45:44,0.0,0.0
SPXW,2026-10-30,70,Call,6420.0,SPXW261030C06420000,1306.9,1325.8,1316.35,0.0,0.0,0.0,0.0,0.0,0.2683,0.9483,0.0001,3.6582,-0.665,11.5899,1312.0744,0.0,0.0,0.0,1295.75,no_change,,0.0,0.0
SPXW,2026-10-30,70,Put,6420.0,SPXW261030P06420000,19.6,19.9,19.75,20.7,0.0,0.0,0.0,2.0,0.2673,-0.0515,0.0001,3.6582,-0.665,-0.794,19.8033,0.0,0.0,0.0,22.9499998092651,down,2026-08-19T09:45:50,0.0,0.0
SPXW,2026-10-30,70,Call,6425.0,SPXW261030C06425000,1300.7,1321.0,1310.85,0.0,0.0,0.0,0.0,0.0,0.2675,0.9479,0.0001,3.6788,-0.6674,11.5938,1307.243,0.0,0.0,0.0,1290.15002441406,no_change,,0.0,0.0
SPXW,2026-10-30,70,Put,6425.0,SPXW261030P06425000,19.7,20.0,19.85,23.5,0.0,0.0,0.0,59.0,0.2669,-0.0519,0.0001,3.6788,-0.6674,-0.7998,19.9292,0.0,0.0,0.0,23.0500001907349,no_change,2026-08-11T10:20:11,0.0,0.0
SPXW,2026-10-30,70,Call,6430.0,SPXW261030C06430000,1292.2,1316.1,1304.15,0.0,0.0,0.0,0.0,0.0,0.2671,0.9475,0.0001,3.6995,-0.67,11.5976,1302.4127,0.0,0.0,0.0,1285.75,no_change,,0.0,0.0
SPXW,2026-10-30,70,Put,6430.0,SPXW261030P06430000,19.9,20.2,20.049999999999997,20.85,0.0,0.0,0.0,2.0,0.2662,-0.0523,0.0001,3.6995,-0.67,-0.8056,20.056,0.0,0.0,0.0,23.25,down,2026-08-13T09:34:05,0.0,0.0
SPXW,2026-10-30,70,Call,6440.0,SPXW261030C06440000,1286.2,1306.5,1296.35,0.0,0.0,0.0,0.0,0.0,0.2658,0.9468,0.0001,3.7413,-0.675,11.6052,1292.7552,0.0,0.0,0.0,1275.70001220703,no_change,,0.0,0.0
SPXW,2026-10-30,70,Put,6440.0,SPXW261030P06440000,20.1,20.4,20.25,26.82,0.0,0.0,0.0,10.0,0.2653,-0.053,0.0001,3.7413,-0.675,-0.8172,20.3129,0.0,0.0,0.0,23.5500001907349,down,2026-08-05T14:31:36,0.0,0.0
SPXW,2026-10-30,70,Call,6450.0,SPXW261030C06450000,1273.4,1296.8,1285.1,0.0,0.0,0.0,0.0,0.0,0.2649,0.946,0.0001,3.7836,-0.6801,11.6126,1283.1019,0.0,0.0,0.0,1266.10003662109,no_change,,0.0,0.0
SPXW,2026-10-30,70,Put,6450.0,SPXW261030P06450000,20.4,20.7,20.549999999999997,20.8,-3.05,-12.7883,10.0,164.0,0.264,-0.0538,0.0001,3.7836,-0.6801,-0.8291,20.5741,20.4,20.8,20.4,23.8500003814697,up,2026-08-21T15:55:08,0.0,0.0
SPXW,2026-10-30,70,Call,6460.0,SPXW261030C06460000,1263.2,1285.8,1274.5,0.0,0.0,0.0,0.0,0.0,0.2636,0.9452,0.0001,3.8265,-0.6852,11.6199,1273.453,0.0,0.0,0.0,1256.45001220703,no_change,,0.0,0.0
SPXW,2026-10-30,70,Put,6460.0,SPXW261030P06460000,20.6,21.0,20.8,27.64,0.0,0.0,0.0,13.0,0.263,-0.0546,0.0001,3.8265,-0.6852,-0.8411,20.8396,0.0,0.0,0.0,24.1499996185303,no_change,2026-08-06T10:40:38,0.0,0.0
SPXW,2026-10-30,70,Call,6470.0,SPXW261030C06470000,1253.5,1277.5,1265.5,0.0,0.0,0.0,0.0,0.0,0.2626,0.9444,0.0001,3.87,-0.6904,11.6269,1263.8085,0.0,0.0,0.0,1246.94995117188,no_change,,0.0,0.0
SPXW,2026-10-30,70,Put,6470.0,SPXW261030P06470000,20.9,21.2,21.049999999999997,23.87,0.0,0.0,0.0,15.0,0.2618,-0.0554,0.0001,3.87,-0.6904,-0.8533,21.1094,0.0,0.0,0.0,24.4499998092651,no_change,2026-08-12T11:00:53,0.0,0.0
SPXW,2026-10-30,70,Call,6475.0,SPXW261030C06475000,1249.7,1272.7,1261.2,1341.9,0.0,0.0,0.0,108.0,0.2621,0.944,0.0001,3.8919,-0.693,11.6304,1258.9879,0.0,0.0,0.0,1242.15002441406,up,2026-08-17T15:40:21,0.0,0.0
SPXW,2026-10-30,70,Put,6475.0,SPXW261030P06475000,21.0,21.4,21.2,21.7,0.0,0.0,0.0,71.0,0.2613,-0.0558,0.0001,3.8919,-0.693,-0.8595,21.2461,0.0,0.0,0.0,24.5500001907349,up,2026-08-19T15:55:51,0.0,0.0
SPXW,2026-10-30,70,Call,6480.0,SPXW261030C06480000,1248.7,1267.9,1258.3000000000002,1286.29,0.0,0.0,0.0,5.0,0.2614,0.9436,0.0001,3.914,-0.6956,11.6338,1254.1684,0.0,0.0,0.0,1237.70001220703,down,2026-08-18T11:41:28,0.0,0.0
SPXW,2026-10-30,70,Put,6480.0,SPXW261030P06480000,21.1,21.5,21.3,50.63,0.0,0.0,0.0,0.0,0.2608,-0.0562,0.0001,3.914,-0.6956,-0.8658,21.3838,0.0,0.0,0.0,24.75,up,2026-07-28T15:04:07,0.0,0.0
SPXW,2026-10-30,70,Call,6490.0,SPXW261030C06490000,1238.7,1258.2,1248.45,0.0,0.0,0.0,0.0,0.0,0.2604,0.9428,0.0001,3.9588,-0.7008,11.6404,1244.5329,0.0,0.0,0.0,1228.09997558594,no_change,,0.0,0.0
SPXW,2026-10-30,70,Put,6490.0,SPXW261030P06490000,21.4,21.8,21.6,21.58,0.0,0.0,0.0,22.0,0.2596,-0.0571,0.0001,3.9588,-0.7008,-0.8784,21.6628,0.0,0.0,0.0,25.0500001907349,down,2026-08-14T15:34:33,0.0,0.0
SPXW,2026-10-30,70,Call,6500.0,SPXW261030C06500000,1228.1,1248.6,1238.35,1322.05,0.0,0.0,0.0,13.0,0.2593,0.9419,0.0001,4.0042,-0.7061,11.6468,1234.9021,0.0,0.0,0.0,1218.15002441406,up,2026-08-10T14:15:54,0.0,0.0
SPXW,2026-10-30,70,Put,6500.0,SPXW261030P06500000,21.7,22.1,21.9,22.0,-3.35,-13.215,59.0,431.0,0.2587,-0.0579,0.0001,4.0042,-0.7061,-0.8912,21.9464,22.5,22.5,21.8,25.3500003814697,up,2026-08-21T15:56:25,0.0,0.0
SPXW,2026-10-30,70,Call,6510.0,SPXW261030C06510000,1215.0,1237.6,1226.3,1260.09,0.0,0.0,0.0,18.0,0.258,0.9411,0.0001,4.0504,-0.7114,11.653,1225.2761,0.0,0.0,0.0,1208.5,down,2026-08-18T11:45:35,0.0,0.0
SPXW,2026-10-30,70,Put,6510.0,SPXW261030P06510000,22.0,22.3,22.15,24.45,0.0,0.0,0.0,38.0,0.2575,-0.0588,0.0001,4.0504,-0.7114,-0.9043,22.2347,0.0,0.0,0.0,25.6499996185303,up,2026-08-20T10:26:36,0.0,0.0
SPXW,2026-10-30,70,Call,6520.0,SPXW261030C06520000,1205.3,1228.0,1216.65,0.0,0.0,0.0,0.0,0.0,0.257,0.9402,0.0001,4.0972,-0.7168,11.6589,1215.6549,0.0,0.0,0.0,1198.89996337891,no_change,,0.0,0.0
SPXW,2026-10-30,70,Put,6520.0,SPXW261030P06520000,22.3,22.6,22.450000000000003,23.23,0.0,0.0,0.0,45.0,0.2564,-0.0596,0.0001,4.0972,-0.7168,-0.9177,22.528,0.0,0.0,0.0,26.0500001907349,down,2026-08-13T09:30:04,0.0,0.0
SPXW,2026-10-30,70,Call,6525.0,SPXW261030C06525000,1204.5,1224.5,1214.5,0.0,0.0,0.0,0.0,1.0,0.2565,0.9397,0.0001,4.121,-0.7195,11.6618,1210.8462,0.0,0.0,0.0,1194.5,no_change,,0.0,0.0
SPXW,2026-10-30,70,Put,6525.0,SPXW261030P06525000,22.4,22.8,22.6,26.2,0.0,0.0,0.0,53.0,0.2559,-0.0601,0.0001,4.121,-0.7195,-0.9245,22.6765,0.0,0.0,0.0,26.1499996185303,up,2026-08-20T15:56:34,0.0,0.0
SPXW,2026-10-30,70,Call,6530.0,SPXW261030C06530000,1195.7,1218.4,1207.0500000000002,0.0,0.0,0.0,0.0,0.0,0.2559,0.9393,0.0001,4.1449,-0.7222,11.6645,1206.0387,0.0,0.0,0.0,1189.75,no_change,,0.0,0.0
SPXW,2026-10-30,70,Put,6530.0,SPXW261030P06530000,22.6,22.9,22.75,24.6,0.0,0.0,0.0,4.0,0.2553,-0.0605,0.0001,4.1449,-0.7222,-0.9313,22.8262,0.0,0.0,0.0,26.3500003814697,up,2026-08-20T09:53:43,0.0,0.0
SPXW,2026-10-30,70,Call,6540.0,SPXW261030C06540000,1186.7,1210.1,1198.4,0.0,0.0,0.0,0.0,0.0,0.2549,0.9384,0.0001,4.1932,-0.7277,11.6699,1196.4276,0.0,0.0,0.0,1179.79998779297,no_change,,0.0,0.0
SPXW,2026-10-30,70,Put,6540.0,SPXW261030P06540000,22.9,23.2,23.049999999999997,0.0,0.0,0.0,0.0,0.0,0.2542,-0.0614,0.0001,4.1932,-0.7277,-0.9453,23.1295,0.0,0.0,0.0,26.6499996185303,no_change,,0.0,0.0
SPXW,2026-10-30,70,Call,6550.0,SPXW261030C06550000,1180.7,1200.5,1190.6,0.0,0.0,0.0,0.0,0.0,0.2538,0.9375,0.0001,4.2423,-0.7332,11.6749,1186.8218,0.0,0.0,0.0,1170.25,no_change,,0.0,0.0
SPXW,2026-10-30,70,Put,6550.0,SPXW261030P06550000,23.2,23.5,23.35,24.65,-2.4,-8.87246,6.0,63.0,0.2531,-0.0624,0.0001,4.2423,-0.7332,-0.9595,23.4381,24.65,24.65,24.65,27.0500001907349,up,2026-08-21T09:53:16,0.0,0.0
SPXW,2026-10-30,70,Call,6560.0,SPXW261030C06560000,1170.6,1190.9,1180.75,0.0,0.0,0.0,0.0,0.0,0.2524,0.9365,0.0001,4.2921,-0.7387,11.6797,1177.2213,0.0,0.0,0.0,1161.04998779297,no_change,,0.0,0.0
SPXW,2026-10-30,70,Put,6560.0,SPXW261030P06560000,23.5,23.9,23.7,24.0,0.0,0.0,0.0,10.0,0.252,-0.0633,0.0001,4.2921,-0.7387,-0.974,23.752,0.0,0.0,0.0,27.4499998092651,down,2026-08-13T15:59:25,0.0,0.0
SPXW,2026-10-30,70,Call,6570.0,SPXW261030C06570000,1157.3,1179.8,1168.55,0.0,0.0,0.0,0.0,0.0,0.2513,0.9356,0.0001,4.3425,-0.7443,11.6841,1167.6262,0.0,0.0,0.0,1151.15002441406,no_change,,0.0,0.0
SPXW,2026-10-30,70,Put,6570.0,SPXW261030P06570000,23.8,24.2,24.0,27.82,0.0,0.0,0.0,55.0,0.251,-0.0643,0.0001,4.3425,-0.7443,-0.9889,24.0714,0.0,0.0,0.0,27.75,up,2026-08-20T15:30:03,0.0,0.0
SPXW,2026-10-30,70,Call,6575.0,SPXW261030C06575000,1155.7,1176.5,1166.1,0.0,0.0,0.0,0.0,0.0,0.2508,0.9351,0.0001,4.368,-0.7471,11.6862,1162.8308,0.0,0.0,0.0,1146.75,no_change,,0.0,0.0
SPXW,2026-10-30,70,Put,6575.0,SPXW261030P06575000,24.0,24.3,24.15,27.7,0.0,0.0,0.0,98.0,0.2503,-0.0647,0.0001,4.368,-0.7471,-0.9964,24.2332,0.0,0.0,0.0,27.9499998092651,down,2026-08-20T15:55:04,0.0,0.0
SPXW,2026-10-30,70,Call,6580.0,SPXW261030C06580000,1148.3,1171.7,1160.0,0.0,0.0,0.0,0.0,0.0,0.2505,0.9346,0.0001,4.3936,-0.75,11.6882,1158.0368,0.0,0.0,0.0,1141.95001220703,no_change,,0.0,0.0
SPXW,2026-10-30,70,Put,6580.0,SPXW261030P06580000,24.1,24.5,24.3,24.3,0.0,0.0,0.0,9.0,0.2498,-0.0652,0.0001,4.3936,-0.75,-1.004,24.3964,0.0,0.0,0.0,28.1499996185303,down,2026-08-17T09:46:37,0.0,0.0
SPXW,2026-10-30,70,Call,6590.0,SPXW261030C06590000,1138.2,1162.1,1150.15,0.0,0.0,0.0,0.0,0.0,0.2493,0.9336,0.0001,4.4454,-0.7556,11.692,1148.4532,0.0,0.0,0.0,1132.05004882812,no_change,,0.0,0.0
SPXW,2026-10-30,70,Put,6590.0,SPXW261030P06590000,24.5,24.8,24.65,24.8,0.0,0.0,0.0,19.0,0.2487,-0.0662,0.0001,4.4454,-0.7556,-1.0195,24.7272,0.0,0.0,0.0,28.5500001907349,down,2026-08-13T16:00:39,0.0,0.0
SPXW,2026-10-30,70,Call,6600.0,SPXW261030C06600000,1131.7,1152.5,1142.1,0.0,0.0,0.0,0.0,0.0,0.2482,0.9326,0.0002,4.4977,-0.7613,11.6954,1138.8754,0.0,0.0,0.0,1122.45001220703,no_change,,0.0,0.0
SPXW,2026-10-30,70,Put,6600.0,SPXW261030P06600000,24.8,25.2,25.0,28.8,0.0,0.0,0.0,464.0,0.2476,-0.0672,0.0002,4.4977,-0.7613,-1.0353,25.0638,0.0,0.0,0.0,28.9000005722046,up,2026-08-18T15:59:08,0.0,0.0
SPXW,2026-10-30,70,Call,6610.0,SPXW261030C06610000,1122.7,1142.9,1132.8000000000002,0.0,0.0,0.0,0.0,0.0,0.247,0.9316,0.0002,4.5505,-0.7671,11.6986,1129.3037,0.0,0.0,0.0,1113.35003662109,no_change,,0.0,0.0
SPXW,2026-10-30,70,Put,6610.0,SPXW261030P06610000,25.1,25.5,25.3,29.7,0.0,0.0,0.0,26.0,0.2466,-0.0683,0.0002,4.5505,-0.7671,-1.0515,25.4065,0.0,0.0,0.0,29.3000001907349,down,2026-08-11T09:32:03,0.0,0.0
SPXW,2026-10-30,70,Call,6620.0,SPXW261030C06620000,1109.4,1131.9,1120.65,0.0,0.0,0.0,0.0,0.0,0.2459,0.9305,0.0002,4.6039,-0.7729,11.7014,1119.7381,0.0,0.0,0.0,1103.45001220703,no_change,,0.0,0.0
SPXW,2026-10-30,70,Put,6620.0,SPXW261030P06620000,25.5,25.9,25.7,28.77,0.0,0.0,0.0,29.0,0.2455,-0.0693,0.0002,4.6039,-0.7729,-1.0679,25.7553,0.0,0.0,0.0,29.6499996185303,no_change,2026-08-12T11:00:53,0.0,0.0
SPXW,2026-10-30,70,Call,6625.0,SPXW261030C06625000,1107.8,1128.6,1118.1999999999998,0.0,0.0,0.0,0.0,0.0,0.2453,0.93,0.0002,4.6308,-0.7758,11.7028,1114.9577,0.0,0.0,0.0,1099.04998779297,no_change,,0.0,0.0
SPXW,2026-10-30,70,Put,6625.0,SPXW261030P06625000,25.7,26.0,25.85,27.5,0.0,0.0,0.0,90.0,0.2449,-0.0698,0.0002,4.6308,-0.7758,-1.0762,25.9321,0.0,0.0,0.0,29.8500003814697,up,2026-08-17T15:59:06,0.0,0.0
SPXW,2026-10-30,70,Call,6630.0,SPXW261030C06630000,1099.8,1122.2,1111.0,0.0,0.0,0.0,0.0,0.0,0.2449,0.9294,0.0002,4.6578,-0.7787,11.704,1110.1788,0.0,0.0,0.0,1094.59997558594,no_change,,0.0,0.0
SPXW,2026-10-30,70,Put,6630.0,SPXW261030P06630000,25.8,26.2,26.0,29.05,0.0,0.0,0.0,10.0,0.2444,-0.0704,0.0002,4.6578,-0.7787,-1.0846,26.1104,0.0,0.0,0.0,30.0500001907349,down,2026-08-12T09:38:42,0.0,0.0
SPXW,2026-10-30,70,Call,6640.0,SPXW261030C06640000,1090.2,1112.7,1101.45,0.0,0.0,0.0,0.0,0.0,0.2437,0.9284,0.0002,4.7122,-0.7846,11.7063,1100.6259,0.0,0.0,0.0,1084.75,no_change,,0.0,0.0
SPXW,2026-10-30,70,Put,6640.0,SPXW261030P06640000,26.2,26.6,26.4,30.14,0.0,0.0,0.0,6.0,0.2434,-0.0715,0.0002,4.7122,-0.7846,-1.1016,26.4719,0.0,0.0,0.0,30.5,up,2026-08-18T09:32:04,0.0,0.0
SPXW,2026-10-30,70,Call,6650.0,SPXW261030C06650000,1084.4,1104.7,1094.5500000000002,0.0,0.0,0.0,0.0,0.0,0.2425,0.9272,0.0002,4.7672,-0.7906,11.7083,1091.0794,0.0,0.0,0.0,1075.5,no_change,,0.0,0.0
SPXW,2026-10-30,70,Put,6650.0,SPXW261030P06650000,26.6,26.9,26.75,27.03,-3.87,-12.5243,7.0,194.0,0.2422,-0.0726,0.0002,4.7672,-0.7906,-1.1188,26.8399,28.2,28.2,27.03,30.9000005722046,down,2026-08-21T14:09:52,0.0,0.0
SPXW,2026-10-30,70,Call,6660.0,SPXW261030C06660000,1071.1,1093.7,1082.4,0.0,0.0,0.0,0.0,0.0,0.2415,0.9261,0.0002,4.8226,-0.7965,11.7101,1081.5397,0.0,0.0,0.0,1065.39996337891,no_change,,0.0,0.0
SPXW,2026-10-30,70,Put,6660.0,SPXW261030P06660000,26.9,27.3,27.1,31.1,0.0,0.0,0.0,23.0,0.2411,-0.0737,0.0002,4.8226,-0.7965,-1.1363,27.2146,0.0,0.0,0.0,31.3500003814697,up,2026-08-20T14:50:09,0.0,0.0
SPXW,2026-10-30,70,Call,6670.0,SPXW261030C06670000,1065.9,1085.6,1075.75,0.0,0.0,0.0,0.0,0.0,0.2405,0.925,0.0002,4.8786,-0.8025,11.7116,1072.0066,0.0,0.0,0.0,1055.95001220703,no_change,,0.0,0.0
SPXW,2026-10-30,70,Put,6670.0,SPXW261030P06670000,27.3,27.7,27.5,28.24,0.0,0.0,0.0,52.0,0.2401,-0.0749,0.0002,4.8786,-0.8025,-1.1541,27.5959,0.0,0.0,0.0,31.75,up,2026-08-13T09:30:05,0.0,0.0
SPXW,2026-10-30,70,Call,6675.0,SPXW261030C06675000,1056.8,1079.6,1068.1999999999998,1133.11,0.0,0.0,0.0,14.0,0.2399,0.9244,0.0002,4.9068,-0.8056,11.7122,1067.2426,0.0,0.0,0.0,1051.79998779297,down,2026-08-11T14:26:29,0.0,0.0
SPXW,2026-10-30,70,Put,6675.0,SPXW261030P06675000,27.5,27.9,27.7,27.97,0.0,0.0,0.0,689.0,0.2396,-0.0754,0.0002,4.9068,-0.8056,-1.1631,27.7892,0.0,0.0,0.0,31.9499988555908,no_change,2026-08-13T15:00:09,0.0,0.0
SPXW,2026-10-30,70,Call,6680.0,SPXW261030C06680000,1057.2,1076.0,1066.6,0.0,0.0,0.0,0.0,0.0,0.2393,0.9238,0.0002,4.9352,-0.8086,11.7128,1062.4804,0.0,0.0,0.0,1046.45001220703,no_change,,0.0,0.0
SPXW,2026-10-30,70,Put,6680.0,SPXW261030P06680000,27.7,28.1,27.9,28.38,0.0,0.0,0.0,195.0,0.239,-0.076,0.0002,4.9352,-0.8086,-1.1722,27.9841,0.0,0.0,0.0,32.2000007629394,down,2026-08-19T14:06:18,0.0,0.0
SPXW,2026-10-30,70,Call,6690.0,SPXW261030C06690000,1046.9,1066.5,1056.7,0.0,0.0,0.0,0.0,0.0,0.2382,0.9226,0.0002,4.9925,-0.8147,11.7137,1052.9612,0.0,0.0,0.0,1037.35003662109,no_change,,0.0,0.0
SPXW,2026-10-30,70,Put,6690.0,SPXW261030P06690000,28.1,28.4,28.25,28.03,-4.62,-14.1501,6.0,6.0,0.238,-0.0772,0.0002,4.9925,-0.8147,-1.1905,28.3793,28.03,28.03,28.03,32.6499996185303,down,2026-08-21T15:41:40,0.0,0.0
SPXW,2026-10-30,70,Call,6700.0,SPXW261030C06700000,1036.9,1057.0,1046.95,922.41,0.0,0.0,0.0,5.0,0.2372,0.9214,0.0002,5.0505,-0.8208,11.7144,1043.449,0.0,0.0,0.0,1027.85000610352,down,2026-05-18T11:13:26,0.0,0.0
SPXW,2026-10-30,70,Put,6700.0,SPXW261030P06700000,28.5,28.9,28.7,33.0,0.0,0.0,0.0,732.0,0.2369,-0.0784,0.0002,5.0505,-0.8208,-1.2091,28.7815,0.0,0.0,0.0,33.1000003814697,up,2026-08-20T15:49:18,0.0,0.0
SPXW,2026-10-30,70,Call,6710.0,SPXW261030C06710000,1023.5,1045.5,1034.5,0.0,0.0,0.0,0.0,0.0,0.2361,0.9202,0.0002,5.1093,-0.827,11.7148,1033.944,0.0,0.0,0.0,1018.15002441406,no_change,,0.0,0.0
SPXW,2026-10-30,70,Put,6710.0,SPXW261030P06710000,28.9,29.3,29.1,30.67,0.0,0.0,0.0,31.0,0.2358,-0.0797,0.0002,5.1093,-0.827,-1.228,29.191,0.0,0.0,0.0,33.5500011444092,down,2026-08-17T15:59:00,0.0,0.0
SPXW,2026-10-30,70,Call,6720.0,SPXW261030C06720000,1017.2,1038.0,1027.6,0.0,0.0,0.0,0.0,0.0,0.235,0.9189,0.0002,5.1689,-0.8332,11.7148,1024.4464,0.0,0.0,0.0,1008.95001220703,no_change,,0.0,0.0
SPXW,2026-10-30,70,Put,6720.0,SPXW261030P06720000,29.3,29.7,29.5,29.83,-4.17,-12.2647,1.0,14.0,0.2347,-0.0809,0.0002,5.1689,-0.8332,-1.2472,29.6078,29.83,29.83,29.83,34.0,down,2026-08-21T14:09:52,0.0,0.0
SPXW,2026-10-30,70,Call,6725.0,SPXW261030C06725000,1013.0,1033.2,1023.1,911.97,0.0,0.0,0.0,5.0,0.2344,0.9182,0.0002,5.199,-0.8364,11.7147,1019.7004,0.0,0.0,0.0,1004.25,up,2026-07-21T14:39:41,0.0,0.0
SPXW,2026-10-30,70,Put,6725.0,SPXW261030P06725000,29.5,29.9,29.7,29.58,0.0,0.0,0.0,205.0,0.2341,-0.0816,0.0002,5.199,-0.8364,-1.2569,29.819,0.0,0.0,0.0,34.25,down,2026-08-19T11:13:19,0.0,0.0
SPXW,2026-10-30,70,Call,6730.0,SPXW261030C06730000,1007.7,1028.5,1018.1,0.0,0.0,0.0,0.0,0.0,0.2339,0.9176,0.0002,5.2294,-0.8395,11.7145,1014.9563,0.0,0.0,0.0,999.899993896484,no_change,,0.0,0.0
SPXW,2026-10-30,70,Put,6730.0,SPXW261030P06730000,29.7,30.1,29.9,29.6,0.0,0.0,0.0,10.0,0.2336,-0.0822,0.0002,5.2294,-0.8395,-1.2668,30.0321,0.0,0.0,0.0,34.5,down,2026-08-14T13:32:22,0.0,0.0
SPXW,2026-10-30,70,Call,6740.0,SPXW261030C06740000,998.2,1019.0,1008.6,0.0,0.0,0.0,0.0,0.0,0.2328,0.9163,0.0002,5.2909,-0.8458,11.7138,1005.4738,0.0,0.0,0.0,990.349975585938,no_change,,0.0,0.0
SPXW,2026-10-30,70,Put,6740.0,SPXW261030P06740000,30.2,30.5,30.35,49.1,0.0,0.0,0.0,2.0,0.2325,-0.0835,0.0002,5.2909,-0.8458,-1.2867,30.4641,0.0,0.0,0.0,34.9499988555908,down,2026-08-03T11:20:00,0.0,0.0
SPXW,2026-10-30,70,Call,6750.0,SPXW261030C06750000,989.7,1009.5,999.6,1105.48,0.0,0.0,0.0,4.0,0.2317,0.915,0.0002,5.3533,-0.8521,11.7127,995.9992,0.0,0.0,0.0,980.899993896484,up,2026-08-14T13:26:10,0.0,0.0
SPXW,2026-10-30,70,Put,6750.0,SPXW261030P06750000,30.6,30.9,30.75,30.4,-5.05,-14.2454,250.0,557.0,0.2315,-0.0849,0.0002,5.3533,-0.8521,-1.3071,30.9039,30.4,30.4,30.4,35.4499988555908,no_change,2026-08-21T15:36:09,0.0,0.0
SPXW,2026-10-30,70,Call,6760.0,SPXW261030C06760000,981.3,1000.0,990.65,0.0,0.0,0.0,0.0,0.0,0.2305,0.9136,0.0002,5.4167,-0.8585,11.7111,986.5326,0.0,0.0,0.0,971.0,no_change,,0.0,0.0
SPXW,2026-10-30,70,Put,6760.0,SPXW261030P06760000,31.0,31.4,31.2,31.44,0.0,0.0,0.0,40.0,0.2304,-0.0862,0.0002,5.4167,-0.8585,-1.328,31.3517,0.0,0.0,0.0,35.9499988555908,down,2026-08-19T14:48:24,0.0,0.0
SPXW,2026-10-30,70,Call,6770.0,SPXW261030C06770000,970.6,990.6,980.6,0.0,0.0,0.0,0.0,0.0,0.2296,0.9122,0.0002,5.481,-0.8649,11.7091,977.0743,0.0,0.0,0.0,962.149993896484,no_change,,0.0,0.0
SPXW,2026-10-30,70,Put,6770.0,SPXW261030P06770000,31.5,31.8,31.65,34.13,0.0,0.0,0.0,12.0,0.2293,-0.0876,0.0002,5.481,-0.8649,-1.3493,31.8078,0.0,0.0,0.0,36.5,no_change,2026-08-12T09:30:03,0.0,0.0
SPXW,2026-10-30,70,Call,6775.0,SPXW261030C06775000,961.8,984.2,973.0,0.0,0.0,0.0,0.0,0.0,0.2289,0.9115,0.0002,5.5136,-0.8681,11.7079,972.3483,0.0,0.0,0.0,957.449981689453,no_change,,0.0,0.0
SPXW,2026-10-30,70,Put,6775.0,SPXW261030P06775000,31.7,32.1,31.9,31.5,-5.25,-14.2857,36.0,173.0,0.2287,-0.0883,0.0002,5.5136,-0.8681,-1.3601,32.039,31.5,31.5,31.5,36.75,down,2026-08-21T15:36:43,0.0,0.0
SPXW,2026-10-30,70,Call,6780.0,SPXW261030C06780000,960.2,981.1,970.6500000000001,0.0,0.0,0.0,0.0,0.0,0.2284,0.9108,0.0002,5.5463,-0.8713,11.7066,967.6244,0.0,0.0,0.0,952.050018310547,no_change,,0.0,0.0
SPXW,2026-10-30,70,Put,6780.0,SPXW261030P06780000,31.9,32.3,32.099999999999994,33.16,0.0,0.0,0.0,43.0,0.2282,-0.089,0.0002,5.5463,-0.8713,-1.3711,32.2723,0.0,0.0,0.0,37.0,down,2026-08-17T14:29:10,0.0,0.0
SPXW,2026-10-30,70,Call,6790.0,SPXW261030C06790000,952.7,971.7,962.2,0.0,0.0,0.0,0.0,0.0,0.2274,0.9094,0.0002,5.6125,-0.8778,11.7035,958.1832,0.0,0.0,0.0,942.849975585938,no_change,,0.0,0.0
SPXW,2026-10-30,70,Put,6790.0,SPXW261030P06790000,32.4,32.8,32.599999999999994,32.28,-5.27,-14.0346,30.0,61.0,0.2272,-0.0905,0.0002,5.6125,-0.8778,-1.3934,32.7455,32.45,32.45,32.28,37.5500011444092,down,2026-08-21T15:41:40,0.0,0.0
SPXW,2026-10-30,70,Call,6800.0,SPXW261030C06800000,942.3,962.2,952.25,822.93,0.0,0.0,0.0,10.0,0.2262,0.9079,0.0002,5.6796,-0.8843,11.6999,948.7509,0.0,0.0,0.0,932.899993896484,no_change,2026-07-31T15:58:55,0.0,0.0
SPXW,2026-10-30,70,Put,6800.0,SPXW261030P06800000,32.9,33.3,33.099999999999994,33.0,-5.05,-13.272,1.0,790.0,0.2261,-0.0919,0.0002,5.6796,-0.8843,-1.4162,33.2276,33.0,33.0,33.0,38.0500011444092,down,2026-08-21T11:38:02,0.0,0.0
SPXW,2026-10-30,70,Call,6810.0,SPXW261030C06810000,932.8,952.8,942.8,1027.49,0.0,0.0,0.0,8.0,0.2252,0.9064,0.0002,5.7474,-0.8909,11.6958,939.3278,0.0,0.0,0.0,923.600006103516,down,2026-08-05T11:47:29,0.0,0.0
SPXW,2026-10-30,70,Put,6810.0,SPXW261030P06810000,33.4,33.8,33.599999999999994,38.5,0.0,0.0,0.0,115.0,0.225,-0.0934,0.0002,5.7474,-0.8909,-1.4396,33.7189,0.0,0.0,0.0,38.6000003814697,no_change,2026-08-20T16:13:48,0.0,0.0
SPXW,2026-10-30,70,Call,6820.0,SPXW261030C06820000,924.3,943.4,933.8499999999999,0.0,0.0,0.0,0.0,275.0,0.2241,0.9049,0.0002,5.8158,-0.8975,11.6912,929.914,0.0,0.0,0.0,914.200012207031,no_change,,0.0,0.0
SPXW,2026-10-30,70,Put,6820.0,SPXW261030P06820000,33.9,34.3,34.099999999999994,33.0,0.0,0.0,0.0,10.0,0.224,-0.0949,0.0002,5.8158,-0.8975,-1.4635,34.2195,0.0,0.0,0.0,39.2000007629394,no_change,2026-08-13T10:52:42,0.0,0.0
SPXW,2026-10-30,70,Call,6825.0,SPXW261030C06825000,918.7,938.7,928.7,1036.35,0.0,0.0,0.0,10.0,0.2236,0.9041,0.0002,5.8503,-0.9008,11.6888,925.2107,0.0,0.0,0.0,909.550018310547,no_change,2026-08-14T13:21:15,0.0,0.0
SPXW,2026-10-30,70,Put,6825.0,SPXW261030P06825000,34.1,34.5,34.3,34.6,-4.85,-12.294,10.0,218.0,0.2234,-0.0957,0.0002,5.8503,-0.9008,-1.4756,34.4735,33.9,34.6,33.9,39.4499988555908,up,2026-08-21T15:55:02,0.0,0.0
SPXW,2026-10-30,70,Call,6830.0,SPXW261030C06830000,914.7,934.0,924.35,0.0,0.0,0.0,0.0,0.0,0.2231,0.9033,0.0002,5.885,-0.9041,11.6862,920.5098,0.0,0.0,0.0,904.850006103516,no_change,,0.0,0.0
SPXW,2026-10-30,70,Put,6830.0,SPXW261030P06830000,34.4,34.8,34.599999999999994,38.0,0.0,0.0,0.0,26.0,0.2229,-0.0965,0.0002,5.885,-0.9041,-1.4878,34.7298,0.0,0.0,0.0,39.75,down,2026-08-20T11:36:52,0.0,0.0
SPXW,2026-10-30,70,Call,6840.0,SPXW261030C06840000,904.6,924.6,914.6,0.0,0.0,0.0,0.0,92.0,0.222,0.9017,0.0002,5.9547,-0.9108,11.6806,911.1155,0.0,0.0,0.0,895.550018310547,no_change,,0.0,0.0
SPXW,2026-10-30,70,Put,6840.0,SPXW261030P06840000,34.9,35.3,35.099999999999994,38.87,0.0,0.0,0.0,40.0,0.2219,-0.0981,0.0002,5.9547,-0.9108,-1.5127,35.2499,0.0,0.0,0.0,40.3500003814697,no_change,2026-08-20T10:09:26,0.0,0.0
SPXW,2026-10-30,70,Call,6850.0,SPXW261030C06850000,894.9,915.2,905.05,663.98,0.0,0.0,0.0,4.0,0.2209,0.9001,0.0002,6.025,-0.9174,11.6746,901.7312,0.0,0.0,0.0,886.200012207031,down,2026-07-29T12:04:23,0.0,0.0
SPXW,2026-10-30,70,Put,6850.0,SPXW261030P06850000,35.4,35.8,35.599999999999994,40.5,0.0,0.0,0.0,264.0,0.2207,-0.0997,0.0002,6.025,-0.9174,-1.5379,35.7801,0.0,0.0,0.0,40.8999996185303,up,2026-08-20T16:04:02,0.0,0.0
SPXW,2026-10-30,70,Call,6860.0,SPXW261030C06860000,890.8,896.9,893.8499999999999,0.0,0.0,0.0,0.0,2.0,0.2198,0.8985,0.0002,6.0959,-0.9242,11.6682,892.3572,0.0,0.0,0.0,876.899993896484,no_change,,0.0,0.0
SPXW,2026-10-30,70,Put,6860.0,SPXW261030P06860000,36.0,36.4,36.2,36.0,-5.5,-13.253,10.0,37.0,0.2197,-0.1013,0.0002,6.0959,-0.9242,-1.5636,36.3205,36.0,36.0,36.0,41.5,down,2026-08-21T14:57:11,0.0,0.0
SPXW,2026-10-30,70,Call,6865.0,SPXW261030C06865000,886.2,892.2,889.2,0.0,0.0,0.0,0.0,0.0,0.2192,0.8976,0.0002,6.1315,-0.9275,11.6648,887.6741,0.0,0.0,0.0,872.25,no_change,,0.0,0.0
SPXW,2026-10-30,70,Put,6865.0,SPXW261030P06865000,36.2,36.6,36.400000000000006,46.15,0.0,0.0,0.0,25.0,0.2192,-0.1022,0.0002,6.1315,-0.9275,-1.5767,36.5946,0.0,0.0,0.0,41.7999992370606,no_change,2026-08-05T09:31:21,0.0,0.0
SPXW,2026-10-30,70,Call,6870.0,SPXW261030C06870000,881.5,887.5,884.5,0.0,0.0,0.0,0.0,0.0,0.2188,0.8968,0.0002,6.1673,-0.9309,11.6613,882.9937,0.0,0.0,0.0,867.600006103516,no_change,,0.0,0.0
SPXW,2026-10-30,70,Put,6870.0,SPXW261030P06870000,36.5,36.9,36.7,52.58,0.0,0.0,0.0,16.0,0.2186,-0.103,0.0002,6.1673,-0.9309,-1.5898,36.8713,0.0,0.0,0.0,42.1499996185303,down,2026-08-04T09:37:19,0.0,0.0
SPXW,2026-10-30,70,Call,6875.0,SPXW261030C06875000,876.8,882.8,879.8,0.0,0.0,0.0,0.0,0.0,0.2183,0.896,0.0002,6.2032,-0.9343,11.6578,878.3159,0.0,0.0,0.0,862.949981689453,no_change,,0.0,0.0
SPXW,2026-10-30,70,Put,6875.0,SPXW261030P06875000,36.8,37.2,37.0,37.2,-5.25,-12.3675,37.0,104.0,0.2181,-0.1039,0.0002,6.2032,-0.9343,-1.603,37.1507,36.5,37.2,36.5,42.4499988555908,up,2026-08-21T15:55:01,0.0,0.0
SPXW,2026-10-30,70,Call,6880.0,SPXW261030C06880000,872.1,878.1,875.1,872.83,14.53,1.69288,1.0,2.0,0.2177,0.8951,0.0002,6.2393,-0.9377,11.6541,873.6407,872.83,872.83,872.83,858.300018310547,up,2026-08-21T14:11:06,0.0,0.0
SPXW,2026-10-30,70,Put,6880.0,SPXW261030P06880000,37.1,37.5,37.3,37.67,-5.08,-11.883,2.0,428.0,0.2175,-0.1047,0.0002,6.2393,-0.9377,-1.6163,37.4328,39.42,39.42,37.67,42.75,down,2026-08-21T14:11:50,0.0,0.0
SPXW,2026-10-30,70,Call,6885.0,SPXW261030C06885000,867.5,873.4,870.45,0.0,0.0,0.0,0.0,0.0,0.2171,0.8942,0.0002,6.2756,-0.9411,11.6503,868.9683,0.0,0.0,0.0,853.649993896484,no_change,,0.0,0.0
SPXW,2026-10-30,70,Put,6885.0,SPXW261030P06885000,37.4,37.8,37.599999999999994,42.1,0.0,0.0,0.0,12.0,0.217,-0.1056,0.0002,6.2756,-0.9411,-1.6297,37.7176,0.0,0.0,0.0,43.1000003814697,down,2026-08-20T13:37:27,0.0,0.0
SPXW,2026-10-30,70,Call,6890.0,SPXW261030C06890000,862.8,868.8,865.8,0.0,0.0,0.0,0.0,375.0,0.2167,0.8934,0.0002,6.312,-0.9445,11.6464,864.2987,0.0,0.0,0.0,849.050018310547,no_change,,0.0,0.0
SPXW,2026-10-30,70,Put,6890.0,SPXW261030P06890000,37.6,38.0,37.8,45.28,0.0,0.0,0.0,79.0,0.2165,-0.1065,0.0002,6.312,-0.9445,-1.6432,38.0051,0.0,0.0,0.0,43.3999996185303,down,2026-08-07T10:52:07,0.0,0.0
SPXW,2026-10-30,70,Call,6895.0,SPXW261030C06895000,858.1,864.2,861.1500000000001,0.0,0.0,0.0,0.0,0.0,0.2161,0.8925,0.0002,6.3486,-0.9479,11.6425,859.6318,0.0,0.0,0.0,844.399993896484,no_change,,0.0,0.0
SPXW,2026-10-30,70,Put,6895.0,SPXW261030P06895000,37.9,38.3,38.099999999999994,37.9,-5.8,-13.2723,9.0,30.0,0.216,-0.1074,0.0002,6.3486,-0.9479,-1.6568,38.2954,37.9,37.9,37.9,43.7000007629394,down,2026-08-21T14:57:28,0.0,0.0
SPXW,2026-10-30,70,Call,6900.0,SPXW261030C06900000,853.5,859.4,856.45,854.18,14.43,1.71837,1.0,6.0,0.2155,0.8916,0.0003,6.3855,-0.9513,11.6384,854.9676,854.18,854.18,854.18,839.75,up,2026-08-21T14:11:06,0.0,0.0
SPXW,2026-10-30,70,Put,6900.0,SPXW261030P06900000,38.2,38.6,38.400000000000006,38.02,-6.03,-13.689,4.0,889.0,0.2155,-0.1083,0.0003,6.3855,-0.9513,-1.6705,38.5885,40.62,40.62,38.02,44.0500011444092,down,2026-08-21T15:42:24,0.0,0.0
SPXW,2026-10-30,70,Call,6905.0,SPXW261030C06905000,848.8,854.7,851.75,0.0,0.0,0.0,0.0,0.0,0.2151,0.8907,0.0003,6.4225,-0.9548,11.6342,850.3063,0.0,0.0,0.0,835.149993896484,no_change,,0.0,0.0
SPXW,2026-10-30,70,Put,6905.0,SPXW261030P06905000,38.5,38.9,38.7,43.35,0.0,0.0,0.0,68.0,0.2149,-0.1092,0.0003,6.4225,-0.9548,-1.6843,38.8844,0.0,0.0,0.0,44.3999996185303,up,2026-08-20T13:37:27,0.0,0.0
SPXW,2026-10-30,70,Call,6910.0,SPXW261030C06910000,844.2,850.1,847.1500000000001,773.4,0.0,0.0,0.0,0.0,0.2145,0.8898,0.0003,6.4598,-0.9582,11.6299,845.6479,0.0,0.0,0.0,830.5,down,2026-05-20T15:50:58,0.0,0.0
SPXW,2026-10-30,70,Put,6910.0,SPXW261030P06910000,38.8,39.2,39.0,44.0,0.0,0.0,0.0,112.0,0.2144,-0.1101,0.0003,6.4598,-0.9582,-1.6983,39.1832,0.0,0.0,0.0,44.7000007629394,up,2026-08-18T10:54:56,0.0,0.0
SPXW,2026-10-30,70,Call,6915.0,SPXW261030C06915000,839.5,845.4,842.45,674.29,0.0,0.0,0.0,1.0,0.2139,0.8888,0.0003,6.4974,-0.9616,11.6254,840.9923,0.0,0.0,0.0,825.899993896484,down,2026-07-23T10:31:58,0.0,0.0
SPXW,2026-10-30,70,Put,6915.0,SPXW261030P06915000,39.1,39.5,39.3,41.0,-4.05,-8.99001,23.0,48.0,0.214,-0.111,0.0003,6.4974,-0.9616,-1.7123,39.4848,41.0,41.0,41.0,45.0500011444092,down,2026-08-21T09:43:00,0.0,0.0
SPXW,2026-10-30,70,Call,6920.0,SPXW261030C06920000,834.8,840.8,837.8,0.0,0.0,0.0,0.0,0.0,0.2134,0.8879,0.0003,6.5351,-0.9651,11.6209,836.3396,0.0,0.0,0.0,821.25,no_change,,0.0,0.0
SPXW,2026-10-30,70,Put,6920.0,SPXW261030P06920000,39.4,39.8,39.599999999999994,39.85,0.0,0.0,0.0,40.0,0.2134,-0.1119,0.0003,6.5351,-0.9651,-1.7265,39.7893,0.0,0.0,0.0,45.3999996185303,down,2026-08-19T15:55:32,0.0,0.0
SPXW,2026-10-30,70,Call,6925.0,SPXW261030C06925000,830.2,836.1,833.1500000000001,660.32,0.0,0.0,0.0,13.0,0.2128,0.887,0.0003,6.5732,-0.9685,11.6162,831.6899,0.0,0.0,0.0,816.649993896484,down,2026-07-31T10:02:03,0.0,0.0
SPXW,2026-10-30,70,Put,6925.0,SPXW261030P06925000,39.7,40.1,39.900000000000006,45.9,0.0,0.0,0.0,1134.0,0.2128,-0.1129,0.0003,6.5732,-0.9685,-1.7409,40.0968,0.0,0.0,0.0,45.7000007629394,up,2026-08-20T15:57:27,0.0,0.0
SPXW,2026-10-30,70,Call,6930.0,SPXW261030C06930000,825.6,831.4,828.5,715.52,0.0,0.0,0.0,3.0,0.2124,0.886,0.0003,6.6115,-0.972,11.6114,827.0431,0.0,0.0,0.0,812.0,no_change,2026-06-30T09:48:52,0.0,0.0
SPXW,2026-10-30,70,Put,6930.0,SPXW261030P06930000,40.0,40.5,40.25,40.2,-5.9,-12.7983,1.0,155.0,0.2123,-0.1138,0.0003,6.6115,-0.972,-1.7553,40.4072,40.2,40.2,40.2,46.1000003814697,down,2026-08-21T12:58:40,0.0,0.0
SPXW,2026-10-30,70,Call,6935.0,SPXW261030C06935000,820.9,826.8,823.8499999999999,0.0,0.0,0.0,0.0,0.0,0.2118,0.8851,0.0003,6.6501,-0.9755,11.6064,822.3993,0.0,0.0,0.0,807.399993896484,no_change,,0.0,0.0
SPXW,2026-10-30,70,Put,6935.0,SPXW261030P06935000,40.4,40.8,40.599999999999994,96.03,0.0,0.0,0.0,1.0,0.2118,-0.1148,0.0003,6.6501,-0.9755,-1.77,40.7207,0.0,0.0,0.0,46.3999996185303,up,2026-07-20T11:36:47,0.0,0.0
SPXW,2026-10-30,70,Call,6940.0,SPXW261030C06940000,816.2,822.2,819.2,0.0,0.0,0.0,0.0,0.0,0.2113,0.8841,0.0003,6.689,-0.9789,11.6012,817.7586,0.0,0.0,0.0,802.800018310547,no_change,,0.0,0.0
SPXW,2026-10-30,70,Put,6940.0,SPXW261030P06940000,40.7,41.1,40.900000000000006,40.8,-6.0,-12.8205,9.0,130.0,0.2113,-0.1157,0.0003,6.689,-0.9789,-1.7847,41.0372,40.6,40.97,40.6,46.7999992370606,down,2026-08-21T15:57:39,0.0,0.0
SPXW,2026-10-30,70,Call,6945.0,SPXW261030C06945000,811.6,817.5,814.55,822.18,0.0,0.0,0.0,1.0,0.2108,0.8831,0.0003,6.7282,-0.9824,11.5959,813.121,0.0,0.0,0.0,798.199981689453,up,2026-08-04T09:53:01,0.0,0.0
SPXW,2026-10-30,70,Put,6945.0,SPXW261030P06945000,41.0,41.4,41.2,42.17,0.0,0.0,0.0,2.0,0.2107,-0.1167,0.0003,6.7282,-0.9824,-1.7997,41.3568,0.0,0.0,0.0,47.1000003814697,down,2026-08-19T10:07:18,0.0,0.0
SPXW,2026-10-30,70,Call,6950.0,SPXW261030C06950000,807.0,812.9,809.95,817.63,0.0,0.0,0.0,4.0,0.2102,0.8821,0.0003,6.7676,-0.9859,11.5904,808.4866,0.0,0.0,0.0,793.600006103516,up,2026-08-04T09:53:01,0.0,0.0
SPXW,2026-10-30,70,Put,6950.0,SPXW261030P06950000,41.3,41.7,41.5,41.37,-6.13,-12.9053,5.0,321.0,0.2102,-0.1177,0.0003,6.7676,-0.9859,-1.8148,41.6795,43.5,43.5,41.37,47.5,down,2026-08-21T13:19:05,0.0,0.0
SPXW,2026-10-30,70,Call,6955.0,SPXW261030C06955000,802.3,808.2,805.25,0.0,0.0,0.0,0.0,0.0,0.2097,0.8811,0.0003,6.8074,-0.9894,11.5848,803.8553,0.0,0.0,0.0,789.0,no_change,,0.0,0.0
SPXW,2026-10-30,70,Put,6955.0,SPXW261030P06955000,41.6,42.0,41.8,48.9,0.0,0.0,0.0,19.0,0.2096,-0.1187,0.0003,6.8074,-0.9894,-1.8301,42.0055,0.0,0.0,0.0,47.7999992370606,up,2026-08-11T13:19:28,0.0,0.0
SPXW,2026-10-30,70,Call,6960.0,SPXW261030C06960000,797.7,803.6,800.6500000000001,765.61,0.0,0.0,0.0,1.0,0.2092,0.8801,0.0003,6.8474,-0.9929,11.5789,799.2272,0.0,0.0,0.0,784.450012207031,up,2026-07-10T12:52:11,0.0,0.0
SPXW,2026-10-30,70,Put,6960.0,SPXW261030P06960000,42.0,42.4,42.2,44.9,0.0,0.0,0.0,118.0,0.2091,-0.1197,0.0003,6.8474,-0.9929,-1.8456,42.3346,0.0,0.0,0.0,48.2000007629394,up,2026-08-20T13:02:37,0.0,0.0
SPXW,2026-10-30,70,Call,6965.0,SPXW261030C06965000,793.1,799.0,796.05,0.0,0.0,0.0,0.0,0.0,0.2086,0.8791,0.0003,6.8878,-0.9964,11.5729,794.6024,0.0,0.0,0.0,779.850006103516,no_change,,0.0,0.0
SPXW,2026-10-30,70,Put,6965.0,SPXW261030P06965000,42.3,42.7,42.5,48.4,0.0,0.0,0.0,58.0,0.2085,-0.1207,0.0003,6.8878,-0.9964,-1.8612,42.667,0.0,0.0,0.0,48.6000003814697,up,2026-08-20T14:10:57,0.0,0.0
SPXW,2026-10-30,70,Call,6970.0,SPXW261030C06970000,788.5,794.3,791.4,0.0,0.0,0.0,0.0,0.0,0.2081,0.8781,0.0003,6.9284,-0.9999,11.5667,789.981,0.0,0.0,0.0,775.25,no_change,,0.0,0.0
SPXW,2026-10-30,70,Put,6970.0,SPXW261030P06970000,42.6,43.0,42.8,42.95,0.0,0.0,0.0,48.0,0.2081,-0.1217,0.0003,6.9284,-0.9999,-1.8771,43.0028,0.0,0.0,0.0,48.8999996185303,down,2026-08-19T15:55:32,0.0,0.0
SPXW,2026-10-30,70,Call,6975.0,SPXW261030C06975000,783.9,789.7,786.8,695.7,0.0,0.0,0.0,1.0,0.2076,0.877,0.0003,6.9693,-1.0034,11.5602,785.3629,0.0,0.0,0.0,770.649993896484,up,2026-07-21T12:24:23,0.0,0.0
SPXW,2026-10-30,70,Put,6975.0,SPXW261030P06975000,43.0,43.4,43.2,44.35,0.0,0.0,0.0,155.0,0.2075,-0.1228,0.0003,6.9693,-1.0034,-1.8932,43.3419,0.0,0.0,0.0,49.2999992370606,up,2026-08-17T15:59:05,0.0,0.0
SPXW,2026-10-30,70,Call,6980.0,SPXW261030C06980000,779.2,785.1,782.1500000000001,674.13,0.0,0.0,0.0,2.0,0.2071,0.876,0.0003,7.0104,-1.0069,11.5536,780.7483,0.0,0.0,0.0,766.100006103516,up,2026-06-30T09:49:22,0.0,0.0
SPXW,2026-10-30,70,Put,6980.0,SPXW261030P06980000,43.3,43.7,43.5,41.67,0.0,0.0,0.0,65.0,0.207,-0.1238,0.0003,7.0104,-1.0069,-1.9094,43.6845,0.0,0.0,0.0,49.7000007629394,down,2026-08-17T09:36:07,0.0,0.0
SPXW,2026-10-30,70,Call,6985.0,SPXW261030C06985000,774.6,780.5,777.55,0.0,0.0,0.0,0.0,0.0,0.2066,0.875,0.0003,7.0518,-1.0104,11.5468,776.1371,0.0,0.0,0.0,761.5,no_change,,0.0,0.0
SPXW,2026-10-30,70,Put,6985.0,SPXW261030P06985000,43.7,44.1,43.900000000000006,44.24,-5.86,-11.6966,2.0,13.0,0.2065,-0.1249,0.0003,7.0518,-1.0104,-1.9259,44.0305,44.24,44.24,44.24,50.1000003814697,down,2026-08-21T12:09:41,0.0,0.0
SPXW,2026-10-30,70,Call,6990.0,SPXW261030C06990000,770.0,775.9,772.95,607.17,0.0,0.0,0.0,3.0,0.206,0.8739,0.0003,7.0935,-1.0139,11.5397,771.5295,0.0,0.0,0.0,756.950012207031,down,2026-06-26T10:07:56,0.0,0.0
SPXW,2026-10-30,70,Put,6990.0,SPXW261030P06990000,44.0,44.4,44.2,46.8,0.0,0.0,0.0,50.0,0.206,-0.126,0.0003,7.0935,-1.0139,-1.9426,44.3801,0.0,0.0,0.0,50.5,down,2026-08-12T09:30:04,0.0,0.0
SPXW,2026-10-30,70,Call,6995.0,SPXW261030C06995000,765.4,771.2,768.3,0.0,0.0,0.0,0.0,0.0,0.2055,0.8728,0.0003,7.1353,-1.0174,11.5325,766.9255,0.0,0.0,0.0,752.350006103516,no_change,,0.0,0.0
SPXW,2026-10-30,70,Put,6995.0,SPXW261030P06995000,44.4,44.8,44.599999999999994,44.85,-5.95,-11.7126,2.0,4.0,0.2055,-0.127,0.0003,7.1353,-1.0174,-1.9595,44.7333,44.85,44.85,44.85,50.7999992370606,down,2026-08-21T12:09:41,0.0,0.0
SPXW,2026-10-30,70,Call,7000.0,SPXW261030C07000000,760.8,766.6,763.7,767.88,20.08,2.68521,1.0,63.0,0.205,0.8717,0.0003,7.1774,-1.021,11.5251,762.3251,767.88,767.88,767.88,747.800018310547,down,2026-08-21T12:55:56,0.0,0.0
SPXW,2026-10-30,70,Put,7000.0,SPXW261030P07000000,44.7,45.1,44.900000000000006,45.04,-6.16,-12.0313,41.0,2808.0,0.205,-0.1281,0.0003,7.1774,-1.021,-1.9765,45.0901,44.2,45.4,44.1,51.2000007629394,up,2026-08-21T14:50:11,0.0,0.0
SPXW,2026-10-30,70,Call,7005.0,SPXW261030C07005000,756.2,762.0,759.1,0.0,0.0,0.0,0.0,0.0,0.2044,0.8706,0.0003,7.2196,-1.0245,11.5174,757.7284,0.0,0.0,0.0,743.25,no_change,,0.0,0.0
SPXW,2026-10-30,70,Put,7005.0,SPXW261030P07005000,45.1,45.5,45.3,51.62,0.0,0.0,0.0,55.0,0.2044,-0.1292,0.0003,7.2196,-1.0245,-1.9938,45.4507,0.0,0.0,0.0,51.6000003814697,no_change,2026-08-11T11:47:28,0.0,0.0
SPXW,2026-10-30,70,Call,7010.0,SPXW261030C07010000,751.6,757.4,754.5,850.17,0.0,0.0,0.0,2.0,0.2039,0.8695,0.0003,7.262,-1.028,11.5096,753.1355,0.0,0.0,0.0,738.700012207031,up,2026-08-04T15:35:17,0.0,0.0
SPXW,2026-10-30,70,Put,7010.0,SPXW261030P07010000,45.4,45.9,45.65,47.26,0.0,0.0,0.0,86.0,0.2039,-0.1303,0.0003,7.262,-1.028,-2.0113,45.8149,0.0,0.0,0.0,52.0,down,2026-08-19T10:14:41,0.0,0.0
SPXW,2026-10-30,70,Call,7015.0,SPXW261030C07015000,747.1,752.8,749.95,544.05,0.0,0.0,0.0,1.0,0.2034,0.8684,0.0003,7.3045,-1.0315,11.5016,748.5463,0.0,0.0,0.0,734.149993896484,up,2026-07-29T10:54:03,0.0,0.0
SPXW,2026-10-30,70,Put,7015.0,SPXW261030P07015000,45.8,46.2,46.0,49.4,0.0,0.0,0.0,20.0,0.2033,-0.1314,0.0003,7.3045,-1.0315,-2.0289,46.183,0.0,0.0,0.0,52.3999996185303,down,2026-08-20T09:59:01,0.0,0.0
SPXW,2026-10-30,70,Call,7020.0,SPXW261030C07020000,742.5,748.3,745.4,749.53,19.93,2.73164,1.0,3.0,0.2028,0.8672,0.0003,7.3472,-1.0351,11.4934,743.9611,749.53,749.53,749.53,729.599975585938,up,2026-08-21T12:55:56,0.0,0.0
SPXW,2026-10-30,70,Put,7020.0,SPXW261030P07020000,46.2,46.6,46.400000000000006,46.63,-6.17,-11.6856,1.0,80.0,0.2028,-0.1326,0.0003,7.3472,-1.0351,-2.0468,46.5549,46.63,46.63,46.63,52.7999992370606,up,2026-08-21T12:57:08,0.0,0.0
SPXW,2026-10-30,70,Call,7025.0,SPXW261030C07025000,737.9,743.7,740.8,576.08,0.0,0.0,0.0,1.0,0.2023,0.8661,0.0003,7.39,-1.0386,11.485,739.3797,0.0,0.0,0.0,725.049987792969,up,2026-07-23T10:59:29,0.0,0.0
SPXW,2026-10-30,70,Put,7025.0,SPXW261030P07025000,46.5,47.0,46.75,48.29,-5.01,-9.39962,1.0,64.0,0.2023,-0.1337,0.0003,7.39,-1.0386,-2.0647,46.9308,48.29,48.29,48.29,53.2999992370606,down,2026-08-21T10:48:00,0.0,0.0
SPXW,2026-10-30,70,Call,7030.0,SPXW261030C07030000,733.3,739.1,736.2,0.0,0.0,0.0,0.0,0.0,0.2017,0.8649,0.0003,7.433,-1.0422,11.4765,734.8022,0.0,0.0,0.0,720.5,no_change,,0.0,0.0
SPXW,2026-10-30,70,Put,7030.0,SPXW261030P07030000,46.9,47.3,47.099999999999994,48.2,0.0,0.0,0.0,52.0,0.2017,-0.1349,0.0003,7.433,-1.0422,-2.0829,47.3105,0.0,0.0,0.0,53.7000007629394,down,2026-08-17T13:42:54,0.0,0.0
SPXW,2026-10-30,70,Call,7035.0,SPXW261030C07035000,728.8,734.5,731.65,0.0,0.0,0.0,0.0,0.0,0.2011,0.8638,0.0003,7.476,-1.0457,11.4678,730.2288,0.0,0.0,0.0,716.0,no_change,,0.0,0.0
SPXW,2026-10-30,70,Put,7035.0,SPXW261030P07035000,47.3,47.7,47.5,52.3,0.0,0.0,0.0,19.0,0.2012,-0.1361,0.0003,7.476,-1.0457,-2.1013,47.6943,0.0,0.0,0.0,54.1000003814697,down,2026-08-20T13:19:58,0.0,0.0
SPXW,2026-10-30,70,Call,7040.0,SPXW261030C07040000,723.9,729.9,726.9,553.0,0.0,0.0,0.0,15.0,0.2007,0.8626,0.0003,7.5192,-1.0492,11.4589,725.6594,0.0,0.0,0.0,711.450012207031,down,2026-06-11T09:34:01,0.0,0.0
SPXW,2026-10-30,70,Put,7040.0,SPXW261030P07040000,47.7,48.1,47.900000000000006,48.07,-6.43,-11.7982,1.0,86.0,0.2007,-0.1372,0.0003,7.5192,-1.0492,-2.1198,48.0822,48.07,48.07,48.07,54.5,up,2026-08-21T12:08:01,0.0,0.0
SPXW,2026-10-30,70,Call,7045.0,SPXW261030C07045000,719.6,725.4,722.5,0.0,0.0,0.0,0.0,0.0,0.2001,0.8614,0.0003,7.5625,-1.0528,11.4499,721.0941,0.0,0.0,0.0,706.900024414062,no_change,,0.0,0.0
SPXW,2026-10-30,70,Put,7045.0,SPXW261030P07045000,48.1,48.5,48.3,51.18,0.0,0.0,0.0,58.0,0.2002,-0.1384,0.0003,7.5625,-1.0528,-2.1384,48.4741,0.0,0.0,0.0,54.9500007629394,down,2026-08-12T10:42:05,0.0,0.0
SPXW,2026-10-30,70,Call,7050.0,SPXW261030C07050000,715.1,720.8,717.95,671.3,0.0,0.0,0.0,21.0,0.1996,0.8602,0.0003,7.606,-1.0563,11.4407,716.533,0.0,0.0,0.0,702.400024414062,up,2026-07-14T16:07:16,0.0,0.0
SPXW,2026-10-30,70,Put,7050.0,SPXW261030P07050000,48.5,48.9,48.7,48.2,-7.2,-12.9964,2.0,2287.0,0.1997,-0.1396,0.0003,7.606,-1.0563,-2.1572,48.8701,48.78,48.78,48.2,55.3999996185303,down,2026-08-21T15:51:37,0.0,0.0
SPXW,2026-10-30,70,Call,7055.0,SPXW261030C07055000,710.0,716.2,713.1,0.0,0.0,0.0,0.0,0.0,0.1991,0.859,0.0003,7.6495,-1.0599,11.4314,711.976,0.0,0.0,0.0,697.900024414062,no_change,,0.0,0.0
SPXW,2026-10-30,70,Put,7055.0,SPXW261030P07055000,48.9,49.3,49.099999999999994,55.8,0.0,0.0,0.0,8.0,0.1992,-0.1409,0.0003,7.6495,-1.0599,-2.1762,49.2704,0.0,0.0,0.0,55.7999992370606,down,2026-08-07T15:55:16,0.0,0.0
SPXW,2026-10-30,70,Call,7060.0,SPXW261030C07060000,705.6,711.7,708.6500000000001,617.19,0.0,0.0,0.0,15.0,0.1985,0.8577,0.0003,7.6932,-1.0634,11.422,707.4233,0.0,0.0,0.0,693.400024414062,down,2026-06-08T15:50:00,0.0,0.0
SPXW,2026-10-30,70,Put,7060.0,SPXW261030P07060000,49.3,49.7,49.5,47.5,0.0,0.0,0.0,106.0,0.1986,-0.1421,0.0003,7.6932,-1.0634,-2.1953,49.6748,0.0,0.0,0.0,56.2999992370606,no_change,2026-08-17T10:03:39,0.0,0.0
SPXW,2026-10-30,70,Call,7065.0,SPXW261030C07065000,700.9,707.1,704.0,737.62,0.0,0.0,0.0,3.0,0.1981,0.8565,0.0003,7.7371,-1.067,11.4124,702.8748,0.0,0.0,0.0,688.850006103516,up,2026-08-18T09:30:26,0.0,0.0
SPXW,2026-10-30,70,Put,7065.0,SPXW261030P07065000,49.7,50.1,49.900000000000006,50.72,0.0,0.0,0.0,24.0,0.198,-0.1433,0.0003,7.7371,-1.067,-2.2145,50.0835,0.0,0.0,0.0,56.7000007629394,down,2026-08-12T14:46:35,0.0,0.0
SPXW,2026-10-30,70,Call,7070.0,SPXW261030C07070000,696.5,702.6,699.55,626.45,0.0,0.0,0.0,7.0,0.1975,0.8552,0.0003,7.7811,-1.0706,11.4026,698.3306,0.0,0.0,0.0,684.299987792969,down,2026-06-08T10:00:56,0.0,0.0
SPXW,2026-10-30,70,Put,7070.0,SPXW261030P07070000,50.1,50.5,50.3,61.02,0.0,0.0,0.0,112.0,0.1976,-0.1446,0.0003,7.7811,-1.0706,-2.2339,50.4966,0.0,0.0,0.0,57.2000007629394,no_change,2026-08-06T10:16:56,0.0,0.0
SPXW,2026-10-30,70,Call,7075.0,SPXW261030C07075000,691.9,698.0,694.95,536.51,0.0,0.0,0.0,3.0,0.197,0.854,0.0003,7.8253,-1.0741,11.3927,693.7908,0.0,0.0,0.0,679.850006103516,down,2026-07-23T12:12:30,0.0,0.0
SPXW,2026-10-30,70,Put,7075.0,SPXW261030P07075000,50.5,50.9,50.7,53.3,-4.3,-7.46528,1.0,156.0,0.197,-0.1459,0.0003,7.8253,-1.0741,-2.2534,50.914,53.3,53.3,53.3,57.6000003814697,down,2026-08-21T09:56:30,0.0,0.0
SPXW,2026-10-30,70,Call,7080.0,SPXW261030C07080000,687.4,693.5,690.45,784.56,0.0,0.0,0.0,5.0,0.1965,0.8527,0.0004,7.8697,-1.0777,11.3826,689.2554,0.0,0.0,0.0,675.350006103516,up,2026-08-10T09:33:53,0.0,0.0
SPXW,2026-10-30,70,Put,7080.0,SPXW261030P07080000,50.9,51.4,51.15,57.81,0.0,0.0,0.0,223.0,0.1965,-0.1471,0.0004,7.8697,-1.0777,-2.2731,51.3358,0.0,0.0,0.0,58.1000003814697,up,2026-08-20T14:58:07,0.0,0.0
SPXW,2026-10-30,70,Call,7085.0,SPXW261030C07085000,682.8,688.9,685.8499999999999,0.0,0.0,0.0,0.0,0.0,0.1959,0.8514,0.0004,7.9144,-1.0812,11.3724,684.7245,0.0,0.0,0.0,670.850006103516,no_change,,0.0,0.0
SPXW,2026-10-30,70,Put,7085.0,SPXW261030P07085000,51.4,51.8,51.599999999999994,51.4,-7.15,-12.2118,2.0,12.0,0.196,-0.1484,0.0004,7.9144,-1.0812,-2.293,51.7621,51.4,51.4,51.4,58.5499992370606,down,2026-08-21T12:58:40,0.0,0.0
SPXW,2026-10-30,70,Call,7090.0,SPXW261030C07090000,678.3,684.4,681.3499999999999,546.0,0.0,0.0,0.0,3.0,0.1954,0.8501,0.0004,7.9592,-1.0848,11.362,680.1981,0.0,0.0,0.0,666.400024414062,down,2026-06-23T09:31:47,0.0,0.0
SPXW,2026-10-30,70,Put,7090.0,SPXW261030P07090000,51.8,52.2,52.0,55.47,0.0,0.0,0.0,44.0,0.1955,-0.1498,0.0004,7.9592,-1.0848,-2.3131,52.1929,0.0,0.0,0.0,59.0,down,2026-08-10T12:00:15,0.0,0.0
SPXW,2026-10-30,70,Call,7095.0,SPXW261030C07095000,673.8,679.9,676.8499999999999,0.0,0.0,0.0,0.0,0.0,0.1949,0.8488,0.0004,8.0044,-1.0883,11.3514,675.6763,0.0,0.0,0.0,661.900024414062,no_change,,0.0,0.0
SPXW,2026-10-30,70,Put,7095.0,SPXW261030P07095000,52.2,52.7,52.45,55.35,0.0,0.0,0.0,436.0,0.195,-0.1511,0.0004,8.0044,-1.0883,-2.3333,52.6283,0.0,0.0,0.0,59.5,no_change,2026-08-20T12:55:57,0.0,0.0
SPXW,2026-10-30,70,Call,7100.0,SPXW261030C07100000,669.3,675.4,672.3499999999999,678.39,20.94,3.18503,1.0,46.0,0.1944,0.8474,0.0004,8.0498,-1.0919,11.3405,671.1591,678.39,678.39,678.39,657.450012207031,up,2026-08-21T12:49:27,0.0,0.0
SPXW,2026-10-30,70,Put,7100.0,SPXW261030P07100000,52.7,53.1,52.900000000000006,52.2,-6.82,-11.3667,10.0,2306.0,0.1945,-0.1524,0.0004,8.0498,-1.0919,-2.3537,53.0683,53.03,53.4,51.9,60.0,down,2026-08-21T15:29:27,0.0,0.0
SPXW,2026-10-30,70,Call,7105.0,SPXW261030C07105000,664.9,670.8,667.8499999999999,0.0,0.0,0.0,0.0,0.0,0.1938,0.8461,0.0004,8.0955,-1.0954,11.3295,666.6467,0.0,0.0,0.0,652.950012207031,no_change,,0.0,0.0
SPXW,2026-10-30,70,Put,7105.0,SPXW261030P07105000,53.1,53.5,53.3,57.89,0.0,0.0,0.0,18.0,0.194,-0.1538,0.0004,8.0955,-1.0954,-2.3744,53.5131,0.0,0.0,0.0,60.4500007629394,up,2026-08-10T11:40:56,0.0,0.0
SPXW,2026-10-30,70,Call,7110.0,SPXW261030C07110000,660.2,666.3,663.25,595.49,0.0,0.0,0.0,5.0,0.1933,0.8447,0.0004,8.1415,-1.099,11.3183,662.139,0.0,0.0,0.0,648.450012207031,down,2026-06-08T10:00:56,0.0,0.0
SPXW,2026-10-30,70,Put,7110.0,SPXW261030P07110000,53.6,54.0,53.8,52.62,0.0,0.0,0.0,160.0,0.1934,-0.1551,0.0004,8.1415,-1.099,-2.3953,53.9626,0.0,0.0,0.0,60.9500007629394,up,2026-08-19T12:00:57,0.0,0.0
SPXW,2026-10-30,70,Call,7115.0,SPXW261030C07115000,655.7,661.8,658.75,0.0,0.0,0.0,0.0,0.0,0.1928,0.8433,0.0004,8.1878,-1.1025,11.3067,657.6361,0.0,0.0,0.0,644.049987792969,no_change,,0.0,0.0
SPXW,2026-10-30,70,Put,7115.0,SPXW261030P07115000,54.0,54.4,54.2,54.4,0.0,0.0,0.0,141.0,0.1929,-0.1565,0.0004,8.1878,-1.1025,-2.4165,54.4169,0.0,0.0,0.0,61.3999996185303,up,2026-08-17T14:40:17,0.0,0.0
SPXW,2026-10-30,70,Call,7120.0,SPXW261030C07120000,651.2,657.3,654.25,661.11,21.51,3.36304,1.0,1.0,0.1922,0.8419,0.0004,8.2345,-1.1061,11.295,653.1382,661.11,661.11,661.11,639.600006103516,up,2026-08-21T12:49:27,0.0,0.0
SPXW,2026-10-30,70,Put,7120.0,SPXW261030P07120000,54.5,54.9,54.7,55.09,-6.81,-11.0016,1.0,31.0,0.1923,-0.1579,0.0004,8.2345,-1.1061,-2.4378,54.8762,55.09,55.09,55.09,61.8999996185303,down,2026-08-21T12:50:43,0.0,0.0
SPXW,2026-10-30,70,Call,7125.0,SPXW261030C07125000,646.7,652.8,649.75,604.43,0.0,0.0,0.0,3.0,0.1917,0.8405,0.0004,8.2814,-1.1096,11.283,648.6452,0.0,0.0,0.0,635.149993896484,up,2026-07-14T12:45:13,0.0,0.0
SPXW,2026-10-30,70,Put,7125.0,SPXW261030P07125000,54.9,55.4,55.15,57.76,-4.69,-7.51001,2.0,86.0,0.1918,-0.1593,0.0004,8.2814,-1.1096,-2.4595,55.3405,57.76,57.76,57.76,62.4500007629394,down,2026-08-21T09:52:50,0.0,0.0
SPXW,2026-10-30,70,Call,7130.0,SPXW261030C07130000,642.2,648.3,645.25,0.0,0.0,0.0,0.0,0.0,0.1912,0.8391,0.0004,8.3286,-1.1132,11.2706,644.1574,0.0,0.0,0.0,630.699981689453,no_change,,0.0,0.0
SPXW,2026-10-30,70,Put,7130.0,SPXW261030P07130000,55.4,55.8,55.599999999999994,56.0,-6.95,-11.0405,1.0,30.0,0.1913,-0.1607,0.0004,8.3286,-1.1132,-2.4815,55.8099,56.0,56.0,56.0,62.9500007629394,up,2026-08-21T14:24:47,0.0,0.0
SPXW,2026-10-30,70,Call,7135.0,SPXW261030C07135000,637.8,643.8,640.8,0.0,0.0,0.0,0.0,0.0,0.1907,0.8377,0.0004,8.3762,-1.1167,11.258,639.6747,0.0,0.0,0.0,626.25,no_change,,0.0,0.0
SPXW,2026-10-30,70,Put,7135.0,SPXW261030P07135000,55.9,56.3,56.099999999999994,61.35,0.0,0.0,0.0,11.0,0.1908,-0.1622,0.0004,8.3762,-1.1167,-2.5037,56.2844,0.0,0.0,0.0,63.5,up,2026-08-20T13:19:58,0.0,0.0
SPXW,2026-10-30,70,Call,7140.0,SPXW261030C07140000,633.3,639.3,636.3,497.1,0.0,0.0,0.0,103.0,0.1902,0.8362,0.0004,8.424,-1.1202,11.2451,635.1973,0.0,0.0,0.0,621.800018310547,down,2026-06-24T13:46:58,0.0,0.0
SPXW,2026-10-30,70,Put,7140.0,SPXW261030P07140000,56.3,56.8,56.55,53.2,0.0,0.0,0.0,1121.0,0.1903,-0.1636,0.0004,8.424,-1.1202,-2.5262,56.7642,0.0,0.0,0.0,63.9999980926514,down,2026-08-13T10:05:23,0.0,0.0
SPXW,2026-10-30,70,Call,7145.0,SPXW261030C07145000,628.9,634.9,631.9,484.45,0.0,0.0,0.0,1.0,0.1896,0.8347,0.0004,8.4721,-1.1238,11.2319,630.7253,0.0,0.0,0.0,617.399993896484,up,2026-07-28T13:14:07,0.0,0.0
SPXW,2026-10-30,70,Put,7145.0,SPXW261030P07145000,56.8,57.3,57.05,56.7,0.0,0.0,0.0,28.0,0.1897,-0.1651,0.0004,8.4721,-1.1238,-2.5491,57.2494,0.0,0.0,0.0,64.5,no_change,2026-08-19T13:12:07,0.0,0.0
SPXW,2026-10-30,70,Call,7150.0,SPXW261030C07150000,624.3,630.3,627.3,734.26,0.0,0.0,0.0,11.0,0.1891,0.8333,0.0004,8.5205,-1.1273,11.2184,626.2587,0.0,0.0,0.0,612.950012207031,up,2026-08-14T13:13:57,0.0,0.0
SPXW,2026-10-30,70,Put,7150.0,SPXW261030P07150000,57.3,57.8,57.55,57.74,-7.31,-11.2375,18.0,501.0,0.1892,-0.1666,0.0004,8.5205,-1.1273,-2.5722,57.74,56.5,57.74,56.5,65.0500030517578,up,2026-08-21T16:14:15,0.0,0.0
SPXW,2026-10-30,70,Call,7155.0,SPXW261030C07155000,619.9,625.9,622.9,0.0,0.0,0.0,0.0,0.0,0.1886,0.8318,0.0004,8.5691,-1.1308,11.2046,621.7976,0.0,0.0,0.0,608.5,no_change,,0.0,0.0
SPXW,2026-10-30,70,Put,7155.0,SPXW261030P07155000,57.8,58.3,58.05,55.0,0.0,0.0,0.0,12.0,0.1887,-0.1681,0.0004,8.5691,-1.1308,-2.5957,58.2361,0.0,0.0,0.0,65.6000022888184,no_change,2026-08-17T10:31:29,0.0,0.0
SPXW,2026-10-30,70,Call,7160.0,SPXW261030C07160000,615.5,621.5,618.5,0.0,0.0,0.0,0.0,0.0,0.1881,0.8302,0.0004,8.6178,-1.1343,11.1905,617.3422,0.0,0.0,0.0,604.100006103516,no_change,,0.0,0.0
SPXW,2026-10-30,70,Put,7160.0,SPXW261030P07160000,58.3,58.7,58.5,59.25,0.0,0.0,0.0,74.0,0.1882,-0.1696,0.0004,8.6178,-1.1343,-2.6194,58.7379,0.0,0.0,0.0,66.1000022888184,up,2026-08-19T10:27:24,0.0,0.0
SPXW,2026-10-30,70,Call,7165.0,SPXW261030C07165000,611.0,617.0,614.0,720.74,0.0,0.0,0.0,1.0,0.1875,0.8287,0.0004,8.6668,-1.1378,11.1761,612.8925,0.0,0.0,0.0,599.699981689453,down,2026-08-14T13:13:57,0.0,0.0
SPXW,2026-10-30,70,Put,7165.0,SPXW261030P07165000,58.8,59.3,59.05,60.2,0.0,0.0,0.0,22.0,0.1876,-0.1711,0.0004,8.6668,-1.1378,-2.6435,59.2454,0.0,0.0,0.0,66.7000007629394,no_change,2026-08-12T15:51:44,0.0,0.0
SPXW,2026-10-30,70,Call,7170.0,SPXW261030C07170000,606.5,612.5,609.5,716.23,0.0,0.0,0.0,32.0,0.187,0.8272,0.0004,8.7158,-1.1413,11.1614,608.4486,0.0,0.0,0.0,595.350006103516,up,2026-08-14T13:13:57,0.0,0.0
SPXW,2026-10-30,70,Put,7170.0,SPXW261030P07170000,59.3,59.8,59.55,72.52,0.0,0.0,0.0,50.0,0.1871,-0.1726,0.0004,8.7158,-1.1413,-2.6678,59.7587,0.0,0.0,0.0,67.2000007629394,down,2026-08-04T13:02:03,0.0,0.0
SPXW,2026-10-30,70,Call,7175.0,SPXW261030C07175000,602.1,608.1,605.1,498.98,0.0,0.0,0.0,1.0,0.1865,0.8256,0.0004,8.765,-1.1448,11.1464,604.0106,0.0,0.0,0.0,590.899993896484,up,2026-07-21T09:51:57,0.0,0.0
SPXW,2026-10-30,70,Put,7175.0,SPXW261030P07175000,59.8,60.3,60.05,59.53,-8.27,-12.1976,7.0,306.0,0.1866,-0.1742,0.0004,8.765,-1.1448,-2.6925,60.2779,62.86,63.0,59.53,67.7999992370606,down,2026-08-21T12:39:54,0.0,0.0
SPXW,2026-10-30,70,Call,7180.0,SPXW261030C07180000,597.7,603.7,600.7,459.0,0.0,0.0,0.0,12.0,0.1859,0.824,0.0004,8.8143,-1.1483,11.1311,599.5786,0.0,0.0,0.0,586.5,up,2026-07-23T10:41:40,0.0,0.0
SPXW,2026-10-30,70,Put,7180.0,SPXW261030P07180000,60.3,60.8,60.55,59.86,0.0,0.0,0.0,32.0,0.1861,-0.1758,0.0004,8.8143,-1.1483,-2.7174,60.8031,0.0,0.0,0.0,68.3499984741211,up,2026-08-19T13:15:13,0.0,0.0
SPXW,2026-10-30,70,Call,7185.0,SPXW261030C07185000,593.2,599.2,596.2,455.0,0.0,0.0,0.0,7.0,0.1855,0.8224,0.0004,8.8636,-1.1518,11.1156,595.1527,0.0,0.0,0.0,582.149993896484,down,2026-07-23T10:41:55,0.0,0.0
SPXW,2026-10-30,70,Put,7185.0,SPXW261030P07185000,60.9,61.3,61.099999999999994,66.15,0.0,0.0,0.0,13.0,0.1856,-0.1774,0.0004,8.8636,-1.1518,-2.7425,61.3344,0.0,0.0,0.0,68.8999977111816,no_change,2026-08-18T12:13:02,0.0,0.0
SPXW,2026-10-30,70,Call,7190.0,SPXW261030C07190000,588.8,594.7,591.75,459.6,0.0,0.0,0.0,5.0,0.185,0.8208,0.0004,8.913,-1.1552,11.0999,590.7329,0.0,0.0,0.0,577.800018310547,up,2026-07-24T13:30:09,0.0,0.0
SPXW,2026-10-30,70,Put,7190.0,SPXW261030P07190000,61.4,61.9,61.65,67.74,0.0,0.0,0.0,291.0,0.1851,-0.179,0.0004,8.913,-1.1552,-2.7679,61.8719,0.0,0.0,0.0,69.5,up,2026-08-18T13:59:01,0.0,0.0
SPXW,2026-10-30,70,Call,7195.0,SPXW261030C07195000,584.4,590.3,587.3499999999999,0.0,0.0,0.0,0.0,0.0,0.1845,0.8192,0.0004,8.9624,-1.1587,11.0839,586.3194,0.0,0.0,0.0,573.449981689453,no_change,,0.0,0.0
SPXW,2026-10-30,70,Put,7195.0,SPXW261030P07195000,61.9,62.4,62.15,58.97,0.0,0.0,0.0,13.0,0.1845,-0.1806,0.0004,8.9624,-1.1587,-2.7935,62.4156,0.0,0.0,0.0,70.1000022888184,no_change,2026-08-13T09:35:17,0.0,0.0
SPXW,2026-10-30,70,Call,7200.0,SPXW261030C07200000,580.1,586.0,583.05,578.69,9.64,1.69405,32.0,124.0,0.1838,0.8175,0.0004,9.0119,-1.1622,11.0677,581.9123,578.69,578.69,578.69,569.050018310547,no_change,2026-08-21T09:38:54,0.0,0.0
SPXW,2026-10-30,70,Put,7200.0,SPXW261030P07200000,62.5,63.0,62.75,61.31,-7.57,-10.7072,34.0,1503.0,0.1841,-0.1823,0.0004,9.0119,-1.1622,-2.8193,62.9656,64.83,65.5,61.26,70.7000007629394,no_change,2026-08-21T15:48:12,0.0,0.0
SPXW,2026-10-30,70,Call,7205.0,SPXW261030C07205000,575.7,581.6,578.6500000000001,0.0,0.0,0.0,0.0,2.0,0.1833,0.8159,0.0004,9.0614,-1.1656,11.0513,577.5115,0.0,0.0,0.0,564.699981689453,no_change,,0.0,0.0
SPXW,2026-10-30,70,Put,7205.0,SPXW261030P07205000,63.0,63.5,63.25,64.2,0.0,0.0,0.0,7.0,0.1835,-0.184,0.0004,9.0614,-1.1656,-2.8454,63.5221,0.0,0.0,0.0,71.2999992370606,down,2026-08-12T13:56:02,0.0,0.0
SPXW,2026-10-30,70,Call,7210.0,SPXW261030C07210000,571.3,577.2,574.25,452.4,0.0,0.0,0.0,9.0,0.1828,0.8142,0.0004,9.111,-1.169,11.0346,573.1172,0.0,0.0,0.0,560.299987792969,down,2026-07-24T12:15:23,0.0,0.0
SPXW,2026-10-30,70,Put,7210.0,SPXW261030P07210000,63.6,64.1,63.849999999999994,64.35,0.0,0.0,0.0,137.0,0.183,-0.1856,0.0004,9.111,-1.169,-2.8716,64.085,0.0,0.0,0.0,71.8999977111816,down,2026-08-19T10:27:24,0.0,0.0
SPXW,2026-10-30,70,Call,7215.0,SPXW261030C07215000,566.9,572.8,569.8499999999999,0.0,0.0,0.0,0.0,0.0,0.1823,0.8125,0.0004,9.1606,-1.1725,11.0178,568.7294,0.0,0.0,0.0,555.949981689453,no_change,,0.0,0.0
SPXW,2026-10-30,70,Put,7215.0,SPXW261030P07215000,64.2,64.6,64.4,65.78,-6.72,-9.26897,4.0,7.0,0.1825,-0.1873,0.0004,9.1606,-1.1725,-2.8981,64.6544,65.8,65.8,65.78,72.5,down,2026-08-21T10:52:14,0.0,0.0
SPXW,2026-10-30,70,Call,7220.0,SPXW261030C07220000,562.5,568.4,565.45,486.2,0.0,0.0,0.0,18.0,0.1819,0.8108,0.0004,9.2102,-1.1759,11.0008,564.3483,0.0,0.0,0.0,551.649993896484,up,2026-06-23T10:13:53,0.0,0.0
SPXW,2026-10-30,70,Put,7220.0,SPXW261030P07220000,64.7,65.2,64.95,73.3,0.0,0.0,0.0,73.0,0.1819,-0.1891,0.0004,9.2102,-1.1759,-2.9247,65.2305,0.0,0.0,0.0,73.1000022888184,up,2026-08-20T15:09:20,0.0,0.0
SPXW,2026-10-30,70,Call,7225.0,SPXW261030C07225000,558.1,563.9,561.0,481.98,0.0,0.0,0.0,3.0,0.1813,0.809,0.0004,9.26,-1.1793,10.9836,559.9738,0.0,0.0,0.0,547.350006103516,up,2026-08-03T09:37:32,0.0,0.0
SPXW,2026-10-30,70,Put,7225.0,SPXW261030P07225000,65.3,65.8,65.55,61.3,0.0,0.0,0.0,292.0,0.1814,-0.1908,0.0004,9.26,-1.1793,-2.9516,65.8132,0.0,0.0,0.0,73.75,up,2026-08-17T10:30:06,0.0,0.0
SPXW,2026-10-30,70,Call,7230.0,SPXW261030C07230000,553.7,559.5,556.6,426.46,0.0,0.0,0.0,11.0,0.1808,0.8073,0.0004,9.3098,-1.1827,10.9661,555.6061,0.0,0.0,0.0,543.0,down,2026-06-09T12:05:37,0.0,0.0
SPXW,2026-10-30,70,Put,7230.0,SPXW261030P07230000,65.9,66.4,66.15,64.7,0.0,0.0,0.0,280.0,0.1809,-0.1926,0.0004,9.3098,-1.1827,-2.9787,66.4028,0.0,0.0,0.0,74.3999977111816,no_change,2026-08-19T12:43:27,0.0,0.0
SPXW,2026-10-30,70,Call,7235.0,SPXW261030C07235000,549.3,555.2,552.25,556.54,17.84,3.31167,1.0,0.0,0.1802,0.8055,0.0004,9.3598,-1.186,10.9485,551.2453,556.54,556.54,556.54,538.700012207031,up,2026-08-21T15:33:51,0.0,0.0
SPXW,2026-10-30,70,Put,7235.0,SPXW261030P07235000,66.5,67.0,66.75,62.07,0.0,0.0,0.0,49.0,0.1804,-0.1943,0.0004,9.3598,-1.186,-3.006,66.9992,0.0,0.0,0.0,75.1000022888184,down,2026-08-14T15:03:51,0.0,0.0
SPXW,2026-10-30,70,Call,7240.0,SPXW261030C07240000,545.0,550.8,547.9,462.16,0.0,0.0,0.0,1.0,0.1798,0.8037,0.0005,9.41,-1.1894,10.9306,546.8915,0.0,0.0,0.0,534.399993896484,down,2026-05-19T10:19:22,0.0,0.0
SPXW,2026-10-30,70,Put,7240.0,SPXW261030P07240000,67.1,67.6,67.35,66.43,0.0,0.0,0.0,38.0,0.1799,-0.1961,0.0005,9.41,-1.1894,-3.0335,67.6025,0.0,0.0,0.0,75.7000007629394,no_change,2026-08-19T13:29:15,0.0,0.0
SPXW,2026-10-30,70,Call,7245.0,SPXW261030C07245000,540.6,546.4,543.5,435.6,0.0,0.0,0.0,32.0,0.1792,0.8019,0.0005,9.4604,-1.1928,10.9124,542.5446,0.0,0.0,0.0,530.100006103516,down,2026-07-27T09:35:23,0.0,0.0
SPXW,2026-10-30,70,Put,7245.0,SPXW261030P07245000,67.7,68.2,67.95,69.38,-6.97,-9.12901,7.0,15.0,0.1794,-0.1979,0.0005,9.4604,-1.1928,-3.0614,68.2129,70.1,70.1,69.38,76.3499984741211,down,2026-08-21T10:52:14,0.0,0.0
SPXW,2026-10-30,70,Call,7250.0,SPXW261030C07250000,536.4,542.1,539.25,547.46,0.0,0.0,0.0,20.0,0.1787,0.8001,0.0005,9.5109,-1.1961,10.8939,538.2049,0.0,0.0,0.0,525.799987792969,down,2026-08-20T12:20:03,0.0,0.0
SPXW,2026-10-30,70,Put,7250.0,SPXW261030P07250000,68.3,68.8,68.55,66.97,-10.03,-13.026,11.0,3507.0,0.1789,-0.1998,0.0005,9.5109,-1.1961,-3.0894,68.8304,70.7,71.46,66.97,77.0,down,2026-08-21T15:47:53,0.0,0.0
SPXW,2026-10-30,70,Call,7255.0,SPXW261030C07255000,531.9,537.8,534.8499999999999,0.0,0.0,0.0,0.0,0.0,0.1783,0.7982,0.0005,9.5617,-1.1994,10.8751,533.8725,0.0,0.0,0.0,521.5,no_change,,0.0,0.0
SPXW,2026-10-30,70,Put,7255.0,SPXW261030P07255000,68.9,69.4,69.15,72.08,-5.62,-7.23295,2.0,15.0,0.1784,-0.2016,0.0005,9.5617,-1.1994,-3.1179,69.4551,72.08,72.08,72.08,77.7000007629394,down,2026-08-21T09:52:16,0.0,0.0
SPXW,2026-10-30,70,Call,7260.0,SPXW261030C07260000,527.6,533.4,530.5,535.46,18.26,3.53055,3.0,25.0,0.1777,0.7963,0.0005,9.6128,-1.2028,10.856,529.5474,535.46,535.46,535.46,517.200012207031,up,2026-08-21T11:03:40,0.0,0.0
SPXW,2026-10-30,70,Put,7260.0,SPXW261030P07260000,69.6,70.0,69.8,68.05,0.0,0.0,0.0,301.0,0.1779,-0.2035,0.0005,9.6128,-1.2028,-3.1466,70.0872,0.0,0.0,0.0,78.3499984741211,no_change,2026-08-19T12:43:27,0.0,0.0
SPXW,2026-10-30,70,Call,7265.0,SPXW261030C07265000,523.4,529.1,526.25,0.0,0.0,0.0,0.0,0.0,0.1772,0.7944,0.0005,9.6641,-1.2061,10.8366,525.2297,0.0,0.0,0.0,513.0,no_change,,0.0,0.0
SPXW,2026-10-30,70,Put,7265.0,SPXW261030P07265000,70.2,70.7,70.45,65.1,0.0,0.0,0.0,1.0,0.1774,-0.2054,0.0005,9.6641,-1.2061,-3.1757,70.7268,0.0,0.0,0.0,79.0500030517578,down,2026-08-13T15:37:37,0.0,0.0
SPXW,2026-10-30,70,Call,7270.0,SPXW261030C07270000,519.0,524.8,521.9,448.8,0.0,0.0,0.0,23.0,0.1767,0.7925,0.0005,9.7156,-1.2093,10.8167,520.9197,0.0,0.0,0.0,508.699996948242,no_change,2026-06-05T16:02:04,0.0,0.0
SPXW,2026-10-30,70,Put,7270.0,SPXW261030P07270000,70.8,71.3,71.05,70.6,-9.15,-11.4734,1.0,46.0,0.1769,-0.2073,0.0005,9.7156,-1.2093,-3.2052,71.374,70.6,70.6,70.6,79.75,down,2026-08-21T13:11:31,0.0,0.0
SPXW,2026-10-30,70,Call,7275.0,SPXW261030C07275000,514.9,520.5,517.7,498.06,0.0,0.0,0.0,8.0,0.1762,0.7906,0.0005,9.7674,-1.2126,10.7964,516.6174,0.0,0.0,0.0,504.450012207031,down,2026-06-19T09:43:03,0.0,0.0
SPXW,2026-10-30,70,Put,7275.0,SPXW261030P07275000,71.5,72.0,71.75,75.16,-5.34,-6.63354,54.0,103.0,0.1764,-0.2092,0.0005,9.7674,-1.2126,-3.2351,72.0289,74.01,75.16,73.89,80.5,no_change,2026-08-21T09:56:01,0.0,0.0
SPXW,2026-10-30,70,Call,7280.0,SPXW261030C07280000,510.4,516.1,513.25,442.6,0.0,0.0,0.0,306.0,0.1757,0.7886,0.0005,9.8195,-1.2158,10.7758,512.3229,0.0,0.0,0.0,500.25,no_change,2026-07-17T10:18:01,0.0,0.0
SPXW,2026-10-30,70,Put,7280.0,SPXW261030P07280000,72.1,72.6,72.35,74.69,-6.46,-7.96057,9.0,731.0,0.1759,-0.2112,0.0005,9.8195,-1.2158,-3.2654,72.6916,75.91,75.91,74.69,81.1500015258789,down,2026-08-21T10:32:57,0.0,0.0
SPXW,2026-10-30,70,Call,7285.0,SPXW261030C07285000,506.1,511.9,509.0,0.0,0.0,0.0,0.0,0.0,0.1752,0.7867,0.0005,9.8717,-1.2191,10.7547,508.0365,0.0,0.0,0.0,496.0,no_change,,0.0,0.0
SPXW,2026-10-30,70,Put,7285.0,SPXW261030P07285000,72.8,73.3,73.05,72.6,-9.25,-11.3012,1.0,6.0,0.1754,-0.2132,0.0005,9.8717,-1.2191,-3.2961,73.3624,72.6,72.6,72.6,81.8499984741211,down,2026-08-21T12:58:40,0.0,0.0
SPXW,2026-10-30,70,Call,7290.0,SPXW261030C07290000,501.8,507.6,504.70000000000005,0.0,0.0,0.0,0.0,0.0,0.1746,0.7847,0.0005,9.9241,-1.2223,10.7332,503.7582,0.0,0.0,0.0,491.75,no_change,,0.0,0.0
SPXW,2026-10-30,70,Put,7290.0,SPXW261030P07290000,73.5,74.0,73.75,76.2,0.0,0.0,0.0,29.0,0.1749,-0.2151,0.0005,9.9241,-1.2223,-3.3272,74.0413,0.0,0.0,0.0,82.6000022888184,up,2026-08-20T13:00:09,0.0,0.0
SPXW,2026-10-30,70,Call,7295.0,SPXW261030C07295000,497.7,503.3,500.5,0.0,0.0,0.0,0.0,0.0,0.1741,0.7827,0.0005,9.9767,-1.2255,10.7112,499.4882,0.0,0.0,0.0,487.549987792969,no_change,,0.0,0.0
SPXW,2026-10-30,70,Put,7295.0,SPXW261030P07295000,74.2,74.6,74.4,74.14,-9.16,-10.9964,2.0,9.0,0.1743,-0.2172,0.0005,9.9767,-1.2255,-3.3588,74.7285,74.14,74.14,74.14,83.2999992370606,up,2026-08-21T11:04:14,0.0,0.0
SPXW,2026-10-30,70,Call,7300.0,SPXW261030C07300000,493.5,499.0,496.25,509.73,0.0,0.0,0.0,85.0,0.1737,0.7806,0.0005,10.0294,-1.2286,10.6888,495.2267,0.0,0.0,0.0,483.350006103516,no_change,2026-08-20T09:30:03,0.0,0.0
SPXW,2026-10-30,70,Put,7300.0,SPXW261030P07300000,74.9,75.3,75.1,74.11,-9.99,-11.8787,73.0,1159.0,0.1739,-0.2192,0.0005,10.0294,-1.2286,-3.3909,75.4242,78.03,78.3,74.11,84.1000022888184,down,2026-08-21T15:35:48,0.0,0.0
SPXW,2026-10-30,70,Call,7305.0,SPXW261030C07305000,489.2,494.8,492.0,0.0,0.0,0.0,0.0,0.0,0.1731,0.7786,0.0005,10.0822,-1.2318,10.666,490.9737,0.0,0.0,0.0,479.099990844727,no_change,,0.0,0.0
SPXW,2026-10-30,70,Put,7305.0,SPXW261030P07305000,75.5,76.0,75.75,83.85,0.0,0.0,0.0,9.0,0.1733,-0.2212,0.0005,10.0822,-1.2318,-3.4233,76.1284,0.0,0.0,0.0,84.7999992370606,up,2026-08-20T14:08:36,0.0,0.0
SPXW,2026-10-30,70,Call,7310.0,SPXW261030C07310000,485.0,490.5,487.75,525.46,0.0,0.0,0.0,9.0,0.1727,0.7765,0.0005,10.1349,-1.2349,10.6428,486.7295,0.0,0.0,0.0,474.900009155273,up,2026-08-18T10:22:07,0.0,0.0
SPXW,2026-10-30,70,Put,7310.0,SPXW261030P07310000,76.3,76.7,76.5,85.83,0.0,0.0,0.0,51.0,0.1728,-0.2233,0.0005,10.1349,-1.2349,-3.4561,76.8414,0.0,0.0,0.0,85.6000022888184,up,2026-08-20T15:45:55,0.0,0.0
SPXW,2026-10-30,70,Call,7315.0,SPXW261030C07315000,480.7,486.3,483.5,294.55,0.0,0.0,0.0,1.0,0.1721,0.7744,0.0005,10.1877,-1.238,10.6192,482.4941,0.0,0.0,0.0,470.75,down,2026-07-29T15:49:55,0.0,0.0
SPXW,2026-10-30,70,Put,7315.0,SPXW261030P07315000,77.0,77.5,77.25,70.75,0.0,0.0,0.0,17.0,0.1723,-0.2254,0.0005,10.1877,-1.238,-3.4894,77.5633,0.0,0.0,0.0,86.3499984741211,down,2026-08-13T15:49:22,0.0,0.0
SPXW,2026-10-30,70,Call,7320.0,SPXW261030C07320000,476.5,482.0,479.25,523.73,0.0,0.0,0.0,21.0,0.1716,0.7723,0.0005,10.2404,-1.241,10.5953,478.2677,0.0,0.0,0.0,466.599990844727,up,2026-08-19T13:15:13,0.0,0.0
SPXW,2026-10-30,70,Put,7320.0,SPXW261030P07320000,77.7,78.2,77.95,75.43,0.0,0.0,0.0,20.0,0.1718,-0.2276,0.0005,10.2404,-1.241,-3.5229,78.2941,0.0,0.0,0.0,87.1500015258789,down,2026-08-19T15:39:50,0.0,0.0
SPXW,2026-10-30,70,Call,7325.0,SPXW261030C07325000,472.1,477.8,474.95000000000005,402.39,0.0,0.0,0.0,23.0,0.1711,0.7701,0.0005,10.293,-1.2441,10.571,474.0504,0.0,0.0,0.0,462.400009155273,up,2026-08-03T09:37:32,0.0,0.0
SPXW,2026-10-30,70,Put,7325.0,SPXW261030P07325000,78.4,78.9,78.65,78.4,-9.55,-10.8584,2.0,117.0,0.1714,-0.2297,0.0005,10.293,-1.2441,-3.5568,79.034,78.4,78.4,78.4,87.9499969482422,down,2026-08-21T13:51:09,0.0,0.0
SPXW,2026-10-30,70,Call,7330.0,SPXW261030C07330000,468.1,473.6,470.85,356.6,0.0,0.0,0.0,6.0,0.1706,0.768,0.0005,10.3454,-1.2471,10.5464,469.8424,0.0,0.0,0.0,458.25,down,2026-06-11T10:35:11,0.0,0.0
SPXW,2026-10-30,70,Put,7330.0,SPXW261030P07330000,79.2,79.7,79.45,83.26,0.0,0.0,0.0,155.0,0.1708,-0.2319,0.0005,10.3454,-1.2471,-3.5911,79.7832,0.0,0.0,0.0,88.75,no_change,2026-08-20T11:09:20,0.0,0.0
SPXW,2026-10-30,70,Call,7335.0,SPXW261030C07335000,463.9,469.4,466.65,553.41,0.0,0.0,0.0,8.0,0.1702,0.7658,0.0005,10.3978,-1.2501,10.5215,465.6438,0.0,0.0,0.0,454.099990844727,up,2026-08-07T13:48:34,0.0,0.0
SPXW,2026-10-30,70,Put,7335.0,SPXW261030P07335000,79.9,80.4,80.15,80.5,-9.05,-10.1061,2.0,31.0,0.1704,-0.2341,0.0005,10.3978,-1.2501,-3.6256,80.5418,80.5,80.5,80.5,89.5500030517578,no_change,2026-08-21T16:02:05,0.0,0.0
SPXW,2026-10-30,70,Call,7340.0,SPXW261030C07340000,459.7,465.2,462.45,411.62,0.0,0.0,0.0,22.0,0.1696,0.7635,0.0005,10.45,-1.2531,10.4964,461.4546,0.0,0.0,0.0,449.900009155273,up,2026-08-03T10:28:03,0.0,0.0
SPXW,2026-10-30,70,Put,7340.0,SPXW261030P07340000,80.7,81.2,80.95,74.87,0.0,0.0,0.0,75.0,0.1698,-0.2363,0.0005,10.45,-1.2531,-3.6604,81.3098,0.0,0.0,0.0,90.3499984741211,up,2026-08-17T10:54:08,0.0,0.0
SPXW,2026-10-30,70,Call,7345.0,SPXW261030C07345000,455.5,461.0,458.25,539.02,0.0,0.0,0.0,21.0,0.1691,0.7613,0.0005,10.502,-1.256,10.471,457.275,0.0,0.0,0.0,445.800003051758,down,2026-08-10T12:32:04,0.0,0.0
SPXW,2026-10-30,70,Put,7345.0,SPXW261030P07345000,81.5,81.9,81.7,91.46,0.0,0.0,0.0,18.0,0.1693,-0.2385,0.0005,10.502,-1.256,-3.6954,82.0874,0.0,0.0,0.0,91.2000007629394,up,2026-08-20T16:05:26,0.0,0.0
SPXW,2026-10-30,70,Call,7350.0,SPXW261030C07350000,451.4,456.8,454.1,431.16,0.0,0.0,0.0,44.0,0.1686,0.759,0.0006,10.5539,-1.2589,10.4453,453.1051,0.0,0.0,0.0,441.75,up,2026-08-03T14:20:33,0.0,0.0
SPXW,2026-10-30,70,Put,7350.0,SPXW261030P07350000,82.2,82.7,82.45,81.23,-10.77,-11.7065,52.0,1808.0,0.1689,-0.2408,0.0006,10.5539,-1.2589,-3.7307,82.8747,82.4,83.81,81.23,92.0,down,2026-08-21T15:39:01,0.0,0.0
SPXW,2026-10-30,70,Call,7355.0,SPXW261030C07355000,447.2,452.6,449.9,455.52,0.0,0.0,0.0,20.0,0.1681,0.7567,0.0006,10.6056,-1.2618,10.4194,448.9449,0.0,0.0,0.0,437.649993896484,up,2026-08-04T09:32:46,0.0,0.0
SPXW,2026-10-30,70,Put,7355.0,SPXW261030P07355000,83.0,83.5,83.25,82.99,-9.86,-10.6193,2.0,51.0,0.1684,-0.2431,0.0006,10.6056,-1.2618,-3.7663,83.6718,82.99,82.99,82.99,92.8499984741211,down,2026-08-21T13:47:49,0.0,0.0
SPXW,2026-10-30,70,Call,7360.0,SPXW261030C07360000,443.0,448.5,445.75,437.4,0.0,0.0,0.0,29.0,0.1676,0.7544,0.0006,10.6573,-1.2646,10.3932,444.7947,0.0,0.0,0.0,433.550003051758,up,2026-07-10T13:02:33,0.0,0.0
SPXW,2026-10-30,70,Put,7360.0,SPXW261030P07360000,83.8,84.3,84.05,86.11,-7.64,-8.14933,1.0,78.0,0.1678,-0.2454,0.0006,10.6573,-1.2646,-3.8021,84.4787,86.11,86.11,86.11,93.75,up,2026-08-21T10:26:58,0.0,0.0
SPXW,2026-10-30,70,Call,7365.0,SPXW261030C07365000,438.9,444.3,441.6,535.83,0.0,0.0,0.0,24.0,0.1671,0.7521,0.0006,10.7089,-1.2674,10.3668,440.6545,0.0,0.0,0.0,429.449996948242,up,2026-08-10T12:27:27,0.0,0.0
SPXW,2026-10-30,70,Put,7365.0,SPXW261030P07365000,84.6,85.1,84.85,77.0,0.0,0.0,0.0,37.0,0.1674,-0.2477,0.0006,10.7089,-1.2674,-3.8382,85.2957,0.0,0.0,0.0,94.6000022888184,down,2026-08-13T15:37:37,0.0,0.0
SPXW,2026-10-30,70,Call,7370.0,SPXW261030C07370000,434.8,440.2,437.5,420.55,0.0,0.0,0.0,31.0,0.1666,0.7497,0.0006,10.7604,-1.2702,10.34,436.5244,0.0,0.0,0.0,425.350006103516,up,2026-08-03T15:04:52,0.0,0.0
SPXW,2026-10-30,70,Put,7370.0,SPXW261030P07370000,85.5,86.0,85.75,84.1,-11.35,-11.891,1.0,185.0,0.1669,-0.2501,0.0006,10.7604,-1.2702,-3.8746,86.1228,84.1,84.1,84.1,95.4499969482422,down,2026-08-21T12:21:11,0.0,0.0
SPXW,2026-10-30,70,Call,7375.0,SPXW261030C07375000,430.6,436.0,433.3,540.42,0.0,0.0,0.0,37.0,0.1662,0.7474,0.0006,10.812,-1.273,10.3129,432.4045,0.0,0.0,0.0,421.25,up,2026-08-13T09:45:46,0.0,0.0
SPXW,2026-10-30,70,Put,7375.0,SPXW261030P07375000,86.3,86.8,86.55,86.9,-9.45,-9.80799,6.0,334.0,0.1664,-0.2525,0.0006,10.812,-1.273,-3.9113,86.9602,89.82,89.82,86.8,96.3499984741211,up,2026-08-21T16:02:11,0.0,0.0
SPXW,2026-10-30,70,Call,7380.0,SPXW261030C07380000,426.5,431.9,429.2,542.27,0.0,0.0,0.0,43.0,0.1657,0.7449,0.0006,10.8635,-1.2757,10.2855,428.2951,0.0,0.0,0.0,417.149993896484,up,2026-08-14T10:35:56,0.0,0.0
SPXW,2026-10-30,70,Put,7380.0,SPXW261030P07380000,87.1,87.6,87.35,91.14,0.0,0.0,0.0,77.0,0.1659,-0.2549,0.0006,10.8635,-1.2757,-3.9484,87.8079,0.0,0.0,0.0,97.25,no_change,2026-08-20T11:09:20,0.0,0.0
SPXW,2026-10-30,70,Call,7385.0,SPXW261030C07385000,422.4,427.8,425.1,520.61,0.0,0.0,0.0,10.0,0.1652,0.7425,0.0006,10.9151,-1.2784,10.2576,424.1961,0.0,0.0,0.0,413.149993896484,up,2026-08-10T11:45:03,0.0,0.0
SPXW,2026-10-30,70,Put,7385.0,SPXW261030P07385000,88.0,88.5,88.25,98.31,0.0,0.0,0.0,40.0,0.1654,-0.2573,0.0006,10.9151,-1.2784,-3.9859,88.6662,0.0,0.0,0.0,98.1500015258789,up,2026-08-20T15:35:56,0.0,0.0
SPXW,2026-10-30,70,Call,7390.0,SPXW261030C07390000,418.3,423.7,421.0,346.2,0.0,0.0,0.0,24.0,0.1647,0.74,0.0006,10.9668,-1.281,10.2293,420.1079,0.0,0.0,0.0,409.100006103516,up,2026-08-03T09:33:56,0.0,0.0
SPXW,2026-10-30,70,Put,7390.0,SPXW261030P07390000,88.9,89.4,89.15,81.3,0.0,0.0,0.0,168.0,0.1649,-0.2598,0.0006,10.9668,-1.281,-4.0239,89.5352,0.0,0.0,0.0,99.1000022888184,down,2026-08-17T10:31:08,0.0,0.0
SPXW,2026-10-30,70,Call,7395.0,SPXW261030C07395000,414.1,419.6,416.85,455.2,0.0,0.0,0.0,2.0,0.1642,0.7376,0.0006,11.0185,-1.2836,10.2005,416.0306,0.0,0.0,0.0,405.100006103516,up,2026-08-19T13:22:30,0.0,0.0
SPXW,2026-10-30,70,Put,7395.0,SPXW261030P07395000,89.7,90.2,89.95,89.49,-10.61,-10.5994,4.0,154.0,0.1644,-0.2623,0.0006,11.0185,-1.2836,-4.0623,90.4151,89.19,89.49,89.19,100.100002288818,no_change,2026-08-21T12:06:00,0.0,0.0
SPXW,2026-10-30,70,Call,7400.0,SPXW261030C07400000,410.0,415.5,412.75,502.73,0.0,0.0,0.0,868.0,0.1637,0.735,0.0006,11.0703,-1.2861,10.1711,411.9644,0.0,0.0,0.0,401.100006103516,up,2026-08-17T13:08:24,0.0,0.0
SPXW,2026-10-30,70,Put,7400.0,SPXW261030P07400000,90.6,91.1,90.85,90.27,-10.73,-10.6238,73.0,1986.0,0.164,-0.2648,0.0006,11.0703,-1.2861,-4.1013,91.3061,92.39,93.38,89.26,101.0,no_change,2026-08-21T13:14:27,0.0,0.0
SPXW,2026-10-30,70,Call,7405.0,SPXW261030C07405000,406.1,411.4,408.75,451.19,0.0,0.0,0.0,52.0,0.1632,0.7325,0.0006,11.1221,-1.2887,10.1413,407.9094,0.0,0.0,0.0,397.100006103516,down,2026-08-19T15:12:30,0.0,0.0
SPXW,2026-10-30,70,Put,7405.0,SPXW261030P07405000,91.5,92.0,91.75,91.6,-10.35,-10.152,8.0,185.0,0.1635,-0.2673,0.0006,11.1221,-1.2887,-4.1408,92.2083,90.89,91.92,90.89,101.949996948242,down,2026-08-21T15:57:39,0.0,0.0
SPXW,2026-10-30,70,Call,7410.0,SPXW261030C07410000,402.0,407.4,404.7,410.23,17.13,4.35767,22.0,43.0,0.1627,0.7299,0.0006,11.174,-1.2911,10.1108,403.8658,407.2,410.23,401.85,393.100006103516,up,2026-08-21T15:38:20,0.0,0.0
SPXW,2026-10-30,70,Put,7410.0,SPXW261030P07410000,92.4,92.9,92.65,91.3,-11.6,-11.2731,12.0,60.0,0.163,-0.2699,0.0006,11.174,-1.2911,-4.1809,93.122,90.94,91.3,90.94,102.899997711182,up,2026-08-21T15:50:24,0.0,0.0
SPXW,2026-10-30,70,Call,7415.0,SPXW261030C07415000,397.9,403.3,400.6,503.34,0.0,0.0,0.0,48.0,0.1623,0.7274,0.0006,11.2258,-1.2936,10.0798,399.834,0.0,0.0,0.0,389.100006103516,up,2026-08-14T15:52:52,0.0,0.0
SPXW,2026-10-30,70,Put,7415.0,SPXW261030P07415000,93.4,93.9,93.65,104.02,0.0,0.0,0.0,124.0,0.1625,-0.2725,0.0006,11.2258,-1.2936,-4.2215,94.0473,0.0,0.0,0.0,103.899997711182,up,2026-08-20T15:35:56,0.0,0.0
SPXW,2026-10-30,70,Call,7420.0,SPXW261030C07420000,393.9,399.3,396.6,402.38,17.23,4.47358,18.0,145.0,0.1618,0.7247,0.0006,11.2776,-1.296,10.0483,395.8139,396.84,406.95,393.88,385.150009155273,down,2026-08-21T15:44:04,0.0,0.0
SPXW,2026-10-30,70,Put,7420.0,SPXW261030P07420000,94.3,94.8,94.55,94.8,-10.05,-9.58512,9.0,123.0,0.162,-0.2751,0.0006,11.2776,-1.296,-4.2627,94.9845,95.0,95.0,94.8,104.849998474121,no_change,2026-08-21T16:02:20,0.0,0.0
SPXW,2026-10-30,70,Call,7425.0,SPXW261030C07425000,389.9,395.3,392.6,493.97,0.0,0.0,0.0,134.0,0.1613,0.7221,0.0006,11.3292,-1.2983,10.0162,391.806,0.0,0.0,0.0,381.199996948242,down,2026-08-14T13:24:09,0.0,0.0
SPXW,2026-10-30,70,Put,7425.0,SPXW261030P07425000,95.2,95.7,95.45,95.22,-10.68,-10.085,1.0,460.0,0.1615,-0.2777,0.0006,11.3292,-1.2983,-4.3044,95.9338,95.22,95.22,95.22,105.899997711182,down,2026-08-21T13:47:49,0.0,0.0
SPXW,2026-10-30,70,Call,7430.0,SPXW261030C07430000,385.9,391.3,388.6,387.7,10.45,2.77005,7.0,64.0,0.1608,0.7194,0.0006,11.3806,-1.3006,9.9835,387.8104,386.75,395.8,386.75,377.25,down,2026-08-21T14:12:37,0.0,0.0
SPXW,2026-10-30,70,Put,7430.0,SPXW261030P07430000,96.2,96.7,96.45,87.05,0.0,0.0,0.0,42.0,0.161,-0.2804,0.0006,11.3806,-1.3006,-4.3467,96.8953,0.0,0.0,0.0,106.899997711182,up,2026-08-17T12:16:53,0.0,0.0
SPXW,2026-10-30,70,Call,7435.0,SPXW261030C07435000,381.9,387.2,384.54999999999995,474.84,0.0,0.0,0.0,14.0,0.1604,0.7167,0.0006,11.4318,-1.3028,9.9503,383.8272,0.0,0.0,0.0,373.349990844727,down,2026-08-10T16:01:09,0.0,0.0
SPXW,2026-10-30,70,Put,7435.0,SPXW261030P07435000,97.2,97.7,97.45,108.99,0.0,0.0,0.0,27.0,0.1606,-0.2831,0.0006,11.4318,-1.3028,-4.3895,97.8694,0.0,0.0,0.0,107.949996948242,up,2026-08-20T16:13:48,0.0,0.0
SPXW,2026-10-30,70,Call,7440.0,SPXW261030C07440000,377.9,383.3,380.6,380.58,11.18,3.02653,20.0,39.0,0.1599,0.714,0.0006,11.4827,-1.305,9.9168,379.8567,375.76,387.15,375.76,369.399993896484,down,2026-08-21T16:11:29,0.0,0.0
SPXW,2026-10-30,70,Put,7440.0,SPXW261030P07440000,98.1,98.6,98.35,109.44,0.0,0.0,0.0,624.0,0.1601,-0.2858,0.0006,11.4827,-1.305,-4.4327,98.856,0.0,0.0,0.0,108.949996948242,up,2026-08-20T15:22:04,0.0,0.0
SPXW,2026-10-30,70,Call,7445.0,SPXW261030C07445000,374.1,379.3,376.70000000000005,377.42,0.0,0.0,0.0,27.0,0.1594,0.7112,0.0006,11.5332,-1.3072,9.8828,375.8989,0.0,0.0,0.0,365.5,down,2026-08-20T13:53:15,0.0,0.0
SPXW,2026-10-30,70,Put,7445.0,SPXW261030P07445000,99.1,99.6,99.35,93.84,0.0,0.0,0.0,41.0,0.1596,-0.2886,0.0006,11.5332,-1.3072,-4.4764,99.8555,0.0,0.0,0.0,110.050003051758,down,2026-08-19T12:00:57,0.0,0.0
SPXW,2026-10-30,70,Call,7450.0,SPXW261030C07450000,370.0,375.3,372.65,372.7,11.2,3.0982,10.0,201.0,0.1589,0.7084,0.0006,11.5833,-1.3092,9.8484,371.9542,373.7,379.85,370.79,361.5,down,2026-08-21T16:00:05,0.0,0.0
SPXW,2026-10-30,70,Put,7450.0,SPXW261030P07450000,100.1,100.6,100.35,99.4,-11.7,-10.5311,84.0,1494.0,0.1592,-0.2914,0.0006,11.5833,-1.3092,-4.5204,100.868,102.38,102.38,99.21,111.100002288818,down,2026-08-21T15:00:02,0.0,0.0
SPXW,2026-10-30,70,Call,7455.0,SPXW261030C07455000,366.1,371.4,368.75,469.89,0.0,0.0,0.0,22.0,0.1585,0.7056,0.0006,11.633,-1.3113,9.8137,368.0226,0.0,0.0,0.0,357.699996948242,up,2026-08-14T15:52:54,0.0,0.0
SPXW,2026-10-30,70,Put,7455.0,SPXW261030P07455000,101.2,101.7,101.45,101.8,-10.35,-9.22871,5.0,3.0,0.1587,-0.2942,0.0006,11.633,-1.3113,-4.5647,101.8936,102.0,102.0,101.8,112.150001525879,down,2026-08-21T16:02:14,0.0,0.0
SPXW,2026-10-30,70,Call,7460.0,SPXW261030C07460000,362.2,367.5,364.85,366.55,12.65,3.57445,10.0,213.0,0.1579,0.7028,0.0006,11.6822,-1.3132,9.7787,364.1043,359.99,371.13,359.99,353.900009155273,down,2026-08-21T16:02:00,0.0,0.0
SPXW,2026-10-30,70,Put,7460.0,SPXW261030P07460000,102.2,102.7,102.45,112.84,0.0,0.0,0.0,24.0,0.1582,-0.297,0.0006,11.6822,-1.3132,-4.6094,102.9325,0.0,0.0,0.0,113.25,up,2026-08-20T15:37:57,0.0,0.0
SPXW,2026-10-30,70,Call,7465.0,SPXW261030C07465000,358.3,363.5,360.9,345.12,0.0,0.0,0.0,4.0,0.1575,0.6999,0.0006,11.731,-1.3152,9.7434,360.1993,0.0,0.0,0.0,349.900009155273,down,2026-08-03T15:47:53,0.0,0.0
SPXW,2026-10-30,70,Put,7465.0,SPXW261030P07465000,103.2,103.7,103.45,244.98,0.0,0.0,0.0,2.0,0.1577,-0.2999,0.0006,11.731,-1.3152,-4.6543,103.9848,0.0,0.0,0.0,114.349998474121,up,2026-07-29T10:55:28,0.0,0.0
SPXW,2026-10-30,70,Call,7470.0,SPXW261030C07470000,354.4,359.6,357.0,357.88,11.78,3.40364,3.0,22.0,0.157,0.697,0.0007,11.7793,-1.317,9.7079,356.3079,352.79,357.88,352.79,346.099990844727,up,2026-08-21T16:02:00,0.0,0.0
SPXW,2026-10-30,70,Put,7470.0,SPXW261030P07470000,104.3,104.8,104.55,106.4,-9.1,-7.87879,5.0,66.0,0.1573,-0.3028,0.0007,11.7793,-1.317,-4.6994,105.0506,105.73,106.4,105.73,115.5,no_change,2026-08-21T14:33:44,0.0,0.0
SPXW,2026-10-30,70,Call,7475.0,SPXW261030C07475000,350.5,355.7,353.1,347.38,5.08,1.48408,5.0,721.0,0.1568,0.6941,0.0007,11.8271,-1.3188,9.672,352.4302,347.38,347.38,347.38,342.300003051758,up,2026-08-21T10:32:57,0.0,0.0
SPXW,2026-10-30,70,Put,7475.0,SPXW261030P07475000,105.4,105.9,105.65,108.62,-8.08,-6.92374,16.0,774.0,0.1568,-0.3057,0.0007,11.8271,-1.3188,-4.7449,106.13,109.0,109.0,108.62,116.700000762939,down,2026-08-21T10:32:57,0.0,0.0
SPXW,2026-10-30,70,Call,7480.0,SPXW261030C07480000,349.0,349.6,349.3,470.4,0.0,0.0,0.0,14.0,0.1565,0.6912,0.0007,11.8746,-1.3206,9.6359,348.5663,0.0,0.0,0.0,338.5,up,2026-08-14T09:54:06,0.0,0.0
SPXW,2026-10-30,70,Put,7480.0,SPXW261030P07480000,106.5,107.0,106.75,109.84,-7.91,-6.71762,19.0,40.0,0.1563,-0.3087,0.0007,11.8746,-1.3206,-4.7907,107.2233,108.5,110.1,108.5,117.75,no_change,2026-08-21T09:50:10,0.0,0.0
SPXW,2026-10-30,70,Call,7485.0,SPXW261030C07485000,345.2,345.8,345.5,433.73,0.0,0.0,0.0,38.0,0.156,0.6882,0.0007,11.9217,-1.3223,9.5994,344.7163,0.0,0.0,0.0,334.699996948242,up,2026-08-07T15:35:13,0.0,0.0
SPXW,2026-10-30,70,Put,7485.0,SPXW261030P07485000,107.6,108.1,107.85,93.83,0.0,0.0,0.0,2.0,0.1558,-0.3116,0.0007,11.9217,-1.3223,-4.8368,108.3306,0.0,0.0,0.0,118.949996948242,down,2026-08-14T10:15:19,0.0,0.0
SPXW,2026-10-30,70,Call,7490.0,SPXW261030C07490000,341.3,341.9,341.6,349.0,18.1,5.46993,4.0,66.0,0.1555,0.6852,0.0007,11.9684,-1.3239,9.5626,340.8805,337.32,349.0,337.32,330.900009155273,up,2026-08-21T12:12:17,0.0,0.0
SPXW,2026-10-30,70,Put,7490.0,SPXW261030P07490000,108.7,109.2,108.95,132.37,0.0,0.0,0.0,30.0,0.1554,-0.3146,0.0007,11.9684,-1.3239,-4.8833,109.452,0.0,0.0,0.0,120.150001525879,no_change,2026-08-04T10:38:44,0.0,0.0
SPXW,2026-10-30,70,Call,7495.0,SPXW261030C07495000,337.5,338.1,337.8,351.8,24.65,7.53477,7.0,7.0,0.155,0.6821,0.0007,12.0148,-1.3254,9.5252,337.059,337.67,351.8,337.67,327.149993896484,up,2026-08-21T11:43:12,0.0,0.0
SPXW,2026-10-30,70,Put,7495.0,SPXW261030P07495000,109.8,110.3,110.05,110.8,-10.5,-8.65622,4.0,13.0,0.155,-0.3177,0.0007,12.0148,-1.3254,-4.9302,110.5876,110.8,110.8,110.8,121.299999237061,down,2026-08-21T11:26:23,0.0,0.0
SPXW,2026-10-30,70,Call,7500.0,SPXW261030C07500000,333.6,334.2,333.9,337.08,13.58,4.19784,2.0,177.0,0.1545,0.6791,0.0007,12.061,-1.3269,9.4874,333.252,337.08,337.08,337.08,323.5,down,2026-08-21T09:30:02,0.0,0.0
SPXW,2026-10-30,70,Put,7500.0,SPXW261030P07500000,110.9,111.5,111.2,108.46,-14.09,-11.4974,14.0,805.0,0.1545,-0.3208,0.0007,12.061,-1.3269,-4.9777,111.7378,112.94,113.28,108.46,122.550003051758,no_change,2026-08-21T15:48:12,0.0,0.0
SPXW,2026-10-30,70,Call,7505.0,SPXW261030C07505000,329.8,330.4,330.1,367.1,0.0,0.0,0.0,112.0,0.1541,0.676,0.0007,12.1068,-1.3284,9.449,329.4597,0.0,0.0,0.0,319.699996948242,down,2026-08-18T12:16:16,0.0,0.0
SPXW,2026-10-30,70,Put,7505.0,SPXW261030P07505000,112.1,112.6,112.35,111.57,0.0,0.0,0.0,103.0,0.154,-0.3239,0.0007,12.1068,-1.3284,-5.0257,112.9028,0.0,0.0,0.0,123.75,down,2026-08-10T11:04:53,0.0,0.0
SPXW,2026-10-30,70,Call,7510.0,SPXW261030C07510000,326.1,326.7,326.4,434.57,0.0,0.0,0.0,47.0,0.1536,0.6728,0.0007,12.1524,-1.3297,9.41,325.6824,0.0,0.0,0.0,315.900009155273,up,2026-08-14T10:35:56,0.0,0.0
SPXW,2026-10-30,70,Put,7510.0,SPXW261030P07510000,113.3,113.8,113.55,106.8,0.0,0.0,0.0,162.0,0.1536,-0.327,0.0007,12.1524,-1.3297,-5.0744,114.0827,0.0,0.0,0.0,124.949996948242,down,2026-08-19T11:34:25,0.0,0.0
SPXW,2026-10-30,70,Call,7515.0,SPXW261030C07515000,322.3,322.9,322.6,308.4,0.0,0.0,0.0,1.0,0.1532,0.6697,0.0007,12.1977,-1.331,9.3704,321.9203,0.0,0.0,0.0,312.300003051758,down,2026-08-20T15:59:07,0.0,0.0
SPXW,2026-10-30,70,Put,7515.0,SPXW261030P07515000,114.5,115.0,114.75,106.9,0.0,0.0,0.0,1.0,0.1531,-0.3301,0.0007,12.1977,-1.331,-5.1236,115.2778,0.0,0.0,0.0,126.25,down,2026-08-19T15:34:49,0.0,0.0
SPXW,2026-10-30,70,Call,7520.0,SPXW261030C07520000,318.6,319.2,318.9,205.27,0.0,0.0,0.0,13.0,0.1528,0.6665,0.0007,12.2427,-1.3322,9.33,318.1737,0.0,0.0,0.0,308.5,down,2026-07-30T13:16:35,0.0,0.0
SPXW,2026-10-30,70,Put,7520.0,SPXW261030P07520000,115.7,116.2,115.95,115.5,-12.0,-9.41177,11.0,127.0,0.1527,-0.3333,0.0007,12.2427,-1.3322,-5.1736,116.4884,118.62,118.62,115.5,127.5,down,2026-08-21T11:00:23,0.0,0.0
SPXW,2026-10-30,70,Call,7525.0,SPXW261030C07525000,314.8,315.4,315.1,309.4,0.0,0.0,0.0,49.0,0.1523,0.6633,0.0007,12.2872,-1.3333,9.289,314.4428,0.0,0.0,0.0,304.900009155273,down,2026-08-20T15:07:38,0.0,0.0
SPXW,2026-10-30,70,Put,7525.0,SPXW261030P07525000,116.9,117.4,117.15,116.61,-12.14,-9.42913,5.0,170.0,0.1522,-0.3365,0.0007,12.2872,-1.3333,-5.2243,117.7147,119.75,119.75,116.61,128.75,no_change,2026-08-21T12:06:28,0.0,0.0
SPXW,2026-10-30,70,Call,7530.0,SPXW261030C07530000,311.1,311.7,311.4,227.3,0.0,0.0,0.0,25.0,0.1518,0.66,0.0007,12.3314,-1.3344,9.2473,310.728,0.0,0.0,0.0,301.300003051758,up,2026-07-31T14:31:34,0.0,0.0
SPXW,2026-10-30,70,Put,7530.0,SPXW261030P07530000,118.1,118.7,118.4,129.55,0.0,0.0,0.0,88.0,0.1518,-0.3398,0.0007,12.3314,-1.3344,-5.2756,118.9571,0.0,0.0,0.0,130.050003051758,up,2026-08-20T15:26:21,0.0,0.0
SPXW,2026-10-30,70,Call,7535.0,SPXW261030C07535000,307.4,308.0,307.7,362.2,0.0,0.0,0.0,3.0,0.1514,0.6568,0.0007,12.375,-1.3354,9.2049,307.0295,0.0,0.0,0.0,297.649993896484,up,2026-08-19T11:19:38,0.0,0.0
SPXW,2026-10-30,70,Put,7535.0,SPXW261030P07535000,119.4,119.9,119.65,116.37,-15.03,-11.4384,5.0,49.0,0.1513,-0.343,0.0007,12.375,-1.3354,-5.3276,120.2158,122.08,122.08,116.37,131.400001525879,no_change,2026-08-21T11:39:51,0.0,0.0
SPXW,2026-10-30,70,Call,7540.0,SPXW261030C07540000,303.7,304.3,304.0,303.92,10.02,3.40932,4.0,17.0,0.1509,0.6535,0.0007,12.4181,-1.3363,9.162,303.3475,303.92,303.92,303.92,293.900009155273,down,2026-08-21T11:26:23,0.0,0.0
SPXW,2026-10-30,70,Put,7540.0,SPXW261030P07540000,120.6,121.2,120.9,124.98,-7.77,-5.85311,1.0,325.0,0.1509,-0.3464,0.0007,12.4181,-1.3363,-5.3802,121.4911,124.98,124.98,124.98,132.75,down,2026-08-21T09:52:16,0.0,0.0
SPXW,2026-10-30,70,Call,7545.0,SPXW261030C07545000,300.0,300.6,300.3,0.0,0.0,0.0,0.0,0.0,0.1505,0.6501,0.0007,12.4605,-1.3371,9.1185,299.6823,0.0,0.0,0.0,290.300003051758,no_change,,0.0,0.0
SPXW,2026-10-30,70,Put,7545.0,SPXW261030P07545000,121.9,122.5,122.2,122.4,-11.65,-8.69079,10.0,75.0,0.1504,-0.3497,0.0007,12.4605,-1.3371,-5.4333,122.7831,124.87,124.87,122.4,134.050003051758,down,2026-08-21T14:03:09,0.0,0.0
SPXW,2026-10-30,70,Call,7550.0,SPXW261030C07550000,296.4,297.0,296.7,350.2,0.0,0.0,0.0,666.0,0.15,0.6468,0.0007,12.5022,-1.3378,9.0746,296.0341,0.0,0.0,0.0,286.699996948242,up,2026-08-19T11:19:20,0.0,0.0
SPXW,2026-10-30,70,Put,7550.0,SPXW261030P07550000,123.2,123.8,123.5,124.88,-10.57,-7.80362,49.0,903.0,0.15,-0.3531,0.0007,12.5022,-1.3378,-5.4869,124.0921,126.7,128.08,119.3,135.449996948242,up,2026-08-21T14:26:37,0.0,0.0
SPXW,2026-10-30,70,Call,7555.0,SPXW261030C07555000,292.6,293.3,292.95000000000005,332.6,0.0,0.0,0.0,5.0,0.1495,0.6434,0.0007,12.5431,-1.3385,9.0302,292.4031,0.0,0.0,0.0,283.300003051758,up,2026-08-19T12:56:45,0.0,0.0
SPXW,2026-10-30,70,Put,7555.0,SPXW261030P07555000,124.6,125.1,124.85,136.7,0.0,0.0,0.0,2.0,0.1495,-0.3565,0.0007,12.5431,-1.3385,-5.5409,125.4183,0.0,0.0,0.0,136.850006103516,up,2026-08-20T15:32:51,0.0,0.0
SPXW,2026-10-30,70,Call,7560.0,SPXW261030C07560000,289.1,289.7,289.4,303.15,23.45,8.38398,12.0,28.0,0.1491,0.6399,0.0008,12.5832,-1.339,8.9856,288.7894,291.25,303.15,291.25,279.699996948242,up,2026-08-21T11:48:04,0.0,0.0
SPXW,2026-10-30,70,Put,7560.0,SPXW261030P07560000,125.9,126.4,126.15,126.6,-11.65,-8.42676,72.0,60.0,0.1491,-0.3599,0.0008,12.5832,-1.339,-5.5952,126.7618,128.63,129.47,121.76,138.25,down,2026-08-21T16:02:08,0.0,0.0
SPXW,2026-10-30,70,Call,7565.0,SPXW261030C07565000,285.5,286.1,285.8,372.18,0.0,0.0,0.0,48.0,0.1487,0.6365,0.0008,12.6225,-1.3395,8.9406,285.1933,0.0,0.0,0.0,276.099990844727,up,2026-08-04T13:14:00,0.0,0.0
SPXW,2026-10-30,70,Put,7565.0,SPXW261030P07565000,127.2,127.8,127.5,126.28,-13.37,-9.57393,15.0,14.0,0.1486,-0.3633,0.0008,12.6225,-1.3395,-5.6497,128.1229,130.7,130.7,123.1,139.649993896484,up,2026-08-21T12:27:38,0.0,0.0
SPXW,2026-10-30,70,Call,7570.0,SPXW261030C07570000,281.9,282.5,282.2,295.7,23.05,8.45406,12.0,23.0,0.1482,0.633,0.0008,12.6609,-1.3399,8.8955,281.6149,285.03,295.7,285.03,272.649993896484,up,2026-08-21T11:47:56,0.0,0.0
SPXW,2026-10-30,70,Put,7570.0,SPXW261030P07570000,128.6,129.2,128.89999999999998,125.88,-15.27,-10.8183,12.0,28.0,0.1482,-0.3668,0.0008,12.6609,-1.3399,-5.7046,129.5017,133.97,133.97,125.88,141.149993896484,down,2026-08-21T15:49:12,0.0,0.0
SPXW,2026-10-30,70,Call,7575.0,SPXW261030C07575000,278.3,279.0,278.65,281.75,12.7,4.72032,8.0,199.0,0.1478,0.6295,0.0008,12.6985,-1.3402,8.85,278.0543,278.98,281.75,278.98,269.049987792969,up,2026-08-21T11:09:31,0.0,0.0
SPXW,2026-10-30,70,Put,7575.0,SPXW261030P07575000,130.0,130.6,130.3,129.0,-13.55,-9.50544,12.0,59.0,0.1478,-0.3703,0.0008,12.6985,-1.3402,-5.7596,130.8983,132.5,134.9,129.0,142.550003051758,down,2026-08-21T15:01:01,0.0,0.0
SPXW,2026-10-30,70,Call,7580.0,SPXW261030C07580000,274.8,275.4,275.1,278.5,12.85,4.83719,14.0,92.0,0.1474,0.6259,0.0008,12.7352,-1.3404,8.8044,274.5116,280.27,280.27,278.16,265.649993896484,up,2026-08-21T12:20:49,0.0,0.0
SPXW,2026-10-30,70,Put,7580.0,SPXW261030P07580000,131.4,132.0,131.7,130.25,-13.85,-9.61138,11.0,153.0,0.1473,-0.3739,0.0008,12.7352,-1.3404,-5.8149,132.3128,127.09,132.34,127.09,144.099998474121,down,2026-08-21T15:00:47,0.0,0.0
SPXW,2026-10-30,70,Call,7585.0,SPXW261030C07585000,271.2,271.9,271.54999999999995,0.0,0.0,0.0,0.0,4.0,0.1471,0.6224,0.0008,12.7711,-1.3405,8.7584,270.9872,0.0,0.0,0.0,262.099990844727,no_change,,0.0,0.0
SPXW,2026-10-30,70,Put,7585.0,SPXW261030P07585000,132.8,133.4,133.10000000000002,141.72,0.0,0.0,0.0,22.0,0.1469,-0.3775,0.0008,12.7711,-1.3405,-5.8706,133.7456,0.0,0.0,0.0,145.550003051758,no_change,2026-08-05T09:43:38,0.0,0.0
SPXW,2026-10-30,70,Call,7590.0,SPXW261030C07590000,267.8,268.3,268.05,262.99,4.29,1.65829,4.0,16.0,0.1465,0.6188,0.0008,12.8062,-1.3405,8.712,267.481,262.99,262.99,262.99,258.699996948242,down,2026-08-21T09:52:25,0.0,0.0
SPXW,2026-10-30,70,Put,7590.0,SPXW261030P07590000,134.3,134.8,134.55,135.07,-11.98,-8.14689,9.0,15.0,0.1465,-0.3811,0.0008,12.8062,-1.3405,-5.9266,135.1966,137.37,139.03,133.18,147.050003051758,up,2026-08-21T14:05:55,0.0,0.0
SPXW,2026-10-30,70,Call,7595.0,SPXW261030C07595000,264.2,265.0,264.6,268.28,12.98,5.08421,1.0,14.0,0.146,0.6151,0.0008,12.8405,-1.3404,8.6652,263.9934,268.28,268.28,268.28,255.300003051758,down,2026-08-21T15:36:29,0.0,0.0
SPXW,2026-10-30,70,Put,7595.0,SPXW261030P07595000,135.8,136.3,136.05,137.68,0.0,0.0,0.0,20.0,0.146,-0.3847,0.0008,12.8405,-1.3404,-5.983,136.6662,0.0,0.0,0.0,148.550003051758,down,2026-08-18T12:14:09,0.0,0.0
SPXW,2026-10-30,70,Call,7600.0,SPXW261030C07600000,260.8,261.4,261.1,264.74,12.89,5.11812,9.0,373.0,0.1457,0.6114,0.0008,12.8741,-1.3403,8.6178,260.5246,264.58,274.51,256.85,251.850006103516,down,2026-08-21T15:36:29,0.0,0.0
SPXW,2026-10-30,70,Put,7600.0,SPXW261030P07600000,137.2,137.8,137.5,136.22,-13.93,-9.27739,70.0,309.0,0.1456,-0.3884,0.0008,12.8741,-1.3403,-6.04,138.1546,140.32,142.08,133.44,150.149993896484,down,2026-08-21T15:01:07,0.0,0.0
SPXW,2026-10-30,70,Call,7605.0,SPXW261030C07605000,257.3,257.9,257.6,371.3,0.0,0.0,0.0,14.0,0.1452,0.6078,0.0008,12.9069,-1.34,8.5698,257.0748,0.0,0.0,0.0,248.5,down,2026-08-13T15:35:23,0.0,0.0
SPXW,2026-10-30,70,Put,7605.0,SPXW261030P07605000,138.8,139.3,139.05,141.82,-9.88,-6.51285,50.0,14.0,0.1452,-0.3921,0.0008,12.9069,-1.34,-6.0976,139.6621,141.87,141.87,141.82,151.699996948242,down,2026-08-21T09:32:06,0.0,0.0
SPXW,2026-10-30,70,Call,7610.0,SPXW261030C07610000,253.9,254.5,254.2,262.4,0.0,0.0,0.0,106.0,0.1448,0.604,0.0008,12.939,-1.3396,8.5211,253.6444,0.0,0.0,0.0,245.099998474121,down,2026-08-20T12:33:48,0.0,0.0
SPXW,2026-10-30,70,Put,7610.0,SPXW261030P07610000,140.3,140.8,140.55,141.2,-12.05,-7.86297,12.0,12.0,0.1448,-0.3958,0.0008,12.939,-1.3396,-6.156,141.1889,135.43,142.13,135.43,153.25,down,2026-08-21T16:02:03,0.0,0.0
SPXW,2026-10-30,70,Call,7615.0,SPXW261030C07615000,250.5,251.1,250.8,361.4,0.0,0.0,0.0,3.0,0.1444,0.6003,0.0008,12.9702,-1.3392,8.4717,250.2337,0.0,0.0,0.0,241.699996948242,up,2026-08-13T15:47:46,0.0,0.0
SPXW,2026-10-30,70,Put,7615.0,SPXW261030P07615000,141.8,142.4,142.10000000000002,144.58,-10.27,-6.63223,1.0,4.0,0.1443,-0.3996,0.0008,12.9702,-1.3392,-6.215,142.7353,144.58,144.58,144.58,154.850006103516,up,2026-08-21T09:45:52,0.0,0.0
SPXW,2026-10-30,70,Call,7620.0,SPXW261030C07620000,247.1,247.7,247.39999999999998,242.92,4.42,1.85325,4.0,41.0,0.144,0.5965,0.0008,13.0007,-1.3386,8.4215,246.8429,242.92,242.92,242.92,238.5,down,2026-08-21T09:53:21,0.0,0.0
SPXW,2026-10-30,70,Put,7620.0,SPXW261030P07620000,143.4,143.9,143.65,142.32,-14.23,-9.08975,17.0,59.0,0.144,-0.4034,0.0008,13.0007,-1.3386,-6.2748,144.3017,147.15,147.15,141.85,156.550003051758,up,2026-08-21T15:01:06,0.0,0.0
SPXW,2026-10-30,70,Call,7625.0,SPXW261030C07625000,243.7,244.3,244.0,239.93,4.78,2.03275,2.0,238.0,0.1436,0.5927,0.0008,13.0302,-1.3379,8.3706,243.4724,239.93,239.93,239.93,235.149993896484,no_change,2026-08-21T10:02:23,0.0,0.0
SPXW,2026-10-30,70,Put,7625.0,SPXW261030P07625000,145.0,145.5,145.25,145.7,-12.45,-7.87227,18.0,79.0,0.1435,-0.4072,0.0008,13.0302,-1.3379,-6.3354,145.8885,148.59,148.59,143.68,158.149993896484,down,2026-08-21T16:02:08,0.0,0.0
SPXW,2026-10-30,70,Call,7630.0,SPXW261030C07630000,240.4,240.9,240.65,252.23,0.0,0.0,0.0,58.0,0.1431,0.5888,0.0008,13.0588,-1.3371,8.3189,240.1225,0.0,0.0,0.0,231.850006103516,down,2026-08-20T09:30:06,0.0,0.0
SPXW,2026-10-30,70,Put,7630.0,SPXW261030P07630000,146.6,147.1,146.85,145.23,-14.62,-9.14608,12.0,34.0,0.1431,-0.411,0.0008,13.0588,-1.3371,-6.3967,147.4958,145.03,147.18,145.03,159.850006103516,down,2026-08-21T15:00:17,0.0,0.0
SPXW,2026-10-30,70,Call,7635.0,SPXW261030C07635000,237.0,237.6,237.3,322.2,0.0,0.0,0.0,10.0,0.1427,0.5849,0.0008,13.0864,-1.3362,8.2666,236.7936,0.0,0.0,0.0,228.5,up,2026-08-17T10:30:14,0.0,0.0
SPXW,2026-10-30,70,Put,7635.0,SPXW261030P07635000,148.2,148.7,148.45,160.12,0.0,0.0,0.0,17.0,0.1427,-0.4149,0.0008,13.0864,-1.3362,-6.4586,149.1241,0.0,0.0,0.0,161.5,down,2026-08-20T15:24:19,0.0,0.0
SPXW,2026-10-30,70,Call,7640.0,SPXW261030C07640000,233.7,234.3,234.0,241.9,0.0,0.0,0.0,37.0,0.1424,0.581,0.0008,13.113,-1.3352,8.2139,233.4858,0.0,0.0,0.0,225.300003051758,down,2026-08-20T12:33:46,0.0,0.0
SPXW,2026-10-30,70,Put,7640.0,SPXW261030P07640000,149.8,150.4,150.10000000000002,149.04,-14.21,-8.70444,18.0,26.0,0.1423,-0.4188,0.0008,13.113,-1.3352,-6.521,150.7735,144.52,150.35,144.52,163.25,down,2026-08-21T14:59:49,0.0,0.0
SPXW,2026-10-30,70,Call,7645.0,SPXW261030C07645000,230.4,231.0,230.7,237.6,15.5,6.97884,1.0,36.0,0.1419,0.5771,0.0008,13.1384,-1.3341,8.1606,230.1995,237.6,237.6,237.6,222.099998474121,down,2026-08-21T12:11:31,0.0,0.0
SPXW,2026-10-30,70,Put,7645.0,SPXW261030P07645000,151.5,152.1,151.8,133.2,0.0,0.0,0.0,48.0,0.1418,-0.4227,0.0008,13.1384,-1.3341,-6.584,152.4444,0.0,0.0,0.0,164.949996948242,up,2026-08-14T11:32:59,0.0,0.0
SPXW,2026-10-30,70,Call,7650.0,SPXW261030C07650000,227.1,227.7,227.39999999999998,232.0,13.1,5.98447,17.0,357.0,0.1415,0.5732,0.0008,13.1627,-1.3328,8.107,226.9348,223.84,232.0,223.84,218.900001525879,up,2026-08-21T15:38:22,0.0,0.0
SPXW,2026-10-30,70,Put,7650.0,SPXW261030P07650000,153.2,153.8,153.5,149.87,-16.83,-10.096,137.0,116.0,0.1414,-0.4267,0.0008,13.1627,-1.3328,-6.6472,154.1369,157.06,158.67,148.69,166.699996948242,down,2026-08-21T15:49:12,0.0,0.0
SPXW,2026-10-30,70,Call,7655.0,SPXW261030C07655000,223.9,224.5,224.2,219.0,0.0,0.0,0.0,25.0,0.1411,0.5692,0.0008,13.1857,-1.3315,8.0532,223.6919,0.0,0.0,0.0,215.699996948242,down,2026-08-20T14:12:43,0.0,0.0
SPXW,2026-10-30,70,Put,7655.0,SPXW261030P07655000,154.9,155.5,155.2,151.25,-17.3,-10.264,10.0,2.0,0.141,-0.4307,0.0008,13.1857,-1.3315,-6.7106,155.8512,151.25,151.25,151.25,168.550003051758,down,2026-08-21T11:48:37,0.0,0.0
SPXW,2026-10-30,70,Call,7660.0,SPXW261030C07660000,220.6,221.3,220.95,220.12,7.62,3.58588,1.0,61.0,0.1407,0.5652,0.0008,13.2075,-1.33,7.9992,220.471,220.12,220.12,220.12,212.5,up,2026-08-21T10:12:01,0.0,0.0
SPXW,2026-10-30,70,Put,7660.0,SPXW261030P07660000,156.6,157.2,156.89999999999998,152.95,-17.4,-10.2143,16.0,8.0,0.1407,-0.4347,0.0008,13.2075,-1.33,-6.7742,157.5875,164.12,164.12,152.31,170.350006103516,up,2026-08-21T11:48:37,0.0,0.0
SPXW,2026-10-30,70,Call,7665.0,SPXW261030C07665000,217.4,218.1,217.75,217.7,8.25,3.93889,12.0,3.0,0.1403,0.5611,0.0008,13.228,-1.3284,7.9451,217.2722,214.3,218.0,214.3,209.449996948242,down,2026-08-21T11:26:12,0.0,0.0
SPXW,2026-10-30,70,Put,7665.0,SPXW261030P07665000,158.4,159.0,158.7,157.03,-15.07,-8.75654,13.0,14.0,0.1402,-0.4387,0.0008,13.228,-1.3284,-6.838,159.3459,160.0,160.0,157.03,172.099998474121,no_change,2026-08-21T13:04:36,0.0,0.0
SPXW,2026-10-30,70,Call,7670.0,SPXW261030C07670000,214.3,214.9,214.60000000000002,202.98,0.0,0.0,0.0,42.0,0.1399,0.557,0.0008,13.2473,-1.3267,7.8908,214.0956,0.0,0.0,0.0,206.300003051758,down,2026-08-20T16:09:13,0.0,0.0
SPXW,2026-10-30,70,Put,7670.0,SPXW261030P07670000,160.2,160.7,160.45,158.5,-15.45,-8.88186,98.0,110.0,0.1398,-0.4428,0.0008,13.2473,-1.3267,-6.9019,161.1265,165.65,165.65,155.0,173.949996948242,down,2026-08-21T13:08:45,0.0,0.0
SPXW,2026-10-30,70,Call,7675.0,SPXW261030C07675000,211.1,211.7,211.39999999999998,210.7,7.4,3.63994,15.0,610.0,0.1395,0.5529,0.0008,13.2653,-1.3249,7.8363,210.9413,206.66,216.54,206.66,203.300003051758,no_change,2026-08-21T14:42:04,0.0,0.0
SPXW,2026-10-30,70,Put,7675.0,SPXW261030P07675000,162.0,162.5,162.25,161.0,-14.85,-8.4447,265.0,76.0,0.1395,-0.4469,0.0008,13.2653,-1.3249,-6.966,162.9295,166.44,166.44,157.6,175.850006103516,no_change,2026-08-21T15:36:09,0.0,0.0
SPXW,2026-10-30,70,Call,7680.0,SPXW261030C07680000,208.0,208.6,208.3,223.65,23.55,11.7691,7.0,70.0,0.139,0.5488,0.0008,13.2821,-1.3229,7.7816,207.8097,223.65,223.65,223.65,200.099998474121,no_change,2026-08-21T11:52:52,0.0,0.0
SPXW,2026-10-30,70,Put,7680.0,SPXW261030P07680000,163.8,164.4,164.10000000000002,163.88,-13.82,-7.77715,8.0,45.0,0.1391,-0.451,0.0008,13.2821,-1.3229,-7.0304,164.7551,162.8,163.88,162.8,177.699996948242,up,2026-08-21T11:27:08,0.0,0.0
SPXW,2026-10-30,70,Call,7685.0,SPXW261030C07685000,204.9,205.5,205.2,242.81,0.0,0.0,0.0,12.0,0.1387,0.5447,0.0008,13.2976,-1.3209,7.7264,204.7008,0.0,0.0,0.0,197.099998474121,down,2026-08-18T09:39:18,0.0,0.0
SPXW,2026-10-30,70,Put,7685.0,SPXW261030P07685000,165.6,166.2,165.89999999999998,166.5,-13.15,-7.31979,10.0,55.0,0.1387,-0.4552,0.0008,13.2976,-1.3209,-7.0952,166.6034,166.4,166.6,166.4,179.649993896484,up,2026-08-21T16:02:11,0.0,0.0
SPXW,2026-10-30,70,Call,7690.0,SPXW261030C07690000,201.8,202.4,202.10000000000002,217.3,23.15,11.9238,7.0,344.0,0.1383,0.5405,0.0008,13.3118,-1.3187,7.6708,201.6149,217.3,217.3,217.3,194.149993896484,no_change,2026-08-21T11:52:52,0.0,0.0
SPXW,2026-10-30,70,Put,7690.0,SPXW261030P07690000,167.5,168.1,167.8,166.48,-15.22,-8.37644,14.0,66.0,0.1383,-0.4593,0.0008,13.3118,-1.3187,-7.1605,168.4747,171.2,171.2,166.48,181.699996948242,down,2026-08-21T14:59:07,0.0,0.0
SPXW,2026-10-30,70,Call,7695.0,SPXW261030C07695000,198.7,199.3,199.0,138.0,0.0,0.0,0.0,22.0,0.138,0.5363,0.0009,13.3248,-1.3164,7.6145,198.5523,0.0,0.0,0.0,191.149993896484,up,2026-07-31T14:33:11,0.0,0.0
SPXW,2026-10-30,70,Put,7695.0,SPXW261030P07695000,169.4,170.0,169.7,169.88,-13.67,-7.44756,1.0,72.0,0.1379,-0.4635,0.0009,13.3248,-1.3164,-7.2264,170.3693,169.88,169.88,169.88,183.550003051758,up,2026-08-21T11:16:22,0.0,0.0
SPXW,2026-10-30,70,Call,7700.0,SPXW261030C07700000,195.7,196.3,196.0,195.2,7.1,3.77459,28.0,1323.0,0.1375,0.5321,0.0009,13.3365,-1.3139,7.5576,195.5133,195.4,208.51,189.75,188.099998474121,down,2026-08-21T14:00:21,0.0,0.0
SPXW,2026-10-30,70,Put,7700.0,SPXW261030P07700000,171.3,171.9,171.60000000000002,167.5,-18.0,-9.7035,50.0,1231.0,0.1376,-0.4678,0.0009,13.3365,-1.3139,-7.2929,172.2875,173.2,177.73,167.5,185.5,down,2026-08-21T15:49:38,0.0,0.0
SPXW,2026-10-30,70,Call,7705.0,SPXW261030C07705000,192.6,193.3,192.95,229.98,0.0,0.0,0.0,11.0,0.1372,0.5278,0.0009,13.3468,-1.3114,7.4999,192.4982,0.0,0.0,0.0,185.150001525879,down,2026-08-18T09:39:18,0.0,0.0
SPXW,2026-10-30,70,Put,7705.0,SPXW261030P07705000,173.3,173.8,173.55,173.2,0.0,0.0,0.0,15.0,0.1372,-0.472,0.0009,13.3468,-1.3114,-7.3602,174.2296,0.0,0.0,0.0,187.5,down,2026-08-20T12:48:42,0.0,0.0
SPXW,2026-10-30,70,Call,7710.0,SPXW261030C07710000,189.7,190.3,190.0,222.38,0.0,0.0,0.0,56.0,0.1368,0.5235,0.0009,13.3558,-1.3087,7.4415,189.5074,0.0,0.0,0.0,182.300003051758,down,2026-08-19T15:15:50,0.0,0.0
SPXW,2026-10-30,70,Put,7710.0,SPXW261030P07710000,175.2,175.8,175.5,174.75,-14.8,-7.80797,5.0,29.0,0.1368,-0.4763,0.0009,13.3558,-1.3087,-7.4283,176.196,181.73,181.73,174.75,189.550003051758,down,2026-08-21T11:27:33,0.0,0.0
SPXW,2026-10-30,70,Call,7715.0,SPXW261030C07715000,186.7,187.3,187.0,190.48,11.18,6.23536,1.0,18.0,0.1365,0.5192,0.0009,13.3634,-1.3059,7.3824,186.5411,190.48,190.48,190.48,179.300003051758,up,2026-08-21T15:21:31,0.0,0.0
SPXW,2026-10-30,70,Put,7715.0,SPXW261030P07715000,177.2,177.8,177.5,177.9,0.0,0.0,0.0,30.0,0.1364,-0.4806,0.0009,13.3634,-1.3059,-7.4971,178.1869,0.0,0.0,0.0,191.649993896484,up,2026-08-20T11:28:18,0.0,0.0
SPXW,2026-10-30,70,Call,7720.0,SPXW261030C07720000,183.8,184.4,184.10000000000002,216.43,0.0,0.0,0.0,38.0,0.1361,0.5149,0.0009,13.3695,-1.303,7.3226,183.5998,0.0,0.0,0.0,176.449996948242,down,2026-08-19T15:13:43,0.0,0.0
SPXW,2026-10-30,70,Put,7720.0,SPXW261030P07720000,179.2,179.8,179.5,174.1,-19.65,-10.1419,5.0,23.0,0.136,-0.4849,0.0009,13.3695,-1.303,-7.5665,180.2028,174.3,174.3,174.1,193.75,down,2026-08-21T11:44:50,0.0,0.0
SPXW,2026-10-30,70,Call,7725.0,SPXW261030C07725000,180.8,181.4,181.10000000000002,192.4,18.75,10.7976,73.0,308.0,0.1357,0.5106,0.0009,13.3741,-1.2999,7.2624,180.6836,183.2,192.4,183.2,173.649993896484,up,2026-08-21T11:43:14,0.0,0.0
SPXW,2026-10-30,70,Put,7725.0,SPXW261030P07725000,181.3,181.8,181.55,179.84,-16.01,-8.17463,281.0,130.0,0.1357,-0.4892,0.0009,13.3741,-1.2999,-7.6363,182.2438,180.51,180.51,179.2,195.850006103516,no_change,2026-08-21T15:32:42,0.0,0.0
SPXW,2026-10-30,70,Call,7730.0,SPXW261030C07730000,177.9,178.5,178.2,209.89,0.0,0.0,0.0,75.0,0.1353,0.5062,0.0009,13.3773,-1.2967,7.2017,177.7928,0.0,0.0,0.0,170.900001525879,down,2026-08-19T13:26:56,0.0,0.0
SPXW,2026-10-30,70,Put,7730.0,SPXW261030P07730000,183.3,183.9,183.60000000000002,184.03,-13.87,-7.00859,8.0,29.0,0.1353,-0.4936,0.0009,13.3773,-1.2967,-7.7066,184.3102,177.52,184.03,177.52,197.900001525879,up,2026-08-21T14:05:40,0.0,0.0
SPXW,2026-10-30,70,Call,7735.0,SPXW261030C07735000,175.1,175.7,175.39999999999998,178.73,10.68,6.35525,1.0,703.0,0.135,0.5018,0.0009,13.3789,-1.2933,7.1409,174.9275,178.73,178.73,178.73,168.050003051758,down,2026-08-21T15:21:31,0.0,0.0
SPXW,2026-10-30,70,Put,7735.0,SPXW261030P07735000,185.4,186.0,185.7,180.2,-19.95,-9.96752,8.0,26.0,0.135,-0.498,0.0009,13.3789,-1.2933,-7.7771,186.4022,180.2,180.2,180.2,200.149993896484,down,2026-08-21T11:43:21,0.0,0.0
SPXW,2026-10-30,70,Call,7740.0,SPXW261030C07740000,172.2,172.8,172.5,201.65,0.0,0.0,0.0,46.0,0.1346,0.4974,0.0009,13.379,-1.2898,7.08,172.0879,0.0,0.0,0.0,165.25,down,2026-08-19T13:22:41,0.0,0.0
SPXW,2026-10-30,70,Put,7740.0,SPXW261030P07740000,187.6,188.1,187.85,188.3,-14.0,-6.92042,18.0,384.0,0.1346,-0.5024,0.0009,13.379,-1.2898,-7.8476,188.5198,181.48,188.6,181.48,202.300003051758,no_change,2026-08-21T16:02:22,0.0,0.0
SPXW,2026-10-30,70,Call,7745.0,SPXW261030C07745000,169.4,170.0,169.7,253.27,0.0,0.0,0.0,2.0,0.1342,0.493,0.0009,13.3775,-1.2862,7.0191,169.2742,0.0,0.0,0.0,162.449996948242,up,2026-08-14T15:09:12,0.0,0.0
SPXW,2026-10-30,70,Put,7745.0,SPXW261030P07745000,189.7,190.3,190.0,193.88,-10.67,-5.21633,4.0,12.0,0.1343,-0.5068,0.0009,13.3775,-1.2862,-7.9182,190.6632,193.88,193.88,193.88,204.550003051758,up,2026-08-21T09:51:01,0.0,0.0
SPXW,2026-10-30,70,Call,7750.0,SPXW261030C07750000,166.6,167.2,166.89999999999998,174.2,14.5,9.07953,62.0,1197.0,0.1338,0.4886,0.0009,13.3746,-1.2825,6.9582,166.4862,167.67,174.2,167.67,159.699996948242,up,2026-08-21T12:07:28,0.0,0.0
SPXW,2026-10-30,70,Put,7750.0,SPXW261030P07750000,191.9,192.4,192.15,190.21,-16.49,-7.97774,35.0,2440.0,0.1339,-0.5112,0.0009,13.3746,-1.2825,-7.9887,192.8325,195.58,198.01,186.5,206.699996948242,no_change,2026-08-21T15:32:42,0.0,0.0
SPXW,2026-10-30,70,Call,7755.0,SPXW261030C07755000,163.9,164.5,164.2,164.4,7.35,4.68004,2.0,44.0,0.1336,0.4841,0.0009,13.3701,-1.2786,6.8974,163.7241,164.3,164.4,164.3,157.050003051758,up,2026-08-21T16:02:06,0.0,0.0
SPXW,2026-10-30,70,Put,7755.0,SPXW261030P07755000,194.0,194.6,194.3,211.7,0.0,0.0,0.0,27.0,0.1335,-0.5157,0.0009,13.3701,-1.2786,-8.0592,195.0276,0.0,0.0,0.0,209.049995422363,up,2026-08-20T15:55:52,0.0,0.0
SPXW,2026-10-30,70,Call,7760.0,SPXW261030C07760000,161.1,161.7,161.39999999999998,209.88,0.0,0.0,0.0,214.0,0.1332,0.4796,0.0009,13.364,-1.2746,6.8365,160.9881,0.0,0.0,0.0,154.300003051758,down,2026-08-19T11:01:57,0.0,0.0
SPXW,2026-10-30,70,Put,7760.0,SPXW261030P07760000,196.3,196.8,196.55,188.2,0.0,0.0,0.0,18.0,0.1332,-0.5202,0.0009,13.364,-1.2746,-8.1297,197.2488,0.0,0.0,0.0,211.25,up,2026-08-10T14:14:44,0.0,0.0
SPXW,2026-10-30,70,Call,7765.0,SPXW261030C07765000,158.4,159.0,158.7,169.1,17.35,11.4333,6.0,206.0,0.1328,0.4751,0.0009,13.3564,-1.2705,6.7754,158.2781,154.76,169.1,154.76,151.75,up,2026-08-21T11:43:11,0.0,0.0
SPXW,2026-10-30,70,Put,7765.0,SPXW261030P07765000,198.5,199.1,198.8,202.0,0.0,0.0,0.0,19.0,0.1328,-0.5247,0.0009,13.3564,-1.2705,-8.2004,199.496,0.0,0.0,0.0,213.550003051758,up,2026-08-20T12:10:42,0.0,0.0
SPXW,2026-10-30,70,Call,7770.0,SPXW261030C07770000,155.7,156.3,156.0,152.06,2.91,1.95106,1.0,76.0,0.1325,0.4706,0.0009,13.3472,-1.2662,6.7141,155.5944,152.06,152.06,152.06,149.149993896484,down,2026-08-21T09:55:38,0.0,0.0
SPXW,2026-10-30,70,Put,7770.0,SPXW261030P07770000,200.8,201.4,201.10000000000002,201.49,0.0,0.0,0.0,56.0,0.1326,-0.5292,0.0009,13.3472,-1.2662,-8.2713,201.7695,0.0,0.0,0.0,215.900001525879,up,2026-08-20T10:23:00,0.0,0.0
SPXW,2026-10-30,70,Call,7775.0,SPXW261030C07775000,153.1,153.6,153.35,148.55,0.0,0.0,0.0,208.0,0.1322,0.4661,0.0009,13.3363,-1.2618,6.6523,152.9371,0.0,0.0,0.0,146.550003051758,up,2026-08-20T15:21:38,0.0,0.0
SPXW,2026-10-30,70,Put,7775.0,SPXW261030P07775000,203.1,203.7,203.39999999999998,208.58,0.0,0.0,0.0,19.0,0.1322,-0.5337,0.0009,13.3363,-1.2618,-8.3427,204.0695,0.0,0.0,0.0,218.300003051758,up,2026-08-20T13:18:44,0.0,0.0
SPXW,2026-10-30,70,Call,7780.0,SPXW261030C07780000,150.4,151.0,150.7,154.25,10.35,7.19249,1.0,116.0,0.1318,0.4616,0.0009,13.3237,-1.2573,6.59,150.3066,154.25,154.25,154.25,143.900001525879,down,2026-08-21T14:59:46,0.0,0.0
SPXW,2026-10-30,70,Put,7780.0,SPXW261030P07780000,205.4,206.0,205.7,219.53,0.0,0.0,0.0,10.0,0.1319,-0.5383,0.0009,13.3237,-1.2573,-8.4147,206.3961,0.0,0.0,0.0,220.649993896484,up,2026-08-20T15:37:57,0.0,0.0
SPXW,2026-10-30,70,Call,7785.0,SPXW261030C07785000,147.8,148.4,148.10000000000002,142.84,0.0,0.0,0.0,202.0,0.1315,0.457,0.0009,13.3094,-1.2527,6.527,147.7029,0.0,0.0,0.0,141.400001525879,no_change,2026-08-20T14:40:31,0.0,0.0
SPXW,2026-10-30,70,Put,7785.0,SPXW261030P07785000,207.7,208.3,208.0,194.86,0.0,0.0,0.0,20.0,0.1315,-0.5428,0.0009,13.3094,-1.2527,-8.4873,208.7497,0.0,0.0,0.0,223.050003051758,up,2026-08-19T13:20:46,0.0,0.0
SPXW,2026-10-30,70,Call,7790.0,SPXW261030C07790000,145.2,145.8,145.5,149.55,10.7,7.70615,2.0,15.0,0.1312,0.4524,0.0009,13.2932,-1.2479,6.4634,145.1265,140.3,149.55,140.3,138.850006103516,up,2026-08-21T11:06:58,0.0,0.0
SPXW,2026-10-30,70,Put,7790.0,SPXW261030P07790000,210.1,210.7,210.39999999999998,335.9,0.0,0.0,0.0,8.0,0.1312,-0.5474,0.0009,13.2932,-1.2479,-8.5605,211.1305,0.0,0.0,0.0,225.5,up,2026-06-01T13:55:39,0.0,0.0
SPXW,2026-10-30,70,Call,7795.0,SPXW261030C07795000,142.7,143.3,143.0,153.0,16.7,12.2524,6.0,29.0,0.1308,0.4479,0.0009,13.2752,-1.243,6.3993,142.5776,153.0,153.0,153.0,136.300003051758,down,2026-08-21T11:43:15,0.0,0.0
SPXW,2026-10-30,70,Put,7795.0,SPXW261030P07795000,212.5,213.1,212.8,212.88,-15.17,-6.65205,1.0,25.0,0.1309,-0.552,0.0009,13.2752,-1.243,-8.6343,213.5387,212.88,212.88,212.88,228.049995422363,up,2026-08-21T11:16:22,0.0,0.0
SPXW,2026-10-30,70,Call,7800.0,SPXW261030C07800000,140.2,140.7,140.45,139.29,5.34,3.98656,20.0,673.0,0.1305,0.4433,0.0009,13.2554,-1.2379,6.3346,140.0564,135.0,151.6,135.0,133.949996948242,down,2026-08-21T14:32:52,0.0,0.0
SPXW,2026-10-30,70,Put,7800.0,SPXW261030P07800000,215.0,215.6,215.3,218.28,-12.22,-5.30152,7.0,1552.0,0.1305,-0.5566,0.0009,13.2554,-1.2379,-8.7087,215.9747,220.25,220.25,215.15,230.5,up,2026-08-21T14:32:52,0.0,0.0
SPXW,2026-10-30,70,Call,7805.0,SPXW261030C07805000,137.7,138.2,137.95,139.12,7.67,5.83492,1.0,70.0,0.1302,0.4387,0.0009,13.2338,-1.2327,6.2696,137.563,139.12,139.12,139.12,131.449996948242,down,2026-08-21T11:16:47,0.0,0.0
SPXW,2026-10-30,70,Put,7805.0,SPXW261030P07805000,217.4,218.0,217.7,180.6,0.0,0.0,0.0,6.0,0.1302,-0.5612,0.0009,13.2338,-1.2327,-8.7833,218.4386,0.0,0.0,0.0,233.099998474121,down,2026-08-13T14:57:05,0.0,0.0
SPXW,2026-10-30,70,Call,7810.0,SPXW261030C07810000,135.2,135.8,135.5,139.35,10.3,7.9814,7.0,148.0,0.1299,0.4341,0.0009,13.2104,-1.2274,6.2044,135.0977,130.9,139.35,130.9,129.050003051758,up,2026-08-21T13:18:14,0.0,0.0
SPXW,2026-10-30,70,Put,7810.0,SPXW261030P07810000,219.9,220.5,220.2,178.3,0.0,0.0,0.0,12.0,0.1299,-0.5658,0.0009,13.2104,-1.2274,-8.8581,220.9305,0.0,0.0,0.0,235.5,down,2026-08-14T09:54:24,0.0,0.0
SPXW,2026-10-30,70,Call,7815.0,SPXW261030C07815000,132.7,133.3,133.0,128.73,0.0,0.0,0.0,47.0,0.1296,0.4294,0.0009,13.1853,-1.2219,6.1392,132.6605,0.0,0.0,0.0,126.75,down,2026-08-20T14:57:57,0.0,0.0
SPXW,2026-10-30,70,Put,7815.0,SPXW261030P07815000,222.4,223.0,222.7,217.1,0.0,0.0,0.0,15.0,0.1296,-0.5704,0.0009,13.1853,-1.2219,-8.9329,223.4505,0.0,0.0,0.0,238.099998474121,up,2026-08-18T12:15:25,0.0,0.0
SPXW,2026-10-30,70,Call,7820.0,SPXW261030C07820000,130.3,130.9,130.60000000000002,131.06,6.76,5.43846,3.0,52.0,0.1293,0.4248,0.0009,13.1585,-1.2163,6.0743,130.2513,126.2,131.06,126.2,124.299999237061,up,2026-08-21T10:58:49,0.0,0.0
SPXW,2026-10-30,70,Put,7820.0,SPXW261030P07820000,225.0,225.6,225.3,209.4,0.0,0.0,0.0,13.0,0.1293,-0.575,0.0009,13.1585,-1.2163,-9.0075,225.9985,0.0,0.0,0.0,240.699996948242,up,2026-08-19T09:30:13,0.0,0.0
SPXW,2026-10-30,70,Call,7825.0,SPXW261030C07825000,127.9,128.5,128.2,137.8,15.75,12.9045,6.0,1062.0,0.1289,0.4202,0.0009,13.1301,-1.2106,6.0095,127.8701,137.8,137.8,137.8,122.050003051758,down,2026-08-21T11:43:15,0.0,0.0
SPXW,2026-10-30,70,Put,7825.0,SPXW261030P07825000,227.5,228.1,227.8,220.5,0.0,0.0,0.0,844.0,0.129,-0.5796,0.0009,13.1301,-1.2106,-9.0819,228.5745,0.0,0.0,0.0,243.400001525879,up,2026-08-18T09:42:56,0.0,0.0
SPXW,2026-10-30,70,Call,7830.0,SPXW261030C07830000,125.6,126.1,125.85,121.21,0.0,0.0,0.0,44.0,0.1286,0.4156,0.0009,13.1002,-1.2047,5.9451,125.5168,0.0,0.0,0.0,119.75,down,2026-08-20T15:37:58,0.0,0.0
SPXW,2026-10-30,70,Put,7830.0,SPXW261030P07830000,230.1,230.7,230.39999999999998,227.1,0.0,0.0,0.0,6.0,0.1287,-0.5843,0.0009,13.1002,-1.2047,-9.1559,231.1784,0.0,0.0,0.0,246.099998474121,down,2026-08-18T09:37:03,0.0,0.0
SPXW,2026-10-30,70,Call,7835.0,SPXW261030C07835000,123.2,123.8,123.5,123.8,6.35,5.40656,1.0,33.0,0.1284,0.4109,0.0009,13.0687,-1.1987,5.8809,123.1914,123.8,123.8,123.8,117.449996948242,down,2026-08-21T16:02:05,0.0,0.0
SPXW,2026-10-30,70,Put,7835.0,SPXW261030P07835000,232.8,233.4,233.10000000000002,192.4,0.0,0.0,0.0,16.0,0.1284,-0.5889,0.0009,13.0687,-1.1987,-9.2298,233.8102,0.0,0.0,0.0,248.699996948242,up,2026-08-13T14:57:07,0.0,0.0
SPXW,2026-10-30,70,Call,7840.0,SPXW261030C07840000,120.9,121.5,121.2,149.9,0.0,0.0,0.0,114.0,0.1281,0.4063,0.0009,13.0356,-1.1926,5.8168,120.8938,0.0,0.0,0.0,115.25,no_change,2026-08-19T15:34:47,0.0,0.0
SPXW,2026-10-30,70,Put,7840.0,SPXW261030P07840000,235.4,236.0,235.7,232.51,-18.99,-7.5507,2.0,9.0,0.1281,-0.5935,0.0009,13.0356,-1.1926,-9.3035,236.4698,232.51,232.51,232.51,251.5,down,2026-08-21T15:37:52,0.0,0.0
SPXW,2026-10-30,70,Call,7845.0,SPXW261030C07845000,118.7,119.2,118.95,142.67,0.0,0.0,0.0,88.0,0.1278,0.4016,0.0009,13.0008,-1.1864,5.7528,118.624,0.0,0.0,0.0,113.0,down,2026-08-19T15:40:30,0.0,0.0
SPXW,2026-10-30,70,Put,7845.0,SPXW261030P07845000,238.1,238.7,238.39999999999998,201.37,0.0,0.0,0.0,20.0,0.1278,-0.5982,0.0009,13.0008,-1.1864,-9.3772,239.1572,0.0,0.0,0.0,254.149993896484,no_change,2026-08-14T13:26:26,0.0,0.0
SPXW,2026-10-30,70,Call,7850.0,SPXW261030C07850000,116.4,117.0,116.7,114.45,3.6,3.24763,3.0,278.0,0.1275,0.397,0.0009,12.9644,-1.18,5.6885,116.382,115.85,115.85,114.14,110.849998474121,up,2026-08-21T10:27:21,0.0,0.0
SPXW,2026-10-30,70,Put,7850.0,SPXW261030P07850000,240.8,241.4,241.10000000000002,239.16,-17.74,-6.90541,10.0,158.0,0.1275,-0.6028,0.0009,12.9644,-1.18,-9.4511,241.8725,239.16,239.16,239.16,256.900009155273,down,2026-08-21T11:28:44,0.0,0.0
SPXW,2026-10-30,70,Call,7855.0,SPXW261030C07855000,114.2,114.7,114.45,118.9,10.25,9.43396,10.0,66.0,0.1272,0.3923,0.0009,12.9261,-1.1735,5.6239,114.168,123.3,123.3,118.9,108.650001525879,down,2026-08-21T15:01:51,0.0,0.0
SPXW,2026-10-30,70,Put,7855.0,SPXW261030P07855000,243.6,244.2,243.89999999999998,258.23,0.0,0.0,0.0,13.0,0.1272,-0.6075,0.0009,12.9261,-1.1735,-9.5253,244.6157,0.0,0.0,0.0,259.699996948242,up,2026-08-20T15:53:15,0.0,0.0
SPXW,2026-10-30,70,Call,7860.0,SPXW261030C07860000,112.0,112.6,112.3,115.85,9.3,8.72829,5.0,98.0,0.1269,0.3877,0.0009,12.8859,-1.1669,5.5589,111.9821,111.45,115.85,111.45,106.550003051758,up,2026-08-21T13:18:14,0.0,0.0
SPXW,2026-10-30,70,Put,7860.0,SPXW261030P07860000,246.3,246.9,246.60000000000002,243.7,-18.85,-7.17958,2.0,44.0,0.1269,-0.6121,0.0009,12.8859,-1.1669,-9.5999,247.387,243.7,243.7,243.7,262.549987792969,down,2026-08-21T15:36:51,0.0,0.0
SPXW,2026-10-30,70,Call,7865.0,SPXW261030C07865000,109.8,110.4,110.1,106.8,0.0,0.0,0.0,54.0,0.1266,0.3831,0.0009,12.8437,-1.1602,5.4935,109.8244,0.0,0.0,0.0,104.449996948242,down,2026-08-20T15:26:21,0.0,0.0
SPXW,2026-10-30,70,Put,7865.0,SPXW261030P07865000,249.1,249.7,249.39999999999998,212.0,0.0,0.0,0.0,22.0,0.1267,-0.6168,0.0009,12.8437,-1.1602,-9.675,250.1864,0.0,0.0,0.0,265.5,up,2026-08-14T11:42:01,0.0,0.0
SPXW,2026-10-30,70,Call,7870.0,SPXW261030C07870000,107.7,108.3,108.0,173.1,0.0,0.0,0.0,19.0,0.1263,0.3784,0.0009,12.7995,-1.1533,5.4276,107.695,0.0,0.0,0.0,102.349998474121,down,2026-08-07T14:00:53,0.0,0.0
SPXW,2026-10-30,70,Put,7870.0,SPXW261030P07870000,251.9,252.5,252.2,231.4,0.0,0.0,0.0,17.0,0.1264,-0.6214,0.0009,12.7995,-1.1533,-9.7505,253.0142,0.0,0.0,0.0,268.300003051758,up,2026-08-12T10:19:57,0.0,0.0
SPXW,2026-10-30,70,Call,7875.0,SPXW261030C07875000,105.6,106.1,105.85,103.34,0.0,0.0,0.0,87.0,0.1261,0.3738,0.0009,12.7532,-1.1464,5.3615,105.594,0.0,0.0,0.0,100.25,down,2026-08-20T15:16:54,0.0,0.0
SPXW,2026-10-30,70,Put,7875.0,SPXW261030P07875000,254.8,255.4,255.10000000000002,248.2,0.0,0.0,0.0,7.0,0.1261,-0.626,0.0009,12.7532,-1.1464,-9.8263,255.8705,0.0,0.0,0.0,271.300003051758,no_change,2026-08-18T12:37:05,0.0,0.0
SPXW,2026-10-30,70,Call,7880.0,SPXW261030C07880000,103.5,104.1,103.8,113.7,0.0,0.0,0.0,52.0,0.1258,0.3692,0.0009,12.705,-1.1393,5.2952,103.5216,0.0,0.0,0.0,98.25,down,2026-08-20T11:30:10,0.0,0.0
SPXW,2026-10-30,70,Put,7880.0,SPXW261030P07880000,257.7,258.2,257.95,254.56,0.0,0.0,0.0,47.0,0.1259,-0.6307,0.0009,12.705,-1.1393,-9.9022,258.7553,0.0,0.0,0.0,274.099990844727,up,2026-08-20T11:30:10,0.0,0.0
SPXW,2026-10-30,70,Call,7885.0,SPXW261030C07885000,101.5,102.0,101.75,103.9,7.65,7.94805,50.0,15.0,0.1255,0.3645,0.0009,12.655,-1.1321,5.229,101.4776,103.85,103.9,103.85,96.25,up,2026-08-21T15:28:38,0.0,0.0
SPXW,2026-10-30,70,Put,7885.0,SPXW261030P07885000,260.6,261.2,260.9,275.72,0.0,0.0,0.0,26.0,0.1256,-0.6353,0.0009,12.655,-1.1321,-9.978,261.6685,0.0,0.0,0.0,277.099990844727,up,2026-08-20T15:37:57,0.0,0.0
SPXW,2026-10-30,70,Call,7890.0,SPXW261030C07890000,99.4,100.0,99.7,186.53,0.0,0.0,0.0,10.0,0.1253,0.3599,0.0009,12.6032,-1.1247,5.1631,99.462,0.0,0.0,0.0,94.2999992370606,no_change,2026-08-13T15:10:51,0.0,0.0
SPXW,2026-10-30,70,Put,7890.0,SPXW261030P07890000,263.5,264.1,263.8,231.0,0.0,0.0,0.0,35.0,0.1254,-0.6399,0.0009,12.6032,-1.1247,-10.0536,264.6101,0.0,0.0,0.0,280.099990844727,up,2026-08-17T13:56:15,0.0,0.0
SPXW,2026-10-30,70,Call,7895.0,SPXW261030C07895000,97.4,98.0,97.7,183.78,0.0,0.0,0.0,6.0,0.125,0.3553,0.0009,12.5499,-1.1173,5.0976,97.4745,0.0,0.0,0.0,92.2999992370606,no_change,2026-08-13T15:10:51,0.0,0.0
SPXW,2026-10-30,70,Put,7895.0,SPXW261030P07895000,266.5,267.0,266.75,264.6,0.0,0.0,0.0,25.0,0.1251,-0.6445,0.0009,12.5499,-1.1173,-10.1287,267.5799,0.0,0.0,0.0,283.099990844727,up,2026-08-20T10:02:54,0.0,0.0
SPXW,2026-10-30,70,Call,7900.0,SPXW261030C07900000,95.5,96.0,95.75,96.28,5.83,6.44555,33.0,733.0,0.1248,0.3507,0.0009,12.4952,-1.1098,5.0326,95.5151,93.48,96.62,93.48,90.4499969482422,up,2026-08-21T16:09:52,0.0,0.0
SPXW,2026-10-30,70,Put,7900.0,SPXW261030P07900000,269.5,270.0,269.75,279.5,0.0,0.0,0.0,52.0,0.1248,-0.6491,0.0009,12.4952,-1.1098,-10.2034,270.5776,0.0,0.0,0.0,286.099990844727,up,2026-08-20T14:03:30,0.0,0.0
SPXW,2026-10-30,70,Call,7905.0,SPXW261030C07905000,93.5,94.1,93.8,94.87,6.37,7.19774,1.0,27.0,0.1245,0.3461,0.0009,12.4391,-1.1021,4.9681,93.5834,94.87,94.87,94.87,88.5,down,2026-08-21T11:16:47,0.0,0.0
SPXW,2026-10-30,70,Put,7905.0,SPXW261030P07905000,272.5,273.1,272.8,295.4,0.0,0.0,0.0,4.0,0.1246,-0.6537,0.0009,12.4391,-1.1021,-10.2775,273.6031,0.0,0.0,0.0,289.300003051758,up,2026-08-20T15:59:50,0.0,0.0
SPXW,2026-10-30,70,Call,7910.0,SPXW261030C07910000,91.6,92.1,91.85,111.29,0.0,0.0,0.0,25.0,0.1242,0.3416,0.0009,12.3817,-1.0943,4.9041,91.6792,0.0,0.0,0.0,86.75,down,2026-08-18T14:57:21,0.0,0.0
SPXW,2026-10-30,70,Put,7910.0,SPXW261030P07910000,275.5,276.1,275.8,237.35,0.0,0.0,0.0,7.0,0.1243,-0.6583,0.0009,12.3817,-1.0943,-10.3511,276.6561,0.0,0.0,0.0,292.300003051758,up,2026-08-17T13:18:37,0.0,0.0
SPXW,2026-10-30,70,Call,7915.0,SPXW261030C07915000,89.7,90.3,90.0,93.8,8.9,10.4829,22.0,33.0,0.124,0.337,0.0009,12.323,-1.0864,4.8404,89.8024,92.5,93.8,92.5,84.8999977111816,up,2026-08-21T15:01:27,0.0,0.0
SPXW,2026-10-30,70,Put,7915.0,SPXW261030P07915000,278.6,279.2,278.9,227.5,0.0,0.0,0.0,7.0,0.124,-0.6628,0.0009,12.323,-1.0864,-10.4244,279.7365,0.0,0.0,0.0,295.5,down,2026-08-13T14:57:05,0.0,0.0
SPXW,2026-10-30,70,Call,7920.0,SPXW261030C07920000,87.9,88.4,88.15,90.1,7.0,8.42358,22.0,25.0,0.1238,0.3325,0.0009,12.2628,-1.0785,4.7769,87.9528,91.9,91.9,90.1,83.1000022888184,down,2026-08-21T15:35:43,0.0,0.0
SPXW,2026-10-30,70,Put,7920.0,SPXW261030P07920000,281.7,282.3,282.0,228.6,0.0,0.0,0.0,1.0,0.1238,-0.6674,0.0009,12.2628,-1.0785,-10.4976,282.8441,0.0,0.0,0.0,298.699996948242,down,2026-08-13T15:07:09,0.0,0.0
SPXW,2026-10-30,70,Call,7925.0,SPXW261030C07925000,86.0,86.6,86.3,89.9,8.55,10.5101,16.0,225.0,0.1235,0.3279,0.0009,12.2012,-1.0704,4.7134,86.1303,96.35,96.35,89.9,81.3499984741211,down,2026-08-21T15:00:22,0.0,0.0
SPXW,2026-10-30,70,Put,7925.0,SPXW261030P07925000,284.8,285.4,285.1,293.6,-8.25,-2.73315,3.0,66.0,0.1236,-0.6719,0.0009,12.2012,-1.0704,-10.5707,285.9789,293.6,293.6,293.6,301.850006103516,up,2026-08-21T09:56:00,0.0,0.0
SPXW,2026-10-30,70,Call,7930.0,SPXW261030C07930000,84.2,84.8,84.5,87.9,8.3,10.4271,11.0,37.0,0.1233,0.3234,0.0009,12.1378,-1.0622,4.6498,84.3349,87.9,87.9,87.9,79.6000022888184,down,2026-08-21T15:07:46,0.0,0.0
SPXW,2026-10-30,70,Put,7930.0,SPXW261030P07930000,288.0,288.6,288.3,296.8,-8.25,-2.70447,3.0,24.0,0.1233,-0.6764,0.0009,12.1378,-1.0622,-10.644,289.1407,296.8,296.8,296.8,305.049987792969,up,2026-08-21T09:56:00,0.0,0.0
SPXW,2026-10-30,70,Call,7935.0,SPXW261030C07935000,82.5,83.0,82.75,126.25,0.0,0.0,0.0,40.0,0.123,0.3189,0.0009,12.0727,-1.054,4.5859,82.5667,0.0,0.0,0.0,77.8499984741211,up,2026-08-06T12:00:35,0.0,0.0
SPXW,2026-10-30,70,Put,7935.0,SPXW261030P07935000,291.2,291.8,291.5,244.6,0.0,0.0,0.0,24.0,0.1232,-0.6809,0.0009,12.0727,-1.054,-10.7175,292.3297,0.0,0.0,0.0,308.300003051758,up,2026-08-17T10:25:43,0.0,0.0
SPXW,2026-10-30,70,Call,7940.0,SPXW261030C07940000,80.7,81.2,80.95,80.3,4.15,5.44977,2.0,15.0,0.1228,0.3144,0.0009,12.0057,-1.0456,4.5218,80.8256,89.1,89.1,80.3,76.1500015258789,down,2026-08-21T14:30:44,0.0,0.0
SPXW,2026-10-30,70,Put,7940.0,SPXW261030P07940000,294.4,295.0,294.7,281.8,0.0,0.0,0.0,4.0,0.1229,-0.6854,0.0009,12.0057,-1.0456,-10.7912,295.5457,0.0,0.0,0.0,311.700012207031,up,2026-08-05T11:42:50,0.0,0.0
SPXW,2026-10-30,70,Call,7945.0,SPXW261030C07945000,79.0,79.5,79.25,96.91,0.0,0.0,0.0,32.0,0.1226,0.3099,0.0008,11.9367,-1.0372,4.4576,79.1116,0.0,0.0,0.0,74.5,no_change,2026-08-18T15:09:12,0.0,0.0
SPXW,2026-10-30,70,Put,7945.0,SPXW261030P07945000,297.6,298.2,297.9,285.28,0.0,0.0,0.0,27.0,0.1227,-0.6899,0.0008,11.9367,-1.0372,-10.8651,298.789,0.0,0.0,0.0,315.0,down,2026-08-04T15:32:52,0.0,0.0
SPXW,2026-10-30,70,Call,7950.0,SPXW261030C07950000,77.3,77.8,77.55,78.45,5.55,7.61317,4.0,164.0,0.1223,0.3055,0.0008,11.8658,-1.0286,4.3934,77.4246,75.53,78.88,75.53,72.8999977111816,down,2026-08-21T16:05:37,0.0,0.0
SPXW,2026-10-30,70,Put,7950.0,SPXW261030P07950000,300.9,301.5,301.2,293.2,-25.2,-7.91457,3.0,678.0,0.1225,-0.6943,0.0008,11.8658,-1.0286,-10.9389,302.0592,293.2,293.2,293.2,318.399993896484,up,2026-08-21T11:37:06,0.0,0.0
SPXW,2026-10-30,70,Call,7955.0,SPXW261030C07955000,75.6,76.2,75.9,70.05,0.0,0.0,0.0,41.0,0.1222,0.301,0.0008,11.7932,-1.02,4.3294,75.7646,0.0,0.0,0.0,71.25,down,2026-08-20T15:54:50,0.0,0.0
SPXW,2026-10-30,70,Put,7955.0,SPXW261030P07955000,302.9,306.2,304.54999999999995,276.6,0.0,0.0,0.0,16.0,0.1224,-0.6988,0.0008,11.7932,-1.02,-11.0125,305.3565,0.0,0.0,0.0,321.799987792969,down,2026-08-12T10:20:07,0.0,0.0
SPXW,2026-10-30,70,Call,7960.0,SPXW261030C07960000,74.0,74.5,74.25,85.2,0.0,0.0,0.0,38.0,0.1219,0.2967,0.0008,11.719,-1.0113,4.2658,74.1314,0.0,0.0,0.0,69.7000007629394,down,2026-08-20T09:39:56,0.0,0.0
SPXW,2026-10-30,70,Put,7960.0,SPXW261030P07960000,306.1,309.5,307.8,275.6,0.0,0.0,0.0,48.0,0.1223,-0.7032,0.0008,11.719,-1.0113,-11.0857,308.6804,0.0,0.0,0.0,325.150009155273,down,2026-08-10T11:03:18,0.0,0.0
SPXW,2026-10-30,70,Call,7965.0,SPXW261030C07965000,72.4,72.9,72.65,75.5,7.35,10.785,8.0,22.0,0.1217,0.2923,0.0008,11.6434,-1.0025,4.2028,72.5247,75.71,75.71,75.5,68.1500015258789,down,2026-08-21T15:50:24,0.0,0.0
SPXW,2026-10-30,70,Put,7965.0,SPXW261030P07965000,309.6,312.8,311.20000000000005,302.4,0.0,0.0,0.0,15.0,0.122,-0.7076,0.0008,11.6434,-1.0025,-11.1584,312.0309,0.0,0.0,0.0,328.550003051758,up,2026-08-20T09:34:38,0.0,0.0
SPXW,2026-10-30,70,Call,7970.0,SPXW261030C07970000,70.8,71.3,71.05,74.77,8.17,12.2673,55.0,15.0,0.1215,0.2879,0.0008,11.5666,-0.9936,4.1405,70.9441,71.21,74.77,71.21,66.6000022888184,no_change,2026-08-21T15:48:50,0.0,0.0
SPXW,2026-10-30,70,Put,7970.0,SPXW261030P07970000,313.0,316.2,314.6,283.0,0.0,0.0,0.0,4.0,0.1218,-0.7119,0.0008,11.5666,-0.9936,-11.2303,315.4076,0.0,0.0,0.0,332.0,down,2026-08-12T10:19:40,0.0,0.0
SPXW,2026-10-30,70,Call,7975.0,SPXW261030C07975000,69.3,69.8,69.55,70.35,5.25,8.06451,12.0,404.0,0.1213,0.2836,0.0008,11.4888,-0.9847,4.079,69.3894,67.5,73.17,67.5,65.1000022888184,down,2026-08-21T16:05:37,0.0,0.0
SPXW,2026-10-30,70,Put,7975.0,SPXW261030P07975000,316.4,319.6,318.0,543.3,0.0,0.0,0.0,2.0,0.1216,-0.7163,0.0008,11.4888,-0.9847,-11.3015,318.8101,0.0,0.0,0.0,335.5,down,2026-05-21T14:49:04,0.0,0.0
SPXW,2026-10-30,70,Call,7980.0,SPXW261030C07980000,67.7,68.2,67.95,147.23,0.0,0.0,0.0,21.0,0.1211,0.2792,0.0008,11.4101,-0.9757,4.0181,67.8603,0.0,0.0,0.0,63.6500015258789,down,2026-08-13T10:37:05,0.0,0.0
SPXW,2026-10-30,70,Put,7980.0,SPXW261030P07980000,319.8,323.0,321.4,269.68,0.0,0.0,0.0,4.0,0.1214,-0.7206,0.0008,11.4101,-0.9757,-11.372,322.2382,0.0,0.0,0.0,339.0,down,2026-08-13T12:04:30,0.0,0.0
SPXW,2026-10-30,70,Call,7985.0,SPXW261030C07985000,66.2,66.7,66.45,63.55,0.0,0.0,0.0,15.0,0.1209,0.275,0.0008,11.3306,-0.9666,3.9578,66.3564,0.0,0.0,0.0,62.2000007629394,down,2026-08-20T14:10:08,0.0,0.0
SPXW,2026-10-30,70,Put,7985.0,SPXW261030P07985000,322.0,327.4,324.7,297.9,0.0,0.0,0.0,4.0,0.1212,-0.7249,0.0008,11.3306,-0.9666,-11.442,325.6915,0.0,0.0,0.0,342.5,down,2026-08-10T15:52:40,0.0,0.0
SPXW,2026-10-30,70,Call,7990.0,SPXW261030C07990000,64.7,65.2,64.95,83.48,0.0,0.0,0.0,10.0,0.1207,0.2707,0.0008,11.2502,-0.9574,3.8978,64.8775,0.0,0.0,0.0,60.75,down,2026-08-18T10:57:14,0.0,0.0
SPXW,2026-10-30,70,Put,7990.0,SPXW261030P07990000,325.4,330.9,328.15,292.6,0.0,0.0,0.0,10.0,0.1211,-0.7291,0.0008,11.2502,-0.9574,-11.5115,329.1698,0.0,0.0,0.0,346.0,down,2026-08-10T11:03:18,0.0,0.0
SPXW,2026-10-30,70,Call,7995.0,SPXW261030C07995000,63.3,63.8,63.55,82.9,0.0,0.0,0.0,15.0,0.1205,0.2665,0.0008,11.1688,-0.9482,3.8382,63.4234,0.0,0.0,0.0,59.3499984741211,no_change,2026-08-19T15:34:32,0.0,0.0
SPXW,2026-10-30,70,Put,7995.0,SPXW261030P07995000,328.9,334.4,331.65,312.4,0.0,0.0,0.0,12.0,0.1209,-0.7334,0.0008,11.1688,-0.9482,-11.5808,332.6729,0.0,0.0,0.0,349.550003051758,down,2026-08-11T13:22:50,0.0,0.0
SPXW,2026-10-30,70,Call,8000.0,SPXW261030C08000000,61.9,62.3,62.099999999999994,64.5,6.5,11.2069,113.0,5057.0,0.1203,0.2623,0.0008,11.0862,-0.939,3.7786,61.9941,60.41,70.8,60.41,58.0,no_change,2026-08-21T15:59:15,0.0,0.0
SPXW,2026-10-30,70,Put,8000.0,SPXW261030P08000000,332.5,338.0,335.25,300.1,0.0,0.0,0.0,787.0,0.1207,-0.7376,0.0008,11.0862,-0.939,-11.6501,336.2008,0.0,0.0,0.0,353.149993896484,up,2026-08-19T11:29:29,0.0,0.0
SPXW,2026-10-30,70,Call,8005.0,SPXW261030C08005000,60.5,61.0,60.75,64.9,8.25,14.5631,5.0,35.0,0.1201,0.2581,0.0008,11.0023,-0.9296,3.719,60.5894,67.6,67.6,64.9,56.6500015258789,down,2026-08-21T12:06:36,0.0,0.0
SPXW,2026-10-30,70,Put,8005.0,SPXW261030P08005000,336.0,341.5,338.75,307.4,0.0,0.0,0.0,19.0,0.1205,-0.7417,0.0008,11.0023,-0.9296,-11.7193,339.7533,0.0,0.0,0.0,356.75,down,2026-08-10T09:30:33,0.0,0.0
SPXW,2026-10-30,70,Call,8010.0,SPXW261030C08010000,59.1,59.6,59.35,74.02,0.0,0.0,0.0,40.0,0.12,0.2539,0.0008,10.9169,-0.9202,3.6593,59.2092,0.0,0.0,0.0,55.2999992370606,down,2026-08-18T13:59:01,0.0,0.0
SPXW,2026-10-30,70,Put,8010.0,SPXW261030P08010000,339.6,345.1,342.35,312.8,0.0,0.0,0.0,3.0,0.1204,-0.7459,0.0008,10.9169,-0.9202,-11.7886,343.3303,0.0,0.0,0.0,360.400009155273,up,2026-08-10T15:52:40,0.0,0.0
SPXW,2026-10-30,70,Call,8015.0,SPXW261030C08015000,57.7,58.2,57.95,57.35,3.35,6.2037,1.0,325.0,0.1198,0.2498,0.0008,10.8299,-0.9108,3.5998,57.8535,57.35,57.35,57.35,54.0,down,2026-08-21T09:33:53,0.0,0.0
SPXW,2026-10-30,70,Put,8015.0,SPXW261030P08015000,343.2,348.7,345.95,310.2,0.0,0.0,0.0,8.0,0.1202,-0.75,0.0008,10.8299,-0.9108,-11.8578,346.9318,0.0,0.0,0.0,364.0,up,2026-08-19T11:30:18,0.0,0.0
SPXW,2026-10-30,70,Call,8020.0,SPXW261030C08020000,56.4,56.9,56.65,58.27,5.52,10.4645,1.0,58.0,0.1196,0.2457,0.0008,10.7414,-0.9013,3.5404,56.5219,58.27,58.27,58.27,52.75,up,2026-08-21T15:37:26,0.0,0.0
SPXW,2026-10-30,70,Put,8020.0,SPXW261030P08020000,346.7,352.4,349.54999999999995,0.0,0.0,0.0,0.0,0.0,0.12,-0.7541,0.0008,10.7414,-0.9013,-11.9268,350.5575,0.0,0.0,0.0,367.699996948242,no_change,,0.0,0.0
SPXW,2026-10-30,70,Call,8025.0,SPXW261030C08025000,55.1,55.6,55.35,53.5,2.0,3.8835,4.0,631.0,0.1194,0.2417,0.0008,10.6514,-0.8918,3.4814,55.2149,53.5,53.5,53.5,51.5,up,2026-08-21T10:32:07,0.0,0.0
SPXW,2026-10-30,70,Put,8025.0,SPXW261030P08025000,350.4,356.0,353.2,489.9,0.0,0.0,0.0,7.0,0.1199,-0.7582,0.0008,10.6514,-0.8918,-11.9954,354.2076,0.0,0.0,0.0,371.400009155273,down,2026-06-15T10:55:59,0.0,0.0
SPXW,2026-10-30,70,Call,8030.0,SPXW261030C08030000,53.8,54.3,54.05,70.2,0.0,0.0,0.0,9.0,0.1193,0.2376,0.0008,10.5602,-0.8822,3.423,53.9316,0.0,0.0,0.0,50.25,up,2026-08-18T12:45:44,0.0,0.0
SPXW,2026-10-30,70,Put,8030.0,SPXW261030P08030000,354.1,359.7,356.9,313.0,0.0,0.0,0.0,13.0,0.1197,-0.7622,0.0008,10.5602,-0.8822,-12.0635,357.8815,0.0,0.0,0.0,375.149993896484,down,2026-08-12T14:39:02,0.0,0.0
SPXW,2026-10-30,70,Call,8035.0,SPXW261030C08035000,52.5,53.0,52.75,53.1,4.05,8.25688,1.0,330.0,0.1191,0.2337,0.0008,10.4679,-0.8726,3.3653,52.6719,53.1,53.1,53.1,49.0499992370606,down,2026-08-21T16:02:05,0.0,0.0
SPXW,2026-10-30,70,Put,8035.0,SPXW261030P08035000,357.7,363.4,360.54999999999995,318.6,0.0,0.0,0.0,14.0,0.1196,-0.7662,0.0008,10.4679,-0.8726,-12.1308,361.579,0.0,0.0,0.0,378.800003051758,down,2026-08-11T10:49:06,0.0,0.0
SPXW,2026-10-30,70,Call,8040.0,SPXW261030C08040000,51.3,51.8,51.55,67.2,0.0,0.0,0.0,18.0,0.1189,0.2297,0.0008,10.3748,-0.863,3.3085,51.4354,0.0,0.0,0.0,47.8999996185303,down,2026-08-18T12:45:44,0.0,0.0
SPXW,2026-10-30,70,Put,8040.0,SPXW261030P08040000,361.5,367.1,364.3,356.85,0.0,0.0,0.0,5.0,0.1194,-0.7701,0.0008,10.3748,-0.863,-12.1972,365.2998,0.0,0.0,0.0,382.649993896484,up,2026-08-20T10:10:08,0.0,0.0
SPXW,2026-10-30,70,Call,8045.0,SPXW261030C08045000,50.1,50.6,50.35,32.9,0.0,0.0,0.0,20.0,0.1188,0.2258,0.0008,10.2811,-0.8533,3.2525,50.2218,0.0,0.0,0.0,46.7000007629394,up,2026-07-31T14:31:58,0.0,0.0
SPXW,2026-10-30,70,Put,8045.0,SPXW261030P08045000,365.2,370.9,368.04999999999995,323.0,0.0,0.0,0.0,11.0,0.1193,-0.774,0.0008,10.2811,-0.8533,-12.2629,369.0434,0.0,0.0,0.0,386.450012207031,down,2026-08-12T14:34:19,0.0,0.0
SPXW,2026-10-30,70,Call,8050.0,SPXW261030C08050000,48.9,49.4,49.15,51.5,5.9,12.9386,5.0,115.0,0.1186,0.2219,0.0007,10.1871,-0.8436,3.1973,49.0308,47.79,51.5,47.79,45.6000003814697,up,2026-08-21T13:18:14,0.0,0.0
SPXW,2026-10-30,70,Put,8050.0,SPXW261030P08050000,369.0,374.7,371.85,301.0,0.0,0.0,0.0,17.0,0.119,-0.7779,0.0007,10.1871,-0.8436,-12.3277,372.8095,0.0,0.0,0.0,390.25,down,2026-08-13T15:05:11,0.0,0.0
SPXW,2026-10-30,70,Call,8055.0,SPXW261030C08055000,47.7,48.2,47.95,70.0,0.0,0.0,0.0,7.0,0.1185,0.218,0.0007,10.0928,-0.8339,3.1428,47.8619,0.0,0.0,0.0,44.4500007629394,up,2026-08-19T11:19:19,0.0,0.0
SPXW,2026-10-30,70,Put,8055.0,SPXW261030P08055000,372.8,378.5,375.65,359.2,0.0,0.0,0.0,3.0,0.1189,-0.7818,0.0007,10.0928,-0.8339,-12.3918,376.5978,0.0,0.0,0.0,394.099990844727,up,2026-08-06T09:30:55,0.0,0.0
SPXW,2026-10-30,70,Call,8060.0,SPXW261030C08060000,46.6,47.1,46.85,59.08,0.0,0.0,0.0,13.0,0.1183,0.2142,0.0007,9.9982,-0.8241,3.0888,46.7149,0.0,0.0,0.0,43.3499984741211,down,2026-08-18T14:06:20,0.0,0.0
SPXW,2026-10-30,70,Put,8060.0,SPXW261030P08060000,376.6,382.3,379.45000000000005,0.0,0.0,0.0,0.0,4.0,0.1187,-0.7856,0.0007,9.9982,-0.8241,-12.4555,380.4081,0.0,0.0,0.0,398.0,no_change,,0.0,0.0
SPXW,2026-10-30,70,Call,8065.0,SPXW261030C08065000,45.5,45.9,45.7,60.41,0.0,0.0,0.0,1.0,0.1181,0.2104,0.0007,9.9031,-0.8144,3.0352,45.5896,0.0,0.0,0.0,42.2999992370606,up,2026-08-19T15:32:51,0.0,0.0
SPXW,2026-10-30,70,Put,8065.0,SPXW261030P08065000,380.5,386.1,383.3,352.7,0.0,0.0,0.0,20.0,0.1186,-0.7894,0.0007,9.9031,-0.8144,-12.5187,384.24,0.0,0.0,0.0,401.850006103516,no_change,2026-08-07T14:23:11,0.0,0.0
SPXW,2026-10-30,70,Call,8070.0,SPXW261030C08070000,44.4,44.8,44.599999999999994,84.5,0.0,0.0,0.0,30.0,0.118,0.2067,0.0007,9.8076,-0.8046,2.9818,44.4859,0.0,0.0,0.0,41.2000007629394,up,2026-08-17T12:21:15,0.0,0.0
SPXW,2026-10-30,70,Put,8070.0,SPXW261030P08070000,384.3,390.0,387.15,363.6,0.0,0.0,0.0,2.0,0.1185,-0.7931,0.0007,9.8076,-0.8046,-12.5817,388.0935,0.0,0.0,0.0,405.800003051758,up,2026-08-06T10:25:32,0.0,0.0
SPXW,2026-10-30,70,Call,8075.0,SPXW261030C08075000,43.3,43.8,43.55,62.92,0.0,0.0,0.0,116.0,0.1179,0.203,0.0007,9.7112,-0.7948,2.9286,43.4036,0.0,0.0,0.0,40.2000007629394,down,2026-08-19T09:46:25,0.0,0.0
SPXW,2026-10-30,70,Put,8075.0,SPXW261030P08075000,388.1,393.9,391.0,327.4,0.0,0.0,0.0,5.0,0.1183,-0.7968,0.0007,9.7112,-0.7948,-12.6446,391.9684,0.0,0.0,0.0,409.699996948242,down,2026-08-14T11:42:10,0.0,0.0
SPXW,2026-10-30,70,Call,8080.0,SPXW261030C08080000,42.2,42.7,42.45,66.3,0.0,0.0,0.0,2.0,0.1177,0.1993,0.0007,9.614,-0.785,2.8755,42.3426,0.0,0.0,0.0,39.2000007629394,up,2026-08-04T09:50:08,0.0,0.0
SPXW,2026-10-30,70,Put,8080.0,SPXW261030P08080000,392.0,397.8,394.9,0.0,0.0,0.0,0.0,0.0,0.1182,-0.8005,0.0007,9.614,-0.785,-12.7073,395.8647,0.0,0.0,0.0,413.649993896484,no_change,,0.0,0.0
SPXW,2026-10-30,70,Call,8085.0,SPXW261030C08085000,41.2,41.7,41.45,44.9,6.7,17.5393,5.0,42.0,0.1176,0.1957,0.0007,9.5158,-0.7752,2.8227,41.3028,44.9,44.9,44.9,38.2000007629394,no_change,2026-08-21T12:08:55,0.0,0.0
SPXW,2026-10-30,70,Put,8085.0,SPXW261030P08085000,395.9,401.8,398.85,353.7,0.0,0.0,0.0,3.0,0.1181,-0.8042,0.0007,9.5158,-0.7752,-12.7698,399.782,0.0,0.0,0.0,417.649993896484,down,2026-08-11T09:31:17,0.0,0.0
SPXW,2026-10-30,70,Call,8090.0,SPXW261030C08090000,40.2,40.6,40.400000000000006,42.6,5.35,14.3624,5.0,14.0,0.1174,0.1921,0.0007,9.4166,-0.7654,2.7703,40.284,42.6,42.6,42.6,37.25,no_change,2026-08-21T15:47:24,0.0,0.0
SPXW,2026-10-30,70,Put,8090.0,SPXW261030P08090000,400.0,405.8,402.9,367.2,0.0,0.0,0.0,3.0,0.1179,-0.8077,0.0007,9.4166,-0.7654,-12.8318,403.7204,0.0,0.0,0.0,421.649993896484,down,2026-08-05T10:52:27,0.0,0.0
SPXW,2026-10-30,70,Call,8095.0,SPXW261030C08095000,39.2,39.6,39.400000000000006,41.6,5.3,14.6006,6.0,14.0,0.1173,0.1885,0.0007,9.3164,-0.7556,2.7183,39.2859,40.34,41.6,40.34,36.2999992370606,no_change,2026-08-21T15:47:24,0.0,0.0
SPXW,2026-10-30,70,Put,8095.0,SPXW261030P08095000,403.8,409.7,406.75,386.15,0.0,0.0,0.0,10.0,0.1178,-0.8113,0.0007,9.3164,-0.7556,-12.8934,407.6796,0.0,0.0,0.0,425.649993896484,down,2026-08-18T14:38:45,0.0,0.0
SPXW,2026-10-30,70,Call,8100.0,SPXW261030C08100000,38.2,38.6,38.400000000000006,40.9,5.5,15.5367,39.0,3429.0,0.1171,0.185,0.0007,9.2154,-0.7458,2.6671,38.3083,38.0,43.56,37.54,35.3999996185303,up,2026-08-21T15:49:10,0.0,0.0
SPXW,2026-10-30,70,Put,8100.0,SPXW261030P08100000,407.8,413.7,410.75,332.2,0.0,0.0,0.0,2.0,0.1177,-0.8148,0.0007,9.2154,-0.7458,-12.9542,411.6592,0.0,0.0,0.0,429.649993896484,down,2026-08-13T15:17:28,0.0,0.0
SPXW,2026-10-30,70,Call,8105.0,SPXW261030C08105000,37.2,37.7,37.45,36.3,1.8,5.21739,2.0,6.0,0.117,0.1815,0.0007,9.1138,-0.736,2.6168,37.3509,36.3,36.3,36.3,34.5,no_change,2026-08-21T09:52:28,0.0,0.0
SPXW,2026-10-30,70,Put,8105.0,SPXW261030P08105000,411.8,417.7,414.75,0.0,0.0,0.0,0.0,0.0,0.1176,-0.8183,0.0007,9.1138,-0.736,-13.0142,415.659,0.0,0.0,0.0,433.699996948242,no_change,,0.0,0.0
SPXW,2026-10-30,70,Call,8110.0,SPXW261030C08110000,36.3,36.8,36.55,38.79,5.19,15.4464,2.0,1.0,0.1169,0.1781,0.0007,9.0119,-0.7262,2.5673,36.4132,38.79,38.79,38.79,33.6000003814697,down,2026-08-21T15:47:53,0.0,0.0
SPXW,2026-10-30,70,Put,8110.0,SPXW261030P08110000,415.8,421.7,418.75,399.16,0.0,0.0,0.0,15.0,0.1175,-0.8217,0.0007,9.0119,-0.7262,-13.0733,419.6785,0.0,0.0,0.0,437.800003051758,up,2026-08-18T15:24:59,0.0,0.0
SPXW,2026-10-30,70,Call,8115.0,SPXW261030C08115000,35.4,35.8,35.599999999999994,38.0,5.3,16.2079,1.0,1.0,0.1168,0.1747,0.0006,8.91,-0.7164,2.5187,35.495,38.0,38.0,38.0,32.7000007629394,down,2026-08-21T12:15:00,0.0,0.0
SPXW,2026-10-30,70,Put,8115.0,SPXW261030P08115000,419.9,425.8,422.85,401.25,0.0,0.0,0.0,3.0,0.1173,-0.8251,0.0006,8.91,-0.7164,-13.1316,423.7175,0.0,0.0,0.0,441.899993896484,down,2026-08-18T14:38:45,0.0,0.0
SPXW,2026-10-30,70,Call,8120.0,SPXW261030C08120000,34.5,35.0,34.75,20.32,0.0,0.0,0.0,6.0,0.1167,0.1714,0.0006,8.8081,-0.7067,2.471,34.5959,0.0,0.0,0.0,31.8499994277954,no_change,2026-07-27T11:10:28,0.0,0.0
SPXW,2026-10-30,70,Put,8120.0,SPXW261030P08120000,423.9,429.8,426.85,0.0,0.0,0.0,0.0,0.0,0.1172,-0.8285,0.0006,8.8081,-0.7067,-13.1889,427.7755,0.0,0.0,0.0,446.0,no_change,,0.0,0.0
SPXW,2026-10-30,70,Call,8125.0,SPXW261030C08125000,33.6,34.1,33.85,33.3,2.3,7.41935,1.0,59.0,0.1165,0.168,0.0006,8.7065,-0.6969,2.4239,33.7154,33.3,33.3,33.3,31.0,down,2026-08-21T09:48:23,0.0,0.0
SPXW,2026-10-30,70,Put,8125.0,SPXW261030P08125000,428.0,433.9,430.95,410.66,0.0,0.0,0.0,8.0,0.1171,-0.8318,0.0006,8.7065,-0.6969,-13.2456,431.8523,0.0,0.0,0.0,450.100006103516,up,2026-08-18T15:24:59,0.0,0.0
SPXW,2026-10-30,70,Call,8130.0,SPXW261030C08130000,32.8,33.2,33.0,44.14,0.0,0.0,0.0,5.0,0.1163,0.1648,0.0006,8.6052,-0.6872,2.3774,32.8535,0.0,0.0,0.0,30.1999998092651,no_change,2026-08-18T11:09:34,0.0,0.0
SPXW,2026-10-30,70,Put,8130.0,SPXW261030P08130000,432.1,438.0,435.05,0.0,0.0,0.0,0.0,0.0,0.117,-0.8351,0.0006,8.6052,-0.6872,-13.3017,435.9476,0.0,0.0,0.0,454.25,no_change,,0.0,0.0
SPXW,2026-10-30,70,Call,8135.0,SPXW261030C08135000,31.9,32.4,32.15,34.7,5.3,18.0272,2.0,3.0,0.1163,0.1615,0.0006,8.504,-0.6776,2.3314,32.0099,37.42,37.42,34.7,29.4000005722046,down,2026-08-21T12:16:40,0.0,0.0
SPXW,2026-10-30,70,Put,8135.0,SPXW261030P08135000,436.2,442.2,439.2,0.0,0.0,0.0,0.0,0.0,0.1169,-0.8383,0.0006,8.504,-0.6776,-13.3574,440.0612,0.0,0.0,0.0,458.399993896484,no_change,,0.0,0.0
SPXW,2026-10-30,70,Call,8140.0,SPXW261030C08140000,31.1,31.5,31.3,41.05,0.0,0.0,0.0,8.0,0.1162,0.1583,0.0006,8.4029,-0.6679,2.2857,31.1843,0.0,0.0,0.0,28.5999994277954,down,2026-08-18T11:20:44,0.0,0.0
SPXW,2026-10-30,70,Put,8140.0,SPXW261030P08140000,440.3,446.3,443.3,0.0,0.0,0.0,0.0,0.0,0.1168,-0.8415,0.0006,8.4029,-0.6679,-13.4127,444.1928,0.0,0.0,0.0,462.600006103516,no_change,,0.0,0.0
SPXW,2026-10-30,70,Call,8145.0,SPXW261030C08145000,30.3,30.7,30.5,35.59,7.69,27.5627,2.0,4.0,0.1161,0.1552,0.0006,8.3017,-0.6583,2.2402,30.3767,35.59,35.59,35.59,27.9000005722046,down,2026-08-21T11:52:29,0.0,0.0
SPXW,2026-10-30,70,Put,8145.0,SPXW261030P08145000,444.5,450.5,447.5,0.0,0.0,0.0,0.0,0.0,0.1167,-0.8446,0.0006,8.3017,-0.6583,-13.4678,448.3424,0.0,0.0,0.0,466.800003051758,no_change,,0.0,0.0
SPXW,2026-10-30,70,Call,8150.0,SPXW261030C08150000,29.5,29.9,29.7,31.6,4.5,16.6052,7.0,373.0,0.1159,0.1521,0.0006,8.2003,-0.6488,2.1951,29.5869,29.07,32.5,29.07,27.0999994277954,down,2026-08-21T13:11:31,0.0,0.0
SPXW,2026-10-30,70,Put,8150.0,SPXW261030P08150000,448.6,454.7,451.65,404.87,0.0,0.0,0.0,1.0,0.1166,-0.8478,0.0006,8.2003,-0.6488,-13.5226,452.5098,0.0,0.0,0.0,471.050003051758,down,2026-08-10T09:38:37,0.0,0.0
SPXW,2026-10-30,70,Call,8155.0,SPXW261030C08155000,28.7,29.2,28.95,26.81,0.0,0.0,0.0,14.0,0.1158,0.149,0.0006,8.0985,-0.6392,2.1503,28.8147,0.0,0.0,0.0,26.4000005722046,no_change,2026-08-20T14:10:51,0.0,0.0
SPXW,2026-10-30,70,Put,8155.0,SPXW261030P08155000,452.8,458.9,455.85,0.0,0.0,0.0,0.0,0.0,0.1165,-0.8508,0.0006,8.0985,-0.6392,-13.577,456.6948,0.0,0.0,0.0,475.25,no_change,,0.0,0.0
SPXW,2026-10-30,70,Call,8160.0,SPXW261030C08160000,28.0,28.4,28.2,30.1,4.4,17.1206,3.0,0.0,0.1157,0.146,0.0006,7.9962,-0.6297,2.1061,28.0599,33.01,33.01,30.1,25.6999998092651,down,2026-08-21T15:47:53,0.0,0.0
SPXW,2026-10-30,70,Put,8160.0,SPXW261030P08160000,457.0,463.1,460.05,423.88,0.0,0.0,0.0,1.0,0.1164,-0.8538,0.0006,7.9962,-0.6297,-13.6309,460.8973,0.0,0.0,0.0,479.5,down,2026-08-05T13:26:14,0.0,0.0
SPXW,2026-10-30,70,Call,8165.0,SPXW261030C08165000,27.2,27.6,27.4,27.3,2.3,9.2,1.0,13.0,0.1156,0.143,0.0006,7.8936,-0.6203,2.0624,27.3223,27.3,27.3,27.3,25.0,down,2026-08-21T09:46:51,0.0,0.0
SPXW,2026-10-30,70,Put,8165.0,SPXW261030P08165000,461.3,467.3,464.3,0.0,0.0,0.0,0.0,0.0,0.1163,-0.8568,0.0006,7.8936,-0.6203,-13.6842,465.1169,0.0,0.0,0.0,483.75,no_change,,0.0,0.0
SPXW,2026-10-30,70,Call,8170.0,SPXW261030C08170000,26.5,26.9,26.7,29.3,5.0,20.5761,1.0,38.0,0.1155,0.1401,0.0006,7.7908,-0.6109,2.0196,26.6016,29.3,29.3,29.3,24.3000001907349,down,2026-08-21T12:07:29,0.0,0.0
SPXW,2026-10-30,70,Put,8170.0,SPXW261030P08170000,465.5,471.6,468.55,0.0,0.0,0.0,0.0,0.0,0.1162,-0.8598,0.0006,7.7908,-0.6109,-13.7367,469.3534,0.0,0.0,0.0,488.050003051758,no_change,,0.0,0.0
SPXW,2026-10-30,70,Call,8175.0,SPXW261030C08175000,25.8,26.2,26.0,25.4,1.7,7.173,1.0,138.0,0.1154,0.1372,0.0006,7.6879,-0.6016,1.9776,25.8974,25.4,25.4,25.4,23.6999998092651,down,2026-08-21T09:49:31,0.0,0.0
SPXW,2026-10-30,70,Put,8175.0,SPXW261030P08175000,469.7,475.9,472.79999999999995,0.0,0.0,0.0,0.0,0.0,0.1161,-0.8626,0.0006,7.6879,-0.6016,-13.7883,473.6064,0.0,0.0,0.0,492.349990844727,no_change,,0.0,0.0
SPXW,2026-10-30,70,Call,8180.0,SPXW261030C08180000,25.1,25.5,25.3,24.5,1.5,6.52174,2.0,42.0,0.1153,0.1343,0.0006,7.5852,-0.5923,1.9365,25.2095,24.5,24.5,24.5,23.0,no_change,2026-08-21T09:52:28,0.0,0.0
SPXW,2026-10-30,70,Put,8180.0,SPXW261030P08180000,474.0,480.1,477.05,0.0,0.0,0.0,0.0,0.0,0.1161,-0.8655,0.0006,7.5852,-0.5923,-13.839,477.8757,0.0,0.0,0.0,496.700012207031,no_change,,0.0,0.0
SPXW,2026-10-30,70,Call,8185.0,SPXW261030C08185000,24.4,24.8,24.6,49.45,0.0,0.0,0.0,57.0,0.1151,0.1315,0.0006,7.4828,-0.5831,1.8962,24.5373,0.0,0.0,0.0,22.4000005722046,up,2026-08-06T12:00:35,0.0,0.0
SPXW,2026-10-30,70,Put,8185.0,SPXW261030P08185000,478.3,484.4,481.35,0.0,0.0,0.0,0.0,0.0,0.116,-0.8683,0.0006,7.4828,-0.5831,-13.8889,482.1607,0.0,0.0,0.0,501.0,no_change,,0.0,0.0
SPXW,2026-10-30,70,Call,8190.0,SPXW261030C08190000,23.8,24.2,24.0,38.06,0.0,0.0,0.0,69.0,0.115,0.1288,0.0005,7.3811,-0.5739,1.8568,23.8808,0.0,0.0,0.0,21.8000001907349,up,2026-08-19T11:17:51,0.0,0.0
SPXW,2026-10-30,70,Put,8190.0,SPXW261030P08190000,482.6,488.7,485.65,0.0,0.0,0.0,0.0,0.0,0.1159,-0.8711,0.0005,7.3811,-0.5739,-13.938,486.4614,0.0,0.0,0.0,505.349990844727,no_change,,0.0,0.0
SPXW,2026-10-30,70,Call,8195.0,SPXW261030C08195000,23.2,23.5,23.35,25.7,4.5,21.2264,5.0,5.0,0.1149,0.126,0.0005,7.28,-0.5648,1.818,23.2394,25.7,25.7,25.7,21.1999998092651,down,2026-08-21T12:21:11,0.0,0.0
SPXW,2026-10-30,70,Put,8195.0,SPXW261030P08195000,486.9,493.0,489.95,0.0,0.0,0.0,0.0,0.0,0.1158,-0.8738,0.0005,7.28,-0.5648,-13.9864,490.7772,0.0,0.0,0.0,509.700012207031,no_change,,0.0,0.0
SPXW,2026-10-30,70,Call,8200.0,SPXW261030C08200000,22.5,22.9,22.7,23.62,3.02,14.6602,9.0,739.0,0.1148,0.1233,0.0005,7.1796,-0.5557,1.7798,22.613,22.27,23.62,21.9,20.5999994277954,no_change,2026-08-21T15:34:10,0.0,0.0
SPXW,2026-10-30,70,Put,8200.0,SPXW261030P08200000,491.0,497.4,494.2,412.01,0.0,0.0,0.0,6.0,0.1157,-0.8765,0.0005,7.1796,-0.5557,-14.0343,495.1081,0.0,0.0,0.0,514.049987792969,no_change,2026-08-14T15:56:45,0.0,0.0
SPXW,2026-10-30,70,Call,8205.0,SPXW261030C08205000,21.9,22.3,22.1,20.98,0.0,0.0,0.0,4.0,0.1147,0.1207,0.0005,7.0799,-0.5468,1.742,22.0015,0.0,0.0,0.0,20.0,down,2026-08-20T14:05:46,0.0,0.0
SPXW,2026-10-30,70,Put,8205.0,SPXW261030P08205000,495.3,501.7,498.5,0.0,0.0,0.0,0.0,0.0,0.1157,-0.8791,0.0005,7.0799,-0.5468,-14.0816,499.4537,0.0,0.0,0.0,518.450012207031,no_change,,0.0,0.0
SPXW,2026-10-30,70,Call,8210.0,SPXW261030C08210000,21.3,21.7,21.5,41.5,0.0,0.0,0.0,7.0,0.1146,0.1181,0.0005,6.9808,-0.5379,1.7047,21.4045,0.0,0.0,0.0,19.4499998092651,down,2026-08-17T14:14:54,0.0,0.0
SPXW,2026-10-30,70,Put,8210.0,SPXW261030P08210000,499.7,506.1,502.9,0.0,0.0,0.0,0.0,0.0,0.1155,-0.8817,0.0005,6.9808,-0.5379,-14.1287,503.8139,0.0,0.0,0.0,522.850006103516,no_change,,0.0,0.0
SPXW,2026-10-30,70,Call,8220.0,SPXW261030C08220000,20.1,20.5,20.3,23.72,0.0,0.0,0.0,32.0,0.1145,0.113,0.0005,6.7839,-0.5203,1.631,20.2536,0.0,0.0,0.0,18.4000005722046,down,2026-08-20T11:30:20,0.0,0.0
SPXW,2026-10-30,70,Put,8220.0,SPXW261030P08220000,508.5,514.9,511.7,0.0,0.0,0.0,0.0,0.0,0.1154,-0.8868,0.0005,6.7839,-0.5203,-14.2216,512.5775,0.0,0.0,0.0,531.75,no_change,,0.0,0.0
SPXW,2026-10-30,70,Call,8225.0,SPXW261030C08225000,19.5,19.9,19.7,20.82,2.92,16.3128,6.0,31.0,0.1144,0.1106,0.0005,6.6859,-0.5116,1.5948,19.6994,19.52,20.82,19.52,17.9000005722046,up,2026-08-21T15:13:45,0.0,0.0
SPXW,2026-10-30,70,Put,8225.0,SPXW261030P08225000,512.9,519.3,516.0999999999999,0.0,0.0,0.0,0.0,0.0,0.1154,-0.8893,0.0005,6.6859,-0.5116,-14.2674,516.9805,0.0,0.0,0.0,536.149993896484,no_change,,0.0,0.0
SPXW,2026-10-30,70,Call,8230.0,SPXW261030C08230000,19.0,19.4,19.2,20.07,2.72,15.6772,5.0,45.0,0.1144,0.1081,0.0005,6.588,-0.503,1.5591,19.1591,20.07,20.07,20.07,17.3500003814697,no_change,2026-08-21T15:34:10,0.0,0.0
SPXW,2026-10-30,70,Put,8230.0,SPXW261030P08230000,517.3,523.7,520.5,0.0,0.0,0.0,0.0,0.0,0.1153,-0.8917,0.0005,6.588,-0.503,-14.3128,521.3974,0.0,0.0,0.0,540.649993896484,no_change,,0.0,0.0
SPXW,2026-10-30,70,Call,8240.0,SPXW261030C08240000,18.0,18.3,18.15,24.0,0.0,0.0,0.0,48.0,0.1141,0.1034,0.0005,6.393,-0.486,1.4898,18.119,0.0,0.0,0.0,16.4000005722046,down,2026-08-18T15:53:53,0.0,0.0
SPXW,2026-10-30,70,Put,8240.0,SPXW261030P08240000,526.1,532.6,529.35,0.0,0.0,0.0,0.0,0.0,0.1152,-0.8964,0.0005,6.393,-0.486,-14.4013,530.2717,0.0,0.0,0.0,548.0,no_change,,0.0,0.0
SPXW,2026-10-30,70,Call,8250.0,SPXW261030C08250000,17.0,17.3,17.15,17.15,1.65,10.6452,1.0,229.0,0.114,0.0988,0.0004,6.1997,-0.4694,1.4238,17.131,17.15,17.15,17.15,15.5,up,2026-08-21T16:14:15,0.0,0.0
SPXW,2026-10-30,70,Put,8250.0,SPXW261030P08250000,535.0,541.5,538.25,0.0,0.0,0.0,0.0,0.0,0.115,-0.901,0.0004,6.1997,-0.4694,-14.4866,539.1981,0.0,0.0,0.0,557.300018310547,no_change,,0.0,0.0
SPXW,2026-10-30,70,Call,8260.0,SPXW261030C08260000,16.0,16.4,16.2,23.89,0.0,0.0,0.0,10.0,0.1139,0.0944,0.0004,6.0093,-0.4532,1.3608,16.1926,0.0,0.0,0.0,14.5999999046326,down,2026-08-18T10:11:05,0.0,0.0
SPXW,2026-10-30,70,Put,8260.0,SPXW261030P08260000,535.9,559.6,547.75,0.0,0.0,0.0,0.0,0.0,0.115,-0.9054,0.0004,6.0093,-0.4532,-14.5689,548.1741,0.0,0.0,0.0,567.299987792969,no_change,,0.0,0.0
SPXW,2026-10-30,70,Call,8270.0,SPXW261030C08270000,15.1,15.5,15.3,51.66,0.0,0.0,0.0,72.0,0.1138,0.0902,0.0004,5.8228,-0.4372,1.3003,15.3016,0.0,0.0,0.0,13.8000001907349,up,2026-08-13T10:30:14,0.0,0.0
SPXW,2026-10-30,70,Put,8270.0,SPXW261030P08270000,544.9,568.6,556.75,0.0,0.0,0.0,0.0,0.0,0.1149,-0.9097,0.0004,5.8228,-0.4372,-14.6487,557.1976,0.0,0.0,0.0,574.550018310547,no_change,,0.0,0.0
SPXW,2026-10-30,70,Call,8275.0,SPXW261030C08275000,14.7,15.1,14.899999999999999,23.25,0.0,0.0,0.0,20.0,0.1137,0.0881,0.0004,5.731,-0.4294,1.2708,14.8734,0.0,0.0,0.0,13.4000000953674,down,2026-08-18T09:30:07,0.0,0.0
SPXW,2026-10-30,70,Put,8275.0,SPXW261030P08275000,549.5,573.1,561.3,0.0,0.0,0.0,0.0,0.0,0.1148,-0.9117,0.0004,5.731,-0.4294,-14.6878,561.7265,0.0,0.0,0.0,579.600006103516,no_change,,0.0,0.0
SPXW,2026-10-30,70,Call,8280.0,SPXW261030C08280000,14.3,14.6,14.45,7.3,0.0,0.0,0.0,1.0,0.1135,0.0861,0.0004,5.6403,-0.4217,1.2416,14.4564,0.0,0.0,0.0,13.0,down,2026-07-29T10:44:12,0.0,0.0
SPXW,2026-10-30,70,Put,8280.0,SPXW261030P08280000,553.9,577.7,565.8,0.0,0.0,0.0,0.0,0.0,0.1148,-0.9138,0.0004,5.6403,-0.4217,-14.7266,566.2668,0.0,0.0,0.0,583.850006103516,no_change,,0.0,0.0
SPXW,2026-10-30,70,Call,8290.0,SPXW261030C08290000,13.5,13.8,13.65,21.46,0.0,0.0,0.0,17.0,0.1134,0.0821,0.0004,5.4615,-0.4066,1.1844,13.6555,0.0,0.0,0.0,12.3000001907349,down,2026-08-18T09:30:09,0.0,0.0
SPXW,2026-10-30,70,Put,8290.0,SPXW261030P08290000,563.0,586.1,574.55,0.0,0.0,0.0,0.0,0.0,0.1148,-0.9177,0.0004,5.4615,-0.4066,-14.803,575.3803,0.0,0.0,0.0,592.850006103516,no_change,,0.0,0.0
SPXW,2026-10-30,70,Call,8300.0,SPXW261030C08300000,12.7,13.1,12.899999999999999,13.75,2.15,18.5345,18.0,196.0,0.1135,0.0784,0.0004,5.2857,-0.3918,1.1291,12.8975,12.6,15.7,12.58,11.5999999046326,down,2026-08-21T15:52:36,0.0,0.0
SPXW,2026-10-30,70,Put,8300.0,SPXW261030P08300000,572.2,595.7,583.95,0.0,0.0,0.0,0.0,0.0,0.1148,-0.9215,0.0004,5.2857,-0.3918,-14.8777,584.5366,0.0,0.0,0.0,603.5,no_change,,0.0,0.0
SPXW,2026-10-30,70,Call,8310.0,SPXW261030C08310000,12.0,12.4,12.2,20.7,0.0,0.0,0.0,96.0,0.1133,0.0747,0.0004,5.1125,-0.3774,1.0761,12.1806,0.0,0.0,0.0,10.9500002861023,up,2026-08-19T11:17:51,0.0,0.0
SPXW,2026-10-30,70,Put,8310.0,SPXW261030P08310000,581.4,605.1,593.25,0.0,0.0,0.0,0.0,0.0,0.1148,-0.9251,0.0004,5.1125,-0.3774,-14.95,593.7342,0.0,0.0,0.0,611.25,no_change,,0.0,0.0
SPXW,2026-10-30,70,Call,8320.0,SPXW261030C08320000,11.3,11.7,11.5,35.9,0.0,0.0,0.0,61.0,0.1133,0.0713,0.0004,4.9423,-0.3635,1.0258,11.5029,0.0,0.0,0.0,10.3000001907349,down,2026-08-05T11:51:42,0.0,0.0
SPXW,2026-10-30,70,Put,8320.0,SPXW261030P08320000,590.6,614.3,602.45,0.0,0.0,0.0,0.0,0.0,0.1147,-0.9286,0.0004,4.9423,-0.3635,-15.0195,602.971,0.0,0.0,0.0,620.649993896484,no_change,,0.0,0.0
SPXW,2026-10-30,70,Call,8325.0,SPXW261030C08325000,11.0,11.3,11.15,12.6,2.6,26.0,10.0,101.0,0.1132,0.0696,0.0004,4.8586,-0.3567,1.0016,11.1781,12.6,12.6,12.6,10.0,down,2026-08-21T12:07:24,0.0,0.0
SPXW,2026-10-30,70,Put,8325.0,SPXW261030P08325000,595.3,619.0,607.15,0.0,0.0,0.0,0.0,0.0,0.1146,-0.9302,0.0004,4.8586,-0.3567,-15.0533,607.6034,0.0,0.0,0.0,625.350006103516,no_change,,0.0,0.0
SPXW,2026-10-30,70,Call,8330.0,SPXW261030C08330000,10.6,11.0,10.8,34.4,0.0,0.0,0.0,7.0,0.1131,0.0679,0.0003,4.7758,-0.3499,0.9781,10.8623,0.0,0.0,0.0,9.75,up,2026-08-05T11:51:36,0.0,0.0
SPXW,2026-10-30,70,Put,8330.0,SPXW261030P08330000,599.9,623.6,611.75,0.0,0.0,0.0,0.0,0.0,0.1148,-0.9319,0.0003,4.7758,-0.3499,-15.0864,612.2448,0.0,0.0,0.0,629.650024414062,no_change,,0.0,0.0
SPXW,2026-10-30,70,Call,8340.0,SPXW261030C08340000,10.0,10.4,10.2,37.08,0.0,0.0,0.0,25.0,0.1131,0.0648,0.0003,4.6138,-0.3368,0.9327,10.2569,0.0,0.0,0.0,9.19999980926514,up,2026-08-13T10:11:47,0.0,0.0
SPXW,2026-10-30,70,Put,8340.0,SPXW261030P08340000,609.2,632.9,621.05,0.0,0.0,0.0,0.0,0.0,0.1147,-0.9351,0.0003,4.6138,-0.3368,-15.1511,621.5537,0.0,0.0,0.0,639.649993896484,no_change,,0.0,0.0
SPXW,2026-10-30,70,Call,8350.0,SPXW261030C08350000,9.5,9.8,9.65,10.89,2.24,25.896,7.0,40.0,0.1131,0.0617,0.0003,4.4564,-0.3241,0.889,9.685,9.45,10.89,9.43,8.65000009536743,up,2026-08-21T12:08:01,0.0,0.0
SPXW,2026-10-30,70,Put,8350.0,SPXW261030P08350000,618.6,642.2,630.4000000000001,0.0,0.0,0.0,0.0,0.0,0.1149,-0.9381,0.0003,4.4564,-0.3241,-15.2141,630.8963,0.0,0.0,0.0,650.550018310547,no_change,,0.0,0.0
SPXW,2026-10-30,70,Call,8360.0,SPXW261030C08360000,8.9,9.3,9.100000000000001,10.3,2.15,26.3804,1.0,66.0,0.113,0.0588,0.0003,4.3037,-0.3118,0.8468,9.1454,10.3,10.3,10.3,8.15000009536743,down,2026-08-21T12:08:01,0.0,0.0
SPXW,2026-10-30,70,Put,8360.0,SPXW261030P08360000,629.3,651.6,640.45,0.0,0.0,0.0,0.0,0.0,0.1148,-0.941,0.0003,4.3037,-0.3118,-15.2756,640.2711,0.0,0.0,0.0,659.599975585938,no_change,,0.0,0.0
SPXW,2026-10-30,70,Call,8370.0,SPXW261030C08370000,8.4,8.8,8.600000000000001,28.29,0.0,0.0,0.0,8.0,0.1131,0.056,0.0003,4.155,-0.2999,0.806,8.6369,0.0,0.0,0.0,7.70000004768372,up,2026-08-13T09:48:32,0.0,0.0
SPXW,2026-10-30,70,Put,8370.0,SPXW261030P08370000,638.9,661.0,649.95,0.0,0.0,0.0,0.0,0.0,0.1151,-0.9438,0.0003,4.155,-0.2999,-15.3357,649.677,0.0,0.0,0.0,669.299987792969,no_change,,0.0,0.0
SPXW,2026-10-30,70,Call,8375.0,SPXW261030C08375000,8.2,8.5,8.35,12.14,0.0,0.0,0.0,70.0,0.113,0.0547,0.0003,4.0822,-0.2941,0.7863,8.3939,0.0,0.0,0.0,7.45000004768372,no_change,2026-08-18T10:58:41,0.0,0.0
SPXW,2026-10-30,70,Put,8375.0,SPXW261030P08375000,642.0,665.7,653.85,0.0,0.0,0.0,0.0,0.0,0.1151,-0.9452,0.0003,4.0822,-0.2941,-15.365,654.3912,0.0,0.0,0.0,673.75,no_change,,0.0,0.0
SPXW,2026-10-30,70,Call,8380.0,SPXW261030C08380000,7.9,8.3,8.100000000000001,8.3,0.0,0.0,0.0,271.0,0.1131,0.0534,0.0003,4.0102,-0.2884,0.767,8.1581,0.0,0.0,0.0,7.25,no_change,2026-08-20T13:57:06,0.0,0.0
SPXW,2026-10-30,70,Put,8380.0,SPXW261030P08380000,646.7,667.5,657.1,0.0,0.0,0.0,0.0,0.0,0.115,-0.9465,0.0003,4.0102,-0.2884,-15.3939,659.1126,0.0,0.0,0.0,678.850006103516,no_change,,0.0,0.0
SPXW,2026-10-30,70,Call,8390.0,SPXW261030C08390000,7.5,7.9,7.7,0.0,0.0,0.0,0.0,0.0,0.113,0.0508,0.0003,3.8692,-0.2773,0.7302,7.7073,0.0,0.0,0.0,6.84999990463257,no_change,,0.0,0.0
SPXW,2026-10-30,70,Put,8390.0,SPXW261030P08390000,656.2,679.9,668.05,0.0,0.0,0.0,0.0,0.0,0.1152,-0.949,0.0003,3.8692,-0.2773,-15.45,668.5762,0.0,0.0,0.0,688.0,no_change,,0.0,0.0
SPXW,2026-10-30,70,Call,8400.0,SPXW261030C08400000,7.1,7.4,7.25,7.8,1.35,20.9302,36.0,279.0,0.1133,0.0484,0.0003,3.732,-0.2666,0.6956,7.2829,7.31,7.97,7.14,6.45000004768372,down,2026-08-21T15:52:36,0.0,0.0
SPXW,2026-10-30,70,Put,8400.0,SPXW261030P08400000,665.6,689.4,677.5,0.0,0.0,0.0,0.0,0.0,0.1154,-0.9514,0.0003,3.732,-0.2666,-15.5039,678.0662,0.0,0.0,0.0,697.299987792969,no_change,,0.0,0.0
SPXW,2026-10-30,70,Call,8410.0,SPXW261030C08410000,6.7,7.0,6.85,7.57,1.47,24.0984,5.0,9.0,0.1132,0.0461,0.0002,3.5991,-0.2564,0.6628,6.8833,7.57,7.57,7.57,6.09999990463257,no_change,2026-08-21T15:00:56,0.0,0.0
SPXW,2026-10-30,70,Put,8410.0,SPXW261030P08410000,675.2,698.9,687.05,0.0,0.0,0.0,0.0,0.0,0.1154,-0.9537,0.0002,3.5991,-0.2564,-15.5559,687.5811,0.0,0.0,0.0,707.049987792969,no_change,,0.0,0.0
SPXW,2026-10-30,70,Call,8420.0,SPXW261030C08420000,6.3,6.6,6.449999999999999,7.15,0.0,0.0,0.0,313.0,0.1131,0.0439,0.0002,3.4708,-0.2465,0.6316,6.5072,0.0,0.0,0.0,5.79999995231628,no_change,2026-08-20T12:55:57,0.0,0.0
SPXW,2026-10-30,70,Put,8420.0,SPXW261030P08420000,684.7,708.5,696.6,0.0,0.0,0.0,0.0,0.0,0.1155,-0.9559,0.0002,3.4708,-0.2465,-15.6064,697.1194,0.0,0.0,0.0,716.5,no_change,,0.0,0.0
SPXW,2026-10-30,70,Call,8425.0,SPXW261030C08425000,6.1,6.5,6.3,6.17,0.52,9.20354,25.0,300.0,0.1134,0.0429,0.0002,3.4084,-0.2417,0.6165,6.3276,6.16,6.17,6.16,5.65000009536743,up,2026-08-21T10:16:13,0.0,0.0
SPXW,2026-10-30,70,Put,8425.0,SPXW261030P08425000,689.5,712.8,701.15,0.0,0.0,0.0,0.0,0.0,0.1156,-0.957,0.0002,3.4084,-0.2417,-15.6311,701.897,0.0,0.0,0.0,721.200012207031,no_change,,0.0,0.0
SPXW,2026-10-30,70,Call,8430.0,SPXW261030C08430000,6.0,6.3,6.15,6.84,1.39,25.5046,2.0,17.0,0.1134,0.0418,0.0002,3.347,-0.237,0.6017,6.1535,6.84,6.84,6.84,5.45000004768372,down,2026-08-21T12:09:41,0.0,0.0
SPXW,2026-10-30,70,Put,8430.0,SPXW261030P08430000,694.3,713.1,703.7,646.03,0.0,0.0,0.0,0.0,0.1158,-0.958,0.0002,3.347,-0.237,-15.6556,706.6801,0.0,0.0,0.0,726.5,down,2026-08-04T14:37:55,0.0,0.0
SPXW,2026-10-30,70,Call,8440.0,SPXW261030C08440000,5.6,6.0,5.8,6.45,1.3,25.2427,2.0,1.0,0.1134,0.0399,0.0002,3.2277,-0.2279,0.573,5.821,6.45,6.45,6.45,5.15000009536743,down,2026-08-21T12:09:41,0.0,0.0
SPXW,2026-10-30,70,Put,8440.0,SPXW261030P08440000,703.8,727.6,715.7,0.0,0.0,0.0,0.0,0.0,0.116,-0.96,0.0002,3.2277,-0.2279,-15.7036,716.262,0.0,0.0,0.0,735.699981689453,no_change,,0.0,0.0
SPXW,2026-10-30,70,Call,8450.0,SPXW261030C08450000,5.3,5.6,5.449999999999999,5.96,1.06,21.6327,10.0,266.0,0.1135,0.038,0.0002,3.1126,-0.2191,0.5454,5.5089,5.96,5.96,5.96,4.90000009536743,down,2026-08-21T15:13:45,0.0,0.0
SPXW,2026-10-30,70,Put,8450.0,SPXW261030P08450000,713.4,734.2,723.8,0.0,0.0,0.0,0.0,0.0,0.1162,-0.9618,0.0002,3.1126,-0.2191,-15.7504,725.8643,0.0,0.0,0.0,745.200012207031,no_change,,0.0,0.0
SPXW,2026-10-30,70,Call,8460.0,SPXW261030C08460000,5.0,5.3,5.15,9.4,0.0,0.0,0.0,16.0,0.1136,0.0362,0.0002,3.0015,-0.2107,0.5194,5.2158,0.0,0.0,0.0,4.65000009536743,down,2026-08-19T11:15:18,0.0,0.0
SPXW,2026-10-30,70,Put,8460.0,SPXW261030P08460000,723.1,743.9,733.5,0.0,0.0,0.0,0.0,0.0,0.1167,-0.9636,0.0002,3.0015,-0.2107,-15.7957,735.4857,0.0,0.0,0.0,755.049987792969,no_change,,0.0,0.0
SPXW,2026-10-30,70,Call,8470.0,SPXW261030C08470000,4.8,5.1,4.949999999999999,5.9,0.0,0.0,0.0,14.0,0.1138,0.0345,0.0002,2.8941,-0.2027,0.4948,4.9408,0.0,0.0,0.0,4.40000009536743,down,2026-08-20T11:30:20,0.0,0.0
SPXW,2026-10-30,70,Put,8470.0,SPXW261030P08470000,732.7,753.2,742.95,0.0,0.0,0.0,0.0,0.0,0.1168,-0.9653,0.0002,2.8941,-0.2027,-15.8395,745.1251,0.0,0.0,0.0,765.0,no_change,,0.0,0.0
SPXW,2026-10-30,70,Call,8475.0,SPXW261030C08475000,4.6,4.9,4.75,5.74,0.0,0.0,0.0,2.0,0.1138,0.0337,0.0002,2.8418,-0.1988,0.4832,4.8097,0.0,0.0,0.0,4.29999995231628,down,2026-08-20T11:30:20,0.0,0.0
SPXW,2026-10-30,70,Put,8475.0,SPXW261030P08475000,737.5,760.8,749.15,0.0,0.0,0.0,0.0,0.0,0.1168,-0.9661,0.0002,2.8418,-0.1988,-15.8608,749.9512,0.0,0.0,0.0,769.799987792969,no_change,,0.0,0.0
SPXW,2026-10-30,70,Call,8480.0,SPXW261030C08480000,4.5,4.8,4.65,17.9,0.0,0.0,0.0,18.0,0.114,0.0329,0.0002,2.7905,-0.195,0.4718,4.6826,0.0,0.0,0.0,4.15000009536743,up,2026-08-13T14:55:27,0.0,0.0
SPXW,2026-10-30,70,Put,8480.0,SPXW261030P08480000,742.4,766.1,754.25,0.0,0.0,0.0,0.0,0.0,0.1172,-0.9669,0.0002,2.7905,-0.195,-15.8818,754.7813,0.0,0.0,0.0,774.450012207031,no_change,,0.0,0.0
SPXW,2026-10-30,70,Call,8490.0,SPXW261030C08490000,4.3,4.6,4.449999999999999,17.7,0.0,0.0,0.0,5.0,0.1141,0.0314,0.0002,2.6908,-0.1877,0.4502,4.4401,0.0,0.0,0.0,3.94999992847443,up,2026-08-13T15:09:05,0.0,0.0
SPXW,2026-10-30,70,Put,8490.0,SPXW261030P08490000,752.0,775.8,763.9,0.0,0.0,0.0,0.0,0.0,0.1172,-0.9684,0.0002,2.6908,-0.1877,-15.9227,764.4532,0.0,0.0,0.0,783.849975585938,no_change,,0.0,0.0
SPXW,2026-10-30,70,Call,8500.0,SPXW261030C08500000,4.1,4.3,4.199999999999999,4.16,0.41,10.9333,5.0,260.0,0.1142,0.03,0.0002,2.595,-0.1806,0.4297,4.2123,4.16,4.16,4.16,3.75,down,2026-08-21T10:06:27,0.0,0.0
SPXW,2026-10-30,70,Put,8500.0,SPXW261030P08500000,761.8,785.5,773.65,0.0,0.0,0.0,0.0,0.0,0.1175,-0.9699,0.0002,2.595,-0.1806,-15.9625,774.1399,0.0,0.0,0.0,793.799987792969,no_change,,0.0,0.0
SPXW,2026-10-30,70,Call,8510.0,SPXW261030C08510000,3.8,4.1,3.9499999999999997,4.5,0.0,0.0,0.0,8.0,0.1144,0.0286,0.0002,2.503,-0.1739,0.4102,3.9985,0.0,0.0,0.0,3.55000007152557,down,2026-08-20T12:06:01,0.0,0.0
SPXW,2026-10-30,70,Put,8510.0,SPXW261030P08510000,771.4,795.2,783.3,0.0,0.0,0.0,0.0,0.0,0.1178,-0.9712,0.0002,2.503,-0.1739,-16.0013,783.8404,0.0,0.0,0.0,803.5,no_change,,0.0,0.0
SPXW,2026-10-30,70,Call,8520.0,SPXW261030C08520000,3.7,3.9,3.8,14.57,0.0,0.0,0.0,10.0,0.1146,0.0273,0.0002,2.4148,-0.1675,0.3914,3.7978,0.0,0.0,0.0,3.39999997615814,no_change,2026-08-13T10:52:24,0.0,0.0
SPXW,2026-10-30,70,Put,8520.0,SPXW261030P08520000,781.1,804.5,792.8,0.0,0.0,0.0,0.0,0.0,0.1185,-0.9725,0.0002,2.4148,-0.1675,-16.0393,793.5541,0.0,0.0,0.0,813.100006103516,no_change,,0.0,0.0
SPXW,2026-10-30,70,Call,8525.0,SPXW261030C08525000,3.6,3.8,3.7,8.45,0.0,0.0,0.0,271.0,0.1147,0.0267,0.0002,2.3721,-0.1644,0.3824,3.7021,0.0,0.0,0.0,3.30000007152557,no_change,2026-08-17T13:44:07,0.0,0.0
SPXW,2026-10-30,70,Put,8525.0,SPXW261030P08525000,786.0,809.3,797.65,0.0,0.0,0.0,0.0,0.0,0.1184,-0.9732,0.0002,2.3721,-0.1644,-16.0579,798.4157,0.0,0.0,0.0,817.899993896484,no_change,,0.0,0.0
SPXW,2026-10-30,70,Call,8530.0,SPXW261030C08530000,3.5,3.7,3.6,14.02,0.0,0.0,0.0,6.0,0.1148,0.0261,0.0002,2.3302,-0.1614,0.3736,3.6095,0.0,0.0,0.0,3.19999992847443,up,2026-08-10T10:55:08,0.0,0.0
SPXW,2026-10-30,70,Put,8530.0,SPXW261030P08530000,790.9,814.2,802.55,0.0,0.0,0.0,0.0,0.0,0.1187,-0.9738,0.0002,2.3302,-0.1614,-16.0764,803.2803,0.0,0.0,0.0,823.299987792969,no_change,,0.0,0.0
SPXW,2026-10-30,70,Call,8540.0,SPXW261030C08540000,3.3,3.6,3.45,12.1,0.0,0.0,0.0,21.0,0.1151,0.0249,0.0001,2.2491,-0.1556,0.3566,3.433,0.0,0.0,0.0,3.07500004768372,up,2026-08-04T10:40:01,0.0,0.0
SPXW,2026-10-30,70,Put,8540.0,SPXW261030P08540000,800.6,824.4,812.5,0.0,0.0,0.0,0.0,0.0,0.1193,-0.9749,0.0001,2.2491,-0.1556,-16.1126,813.0181,0.0,0.0,0.0,832.600006103516,no_change,,0.0,0.0
SPXW,2026-10-30,70,Call,8550.0,SPXW261030C08550000,3.1,3.4,3.25,3.0,0.0,0.0,0.0,1266.0,0.1154,0.0238,0.0001,2.1713,-0.15,0.3406,3.2674,0.0,0.0,0.0,2.92499995231628,no_change,2026-08-20T16:01:28,0.0,0.0
SPXW,2026-10-30,70,Put,8550.0,SPXW261030P08550000,810.4,834.1,822.25,0.0,0.0,0.0,0.0,0.0,0.1195,-0.976,0.0001,2.1713,-0.15,-16.1479,822.767,0.0,0.0,0.0,842.799987792969,no_change,,0.0,0.0
SPXW,2026-10-30,70,Call,8560.0,SPXW261030C08560000,3.0,3.2,3.1,5.05,0.0,0.0,0.0,41.0,0.1157,0.0228,0.0001,2.0966,-0.1447,0.3256,3.112,0.0,0.0,0.0,2.77499997615814,down,2026-08-19T11:50:54,0.0,0.0
SPXW,2026-10-30,70,Put,8560.0,SPXW261030P08560000,820.1,843.9,832.0,0.0,0.0,0.0,0.0,0.0,0.1201,-0.977,0.0001,2.0966,-0.1447,-16.1822,832.526,0.0,0.0,0.0,852.550018310547,no_change,,0.0,0.0
SPXW,2026-10-30,70,Call,8570.0,SPXW261030C08570000,2.85,3.1,2.975,3.25,0.6,22.6415,3.0,18.0,0.1161,0.0218,0.0001,2.025,-0.1396,0.3116,2.9662,3.25,3.25,3.25,2.64999997615814,down,2026-08-21T15:00:01,0.0,0.0
SPXW,2026-10-30,70,Put,8570.0,SPXW261030P08570000,829.9,853.7,841.8,0.0,0.0,0.0,0.0,0.0,0.1206,-0.978,0.0001,2.025,-0.1396,-16.2155,842.2946,0.0,0.0,0.0,862.25,no_change,,0.0,0.0
SPXW,2026-10-30,70,Call,8575.0,SPXW261030C08575000,2.8,3.0,2.9,2.88,0.0,0.0,0.0,6007.0,0.1162,0.0213,0.0001,1.9902,-0.1372,0.3049,2.8966,0.0,0.0,0.0,2.57500004768372,no_change,2026-08-20T13:52:13,0.0,0.0
SPXW,2026-10-30,70,Put,8575.0,SPXW261030P08575000,834.8,858.0,846.4,0.0,0.0,0.0,0.0,0.0,0.1204,-0.9785,0.0001,1.9902,-0.1372,-16.2318,847.1822,0.0,0.0,0.0,866.650024414062,no_change,,0.0,0.0
SPXW,2026-10-30,70,Call,8580.0,SPXW261030C08580000,2.75,2.9,2.825,8.3,0.0,0.0,0.0,28.0,0.1162,0.0209,0.0001,1.9563,-0.1348,0.2984,2.8291,0.0,0.0,0.0,2.52499997615814,down,2026-08-14T13:52:43,0.0,0.0
SPXW,2026-10-30,70,Put,8580.0,SPXW261030P08580000,839.7,860.3,850.0,0.0,0.0,0.0,0.0,0.0,0.1207,-0.979,0.0001,1.9563,-0.1348,-16.248,852.072,0.0,0.0,0.0,872.25,no_change,,0.0,0.0
SPXW,2026-10-30,70,Call,8600.0,SPXW261030C08600000,2.5,2.7,2.6,2.65,0.325,13.9785,5006.0,884.0,0.1167,0.0192,0.0001,1.8274,-0.1258,0.274,2.5793,2.75,2.75,2.65,2.32500004768372,down,2026-08-21T16:03:20,0.0,0.0
SPXW,2026-10-30,70,Put,8600.0,SPXW261030P08600000,859.3,883.0,871.15,0.0,0.0,0.0,0.0,0.0,0.1217,-0.9807,0.0001,1.8274,-0.1258,-16.3109,871.651,0.0,0.0,0.0,891.899993896484,no_change,,0.0,0.0
SPXW,2026-10-30,70,Call,8625.0,SPXW261030C08625000,2.2,2.4,2.3,10.9,0.0,0.0,0.0,155.0,0.1177,0.0173,0.0001,1.6815,-0.1157,0.2467,2.3074,0.0,0.0,0.0,2.07500004768372,up,2026-08-13T10:30:31,0.0,0.0
SPXW,2026-10-30,70,Put,8625.0,SPXW261030P08625000,883.8,907.1,895.45,0.0,0.0,0.0,0.0,0.0,0.1234,-0.9826,0.0001,1.6815,-0.1157,-16.3864,896.1651,0.0,0.0,0.0,916.399993896484,no_change,,0.0,0.0
SPXW,2026-10-30,70,Call,8650.0,SPXW261030C08650000,2.0,2.2,2.1,5.1,0.0,0.0,0.0,196.0,0.1184,0.0156,0.0001,1.5509,-0.1068,0.2226,2.0743,0.0,0.0,0.0,1.875,no_change,2026-08-17T10:20:40,0.0,0.0
SPXW,2026-10-30,70,Put,8650.0,SPXW261030P08650000,908.3,932.1,920.2,0.0,0.0,0.0,0.0,0.0,0.1244,-0.9842,0.0001,1.5509,-0.1068,-16.4586,920.718,0.0,0.0,0.0,940.149993896484,no_change,,0.0,0.0
SPXW,2026-10-30,70,Call,8700.0,SPXW261030C08700000,1.6,1.8,1.7000000000000002,1.57,0.0,0.0,0.0,156.0,0.1206,0.0129,0.0001,1.3283,-0.0918,0.1839,1.7003,0.0,0.0,0.0,1.55000001192093,down,2026-08-20T15:54:20,0.0,0.0
SPXW,2026-10-30,70,Put,8700.0,SPXW261030P08700000,957.6,977.8,967.7,0.0,0.0,0.0,0.0,0.0,0.1279,-0.9869,0.0001,1.3283,-0.0918,-16.5937,969.9161,0.0,0.0,0.0,989.799987792969,no_change,,0.0,0.0
SPXW,2026-10-30,70,Call,8800.0,SPXW261030C08800000,1.15,1.3,1.225,1.15,0.05,4.54545,2.0,178.0,0.1248,0.0092,0.0001,1.0017,-0.0704,0.1303,1.2026,1.15,1.15,1.15,1.10000002384186,down,2026-08-21T10:47:10,0.0,0.0
SPXW,2026-10-30,70,Put,8800.0,SPXW261030P08800000,1056.2,1079.1,1067.65,985.65,0.0,0.0,0.0,2.0,0.1348,-0.9906,0.0001,1.0017,-0.0704,-16.84,1068.5626,0.0,0.0,0.0,1088.39996337891,down,2026-08-04T15:33:38,0.0,0.0
SPXW,2026-10-30,70,Call,8900.0,SPXW261030C08900000,0.8,1.0,0.9,0.9,0.0,0.0,0.0,548.0,0.1299,0.0068,0.0,0.7811,-0.0563,0.097,0.9011,0.0,0.0,0.0,0.824999988079071,no_change,2026-08-20T14:24:24,0.0,0.0
SPXW,2026-10-30,70,Put,8900.0,SPXW261030P08900000,1155.1,1175.7,1165.4,0.0,0.0,0.0,0.0,0.0,0.1426,-0.993,0.0,0.7811,-0.0563,-17.0659,1167.4052,0.0,0.0,0.0,1187.70001220703,no_change,,0.0,0.0
SPXW,2026-10-30,70,Call,9000.0,SPXW261030C09000000,0.6,0.8,0.7,0.75,0.1,15.3846,5003.0,7272.0,0.1352,0.0053,0.0,0.626,-0.0465,0.0747,0.7053,0.75,0.75,0.75,0.650000005960464,up,2026-08-21T15:00:01,0.0,0.0
SPXW,2026-10-30,70,Put,9000.0,SPXW261030P09000000,1254.1,1278.0,1266.05,1377.88,0.0,0.0,0.0,6.0,0.1497,-0.9945,0.0,0.6265,-0.0466,-17.2809,1266.3542,0.0,0.0,0.0,1286.05004882812,up,2026-07-01T12:50:36,0.0,0.0
SPXW,2026-10-30,70,Call,9200.0,SPXW261030C09200000,0.4,0.55,0.47500000000000003,0.42,0.0,0.0,0.0,244.0,0.1459,0.0035,0.0,0.4296,-0.0341,0.0485,0.4757,0.0,0.0,0.0,0.424999997019768,down,2026-08-20T15:54:20,0.0,0.0
SPXW,2026-10-30,70,Put,9200.0,SPXW261030P09200000,1452.3,1471.7,1462.0,1558.51,0.0,0.0,0.0,0.0,0.1672,-0.9964,0.0,0.4298,-0.0342,-17.6926,1464.4127,0.0,0.0,0.0,1483.65002441406,down,2026-07-06T12:34:12,0.0,0.0
SPXW,2026-10-30,70,Call,9400.0,SPXW261030C09400000,0.25,0.45,0.35,0.87,0.0,0.0,0.0,1.0,0.1562,0.0024,0.0,0.3136,-0.0267,0.0342,0.349,0.0,0.0,0.0,0.325000002980232,up,2026-08-10T10:34:11,0.0,0.0
SPXW,2026-10-30,70,Put,9400.0,SPXW261030P09400000,1650.6,1670.3,1660.4499999999998,0.0,0.0,0.0,0.0,0.0,0.1837,-0.9974,0.0,0.3138,-0.0267,-18.0923,1662.5742,0.0,0.0,0.0,1682.29998779297,no_change,,0.0,0.0
SPXW,2026-10-30,70,Call,9600.0,SPXW261030C09600000,0.15,0.35,0.25,0.45,0.0,0.0,0.0,10.0,0.1673,0.0018,0.0,0.2388,-0.0217,0.0252,0.2694,0.0,0.0,0.0,0.225000008940697,down,2026-08-11T14:10:31,0.0,0.0
SPXW,2026-10-30,70,Put,9600.0,SPXW261030P09600000,1848.9,1872.0,1860.45,0.0,0.0,0.0,0.0,0.0,0.2024,-0.998,0.0,0.2388,-0.0217,-18.4867,1860.7828,0.0,0.0,0.0,1880.54998779297,no_change,,0.0,0.0
SPXW,2026-10-30,70,Call,9800.0,SPXW261030C09800000,0.1,0.3,0.2,0.25,0.0,0.0,0.0,1.0,0.1783,0.0014,0.0,0.1865,-0.018,0.0193,0.2141,0.0,0.0,0.0,0.175000000745058,down,2026-08-17T12:51:05,0.0,0.0
SPXW,2026-10-30,70,Put,9800.0,SPXW261030P09800000,2047.3,2070.5,2058.9,0.0,0.0,0.0,0.0,0.0,0.2192,-0.9984,0.0,0.1866,-0.018,-18.8781,2059.0159,0.0,0.0,0.0,2079.15002441406,no_change,,0.0,0.0
SPXW,2026-10-30,70,Call,10000.0,SPXW261030C10000000,0.1,0.25,0.175,0.2,0.025,14.2857,5.0,1.0,0.19,0.0011,0.0,0.1484,-0.0152,0.015,0.1731,0.2,0.2,0.2,0.175000000745058,no_change,2026-08-21T14:31:09,0.0,0.0
SPXW,2026-10-30,70,Put,10000.0,SPXW261030P10000000,2245.6,2268.6,2257.1,0.0,0.0,0.0,0.0,0.0,0.2355,-0.9987,0.0,0.1486,-0.0152,-19.2678,2257.2635,0.0,0.0,0.0,2277.55004882812,no_change,,0.0,0.0
SPXW,2026-11-03,74,Call,3200.0,SPXW261103C03200000,4477.6,4501.5,4489.55,0.0,0.0,0.0,0.0,0.0,0.7757,0.9988,0.0,0.1242,-0.0515,6.3345,4485.7253,0.0,0.0,0.0,4466.60009765625,no_change,,0.0,0.0
SPXW,2026-11-03,74,Put,3200.0,SPXW261103P03200000,0.55,0.8,0.675,0.0,0.0,0.0,0.0,0.0,0.6658,-0.001,0.0,0.1239,-0.0514,-0.0168,0.684,0.0,0.0,0.0,0.774999976158142,no_change,,0.0,0.0
SPXW,2026-11-03,74,Call,3400.0,SPXW261103C03400000,4279.5,4303.4,4291.45,0.0,0.0,0.0,0.0,0.0,0.7292,0.9986,0.0,0.1533,-0.0604,6.7264,4287.6304,0.0,0.0,0.0,4268.39990234375,no_change,,0.0,0.0
SPXW,2026-11-03,74,Put,3400.0,SPXW261103P03400000,0.7,0.95,0.825,0.0,0.0,0.0,0.0,0.0,0.6373,-0.0013,0.0,0.153,-0.0603,-0.021,0.8288,0.0,0.0,0.0,0.949999988079071,no_change,,0.0,0.0
SPXW,2026-11-03,74,Call,3600.0,SPXW261103C03600000,4081.4,4105.2,4093.3,0.0,0.0,0.0,0.0,0.0,0.6826,0.9982,0.0,0.1906,-0.0717,7.1169,4089.5826,0.0,0.0,0.0,4070.39990234375,no_change,,0.0,0.0
SPXW,2026-11-03,74,Put,3600.0,SPXW261103P03600000,0.95,1.2,1.075,0.0,0.0,0.0,0.0,0.0,0.6071,-0.0017,0.0,0.1903,-0.0716,-0.0267,1.0208,0.0,0.0,0.0,1.17499995231628,no_change,,0.0,0.0
SPXW,2026-11-03,74,Call,3800.0,SPXW261103C03800000,3883.2,3907.1,3895.1499999999996,0.0,0.0,0.0,0.0,0.0,0.6428,0.9977,0.0,0.2388,-0.0857,7.5057,3891.5914,0.0,0.0,0.0,3872.44995117188,no_change,,0.0,0.0
SPXW,2026-11-03,74,Put,3800.0,SPXW261103P03800000,1.2,1.45,1.325,0.0,0.0,0.0,0.0,0.0,0.5784,-0.0022,0.0,0.2386,-0.0856,-0.034,1.2695,0.0,0.0,0.0,1.47500002384186,no_change,,0.0,0.0
SPXW,2026-11-03,74,Call,4000.0,SPXW261103C04000000,3685.2,3709.1,3697.1499999999996,0.0,0.0,0.0,0.0,0.0,0.6025,0.9971,0.0,0.2998,-0.1027,7.8922,3693.6684,0.0,0.0,0.0,3674.65002441406,no_change,,0.0,0.0
SPXW,2026-11-03,74,Put,4000.0,SPXW261103P04000000,1.5,1.75,1.625,1.9,0.0,0.0,0.0,2.0,0.5515,-0.0028,0.0,0.2996,-0.1026,-0.0438,1.5865,0.0,0.0,0.0,1.82500004768372,no_change,2026-08-18T16:04:25,0.0,0.0
SPXW,2026-11-03,74,Call,4200.0,SPXW261103C04200000,3487.3,3511.2,3499.25,0.0,0.0,0.0,0.0,0.0,0.5673,0.9964,0.0,0.3749,-0.1228,8.2761,3495.8243,0.0,0.0,0.0,3476.70007324219,no_change,,0.0,0.0
SPXW,2026-11-03,74,Put,4200.0,SPXW261103P04200000,1.9,2.15,2.025,2.4,0.0,0.0,0.0,2.0,0.5255,-0.0035,0.0,0.3749,-0.1227,-0.056,1.9826,0.0,0.0,0.0,2.27500009536743,no_change,2026-08-18T09:30:07,0.0,0.0
SPXW,2026-11-03,74,Call,4400.0,SPXW261103C04400000,3289.5,3312.8,3301.15,0.0,0.0,0.0,0.0,0.0,0.5329,0.9954,0.0,0.4687,-0.1461,8.6565,3298.0717,0.0,0.0,0.0,3279.05004882812,no_change,,0.0,0.0
SPXW,2026-11-03,74,Put,4400.0,SPXW261103P04400000,2.35,2.65,2.5,3.03,0.0,0.0,0.0,9.0,0.4992,-0.0045,0.0,0.4687,-0.1461,-0.0717,2.4697,0.0,0.0,0.0,2.85000002384186,up,2026-08-18T15:59:43,0.0,0.0
SPXW,2026-11-03,74,Call,4600.0,SPXW261103C04600000,3094.1,3115.6,3104.85,0.0,0.0,0.0,0.0,0.0,0.5006,0.9941,0.0,0.5812,-0.1729,9.0331,3100.4257,0.0,0.0,0.0,3081.40002441406,no_change,,0.0,0.0
SPXW,2026-11-03,74,Put,4600.0,SPXW261103P04600000,2.9,3.2,3.05,3.1,0.0,0.0,0.0,20.0,0.4752,-0.0058,0.0,0.5812,-0.1729,-0.0913,3.0633,0.0,0.0,0.0,3.5,no_change,2026-08-19T15:50:23,0.0,0.0
SPXW,2026-11-03,74,Call,4800.0,SPXW261103C04800000,2894.1,2917.9,2906.0,0.0,0.0,0.0,0.0,0.0,0.471,0.9926,0.0,0.7197,-0.2032,9.4047,2902.9024,0.0,0.0,0.0,2884.15002441406,no_change,,0.0,0.0
SPXW,2026-11-03,74,Put,4800.0,SPXW261103P04800000,3.6,3.9,3.75,4.04,0.0,0.0,0.0,4.0,0.4498,-0.0073,0.0,0.7197,-0.2032,-0.1159,3.7795,0.0,0.0,0.0,4.29999995231628,up,2026-08-17T12:57:05,0.0,0.0
SPXW,2026-11-03,74,Call,5000.0,SPXW261103C05000000,2696.6,2720.4,2708.5,0.0,0.0,0.0,0.0,0.0,0.4423,0.9906,0.0,0.8852,-0.2374,9.77,2705.5276,0.0,0.0,0.0,2686.84997558594,no_change,,0.0,0.0
SPXW,2026-11-03,74,Put,5000.0,SPXW261103P05000000,4.4,4.8,4.6,4.67,0.0,0.0,0.0,1.0,0.4257,-0.0092,0.0,0.8852,-0.2374,-0.1468,4.6442,0.0,0.0,0.0,5.29999995231628,up,2026-08-17T09:45:37,0.0,0.0
SPXW,2026-11-03,74,Call,5200.0,SPXW261103C05200000,2499.3,2523.1,2511.2,0.0,0.0,0.0,0.0,0.0,0.4149,0.9882,0.0,1.0873,-0.2758,10.1277,2508.3303,0.0,0.0,0.0,2489.79992675781,no_change,,0.0,0.0
SPXW,2026-11-03,74,Put,5200.0,SPXW261103P05200000,5.5,5.8,5.65,0.0,0.0,0.0,0.0,0.0,0.4021,-0.0117,0.0,1.0873,-0.2758,-0.1852,5.6865,0.0,0.0,0.0,6.5,no_change,,0.0,0.0
SPXW,2026-11-03,74,Call,5400.0,SPXW261103C05400000,2305.9,2326.0,2315.95,0.0,0.0,0.0,0.0,0.0,0.3883,0.9851,0.0,1.332,-0.319,10.4747,2311.3601,0.0,0.0,0.0,2292.84997558594,no_change,,0.0,0.0
SPXW,2026-11-03,74,Put,5400.0,SPXW261103P05400000,6.7,7.1,6.9,8.0,0.0,0.0,0.0,30.0,0.3785,-0.0148,0.0,1.332,-0.319,-0.2344,6.9558,0.0,0.0,0.0,8.0,up,2026-08-20T14:14:36,0.0,0.0
SPXW,2026-11-03,74,Call,5600.0,SPXW261103C05600000,2105.5,2129.3,2117.4,0.0,0.0,0.0,0.0,0.0,0.3633,0.9812,0.0,1.6327,-0.3678,10.8088,2114.6816,0.0,0.0,0.0,2096.5,no_change,,0.0,0.0
SPXW,2026-11-03,74,Put,5600.0,SPXW261103P05600000,8.3,8.7,8.5,10.0,0.0,0.0,0.0,10.0,0.3556,-0.0187,0.0,1.6327,-0.3678,-0.2965,8.5168,0.0,0.0,0.0,9.85000038146973,no_change,2026-08-18T15:54:37,0.0,0.0
SPXW,2026-11-03,74,Call,5800.0,SPXW261103C05800000,1909.1,1932.9,1921.0,0.0,0.0,0.0,0.0,0.0,0.3384,0.976,0.0,2.0038,-0.4237,11.1232,1918.4001,0.0,0.0,0.0,1900.55004882812,no_change,,0.0,0.0
SPXW,2026-11-03,74,Put,5800.0,SPXW261103P05800000,10.2,10.7,10.45,12.1,0.0,0.0,0.0,10.0,0.3329,-0.0238,0.0,2.0038,-0.4237,-0.3782,10.4748,0.0,0.0,0.0,12.1499996185303,up,2026-08-18T14:58:25,0.0,0.0
SPXW,2026-11-03,74,Call,6000.0,SPXW261103C06000000,1713.3,1737.1,1725.1999999999998,0.0,0.0,0.0,0.0,0.0,0.3144,0.9692,0.0001,2.4705,-0.4882,11.4123,1722.6638,0.0,0.0,0.0,1705.10003662109,no_change,,0.0,0.0
SPXW,2026-11-03,74,Put,6000.0,SPXW261103P06000000,12.7,13.2,12.95,0.0,0.0,0.0,0.0,0.0,0.3104,-0.0306,0.0001,2.4705,-0.4882,-0.4853,12.978,0.0,0.0,0.0,15.0,no_change,,0.0,0.0
SPXW,2026-11-03,74,Call,6200.0,SPXW261103C06200000,1518.3,1542.0,1530.15,0.0,0.0,0.0,0.0,0.0,0.2909,0.9601,0.0001,3.0557,-0.5635,11.6638,1527.7102,0.0,0.0,0.0,1510.80004882812,no_change,,0.0,0.0
SPXW,2026-11-03,74,Put,6200.0,SPXW261103P06200000,16.0,16.5,16.25,17.74,0.0,0.0,0.0,1.0,0.288,-0.0398,0.0001,3.0557,-0.5635,-0.63,16.264,0.0,0.0,0.0,18.75,up,2026-08-17T16:05:45,0.0,0.0
SPXW,2026-11-03,74,Call,6300.0,SPXW261103C06300000,1421.2,1444.9,1433.0500000000002,0.0,0.0,0.0,0.0,0.0,0.2793,0.9543,0.0001,3.4107,-0.6059,11.7702,1430.6263,0.0,0.0,0.0,1413.70001220703,no_change,,0.0,0.0
SPXW,2026-11-03,74,Put,6300.0,SPXW261103P06300000,18.0,18.5,18.25,0.0,0.0,0.0,0.0,1.0,0.2772,-0.0456,0.0001,3.4112,-0.606,-0.7218,18.3053,0.0,0.0,0.0,21.0999994277954,no_change,,0.0,0.0
SPXW,2026-11-03,74,Call,6400.0,SPXW261103C06400000,1327.3,1348.0,1337.65,0.0,0.0,0.0,0.0,0.0,0.2681,0.9475,0.0001,3.8082,-0.6518,11.8594,1333.8841,0.0,0.0,0.0,1317.64996337891,no_change,,0.0,0.0
SPXW,2026-11-03,74,Put,6400.0,SPXW261103P06400000,20.4,20.9,20.65,0.0,0.0,0.0,0.0,0.0,0.2663,-0.0524,0.0001,3.8082,-0.6518,-0.8305,20.6774,0.0,0.0,0.0,23.75,no_change,,0.0,0.0
SPXW,2026-11-03,74,Call,6500.0,SPXW261103C06500000,1228.0,1251.7,1239.85,0.0,0.0,0.0,0.0,0.0,0.257,0.9395,0.0001,4.256,-0.7015,11.931,1237.5508,0.0,0.0,0.0,1221.64996337891,no_change,,0.0,0.0
SPXW,2026-11-03,74,Put,6500.0,SPXW261103P06500000,23.1,23.7,23.4,23.12,-3.88,-14.3704,2.0,1.0,0.2555,-0.0604,0.0001,4.2563,-0.7016,-0.9571,23.4692,23.12,23.12,23.12,27.0,no_change,2026-08-21T15:51:21,0.0,0.0
SPXW,2026-11-03,74,Call,6600.0,SPXW261103C06600000,1135.0,1155.7,1145.35,0.0,0.0,0.0,0.0,0.0,0.246,0.9299,0.0002,4.7695,-0.7549,11.9758,1141.7146,0.0,0.0,0.0,1125.84997558594,no_change,,0.0,0.0
SPXW,2026-11-03,74,Put,6600.0,SPXW261103P06600000,26.3,27.0,26.65,26.32,-4.38,-14.2671,2.0,0.0,0.2449,-0.07,0.0002,4.7698,-0.7551,-1.1104,26.7526,26.32,26.32,26.32,30.6999998092651,no_change,2026-08-21T15:51:21,0.0,0.0
SPXW,2026-11-03,74,Call,6700.0,SPXW261103C06700000,1039.9,1060.4,1050.15,0.0,0.0,0.0,0.0,0.0,0.2352,0.9184,0.0002,5.3394,-0.8122,11.9925,1046.4907,0.0,0.0,0.0,1031.09997558594,no_change,,0.0,0.0
SPXW,2026-11-03,74,Put,6700.0,SPXW261103P06700000,30.2,30.9,30.549999999999997,0.0,0.0,0.0,0.0,0.0,0.2342,-0.0814,0.0002,5.3396,-0.8123,-1.2918,30.6483,0.0,0.0,0.0,35.1000003814697,no_change,,0.0,0.0
SPXW,2026-11-03,74,Call,6725.0,SPXW261103C06725000,1015.5,1036.7,1026.1,0.0,0.0,0.0,0.0,0.0,0.2325,0.9152,0.0002,5.4938,-0.827,11.9918,1022.7939,0.0,0.0,0.0,1007.5,no_change,,0.0,0.0
SPXW,2026-11-03,74,Put,6725.0,SPXW261103P06725000,31.3,31.9,31.6,0.0,0.0,0.0,0.0,0.0,0.2315,-0.0846,0.0002,5.4939,-0.8272,-1.342,31.7314,0.0,0.0,0.0,36.3000011444092,no_change,,0.0,0.0
SPXW,2026-11-03,74,Call,6750.0,SPXW261103C06750000,989.1,1010.9,1000.0,0.0,0.0,0.0,0.0,0.0,0.23,0.9119,0.0002,5.654,-0.8421,11.9884,999.1455,0.0,0.0,0.0,984.0,no_change,,0.0,0.0
SPXW,2026-11-03,74,Put,6750.0,SPXW261103P06750000,32.4,33.0,32.7,0.0,0.0,0.0,0.0,0.0,0.229,-0.088,0.0002,5.6541,-0.8422,-1.3949,32.8629,0.0,0.0,0.0,37.5,no_change,,0.0,0.0
SPXW,2026-11-03,74,Call,6775.0,SPXW261103C06775000,968.3,989.5,978.9,0.0,0.0,0.0,0.0,0.0,0.2273,0.9084,0.0002,5.8197,-0.8574,11.9819,975.5486,0.0,0.0,0.0,960.300018310547,no_change,,0.0,0.0
SPXW,2026-11-03,74,Put,6775.0,SPXW261103P06775000,33.6,34.2,33.900000000000006,0.0,0.0,0.0,0.0,0.0,0.2264,-0.0915,0.0002,5.8198,-0.8575,-1.4509,34.0458,0.0,0.0,0.0,38.8999996185303,no_change,,0.0,0.0
SPXW,2026-11-03,74,Call,6800.0,SPXW261103C06800000,945.5,965.9,955.7,0.0,0.0,0.0,0.0,0.0,0.2246,0.9047,0.0002,5.9902,-0.8729,11.9724,952.0066,0.0,0.0,0.0,936.850006103516,no_change,,0.0,0.0
SPXW,2026-11-03,74,Put,6800.0,SPXW261103P06800000,34.8,35.5,35.15,0.0,0.0,0.0,0.0,0.0,0.2237,-0.0952,0.0002,5.9903,-0.873,-1.51,35.2836,0.0,0.0,0.0,40.3000011444092,no_change,,0.0,0.0
SPXW,2026-11-03,74,Call,6825.0,SPXW261103C06825000,921.8,942.4,932.0999999999999,0.0,0.0,0.0,0.0,0.0,0.2219,0.9009,0.0002,6.1646,-0.8885,11.9599,928.5228,0.0,0.0,0.0,913.549987792969,no_change,,0.0,0.0
SPXW,2026-11-03,74,Put,6825.0,SPXW261103P06825000,36.1,36.8,36.45,40.7,0.0,0.0,0.0,10.0,0.2211,-0.099,0.0002,6.1646,-0.8886,-1.572,36.5797,0.0,0.0,0.0,41.6999988555908,up,2026-08-18T09:43:12,0.0,0.0
SPXW,2026-11-03,74,Call,6850.0,SPXW261103C06850000,902.5,909.9,906.2,0.0,0.0,0.0,0.0,0.0,0.2186,0.8968,0.0002,6.3423,-0.9044,11.9447,905.1005,0.0,0.0,0.0,890.299987792969,no_change,,0.0,0.0
SPXW,2026-11-03,74,Put,6850.0,SPXW261103P06850000,37.4,38.1,37.75,0.0,0.0,0.0,0.0,0.0,0.2185,-0.103,0.0002,6.3424,-0.9044,-1.6366,37.9372,0.0,0.0,0.0,43.1999988555908,no_change,,0.0,0.0
SPXW,2026-11-03,74,Call,6875.0,SPXW261103C06875000,879.3,886.6,882.95,0.0,0.0,0.0,0.0,0.0,0.216,0.8926,0.0002,6.5239,-0.9204,11.9271,881.7426,0.0,0.0,0.0,867.099975585938,no_change,,0.0,0.0
SPXW,2026-11-03,74,Put,6875.0,SPXW261103P06875000,38.8,39.6,39.2,39.87,0.0,0.0,0.0,2.0,0.2159,-0.1072,0.0002,6.5239,-0.9204,-1.7037,39.359,0.0,0.0,0.0,44.8000011444092,up,2026-08-19T13:09:13,0.0,0.0
SPXW,2026-11-03,74,Call,6900.0,SPXW261103C06900000,856.5,863.2,859.85,0.0,0.0,0.0,0.0,0.0,0.213,0.8882,0.0003,6.7105,-0.9365,11.9068,858.4521,0.0,0.0,0.0,843.950012207031,no_change,,0.0,0.0
SPXW,2026-11-03,74,Put,6900.0,SPXW261103P06900000,40.3,41.1,40.7,0.0,0.0,0.0,0.0,0.0,0.2133,-0.1117,0.0003,6.7105,-0.9366,-1.7735,40.8483,0.0,0.0,0.0,46.5,no_change,,0.0,0.0
SPXW,2026-11-03,74,Call,6925.0,SPXW261103C06925000,833.3,840.0,836.65,0.0,0.0,0.0,0.0,0.0,0.2109,0.8836,0.0003,6.9035,-0.9528,11.8833,835.2328,0.0,0.0,0.0,820.850006103516,no_change,,0.0,0.0
SPXW,2026-11-03,74,Put,6925.0,SPXW261103P06925000,41.9,42.6,42.25,0.0,0.0,0.0,0.0,0.0,0.2107,-0.1163,0.0003,6.9034,-0.9529,-1.8466,42.4086,0.0,0.0,0.0,48.1999988555908,no_change,,0.0,0.0
SPXW,2026-11-03,74,Call,6950.0,SPXW261103C06950000,809.7,816.8,813.25,0.0,0.0,0.0,0.0,0.0,0.2084,0.8787,0.0003,7.1035,-0.9692,11.8556,812.0892,0.0,0.0,0.0,797.899993896484,no_change,,0.0,0.0
SPXW,2026-11-03,74,Put,6950.0,SPXW261103P06950000,43.5,44.3,43.9,0.0,0.0,0.0,0.0,0.0,0.2081,-0.1212,0.0003,7.1034,-0.9693,-1.9238,44.0446,0.0,0.0,0.0,50.0499992370606,no_change,,0.0,0.0
SPXW,2026-11-03,74,Call,6975.0,SPXW261103C06975000,786.7,793.7,790.2,0.0,0.0,0.0,0.0,0.0,0.2054,0.8736,0.0003,7.3101,-0.9857,11.8231,789.027,0.0,0.0,0.0,775.0,no_change,,0.0,0.0
SPXW,2026-11-03,74,Put,6975.0,SPXW261103P06975000,45.2,46.0,45.6,0.0,0.0,0.0,0.0,0.0,0.2056,-0.1263,0.0003,7.31,-0.9858,-2.0058,45.762,0.0,0.0,0.0,51.9500007629394,no_change,,0.0,0.0
SPXW,2026-11-03,74,Call,7000.0,SPXW261103C07000000,763.8,770.7,767.25,0.0,0.0,0.0,0.0,0.0,0.2026,0.8682,0.0003,7.5217,-1.0023,11.7858,766.0526,0.0,0.0,0.0,752.25,no_change,,0.0,0.0
SPXW,2026-11-03,74,Put,7000.0,SPXW261103P07000000,47.0,47.8,47.4,0.0,0.0,0.0,0.0,0.0,0.2029,-0.1317,0.0003,7.5215,-1.0024,-2.0926,47.567,0.0,0.0,0.0,53.9500007629394,no_change,,0.0,0.0
SPXW,2026-11-03,74,Call,7025.0,SPXW261103C07025000,740.8,747.9,744.3499999999999,0.0,0.0,0.0,0.0,0.0,0.2001,0.8625,0.0003,7.7368,-1.0189,11.7441,743.172,0.0,0.0,0.0,729.550018310547,no_change,,0.0,0.0
SPXW,2026-11-03,74,Put,7025.0,SPXW261103P07025000,48.9,49.7,49.3,0.0,0.0,0.0,0.0,0.0,0.2004,-0.1373,0.0003,7.7366,-1.019,-2.1837,49.4658,0.0,0.0,0.0,56.0499992370606,no_change,,0.0,0.0
SPXW,2026-11-03,74,Call,7050.0,SPXW261103C07050000,718.1,725.0,721.55,0.0,0.0,0.0,0.0,0.0,0.1977,0.8566,0.0003,7.955,-1.0356,11.6987,720.3911,0.0,0.0,0.0,707.0,no_change,,0.0,0.0
SPXW,2026-11-03,74,Put,7050.0,SPXW261103P07050000,50.9,51.7,51.3,0.0,0.0,0.0,0.0,0.0,0.1978,-0.1433,0.0003,7.9547,-1.0357,-2.2786,51.4641,0.0,0.0,0.0,58.2000007629394,no_change,,0.0,0.0
SPXW,2026-11-03,74,Call,7075.0,SPXW261103C07075000,695.4,702.3,698.8499999999999,0.0,0.0,0.0,0.0,0.0,0.195,0.8503,0.0003,8.1775,-1.0523,11.6495,697.7152,0.0,0.0,0.0,684.5,no_change,,0.0,0.0
SPXW,2026-11-03,74,Put,7075.0,SPXW261103P07075000,52.8,53.8,53.3,0.0,0.0,0.0,0.0,0.0,0.1952,-0.1495,0.0003,8.1772,-1.0523,-2.3773,53.5674,0.0,0.0,0.0,60.5,no_change,,0.0,0.0
SPXW,2026-11-03,74,Call,7100.0,SPXW261103C07100000,672.9,679.7,676.3,0.0,0.0,0.0,0.0,0.0,0.1926,0.8438,0.0004,8.4064,-1.069,11.5956,675.1508,0.0,0.0,0.0,662.150024414062,no_change,,0.0,0.0
SPXW,2026-11-03,74,Put,7100.0,SPXW261103P07100000,55.1,56.1,55.6,59.52,0.0,0.0,0.0,2.0,0.1926,-0.1561,0.0004,8.406,-1.069,-2.4807,55.782,0.0,0.0,0.0,62.9500007629394,up,2026-08-20T12:24:53,0.0,0.0
SPXW,2026-11-03,74,Call,7125.0,SPXW261103C07125000,650.4,657.2,653.8,0.0,0.0,0.0,0.0,0.0,0.19,0.8369,0.0004,8.6427,-1.0856,11.5355,652.7061,0.0,0.0,0.0,639.950012207031,no_change,,0.0,0.0
SPXW,2026-11-03,74,Put,7125.0,SPXW261103P07125000,57.4,58.4,57.9,0.0,0.0,0.0,0.0,0.0,0.1901,-0.163,0.0004,8.6422,-1.0856,-2.5903,58.1162,0.0,0.0,0.0,65.5,no_change,,0.0,0.0
SPXW,2026-11-03,74,Call,7150.0,SPXW261103C07150000,628.1,634.9,631.5,0.0,0.0,0.0,0.0,0.0,0.1876,0.8296,0.0004,8.8855,-1.1022,11.4681,630.3912,0.0,0.0,0.0,617.799987792969,no_change,,0.0,0.0
SPXW,2026-11-03,74,Put,7150.0,SPXW261103P07150000,59.9,60.8,60.349999999999994,0.0,0.0,0.0,0.0,0.0,0.1876,-0.1703,0.0004,8.8855,-1.1022,-2.7075,60.5828,0.0,0.0,0.0,68.1499977111816,no_change,,0.0,0.0
SPXW,2026-11-03,74,Call,7175.0,SPXW261103C07175000,606.0,612.7,609.35,0.0,0.0,0.0,0.0,0.0,0.185,0.822,0.0004,9.132,-1.1186,11.3936,608.2172,0.0,0.0,0.0,595.899993896484,no_change,,0.0,0.0
SPXW,2026-11-03,74,Put,7175.0,SPXW261103P07175000,62.5,63.4,62.95,0.0,0.0,0.0,0.0,0.0,0.185,-0.1779,0.0004,9.132,-1.1186,-2.8315,63.1887,0.0,0.0,0.0,71.0,no_change,,0.0,0.0
SPXW,2026-11-03,74,Call,7200.0,SPXW261103C07200000,584.0,590.6,587.3,0.0,0.0,0.0,0.0,0.0,0.1825,0.8139,0.0004,9.38,-1.1348,11.3134,586.1942,0.0,0.0,0.0,574.050018310547,no_change,,0.0,0.0
SPXW,2026-11-03,74,Put,7200.0,SPXW261103P07200000,65.2,66.2,65.7,66.65,-7.3,-9.87154,2.0,2.0,0.1824,-0.186,0.0004,9.38,-1.1348,-2.9613,65.9457,66.37,66.65,66.37,73.9500007629394,up,2026-08-21T14:31:54,0.0,0.0
SPXW,2026-11-03,74,Call,7225.0,SPXW261103C07225000,562.1,568.7,565.4000000000001,0.0,0.0,0.0,0.0,0.0,0.1798,0.8054,0.0004,9.6296,-1.1508,11.228,564.3316,0.0,0.0,0.0,552.449981689453,no_change,,0.0,0.0
SPXW,2026-11-03,74,Put,7225.0,SPXW261103P07225000,68.1,69.1,68.6,0.0,0.0,0.0,0.0,0.0,0.18,-0.1945,0.0004,9.6296,-1.1508,-3.0962,68.863,0.0,0.0,0.0,77.0999984741211,no_change,,0.0,0.0
SPXW,2026-11-03,74,Call,7250.0,SPXW261103C07250000,540.5,546.9,543.7,0.0,0.0,0.0,0.0,0.0,0.1774,0.7965,0.0005,9.8834,-1.1665,11.1363,542.6392,0.0,0.0,0.0,531.0,no_change,,0.0,0.0
SPXW,2026-11-03,74,Put,7250.0,SPXW261103P07250000,71.2,72.2,71.7,71.51,0.0,0.0,0.0,2.0,0.1774,-0.2034,0.0005,9.8834,-1.1665,-3.2374,71.9505,0.0,0.0,0.0,80.4000015258789,up,2026-08-17T16:05:45,0.0,0.0
SPXW,2026-11-03,74,Call,7275.0,SPXW261103C07275000,519.0,525.4,522.2,565.21,0.0,0.0,0.0,0.0,0.175,0.7871,0.0005,10.1431,-1.1818,11.0359,521.1297,0.0,0.0,0.0,509.699996948242,down,2026-08-18T10:37:05,0.0,0.0
SPXW,2026-11-03,74,Put,7275.0,SPXW261103P07275000,74.4,75.4,74.9,73.05,-10.85,-12.9321,1.0,0.0,0.1749,-0.2128,0.0005,10.1431,-1.1818,-3.3873,75.221,73.05,73.05,73.05,83.9000015258789,down,2026-08-21T11:53:03,0.0,0.0
SPXW,2026-11-03,74,Call,7300.0,SPXW261103C07300000,498.0,504.0,501.0,0.0,0.0,0.0,0.0,0.0,0.1725,0.7772,0.0005,10.4071,-1.1967,10.9252,499.8192,0.0,0.0,0.0,488.650009155273,no_change,,0.0,0.0
SPXW,2026-11-03,74,Put,7300.0,SPXW261103P07300000,77.9,78.9,78.4,77.77,-9.83,-11.2215,251.0,2.0,0.1725,-0.2227,0.0005,10.4071,-1.1967,-3.5475,78.6904,76.35,77.77,76.35,87.5999984741211,no_change,2026-08-21T13:07:48,0.0,0.0
SPXW,2026-11-03,74,Call,7325.0,SPXW261103C07325000,476.9,482.8,479.85,0.0,0.0,0.0,0.0,0.0,0.1701,0.7667,0.0005,10.6708,-1.2111,10.8052,478.7243,0.0,0.0,0.0,467.799987792969,no_change,,0.0,0.0
SPXW,2026-11-03,74,Put,7325.0,SPXW261103P07325000,81.5,82.5,82.0,75.8,0.0,0.0,0.0,15.0,0.17,-0.2332,0.0005,10.6708,-1.2111,-3.717,82.3754,0.0,0.0,0.0,91.5499992370606,up,2026-08-17T10:30:14,0.0,0.0
SPXW,2026-11-03,74,Call,7350.0,SPXW261103C07350000,455.9,461.9,458.9,0.0,0.0,0.0,0.0,0.0,0.1676,0.7557,0.0005,10.9314,-1.2248,10.6782,457.8597,0.0,0.0,0.0,447.150009155273,no_change,,0.0,0.0
SPXW,2026-11-03,74,Put,7350.0,SPXW261103P07350000,85.4,86.4,85.9,0.0,0.0,0.0,0.0,0.0,0.1676,-0.2442,0.0005,10.9314,-1.2248,-3.8936,86.2907,0.0,0.0,0.0,95.6999969482422,no_change,,0.0,0.0
SPXW,2026-11-03,74,Call,7375.0,SPXW261103C07375000,435.4,441.2,438.29999999999995,0.0,0.0,0.0,0.0,0.0,0.1653,0.7442,0.0006,11.1902,-1.2379,10.5442,437.2385,0.0,0.0,0.0,426.75,no_change,,0.0,0.0
SPXW,2026-11-03,74,Put,7375.0,SPXW261103P07375000,89.5,90.5,90.0,87.94,0.0,0.0,0.0,28.0,0.1652,-0.2557,0.0006,11.1902,-1.2379,-4.0771,90.4495,0.0,0.0,0.0,100.099998474121,down,2026-08-19T13:09:13,0.0,0.0
SPXW,2026-11-03,74,Call,7400.0,SPXW261103C07400000,414.9,420.8,417.85,415.45,8.85,2.17658,2.0,1.0,0.1629,0.732,0.0006,11.4499,-1.25,10.3997,416.8771,416.18,416.18,415.45,406.600006103516,down,2026-08-21T14:31:54,0.0,0.0
SPXW,2026-11-03,74,Put,7400.0,SPXW261103P07400000,93.9,94.9,94.4,95.75,-9.0,-8.59189,2.0,0.0,0.1628,-0.2679,0.0006,11.4499,-1.25,-4.2711,94.868,95.45,95.75,95.45,104.75,up,2026-08-21T14:31:54,0.0,0.0
SPXW,2026-11-03,74,Call,7425.0,SPXW261103C07425000,394.8,400.7,397.75,436.01,0.0,0.0,0.0,1.0,0.1605,0.7192,0.0006,11.7092,-1.2612,10.2419,396.7971,0.0,0.0,0.0,386.850006103516,down,2026-08-18T10:22:07,0.0,0.0
SPXW,2026-11-03,74,Put,7425.0,SPXW261103P07425000,98.6,99.6,99.1,109.9,0.0,0.0,0.0,7.0,0.1605,-0.2807,0.0006,11.7092,-1.2612,-4.4784,99.568,0.0,0.0,0.0,109.75,no_change,2026-08-20T16:03:36,0.0,0.0
SPXW,2026-11-03,74,Call,7450.0,SPXW261103C07450000,375.0,380.8,377.9,0.0,0.0,0.0,0.0,0.0,0.1582,0.7058,0.0006,11.9623,-1.2713,10.0724,377.0219,0.0,0.0,0.0,367.349990844727,no_change,,0.0,0.0
SPXW,2026-11-03,74,Put,7450.0,SPXW261103P07450000,103.5,104.6,104.05,105.97,-8.98,-7.81209,1.0,2.0,0.1582,-0.2941,0.0006,11.9623,-1.2713,-4.6974,104.5727,105.97,105.97,105.97,114.950000762939,down,2026-08-21T10:08:22,0.0,0.0
SPXW,2026-11-03,74,Call,7475.0,SPXW261103C07475000,358.1,359.4,358.75,360.8,12.6,3.61861,15.0,0.0,0.1563,0.6916,0.0006,12.2049,-1.28,9.8952,357.5703,355.3,360.8,355.3,348.199996948242,up,2026-08-21T11:00:02,0.0,0.0
SPXW,2026-11-03,74,Put,7475.0,SPXW261103P07475000,108.8,109.9,109.35,0.0,0.0,0.0,0.0,0.0,0.1559,-0.3082,0.0006,12.2049,-1.28,-4.9242,109.9011,0.0,0.0,0.0,120.549999237061,no_change,,0.0,0.0
SPXW,2026-11-03,74,Call,7500.0,SPXW261103C07500000,338.9,340.2,339.54999999999995,0.0,0.0,0.0,0.0,0.0,0.1539,0.6768,0.0007,12.4384,-1.2874,9.7091,338.4596,0.0,0.0,0.0,329.399993896484,no_change,,0.0,0.0
SPXW,2026-11-03,74,Put,7500.0,SPXW261103P07500000,114.4,115.5,114.95,114.95,-11.55,-9.13043,3.0,3.0,0.1536,-0.323,0.0007,12.4384,-1.2874,-5.1597,115.5703,118.6,118.6,114.95,126.5,down,2026-08-21T13:51:36,0.0,0.0
SPXW,2026-11-03,74,Call,7525.0,SPXW261103C07525000,320.1,321.4,320.75,0.0,0.0,0.0,0.0,0.0,0.1517,0.6613,0.0007,12.6644,-1.2932,9.5086,319.7134,0.0,0.0,0.0,310.800003051758,no_change,,0.0,0.0
SPXW,2026-11-03,74,Put,7525.0,SPXW261103P07525000,120.4,121.5,120.95,107.52,0.0,0.0,0.0,1.0,0.1514,-0.3385,0.0007,12.6644,-1.2932,-5.4098,121.6041,0.0,0.0,0.0,132.799995422363,up,2026-08-17T09:56:43,0.0,0.0
SPXW,2026-11-03,74,Call,7550.0,SPXW261103C07550000,301.7,303.0,302.35,0.0,0.0,0.0,0.0,0.0,0.1496,0.6451,0.0007,12.8783,-1.2972,9.2928,301.3619,0.0,0.0,0.0,292.800003051758,no_change,,0.0,0.0
SPXW,2026-11-03,74,Put,7550.0,SPXW261103P07550000,126.8,127.9,127.35,0.0,0.0,0.0,0.0,0.0,0.1492,-0.3547,0.0007,12.8783,-1.2972,-5.6751,128.0325,0.0,0.0,0.0,139.5,no_change,,0.0,0.0
SPXW,2026-11-03,74,Call,7575.0,SPXW261103C07575000,283.6,285.1,284.35,0.0,0.0,0.0,0.0,0.0,0.1474,0.6282,0.0007,13.0734,-1.2992,9.068,283.4309,0.0,0.0,0.0,275.149993896484,no_change,,0.0,0.0
SPXW,2026-11-03,74,Put,7575.0,SPXW261103P07575000,133.6,134.8,134.2,138.34,0.0,0.0,0.0,20.0,0.147,-0.3717,0.0007,13.0734,-1.2992,-5.9495,134.8815,0.0,0.0,0.0,146.599998474121,up,2026-08-18T09:32:37,0.0,0.0
SPXW,2026-11-03,74,Call,7600.0,SPXW261103C07600000,266.2,267.5,266.85,265.3,7.4,2.86933,2.0,0.0,0.1452,0.6106,0.0008,13.2484,-1.2991,8.8352,265.9403,265.51,265.51,265.3,257.900009155273,down,2026-08-21T14:31:54,0.0,0.0
SPXW,2026-11-03,74,Put,7600.0,SPXW261103P07600000,140.9,142.0,141.45,141.4,-12.8,-8.30091,1.0,4.0,0.145,-0.3893,0.0008,13.2484,-1.2991,-6.2318,142.1708,141.4,141.4,141.4,154.200004577637,up,2026-08-21T13:51:36,0.0,0.0
SPXW,2026-11-03,74,Call,7625.0,SPXW261103C07625000,249.0,250.5,249.75,0.0,0.0,0.0,0.0,0.0,0.1432,0.5922,0.0008,13.4043,-1.2967,8.5872,248.9167,0.0,0.0,0.0,241.200004577637,no_change,,0.0,0.0
SPXW,2026-11-03,74,Put,7625.0,SPXW261103P07625000,148.6,149.8,149.2,144.97,-17.23,-10.6227,16.0,16.0,0.1429,-0.4077,0.0008,13.4043,-1.2967,-6.5293,149.9272,144.97,144.97,144.97,162.200004577637,down,2026-08-21T11:46:08,0.0,0.0
SPXW,2026-11-03,74,Call,7650.0,SPXW261103C07650000,232.6,233.9,233.25,232.57,7.92,3.52548,9.0,0.0,0.1412,0.5732,0.0008,13.5368,-1.2918,8.3234,232.3957,237.24,237.29,232.57,224.650001525879,down,2026-08-21T14:08:14,0.0,0.0
SPXW,2026-11-03,74,Put,7650.0,SPXW261103P07650000,156.8,158.0,157.4,157.23,-13.57,-7.94496,113.0,17.0,0.1409,-0.4267,0.0008,13.5368,-1.2918,-6.8426,158.1861,152.87,158.03,152.87,170.799995422363,down,2026-08-21T12:56:09,0.0,0.0
SPXW,2026-11-03,74,Call,7675.0,SPXW261103C07675000,216.6,217.9,217.25,221.12,11.87,5.67264,2.0,1.0,0.1392,0.5534,0.0008,13.6402,-1.2842,8.0528,216.4048,222.29,222.29,221.12,209.25,down,2026-08-21T12:53:41,0.0,0.0
SPXW,2026-11-03,74,Put,7675.0,SPXW261103P07675000,165.6,166.8,166.2,164.58,-15.37,-8.54126,150.0,0.0,0.139,-0.4464,0.0008,13.6402,-1.2842,-7.1627,166.9751,164.56,165.48,164.38,179.950004577637,down,2026-08-21T13:06:48,0.0,0.0
SPXW,2026-11-03,74,Call,7700.0,SPXW261103C07700000,201.2,202.5,201.85,0.0,0.0,0.0,0.0,0.0,0.1374,0.5331,0.0008,13.7128,-1.2739,7.7745,200.9641,0.0,0.0,0.0,194.049995422363,no_change,,0.0,0.0
SPXW,2026-11-03,74,Put,7700.0,SPXW261103P07700000,174.9,176.1,175.5,164.53,0.0,0.0,0.0,5.0,0.1371,-0.4668,0.0008,13.7128,-1.2739,-7.4906,176.3144,0.0,0.0,0.0,189.549995422363,up,2026-08-19T12:50:04,0.0,0.0
SPXW,2026-11-03,74,Call,7725.0,SPXW261103C07725000,186.3,187.6,186.95,0.0,0.0,0.0,0.0,0.0,0.1355,0.5122,0.0008,13.7527,-1.2607,7.4798,186.1049,0.0,0.0,0.0,179.5,no_change,,0.0,0.0
SPXW,2026-11-03,74,Put,7725.0,SPXW261103P07725000,184.8,186.0,185.4,0.0,0.0,0.0,0.0,1.0,0.1353,-0.4877,0.0008,13.7527,-1.2607,-7.8348,186.2351,0.0,0.0,0.0,199.75,no_change,,0.0,0.0
SPXW,2026-11-03,74,Call,7750.0,SPXW261103C07750000,172.0,173.3,172.65,187.12,21.52,12.9952,1.0,44.0,0.1337,0.4907,0.0009,13.7564,-1.2445,7.1757,171.8606,187.12,187.12,187.12,165.599998474121,up,2026-08-21T11:53:03,0.0,0.0
SPXW,2026-11-03,74,Put,7750.0,SPXW261103P07750000,195.3,196.6,195.95,0.0,0.0,0.0,0.0,0.0,0.1335,-0.5091,0.0009,13.7564,-1.2445,-8.1884,196.7707,0.0,0.0,0.0,210.599998474121,no_change,,0.0,0.0
SPXW,2026-11-03,74,Call,7775.0,SPXW261103C07775000,158.4,159.7,159.05,173.02,20.72,13.6047,1.0,8.0,0.132,0.4688,0.0009,13.7224,-1.2252,6.8701,158.2473,173.02,173.02,173.02,152.299995422363,down,2026-08-21T11:53:03,0.0,0.0
SPXW,2026-11-03,74,Put,7775.0,SPXW261103P07775000,206.5,207.7,207.1,207.0,0.0,0.0,0.0,1.0,0.1318,-0.531,0.0009,13.7224,-1.2252,-8.5435,207.9373,0.0,0.0,0.0,222.0,up,2026-08-18T10:58:38,0.0,0.0
SPXW,2026-11-03,74,Call,7800.0,SPXW261103C07800000,145.4,146.7,146.05,156.9,0.0,0.0,0.0,751.0,0.1303,0.4466,0.0009,13.6472,-1.2029,6.5538,145.2831,0.0,0.0,0.0,139.549995422363,down,2026-08-20T09:54:24,0.0,0.0
SPXW,2026-11-03,74,Put,7800.0,SPXW261103P07800000,218.2,219.5,218.85,215.1,0.0,0.0,0.0,8.0,0.1302,-0.5533,0.0009,13.6472,-1.2029,-8.9093,219.7531,0.0,0.0,0.0,234.150001525879,up,2026-08-18T12:06:52,0.0,0.0
SPXW,2026-11-03,74,Call,7825.0,SPXW261103C07825000,133.1,134.3,133.7,0.0,0.0,0.0,0.0,0.0,0.1288,0.4241,0.0009,13.5282,-1.1776,6.2284,132.9948,0.0,0.0,0.0,127.550003051758,no_change,,0.0,0.0
SPXW,2026-11-03,74,Put,7825.0,SPXW261103P07825000,230.7,232.0,231.35,0.0,0.0,0.0,0.0,0.0,0.1287,-0.5757,0.0009,13.5282,-1.1776,-9.2843,232.2448,0.0,0.0,0.0,246.950004577637,no_change,,0.0,0.0
SPXW,2026-11-03,74,Call,7850.0,SPXW261103C07850000,121.4,122.7,122.05000000000001,149.4,0.0,0.0,0.0,1.0,0.1274,0.4015,0.0009,13.3694,-1.1491,5.9066,121.3895,0.0,0.0,0.0,116.200000762939,up,2026-08-19T14:31:11,0.0,0.0
SPXW,2026-11-03,74,Put,7850.0,SPXW261103P07850000,243.8,245.1,244.45,0.0,0.0,0.0,0.0,0.0,0.1273,-0.5984,0.0009,13.3694,-1.1491,-9.6556,245.4194,0.0,0.0,0.0,260.300003051758,no_change,,0.0,0.0
SPXW,2026-11-03,74,Call,7875.0,SPXW261103C07875000,110.5,111.7,111.1,0.0,0.0,0.0,0.0,0.0,0.126,0.3789,0.0009,13.1677,-1.1179,5.5809,110.4672,0.0,0.0,0.0,105.5,no_change,,0.0,0.0
SPXW,2026-11-03,74,Put,7875.0,SPXW261103P07875000,257.7,258.9,258.29999999999995,228.0,0.0,0.0,0.0,8.0,0.1259,-0.621,0.0009,13.1677,-1.1179,-10.0308,259.277,0.0,0.0,0.0,274.449996948242,up,2026-08-17T14:37:43,0.0,0.0
SPXW,2026-11-03,74,Call,7900.0,SPXW261103C07900000,100.1,101.4,100.75,98.55,0.0,0.0,0.0,2.0,0.1247,0.3563,0.0009,12.9187,-1.0839,5.2503,100.2382,0.0,0.0,0.0,95.5,down,2026-08-20T15:15:28,0.0,0.0
SPXW,2026-11-03,74,Put,7900.0,SPXW261103P07900000,272.2,273.5,272.85,0.0,0.0,0.0,0.0,0.0,0.1246,-0.6436,0.0009,12.9187,-1.0839,-10.4109,273.828,0.0,0.0,0.0,289.199996948242,no_change,,0.0,0.0
SPXW,2026-11-03,74,Call,7925.0,SPXW261103C07925000,90.6,91.8,91.19999999999999,89.05,0.0,0.0,0.0,1.0,0.1235,0.334,0.0008,12.6328,-1.0474,4.9288,90.6936,0.0,0.0,0.0,86.1499977111816,down,2026-08-20T15:15:28,0.0,0.0
SPXW,2026-11-03,74,Put,7925.0,SPXW261103P07925000,287.4,288.6,288.0,0.0,0.0,0.0,0.0,0.0,0.1234,-0.6659,0.0008,12.6328,-1.0474,-10.7819,289.0632,0.0,0.0,0.0,304.699996948242,no_change,,0.0,0.0
SPXW,2026-11-03,74,Call,7950.0,SPXW261103C07950000,81.6,82.9,82.25,0.0,0.0,0.0,0.0,0.0,0.1223,0.312,0.0008,12.3095,-1.0086,4.6093,81.8154,0.0,0.0,0.0,77.5499992370606,no_change,,0.0,0.0
SPXW,2026-11-03,74,Put,7950.0,SPXW261103P07950000,303.2,304.5,303.85,256.1,0.0,0.0,0.0,7.0,0.1223,-0.6879,0.0008,12.3095,-1.0086,-11.1509,304.965,0.0,0.0,0.0,320.949996948242,up,2026-08-17T09:34:51,0.0,0.0
SPXW,2026-11-03,74,Call,7975.0,SPXW261103C07975000,73.4,74.6,74.0,0.0,0.0,0.0,0.0,0.0,0.1213,0.2905,0.0008,11.9425,-0.9677,4.2909,73.5972,0.0,0.0,0.0,69.5499992370606,no_change,,0.0,0.0
SPXW,2026-11-03,74,Put,7975.0,SPXW261103P07975000,318.4,322.9,320.65,0.0,0.0,0.0,0.0,0.0,0.1215,-0.7094,0.0008,11.9425,-0.9677,-11.5189,321.5268,0.0,0.0,0.0,337.75,no_change,,0.0,0.0
SPXW,2026-11-03,74,Call,8000.0,SPXW261103C08000000,65.8,67.0,66.4,0.0,0.0,0.0,0.0,0.0,0.1203,0.2695,0.0008,11.547,-0.9251,3.9867,66.0147,0.0,0.0,0.0,62.2000007629394,no_change,,0.0,0.0
SPXW,2026-11-03,74,Put,8000.0,SPXW261103P08000000,334.9,341.4,338.15,0.0,0.0,0.0,0.0,0.0,0.1208,-0.7304,0.0008,11.547,-0.9251,-11.8726,338.7242,0.0,0.0,0.0,355.149993896484,no_change,,0.0,0.0
SPXW,2026-11-03,74,Call,8025.0,SPXW261103C08025000,58.8,60.0,59.4,60.87,5.37,9.67568,2.0,0.0,0.1195,0.2492,0.0008,11.1246,-0.8811,3.6885,59.0391,58.65,60.87,58.65,55.5,up,2026-08-21T15:37:26,0.0,0.0
SPXW,2026-11-03,74,Put,8025.0,SPXW261103P08025000,352.6,358.7,355.65,0.0,0.0,0.0,0.0,0.0,0.1198,-0.7507,0.0008,11.1246,-0.8811,-12.2203,356.5286,0.0,0.0,0.0,373.150009155273,no_change,,0.0,0.0
SPXW,2026-11-03,74,Call,8050.0,SPXW261103C08050000,52.3,53.5,52.9,59.43,0.0,0.0,0.0,4.0,0.1186,0.2296,0.0007,10.6683,-0.836,3.3975,52.6536,0.0,0.0,0.0,49.2999992370606,down,2026-08-20T09:54:32,0.0,0.0
SPXW,2026-11-03,74,Put,8050.0,SPXW261103P08050000,371.0,377.2,374.1,0.0,0.0,0.0,0.0,0.0,0.1191,-0.7703,0.0007,10.6683,-0.836,-12.5608,374.9231,0.0,0.0,0.0,391.799987792969,no_change,,0.0,0.0
SPXW,2026-11-03,74,Call,8075.0,SPXW261103C08075000,46.5,47.7,47.1,62.01,0.0,0.0,0.0,1.0,0.1179,0.2109,0.0007,10.1964,-0.7902,3.1242,46.8248,0.0,0.0,0.0,43.7000007629394,up,2026-08-19T15:32:51,0.0,0.0
SPXW,2026-11-03,74,Put,8075.0,SPXW261103P08075000,389.7,396.1,392.9,327.1,0.0,0.0,0.0,3.0,0.1184,-0.789,0.0007,10.1964,-0.7902,-12.8836,393.8742,0.0,0.0,0.0,411.0,up,2026-08-17T09:55:02,0.0,0.0
SPXW,2026-11-03,74,Call,8100.0,SPXW261103C08100000,41.3,42.4,41.849999999999994,47.18,0.0,0.0,0.0,3.0,0.1172,0.193,0.0007,9.7103,-0.744,2.8591,41.5215,0.0,0.0,0.0,38.5999984741211,down,2026-08-20T09:54:32,0.0,0.0
SPXW,2026-11-03,74,Put,8100.0,SPXW261103P08100000,409.2,415.7,412.45,0.0,0.0,0.0,0.0,0.0,0.1177,-0.8069,0.0007,9.7103,-0.744,-13.1983,413.3508,0.0,0.0,0.0,430.75,no_change,,0.0,0.0
SPXW,2026-11-03,74,Call,8200.0,SPXW261103C08200000,24.8,25.7,25.25,0.0,0.0,0.0,0.0,0.0,0.1149,0.1309,0.0005,7.6751,-0.5634,1.9398,25.0059,0.0,0.0,0.0,22.8999996185303,no_change,,0.0,0.0
SPXW,2026-11-03,74,Put,8200.0,SPXW261103P08200000,492.0,498.5,495.25,0.0,0.0,0.0,0.0,0.0,0.1156,-0.8689,0.0005,7.6751,-0.5634,-14.3157,495.955,0.0,0.0,0.0,514.199996948242,no_change,,0.0,0.0
SPXW,2026-11-03,74,Call,8300.0,SPXW261103C08300000,14.3,15.0,14.65,0.0,0.0,0.0,0.0,0.0,0.1133,0.0848,0.0004,5.7414,-0.404,1.2563,14.5441,0.0,0.0,0.0,13.0999999046326,no_change,,0.0,0.0
SPXW,2026-11-03,74,Put,8300.0,SPXW261103P08300000,571.8,595.4,583.5999999999999,0.0,0.0,0.0,0.0,0.0,0.1135,-0.9151,0.0004,5.7414,-0.404,-15.1972,584.613,0.0,0.0,0.0,602.449981689453,no_change,,0.0,0.0
SPXW,2026-11-03,74,Call,8400.0,SPXW261103C08400000,8.0,8.7,8.35,0.0,0.0,0.0,0.0,0.0,0.1128,0.0532,0.0003,4.1159,-0.2788,0.7856,8.33,0.0,0.0,0.0,7.45000004768372,no_change,,0.0,0.0
SPXW,2026-11-03,74,Put,8400.0,SPXW261103P08400000,664.6,688.3,676.45,0.0,0.0,0.0,0.0,0.0,0.1133,-0.9467,0.0003,4.1159,-0.2788,-15.866,677.5186,0.0,0.0,0.0,696.75,no_change,,0.0,0.0
SPXW,2026-11-03,74,Call,8500.0,SPXW261103C08500000,4.6,5.1,4.85,5.3,0.0,0.0,0.0,344.0,0.1136,0.0332,0.0002,2.8884,-0.1902,0.4886,4.8386,0.0,0.0,0.0,4.34999990463257,no_change,2026-08-20T12:36:56,0.0,0.0
SPXW,2026-11-03,74,Put,8500.0,SPXW261103P08500000,761.4,783.9,772.65,0.0,0.0,0.0,0.0,0.0,0.1145,-0.9667,0.0002,2.8884,-0.1902,-16.3611,773.1469,0.0,0.0,0.0,792.600006103516,no_change,,0.0,0.0
SPXW,2026-11-03,74,Call,8600.0,SPXW261103C08600000,2.8,3.1,2.95,0.0,0.0,0.0,0.0,0.0,0.1156,0.0212,0.0001,2.037,-0.132,0.3111,2.9415,0.0,0.0,0.0,2.64999997615814,no_change,,0.0,0.0
SPXW,2026-11-03,74,Put,8600.0,SPXW261103P08600000,857.5,881.2,869.35,0.0,0.0,0.0,0.0,0.0,0.1173,-0.9787,0.0001,2.037,-0.132,-16.7367,870.3696,0.0,0.0,0.0,890.049987792969,no_change,,0.0,0.0
SPXW,2026-11-03,74,Call,8800.0,SPXW261103C08800000,1.2,1.6,1.4,0.0,0.0,0.0,0.0,0.0,0.1227,0.01,0.0001,1.1037,-0.0723,0.1453,1.3301,0.0,0.0,0.0,1.22499996423721,no_change,,0.0,0.0
SPXW,2026-11-03,74,Put,8800.0,SPXW261103P08800000,1054.2,1077.8,1066.0,0.0,0.0,0.0,0.0,0.0,0.1275,-0.9899,0.0001,1.1037,-0.0723,-17.2987,1066.9977,0.0,0.0,0.0,1086.79998779297,no_change,,0.0,0.0
SPXW,2026-11-03,74,Call,9000.0,SPXW261103C09000000,0.65,0.95,0.8,0.0,0.0,0.0,0.0,0.0,0.1318,0.0056,0.0,0.6815,-0.0469,0.0818,0.761,0.0,0.0,0.0,0.724999994039536,no_change,,0.0,0.0
SPXW,2026-11-03,74,Put,9000.0,SPXW261103P09000000,1251.9,1275.5,1263.7,0.0,0.0,0.0,0.0,0.0,0.1414,-0.9942,0.0,0.6815,-0.0469,-17.7583,1264.6681,0.0,0.0,0.0,1283.90002441406,no_change,,0.0,0.0
SPXW,2026-11-03,74,Call,9200.0,SPXW261103C09200000,0.35,0.65,0.5,0.0,0.0,0.0,0.0,0.0,0.1424,0.0036,0.0,0.4632,-0.0339,0.0524,0.5045,0.0,0.0,0.0,0.475000008940697,no_change,,0.0,0.0
SPXW,2026-11-03,74,Put,9200.0,SPXW261103P09200000,1450.0,1473.6,1461.8,0.0,0.0,0.0,0.0,0.0,0.1556,-0.9962,0.0,0.4632,-0.0339,-18.1839,1462.6512,0.0,0.0,0.0,1482.15002441406,no_change,,0.0,0.0
SPXW,2026-11-03,74,Call,9400.0,SPXW261103C09400000,0.2,0.5,0.35,0.3,0.0,0.0,0.0,1.0,0.1528,0.0025,0.0,0.336,-0.0263,0.0366,0.366,0.0,0.0,0.0,0.324999995529652,down,2026-08-19T09:51:11,0.0,0.0
SPXW,2026-11-03,74,Put,9400.0,SPXW261103P09400000,1648.3,1671.8,1660.05,0.0,0.0,0.0,0.0,0.0,0.1716,-0.9973,0.0,0.336,-0.0263,-18.5959,1660.7522,0.0,0.0,0.0,1680.34997558594,no_change,,0.0,0.0
SPXW,2026-11-03,74,Call,9600.0,SPXW261103C09600000,0.15,0.4,0.275,0.26,0.0,0.0,0.0,1.0,0.1639,0.0019,0.0,0.2545,-0.0212,0.0268,0.2804,0.0,0.0,0.0,0.25,down,2026-08-19T09:45:02,0.0,0.0
SPXW,2026-11-03,74,Put,9600.0,SPXW261103P09600000,1846.6,1870.0,1858.3,0.0,0.0,0.0,0.0,0.0,0.1888,-0.998,0.0,0.2545,-0.0212,-19.0018,1858.9061,0.0,0.0,0.0,1878.60003662109,no_change,,0.0,0.0
SPXW,2026-11-03,74,Call,9800.0,SPXW261103C09800000,0.1,0.35,0.22499999999999998,0.0,0.0,0.0,0.0,0.0,0.1749,0.0014,0.0,0.1985,-0.0176,0.0204,0.2221,0.0,0.0,0.0,0.200000006705523,no_change,,0.0,0.0
SPXW,2026-11-03,74,Put,9800.0,SPXW261103P09800000,2044.9,2068.7,2056.8,0.0,0.0,0.0,0.0,0.0,0.2056,-0.9984,0.0,0.1985,-0.0176,-19.4044,2057.0873,0.0,0.0,0.0,2076.69995117188,no_change,,0.0,0.0
SPXW,2026-11-03,74,Call,10000.0,SPXW261103C10000000,0.05,0.3,0.175,0.0,0.0,0.0,0.0,0.0,0.1865,0.0011,0.0,0.1579,-0.0148,0.0159,0.1795,0.0,0.0,0.0,0.150000000372529,no_change,,0.0,0.0
SPXW,2026-11-03,74,Put,10000.0,SPXW261103P10000000,2243.1,2266.5,2254.8,0.0,0.0,0.0,0.0,0.0,0.222,-0.9988,0.0,0.1579,-0.0148,-19.8051,2255.2843,0.0,0.0,0.0,2275.09997558594,no_change,,0.0,0.0
SPXW,2026-11-04,75,Call,3200.0,SPXW261104C03200000,4477.9,4501.4,4489.65,0.0,0.0,0.0,0.0,0.0,0.7759,0.9988,0.0,0.1307,-0.0535,6.4195,4485.9724,0.0,0.0,0.0,4466.89990234375,no_change,,0.0,0.0
SPXW,2026-11-04,75,Put,3200.0,SPXW261104P03200000,0.6,0.85,0.725,0.0,0.0,0.0,0.0,0.0,0.6658,-0.0011,0.0,0.1305,-0.0534,-0.0179,0.7257,0.0,0.0,0.0,0.799999982118606,no_change,,0.0,0.0
SPXW,2026-11-04,75,Call,3400.0,SPXW261104C03400000,4279.8,4303.2,4291.5,0.0,0.0,0.0,0.0,0.0,0.7286,0.9985,0.0,0.1616,-0.0628,6.8164,4287.9136,0.0,0.0,0.0,4268.89990234375,no_change,,0.0,0.0
SPXW,2026-11-04,75,Put,3400.0,SPXW261104P03400000,0.8,1.0,0.9,0.95,-0.075,-7.31707,2.0,0.0,0.6365,-0.0014,0.0,0.1614,-0.0627,-0.0225,0.882,0.95,0.95,0.95,1.02499997615814,down,2026-08-21T15:26:52,0.0,0.0
SPXW,2026-11-04,75,Call,3600.0,SPXW261104C03600000,4081.8,4105.1,4093.4500000000003,0.0,0.0,0.0,0.0,0.0,0.6838,0.9981,0.0,0.201,-0.0747,7.2119,4089.9043,0.0,0.0,0.0,4070.75,no_change,,0.0,0.0
SPXW,2026-11-04,75,Put,3600.0,SPXW261104P03600000,1.0,1.25,1.125,0.0,0.0,0.0,0.0,0.0,0.6058,-0.0018,0.0,0.2007,-0.0746,-0.0285,1.0878,0.0,0.0,0.0,1.27499997615814,no_change,,0.0,0.0
SPXW,2026-11-04,75,Call,3800.0,SPXW261104C03800000,3883.8,3907.4,3895.6000000000004,0.0,0.0,0.0,0.0,0.0,0.6432,0.9976,0.0,0.252,-0.0892,7.6056,3891.9543,0.0,0.0,0.0,3872.94995117188,no_change,,0.0,0.0
SPXW,2026-11-04,75,Put,3800.0,SPXW261104P03800000,1.25,1.55,1.4,0.0,0.0,0.0,0.0,0.0,0.5789,-0.0023,0.0,0.2518,-0.0891,-0.0364,1.3529,0.0,0.0,0.0,1.60000002384186,no_change,,0.0,0.0
SPXW,2026-11-04,75,Call,4000.0,SPXW261104C04000000,3685.8,3709.4,3697.6000000000004,0.0,0.0,0.0,0.0,0.0,0.6042,0.997,0.0,0.3156,-0.1068,7.9968,3694.0753,0.0,0.0,0.0,3675.65002441406,no_change,,0.0,0.0
SPXW,2026-11-04,75,Put,4000.0,SPXW261104P04000000,1.6,1.85,1.725,2.05,0.0,0.0,0.0,2.0,0.5513,-0.0029,0.0,0.3154,-0.1067,-0.0467,1.6891,0.0,0.0,0.0,2.00000005960464,no_change,2026-08-18T16:05:09,0.0,0.0
SPXW,2026-11-04,75,Call,4200.0,SPXW261104C04200000,3488.0,3511.5,3499.75,0.0,0.0,0.0,0.0,0.0,0.5682,0.9962,0.0,0.3944,-0.1275,8.3854,3496.2777,0.0,0.0,0.0,3477.19995117188,no_change,,0.0,0.0
SPXW,2026-11-04,75,Put,4200.0,SPXW261104P04200000,2.0,2.3,2.15,0.0,0.0,0.0,0.0,0.0,0.5248,-0.0037,0.0,0.3942,-0.1274,-0.0596,2.1067,0.0,0.0,0.0,2.44999992847443,no_change,,0.0,0.0
SPXW,2026-11-04,75,Call,4400.0,SPXW261104C04400000,3290.1,3313.4,3301.75,0.0,0.0,0.0,0.0,0.0,0.5346,0.9951,0.0,0.4917,-0.1514,8.7703,3298.575,0.0,0.0,0.0,3279.70007324219,no_change,,0.0,0.0
SPXW,2026-11-04,75,Put,4400.0,SPXW261104P04400000,2.5,2.8,2.65,3.2,0.0,0.0,0.0,6.0,0.4998,-0.0047,0.0,0.4915,-0.1514,-0.0763,2.6192,0.0,0.0,0.0,3.02499997615814,up,2026-08-18T15:59:44,0.0,0.0
SPXW,2026-11-04,75,Call,4600.0,SPXW261104C04600000,3092.4,3116.0,3104.2,0.0,0.0,0.0,0.0,0.0,0.5016,0.9938,0.0,0.6084,-0.1788,9.1514,3100.9819,0.0,0.0,0.0,3082.0,no_change,,0.0,0.0
SPXW,2026-11-04,75,Put,4600.0,SPXW261104P04600000,3.1,3.4,3.25,3.85,0.0,0.0,0.0,6.0,0.4747,-0.006,0.0,0.6082,-0.1788,-0.0968,3.2413,0.0,0.0,0.0,3.70000004768372,up,2026-08-18T15:59:44,0.0,0.0
SPXW,2026-11-04,75,Call,4800.0,SPXW261104C04800000,2894.8,2918.1,2906.45,0.0,0.0,0.0,0.0,0.0,0.4714,0.9922,0.0,0.7518,-0.2097,9.527,2903.5157,0.0,0.0,0.0,2884.75,no_change,,0.0,0.0
SPXW,2026-11-04,75,Put,4800.0,SPXW261104P04800000,3.8,4.2,4.0,0.0,0.0,0.0,0.0,0.0,0.4505,-0.0076,0.0,0.7516,-0.2096,-0.1227,3.9904,0.0,0.0,0.0,4.55000019073486,no_change,,0.0,0.0
SPXW,2026-11-04,75,Call,5000.0,SPXW261104C05000000,2700.3,2721.2,2710.75,0.0,0.0,0.0,0.0,0.0,0.443,0.9902,0.0,0.9221,-0.2445,9.8964,2706.2028,0.0,0.0,0.0,2687.65002441406,no_change,,0.0,0.0
SPXW,2026-11-04,75,Put,5000.0,SPXW261104P05000000,4.7,5.1,4.9,4.8,-0.75,-13.5135,2.0,5.0,0.4259,-0.0096,0.0,0.922,-0.2444,-0.1549,4.8927,4.8,4.8,4.8,5.55000019073486,no_change,2026-08-21T12:21:37,0.0,0.0
SPXW,2026-11-04,75,Call,5200.0,SPXW261104C05200000,2503.2,2524.0,2513.6,0.0,0.0,0.0,0.0,0.0,0.4159,0.9877,0.0,1.131,-0.2834,10.2575,2509.0739,0.0,0.0,0.0,2490.5,no_change,,0.0,0.0
SPXW,2026-11-04,75,Put,5200.0,SPXW261104P05200000,5.7,6.1,5.9,0.0,0.0,0.0,0.0,0.0,0.4024,-0.0121,0.0,1.1308,-0.2833,-0.1953,5.9789,0.0,0.0,0.0,6.75,no_change,,0.0,0.0
SPXW,2026-11-04,75,Call,5400.0,SPXW261104C05400000,2303.1,2326.5,2314.8,0.0,0.0,0.0,0.0,0.0,0.3895,0.9846,0.0,1.3818,-0.3272,10.6079,2312.1811,0.0,0.0,0.0,2293.90002441406,no_change,,0.0,0.0
SPXW,2026-11-04,75,Put,5400.0,SPXW261104P05400000,7.0,7.5,7.25,0.0,0.0,0.0,0.0,0.0,0.3792,-0.0153,0.0,1.3817,-0.3271,-0.2464,7.3013,0.0,0.0,0.0,8.25,no_change,,0.0,0.0
SPXW,2026-11-04,75,Call,5600.0,SPXW261104C05600000,2106.5,2130.3,2118.4,0.0,0.0,0.0,0.0,0.0,0.3638,0.9805,0.0,1.6918,-0.3767,10.9444,2115.591,0.0,0.0,0.0,2097.39990234375,no_change,,0.0,0.0
SPXW,2026-11-04,75,Put,5600.0,SPXW261104P05600000,8.7,9.1,8.899999999999999,9.56,0.0,0.0,0.0,1.0,0.3558,-0.0194,0.0,1.6917,-0.3766,-0.3115,8.9265,0.0,0.0,0.0,10.1999998092651,up,2026-08-17T13:20:46,0.0,0.0
SPXW,2026-11-04,75,Call,5800.0,SPXW261104C05800000,1910.1,1933.5,1921.8,0.0,0.0,0.0,0.0,0.0,0.339,0.9752,0.0,2.0714,-0.4332,11.2612,1919.4144,0.0,0.0,0.0,1901.59997558594,no_change,,0.0,0.0
SPXW,2026-11-04,75,Put,5800.0,SPXW261104P05800000,10.7,11.2,10.95,0.0,0.0,0.0,0.0,0.0,0.3331,-0.0246,0.0,2.0711,-0.4332,-0.3962,10.9644,0.0,0.0,0.0,12.5,no_change,,0.0,0.0
SPXW,2026-11-04,75,Call,6000.0,SPXW261104C06000000,1714.6,1738.3,1726.4499999999998,0.0,0.0,0.0,0.0,0.0,0.3151,0.9683,0.0001,2.5504,-0.4985,11.5508,1723.8037,0.0,0.0,0.0,1706.25,no_change,,0.0,0.0
SPXW,2026-11-04,75,Put,6000.0,SPXW261104P06000000,13.3,13.9,13.600000000000001,0.0,0.0,0.0,0.0,0.0,0.311,-0.0316,0.0001,2.5502,-0.4985,-0.5081,13.5695,0.0,0.0,0.0,15.5499997138977,no_change,,0.0,0.0
SPXW,2026-11-04,75,Call,6200.0,SPXW261104C06200000,1519.7,1543.4,1531.5500000000002,0.0,0.0,0.0,0.0,0.0,0.2918,0.9589,0.0001,3.1482,-0.5746,11.8025,1529.0035,0.0,0.0,0.0,1511.90002441406,no_change,,0.0,0.0
SPXW,2026-11-04,75,Put,6200.0,SPXW261104P06200000,16.7,17.3,17.0,0.0,0.0,0.0,0.0,1.0,0.2888,-0.041,0.0001,3.1485,-0.5747,-0.6581,16.988,0.0,0.0,0.0,19.3999996185303,no_change,,0.0,0.0
SPXW,2026-11-04,75,Call,6300.0,SPXW261104C06300000,1422.3,1445.9,1434.1,0.0,0.0,0.0,0.0,0.0,0.2803,0.953,0.0001,3.5107,-0.6173,11.9078,1432.0098,0.0,0.0,0.0,1415.15002441406,no_change,,0.0,0.0
SPXW,2026-11-04,75,Put,6300.0,SPXW261104P06300000,18.8,19.5,19.15,0.0,0.0,0.0,0.0,0.0,0.2778,-0.0469,0.0001,3.511,-0.6175,-0.7536,19.1035,0.0,0.0,0.0,21.8000001907349,no_change,,0.0,0.0
SPXW,2026-11-04,75,Call,6400.0,SPXW261104C06400000,1326.0,1349.5,1337.75,0.0,0.0,0.0,0.0,0.0,0.2691,0.9461,0.0001,3.9136,-0.6636,11.9964,1335.3681,0.0,0.0,0.0,1318.79998779297,no_change,,0.0,0.0
SPXW,2026-11-04,75,Put,6400.0,SPXW261104P06400000,21.3,21.9,21.6,21.72,-2.93,-11.8864,2.0,1.0,0.267,-0.0538,0.0001,3.9136,-0.6636,-0.8657,21.565,21.72,21.72,21.72,24.6500005722046,down,2026-08-21T14:10:01,0.0,0.0
SPXW,2026-11-04,75,Call,6500.0,SPXW261104C06500000,1229.7,1253.2,1241.45,0.0,0.0,0.0,0.0,0.0,0.258,0.9379,0.0001,4.3703,-0.7135,12.0663,1239.1449,0.0,0.0,0.0,1223.60003662109,no_change,,0.0,0.0
SPXW,2026-11-04,75,Put,6500.0,SPXW261104P06500000,24.0,24.9,24.45,24.57,-3.28,-11.7774,2.0,2.0,0.2562,-0.062,0.0001,4.3705,-0.7137,-0.9966,24.4549,24.57,24.57,24.57,27.8499994277954,down,2026-08-21T14:10:01,0.0,0.0
SPXW,2026-11-04,75,Call,6600.0,SPXW261104C06600000,1136.2,1157.5,1146.85,0.0,0.0,0.0,0.0,0.0,0.247,0.9281,0.0002,4.89,-0.7671,12.1086,1143.433,0.0,0.0,0.0,1127.59997558594,no_change,,0.0,0.0
SPXW,2026-11-04,75,Put,6600.0,SPXW261104P06600000,27.4,28.3,27.85,0.0,0.0,0.0,0.0,0.0,0.2458,-0.0717,0.0002,4.8903,-0.7673,-1.1552,27.8532,0.0,0.0,0.0,31.6500005722046,no_change,,0.0,0.0
SPXW,2026-11-04,75,Call,6700.0,SPXW261104C06700000,1042.8,1062.3,1052.55,0.0,0.0,0.0,0.0,0.0,0.2362,0.9165,0.0002,5.4662,-0.8244,12.1234,1048.345,0.0,0.0,0.0,1032.95001220703,no_change,,0.0,0.0
SPXW,2026-11-04,75,Put,6700.0,SPXW261104P06700000,31.4,32.3,31.849999999999998,34.18,0.0,0.0,0.0,1.0,0.2352,-0.0833,0.0002,5.4666,-0.8246,-1.3412,31.8759,0.0,0.0,0.0,36.0999984741211,up,2026-08-20T09:57:31,0.0,0.0
SPXW,2026-11-04,75,Call,6725.0,SPXW261104C06725000,1019.1,1038.6,1028.85,0.0,0.0,0.0,0.0,0.0,0.2334,0.9133,0.0002,5.6229,-0.8392,12.1218,1024.6841,0.0,0.0,0.0,1009.39999389648,no_change,,0.0,0.0
SPXW,2026-11-04,75,Put,6725.0,SPXW261104P06725000,32.5,33.4,32.95,35.33,0.0,0.0,0.0,1.0,0.2325,-0.0866,0.0002,5.6229,-0.8392,-1.3928,32.9806,0.0,0.0,0.0,37.3500003814697,up,2026-08-20T09:57:31,0.0,0.0
SPXW,2026-11-04,75,Call,6750.0,SPXW261104C06750000,995.7,1015.0,1005.35,1019.34,0.0,0.0,0.0,1.0,0.2308,0.9099,0.0002,5.7852,-0.8542,12.1173,1001.0728,0.0,0.0,0.0,986.299987792969,down,2026-08-20T09:53:25,0.0,0.0
SPXW,2026-11-04,75,Put,6750.0,SPXW261104P06750000,33.7,34.6,34.150000000000006,0.0,0.0,0.0,0.0,0.0,0.2299,-0.09,0.0002,5.7852,-0.8542,-1.4475,34.1461,0.0,0.0,0.0,38.6499996185303,no_change,,0.0,0.0
SPXW,2026-11-04,75,Call,6775.0,SPXW261104C06775000,970.2,991.4,980.8,995.67,0.0,0.0,0.0,1.0,0.2283,0.9063,0.0002,5.9524,-0.8695,12.1097,977.5143,0.0,0.0,0.0,962.100006103516,down,2026-08-20T09:53:25,0.0,0.0
SPXW,2026-11-04,75,Put,6775.0,SPXW261104P06775000,34.9,35.8,35.349999999999994,0.0,0.0,0.0,0.0,0.0,0.2272,-0.0935,0.0002,5.9524,-0.8695,-1.5053,35.3645,0.0,0.0,0.0,40.1000003814697,no_change,,0.0,0.0
SPXW,2026-11-04,75,Call,6800.0,SPXW261104C06800000,948.4,967.9,958.15,0.0,0.0,0.0,0.0,0.0,0.2255,0.9026,0.0002,6.1237,-0.8849,12.0991,954.0119,0.0,0.0,0.0,938.699981689453,no_change,,0.0,0.0
SPXW,2026-11-04,75,Put,6800.0,SPXW261104P06800000,36.0,37.1,36.55,36.71,0.0,0.0,0.0,22.0,0.2247,-0.0972,0.0002,6.1237,-0.8849,-1.5661,36.6389,0.0,0.0,0.0,41.5,up,2026-08-19T11:47:24,0.0,0.0
SPXW,2026-11-04,75,Call,6825.0,SPXW261104C06825000,927.6,935.1,931.35,0.0,0.0,0.0,0.0,0.0,0.2218,0.8988,0.0002,6.2985,-0.9005,12.0859,930.5686,0.0,0.0,0.0,915.399993896484,no_change,,0.0,0.0
SPXW,2026-11-04,75,Put,6825.0,SPXW261104P06825000,37.5,38.5,38.0,0.0,0.0,0.0,0.0,0.0,0.222,-0.1011,0.0002,6.2985,-0.9005,-1.6295,37.9726,0.0,0.0,0.0,43.0,no_change,,0.0,0.0
SPXW,2026-11-04,75,Call,6850.0,SPXW261104C06850000,904.3,911.7,908.0,0.0,0.0,0.0,0.0,0.0,0.2191,0.8947,0.0002,6.4766,-0.9162,12.0702,907.1875,0.0,0.0,0.0,892.149993896484,no_change,,0.0,0.0
SPXW,2026-11-04,75,Put,6850.0,SPXW261104P06850000,38.7,39.9,39.3,0.0,0.0,0.0,0.0,0.0,0.2194,-0.1052,0.0002,6.4766,-0.9162,-1.6954,39.3683,0.0,0.0,0.0,44.5,no_change,,0.0,0.0
SPXW,2026-11-04,75,Call,6875.0,SPXW261104C06875000,881.0,888.3,884.65,0.0,0.0,0.0,0.0,0.0,0.2163,0.8904,0.0002,6.6591,-0.9321,12.052,883.8712,0.0,0.0,0.0,869.0,no_change,,0.0,0.0
SPXW,2026-11-04,75,Put,6875.0,SPXW261104P06875000,40.3,41.3,40.8,0.0,0.0,0.0,0.0,0.0,0.2169,-0.1094,0.0002,6.6591,-0.9321,-1.7638,40.829,0.0,0.0,0.0,46.2000007629394,no_change,,0.0,0.0
SPXW,2026-11-04,75,Call,6900.0,SPXW261104C06900000,857.7,865.1,861.4000000000001,0.0,0.0,0.0,0.0,0.0,0.2136,0.8859,0.0003,6.8472,-0.9482,12.0309,860.6232,0.0,0.0,0.0,845.900024414062,no_change,,0.0,0.0
SPXW,2026-11-04,75,Put,6900.0,SPXW261104P06900000,41.8,42.9,42.349999999999994,0.0,0.0,0.0,0.0,0.0,0.2142,-0.1139,0.0003,6.8472,-0.9482,-1.835,42.3578,0.0,0.0,0.0,47.8500003814697,no_change,,0.0,0.0
SPXW,2026-11-04,75,Call,6925.0,SPXW261104C06925000,835.2,841.9,838.55,0.0,0.0,0.0,0.0,0.0,0.2112,0.8812,0.0003,7.0419,-0.9644,12.0062,837.4472,0.0,0.0,0.0,822.950012207031,no_change,,0.0,0.0
SPXW,2026-11-04,75,Put,6925.0,SPXW261104P06925000,43.4,44.4,43.9,0.0,0.0,0.0,0.0,0.0,0.2117,-0.1186,0.0003,7.0419,-0.9644,-1.91,43.9587,0.0,0.0,0.0,49.6499996185303,no_change,,0.0,0.0
SPXW,2026-11-04,75,Call,6950.0,SPXW261104C06950000,811.6,818.8,815.2,0.0,0.0,0.0,0.0,0.0,0.2085,0.8763,0.0003,7.2434,-0.9806,11.977,814.3484,0.0,0.0,0.0,800.0,no_change,,0.0,0.0
SPXW,2026-11-04,75,Put,6950.0,SPXW261104P06950000,45.1,46.2,45.650000000000006,45.7,-5.8,-11.2621,1.0,22.0,0.2091,-0.1235,0.0003,7.2434,-0.9806,-1.9893,45.6368,45.7,45.7,45.7,51.5,down,2026-08-21T12:09:46,0.0,0.0
SPXW,2026-11-04,75,Call,6975.0,SPXW261104C06975000,788.6,795.7,792.1500000000001,0.0,0.0,0.0,0.0,0.0,0.2063,0.8712,0.0003,7.4507,-0.997,11.9431,791.3325,0.0,0.0,0.0,777.100006103516,no_change,,0.0,0.0
SPXW,2026-11-04,75,Put,6975.0,SPXW261104P06975000,46.7,47.9,47.3,46.31,0.0,0.0,0.0,10.0,0.2065,-0.1287,0.0003,7.4507,-0.997,-2.0735,47.3978,0.0,0.0,0.0,53.4500007629394,down,2026-08-19T14:02:10,0.0,0.0
SPXW,2026-11-04,75,Call,7000.0,SPXW261104C07000000,765.8,772.8,769.3,0.0,0.0,0.0,0.0,0.0,0.2032,0.8658,0.0003,7.6621,-1.0134,11.9046,768.4057,0.0,0.0,0.0,754.399993896484,no_change,,0.0,0.0
SPXW,2026-11-04,75,Put,7000.0,SPXW261104P07000000,48.7,49.8,49.25,48.51,-6.94,-12.5158,11.0,15.0,0.2039,-0.1341,0.0003,7.6621,-1.0134,-2.1622,49.2479,51.08,51.08,48.5,55.4500007629394,up,2026-08-21T15:41:32,0.0,0.0
SPXW,2026-11-04,75,Call,7025.0,SPXW261104C07025000,742.9,749.9,746.4,0.0,0.0,0.0,0.0,0.0,0.2008,0.8601,0.0003,7.8765,-1.0298,11.8621,745.5736,0.0,0.0,0.0,731.75,no_change,,0.0,0.0
SPXW,2026-11-04,75,Put,7025.0,SPXW261104P07025000,50.5,51.8,51.15,57.66,0.0,0.0,0.0,4.0,0.2014,-0.1398,0.0003,7.8765,-1.0298,-2.2548,51.1927,0.0,0.0,0.0,57.6499996185303,no_change,2026-08-20T16:10:23,0.0,0.0
SPXW,2026-11-04,75,Call,7050.0,SPXW261104C07050000,720.1,727.1,723.6,0.0,0.0,0.0,0.0,0.0,0.1985,0.8541,0.0003,8.0943,-1.0463,11.816,722.8416,0.0,0.0,0.0,709.200012207031,no_change,,0.0,0.0
SPXW,2026-11-04,75,Put,7050.0,SPXW261104P07050000,52.6,53.9,53.25,59.63,0.0,0.0,0.0,43.0,0.1988,-0.1457,0.0003,8.0943,-1.0463,-2.3511,53.2376,0.0,0.0,0.0,59.8999996185303,up,2026-08-20T16:03:02,0.0,0.0
SPXW,2026-11-04,75,Call,7075.0,SPXW261104C07075000,697.5,704.4,700.95,0.0,0.0,0.0,0.0,0.0,0.1959,0.8479,0.0003,8.317,-1.0628,11.766,700.2151,0.0,0.0,0.0,686.799987792969,no_change,,0.0,0.0
SPXW,2026-11-04,75,Put,7075.0,SPXW261104P07075000,54.8,56.0,55.4,59.64,0.0,0.0,0.0,2.0,0.1963,-0.152,0.0003,8.317,-1.0628,-2.4513,55.388,0.0,0.0,0.0,62.2000007629394,down,2026-08-20T12:02:48,0.0,0.0
SPXW,2026-11-04,75,Call,7100.0,SPXW261104C07100000,675.0,681.9,678.45,0.0,0.0,0.0,0.0,0.0,0.1934,0.8413,0.0004,8.5466,-1.0793,11.7108,677.7009,0.0,0.0,0.0,664.450012207031,no_change,,0.0,0.0
SPXW,2026-11-04,75,Put,7100.0,SPXW261104P07100000,56.9,58.2,57.55,62.23,0.0,0.0,0.0,1.0,0.1938,-0.1586,0.0004,8.5466,-1.0793,-2.5567,57.6507,0.0,0.0,0.0,64.6499977111816,up,2026-08-20T12:00:22,0.0,0.0
SPXW,2026-11-04,75,Call,7125.0,SPXW261104C07125000,652.6,659.4,656.0,0.0,0.0,0.0,0.0,0.0,0.1906,0.8344,0.0004,8.7833,-1.0956,11.6489,655.3079,0.0,0.0,0.0,642.25,no_change,,0.0,0.0
SPXW,2026-11-04,75,Put,7125.0,SPXW261104P07125000,59.3,60.6,59.95,0.0,0.0,0.0,0.0,0.0,0.1912,-0.1655,0.0004,8.7833,-1.0956,-2.6688,60.0345,0.0,0.0,0.0,67.25,no_change,,0.0,0.0
SPXW,2026-11-04,75,Call,7150.0,SPXW261104C07150000,630.4,637.1,633.75,0.0,0.0,0.0,0.0,0.0,0.1883,0.8271,0.0004,9.0255,-1.1119,11.5798,633.0462,0.0,0.0,0.0,620.200012207031,no_change,,0.0,0.0
SPXW,2026-11-04,75,Put,7150.0,SPXW261104P07150000,61.8,63.1,62.45,61.79,0.0,0.0,0.0,1.0,0.1887,-0.1728,0.0004,9.0255,-1.1119,-2.788,62.5497,0.0,0.0,0.0,70.0999984741211,up,2026-08-19T14:07:02,0.0,0.0
SPXW,2026-11-04,75,Call,7175.0,SPXW261104C07175000,608.3,615.0,611.65,0.0,0.0,0.0,0.0,0.0,0.1858,0.8194,0.0004,9.2704,-1.128,11.5043,610.9262,0.0,0.0,0.0,598.299987792969,no_change,,0.0,0.0
SPXW,2026-11-04,75,Put,7175.0,SPXW261104P07175000,64.5,65.7,65.1,68.87,0.0,0.0,0.0,1.0,0.1862,-0.1804,0.0004,9.2704,-1.128,-2.9138,65.2067,0.0,0.0,0.0,72.9500007629394,up,2026-08-20T11:10:21,0.0,0.0
SPXW,2026-11-04,75,Call,7200.0,SPXW261104C07200000,586.3,592.9,589.5999999999999,0.0,0.0,0.0,0.0,0.0,0.1832,0.8114,0.0004,9.5163,-1.144,11.4234,588.9576,0.0,0.0,0.0,576.550018310547,no_change,,0.0,0.0
SPXW,2026-11-04,75,Put,7200.0,SPXW261104P07200000,67.3,68.6,67.94999999999999,67.2,-8.75,-11.5207,5.0,0.0,0.1837,-0.1885,0.0004,9.5163,-1.144,-3.0449,68.0149,67.2,67.2,67.2,75.9500007629394,down,2026-08-21T14:57:15,0.0,0.0
SPXW,2026-11-04,75,Call,7225.0,SPXW261104C07225000,564.5,571.1,567.8,576.73,21.78,3.92468,8.0,0.0,0.1807,0.8029,0.0004,9.7645,-1.1596,11.3373,567.1491,584.66,584.66,571.75,554.949981689453,down,2026-08-21T15:48:59,0.0,0.0
SPXW,2026-11-04,75,Put,7225.0,SPXW261104P07225000,70.2,71.6,70.9,0.0,0.0,0.0,0.0,0.0,0.1812,-0.197,0.0004,9.7645,-1.1596,-3.1811,70.9833,0.0,0.0,0.0,79.25,no_change,,0.0,0.0
SPXW,2026-11-04,75,Call,7250.0,SPXW261104C07250000,542.9,549.4,546.15,555.4,21.85,4.09521,1.0,0.0,0.1783,0.794,0.0005,10.0175,-1.175,11.2445,545.511,555.4,555.4,555.4,533.550018310547,up,2026-08-21T12:09:46,0.0,0.0
SPXW,2026-11-04,75,Put,7250.0,SPXW261104P07250000,73.3,74.7,74.0,73.1,-9.4,-11.3939,5.0,0.0,0.1787,-0.2059,0.0005,10.0175,-1.175,-3.3242,74.1221,73.1,73.1,73.1,82.5,down,2026-08-21T14:58:08,0.0,0.0
SPXW,2026-11-04,75,Call,7275.0,SPXW261104C07275000,521.8,527.9,524.8499999999999,0.0,0.0,0.0,0.0,0.0,0.1758,0.7846,0.0005,10.2763,-1.19,11.1424,524.0565,0.0,0.0,0.0,512.300018310547,no_change,,0.0,0.0
SPXW,2026-11-04,75,Put,7275.0,SPXW261104P07275000,76.6,77.9,77.25,76.8,-9.3,-10.8014,19.0,0.0,0.1762,-0.2153,0.0005,10.2763,-1.19,-3.4764,77.4445,76.4,76.8,76.4,86.0999984741211,up,2026-08-21T12:26:20,0.0,0.0
SPXW,2026-11-04,75,Call,7300.0,SPXW261104C07300000,500.5,506.6,503.55,512.65,21.4,4.35623,1.0,0.0,0.1734,0.7747,0.0005,10.5382,-1.2046,11.0302,502.8017,512.65,512.65,512.65,491.25,up,2026-08-21T12:09:46,0.0,0.0
SPXW,2026-11-04,75,Put,7300.0,SPXW261104P07300000,80.1,81.4,80.75,78.75,0.0,0.0,0.0,1.0,0.1738,-0.2251,0.0005,10.5382,-1.2046,-3.6389,80.9666,0.0,0.0,0.0,89.8499984741211,up,2026-08-19T14:07:02,0.0,0.0
SPXW,2026-11-04,75,Call,7325.0,SPXW261104C07325000,479.5,485.5,482.5,0.0,0.0,0.0,0.0,0.0,0.1708,0.7643,0.0005,10.7988,-1.2186,10.9094,481.7624,0.0,0.0,0.0,470.5,no_change,,0.0,0.0
SPXW,2026-11-04,75,Put,7325.0,SPXW261104P07325000,83.8,85.3,84.55,0.0,0.0,0.0,0.0,0.0,0.1713,-0.2355,0.0005,10.7988,-1.2186,-3.8098,84.7042,0.0,0.0,0.0,93.8499984741211,no_change,,0.0,0.0
SPXW,2026-11-04,75,Call,7350.0,SPXW261104C07350000,458.7,464.6,461.65,0.0,0.0,0.0,0.0,0.0,0.1685,0.7534,0.0005,11.0564,-1.232,10.7822,460.9522,0.0,0.0,0.0,449.899993896484,no_change,,0.0,0.0
SPXW,2026-11-04,75,Put,7350.0,SPXW261104P07350000,87.8,89.1,88.44999999999999,87.31,-10.79,-10.999,2.0,0.0,0.169,-0.2465,0.0005,11.0564,-1.232,-3.9872,88.6708,87.31,87.31,87.31,98.1000022888184,down,2026-08-21T15:41:32,0.0,0.0
SPXW,2026-11-04,75,Call,7375.0,SPXW261104C07375000,437.9,444.0,440.95,0.0,0.0,0.0,0.0,0.0,0.166,0.7419,0.0006,11.3127,-1.2446,10.6476,440.384,0.0,0.0,0.0,429.550003051758,no_change,,0.0,0.0
SPXW,2026-11-04,75,Put,7375.0,SPXW261104P07375000,91.9,93.3,92.6,0.0,0.0,0.0,0.0,0.0,0.1665,-0.258,0.0006,11.3127,-1.2446,-4.172,92.8795,0.0,0.0,0.0,102.5,no_change,,0.0,0.0
SPXW,2026-11-04,75,Call,7400.0,SPXW261104C07400000,417.6,423.6,420.6,0.0,0.0,0.0,0.0,0.0,0.1636,0.7298,0.0006,11.5702,-1.2564,10.5019,420.0747,0.0,0.0,0.0,409.5,no_change,,0.0,0.0
SPXW,2026-11-04,75,Put,7400.0,SPXW261104P07400000,96.4,97.8,97.1,100.12,-7.08,-6.60448,2.0,32.0,0.1642,-0.27,0.0006,11.5702,-1.2564,-4.3679,97.3471,100.21,100.21,100.12,107.200000762939,down,2026-08-21T10:01:59,0.0,0.0
SPXW,2026-11-04,75,Call,7425.0,SPXW261104C07425000,397.6,403.5,400.55,0.0,0.0,0.0,0.0,0.0,0.1614,0.7171,0.0006,11.8266,-1.2672,10.343,400.0461,0.0,0.0,0.0,389.699996948242,no_change,,0.0,0.0
SPXW,2026-11-04,75,Put,7425.0,SPXW261104P07425000,101.1,102.5,101.8,105.38,-6.87,-6.12027,1.0,5.0,0.1618,-0.2827,0.0006,11.8266,-1.2672,-4.577,102.0954,105.38,105.38,105.38,112.25,down,2026-08-21T10:38:08,0.0,0.0
SPXW,2026-11-04,75,Call,7450.0,SPXW261104C07450000,377.8,383.7,380.75,0.0,0.0,0.0,0.0,0.0,0.1591,0.7038,0.0006,12.076,-1.2769,10.1734,380.3203,0.0,0.0,0.0,370.25,no_change,,0.0,0.0
SPXW,2026-11-04,75,Put,7450.0,SPXW261104P07450000,106.1,107.7,106.9,117.57,0.0,0.0,0.0,45.0,0.1595,-0.296,0.0006,12.076,-1.2769,-4.7968,107.1465,0.0,0.0,0.0,117.550003051758,down,2026-08-20T16:03:02,0.0,0.0
SPXW,2026-11-04,75,Call,7475.0,SPXW261104C07475000,358.6,364.5,361.55,373.44,0.0,0.0,0.0,1.0,0.1568,0.6899,0.0006,12.3149,-1.2853,9.9964,360.915,0.0,0.0,0.0,351.199996948242,up,2026-08-20T12:36:00,0.0,0.0
SPXW,2026-11-04,75,Put,7475.0,SPXW261104P07475000,111.5,112.9,112.2,117.63,0.0,0.0,0.0,14.0,0.1573,-0.31,0.0006,12.3149,-1.2853,-5.024,112.5181,0.0,0.0,0.0,123.200000762939,up,2026-08-18T13:59:53,0.0,0.0
SPXW,2026-11-04,75,Call,7500.0,SPXW261104C07500000,339.5,345.0,342.25,380.1,0.0,0.0,0.0,1.0,0.1546,0.6752,0.0007,12.5454,-1.2924,9.8102,341.8471,0.0,0.0,0.0,332.349990844727,down,2026-08-18T10:23:48,0.0,0.0
SPXW,2026-11-04,75,Put,7500.0,SPXW261104P07500000,117.1,118.6,117.85,128.99,0.0,0.0,0.0,9.0,0.155,-0.3246,0.0007,12.5454,-1.2924,-5.2604,118.2271,0.0,0.0,0.0,129.199996948242,up,2026-08-20T15:13:39,0.0,0.0
SPXW,2026-11-04,75,Call,7525.0,SPXW261104C07525000,320.8,326.1,323.45000000000005,0.0,0.0,0.0,0.0,0.0,0.1524,0.6599,0.0007,12.7685,-1.2978,9.6092,323.1408,0.0,0.0,0.0,313.949996948242,no_change,,0.0,0.0
SPXW,2026-11-04,75,Put,7525.0,SPXW261104P07525000,123.2,124.7,123.95,0.0,0.0,0.0,0.0,0.0,0.1528,-0.3399,0.0007,12.7685,-1.2978,-5.5116,124.2977,0.0,0.0,0.0,135.5,no_change,,0.0,0.0
SPXW,2026-11-04,75,Call,7550.0,SPXW261104C07550000,302.7,307.5,305.1,0.0,0.0,0.0,0.0,0.0,0.1502,0.6439,0.0007,12.9792,-1.3016,9.3936,304.8254,0.0,0.0,0.0,295.849990844727,no_change,,0.0,0.0
SPXW,2026-11-04,75,Put,7550.0,SPXW261104P07550000,129.6,131.2,130.39999999999998,129.43,-12.82,-9.0123,2.0,0.0,0.1506,-0.356,0.0007,12.9792,-1.3016,-5.7774,130.7592,129.43,129.43,129.43,142.25,no_change,2026-08-21T12:48:32,0.0,0.0
SPXW,2026-11-04,75,Call,7575.0,SPXW261104C07575000,284.8,289.5,287.15,0.0,0.0,0.0,0.0,0.0,0.1482,0.6272,0.0007,13.1712,-1.3033,9.1695,286.9252,0.0,0.0,0.0,278.200012207031,no_change,,0.0,0.0
SPXW,2026-11-04,75,Put,7575.0,SPXW261104P07575000,136.5,138.1,137.3,149.36,0.0,0.0,0.0,9.0,0.1485,-0.3726,0.0007,13.1712,-1.3033,-6.0516,137.6358,0.0,0.0,0.0,149.350006103516,up,2026-08-20T15:55:09,0.0,0.0
SPXW,2026-11-04,75,Call,7600.0,SPXW261104C07600000,267.3,272.0,269.65,0.0,0.0,0.0,0.0,0.0,0.146,0.6098,0.0008,13.3437,-1.3031,8.9374,269.4593,0.0,0.0,0.0,261.0,no_change,,0.0,0.0
SPXW,2026-11-04,75,Put,7600.0,SPXW261104P07600000,143.8,145.3,144.55,139.99,-16.91,-10.7776,50.0,1.0,0.1464,-0.39,0.0008,13.3437,-1.3031,-6.3339,144.9468,139.99,139.99,139.99,156.900001525879,down,2026-08-21T11:43:05,0.0,0.0
SPXW,2026-11-04,75,Call,7625.0,SPXW261104C07625000,250.3,255.0,252.65,291.8,0.0,0.0,0.0,4.0,0.144,0.5917,0.0008,13.4976,-1.3006,8.69,252.4545,0.0,0.0,0.0,244.300003051758,up,2026-08-19T14:01:50,0.0,0.0
SPXW,2026-11-04,75,Put,7625.0,SPXW261104P07625000,151.5,153.2,152.35,151.7,-13.4,-8.11629,15.0,5.0,0.1444,-0.4081,0.0008,13.4976,-1.3006,-6.6315,152.719,151.83,151.83,151.7,165.099998474121,down,2026-08-21T11:14:08,0.0,0.0
SPXW,2026-11-04,75,Call,7650.0,SPXW261104C07650000,233.8,238.4,236.10000000000002,235.5,7.45,3.26683,3.0,0.0,0.142,0.573,0.0008,13.6285,-1.2956,8.4273,235.9454,233.5,235.5,233.5,228.050003051758,up,2026-08-21T10:09:37,0.0,0.0
SPXW,2026-11-04,75,Put,7650.0,SPXW261104P07650000,159.8,161.5,160.65,162.2,-11.35,-6.5399,2.0,4.0,0.1424,-0.4269,0.0008,13.6285,-1.2956,-6.9445,160.9867,162.2,162.2,162.2,173.549995422363,down,2026-08-21T10:07:45,0.0,0.0
SPXW,2026-11-04,75,Call,7675.0,SPXW261104C07675000,217.8,222.4,220.10000000000002,233.01,20.31,9.54866,2.0,4.0,0.14,0.5536,0.0008,13.7309,-1.2881,8.158,219.9583,233.51,233.51,233.01,212.699996948242,down,2026-08-21T11:57:25,0.0,0.0
SPXW,2026-11-04,75,Put,7675.0,SPXW261104P07675000,168.5,170.2,169.35,168.6,-14.1,-7.71757,17.0,24.0,0.1405,-0.4463,0.0008,13.7309,-1.2881,-7.2639,169.7765,173.48,173.48,168.6,182.699996948242,down,2026-08-21T11:14:08,0.0,0.0
SPXW,2026-11-04,75,Call,7700.0,SPXW261104C07700000,202.7,206.9,204.8,207.73,10.28,5.20638,15.0,16.0,0.1382,0.5336,0.0008,13.8033,-1.278,7.881,204.5128,207.07,207.73,207.07,197.450004577637,up,2026-08-21T11:12:42,0.0,0.0
SPXW,2026-11-04,75,Put,7700.0,SPXW261104P07700000,177.8,179.5,178.65,177.5,-14.75,-7.6723,3.0,33.0,0.1386,-0.4663,0.0008,13.8033,-1.278,-7.5911,179.1079,182.3,183.5,177.5,192.25,down,2026-08-21T12:48:48,0.0,0.0
SPXW,2026-11-04,75,Call,7725.0,SPXW261104C07725000,187.8,192.0,189.9,195.78,12.93,7.07137,11.0,1.0,0.1364,0.513,0.0008,13.844,-1.265,7.5881,189.6393,188.8,196.02,188.8,182.849998474121,down,2026-08-21T15:48:59,0.0,0.0
SPXW,2026-11-04,75,Put,7725.0,SPXW261104P07725000,187.7,189.3,188.5,185.83,-16.62,-8.20944,2.0,45.0,0.1368,-0.4868,0.0008,13.844,-1.265,-7.9342,189.0112,185.83,185.83,185.83,202.450004577637,down,2026-08-21T12:17:14,0.0,0.0
SPXW,2026-11-04,75,Call,7750.0,SPXW261104C07750000,175.3,176.9,176.10000000000002,181.6,12.75,7.55108,66.0,8.0,0.135,0.4919,0.0008,13.8494,-1.2491,7.2854,175.3704,176.37,181.6,176.37,168.849998474121,up,2026-08-21T12:12:47,0.0,0.0
SPXW,2026-11-04,75,Put,7750.0,SPXW261104P07750000,198.2,199.8,199.0,201.0,0.0,0.0,0.0,9.0,0.135,-0.5079,0.0008,13.8494,-1.2491,-8.2871,199.5193,0.0,0.0,0.0,213.25,up,2026-08-20T10:29:49,0.0,0.0
SPXW,2026-11-04,75,Call,7775.0,SPXW261104C07775000,161.7,163.2,162.45,171.09,0.0,0.0,0.0,2.0,0.1333,0.4704,0.0009,13.8182,-1.2302,6.9814,161.7226,0.0,0.0,0.0,155.449996948242,up,2026-08-20T12:36:00,0.0,0.0
SPXW,2026-11-04,75,Put,7775.0,SPXW261104P07775000,209.3,210.9,210.10000000000002,207.08,-17.57,-7.82106,4.0,7.0,0.1333,-0.5294,0.0009,13.8182,-1.2302,-8.6413,210.6483,213.74,213.74,207.08,224.650001525879,down,2026-08-21T12:17:14,0.0,0.0
SPXW,2026-11-04,75,Call,7800.0,SPXW261104C07800000,148.6,150.2,149.39999999999998,172.16,0.0,0.0,0.0,375.0,0.1317,0.4486,0.0009,13.7471,-1.2084,6.6675,148.7123,0.0,0.0,0.0,142.800003051758,no_change,2026-08-18T16:13:13,0.0,0.0
SPXW,2026-11-04,75,Put,7800.0,SPXW261104P07800000,221.1,222.8,221.95,234.78,0.0,0.0,0.0,3.0,0.1318,-0.5513,0.0009,13.7471,-1.2084,-9.0054,222.4149,0.0,0.0,0.0,236.5,up,2026-08-20T14:42:46,0.0,0.0
SPXW,2026-11-04,75,Call,7825.0,SPXW261104C07825000,136.3,137.8,137.05,0.0,0.0,0.0,0.0,0.0,0.1302,0.4265,0.0009,13.6332,-1.1837,6.3434,136.3659,0.0,0.0,0.0,130.650001525879,no_change,,0.0,0.0
SPXW,2026-11-04,75,Put,7825.0,SPXW261104P07825000,233.5,235.1,234.3,0.0,0.0,0.0,0.0,0.0,0.1303,-0.5734,0.0009,13.6332,-1.1837,-9.3797,234.8454,0.0,0.0,0.0,249.199996948242,no_change,,0.0,0.0
SPXW,2026-11-04,75,Call,7850.0,SPXW261104C07850000,124.6,126.1,125.35,0.0,0.0,0.0,0.0,0.0,0.1287,0.4042,0.0009,13.4803,-1.156,6.0225,124.6922,0.0,0.0,0.0,119.25,no_change,,0.0,0.0
SPXW,2026-11-04,75,Put,7850.0,SPXW261104P07850000,244.9,249.6,247.25,252.23,-10.37,-3.94897,2.0,1.0,0.1288,-0.5956,0.0009,13.4803,-1.156,-9.7508,247.9486,252.51,252.51,252.23,262.600006103516,down,2026-08-21T10:01:59,0.0,0.0
SPXW,2026-11-04,75,Call,7875.0,SPXW261104C07875000,113.6,115.0,114.3,123.1,0.0,0.0,0.0,2.0,0.1273,0.382,0.0009,13.2863,-1.1255,5.6993,113.6898,0.0,0.0,0.0,108.5,no_change,2026-08-20T10:29:49,0.0,0.0
SPXW,2026-11-04,75,Put,7875.0,SPXW261104P07875000,258.7,263.3,261.0,279.05,0.0,0.0,0.0,23.0,0.1276,-0.6179,0.0009,13.2863,-1.1255,-10.1242,261.7231,0.0,0.0,0.0,276.650009155273,no_change,2026-08-20T16:10:23,0.0,0.0
SPXW,2026-11-04,75,Call,7900.0,SPXW261104C07900000,103.2,104.7,103.95,112.33,0.0,0.0,0.0,8.0,0.126,0.3598,0.0008,13.046,-1.0923,5.3696,103.3686,0.0,0.0,0.0,98.4499969482422,no_change,2026-08-20T10:29:49,0.0,0.0
SPXW,2026-11-04,75,Put,7900.0,SPXW261104P07900000,273.1,277.8,275.45000000000005,292.95,0.0,0.0,0.0,46.0,0.1263,-0.6401,0.0008,13.046,-1.0923,-10.5041,276.1788,0.0,0.0,0.0,291.349990844727,down,2026-08-20T16:03:02,0.0,0.0
SPXW,2026-11-04,75,Call,7925.0,SPXW261104C07925000,93.5,95.0,94.25,92.67,3.67,4.1236,16.0,1.0,0.1249,0.3377,0.0008,12.768,-1.0567,5.0478,93.7233,92.79,92.79,92.67,89.0,down,2026-08-21T09:44:34,0.0,0.0
SPXW,2026-11-04,75,Put,7925.0,SPXW261104P07925000,288.2,292.9,290.54999999999995,281.93,0.0,0.0,0.0,27.0,0.1252,-0.6621,0.0008,12.768,-1.0567,-10.8761,291.3104,0.0,0.0,0.0,306.75,up,2026-08-20T09:37:59,0.0,0.0
SPXW,2026-11-04,75,Call,7950.0,SPXW261104C07950000,84.5,85.9,85.2,0.0,0.0,0.0,0.0,0.0,0.1237,0.316,0.0008,12.4551,-1.0187,4.7301,84.7345,0.0,0.0,0.0,80.2999992370606,no_change,,0.0,0.0
SPXW,2026-11-04,75,Put,7950.0,SPXW261104P07950000,304.0,308.7,306.35,308.05,0.0,0.0,0.0,1.0,0.124,-0.6838,0.0008,12.4551,-1.0187,-11.244,307.0985,0.0,0.0,0.0,322.75,up,2026-08-20T12:01:36,0.0,0.0
SPXW,2026-11-04,75,Call,7975.0,SPXW261104C07975000,76.2,77.5,76.85,74.1,2.0,2.77392,6.0,0.0,0.1226,0.2948,0.0008,12.099,-0.9788,4.4113,76.3958,74.1,74.1,74.1,72.1000022888184,up,2026-08-21T10:02:58,0.0,0.0
SPXW,2026-11-04,75,Put,7975.0,SPXW261104P07975000,320.4,325.1,322.75,320.07,0.0,0.0,0.0,6.0,0.123,-0.7051,0.0008,12.099,-0.9788,-11.613,323.5367,0.0,0.0,0.0,339.5,up,2026-08-20T12:36:16,0.0,0.0
SPXW,2026-11-04,75,Call,8000.0,SPXW261104C08000000,68.4,69.8,69.1,88.5,0.0,0.0,0.0,8.0,0.1217,0.274,0.0008,11.712,-0.937,4.1053,68.6877,0.0,0.0,0.0,64.6500015258789,up,2026-08-19T15:34:12,0.0,0.0
SPXW,2026-11-04,75,Put,8000.0,SPXW261104P08000000,336.7,342.6,339.65,0.0,0.0,0.0,0.0,0.0,0.122,-0.7258,0.0008,11.712,-0.937,-11.9691,340.6055,0.0,0.0,0.0,356.75,no_change,,0.0,0.0
SPXW,2026-11-04,75,Call,8025.0,SPXW261104C08025000,61.4,62.6,62.0,0.0,0.0,0.0,0.0,0.0,0.1208,0.2539,0.0008,11.3007,-0.8939,3.8078,61.5798,0.0,0.0,0.0,57.8000011444092,no_change,,0.0,0.0
SPXW,2026-11-04,75,Put,8025.0,SPXW261104P08025000,354.3,360.4,357.35,0.0,0.0,0.0,0.0,0.0,0.1211,-0.746,0.0008,11.3007,-0.8939,-12.3169,358.2745,0.0,0.0,0.0,374.650009155273,no_change,,0.0,0.0
SPXW,2026-11-04,75,Call,8050.0,SPXW261104C08050000,54.9,56.1,55.5,59.86,0.0,0.0,0.0,11.0,0.1199,0.2344,0.0007,10.8555,-0.8496,3.5144,55.0558,0.0,0.0,0.0,51.5500011444092,down,2026-08-20T10:19:04,0.0,0.0
SPXW,2026-11-04,75,Put,8050.0,SPXW261104P08050000,372.5,378.7,375.6,376.31,0.0,0.0,0.0,1.0,0.1203,-0.7654,0.0007,10.8555,-0.8496,-12.6604,376.5273,0.0,0.0,0.0,393.150009155273,down,2026-08-20T12:02:21,0.0,0.0
SPXW,2026-11-04,75,Call,8075.0,SPXW261104C08075000,48.9,50.1,49.5,65.34,0.0,0.0,0.0,1.0,0.1192,0.2158,0.0007,10.3903,-0.8045,3.238,49.0876,0.0,0.0,0.0,45.8500003814697,down,2026-08-19T14:05:46,0.0,0.0
SPXW,2026-11-04,75,Put,8075.0,SPXW261104P08075000,391.3,397.6,394.45000000000005,0.0,0.0,0.0,0.0,0.0,0.1196,-0.7841,0.0007,10.3903,-0.8045,-12.9871,395.336,0.0,0.0,0.0,412.200012207031,no_change,,0.0,0.0
SPXW,2026-11-04,75,Call,8100.0,SPXW261104C08100000,43.4,44.6,44.0,77.62,0.0,0.0,0.0,6.0,0.1185,0.1979,0.0007,9.9138,-0.759,2.9721,43.6416,0.0,0.0,0.0,40.6499996185303,no_change,2026-08-17T13:47:28,0.0,0.0
SPXW,2026-11-04,75,Put,8100.0,SPXW261104P08100000,410.5,417.0,413.75,0.0,0.0,0.0,0.0,0.0,0.119,-0.8019,0.0007,9.9138,-0.759,-13.3032,414.6669,0.0,0.0,0.0,431.850006103516,no_change,,0.0,0.0
SPXW,2026-11-04,75,Call,8200.0,SPXW261104C08200000,26.4,27.4,26.9,26.26,1.81,7.40286,32.0,32.0,0.1161,0.1356,0.0005,7.9003,-0.5796,2.0356,26.5611,26.32,26.35,26.26,24.4499998092651,down,2026-08-21T09:44:34,0.0,0.0
SPXW,2026-11-04,75,Put,8200.0,SPXW261104P08200000,492.8,499.3,496.05,0.0,0.0,0.0,0.0,0.0,0.1171,-0.8642,0.0005,7.9003,-0.5796,-14.4404,496.694,0.0,0.0,0.0,514.850006103516,no_change,,0.0,0.0
SPXW,2026-11-04,75,Call,8300.0,SPXW261104C08300000,15.2,16.3,15.75,22.39,0.0,0.0,0.0,11.0,0.1144,0.0887,0.0004,5.9586,-0.4193,1.3318,15.6009,0.0,0.0,0.0,14.1999998092651,down,2026-08-19T14:05:46,0.0,0.0
SPXW,2026-11-04,75,Put,8300.0,SPXW261104P08300000,571.9,595.6,583.75,0.0,0.0,0.0,0.0,0.0,0.1145,-0.9112,0.0004,5.9586,-0.4193,-15.3449,584.8413,0.0,0.0,0.0,601.899993896484,no_change,,0.0,0.0
SPXW,2026-11-04,75,Call,8400.0,SPXW261104C08400000,8.6,9.5,9.05,8.6,0.0,0.0,0.0,12.0,0.1136,0.0561,0.0003,4.305,-0.2914,0.8406,8.998,0.0,0.0,0.0,8.09999990463257,down,2026-08-20T14:20:11,0.0,0.0
SPXW,2026-11-04,75,Put,8400.0,SPXW261104P08400000,664.8,688.1,676.45,0.0,0.0,0.0,0.0,0.0,0.1139,-0.9438,0.0003,4.305,-0.2914,-16.037,677.346,0.0,0.0,0.0,696.599975585938,no_change,,0.0,0.0
SPXW,2026-11-04,75,Call,8500.0,SPXW261104C08500000,5.0,5.7,5.35,0.0,0.0,0.0,0.0,0.0,0.1143,0.0352,0.0002,3.0372,-0.1995,0.5249,5.2404,0.0,0.0,0.0,4.70000004768372,no_change,,0.0,0.0
SPXW,2026-11-04,75,Put,8500.0,SPXW261104P08500000,759.7,780.4,770.05,0.0,0.0,0.0,0.0,0.0,0.115,-0.9647,0.0002,3.0372,-0.1995,-16.5534,772.696,0.0,0.0,0.0,792.149993896484,no_change,,0.0,0.0
SPXW,2026-11-04,75,Call,8600.0,SPXW261104C08600000,3.0,3.5,3.25,0.0,0.0,0.0,0.0,0.0,0.116,0.0225,0.0001,2.1462,-0.1385,0.3344,3.1799,0.0,0.0,0.0,2.92500007152557,no_change,,0.0,0.0
SPXW,2026-11-04,75,Put,8600.0,SPXW261104P08600000,856.8,876.3,866.55,0.0,0.0,0.0,0.0,0.0,0.1173,-0.9774,0.0001,2.1462,-0.1385,-16.9447,869.743,0.0,0.0,0.0,888.75,no_change,,0.0,0.0
SPXW,2026-11-04,75,Call,8800.0,SPXW261104C08800000,1.3,1.65,1.475,0.0,0.0,0.0,0.0,0.0,0.1228,0.0105,0.0001,1.1606,-0.0754,0.1556,1.4239,0.0,0.0,0.0,1.34999996423721,no_change,,0.0,0.0
SPXW,2026-11-04,75,Put,8800.0,SPXW261104P08800000,1053.6,1077.1,1065.35,0.0,0.0,0.0,0.0,0.0,0.1265,-0.9894,0.0001,1.1606,-0.0754,-17.525,1066.2022,0.0,0.0,0.0,1086.04998779297,no_change,,0.0,0.0
SPXW,2026-11-04,75,Call,9000.0,SPXW261104C09000000,0.7,0.95,0.825,1.1,0.0,0.0,0.0,3.0,0.1318,0.0059,0.0,0.7142,-0.0486,0.0871,0.8073,0.0,0.0,0.0,0.75,down,2026-08-19T10:37:52,0.0,0.0
SPXW,2026-11-04,75,Put,9000.0,SPXW261104P09000000,1251.3,1274.8,1263.05,0.0,0.0,0.0,0.0,0.0,0.1393,-0.9939,0.0,0.7142,-0.0486,-17.9951,1263.8006,0.0,0.0,0.0,1283.60003662109,no_change,,0.0,0.0
SPXW,2026-11-04,75,Call,9200.0,SPXW261104C09200000,0.4,0.65,0.525,0.0,0.0,0.0,0.0,0.0,0.1421,0.0038,0.0,0.4833,-0.0349,0.0555,0.5307,0.0,0.0,0.0,0.475000008940697,no_change,,0.0,0.0
SPXW,2026-11-04,75,Put,9200.0,SPXW261104P09200000,1449.3,1473.0,1461.15,0.0,0.0,0.0,0.0,0.0,0.1535,-0.9961,0.0,0.4833,-0.0349,-18.4282,1461.7392,0.0,0.0,0.0,1481.79998779297,no_change,,0.0,0.0
SPXW,2026-11-04,75,Call,9400.0,SPXW261104C09400000,0.25,0.5,0.375,0.0,0.0,0.0,0.0,0.0,0.1527,0.0026,0.0,0.3491,-0.0269,0.0384,0.382,0.0,0.0,0.0,0.349999994039536,no_change,,0.0,0.0
SPXW,2026-11-04,75,Put,9400.0,SPXW261104P09400000,1647.2,1666.3,1656.75,0.0,0.0,0.0,0.0,0.0,0.1698,-0.9972,0.0,0.3491,-0.0269,-18.8468,1659.8056,0.0,0.0,0.0,1679.79998779297,no_change,,0.0,0.0
SPXW,2026-11-04,75,Call,9600.0,SPXW261104C09600000,0.15,0.4,0.275,0.0,0.0,0.0,0.0,0.0,0.1628,0.0019,0.0,0.2632,-0.0216,0.028,0.2905,0.0,0.0,0.0,0.25,no_change,,0.0,0.0
SPXW,2026-11-04,75,Put,9600.0,SPXW261104P09600000,1845.5,1864.5,1855.0,0.0,0.0,0.0,0.0,0.0,0.1854,-0.9979,0.0,0.2635,-0.0216,-19.2588,1857.9296,0.0,0.0,0.0,1877.65002441406,no_change,,0.0,0.0
SPXW,2026-11-04,75,Call,9800.0,SPXW261104C09800000,0.1,0.35,0.22499999999999998,0.0,0.0,0.0,0.0,0.0,0.1737,0.0015,0.0,0.2048,-0.0179,0.0213,0.2293,0.0,0.0,0.0,0.200000006705523,no_change,,0.0,0.0
SPXW,2026-11-04,75,Put,9800.0,SPXW261104P09800000,2043.9,2067.6,2055.75,0.0,0.0,0.0,0.0,0.0,0.2025,-0.9984,0.0,0.205,-0.0179,-19.667,2056.0833,0.0,0.0,0.0,2076.19995117188,no_change,,0.0,0.0
SPXW,2026-11-04,75,Call,10000.0,SPXW261104C10000000,0.1,0.3,0.2,0.0,0.0,0.0,0.0,0.0,0.1852,0.0012,0.0,0.1628,-0.015,0.0165,0.185,0.0,0.0,0.0,0.150000000372529,no_change,,0.0,0.0
SPXW,2026-11-04,75,Put,10000.0,SPXW261104P10000000,2242.0,2262.9,2252.45,0.0,0.0,0.0,0.0,0.0,0.2192,-0.9987,0.0,0.1629,-0.015,-20.0734,2254.254,0.0,0.0,0.0,2274.15002441406,no_change,,0.0,0.0
SPX,2026-11-20,91,Call,400.0,SPX261120C00400000,7248.8,7272.0,7260.4,7260.7,23.9,0.330256,453.0,1395.0,2.4477,0.9998,0.0,0.0088,-0.0079,1.0235,7255.4798,7250.51,7279.92,7249.36,7236.80004882812,down,2026-08-21T14:23:41,0.0,0.0
SPX,2026-11-20,91,Put,400.0,SPX261120P00400000,0.0,0.05,0.025,0.04,0.0,0.0,0.0,11319.0,1.592,-0.0001,0.0,0.0088,-0.0079,-0.0013,0.1011,0.0,0.0,0.0,0.025000000372529,up,2026-07-28T13:18:58,0.0,0.0
SPX,2026-11-20,91,Call,600.0,SPX261120C00600000,7050.9,7074.1,7062.5,7041.65,0.0,0.0,0.0,20.0,2.0818,0.9998,0.0,0.0118,-0.0092,1.5212,7057.7206,0.0,0.0,0.0,7039.05004882812,up,2026-08-20T15:38:49,0.0,0.0
SPX,2026-11-20,91,Put,600.0,SPX261120P00600000,0.0,0.05,0.025,0.05,0.0,0.0,0.0,322.0,1.3682,-0.0001,0.0,0.0118,-0.0092,-0.0017,0.1181,0.0,0.0,0.0,0.025000000372529,down,2026-07-02T16:13:19,0.0,0.0
SPX,2026-11-20,91,Call,800.0,SPX261120C00800000,6853.0,6876.4,6864.7,6842.92,0.0,0.0,0.0,49.0,1.831,0.9998,0.0,0.0149,-0.0103,2.0188,6859.9601,0.0,0.0,0.0,6842.55004882812,down,2026-08-20T15:43:02,0.0,0.0
SPX,2026-11-20,91,Put,800.0,SPX261120P00800000,0.0,0.1,0.05,0.05,0.0,0.0,0.0,8540.0,1.2631,-0.0001,0.0,0.0149,-0.0103,-0.0022,0.1339,0.0,0.0,0.0,0.0500000007450581,no_change,2026-08-18T13:11:36,0.0,0.0
SPX,2026-11-20,91,Call,1000.0,SPX261120C01000000,6655.2,6678.3,6666.75,6405.37,0.0,0.0,0.0,1212.0,1.6407,0.9998,0.0,0.0183,-0.0114,2.5164,6662.2,0.0,0.0,0.0,6642.94995117188,down,2026-06-29T12:56:55,0.0,0.0
SPX,2026-11-20,91,Put,1000.0,SPX261120P01000000,0.0,0.15,0.075,0.05,-0.025,-33.3333,10.0,3590.0,1.1673,-0.0001,0.0,0.0183,-0.0114,-0.0026,0.1501,0.05,0.05,0.05,0.0750000011175871,no_change,2026-08-21T15:03:32,0.0,0.0
SPX,2026-11-20,91,Call,1200.0,SPX261120C01200000,6457.3,6479.7,6468.5,6269.58,0.0,0.0,0.0,14.0,1.4918,0.9998,0.0,0.022,-0.0126,3.014,6464.4412,0.0,0.0,0.0,6445.14990234375,up,2026-06-30T11:44:03,0.0,0.0
SPX,2026-11-20,91,Put,1200.0,SPX261120P01200000,0.05,0.15,0.1,0.1,0.0,-3.35276e-06,3.0,645.0,1.063,-0.0001,0.0,0.022,-0.0126,-0.0032,0.1676,0.1,0.1,0.1,0.100000003352761,up,2026-08-21T11:23:48,0.0,0.0
SPX,2026-11-20,91,Call,1400.0,SPX261120C01400000,6259.4,6282.4,6270.9,6012.44,0.0,0.0,0.0,10.0,1.3636,0.9997,0.0,0.0264,-0.0139,3.5115,6266.6849,0.0,0.0,0.0,6247.60009765625,down,2026-06-29T12:59:10,0.0,0.0
SPX,2026-11-20,91,Put,1400.0,SPX261120P01400000,0.05,0.2,0.125,0.12,-0.005,-4.0,2.0,1591.0,0.994,-0.0002,0.0,0.0264,-0.0139,-0.0038,0.1875,0.12,0.12,0.12,0.125000001862645,up,2026-08-21T09:36:18,0.0,0.0
SPX,2026-11-20,91,Call,1600.0,SPX261120C01600000,6061.5,6085.0,6073.25,5814.78,0.0,0.0,0.0,7.0,1.2536,0.9997,0.0,0.0316,-0.0155,4.0088,6068.9326,0.0,0.0,0.0,6049.84985351562,no_change,2026-06-29T12:31:17,0.0,0.0
SPX,2026-11-20,91,Put,1600.0,SPX261120P01600000,0.1,0.25,0.175,0.15,-0.025,-14.2857,4.0,3086.0,0.9428,-0.0002,0.0,0.0316,-0.0155,-0.0046,0.2115,0.15,0.15,0.15,0.175000000745058,no_change,2026-08-21T11:31:47,0.0,0.0
SPX,2026-11-20,91,Call,1800.0,SPX261120C01800000,5863.7,5887.1,5875.4,5569.63,0.0,0.0,0.0,71.0,1.1608,0.9996,0.0,0.0381,-0.0174,4.506,5871.1867,0.0,0.0,0.0,5852.59985351562,up,2026-06-26T11:02:34,0.0,0.0
SPX,2026-11-20,91,Put,1800.0,SPX261120P01800000,0.15,0.3,0.22499999999999998,0.2,-0.025,-11.1111,12.0,1907.0,0.8914,-0.0003,0.0,0.0381,-0.0174,-0.0055,0.2418,0.2,0.2,0.2,0.225000008940697,no_change,2026-08-21T11:45:43,0.0,0.0
SPX,2026-11-20,91,Call,2000.0,SPX261120C02000000,5665.8,5689.3,5677.55,5420.47,0.0,0.0,0.0,1202.0,1.075,0.9996,0.0,0.0463,-0.0199,5.0028,5673.4508,0.0,0.0,0.0,5654.44995117188,up,2026-06-29T12:33:00,0.0,0.0
SPX,2026-11-20,91,Put,2000.0,SPX261120P02000000,0.25,0.35,0.3,0.3,0.0,9.93411e-07,4.0,2480.0,0.842,-0.0003,0.0,0.0463,-0.0199,-0.0068,0.2822,0.3,0.3,0.3,0.299999997019768,no_change,2026-08-21T15:46:35,0.0,0.0
SPX,2026-11-20,91,Call,2200.0,SPX261120C02200000,5468.0,5491.1,5479.55,5323.17,0.0,0.0,0.0,1.0,1.0009,0.9995,0.0,0.0571,-0.0232,5.4993,5475.7297,0.0,0.0,0.0,5456.55004882812,no_change,2026-06-18T13:16:37,0.0,0.0
SPX,2026-11-20,91,Put,2200.0,SPX261120P02200000,0.3,0.45,0.375,0.4,0.0,0.0,0.0,1859.0,0.809,-0.0004,0.0,0.0568,-0.023,-0.0084,0.3351,0.0,0.0,0.0,0.400000005960464,no_change,2026-08-20T09:34:26,0.0,0.0
SPX,2026-11-20,91,Call,2400.0,SPX261120C02400000,5270.2,5293.7,5281.95,5282.05,23.2001,0.441164,451.0,1300.0,0.9335,0.9994,0.0,0.0718,-0.0276,5.9951,5278.0292,5272.06,5301.22,5270.71,5258.84985351562,down,2026-08-21T14:23:41,0.0,0.0
SPX,2026-11-20,91,Put,2400.0,SPX261120P02400000,0.4,0.5,0.45,0.5,0.0,-2.98023e-06,11.0,1311.0,0.7724,-0.0005,0.0,0.0715,-0.0274,-0.0106,0.4107,0.5,0.5,0.45,0.500000014901161,no_change,2026-08-21T16:01:02,0.0,0.0
SPX,2026-11-20,91,Call,2600.0,SPX261120C02600000,5072.5,5095.6,5084.05,0.0,0.0,0.0,0.0,0.0,0.8745,0.9992,0.0,0.0913,-0.0333,6.4901,5080.3565,0.0,0.0,0.0,5061.15014648438,no_change,,0.0,0.0
SPX,2026-11-20,91,Put,2600.0,SPX261120P02600000,0.5,0.7,0.6,0.65,0.0,-9.16995e-07,6.0,2296.0,0.7298,-0.0007,0.0,0.091,-0.0332,-0.0138,0.5142,0.65,0.65,0.65,0.650000005960464,no_change,2026-08-21T09:31:42,0.0,0.0
SPX,2026-11-20,91,Call,2800.0,SPX261120C02800000,4874.8,4897.8,4886.3,0.0,0.0,0.0,0.0,0.0,0.8198,0.999,0.0,0.1168,-0.0408,6.984,4882.7191,0.0,0.0,0.0,4863.90014648438,no_change,,0.0,0.0
SPX,2026-11-20,91,Put,2800.0,SPX261120P02800000,0.65,0.85,0.75,0.8,-0.05,-5.88235,408.0,10670.0,0.6979,-0.0009,0.0,0.1164,-0.0406,-0.0179,0.6528,0.8,0.8,0.75,0.849999994039536,up,2026-08-21T15:32:26,0.0,0.0
SPX,2026-11-20,91,Call,3000.0,SPX261120C03000000,4677.1,4700.2,4688.65,4699.5,33.6001,0.72012,2.0,21.0,0.7689,0.9987,0.0,0.1503,-0.0501,7.4765,4685.1244,4699.5,4699.5,4699.5,4665.89990234375,no_change,2026-08-21T12:09:40,0.0,0.0
SPX,2026-11-20,91,Put,3000.0,SPX261120P03000000,0.85,1.05,0.95,0.95,-0.1,-9.52381,2.0,2650.0,0.6649,-0.0012,0.0,0.1499,-0.05,-0.0235,0.8343,0.95,0.95,0.95,1.04999998211861,down,2026-08-21T11:50:37,0.0,0.0
SPX,2026-11-20,91,Call,3200.0,SPX261120C03200000,4479.5,4503.0,4491.25,4518.0,0.0,0.0,0.0,4.0,0.7211,0.9984,0.0,0.1922,-0.0615,7.9674,4487.5812,0.0,0.0,0.0,4468.19995117188,down,2026-08-18T15:30:53,0.0,0.0
SPXW,2026-11-20,91,Call,3200.0,SPXW261120C03200000,4482.2,4503.4,4492.799999999999,4330.57,0.0,0.0,0.0,24.0,0.7159,0.9982,0.0,0.2099,-0.0678,7.964,4487.5057,0.0,0.0,0.0,4469.14990234375,down,2026-07-07T16:04:53,0.0,0.0
SPX,2026-11-20,91,Put,3200.0,SPX261120P03200000,1.1,1.3,1.2000000000000002,1.25,-0.075,-5.66038,300.0,942.0,0.6358,-0.0015,0.0,0.1919,-0.0614,-0.0308,1.0672,1.25,1.25,1.25,1.32500004768372,no_change,2026-08-21T14:33:02,0.0,0.0
SPXW,2026-11-20,91,Put,3200.0,SPXW261120P03200000,1.15,1.3,1.225,1.25,0.0,0.0,0.0,185.0,0.6374,-0.0017,0.0,0.2099,-0.0678,-0.034,1.2048,0.0,0.0,0.0,1.32499998807907,no_change,2026-08-19T13:25:18,0.0,0.0
SPX,2026-11-20,91,Call,3300.0,SPX261120C03300000,4380.7,4404.0,4392.35,0.0,0.0,0.0,0.0,0.0,0.6994,0.9982,0.0,0.217,-0.068,8.2121,4388.8311,0.0,0.0,0.0,4369.44995117188,no_change,,0.0,0.0
SPX,2026-11-20,91,Put,3300.0,SPX261120P03300000,1.2,1.45,1.325,1.4,-0.075,-5.08475,204.0,511.0,0.622,-0.0017,0.0,0.2166,-0.0679,-0.0351,1.2052,1.35,1.4,1.3,1.47500002384186,no_change,2026-08-21T14:33:55,0.0,0.0
SPX,2026-11-20,91,Call,3400.0,SPX261120C03400000,4281.9,4305.3,4293.6,4297.12,26.3202,0.616283,2.0,10.0,0.6782,0.9979,0.0,0.2448,-0.0751,8.4562,4290.0965,4297.01,4297.12,4297.01,4270.7998046875,up,2026-08-21T11:31:30,0.0,0.0
SPXW,2026-11-20,91,Call,3400.0,SPXW261120C03400000,4282.4,4305.7,4294.049999999999,4135.75,0.0,0.0,0.0,0.0,0.6713,0.9978,0.0,0.2588,-0.0796,8.4535,4289.9897,0.0,0.0,0.0,4271.5498046875,down,2026-07-01T13:12:01,0.0,0.0
SPX,2026-11-20,91,Put,3400.0,SPX261120P03400000,1.35,1.6,1.475,1.51,-0.14,-8.48485,122.0,2698.0,0.6077,-0.002,0.0,0.2445,-0.0749,-0.04,1.3587,1.5,1.51,1.5,1.64999997615814,no_change,2026-08-21T13:30:28,0.0,0.0
SPXW,2026-11-20,91,Put,3400.0,SPXW261120P03400000,1.45,1.6,1.525,1.52,-0.155,-9.25373,6.0,45.0,0.6078,-0.0021,0.0,0.2588,-0.0796,-0.0426,1.465,1.52,1.52,1.52,1.67500001192093,no_change,2026-08-21T10:35:33,0.0,0.0
SPX,2026-11-20,91,Call,3500.0,SPX261120C03500000,4183.1,4206.1,4194.6,4193.37,21.2699,0.509813,1.0,0.0,0.6576,0.9976,0.0,0.2758,-0.0827,8.6997,4191.3788,4193.37,4193.37,4193.37,4172.10009765625,up,2026-08-21T14:17:59,0.0,0.0
SPX,2026-11-20,91,Put,3500.0,SPX261120P03500000,1.5,1.75,1.625,1.65,-0.175,-9.58904,3.0,2845.0,0.5933,-0.0022,0.0,0.2754,-0.0826,-0.0456,1.5291,1.65,1.65,1.65,1.82500004768372,no_change,2026-08-21T14:17:59,0.0,0.0
SPX,2026-11-20,91,Call,3600.0,SPX261120C03600000,4084.3,4107.6,4095.9500000000003,0.0,0.0,0.0,0.0,0.0,0.6374,0.9973,0.0,0.3096,-0.0909,8.9425,4092.6792,0.0,0.0,0.0,4074.14990234375,no_change,,0.0,0.0
SPXW,2026-11-20,91,Call,3600.0,SPXW261120C03600000,4084.4,4107.9,4096.15,4180.1,0.0,0.0,0.0,0.0,0.633,0.9972,0.0,0.3198,-0.094,8.9405,4092.5453,0.0,0.0,0.0,4074.09997558594,up,2026-08-12T14:43:09,0.0,0.0
SPX,2026-11-20,91,Put,3600.0,SPX261120P03600000,1.7,1.95,1.825,1.85,-0.175,-8.64198,2.0,913.0,0.5795,-0.0026,0.0,0.3093,-0.0908,-0.0518,1.7177,1.85,1.85,1.85,2.02500003576279,no_change,2026-08-21T12:33:50,0.0,0.0
SPXW,2026-11-20,91,Put,3600.0,SPXW261120P03600000,1.75,1.95,1.85,1.95,0.0,0.0,0.0,19.0,0.5802,-0.0026,0.0,0.3198,-0.094,-0.0538,1.7969,0.0,0.0,0.0,2.05000007152557,down,2026-08-19T13:32:06,0.0,0.0
SPX,2026-11-20,91,Call,3700.0,SPX261120C03700000,3985.6,4009.0,3997.3,0.0,0.0,0.0,0.0,0.0,0.6194,0.997,0.0,0.3465,-0.0997,9.1847,3993.9984,0.0,0.0,0.0,3974.75,no_change,,0.0,0.0
SPX,2026-11-20,91,Put,3700.0,SPX261120P03700000,1.9,2.15,2.025,2.1,0.0,0.0,0.0,278.0,0.5669,-0.0029,0.0,0.3461,-0.0996,-0.0587,1.9251,0.0,0.0,0.0,2.22499990463257,down,2026-08-19T15:18:03,0.0,0.0
SPX,2026-11-20,91,Call,3800.0,SPX261120C03800000,3886.8,3910.3,3898.55,3154.28,0.0,0.0,0.0,1.0,0.6002,0.9966,0.0,0.3872,-0.1091,9.4261,3895.3374,0.0,0.0,0.0,3875.80004882812,down,2026-02-26T12:49:28,0.0,0.0
SPXW,2026-11-20,91,Call,3800.0,SPXW261120C03800000,3886.9,3910.4,3898.65,0.0,0.0,0.0,0.0,0.0,0.5961,0.9965,0.0,0.3948,-0.1111,9.4246,3895.1826,0.0,0.0,0.0,3876.75,no_change,,0.0,0.0
SPX,2026-11-20,91,Put,3800.0,SPX261120P03800000,2.1,2.35,2.225,2.25,-0.225,-9.09091,5.0,3993.0,0.5526,-0.0033,0.0,0.3868,-0.109,-0.0663,2.1523,2.25,2.25,2.25,2.47499990463257,no_change,2026-08-21T15:59:57,0.0,0.0
SPXW,2026-11-20,91,Put,3800.0,SPXW261120P03800000,2.2,2.35,2.2750000000000004,2.87,0.0,0.0,0.0,976.0,0.5538,-0.0034,0.0,0.3949,-0.1111,-0.0678,2.2105,0.0,0.0,0.0,2.52499997615814,up,2026-08-11T12:28:15,0.0,0.0
SPX,2026-11-20,91,Call,3850.0,SPX261120C03850000,3837.7,3861.2,3849.45,3718.2,0.0,0.0,0.0,2.0,0.5922,0.9964,0.0,0.4092,-0.114,9.5465,3846.0147,0.0,0.0,0.0,3826.69995117188,down,2026-06-17T12:40:39,0.0,0.0
SPX,2026-11-20,91,Put,3850.0,SPX261120P03850000,2.2,2.5,2.35,2.35,-0.25,-9.61539,1.0,418.0,0.5464,-0.0035,0.0,0.4088,-0.1139,-0.0704,2.2736,2.35,2.35,2.35,2.60000002384186,down,2026-08-21T12:20:21,0.0,0.0
SPX,2026-11-20,91,Call,3900.0,SPX261120C03900000,3788.1,3811.6,3799.85,0.0,0.0,0.0,0.0,0.0,0.5828,0.9962,0.0,0.4323,-0.119,9.6666,3796.6974,0.0,0.0,0.0,3777.09997558594,no_change,,0.0,0.0
SPXW,2026-11-20,91,Call,3900.0,SPXW261120C03900000,3788.7,3812.0,3800.35,0.0,0.0,0.0,0.0,0.0,0.579,0.9961,0.0,0.4392,-0.1207,9.6652,3796.5355,0.0,0.0,0.0,3778.15002441406,no_change,,0.0,0.0
SPX,2026-11-20,91,Put,3900.0,SPX261120P03900000,2.3,2.6,2.45,2.63,0.0,0.0,0.0,353.0,0.5407,-0.0037,0.0,0.432,-0.1189,-0.0748,2.4005,0.0,0.0,0.0,2.72499990463257,up,2026-08-20T11:01:10,0.0,0.0
SPXW,2026-11-20,91,Put,3900.0,SPXW261120P03900000,2.4,2.6,2.5,3.1,0.0,0.0,0.0,467.0,0.5405,-0.0038,0.0,0.4392,-0.1207,-0.0762,2.4516,0.0,0.0,0.0,2.77499997615814,no_change,2026-08-11T09:59:03,0.0,0.0
SPX,2026-11-20,91,Call,3950.0,SPX261120C03950000,3742.4,3762.5,3752.45,0.0,0.0,0.0,0.0,0.0,0.575,0.996,0.0,0.4565,-0.1242,9.7865,3747.3859,0.0,0.0,0.0,3727.59997558594,no_change,,0.0,0.0
SPX,2026-11-20,91,Put,3950.0,SPX261120P03950000,2.45,2.7,2.575,2.95,0.0,0.0,0.0,189.0,0.5337,-0.0039,0.0,0.4562,-0.1241,-0.0795,2.5331,0.0,0.0,0.0,2.875,up,2026-08-12T13:34:40,0.0,0.0
SPX,2026-11-20,91,Call,4000.0,SPX261120C04000000,3693.9,3713.2,3703.55,3698.93,20.58,0.559491,4.0,3.0,0.5657,0.9957,0.0,0.4817,-0.1296,9.9061,3698.0802,3693.69,3704.66,3693.69,3678.34997558594,down,2026-08-21T14:25:53,0.0,0.0
SPXW,2026-11-20,91,Call,4000.0,SPXW261120C04000000,3689.4,3713.0,3701.2,0.0,0.0,0.0,0.0,0.0,0.5621,0.9956,0.0,0.4879,-0.131,9.9048,3697.9136,0.0,0.0,0.0,3679.65002441406,no_change,,0.0,0.0
SPX,2026-11-20,91,Put,4000.0,SPX261120P04000000,2.6,2.85,2.725,2.71,-0.34,-11.1475,15.0,954.0,0.5272,-0.0042,0.0,0.4814,-0.1295,-0.0844,2.6717,2.79,2.79,2.7,3.05000007152557,up,2026-08-21T14:55:32,0.0,0.0
SPXW,2026-11-20,91,Put,4000.0,SPXW261120P04000000,2.7,2.85,2.7750000000000004,2.78,-0.32,-10.3226,9.0,272.0,0.5281,-0.0042,0.0,0.4879,-0.131,-0.0856,2.7178,2.8,2.8,2.78,3.10000002384186,no_change,2026-08-21T15:01:23,0.0,0.0
SPX,2026-11-20,91,Call,4050.0,SPX261120C04050000,3640.0,3663.6,3651.8,0.0,0.0,0.0,0.0,0.0,0.5579,0.9955,0.0,0.5078,-0.1351,10.0255,3648.7807,0.0,0.0,0.0,3630.14990234375,no_change,,0.0,0.0
SPX,2026-11-20,91,Put,4050.0,SPX261120P04050000,2.75,3.0,2.875,2.97,0.0,0.0,0.0,694.0,0.5212,-0.0044,0.0,0.5075,-0.135,-0.0896,2.8163,0.0,0.0,0.0,3.14999997615814,down,2026-08-14T16:01:32,0.0,0.0
SPX,2026-11-20,91,Call,4100.0,SPX261120C04100000,3590.7,3614.1,3602.3999999999996,0.0,0.0,0.0,0.0,0.0,0.5502,0.9952,0.0,0.5349,-0.1408,10.1446,3599.4875,0.0,0.0,0.0,3579.75,no_change,,0.0,0.0
SPXW,2026-11-20,91,Call,4100.0,SPXW261120C04100000,3590.7,3614.4,3602.55,0.0,0.0,0.0,0.0,0.0,0.5454,0.9951,0.0,0.5408,-0.142,10.1434,3599.3186,0.0,0.0,0.0,3580.95007324219,no_change,,0.0,0.0
SPX,2026-11-20,91,Put,4100.0,SPX261120P04100000,2.85,3.2,3.0250000000000004,2.98,-0.37,-11.0448,2.0,1009.0,0.5156,-0.0047,0.0,0.5347,-0.1407,-0.095,2.9673,3.0,3.0,2.98,3.35000002384186,down,2026-08-21T12:21:56,0.0,0.0
SPXW,2026-11-20,91,Put,4100.0,SPXW261120P04100000,2.95,3.1,3.0250000000000004,3.02,-0.38,-11.1765,8.0,79.0,0.5157,-0.0047,0.0,0.5405,-0.1419,-0.096,3.0076,3.05,3.05,3.0,3.39999997615814,no_change,2026-08-21T15:01:23,0.0,0.0
SPX,2026-11-20,91,Call,4150.0,SPX261120C04150000,3541.4,3563.2,3552.3,0.0,0.0,0.0,0.0,0.0,0.5412,0.9949,0.0,0.5631,-0.1466,10.2636,3550.2007,0.0,0.0,0.0,3530.55004882812,no_change,,0.0,0.0
SPX,2026-11-20,91,Put,4150.0,SPX261120P04150000,3.0,3.3,3.15,3.33,0.0,0.0,0.0,199.0,0.5093,-0.005,0.0,0.5628,-0.1465,-0.1006,3.1246,0.0,0.0,0.0,3.44999992847443,up,2026-08-19T10:53:14,0.0,0.0
SPX,2026-11-20,91,Call,4200.0,SPX261120C04200000,3492.0,3513.9,3502.95,3312.7,0.0,0.0,0.0,4.0,0.5335,0.9946,0.0,0.5925,-0.1526,10.3822,3500.9204,0.0,0.0,0.0,3482.95007324219,down,2026-07-01T09:41:14,0.0,0.0
SPXW,2026-11-20,91,Call,4200.0,SPXW261120C04200000,3492.1,3515.7,3503.8999999999996,0.0,0.0,0.0,0.0,0.0,0.5302,0.9946,0.0,0.5985,-0.1537,10.381,3500.7518,0.0,0.0,0.0,3482.30004882812,no_change,,0.0,0.0
SPX,2026-11-20,91,Put,4200.0,SPX261120P04200000,3.2,3.5,3.35,3.8,0.0,0.0,0.0,1316.0,0.5026,-0.0053,0.0,0.5923,-0.1525,-0.1064,3.2886,0.0,0.0,0.0,3.64999997615814,no_change,2026-08-20T16:00:15,0.0,0.0
SPXW,2026-11-20,91,Put,4200.0,SPXW261120P04200000,3.2,3.5,3.35,3.87,0.0,0.0,0.0,16.0,0.5027,-0.0053,0.0,0.5982,-0.1536,-0.1075,3.3294,0.0,0.0,0.0,3.80000007152557,up,2026-08-18T10:00:33,0.0,0.0
SPX,2026-11-20,91,Call,4250.0,SPX261120C04250000,3447.3,3466.5,3456.9,3264.0,0.0,0.0,0.0,2.0,0.5259,0.9943,0.0,0.6233,-0.1587,10.5006,3451.6468,0.0,0.0,0.0,3432.0,down,2026-07-01T09:40:30,0.0,0.0
SPX,2026-11-20,91,Put,4250.0,SPX261120P04250000,3.3,3.6,3.45,3.8,0.0,0.0,0.0,797.0,0.4962,-0.0056,0.0,0.6231,-0.1587,-0.1126,3.4593,0.0,0.0,0.0,3.85000002384186,up,2026-08-20T10:01:35,0.0,0.0
SPX,2026-11-20,91,Call,4300.0,SPX261120C04300000,3393.4,3416.9,3405.15,0.0,0.0,0.0,0.0,0.0,0.5182,0.994,0.0,0.6557,-0.165,10.6186,3402.3803,0.0,0.0,0.0,3382.94995117188,no_change,,0.0,0.0
SPXW,2026-11-20,91,Call,4300.0,SPXW261120C04300000,3394.1,3417.4,3405.75,0.0,0.0,0.0,0.0,0.0,0.5152,0.9939,0.0,0.6622,-0.1662,10.6173,3402.2148,0.0,0.0,0.0,3383.80004882812,no_change,,0.0,0.0
SPX,2026-11-20,91,Put,4300.0,SPX261120P04300000,3.5,3.8,3.65,3.58,-0.47,-11.6049,1.0,1081.0,0.4898,-0.0059,0.0,0.6555,-0.165,-0.1191,3.637,3.58,3.58,3.58,4.04999995231628,down,2026-08-21T12:21:56,0.0,0.0
SPXW,2026-11-20,91,Put,4300.0,SPXW261120P04300000,3.6,3.8,3.7,4.2,0.0,0.0,0.0,19.0,0.4898,-0.006,0.0,0.662,-0.1661,-0.1203,3.6809,0.0,0.0,0.0,4.09999990463257,no_change,2026-08-18T14:08:25,0.0,0.0
SPX,2026-11-20,91,Call,4350.0,SPX261120C04350000,3344.1,3365.9,3355.0,3218.0,0.0,0.0,0.0,4.0,0.5106,0.9937,0.0,0.6897,-0.1715,10.7362,3353.1212,0.0,0.0,0.0,3333.55004882812,up,2026-07-01T12:41:20,0.0,0.0
SPX,2026-11-20,91,Put,4350.0,SPX261120P04350000,3.6,4.0,3.8,3.9,0.0,0.0,0.0,385.0,0.4841,-0.0062,0.0,0.6896,-0.1714,-0.126,3.8221,0.0,0.0,0.0,4.25,down,2026-08-19T11:13:30,0.0,0.0
SPX,2026-11-20,91,Call,4400.0,SPX261120C04400000,3299.4,3318.6,3309.0,2586.48,0.0,0.0,0.0,1.0,0.503,0.9933,0.0,0.7254,-0.1781,10.8535,3303.8698,0.0,0.0,0.0,3284.20007324219,down,2026-02-26T12:49:28,0.0,0.0
SPXW,2026-11-20,91,Call,4400.0,SPXW261120C04400000,3294.9,3318.5,3306.7,0.0,0.0,0.0,0.0,0.0,0.5001,0.9932,0.0,0.7327,-0.1794,10.852,3303.7099,0.0,0.0,0.0,3285.30004882812,no_change,,0.0,0.0
SPX,2026-11-20,91,Put,4400.0,SPX261120P04400000,3.8,4.2,4.0,4.1,0.0,0.0,0.0,315.0,0.4783,-0.0066,0.0,0.7252,-0.1781,-0.1333,4.015,0.0,0.0,0.0,4.45000004768372,down,2026-08-19T15:00:13,0.0,0.0
SPXW,2026-11-20,91,Put,4400.0,SPXW261120P04400000,3.9,4.2,4.05,4.18,0.0,0.0,0.0,1107.0,0.4783,-0.0067,0.0,0.7325,-0.1793,-0.1346,4.0647,0.0,0.0,0.0,4.59999990463257,down,2026-08-17T10:16:01,0.0,0.0
SPX,2026-11-20,91,Call,4450.0,SPX261120C04450000,3245.5,3269.2,3257.35,3110.8,0.0,0.0,0.0,4.0,0.4955,0.9929,0.0,0.7625,-0.1849,10.9703,3254.6265,0.0,0.0,0.0,3235.30004882812,up,2026-07-01T11:09:14,0.0,0.0
SPX,2026-11-20,91,Put,4450.0,SPX261120P04450000,4.0,4.3,4.15,4.38,0.0,0.0,0.0,333.0,0.4724,-0.007,0.0,0.7624,-0.1849,-0.141,4.2161,0.0,0.0,0.0,4.65000009536743,no_change,2026-08-19T10:43:03,0.0,0.0
SPX,2026-11-20,91,Call,4500.0,SPX261120C04500000,3196.2,3219.5,3207.85,3210.5,24.6499,0.773731,1.0,8.0,0.4879,0.9925,0.0,0.8011,-0.1919,11.0867,3205.3919,3210.5,3210.5,3210.5,3185.85009765625,up,2026-08-21T11:16:57,0.0,0.0
SPXW,2026-11-20,91,Call,4500.0,SPXW261120C04500000,3196.3,3220.0,3208.15,0.0,0.0,0.0,0.0,0.0,0.4852,0.9924,0.0,0.8094,-0.1934,11.085,3205.2402,0.0,0.0,0.0,3186.90002441406,no_change,,0.0,0.0
SPX,2026-11-20,91,Put,4500.0,SPX261120P04500000,4.2,4.5,4.35,4.3,-0.65,-13.1313,3.0,4585.0,0.4657,-0.0074,0.0,0.801,-0.1919,-0.1491,4.4257,4.4,4.4,4.3,4.95000004768372,down,2026-08-21T15:17:36,0.0,0.0
SPXW,2026-11-20,91,Put,4500.0,SPXW261120P04500000,4.3,4.6,4.449999999999999,4.9,0.0,0.0,0.0,58.0,0.4663,-0.0074,0.0,0.8093,-0.1933,-0.1507,4.4836,0.0,0.0,0.0,5.0,down,2026-08-20T10:23:44,0.0,0.0
SPX,2026-11-20,91,Call,4550.0,SPX261120C04550000,3147.0,3170.6,3158.8,3004.7,0.0,0.0,0.0,2.0,0.4814,0.9921,0.0,0.841,-0.199,11.2028,3156.1661,0.0,0.0,0.0,3136.75,down,2026-07-01T10:30:43,0.0,0.0
SPX,2026-11-20,91,Put,4550.0,SPX261120P04550000,4.4,4.7,4.550000000000001,5.1,0.0,0.0,0.0,633.0,0.4609,-0.0078,0.0,0.841,-0.199,-0.1576,4.6447,0.0,0.0,0.0,5.15000009536743,no_change,2026-08-20T16:03:31,0.0,0.0
SPX,2026-11-20,91,Call,4600.0,SPX261120C04600000,3100.5,3121.6,3111.05,2238.21,0.0,0.0,0.0,1.0,0.4739,0.9917,0.0,0.8824,-0.2064,11.3184,3106.9496,0.0,0.0,0.0,3087.69995117188,no_change,2025-11-21T13:56:38,0.0,0.0
SPXW,2026-11-20,91,Call,4600.0,SPXW261120C04600000,3098.5,3121.7,3110.1,0.0,0.0,0.0,0.0,0.0,0.4713,0.9916,0.0,0.892,-0.2081,11.3164,3106.8085,0.0,0.0,0.0,3088.5,no_change,,0.0,0.0
SPX,2026-11-20,91,Put,4600.0,SPX261120P04600000,4.7,5.0,4.85,4.86,-0.59,-10.8257,1.0,1493.0,0.4541,-0.0082,0.0,0.8825,-0.2064,-0.1665,4.8722,4.86,4.86,4.86,5.45000004768372,down,2026-08-21T14:30:33,0.0,0.0
SPXW,2026-11-20,91,Put,4600.0,SPXW261120P04600000,4.8,5.0,4.9,4.8,-0.7,-12.7273,2.0,342.0,0.4552,-0.0083,0.0,0.892,-0.2081,-0.1684,4.9406,4.8,4.8,4.8,5.5,down,2026-08-21T13:00:20,0.0,0.0
SPX,2026-11-20,91,Call,4625.0,SPX261120C04625000,3073.1,3096.6,3084.85,0.0,0.0,0.0,0.0,0.0,0.4706,0.9914,0.0,0.9037,-0.2101,11.3761,3082.3449,0.0,0.0,0.0,3062.80004882812,no_change,,0.0,0.0
SPX,2026-11-20,91,Put,4625.0,SPX261120P04625000,4.8,5.1,4.949999999999999,5.55,0.0,0.0,0.0,373.0,0.4516,-0.0085,0.0,0.9038,-0.2101,-0.1711,4.9897,0.0,0.0,0.0,5.54999995231628,down,2026-08-12T10:02:54,0.0,0.0
SPX,2026-11-20,91,Call,4650.0,SPX261120C04650000,3048.5,3070.2,3059.35,3170.37,0.0,0.0,0.0,5.0,0.4674,0.9912,0.0,0.9255,-0.2139,11.4337,3057.7426,0.0,0.0,0.0,3038.40002441406,up,2026-08-14T15:25:20,0.0,0.0
SPX,2026-11-20,91,Put,4650.0,SPX261120P04650000,4.9,5.2,5.050000000000001,5.2,0.0,0.0,0.0,688.0,0.4485,-0.0087,0.0,0.9256,-0.2139,-0.1758,5.1097,0.0,0.0,0.0,5.65000009536743,down,2026-08-19T12:06:12,0.0,0.0
SPX,2026-11-20,91,Call,4675.0,SPX261120C04675000,3023.9,3047.6,3035.75,0.0,0.0,0.0,0.0,0.0,0.464,0.991,0.0,0.9478,-0.2177,11.4912,3033.1429,0.0,0.0,0.0,3013.64990234375,no_change,,0.0,0.0
SPX,2026-11-20,91,Put,4675.0,SPX261120P04675000,5.0,5.3,5.15,5.4,0.0,0.0,0.0,354.0,0.4459,-0.0089,0.0,0.9479,-0.2178,-0.1806,5.2321,0.0,0.0,0.0,5.84999990463257,down,2026-08-14T15:59:55,0.0,0.0
SPX,2026-11-20,91,Call,4700.0,SPX261120C04700000,3003.9,3023.1,3013.5,3009.32,20.3699,0.681508,1.0,3.0,0.4598,0.9907,0.0,0.9705,-0.2216,11.5485,3008.5457,3009.32,3009.32,3009.32,2988.95007324219,up,2026-08-21T14:15:55,0.0,0.0
SPXW,2026-11-20,91,Call,4700.0,SPXW261120C04700000,2999.6,3023.3,3011.45,0.0,0.0,0.0,0.0,0.0,0.4583,0.9906,0.0,0.9816,-0.2237,11.5462,3008.4172,0.0,0.0,0.0,2990.04992675781,no_change,,0.0,0.0
SPX,2026-11-20,91,Put,4700.0,SPX261120P04700000,5.1,5.4,5.25,5.35,-0.6,-10.084,101.0,1002.0,0.4422,-0.0092,0.0,0.9707,-0.2216,-0.1855,5.3571,5.5,5.5,5.35,5.95000004768372,down,2026-08-21T14:15:55,0.0,0.0
SPXW,2026-11-20,91,Put,4700.0,SPXW261120P04700000,5.3,5.5,5.4,5.5,-0.6,-9.83606,7.0,83.0,0.4426,-0.0093,0.0,0.9817,-0.2237,-0.1876,5.438,5.6,5.6,5.3,6.09999990463257,no_change,2026-08-21T12:05:35,0.0,0.0
SPX,2026-11-20,91,Call,4725.0,SPX261120C04725000,2974.6,2998.1,2986.35,0.0,0.0,0.0,0.0,0.0,0.4565,0.9905,0.0,0.9939,-0.2256,11.6058,2983.951,0.0,0.0,0.0,2964.34997558594,no_change,,0.0,0.0
SPX,2026-11-20,91,Put,4725.0,SPX261120P04725000,5.3,5.6,5.449999999999999,5.8,0.0,0.0,0.0,144.0,0.4401,-0.0094,0.0,0.994,-0.2256,-0.1905,5.4847,0.0,0.0,0.0,6.10000014305115,no_change,2026-08-13T15:59:55,0.0,0.0
SPX,2026-11-20,91,Call,4750.0,SPX261120C04750000,2953.4,2973.9,2963.65,2248.2,0.0,0.0,0.0,2.0,0.4532,0.9902,0.0,1.0178,-0.2295,11.6628,2959.3591,0.0,0.0,0.0,2941.54992675781,down,2025-11-05T10:14:03,0.0,0.0
SPX,2026-11-20,91,Put,4750.0,SPX261120P04750000,5.4,5.7,5.550000000000001,5.6,-0.65,-10.4,4.0,415.0,0.4374,-0.0097,0.0,1.018,-0.2296,-0.1957,5.615,5.6,5.6,5.51,6.25,up,2026-08-21T15:59:49,0.0,0.0
SPX,2026-11-20,91,Call,4775.0,SPX261120C04775000,2925.4,2948.9,2937.15,2664.0,0.0,0.0,0.0,1.0,0.4499,0.99,0.0,1.0423,-0.2336,11.7198,2934.7699,0.0,0.0,0.0,2915.35009765625,down,2026-05-12T13:00:08,0.0,0.0
SPX,2026-11-20,91,Put,4775.0,SPX261120P04775000,5.5,5.9,5.7,5.7,-0.7,-10.9375,1.0,243.0,0.4342,-0.01,0.0,1.0426,-0.2336,-0.201,5.748,5.7,5.7,5.7,6.39999985694885,down,2026-08-21T15:59:38,0.0,0.0
SPX,2026-11-20,91,Call,4800.0,SPX261120C04800000,2900.8,2924.1,2912.45,2126.47,0.0,0.0,0.0,7.0,0.4466,0.9897,0.0,1.0675,-0.2376,11.7766,2910.1835,0.0,0.0,0.0,2890.65002441406,down,2025-12-17T11:35:47,0.0,0.0
SPXW,2026-11-20,91,Call,4800.0,SPXW261120C04800000,2900.9,2924.7,2912.8,0.0,0.0,0.0,0.0,0.0,0.4443,0.9895,0.0,1.0806,-0.2401,11.7738,2910.0696,0.0,0.0,0.0,2891.75,no_change,,0.0,0.0
SPX,2026-11-20,91,Put,4800.0,SPX261120P04800000,5.7,6.0,5.85,6.0,-0.55,-8.39695,48.0,2234.0,0.431,-0.0102,0.0,1.0678,-0.2377,-0.2065,5.8839,6.02,6.02,6.0,6.54999995231628,down,2026-08-21T15:59:55,0.0,0.0
SPXW,2026-11-20,91,Put,4800.0,SPXW261120P04800000,5.8,6.0,5.9,5.9,0.0,0.0,0.0,42.0,0.4318,-0.0104,0.0,1.0808,-0.2401,-0.2091,5.9791,0.0,0.0,0.0,6.70000004768372,down,2026-08-19T15:36:01,0.0,0.0
SPX,2026-11-20,91,Call,4825.0,SPX261120C04825000,2876.2,2899.9,2888.05,0.0,0.0,0.0,0.0,0.0,0.4433,0.9894,0.0,1.0933,-0.2418,11.8332,2885.6001,0.0,0.0,0.0,2867.84997558594,no_change,,0.0,0.0
SPX,2026-11-20,91,Put,4825.0,SPX261120P04825000,5.8,6.1,5.949999999999999,6.2,-0.55,-8.14815,2.0,297.0,0.4283,-0.0105,0.0,1.0936,-0.2418,-0.2121,6.0227,6.0,6.2,6.0,6.75,up,2026-08-21T15:59:55,0.0,0.0
SPX,2026-11-20,91,Call,4850.0,SPX261120C04850000,2851.6,2875.3,2863.45,2758.98,0.0,0.0,0.0,4.0,0.4399,0.9891,0.0,1.1198,-0.246,11.8897,2861.0197,0.0,0.0,0.0,2841.25,up,2026-07-06T16:03:44,0.0,0.0
SPX,2026-11-20,91,Put,4850.0,SPX261120P04850000,6.0,6.2,6.1,7.1,0.0,0.0,0.0,1228.0,0.426,-0.0108,0.0,1.1201,-0.246,-0.2179,6.1646,0.0,0.0,0.0,6.84999990463257,up,2026-08-20T15:59:55,0.0,0.0
SPX,2026-11-20,91,Call,4875.0,SPX261120C04875000,2827.1,2850.7,2838.8999999999996,0.0,0.0,0.0,0.0,0.0,0.4366,0.9888,0.0,1.1468,-0.2502,11.9459,2836.4424,0.0,0.0,0.0,2817.05004882812,no_change,,0.0,0.0
SPX,2026-11-20,91,Put,4875.0,SPX261120P04875000,6.1,6.4,6.25,6.5,-0.55,-7.80142,1.0,469.0,0.4227,-0.0111,0.0,1.1472,-0.2503,-0.2239,6.3096,6.5,6.5,6.5,7.04999995231628,down,2026-08-21T15:59:55,0.0,0.0
SPX,2026-11-20,91,Call,4900.0,SPX261120C04900000,2802.5,2826.2,2814.35,2663.9,0.0,0.0,0.0,3.0,0.4332,0.9885,0.0,1.1745,-0.2545,12.002,2811.8684,0.0,0.0,0.0,2792.40002441406,up,2026-07-01T10:45:04,0.0,0.0
SPXW,2026-11-20,91,Call,4900.0,SPXW261120C04900000,2803.3,2826.5,2814.9,0.0,0.0,0.0,0.0,0.0,0.4319,0.9883,0.0,1.1896,-0.2573,11.9987,2811.7708,0.0,0.0,0.0,2793.59997558594,no_change,,0.0,0.0
SPX,2026-11-20,91,Put,4900.0,SPX261120P04900000,6.3,6.5,6.4,6.6,-0.6,-8.33333,1.0,730.0,0.4203,-0.0114,0.0,1.1749,-0.2546,-0.2301,6.4579,6.6,6.6,6.6,7.20000004768372,down,2026-08-21T15:59:55,0.0,0.0
SPXW,2026-11-20,91,Put,4900.0,SPXW261120P04900000,6.4,6.6,6.5,6.5,0.0,0.0,0.0,201.0,0.4206,-0.0116,0.0,1.1898,-0.2573,-0.2332,6.5691,0.0,0.0,0.0,7.34999990463257,down,2026-08-14T14:38:35,0.0,0.0
SPX,2026-11-20,91,Call,4925.0,SPX261120C04925000,2777.9,2801.2,2789.55,2635.0,0.0,0.0,0.0,4.0,0.4307,0.9882,0.0,1.2028,-0.2589,12.058,2787.2978,0.0,0.0,0.0,2767.94995117188,up,2026-06-18T09:41:01,0.0,0.0
SPX,2026-11-20,91,Put,4925.0,SPX261120P04925000,6.4,6.7,6.550000000000001,7.7,0.0,0.0,0.0,550.0,0.417,-0.0117,0.0,1.2032,-0.259,-0.2365,6.6095,0.0,0.0,0.0,7.34999990463257,down,2026-08-20T15:59:55,0.0,0.0
SPX,2026-11-20,91,Call,4950.0,SPX261120C04950000,2753.3,2776.6,2764.95,2758.0,0.0,0.0,0.0,6.0,0.4273,0.9879,0.0,1.2316,-0.2633,12.1137,2762.7306,0.0,0.0,0.0,2743.40002441406,up,2026-08-20T13:34:27,0.0,0.0
SPX,2026-11-20,91,Put,4950.0,SPX261120P04950000,6.6,6.9,6.75,6.8,-0.75,-9.93377,2.0,366.0,0.4146,-0.012,0.0,1.232,-0.2634,-0.243,6.7646,6.8,6.8,6.8,7.54999995231628,down,2026-08-21T15:53:03,0.0,0.0
SPX,2026-11-20,91,Call,4975.0,SPX261120C04975000,2733.6,2752.6,2743.1,0.0,0.0,0.0,0.0,0.0,0.4239,0.9876,0.0,1.261,-0.2678,12.1692,2738.1669,0.0,0.0,0.0,2719.05004882812,no_change,,0.0,0.0
SPX,2026-11-20,91,Put,4975.0,SPX261120P04975000,6.7,7.0,6.85,8.0,0.0,0.0,0.0,115.0,0.4112,-0.0124,0.0,1.2614,-0.2679,-0.2497,6.9233,0.0,0.0,0.0,7.75,down,2026-08-20T15:59:55,0.0,0.0
SPX,2026-11-20,91,Call,5000.0,SPX261120C05000000,2704.2,2727.8,2716.0,2746.65,0.0,0.0,0.0,355.0,0.4205,0.9872,0.0,1.2909,-0.2723,12.2246,2713.607,0.0,0.0,0.0,2694.25,down,2026-08-18T12:33:05,0.0,0.0
SPXW,2026-11-20,91,Call,5000.0,SPXW261120C05000000,2707.2,2728.2,2717.7,0.0,0.0,0.0,0.0,0.0,0.4192,0.987,0.0,1.3078,-0.2755,12.2208,2713.527,0.0,0.0,0.0,2695.34997558594,no_change,,0.0,0.0
SPX,2026-11-20,91,Put,5000.0,SPX261120P05000000,6.9,7.2,7.050000000000001,7.13,-0.82,-10.3145,2.0,5667.0,0.4088,-0.0127,0.0,1.2914,-0.2724,-0.2566,7.0857,7.13,7.13,7.13,7.9500002861023,down,2026-08-21T14:30:33,0.0,0.0
SPXW,2026-11-20,91,Put,5000.0,SPXW261120P05000000,7.0,7.3,7.15,8.3,0.0,0.0,0.0,191.0,0.4089,-0.0129,0.0,1.3081,-0.2755,-0.2602,7.214,0.0,0.0,0.0,8.09999990463257,up,2026-08-10T11:21:21,0.0,0.0
SPX,2026-11-20,91,Call,5025.0,SPX261120C05025000,2679.6,2703.3,2691.45,1751.86,0.0,0.0,0.0,6.0,0.4178,0.9869,0.0,1.3214,-0.2769,12.2798,2689.0508,0.0,0.0,0.0,2669.80004882812,down,2026-03-19T11:29:53,0.0,0.0
SPX,2026-11-20,91,Put,5025.0,SPX261120P05025000,7.1,7.4,7.25,8.2,0.0,0.0,0.0,120.0,0.4062,-0.013,0.0,1.3214,-0.2769,-0.2635,7.248,0.0,0.0,0.0,8.15000009536743,up,2026-08-20T15:55:05,0.0,0.0
SPX,2026-11-20,91,Call,5050.0,SPX261120C05050000,2655.1,2678.9,2667.0,2727.04,0.0,0.0,0.0,1.0,0.4144,0.9865,0.0,1.3524,-0.2816,12.3349,2664.4984,0.0,0.0,0.0,2645.45007324219,up,2026-08-07T10:16:55,0.0,0.0
SPX,2026-11-20,91,Put,5050.0,SPX261120P05050000,7.2,7.5,7.35,7.4,-0.95,-11.3772,2.0,3282.0,0.4033,-0.0134,0.0,1.3524,-0.2816,-0.2707,7.4177,7.5,7.5,7.4,8.34999990463257,down,2026-08-21T15:56:49,0.0,0.0
SPX,2026-11-20,91,Call,5075.0,SPX261120C05075000,2630.5,2654.2,2642.35,0.0,0.0,0.0,0.0,0.0,0.411,0.9861,0.0,1.3841,-0.2863,12.3898,2639.9501,0.0,0.0,0.0,2620.65002441406,no_change,,0.0,0.0
SPX,2026-11-20,91,Put,5075.0,SPX261120P05075000,7.4,7.7,7.550000000000001,7.8,-0.75,-8.77193,1.0,230.0,0.4003,-0.0138,0.0,1.3841,-0.2863,-0.2781,7.5913,7.8,7.8,7.8,8.5499997138977,down,2026-08-21T15:59:55,0.0,0.0
SPX,2026-11-20,91,Call,5100.0,SPX261120C05100000,2606.2,2629.8,2618.0,2696.64,0.0,0.0,0.0,23.0,0.4083,0.9858,0.0,1.4165,-0.2911,12.4445,2615.4057,0.0,0.0,0.0,2596.45007324219,up,2026-08-11T11:27:04,0.0,0.0
SPXW,2026-11-20,91,Call,5100.0,SPXW261120C05100000,2606.8,2630.0,2618.4,0.0,0.0,0.0,0.0,0.0,0.4071,0.9855,0.0,1.4354,-0.2947,12.4402,2615.3441,0.0,0.0,0.0,2597.29992675781,no_change,,0.0,0.0
SPX,2026-11-20,91,Put,5100.0,SPX261120P05100000,7.6,7.9,7.75,7.8,-0.95,-10.8571,31.0,486.0,0.3976,-0.0141,0.0,1.4165,-0.2911,-0.2857,7.769,7.6,7.8,7.6,8.75,up,2026-08-21T15:59:58,0.0,0.0
SPXW,2026-11-20,91,Put,5100.0,SPXW261120P05100000,7.7,8.0,7.85,8.7,0.0,0.0,0.0,118.0,0.3977,-0.0144,0.0,1.4358,-0.2947,-0.2899,7.92,0.0,0.0,0.0,8.90000009536743,down,2026-08-20T10:09:34,0.0,0.0
SPX,2026-11-20,91,Call,5125.0,SPX261120C05125000,2585.4,2605.2,2595.3,0.0,0.0,0.0,0.0,0.0,0.4049,0.9854,0.0,1.4496,-0.296,12.499,2590.8656,0.0,0.0,0.0,2571.69995117188,no_change,,0.0,0.0
SPX,2026-11-20,91,Put,5125.0,SPX261120P05125000,7.8,8.1,7.949999999999999,8.1,-0.85,-9.49721,1.0,3031.0,0.3946,-0.0145,0.0,1.4496,-0.296,-0.2934,7.9509,8.1,8.1,8.1,8.9500002861023,down,2026-08-21T15:59:55,0.0,0.0
SPX,2026-11-20,91,Call,5150.0,SPX261120C05150000,2556.8,2580.5,2568.65,2572.23,24.98,0.980665,1.0,0.0,0.4021,0.985,0.0,1.4835,-0.3009,12.5534,2566.3297,2572.23,2572.23,2572.23,2547.25,up,2026-08-21T15:19:55,0.0,0.0
SPX,2026-11-20,91,Put,5150.0,SPX261120P05150000,8.0,8.3,8.15,8.3,-0.85,-9.28962,1.0,852.0,0.3919,-0.0149,0.0,1.4835,-0.3009,-0.3013,8.1371,8.3,8.3,8.3,9.15000009536743,down,2026-08-21T15:59:55,0.0,0.0
SPX,2026-11-20,91,Call,5175.0,SPX261120C05175000,2535.4,2556.1,2545.75,0.0,0.0,0.0,0.0,0.0,0.3987,0.9846,0.0,1.5183,-0.3059,12.6075,2541.7982,0.0,0.0,0.0,2522.70007324219,no_change,,0.0,0.0
SPX,2026-11-20,91,Put,5175.0,SPX261120P05175000,8.1,8.5,8.3,8.3,-1.05,-11.2299,7.0,178.0,0.3895,-0.0153,0.0,1.5186,-0.306,-0.3095,8.329,8.5,8.5,8.3,9.34999990463257,down,2026-08-21T15:58:13,0.0,0.0
SPX,2026-11-20,91,Call,5200.0,SPX261120C05200000,2507.7,2531.5,2519.6,2273.83,0.0,0.0,0.0,3.0,0.3958,0.9841,0.0,1.554,-0.311,12.6614,2517.2713,0.0,0.0,0.0,2498.25,down,2026-07-29T14:00:34,0.0,0.0
SPXW,2026-11-20,91,Call,5200.0,SPXW261120C05200000,2507.9,2531.7,2519.8,0.0,0.0,0.0,0.0,0.0,0.3947,0.9839,0.0,1.5753,-0.3149,12.6565,2517.2284,0.0,0.0,0.0,2499.25,no_change,,0.0,0.0
SPX,2026-11-20,91,Put,5200.0,SPX261120P05200000,8.4,8.7,8.55,8.83,-0.77,-8.02083,84.0,1905.0,0.3864,-0.0158,0.0,1.5543,-0.311,-0.3179,8.5242,8.83,8.83,8.83,9.59999990463257,no_change,2026-08-21T10:22:32,0.0,0.0
SPXW,2026-11-20,91,Put,5200.0,SPXW261120P05200000,8.5,8.8,8.65,8.9,0.0,0.0,0.0,155.0,0.3869,-0.016,0.0,1.5753,-0.3149,-0.3225,8.6899,0.0,0.0,0.0,9.7999997138977,up,2026-08-17T10:11:15,0.0,0.0
SPX,2026-11-20,91,Call,5225.0,SPX261120C05225000,2483.2,2506.7,2494.95,0.0,0.0,0.0,0.0,0.0,0.393,0.9837,0.0,1.5908,-0.3162,12.715,2492.7491,0.0,0.0,0.0,2473.65002441406,no_change,,0.0,0.0
SPX,2026-11-20,91,Put,5225.0,SPX261120P05225000,8.5,8.9,8.7,9.9,0.0,0.0,0.0,484.0,0.384,-0.0162,0.0,1.591,-0.3162,-0.3265,8.724,0.0,0.0,0.0,9.84999990463257,down,2026-08-20T15:59:14,0.0,0.0
SPX,2026-11-20,91,Call,5250.0,SPX261120C05250000,2458.7,2482.0,2470.35,1642.18,0.0,0.0,0.0,1.0,0.3895,0.9833,0.0,1.6285,-0.3214,12.7683,2468.2318,0.0,0.0,0.0,2449.20007324219,up,2025-11-21T13:32:10,0.0,0.0
SPX,2026-11-20,91,Put,5250.0,SPX261120P05250000,8.8,9.1,8.95,9.0,-1.05,-10.4478,49.0,5293.0,0.3808,-0.0166,0.0,1.6288,-0.3214,-0.3355,8.9288,8.99,9.0,8.99,10.0499997138977,up,2026-08-21T14:57:07,0.0,0.0
SPX,2026-11-20,91,Call,5275.0,SPX261120C05275000,2434.2,2457.8,2446.0,0.0,0.0,0.0,0.0,0.0,0.3866,0.9828,0.0,1.6673,-0.3267,12.8214,2443.7196,0.0,0.0,0.0,2424.70007324219,no_change,,0.0,0.0
SPX,2026-11-20,91,Put,5275.0,SPX261120P05275000,9.0,9.3,9.15,10.4,0.0,0.0,0.0,297.0,0.3784,-0.0171,0.0,1.6676,-0.3267,-0.3447,9.1387,0.0,0.0,0.0,10.3000001907349,down,2026-08-20T15:59:13,0.0,0.0
SPX,2026-11-20,91,Call,5300.0,SPX261120C05300000,2409.7,2431.6,2420.6499999999996,1765.91,0.0,0.0,0.0,1.0,0.3838,0.9823,0.0,1.7072,-0.332,12.8741,2419.2127,0.0,0.0,0.0,2400.25,down,2025-12-12T14:46:49,0.0,0.0
SPXW,2026-11-20,91,Call,5300.0,SPXW261120C05300000,2410.6,2433.7,2422.1499999999996,0.0,0.0,0.0,0.0,0.0,0.3826,0.982,0.0,1.7308,-0.3362,12.8686,2419.1887,0.0,0.0,0.0,2401.34997558594,no_change,,0.0,0.0
SPX,2026-11-20,91,Put,5300.0,SPX261120P05300000,9.2,9.6,9.399999999999999,10.7,0.0,0.0,0.0,1872.0,0.3755,-0.0176,0.0,1.7075,-0.3321,-0.3542,9.3539,0.0,0.0,0.0,10.5499997138977,up,2026-08-20T15:59:50,0.0,0.0
SPXW,2026-11-20,91,Put,5300.0,SPXW261120P05300000,9.4,9.6,9.5,9.95,0.0,0.0,0.0,87.0,0.3762,-0.0178,0.0,1.7308,-0.3362,-0.3595,9.5385,0.0,0.0,0.0,10.75,down,2026-08-17T12:54:41,0.0,0.0
SPX,2026-11-20,91,Call,5325.0,SPX261120C05325000,2385.1,2408.8,2396.95,0.0,0.0,0.0,0.0,0.0,0.3808,0.9818,0.0,1.748,-0.3375,12.9265,2394.7114,0.0,0.0,0.0,2375.75,no_change,,0.0,0.0
SPX,2026-11-20,91,Put,5325.0,SPX261120P05325000,9.4,9.8,9.600000000000001,10.9,0.0,0.0,0.0,649.0,0.3729,-0.0181,0.0,1.7484,-0.3376,-0.364,9.5746,0.0,0.0,0.0,10.8000001907349,down,2026-08-20T15:59:13,0.0,0.0
SPX,2026-11-20,91,Call,5350.0,SPX261120C05350000,2360.6,2384.4,2372.5,0.0,0.0,0.0,0.0,0.0,0.3779,0.9813,0.0,1.7899,-0.3431,12.9786,2370.2157,0.0,0.0,0.0,2351.30004882812,no_change,,0.0,0.0
SPXW,2026-11-20,91,Call,5350.0,SPXW261120C05350000,2360.8,2384.4,2372.6000000000004,0.0,0.0,0.0,0.0,0.0,0.3768,0.981,0.0,1.8145,-0.3474,12.9728,2370.2013,0.0,0.0,0.0,2352.55004882812,no_change,,0.0,0.0
SPX,2026-11-20,91,Put,5350.0,SPX261120P05350000,9.7,10.0,9.85,9.9,-1.2,-10.8108,58.0,447.0,0.37,-0.0186,0.0,1.7902,-0.3431,-0.3742,9.801,10.19,10.19,9.9,11.0999999046326,no_change,2026-08-21T14:57:10,0.0,0.0
SPXW,2026-11-20,91,Put,5350.0,SPXW261120P05350000,9.8,10.1,9.95,10.0,-1.3,-11.5044,10.0,129.0,0.3706,-0.0188,0.0,1.8147,-0.3474,-0.3799,9.9959,10.1,10.1,10.0,11.2999997138977,no_change,2026-08-21T15:59:30,0.0,0.0
SPX,2026-11-20,91,Call,5375.0,SPX261120C05375000,2336.1,2359.7,2347.8999999999996,0.0,0.0,0.0,0.0,0.0,0.3749,0.9808,0.0,1.8327,-0.3487,13.0304,2345.7261,0.0,0.0,0.0,2326.84997558594,no_change,,0.0,0.0
SPX,2026-11-20,91,Put,5375.0,SPX261120P05375000,9.9,10.3,10.100000000000001,10.3,-1.05,-9.2511,73.0,1113.0,0.3671,-0.0191,0.0,1.833,-0.3487,-0.3848,10.0335,10.0,10.3,9.9,11.3499999046326,no_change,2026-08-21T15:59:55,0.0,0.0
SPX,2026-11-20,91,Call,5400.0,SPX261120C05400000,2311.7,2335.5,2323.6,2403.43,0.0,0.0,0.0,490.0,0.3719,0.9803,0.0,1.8765,-0.3544,13.0818,2321.2426,0.0,0.0,0.0,2302.40002441406,no_change,2026-08-10T14:28:36,0.0,0.0
SPXW,2026-11-20,91,Call,5400.0,SPXW261120C05400000,2312.6,2335.7,2324.1499999999996,0.0,0.0,0.0,0.0,0.0,0.3709,0.98,0.0,1.902,-0.3589,13.0756,2321.2377,0.0,0.0,0.0,2303.5,no_change,,0.0,0.0
SPX,2026-11-20,91,Put,5400.0,SPX261120P05400000,10.1,10.5,10.3,10.4,-1.25,-10.7296,2851.0,3398.0,0.3647,-0.0196,0.0,1.8768,-0.3544,-0.3956,10.2721,10.6,10.6,10.3,11.6500000953674,no_change,2026-08-21T15:55:11,0.0,0.0
SPXW,2026-11-20,91,Put,5400.0,SPXW261120P05400000,10.3,10.6,10.45,13.5,0.0,0.0,0.0,36.0,0.3653,-0.0199,0.0,1.9021,-0.3589,-0.4016,10.4765,0.0,0.0,0.0,11.8499999046326,no_change,2026-08-05T12:57:02,0.0,0.0
SPX,2026-11-20,91,Call,5425.0,SPX261120C05425000,2287.2,2310.7,2298.95,0.0,0.0,0.0,0.0,0.0,0.3689,0.9797,0.0,1.9211,-0.3602,13.1328,2296.7656,0.0,0.0,0.0,2277.94995117188,no_change,,0.0,0.0
SPX,2026-11-20,91,Put,5425.0,SPX261120P05425000,10.4,10.8,10.600000000000001,10.6,-1.3,-10.9244,5.0,223.0,0.362,-0.0202,0.0,1.9215,-0.3603,-0.4068,10.5172,10.8,10.8,10.6,11.9000000953674,no_change,2026-08-21T15:55:26,0.0,0.0
SPX,2026-11-20,91,Call,5450.0,SPX261120C05450000,2273.1,2276.4,2274.75,0.0,0.0,0.0,0.0,0.0,0.3649,0.9792,0.0,1.9667,-0.3661,13.1836,2272.2953,0.0,0.0,0.0,2253.45007324219,no_change,,0.0,0.0
SPXW,2026-11-20,91,Call,5450.0,SPXW261120C05450000,2263.6,2286.8,2275.2,0.0,0.0,0.0,0.0,0.0,0.3654,0.9788,0.0,1.9929,-0.3707,13.1772,2272.2997,0.0,0.0,0.0,2254.59997558594,no_change,,0.0,0.0
SPX,2026-11-20,91,Put,5450.0,SPX261120P05450000,10.7,11.0,10.85,10.9,-1.3,-10.6557,51.0,665.0,0.3593,-0.0207,0.0,1.967,-0.3662,-0.4183,10.769,10.9,10.9,10.9,12.1999998092651,no_change,2026-08-21T15:55:10,0.0,0.0
SPXW,2026-11-20,91,Put,5450.0,SPXW261120P05450000,10.8,11.1,10.95,12.5,0.0,0.0,0.0,32.0,0.3598,-0.021,0.0,1.9931,-0.3707,-0.4245,10.9827,0.0,0.0,0.0,12.4000000953674,no_change,2026-08-20T15:56:39,0.0,0.0
SPX,2026-11-20,91,Call,5475.0,SPX261120C05475000,2248.4,2252.2,2250.3,0.0,0.0,0.0,0.0,0.0,0.3626,0.9786,0.0,2.0132,-0.3721,13.2341,2247.8318,0.0,0.0,0.0,2229.0,no_change,,0.0,0.0
SPX,2026-11-20,91,Put,5475.0,SPX261120P05475000,10.9,11.3,11.100000000000001,11.1,-1.4,-11.2,68.0,283.0,0.3565,-0.0213,0.0,2.0136,-0.3722,-0.4301,11.0276,11.5,11.5,11.1,12.5,down,2026-08-21T15:55:39,0.0,0.0
SPX,2026-11-20,91,Call,5500.0,SPX261120C05500000,2224.2,2227.3,2225.75,2113.82,0.0,0.0,0.0,14.0,0.3595,0.978,0.0,2.0607,-0.3782,13.2842,2223.3755,0.0,0.0,0.0,2204.59997558594,down,2026-06-17T13:31:10,0.0,0.0
SPXW,2026-11-20,91,Call,5500.0,SPXW261120C05500000,2214.7,2237.9,2226.3,2218.38,12.63,0.572594,1.0,0.0,0.3593,0.9776,0.0,2.0877,-0.3829,13.2776,2223.389,2218.38,2218.38,2218.38,2205.75,up,2026-08-21T09:51:48,0.0,0.0
SPX,2026-11-20,91,Put,5500.0,SPX261120P05500000,11.2,11.5,11.35,11.4,-1.4,-10.9375,2698.0,7598.0,0.3537,-0.0219,0.0,2.0611,-0.3783,-0.4422,11.2933,11.5,11.5,11.2,12.8000001907349,no_change,2026-08-21T15:55:16,0.0,0.0
SPXW,2026-11-20,91,Put,5500.0,SPXW261120P05500000,11.4,11.6,11.5,11.9,-1.1,-8.46154,6.0,85.0,0.3544,-0.0222,0.0,2.0879,-0.3829,-0.4487,11.5161,11.9,11.9,11.9,13.0,no_change,2026-08-21T09:51:48,0.0,0.0
SPX,2026-11-20,91,Call,5525.0,SPX261120C05525000,2199.5,2203.2,2201.35,0.0,0.0,0.0,0.0,0.0,0.3562,0.9774,0.0,2.1093,-0.3844,13.3341,2198.9264,0.0,0.0,0.0,2180.19995117188,no_change,,0.0,0.0
SPX,2026-11-20,91,Put,5525.0,SPX261120P05525000,11.5,11.8,11.65,11.7,-1.4,-10.687,2.0,349.0,0.3509,-0.0225,0.0,2.1097,-0.3845,-0.4546,11.5664,11.64,11.7,11.64,13.0999999046326,up,2026-08-21T15:55:10,0.0,0.0
SPX,2026-11-20,91,Call,5550.0,SPX261120C05550000,2175.4,2178.5,2176.95,1993.28,0.0,0.0,0.0,3.0,0.3531,0.9767,0.0,2.1591,-0.3907,13.3836,2174.4849,0.0,0.0,0.0,2155.80004882812,up,2026-06-12T14:57:39,0.0,0.0
SPXW,2026-11-20,91,Call,5550.0,SPXW261120C05550000,2165.0,2188.8,2176.9,0.0,0.0,0.0,0.0,0.0,0.3536,0.9764,0.0,2.187,-0.3955,13.3767,2174.5072,0.0,0.0,0.0,2156.94995117188,no_change,,0.0,0.0
SPX,2026-11-20,91,Put,5550.0,SPX261120P05550000,11.7,12.1,11.899999999999999,11.94,-1.51,-11.2268,212.0,992.0,0.3486,-0.0232,0.0,2.1595,-0.3908,-0.4674,11.847,12.3,12.3,11.94,13.4500002861023,no_change,2026-08-21T13:39:44,0.0,0.0
SPXW,2026-11-20,91,Put,5550.0,SPXW261120P05550000,11.9,12.2,12.05,13.2,0.0,0.0,0.0,60.0,0.349,-0.0235,0.0,2.1872,-0.3955,-0.4741,12.0785,0.0,0.0,0.0,13.5999999046326,up,2026-08-20T11:25:18,0.0,0.0
SPX,2026-11-20,91,Call,5575.0,SPX261120C05575000,2150.6,2154.3,2152.45,0.0,0.0,0.0,0.0,0.0,0.3505,0.9761,0.0,2.2102,-0.3971,13.4327,2150.0512,0.0,0.0,0.0,2131.39990234375,no_change,,0.0,0.0
SPX,2026-11-20,91,Put,5575.0,SPX261120P05575000,12.0,12.4,12.2,12.25,-1.5,-10.9091,2.0,253.0,0.3457,-0.0238,0.0,2.2106,-0.3972,-0.4805,12.1354,12.25,12.25,12.25,13.75,down,2026-08-21T13:03:23,0.0,0.0
SPX,2026-11-20,91,Call,5600.0,SPX261120C05600000,2126.4,2129.6,2128.0,2207.84,0.0,0.0,0.0,22.0,0.3474,0.9754,0.0,2.2628,-0.4036,13.4815,2125.6255,0.0,0.0,0.0,2107.0,up,2026-08-11T11:27:04,0.0,0.0
SPXW,2026-11-20,91,Call,5600.0,SPXW261120C05600000,2116.9,2140.1,2128.5,0.0,0.0,0.0,0.0,0.0,0.3478,0.975,0.0,2.2917,-0.4085,13.4743,2125.6565,0.0,0.0,0.0,2108.29992675781,no_change,,0.0,0.0
SPX,2026-11-20,91,Put,5600.0,SPX261120P05600000,12.3,12.7,12.5,12.55,-1.55,-10.9929,63.0,1762.0,0.343,-0.0245,0.0,2.2632,-0.4037,-0.4941,12.4318,12.9,12.9,12.55,14.0999999046326,down,2026-08-21T13:03:23,0.0,0.0
SPXW,2026-11-20,91,Put,5600.0,SPXW261120P05600000,12.5,12.8,12.65,13.3,0.0,0.0,0.0,222.0,0.3436,-0.0249,0.0,2.2919,-0.4085,-0.501,12.6719,0.0,0.0,0.0,14.2999997138977,down,2026-08-19T11:43:26,0.0,0.0
SPX,2026-11-20,91,Call,5625.0,SPX261120C05625000,2101.9,2105.4,2103.65,0.0,0.0,0.0,0.0,0.0,0.3447,0.9747,0.0,2.317,-0.4103,13.5298,2101.2083,0.0,0.0,0.0,2082.55004882812,no_change,,0.0,0.0
SPX,2026-11-20,91,Put,5625.0,SPX261120P05625000,12.6,13.0,12.8,12.86,-1.59,-11.0035,19.0,660.0,0.3403,-0.0252,0.0,2.3174,-0.4103,-0.508,12.7367,13.2,13.2,12.86,14.4500002861023,down,2026-08-21T14:50:56,0.0,0.0
SPX,2026-11-20,91,Call,5650.0,SPX261120C05650000,2077.7,2080.7,2079.2,0.0,0.0,0.0,0.0,0.0,0.3424,0.974,0.0,2.3728,-0.417,13.5776,2076.7997,0.0,0.0,0.0,2058.19995117188,no_change,,0.0,0.0
SPXW,2026-11-20,91,Call,5650.0,SPXW261120C05650000,2067.3,2091.1,2079.2,0.0,0.0,0.0,0.0,0.0,0.3423,0.9736,0.0,2.4027,-0.4219,13.5701,2076.839,0.0,0.0,0.0,2059.40002441406,no_change,,0.0,0.0
SPX,2026-11-20,91,Put,5650.0,SPX261120P05650000,12.9,13.3,13.100000000000001,13.2,-1.6,-10.8108,27.0,693.0,0.3376,-0.026,0.0,2.3732,-0.417,-0.5225,13.0502,13.2,13.2,13.2,14.8000001907349,down,2026-08-21T14:03:15,0.0,0.0
SPXW,2026-11-20,91,Put,5650.0,SPXW261120P05650000,13.2,13.4,13.3,17.3,0.0,0.0,0.0,26.0,0.3382,-0.0263,0.0,2.403,-0.4219,-0.5297,13.2986,0.0,0.0,0.0,15.0,no_change,2026-08-04T13:18:11,0.0,0.0
SPX,2026-11-20,91,Call,5675.0,SPX261120C05675000,2052.9,2056.6,2054.75,0.0,0.0,0.0,0.0,0.0,0.3394,0.9732,0.0,2.4303,-0.4238,13.6249,2052.4002,0.0,0.0,0.0,2033.85003662109,no_change,,0.0,0.0
SPX,2026-11-20,91,Put,5675.0,SPX261120P05675000,13.2,13.7,13.45,15.1,0.0,0.0,0.0,246.0,0.3353,-0.0267,0.0,2.4307,-0.4239,-0.5375,13.3729,0.0,0.0,0.0,15.1999998092651,no_change,2026-08-20T15:55:15,0.0,0.0
SPX,2026-11-20,91,Call,5700.0,SPX261120C05700000,2028.9,2031.9,2030.4,2120.82,0.0,0.0,0.0,8.0,0.3366,0.9724,0.0,2.4895,-0.4308,13.6716,2028.0103,0.0,0.0,0.0,2009.55004882812,up,2026-08-04T15:24:41,0.0,0.0
SPXW,2026-11-20,91,Call,5700.0,SPXW261120C05700000,2018.5,2042.3,2030.4,0.0,0.0,0.0,0.0,0.0,0.3367,0.972,0.0,2.5204,-0.4357,13.6638,2028.0579,0.0,0.0,0.0,2010.70001220703,no_change,,0.0,0.0
SPX,2026-11-20,91,Put,5700.0,SPX261120P05700000,13.6,14.0,13.8,13.83,-1.67,-10.7742,3.0,2705.0,0.3325,-0.0275,0.0,2.49,-0.4308,-0.553,13.7051,13.95,13.95,13.83,15.5,down,2026-08-21T14:50:56,0.0,0.0
SPXW,2026-11-20,91,Put,5700.0,SPXW261120P05700000,13.8,14.1,13.95,15.68,0.0,0.0,0.0,52.0,0.333,-0.0278,0.0,2.5207,-0.4357,-0.5606,13.9617,0.0,0.0,0.0,15.75,no_change,2026-08-18T14:32:22,0.0,0.0
SPX,2026-11-20,91,Call,5725.0,SPX261120C05725000,2004.1,2007.8,2005.9499999999998,0.0,0.0,0.0,0.0,0.0,0.334,0.9716,0.0,2.5504,-0.4378,13.7177,2003.6303,0.0,0.0,0.0,1985.19995117188,no_change,,0.0,0.0
SPX,2026-11-20,91,Put,5725.0,SPX261120P05725000,13.9,14.4,14.15,14.2,-1.7,-10.6918,1.0,357.0,0.3296,-0.0283,0.0,2.5509,-0.4379,-0.5692,14.0472,14.2,14.2,14.2,15.9000000953674,down,2026-08-21T15:55:11,0.0,0.0
SPX,2026-11-20,91,Call,5750.0,SPX261120C05750000,1980.1,1983.1,1981.6,0.0,0.0,0.0,0.0,0.0,0.3309,0.9708,0.0,2.6129,-0.445,13.7632,1979.2607,0.0,0.0,0.0,1961.10003662109,no_change,,0.0,0.0
SPXW,2026-11-20,91,Call,5750.0,SPXW261120C05750000,1969.7,1993.6,1981.65,0.0,0.0,0.0,0.0,0.0,0.331,0.9704,0.0,2.6445,-0.45,13.755,1979.3166,0.0,0.0,0.0,1962.09997558594,no_change,,0.0,0.0
SPX,2026-11-20,91,Put,5750.0,SPX261120P05750000,14.3,14.7,14.5,14.5,-1.9,-11.5854,30.0,1451.0,0.3272,-0.0291,0.0,2.6129,-0.445,-0.5858,14.3969,14.5,14.5,14.5,16.3999996185303,no_change,2026-08-21T15:54:59,0.0,0.0
SPXW,2026-11-20,91,Put,5750.0,SPXW261120P05750000,14.5,14.8,14.65,14.7,0.0,0.0,0.0,227.0,0.3277,-0.0295,0.0,2.6448,-0.45,-0.5939,14.6645,0.0,0.0,0.0,16.5500001907349,down,2026-08-19T15:07:22,0.0,0.0
SPX,2026-11-20,91,Call,5775.0,SPX261120C05775000,1955.4,1959.0,1957.2,1817.37,0.0,0.0,0.0,1.0,0.3281,0.97,0.0,2.677,-0.4524,13.808,1954.902,0.0,0.0,0.0,1936.54998779297,down,2026-05-15T13:45:25,0.0,0.0
SPX,2026-11-20,91,Put,5775.0,SPX261120P05775000,14.6,15.1,14.85,14.9,-1.8,-10.7784,2.0,436.0,0.3246,-0.03,0.0,2.677,-0.4524,-0.6032,14.7602,14.9,14.9,14.9,16.6999998092651,no_change,2026-08-21T15:55:25,0.0,0.0
SPX,2026-11-20,91,Call,5800.0,SPX261120C05800000,1931.4,1934.3,1932.85,1325.2,0.0,0.0,0.0,2.0,0.3255,0.9691,0.0001,2.7426,-0.4598,13.8523,1930.5547,0.0,0.0,0.0,1912.25,down,2026-02-27T16:09:31,0.0,0.0
SPXW,2026-11-20,91,Call,5800.0,SPXW261120C05800000,1921.4,1944.9,1933.15,0.0,0.0,0.0,0.0,0.0,0.3256,0.9687,0.0001,2.7746,-0.4648,13.8439,1930.6187,0.0,0.0,0.0,1913.45001220703,no_change,,0.0,0.0
SPX,2026-11-20,91,Put,5800.0,SPX261120P05800000,15.0,15.4,15.2,15.3,-1.9,-11.0465,302.0,1393.0,0.3218,-0.0308,0.0001,2.7426,-0.4598,-0.6212,15.1349,15.2,15.3,15.2,17.1999998092651,no_change,2026-08-21T15:55:11,0.0,0.0
SPXW,2026-11-20,91,Put,5800.0,SPXW261120P05800000,15.3,15.6,15.45,17.2,0.0,0.0,0.0,118.0,0.3225,-0.0312,0.0001,2.7749,-0.4648,-0.6296,15.4108,0.0,0.0,0.0,17.3999996185303,up,2026-08-20T14:03:22,0.0,0.0
SPX,2026-11-20,91,Call,5825.0,SPX261120C05825000,1906.7,1910.3,1908.5,0.0,0.0,0.0,0.0,0.0,0.323,0.9682,0.0001,2.8095,-0.4674,13.8959,1906.2192,0.0,0.0,0.0,1887.90002441406,no_change,,0.0,0.0
SPX,2026-11-20,91,Put,5825.0,SPX261120P05825000,15.4,15.8,15.600000000000001,15.7,-1.9,-10.7955,3.0,1997.0,0.3193,-0.0317,0.0001,2.8095,-0.4674,-0.6398,15.5214,15.6,15.7,15.6,17.5999994277954,no_change,2026-08-21T15:55:11,0.0,0.0
SPX,2026-11-20,91,Call,5850.0,SPX261120C05850000,1882.7,1885.6,1884.15,1965.33,0.0,0.0,0.0,483.0,0.32,0.9672,0.0001,2.878,-0.4751,13.939,1881.8959,0.0,0.0,0.0,1863.70001220703,no_change,2026-08-10T14:28:36,0.0,0.0
SPXW,2026-11-20,91,Call,5850.0,SPXW261120C05850000,1872.3,1896.2,1884.25,0.0,0.0,0.0,0.0,0.0,0.32,0.9668,0.0001,2.9104,-0.4801,13.9304,1881.9679,0.0,0.0,0.0,1864.85003662109,no_change,,0.0,0.0
SPX,2026-11-20,91,Put,5850.0,SPX261120P05850000,15.8,16.2,16.0,16.1,-1.95,-10.8033,151.0,610.0,0.3167,-0.0327,0.0001,2.878,-0.4751,-0.659,15.9202,16.69,16.69,16.1,18.0499992370605,no_change,2026-08-21T15:55:10,0.0,0.0
SPXW,2026-11-20,91,Put,5850.0,SPXW261120P05850000,16.1,16.4,16.25,18.28,0.0,0.0,0.0,26.0,0.3172,-0.0331,0.0001,2.9107,-0.4802,-0.6675,16.2042,0.0,0.0,0.0,18.3000001907349,no_change,2026-08-18T14:30:55,0.0,0.0
SPX,2026-11-20,91,Call,5875.0,SPX261120C05875000,1858.0,1861.6,1859.8,1724.87,0.0,0.0,0.0,1.0,0.3173,0.9662,0.0001,2.948,-0.483,13.9815,1857.5853,0.0,0.0,0.0,1839.35003662109,down,2026-05-15T13:40:59,0.0,0.0
SPX,2026-11-20,91,Put,5875.0,SPX261120P05875000,16.2,16.6,16.4,16.5,-2.0,-10.8108,2.0,292.0,0.314,-0.0337,0.0001,2.948,-0.483,-0.6788,16.3316,16.5,16.5,16.5,18.5,no_change,2026-08-21T15:55:11,0.0,0.0
SPX,2026-11-20,91,Call,5900.0,SPX261120C05900000,1833.9,1837.0,1835.45,1848.26,0.0,0.0,0.0,104.0,0.3145,0.9652,0.0001,3.0196,-0.491,14.0235,1833.2878,0.0,0.0,0.0,1815.10003662109,up,2026-08-20T11:32:01,0.0,0.0
SPXW,2026-11-20,91,Call,5900.0,SPXW261120C05900000,1828.0,1847.6,1837.8,0.0,0.0,0.0,0.0,0.0,0.3147,0.9648,0.0001,3.0524,-0.496,14.0148,1833.3676,0.0,0.0,0.0,1816.35003662109,no_change,,0.0,0.0
SPX,2026-11-20,91,Put,5900.0,SPX261120P05900000,16.6,17.1,16.85,16.9,-2.1,-11.0526,129.0,2170.0,0.3115,-0.0347,0.0001,3.0196,-0.491,-0.6991,16.7561,16.8,16.9,16.4,19.0,up,2026-08-21T15:55:25,0.0,0.0
SPXW,2026-11-20,91,Put,5900.0,SPXW261120P05900000,16.9,17.2,17.049999999999997,17.9,0.0,0.0,0.0,722.0,0.312,-0.0351,0.0001,3.0528,-0.496,-0.7078,17.0481,0.0,0.0,0.0,19.25,down,2026-08-17T14:25:29,0.0,0.0
SPX,2026-11-20,91,Call,5925.0,SPX261120C05925000,1809.4,1812.9,1811.15,0.0,0.0,0.0,0.0,0.0,0.3116,0.9642,0.0001,3.0931,-0.4992,14.0648,1809.0038,0.0,0.0,0.0,1790.90002441406,no_change,,0.0,0.0
SPX,2026-11-20,91,Put,5925.0,SPX261120P05925000,17.0,17.5,17.25,17.4,-2.05,-10.5398,2.0,395.0,0.309,-0.0357,0.0001,3.0931,-0.4992,-0.72,17.1942,17.3,17.4,17.3,19.4500007629395,up,2026-08-21T15:55:25,0.0,0.0
SPX,2026-11-20,91,Call,5950.0,SPX261120C05950000,1785.5,1788.4,1786.95,1245.21,0.0,0.0,0.0,52.0,0.309,0.9631,0.0001,3.1686,-0.5074,14.1055,1784.7339,0.0,0.0,0.0,1766.65002441406,down,2025-12-29T12:47:32,0.0,0.0
SPXW,2026-11-20,91,Call,5950.0,SPXW261120C05950000,1778.7,1799.0,1788.85,0.0,0.0,0.0,0.0,0.0,0.3092,0.9626,0.0001,3.2022,-0.5124,14.0966,1784.8214,0.0,0.0,0.0,1767.90002441406,no_change,,0.0,0.0
SPX,2026-11-20,91,Put,5950.0,SPX261120P05950000,17.5,18.0,17.75,17.54,-2.51,-12.5187,18.0,2882.0,0.3062,-0.0368,0.0001,3.1686,-0.5074,-0.7416,17.6464,17.54,17.54,17.54,20.0500001907349,no_change,2026-08-21T15:38:29,0.0,0.0
SPXW,2026-11-20,91,Put,5950.0,SPXW261120P05950000,17.8,18.1,17.950000000000003,18.54,-1.71,-8.44444,1.0,731.0,0.3067,-0.0372,0.0001,3.2026,-0.5124,-0.7504,17.9461,18.54,18.54,18.54,20.25,down,2026-08-21T10:34:48,0.0,0.0
SPX,2026-11-20,91,Call,5975.0,SPX261120C05975000,1760.9,1764.4,1762.65,0.0,0.0,0.0,0.0,0.0,0.3066,0.962,0.0001,3.2465,-0.5159,14.1455,1760.4786,0.0,0.0,0.0,1742.5,no_change,,0.0,0.0
SPX,2026-11-20,91,Put,5975.0,SPX261120P05975000,17.9,18.4,18.15,18.45,-2.05,-10.0,9.0,449.0,0.3038,-0.0379,0.0001,3.2465,-0.5159,-0.7638,18.1131,18.45,18.45,18.45,20.5,down,2026-08-21T11:19:29,0.0,0.0
SPX,2026-11-20,91,Call,6000.0,SPX261120C06000000,1737.0,1739.8,1738.4,1726.06,7.76,0.45161,3.0,8926.0,0.3033,0.9608,0.0001,3.3269,-0.5245,14.1847,1736.2384,1726.06,1726.06,1726.06,1718.29998779297,down,2026-08-21T10:41:41,0.0,0.0
SPXW,2026-11-20,91,Call,6000.0,SPXW261120C06000000,1726.5,1750.5,1738.5,1738.14,18.59,1.0811,1.0,5.0,0.3039,0.9603,0.0001,3.3614,-0.5294,14.1755,1736.3336,1738.14,1738.14,1738.14,1719.54998779297,down,2026-08-21T13:56:51,0.0,0.0
SPX,2026-11-20,91,Put,6000.0,SPX261120P06000000,18.4,18.9,18.65,18.4,-2.65,-12.5891,513.0,13997.0,0.3012,-0.0391,0.0001,3.3269,-0.5245,-0.7869,18.5949,19.2,19.3,18.4,21.0499992370605,down,2026-08-21T15:44:41,0.0,0.0
SPXW,2026-11-20,91,Put,6000.0,SPXW261120P06000000,18.7,19.0,18.85,18.8,-2.55,-11.9438,198.0,452.0,0.3019,-0.0395,0.0001,3.3614,-0.5294,-0.796,18.9003,19.01,19.01,18.8,21.3500003814697,no_change,2026-08-21T15:04:32,0.0,0.0
SPX,2026-11-20,91,Call,6025.0,SPX261120C06025000,1712.4,1715.9,1714.15,998.39,0.0,0.0,0.0,409.0,0.3009,0.9596,0.0001,3.41,-0.5332,14.2229,1712.0141,0.0,0.0,0.0,1694.09997558594,up,2026-03-16T14:02:30,0.0,0.0
SPX,2026-11-20,91,Put,6025.0,SPX261120P06025000,18.9,19.4,19.15,21.1,0.0,0.0,0.0,198.0,0.2987,-0.0403,0.0001,3.41,-0.5332,-0.811,19.0927,0.0,0.0,0.0,21.5499992370605,no_change,2026-08-20T10:24:18,0.0,0.0
SPX,2026-11-20,91,Call,6050.0,SPX261120C06050000,1688.5,1691.3,1689.9,1696.73,0.0,0.0,0.0,3.0,0.2983,0.9584,0.0001,3.4957,-0.5421,14.2601,1687.8064,0.0,0.0,0.0,1669.89996337891,up,2026-06-02T10:43:29,0.0,0.0
SPXW,2026-11-20,91,Call,6050.0,SPXW261120C06050000,1682.4,1702.1,1692.25,0.0,0.0,0.0,0.0,0.0,0.2985,0.9579,0.0001,3.5309,-0.547,14.2506,1687.9095,0.0,0.0,0.0,1671.19995117188,no_change,,0.0,0.0
SPX,2026-11-20,91,Put,6050.0,SPX261120P06050000,19.4,19.9,19.65,19.8,-2.35,-10.6095,81.0,1989.0,0.2961,-0.0415,0.0001,3.4957,-0.5421,-0.836,19.607,20.4,20.4,19.8,22.1499996185303,down,2026-08-21T14:17:35,0.0,0.0
SPXW,2026-11-20,91,Put,6050.0,SPXW261120P06050000,19.7,20.1,19.9,20.2,-2.25,-10.0223,1.0,758.0,0.2965,-0.042,0.0001,3.5313,-0.547,-0.8455,19.9227,20.2,20.2,20.2,22.4499998092651,down,2026-08-21T12:02:29,0.0,0.0
SPX,2026-11-20,91,Call,6075.0,SPX261120C06075000,1664.0,1667.4,1665.7,1578.02,0.0,0.0,0.0,3.0,0.2956,0.9571,0.0001,3.584,-0.5511,14.2963,1663.6161,0.0,0.0,0.0,1645.79998779297,up,2026-06-22T09:34:48,0.0,0.0
SPX,2026-11-20,91,Put,6075.0,SPX261120P06075000,19.9,20.4,20.15,20.9,-1.85,-8.13187,59.0,2123.0,0.2935,-0.0428,0.0001,3.584,-0.5511,-0.8621,20.1387,20.9,20.9,20.9,22.75,up,2026-08-21T10:25:11,0.0,0.0
SPX,2026-11-20,91,Call,6100.0,SPX261120C06100000,1640.0,1642.9,1641.45,1471.92,0.0,0.0,0.0,55.0,0.2928,0.9557,0.0001,3.6748,-0.5604,14.3313,1639.4442,0.0,0.0,0.0,1621.75,down,2026-06-24T11:21:44,0.0,0.0
SPXW,2026-11-20,91,Call,6100.0,SPXW261120C06100000,1634.0,1653.7,1643.85,1669.84,0.0,0.0,0.0,3.0,0.2932,0.9552,0.0001,3.7106,-0.5652,14.3214,1639.5557,0.0,0.0,0.0,1623.0,down,2026-08-18T11:29:35,0.0,0.0
SPX,2026-11-20,91,Put,6100.0,SPX261120P06100000,20.5,21.0,20.75,21.4,-1.95,-8.35118,16.0,2608.0,0.2909,-0.0442,0.0001,3.6748,-0.5604,-0.8894,20.6888,21.4,21.4,21.4,23.3500003814697,down,2026-08-21T10:49:49,0.0,0.0
SPXW,2026-11-20,91,Put,6100.0,SPXW261120P06100000,20.8,21.1,20.950000000000003,21.67,-1.98,-8.37209,6.0,743.0,0.2914,-0.0446,0.0001,3.711,-0.5652,-0.8992,21.0131,21.65,21.67,21.52,23.6499996185303,no_change,2026-08-21T10:35:33,0.0,0.0
SPX,2026-11-20,91,Call,6125.0,SPX261120C06125000,1615.6,1619.0,1617.3,1531.88,0.0,0.0,0.0,12.0,0.2905,0.9543,0.0001,3.7678,-0.5697,14.3652,1615.2913,0.0,0.0,0.0,1597.65002441406,up,2026-08-03T10:22:43,0.0,0.0
SPX,2026-11-20,91,Put,6125.0,SPX261120P06125000,21.0,21.5,21.25,21.42,-2.53,-10.5637,37.0,1013.0,0.2884,-0.0456,0.0001,3.7678,-0.5697,-0.9177,21.258,21.91,21.91,21.42,23.9500007629395,down,2026-08-21T13:04:59,0.0,0.0
SPX,2026-11-20,91,Call,6150.0,SPX261120C06150000,1591.8,1594.6,1593.1999999999998,916.93,0.0,0.0,0.0,19.0,0.2878,0.9529,0.0001,3.863,-0.5793,14.3981,1591.1585,0.0,0.0,0.0,1573.54998779297,down,2026-03-12T09:46:47,0.0,0.0
SPXW,2026-11-20,91,Call,6150.0,SPXW261120C06150000,1585.1,1605.3,1595.1999999999998,0.0,0.0,0.0,0.0,0.0,0.2879,0.9524,0.0001,3.899,-0.584,14.3879,1591.279,0.0,0.0,0.0,1574.95001220703,no_change,,0.0,0.0
SPX,2026-11-20,91,Put,6150.0,SPX261120P06150000,21.6,22.1,21.85,22.0,-2.65,-10.7505,177.0,2009.0,0.2859,-0.047,0.0001,3.863,-0.5793,-0.9471,21.8472,22.4,22.5,21.65,24.6499996185303,no_change,2026-08-21T15:59:46,0.0,0.0
SPXW,2026-11-20,91,Put,6150.0,SPXW261120P06150000,22.0,22.3,22.15,22.2,-2.75,-11.022,370.0,67.0,0.2863,-0.0475,0.0001,3.8994,-0.5841,-0.9572,22.1802,22.44,22.44,22.2,24.9499998092651,no_change,2026-08-21T15:59:30,0.0,0.0
SPX,2026-11-20,91,Call,6175.0,SPX261120C06175000,1567.5,1570.7,1569.1,1453.93,0.0,0.0,0.0,167.0,0.2853,0.9514,0.0001,3.9603,-0.589,14.4299,1567.0466,0.0,0.0,0.0,1549.5,up,2026-05-15T13:30:18,0.0,0.0
SPX,2026-11-20,91,Put,6175.0,SPX261120P06175000,22.2,22.7,22.45,22.22,-3.13,-12.3471,368.0,2137.0,0.2834,-0.0485,0.0001,3.9603,-0.589,-0.9775,22.4573,23.0,23.3,22.0,25.3500003814697,down,2026-08-21T15:51:04,0.0,0.0
SPX,2026-11-20,91,Call,6200.0,SPX261120C06200000,1543.6,1546.3,1544.9499999999998,1654.23,0.0,0.0,0.0,73.0,0.2826,0.9498,0.0001,4.0597,-0.5988,14.4608,1542.9562,0.0,0.0,0.0,1525.5,up,2026-08-14T15:21:39,0.0,0.0
SPXW,2026-11-20,91,Call,6200.0,SPXW261120C06200000,1533.1,1557.0,1545.05,1438.91,0.0,0.0,0.0,1.0,0.2828,0.9493,0.0001,4.0959,-0.6036,14.4504,1543.086,0.0,0.0,0.0,1526.80004882812,up,2026-06-30T15:12:35,0.0,0.0
SPX,2026-11-20,91,Put,6200.0,SPX261120P06200000,22.9,23.4,23.15,23.24,-2.81,-10.7869,20.0,5043.0,0.2809,-0.0501,0.0001,4.0597,-0.5988,-1.009,23.089,23.84,23.84,23.24,26.0499992370605,down,2026-08-21T13:43:24,0.0,0.0
SPXW,2026-11-20,91,Put,6200.0,SPXW261120P06200000,23.2,23.5,23.35,23.4,-2.95,-11.1954,8.0,182.0,0.2812,-0.0506,0.0001,4.0964,-0.6036,-1.0193,23.432,23.5,23.5,23.3,26.3500003814697,up,2026-08-21T15:59:30,0.0,0.0
SPX,2026-11-20,91,Call,6225.0,SPX261120C06225000,1519.3,1522.5,1520.9,1368.73,0.0,0.0,0.0,80.0,0.2802,0.9482,0.0001,4.1614,-0.6089,14.4906,1518.8882,0.0,0.0,0.0,1501.45001220703,down,2026-05-18T10:59:28,0.0,0.0
SPX,2026-11-20,91,Put,6225.0,SPX261120P06225000,23.5,24.0,23.75,23.48,-3.27,-12.2243,27.0,1152.0,0.2782,-0.0517,0.0001,4.1614,-0.6089,-1.0413,23.743,23.8,23.8,23.48,26.75,down,2026-08-21T15:32:09,0.0,0.0
SPX,2026-11-20,91,Call,6250.0,SPX261120C06250000,1495.3,1498.2,1496.75,1300.0,0.0,0.0,0.0,23.0,0.2774,0.9466,0.0001,4.2657,-0.6191,14.5195,1494.8434,0.0,0.0,0.0,1477.54998779297,down,2026-06-23T15:37:31,0.0,0.0
SPXW,2026-11-20,91,Call,6250.0,SPXW261120C06250000,1488.7,1509.0,1498.85,0.0,0.0,0.0,0.0,0.0,0.2775,0.946,0.0001,4.3024,-0.6238,14.509,1494.983,0.0,0.0,0.0,1478.85003662109,no_change,,0.0,0.0
SPX,2026-11-20,91,Put,6250.0,SPX261120P06250000,24.2,24.7,24.45,24.56,-2.89,-10.5282,169.0,3072.0,0.2758,-0.0533,0.0001,4.2657,-0.6191,-1.0747,24.4202,25.0,25.17,24.5,27.4499998092651,up,2026-08-21T12:37:41,0.0,0.0
SPXW,2026-11-20,91,Put,6250.0,SPXW261120P06250000,24.5,24.9,24.7,24.71,-3.14,-11.2747,6.0,112.0,0.2763,-0.0538,0.0001,4.3024,-0.6238,-1.0851,24.7699,24.71,24.71,24.71,27.8500003814697,down,2026-08-21T15:56:45,0.0,0.0
SPX,2026-11-20,91,Call,6275.0,SPX261120C06275000,1471.2,1474.4,1472.8000000000002,1366.04,0.0,0.0,0.0,6.0,0.2747,0.9448,0.0001,4.3731,-0.6295,14.5473,1470.8224,0.0,0.0,0.0,1453.54998779297,up,2026-05-15T13:27:52,0.0,0.0
SPX,2026-11-20,91,Put,6275.0,SPX261120P06275000,24.9,25.4,25.15,25.2,-3.05,-10.7965,9.0,1691.0,0.2733,-0.0551,0.0001,4.3731,-0.6295,-1.1092,25.1213,25.86,25.86,25.0,28.25,no_change,2026-08-21T15:55:25,0.0,0.0
SPX,2026-11-20,91,Call,6300.0,SPX261120C06300000,1447.3,1450.0,1448.65,1257.3,0.0,0.0,0.0,27.0,0.2723,0.943,0.0001,4.4839,-0.6401,14.5738,1446.8264,0.0,0.0,0.0,1429.59997558594,down,2026-06-23T11:19:26,0.0,0.0
SPXW,2026-11-20,91,Call,6300.0,SPXW261120C06300000,1437.0,1459.5,1448.25,1258.36,0.0,0.0,0.0,2.0,0.2725,0.9425,0.0001,4.5214,-0.6447,14.563,1446.9767,0.0,0.0,0.0,1430.95001220703,down,2026-07-31T10:57:34,0.0,0.0
SPX,2026-11-20,91,Put,6300.0,SPX261120P06300000,25.6,26.1,25.85,25.9,-3.2,-10.9966,1.0,4302.0,0.2708,-0.0569,0.0001,4.4839,-0.6401,-1.145,25.8473,25.9,25.9,25.9,29.0999994277954,down,2026-08-21T15:55:27,0.0,0.0
SPXW,2026-11-20,91,Put,6300.0,SPXW261120P06300000,25.9,26.3,26.1,29.05,0.0,0.0,0.0,164.0,0.2713,-0.0574,0.0001,4.5214,-0.6447,-1.1556,26.2078,0.0,0.0,0.0,29.5,up,2026-08-18T09:42:30,0.0,0.0
SPX,2026-11-20,91,Call,6325.0,SPX261120C06325000,1423.2,1426.3,1424.75,813.44,0.0,0.0,0.0,7.0,0.2696,0.9412,0.0001,4.5984,-0.6508,14.5988,1422.8564,0.0,0.0,0.0,1405.70001220703,up,2026-04-10T14:06:56,0.0,0.0
SPX,2026-11-20,91,Put,6325.0,SPX261120P06325000,26.3,26.8,26.55,26.6,-3.35,-11.1853,1.0,1001.0,0.2683,-0.0587,0.0001,4.5984,-0.6508,-1.1822,26.5994,26.6,26.6,26.6,29.9500007629394,down,2026-08-21T15:54:59,0.0,0.0
SPX,2026-11-20,91,Call,6350.0,SPX261120C06350000,1399.3,1402.1,1400.6999999999998,1250.84,0.0,0.0,0.0,13.0,0.2672,0.9392,0.0001,4.7167,-0.6617,14.6221,1398.9136,0.0,0.0,0.0,1381.84997558594,up,2026-05-21T12:50:46,0.0,0.0
SPXW,2026-11-20,91,Call,6350.0,SPXW261120C06350000,1393.0,1413.0,1403.0,0.0,0.0,0.0,0.0,0.0,0.2672,0.9387,0.0001,4.7552,-0.6663,14.6109,1399.0756,0.0,0.0,0.0,1383.25,no_change,,0.0,0.0
SPX,2026-11-20,91,Put,6350.0,SPX261120P06350000,27.1,27.6,27.35,27.5,-3.3,-10.7143,37.0,1341.0,0.2659,-0.0607,0.0001,4.7167,-0.6617,-1.2212,27.3786,28.3,28.3,27.5,30.8000001907349,no_change,2026-08-21T14:57:07,0.0,0.0
SPXW,2026-11-20,91,Put,6350.0,SPXW261120P06350000,27.5,27.8,27.65,31.29,0.0,0.0,0.0,477.0,0.2662,-0.0612,0.0001,4.7552,-0.6663,-1.2323,27.7508,0.0,0.0,0.0,31.1999998092651,up,2026-08-20T15:00:19,0.0,0.0
SPX,2026-11-20,91,Call,6375.0,SPX261120C06375000,1375.3,1378.4,1376.85,1204.38,0.0,0.0,0.0,29.0,0.2648,0.9372,0.0001,4.8387,-0.6728,14.6437,1374.9995,0.0,0.0,0.0,1358.05004882812,down,2026-07-17T09:33:42,0.0,0.0
SPX,2026-11-20,91,Put,6375.0,SPX261120P06375000,27.9,28.4,28.15,27.83,-3.87,-12.2082,18.0,2051.0,0.2635,-0.0627,0.0001,4.8387,-0.6728,-1.2619,28.1865,27.61,27.83,27.61,31.6999998092651,up,2026-08-21T15:51:04,0.0,0.0
SPX,2026-11-20,91,Call,6400.0,SPX261120C06400000,1351.5,1354.2,1352.85,1383.07,0.0,0.0,0.0,1022.0,0.2621,0.9351,0.0001,4.9641,-0.6841,14.6634,1351.1154,0.0,0.0,0.0,1334.25,up,2026-08-18T14:54:12,0.0,0.0
SPXW,2026-11-20,91,Call,6400.0,SPXW261120C06400000,1341.2,1363.8,1352.5,1341.48,0.0,0.0,0.0,0.0,0.2622,0.9345,0.0001,5.0033,-0.6886,14.6516,1351.2906,0.0,0.0,0.0,1335.59997558594,up,2026-08-04T09:38:06,0.0,0.0
SPX,2026-11-20,91,Put,6400.0,SPX261120P06400000,28.7,29.3,29.0,28.65,-3.95,-12.1166,149.0,4625.0,0.261,-0.0648,0.0001,4.9642,-0.6841,-1.3045,29.0244,28.8,29.0,28.6,32.6000003814697,up,2026-08-21T15:40:10,0.0,0.0
SPXW,2026-11-20,91,Put,6400.0,SPXW261120P06400000,29.2,29.5,29.35,29.44,-3.61,-10.9228,3.0,480.0,0.2614,-0.0653,0.0001,5.0033,-0.6886,-1.3161,29.4096,29.44,29.44,29.44,33.0500011444092,up,2026-08-21T13:36:53,0.0,0.0
SPX,2026-11-20,91,Call,6425.0,SPX261120C06425000,1327.6,1330.6,1329.1,1413.93,0.0,0.0,0.0,7.0,0.2596,0.9329,0.0001,5.0926,-0.6955,14.6812,1327.2629,0.0,0.0,0.0,1310.39996337891,up,2026-08-17T13:58:44,0.0,0.0
SPXW,2026-11-20,91,Call,6425.0,SPXW261120C06425000,1317.3,1339.9,1328.6,0.0,0.0,0.0,0.0,0.0,0.2599,0.9324,0.0001,5.1319,-0.7,14.6692,1327.4453,0.0,0.0,0.0,1311.90002441406,no_change,,0.0,0.0
SPX,2026-11-20,91,Put,6425.0,SPX261120P06425000,29.6,30.1,29.85,33.3,0.0,0.0,0.0,1820.0,0.2585,-0.067,0.0001,5.0926,-0.6955,-1.3489,29.894,0.0,0.0,0.0,33.6000003814697,down,2026-08-20T15:55:09,0.0,0.0
SPXW,2026-11-20,91,Put,6425.0,SPXW261120P06425000,30.0,30.4,30.2,33.95,0.0,0.0,0.0,28.0,0.259,-0.0675,0.0001,5.1319,-0.7,-1.3608,30.2864,0.0,0.0,0.0,34.0,up,2026-08-20T15:36:30,0.0,0.0
SPX,2026-11-20,91,Call,6450.0,SPX261120C06450000,1303.8,1306.5,1305.15,1178.93,0.0,0.0,0.0,215.0,0.257,0.9307,0.0001,5.2238,-0.7071,14.6972,1303.4434,0.0,0.0,0.0,1286.70001220703,up,2026-07-09T10:21:13,0.0,0.0
SPXW,2026-11-20,91,Call,6450.0,SPXW261120C06450000,1297.8,1317.5,1307.65,0.0,0.0,0.0,0.0,0.0,0.2572,0.9301,0.0001,5.2632,-0.7116,14.685,1303.6334,0.0,0.0,0.0,1288.14996337891,no_change,,0.0,0.0
SPX,2026-11-20,91,Put,6450.0,SPX261120P06450000,30.5,31.0,30.75,30.8,-3.8,-10.9827,30.0,1554.0,0.256,-0.0692,0.0001,5.2238,-0.7071,-1.3951,30.7965,31.8,32.09,30.8,34.6000003814697,no_change,2026-08-21T15:55:30,0.0,0.0
SPXW,2026-11-20,91,Put,6450.0,SPXW261120P06450000,30.9,31.3,31.1,31.2,-3.85,-10.9843,16.0,89.0,0.2565,-0.0698,0.0001,5.2632,-0.7116,-1.4071,31.1965,30.9,31.2,30.9,35.0500011444092,no_change,2026-08-21T15:55:40,0.0,0.0
SPX,2026-11-20,91,Call,6475.0,SPX261120C06475000,1279.8,1282.9,1281.35,1189.85,0.0,0.0,0.0,50.0,0.2544,0.9283,0.0001,5.3576,-0.7188,14.7116,1279.6583,0.0,0.0,0.0,1263.0,up,2026-05-15T13:40:59,0.0,0.0
SPXW,2026-11-20,91,Call,6475.0,SPXW261120C06475000,1269.7,1291.7,1280.7,0.0,0.0,0.0,0.0,0.0,0.2547,0.9277,0.0001,5.3971,-0.7233,14.6993,1279.8562,0.0,0.0,0.0,1264.45001220703,no_change,,0.0,0.0
SPX,2026-11-20,91,Put,6475.0,SPX261120P06475000,31.4,31.9,31.65,31.9,-3.75,-10.5189,90.0,924.0,0.2535,-0.0716,0.0001,5.3576,-0.7188,-1.443,31.7334,33.0,33.0,31.9,35.6500015258789,down,2026-08-21T14:11:41,0.0,0.0
SPXW,2026-11-20,91,Put,6475.0,SPXW261120P06475000,31.9,32.2,32.05,32.5,0.0,0.0,0.0,208.0,0.254,-0.0722,0.0001,5.3971,-0.7233,-1.4551,32.1413,0.0,0.0,0.0,36.1000003814697,up,2026-08-19T15:55:53,0.0,0.0
SPX,2026-11-20,91,Call,6500.0,SPX261120C06500000,1256.3,1258.9,1257.6,1260.4,21.05,1.69847,2.0,3040.0,0.2524,0.9259,0.0001,5.4941,-0.7308,14.7245,1255.9088,1256.04,1260.4,1256.04,1239.35003662109,up,2026-08-21T13:31:25,0.0,0.0
SPXW,2026-11-20,91,Call,6500.0,SPXW261120C06500000,1246.4,1269.9,1258.15,1187.9,0.0,0.0,0.0,1.0,0.2523,0.9253,0.0001,5.5339,-0.7352,14.7121,1256.1149,0.0,0.0,0.0,1240.75,up,2026-08-03T11:20:07,0.0,0.0
SPX,2026-11-20,91,Put,6500.0,SPX261120P06500000,32.4,32.9,32.65,32.1,-4.6,-12.5341,1008.0,6208.0,0.2511,-0.074,0.0001,5.4941,-0.7308,-1.4924,32.7059,33.86,34.0,32.1,36.7000007629394,no_change,2026-08-21T15:47:29,0.0,0.0
SPXW,2026-11-20,91,Put,6500.0,SPXW261120P06500000,32.8,33.2,33.0,33.1,-4.05,-10.9017,1.0,341.0,0.2516,-0.0746,0.0001,5.5339,-0.7352,-1.5046,33.1221,33.1,33.1,33.1,37.1499996185303,down,2026-08-21T15:55:40,0.0,0.0
SPX,2026-11-20,91,Call,6525.0,SPX261120C06525000,1232.5,1235.5,1234.0,1167.78,0.0,0.0,0.0,929.0,0.2496,0.9233,0.0001,5.6339,-0.7428,14.7358,1232.196,0.0,0.0,0.0,1215.75,up,2026-06-22T09:45:02,0.0,0.0
SPXW,2026-11-20,91,Call,6525.0,SPXW261120C06525000,1225.5,1246.2,1235.85,0.0,0.0,0.0,0.0,0.0,0.2497,0.9227,0.0001,5.6739,-0.7473,14.7233,1232.4108,0.0,0.0,0.0,1217.14996337891,no_change,,0.0,0.0
SPX,2026-11-20,91,Put,6525.0,SPX261120P06525000,33.4,33.9,33.65,33.72,-4.13,-10.9115,1.0,480.0,0.2487,-0.0766,0.0001,5.6339,-0.7428,-1.5433,33.7151,33.72,33.72,33.72,37.8499984741211,down,2026-08-21T12:02:12,0.0,0.0
SPXW,2026-11-20,91,Put,6525.0,SPXW261120P06525000,33.9,34.2,34.05,34.39,-3.91,-10.2089,362.0,65.0,0.2492,-0.0772,0.0001,5.6739,-0.7473,-1.5557,34.14,34.44,34.44,34.39,38.2999992370606,no_change,2026-08-21T14:11:38,0.0,0.0
SPX,2026-11-20,91,Call,6550.0,SPX261120C06550000,1208.8,1211.4,1210.1,1037.6,0.0,0.0,0.0,177.0,0.247,0.9207,0.0002,5.7774,-0.7551,14.7454,1208.5212,0.0,0.0,0.0,1192.14996337891,down,2026-06-23T11:18:14,0.0,0.0
SPXW,2026-11-20,91,Call,6550.0,SPXW261120C06550000,1198.6,1220.6,1209.6,0.0,0.0,0.0,0.0,0.0,0.2474,0.92,0.0002,5.818,-0.7596,14.7326,1208.7451,0.0,0.0,0.0,1193.59997558594,no_change,,0.0,0.0
SPX,2026-11-20,91,Put,6550.0,SPX261120P06550000,34.4,35.0,34.7,35.0,-4.0,-10.2564,287.0,1806.0,0.2463,-0.0792,0.0002,5.7775,-0.7551,-1.596,34.7625,34.7,35.0,34.7,39.0,no_change,2026-08-21T14:16:43,0.0,0.0
SPXW,2026-11-20,91,Put,6550.0,SPXW261120P06550000,34.9,35.3,35.099999999999994,37.74,0.0,0.0,0.0,26.0,0.2468,-0.0798,0.0002,5.818,-0.7596,-1.6086,35.1964,0.0,0.0,0.0,39.4499988555908,no_change,2026-08-20T10:24:05,0.0,0.0
SPX,2026-11-20,91,Call,6575.0,SPX261120C06575000,1185.1,1188.1,1186.6,1297.12,0.0,0.0,0.0,868.0,0.2445,0.9179,0.0002,5.9255,-0.7675,14.7529,1184.8861,0.0,0.0,0.0,1168.70001220703,down,2026-08-14T15:25:20,0.0,0.0
SPXW,2026-11-20,91,Call,6575.0,SPXW261120C06575000,1174.9,1197.2,1186.0500000000002,0.0,0.0,0.0,0.0,0.0,0.2448,0.9173,0.0002,5.9667,-0.772,14.7399,1185.1196,0.0,0.0,0.0,1170.09997558594,no_change,,0.0,0.0
SPX,2026-11-20,91,Put,6575.0,SPX261120P06575000,35.5,36.0,35.75,35.7,-4.45,-11.0834,84.0,1077.0,0.2439,-0.082,0.0002,5.9255,-0.7675,-1.6508,35.8494,36.9,37.0,35.7,40.1500015258789,down,2026-08-21T14:04:16,0.0,0.0
SPXW,2026-11-20,91,Put,6575.0,SPXW261120P06575000,36.0,36.3,36.15,36.0,-4.65,-11.4391,1.0,77.0,0.2443,-0.0826,0.0002,5.9667,-0.772,-1.6636,36.2929,36.0,36.0,36.0,40.6499996185303,down,2026-08-21T15:58:14,0.0,0.0
SPX,2026-11-20,91,Call,6600.0,SPX261120C06600000,1161.6,1164.2,1162.9,1110.31,0.0,0.0,0.0,1992.0,0.2421,0.9151,0.0002,6.0785,-0.78,14.758,1161.2924,0.0,0.0,0.0,1145.19995117188,up,2026-08-03T13:29:15,0.0,0.0
SPXW,2026-11-20,91,Call,6600.0,SPXW261120C06600000,1155.4,1175.3,1165.35,1230.89,0.0,0.0,0.0,2.0,0.2424,0.9144,0.0002,6.1203,-0.7845,14.7446,1161.5361,0.0,0.0,0.0,1146.59997558594,down,2026-08-11T15:41:51,0.0,0.0
SPX,2026-11-20,91,Put,6600.0,SPX261120P06600000,36.6,37.2,36.900000000000006,37.1,-4.25,-10.2781,11.0,6407.0,0.2415,-0.0848,0.0002,6.0785,-0.78,-1.7079,36.9777,37.8,38.48,36.81,41.3499984741211,up,2026-08-21T14:11:47,0.0,0.0
SPXW,2026-11-20,91,Put,6600.0,SPXW261120P06600000,37.1,37.5,37.3,37.05,-4.85,-11.5752,2.0,208.0,0.2419,-0.0855,0.0002,6.1203,-0.7845,-1.7211,37.4314,37.05,37.05,37.05,41.8999996185303,down,2026-08-21T15:25:39,0.0,0.0
SPX,2026-11-20,91,Call,6625.0,SPX261120C06625000,1137.8,1140.9,1139.35,1101.6,0.0,0.0,0.0,212.0,0.2395,0.9121,0.0002,6.2363,-0.7927,14.7603,1137.7422,0.0,0.0,0.0,1121.75,up,2026-07-10T15:35:11,0.0,0.0
SPXW,2026-11-20,91,Call,6625.0,SPXW261120C06625000,1131.9,1151.7,1141.8000000000002,0.0,0.0,0.0,0.0,0.0,0.24,0.9114,0.0002,6.2787,-0.7972,14.7466,1137.9968,0.0,0.0,0.0,1123.25,no_change,,0.0,0.0
SPX,2026-11-20,91,Put,6625.0,SPX261120P06625000,37.8,38.3,38.05,38.2,-4.45,-10.4338,1.0,3119.0,0.239,-0.0878,0.0002,6.2364,-0.7927,-1.7679,38.1496,38.2,38.2,38.2,42.6500015258789,down,2026-08-21T15:55:10,0.0,0.0
SPXW,2026-11-20,91,Put,6625.0,SPXW261120P06625000,38.3,38.7,38.5,38.6,0.0,0.0,0.0,43.0,0.2395,-0.0884,0.0002,6.2787,-0.7972,-1.7815,38.6142,0.0,0.0,0.0,43.2000007629394,down,2026-08-19T14:43:03,0.0,0.0
SPX,2026-11-20,91,Call,6650.0,SPX261120C06650000,1114.5,1117.0,1115.75,982.99,0.0,0.0,0.0,1827.0,0.2372,0.909,0.0002,6.3987,-0.8055,14.7596,1114.2381,0.0,0.0,0.0,1098.35003662109,up,2026-07-01T09:35:45,0.0,0.0
SPXW,2026-11-20,91,Call,6650.0,SPXW261120C06650000,1104.3,1126.7,1115.5,1039.89,0.0,0.0,0.0,10.0,0.2376,0.9083,0.0002,6.4415,-0.81,14.7455,1114.5043,0.0,0.0,0.0,1098.79998779297,up,2026-07-16T14:30:12,0.0,0.0
SPX,2026-11-20,91,Put,6650.0,SPX261120P06650000,39.0,39.6,39.3,39.3,-4.8,-10.8844,3.0,2958.0,0.2366,-0.0909,0.0002,6.3987,-0.8055,-1.8308,39.3674,39.26,39.3,38.75,44.1000003814697,up,2026-08-21T15:55:28,0.0,0.0
SPXW,2026-11-20,91,Put,6650.0,SPXW261120P06650000,39.5,39.9,39.7,42.54,0.0,0.0,0.0,191.0,0.237,-0.0916,0.0002,6.4415,-0.81,-1.8448,39.8436,0.0,0.0,0.0,44.6000003814697,no_change,2026-08-20T10:24:05,0.0,0.0
SPX,2026-11-20,91,Call,6660.0,SPX261120C06660000,1104.9,1108.0,1106.45,0.0,0.0,0.0,0.0,0.0,0.2363,0.9077,0.0002,6.4648,-0.8107,14.7585,1104.8499,0.0,0.0,0.0,1089.0,no_change,,0.0,0.0
SPXW,2026-11-20,91,Call,6660.0,SPXW261120C06660000,1094.9,1117.9,1106.4,0.0,0.0,0.0,0.0,0.0,0.2366,0.907,0.0002,6.5077,-0.8152,14.7443,1105.1209,0.0,0.0,0.0,1089.39996337891,no_change,,0.0,0.0
SPX,2026-11-20,91,Put,6660.0,SPX261120P06660000,39.5,40.1,39.8,44.88,0.0,0.0,0.0,135.0,0.2356,-0.0922,0.0002,6.4648,-0.8107,-1.8568,39.868,0.0,0.0,0.0,44.5499992370606,up,2026-08-18T11:22:33,0.0,0.0
SPXW,2026-11-20,91,Put,6660.0,SPXW261120P06660000,40.0,40.4,40.2,44.22,0.0,0.0,0.0,1.0,0.2361,-0.0928,0.0002,6.5077,-0.8152,-1.8709,40.3491,0.0,0.0,0.0,45.1000003814697,up,2026-08-20T11:46:19,0.0,0.0
SPX,2026-11-20,91,Call,6670.0,SPX261120C06670000,1095.7,1098.6,1097.15,1017.55,0.0,0.0,0.0,3.0,0.2353,0.9064,0.0002,6.5314,-0.8159,14.757,1095.4696,0.0,0.0,0.0,1079.60003662109,up,2026-07-14T12:05:50,0.0,0.0
SPXW,2026-11-20,91,Call,6670.0,SPXW261120C06670000,1089.6,1109.4,1099.5,0.0,0.0,0.0,0.0,375.0,0.2356,0.9057,0.0002,6.5744,-0.8204,14.7425,1095.7456,0.0,0.0,0.0,1080.10003662109,no_change,,0.0,0.0
SPX,2026-11-20,91,Put,6670.0,SPX261120P06670000,40.0,40.6,40.3,39.75,-5.4,-11.9601,32.0,184.0,0.2346,-0.0935,0.0002,6.5314,-0.8159,-1.8833,40.3765,40.4,40.4,39.75,45.1500015258789,down,2026-08-21T15:37:36,0.0,0.0
SPXW,2026-11-20,91,Put,6670.0,SPXW261120P06670000,40.6,40.9,40.75,40.4,-5.3,-11.5974,10.0,0.0,0.2351,-0.0941,0.0002,6.5744,-0.8204,-1.8976,40.8625,41.8,41.8,40.4,45.7000007629394,down,2026-08-21T15:58:45,0.0,0.0
SPX,2026-11-20,91,Call,6675.0,SPX261120C06675000,1091.0,1093.9,1092.45,1198.83,0.0,0.0,0.0,1386.0,0.2346,0.9058,0.0002,6.5649,-0.8185,14.756,1090.7824,0.0,0.0,0.0,1075.25,up,2026-08-14T13:26:10,0.0,0.0
SPXW,2026-11-20,91,Call,6675.0,SPXW261120C06675000,1084.1,1104.8,1094.4499999999998,910.94,0.0,0.0,0.0,10.0,0.235,0.9051,0.0002,6.608,-0.823,14.7415,1091.0609,0.0,0.0,0.0,1075.39996337891,up,2026-07-31T09:55:40,0.0,0.0
SPX,2026-11-20,91,Put,6675.0,SPX261120P06675000,40.2,40.8,40.5,40.5,-4.95,-10.8911,1.0,1829.0,0.2342,-0.0941,0.0002,6.5649,-0.8185,-1.8967,40.6338,40.5,40.5,40.5,45.4500007629394,down,2026-08-21T15:54:59,0.0,0.0
SPXW,2026-11-20,91,Put,6675.0,SPXW261120P06675000,40.8,41.2,41.0,41.5,0.0,0.0,0.0,37.0,0.2346,-0.0948,0.0002,6.608,-0.823,-1.911,41.1223,0.0,0.0,0.0,46.0,no_change,2026-08-19T14:01:18,0.0,0.0
SPX,2026-11-20,91,Call,6680.0,SPX261120C06680000,1086.3,1089.1,1087.6999999999998,0.0,0.0,0.0,0.0,0.0,0.2341,0.9051,0.0002,6.5986,-0.8211,14.7549,1086.0973,0.0,0.0,0.0,1070.34997558594,no_change,,0.0,0.0
SPXW,2026-11-20,91,Call,6680.0,SPXW261120C06680000,1081.4,1100.1,1090.75,0.0,0.0,0.0,0.0,0.0,0.2345,0.9044,0.0002,6.6416,-0.8256,14.7404,1086.3784,0.0,0.0,0.0,1070.79998779297,no_change,,0.0,0.0
SPX,2026-11-20,91,Put,6680.0,SPX261120P06680000,40.5,41.1,40.8,45.75,0.0,0.0,0.0,325.0,0.2338,-0.0948,0.0002,6.5986,-0.8211,-1.9102,40.8931,0.0,0.0,0.0,45.6500015258789,down,2026-08-20T15:58:17,0.0,0.0
SPXW,2026-11-20,91,Put,6680.0,SPXW261120P06680000,41.1,41.4,41.25,45.32,0.0,0.0,0.0,1.0,0.2342,-0.0954,0.0002,6.6416,-0.8256,-1.9246,41.3842,0.0,0.0,0.0,46.2999992370606,up,2026-08-20T11:46:19,0.0,0.0
SPX,2026-11-20,91,Call,6690.0,SPX261120C06690000,1076.8,1079.8,1078.3,913.6,0.0,0.0,0.0,6.0,0.2333,0.9038,0.0002,6.6662,-0.8263,14.7524,1076.7333,0.0,0.0,0.0,1061.0,down,2026-06-23T15:33:03,0.0,0.0
SPXW,2026-11-20,91,Call,6690.0,SPXW261120C06690000,1070.8,1090.7,1080.75,1089.68,0.0,0.0,0.0,1.0,0.2337,0.9031,0.0002,6.7093,-0.8308,14.7378,1077.0196,0.0,0.0,0.0,1061.5,down,2026-08-20T11:11:31,0.0,0.0
SPX,2026-11-20,91,Put,6690.0,SPX261120P06690000,41.0,41.6,41.3,40.82,-5.43,-11.7405,8.0,226.0,0.2328,-0.0961,0.0002,6.6662,-0.8263,-1.9376,41.4179,40.82,40.82,40.82,46.25,no_change,2026-08-21T15:40:32,0.0,0.0
SPXW,2026-11-20,91,Put,6690.0,SPXW261120P06690000,41.6,42.0,41.8,42.5,0.0,0.0,0.0,9.0,0.2332,-0.0968,0.0002,6.7093,-0.8308,-1.9521,41.9142,0.0,0.0,0.0,46.8500003814697,up,2026-08-19T14:15:28,0.0,0.0
SPX,2026-11-20,91,Call,6700.0,SPX261120C06700000,1067.7,1070.2,1068.95,1070.71,18.96,1.80271,1.0,3852.0,0.2326,0.9024,0.0002,6.7343,-0.8316,14.7496,1067.3777,1070.71,1070.71,1070.71,1051.75,down,2026-08-21T11:16:51,0.0,0.0
SPXW,2026-11-20,91,Call,6700.0,SPXW261120C06700000,1057.4,1079.9,1068.65,1070.33,18.13,1.72306,1.0,47.0,0.2326,0.9017,0.0002,6.7775,-0.836,14.7348,1067.6692,1070.33,1070.33,1070.33,1052.20001220703,down,2026-08-21T14:04:06,0.0,0.0
SPX,2026-11-20,91,Put,6700.0,SPX261120P06700000,41.5,42.1,41.8,41.5,-5.35,-11.4194,485.0,7903.0,0.2317,-0.0975,0.0002,6.7343,-0.8316,-1.9654,41.9511,43.55,43.55,40.9,46.8499984741211,no_change,2026-08-21T15:58:59,0.0,0.0
SPXW,2026-11-20,91,Put,6700.0,SPXW261120P06700000,42.1,42.5,42.3,42.32,-5.08,-10.7173,1.0,223.0,0.2323,-0.0982,0.0002,6.7775,-0.836,-1.98,42.4526,42.32,42.32,42.32,47.3999996185303,down,2026-08-21T14:04:06,0.0,0.0
SPX,2026-11-20,91,Call,6710.0,SPX261120C06710000,1058.1,1061.1,1059.6,0.0,0.0,0.0,0.0,0.0,0.2312,0.901,0.0002,6.8028,-0.8368,14.7463,1058.0305,0.0,0.0,0.0,1042.39996337891,no_change,,0.0,0.0
SPXW,2026-11-20,91,Call,6710.0,SPXW261120C06710000,1057.0,1063.3,1060.15,1070.92,0.0,0.0,0.0,1.0,0.2317,0.9003,0.0002,6.846,-0.8413,14.7314,1058.3275,0.0,0.0,0.0,1042.89996337891,down,2026-08-20T11:11:31,0.0,0.0
SPX,2026-11-20,91,Put,6710.0,SPX261120P06710000,42.1,42.7,42.400000000000006,41.82,-5.63,-11.8651,10.0,380.0,0.2308,-0.0989,0.0002,6.8028,-0.8368,-1.9936,42.4928,42.0,42.0,41.82,47.4500007629394,no_change,2026-08-21T15:40:32,0.0,0.0
SPXW,2026-11-20,91,Put,6710.0,SPXW261120P06710000,42.7,43.0,42.85,0.0,0.0,0.0,0.0,0.0,0.2313,-0.0996,0.0002,6.846,-0.8413,-2.0083,42.9997,0.0,0.0,0.0,48.0,no_change,,0.0,0.0
SPX,2026-11-20,91,Call,6720.0,SPX261120C06720000,1048.7,1051.7,1050.2,0.0,0.0,0.0,0.0,0.0,0.2304,0.8996,0.0002,6.8718,-0.8421,14.7426,1048.692,0.0,0.0,0.0,1033.10003662109,no_change,,0.0,0.0
SPXW,2026-11-20,91,Call,6720.0,SPXW261120C06720000,1047.7,1053.9,1050.8000000000002,0.0,0.0,0.0,0.0,0.0,0.2306,0.8989,0.0002,6.915,-0.8466,14.7277,1048.9945,0.0,0.0,0.0,1033.60003662109,no_change,,0.0,0.0
SPX,2026-11-20,91,Put,6720.0,SPX261120P06720000,42.6,43.2,42.900000000000006,43.71,-4.34,-9.03226,102.0,381.0,0.2299,-0.1003,0.0002,6.8718,-0.8421,-2.0222,43.0431,44.11,44.24,43.71,48.0499992370606,down,2026-08-21T10:26:26,0.0,0.0
SPXW,2026-11-20,91,Put,6720.0,SPXW261120P06720000,43.2,43.6,43.400000000000006,43.65,-5.0,-10.2775,2.0,3.0,0.2303,-0.101,0.0002,6.915,-0.8466,-2.0369,43.5555,43.65,43.65,43.65,48.6499996185303,no_change,2026-08-21T13:26:42,0.0,0.0
SPX,2026-11-20,91,Call,6725.0,SPX261120C06725000,1044.2,1047.0,1045.6,916.6,0.0,0.0,0.0,3215.0,0.2299,0.8989,0.0002,6.9064,-0.8447,14.7406,1044.0261,0.0,0.0,0.0,1028.5,up,2026-05-07T10:10:40,0.0,0.0
SPXW,2026-11-20,91,Call,6725.0,SPXW261120C06725000,1043.0,1049.3,1046.15,0.0,0.0,0.0,0.0,0.0,0.2303,0.8982,0.0002,6.9497,-0.8492,14.7257,1044.3313,0.0,0.0,0.0,1028.94995117188,no_change,,0.0,0.0
SPX,2026-11-20,91,Put,6725.0,SPX261120P06725000,42.9,43.5,43.2,42.65,-5.7,-11.789,167.0,2047.0,0.2293,-0.101,0.0002,6.9064,-0.8447,-2.0366,43.3215,44.46,44.88,42.65,48.3499984741211,down,2026-08-21T15:37:36,0.0,0.0
SPXW,2026-11-20,91,Put,6725.0,SPXW261120P06725000,43.5,43.9,43.7,43.95,-5.05,-10.3061,2.0,127.0,0.2298,-0.1017,0.0002,6.9497,-0.8492,-2.0514,43.8368,43.95,43.95,43.95,49.0,no_change,2026-08-21T13:26:42,0.0,0.0
SPX,2026-11-20,91,Call,6730.0,SPX261120C06730000,1039.4,1042.3,1040.85,0.0,0.0,0.0,0.0,0.0,0.2293,0.8982,0.0002,6.9412,-0.8474,14.7386,1039.3623,0.0,0.0,0.0,1023.85000610352,no_change,,0.0,0.0
SPXW,2026-11-20,91,Call,6730.0,SPXW261120C06730000,1038.4,1044.6,1041.5,0.0,0.0,0.0,0.0,0.0,0.2297,0.8975,0.0002,6.9846,-0.8519,14.7236,1039.6704,0.0,0.0,0.0,1024.34997558594,no_change,,0.0,0.0
SPX,2026-11-20,91,Put,6730.0,SPX261120P06730000,43.2,43.8,43.5,46.57,0.0,0.0,0.0,267.0,0.229,-0.1017,0.0002,6.9412,-0.8474,-2.0511,43.6022,0.0,0.0,0.0,48.6500015258789,down,2026-08-20T10:23:59,0.0,0.0
SPXW,2026-11-20,91,Put,6730.0,SPXW261120P06730000,43.8,44.2,44.0,43.6,-5.7,-11.5619,4.0,1.0,0.2294,-0.1024,0.0002,6.9846,-0.8519,-2.0659,44.1202,44.35,44.54,43.6,49.2999992370606,down,2026-08-21T15:27:36,0.0,0.0
SPX,2026-11-20,91,Call,6740.0,SPX261120C06740000,1030.2,1033.0,1031.6,920.24,0.0,0.0,0.0,2.0,0.2284,0.8968,0.0002,7.0111,-0.8527,14.7342,1030.0415,0.0,0.0,0.0,1014.60000610352,down,2026-07-22T15:38:36,0.0,0.0
SPXW,2026-11-20,91,Call,6740.0,SPXW261120C06740000,1028.4,1035.3,1031.85,0.0,0.0,0.0,0.0,0.0,0.2288,0.896,0.0002,7.0546,-0.8572,14.7191,1030.3553,0.0,0.0,0.0,1015.04998779297,no_change,,0.0,0.0
SPX,2026-11-20,91,Put,6740.0,SPX261120P06740000,43.7,44.4,44.05,43.9,-5.35,-10.8629,102.0,432.0,0.2279,-0.1031,0.0002,7.0111,-0.8527,-2.0804,44.1701,44.1,44.3,43.7,49.25,no_change,2026-08-21T15:55:31,0.0,0.0
SPXW,2026-11-20,91,Put,6740.0,SPXW261120P06740000,44.3,44.7,44.5,50.8,0.0,0.0,0.0,3.0,0.2284,-0.1038,0.0002,7.0546,-0.8572,-2.0953,44.6939,0.0,0.0,0.0,49.8999996185303,up,2026-08-11T13:00:40,0.0,0.0
SPX,2026-11-20,91,Call,6750.0,SPX261120C06750000,1021.0,1023.4,1022.2,1130.55,0.0,0.0,0.0,3464.0,0.2277,0.8953,0.0002,7.0816,-0.858,14.7294,1020.7297,0.0,0.0,0.0,1005.29998779297,no_change,2026-08-14T13:21:15,0.0,0.0
SPXW,2026-11-20,91,Call,6750.0,SPXW261120C06750000,1019.7,1026.0,1022.85,0.0,0.0,0.0,0.0,0.0,0.2278,0.8946,0.0002,7.1251,-0.8626,14.7142,1021.0493,0.0,0.0,0.0,1005.84997558594,no_change,,0.0,0.0
SPX,2026-11-20,91,Put,6750.0,SPX261120P06750000,44.3,44.9,44.599999999999994,44.4,-5.5,-11.022,46.0,5661.0,0.2269,-0.1046,0.0002,7.0816,-0.858,-2.1101,44.7471,46.1,46.1,44.4,49.8999996185303,down,2026-08-21T15:09:39,0.0,0.0
SPXW,2026-11-20,91,Put,6750.0,SPXW261120P06750000,44.9,45.3,45.099999999999994,45.37,-5.13,-10.1584,3.0,90.0,0.2275,-0.1053,0.0002,7.1251,-0.8626,-2.1251,45.2768,45.98,45.98,45.37,50.5,no_change,2026-08-21T13:27:01,0.0,0.0
SPX,2026-11-20,91,Call,6760.0,SPX261120C06760000,1011.6,1014.4,1013.0,1094.21,0.0,0.0,0.0,1.0,0.2264,0.8938,0.0002,7.1526,-0.8634,14.7242,1011.4271,0.0,0.0,0.0,996.100006103516,down,2026-08-11T12:10:53,0.0,0.0
SPXW,2026-11-20,91,Call,6760.0,SPXW261120C06760000,1010.4,1016.7,1013.55,0.0,0.0,0.0,0.0,100.0,0.2269,0.893,0.0002,7.1964,-0.8679,14.709,1011.7526,0.0,0.0,0.0,996.549987792969,no_change,,0.0,0.0
SPX,2026-11-20,91,Put,6760.0,SPX261120P06760000,44.9,45.5,45.2,45.11,0.0,0.0,0.0,162.0,0.226,-0.1061,0.0002,7.1526,-0.8634,-2.1402,45.3334,0.0,0.0,0.0,50.5499992370606,down,2026-08-19T10:48:26,0.0,0.0
SPXW,2026-11-20,91,Put,6760.0,SPXW261120P06760000,45.5,45.9,45.7,45.92,-5.28,-10.3125,2.0,25.0,0.2266,-0.1068,0.0002,7.1964,-0.8679,-2.1552,45.8689,45.92,45.92,45.92,51.2000007629394,no_change,2026-08-21T13:27:01,0.0,0.0
SPX,2026-11-20,91,Call,6770.0,SPX261120C06770000,1002.1,1005.1,1003.6,895.01,0.0,0.0,0.0,2.0,0.2254,0.8923,0.0002,7.2244,-0.8687,14.7186,1002.1338,0.0,0.0,0.0,986.850006103516,up,2026-07-22T15:41:54,0.0,0.0
SPXW,2026-11-20,91,Call,6770.0,SPXW261120C06770000,1001.1,1007.4,1004.25,0.0,0.0,0.0,0.0,2.0,0.2259,0.8915,0.0002,7.2683,-0.8733,14.7033,1002.4653,0.0,0.0,0.0,987.349975585938,no_change,,0.0,0.0
SPX,2026-11-20,91,Put,6770.0,SPX261120P06770000,45.5,46.1,45.8,50.9,0.0,0.0,0.0,202.0,0.225,-0.1076,0.0002,7.2244,-0.8687,-2.1707,45.9289,0.0,0.0,0.0,51.2000007629394,up,2026-08-20T15:41:46,0.0,0.0
SPXW,2026-11-20,91,Put,6770.0,SPXW261120P06770000,46.1,46.5,46.3,49.85,0.0,0.0,0.0,4.0,0.2256,-0.1084,0.0002,7.2683,-0.8733,-2.1858,46.4704,0.0,0.0,0.0,51.7999992370606,down,2026-08-10T12:12:31,0.0,0.0
SPX,2026-11-20,91,Call,6775.0,SPX261120C06775000,997.5,1000.5,999.0,891.29,0.0,0.0,0.0,1925.0,0.225,0.8915,0.0002,7.2605,-0.8714,14.7157,997.4907,0.0,0.0,0.0,982.199981689453,down,2026-07-21T11:22:00,0.0,0.0
SPXW,2026-11-20,91,Call,6775.0,SPXW261120C06775000,996.5,1002.7,999.6,0.0,0.0,0.0,0.0,0.0,0.2253,0.8907,0.0002,7.3045,-0.876,14.7003,997.8253,0.0,0.0,0.0,982.75,no_change,,0.0,0.0
SPX,2026-11-20,91,Put,6775.0,SPX261120P06775000,45.8,46.4,46.099999999999994,50.33,0.0,0.0,0.0,2024.0,0.2246,-0.1084,0.0002,7.2605,-0.8714,-2.1861,46.2302,0.0,0.0,0.0,51.5,up,2026-08-20T13:40:33,0.0,0.0
SPXW,2026-11-20,91,Put,6775.0,SPXW261120P06775000,46.4,46.8,46.599999999999994,50.2,0.0,0.0,0.0,46.0,0.2251,-0.1091,0.0002,7.3045,-0.876,-2.2013,46.7748,0.0,0.0,0.0,52.2000007629394,up,2026-08-20T11:23:48,0.0,0.0
SPX,2026-11-20,91,Call,6780.0,SPX261120C06780000,992.9,995.8,994.3499999999999,0.0,0.0,0.0,0.0,0.0,0.2245,0.8907,0.0002,7.2968,-0.8741,14.7126,992.85,0.0,0.0,0.0,977.600006103516,no_change,,0.0,0.0
SPXW,2026-11-20,91,Call,6780.0,SPXW261120C06780000,991.9,998.1,995.0,0.0,0.0,0.0,0.0,0.0,0.2249,0.89,0.0002,7.341,-0.8786,14.6972,993.1876,0.0,0.0,0.0,978.100006103516,no_change,,0.0,0.0
SPX,2026-11-20,91,Put,6780.0,SPX261120P06780000,46.1,46.7,46.400000000000006,46.7,-5.15,-9.9325,26.0,221.0,0.2241,-0.1092,0.0002,7.2968,-0.8741,-2.2016,46.5339,46.7,46.7,46.7,51.8499984741211,up,2026-08-21T14:11:38,0.0,0.0
SPXW,2026-11-20,91,Put,6780.0,SPXW261120P06780000,46.7,47.1,46.900000000000006,46.2,0.0,0.0,0.0,2.0,0.2246,-0.1099,0.0002,7.341,-0.8786,-2.2168,47.0816,0.0,0.0,0.0,52.5,up,2026-08-19T11:03:15,0.0,0.0
SPX,2026-11-20,91,Call,6790.0,SPX261120C06790000,983.6,986.5,985.05,871.04,0.0,0.0,0.0,0.0,0.2235,0.8891,0.0002,7.3701,-0.8795,14.7062,983.5758,0.0,0.0,0.0,968.350006103516,down,2026-07-08T15:42:50,0.0,0.0
SPXW,2026-11-20,91,Call,6790.0,SPXW261120C06790000,982.6,988.8,985.7,0.0,0.0,0.0,0.0,0.0,0.2239,0.8884,0.0002,7.4145,-0.884,14.6906,983.9197,0.0,0.0,0.0,968.899993896484,no_change,,0.0,0.0
SPX,2026-11-20,91,Put,6790.0,SPX261120P06790000,46.7,47.3,47.0,52.3,0.0,0.0,0.0,177.0,0.2232,-0.1108,0.0002,7.3701,-0.8795,-2.233,47.1484,0.0,0.0,0.0,52.5,up,2026-08-20T14:18:08,0.0,0.0
SPXW,2026-11-20,91,Put,6790.0,SPXW261120P06790000,47.3,47.7,47.5,48.8,0.0,0.0,0.0,32.0,0.2236,-0.1115,0.0002,7.4145,-0.884,-2.2484,47.7024,0.0,0.0,0.0,53.2000007629394,up,2026-08-17T14:09:23,0.0,0.0
SPX,2026-11-20,91,Call,6800.0,SPX261120C06800000,974.5,977.0,975.75,1008.1,0.0,0.0,0.0,5940.0,0.2225,0.8875,0.0002,7.4442,-0.8849,14.6992,974.3114,0.0,0.0,0.0,959.199981689453,down,2026-08-18T15:38:18,0.0,0.0
SPXW,2026-11-20,91,Call,6800.0,SPXW261120C06800000,973.3,979.5,976.4,875.9,0.0,0.0,0.0,2.0,0.223,0.8868,0.0002,7.4889,-0.8894,14.6835,974.6617,0.0,0.0,0.0,959.700012207031,up,2026-07-21T15:04:49,0.0,0.0
SPX,2026-11-20,91,Put,6800.0,SPX261120P06800000,47.3,48.0,47.65,47.0,-6.25,-11.7371,2746.0,7729.0,0.2221,-0.1124,0.0002,7.4442,-0.8849,-2.2648,47.7729,47.9,47.9,47.0,53.25,down,2026-08-21T15:45:13,0.0,0.0
SPXW,2026-11-20,91,Put,6800.0,SPXW261120P06800000,48.0,48.4,48.2,49.45,-4.45,-8.25603,1.0,236.0,0.2227,-0.1131,0.0002,7.4889,-0.8894,-2.2804,48.3333,49.45,49.45,49.45,53.8999996185303,down,2026-08-21T09:30:03,0.0,0.0
SPX,2026-11-20,91,Call,6810.0,SPX261120C06810000,965.1,968.0,966.55,915.21,0.0,0.0,0.0,2.0,0.2216,0.8859,0.0002,7.5193,-0.8903,14.6916,965.057,0.0,0.0,0.0,950.0,up,2026-07-15T15:35:01,0.0,0.0
SPXW,2026-11-20,91,Call,6810.0,SPXW261120C06810000,964.1,970.3,967.2,0.0,0.0,0.0,0.0,0.0,0.222,0.8851,0.0002,7.5642,-0.8948,14.6758,965.4139,0.0,0.0,0.0,950.5,no_change,,0.0,0.0
SPX,2026-11-20,91,Put,6810.0,SPX261120P06810000,48.0,48.6,48.3,47.59,0.0,0.0,0.0,212.0,0.2212,-0.114,0.0002,7.5193,-0.8903,-2.2973,48.4073,0.0,0.0,0.0,53.8999996185303,up,2026-08-19T10:57:11,0.0,0.0
SPXW,2026-11-20,91,Put,6810.0,SPXW261120P06810000,48.6,49.0,48.8,50.7,0.0,0.0,0.0,13.0,0.2218,-0.1147,0.0002,7.5642,-0.8948,-2.313,48.9743,0.0,0.0,0.0,54.6000003814697,down,2026-08-17T16:13:03,0.0,0.0
SPX,2026-11-20,91,Call,6820.0,SPX261120C06820000,955.8,958.7,957.25,702.21,0.0,0.0,0.0,1.0,0.2207,0.8843,0.0002,7.5953,-0.8957,14.6835,955.8129,0.0,0.0,0.0,940.75,down,2026-07-29T15:53:27,0.0,0.0
SPXW,2026-11-20,91,Call,6820.0,SPXW261120C06820000,954.8,961.0,957.9,0.0,0.0,0.0,0.0,0.0,0.2211,0.8835,0.0002,7.6405,-0.9003,14.6674,956.1764,0.0,0.0,0.0,941.350006103516,no_change,,0.0,0.0
SPX,2026-11-20,91,Put,6820.0,SPX261120P06820000,48.6,49.2,48.900000000000006,49.0,0.0,0.0,0.0,131.0,0.2203,-0.1156,0.0002,7.5953,-0.8957,-2.3304,49.052,0.0,0.0,0.0,54.6000003814697,up,2026-08-19T15:51:23,0.0,0.0
SPXW,2026-11-20,91,Put,6820.0,SPXW261120P06820000,49.3,49.7,49.5,48.4,0.0,0.0,0.0,4.0,0.2208,-0.1164,0.0002,7.6405,-0.9003,-2.3463,49.6256,0.0,0.0,0.0,55.2999992370606,up,2026-08-17T10:00:57,0.0,0.0
SPX,2026-11-20,91,Call,6825.0,SPX261120C06825000,951.2,954.1,952.6500000000001,704.39,0.0,0.0,0.0,1791.0,0.2202,0.8834,0.0002,7.6336,-0.8984,14.6792,951.1947,0.0,0.0,0.0,936.199981689453,no_change,2026-07-29T15:42:18,0.0,0.0
SPXW,2026-11-20,91,Call,6825.0,SPXW261120C06825000,950.2,956.4,953.3,0.0,0.0,0.0,0.0,0.0,0.2205,0.8826,0.0002,7.679,-0.903,14.663,951.5617,0.0,0.0,0.0,936.75,no_change,,0.0,0.0
SPX,2026-11-20,91,Put,6825.0,SPX261120P06825000,48.9,49.6,49.25,48.6,-6.4,-11.6364,637.0,1364.0,0.2198,-0.1165,0.0002,7.6336,-0.8984,-2.3471,49.3783,50.68,50.68,48.6,55.0,down,2026-08-21T15:39:01,0.0,0.0
SPXW,2026-11-20,91,Put,6825.0,SPXW261120P06825000,49.6,50.0,49.8,50.0,-5.6,-10.0719,16.0,78.0,0.2203,-0.1172,0.0002,7.679,-0.903,-2.3631,49.9553,49.2,50.0,49.2,55.6000003814697,up,2026-08-21T15:55:01,0.0,0.0
SPX,2026-11-20,91,Call,6830.0,SPX261120C06830000,946.6,949.5,948.05,902.51,0.0,0.0,0.0,3.0,0.2196,0.8826,0.0002,7.6722,-0.9011,14.6747,946.5792,0.0,0.0,0.0,931.649993896484,up,2026-07-15T15:30:59,0.0,0.0
SPXW,2026-11-20,91,Call,6830.0,SPXW261120C06830000,945.6,951.8,948.7,0.0,0.0,0.0,0.0,0.0,0.22,0.8818,0.0002,7.7177,-0.9057,14.6584,946.9496,0.0,0.0,0.0,932.200012207031,no_change,,0.0,0.0
SPX,2026-11-20,91,Put,6830.0,SPX261120P06830000,49.2,49.9,49.55,51.0,0.0,0.0,0.0,51.0,0.2192,-0.1173,0.0002,7.6722,-0.9011,-2.3641,49.7072,0.0,0.0,0.0,55.2999992370606,up,2026-08-17T15:26:46,0.0,0.0
SPXW,2026-11-20,91,Put,6830.0,SPXW261120P06830000,49.9,50.3,50.099999999999994,49.6,-6.4,-11.4286,1.0,8.0,0.2198,-0.1181,0.0002,7.7177,-0.9057,-2.3802,50.2876,49.6,49.6,49.6,56.0,down,2026-08-21T15:58:45,0.0,0.0
SPX,2026-11-20,91,Call,6840.0,SPX261120C06840000,937.4,940.3,938.8499999999999,686.3,0.0,0.0,0.0,2.0,0.2187,0.8809,0.0002,7.7501,-0.9066,14.6652,937.3562,0.0,0.0,0.0,922.399993896484,up,2026-07-29T15:46:13,0.0,0.0
SPXW,2026-11-20,91,Call,6840.0,SPXW261120C06840000,936.4,942.5,939.45,0.0,0.0,0.0,0.0,0.0,0.2191,0.8801,0.0002,7.7958,-0.9112,14.6487,937.7337,0.0,0.0,0.0,923.0,no_change,,0.0,0.0
SPX,2026-11-20,91,Put,6840.0,SPX261120P06840000,49.9,50.6,50.25,54.0,0.0,0.0,0.0,52.0,0.2183,-0.119,0.0002,7.7501,-0.9066,-2.3984,50.373,0.0,0.0,0.0,56.0499992370606,up,2026-08-20T10:06:53,0.0,0.0
SPXW,2026-11-20,91,Put,6840.0,SPXW261120P06840000,50.6,51.0,50.8,55.8,0.0,0.0,0.0,1.0,0.2188,-0.1198,0.0002,7.7958,-0.9112,-2.4148,50.9605,0.0,0.0,0.0,56.7000007629394,up,2026-08-18T15:55:25,0.0,0.0
SPX,2026-11-20,91,Call,6850.0,SPX261120C06850000,928.4,930.7,929.55,740.53,0.0,0.0,0.0,1443.0,0.2177,0.8791,0.0002,7.8289,-0.912,14.655,928.1443,0.0,0.0,0.0,913.300018310547,down,2026-07-23T15:18:26,0.0,0.0
SPXW,2026-11-20,91,Call,6850.0,SPXW261120C06850000,927.2,933.3,930.25,1039.26,0.0,0.0,0.0,7.0,0.2181,0.8783,0.0002,7.8749,-0.9166,14.6383,928.529,0.0,0.0,0.0,913.850006103516,up,2026-08-14T12:47:14,0.0,0.0
SPX,2026-11-20,91,Put,6850.0,SPX261120P06850000,50.6,51.2,50.900000000000006,51.2,-5.55,-9.77974,3.0,4422.0,0.2173,-0.1208,0.0002,7.8289,-0.912,-2.4336,51.0499,52.2,52.2,51.2,56.75,down,2026-08-21T12:07:07,0.0,0.0
SPXW,2026-11-20,91,Put,6850.0,SPXW261120P06850000,51.3,51.7,51.5,51.4,0.0,0.0,0.0,205.0,0.2179,-0.1216,0.0002,7.8749,-0.9166,-2.4501,51.6446,0.0,0.0,0.0,57.5,up,2026-08-19T15:55:02,0.0,0.0
SPX,2026-11-20,91,Call,6860.0,SPX261120C06860000,918.9,921.8,920.3499999999999,797.96,0.0,0.0,0.0,1.0,0.2168,0.8774,0.0002,7.9085,-0.9174,14.644,918.9436,0.0,0.0,0.0,904.149993896484,up,2026-07-17T11:17:16,0.0,0.0
SPXW,2026-11-20,91,Call,6860.0,SPXW261120C06860000,918.0,924.1,921.05,0.0,0.0,0.0,0.0,0.0,0.2172,0.8766,0.0002,7.9547,-0.9221,14.6271,919.3357,0.0,0.0,0.0,904.75,no_change,,0.0,0.0
SPX,2026-11-20,91,Put,6860.0,SPX261120P06860000,51.3,51.9,51.599999999999994,56.7,0.0,0.0,0.0,355.0,0.2165,-0.1225,0.0002,7.9086,-0.9174,-2.4694,51.7381,0.0,0.0,0.0,57.4500007629394,no_change,2026-08-20T15:53:50,0.0,0.0
SPXW,2026-11-20,91,Put,6860.0,SPXW261120P06860000,51.9,52.4,52.15,0.0,0.0,0.0,0.0,0.0,0.217,-0.1233,0.0002,7.9547,-0.9221,-2.4862,52.3402,0.0,0.0,0.0,58.2000007629394,no_change,,0.0,0.0
SPX,2026-11-20,91,Call,6870.0,SPX261120C06870000,909.7,912.6,911.1500000000001,862.1,0.0,0.0,0.0,0.0,0.2159,0.8756,0.0002,7.989,-0.9229,14.6323,909.7546,0.0,0.0,0.0,895.0,up,2026-07-15T15:35:13,0.0,0.0
SPXW,2026-11-20,91,Call,6870.0,SPXW261120C06870000,908.8,914.9,911.8499999999999,0.0,0.0,0.0,0.0,0.0,0.2162,0.8748,0.0002,8.0353,-0.9275,14.6152,910.1542,0.0,0.0,0.0,895.600006103516,no_change,,0.0,0.0
SPX,2026-11-20,91,Put,6870.0,SPX261120P06870000,52.0,52.6,52.3,50.9,0.0,0.0,0.0,153.0,0.2155,-0.1243,0.0002,7.989,-0.9229,-2.506,52.4378,0.0,0.0,0.0,58.2999992370606,down,2026-08-13T15:24:11,0.0,0.0
SPXW,2026-11-20,91,Put,6870.0,SPXW261120P06870000,52.7,53.1,52.900000000000006,62.6,0.0,0.0,0.0,2.0,0.216,-0.1251,0.0002,8.0353,-0.9275,-2.523,53.0474,0.0,0.0,0.0,59.0,up,2026-08-05T12:55:30,0.0,0.0
SPX,2026-11-20,91,Call,6875.0,SPX261120C06875000,905.2,908.0,906.6,662.84,0.0,0.0,0.0,646.0,0.2154,0.8747,0.0002,8.0294,-0.9256,14.6262,905.1645,0.0,0.0,0.0,890.5,no_change,2026-07-29T15:42:18,0.0,0.0
SPXW,2026-11-20,91,Call,6875.0,SPXW261120C06875000,904.2,910.3,907.25,0.0,0.0,0.0,0.0,0.0,0.2157,0.8738,0.0002,8.0758,-0.9303,14.6089,905.5679,0.0,0.0,0.0,891.050018310547,no_change,,0.0,0.0
SPX,2026-11-20,91,Put,6875.0,SPX261120P06875000,52.3,53.0,52.65,52.8,-5.9,-10.0511,65.0,1953.0,0.215,-0.1252,0.0002,8.0294,-0.9256,-2.5246,52.792,54.13,54.13,52.7,58.7000007629394,no_change,2026-08-21T16:01:37,0.0,0.0
SPXW,2026-11-20,91,Put,6875.0,SPXW261120P06875000,53.0,53.4,53.2,53.4,-6.0,-10.101,1.0,85.0,0.2156,-0.126,0.0002,8.0758,-0.9303,-2.5417,53.4056,53.4,53.4,53.4,59.3999996185303,down,2026-08-21T15:55:00,0.0,0.0
SPX,2026-11-20,91,Call,6880.0,SPX261120C06880000,900.6,903.4,902.0,843.35,0.0,0.0,0.0,5.0,0.2149,0.8738,0.0002,8.0701,-0.9284,14.6199,900.5774,0.0,0.0,0.0,885.899993896484,up,2026-08-03T11:40:59,0.0,0.0
SPXW,2026-11-20,91,Call,6880.0,SPXW261120C06880000,899.1,905.7,902.4000000000001,0.0,0.0,0.0,0.0,0.0,0.2152,0.8729,0.0002,8.1165,-0.933,14.6025,900.9847,0.0,0.0,0.0,886.550018310547,no_change,,0.0,0.0
SPX,2026-11-20,91,Put,6880.0,SPX261120P06880000,52.7,53.3,53.0,55.0,-4.1,-6.93739,53.0,29.0,0.2145,-0.1262,0.0002,8.0701,-0.9284,-2.5434,53.1494,54.56,55.0,54.56,59.1000003814697,no_change,2026-08-21T09:30:16,0.0,0.0
SPXW,2026-11-20,91,Put,6880.0,SPXW261120P06880000,53.4,53.8,53.599999999999994,0.0,0.0,0.0,0.0,0.0,0.2151,-0.127,0.0002,8.1165,-0.933,-2.5606,53.7668,0.0,0.0,0.0,59.7999992370606,no_change,,0.0,0.0
SPX,2026-11-20,91,Call,6890.0,SPX261120C06890000,891.4,894.3,892.8499999999999,0.0,0.0,0.0,0.0,7.0,0.2138,0.8719,0.0003,8.1518,-0.9338,14.6067,891.4123,0.0,0.0,0.0,876.800018310547,no_change,,0.0,0.0
SPXW,2026-11-20,91,Call,6890.0,SPXW261120C06890000,890.5,896.6,893.55,0.0,0.0,0.0,0.0,0.0,0.2143,0.871,0.0003,8.1983,-0.9385,14.5892,891.8275,0.0,0.0,0.0,877.399993896484,no_change,,0.0,0.0
SPX,2026-11-20,91,Put,6890.0,SPX261120P06890000,53.4,54.1,53.75,53.9,-6.0,-10.0167,15.0,472.0,0.2136,-0.128,0.0003,8.1518,-0.9338,-2.5814,53.8732,53.9,53.9,53.9,59.8999996185303,up,2026-08-21T14:02:16,0.0,0.0
SPXW,2026-11-20,91,Put,6890.0,SPXW261120P06890000,54.1,54.5,54.3,60.4,0.0,0.0,0.0,3.0,0.2142,-0.1288,0.0003,8.1983,-0.9385,-2.5988,54.4984,0.0,0.0,0.0,60.6000003814697,up,2026-08-20T14:43:01,0.0,0.0
SPX,2026-11-20,91,Call,6900.0,SPX261120C06900000,882.5,884.8,883.65,966.4,0.0,0.0,0.0,3680.0,0.2129,0.87,0.0003,8.234,-0.9393,14.5928,882.2597,0.0,0.0,0.0,867.75,up,2026-08-12T15:38:57,0.0,0.0
SPXW,2026-11-20,91,Call,6900.0,SPXW261120C06900000,880.8,887.4,884.0999999999999,991.1,0.0,0.0,0.0,8.0,0.2133,0.8692,0.0003,8.2806,-0.944,14.5751,882.683,0.0,0.0,0.0,868.350006103516,no_change,2026-08-14T13:33:10,0.0,0.0
SPX,2026-11-20,91,Put,6900.0,SPX261120P06900000,54.1,54.8,54.45,54.42,-6.23,-10.2721,374.0,7474.0,0.2126,-0.1299,0.0003,8.234,-0.9393,-2.6202,54.6093,56.0,57.0,54.34,60.6500015258789,no_change,2026-08-21T15:54:47,0.0,0.0
SPXW,2026-11-20,91,Put,6900.0,SPXW261120P06900000,54.8,55.3,55.05,55.18,-6.22,-10.1303,6.0,441.0,0.2131,-0.1307,0.0003,8.2806,-0.944,-2.6378,55.2427,57.38,57.38,55.18,61.3999996185303,down,2026-08-21T13:36:53,0.0,0.0
SPX,2026-11-20,91,Call,6910.0,SPX261120C06910000,873.1,876.0,874.55,0.0,0.0,0.0,0.0,0.0,0.2118,0.8681,0.0003,8.3168,-0.9448,14.5784,873.1199,0.0,0.0,0.0,858.649993896484,no_change,,0.0,0.0
SPXW,2026-11-20,91,Call,6910.0,SPXW261120C06910000,872.2,878.3,875.25,0.0,0.0,0.0,0.0,0.0,0.2124,0.8672,0.0003,8.3633,-0.9494,14.5605,873.5513,0.0,0.0,0.0,859.25,no_change,,0.0,0.0
SPX,2026-11-20,91,Put,6910.0,SPX261120P06910000,54.9,55.6,55.25,56.48,0.0,0.0,0.0,129.0,0.2117,-0.1318,0.0003,8.3168,-0.9448,-2.6596,55.3583,0.0,0.0,0.0,61.5,up,2026-08-19T10:09:15,0.0,0.0
SPXW,2026-11-20,91,Put,6910.0,SPXW261120P06910000,55.6,56.0,55.8,56.1,-6.1,-9.80708,1.0,30.0,0.2122,-0.1326,0.0003,8.3633,-0.9494,-2.6773,55.9998,56.1,56.1,56.1,62.2000007629394,up,2026-08-21T15:55:24,0.0,0.0
SPX,2026-11-20,91,Call,6920.0,SPX261120C06920000,864.0,866.8,865.4,0.0,0.0,0.0,0.0,0.0,0.211,0.8661,0.0003,8.3999,-0.9502,14.5632,863.993,0.0,0.0,0.0,849.649993896484,no_change,,0.0,0.0
SPXW,2026-11-20,91,Call,6920.0,SPXW261120C06920000,862.5,869.1,865.8,0.0,0.0,0.0,0.0,15.0,0.2114,0.8653,0.0003,8.4464,-0.9549,14.5452,864.4327,0.0,0.0,0.0,850.199981689453,no_change,,0.0,0.0
SPX,2026-11-20,91,Put,6920.0,SPX261120P06920000,55.6,56.3,55.95,66.5,0.0,0.0,0.0,155.0,0.2107,-0.1338,0.0003,8.3999,-0.9502,-2.6997,56.1203,0.0,0.0,0.0,62.2999992370606,no_change,2026-08-04T15:19:49,0.0,0.0
SPXW,2026-11-20,91,Put,6920.0,SPXW261120P06920000,56.4,56.8,56.599999999999994,61.69,0.0,0.0,0.0,4.0,0.2113,-0.1346,0.0003,8.4464,-0.9549,-2.7175,56.77,0.0,0.0,0.0,63.0,no_change,2026-08-18T10:03:11,0.0,0.0
SPX,2026-11-20,91,Call,6925.0,SPX261120C06925000,859.4,862.3,860.8499999999999,679.31,0.0,0.0,0.0,351.0,0.2104,0.8651,0.0003,8.4416,-0.953,14.5554,859.4345,0.0,0.0,0.0,845.049987792969,up,2026-07-23T14:06:09,0.0,0.0
SPXW,2026-11-20,91,Call,6925.0,SPXW261120C06925000,858.6,864.6,861.6,741.51,0.0,0.0,0.0,1.0,0.2109,0.8643,0.0003,8.4881,-0.9577,14.5373,859.8785,0.0,0.0,0.0,845.699981689453,up,2026-06-29T13:32:22,0.0,0.0
SPX,2026-11-20,91,Put,6925.0,SPX261120P06925000,56.0,56.7,56.35,56.45,-6.25,-9.9681,2.0,1578.0,0.2102,-0.1348,0.0003,8.4416,-0.953,-2.72,56.5062,56.14,56.45,56.14,62.7000007629394,up,2026-08-21T12:13:05,0.0,0.0
SPXW,2026-11-20,91,Put,6925.0,SPXW261120P06925000,56.8,57.2,57.0,63.5,0.0,0.0,0.0,87.0,0.2109,-0.1356,0.0003,8.4881,-0.9577,-2.7378,57.1602,0.0,0.0,0.0,63.4500007629394,up,2026-08-20T15:55:54,0.0,0.0
SPX,2026-11-20,91,Call,6930.0,SPX261120C06930000,854.9,857.7,856.3,783.87,0.0,0.0,0.0,1.0,0.21,0.8641,0.0003,8.4834,-0.9557,14.5474,854.8793,0.0,0.0,0.0,840.549987792969,down,2026-07-07T14:29:10,0.0,0.0
SPXW,2026-11-20,91,Call,6930.0,SPXW261120C06930000,854.0,859.9,856.95,0.0,0.0,0.0,0.0,0.0,0.2105,0.8633,0.0003,8.5299,-0.9604,14.5294,855.3276,0.0,0.0,0.0,841.199981689453,no_change,,0.0,0.0
SPX,2026-11-20,91,Put,6930.0,SPX261120P06930000,56.4,57.1,56.75,57.0,-6.2,-9.81013,9.0,53.0,0.2098,-0.1358,0.0003,8.4834,-0.9557,-2.7403,56.8955,57.0,57.0,57.0,63.2000007629394,down,2026-08-21T14:16:30,0.0,0.0
SPXW,2026-11-20,91,Put,6930.0,SPXW261120P06930000,57.1,57.6,57.35,64.2,0.0,0.0,0.0,1.0,0.2104,-0.1366,0.0003,8.5299,-0.9604,-2.7583,57.5537,0.0,0.0,0.0,63.8999996185303,down,2026-08-07T13:46:54,0.0,0.0
SPX,2026-11-20,91,Call,6940.0,SPX261120C06940000,845.8,848.6,847.2,0.0,0.0,0.0,0.0,0.0,0.209,0.8621,0.0003,8.5672,-0.9612,14.5311,845.7792,0.0,0.0,0.0,831.450012207031,no_change,,0.0,0.0
SPXW,2026-11-20,91,Call,6940.0,SPXW261120C06940000,844.9,850.8,847.8499999999999,0.0,0.0,0.0,0.0,0.0,0.2095,0.8612,0.0003,8.6138,-0.9659,14.513,846.236,0.0,0.0,0.0,832.100006103516,no_change,,0.0,0.0
SPX,2026-11-20,91,Put,6940.0,SPX261120P06940000,57.2,57.9,57.55,63.4,0.0,0.0,0.0,132.0,0.2088,-0.1378,0.0003,8.5672,-0.9612,-2.7815,57.6841,0.0,0.0,0.0,63.9499988555908,no_change,2026-08-20T15:51:52,0.0,0.0
SPXW,2026-11-20,91,Put,6940.0,SPXW261120P06940000,57.9,58.4,58.15,55.1,0.0,0.0,0.0,19.0,0.2094,-0.1386,0.0003,8.6138,-0.9659,-2.7996,58.3509,0.0,0.0,0.0,64.7000007629394,down,2026-08-14T10:07:40,0.0,0.0
SPX,2026-11-20,91,Call,6950.0,SPX261120C06950000,836.9,839.3,838.0999999999999,716.4,0.0,0.0,0.0,1361.0,0.2081,0.86,0.0003,8.6515,-0.9667,14.5143,836.6928,0.0,0.0,0.0,822.449981689453,down,2026-06-23T10:55:04,0.0,0.0
SPXW,2026-11-20,91,Call,6950.0,SPXW261120C06950000,835.8,841.7,838.75,676.84,0.0,0.0,0.0,1.0,0.2085,0.8592,0.0003,8.698,-0.9714,14.496,837.1583,0.0,0.0,0.0,823.100006103516,down,2026-07-23T10:28:52,0.0,0.0
SPX,2026-11-20,91,Put,6950.0,SPX261120P06950000,58.0,58.7,58.35,57.9,-6.95,-10.717,325.0,3504.0,0.2078,-0.1399,0.0003,8.6515,-0.9667,-2.8233,58.4866,58.6,59.0,57.9,64.8499984741211,no_change,2026-08-21T14:56:44,0.0,0.0
SPXW,2026-11-20,91,Put,6950.0,SPXW261120P06950000,58.8,59.2,59.0,60.73,-4.87,-7.42378,1.0,102.0,0.2085,-0.1407,0.0003,8.698,-0.9714,-2.8414,59.1621,60.73,60.73,60.73,65.6000022888184,down,2026-08-21T09:30:03,0.0,0.0
SPX,2026-11-20,91,Call,6960.0,SPX261120C06960000,827.6,830.4,829.0,716.0,0.0,0.0,0.0,1.0,0.2071,0.858,0.0003,8.7362,-0.9722,14.4969,827.6204,0.0,0.0,0.0,813.5,down,2026-06-17T15:39:38,0.0,0.0
SPXW,2026-11-20,91,Call,6960.0,SPXW261120C06960000,826.8,832.7,829.75,0.0,0.0,0.0,0.0,0.0,0.2076,0.8571,0.0003,8.7828,-0.9769,14.4786,828.0947,0.0,0.0,0.0,814.149993896484,no_change,,0.0,0.0
SPX,2026-11-20,91,Put,6960.0,SPX261120P06960000,58.8,59.5,59.15,59.3,-6.5,-9.87842,13.0,96.0,0.2069,-0.142,0.0003,8.7363,-0.9722,-2.8656,59.303,59.3,59.3,59.3,65.7999992370606,down,2026-08-21T14:02:16,0.0,0.0
SPXW,2026-11-20,91,Put,6960.0,SPXW261120P06960000,59.6,60.0,59.8,60.2,-6.3,-9.47368,1.0,19.0,0.2075,-0.1428,0.0003,8.7828,-0.9769,-2.8838,59.9873,60.2,60.2,60.2,66.5,down,2026-08-21T15:55:03,0.0,0.0
SPX,2026-11-20,91,Call,6970.0,SPX261120C06970000,818.6,821.3,819.95,708.0,0.0,0.0,0.0,1.0,0.2063,0.8558,0.0003,8.8216,-0.9776,14.479,818.5622,0.0,0.0,0.0,804.5,down,2026-06-17T15:39:38,0.0,0.0
SPXW,2026-11-20,91,Call,6970.0,SPXW261120C06970000,817.7,823.7,820.7,950.54,0.0,0.0,0.0,184.0,0.2067,0.8549,0.0003,8.8682,-0.9824,14.4606,819.0455,0.0,0.0,0.0,805.149993896484,up,2026-08-14T10:03:24,0.0,0.0
SPX,2026-11-20,91,Put,6970.0,SPX261120P06970000,59.6,60.3,59.95,60.1,-6.6,-9.89505,16.0,235.0,0.206,-0.1441,0.0003,8.8216,-0.9776,-2.9084,60.1335,60.1,60.1,60.1,66.7000007629394,down,2026-08-21T14:02:16,0.0,0.0
SPXW,2026-11-20,91,Put,6970.0,SPXW261120P06970000,60.4,60.9,60.65,61.02,0.0,0.0,0.0,8.0,0.2065,-0.145,0.0003,8.8682,-0.9824,-2.9267,60.8269,0.0,0.0,0.0,67.3999977111816,down,2026-08-17T13:15:00,0.0,0.0
SPX,2026-11-20,91,Call,6975.0,SPX261120C06975000,814.0,816.8,815.4,575.63,0.0,0.0,0.0,302.0,0.2059,0.8547,0.0003,8.8645,-0.9804,14.4698,814.0386,0.0,0.0,0.0,799.950012207031,up,2026-07-29T15:50:47,0.0,0.0
SPXW,2026-11-20,91,Call,6975.0,SPXW261120C06975000,813.2,819.1,816.1500000000001,648.85,0.0,0.0,0.0,1.0,0.2061,0.8538,0.0003,8.9112,-0.9851,14.4513,814.5264,0.0,0.0,0.0,800.649993896484,up,2026-07-23T10:55:49,0.0,0.0
SPX,2026-11-20,91,Put,6975.0,SPX261120P06975000,60.0,60.8,60.4,59.69,-7.41,-11.0432,4.0,3021.0,0.2055,-0.1452,0.0003,8.8645,-0.9804,-2.93,60.5543,59.69,59.69,59.69,67.1000022888184,no_change,2026-08-21T11:55:58,0.0,0.0
SPXW,2026-11-20,91,Put,6975.0,SPXW261120P06975000,60.8,61.3,61.05,62.4,0.0,0.0,0.0,73.0,0.2061,-0.146,0.0003,8.9112,-0.9851,-2.9484,61.2522,0.0,0.0,0.0,67.8499984741211,up,2026-08-17T15:51:57,0.0,0.0
SPX,2026-11-20,91,Call,6980.0,SPX261120C06980000,809.5,812.3,810.9,0.0,0.0,0.0,0.0,0.0,0.2052,0.8536,0.0003,8.9075,-0.9831,14.4605,809.5186,0.0,0.0,0.0,795.5,no_change,,0.0,0.0
SPXW,2026-11-20,91,Call,6980.0,SPXW261120C06980000,808.7,814.6,811.6500000000001,0.0,0.0,0.0,0.0,0.0,0.2056,0.8528,0.0003,8.9543,-0.9879,14.4419,810.0109,0.0,0.0,0.0,796.149993896484,no_change,,0.0,0.0
SPX,2026-11-20,91,Put,6980.0,SPX261120P06980000,60.5,61.2,60.85,61.6,-6.0,-8.87574,34.0,349.0,0.205,-0.1462,0.0003,8.9075,-0.9831,-2.9518,60.9788,63.02,63.02,59.83,67.6000022888184,up,2026-08-21T14:31:15,0.0,0.0
SPXW,2026-11-20,91,Put,6980.0,SPXW261120P06980000,61.3,61.7,61.5,63.3,-5.0,-7.32064,1.0,1.0,0.2056,-0.1471,0.0003,8.9543,-0.9879,-2.9702,61.6811,63.3,63.3,63.3,68.2999992370606,down,2026-08-21T09:32:10,0.0,0.0
SPX,2026-11-20,91,Call,6990.0,SPX261120C06990000,800.6,803.2,801.9000000000001,712.4,0.0,0.0,0.0,9.0,0.2042,0.8514,0.0003,8.9943,-0.9886,14.4413,800.4897,0.0,0.0,0.0,786.5,down,2026-06-30T11:06:40,0.0,0.0
SPXW,2026-11-20,91,Call,6990.0,SPXW261120C06990000,799.7,805.5,802.6,845.45,0.0,0.0,0.0,2.0,0.2047,0.8505,0.0003,9.0412,-0.9933,14.4226,800.9913,0.0,0.0,0.0,787.199981689453,down,2026-08-19T14:47:00,0.0,0.0
SPX,2026-11-20,91,Put,6990.0,SPX261120P06990000,61.3,62.0,61.65,61.8,-6.7,-9.78102,1.0,1052.0,0.2041,-0.1485,0.0003,8.9943,-0.9886,-2.9959,61.8386,61.8,61.8,61.8,68.5,up,2026-08-21T16:10:33,0.0,0.0
SPXW,2026-11-20,91,Put,6990.0,SPXW261120P06990000,62.1,62.6,62.35,64.5,-4.75,-6.85921,2.0,13.0,0.2047,-0.1493,0.0003,9.0412,-0.9933,-3.0145,62.5503,64.5,64.5,64.5,69.25,no_change,2026-08-21T09:32:04,0.0,0.0
SPX,2026-11-20,91,Call,7000.0,SPX261120C07000000,791.7,793.9,792.8,794.79,17.19,2.21065,400.0,22891.0,0.2035,0.8492,0.0003,9.0818,-0.994,14.4214,791.476,792.3,808.49,785.5,777.600006103516,down,2026-08-21T13:49:26,0.0,0.0
SPXW,2026-11-20,91,Call,7000.0,SPXW261120C07000000,790.7,796.5,793.6,793.38,15.13,1.94411,3.0,57.0,0.2038,0.8483,0.0003,9.129,-0.9988,14.4025,791.9869,797.52,797.52,788.24,778.25,up,2026-08-21T13:56:51,0.0,0.0
SPX,2026-11-20,91,Put,7000.0,SPX261120P07000000,62.2,62.9,62.55,62.47,-6.98,-10.0504,858.0,30318.0,0.2032,-0.1507,0.0003,9.0818,-0.994,-3.0407,62.7137,65.1,65.4,61.5,69.4499969482422,no_change,2026-08-21T15:54:47,0.0,0.0
SPXW,2026-11-20,91,Put,7000.0,SPXW261120P07000000,63.1,63.5,63.3,63.0,-7.2,-10.2564,161.0,4355.0,0.2037,-0.1516,0.0003,9.129,-0.9988,-3.0594,63.4347,65.14,66.0,62.5,70.2000007629394,no_change,2026-08-21T15:59:00,0.0,0.0
SPX,2026-11-20,91,Call,7010.0,SPX261120C07010000,782.6,785.2,783.9000000000001,738.45,0.0,0.0,0.0,8.0,0.2026,0.8469,0.0003,9.1704,-0.9995,14.4007,782.4779,0.0,0.0,0.0,768.599975585938,up,2026-07-10T10:44:36,0.0,0.0
SPXW,2026-11-20,91,Call,7010.0,SPXW261120C07010000,781.7,787.5,784.6,0.0,0.0,0.0,0.0,0.0,0.2028,0.846,0.0003,9.2177,-1.0043,14.3816,782.9981,0.0,0.0,0.0,769.350006103516,no_change,,0.0,0.0
SPX,2026-11-20,91,Put,7010.0,SPX261120P07010000,63.1,63.8,63.45,66.01,-4.34,-6.16915,1.0,606.0,0.2022,-0.153,0.0003,9.1704,-0.9995,-3.0864,63.6043,66.01,66.01,66.01,70.3499984741211,down,2026-08-21T09:36:59,0.0,0.0
SPXW,2026-11-20,91,Put,7010.0,SPXW261120P07010000,63.9,64.4,64.15,68.8,0.0,0.0,0.0,3.0,0.2028,-0.1539,0.0003,9.2177,-1.0043,-3.1052,64.3348,0.0,0.0,0.0,71.2000007629394,down,2026-08-20T10:13:18,0.0,0.0
SPX,2026-11-20,91,Call,7020.0,SPX261120C07020000,773.5,776.2,774.85,687.26,0.0,0.0,0.0,1.0,0.2014,0.8446,0.0003,9.2599,-1.0049,14.3791,773.4954,0.0,0.0,0.0,759.700012207031,up,2026-06-30T10:07:01,0.0,0.0
SPXW,2026-11-20,91,Call,7020.0,SPXW261120C07020000,772.7,778.5,775.6,0.0,0.0,0.0,0.0,0.0,0.2018,0.8437,0.0003,9.3074,-1.0097,14.3598,774.0254,0.0,0.0,0.0,760.450012207031,no_change,,0.0,0.0
SPX,2026-11-20,91,Put,7020.0,SPX261120P07020000,64.0,64.7,64.35,64.5,-6.9,-9.66386,14.0,107.0,0.2013,-0.1553,0.0003,9.2599,-1.0049,-3.1329,64.5108,64.5,64.5,64.5,71.3999977111816,up,2026-08-21T14:02:16,0.0,0.0
SPXW,2026-11-20,91,Put,7020.0,SPXW261120P07020000,64.8,65.3,65.05,62.31,0.0,0.0,0.0,194.0,0.2019,-0.1562,0.0003,9.3074,-1.0097,-3.152,65.2508,0.0,0.0,0.0,72.1500015258789,down,2026-08-14T10:29:08,0.0,0.0
SPX,2026-11-20,91,Call,7025.0,SPX261120C07025000,769.0,771.7,770.35,907.65,0.0,0.0,0.0,294.0,0.201,0.8434,0.0003,9.305,-1.0076,14.3679,769.0103,0.0,0.0,0.0,755.299987792969,up,2026-08-05T09:40:44,0.0,0.0
SPXW,2026-11-20,91,Call,7025.0,SPXW261120C07025000,767.8,774.0,770.9,686.33,0.0,0.0,0.0,1.0,0.2013,0.8425,0.0003,9.3526,-1.0124,14.3485,769.5452,0.0,0.0,0.0,756.0,up,2026-06-30T11:03:27,0.0,0.0
SPX,2026-11-20,91,Put,7025.0,SPX261120P07025000,64.4,65.2,64.80000000000001,67.17,-4.73,-6.57858,1.0,1844.0,0.2008,-0.1565,0.0003,9.305,-1.0076,-3.1565,64.9702,67.17,67.17,67.17,71.8999977111816,up,2026-08-21T10:38:46,0.0,0.0
SPXW,2026-11-20,91,Put,7025.0,SPXW261120P07025000,65.3,65.7,65.5,67.1,0.0,0.0,0.0,65.0,0.2014,-0.1574,0.0003,9.3526,-1.0124,-3.1757,65.715,0.0,0.0,0.0,72.6500015258789,up,2026-08-19T09:36:05,0.0,0.0
SPX,2026-11-20,91,Call,7030.0,SPX261120C07030000,764.5,767.2,765.85,553.73,0.0,0.0,0.0,3.0,0.2004,0.8422,0.0003,9.3504,-1.0103,14.3565,764.5294,0.0,0.0,0.0,750.850006103516,down,2026-07-29T11:59:24,0.0,0.0
SPXW,2026-11-20,91,Call,7030.0,SPXW261120C07030000,763.3,769.5,766.4,0.0,0.0,0.0,0.0,0.0,0.201,0.8413,0.0003,9.3981,-1.0152,14.337,765.0691,0.0,0.0,0.0,751.599975585938,no_change,,0.0,0.0
SPX,2026-11-20,91,Put,7030.0,SPX261120P07030000,64.9,65.6,65.25,65.73,-6.62,-9.14996,62.0,863.0,0.2003,-0.1577,0.0003,9.3504,-1.0103,-3.1803,65.4336,67.69,67.75,64.34,72.3499984741211,up,2026-08-21T15:59:53,0.0,0.0
SPXW,2026-11-20,91,Put,7030.0,SPXW261120P07030000,65.8,66.2,66.0,62.5,0.0,0.0,0.0,12.0,0.2009,-0.1586,0.0003,9.3981,-1.0152,-3.1997,66.1834,0.0,0.0,0.0,73.1500015258789,down,2026-08-13T10:49:41,0.0,0.0
SPX,2026-11-20,91,Call,7040.0,SPX261120C07040000,755.6,758.3,756.95,0.0,0.0,0.0,0.0,0.0,0.1994,0.8398,0.0003,9.442,-1.0158,14.3329,755.5801,0.0,0.0,0.0,741.950012207031,no_change,,0.0,0.0
SPXW,2026-11-20,91,Call,7040.0,SPXW261120C07040000,754.4,760.6,757.5,0.0,0.0,0.0,0.0,0.0,0.1999,0.8389,0.0003,9.4898,-1.0206,14.3131,756.1298,0.0,0.0,0.0,742.700012207031,no_change,,0.0,0.0
SPX,2026-11-20,91,Put,7040.0,SPX261120P07040000,65.8,66.6,66.19999999999999,66.5,-6.9,-9.40054,8.0,348.0,0.1994,-0.1601,0.0003,9.442,-1.0158,-3.2289,66.3731,66.5,66.5,66.5,73.3999977111816,up,2026-08-21T14:16:59,0.0,0.0
SPXW,2026-11-20,91,Put,7040.0,SPXW261120P07040000,66.7,67.2,66.95,70.1,0.0,0.0,0.0,10.0,0.1999,-0.161,0.0003,9.4898,-1.0206,-3.2485,67.1329,0.0,0.0,0.0,74.2000007629394,down,2026-08-10T12:12:31,0.0,0.0
SPX,2026-11-20,91,Call,7050.0,SPX261120C07050000,746.8,749.1,747.95,803.59,0.0,0.0,0.0,3524.0,0.1985,0.8374,0.0003,9.5345,-1.0212,14.3082,746.6481,0.0,0.0,0.0,733.100006103516,down,2026-08-06T15:40:02,0.0,0.0
SPXW,2026-11-20,91,Call,7050.0,SPXW261120C07050000,745.4,751.6,748.5,829.01,0.0,0.0,0.0,16.0,0.199,0.8364,0.0003,9.5824,-1.026,14.2882,747.2079,0.0,0.0,0.0,733.799987792969,down,2026-08-12T10:48:07,0.0,0.0
SPX,2026-11-20,91,Put,7050.0,SPX261120P07050000,66.8,67.5,67.15,66.4,-8.0,-10.7527,46.0,2922.0,0.1984,-0.1625,0.0003,9.5345,-1.0212,-3.2785,67.3299,69.84,69.84,66.1,74.3999977111816,no_change,2026-08-21T15:35:45,0.0,0.0
SPXW,2026-11-20,91,Put,7050.0,SPXW261120P07050000,67.7,68.1,67.9,68.0,-7.2,-9.57447,85.0,187.0,0.199,-0.1635,0.0003,9.5824,-1.026,-3.2983,68.0998,67.8,68.0,67.8,75.2000007629394,up,2026-08-21T13:21:26,0.0,0.0
SPX,2026-11-20,91,Call,7060.0,SPX261120C07060000,737.7,740.4,739.05,0.0,0.0,0.0,0.0,0.0,0.1978,0.8349,0.0003,9.6278,-1.0265,14.2823,737.7339,0.0,0.0,0.0,724.25,no_change,,0.0,0.0
SPXW,2026-11-20,91,Call,7060.0,SPXW261120C07060000,736.5,742.7,739.6,0.0,0.0,0.0,0.0,0.0,0.1981,0.8339,0.0003,9.6758,-1.0314,14.2621,738.304,0.0,0.0,0.0,725.0,no_change,,0.0,0.0
SPX,2026-11-20,91,Put,7060.0,SPX261120P07060000,67.8,68.5,68.15,68.6,-6.85,-9.07886,12.0,74.0,0.1975,-0.165,0.0003,9.6278,-1.0265,-3.3292,68.3045,67.92,68.6,67.92,75.4500007629394,up,2026-08-21T14:11:38,0.0,0.0
SPXW,2026-11-20,91,Put,7060.0,SPXW261120P07060000,68.6,69.1,68.85,75.28,0.0,0.0,0.0,3.0,0.198,-0.1659,0.0003,9.6758,-1.0314,-3.3493,69.0846,0.0,0.0,0.0,76.2999992370606,up,2026-08-18T14:02:24,0.0,0.0
SPX,2026-11-20,91,Call,7070.0,SPX261120C07070000,728.8,731.5,730.15,639.25,0.0,0.0,0.0,1.0,0.1969,0.8324,0.0003,9.7218,-1.0319,14.2554,728.838,0.0,0.0,0.0,715.450012207031,down,2026-07-17T12:27:44,0.0,0.0
SPXW,2026-11-20,91,Call,7070.0,SPXW261120C07070000,727.6,733.8,730.7,0.0,0.0,0.0,0.0,0.0,0.1971,0.8314,0.0003,9.7698,-1.0368,14.2349,729.4185,0.0,0.0,0.0,716.200012207031,no_change,,0.0,0.0
SPX,2026-11-20,91,Put,7070.0,SPX261120P07070000,68.8,69.5,69.15,73.17,0.0,0.0,0.0,409.0,0.1966,-0.1676,0.0003,9.7218,-1.0319,-3.3811,69.2974,0.0,0.0,0.0,76.5499992370606,up,2026-08-20T10:33:14,0.0,0.0
SPXW,2026-11-20,91,Put,7070.0,SPXW261120P07070000,69.6,70.1,69.85,70.3,-7.05,-9.11441,5.0,10.0,0.1971,-0.1685,0.0003,9.7698,-1.0368,-3.4014,70.088,70.3,70.3,70.3,77.3499984741211,down,2026-08-21T16:11:05,0.0,0.0
SPX,2026-11-20,91,Call,7075.0,SPX261120C07075000,724.4,727.1,725.75,852.0,0.0,0.0,0.0,1085.0,0.1961,0.8311,0.0003,9.769,-1.0346,14.2415,724.397,0.0,0.0,0.0,711.0,up,2026-08-13T11:03:09,0.0,0.0
SPXW,2026-11-20,91,Call,7075.0,SPXW261120C07075000,723.3,729.4,726.3499999999999,808.86,0.0,0.0,0.0,23.0,0.1966,0.8301,0.0003,9.817,-1.0394,14.2209,724.9828,0.0,0.0,0.0,711.799987792969,up,2026-08-11T12:16:26,0.0,0.0
SPX,2026-11-20,91,Put,7075.0,SPX261120P07075000,69.3,70.0,69.65,69.6,-7.45,-9.66905,1.0,2272.0,0.1961,-0.1688,0.0003,9.769,-1.0346,-3.4074,69.8009,69.6,69.6,69.6,77.0499992370606,up,2026-08-21T15:53:45,0.0,0.0
SPXW,2026-11-20,91,Put,7075.0,SPXW261120P07075000,70.2,70.6,70.4,70.8,-7.1,-9.11425,5.0,70.0,0.1967,-0.1698,0.0003,9.817,-1.0394,-3.4279,70.5967,70.8,70.8,70.8,77.8999977111816,down,2026-08-21T16:11:05,0.0,0.0
SPX,2026-11-20,91,Call,7080.0,SPX261120C07080000,720.1,722.6,721.35,700.3,0.0,0.0,0.0,1.0,0.1959,0.8298,0.0003,9.8164,-1.0373,14.2273,719.9609,0.0,0.0,0.0,706.649993896484,down,2026-06-17T09:38:58,0.0,0.0
SPXW,2026-11-20,91,Call,7080.0,SPXW261120C07080000,718.8,724.9,721.8499999999999,0.0,0.0,0.0,0.0,0.0,0.1962,0.8288,0.0003,9.8644,-1.0421,14.2066,720.5519,0.0,0.0,0.0,707.400024414062,no_change,,0.0,0.0
SPX,2026-11-20,91,Put,7080.0,SPX261120P07080000,69.8,70.5,70.15,70.35,-7.25,-9.34279,2.0,33.0,0.1956,-0.1701,0.0003,9.8164,-1.0373,-3.434,70.3091,70.35,70.35,70.35,77.6000022888184,up,2026-08-21T12:36:14,0.0,0.0
SPXW,2026-11-20,91,Put,7080.0,SPXW261120P07080000,70.7,71.1,70.9,76.2,0.0,0.0,0.0,8.0,0.1962,-0.1711,0.0003,9.8644,-1.0421,-3.4546,71.1102,0.0,0.0,0.0,78.4499969482422,no_change,2026-08-18T12:46:47,0.0,0.0
SPX,2026-11-20,91,Call,7090.0,SPX261120C07090000,711.1,713.8,712.45,685.35,0.0,0.0,0.0,3.0,0.1947,0.8271,0.0003,9.9114,-1.0426,14.1982,711.1031,0.0,0.0,0.0,697.850006103516,down,2026-07-15T14:20:18,0.0,0.0
SPXW,2026-11-20,91,Call,7090.0,SPXW261120C07090000,710.0,716.1,713.05,0.0,0.0,0.0,0.0,0.0,0.1953,0.8262,0.0003,9.9592,-1.0474,14.1773,711.7049,0.0,0.0,0.0,698.649993896484,no_change,,0.0,0.0
SPX,2026-11-20,91,Put,7090.0,SPX261120P07090000,70.8,71.6,71.19999999999999,77.6,0.0,0.0,0.0,497.0,0.1946,-0.1728,0.0003,9.9114,-1.0426,-3.4881,71.3402,0.0,0.0,0.0,78.7000007629394,down,2026-08-20T15:53:50,0.0,0.0
SPXW,2026-11-20,91,Put,7090.0,SPXW261120P07090000,71.7,72.2,71.95,68.2,0.0,0.0,0.0,1.0,0.1953,-0.1737,0.0003,9.9592,-1.0474,-3.5088,72.152,0.0,0.0,0.0,79.5500030517578,down,2026-08-14T10:21:19,0.0,0.0
SPX,2026-11-20,91,Call,7100.0,SPX261120C07100000,702.4,704.7,703.55,720.12,31.02,4.50152,2.0,1268.0,0.1938,0.8245,0.0004,10.0066,-1.0479,14.1682,702.2652,709.21,720.12,709.21,689.100006103516,up,2026-08-21T11:47:02,0.0,0.0
SPXW,2026-11-20,91,Call,7100.0,SPXW261120C07100000,701.1,707.2,704.1500000000001,504.4,0.0,0.0,0.0,8.0,0.1943,0.8235,0.0004,10.0543,-1.0528,14.1472,702.8777,0.0,0.0,0.0,689.850006103516,up,2026-07-29T11:42:31,0.0,0.0
SPX,2026-11-20,91,Put,7100.0,SPX261120P07100000,71.8,72.6,72.19999999999999,71.67,-8.13,-10.188,513.0,7829.0,0.1937,-0.1754,0.0004,10.0066,-1.0479,-3.543,72.391,75.21,75.21,71.2,79.7999992370606,no_change,2026-08-21T15:26:54,0.0,0.0
SPXW,2026-11-20,91,Put,7100.0,SPXW261120P07100000,72.8,73.2,73.0,73.3,-7.4,-9.16977,43.0,4461.0,0.1943,-0.1764,0.0004,10.0543,-1.0528,-3.5638,73.2136,75.6,75.6,72.0,80.7000007629394,up,2026-08-21T16:05:51,0.0,0.0
SPX,2026-11-20,91,Call,7110.0,SPX261120C07110000,693.4,696.0,694.7,544.26,0.0,0.0,0.0,6.0,0.1931,0.8217,0.0004,10.1021,-1.0532,14.1372,693.4477,0.0,0.0,0.0,680.350006103516,down,2026-07-27T10:21:01,0.0,0.0
SPXW,2026-11-20,91,Call,7110.0,SPXW261120C07110000,692.3,698.4,695.3499999999999,0.0,0.0,0.0,0.0,0.0,0.1933,0.8208,0.0004,10.1496,-1.058,14.1161,694.071,0.0,0.0,0.0,681.149993896484,no_change,,0.0,0.0
SPX,2026-11-20,91,Put,7110.0,SPX261120P07110000,72.9,73.7,73.30000000000001,73.4,-7.6,-9.38272,67.0,267.0,0.1928,-0.1782,0.0004,10.1021,-1.0532,-3.5989,73.4623,73.6,73.6,73.4,81.0,down,2026-08-21T14:19:37,0.0,0.0
SPXW,2026-11-20,91,Put,7110.0,SPXW261120P07110000,73.8,74.3,74.05,75.6,0.0,0.0,0.0,17.0,0.1934,-0.1791,0.0004,10.1496,-1.058,-3.6198,74.2957,0.0,0.0,0.0,81.8499984741211,up,2026-08-20T11:04:30,0.0,0.0
SPX,2026-11-20,91,Call,7120.0,SPX261120C07120000,684.6,687.2,685.9000000000001,734.1,0.0,0.0,0.0,2.0,0.1921,0.819,0.0004,10.1977,-1.0584,14.1054,684.6509,0.0,0.0,0.0,671.600006103516,up,2026-05-29T10:48:52,0.0,0.0
SPXW,2026-11-20,91,Call,7120.0,SPXW261120C07120000,683.5,689.6,686.55,0.0,0.0,0.0,0.0,0.0,0.1924,0.818,0.0004,10.245,-1.0633,14.0843,685.285,0.0,0.0,0.0,672.399993896484,no_change,,0.0,0.0
SPX,2026-11-20,91,Put,7120.0,SPX261120P07120000,74.0,74.8,74.4,82.6,0.0,0.0,0.0,152.0,0.1918,-0.1809,0.0004,10.1977,-1.0584,-3.6556,74.5543,0.0,0.0,0.0,82.1500015258789,no_change,2026-08-20T15:01:55,0.0,0.0
SPXW,2026-11-20,91,Put,7120.0,SPXW261120P07120000,74.9,75.4,75.15,75.37,-7.63,-9.19277,5.0,11.0,0.1925,-0.1819,0.0004,10.245,-1.0633,-3.6765,75.3986,75.37,75.37,75.37,83.0,no_change,2026-08-21T16:05:06,0.0,0.0
SPX,2026-11-20,91,Call,7125.0,SPX261120C07125000,680.2,682.8,681.5,665.8,0.0,0.0,0.0,910.0,0.1917,0.8176,0.0004,10.2456,-1.061,14.0892,680.2604,0.0,0.0,0.0,667.25,down,2026-06-17T09:39:22,0.0,0.0
SPXW,2026-11-20,91,Call,7125.0,SPXW261120C07125000,679.1,685.2,682.1500000000001,475.9,0.0,0.0,0.0,30.0,0.1919,0.8166,0.0004,10.2927,-1.0659,14.0681,680.9,0.0,0.0,0.0,668.049987792969,down,2026-07-29T15:33:26,0.0,0.0
SPX,2026-11-20,91,Put,7125.0,SPX261120P07125000,74.5,75.3,74.9,74.0,0.0,0.0,0.0,1317.0,0.1914,-0.1823,0.0004,10.2456,-1.061,-3.6842,75.1083,0.0,0.0,0.0,82.75,down,2026-08-19T15:48:00,0.0,0.0
SPXW,2026-11-20,91,Put,7125.0,SPXW261120P07125000,75.5,76.0,75.75,75.87,-7.73,-9.24641,5.0,90.0,0.192,-0.1833,0.0004,10.2927,-1.0659,-3.7052,75.958,75.87,75.87,75.87,83.6000022888184,no_change,2026-08-21T16:05:06,0.0,0.0
SPX,2026-11-20,91,Call,7130.0,SPX261120C07130000,676.0,678.4,677.2,733.3,0.0,0.0,0.0,4.0,0.191,0.8162,0.0004,10.2935,-1.0637,14.0728,675.8752,0.0,0.0,0.0,662.850006103516,up,2026-05-29T11:49:10,0.0,0.0
SPXW,2026-11-20,91,Call,7130.0,SPXW261120C07130000,674.7,680.8,677.75,0.0,0.0,0.0,0.0,325.0,0.1914,0.8152,0.0004,10.3405,-1.0685,14.0517,676.5203,0.0,0.0,0.0,663.699981689453,no_change,,0.0,0.0
SPX,2026-11-20,91,Put,7130.0,SPX261120P07130000,75.1,75.9,75.5,76.32,0.0,0.0,0.0,115.0,0.1909,-0.1838,0.0004,10.2935,-1.0637,-3.713,75.6675,0.0,0.0,0.0,83.3499984741211,up,2026-08-19T10:10:49,0.0,0.0
SPXW,2026-11-20,91,Put,7130.0,SPXW261120P07130000,76.0,76.5,76.25,81.6,0.0,0.0,0.0,23.0,0.1915,-0.1847,0.0004,10.3405,-1.0685,-3.734,76.5227,0.0,0.0,0.0,84.2000007629394,no_change,2026-08-18T12:46:47,0.0,0.0
SPX,2026-11-20,91,Call,7140.0,SPX261120C07140000,667.2,669.6,668.4000000000001,0.0,0.0,0.0,0.0,0.0,0.19,0.8133,0.0004,10.3894,-1.0689,14.0395,667.1212,0.0,0.0,0.0,654.199981689453,no_change,,0.0,0.0
SPXW,2026-11-20,91,Call,7140.0,SPXW261120C07140000,666.0,672.0,669.0,0.0,0.0,0.0,0.0,0.0,0.1905,0.8123,0.0004,10.4362,-1.0737,14.0184,667.7773,0.0,0.0,0.0,655.049987792969,no_change,,0.0,0.0
SPX,2026-11-20,91,Put,7140.0,SPX261120P07140000,76.2,77.0,76.6,80.15,0.0,0.0,0.0,230.0,0.19,-0.1866,0.0004,10.3894,-1.0689,-3.7713,76.8024,0.0,0.0,0.0,84.5499992370606,no_change,2026-08-20T11:30:43,0.0,0.0
SPXW,2026-11-20,91,Put,7140.0,SPXW261120P07140000,77.2,77.7,77.45,84.03,0.0,0.0,0.0,17.0,0.1906,-0.1876,0.0004,10.4362,-1.0737,-3.7923,77.6685,0.0,0.0,0.0,85.4499969482422,up,2026-08-18T14:02:24,0.0,0.0
SPX,2026-11-20,91,Call,7150.0,SPX261120C07150000,658.5,660.7,659.6,668.8,23.25,3.60158,1.0,996.0,0.1891,0.8104,0.0004,10.4856,-1.074,14.0054,658.3893,668.8,668.8,668.8,645.549987792969,up,2026-08-21T12:06:46,0.0,0.0
SPXW,2026-11-20,91,Call,7150.0,SPXW261120C07150000,657.2,663.3,660.25,483.0,0.0,0.0,0.0,9.0,0.1895,0.8093,0.0004,10.5323,-1.0789,13.9843,659.0563,0.0,0.0,0.0,646.399993896484,down,2026-07-31T10:16:29,0.0,0.0
SPX,2026-11-20,91,Put,7150.0,SPX261120P07150000,77.4,78.1,77.75,77.1,-8.65,-10.0875,36.0,2182.0,0.189,-0.1896,0.0004,10.4856,-1.074,-3.8303,77.9592,77.42,78.1,77.1,85.75,down,2026-08-21T15:04:43,0.0,0.0
SPXW,2026-11-20,91,Put,7150.0,SPXW261120P07150000,78.3,78.8,78.55,78.5,-8.2,-9.4579,14.0,69.0,0.1896,-0.1905,0.0004,10.5323,-1.0789,-3.8513,78.8363,78.5,78.5,78.5,86.7000007629394,down,2026-08-21T15:10:26,0.0,0.0
SPX,2026-11-20,91,Call,7160.0,SPX261120C07160000,649.8,652.2,651.0,658.84,0.0,0.0,0.0,1.0,0.1882,0.8074,0.0004,10.5822,-1.0792,13.9705,649.6798,0.0,0.0,0.0,636.899993896484,down,2026-06-16T12:46:49,0.0,0.0
SPXW,2026-11-20,91,Call,7160.0,SPXW261120C07160000,648.5,654.6,651.55,0.0,0.0,0.0,0.0,0.0,0.1886,0.8064,0.0004,10.6287,-1.084,13.9493,650.3578,0.0,0.0,0.0,637.800018310547,no_change,,0.0,0.0
SPX,2026-11-20,91,Put,7160.0,SPX261120P07160000,78.5,79.3,78.9,78.2,-8.9,-10.2181,36.0,766.0,0.1881,-0.1925,0.0004,10.5822,-1.0792,-3.8901,79.1386,80.3,80.3,78.2,87.0999984741211,down,2026-08-21T15:05:02,0.0,0.0
SPXW,2026-11-20,91,Put,7160.0,SPXW261120P07160000,79.5,80.0,79.75,81.15,0.0,0.0,0.0,23.0,0.1887,-0.1935,0.0004,10.6287,-1.084,-3.9111,80.0267,0.0,0.0,0.0,87.9499969482422,up,2026-08-20T11:04:30,0.0,0.0
SPX,2026-11-20,91,Call,7170.0,SPX261120C07170000,641.1,643.5,642.3,473.3,0.0,0.0,0.0,3.0,0.1872,0.8043,0.0004,10.6793,-1.0843,13.9347,640.9934,0.0,0.0,0.0,628.300018310547,down,2026-07-27T10:41:41,0.0,0.0
SPXW,2026-11-20,91,Call,7170.0,SPXW261120C07170000,639.9,645.9,642.9,0.0,0.0,0.0,0.0,0.0,0.1877,0.8033,0.0004,10.7258,-1.0891,13.9134,641.6824,0.0,0.0,0.0,629.199981689453,no_change,,0.0,0.0
SPX,2026-11-20,91,Put,7170.0,SPX261120P07170000,79.7,80.5,80.1,79.4,-8.9,-10.0793,26.0,176.0,0.1872,-0.1956,0.0004,10.6793,-1.0843,-3.9508,80.341,81.77,81.77,79.4,88.2999992370606,down,2026-08-21T15:05:02,0.0,0.0
SPXW,2026-11-20,91,Put,7170.0,SPXW261120P07170000,80.7,81.2,80.95,89.3,0.0,0.0,0.0,41.0,0.1878,-0.1966,0.0004,10.7258,-1.0891,-3.972,81.24,0.0,0.0,0.0,89.25,up,2026-08-20T14:58:42,0.0,0.0
SPX,2026-11-20,91,Call,7175.0,SPX261120C07175000,636.6,639.1,637.85,549.67,0.0,0.0,0.0,724.0,0.1869,0.8028,0.0004,10.7281,-1.0868,13.9164,636.659,0.0,0.0,0.0,624.0,up,2026-07-17T10:02:37,0.0,0.0
SPXW,2026-11-20,91,Call,7175.0,SPXW261120C07175000,635.7,641.5,638.6,467.0,0.0,0.0,0.0,7.0,0.1872,0.8018,0.0004,10.7746,-1.0917,13.895,637.3535,0.0,0.0,0.0,624.899993896484,down,2026-07-31T10:15:39,0.0,0.0
SPX,2026-11-20,91,Put,7175.0,SPX261120P07175000,80.3,81.1,80.69999999999999,80.18,0.0,0.0,0.0,4808.0,0.1867,-0.1971,0.0004,10.7281,-1.0868,-3.9816,80.951,0.0,0.0,0.0,88.9500007629394,down,2026-08-20T11:01:28,0.0,0.0
SPXW,2026-11-20,91,Put,7175.0,SPXW261120P07175000,81.3,81.8,81.55,90.0,0.0,0.0,0.0,158.0,0.1873,-0.1981,0.0004,10.7746,-1.0917,-4.0028,81.8555,0.0,0.0,0.0,89.8999977111816,up,2026-08-20T14:58:43,0.0,0.0
SPX,2026-11-20,91,Call,7180.0,SPX261120C07180000,632.3,634.9,633.5999999999999,548.6,0.0,0.0,0.0,1.0,0.1863,0.8012,0.0004,10.7771,-1.0893,13.8978,632.3306,0.0,0.0,0.0,619.75,down,2026-07-17T10:09:28,0.0,0.0
SPXW,2026-11-20,91,Call,7180.0,SPXW261120C07180000,631.4,637.2,634.3,0.0,0.0,0.0,0.0,0.0,0.1868,0.8002,0.0004,10.8236,-1.0942,13.8764,633.0306,0.0,0.0,0.0,620.600006103516,no_change,,0.0,0.0
SPX,2026-11-20,91,Put,7180.0,SPX261120P07180000,81.0,81.7,81.35,80.6,-9.05,-10.0948,147.0,125.0,0.1863,-0.1986,0.0004,10.7771,-1.0893,-4.0126,81.5671,83.66,83.66,80.6,89.6500015258789,down,2026-08-21T15:05:02,0.0,0.0
SPXW,2026-11-20,91,Put,7180.0,SPXW261120P07180000,82.0,82.4,82.2,84.9,0.0,0.0,0.0,2.0,0.1869,-0.1996,0.0004,10.8236,-1.0942,-4.0338,82.477,0.0,0.0,0.0,90.5500030517578,up,2026-08-20T12:44:51,0.0,0.0
SPX,2026-11-20,91,Call,7190.0,SPX261120C07190000,623.6,626.1,624.85,511.1,0.0,0.0,0.0,1.0,0.1854,0.7981,0.0004,10.8757,-1.0944,13.8597,623.6919,0.0,0.0,0.0,611.199981689453,up,2026-07-27T09:41:48,0.0,0.0
SPXW,2026-11-20,91,Call,7190.0,SPXW261120C07190000,622.8,628.5,625.65,0.0,0.0,0.0,0.0,0.0,0.1859,0.7971,0.0004,10.9221,-1.0992,13.8382,624.4029,0.0,0.0,0.0,612.050018310547,no_change,,0.0,0.0
SPX,2026-11-20,91,Put,7190.0,SPX261120P07190000,82.2,83.0,82.6,81.5,-9.45,-10.3903,94.0,231.0,0.1854,-0.2018,0.0004,10.8757,-1.0944,-4.0756,82.8171,84.62,84.62,81.1,90.9500007629394,up,2026-08-21T11:37:38,0.0,0.0
SPXW,2026-11-20,91,Put,7190.0,SPXW261120P07190000,83.2,83.7,83.45,85.4,-6.5,-7.0729,1.0,46.0,0.1859,-0.2028,0.0004,10.9221,-1.0992,-4.097,83.7382,85.4,85.4,85.4,91.8999977111816,down,2026-08-21T10:08:46,0.0,0.0
SPX,2026-11-20,91,Call,7195.0,SPX261120C07195000,619.3,621.8,620.55,507.2,0.0,0.0,0.0,1.0,0.185,0.7965,0.0004,10.9253,-1.0969,13.8402,619.3819,0.0,0.0,0.0,606.899993896484,up,2026-07-27T09:41:48,0.0,0.0
SPX,2026-11-20,91,Put,7195.0,SPX261120P07195000,82.8,83.6,83.19999999999999,82.2,-9.45,-10.311,20.0,160.0,0.1849,-0.2034,0.0004,10.9253,-1.0969,-4.1076,83.4515,82.9,83.2,82.0,91.6500015258789,up,2026-08-21T11:37:39,0.0,0.0
SPX,2026-11-20,91,Call,7200.0,SPX261120C07200000,615.2,617.4,616.3,624.22,21.57,3.57919,4.0,3143.0,0.1846,0.7949,0.0004,10.9751,-1.0993,13.8203,615.0781,632.91,632.91,624.22,602.650024414062,down,2026-08-21T12:17:50,0.0,0.0
SPXW,2026-11-20,91,Call,7200.0,SPXW261120C07200000,614.2,620.0,617.1,714.73,0.0,0.0,0.0,608.0,0.185,0.7939,0.0004,11.0215,-1.1042,13.7986,615.8001,0.0,0.0,0.0,603.550018310547,no_change,2026-08-17T12:09:34,0.0,0.0
SPX,2026-11-20,91,Put,7200.0,SPX261120P07200000,83.5,84.3,83.9,83.44,-8.86,-9.59913,11.0,11238.0,0.1844,-0.205,0.0004,10.9751,-1.0993,-4.1399,84.0921,85.74,86.39,82.3,92.2999992370606,up,2026-08-21T12:17:50,0.0,0.0
SPXW,2026-11-20,91,Put,7200.0,SPXW261120P07200000,84.5,85.0,84.75,86.7,-6.55,-7.02413,1.0,2903.0,0.185,-0.206,0.0004,11.0215,-1.1042,-4.1615,85.0242,86.7,86.7,86.7,93.25,down,2026-08-21T10:08:46,0.0,0.0
SPX,2026-11-20,91,Call,7205.0,SPX261120C07205000,610.7,613.2,611.95,0.0,0.0,0.0,0.0,0.0,0.1841,0.7933,0.0004,11.0252,-1.1018,13.8,610.7807,0.0,0.0,0.0,598.399993896484,no_change,,0.0,0.0
SPX,2026-11-20,91,Put,7205.0,SPX261120P07205000,84.1,84.9,84.5,86.56,-6.44,-6.92473,293.0,73.0,0.184,-0.2066,0.0004,11.0252,-1.1018,-4.1726,84.7391,86.56,86.56,86.56,93.0,no_change,2026-08-21T10:48:43,0.0,0.0
SPX,2026-11-20,91,Call,7210.0,SPX261120C07210000,606.4,608.9,607.65,652.68,0.0,0.0,0.0,10.0,0.1836,0.7917,0.0004,11.0754,-1.1043,13.7794,606.4898,0.0,0.0,0.0,594.100006103516,up,2026-08-19T14:34:54,0.0,0.0
SPXW,2026-11-20,91,Call,7210.0,SPXW261120C07210000,605.6,611.4,608.5,0.0,0.0,0.0,0.0,0.0,0.184,0.7906,0.0004,11.1217,-1.1091,13.7575,607.223,0.0,0.0,0.0,595.0,no_change,,0.0,0.0
SPX,2026-11-20,91,Put,7210.0,SPX261120P07210000,84.8,85.6,85.19999999999999,84.4,-9.3,-9.92529,1.0,253.0,0.1835,-0.2082,0.0004,11.0754,-1.1043,-4.2057,85.3926,84.4,84.4,84.4,93.7000007629394,down,2026-08-21T15:05:02,0.0,0.0
SPXW,2026-11-20,91,Put,7210.0,SPXW261120P07210000,85.8,86.3,86.05,85.5,-9.15,-9.6672,2.0,2.0,0.1841,-0.2092,0.0004,11.1217,-1.1091,-4.2275,86.3359,89.05,89.05,85.5,94.6500015258789,down,2026-08-21T15:23:36,0.0,0.0
SPX,2026-11-20,91,Call,7215.0,SPX261120C07215000,602.1,604.6,603.35,0.0,0.0,0.0,0.0,0.0,0.1831,0.79,0.0004,11.1258,-1.1067,13.7584,602.2056,0.0,0.0,0.0,589.899993896484,no_change,,0.0,0.0
SPX,2026-11-20,91,Put,7215.0,SPX261120P07215000,85.4,86.2,85.80000000000001,84.9,0.0,0.0,0.0,121.0,0.183,-0.2099,0.0004,11.1258,-1.1067,-4.2392,86.0529,0.0,0.0,0.0,94.3999977111816,down,2026-08-19T10:34:13,0.0,0.0
SPX,2026-11-20,91,Call,7220.0,SPX261120C07220000,598.0,600.4,599.2,0.0,0.0,0.0,0.0,0.0,0.1826,0.7883,0.0004,11.1764,-1.1092,13.737,597.928,0.0,0.0,0.0,585.600006103516,no_change,,0.0,0.0
SPXW,2026-11-20,91,Call,7220.0,SPXW261120C07220000,597.0,602.7,599.85,0.0,0.0,0.0,0.0,0.0,0.1831,0.7873,0.0004,11.2226,-1.114,13.7149,598.6722,0.0,0.0,0.0,586.550018310547,no_change,,0.0,0.0
SPX,2026-11-20,91,Put,7220.0,SPX261120P07220000,86.1,86.9,86.5,85.7,-9.4,-9.88433,6.0,281.0,0.1826,-0.2116,0.0004,11.1764,-1.1092,-4.2731,86.7196,87.26,87.26,85.7,95.1000022888184,down,2026-08-21T15:05:02,0.0,0.0
SPXW,2026-11-20,91,Put,7220.0,SPXW261120P07220000,87.1,87.6,87.35,86.8,-9.25,-9.6304,2.0,5.0,0.1832,-0.2126,0.0004,11.2226,-1.114,-4.295,87.6739,90.4,90.4,86.8,96.0500030517578,down,2026-08-21T15:23:36,0.0,0.0
SPX,2026-11-20,91,Call,7225.0,SPX261120C07225000,593.6,596.1,594.85,695.32,0.0,0.0,0.0,682.0,0.1822,0.7867,0.0004,11.2272,-1.1116,13.7151,593.6572,0.0,0.0,0.0,581.399993896484,up,2026-08-04T15:03:40,0.0,0.0
SPXW,2026-11-20,91,Call,7225.0,SPXW261120C07225000,592.8,598.5,595.65,684.65,0.0,0.0,0.0,20.0,0.1826,0.7856,0.0004,11.2733,-1.1164,13.6929,594.407,0.0,0.0,0.0,582.299987792969,down,2026-08-05T12:28:33,0.0,0.0
SPX,2026-11-20,91,Put,7225.0,SPX261120P07225000,86.8,87.5,87.15,86.11,-9.69,-10.1148,36.0,1212.0,0.1822,-0.2132,0.0004,11.2272,-1.1116,-4.3073,87.3932,89.0,89.0,85.68,95.7999992370606,down,2026-08-21T15:37:33,0.0,0.0
SPXW,2026-11-20,91,Put,7225.0,SPXW261120P07225000,87.8,88.3,88.05,91.58,0.0,0.0,0.0,134.0,0.1827,-0.2142,0.0004,11.2733,-1.1164,-4.3294,88.3531,0.0,0.0,0.0,96.75,down,2026-08-20T10:54:35,0.0,0.0
SPX,2026-11-20,91,Call,7230.0,SPX261120C07230000,589.3,591.8,590.55,472.38,0.0,0.0,0.0,3.0,0.1818,0.785,0.0004,11.278,-1.114,13.6929,589.3933,0.0,0.0,0.0,577.199981689453,up,2026-06-26T13:17:11,0.0,0.0
SPXW,2026-11-20,91,Call,7230.0,SPXW261120C07230000,588.5,594.2,591.35,0.0,0.0,0.0,0.0,0.0,0.1822,0.7839,0.0004,11.324,-1.1188,13.6706,590.1487,0.0,0.0,0.0,578.100006103516,no_change,,0.0,0.0
SPX,2026-11-20,91,Put,7230.0,SPX261120P07230000,87.4,88.2,87.80000000000001,87.0,-9.55,-9.89125,1.0,393.0,0.1816,-0.2149,0.0004,11.2781,-1.114,-4.342,88.0738,87.0,87.0,87.0,96.5499992370606,down,2026-08-21T15:04:27,0.0,0.0
SPXW,2026-11-20,91,Put,7230.0,SPXW261120P07230000,88.5,89.0,88.75,83.47,0.0,0.0,0.0,1.0,0.1823,-0.2159,0.0004,11.324,-1.1188,-4.3641,89.0392,0.0,0.0,0.0,97.5,up,2026-08-17T11:32:55,0.0,0.0
SPX,2026-11-20,91,Call,7235.0,SPX261120C07235000,585.2,587.5,586.35,580.61,7.61,1.3281,1.0,0.0,0.1812,0.7832,0.0004,11.329,-1.1164,13.6703,585.1365,580.61,580.61,580.61,573.0,up,2026-08-21T10:46:56,0.0,0.0
SPX,2026-11-20,91,Put,7235.0,SPX261120P07235000,88.1,88.9,88.5,86.7,-10.55,-10.8483,87.0,183.0,0.1812,-0.2166,0.0004,11.329,-1.1164,-4.3771,88.7614,90.22,90.74,86.7,97.25,down,2026-08-21T11:41:13,0.0,0.0
SPX,2026-11-20,91,Call,7240.0,SPX261120C07240000,580.8,583.3,582.05,0.0,0.0,0.0,0.0,0.0,0.1809,0.7815,0.0004,11.3801,-1.1188,13.6472,580.8867,0.0,0.0,0.0,568.75,no_change,,0.0,0.0
SPXW,2026-11-20,91,Call,7240.0,SPXW261120C07240000,580.0,585.7,582.85,0.0,0.0,0.0,0.0,0.0,0.1812,0.7805,0.0004,11.4258,-1.1235,13.6248,581.6532,0.0,0.0,0.0,569.700012207031,no_change,,0.0,0.0
SPX,2026-11-20,91,Put,7240.0,SPX261120P07240000,88.8,89.6,89.19999999999999,88.5,-9.5,-9.69388,1.0,753.0,0.1807,-0.2184,0.0004,11.3801,-1.1188,-4.4126,89.456,88.5,88.5,88.5,98.0,down,2026-08-21T15:05:02,0.0,0.0
SPXW,2026-11-20,91,Put,7240.0,SPXW261120P07240000,89.9,90.4,90.15,88.27,-10.68,-10.7933,6.0,28.0,0.1814,-0.2194,0.0004,11.4258,-1.1235,-4.4348,90.4325,90.3,90.63,88.27,98.9499969482422,no_change,2026-08-21T11:54:09,0.0,0.0
SPX,2026-11-20,91,Call,7245.0,SPX261120C07245000,576.7,579.0,577.85,0.0,0.0,0.0,0.0,0.0,0.1803,0.7798,0.0004,11.4311,-1.1211,13.6238,576.6442,0.0,0.0,0.0,564.5,no_change,,0.0,0.0
SPX,2026-11-20,91,Put,7245.0,SPX261120P07245000,89.5,90.3,89.9,97.7,0.0,0.0,0.0,320.0,0.1803,-0.2201,0.0004,11.4312,-1.1211,-4.4484,90.1579,0.0,0.0,0.0,98.7000007629394,down,2026-08-20T15:53:47,0.0,0.0
SPX,2026-11-20,91,Call,7250.0,SPX261120C07250000,572.5,574.6,573.55,582.6,22.25,3.97074,1.0,2305.0,0.1799,0.778,0.0004,11.4822,-1.1235,13.6001,572.409,582.6,582.6,582.6,560.349975585938,down,2026-08-21T12:06:46,0.0,0.0
SPXW,2026-11-20,91,Call,7250.0,SPXW261120C07250000,571.3,577.2,574.25,652.31,0.0,0.0,0.0,59.0,0.1803,0.777,0.0004,11.5276,-1.1282,13.5776,573.1866,0.0,0.0,0.0,561.299987792969,down,2026-08-06T09:30:03,0.0,0.0
SPX,2026-11-20,91,Put,7250.0,SPX261120P07250000,90.2,91.0,90.6,91.36,-8.09,-8.13474,2.0,2557.0,0.1798,-0.2219,0.0004,11.4822,-1.1235,-4.4847,90.8671,92.45,92.45,91.36,99.4500007629394,down,2026-08-21T11:19:09,0.0,0.0
SPXW,2026-11-20,91,Put,7250.0,SPXW261120P07250000,91.3,91.8,91.55,91.1,-9.35,-9.30811,18.0,231.0,0.1804,-0.2229,0.0004,11.5276,-1.1282,-4.507,91.8547,93.84,93.84,89.57,100.449996948242,down,2026-08-21T14:59:36,0.0,0.0
SPX,2026-11-20,91,Call,7255.0,SPX261120C07255000,568.2,570.5,569.35,643.03,0.0,0.0,0.0,1.0,0.1794,0.7762,0.0004,11.5333,-1.1258,13.5759,568.1812,0.0,0.0,0.0,556.149993896484,up,2026-08-07T14:47:25,0.0,0.0
SPX,2026-11-20,91,Put,7255.0,SPX261120P07255000,90.9,91.7,91.30000000000001,87.2,0.0,0.0,0.0,103.0,0.1794,-0.2236,0.0004,11.5333,-1.1258,-4.5213,91.5836,0.0,0.0,0.0,100.25,up,2026-08-19T15:33:02,0.0,0.0
SPX,2026-11-20,91,Call,7260.0,SPX261120C07260000,564.0,566.3,565.15,644.09,0.0,0.0,0.0,4.0,0.179,0.7745,0.0004,11.5843,-1.1281,13.5515,563.9609,0.0,0.0,0.0,552.0,up,2026-08-06T09:46:57,0.0,0.0
SPXW,2026-11-20,91,Call,7260.0,SPXW261120C07260000,563.1,568.7,565.9000000000001,0.0,0.0,0.0,0.0,3.0,0.1794,0.7734,0.0004,11.6293,-1.1329,13.529,564.7495,0.0,0.0,0.0,552.899993896484,no_change,,0.0,0.0
SPX,2026-11-20,91,Put,7260.0,SPX261120P07260000,91.7,92.4,92.05000000000001,91.72,-9.28,-9.18812,71.0,60.0,0.179,-0.2254,0.0004,11.5843,-1.1281,-4.5581,92.3078,92.1,92.85,91.72,101.0,down,2026-08-21T15:12:27,0.0,0.0
SPXW,2026-11-20,91,Put,7260.0,SPXW261120P07260000,92.7,93.2,92.95,96.72,0.0,0.0,0.0,10.0,0.1796,-0.2264,0.0004,11.6293,-1.1329,-4.5805,93.3065,0.0,0.0,0.0,102.0,no_change,2026-08-20T11:08:55,0.0,0.0
SPX,2026-11-20,91,Call,7265.0,SPX261120C07265000,559.8,562.1,560.95,0.0,0.0,0.0,0.0,0.0,0.1785,0.7727,0.0004,11.6353,-1.1304,13.5267,559.7482,0.0,0.0,0.0,547.800018310547,no_change,,0.0,0.0
SPX,2026-11-20,91,Put,7265.0,SPX261120P07265000,92.4,93.2,92.80000000000001,97.7,0.0,0.0,0.0,122.0,0.1785,-0.2272,0.0004,11.6353,-1.1304,-4.5954,93.0396,0.0,0.0,0.0,101.75,up,2026-08-18T15:23:25,0.0,0.0
SPX,2026-11-20,91,Call,7270.0,SPX261120C07270000,555.6,557.9,556.75,472.0,0.0,0.0,0.0,7.0,0.1781,0.7708,0.0004,11.6862,-1.1327,13.5017,555.5432,0.0,0.0,0.0,543.649993896484,down,2026-06-23T12:56:07,0.0,0.0
SPXW,2026-11-20,91,Call,7270.0,SPXW261120C07270000,554.7,560.3,557.5,0.0,0.0,0.0,0.0,0.0,0.1784,0.7698,0.0004,11.7306,-1.1374,13.4792,556.3428,0.0,0.0,0.0,544.600006103516,no_change,,0.0,0.0
SPX,2026-11-20,91,Put,7270.0,SPX261120P07270000,93.1,93.9,93.5,95.93,-6.62,-6.45539,3.0,207.0,0.178,-0.2291,0.0004,11.6862,-1.1327,-4.6329,93.7789,96.67,96.67,95.93,102.549999237061,no_change,2026-08-21T10:17:01,0.0,0.0
SPXW,2026-11-20,91,Put,7270.0,SPXW261120P07270000,94.2,94.7,94.45,99.91,0.0,0.0,0.0,7.0,0.1786,-0.2301,0.0004,11.7306,-1.1374,-4.6552,94.7886,0.0,0.0,0.0,103.550003051758,up,2026-08-18T12:23:35,0.0,0.0
SPX,2026-11-20,91,Call,7275.0,SPX261120C07275000,551.4,553.7,552.55,585.39,0.0,0.0,0.0,160.0,0.1776,0.769,0.0004,11.737,-1.1349,13.4763,551.346,0.0,0.0,0.0,539.449981689453,down,2026-08-18T13:57:57,0.0,0.0
SPXW,2026-11-20,91,Call,7275.0,SPXW261120C07275000,550.3,556.1,553.2,649.47,0.0,0.0,0.0,19.0,0.178,0.768,0.0004,11.7812,-1.1397,13.4539,552.151,0.0,0.0,0.0,540.450012207031,up,2026-08-11T10:20:17,0.0,0.0
SPX,2026-11-20,91,Put,7275.0,SPX261120P07275000,93.9,94.6,94.25,94.8,-8.6,-8.31721,6.0,3686.0,0.1776,-0.2309,0.0004,11.737,-1.1349,-4.6707,94.5261,93.9,94.93,93.9,103.399997711182,up,2026-08-21T14:08:15,0.0,0.0
SPXW,2026-11-20,91,Put,7275.0,SPXW261120P07275000,94.9,95.4,95.15,93.5,0.0,0.0,0.0,43.0,0.1782,-0.2319,0.0004,11.7812,-1.1397,-4.6929,95.5412,0.0,0.0,0.0,104.349998474121,up,2026-08-17T14:40:33,0.0,0.0
SPX,2026-11-20,91,Call,7280.0,SPX261120C07280000,547.2,549.5,548.35,562.72,0.0,0.0,0.0,27.0,0.1771,0.7671,0.0004,11.7876,-1.1372,13.4507,547.1567,0.0,0.0,0.0,535.300018310547,up,2026-08-04T09:56:32,0.0,0.0
SPXW,2026-11-20,91,Call,7280.0,SPXW261120C07280000,546.3,551.9,549.0999999999999,0.0,0.0,0.0,0.0,0.0,0.1775,0.7661,0.0004,11.8316,-1.1419,13.4284,547.9671,0.0,0.0,0.0,536.349975585938,no_change,,0.0,0.0
SPX,2026-11-20,91,Put,7280.0,SPX261120P07280000,94.6,95.4,95.0,94.1,-10.05,-9.64955,1.0,144.0,0.1771,-0.2328,0.0004,11.7876,-1.1372,-4.7088,95.2812,94.1,94.1,94.1,104.150001525879,down,2026-08-21T15:04:27,0.0,0.0
SPXW,2026-11-20,91,Put,7280.0,SPXW261120P07280000,95.7,96.2,95.95,101.7,0.0,0.0,0.0,6.0,0.1778,-0.2338,0.0004,11.8316,-1.1419,-4.7309,96.3016,0.0,0.0,0.0,105.150001525879,no_change,2026-08-20T13:27:06,0.0,0.0
SPX,2026-11-20,91,Call,7285.0,SPX261120C07285000,543.0,545.3,544.15,335.79,0.0,0.0,0.0,17.0,0.1767,0.7653,0.0004,11.8382,-1.1394,13.4248,542.9753,0.0,0.0,0.0,531.149993896484,down,2026-07-29T16:03:04,0.0,0.0
SPX,2026-11-20,91,Put,7285.0,SPX261120P07285000,95.4,96.2,95.80000000000001,104.05,0.0,0.0,0.0,348.0,0.1767,-0.2346,0.0004,11.8382,-1.1394,-4.7471,96.0442,0.0,0.0,0.0,104.950000762939,up,2026-08-20T14:30:32,0.0,0.0
SPX,2026-11-20,91,Call,7290.0,SPX261120C07290000,538.7,541.1,539.9000000000001,507.77,0.0,0.0,0.0,34.0,0.1762,0.7634,0.0005,11.8886,-1.1416,13.3988,538.8019,0.0,0.0,0.0,527.050018310547,up,2026-08-03T13:27:41,0.0,0.0
SPXW,2026-11-20,91,Call,7290.0,SPXW261120C07290000,537.9,543.5,540.7,0.0,0.0,0.0,0.0,0.0,0.1767,0.7624,0.0005,11.932,-1.1463,13.3765,539.6229,0.0,0.0,0.0,528.049987792969,no_change,,0.0,0.0
SPX,2026-11-20,91,Put,7290.0,SPX261120P07290000,96.1,96.9,96.5,95.5,-10.25,-9.69267,56.0,379.0,0.1762,-0.2365,0.0005,11.8886,-1.1416,-4.7856,96.8152,97.39,97.39,95.4,105.75,up,2026-08-21T15:41:45,0.0,0.0
SPXW,2026-11-20,91,Put,7290.0,SPXW261120P07290000,97.2,97.7,97.45,97.1,-9.7,-9.0824,87.0,6.0,0.1768,-0.2375,0.0005,11.932,-1.1463,-4.8077,97.8463,99.2,100.5,95.3,106.799999237061,no_change,2026-08-21T14:59:35,0.0,0.0
SPX,2026-11-20,91,Call,7295.0,SPX261120C07295000,534.6,536.9,535.75,393.16,0.0,0.0,0.0,4.0,0.1757,0.7615,0.0005,11.9389,-1.1438,13.3724,534.6366,0.0,0.0,0.0,522.949981689453,down,2026-07-23T15:36:10,0.0,0.0
SPX,2026-11-20,91,Put,7295.0,SPX261120P07295000,96.9,97.7,97.30000000000001,97.6,-8.95,-8.39981,120.0,464.0,0.1758,-0.2384,0.0005,11.9389,-1.1438,-4.8244,97.5943,99.6,100.6,96.2,106.549999237061,up,2026-08-21T15:59:46,0.0,0.0
SPX,2026-11-20,91,Call,7300.0,SPX261120C07300000,530.5,532.6,531.55,547.16,28.36,5.46646,1.0,3351.0,0.1753,0.7595,0.0005,11.9891,-1.146,13.3458,530.4795,547.16,547.16,547.16,518.799987792969,up,2026-08-21T11:57:46,0.0,0.0
SPXW,2026-11-20,91,Call,7300.0,SPXW261120C07300000,529.6,535.2,532.4000000000001,628.24,0.0,0.0,0.0,611.0,0.1758,0.7585,0.0005,12.0321,-1.1506,13.3238,531.311,0.0,0.0,0.0,519.75,no_change,2026-08-17T12:09:34,0.0,0.0
SPX,2026-11-20,91,Put,7300.0,SPX261120P07300000,97.7,98.5,98.1,97.8,-9.6,-8.93855,202.0,12040.0,0.1753,-0.2404,0.0005,11.9891,-1.146,-4.8634,98.3816,99.93,99.93,95.95,107.399997711182,no_change,2026-08-21T14:59:37,0.0,0.0
SPXW,2026-11-20,91,Put,7300.0,SPXW261120P07300000,98.8,99.3,99.05,97.9,-10.55,-9.72798,6.0,173.0,0.1759,-0.2414,0.0005,12.0321,-1.1506,-4.8853,99.4232,97.7,97.9,97.7,108.449996948242,no_change,2026-08-21T15:37:51,0.0,0.0
SPX,2026-11-20,91,Call,7305.0,SPX261120C07305000,526.3,528.6,527.45,403.4,0.0,0.0,0.0,4.0,0.1748,0.7576,0.0005,12.0392,-1.1481,13.319,526.3306,0.0,0.0,0.0,514.649993896484,down,2026-07-23T10:20:43,0.0,0.0
SPX,2026-11-20,91,Put,7305.0,SPX261120P07305000,98.5,99.3,98.9,97.85,-10.4,-9.60739,4.0,275.0,0.1749,-0.2423,0.0005,12.0392,-1.1481,-4.9027,99.1771,97.85,97.85,97.85,108.25,no_change,2026-08-21T15:41:25,0.0,0.0
SPX,2026-11-20,91,Call,7310.0,SPX261120C07310000,522.2,524.5,523.35,348.35,0.0,0.0,0.0,1.0,0.1744,0.7556,0.0005,12.0893,-1.1503,13.2919,522.19,0.0,0.0,0.0,510.550003051758,down,2026-07-29T12:31:29,0.0,0.0
SPXW,2026-11-20,91,Call,7310.0,SPXW261120C07310000,521.2,526.8,524.0,627.45,0.0,0.0,0.0,1.0,0.1749,0.7546,0.0005,12.1318,-1.1549,13.27,523.0318,0.0,0.0,0.0,511.549987792969,down,2026-08-14T11:51:22,0.0,0.0
SPX,2026-11-20,91,Put,7310.0,SPX261120P07310000,99.3,100.1,99.69999999999999,109.0,0.0,0.0,0.0,86.0,0.1744,-0.2442,0.0005,12.0893,-1.1503,-4.9422,99.981,0.0,0.0,0.0,109.049999237061,no_change,2026-08-20T15:34:45,0.0,0.0
SPXW,2026-11-20,91,Put,7310.0,SPXW261120P07310000,100.4,100.9,100.65,91.76,0.0,0.0,0.0,15.0,0.175,-0.2452,0.0005,12.1318,-1.1549,-4.964,101.0328,0.0,0.0,0.0,110.150001525879,down,2026-08-17T09:30:19,0.0,0.0
SPX,2026-11-20,91,Call,7315.0,SPX261120C07315000,518.0,520.3,519.15,0.0,0.0,0.0,0.0,0.0,0.1741,0.7537,0.0005,12.1393,-1.1524,13.2646,518.0579,0.0,0.0,0.0,506.5,no_change,,0.0,0.0
SPX,2026-11-20,91,Put,7315.0,SPX261120P07315000,100.1,100.9,100.5,100.8,0.0,0.0,0.0,129.0,0.174,-0.2462,0.0005,12.1393,-1.1524,-4.982,100.7932,0.0,0.0,0.0,109.950000762939,down,2026-08-20T11:04:22,0.0,0.0
SPX,2026-11-20,91,Call,7320.0,SPX261120C07320000,513.9,516.2,515.05,593.25,0.0,0.0,0.0,15.0,0.1735,0.7517,0.0005,12.1893,-1.1545,13.237,513.9343,0.0,0.0,0.0,502.400009155273,down,2026-08-12T15:59:24,0.0,0.0
SPXW,2026-11-20,91,Call,7320.0,SPXW261120C07320000,513.1,518.6,515.85,547.45,0.0,0.0,0.0,1.0,0.1739,0.7507,0.0005,12.2315,-1.1591,13.2152,514.7862,0.0,0.0,0.0,503.400009155273,down,2026-08-18T11:25:37,0.0,0.0
SPX,2026-11-20,91,Put,7320.0,SPX261120P07320000,100.9,101.7,101.30000000000001,100.2,-10.6,-9.56679,48.0,919.0,0.1736,-0.2482,0.0005,12.1893,-1.1545,-5.0221,101.614,104.62,105.4,100.2,110.799999237061,no_change,2026-08-21T15:41:25,0.0,0.0
SPXW,2026-11-20,91,Put,7320.0,SPXW261120P07320000,102.0,102.5,102.25,111.7,0.0,0.0,0.0,11.0,0.1741,-0.2492,0.0005,12.2315,-1.1591,-5.0438,102.676,0.0,0.0,0.0,111.849998474121,no_change,2026-08-20T15:06:44,0.0,0.0
SPX,2026-11-20,91,Call,7325.0,SPX261120C07325000,509.7,512.1,510.9,636.88,0.0,0.0,0.0,407.0,0.1731,0.7497,0.0005,12.2394,-1.1565,13.209,509.8193,0.0,0.0,0.0,498.350006103516,up,2026-08-13T15:20:38,0.0,0.0
SPXW,2026-11-20,91,Call,7325.0,SPXW261120C07325000,509.0,514.4,511.7,550.11,0.0,0.0,0.0,11.0,0.1735,0.7486,0.0005,12.2813,-1.1611,13.1872,510.6762,0.0,0.0,0.0,499.400009155273,down,2026-08-18T09:33:20,0.0,0.0
SPX,2026-11-20,91,Put,7325.0,SPX261120P07325000,101.7,102.5,102.1,102.8,-8.85,-7.92656,124.0,1725.0,0.1731,-0.2502,0.0005,12.2394,-1.1565,-5.0625,102.4434,105.21,105.21,102.57,111.650001525879,no_change,2026-08-21T14:17:56,0.0,0.0
SPXW,2026-11-20,91,Put,7325.0,SPXW261120P07325000,102.9,103.4,103.15,113.19,0.0,0.0,0.0,365.0,0.1737,-0.2512,0.0005,12.2813,-1.1611,-5.0841,103.5104,0.0,0.0,0.0,112.75,no_change,2026-08-20T15:05:15,0.0,0.0
SPX,2026-11-20,91,Call,7330.0,SPX261120C07330000,505.7,507.9,506.79999999999995,587.09,0.0,0.0,0.0,13.0,0.1726,0.7476,0.0005,12.2894,-1.1586,13.1807,505.7129,0.0,0.0,0.0,494.300003051758,down,2026-08-12T13:42:15,0.0,0.0
SPXW,2026-11-20,91,Call,7330.0,SPXW261120C07330000,504.7,510.3,507.5,560.88,0.0,0.0,0.0,101.0,0.1731,0.7466,0.0005,12.3311,-1.1631,13.159,506.5748,0.0,0.0,0.0,495.300003051758,up,2026-08-06T13:38:55,0.0,0.0
SPX,2026-11-20,91,Put,7330.0,SPX261120P07330000,102.6,103.4,103.0,112.5,0.0,0.0,0.0,821.0,0.1726,-0.2523,0.0005,12.2894,-1.1586,-5.1033,103.2815,0.0,0.0,0.0,112.549999237061,no_change,2026-08-20T15:34:45,0.0,0.0
SPXW,2026-11-20,91,Put,7330.0,SPXW261120P07330000,103.7,104.2,103.95,103.77,-9.88,-8.69336,3.0,21.0,0.1732,-0.2532,0.0005,12.3311,-1.1631,-5.1248,104.3534,103.77,103.77,103.77,113.650001525879,down,2026-08-21T15:56:45,0.0,0.0
SPX,2026-11-20,91,Call,7335.0,SPX261120C07335000,501.6,503.8,502.70000000000005,588.26,0.0,0.0,0.0,16.0,0.1722,0.7456,0.0005,12.3395,-1.1606,13.152,501.6154,0.0,0.0,0.0,490.199996948242,up,2026-08-07T13:48:34,0.0,0.0
SPX,2026-11-20,91,Put,7335.0,SPX261120P07335000,103.4,104.2,103.80000000000001,104.0,-9.45,-8.32966,58.0,1992.0,0.1722,-0.2543,0.0005,12.3395,-1.1606,-5.1444,104.1285,103.8,104.4,102.9,113.450000762939,down,2026-08-21T15:55:33,0.0,0.0
SPX,2026-11-20,91,Call,7340.0,SPX261120C07340000,497.5,499.7,498.6,609.57,0.0,0.0,0.0,20.0,0.1717,0.7435,0.0005,12.3896,-1.1626,13.1229,497.5268,0.0,0.0,0.0,486.199996948242,up,2026-08-13T09:47:46,0.0,0.0
SPXW,2026-11-20,91,Call,7340.0,SPXW261120C07340000,496.5,502.1,499.3,0.0,0.0,0.0,0.0,0.0,0.1722,0.7425,0.0005,12.431,-1.1671,13.1012,498.3985,0.0,0.0,0.0,487.199996948242,no_change,,0.0,0.0
SPX,2026-11-20,91,Put,7340.0,SPX261120P07340000,104.2,105.1,104.65,105.3,-9.05,-7.9143,29.0,241.0,0.1718,-0.2564,0.0005,12.3896,-1.1626,-5.186,104.9842,102.67,105.3,102.67,114.349998474121,up,2026-08-21T14:16:34,0.0,0.0
SPXW,2026-11-20,91,Put,7340.0,SPXW261120P07340000,105.4,105.9,105.65,107.3,0.0,0.0,0.0,6.0,0.1724,-0.2574,0.0005,12.431,-1.1671,-5.2075,106.0659,0.0,0.0,0.0,115.449996948242,down,2026-08-10T10:06:47,0.0,0.0
SPX,2026-11-20,91,Call,7345.0,SPX261120C07345000,493.6,495.2,494.4,573.88,0.0,0.0,0.0,12.0,0.1713,0.7414,0.0005,12.4398,-1.1645,13.0934,493.4473,0.0,0.0,0.0,482.149993896484,down,2026-08-10T12:32:04,0.0,0.0
SPX,2026-11-20,91,Put,7345.0,SPX261120P07345000,105.1,105.9,105.5,99.6,0.0,0.0,0.0,228.0,0.1713,-0.2585,0.0005,12.4398,-1.1645,-5.228,105.8492,0.0,0.0,0.0,115.25,down,2026-08-19T10:59:43,0.0,0.0
SPX,2026-11-20,91,Call,7350.0,SPX261120C07350000,489.6,491.2,490.4,498.76,0.0,0.0,0.0,2205.0,0.1709,0.7393,0.0005,12.49,-1.1665,13.0634,489.377,0.0,0.0,0.0,478.099990844727,down,2026-08-20T12:20:03,0.0,0.0
SPXW,2026-11-20,91,Call,7350.0,SPXW261120C07350000,488.5,494.0,491.25,594.22,0.0,0.0,0.0,49.0,0.1713,0.7383,0.0005,12.5311,-1.171,13.0417,490.2582,0.0,0.0,0.0,479.099990844727,up,2026-08-14T12:47:14,0.0,0.0
SPX,2026-11-20,91,Put,7350.0,SPX261120P07350000,106.0,106.8,106.4,106.32,-9.78,-8.42377,80.0,5269.0,0.1708,-0.2606,0.0005,12.49,-1.1665,-5.2704,106.7231,103.9,106.65,103.9,116.100002288818,up,2026-08-21T13:33:15,0.0,0.0
SPXW,2026-11-20,91,Put,7350.0,SPXW261120P07350000,107.1,107.7,107.4,118.5,0.0,0.0,0.0,154.0,0.1715,-0.2615,0.0005,12.5311,-1.171,-5.2919,107.8145,0.0,0.0,0.0,117.25,up,2026-08-20T15:58:48,0.0,0.0
SPX,2026-11-20,91,Call,7355.0,SPX261120C07355000,485.5,487.1,486.3,491.3,0.0,0.0,0.0,12.0,0.1705,0.7372,0.0005,12.5403,-1.1684,13.0329,485.3159,0.0,0.0,0.0,474.099990844727,up,2026-08-04T09:32:46,0.0,0.0
SPX,2026-11-20,91,Put,7355.0,SPX261120P07355000,106.9,107.7,107.30000000000001,98.3,0.0,0.0,0.0,227.0,0.1704,-0.2627,0.0005,12.5403,-1.1684,-5.3133,107.6065,0.0,0.0,0.0,117.049999237061,up,2026-08-14T15:24:17,0.0,0.0
SPX,2026-11-20,91,Call,7360.0,SPX261120C07360000,481.4,483.0,482.2,482.0,11.9,2.53138,4.0,15.0,0.1699,0.7351,0.0005,12.5906,-1.1703,13.0019,481.2643,473.05,482.0,473.05,470.099990844727,up,2026-08-21T11:25:00,0.0,0.0
SPXW,2026-11-20,91,Call,7360.0,SPXW261120C07360000,480.5,485.8,483.15,0.0,0.0,0.0,0.0,0.0,0.1704,0.7341,0.0005,12.6314,-1.1748,12.9802,482.1551,0.0,0.0,0.0,471.099990844727,no_change,,0.0,0.0
SPX,2026-11-20,91,Put,7360.0,SPX261120P07360000,107.7,108.6,108.15,108.85,-9.2,-7.79331,4.0,359.0,0.17,-0.2648,0.0005,12.5906,-1.1703,-5.3568,108.4993,111.84,111.84,108.85,118.049999237061,down,2026-08-21T11:25:00,0.0,0.0
SPXW,2026-11-20,91,Put,7360.0,SPXW261120P07360000,108.9,109.4,109.15,114.29,0.0,0.0,0.0,4.0,0.1706,-0.2658,0.0005,12.6314,-1.1748,-5.3783,109.6002,0.0,0.0,0.0,119.150001525879,down,2026-08-18T12:23:35,0.0,0.0
SPX,2026-11-20,91,Call,7365.0,SPX261120C07365000,477.4,479.0,478.2,570.9,0.0,0.0,0.0,20.0,0.1695,0.7329,0.0005,12.641,-1.1722,12.9704,477.2224,0.0,0.0,0.0,466.099990844727,up,2026-08-10T12:27:27,0.0,0.0
SPX,2026-11-20,91,Put,7365.0,SPX261120P07365000,108.6,109.5,109.05,119.2,0.0,0.0,0.0,449.0,0.1695,-0.267,0.0005,12.641,-1.1722,-5.4007,109.4017,0.0,0.0,0.0,118.950000762939,down,2026-08-20T15:59:30,0.0,0.0
SPX,2026-11-20,91,Call,7370.0,SPX261120C07370000,473.4,475.0,474.2,471.5,9.4,2.03419,1.0,34.0,0.169,0.7308,0.0005,12.6914,-1.174,12.9384,473.1901,471.5,471.5,471.5,462.099990844727,down,2026-08-21T09:46:05,0.0,0.0
SPXW,2026-11-20,91,Call,7370.0,SPXW261120C07370000,472.2,477.7,474.95,0.0,0.0,0.0,0.0,0.0,0.1695,0.7298,0.0005,12.7317,-1.1784,12.9167,474.0903,0.0,0.0,0.0,463.149993896484,no_change,,0.0,0.0
SPX,2026-11-20,91,Put,7370.0,SPX261120P07370000,109.5,110.4,109.95,110.75,-9.2,-7.66986,13.0,151.0,0.1691,-0.2692,0.0005,12.6914,-1.174,-5.4452,110.314,112.83,113.39,107.17,119.950000762939,up,2026-08-21T14:10:00,0.0,0.0
SPXW,2026-11-20,91,Put,7370.0,SPXW261120P07370000,110.7,111.3,111.0,116.04,0.0,0.0,0.0,1.0,0.1698,-0.2701,0.0005,12.7317,-1.1784,-5.4668,111.4242,0.0,0.0,0.0,121.050003051758,up,2026-08-18T12:23:35,0.0,0.0
SPX,2026-11-20,91,Call,7375.0,SPX261120C07375000,469.3,470.9,470.1,575.97,0.0,0.0,0.0,705.0,0.1686,0.7286,0.0005,12.7418,-1.1758,12.9058,469.1678,0.0,0.0,0.0,458.099990844727,up,2026-08-13T09:45:46,0.0,0.0
SPXW,2026-11-20,91,Call,7375.0,SPXW261120C07375000,468.2,473.7,470.95,433.0,0.0,0.0,0.0,20.0,0.1691,0.7276,0.0005,12.7819,-1.1802,12.8841,470.0726,0.0,0.0,0.0,459.149993896484,up,2026-08-03T12:06:31,0.0,0.0
SPX,2026-11-20,91,Put,7375.0,SPX261120P07375000,110.5,111.3,110.9,105.0,0.0,0.0,0.0,3060.0,0.1687,-0.2714,0.0005,12.7418,-1.1758,-5.4903,111.2361,0.0,0.0,0.0,120.899997711182,down,2026-08-19T15:32:59,0.0,0.0
SPXW,2026-11-20,91,Put,7375.0,SPXW261120P07375000,111.7,112.2,111.95,121.0,0.0,0.0,0.0,106.0,0.1693,-0.2723,0.0005,12.7819,-1.1802,-5.5118,112.3509,0.0,0.0,0.0,122.050003051758,no_change,2026-08-20T15:51:51,0.0,0.0
SPX,2026-11-20,91,Call,7380.0,SPX261120C07380000,465.3,466.9,466.1,571.56,0.0,0.0,0.0,48.0,0.1682,0.7263,0.0005,12.7921,-1.1776,12.8727,465.1555,0.0,0.0,0.0,454.199996948242,down,2026-08-14T11:36:42,0.0,0.0
SPXW,2026-11-20,91,Call,7380.0,SPXW261120C07380000,464.3,469.7,467.0,554.63,0.0,0.0,0.0,1.0,0.1687,0.7254,0.0005,12.8319,-1.182,12.851,466.0649,0.0,0.0,0.0,455.199996948242,up,2026-08-05T15:17:13,0.0,0.0
SPX,2026-11-20,91,Put,7380.0,SPX261120P07380000,111.4,112.3,111.85,121.24,0.0,0.0,0.0,945.0,0.1682,-0.2736,0.0005,12.7921,-1.1776,-5.5358,112.1681,0.0,0.0,0.0,121.849998474121,down,2026-08-20T15:40:52,0.0,0.0
SPXW,2026-11-20,91,Put,7380.0,SPXW261120P07380000,112.6,113.1,112.85,112.3,-10.7,-8.69919,13.0,4.0,0.1688,-0.2745,0.0005,12.8319,-1.182,-5.5573,113.2876,112.3,112.3,112.3,123.0,down,2026-08-21T14:59:36,0.0,0.0
SPX,2026-11-20,91,Call,7385.0,SPX261120C07385000,461.3,462.9,462.1,556.11,0.0,0.0,0.0,7.0,0.1678,0.7241,0.0005,12.8422,-1.1793,12.839,461.1534,0.0,0.0,0.0,450.199996948242,up,2026-08-10T11:45:03,0.0,0.0
SPX,2026-11-20,91,Put,7385.0,SPX261120P07385000,112.2,113.2,112.7,113.5,-9.35,-7.61091,30.0,645.0,0.1678,-0.2758,0.0005,12.8422,-1.1793,-5.5819,113.1106,113.5,113.5,113.5,122.849998474121,down,2026-08-21T14:40:40,0.0,0.0
SPX,2026-11-20,91,Call,7390.0,SPX261120C07390000,457.3,458.9,458.1,553.45,0.0,0.0,0.0,28.0,0.1673,0.7218,0.0005,12.8923,-1.181,12.8049,457.1617,0.0,0.0,0.0,446.25,down,2026-08-17T12:15:57,0.0,0.0
SPXW,2026-11-20,91,Call,7390.0,SPXW261120C07390000,456.2,461.7,458.95,0.0,0.0,0.0,0.0,0.0,0.1678,0.7209,0.0005,12.9316,-1.1854,12.7834,458.0801,0.0,0.0,0.0,447.25,no_change,,0.0,0.0
SPX,2026-11-20,91,Put,7390.0,SPX261120P07390000,113.3,114.1,113.69999999999999,114.47,-9.38,-7.57368,20.0,398.0,0.1674,-0.2781,0.0005,12.8923,-1.181,-5.6285,114.0632,117.01,117.3,111.11,123.849998474121,up,2026-08-21T15:59:53,0.0,0.0
SPXW,2026-11-20,91,Put,7390.0,SPXW261120P07390000,114.5,115.0,114.75,114.2,-10.8,-8.64,12.0,40.0,0.1679,-0.279,0.0005,12.9316,-1.1854,-5.6499,115.1916,114.2,114.2,114.2,125.0,down,2026-08-21T14:59:36,0.0,0.0
SPX,2026-11-20,91,Call,7395.0,SPX261120C07395000,453.3,455.0,454.15,307.9,0.0,0.0,0.0,10.0,0.1669,0.7196,0.0005,12.9421,-1.1827,12.7703,453.1804,0.0,0.0,0.0,442.300003051758,up,2026-07-30T10:45:42,0.0,0.0
SPX,2026-11-20,91,Put,7395.0,SPX261120P07395000,114.2,115.1,114.65,108.4,0.0,0.0,0.0,53.0,0.1669,-0.2803,0.0005,12.9421,-1.1827,-5.6755,115.0262,0.0,0.0,0.0,124.849998474121,no_change,2026-08-19T15:32:59,0.0,0.0
SPX,2026-11-20,91,Call,7400.0,SPX261120C07400000,449.4,451.0,450.2,441.28,0.0,0.0,0.0,5782.0,0.1664,0.7173,0.0005,12.9917,-1.1844,12.7353,449.2098,0.0,0.0,0.0,438.350006103516,down,2026-08-20T14:57:28,0.0,0.0
SPXW,2026-11-20,91,Call,7400.0,SPXW261120C07400000,448.2,453.6,450.9,447.15,7.75,1.76377,1.0,26.0,0.1669,0.7163,0.0005,13.0304,-1.1887,12.714,450.137,447.15,447.15,447.15,439.399993896484,up,2026-08-21T10:16:16,0.0,0.0
SPX,2026-11-20,91,Put,7400.0,SPX261120P07400000,115.2,116.1,115.65,114.44,-11.36,-9.03021,199.0,10748.0,0.1664,-0.2826,0.0005,12.9917,-1.1844,-5.7231,116.0,118.4,118.5,114.44,125.799999237061,down,2026-08-21T15:30:08,0.0,0.0
SPXW,2026-11-20,91,Put,7400.0,SPXW261120P07400000,116.4,117.0,116.7,116.18,-10.14,-7.98111,14.0,522.0,0.1671,-0.2836,0.0005,13.0304,-1.1887,-5.7442,117.1373,119.63,119.63,116.18,127.050003051758,down,2026-08-21T15:01:17,0.0,0.0
SPX,2026-11-20,91,Call,7405.0,SPX261120C07405000,445.4,447.0,446.2,509.89,0.0,0.0,0.0,20.0,0.1661,0.715,0.0005,13.0411,-1.186,12.6999,445.2498,0.0,0.0,0.0,434.5,down,2026-08-11T15:50:40,0.0,0.0
SPX,2026-11-20,91,Put,7405.0,SPX261120P07405000,116.2,117.1,116.65,106.35,0.0,0.0,0.0,19.0,0.1661,-0.2849,0.0005,13.0411,-1.186,-5.7708,116.9845,0.0,0.0,0.0,126.899997711182,down,2026-08-17T09:45:03,0.0,0.0
SPX,2026-11-20,91,Call,7410.0,SPX261120C07410000,441.4,443.1,442.25,447.41,16.86,3.91592,44.0,17.0,0.1656,0.7126,0.0005,13.0901,-1.1876,12.6641,441.3008,444.58,447.41,439.28,430.549987792969,up,2026-08-21T15:38:20,0.0,0.0
SPXW,2026-11-20,91,Call,7410.0,SPXW261120C07410000,440.3,445.6,442.95000000000005,0.0,0.0,0.0,0.0,0.0,0.166,0.7117,0.0005,13.1282,-1.1918,12.6429,442.2366,0.0,0.0,0.0,431.600006103516,no_change,,0.0,0.0
SPX,2026-11-20,91,Put,7410.0,SPX261120P07410000,117.2,118.1,117.65,114.6,-13.35,-10.4338,293.0,490.0,0.1656,-0.2873,0.0005,13.0902,-1.1876,-5.8191,117.98,117.4,117.4,114.6,127.950000762939,no_change,2026-08-21T15:48:04,0.0,0.0
SPXW,2026-11-20,91,Put,7410.0,SPXW261120P07410000,118.4,118.9,118.65,109.36,0.0,0.0,0.0,14.0,0.1663,-0.2882,0.0005,13.1282,-1.1918,-5.8401,119.1258,0.0,0.0,0.0,129.099998474121,down,2026-08-17T12:16:00,0.0,0.0
SPX,2026-11-20,91,Call,7415.0,SPX261120C07415000,437.5,439.1,438.3,539.26,0.0,0.0,0.0,25.0,0.1652,0.7103,0.0005,13.1389,-1.1891,12.628,437.3627,0.0,0.0,0.0,426.699996948242,up,2026-08-14T15:52:52,0.0,0.0
SPX,2026-11-20,91,Put,7415.0,SPX261120P07415000,118.2,119.1,118.65,109.22,0.0,0.0,0.0,94.0,0.1652,-0.2896,0.0005,13.1389,-1.1891,-5.8677,118.9862,0.0,0.0,0.0,129.0,up,2026-08-17T10:37:59,0.0,0.0
SPX,2026-11-20,91,Call,7420.0,SPX261120C07420000,433.6,435.2,434.4,439.69,16.99,4.0194,36.0,56.0,0.1647,0.7079,0.0005,13.1872,-1.1906,12.5915,433.4357,434.3,444.32,431.46,422.699996948242,down,2026-08-21T15:44:04,0.0,0.0
SPXW,2026-11-20,91,Call,7420.0,SPXW261120C07420000,432.5,437.9,435.2,466.75,0.0,0.0,0.0,1.0,0.1652,0.707,0.0005,13.2245,-1.1948,12.5707,434.3799,0.0,0.0,0.0,423.849990844727,down,2026-08-18T11:25:37,0.0,0.0
SPX,2026-11-20,91,Put,7420.0,SPX261120P07420000,119.2,120.1,119.65,131.45,0.0,0.0,0.0,134.0,0.1648,-0.292,0.0005,13.1872,-1.1906,-5.9166,120.0036,0.0,0.0,0.0,130.049995422363,down,2026-08-20T15:58:17,0.0,0.0
SPXW,2026-11-20,91,Put,7420.0,SPXW261120P07420000,120.4,121.0,120.7,109.54,0.0,0.0,0.0,8.0,0.1654,-0.2929,0.0005,13.2245,-1.1948,-5.9373,121.1578,0.0,0.0,0.0,131.300003051758,no_change,2026-08-14T10:21:10,0.0,0.0
SPX,2026-11-20,91,Call,7425.0,SPX261120C07425000,429.6,431.3,430.45000000000005,463.02,0.0,0.0,0.0,400.0,0.1642,0.7055,0.0006,13.2352,-1.1921,12.5548,429.5199,0.0,0.0,0.0,418.900009155273,down,2026-08-18T13:57:57,0.0,0.0
SPXW,2026-11-20,91,Call,7425.0,SPXW261120C07425000,428.5,433.9,431.2,321.6,0.0,0.0,0.0,10.0,0.1647,0.7046,0.0006,13.2722,-1.1963,12.5341,430.4681,0.0,0.0,0.0,419.900009155273,down,2026-07-24T14:05:55,0.0,0.0
SPX,2026-11-20,91,Put,7425.0,SPX261120P07425000,120.2,121.1,120.65,117.53,-13.62,-10.3851,89.0,777.0,0.1643,-0.2944,0.0006,13.2352,-1.1921,-5.9658,121.0323,119.77,121.3,117.53,131.150001525879,down,2026-08-21T11:52:33,0.0,0.0
SPXW,2026-11-20,91,Put,7425.0,SPXW261120P07425000,121.5,122.0,121.75,111.8,0.0,0.0,0.0,44.0,0.165,-0.2953,0.0006,13.2722,-1.1963,-5.9863,122.1905,0.0,0.0,0.0,132.300003051758,up,2026-08-17T10:00:13,0.0,0.0
SPX,2026-11-20,91,Call,7430.0,SPX261120C07430000,425.7,427.4,426.54999999999995,425.0,10.0,2.40964,16.0,14.0,0.164,0.7031,0.0006,13.2829,-1.1936,12.5178,425.6154,424.3,433.33,424.3,415.0,no_change,2026-08-21T14:11:37,0.0,0.0
SPXW,2026-11-20,91,Call,7430.0,SPXW261120C07430000,424.6,430.0,427.3,480.93,0.0,0.0,0.0,1.0,0.1643,0.7022,0.0006,13.3195,-1.1977,12.4973,426.5676,0.0,0.0,0.0,416.099990844727,down,2026-08-06T13:38:55,0.0,0.0
SPX,2026-11-20,91,Put,7430.0,SPX261120P07430000,121.2,122.1,121.65,130.8,0.0,0.0,0.0,282.0,0.1639,-0.2968,0.0006,13.2829,-1.1936,-6.0152,122.0721,0.0,0.0,0.0,132.199996948242,no_change,2026-08-20T14:57:17,0.0,0.0
SPXW,2026-11-20,91,Put,7430.0,SPXW261120P07430000,122.5,123.0,122.75,127.3,0.0,0.0,0.0,8.0,0.1646,-0.2977,0.0006,13.3195,-1.1977,-6.0356,123.2343,0.0,0.0,0.0,133.350006103516,up,2026-08-18T09:43:38,0.0,0.0
SPX,2026-11-20,91,Call,7435.0,SPX261120C07435000,421.8,423.5,422.65,511.37,0.0,0.0,0.0,8.0,0.1636,0.7007,0.0006,13.3301,-1.195,12.4805,421.7222,0.0,0.0,0.0,411.199996948242,down,2026-08-10T16:01:09,0.0,0.0
SPX,2026-11-20,91,Put,7435.0,SPX261120P07435000,122.3,123.2,122.75,119.1,0.0,0.0,0.0,198.0,0.1635,-0.2992,0.0006,13.3301,-1.195,-6.0649,123.1233,0.0,0.0,0.0,133.300003051758,up,2026-08-19T15:48:00,0.0,0.0
SPX,2026-11-20,91,Call,7440.0,SPX261120C07440000,417.9,419.6,418.75,418.36,11.06,2.71544,36.0,21.0,0.163,0.6982,0.0006,13.3771,-1.1963,12.443,417.8406,419.47,424.9,418.36,407.300003051758,down,2026-08-21T16:11:29,0.0,0.0
SPXW,2026-11-20,91,Call,7440.0,SPXW261120C07440000,416.9,422.2,419.54999999999995,0.0,0.0,0.0,0.0,0.0,0.1635,0.6973,0.0006,13.413,-1.2004,12.4229,418.8004,0.0,0.0,0.0,408.5,no_change,,0.0,0.0
SPX,2026-11-20,91,Put,7440.0,SPX261120P07440000,123.3,124.2,123.75,134.3,0.0,0.0,0.0,279.0,0.163,-0.3017,0.0006,13.3771,-1.1963,-6.1149,124.186,0.0,0.0,0.0,134.400001525879,no_change,2026-08-20T15:34:45,0.0,0.0
SPXW,2026-11-20,91,Put,7440.0,SPXW261120P07440000,124.6,125.1,124.85,134.18,0.0,0.0,0.0,79.0,0.1637,-0.3026,0.0006,13.413,-1.2004,-6.1348,125.356,0.0,0.0,0.0,135.599998474121,no_change,2026-08-20T14:52:46,0.0,0.0
SPX,2026-11-20,91,Call,7445.0,SPX261120C07445000,414.1,415.7,414.9,415.3,0.0,0.0,0.0,11.0,0.1627,0.6957,0.0006,13.4236,-1.1977,12.4052,413.9705,0.0,0.0,0.0,403.5,down,2026-08-20T13:53:15,0.0,0.0
SPX,2026-11-20,91,Put,7445.0,SPX261120P07445000,124.4,125.3,124.85,123.89,-11.66,-8.60199,3.0,68.0,0.1626,-0.3042,0.0006,13.4236,-1.1977,-6.1652,125.2604,122.7,123.98,122.7,135.549995422363,down,2026-08-21T15:28:11,0.0,0.0
SPX,2026-11-20,91,Call,7450.0,SPX261120C07450000,410.2,411.7,410.95,410.83,11.18,2.79745,20.0,2334.0,0.1621,0.6932,0.0006,13.4699,-1.199,12.3671,410.1122,411.95,417.68,408.96,399.649993896484,down,2026-08-21T16:00:05,0.0,0.0
SPXW,2026-11-20,91,Call,7450.0,SPXW261120C07450000,411.6,412.2,411.9,415.4,14.65,3.65565,11.0,33.0,0.163,0.6923,0.0006,13.5052,-1.203,12.3474,411.0794,412.4,415.4,412.4,400.75,up,2026-08-21T11:00:25,0.0,0.0
SPX,2026-11-20,91,Put,7450.0,SPX261120P07450000,125.5,126.4,125.95,124.48,-12.12,-8.87262,749.0,4121.0,0.1622,-0.3067,0.0006,13.4699,-1.199,-6.2157,126.3465,130.17,130.17,122.63,136.599998474121,down,2026-08-21T15:37:33,0.0,0.0
SPXW,2026-11-20,91,Put,7450.0,SPXW261120P07450000,126.8,127.3,127.05,127.22,-10.63,-7.71128,2.0,832.0,0.1628,-0.3075,0.0006,13.5052,-1.203,-6.2353,127.5237,126.8,127.22,126.8,137.850006103516,up,2026-08-21T11:02:27,0.0,0.0
SPX,2026-11-20,91,Call,7455.0,SPX261120C07455000,406.3,408.0,407.15,506.59,0.0,0.0,0.0,11.0,0.1617,0.6907,0.0006,13.5159,-1.2002,12.3287,406.2655,0.0,0.0,0.0,395.900009155273,up,2026-08-14T15:52:54,0.0,0.0
SPX,2026-11-20,91,Put,7455.0,SPX261120P07455000,126.6,127.5,127.05,122.1,0.0,0.0,0.0,218.0,0.1618,-0.3092,0.0006,13.5159,-1.2002,-6.2666,127.4442,0.0,0.0,0.0,137.800003051758,no_change,2026-08-19T15:44:49,0.0,0.0
SPX,2026-11-20,91,Call,7460.0,SPX261120C07460000,402.5,404.2,403.35,403.8,11.75,2.99707,16.0,7.0,0.1613,0.6882,0.0006,13.5616,-1.2014,12.2899,402.4308,401.51,409.34,400.99,392.049987792969,down,2026-08-21T16:02:00,0.0,0.0
SPXW,2026-11-20,91,Call,7460.0,SPXW261120C07460000,403.9,404.5,404.2,405.2,11.9,3.02568,6.0,0.0,0.1621,0.6873,0.0006,13.5963,-1.2054,12.2705,403.4052,411.8,411.8,405.2,393.300003051758,down,2026-08-21T14:05:24,0.0,0.0
SPX,2026-11-20,91,Put,7460.0,SPX261120P07460000,127.7,128.6,128.15,126.62,-12.33,-8.8737,2.0,249.0,0.1614,-0.3117,0.0006,13.5616,-1.2014,-6.3178,128.5539,126.62,126.62,126.62,138.950004577637,down,2026-08-21T15:37:52,0.0,0.0
SPXW,2026-11-20,91,Put,7460.0,SPXW261120P07460000,129.0,129.5,129.25,140.47,0.0,0.0,0.0,1.0,0.162,-0.3126,0.0006,13.5963,-1.2054,-6.3371,129.7384,0.0,0.0,0.0,140.149993896484,up,2026-08-05T11:55:50,0.0,0.0
SPX,2026-11-20,91,Call,7465.0,SPX261120C07465000,398.7,400.3,399.5,382.32,0.0,0.0,0.0,2.0,0.161,0.6856,0.0006,13.607,-1.2026,12.2507,398.6082,0.0,0.0,0.0,388.300003051758,down,2026-08-03T15:47:53,0.0,0.0
SPX,2026-11-20,91,Put,7465.0,SPX261120P07465000,128.8,129.7,129.25,135.12,0.0,0.0,0.0,27.0,0.161,-0.3143,0.0006,13.607,-1.2026,-6.3695,129.6756,0.0,0.0,0.0,140.150001525879,up,2026-08-18T15:58:39,0.0,0.0
SPX,2026-11-20,91,Call,7470.0,SPX261120C07470000,394.8,396.5,395.65,395.76,11.21,2.9151,4.0,30.0,0.1605,0.683,0.0006,13.6522,-1.2037,12.211,394.7978,395.76,395.76,395.76,384.549987792969,up,2026-08-21T16:02:00,0.0,0.0
SPXW,2026-11-20,91,Call,7470.0,SPXW261120C07470000,396.2,396.8,396.5,402.3,16.6,4.30386,3.0,3.0,0.1613,0.6822,0.0006,13.6864,-1.2077,12.1919,395.7789,402.3,402.3,402.3,385.699996948242,down,2026-08-21T13:15:48,0.0,0.0
SPX,2026-11-20,91,Put,7470.0,SPX261120P07470000,129.9,130.9,130.4,139.8,0.0,0.0,0.0,386.0,0.1606,-0.3169,0.0006,13.6522,-1.2037,-6.4216,130.8096,0.0,0.0,0.0,141.300003051758,up,2026-08-20T14:57:17,0.0,0.0
SPXW,2026-11-20,91,Put,7470.0,SPXW261120P07470000,131.2,131.8,131.5,135.72,0.0,0.0,0.0,9.0,0.1612,-0.3177,0.0006,13.6864,-1.2077,-6.4406,132.0009,0.0,0.0,0.0,142.550003051758,up,2026-08-18T12:23:35,0.0,0.0
SPX,2026-11-20,91,Call,7475.0,SPX261120C07475000,391.0,392.7,391.85,472.92,0.0,0.0,0.0,1649.0,0.1601,0.6804,0.0006,13.6972,-1.2048,12.1709,390.9997,0.0,0.0,0.0,380.75,up,2026-08-11T11:18:05,0.0,0.0
SPXW,2026-11-20,91,Call,7475.0,SPXW261120C07475000,392.4,393.0,392.7,391.2,9.3,2.43519,6.0,29.0,0.1608,0.6796,0.0006,13.7311,-1.2087,12.1519,391.9842,393.5,393.5,391.2,381.900009155273,down,2026-08-21T14:29:40,0.0,0.0
SPX,2026-11-20,91,Put,7475.0,SPX261120P07475000,131.1,132.0,131.55,128.65,-13.9,-9.75096,3.0,3242.0,0.1601,-0.3195,0.0006,13.6972,-1.2048,-6.4742,131.9559,133.64,133.64,128.65,142.549995422363,no_change,2026-08-21T11:50:51,0.0,0.0
SPXW,2026-11-20,91,Put,7475.0,SPXW261120P07475000,132.4,132.9,132.65,133.4,-10.25,-7.13539,6.0,79.0,0.1608,-0.3203,0.0006,13.7311,-1.2087,-6.4931,133.1506,133.35,133.4,133.35,143.649993896484,up,2026-08-21T14:02:03,0.0,0.0
SPX,2026-11-20,91,Call,7480.0,SPX261120C07480000,387.2,388.9,388.04999999999995,462.18,0.0,0.0,0.0,25.0,0.1597,0.6778,0.0006,13.7419,-1.2058,12.1302,387.214,0.0,0.0,0.0,377.049987792969,down,2026-08-12T12:06:01,0.0,0.0
SPXW,2026-11-20,91,Call,7480.0,SPXW261120C07480000,388.6,389.2,388.9,420.2,0.0,0.0,0.0,0.0,0.1604,0.677,0.0006,13.7756,-1.2098,12.1113,388.2018,0.0,0.0,0.0,378.099990844727,down,2026-08-18T13:59:13,0.0,0.0
SPX,2026-11-20,91,Put,7480.0,SPX261120P07480000,132.2,133.2,132.7,131.5,-12.2,-8.48991,1.0,519.0,0.1597,-0.3221,0.0006,13.7419,-1.2058,-6.5274,133.1147,131.5,131.5,131.5,143.699996948242,down,2026-08-21T15:04:30,0.0,0.0
SPXW,2026-11-20,91,Put,7480.0,SPXW261120P07480000,133.5,134.1,133.8,135.55,0.0,0.0,0.0,4.0,0.1603,-0.3229,0.0006,13.7756,-1.2098,-6.5461,134.3127,0.0,0.0,0.0,144.949996948242,up,2026-08-20T12:44:51,0.0,0.0
SPX,2026-11-20,91,Call,7485.0,SPX261120C07485000,383.5,385.1,384.3,269.2,0.0,0.0,0.0,18.0,0.1592,0.6752,0.0006,13.7864,-1.2068,12.0889,383.441,0.0,0.0,0.0,373.199996948242,up,2026-07-30T15:50:00,0.0,0.0
SPX,2026-11-20,91,Put,7485.0,SPX261120P07485000,133.4,134.3,133.85000000000002,132.1,-12.8,-8.83368,1.0,142.0,0.1593,-0.3248,0.0006,13.7864,-1.2068,-6.5812,134.2862,132.1,132.1,132.1,144.900001525879,up,2026-08-21T15:39:32,0.0,0.0
SPX,2026-11-20,91,Call,7490.0,SPX261120C07490000,379.7,381.4,380.54999999999995,373.98,0.0,0.0,0.0,44.0,0.1588,0.6725,0.0006,13.8307,-1.2078,12.0469,379.681,0.0,0.0,0.0,369.75,down,2026-08-20T15:14:38,0.0,0.0
SPXW,2026-11-20,91,Call,7490.0,SPXW261120C07490000,381.1,381.7,381.4,0.0,0.0,0.0,0.0,0.0,0.1596,0.6717,0.0006,13.864,-1.2116,12.0283,380.6753,0.0,0.0,0.0,370.699996948242,no_change,,0.0,0.0
SPX,2026-11-20,91,Put,7490.0,SPX261120P07490000,134.6,135.5,135.05,132.72,-13.43,-9.18919,70.0,136.0,0.1589,-0.3274,0.0006,13.8308,-1.2078,-6.6355,135.4707,134.37,135.9,132.72,146.150001525879,down,2026-08-21T15:46:04,0.0,0.0
SPXW,2026-11-20,91,Put,7490.0,SPXW261120P07490000,135.9,136.4,136.15,121.49,0.0,0.0,0.0,9.0,0.1595,-0.3282,0.0006,13.864,-1.2116,-6.654,136.6749,0.0,0.0,0.0,147.350006103516,down,2026-08-13T10:31:16,0.0,0.0
SPX,2026-11-20,91,Call,7495.0,SPX261120C07495000,375.9,377.6,376.75,253.9,0.0,0.0,0.0,3.0,0.1584,0.6698,0.0006,13.8748,-1.2087,12.0044,375.934,0.0,0.0,0.0,365.900009155273,down,2026-07-27T11:34:33,0.0,0.0
SPX,2026-11-20,91,Put,7495.0,SPX261120P07495000,135.7,136.7,136.2,133.87,-13.48,-9.14829,3.0,251.0,0.1584,-0.3301,0.0006,13.8748,-1.2087,-6.6905,136.668,134.62,134.62,133.87,147.349998474121,down,2026-08-21T15:46:04,0.0,0.0
SPX,2026-11-20,91,Call,7500.0,SPX261120C07500000,372.2,373.9,373.04999999999995,376.94,14.74,4.06958,23.0,5933.0,0.158,0.6671,0.0006,13.9186,-1.2095,11.9612,372.2004,373.05,387.11,369.0,362.199996948242,no_change,2026-08-21T15:12:18,0.0,0.0
SPXW,2026-11-20,91,Call,7500.0,SPXW261120C07500000,373.6,374.2,373.9,377.8,14.5,3.99119,5.0,95.0,0.1588,0.6663,0.0006,13.9512,-1.2134,11.9427,373.2008,371.9,377.8,371.9,363.300003051758,up,2026-08-21T14:59:35,0.0,0.0
SPX,2026-11-20,91,Put,7500.0,SPX261120P07500000,137.0,137.9,137.45,137.5,-11.1,-7.46972,166.0,8376.0,0.158,-0.3328,0.0006,13.9186,-1.2095,-6.7462,137.8788,140.06,140.66,134.23,148.599998474121,down,2026-08-21T16:14:42,0.0,0.0
SPXW,2026-11-20,91,Put,7500.0,SPXW261120P07500000,138.3,138.8,138.55,138.48,-11.37,-7.58759,23.0,456.0,0.1587,-0.3336,0.0006,13.9512,-1.2134,-6.7645,139.0893,143.07,143.07,137.17,149.850006103516,up,2026-08-21T15:56:35,0.0,0.0
SPX,2026-11-20,91,Call,7505.0,SPX261120C07505000,368.5,370.2,369.35,245.9,0.0,0.0,0.0,7.0,0.1576,0.6644,0.0006,13.962,-1.2104,11.9173,368.48,0.0,0.0,0.0,358.549987792969,no_change,2026-07-27T11:52:09,0.0,0.0
SPX,2026-11-20,91,Put,7505.0,SPX261120P07505000,138.2,139.1,138.64999999999998,136.8,-13.15,-8.76959,1.0,434.0,0.1576,-0.3356,0.0006,13.962,-1.2104,-6.8025,139.1028,136.8,136.8,136.8,149.950004577637,down,2026-08-21T15:39:14,0.0,0.0
SPX,2026-11-20,91,Call,7510.0,SPX261120C07510000,364.8,366.5,365.65,243.7,0.0,0.0,0.0,69.0,0.1572,0.6616,0.0006,14.0051,-1.2111,11.8728,364.7734,0.0,0.0,0.0,354.850006103516,up,2026-07-27T11:42:16,0.0,0.0
SPXW,2026-11-20,91,Call,7510.0,SPXW261120C07510000,366.2,366.8,366.5,418.8,0.0,0.0,0.0,12.0,0.1579,0.6608,0.0006,14.0372,-1.2149,11.8547,365.7799,0.0,0.0,0.0,356.099990844727,down,2026-08-19T10:43:58,0.0,0.0
SPX,2026-11-20,91,Put,7510.0,SPX261120P07510000,139.5,140.4,139.95,139.32,-11.93,-7.8876,13.0,214.0,0.1572,-0.3383,0.0006,14.0051,-1.2111,-6.8595,140.3407,142.52,142.52,139.32,151.25,no_change,2026-08-21T11:29:13,0.0,0.0
SPXW,2026-11-20,91,Put,7510.0,SPXW261120P07510000,140.7,141.3,141.0,151.15,0.0,0.0,0.0,11.0,0.1578,-0.3391,0.0006,14.0372,-1.2149,-6.8774,141.5572,0.0,0.0,0.0,152.449996948242,down,2026-08-20T14:32:29,0.0,0.0
SPX,2026-11-20,91,Call,7515.0,SPX261120C07515000,361.1,362.8,361.95000000000005,242.6,0.0,0.0,0.0,13.0,0.1567,0.6588,0.0006,14.0477,-1.2118,11.8277,361.0806,0.0,0.0,0.0,351.199996948242,down,2026-07-27T11:32:54,0.0,0.0
SPX,2026-11-20,91,Put,7515.0,SPX261120P07515000,140.7,141.6,141.14999999999998,138.7,-13.85,-9.07899,8.0,1399.0,0.1568,-0.3411,0.0006,14.0477,-1.2118,-6.917,141.5923,142.54,142.54,138.7,152.549995422363,down,2026-08-21T11:36:46,0.0,0.0
SPX,2026-11-20,91,Call,7520.0,SPX261120C07520000,357.4,359.1,358.25,235.9,0.0,0.0,0.0,17.0,0.1564,0.656,0.0006,14.0899,-1.2125,11.782,357.4019,0.0,0.0,0.0,347.550003051758,down,2026-07-27T11:38:48,0.0,0.0
SPXW,2026-11-20,91,Call,7520.0,SPXW261120C07520000,358.8,359.4,359.1,441.4,0.0,0.0,0.0,9.0,0.1571,0.6553,0.0006,14.1214,-1.2162,11.7642,358.4142,0.0,0.0,0.0,348.699996948242,down,2026-08-10T13:51:41,0.0,0.0
SPX,2026-11-20,91,Put,7520.0,SPX261120P07520000,141.9,142.9,142.4,151.9,0.0,0.0,0.0,73.0,0.1564,-0.3439,0.0006,14.0899,-1.2125,-6.9751,142.8579,0.0,0.0,0.0,153.800003051758,no_change,2026-08-20T14:56:32,0.0,0.0
SPXW,2026-11-20,91,Put,7520.0,SPXW261120P07520000,143.2,143.8,143.5,149.68,-11.14,-7.18478,0.0,7.0,0.1571,-0.3446,0.0006,14.1214,-1.2162,-6.9928,144.0803,0.0,0.0,0.0,155.050003051758,up,2026-08-18T11:34:53,0.0,0.0
SPX,2026-11-20,91,Call,7525.0,SPX261120C07525000,353.7,355.4,354.54999999999995,443.09,0.0,0.0,0.0,935.0,0.156,0.6532,0.0006,14.1316,-1.2131,11.7359,353.7374,0.0,0.0,0.0,343.949996948242,no_change,2026-08-17T10:49:19,0.0,0.0
SPXW,2026-11-20,91,Call,7525.0,SPXW261120C07525000,355.0,355.7,355.35,401.4,0.0,0.0,0.0,31.0,0.1567,0.6525,0.0006,14.1627,-1.2167,11.7184,354.7524,0.0,0.0,0.0,345.099990844727,down,2026-08-19T10:32:12,0.0,0.0
SPX,2026-11-20,91,Put,7525.0,SPX261120P07525000,143.2,144.2,143.7,143.99,-11.16,-7.19304,58.0,859.0,0.156,-0.3467,0.0006,14.1316,-1.2131,-7.0338,144.1378,146.27,146.27,143.02,155.150001525879,down,2026-08-21T14:49:23,0.0,0.0
SPXW,2026-11-20,91,Put,7525.0,SPXW261120P07525000,144.5,145.1,144.8,148.8,0.0,0.0,0.0,29.0,0.1566,-0.3474,0.0006,14.1627,-1.2167,-7.0511,145.3629,0.0,0.0,0.0,156.350006103516,no_change,2026-08-18T15:04:17,0.0,0.0
SPX,2026-11-20,91,Call,7530.0,SPX261120C07530000,350.0,351.8,350.9,214.2,0.0,0.0,0.0,63.0,0.1555,0.6504,0.0006,14.1727,-1.2136,11.6893,350.0871,0.0,0.0,0.0,340.349990844727,down,2026-07-29T10:45:12,0.0,0.0
SPXW,2026-11-20,91,Call,7530.0,SPXW261120C07530000,351.4,352.1,351.75,400.2,0.0,0.0,0.0,4.0,0.1563,0.6496,0.0006,14.2035,-1.2173,11.6719,351.1049,0.0,0.0,0.0,341.5,down,2026-08-19T09:30:42,0.0,0.0
SPX,2026-11-20,91,Put,7530.0,SPX261120P07530000,144.5,145.5,145.0,142.4,-14.05,-8.98051,8.0,233.0,0.1556,-0.3495,0.0006,14.1727,-1.2136,-7.0928,145.4319,146.34,146.34,142.4,156.450004577637,down,2026-08-21T11:36:46,0.0,0.0
SPXW,2026-11-20,91,Put,7530.0,SPXW261120P07530000,145.8,146.4,146.10000000000002,150.48,0.0,0.0,0.0,3.0,0.1562,-0.3502,0.0006,14.2035,-1.2173,-7.11,146.6598,0.0,0.0,0.0,157.699996948242,up,2026-08-18T15:53:17,0.0,0.0
SPX,2026-11-20,91,Call,7535.0,SPX261120C07535000,346.4,348.1,347.25,433.07,0.0,0.0,0.0,15.0,0.1551,0.6475,0.0006,14.2132,-1.2141,11.6423,346.4514,0.0,0.0,0.0,336.700012207031,up,2026-08-10T14:53:14,0.0,0.0
SPX,2026-11-20,91,Put,7535.0,SPX261120P07535000,145.8,146.8,146.3,137.2,0.0,0.0,0.0,29.0,0.1552,-0.3524,0.0006,14.2132,-1.2141,-7.1523,146.7406,0.0,0.0,0.0,157.849998474121,up,2026-08-19T15:34:49,0.0,0.0
SPX,2026-11-20,91,Call,7540.0,SPX261120C07540000,342.8,344.5,343.65,330.4,0.0,0.0,0.0,39.0,0.1547,0.6446,0.0006,14.2531,-1.2146,11.5949,342.8303,0.0,0.0,0.0,333.150009155273,up,2026-08-03T15:50:03,0.0,0.0
SPXW,2026-11-20,91,Call,7540.0,SPXW261120C07540000,344.2,344.8,344.5,392.7,0.0,0.0,0.0,5.0,0.1555,0.6439,0.0006,14.2832,-1.2181,11.5781,343.8534,0.0,0.0,0.0,334.300003051758,down,2026-08-19T09:30:42,0.0,0.0
SPX,2026-11-20,91,Put,7540.0,SPX261120P07540000,147.1,148.1,147.6,158.7,0.0,0.0,0.0,229.0,0.1548,-0.3553,0.0006,14.2531,-1.2146,-7.2121,148.0639,0.0,0.0,0.0,159.199996948242,no_change,2026-08-20T15:18:28,0.0,0.0
SPXW,2026-11-20,91,Put,7540.0,SPXW261120P07540000,148.4,149.0,148.7,146.6,-13.85,-8.63197,6.0,7.0,0.1554,-0.356,0.0006,14.2832,-1.2181,-7.2288,149.2971,146.6,146.6,146.6,160.449996948242,down,2026-08-21T15:38:18,0.0,0.0
SPX,2026-11-20,91,Call,7545.0,SPX261120C07545000,339.2,340.3,339.75,399.97,0.0,0.0,0.0,87.0,0.1544,0.6417,0.0006,14.2923,-1.2149,11.5472,339.224,0.0,0.0,0.0,329.600006103516,down,2026-08-06T16:06:02,0.0,0.0
SPX,2026-11-20,91,Put,7545.0,SPX261120P07545000,148.5,149.4,148.95,147.4,-13.15,-8.19059,47.0,166.0,0.1544,-0.3582,0.0006,14.2923,-1.2149,-7.2722,149.4021,150.0,150.0,147.4,160.549995422363,down,2026-08-21T11:06:12,0.0,0.0
SPX,2026-11-20,91,Call,7550.0,SPX261120C07550000,335.6,336.7,336.15,342.16,16.11,4.94096,8.0,1623.0,0.1538,0.6388,0.0006,14.3308,-1.2153,11.4993,335.6325,343.37,343.37,342.16,326.050003051758,down,2026-08-21T12:46:15,0.0,0.0
SPXW,2026-11-20,91,Call,7550.0,SPXW261120C07550000,337.0,337.6,337.3,337.3,10.0,3.0553,10.0,54.0,0.1547,0.6381,0.0006,14.3603,-1.2188,11.483,336.6605,337.3,337.3,337.3,327.300003051758,no_change,2026-08-21T14:02:03,0.0,0.0
SPX,2026-11-20,91,Put,7550.0,SPX261120P07550000,149.8,150.8,150.3,150.96,-10.99,-6.78605,491.0,2613.0,0.154,-0.3611,0.0006,14.3308,-1.2153,-7.3326,150.7551,150.05,150.96,148.73,161.950004577637,no_change,2026-08-21T14:02:07,0.0,0.0
SPXW,2026-11-20,91,Put,7550.0,SPXW261120P07550000,151.1,151.7,151.39999999999998,150.59,-12.61,-7.72671,16.0,137.0,0.1546,-0.3618,0.0006,14.3603,-1.2188,-7.3487,151.993,152.27,152.27,150.59,163.199996948242,down,2026-08-21T15:58:31,0.0,0.0
SPX,2026-11-20,91,Call,7555.0,SPX261120C07555000,332.0,333.2,332.6,226.1,0.0,0.0,0.0,10.0,0.1535,0.6358,0.0006,14.3686,-1.2155,11.4512,332.0561,0.0,0.0,0.0,322.550003051758,down,2026-07-24T15:31:10,0.0,0.0
SPX,2026-11-20,91,Put,7555.0,SPX261120P07555000,151.1,152.1,151.6,162.2,0.0,0.0,0.0,96.0,0.1537,-0.3641,0.0006,14.3686,-1.2155,-7.3932,152.1229,0.0,0.0,0.0,163.450004577637,up,2026-08-20T15:50:00,0.0,0.0
SPX,2026-11-20,91,Call,7560.0,SPX261120C07560000,328.4,329.6,329.0,342.7,23.65,7.41263,24.0,32.0,0.1531,0.6329,0.0006,14.4058,-1.2157,11.4028,328.4947,330.95,342.7,330.95,319.050003051758,up,2026-08-21T11:48:04,0.0,0.0
SPXW,2026-11-20,91,Call,7560.0,SPXW261120C07560000,329.8,330.5,330.15,422.2,0.0,0.0,0.0,12.0,0.1539,0.6322,0.0006,14.4347,-1.2192,11.3871,329.5273,0.0,0.0,0.0,320.300003051758,down,2026-08-17T09:34:04,0.0,0.0
SPX,2026-11-20,91,Put,7560.0,SPX261120P07560000,152.6,153.5,153.05,150.63,-14.22,-8.62602,36.0,102.0,0.1532,-0.367,0.0006,14.4058,-1.2157,-7.454,153.506,148.48,153.7,148.48,164.849998474121,down,2026-08-21T15:46:46,0.0,0.0
SPXW,2026-11-20,91,Put,7560.0,SPXW261120P07560000,153.9,154.4,154.15,152.75,0.0,0.0,0.0,3.0,0.1538,-0.3677,0.0006,14.4347,-1.2192,-7.4696,154.7486,0.0,0.0,0.0,166.050003051758,down,2026-08-07T15:59:27,0.0,0.0
SPX,2026-11-20,91,Call,7565.0,SPX261120C07565000,324.9,326.0,325.45,313.7,0.0,0.0,0.0,15.0,0.1526,0.6299,0.0006,14.4422,-1.2159,11.3541,324.9485,0.0,0.0,0.0,315.5,up,2026-08-03T15:50:03,0.0,0.0
SPX,2026-11-20,91,Put,7565.0,SPX261120P07565000,154.0,154.9,154.45,153.8,-12.45,-7.48872,63.0,34.0,0.1528,-0.37,0.0006,14.4422,-1.2159,-7.5151,154.9043,154.2,154.2,153.8,166.25,no_change,2026-08-21T14:50:50,0.0,0.0
SPX,2026-11-20,91,Call,7570.0,SPX261120C07570000,321.4,322.5,321.95,335.4,23.35,7.48277,24.0,21.0,0.1523,0.6268,0.0006,14.478,-1.216,11.3052,321.4177,324.67,335.4,324.67,312.050003051758,up,2026-08-21T11:47:56,0.0,0.0
SPXW,2026-11-20,91,Call,7570.0,SPXW261120C07570000,322.6,323.4,323.0,407.4,0.0,0.0,0.0,21.0,0.1531,0.6262,0.0006,14.5063,-1.2194,11.2901,322.4547,0.0,0.0,0.0,313.300003051758,down,2026-08-17T10:54:50,0.0,0.0
SPX,2026-11-20,91,Put,7570.0,SPX261120P07570000,155.3,156.3,155.8,152.61,-15.14,-9.02534,24.0,65.0,0.1525,-0.373,0.0006,14.478,-1.216,-7.5765,156.3177,160.64,160.64,152.61,167.75,down,2026-08-21T15:49:12,0.0,0.0
SPXW,2026-11-20,91,Put,7570.0,SPXW261120P07570000,156.7,157.2,156.95,157.0,-11.95,-7.0731,2.0,10.0,0.153,-0.3737,0.0006,14.5063,-1.2194,-7.5915,157.5648,153.7,157.0,153.7,168.949996948242,up,2026-08-21T12:35:00,0.0,0.0
SPX,2026-11-20,91,Call,7575.0,SPX261120C07575000,317.8,319.0,318.4,321.5,12.95,4.19705,16.0,447.0,0.1519,0.6238,0.0006,14.5131,-1.216,11.256,317.9023,318.56,321.5,318.56,308.550003051758,up,2026-08-21T11:09:31,0.0,0.0
SPXW,2026-11-20,91,Call,7575.0,SPXW261120C07575000,319.2,319.8,319.5,405.8,0.0,0.0,0.0,235.0,0.1527,0.6232,0.0006,14.5411,-1.2194,11.2411,318.9414,0.0,0.0,0.0,309.699996948242,down,2026-08-17T12:02:18,0.0,0.0
SPX,2026-11-20,91,Put,7575.0,SPX261120P07575000,156.7,157.8,157.25,155.85,-13.4,-7.91728,16.0,730.0,0.1521,-0.3761,0.0006,14.5131,-1.216,-7.6382,157.7468,156.03,157.59,155.85,169.25,down,2026-08-21T15:01:01,0.0,0.0
SPXW,2026-11-20,91,Put,7575.0,SPXW261120P07575000,158.1,158.7,158.39999999999998,158.13,-12.32,-7.22792,6.0,33.0,0.1527,-0.3767,0.0006,14.5411,-1.2194,-7.6529,158.9959,158.98,158.98,158.13,170.449996948242,down,2026-08-21T15:56:35,0.0,0.0
SPX,2026-11-20,91,Call,7580.0,SPX261120C07580000,314.3,315.5,314.9,317.94,12.84,4.20845,16.0,94.0,0.1516,0.6208,0.0006,14.5476,-1.216,11.2063,314.4026,319.78,319.78,317.94,305.100006103516,down,2026-08-21T11:09:31,0.0,0.0
SPXW,2026-11-20,91,Call,7580.0,SPXW261120C07580000,315.7,316.3,316.0,404.8,0.0,0.0,0.0,27.0,0.1523,0.6201,0.0006,14.5754,-1.2194,11.1917,315.4436,0.0,0.0,0.0,306.350006103516,down,2026-08-17T09:52:55,0.0,0.0
SPX,2026-11-20,91,Put,7580.0,SPX261120P07580000,158.2,159.2,158.7,157.15,-13.6,-7.96486,22.0,136.0,0.1517,-0.3792,0.0006,14.5476,-1.216,-7.7003,159.1914,154.01,159.17,154.01,170.75,down,2026-08-21T15:00:47,0.0,0.0
SPXW,2026-11-20,91,Put,7580.0,SPXW261120P07580000,159.5,160.1,159.8,151.95,0.0,0.0,0.0,26.0,0.1522,-0.3797,0.0006,14.5754,-1.2194,-7.7147,160.4425,0.0,0.0,0.0,171.949996948242,no_change,2026-08-19T14:36:07,0.0,0.0
SPX,2026-11-20,91,Call,7585.0,SPX261120C07585000,310.8,312.0,311.4,314.2,12.5,4.14319,2.0,17.0,0.1512,0.6177,0.0007,14.5814,-1.2159,11.1563,310.9185,314.2,314.2,314.2,301.699996948242,no_change,2026-08-21T11:01:35,0.0,0.0
SPX,2026-11-20,91,Put,7585.0,SPX261120P07585000,159.6,160.7,160.14999999999998,141.6,0.0,0.0,0.0,20.0,0.1513,-0.3822,0.0007,14.5814,-1.2159,-7.7628,160.6518,0.0,0.0,0.0,172.25,down,2026-08-13T10:01:16,0.0,0.0
SPX,2026-11-20,91,Call,7590.0,SPX261120C07590000,307.4,308.5,307.95,302.83,4.58,1.53562,8.0,72.0,0.1508,0.6146,0.0007,14.6146,-1.2158,11.1057,307.4506,302.83,302.83,302.83,298.25,down,2026-08-21T09:52:25,0.0,0.0
SPXW,2026-11-20,91,Call,7590.0,SPXW261120C07590000,308.8,309.4,309.1,375.9,0.0,0.0,0.0,32.0,0.1515,0.614,0.0007,14.6419,-1.2191,11.0916,308.4953,0.0,0.0,0.0,299.450012207031,down,2026-08-17T16:14:59,0.0,0.0
SPX,2026-11-20,91,Put,7590.0,SPX261120P07590000,161.1,162.1,161.6,160.0,-13.75,-7.91367,30.0,171.0,0.1509,-0.3853,0.0007,14.6146,-1.2158,-7.8258,162.1281,164.77,164.77,160.0,173.75,no_change,2026-08-21T15:41:45,0.0,0.0
SPXW,2026-11-20,91,Put,7590.0,SPXW261120P07590000,162.5,163.0,162.75,164.7,-10.35,-5.91259,38.0,30.0,0.1515,-0.3859,0.0007,14.6419,-1.2191,-7.8398,163.383,164.3,165.3,158.2,175.049995422363,up,2026-08-21T14:34:14,0.0,0.0
SPX,2026-11-20,91,Call,7595.0,SPX261120C07595000,303.9,305.1,304.5,393.57,0.0,0.0,0.0,11.0,0.1504,0.6114,0.0007,14.6472,-1.2155,11.0546,303.9985,0.0,0.0,0.0,294.849990844727,up,2026-08-04T14:07:36,0.0,0.0
SPX,2026-11-20,91,Put,7595.0,SPX261120P07595000,162.6,163.6,163.1,164.3,0.0,0.0,0.0,32.0,0.1506,-0.3885,0.0007,14.6472,-1.2155,-7.8894,163.6206,0.0,0.0,0.0,175.25,up,2026-08-20T12:42:20,0.0,0.0
SPX,2026-11-20,91,Call,7600.0,SPX261120C07600000,300.5,301.6,301.05,314.58,23.08,7.91767,3.0,4166.0,0.15,0.6083,0.0007,14.6792,-1.2153,11.0028,300.5628,297.0,314.58,297.0,291.5,up,2026-08-21T11:47:02,0.0,0.0
SPXW,2026-11-20,91,Call,7600.0,SPXW261120C07600000,301.8,302.5,302.15,310.69,0.0,0.0,0.0,918.0,0.1507,0.6077,0.0007,14.7061,-1.2186,10.9891,301.6113,0.0,0.0,0.0,292.699996948242,down,2026-08-20T12:22:24,0.0,0.0
SPX,2026-11-20,91,Put,7600.0,SPX261120P07600000,164.2,165.1,164.64999999999998,163.37,-13.43,-7.59616,1171.0,4580.0,0.1501,-0.3916,0.0007,14.6792,-1.2153,-7.9536,165.1294,167.69,169.32,159.56,176.800003051758,no_change,2026-08-21T15:59:01,0.0,0.0
SPXW,2026-11-20,91,Put,7600.0,SPXW261120P07600000,165.5,166.0,165.75,165.2,-12.9,-7.24312,23.0,598.0,0.1507,-0.3922,0.0007,14.7061,-1.2186,-7.9671,166.3878,168.41,171.14,164.3,178.099998474121,no_change,2026-08-21T15:15:42,0.0,0.0
SPX,2026-11-20,91,Call,7605.0,SPX261120C07605000,297.1,298.2,297.65,386.6,0.0,0.0,0.0,61.0,0.1496,0.6051,0.0007,14.7106,-1.2149,10.9503,297.1437,0.0,0.0,0.0,288.050003051758,up,2026-08-04T14:10:14,0.0,0.0
SPX,2026-11-20,91,Put,7605.0,SPX261120P07605000,165.6,166.7,166.14999999999998,164.96,-13.49,-7.55954,8.0,209.0,0.1498,-0.3948,0.0007,14.7106,-1.2149,-8.0186,166.6548,164.92,164.96,164.92,178.450004577637,up,2026-08-21T15:27:55,0.0,0.0
SPX,2026-11-20,91,Call,7610.0,SPX261120C07610000,293.6,294.8,294.20000000000005,302.05,0.0,0.0,0.0,75.0,0.1492,0.6019,0.0007,14.7413,-1.2145,10.8972,293.7414,0.0,0.0,0.0,284.650009155273,down,2026-08-20T12:33:48,0.0,0.0
SPXW,2026-11-20,91,Call,7610.0,SPXW261120C07610000,295.0,295.6,295.3,361.4,0.0,0.0,0.0,9.0,0.15,0.6014,0.0007,14.7677,-1.2178,10.884,294.7933,0.0,0.0,0.0,285.900009155273,down,2026-08-17T16:14:59,0.0,0.0
SPX,2026-11-20,91,Put,7610.0,SPX261120P07610000,167.2,168.2,167.7,168.71,-11.34,-6.29825,26.0,152.0,0.1494,-0.398,0.0007,14.7413,-1.2145,-8.0842,168.1969,171.33,172.15,162.56,180.049995422363,up,2026-08-21T15:59:53,0.0,0.0
SPXW,2026-11-20,91,Put,7610.0,SPXW261120P07610000,168.5,169.1,168.8,180.3,0.0,0.0,0.0,16.0,0.15,-0.3985,0.0007,14.7677,-1.2178,-8.0972,169.4587,0.0,0.0,0.0,181.25,up,2026-08-20T14:47:26,0.0,0.0
SPX,2026-11-20,91,Call,7615.0,SPX261120C07615000,290.3,291.4,290.85,293.45,12.0,4.26364,3.0,9.0,0.1489,0.5987,0.0007,14.7714,-1.214,10.8433,290.3561,294.1,294.1,293.45,281.449996948242,down,2026-08-21T13:31:25,0.0,0.0
SPX,2026-11-20,91,Put,7615.0,SPX261120P07615000,168.7,169.8,169.25,168.85,-12.8,-7.04652,1.0,57.0,0.149,-0.4012,0.0007,14.7714,-1.214,-8.1505,169.7558,168.85,168.85,168.85,181.650001525879,down,2026-08-21T13:31:25,0.0,0.0
SPX,2026-11-20,91,Call,7620.0,SPX261120C07620000,286.9,288.0,287.45,282.84,4.74,1.70442,8.0,50.0,0.1485,0.5955,0.0007,14.8007,-1.2135,10.7887,286.9881,282.84,282.84,282.84,278.100006103516,down,2026-08-21T09:53:21,0.0,0.0
SPXW,2026-11-20,91,Call,7620.0,SPXW261120C07620000,288.2,288.9,288.54999999999995,293.9,14.6,5.22735,7.0,9.0,0.1492,0.595,0.0007,14.8266,-1.2167,10.776,288.0431,293.9,293.9,293.9,279.300003051758,down,2026-08-21T11:04:37,0.0,0.0
SPX,2026-11-20,91,Put,7620.0,SPX261120P07620000,170.3,171.3,170.8,169.47,-13.78,-7.51978,16.0,50.0,0.1486,-0.4044,0.0007,14.8007,-1.2135,-8.2175,171.3322,169.13,169.47,169.13,183.25,up,2026-08-21T15:01:06,0.0,0.0
SPXW,2026-11-20,91,Put,7620.0,SPXW261120P07620000,171.7,172.2,171.95,183.68,0.0,0.0,0.0,56.0,0.1492,-0.4049,0.0007,14.8266,-1.2167,-8.2301,172.5973,0.0,0.0,0.0,184.550003051758,up,2026-08-20T15:08:53,0.0,0.0
SPX,2026-11-20,91,Call,7625.0,SPX261120C07625000,283.5,284.7,284.1,292.58,0.0,0.0,0.0,1408.0,0.1482,0.5922,0.0007,14.8293,-1.2129,10.7334,283.6377,0.0,0.0,0.0,274.700012207031,down,2026-08-20T11:47:57,0.0,0.0
SPXW,2026-11-20,91,Call,7625.0,SPXW261120C07625000,284.9,285.5,285.2,297.78,0.0,0.0,0.0,55.0,0.1489,0.5917,0.0007,14.855,-1.2161,10.721,284.6941,0.0,0.0,0.0,276.049987792969,up,2026-08-20T12:40:33,0.0,0.0
SPX,2026-11-20,91,Put,7625.0,SPX261120P07625000,172.0,172.9,172.45,171.25,-13.7,-7.40741,247.0,1174.0,0.1482,-0.4077,0.0007,14.8293,-1.2129,-8.2853,172.9261,178.14,178.14,167.65,184.950004577637,down,2026-08-21T15:25:19,0.0,0.0
SPXW,2026-11-20,91,Put,7625.0,SPXW261120P07625000,173.3,173.8,173.55,175.9,-10.25,-5.50631,3.0,105.0,0.1488,-0.4081,0.0007,14.855,-1.2161,-8.2976,174.1927,175.9,175.9,175.9,186.149993896484,down,2026-08-21T09:45:25,0.0,0.0
SPX,2026-11-20,91,Call,7630.0,SPX261120C07630000,280.2,281.4,280.79999999999995,292.21,0.0,0.0,0.0,30.0,0.1478,0.589,0.0007,14.8571,-1.2122,10.6775,280.3048,0.0,0.0,0.0,271.449996948242,down,2026-08-20T09:30:06,0.0,0.0
SPXW,2026-11-20,91,Call,7630.0,SPXW261120C07630000,281.6,282.2,281.9,332.6,0.0,0.0,0.0,15.0,0.1485,0.5885,0.0007,14.8825,-1.2154,10.6653,281.3628,0.0,0.0,0.0,272.699996948242,down,2026-08-19T10:54:20,0.0,0.0
SPX,2026-11-20,91,Put,7630.0,SPX261120P07630000,173.5,174.6,174.05,172.36,-14.19,-7.60654,24.0,162.0,0.1479,-0.411,0.0007,14.8571,-1.2122,-8.3537,174.5376,172.31,174.18,172.31,186.549995422363,down,2026-08-21T15:00:17,0.0,0.0
SPXW,2026-11-20,91,Put,7630.0,SPXW261120P07630000,174.9,175.5,175.2,186.98,0.0,0.0,0.0,104.0,0.1484,-0.4114,0.0007,14.8825,-1.2154,-8.3657,175.8058,0.0,0.0,0.0,187.850006103516,up,2026-08-20T15:08:53,0.0,0.0
SPX,2026-11-20,91,Call,7635.0,SPX261120C07635000,276.9,278.0,277.45,207.2,0.0,0.0,0.0,13.0,0.1474,0.5857,0.0007,14.884,-1.2114,10.621,276.9898,0.0,0.0,0.0,268.300003051758,up,2026-07-31T15:43:00,0.0,0.0
SPX,2026-11-20,91,Put,7635.0,SPX261120P07635000,175.2,176.2,175.7,189.3,0.0,0.0,0.0,77.0,0.1476,-0.4142,0.0007,14.884,-1.2114,-8.4226,176.1671,0.0,0.0,0.0,188.25,up,2026-08-20T15:55:30,0.0,0.0
SPX,2026-11-20,91,Call,7640.0,SPX261120C07640000,273.6,274.7,274.15,273.7,8.75,3.30251,2.0,59.0,0.1471,0.5823,0.0007,14.91,-1.2106,10.5641,273.6931,273.7,273.7,273.7,264.949996948242,down,2026-08-21T10:08:56,0.0,0.0
SPXW,2026-11-20,91,Call,7640.0,SPXW261120C07640000,275.0,275.6,275.3,274.5,8.25,3.09859,2.0,6.0,0.1477,0.5819,0.0007,14.935,-1.2138,10.5526,274.7538,274.5,274.5,274.5,266.25,down,2026-08-21T10:08:52,0.0,0.0
SPX,2026-11-20,91,Put,7640.0,SPX261120P07640000,176.8,177.8,177.3,176.15,-13.8,-7.26507,68.0,156.0,0.1472,-0.4176,0.0007,14.91,-1.2106,-8.4919,177.8147,178.7,178.7,171.77,189.950004577637,down,2026-08-21T14:59:49,0.0,0.0
SPXW,2026-11-20,91,Put,7640.0,SPXW261120P07640000,178.1,178.7,178.39999999999998,179.9,-11.3,-5.91004,2.0,15.0,0.1477,-0.418,0.0007,14.935,-1.2138,-8.5033,179.0856,179.9,179.9,179.9,191.199996948242,down,2026-08-21T10:06:48,0.0,0.0
SPX,2026-11-20,91,Call,7645.0,SPX261120C07645000,270.3,271.5,270.9,325.4,0.0,0.0,0.0,11.0,0.1467,0.579,0.0007,14.9351,-1.2097,10.5067,270.4145,0.0,0.0,0.0,261.700012207031,down,2026-08-06T12:27:56,0.0,0.0
SPX,2026-11-20,91,Put,7645.0,SPX261120P07645000,178.5,179.5,179.0,194.8,0.0,0.0,0.0,42.0,0.1468,-0.4209,0.0007,14.9351,-1.2097,-8.5618,179.4805,0.0,0.0,0.0,191.650001525879,up,2026-08-20T15:59:44,0.0,0.0
SPX,2026-11-20,91,Call,7650.0,SPX261120C07650000,267.0,268.2,267.6,263.73,5.23,2.02321,8.0,1825.0,0.1463,0.5756,0.0007,14.9593,-1.2087,10.4491,267.1544,263.73,263.73,263.73,258.5,up,2026-08-21T09:52:15,0.0,0.0
SPXW,2026-11-20,91,Call,7650.0,SPXW261120C07650000,268.4,269.0,268.7,281.02,0.0,0.0,0.0,100.0,0.147,0.5752,0.0007,14.9838,-1.2118,10.4382,268.2175,0.0,0.0,0.0,259.800003051758,up,2026-08-20T12:40:33,0.0,0.0
SPX,2026-11-20,91,Put,7650.0,SPX261120P07650000,180.2,181.2,180.7,180.7,-12.7,-6.5667,162.0,2385.0,0.1464,-0.4243,0.0007,14.9593,-1.2087,-8.6319,181.1649,182.3,184.68,175.65,193.400001525879,up,2026-08-21T16:08:12,0.0,0.0
SPXW,2026-11-20,91,Put,7650.0,SPXW261120P07650000,181.5,182.1,181.8,181.58,-13.07,-6.71461,19.0,172.0,0.147,-0.4246,0.0007,14.9838,-1.2118,-8.6426,182.4382,184.83,186.6,181.58,194.649993896484,down,2026-08-21T11:23:44,0.0,0.0
SPX,2026-11-20,91,Call,7655.0,SPX261120C07655000,263.8,265.0,264.4,0.0,0.0,0.0,0.0,0.0,0.1459,0.5723,0.0007,14.9824,-1.2077,10.3912,263.9126,0.0,0.0,0.0,255.300003051758,no_change,,0.0,0.0
SPX,2026-11-20,91,Put,7655.0,SPX261120P07655000,181.8,182.9,182.35000000000002,195.4,0.0,0.0,0.0,48.0,0.1461,-0.4276,0.0007,14.9824,-1.2077,-8.7022,182.8676,0.0,0.0,0.0,195.150001525879,up,2026-08-20T15:20:16,0.0,0.0
SPX,2026-11-20,91,Call,7660.0,SPX261120C07660000,260.6,261.7,261.15,268.1,0.0,0.0,0.0,159.0,0.1456,0.5689,0.0007,15.0046,-1.2065,10.3331,260.6898,0.0,0.0,0.0,252.150001525879,down,2026-08-20T12:33:17,0.0,0.0
SPXW,2026-11-20,91,Call,7660.0,SPXW261120C07660000,261.9,262.6,262.25,259.1,5.65,2.22924,2.0,6.0,0.1462,0.5685,0.0007,15.0287,-1.2096,10.323,261.7552,257.7,259.1,257.7,253.449996948242,up,2026-08-21T10:03:37,0.0,0.0
SPX,2026-11-20,91,Put,7660.0,SPX261120P07660000,183.6,184.6,184.1,182.4,-14.55,-7.38766,14.0,47.0,0.1457,-0.431,0.0007,15.0046,-1.2065,-8.7727,184.5891,190.87,190.87,179.37,196.950004577637,down,2026-08-21T15:04:09,0.0,0.0
SPXW,2026-11-20,91,Put,7660.0,SPXW261120P07660000,184.9,185.5,185.2,186.65,-11.6,-5.8512,2.0,17.0,0.1462,-0.4314,0.0007,15.0287,-1.2096,-8.7827,185.8647,186.65,186.65,186.65,198.25,down,2026-08-21T15:59:51,0.0,0.0
SPX,2026-11-20,91,Call,7665.0,SPX261120C07665000,257.4,258.5,257.95,298.32,0.0,0.0,0.0,2.0,0.1452,0.5654,0.0007,15.0257,-1.2053,10.2749,257.4857,0.0,0.0,0.0,249.0,no_change,2026-08-18T09:43:23,0.0,0.0
SPX,2026-11-20,91,Put,7665.0,SPX261120P07665000,185.3,186.4,185.85000000000002,187.15,-11.6,-5.83648,1.0,23.0,0.1454,-0.4345,0.0007,15.0257,-1.2053,-8.8434,186.3293,187.15,187.15,187.15,198.75,down,2026-08-21T14:11:00,0.0,0.0
SPX,2026-11-20,91,Call,7670.0,SPX261120C07670000,254.2,255.3,254.75,256.4,10.5,4.27003,1.0,61.0,0.1448,0.562,0.0007,15.0458,-1.204,10.2166,254.3004,256.4,256.4,256.4,245.899993896484,up,2026-08-21T13:36:59,0.0,0.0
SPXW,2026-11-20,91,Call,7670.0,SPXW261120C07670000,255.6,256.2,255.89999999999998,251.8,4.7,1.90206,2.0,12.0,0.1455,0.5617,0.0007,15.0696,-1.2071,10.2072,255.3677,250.1,251.8,250.1,247.099998474121,up,2026-08-21T10:47:03,0.0,0.0
SPX,2026-11-20,91,Put,7670.0,SPX261120P07670000,187.1,188.1,187.6,185.9,-14.65,-7.30491,17.0,119.0,0.145,-0.4379,0.0007,15.0458,-1.204,-8.9142,188.0884,192.44,192.44,185.9,200.549995422363,down,2026-08-21T15:04:09,0.0,0.0
SPXW,2026-11-20,91,Put,7670.0,SPXW261120P07670000,188.4,189.0,188.7,183.8,-18.05,-8.94228,10.0,101.0,0.1455,-0.4382,0.0007,15.0696,-1.2071,-8.9234,189.3659,191.0,191.0,183.8,201.849998474121,down,2026-08-21T11:55:30,0.0,0.0
SPX,2026-11-20,91,Call,7675.0,SPX261120C07675000,251.0,252.2,251.6,253.25,10.5,4.32544,1.0,369.0,0.1445,0.5585,0.0007,15.0648,-1.2027,10.158,251.1341,253.25,253.25,253.25,242.75,up,2026-08-21T13:36:59,0.0,0.0
SPXW,2026-11-20,91,Call,7675.0,SPXW261120C07675000,252.4,253.0,252.7,258.0,13.9,5.69439,2.0,273.0,0.1452,0.5582,0.0007,15.0885,-1.2058,10.149,252.2022,255.2,258.0,255.2,244.099998474121,up,2026-08-21T15:00:53,0.0,0.0
SPX,2026-11-20,91,Put,7675.0,SPX261120P07675000,188.9,189.9,189.4,188.62,-13.73,-6.78527,27.0,346.0,0.1446,-0.4414,0.0007,15.0648,-1.2027,-8.9852,189.8666,193.33,193.33,187.6,202.349998474121,no_change,2026-08-21T15:57:42,0.0,0.0
SPXW,2026-11-20,91,Put,7675.0,SPXW261120P07675000,190.2,190.8,190.5,190.08,-13.57,-6.66339,3.0,37.0,0.1452,-0.4417,0.0007,15.0885,-1.2058,-8.9941,191.1449,188.75,190.08,188.75,203.649993896484,up,2026-08-21T15:56:35,0.0,0.0
SPX,2026-11-20,91,Call,7680.0,SPX261120C07680000,247.9,249.0,248.45,252.73,13.08,5.45796,11.0,54.0,0.1441,0.5551,0.0007,15.0829,-1.2013,10.0993,247.9867,247.2,252.73,247.2,239.650001525879,no_change,2026-08-21T15:30:25,0.0,0.0
SPXW,2026-11-20,91,Call,7680.0,SPXW261120C07680000,249.2,249.8,249.5,260.3,0.0,0.0,0.0,29.0,0.1448,0.5548,0.0007,15.1064,-1.2043,10.0906,249.0558,0.0,0.0,0.0,240.900001525879,up,2026-08-20T12:45:47,0.0,0.0
SPX,2026-11-20,91,Put,7680.0,SPX261120P07680000,190.7,191.7,191.2,190.37,-13.88,-6.79559,18.0,165.0,0.1443,-0.4448,0.0007,15.0829,-1.2013,-9.0564,191.6638,190.91,190.91,190.37,204.25,no_change,2026-08-21T15:57:42,0.0,0.0
SPXW,2026-11-20,91,Put,7680.0,SPXW261120P07680000,192.0,192.6,192.3,186.5,-19.0,-9.24574,12.0,48.0,0.1448,-0.4451,0.0007,15.1064,-1.2043,-9.0649,192.9428,187.6,187.6,186.5,205.5,down,2026-08-21T11:52:36,0.0,0.0
SPX,2026-11-20,91,Call,7685.0,SPX261120C07685000,244.7,245.9,245.3,332.4,0.0,0.0,0.0,9.0,0.1438,0.5516,0.0007,15.0999,-1.1998,10.0403,244.8588,0.0,0.0,0.0,236.600006103516,up,2026-08-14T15:23:58,0.0,0.0
SPX,2026-11-20,91,Put,7685.0,SPX261120P07685000,192.5,193.5,193.0,204.4,0.0,0.0,0.0,91.0,0.144,-0.4483,0.0007,15.0999,-1.1998,-9.1278,193.4801,0.0,0.0,0.0,206.099998474121,up,2026-08-20T14:31:04,0.0,0.0
SPX,2026-11-20,91,Call,7690.0,SPX261120C07690000,241.6,242.8,242.2,240.0,6.5,2.78373,1.0,103.0,0.1434,0.548,0.0007,15.1159,-1.1982,9.9809,241.7501,240.0,240.0,240.0,233.5,up,2026-08-21T14:32:55,0.0,0.0
SPXW,2026-11-20,91,Call,7690.0,SPXW261120C07690000,243.0,243.6,243.3,331.5,0.0,0.0,0.0,7.0,0.1441,0.5478,0.0007,15.1391,-1.2012,9.9729,242.8205,0.0,0.0,0.0,234.850006103516,up,2026-08-11T09:30:57,0.0,0.0
SPX,2026-11-20,91,Put,7690.0,SPX261120P07690000,194.3,195.3,194.8,193.33,-14.67,-7.05288,18.0,78.0,0.1436,-0.4519,0.0007,15.1159,-1.1982,-9.1996,195.3159,194.15,195.37,193.33,208.0,down,2026-08-21T14:59:07,0.0,0.0
SPXW,2026-11-20,91,Put,7690.0,SPXW261120P07690000,195.7,196.2,195.95,190.9,-18.35,-8.76941,36.0,72.0,0.1441,-0.4521,0.0007,15.1391,-1.2012,-9.2075,196.5964,194.5,195.4,190.9,209.25,no_change,2026-08-21T11:55:55,0.0,0.0
SPX,2026-11-20,91,Call,7695.0,SPX261120C07695000,238.5,239.7,239.1,318.2,0.0,0.0,0.0,3.0,0.143,0.5445,0.0007,15.1308,-1.1965,9.9211,238.661,0.0,0.0,0.0,230.5,down,2026-08-10T14:10:01,0.0,0.0
SPX,2026-11-20,91,Put,7695.0,SPX261120P07695000,196.2,197.2,196.7,210.8,0.0,0.0,0.0,21.0,0.1433,-0.4554,0.0007,15.1308,-1.1965,-9.2719,197.1712,0.0,0.0,0.0,209.900001525879,up,2026-08-20T15:55:30,0.0,0.0
SPX,2026-11-20,91,Call,7700.0,SPX261120C07700000,235.5,236.6,236.05,240.1,12.6,5.53846,1723.0,6701.0,0.1427,0.541,0.0007,15.1448,-1.1948,9.8608,235.5918,235.2,243.18,231.4,227.5,up,2026-08-21T15:40:10,0.0,0.0
SPXW,2026-11-20,91,Call,7700.0,SPXW261120C07700000,236.8,237.6,237.2,243.85,15.1,6.60109,5.0,800.0,0.1434,0.5407,0.0007,15.1677,-1.1978,9.8535,236.6631,237.6,243.85,235.1,228.75,up,2026-08-21T11:36:22,0.0,0.0
SPX,2026-11-20,91,Put,7700.0,SPX261120P07700000,198.1,199.1,198.6,196.5,-15.3,-7.2238,1804.0,5680.0,0.1428,-0.459,0.0007,15.1448,-1.1948,-9.3447,199.0464,201.27,202.5,193.31,211.800003051758,no_change,2026-08-21T15:30:38,0.0,0.0
SPXW,2026-11-20,91,Put,7700.0,SPXW261120P07700000,199.4,200.0,199.7,195.65,-17.45,-8.18864,4.0,192.0,0.1434,-0.4592,0.0007,15.1677,-1.1978,-9.3518,200.3278,203.4,203.4,195.65,213.099998474121,down,2026-08-21T15:49:38,0.0,0.0
SPX,2026-11-20,91,Call,7705.0,SPX261120C07705000,232.4,233.6,233.0,229.0,4.5,2.00445,2.0,0.0,0.1424,0.5374,0.0007,15.1576,-1.1929,9.7998,232.5422,229.0,229.0,229.0,224.5,up,2026-08-21T10:52:02,0.0,0.0
SPX,2026-11-20,91,Put,7705.0,SPX261120P07705000,199.9,201.0,200.45,210.6,0.0,0.0,0.0,64.0,0.1426,-0.4625,0.0007,15.1576,-1.1929,-9.4181,200.9412,0.0,0.0,0.0,213.800003051758,no_change,2026-08-20T14:07:48,0.0,0.0
SPX,2026-11-20,91,Call,7710.0,SPX261120C07710000,229.4,230.5,229.95,227.9,6.4,2.88939,1.0,153.0,0.142,0.5338,0.0007,15.1694,-1.191,9.7382,229.5132,227.9,227.9,227.9,221.5,up,2026-08-21T14:32:55,0.0,0.0
SPXW,2026-11-20,91,Call,7710.0,SPXW261120C07710000,230.7,231.4,231.05,260.99,0.0,0.0,0.0,38.0,0.1427,0.5336,0.0007,15.1922,-1.194,9.7316,230.5853,0.0,0.0,0.0,222.799995422363,down,2026-08-18T10:57:43,0.0,0.0
SPX,2026-11-20,91,Put,7710.0,SPX261120P07710000,201.8,202.9,202.35000000000002,201.55,-14.2,-6.58169,8.0,122.0,0.1422,-0.4661,0.0007,15.1694,-1.191,-9.4922,202.8564,201.55,201.55,201.55,215.75,down,2026-08-21T11:27:33,0.0,0.0
SPXW,2026-11-20,91,Put,7710.0,SPXW261120P07710000,203.2,203.8,203.5,199.23,-17.82,-8.21009,9.0,12.0,0.1427,-0.4663,0.0007,15.1922,-1.194,-9.4986,204.1388,199.5,199.5,199.23,217.049995422363,down,2026-08-21T12:00:02,0.0,0.0
SPX,2026-11-20,91,Call,7715.0,SPX261120C07715000,226.4,227.5,226.95,261.38,0.0,0.0,0.0,2.0,0.1417,0.5302,0.0007,15.1801,-1.1891,9.6759,226.5044,0.0,0.0,0.0,218.550003051758,down,2026-08-19T13:11:41,0.0,0.0
SPX,2026-11-20,91,Put,7715.0,SPX261120P07715000,203.8,204.8,204.3,204.8,0.0,0.0,0.0,30.0,0.1419,-0.4697,0.0007,15.1801,-1.1891,-9.5669,204.7921,0.0,0.0,0.0,217.75,up,2026-08-20T13:01:57,0.0,0.0
SPX,2026-11-20,91,Call,7720.0,SPX261120C07720000,223.4,224.5,223.95,227.2,11.6,5.38033,10.0,151.0,0.1414,0.5266,0.0007,15.1897,-1.187,9.6128,223.5163,221.8,227.2,221.8,215.600006103516,up,2026-08-21T15:33:25,0.0,0.0
SPXW,2026-11-20,91,Call,7720.0,SPXW261120C07720000,224.7,225.4,225.05,303.23,0.0,0.0,0.0,1.0,0.1421,0.5264,0.0007,15.2123,-1.19,9.6069,224.589,0.0,0.0,0.0,216.949996948242,down,2026-08-17T12:38:47,0.0,0.0
SPX,2026-11-20,91,Put,7720.0,SPX261120P07720000,205.8,206.8,206.3,205.09,-14.66,-6.67122,39.0,129.0,0.1415,-0.4734,0.0007,15.1897,-1.187,-9.6424,206.7485,205.33,205.33,200.85,219.75,no_change,2026-08-21T15:06:48,0.0,0.0
SPXW,2026-11-20,91,Put,7720.0,SPXW261120P07720000,207.1,207.7,207.39999999999998,218.86,0.0,0.0,0.0,49.0,0.1421,-0.4735,0.0007,15.2123,-1.19,-9.6482,208.0313,0.0,0.0,0.0,221.099998474121,up,2026-08-20T14:31:42,0.0,0.0
SPX,2026-11-20,91,Call,7725.0,SPX261120C07725000,220.5,221.5,221.0,231.19,18.49,8.693,55.0,1018.0,0.141,0.5229,0.0007,15.1981,-1.1848,9.5491,220.549,227.92,231.19,227.92,212.699996948242,no_change,2026-08-21T11:51:19,0.0,0.0
SPXW,2026-11-20,91,Call,7725.0,SPXW261120C07725000,221.8,222.4,222.10000000000002,225.5,11.55,5.39846,8.0,60.0,0.1417,0.5228,0.0007,15.2206,-1.1878,9.5435,221.6219,225.5,225.5,225.5,213.950004577637,up,2026-08-21T11:01:03,0.0,0.0
SPX,2026-11-20,91,Put,7725.0,SPX261120P07725000,207.7,208.8,208.25,206.8,-15.0,-6.76285,62.0,285.0,0.1412,-0.477,0.0007,15.1981,-1.1848,-9.7186,208.7257,203.89,206.8,203.89,221.800003051758,up,2026-08-21T15:07:13,0.0,0.0
SPXW,2026-11-20,91,Put,7725.0,SPXW261120P07725000,209.1,209.7,209.39999999999998,221.6,0.0,0.0,0.0,60.0,0.1417,-0.4771,0.0007,15.2206,-1.1878,-9.7241,210.0087,0.0,0.0,0.0,223.050003051758,up,2026-08-20T15:06:19,0.0,0.0
SPX,2026-11-20,91,Call,7730.0,SPX261120C07730000,217.5,218.6,218.05,216.0,6.2,2.95519,1.0,115.0,0.1407,0.5192,0.0007,15.2054,-1.1826,9.4847,217.6031,216.0,216.0,216.0,209.800003051758,up,2026-08-21T14:32:55,0.0,0.0
SPXW,2026-11-20,91,Call,7730.0,SPXW261120C07730000,218.8,219.4,219.10000000000002,0.0,0.0,0.0,0.0,0.0,0.1414,0.5191,0.0007,15.2278,-1.1856,9.4795,218.676,0.0,0.0,0.0,211.099998474121,no_change,,0.0,0.0
SPX,2026-11-20,91,Put,7730.0,SPX261120P07730000,209.7,210.8,210.25,210.43,-13.42,-5.99509,16.0,85.0,0.1409,-0.4807,0.0007,15.2054,-1.1826,-9.7954,210.7241,204.29,210.43,204.29,223.849998474121,up,2026-08-21T14:05:40,0.0,0.0
SPXW,2026-11-20,91,Put,7730.0,SPXW261120P07730000,211.1,211.7,211.39999999999998,209.76,0.0,0.0,0.0,58.0,0.1414,-0.4808,0.0007,15.2278,-1.1856,-9.8005,212.0071,0.0,0.0,0.0,225.099998474121,up,2026-08-18T15:31:22,0.0,0.0
SPX,2026-11-20,91,Call,7735.0,SPX261120C07735000,214.6,215.7,215.14999999999998,208.6,0.0,0.0,0.0,2.0,0.1403,0.5156,0.0007,15.2114,-1.1803,9.4198,214.6784,0.0,0.0,0.0,206.949996948242,down,2026-08-20T14:33:11,0.0,0.0
SPX,2026-11-20,91,Put,7735.0,SPX261120P07735000,211.7,212.8,212.25,211.8,0.0,0.0,0.0,19.0,0.1406,-0.4843,0.0007,15.2114,-1.1803,-9.8728,212.7438,0.0,0.0,0.0,225.900001525879,down,2026-08-20T10:49:11,0.0,0.0
SPX,2026-11-20,91,Call,7740.0,SPX261120C07740000,211.6,212.8,212.2,210.2,6.1,2.98873,1.0,44.0,0.14,0.5119,0.0007,15.2163,-1.1779,9.3545,211.7753,210.2,210.2,210.2,204.100006103516,up,2026-08-21T14:32:55,0.0,0.0
SPXW,2026-11-20,91,Call,7740.0,SPXW261120C07740000,213.0,213.6,213.3,259.01,0.0,0.0,0.0,3.0,0.1407,0.5118,0.0007,15.2386,-1.1809,9.3501,212.8481,0.0,0.0,0.0,205.400001525879,down,2026-08-19T11:15:39,0.0,0.0
SPX,2026-11-20,91,Put,7740.0,SPX261120P07740000,213.8,214.8,214.3,214.15,-13.85,-6.07456,16.0,128.0,0.1403,-0.488,0.0007,15.2163,-1.1779,-9.9506,214.7852,208.21,214.15,208.21,228.0,up,2026-08-21T13:32:28,0.0,0.0
SPXW,2026-11-20,91,Put,7740.0,SPXW261120P07740000,215.1,215.7,215.39999999999998,212.8,-16.5,-7.19581,234.0,46.0,0.1408,-0.4881,0.0007,15.2386,-1.1809,-9.9548,216.068,214.3,214.7,212.8,229.300003051758,down,2026-08-21T11:34:44,0.0,0.0
SPX,2026-11-20,91,Call,7745.0,SPX261120C07745000,208.8,209.9,209.35000000000002,202.8,0.0,0.0,0.0,8.0,0.1397,0.5082,0.0007,15.2199,-1.1754,9.2888,208.8941,0.0,0.0,0.0,201.25,up,2026-08-20T15:50:00,0.0,0.0
SPX,2026-11-20,91,Put,7745.0,SPX261120P07745000,215.9,216.9,216.4,215.1,-15.05,-6.53921,369.0,13.0,0.1399,-0.4917,0.0007,15.2198,-1.1754,-10.0287,216.8482,215.1,215.1,215.1,230.150001525879,no_change,2026-08-21T13:07:20,0.0,0.0
SPX,2026-11-20,91,Call,7750.0,SPX261120C07750000,206.0,207.0,206.5,207.0,8.55,4.30839,372.0,2977.0,0.1393,0.5044,0.0008,15.2222,-1.1728,9.223,206.0344,205.3,212.79,204.5,198.449996948242,no_change,2026-08-21T16:10:00,0.0,0.0
SPXW,2026-11-20,91,Call,7750.0,SPXW261120C07750000,207.3,207.9,207.60000000000002,211.0,11.3,5.65849,18.0,87.0,0.14,0.5044,0.0007,15.2445,-1.1758,9.2193,207.1066,210.8,211.0,210.8,199.699996948242,up,2026-08-21T11:01:04,0.0,0.0
SPX,2026-11-20,91,Put,7750.0,SPX261120P07750000,217.9,219.0,218.45,218.7,-13.5,-5.81395,397.0,2426.0,0.1395,-0.4955,0.0008,15.2222,-1.1728,-10.107,218.9332,221.99,221.99,215.95,232.199996948242,no_change,2026-08-21T16:10:00,0.0,0.0
SPXW,2026-11-20,91,Put,7750.0,SPXW261120P07750000,219.3,219.9,219.60000000000002,206.63,0.0,0.0,0.0,93.0,0.1401,-0.4955,0.0007,15.2445,-1.1758,-10.1105,220.2154,0.0,0.0,0.0,233.550003051758,down,2026-08-19T14:48:52,0.0,0.0
SPX,2026-11-20,91,Call,7755.0,SPX261120C07755000,203.1,204.2,203.64999999999998,202.5,6.8,3.47471,1.0,31.0,0.1391,0.5007,0.0008,15.2233,-1.1702,9.157,203.1969,202.5,202.5,202.5,195.699996948242,up,2026-08-21T09:40:07,0.0,0.0
SPX,2026-11-20,91,Put,7755.0,SPX261120P07755000,220.0,221.1,220.55,219.6,0.0,0.0,0.0,15.0,0.1393,-0.4992,0.0008,15.2233,-1.1702,-10.1854,221.0398,0.0,0.0,0.0,234.450004577637,up,2026-08-18T11:55:26,0.0,0.0
SPX,2026-11-20,91,Call,7760.0,SPX261120C07760000,200.3,201.4,200.85000000000002,198.9,6.0,3.11042,1.0,1125.0,0.1387,0.497,0.0008,15.2231,-1.1675,9.091,200.3813,198.9,198.9,198.9,192.899993896484,up,2026-08-21T14:32:55,0.0,0.0
SPXW,2026-11-20,91,Call,7760.0,SPXW261120C07760000,201.6,202.2,201.89999999999998,201.3,7.05,3.62934,12.0,16.0,0.1394,0.497,0.0008,15.2454,-1.1704,9.0882,201.4524,205.2,209.4,201.3,194.25,down,2026-08-21T14:46:17,0.0,0.0
SPX,2026-11-20,91,Put,7760.0,SPX261120P07760000,222.2,223.2,222.7,222.56,0.0,0.0,0.0,1138.0,0.1389,-0.503,0.0008,15.2231,-1.1675,-10.2639,223.1686,0.0,0.0,0.0,236.599998474121,no_change,2026-08-20T10:27:27,0.0,0.0
SPXW,2026-11-20,91,Put,7760.0,SPXW261120P07760000,223.5,224.1,223.8,218.35,-19.55,-8.21774,2.0,31.0,0.1395,-0.5029,0.0008,15.2454,-1.1704,-10.2665,224.4499,218.35,218.35,218.35,237.900001525879,down,2026-08-21T11:47:48,0.0,0.0
SPX,2026-11-20,91,Call,7765.0,SPX261120C07765000,197.5,198.6,198.05,198.3,0.0,0.0,0.0,47.0,0.1384,0.4932,0.0008,15.2217,-1.1646,9.0251,197.5877,0.0,0.0,0.0,190.199996948242,down,2026-08-20T13:58:05,0.0,0.0
SPX,2026-11-20,91,Put,7765.0,SPX261120P07765000,224.3,225.4,224.85000000000002,203.07,0.0,0.0,0.0,6.0,0.1387,-0.5067,0.0008,15.2217,-1.1646,-10.3423,225.3195,0.0,0.0,0.0,238.800003051758,down,2026-08-17T13:17:17,0.0,0.0
SPX,2026-11-20,91,Call,7770.0,SPX261120C07770000,194.7,195.8,195.25,193.4,5.95,3.17418,1.0,75.0,0.1381,0.4894,0.0008,15.219,-1.1617,8.9591,194.8161,193.4,193.4,193.4,187.449996948242,up,2026-08-21T14:32:55,0.0,0.0
SPXW,2026-11-20,91,Call,7770.0,SPXW261120C07770000,196.0,196.6,196.3,207.3,0.0,0.0,0.0,6.0,0.1388,0.4894,0.0008,15.2414,-1.1647,8.9571,195.8859,0.0,0.0,0.0,188.699996948242,down,2026-08-20T12:44:51,0.0,0.0
SPX,2026-11-20,91,Put,7770.0,SPX261120P07770000,226.5,227.6,227.05,227.86,0.0,0.0,0.0,39.0,0.1384,-0.5105,0.0008,15.219,-1.1617,-10.4207,227.4924,0.0,0.0,0.0,241.049995422363,down,2026-08-20T10:23:00,0.0,0.0
SPXW,2026-11-20,91,Put,7770.0,SPXW261120P07770000,227.8,228.4,228.10000000000002,230.99,-11.31,-4.66777,1.0,7.0,0.1388,-0.5104,0.0008,15.2414,-1.1647,-10.4225,228.7723,230.99,230.99,230.99,242.300003051758,up,2026-08-21T09:46:54,0.0,0.0
SPX,2026-11-20,91,Call,7775.0,SPX261120C07775000,191.9,193.1,192.5,193.4,8.65,4.682,33.0,811.0,0.1377,0.4856,0.0008,15.2151,-1.1587,8.8932,192.0668,191.0,193.4,189.1,184.75,no_change,2026-08-21T16:08:24,0.0,0.0
SPXW,2026-11-20,91,Call,7775.0,SPXW261120C07775000,193.3,193.9,193.60000000000002,196.8,10.75,5.77802,8.0,43.0,0.1385,0.4857,0.0008,15.2374,-1.1617,8.8916,193.1357,196.8,196.8,196.8,186.050003051758,up,2026-08-21T11:03:33,0.0,0.0
SPX,2026-11-20,91,Put,7775.0,SPX261120P07775000,228.7,229.8,229.25,228.91,0.0,0.0,0.0,367.0,0.1381,-0.5143,0.0008,15.2151,-1.1587,-10.499,229.6875,0.0,0.0,0.0,243.300003051758,down,2026-08-20T10:25:27,0.0,0.0
SPXW,2026-11-20,91,Put,7775.0,SPXW261120P07775000,230.0,230.6,230.3,230.03,-14.47,-5.9182,3.0,124.0,0.1385,-0.5142,0.0008,15.2374,-1.1617,-10.5005,230.9665,224.65,230.03,224.65,244.5,up,2026-08-21T12:53:19,0.0,0.0
SPX,2026-11-20,91,Call,7780.0,SPX261120C07780000,189.2,190.3,189.75,193.4,11.3,6.20538,3.0,35.0,0.1375,0.4818,0.0008,15.2099,-1.1556,8.8272,189.3398,188.0,193.4,188.0,182.100006103516,up,2026-08-21T14:59:46,0.0,0.0
SPXW,2026-11-20,91,Call,7780.0,SPXW261120C07780000,190.6,191.2,190.89999999999998,282.01,0.0,0.0,0.0,8.0,0.1382,0.4819,0.0008,15.2323,-1.1586,8.826,190.4076,0.0,0.0,0.0,183.349998474121,up,2026-08-13T14:01:39,0.0,0.0
SPX,2026-11-20,91,Put,7780.0,SPX261120P07780000,230.9,232.0,231.45,237.23,0.0,0.0,0.0,37.0,0.1377,-0.5181,0.0008,15.2099,-1.1556,-10.5775,231.9048,0.0,0.0,0.0,245.549995422363,up,2026-08-20T13:58:20,0.0,0.0
SPXW,2026-11-20,91,Put,7780.0,SPXW261120P07780000,232.3,232.8,232.55,0.0,0.0,0.0,0.0,0.0,0.1382,-0.518,0.0008,15.2323,-1.1586,-10.5786,233.1828,0.0,0.0,0.0,246.850006103516,no_change,,0.0,0.0
SPX,2026-11-20,91,Call,7785.0,SPX261120C07785000,186.5,187.6,187.05,178.85,0.0,0.0,0.0,66.0,0.1372,0.478,0.0008,15.2034,-1.1525,8.761,186.6351,0.0,0.0,0.0,179.449996948242,down,2026-08-20T15:47:37,0.0,0.0
SPX,2026-11-20,91,Put,7785.0,SPX261120P07785000,233.1,234.2,233.64999999999998,232.73,0.0,0.0,0.0,57.0,0.1374,-0.5219,0.0008,15.2034,-1.1525,-10.6561,234.1445,0.0,0.0,0.0,247.849998474121,up,2026-08-18T15:12:44,0.0,0.0
SPX,2026-11-20,91,Call,7790.0,SPX261120C07790000,183.8,184.9,184.35000000000002,182.6,5.8,3.28054,3.0,173.0,0.1368,0.4742,0.0008,15.1956,-1.1492,8.6946,183.9526,188.38,188.38,182.6,176.800003051758,down,2026-08-21T14:32:50,0.0,0.0
SPXW,2026-11-20,91,Call,7790.0,SPXW261120C07790000,185.2,185.8,185.5,210.15,0.0,0.0,0.0,59.0,0.1376,0.4743,0.0008,15.2181,-1.1522,8.6942,185.0181,0.0,0.0,0.0,178.099998474121,down,2026-08-18T15:17:49,0.0,0.0
SPX,2026-11-20,91,Put,7790.0,SPX261120P07790000,235.4,236.5,235.95,237.83,0.0,0.0,0.0,171.0,0.1371,-0.5257,0.0008,15.1956,-1.1492,-10.735,236.4065,0.0,0.0,0.0,250.199996948242,up,2026-08-18T11:20:55,0.0,0.0
SPXW,2026-11-20,91,Put,7790.0,SPXW261120P07790000,236.8,237.3,237.05,210.0,0.0,0.0,0.0,21.0,0.1376,-0.5256,0.0008,15.2181,-1.1522,-10.7352,237.6821,0.0,0.0,0.0,251.5,up,2026-08-17T12:53:31,0.0,0.0
SPX,2026-11-20,91,Call,7795.0,SPX261120C07795000,181.2,182.2,181.7,181.5,7.3,4.19059,40.0,13.0,0.1365,0.4703,0.0008,15.1864,-1.1459,8.6278,181.2928,181.2,181.5,181.2,174.199996948242,up,2026-08-21T14:19:27,0.0,0.0
SPX,2026-11-20,91,Put,7795.0,SPX261120P07795000,237.7,238.8,238.25,237.69,0.0,0.0,0.0,26.0,0.1368,-0.5296,0.0008,15.1864,-1.1459,-10.8142,238.6911,0.0,0.0,0.0,252.549995422363,up,2026-08-18T11:42:58,0.0,0.0
SPX,2026-11-20,91,Call,7800.0,SPX261120C07800000,178.6,179.7,179.14999999999998,181.9,10.25,5.97145,2055.0,4629.0,0.1362,0.4665,0.0008,15.1758,-1.1425,8.5606,178.6557,175.18,192.0,174.55,171.650001525879,down,2026-08-21T15:53:17,0.0,0.0
SPXW,2026-11-20,91,Call,7800.0,SPXW261120C07800000,179.9,180.5,180.2,187.6,14.7,8.50202,4.0,262.0,0.1369,0.4666,0.0008,15.1986,-1.1455,8.561,179.7183,177.44,192.6,177.44,172.900001525879,down,2026-08-21T12:09:14,0.0,0.0
SPX,2026-11-20,91,Put,7800.0,SPX261120P07800000,240.0,241.1,240.55,239.68,-15.17,-5.95252,357.0,2961.0,0.1364,-0.5334,0.0008,15.1758,-1.1425,-10.8939,240.9986,243.44,245.9,233.38,254.850006103516,up,2026-08-21T14:56:47,0.0,0.0
SPXW,2026-11-20,91,Put,7800.0,SPXW261120P07800000,241.4,241.9,241.65,247.38,-8.72,-3.40492,3.0,57.0,0.137,-0.5332,0.0008,15.1986,-1.1455,-10.8934,242.2711,245.73,247.38,244.1,256.099998474121,up,2026-08-21T10:35:02,0.0,0.0
SPX,2026-11-20,91,Call,7805.0,SPX261120C07805000,175.9,177.0,176.45,169.4,0.0,0.0,0.0,395.0,0.136,0.4626,0.0008,15.1639,-1.139,8.4928,176.0416,0.0,0.0,0.0,169.050003051758,down,2026-08-20T15:53:41,0.0,0.0
SPX,2026-11-20,91,Put,7805.0,SPX261120P07805000,242.3,243.4,242.85000000000002,248.3,0.0,0.0,0.0,402.0,0.1362,-0.5373,0.0008,15.1639,-1.139,-10.9742,243.3287,0.0,0.0,0.0,257.25,up,2026-08-20T10:17:43,0.0,0.0
SPX,2026-11-20,91,Call,7810.0,SPX261120C07810000,173.3,174.4,173.85000000000002,172.2,5.65,3.39237,5.0,45.0,0.1356,0.4587,0.0008,15.1504,-1.1354,8.4244,173.4504,177.72,177.72,172.2,166.550003051758,down,2026-08-21T14:32:50,0.0,0.0
SPXW,2026-11-20,91,Call,7810.0,SPXW261120C07810000,174.7,175.2,174.95,171.6,0.0,0.0,0.0,39.0,0.1364,0.459,0.0008,15.1734,-1.1384,8.4256,174.5095,0.0,0.0,0.0,167.699996948242,down,2026-08-20T15:10:03,0.0,0.0
SPX,2026-11-20,91,Put,7810.0,SPX261120P07810000,244.7,245.8,245.25,240.49,0.0,0.0,0.0,35.0,0.1359,-0.5412,0.0008,15.1504,-1.1354,-11.0551,245.682,0.0,0.0,0.0,259.699996948242,up,2026-08-18T09:43:17,0.0,0.0
SPXW,2026-11-20,91,Put,7810.0,SPXW261120P07810000,246.0,246.6,246.3,215.3,0.0,0.0,0.0,27.0,0.1364,-0.5409,0.0008,15.1734,-1.1384,-11.0537,246.9512,0.0,0.0,0.0,260.900009155273,up,2026-08-13T12:46:01,0.0,0.0
SPX,2026-11-20,91,Call,7815.0,SPX261120C07815000,170.8,171.8,171.3,175.3,11.3,6.89024,5.0,12.0,0.1353,0.4549,0.0008,15.1355,-1.1317,8.3553,170.8826,170.9,176.6,170.9,164.0,down,2026-08-21T13:14:37,0.0,0.0
SPX,2026-11-20,91,Put,7815.0,SPX261120P07815000,247.1,248.1,247.6,247.5,-14.6,-5.57039,5.0,127.0,0.1357,-0.545,0.0008,15.1355,-1.1317,-11.1366,248.0586,248.9,248.9,244.7,262.099990844727,up,2026-08-21T13:54:33,0.0,0.0
SPX,2026-11-20,91,Call,7820.0,SPX261120C07820000,168.2,169.2,168.7,167.1,5.6,3.46749,5.0,171.0,0.1351,0.451,0.0008,15.1191,-1.128,8.2857,168.3383,167.45,169.07,167.1,161.5,down,2026-08-21T14:32:50,0.0,0.0
SPXW,2026-11-20,91,Call,7820.0,SPXW261120C07820000,169.5,170.1,169.8,165.93,0.0,0.0,0.0,48.0,0.1358,0.4512,0.0008,15.1424,-1.131,8.2878,169.3933,0.0,0.0,0.0,162.699996948242,down,2026-08-20T15:11:42,0.0,0.0
SPX,2026-11-20,91,Put,7820.0,SPX261120P07820000,249.5,250.5,250.0,248.72,0.0,0.0,0.0,90.0,0.1354,-0.5489,0.0008,15.1191,-1.128,-11.2186,250.4587,0.0,0.0,0.0,264.550003051758,down,2026-08-20T09:57:09,0.0,0.0
SPXW,2026-11-20,91,Put,7820.0,SPXW261120P07820000,250.8,251.4,251.10000000000002,0.0,0.0,0.0,0.0,0.0,0.1358,-0.5486,0.0008,15.1424,-1.131,-11.2163,251.7238,0.0,0.0,0.0,265.800003051758,no_change,,0.0,0.0
SPX,2026-11-20,91,Call,7825.0,SPX261120C07825000,165.7,166.7,166.2,162.5,3.45,2.16913,6.0,608.0,0.1348,0.4471,0.0008,15.1012,-1.1241,8.2156,165.8178,163.2,163.5,162.5,159.050003051758,down,2026-08-21T10:19:24,0.0,0.0
SPXW,2026-11-20,91,Call,7825.0,SPXW261120C07825000,167.0,167.6,167.3,170.67,10.32,6.43592,2.0,56.0,0.1355,0.4474,0.0008,15.1246,-1.1272,8.2182,166.8704,173.05,173.05,170.67,160.350006103516,down,2026-08-21T15:12:09,0.0,0.0
SPX,2026-11-20,91,Put,7825.0,SPX261120P07825000,251.9,252.9,252.4,257.58,-9.47,-3.54615,6.0,984.0,0.1351,-0.5528,0.0008,15.1012,-1.1241,-11.3012,252.8824,257.41,257.58,257.41,267.050003051758,up,2026-08-21T10:21:04,0.0,0.0
SPXW,2026-11-20,91,Put,7825.0,SPXW261120P07825000,253.2,253.8,253.5,253.06,-15.24,-5.68021,9.0,20.0,0.1356,-0.5525,0.0008,15.1246,-1.1272,-11.2985,254.1453,247.2,253.06,247.2,268.300003051758,up,2026-08-21T12:53:19,0.0,0.0
SPX,2026-11-20,91,Call,7830.0,SPX261120C07830000,163.3,164.2,163.75,162.1,5.5,3.51213,16.0,149.0,0.1345,0.4432,0.0008,15.0818,-1.1202,8.1451,163.3208,162.2,168.5,161.0,156.600006103516,down,2026-08-21T14:32:50,0.0,0.0
SPXW,2026-11-20,91,Call,7830.0,SPXW261120C07830000,164.5,165.1,164.8,221.39,0.0,0.0,0.0,38.0,0.1352,0.4435,0.0008,15.1054,-1.1232,8.1481,164.3711,0.0,0.0,0.0,157.850006103516,no_change,2026-08-17T15:36:28,0.0,0.0
SPX,2026-11-20,91,Put,7830.0,SPX261120P07830000,254.3,255.4,254.85000000000002,252.66,-16.89,-6.266,12.0,91.0,0.1347,-0.5567,0.0008,15.0818,-1.1202,-11.3841,255.3301,259.81,259.81,252.66,269.550003051758,down,2026-08-21T12:38:19,0.0,0.0
SPXW,2026-11-20,91,Put,7830.0,SPXW261120P07830000,255.7,256.3,256.0,255.0,-15.8,-5.83457,12.0,11.0,0.1353,-0.5564,0.0008,15.1054,-1.1232,-11.381,256.5904,253.4,255.0,253.4,270.800003051758,up,2026-08-21T11:01:37,0.0,0.0
SPX,2026-11-20,91,Call,7835.0,SPX261120C07835000,160.7,161.7,161.2,163.6,9.4,6.09598,6.0,29.0,0.1343,0.4393,0.0008,15.0609,-1.1162,8.0744,160.848,160.7,163.9,160.7,154.199996948242,down,2026-08-21T15:34:24,0.0,0.0
SPX,2026-11-20,91,Put,7835.0,SPX261120P07835000,256.8,257.9,257.35,260.1,-11.95,-4.39258,6.0,23.0,0.1345,-0.5606,0.0008,15.0609,-1.1162,-11.4672,257.8014,258.9,260.1,258.2,272.050003051758,up,2026-08-21T14:32:22,0.0,0.0
SPX,2026-11-20,91,Call,7840.0,SPX261120C07840000,158.3,159.3,158.8,157.2,5.4,3.55731,28.0,100.0,0.1339,0.4353,0.0008,15.0386,-1.112,8.0036,158.3989,164.47,164.47,157.2,151.800003051758,no_change,2026-08-21T14:32:50,0.0,0.0
SPXW,2026-11-20,91,Call,7840.0,SPXW261120C07840000,159.6,160.2,159.89999999999998,163.5,10.45,6.82783,7.0,26.0,0.1347,0.4357,0.0008,15.0626,-1.1151,8.0074,159.4438,163.5,163.5,163.5,153.050003051758,down,2026-08-21T11:03:56,0.0,0.0
SPX,2026-11-20,91,Put,7840.0,SPX261120P07840000,259.3,260.4,259.85,256.7,-17.9,-6.51857,6.0,66.0,0.1342,-0.5646,0.0008,15.0386,-1.112,-11.5506,260.2969,256.7,256.7,256.7,274.599990844727,up,2026-08-21T13:00:23,0.0,0.0
SPXW,2026-11-20,91,Put,7840.0,SPXW261120P07840000,260.6,261.2,260.9,259.7,0.0,0.0,0.0,12.0,0.1347,-0.5642,0.0008,15.0626,-1.1151,-11.5466,261.5518,0.0,0.0,0.0,275.900009155273,up,2026-08-06T09:37:36,0.0,0.0
SPX,2026-11-20,91,Call,7845.0,SPX261120C07845000,155.9,156.8,156.35000000000002,152.4,3.0,2.00804,6.0,64.0,0.1337,0.4314,0.0008,15.0149,-1.1078,7.9328,155.974,152.9,152.9,152.4,149.399993896484,down,2026-08-21T10:34:15,0.0,0.0
SPX,2026-11-20,91,Put,7845.0,SPX261120P07845000,261.8,262.9,262.35,260.7,-16.5,-5.95238,6.0,286.0,0.134,-0.5685,0.0008,15.0148,-1.1078,-11.6338,262.8163,259.6,260.7,259.6,277.199996948242,up,2026-08-21T12:46:53,0.0,0.0
SPX,2026-11-20,91,Call,7850.0,SPX261120C07850000,153.5,154.4,153.95,156.7,9.65,6.56239,36.0,2930.0,0.1334,0.4275,0.0008,14.9898,-1.1036,7.8622,153.573,153.65,156.7,153.33,147.050003051758,up,2026-08-21T15:32:18,0.0,0.0
SPXW,2026-11-20,91,Call,7850.0,SPXW261120C07850000,154.8,155.3,155.05,165.18,16.83,11.3448,6.0,23.0,0.1341,0.4279,0.0008,15.0142,-1.1067,7.8668,154.6117,159.3,165.18,159.3,148.350006103516,up,2026-08-21T11:44:41,0.0,0.0
SPX,2026-11-20,91,Put,7850.0,SPX261120P07850000,264.4,265.4,264.9,261.1,-18.6,-6.64998,12.0,382.0,0.1336,-0.5724,0.0008,14.9898,-1.1036,-11.7169,265.3597,269.5,269.5,261.1,279.699996948242,down,2026-08-21T15:38:51,0.0,0.0
SPXW,2026-11-20,91,Put,7850.0,SPXW261120P07850000,265.7,266.3,266.0,250.6,0.0,0.0,0.0,57.0,0.1341,-0.572,0.0008,15.0142,-1.1067,-11.7121,266.6086,0.0,0.0,0.0,281.0,up,2026-08-19T09:30:13,0.0,0.0
SPX,2026-11-20,91,Call,7855.0,SPX261120C07855000,151.1,152.0,151.55,151.4,6.7,4.63027,16.0,1.0,0.1331,0.4236,0.0008,14.9634,-1.0992,7.7917,151.1959,150.2,151.4,150.2,144.699996948242,up,2026-08-21T14:00:31,0.0,0.0
SPX,2026-11-20,91,Put,7855.0,SPX261120P07855000,266.9,268.0,267.45,230.0,0.0,0.0,0.0,2.0,0.1335,-0.5763,0.0008,14.9634,-1.0992,-11.7998,267.927,0.0,0.0,0.0,282.400009155273,down,2026-08-13T14:16:13,0.0,0.0
SPX,2026-11-20,91,Call,7860.0,SPX261120C07860000,148.7,149.7,149.2,147.7,5.3,3.72191,13.0,380.0,0.1329,0.4196,0.0008,14.9357,-1.0948,7.7216,148.8427,149.4,149.4,147.7,142.399993896484,down,2026-08-21T14:32:50,0.0,0.0
SPXW,2026-11-20,91,Call,7860.0,SPXW261120C07860000,150.0,150.6,150.3,214.77,0.0,0.0,0.0,13.0,0.1335,0.42,0.0008,14.9606,-1.0979,7.727,149.8747,0.0,0.0,0.0,143.649993896484,down,2026-08-17T13:07:27,0.0,0.0
SPX,2026-11-20,91,Put,7860.0,SPX261120P07860000,269.5,270.6,270.05,268.4,0.0,0.0,0.0,322.0,0.1332,-0.5803,0.0008,14.9356,-1.0948,-11.8824,270.5182,0.0,0.0,0.0,285.050003051758,up,2026-08-20T12:57:07,0.0,0.0
SPXW,2026-11-20,91,Put,7860.0,SPXW261120P07860000,270.8,271.4,271.1,270.79,0.0,0.0,0.0,16.0,0.1336,-0.5798,0.0008,14.9606,-1.0979,-11.8768,271.7604,0.0,0.0,0.0,286.300003051758,up,2026-08-20T10:23:13,0.0,0.0
SPX,2026-11-20,91,Call,7865.0,SPX261120C07865000,146.3,147.3,146.8,154.53,0.0,0.0,0.0,441.0,0.1326,0.4157,0.0008,14.9067,-1.0902,7.6517,146.5133,0.0,0.0,0.0,140.150001525879,down,2026-08-20T11:33:54,0.0,0.0
SPX,2026-11-20,91,Put,7865.0,SPX261120P07865000,272.1,273.2,272.65,268.5,0.0,0.0,0.0,470.0,0.1329,-0.5842,0.0008,14.9067,-1.0902,-11.9647,273.1332,0.0,0.0,0.0,287.699996948242,up,2026-08-18T13:50:01,0.0,0.0
SPX,2026-11-20,91,Call,7870.0,SPX261120C07870000,144.0,145.0,144.5,143.1,5.25,3.80849,2.0,78.0,0.1323,0.4118,0.0008,14.8764,-1.0856,7.5819,144.2078,140.52,143.1,140.52,137.849998474121,up,2026-08-21T14:32:50,0.0,0.0
SPXW,2026-11-20,91,Call,7870.0,SPXW261120C07870000,145.4,145.9,145.65,147.44,0.0,0.0,0.0,41.0,0.133,0.4122,0.0008,14.9018,-1.0888,7.5881,145.2323,0.0,0.0,0.0,139.149993896484,down,2026-08-20T13:25:54,0.0,0.0
SPX,2026-11-20,91,Put,7870.0,SPX261120P07870000,274.8,275.8,275.3,278.93,0.0,0.0,0.0,24.0,0.1327,-0.5881,0.0008,14.8764,-1.0856,-12.0469,275.7721,0.0,0.0,0.0,290.350006103516,up,2026-08-20T12:20:37,0.0,0.0
SPXW,2026-11-20,91,Put,7870.0,SPXW261120P07870000,276.1,276.7,276.4,238.77,0.0,0.0,0.0,7.0,0.133,-0.5877,0.0008,14.9018,-1.0888,-12.0406,277.0069,0.0,0.0,0.0,291.600006103516,down,2026-08-17T10:34:41,0.0,0.0
SPX,2026-11-20,91,Call,7875.0,SPX261120C07875000,141.7,142.7,142.2,147.66,11.96,8.81356,1.0,828.0,0.132,0.4078,0.0008,14.8448,-1.0809,7.5123,141.9258,147.66,147.66,147.66,135.699996948242,down,2026-08-21T11:38:04,0.0,0.0
SPXW,2026-11-20,91,Call,7875.0,SPXW261120C07875000,143.1,143.6,143.35,170.28,0.0,0.0,0.0,51.0,0.1328,0.4083,0.0008,14.8705,-1.0841,7.5188,142.9465,0.0,0.0,0.0,136.850006103516,down,2026-08-19T15:12:21,0.0,0.0
SPX,2026-11-20,91,Put,7875.0,SPX261120P07875000,277.4,278.4,277.9,259.2,0.0,0.0,0.0,80.0,0.1324,-0.5921,0.0008,14.8448,-1.0809,-12.129,278.4346,0.0,0.0,0.0,293.099990844727,up,2026-08-19T12:50:02,0.0,0.0
SPXW,2026-11-20,91,Put,7875.0,SPXW261120P07875000,278.7,279.3,279.0,276.24,-18.06,-6.1366,1.0,7.0,0.1328,-0.5916,0.0008,14.8705,-1.0841,-12.1223,279.6655,276.24,276.24,276.24,294.300003051758,up,2026-08-21T15:08:14,0.0,0.0
SPX,2026-11-20,91,Call,7880.0,SPX261120C07880000,139.6,140.5,140.05,138.6,5.15,3.85913,4.0,66.0,0.1318,0.4039,0.0008,14.8119,-1.0762,7.4426,139.6677,138.95,139.09,136.07,133.449996948242,up,2026-08-21T14:32:50,0.0,0.0
SPXW,2026-11-20,91,Call,7880.0,SPXW261120C07880000,140.8,141.3,141.05,147.34,0.0,0.0,0.0,42.0,0.1325,0.4044,0.0008,14.8378,-1.0794,7.4496,140.6843,0.0,0.0,0.0,134.649993896484,down,2026-08-20T11:51:04,0.0,0.0
SPX,2026-11-20,91,Put,7880.0,SPX261120P07880000,280.1,281.1,280.6,255.25,0.0,0.0,0.0,19.0,0.1321,-0.596,0.0008,14.8119,-1.0762,-12.2111,281.1209,0.0,0.0,0.0,295.850006103516,down,2026-08-19T11:18:59,0.0,0.0
SPXW,2026-11-20,91,Put,7880.0,SPXW261120P07880000,281.4,282.0,281.7,241.8,0.0,0.0,0.0,16.0,0.1325,-0.5955,0.0008,14.8378,-1.0794,-12.204,282.3476,0.0,0.0,0.0,297.099990844727,up,2026-08-13T13:23:45,0.0,0.0
SPX,2026-11-20,91,Call,7885.0,SPX261120C07885000,137.3,138.2,137.75,210.1,0.0,0.0,0.0,3.0,0.1316,0.3999,0.0008,14.7775,-1.0713,7.3728,137.4335,0.0,0.0,0.0,131.300003051758,up,2026-08-14T12:49:59,0.0,0.0
SPX,2026-11-20,91,Put,7885.0,SPX261120P07885000,282.8,283.8,283.3,0.0,0.0,0.0,0.0,0.0,0.1319,-0.6,0.0008,14.7775,-1.0713,-12.2934,283.831,0.0,0.0,0.0,298.599990844727,no_change,,0.0,0.0
SPX,2026-11-20,91,Call,7890.0,SPX261120C07890000,135.1,136.0,135.55,138.2,9.15,7.09027,8.0,75.0,0.1313,0.396,0.0008,14.7417,-1.0664,7.3027,135.223,134.1,138.2,134.1,129.050003051758,up,2026-08-21T15:32:23,0.0,0.0
SPXW,2026-11-20,91,Call,7890.0,SPXW261120C07890000,136.3,136.9,136.60000000000002,139.18,8.88,6.81504,1.0,7.0,0.132,0.3965,0.0008,14.7683,-1.0696,7.3105,136.2306,139.18,139.18,139.18,130.300003051758,up,2026-08-21T15:36:38,0.0,0.0
SPX,2026-11-20,91,Put,7890.0,SPX261120P07890000,285.6,286.6,286.1,269.69,0.0,0.0,0.0,22.0,0.1316,-0.6039,0.0008,14.7417,-1.0664,-12.376,286.565,0.0,0.0,0.0,301.350006103516,up,2026-08-19T10:17:10,0.0,0.0
SPXW,2026-11-20,91,Put,7890.0,SPXW261120P07890000,286.8,287.4,287.1,286.0,0.0,0.0,0.0,7.0,0.1321,-0.6034,0.0008,14.7683,-1.0696,-12.368,287.7828,0.0,0.0,0.0,302.5,up,2026-08-20T12:56:43,0.0,0.0
SPX,2026-11-20,91,Call,7895.0,SPX261120C07895000,132.9,133.8,133.35000000000002,216.9,0.0,0.0,0.0,1.0,0.131,0.392,0.0008,14.7043,-1.0614,7.2322,133.0363,0.0,0.0,0.0,127.0,up,2026-08-13T15:58:36,0.0,0.0
SPX,2026-11-20,91,Put,7895.0,SPX261120P07895000,288.3,289.3,288.8,0.0,0.0,0.0,0.0,0.0,0.1314,-0.6079,0.0008,14.7043,-1.0614,-12.4589,289.3228,0.0,0.0,0.0,304.199996948242,no_change,,0.0,0.0
SPX,2026-11-20,91,Call,7900.0,SPX261120C07900000,130.8,131.7,131.25,134.23,9.38,7.51301,95.0,7562.0,0.1307,0.3881,0.0008,14.6653,-1.0563,7.1614,130.8737,129.33,136.37,129.33,124.850002288818,no_change,2026-08-21T15:59:01,0.0,0.0
SPXW,2026-11-20,91,Call,7900.0,SPXW261120C07900000,132.0,132.5,132.25,135.1,9.05,7.17969,6.0,60.0,0.1315,0.3887,0.0008,14.6926,-1.0596,7.17,131.8718,141.0,141.0,134.73,126.050003051758,no_change,2026-08-21T15:43:25,0.0,0.0
SPX,2026-11-20,91,Put,7900.0,SPX261120P07900000,291.1,292.1,291.6,299.33,-7.67,-2.49837,5.0,1361.0,0.131,-0.6118,0.0008,14.6653,-1.0563,-12.5422,292.1046,298.91,299.33,298.91,307.0,up,2026-08-21T10:37:08,0.0,0.0
SPXW,2026-11-20,91,Put,7900.0,SPXW261120P07900000,292.3,293.0,292.65,264.52,0.0,0.0,0.0,35.0,0.1316,-0.6112,0.0008,14.6926,-1.0596,-12.5334,293.3128,0.0,0.0,0.0,308.25,no_change,2026-08-17T13:39:33,0.0,0.0
SPX,2026-11-20,91,Call,7910.0,SPX261120C07910000,126.4,127.4,126.9,125.6,4.95,4.10278,2.0,187.0,0.1303,0.3802,0.0008,14.5824,-1.0459,7.0184,126.621,125.04,125.6,125.04,120.649997711182,up,2026-08-21T14:32:50,0.0,0.0
SPXW,2026-11-20,91,Call,7910.0,SPXW261120C07910000,127.7,128.2,127.94999999999999,130.1,8.25,6.77062,26.0,16.0,0.131,0.3808,0.0008,14.6105,-1.0492,7.0279,127.6086,133.1,133.1,128.4,121.849998474121,up,2026-08-21T15:35:26,0.0,0.0
SPX,2026-11-20,91,Put,7910.0,SPX261120P07910000,296.7,297.7,297.2,275.92,0.0,0.0,0.0,27.0,0.1307,-0.6197,0.0008,14.5824,-1.0459,-12.7101,297.7406,0.0,0.0,0.0,312.800003051758,down,2026-08-19T15:16:16,0.0,0.0
SPXW,2026-11-20,91,Put,7910.0,SPXW261120P07910000,298.0,298.6,298.3,300.0,0.0,0.0,0.0,6.0,0.131,-0.619,0.0008,14.6105,-1.0492,-12.7004,298.9383,0.0,0.0,0.0,313.900009155273,up,2026-08-06T15:59:32,0.0,0.0
SPX,2026-11-20,91,Call,7920.0,SPX261120C07920000,122.3,123.2,122.75,121.4,4.85,4.1613,11.0,51.0,0.1298,0.3723,0.0008,14.4929,-1.0352,6.8744,122.4651,122.3,122.3,121.4,116.549999237061,down,2026-08-21T14:32:50,0.0,0.0
SPXW,2026-11-20,91,Call,7920.0,SPXW261120C07920000,123.5,124.0,123.75,0.0,0.0,0.0,0.0,0.0,0.1305,0.373,0.0008,14.5218,-1.0385,6.8846,123.4415,0.0,0.0,0.0,117.700000762939,no_change,,0.0,0.0
SPX,2026-11-20,91,Put,7920.0,SPX261120P07920000,302.4,303.4,302.9,277.2,0.0,0.0,0.0,13.0,0.1302,-0.6276,0.0008,14.4929,-1.0352,-12.879,303.4736,0.0,0.0,0.0,318.600006103516,down,2026-08-12T13:12:04,0.0,0.0
SPXW,2026-11-20,91,Put,7920.0,SPXW261120P07920000,303.7,304.3,304.0,293.4,0.0,0.0,0.0,3.0,0.1306,-0.6269,0.0008,14.5218,-1.0385,-12.8686,304.6601,0.0,0.0,0.0,319.699996948242,down,2026-08-07T12:32:10,0.0,0.0
SPX,2026-11-20,91,Call,7925.0,SPX261120C07925000,120.2,121.2,120.7,118.35,3.8,3.31733,1.0,956.0,0.1296,0.3684,0.0008,14.4458,-1.0298,6.8022,120.4236,118.35,118.35,118.35,114.549999237061,up,2026-08-21T10:28:51,0.0,0.0
SPXW,2026-11-20,91,Call,7925.0,SPXW261120C07925000,121.5,122.0,121.75,132.2,16.5,14.261,9.0,53.0,0.1303,0.3691,0.0008,14.4751,-1.0331,6.813,121.394,132.2,132.2,132.2,115.700000762939,down,2026-08-21T11:56:20,0.0,0.0
SPX,2026-11-20,91,Put,7925.0,SPX261120P07925000,305.3,306.3,305.8,259.76,0.0,0.0,0.0,17.0,0.13,-0.6315,0.0008,14.4458,-1.0298,-12.9636,306.3764,0.0,0.0,0.0,321.550003051758,down,2026-08-13T09:56:51,0.0,0.0
SPXW,2026-11-20,91,Put,7925.0,SPXW261120P07925000,306.6,307.2,306.9,297.9,0.0,0.0,0.0,34.0,0.1303,-0.6308,0.0008,14.4751,-1.0331,-12.9527,307.557,0.0,0.0,0.0,322.699996948242,down,2026-08-18T12:12:15,0.0,0.0
SPX,2026-11-20,91,Call,7930.0,SPX261120C07930000,118.2,119.1,118.65,119.78,7.13,6.32934,2.0,85.0,0.1294,0.3645,0.0008,14.3972,-1.0242,6.7303,118.4061,117.4,119.78,117.4,112.649997711182,up,2026-08-21T14:52:17,0.0,0.0
SPXW,2026-11-20,91,Call,7930.0,SPXW261120C07930000,119.5,119.9,119.7,122.2,8.4,7.38137,10.0,22.0,0.13,0.3652,0.0008,14.427,-1.0276,6.7413,119.3706,122.2,122.2,122.2,113.799999237061,down,2026-08-21T15:31:32,0.0,0.0
SPX,2026-11-20,91,Put,7930.0,SPX261120P07930000,308.3,309.2,308.75,266.0,0.0,0.0,0.0,9.0,0.1298,-0.6354,0.0008,14.3972,-1.0242,-13.048,309.3034,0.0,0.0,0.0,324.199996948242,up,2026-08-14T13:06:31,0.0,0.0
SPXW,2026-11-20,91,Put,7930.0,SPXW261120P07930000,309.5,310.1,309.8,298.2,0.0,0.0,0.0,7.0,0.1301,-0.6347,0.0008,14.427,-1.0276,-13.0368,310.4779,0.0,0.0,0.0,325.699996948242,up,2026-08-05T15:01:22,0.0,0.0
SPX,2026-11-20,91,Call,7940.0,SPX261120C07940000,114.2,115.1,114.65,115.73,6.98,6.41839,1.0,64.0,0.1289,0.3567,0.0008,14.2962,-1.0129,6.5875,114.4434,115.73,115.73,115.73,108.75,up,2026-08-21T14:52:17,0.0,0.0
SPXW,2026-11-20,91,Call,7940.0,SPXW261120C07940000,115.4,115.9,115.65,0.0,0.0,0.0,0.0,0.0,0.1296,0.3574,0.0008,14.3267,-1.0163,6.5991,115.3952,0.0,0.0,0.0,109.949996948242,no_change,,0.0,0.0
SPX,2026-11-20,91,Put,7940.0,SPX261120P07940000,314.2,315.1,314.65,276.5,0.0,0.0,0.0,4.0,0.1293,-0.6432,0.0008,14.2962,-1.0129,-13.2157,315.2295,0.0,0.0,0.0,330.199996948242,no_change,2026-08-17T13:11:11,0.0,0.0
SPXW,2026-11-20,91,Put,7940.0,SPXW261120P07940000,315.4,316.0,315.7,313.9,-17.8,-5.36629,4.0,0.0,0.1297,-0.6425,0.0008,14.3267,-1.0163,-13.2039,316.3914,313.9,313.9,313.9,331.699996948242,down,2026-08-21T11:01:35,0.0,0.0
SPX,2026-11-20,91,Call,7950.0,SPX261120C07950000,110.4,111.2,110.80000000000001,111.23,6.28,5.9838,48.0,1059.0,0.1284,0.3489,0.0008,14.1906,-1.0013,6.4465,110.5757,119.95,119.95,110.5,104.950000762939,down,2026-08-21T16:09:52,0.0,0.0
SPXW,2026-11-20,91,Call,7950.0,SPXW261120C07950000,111.5,112.0,111.75,108.79,0.0,0.0,0.0,49.0,0.1291,0.3496,0.0008,14.2218,-1.0047,6.4587,111.5143,0.0,0.0,0.0,106.150001525879,down,2026-08-20T15:07:36,0.0,0.0
SPX,2026-11-20,91,Put,7950.0,SPX261120P07950000,320.2,321.3,320.75,317.6,0.0,0.0,0.0,55.0,0.1288,-0.651,0.0008,14.1906,-1.0013,-13.3816,321.2506,0.0,0.0,0.0,336.300003051758,down,2026-08-20T12:54:11,0.0,0.0
SPXW,2026-11-20,91,Put,7950.0,SPXW261120P07950000,321.4,322.0,321.7,295.7,0.0,0.0,0.0,30.0,0.1292,-0.6502,0.0008,14.2218,-1.0047,-13.3692,322.3993,0.0,0.0,0.0,337.699996948242,down,2026-08-19T15:34:31,0.0,0.0
SPX,2026-11-20,91,Call,7960.0,SPX261120C07960000,106.5,107.4,106.95,107.05,5.8,5.72839,1.0,133.0,0.128,0.3411,0.0008,14.0806,-0.9895,6.3073,106.8017,107.05,107.05,107.05,101.25,up,2026-08-21T11:25:00,0.0,0.0
SPXW,2026-11-20,91,Call,7960.0,SPXW261120C07960000,107.8,108.2,108.0,109.9,7.45,7.27184,11.0,3.0,0.1287,0.3419,0.0007,14.1126,-0.9929,6.3201,107.7264,109.9,109.9,109.9,102.449996948242,up,2026-08-21T14:57:08,0.0,0.0
SPX,2026-11-20,91,Put,7960.0,SPX261120P07960000,326.3,327.6,326.95000000000005,327.4,-15.1,-4.40876,1.0,4.0,0.1285,-0.6588,0.0008,14.0806,-0.9895,-13.5457,327.3654,327.4,327.4,327.4,342.5,up,2026-08-21T11:25:00,0.0,0.0
SPXW,2026-11-20,91,Put,7960.0,SPXW261120P07960000,327.5,328.1,327.8,316.5,0.0,0.0,0.0,33.0,0.1288,-0.658,0.0007,14.1126,-0.9929,-13.5327,328.5003,0.0,0.0,0.0,343.900009155273,up,2026-08-19T09:49:44,0.0,0.0
SPX,2026-11-20,91,Call,7970.0,SPX261120C07970000,102.8,103.8,103.3,104.1,6.45,6.60523,2.0,90.0,0.1276,0.3334,0.0007,13.9661,-0.9773,6.1691,103.1201,101.97,104.1,101.97,97.6499977111816,up,2026-08-21T13:50:44,0.0,0.0
SPXW,2026-11-20,91,Call,7970.0,SPXW261120C07970000,104.1,104.5,104.3,106.6,7.75,7.84016,11.0,13.0,0.1283,0.3342,0.0007,13.999,-0.9808,6.1825,104.0305,106.6,106.6,106.6,98.8499984741211,up,2026-08-21T15:31:32,0.0,0.0
SPX,2026-11-20,91,Put,7970.0,SPX261120P07970000,332.5,333.8,333.15,336.95,-11.9,-3.41121,1.0,30.0,0.1281,-0.6665,0.0007,13.9661,-0.9773,-13.7088,333.5727,336.95,336.95,336.95,348.850006103516,up,2026-08-21T09:46:05,0.0,0.0
SPXW,2026-11-20,91,Put,7970.0,SPXW261120P07970000,333.7,334.2,333.95,281.9,0.0,0.0,0.0,2.0,0.1284,-0.6656,0.0007,13.999,-0.9808,-13.6953,334.6932,0.0,0.0,0.0,350.199996948242,down,2026-08-13T11:06:39,0.0,0.0
SPX,2026-11-20,91,Call,7975.0,SPX261120C07975000,101.0,101.9,101.45,103.47,7.47,7.78125,3.0,497.0,0.1274,0.3296,0.0007,13.907,-0.9712,6.1,101.3138,102.3,103.47,102.3,96.0,up,2026-08-21T15:37:04,0.0,0.0
SPXW,2026-11-20,91,Call,7975.0,SPXW261120C07975000,102.2,102.7,102.45,98.03,0.0,0.0,0.0,47.0,0.128,0.3304,0.0007,13.9403,-0.9746,6.1137,102.2169,0.0,0.0,0.0,97.0500030517578,down,2026-08-20T14:40:12,0.0,0.0
SPX,2026-11-20,91,Put,7975.0,SPX261120P07975000,335.6,336.9,336.25,341.62,0.0,0.0,0.0,7.0,0.1278,-0.6704,0.0007,13.907,-0.9712,-13.7904,336.7108,0.0,0.0,0.0,352.0,no_change,2026-08-20T13:50:16,0.0,0.0
SPXW,2026-11-20,91,Put,7975.0,SPXW261120P07975000,336.8,337.4,337.1,338.2,-15.1,-4.27399,9.0,47.0,0.1281,-0.6695,0.0007,13.9403,-0.9746,-13.7765,337.8239,336.2,338.2,336.2,353.300003051758,up,2026-08-21T14:02:03,0.0,0.0
SPX,2026-11-20,91,Call,7980.0,SPX261120C07980000,99.2,100.1,99.65,98.6,4.45,4.7265,301.0,457.0,0.1272,0.3257,0.0007,13.8466,-0.965,6.0307,99.5305,96.63,98.6,96.63,94.1499977111816,up,2026-08-21T14:32:50,0.0,0.0
SPXW,2026-11-20,91,Call,7980.0,SPXW261120C07980000,100.4,100.9,100.65,102.9,7.55,7.9182,20.0,15.0,0.1278,0.3266,0.0007,13.8804,-0.9684,6.0448,100.426,102.7,102.9,102.7,95.3499984741211,up,2026-08-21T15:53:10,0.0,0.0
SPX,2026-11-20,91,Put,7980.0,SPX261120P07980000,338.8,340.1,339.45000000000005,289.9,0.0,0.0,0.0,70.0,0.1277,-0.6742,0.0007,13.8466,-0.965,-13.8721,339.8719,0.0,0.0,0.0,355.25,no_change,2026-08-17T09:33:21,0.0,0.0
SPXW,2026-11-20,91,Put,7980.0,SPXW261120P07980000,339.9,340.5,340.2,329.1,0.0,0.0,0.0,10.0,0.128,-0.6733,0.0007,13.8804,-0.9684,-13.8578,340.9774,0.0,0.0,0.0,356.5,up,2026-08-18T12:15:25,0.0,0.0
SPX,2026-11-20,91,Call,7990.0,SPX261120C07990000,95.7,96.6,96.15,90.8,0.0,0.0,0.0,103.0,0.1268,0.3181,0.0007,13.7212,-0.9524,5.8916,96.0327,0.0,0.0,0.0,90.75,down,2026-08-20T15:43:50,0.0,0.0
SPXW,2026-11-20,91,Call,7990.0,SPXW261120C07990000,96.9,97.4,97.15,99.0,7.15,7.78443,3.0,80.0,0.1274,0.319,0.0007,13.756,-0.9558,5.9065,96.9126,96.45,99.0,96.45,91.8499984741211,up,2026-08-21T15:35:43,0.0,0.0
SPX,2026-11-20,91,Put,7990.0,SPX261120P07990000,345.2,346.5,345.85,0.0,0.0,0.0,0.0,0.0,0.1273,-0.6818,0.0007,13.7212,-0.9524,-14.0361,346.2629,0.0,0.0,0.0,361.699996948242,no_change,,0.0,0.0
SPXW,2026-11-20,91,Put,7990.0,SPXW261120P07990000,346.3,346.9,346.6,346.75,-16.35,-4.50289,1.0,11.0,0.1275,-0.6809,0.0007,13.756,-0.9558,-14.0211,347.3529,346.75,346.75,346.75,363.099990844727,down,2026-08-21T10:56:44,0.0,0.0
SPX,2026-11-20,91,Call,8000.0,SPX261120C08000000,92.3,93.1,92.69999999999999,93.82,6.37,7.28416,1328.0,22442.0,0.1263,0.3105,0.0007,13.5895,-0.9395,5.7519,92.6265,90.26,100.2,90.1,87.4500007629394,down,2026-08-21T15:55:25,0.0,0.0
SPXW,2026-11-20,91,Call,8000.0,SPXW261120C08000000,93.5,93.9,93.7,96.69,8.19,9.25424,10.0,337.0,0.127,0.3114,0.0007,13.6254,-0.943,5.7674,93.4904,96.42,101.34,91.15,88.5,down,2026-08-21T14:59:56,0.0,0.0
SPX,2026-11-20,91,Put,8000.0,SPX261120P08000000,351.6,352.8,352.20000000000005,351.68,-16.62,-4.51263,412.0,16372.0,0.1268,-0.6894,0.0007,13.5895,-0.9395,-14.2008,352.7455,353.7,358.3,342.62,368.300003051758,up,2026-08-21T15:55:25,0.0,0.0
SPXW,2026-11-20,91,Put,8000.0,SPXW261120P08000000,352.8,353.4,353.1,354.2,-15.6,-4.2185,25.0,47.0,0.1271,-0.6885,0.0007,13.6254,-0.943,-14.185,353.8194,353.24,356.72,353.24,369.800003051758,up,2026-08-21T14:02:03,0.0,0.0
SPX,2026-11-20,91,Call,8010.0,SPX261120C08010000,89.0,89.9,89.45,88.7,4.4,5.21945,1.0,81.0,0.126,0.303,0.0007,13.4518,-0.9264,5.6124,89.3117,88.7,88.7,88.7,84.3000030517578,up,2026-08-21T10:12:17,0.0,0.0
SPXW,2026-11-20,91,Call,8010.0,SPXW261120C08010000,90.1,90.6,90.35,87.85,2.5,2.92912,2.0,278.0,0.1266,0.3039,0.0007,13.4887,-0.93,5.6285,90.1589,87.85,87.85,87.85,85.3499984741211,up,2026-08-21T10:32:07,0.0,0.0
SPX,2026-11-20,91,Put,8010.0,SPX261120P08010000,358.2,359.5,358.85,0.0,0.0,0.0,0.0,0.0,0.1265,-0.6969,0.0007,13.4518,-0.9264,-14.3652,359.3194,0.0,0.0,0.0,375.0,no_change,,0.0,0.0
SPXW,2026-11-20,91,Put,8010.0,SPXW261120P08010000,359.3,359.9,359.6,358.6,-17.9,-4.75432,3.0,13.0,0.1268,-0.696,0.0007,13.4887,-0.93,-14.3489,360.3768,358.6,358.6,358.6,376.5,up,2026-08-21T11:27:23,0.0,0.0
SPX,2026-11-20,91,Call,8020.0,SPX261120C08020000,85.7,86.6,86.15,81.4,0.0,0.0,0.0,20.0,0.1256,0.2955,0.0007,13.3089,-0.9131,5.4743,86.0869,0.0,0.0,0.0,81.1499977111816,no_change,2026-08-20T15:43:06,0.0,0.0
SPXW,2026-11-20,91,Call,8020.0,SPXW261120C08020000,86.9,87.3,87.1,108.1,0.0,0.0,0.0,16.0,0.1263,0.2965,0.0007,13.3468,-0.9167,5.4908,86.9174,0.0,0.0,0.0,82.2000007629394,up,2026-08-19T15:34:45,0.0,0.0
SPX,2026-11-20,91,Put,8020.0,SPX261120P08020000,364.9,366.2,365.54999999999995,352.5,0.0,0.0,0.0,6.0,0.1262,-0.7044,0.0007,13.3089,-0.9131,-14.5281,365.9836,0.0,0.0,0.0,381.75,up,2026-08-06T10:29:49,0.0,0.0
SPXW,2026-11-20,91,Put,8020.0,SPXW261120P08020000,364.5,368.1,366.3,348.0,0.0,0.0,0.0,8.0,0.1266,-0.7034,0.0007,13.3468,-0.9167,-14.5115,367.0241,0.0,0.0,0.0,383.25,down,2026-08-19T15:50:20,0.0,0.0
SPX,2026-11-20,91,Call,8025.0,SPX261120C08025000,84.2,85.0,84.6,81.1,0.0,0.0,0.0,258.0,0.1254,0.2918,0.0007,13.2359,-0.9064,5.4062,84.5079,0.0,0.0,0.0,79.5499992370606,down,2026-08-20T15:05:11,0.0,0.0
SPXW,2026-11-20,91,Call,8025.0,SPXW261120C08025000,85.3,85.8,85.55,91.6,0.0,0.0,0.0,62.0,0.1261,0.2928,0.0007,13.2742,-0.91,5.4228,85.3298,0.0,0.0,0.0,80.6500015258789,down,2026-08-20T11:24:29,0.0,0.0
SPX,2026-11-20,91,Put,8025.0,SPX261120P08025000,368.2,369.5,368.85,335.07,0.0,0.0,0.0,6.0,0.1259,-0.7081,0.0007,13.2359,-0.9064,-14.6087,369.3489,0.0,0.0,0.0,385.149993896484,down,2026-08-10T11:43:51,0.0,0.0
SPXW,2026-11-20,91,Put,8025.0,SPXW261120P08025000,367.9,371.5,369.7,342.2,0.0,0.0,0.0,7.0,0.1264,-0.7071,0.0007,13.2742,-0.91,-14.592,370.381,0.0,0.0,0.0,386.650009155273,up,2026-08-19T15:35:25,0.0,0.0
SPX,2026-11-20,91,Call,8030.0,SPX261120C08030000,82.6,83.4,83.0,76.7,0.0,0.0,0.0,151.0,0.1253,0.2881,0.0007,13.162,-0.8996,5.3387,82.9508,0.0,0.0,0.0,78.0499992370606,down,2026-08-20T15:59:14,0.0,0.0
SPXW,2026-11-20,91,Call,8030.0,SPXW261120C08030000,83.7,84.2,83.95,90.4,11.25,14.2135,12.0,26.0,0.1259,0.2891,0.0007,13.2006,-0.9032,5.3554,83.7642,90.4,90.4,90.4,79.1500015258789,up,2026-08-21T11:43:17,0.0,0.0
SPX,2026-11-20,91,Put,8030.0,SPX261120P08030000,371.6,372.9,372.25,0.0,0.0,0.0,0.0,0.0,0.1258,-0.7118,0.0007,13.162,-0.8996,-14.6886,372.7362,0.0,0.0,0.0,388.649993896484,no_change,,0.0,0.0
SPXW,2026-11-20,91,Put,8030.0,SPXW261120P08030000,371.2,374.8,373.0,349.2,0.0,0.0,0.0,10.0,0.1262,-0.7108,0.0007,13.2006,-0.9032,-14.6718,373.7597,0.0,0.0,0.0,390.100006103516,up,2026-08-19T09:30:31,0.0,0.0
SPX,2026-11-20,91,Call,8040.0,SPX261120C08040000,79.5,80.3,79.9,75.4,0.0,0.0,0.0,207.0,0.1249,0.2808,0.0007,13.0119,-0.8859,5.2057,79.9013,0.0,0.0,0.0,75.1499977111816,no_change,2026-08-20T15:43:00,0.0,0.0
SPXW,2026-11-20,91,Call,8040.0,SPXW261120C08040000,80.7,81.1,80.9,78.8,2.7,3.54796,1.0,14.0,0.1255,0.2818,0.0007,13.0513,-0.8895,5.2226,80.6975,78.8,78.8,78.8,76.1000022888184,down,2026-08-21T10:22:21,0.0,0.0
SPX,2026-11-20,91,Put,8040.0,SPX261120P08040000,378.5,379.7,379.1,373.9,0.0,0.0,0.0,3.0,0.1255,-0.7191,0.0007,13.0119,-0.8859,-14.8466,379.5756,0.0,0.0,0.0,395.549987792969,up,2026-08-20T12:57:37,0.0,0.0
SPXW,2026-11-20,91,Put,8040.0,SPXW261120P08040000,378.1,381.7,379.9,349.3,0.0,0.0,0.0,15.0,0.1259,-0.7181,0.0007,13.0513,-0.8895,-14.8295,380.5818,0.0,0.0,0.0,397.0,down,2026-08-19T15:34:37,0.0,0.0
SPX,2026-11-20,91,Call,8050.0,SPX261120C08050000,76.6,77.4,77.0,76.1,3.9,5.40166,13.0,2283.0,0.1245,0.2736,0.0007,12.8591,-0.872,5.0747,76.9367,77.4,77.5,76.1,72.2000007629394,down,2026-08-21T14:32:50,0.0,0.0
SPXW,2026-11-20,91,Call,8050.0,SPXW261120C08050000,77.7,78.1,77.9,79.97,6.67,9.09959,1.0,71.0,0.1252,0.2746,0.0007,12.8992,-0.8756,5.092,77.7155,79.97,79.97,79.97,73.2999992370606,down,2026-08-21T09:30:03,0.0,0.0
SPX,2026-11-20,91,Put,8050.0,SPX261120P08050000,385.4,386.8,386.1,376.24,0.0,0.0,0.0,7.0,0.125,-0.7263,0.0007,12.8591,-0.872,-15.0024,386.4998,0.0,0.0,0.0,402.550003051758,up,2026-08-20T09:40:05,0.0,0.0
SPXW,2026-11-20,91,Put,8050.0,SPXW261120P08050000,384.0,389.4,386.7,390.38,0.0,0.0,0.0,12.0,0.1255,-0.7253,0.0007,12.8992,-0.8756,-14.985,387.4887,0.0,0.0,0.0,404.0,up,2026-08-20T11:46:17,0.0,0.0
SPX,2026-11-20,91,Call,8060.0,SPX261120C08060000,73.7,74.5,74.1,69.4,0.0,0.0,0.0,16.0,0.1242,0.2664,0.0007,12.703,-0.858,4.9448,74.0555,0.0,0.0,0.0,69.4500007629394,no_change,2026-08-20T15:44:00,0.0,0.0
SPXW,2026-11-20,91,Call,8060.0,SPXW261120C08060000,74.8,75.2,75.0,97.4,0.0,0.0,0.0,13.0,0.1248,0.2674,0.0007,12.744,-0.8616,4.9625,74.817,0.0,0.0,0.0,70.5,down,2026-08-18T09:30:03,0.0,0.0
SPX,2026-11-20,91,Put,8060.0,SPX261120P08060000,392.4,394.0,393.2,0.0,0.0,0.0,0.0,0.0,0.1248,-0.7335,0.0007,12.703,-0.858,-15.1573,393.5074,0.0,0.0,0.0,409.699996948242,no_change,,0.0,0.0
SPXW,2026-11-20,91,Put,8060.0,SPXW261120P08060000,391.0,396.4,393.7,327.8,0.0,0.0,0.0,10.0,0.1252,-0.7324,0.0007,12.744,-0.8616,-15.1394,394.4789,0.0,0.0,0.0,411.099990844727,down,2026-08-13T15:11:33,0.0,0.0
SPX,2026-11-20,91,Call,8070.0,SPX261120C08070000,70.9,71.7,71.30000000000001,73.4,6.65,9.96255,68.0,94.0,0.1239,0.2593,0.0007,12.543,-0.8438,4.815,71.2571,70.5,73.5,70.5,66.75,up,2026-08-21T11:05:54,0.0,0.0
SPXW,2026-11-20,91,Call,8070.0,SPXW261120C08070000,72.0,72.4,72.2,72.6,4.85,7.15867,2.0,6.0,0.1245,0.2604,0.0007,12.5849,-0.8474,4.8332,72.001,72.6,72.6,72.6,67.75,down,2026-08-21T14:02:03,0.0,0.0
SPX,2026-11-20,91,Put,8070.0,SPX261120P08070000,399.5,401.1,400.3,0.0,0.0,0.0,0.0,0.0,0.1245,-0.7406,0.0007,12.543,-0.8438,-15.3119,400.5978,0.0,0.0,0.0,416.900009155273,no_change,,0.0,0.0
SPXW,2026-11-20,91,Put,8070.0,SPXW261120P08070000,398.0,403.5,400.75,340.1,0.0,0.0,0.0,22.0,0.1249,-0.7395,0.0007,12.5849,-0.8474,-15.2936,401.5518,0.0,0.0,0.0,418.25,up,2026-08-13T11:27:43,0.0,0.0
SPX,2026-11-20,91,Call,8075.0,SPX261120C08075000,69.5,70.3,69.9,71.6,6.15,9.39648,28.0,1013.0,0.1238,0.2558,0.0007,12.4612,-0.8367,4.7501,69.8888,71.7,72.9,71.6,65.4500007629394,down,2026-08-21T15:17:56,0.0,0.0
SPXW,2026-11-20,91,Call,8075.0,SPXW261120C08075000,70.6,71.0,70.8,72.95,6.5,9.7818,1.0,46.0,0.1243,0.2568,0.0007,12.5036,-0.8403,4.7686,70.6238,72.95,72.95,72.95,66.4499969482422,down,2026-08-21T09:30:03,0.0,0.0
SPX,2026-11-20,91,Put,8075.0,SPX261120P08075000,403.1,404.7,403.9,0.0,0.0,0.0,0.0,0.0,0.1244,-0.7441,0.0007,12.4612,-0.8367,-15.3893,404.1739,0.0,0.0,0.0,420.5,no_change,,0.0,0.0
SPXW,2026-11-20,91,Put,8075.0,SPXW261120P08075000,401.6,407.1,404.35,341.8,0.0,0.0,0.0,16.0,0.1248,-0.743,0.0007,12.5036,-0.8403,-15.3707,405.119,0.0,0.0,0.0,421.900009155273,down,2026-08-13T11:19:23,0.0,0.0
SPX,2026-11-20,91,Call,8080.0,SPX261120C08080000,68.2,68.9,68.55000000000001,67.8,3.65,5.68979,1.0,7.0,0.1236,0.2523,0.0007,12.378,-0.8295,4.6853,68.5409,67.8,67.8,67.8,64.1499996185303,up,2026-08-21T14:32:49,0.0,0.0
SPXW,2026-11-20,91,Call,8080.0,SPXW261120C08080000,69.2,69.7,69.45,76.0,10.85,16.6539,64.0,2.0,0.1242,0.2534,0.0007,12.421,-0.8331,4.704,69.2671,77.4,77.4,76.0,65.1500015258789,no_change,2026-08-21T12:00:21,0.0,0.0
SPX,2026-11-20,91,Put,8080.0,SPX261120P08080000,406.6,408.3,407.45000000000005,0.0,0.0,0.0,0.0,0.0,0.1242,-0.7476,0.0007,12.378,-0.8295,-15.4666,407.7704,0.0,0.0,0.0,424.199996948242,no_change,,0.0,0.0
SPXW,2026-11-20,91,Put,8080.0,SPXW261120P08080000,405.2,410.7,407.95,343.8,0.0,0.0,0.0,13.0,0.1246,-0.7465,0.0007,12.421,-0.8331,-15.4477,408.7067,0.0,0.0,0.0,425.549987792969,down,2026-08-13T11:14:12,0.0,0.0
SPX,2026-11-20,91,Call,8090.0,SPX261120C08090000,65.5,66.3,65.9,61.9,0.0,0.0,0.0,6.0,0.1233,0.2454,0.0007,12.208,-0.815,4.5561,65.9062,0.0,0.0,0.0,61.6000003814697,no_change,2026-08-20T15:43:00,0.0,0.0
SPXW,2026-11-20,91,Call,8090.0,SPXW261120C08090000,66.5,67.0,66.75,85.6,0.0,0.0,0.0,30.0,0.1239,0.2465,0.0007,12.2521,-0.8187,4.5752,66.6147,0.0,0.0,0.0,62.6000003814697,down,2026-08-19T10:09:09,0.0,0.0
SPX,2026-11-20,91,Put,8090.0,SPX261120P08090000,413.3,415.6,414.45000000000005,0.0,0.0,0.0,0.0,0.0,0.1238,-0.7545,0.0007,12.208,-0.815,-15.6206,415.0246,0.0,0.0,0.0,431.5,no_change,,0.0,0.0
SPXW,2026-11-20,91,Put,8090.0,SPXW261120P08090000,412.2,417.9,415.04999999999995,355.4,0.0,0.0,0.0,4.0,0.1243,-0.7534,0.0007,12.2521,-0.8187,-15.6014,415.9431,0.0,0.0,0.0,432.850006103516,down,2026-08-17T11:11:51,0.0,0.0
SPX,2026-11-20,91,Call,8100.0,SPX261120C08100000,63.0,63.7,63.35,65.77,6.57,11.098,328.0,8460.0,0.123,0.2386,0.0007,12.0336,-0.8004,4.4286,63.352,62.2,66.2,62.2,59.1999988555908,no_change,2026-08-21T15:47:30,0.0,0.0
SPXW,2026-11-20,91,Call,8100.0,SPXW261120C08100000,64.0,64.5,64.25,66.59,6.49,10.7987,35.0,105.0,0.1235,0.2396,0.0006,12.0786,-0.8041,4.4478,64.0428,64.0,67.27,63.0,60.1000003814697,up,2026-08-21T14:59:56,0.0,0.0
SPX,2026-11-20,91,Put,8100.0,SPX261120P08100000,420.7,422.7,421.7,418.16,-20.84,-4.74715,1.0,9.0,0.1236,-0.7613,0.0007,12.0336,-0.8004,-15.773,422.3591,418.16,418.16,418.16,439.0,up,2026-08-21T11:05:36,0.0,0.0
SPXW,2026-11-20,91,Put,8100.0,SPXW261120P08100000,419.5,425.3,422.4,426.25,-14.05,-3.19101,20.0,37.0,0.124,-0.7602,0.0006,12.0786,-0.8041,-15.7537,423.26,426.32,426.32,426.25,440.300003051758,down,2026-08-21T09:51:10,0.0,0.0
SPX,2026-11-20,91,Call,8110.0,SPX261120C08110000,60.5,61.3,60.9,57.0,0.0,0.0,0.0,19.0,0.1227,0.2318,0.0006,11.8558,-0.7858,4.3039,60.8763,0.0,0.0,0.0,56.6999988555908,no_change,2026-08-20T15:43:02,0.0,0.0
SPXW,2026-11-20,91,Call,8110.0,SPXW261120C08110000,61.5,62.0,61.75,124.0,0.0,0.0,0.0,2.0,0.1233,0.2329,0.0006,11.9016,-0.7895,4.3231,61.5497,0.0,0.0,0.0,57.75,up,2026-08-13T15:08:15,0.0,0.0
SPX,2026-11-20,91,Put,8110.0,SPX261120P08110000,428.1,430.3,429.20000000000005,0.0,0.0,0.0,0.0,0.0,0.1234,-0.7681,0.0006,11.8558,-0.7858,-15.9227,429.7722,0.0,0.0,0.0,446.449996948242,no_change,,0.0,0.0
SPXW,2026-11-20,91,Put,8110.0,SPXW261120P08110000,426.8,432.7,429.75,367.3,0.0,0.0,0.0,3.0,0.1237,-0.767,0.0006,11.9016,-0.7895,-15.9034,430.6557,0.0,0.0,0.0,447.800003051758,up,2026-08-17T11:16:06,0.0,0.0
SPX,2026-11-20,91,Call,8120.0,SPX261120C08120000,58.1,58.9,58.5,57.8,3.35,6.15243,2.0,16.0,0.1224,0.2252,0.0006,11.6762,-0.771,4.1823,58.4771,57.8,57.8,57.8,54.4500007629394,no_change,2026-08-21T14:32:58,0.0,0.0
SPXW,2026-11-20,91,Call,8120.0,SPXW261120C08120000,59.1,59.5,59.3,74.9,0.0,0.0,0.0,2.0,0.123,0.2263,0.0006,11.7225,-0.7747,4.2014,59.1335,0.0,0.0,0.0,55.3999996185303,down,2026-08-18T13:02:49,0.0,0.0
SPX,2026-11-20,91,Put,8120.0,SPX261120P08120000,435.6,437.8,436.70000000000005,0.0,0.0,0.0,0.0,0.0,0.123,-0.7747,0.0006,11.6762,-0.771,-16.0692,437.2619,0.0,0.0,0.0,454.050003051758,no_change,,0.0,0.0
SPXW,2026-11-20,91,Put,8120.0,SPXW261120P08120000,434.5,440.3,437.4,376.2,0.0,0.0,0.0,6.0,0.1235,-0.7736,0.0006,11.7225,-0.7747,-16.05,438.1283,0.0,0.0,0.0,455.400009155273,up,2026-08-17T10:59:55,0.0,0.0
SPX,2026-11-20,91,Call,8125.0,SPX261120C08125000,57.0,57.7,57.35,55.42,0.0,0.0,0.0,5068.0,0.1223,0.2219,0.0006,11.5859,-0.7636,4.1225,57.3056,0.0,0.0,0.0,53.3000011444092,no_change,2026-08-20T15:08:39,0.0,0.0
SPXW,2026-11-20,91,Call,8125.0,SPXW261120C08125000,57.9,58.4,58.15,104.44,0.0,0.0,0.0,13.0,0.1229,0.223,0.0006,11.6325,-0.7673,4.1416,57.9535,0.0,0.0,0.0,54.25,no_change,2026-08-14T14:13:03,0.0,0.0
SPX,2026-11-20,91,Put,8125.0,SPX261120P08125000,439.3,441.6,440.45000000000005,399.25,0.0,0.0,0.0,24.0,0.123,-0.778,0.0006,11.5859,-0.7636,-16.1414,441.0348,0.0,0.0,0.0,457.850006103516,down,2026-08-12T09:59:26,0.0,0.0
SPXW,2026-11-20,91,Put,8125.0,SPXW261120P08125000,438.1,444.0,441.05,375.8,0.0,0.0,0.0,12.0,0.1234,-0.7769,0.0006,11.6325,-0.7673,-16.1222,441.8928,0.0,0.0,0.0,459.149993896484,down,2026-08-17T11:20:04,0.0,0.0
SPX,2026-11-20,91,Call,8130.0,SPX261120C08130000,55.8,56.5,56.15,55.5,3.3,6.32184,1.0,88.0,0.1221,0.2187,0.0006,11.4955,-0.7562,4.0633,56.1525,55.5,55.5,55.5,52.1999988555908,up,2026-08-21T14:32:58,0.0,0.0
SPXW,2026-11-20,91,Call,8130.0,SPXW261120C08130000,56.7,57.2,56.95,104.4,0.0,0.0,0.0,4.0,0.1227,0.2198,0.0006,11.5423,-0.7599,4.0825,56.7921,0.0,0.0,0.0,53.1500015258789,up,2026-08-06T10:18:40,0.0,0.0
SPX,2026-11-20,91,Put,8130.0,SPX261120P08130000,443.1,445.4,444.25,0.0,0.0,0.0,0.0,0.0,0.1229,-0.7812,0.0006,11.4955,-0.7562,-16.2131,444.8261,0.0,0.0,0.0,461.649993896484,no_change,,0.0,0.0
SPXW,2026-11-20,91,Put,8130.0,SPXW261120P08130000,441.8,447.8,444.8,384.0,0.0,0.0,0.0,4.0,0.1232,-0.7801,0.0006,11.5423,-0.7599,-16.1938,445.6757,0.0,0.0,0.0,463.0,down,2026-08-17T11:47:25,0.0,0.0
SPX,2026-11-20,91,Call,8140.0,SPX261120C08140000,53.6,54.3,53.95,56.3,6.2,12.3752,2.0,32.0,0.1218,0.2122,0.0006,11.3136,-0.7413,3.9462,53.9009,57.2,57.2,56.3,50.1000003814697,down,2026-08-21T15:51:28,0.0,0.0
SPXW,2026-11-20,91,Call,8140.0,SPXW261120C08140000,54.5,54.9,54.7,113.1,0.0,0.0,0.0,18.0,0.1224,0.2133,0.0006,11.361,-0.745,3.9655,54.5238,0.0,0.0,0.0,51.0,up,2026-08-13T15:07:10,0.0,0.0
SPX,2026-11-20,91,Put,8140.0,SPX261120P08140000,450.8,453.1,451.95000000000005,0.0,0.0,0.0,0.0,0.0,0.1226,-0.7877,0.0006,11.3136,-0.7413,-16.3551,452.4633,0.0,0.0,0.0,469.449996948242,no_change,,0.0,0.0
SPXW,2026-11-20,91,Put,8140.0,SPXW261120P08140000,449.4,455.5,452.45,387.4,0.0,0.0,0.0,13.0,0.123,-0.7865,0.0006,11.361,-0.745,-16.3356,453.2963,0.0,0.0,0.0,470.75,up,2026-08-17T09:35:32,0.0,0.0
SPX,2026-11-20,91,Call,8150.0,SPX261120C08150000,51.4,52.1,51.75,51.97,3.92,8.15817,47.0,2395.0,0.1216,0.2059,0.0006,11.13,-0.7263,3.83,51.7212,51.97,51.97,51.97,48.0500011444092,up,2026-08-21T13:58:46,0.0,0.0
SPXW,2026-11-20,91,Call,8150.0,SPXW261120C08150000,52.3,52.7,52.5,53.62,4.72,9.65235,3.0,113.0,0.1222,0.207,0.0006,11.1781,-0.7301,3.8496,52.3277,52.35,53.62,51.5,48.8999996185303,up,2026-08-21T13:33:09,0.0,0.0
SPX,2026-11-20,91,Put,8150.0,SPX261120P08150000,458.6,460.6,459.6,412.38,0.0,0.0,0.0,33.0,0.1223,-0.794,0.0006,11.13,-0.7264,-16.4962,460.1723,0.0,0.0,0.0,477.25,no_change,2026-08-12T10:28:06,0.0,0.0
SPXW,2026-11-20,91,Put,8150.0,SPXW261120P08150000,457.3,463.2,460.25,0.0,0.0,0.0,0.0,0.0,0.1227,-0.7929,0.0006,11.1781,-0.7301,-16.4764,460.9889,0.0,0.0,0.0,478.550003051758,no_change,,0.0,0.0
SPX,2026-11-20,91,Call,8160.0,SPX261120C08160000,49.3,50.0,49.65,51.9,5.9,12.8261,1.0,6.0,0.1214,0.1997,0.0006,10.9436,-0.7114,3.7143,49.6124,51.9,51.9,51.9,46.0,up,2026-08-21T15:51:28,0.0,0.0
SPXW,2026-11-20,91,Call,8160.0,SPXW261120C08160000,50.1,50.6,50.35,103.3,0.0,0.0,0.0,20.0,0.1219,0.2008,0.0006,10.9926,-0.7151,3.7343,50.2027,0.0,0.0,0.0,46.8499984741211,no_change,2026-08-13T16:00:28,0.0,0.0
SPX,2026-11-20,91,Put,8160.0,SPX261120P08160000,466.2,468.6,467.4,0.0,0.0,0.0,0.0,0.0,0.1222,-0.8002,0.0006,10.9436,-0.7114,-16.6368,467.9523,0.0,0.0,0.0,485.149993896484,no_change,,0.0,0.0
SPXW,2026-11-20,91,Put,8160.0,SPXW261120P08160000,465.1,471.0,468.05,0.0,0.0,0.0,0.0,0.0,0.1225,-0.7991,0.0006,10.9926,-0.7151,-16.6167,468.7528,0.0,0.0,0.0,486.399993896484,no_change,,0.0,0.0
SPX,2026-11-20,91,Call,8170.0,SPX261120C08170000,47.3,47.9,47.599999999999994,43.7,0.0,0.0,0.0,6.0,0.1211,0.1936,0.0006,10.7539,-0.6964,3.5997,47.5739,0.0,0.0,0.0,44.0500011444092,down,2026-08-20T15:47:21,0.0,0.0
SPXW,2026-11-20,91,Call,8170.0,SPXW261120C08170000,48.1,48.6,48.35,46.4,1.5,3.34076,14.0,0.0,0.1217,0.1947,0.0006,10.8038,-0.7002,3.6198,48.1484,46.4,46.4,46.4,44.8999996185303,up,2026-08-21T09:58:20,0.0,0.0
SPX,2026-11-20,91,Put,8170.0,SPX261120P08170000,474.1,476.5,475.3,426.18,0.0,0.0,0.0,2.0,0.122,-0.8063,0.0006,10.7539,-0.6964,-16.7763,475.8027,0.0,0.0,0.0,493.100006103516,no_change,2026-08-12T10:28:06,0.0,0.0
SPXW,2026-11-20,91,Put,8170.0,SPXW261120P08170000,472.7,478.9,475.79999999999995,0.0,0.0,0.0,0.0,0.0,0.1222,-0.8052,0.0006,10.8038,-0.7002,-16.756,476.5873,0.0,0.0,0.0,494.300003051758,no_change,,0.0,0.0
SPX,2026-11-20,91,Call,8175.0,SPX261120C08175000,46.3,46.9,46.599999999999994,50.9,7.75,17.9606,5.0,279.0,0.121,0.1906,0.0006,10.6578,-0.6889,3.543,46.5807,50.93,50.93,50.9,43.1499996185303,down,2026-08-21T12:03:48,0.0,0.0
SPXW,2026-11-20,91,Call,8175.0,SPXW261120C08175000,47.1,47.6,47.35,47.19,3.24,7.37201,1.0,0.0,0.1215,0.1917,0.0006,10.7081,-0.6927,3.5631,47.1473,47.19,47.19,47.19,43.9500007629394,up,2026-08-21T14:31:30,0.0,0.0
SPX,2026-11-20,91,Put,8175.0,SPX261120P08175000,478.1,480.4,479.25,0.0,0.0,0.0,0.0,0.0,0.1218,-0.8094,0.0006,10.6578,-0.6889,-16.8455,479.7539,0.0,0.0,0.0,497.100006103516,no_change,,0.0,0.0
SPXW,2026-11-20,91,Put,8175.0,SPXW261120P08175000,476.7,482.8,479.75,0.0,0.0,0.0,0.0,0.0,0.1221,-0.8082,0.0006,10.7081,-0.6927,-16.8252,480.5306,0.0,0.0,0.0,498.300003051758,no_change,,0.0,0.0
SPX,2026-11-20,91,Call,8180.0,SPX261120C08180000,45.3,46.0,45.65,49.85,7.7,18.2681,5.0,13.0,0.1209,0.1876,0.0006,10.561,-0.6814,3.4869,45.6047,49.83,49.85,49.83,42.1499996185303,up,2026-08-21T12:03:48,0.0,0.0
SPXW,2026-11-20,91,Call,8180.0,SPXW261120C08180000,46.1,46.6,46.35,96.6,0.0,0.0,0.0,12.0,0.1214,0.1887,0.0006,10.6117,-0.6852,3.507,46.1635,0.0,0.0,0.0,43.0,up,2026-08-13T16:00:48,0.0,0.0
SPX,2026-11-20,91,Put,8180.0,SPX261120P08180000,482.0,484.4,483.2,0.0,0.0,0.0,0.0,0.0,0.1217,-0.8123,0.0006,10.561,-0.6814,-16.914,483.7222,0.0,0.0,0.0,501.100006103516,no_change,,0.0,0.0
SPXW,2026-11-20,91,Put,8180.0,SPXW261120P08180000,480.6,486.8,483.70000000000005,0.0,0.0,0.0,0.0,0.0,0.122,-0.8112,0.0006,10.6117,-0.6852,-16.8937,484.4912,0.0,0.0,0.0,502.300003051758,no_change,,0.0,0.0
SPX,2026-11-20,91,Call,8190.0,SPX261120C08190000,43.4,44.1,43.75,45.8,5.45,13.5068,1.0,218.0,0.1207,0.1817,0.0006,10.366,-0.6665,3.377,43.7028,45.8,45.8,45.8,40.3500003814697,up,2026-08-21T15:51:28,0.0,0.0
SPXW,2026-11-20,91,Call,8190.0,SPXW261120C08190000,44.2,44.7,44.45,0.0,0.0,0.0,0.0,0.0,0.1212,0.1828,0.0006,10.4174,-0.6702,3.3969,44.2464,0.0,0.0,0.0,41.2000007629394,no_change,,0.0,0.0
SPX,2026-11-20,91,Put,8190.0,SPX261120P08190000,490.0,492.4,491.2,0.0,0.0,0.0,0.0,0.0,0.1215,-0.8182,0.0006,10.366,-0.6665,-17.0488,491.7092,0.0,0.0,0.0,509.150009155273,no_change,,0.0,0.0
SPXW,2026-11-20,91,Put,8190.0,SPXW261120P08190000,488.8,494.8,491.8,0.0,0.0,0.0,0.0,0.0,0.1218,-0.8171,0.0006,10.4174,-0.6702,-17.0287,492.4629,0.0,0.0,0.0,510.399993896484,no_change,,0.0,0.0
SPX,2026-11-20,91,Call,8200.0,SPX261120C08200000,41.6,42.2,41.900000000000006,44.26,5.61,14.5149,502.0,6571.0,0.1204,0.1759,0.0006,10.1702,-0.6515,3.2704,41.8663,44.55,44.55,43.9,38.6499996185303,no_change,2026-08-21T15:52:34,0.0,0.0
SPXW,2026-11-20,91,Call,8200.0,SPXW261120C08200000,42.3,42.8,42.55,43.37,3.97,10.0761,1.0,70.0,0.1209,0.177,0.0006,10.222,-0.6553,3.2901,42.3953,43.37,43.37,43.37,39.3999996185303,up,2026-08-21T14:04:06,0.0,0.0
SPX,2026-11-20,91,Put,8200.0,SPX261120P08200000,498.2,500.3,499.25,493.22,-24.08,-4.65494,1.0,1232.0,0.1212,-0.824,0.0006,10.1702,-0.6515,-17.1803,499.7616,493.22,493.22,493.22,517.299987792969,up,2026-08-21T12:17:50,0.0,0.0
SPXW,2026-11-20,91,Put,8200.0,SPXW261120P08200000,496.8,502.8,499.8,624.7,0.0,0.0,0.0,2.0,0.1216,-0.8229,0.0006,10.222,-0.6553,-17.1605,500.5006,0.0,0.0,0.0,518.549987792969,up,2026-07-16T15:53:56,0.0,0.0
SPX,2026-11-20,91,Call,8210.0,SPX261120C08210000,39.8,40.4,40.099999999999994,41.3,4.35,11.7727,1.0,1867.0,0.1202,0.1703,0.0006,9.9749,-0.6366,3.1668,40.0934,41.3,41.3,41.3,36.9499988555908,up,2026-08-21T15:33:17,0.0,0.0
SPXW,2026-11-20,91,Call,8210.0,SPXW261120C08210000,40.5,41.0,40.75,53.8,0.0,0.0,0.0,2.0,0.1207,0.1714,0.0006,10.027,-0.6404,3.1863,40.6081,0.0,0.0,0.0,37.7000007629394,up,2026-08-19T13:00:48,0.0,0.0
SPX,2026-11-20,91,Put,8210.0,SPX261120P08210000,506.2,508.6,507.4,0.0,0.0,0.0,0.0,0.0,0.1212,-0.8297,0.0006,9.9749,-0.6366,-17.3089,507.8773,0.0,0.0,0.0,525.549987792969,no_change,,0.0,0.0
SPXW,2026-11-20,91,Put,8210.0,SPXW261120P08210000,504.9,511.0,507.95,0.0,0.0,0.0,0.0,0.0,0.1214,-0.8285,0.0006,10.027,-0.6404,-17.2891,508.6022,0.0,0.0,0.0,526.75,no_change,,0.0,0.0
SPX,2026-11-20,91,Call,8220.0,SPX261120C08220000,38.1,38.7,38.400000000000006,39.9,4.55,12.8713,72.0,189.0,0.12,0.1647,0.0005,9.7803,-0.6218,3.0654,38.3821,39.13,39.9,39.13,35.3500003814697,up,2026-08-21T15:04:27,0.0,0.0
SPXW,2026-11-20,91,Call,8220.0,SPXW261120C08220000,38.8,39.3,39.05,48.54,0.0,0.0,0.0,1.0,0.1205,0.1658,0.0005,9.8326,-0.6256,3.085,38.883,0.0,0.0,0.0,36.1000003814697,down,2026-08-18T15:45:57,0.0,0.0
SPX,2026-11-20,91,Put,8220.0,SPX261120P08220000,514.4,516.8,515.5999999999999,0.0,0.0,0.0,0.0,0.0,0.1209,-0.8352,0.0005,9.7803,-0.6218,-17.4352,516.0549,0.0,0.0,0.0,533.850006103516,no_change,,0.0,0.0
SPXW,2026-11-20,91,Put,8220.0,SPXW261120P08220000,512.9,519.1,516.0,0.0,0.0,0.0,0.0,0.0,0.1212,-0.8341,0.0005,9.8326,-0.6256,-17.4154,516.7659,0.0,0.0,0.0,535.0,no_change,,0.0,0.0
SPX,2026-11-20,91,Call,8225.0,SPX261120C08225000,37.3,37.9,37.599999999999994,52.0,0.0,0.0,0.0,770.0,0.1199,0.162,0.0005,9.6832,-0.6144,3.0153,37.5491,0.0,0.0,0.0,34.5500011444092,down,2026-08-19T11:46:45,0.0,0.0
SPXW,2026-11-20,91,Call,8225.0,SPXW261120C08225000,38.0,38.5,38.25,76.33,0.0,0.0,0.0,10.0,0.1204,0.1631,0.0005,9.7357,-0.6182,3.0349,38.0433,0.0,0.0,0.0,35.2999992370606,up,2026-08-11T10:59:13,0.0,0.0
SPX,2026-11-20,91,Put,8225.0,SPX261120P08225000,518.4,520.9,519.65,821.15,0.0,0.0,0.0,25.0,0.1208,-0.8379,0.0005,9.6832,-0.6144,-17.4977,520.1664,0.0,0.0,0.0,537.950012207031,no_change,2026-06-09T13:48:23,0.0,0.0
SPXW,2026-11-20,91,Put,8225.0,SPXW261120P08225000,517.2,523.3,520.25,0.0,0.0,0.0,0.0,0.0,0.1211,-0.8368,0.0005,9.7357,-0.6182,-17.4779,520.8706,0.0,0.0,0.0,539.149993896484,no_change,,0.0,0.0
SPX,2026-11-20,91,Call,8230.0,SPX261120C08230000,36.5,37.1,36.8,33.5,0.0,0.0,0.0,9.0,0.1198,0.1593,0.0005,9.586,-0.607,2.9654,36.7313,0.0,0.0,0.0,33.7999992370606,down,2026-08-20T15:47:22,0.0,0.0
SPXW,2026-11-20,91,Call,8230.0,SPXW261120C08230000,37.2,37.6,37.400000000000006,41.9,7.4,21.4493,17.0,0.0,0.1203,0.1604,0.0005,9.6388,-0.6108,2.9852,37.2187,41.9,41.9,41.9,34.5,up,2026-08-21T11:50:54,0.0,0.0
SPX,2026-11-20,91,Put,8230.0,SPX261120P08230000,522.6,525.1,523.85,0.0,0.0,0.0,0.0,0.0,0.1206,-0.8406,0.0005,9.586,-0.607,-17.56,524.2929,0.0,0.0,0.0,542.149993896484,no_change,,0.0,0.0
SPXW,2026-11-20,91,Put,8230.0,SPXW261120P08230000,521.3,527.4,524.3499999999999,0.0,0.0,0.0,0.0,0.0,0.121,-0.8395,0.0005,9.6388,-0.6108,-17.5401,524.9905,0.0,0.0,0.0,543.299987792969,no_change,,0.0,0.0
SPX,2026-11-20,91,Call,8240.0,SPX261120C08240000,34.9,35.5,35.2,42.0,0.0,0.0,0.0,15.0,0.1196,0.154,0.0005,9.3914,-0.5923,2.8665,35.1402,0.0,0.0,0.0,32.2999992370606,no_change,2026-08-19T15:52:07,0.0,0.0
SPXW,2026-11-20,91,Call,8240.0,SPXW261120C08240000,35.6,36.0,35.8,36.37,3.37,10.2121,12.0,14.0,0.1201,0.155,0.0005,9.4447,-0.5962,2.8864,35.6144,36.37,36.37,36.37,33.0,up,2026-08-21T11:18:56,0.0,0.0
SPX,2026-11-20,91,Put,8240.0,SPX261120P08240000,530.9,533.4,532.15,0.0,0.0,0.0,0.0,0.0,0.1203,-0.846,0.0005,9.3914,-0.5923,-17.6839,532.5907,0.0,0.0,0.0,550.549987792969,no_change,,0.0,0.0
SPXW,2026-11-20,91,Put,8240.0,SPXW261120P08240000,529.6,535.7,532.6500000000001,0.0,0.0,0.0,0.0,0.0,0.1208,-0.8448,0.0005,9.4447,-0.5962,-17.6638,533.2749,0.0,0.0,0.0,551.700012207031,no_change,,0.0,0.0
SPX,2026-11-20,91,Call,8250.0,SPX261120C08250000,33.4,33.9,33.65,33.8,2.9,9.38511,22.0,2167.0,0.1193,0.1488,0.0005,9.1954,-0.5777,2.7688,33.6078,33.8,33.8,33.8,30.9000005722046,no_change,2026-08-21T14:17:20,0.0,0.0
SPXW,2026-11-20,91,Call,8250.0,SPXW261120C08250000,34.1,34.5,34.3,34.5,2.95,9.35024,114.0,96.0,0.1199,0.1498,0.0005,9.2496,-0.5816,2.7888,34.0691,34.5,34.5,34.5,31.5499992370606,no_change,2026-08-21T14:29:36,0.0,0.0
SPX,2026-11-20,91,Put,8250.0,SPX261120P08250000,539.4,541.6,540.5,504.43,0.0,0.0,0.0,24.0,0.1204,-0.8511,0.0005,9.1954,-0.5777,-17.8064,540.9472,0.0,0.0,0.0,559.050018310547,down,2026-08-11T14:10:20,0.0,0.0
SPXW,2026-11-20,91,Put,8250.0,SPXW261120P08250000,537.9,544.1,541.0,0.0,0.0,0.0,0.0,0.0,0.1206,-0.85,0.0005,9.2496,-0.5816,-17.7863,541.6185,0.0,0.0,0.0,560.149993896484,no_change,,0.0,0.0
SPX,2026-11-20,91,Call,8260.0,SPX261120C08260000,31.9,32.5,32.2,35.66,0.0,0.0,0.0,71.0,0.1192,0.1437,0.0005,8.9982,-0.5633,2.6731,32.1331,0.0,0.0,0.0,29.5,down,2026-08-20T09:58:21,0.0,0.0
SPXW,2026-11-20,91,Call,8260.0,SPXW261120C08260000,32.5,33.0,32.75,61.37,0.0,0.0,0.0,11.0,0.1196,0.1448,0.0005,9.053,-0.5671,2.6931,32.5817,0.0,0.0,0.0,30.1499996185303,down,2026-08-17T11:11:01,0.0,0.0
SPX,2026-11-20,91,Put,8260.0,SPX261120P08260000,547.7,550.2,548.95,0.0,0.0,0.0,0.0,0.0,0.1202,-0.8562,0.0005,8.9982,-0.5633,-17.927,549.3613,0.0,0.0,0.0,567.5,no_change,,0.0,0.0
SPXW,2026-11-20,91,Put,8260.0,SPXW261120P08260000,546.3,552.5,549.4,0.0,0.0,0.0,0.0,0.0,0.1205,-0.8551,0.0005,9.053,-0.5671,-17.9069,550.02,0.0,0.0,0.0,568.649993896484,no_change,,0.0,0.0
SPX,2026-11-20,91,Call,8270.0,SPX261120C08270000,30.5,31.1,30.8,39.48,0.0,0.0,0.0,6.0,0.119,0.1387,0.0005,8.8002,-0.5489,2.5803,30.7144,0.0,0.0,0.0,28.0999994277954,down,2026-08-18T11:25:42,0.0,0.0
SPXW,2026-11-20,91,Call,8270.0,SPXW261120C08270000,31.1,31.5,31.3,33.15,4.35,15.1042,2.0,18.0,0.1195,0.1398,0.0005,8.8556,-0.5528,2.6,31.1509,33.12,33.15,33.12,28.8000001907349,up,2026-08-21T12:21:58,0.0,0.0
SPX,2026-11-20,91,Put,8270.0,SPX261120P08270000,556.2,558.7,557.45,0.0,0.0,0.0,0.0,0.0,0.1198,-0.8612,0.0005,8.8002,-0.5489,-18.0447,557.8314,0.0,0.0,0.0,576.0,no_change,,0.0,0.0
SPXW,2026-11-20,91,Put,8270.0,SPXW261120P08270000,554.8,561.0,557.9,0.0,0.0,0.0,0.0,0.0,0.1204,-0.8601,0.0005,8.8556,-0.5528,-18.0249,558.4779,0.0,0.0,0.0,577.149993896484,no_change,,0.0,0.0
SPX,2026-11-20,91,Call,8275.0,SPX261120C08275000,29.8,30.5,30.15,37.5,0.0,0.0,0.0,1681.0,0.1189,0.1363,0.0005,8.7012,-0.5418,2.5351,30.0255,0.0,0.0,0.0,27.5,no_change,2026-08-18T14:59:23,0.0,0.0
SPXW,2026-11-20,91,Call,8275.0,SPXW261120C08275000,30.4,30.8,30.6,30.65,2.55,9.07474,10.0,7.0,0.1194,0.1374,0.0005,8.7569,-0.5456,2.5546,30.4561,30.65,30.65,30.65,28.0999994277954,up,2026-08-21T09:32:20,0.0,0.0
SPX,2026-11-20,91,Put,8275.0,SPX261120P08275000,560.4,563.0,561.7,642.3,0.0,0.0,0.0,8.0,0.1198,-0.8636,0.0005,8.7012,-0.5418,-18.1024,562.0869,0.0,0.0,0.0,580.350006103516,up,2026-06-02T15:06:41,0.0,0.0
SPXW,2026-11-20,91,Put,8275.0,SPXW261120P08275000,559.0,565.2,562.1,0.0,0.0,0.0,0.0,0.0,0.1202,-0.8625,0.0005,8.7569,-0.5456,-18.0827,562.7275,0.0,0.0,0.0,581.450012207031,no_change,,0.0,0.0
SPX,2026-11-20,91,Call,8280.0,SPX261120C08280000,29.1,29.8,29.450000000000003,33.26,0.0,0.0,0.0,61.0,0.1188,0.1339,0.0005,8.6025,-0.5347,2.4907,29.3499,0.0,0.0,0.0,26.8500003814697,no_change,2026-08-20T10:00:06,0.0,0.0
SPX,2026-11-20,91,Put,8280.0,SPX261120P08280000,564.6,567.2,565.9000000000001,0.0,0.0,0.0,0.0,0.0,0.1199,-0.866,0.0005,8.6025,-0.5347,-18.1593,566.3556,0.0,0.0,0.0,584.700012207031,no_change,,0.0,0.0
SPX,2026-11-20,91,Call,8290.0,SPX261120C08290000,27.8,28.5,28.15,31.59,0.0,0.0,0.0,171.0,0.1186,0.1292,0.0005,8.4065,-0.5206,2.4041,28.0376,0.0,0.0,0.0,25.5999994277954,no_change,2026-08-20T11:20:25,0.0,0.0
SPX,2026-11-20,91,Put,8290.0,SPX261120P08290000,573.3,575.8,574.55,0.0,0.0,0.0,0.0,0.0,0.1198,-0.8707,0.0005,8.4065,-0.5206,-18.2707,574.9322,0.0,0.0,0.0,593.299987792969,no_change,,0.0,0.0
SPX,2026-11-20,91,Call,8300.0,SPX261120C08300000,26.6,27.1,26.85,28.3,3.85,15.7464,14.0,7639.0,0.1184,0.1246,0.0004,8.2126,-0.5066,2.32,26.776,31.0,31.0,27.23,24.4500007629395,up,2026-08-21T15:51:28,0.0,0.0
SPXW,2026-11-20,91,Call,8300.0,SPXW261120C08300000,27.1,27.5,27.3,27.54,2.49,9.94012,20.0,308.0,0.1189,0.1257,0.0004,8.2686,-0.5105,2.339,27.1785,27.35,27.54,27.35,25.0500001907349,no_change,2026-08-21T16:12:37,0.0,0.0
SPX,2026-11-20,91,Put,8300.0,SPX261120P08300000,582.0,584.3,583.15,745.57,0.0,0.0,0.0,15.0,0.1195,-0.8753,0.0004,8.2126,-0.5066,-18.3798,583.5593,0.0,0.0,0.0,602.050018310547,down,2026-07-09T10:21:13,0.0,0.0
SPXW,2026-11-20,91,Put,8300.0,SPXW261120P08300000,580.4,586.7,583.55,544.42,0.0,0.0,0.0,56.0,0.1199,-0.8742,0.0004,8.2686,-0.5105,-18.3606,584.172,0.0,0.0,0.0,603.100006103516,down,2026-08-19T09:45:06,0.0,0.0
SPX,2026-11-20,91,Call,8325.0,SPX261120C08325000,23.6,24.1,23.85,21.6,0.0,0.0,0.0,510.0,0.118,0.1136,0.0004,7.7362,-0.4726,2.1162,23.8354,0.0,0.0,0.0,21.6499996185303,down,2026-08-20T15:45:51,0.0,0.0
SPXW,2026-11-20,91,Call,8325.0,SPXW261120C08325000,24.1,24.5,24.3,22.78,0.0,0.0,0.0,15.0,0.1185,0.1147,0.0004,7.7929,-0.4765,2.1355,24.2119,0.0,0.0,0.0,22.3000001907349,no_change,2026-08-20T14:30:54,0.0,0.0
SPX,2026-11-20,91,Put,8325.0,SPX261120P08325000,603.7,606.3,605.0,542.52,0.0,0.0,0.0,500.0,0.119,-0.8862,0.0004,7.7362,-0.4726,-18.6458,605.3408,0.0,0.0,0.0,624.049987792969,no_change,2026-08-12T09:53:48,0.0,0.0
SPXW,2026-11-20,91,Put,8325.0,SPXW261120P08325000,602.2,608.5,605.35,0.0,0.0,0.0,0.0,0.0,0.1195,-0.8852,0.0004,7.7929,-0.4765,-18.6264,605.9274,0.0,0.0,0.0,625.050018310547,no_change,,0.0,0.0
SPX,2026-11-20,91,Call,8350.0,SPX261120C08350000,21.0,21.5,21.25,21.95,2.7,14.026,353.0,1105.0,0.1176,0.1034,0.0004,7.265,-0.4397,1.9236,21.1875,20.83,22.46,20.1,19.25,down,2026-08-21T15:16:13,0.0,0.0
SPXW,2026-11-20,91,Call,8350.0,SPXW261120C08350000,21.5,21.8,21.65,28.38,0.0,0.0,0.0,344.0,0.1182,0.1045,0.0004,7.3231,-0.4437,1.9425,21.5393,0.0,0.0,0.0,19.8000001907349,up,2026-08-19T14:22:30,0.0,0.0
SPX,2026-11-20,91,Put,8350.0,SPX261120P08350000,625.9,628.2,627.05,759.47,0.0,0.0,0.0,1.0,0.1187,-0.8965,0.0004,7.265,-0.4397,-18.9006,627.4149,0.0,0.0,0.0,646.300018310547,up,2026-07-07T12:26:48,0.0,0.0
SPXW,2026-11-20,91,Put,8350.0,SPXW261120P08350000,624.0,630.6,627.3,0.0,0.0,0.0,0.0,0.0,0.1192,-0.8954,0.0004,7.3231,-0.4437,-18.8816,627.9768,0.0,0.0,0.0,647.25,no_change,,0.0,0.0
SPX,2026-11-20,91,Call,8375.0,SPX261120C08375000,18.6,19.1,18.85,19.75,2.7,15.8358,264.0,698.0,0.1174,0.094,0.0004,6.8035,-0.4082,1.7483,18.8094,20.11,20.4,19.43,17.0499992370605,down,2026-08-21T15:45:48,0.0,0.0
SPX,2026-11-20,91,Put,8375.0,SPX261120P08375000,648.0,650.8,649.4,0.0,0.0,0.0,0.0,0.0,0.1186,-0.9059,0.0004,6.8034,-0.4082,-19.1382,649.7588,0.0,0.0,0.0,668.800018310547,no_change,,0.0,0.0
SPX,2026-11-20,91,Call,8400.0,SPX261120C08400000,16.4,16.9,16.65,17.39,2.34,15.5482,4.0,2214.0,0.117,0.0852,0.0004,6.3611,-0.3781,1.5863,16.6773,16.11,17.9,16.11,15.0500001907349,down,2026-08-21T15:39:52,0.0,0.0
SPXW,2026-11-20,91,Call,8400.0,SPXW261120C08400000,16.8,17.2,17.0,22.0,0.0,0.0,0.0,139.0,0.1175,0.0862,0.0004,6.4195,-0.3821,1.6043,16.9855,0.0,0.0,0.0,15.5,up,2026-08-18T15:39:18,0.0,0.0
SPX,2026-11-20,91,Put,8400.0,SPX261120P08400000,670.8,673.2,672.0,1365.5,0.0,0.0,0.0,2.0,0.1184,-0.9147,0.0004,6.3611,-0.3781,-19.3626,672.3487,0.0,0.0,0.0,691.5,down,2025-11-10T09:50:39,0.0,0.0
SPXW,2026-11-20,91,Put,8400.0,SPXW261120P08400000,660.7,684.0,672.35,690.33,0.0,0.0,0.0,7.0,0.1188,-0.9137,0.0004,6.4195,-0.3821,-19.3443,672.8671,0.0,0.0,0.0,689.949981689453,up,2026-08-20T15:21:12,0.0,0.0
SPX,2026-11-20,91,Call,8425.0,SPX261120C08425000,14.5,15.0,14.75,15.4,2.1,15.7895,50.0,2825.0,0.1168,0.0771,0.0003,5.9353,-0.3496,1.4339,14.7744,15.4,15.4,15.4,13.3000001907349,down,2026-08-21T13:33:59,0.0,0.0
SPX,2026-11-20,91,Put,8425.0,SPX261120P08425000,693.4,696.2,694.8,0.0,0.0,0.0,0.0,0.0,0.1184,-0.9228,0.0003,5.9352,-0.3496,-19.5772,695.1679,0.0,0.0,0.0,714.449981689453,no_change,,0.0,0.0
SPX,2026-11-20,91,Call,8450.0,SPX261120C08450000,12.8,13.3,13.05,13.4,1.6,13.5593,50.0,383.0,0.1166,0.0697,0.0003,5.5237,-0.3227,1.2958,13.0822,13.4,13.4,13.4,11.8000001907349,up,2026-08-21T14:02:45,0.0,0.0
SPXW,2026-11-20,91,Call,8450.0,SPXW261120C08450000,13.2,13.6,13.399999999999999,14.35,2.2,18.107,4.0,129.0,0.117,0.0707,0.0003,5.5831,-0.3266,1.3127,13.3513,14.36,14.36,14.35,12.1500000953674,down,2026-08-21T12:21:58,0.0,0.0
SPX,2026-11-20,91,Put,8450.0,SPX261120P08450000,716.6,719.1,717.85,0.0,0.0,0.0,0.0,0.0,0.1182,-0.9302,0.0003,5.5237,-0.3227,-19.7776,718.1977,0.0,0.0,0.0,737.700012207031,no_change,,0.0,0.0
SPXW,2026-11-20,91,Put,8450.0,SPXW261120P08450000,706.5,729.9,718.2,0.0,0.0,0.0,0.0,0.0,0.1186,-0.9292,0.0003,5.5831,-0.3266,-19.7605,718.677,0.0,0.0,0.0,735.699981689453,no_change,,0.0,0.0
SPX,2026-11-20,91,Call,8475.0,SPX261120C08475000,11.3,11.8,11.55,12.3,1.9,18.2692,49.0,476.0,0.1164,0.063,0.0003,5.133,-0.2974,1.1713,11.579,13.0,13.2,12.3,10.4000000953674,down,2026-08-21T15:30:39,0.0,0.0
SPX,2026-11-20,91,Put,8475.0,SPX261120P08475000,739.7,742.3,741.0,0.0,0.0,0.0,0.0,0.0,0.1183,-0.9369,0.0003,5.133,-0.2974,-19.9643,741.4166,0.0,0.0,0.0,761.0,no_change,,0.0,0.0
SPX,2026-11-20,91,Call,8500.0,SPX261120C08500000,10.0,10.5,10.25,10.8,1.6,17.3913,17.0,5808.0,0.1163,0.0568,0.0003,4.7653,-0.2738,1.0558,10.2481,10.45,11.1,9.9,9.19999980926514,no_change,2026-08-21T15:17:36,0.0,0.0
SPXW,2026-11-20,91,Call,8500.0,SPXW261120C08500000,10.3,10.7,10.5,11.3,1.75,18.3246,5.0,82.0,0.1169,0.0577,0.0003,4.8236,-0.2776,1.072,10.4823,11.3,11.3,11.3,9.5499997138977,up,2026-08-21T15:48:37,0.0,0.0
SPX,2026-11-20,91,Put,8500.0,SPX261120P08500000,763.2,765.8,764.5,767.06,-17.44,-2.22307,5.0,1.0,0.1184,-0.9431,0.0003,4.7653,-0.2738,-20.1421,764.8077,767.06,767.06,767.06,784.5,down,2026-08-21T09:31:45,0.0,0.0
SPXW,2026-11-20,91,Put,8500.0,SPXW261120P08500000,753.1,776.9,765.0,711.0,0.0,0.0,0.0,1.0,0.1188,-0.9422,0.0003,4.8236,-0.2776,-20.1257,765.252,0.0,0.0,0.0,784.050018310547,up,2026-08-11T14:03:26,0.0,0.0
SPX,2026-11-20,91,Call,8525.0,SPX261120C08525000,8.8,9.3,9.05,9.34,1.24,15.3086,2.0,1096.0,0.1162,0.0512,0.0002,4.4171,-0.2518,0.9506,9.0746,9.59,9.59,9.34,8.10000014305115,down,2026-08-21T13:41:53,0.0,0.0
SPX,2026-11-20,91,Put,8525.0,SPX261120P08525000,786.5,789.6,788.05,717.09,0.0,0.0,0.0,1.0,0.1186,-0.9487,0.0002,4.4171,-0.2518,-20.3095,788.3562,0.0,0.0,0.0,808.150024414062,down,2026-08-10T13:41:47,0.0,0.0
SPX,2026-11-20,91,Call,8550.0,SPX261120C08550000,7.8,8.3,8.05,8.5,1.3,18.0556,11.0,7103.0,0.1163,0.0462,0.0002,4.089,-0.2315,0.8575,8.0413,8.7,8.8,8.5,7.20000004768372,no_change,2026-08-21T15:21:34,0.0,0.0
SPXW,2026-11-20,91,Call,8550.0,SPXW261120C08550000,8.0,8.4,8.2,8.65,1.15,15.3333,2.0,621.0,0.1169,0.047,0.0002,4.1461,-0.2352,0.872,8.2432,8.65,8.65,8.65,7.5,up,2026-08-21T15:27:36,0.0,0.0
SPX,2026-11-20,91,Put,8550.0,SPX261120P08550000,810.4,813.1,811.75,952.07,0.0,0.0,0.0,2.0,0.1187,-0.9537,0.0002,4.0889,-0.2315,-20.4649,812.0449,0.0,0.0,0.0,831.950012207031,up,2026-06-17T14:00:55,0.0,0.0
SPXW,2026-11-20,91,Put,8550.0,SPXW261120P08550000,800.3,823.2,811.75,0.0,0.0,0.0,0.0,0.0,0.1193,-0.9529,0.0002,4.1461,-0.2352,-20.4502,812.457,0.0,0.0,0.0,831.450012207031,no_change,,0.0,0.0
SPX,2026-11-20,91,Call,8575.0,SPX261120C08575000,6.9,7.3,7.1,10.4,0.0,0.0,0.0,411.0,0.1163,0.0416,0.0002,3.7839,-0.2128,0.7734,7.1322,0.0,0.0,0.0,6.39999985694885,no_change,2026-08-19T10:09:16,0.0,0.0
SPX,2026-11-20,91,Put,8575.0,SPX261120P08575000,834.0,837.0,835.5,0.0,0.0,0.0,0.0,0.0,0.1191,-0.9583,0.0002,3.7839,-0.2128,-20.6113,835.8579,0.0,0.0,0.0,855.849975585938,no_change,,0.0,0.0
SPX,2026-11-20,91,Call,8600.0,SPX261120C08600000,6.1,6.6,6.35,6.61,0.96,16.9911,3.0,3954.0,0.1166,0.0376,0.0002,3.5012,-0.1956,0.6963,6.3352,6.54,6.61,6.28,5.65000009536743,up,2026-08-21T15:39:52,0.0,0.0
SPXW,2026-11-20,91,Call,8600.0,SPXW261120C08600000,6.3,6.6,6.449999999999999,12.56,0.0,0.0,0.0,26.0,0.1171,0.0383,0.0002,3.5554,-0.1991,0.7098,6.5073,0.0,0.0,0.0,5.95000004768372,down,2026-08-17T15:37:55,0.0,0.0
SPX,2026-11-20,91,Put,8600.0,SPX261120P08600000,858.1,860.9,859.5,783.27,0.0,0.0,0.0,2.0,0.1194,-0.9623,0.0002,3.5012,-0.1956,-20.7506,859.783,0.0,0.0,0.0,879.850006103516,down,2026-08-10T14:53:14,0.0,0.0
SPXW,2026-11-20,91,Put,8600.0,SPXW261120P08600000,848.0,871.8,859.9,0.0,0.0,0.0,0.0,0.0,0.12,-0.9616,0.0002,3.5554,-0.1991,-20.737,860.1651,0.0,0.0,0.0,879.200012207031,no_change,,0.0,0.0
SPX,2026-11-20,91,Call,8625.0,SPX261120C08625000,5.4,5.8,5.6,5.53,0.53,10.6,1.0,344.0,0.1168,0.0339,0.0002,3.2383,-0.1799,0.6278,5.6382,5.53,5.53,5.53,5.0,down,2026-08-21T10:06:19,0.0,0.0
SPX,2026-11-20,91,Put,8625.0,SPX261120P08625000,882.0,885.2,883.6,0.0,0.0,0.0,0.0,0.0,0.1202,-0.966,0.0002,3.2383,-0.1799,-20.8814,883.808,0.0,0.0,0.0,903.950012207031,no_change,,0.0,0.0
SPX,2026-11-20,91,Call,8650.0,SPX261120C08650000,4.9,5.2,5.050000000000001,6.98,0.0,0.0,0.0,1404.0,0.1172,0.0306,0.0001,2.9951,-0.1656,0.5677,5.0283,0.0,0.0,0.0,4.5,up,2026-08-19T14:31:47,0.0,0.0
SPXW,2026-11-20,91,Call,8650.0,SPXW261120C08650000,5.0,5.3,5.15,5.55,0.85,18.0851,2.0,99.0,0.1175,0.0313,0.0002,3.0456,-0.1688,0.5793,5.1728,5.55,5.55,5.55,4.70000004768372,down,2026-08-21T15:25:39,0.0,0.0
SPX,2026-11-20,91,Put,8650.0,SPX261120P08650000,906.3,909.1,907.7,0.0,0.0,0.0,0.0,0.0,0.1209,-0.9693,0.0001,2.9951,-0.1656,-21.0037,907.9201,0.0,0.0,0.0,928.199981689453,no_change,,0.0,0.0
SPXW,2026-11-20,91,Put,8650.0,SPXW261120P08650000,896.1,919.9,908.0,0.0,0.0,0.0,0.0,0.0,0.1212,-0.9686,0.0002,3.0456,-0.1688,-20.992,908.2747,0.0,0.0,0.0,927.299987792969,no_change,,0.0,0.0
SPX,2026-11-20,91,Call,8675.0,SPX261120C08675000,4.3,4.7,4.5,5.1,0.0,0.0,0.0,93.0,0.1173,0.0277,0.0001,2.772,-0.1526,0.5137,4.4947,0.0,0.0,0.0,3.99999988079071,down,2026-08-20T10:12:09,0.0,0.0
SPX,2026-11-20,91,Put,8675.0,SPX261120P08675000,930.3,933.4,931.8499999999999,0.0,0.0,0.0,0.0,0.0,0.1214,-0.9722,0.0001,2.772,-0.1526,-21.12,932.1085,0.0,0.0,0.0,952.399993896484,no_change,,0.0,0.0
SPX,2026-11-20,91,Call,8700.0,SPX261120C08700000,3.9,4.2,4.05,4.5,0.9,25.0,31.0,5405.0,0.1177,0.0251,0.0001,2.5678,-0.1408,0.4647,4.0289,4.15,4.5,4.15,3.60000002384186,up,2026-08-21T11:41:33,0.0,0.0
SPXW,2026-11-20,91,Call,8700.0,SPXW261120C08700000,4.0,4.3,4.15,4.62,0.87,23.2,2.0,284.0,0.118,0.0257,0.0001,2.6134,-0.1437,0.4748,4.1481,4.62,4.62,4.62,3.75,down,2026-08-21T12:08:09,0.0,0.0
SPX,2026-11-20,91,Put,8700.0,SPX261120P08700000,954.8,957.6,956.2,954.69,-22.06,-2.25851,1.0,0.0,0.1221,-0.9748,0.0001,2.5678,-0.1408,-21.2313,956.3648,954.69,954.69,954.69,976.75,down,2026-08-21T11:16:51,0.0,0.0
SPXW,2026-11-20,91,Put,8700.0,SPXW261120P08700000,946.1,968.3,957.2,0.0,0.0,0.0,0.0,0.0,0.1225,-0.9742,0.0001,2.6134,-0.1437,-21.221,956.694,0.0,0.0,0.0,975.949981689453,no_change,,0.0,0.0
SPX,2026-11-20,91,Call,8725.0,SPX261120C08725000,3.4,3.8,3.5999999999999996,4.55,0.0,0.0,0.0,20.0,0.1185,0.0228,0.0001,2.3807,-0.1302,0.4214,3.6226,0.0,0.0,0.0,3.25,down,2026-08-19T15:52:13,0.0,0.0
SPX,2026-11-20,91,Put,8725.0,SPX261120P08725000,978.9,982.2,980.55,895.78,0.0,0.0,0.0,1.0,0.1232,-0.9771,0.0001,2.3807,-0.1302,-21.3369,980.6804,0.0,0.0,0.0,1001.14999389648,up,2026-08-05T10:58:28,0.0,0.0
SPX,2026-11-20,91,Call,8750.0,SPX261120C08750000,3.1,3.4,3.25,4.83,0.0,0.0,0.0,122.0,0.1187,0.0208,0.0001,2.2093,-0.1206,0.3836,3.2674,0.0,0.0,0.0,2.94999992847443,up,2026-08-19T10:29:16,0.0,0.0
SPXW,2026-11-20,91,Call,8750.0,SPXW261120C08750000,3.2,3.5,3.35,4.7,0.0,0.0,0.0,89.0,0.1191,0.0212,0.0001,2.2496,-0.123,0.3918,3.3638,0.0,0.0,0.0,3.07500004768372,down,2026-08-18T10:15:03,0.0,0.0
SPX,2026-11-20,91,Put,8750.0,SPX261120P08750000,1003.5,1006.2,1004.85,919.08,0.0,0.0,0.0,1.0,0.1242,-0.9791,0.0001,2.2093,-0.1206,-21.4369,1005.0473,0.0,0.0,0.0,1025.59997558594,up,2026-08-05T10:58:28,0.0,0.0
SPXW,2026-11-20,91,Put,8750.0,SPXW261120P08750000,993.2,1017.0,1005.1,0.0,0.0,0.0,0.0,0.0,0.1242,-0.9786,0.0001,2.2496,-0.123,-21.4285,1005.3539,0.0,0.0,0.0,1024.70001220703,no_change,,0.0,0.0
SPX,2026-11-20,91,Call,8775.0,SPX261120C08775000,2.8,3.1,2.95,3.96,0.0,0.0,0.0,106.0,0.1194,0.0189,0.0001,2.053,-0.1119,0.3499,2.9563,0.0,0.0,0.0,2.69999992847443,down,2026-08-18T11:06:43,0.0,0.0
SPX,2026-11-20,91,Put,8775.0,SPX261120P08775000,1027.7,1030.9,1029.3000000000002,0.0,0.0,0.0,0.0,0.0,0.1254,-0.981,0.0001,2.053,-0.1119,-21.5328,1029.4583,0.0,0.0,0.0,1050.04998779297,no_change,,0.0,0.0
SPX,2026-11-20,91,Call,8800.0,SPX261120C08800000,2.6,2.85,2.725,4.29,0.0,0.0,0.0,4630.0,0.12,0.0173,0.0001,1.9107,-0.104,0.3196,2.6838,0.0,0.0,0.0,2.47499990463257,no_change,2026-08-19T10:43:02,0.0,0.0
SPXW,2026-11-20,91,Call,8800.0,SPXW261120C08800000,2.65,2.85,2.75,3.8,0.0,0.0,0.0,439.0,0.1204,0.0177,0.0001,1.9451,-0.1061,0.3265,2.7604,0.0,0.0,0.0,2.55000007152557,no_change,2026-08-18T10:25:40,0.0,0.0
SPX,2026-11-20,91,Put,8800.0,SPX261120P08800000,1052.4,1055.3,1053.85,1171.1,0.0,0.0,0.0,3.0,0.1264,-0.9826,0.0001,1.9107,-0.104,-21.6255,1053.9078,0.0,0.0,0.0,1074.34997558594,down,2026-07-16T15:20:35,0.0,0.0
SPXW,2026-11-20,91,Put,8800.0,SPXW261120P08800000,1042.0,1064.9,1053.45,0.0,0.0,0.0,0.0,0.0,0.1264,-0.9822,0.0001,1.9451,-0.1061,-21.6184,1054.1945,0.0,0.0,0.0,1073.59997558594,no_change,,0.0,0.0
SPX,2026-11-20,91,Call,8850.0,SPX261120C08850000,2.15,2.4,2.275,3.54,0.0,0.0,0.0,10.0,0.1215,0.0146,0.0001,1.6632,-0.0906,0.2682,2.2351,0.0,0.0,0.0,2.10000002384186,no_change,2026-08-19T10:53:14,0.0,0.0
SPXW,2026-11-20,91,Call,8850.0,SPXW261120C08850000,2.2,2.4,2.3,4.56,0.0,0.0,0.0,8.0,0.1219,0.0149,0.0001,1.6919,-0.0922,0.2737,2.2946,0.0,0.0,0.0,2.125,no_change,2026-08-17T13:45:27,0.0,0.0
SPX,2026-11-20,91,Put,8850.0,SPX261120P08850000,1091.0,1114.7,1102.85,0.0,0.0,0.0,0.0,0.0,0.1272,-0.9853,0.0001,1.6632,-0.0906,-21.8013,1102.9032,0.0,0.0,0.0,1123.39996337891,no_change,,0.0,0.0
SPXW,2026-11-20,91,Put,8850.0,SPXW261120P08850000,1091.1,1114.8,1102.9499999999998,1059.92,0.0,0.0,0.0,18.0,0.1293,-0.985,0.0001,1.6919,-0.0922,-21.7957,1103.1728,0.0,0.0,0.0,1122.64996337891,down,2026-08-19T15:43:11,0.0,0.0
SPX,2026-11-20,91,Call,8900.0,SPX261120C08900000,1.8,2.05,1.9249999999999998,1.78,0.0,0.0,0.0,2990.0,0.1233,0.0124,0.0001,1.4569,-0.0796,0.2282,1.8862,0.0,0.0,0.0,1.77499997615814,down,2026-08-20T15:33:52,0.0,0.0
SPXW,2026-11-20,91,Call,8900.0,SPXW261120C08900000,1.85,2.05,1.95,2.75,0.0,0.0,0.0,504.0,0.1236,0.0126,0.0001,1.4804,-0.0809,0.2324,1.9319,0.0,0.0,0.0,1.80000001192093,down,2026-08-19T09:40:51,0.0,0.0
SPX,2026-11-20,91,Put,8900.0,SPX261120P08900000,1140.2,1159.9,1150.0500000000002,1354.46,0.0,0.0,0.0,1.0,0.1302,-0.9875,0.0001,1.4569,-0.0796,-21.9658,1151.9983,0.0,0.0,0.0,1171.84997558594,down,2026-05-11T15:46:58,0.0,0.0
SPXW,2026-11-20,91,Put,8900.0,SPXW261120P08900000,1140.2,1163.0,1151.6,1109.23,0.0,0.0,0.0,18.0,0.1319,-0.9872,0.0001,1.4804,-0.0809,-21.9615,1152.2541,0.0,0.0,0.0,1171.55004882812,down,2026-08-19T15:43:11,0.0,0.0
SPX,2026-11-20,91,Call,9000.0,SPX261120C09000000,1.35,1.55,1.4500000000000002,1.45,0.125,9.43396,37.0,3910.0,0.1267,0.0092,0.0,1.1401,-0.063,0.169,1.3926,1.5,1.5,1.45,1.32500004768372,down,2026-08-21T15:54:11,0.0,0.0
SPXW,2026-11-20,91,Call,9000.0,SPXW261120C09000000,1.35,1.55,1.4500000000000002,1.62,0.27,20.0,1.0,117.0,0.1273,0.0094,0.0,1.1552,-0.0638,0.1715,1.4188,1.62,1.62,1.62,1.35000002384186,up,2026-08-21T12:59:59,0.0,0.0
SPX,2026-11-20,91,Put,9000.0,SPX261120P09000000,1238.8,1262.3,1250.55,1165.79,0.0,0.0,0.0,2004.0,0.1356,-0.9907,0.0,1.1401,-0.063,-22.2741,1250.3929,0.0,0.0,0.0,1271.15002441406,no_change,2026-08-12T10:28:51,0.0,0.0
SPXW,2026-11-20,91,Put,9000.0,SPXW261120P09000000,1238.6,1262.4,1250.5,0.0,0.0,0.0,0.0,0.0,0.1382,-0.9905,0.0,1.1552,-0.0638,-22.2715,1250.6292,0.0,0.0,0.0,1270.20001220703,no_change,,0.0,0.0
SPX,2026-11-20,91,Call,9100.0,SPX261120C09100000,0.95,1.2,1.075,1.75,0.0,0.0,0.0,223.0,0.131,0.0071,0.0,0.9129,-0.0513,0.1298,1.0704,0.0,0.0,0.0,1.0,down,2026-08-17T13:50:42,0.0,0.0
SPXW,2026-11-20,91,Call,9100.0,SPXW261120C09100000,1.05,1.25,1.15,1.4,0.0,0.0,0.0,10.0,0.1315,0.0072,0.0,0.9228,-0.0518,0.1313,1.0861,0.0,0.0,0.0,1.04999998211861,no_change,2026-08-19T14:24:24,0.0,0.0
SPX,2026-11-20,91,Put,9100.0,SPX261120P09100000,1337.2,1360.9,1349.0500000000002,0.0,0.0,0.0,0.0,0.0,0.1425,-0.9928,0.0,0.9129,-0.0513,-22.5623,1348.9587,0.0,0.0,0.0,1369.30004882812,no_change,,0.0,0.0
SPXW,2026-11-20,91,Put,9100.0,SPXW261120P09100000,1337.2,1361.0,1349.1,0.0,0.0,0.0,0.0,0.0,0.1446,-0.9927,0.0,0.9232,-0.0518,-22.5606,1349.1851,0.0,0.0,0.0,1368.29998779297,no_change,,0.0,0.0
SPX,2026-11-20,91,Call,9200.0,SPX261120C09200000,0.75,1.0,0.875,0.85,0.0,0.0,0.0,2682.0,0.1344,0.0056,0.0,0.7451,-0.0428,0.1019,0.8486,0.0,0.0,0.0,0.799999982118606,no_change,2026-08-20T15:08:45,0.0,0.0
SPXW,2026-11-20,91,Call,9200.0,SPXW261120C09200000,0.8,1.0,0.9,2.0,0.0,0.0,0.0,23.0,0.1355,0.0057,0.0,0.7533,-0.0432,0.1031,0.861,0.0,0.0,0.0,0.824999988079071,no_change,2026-08-06T11:30:06,0.0,0.0
SPX,2026-11-20,91,Put,9200.0,SPX261120P09200000,1436.0,1459.7,1447.85,2221.08,0.0,0.0,0.0,1.0,0.1491,-0.9943,0.0,0.7451,-0.0428,-22.8393,1447.6252,0.0,0.0,0.0,1468.40002441406,up,2025-11-25T10:27:15,0.0,0.0
SPXW,2026-11-20,91,Put,9200.0,SPXW261120P09200000,1435.9,1459.7,1447.8000000000002,1352.95,0.0,0.0,0.0,0.0,0.1514,-0.9942,0.0,0.7536,-0.0432,-22.8379,1447.848,0.0,0.0,0.0,1467.5,down,2026-08-11T10:10:37,0.0,0.0
SPX,2026-11-20,91,Call,9300.0,SPX261120C09300000,0.55,0.85,0.7,3.2,0.0,0.0,0.0,37.0,0.1388,0.0045,0.0,0.6174,-0.0363,0.0821,0.689,0.0,0.0,0.0,0.625,down,2026-08-05T10:46:48,0.0,0.0
SPXW,2026-11-20,91,Call,9300.0,SPXW261120C09300000,0.65,0.85,0.75,1.35,0.0,0.0,0.0,24.0,0.1402,0.0046,0.0,0.6262,-0.0368,0.0833,0.7021,0.0,0.0,0.0,0.675000011920929,down,2026-08-12T13:14:29,0.0,0.0
SPX,2026-11-20,91,Put,9300.0,SPX261120P09300000,1534.7,1558.4,1546.5500000000002,0.0,0.0,0.0,0.0,0.0,0.1562,-0.9954,0.0,0.6178,-0.0363,-23.1081,1546.3541,0.0,0.0,0.0,1567.14996337891,no_change,,0.0,0.0
SPXW,2026-11-20,91,Put,9300.0,SPXW261120P09300000,1534.7,1558.0,1546.35,1451.25,0.0,0.0,0.0,0.0,0.1588,-0.9953,0.0,0.6264,-0.0368,-23.1068,1546.5771,0.0,0.0,0.0,1566.29998779297,down,2026-08-11T10:10:37,0.0,0.0
SPX,2026-11-20,91,Call,9400.0,SPX261120C09400000,0.4,0.7,0.55,0.66,0.0,0.0,0.0,528.0,0.1437,0.0037,0.0,0.519,-0.0313,0.0671,0.5711,0.0,0.0,0.0,0.524999991059303,up,2026-08-19T15:52:13,0.0,0.0
SPXW,2026-11-20,91,Call,9400.0,SPXW261120C09400000,0.5,0.7,0.6,0.7,0.0,0.0,0.0,12.0,0.1441,0.0038,0.0,0.5288,-0.0319,0.0685,0.5857,0.0,0.0,0.0,0.574999988079071,up,2026-08-20T11:27:15,0.0,0.0
SPX,2026-11-20,91,Put,9400.0,SPX261120P09400000,1633.6,1657.5,1645.55,1681.04,0.0,0.0,0.0,6.0,0.1631,-0.9962,0.0,0.5193,-0.0313,-23.3722,1645.1242,0.0,0.0,0.0,1665.5,no_change,2026-06-03T13:53:03,0.0,0.0
SPXW,2026-11-20,91,Put,9400.0,SPXW261120P09400000,1633.5,1657.3,1645.4,0.0,0.0,0.0,0.0,0.0,0.1658,-0.9961,0.0,0.529,-0.0319,-23.3706,1645.3488,0.0,0.0,0.0,1665.15002441406,no_change,,0.0,0.0
SPX,2026-11-20,91,Call,9500.0,SPX261120C09500000,0.35,0.6,0.475,0.45,0.025,5.88235,1.0,0.0,0.1478,0.0031,0.0,0.4417,-0.0273,0.0558,0.4817,0.45,0.45,0.45,0.425000011920929,up,2026-08-21T11:16:56,0.0,0.0
SPXW,2026-11-20,91,Call,9500.0,SPXW261120C09500000,0.4,0.6,0.5,1.0,0.0,0.0,0.0,1.0,0.1484,0.0032,0.0,0.4527,-0.028,0.0573,0.4981,0.0,0.0,0.0,0.475000008940697,down,2026-08-06T11:54:22,0.0,0.0
SPX,2026-11-20,91,Put,9500.0,SPX261120P09500000,1732.4,1756.2,1744.3000000000002,1741.85,-23.05,-1.30602,1.0,0.0,0.1698,-0.9968,0.0,0.442,-0.0273,-23.6326,1743.9229,1741.85,1741.85,1741.85,1764.90002441406,down,2026-08-21T11:16:56,0.0,0.0
SPXW,2026-11-20,91,Put,9500.0,SPXW261120P09500000,1732.4,1755.0,1743.7,0.0,0.0,0.0,0.0,0.0,0.1737,-0.9967,0.0,0.4528,-0.028,-23.6309,1744.1493,0.0,0.0,0.0,1763.65002441406,no_change,,0.0,0.0
SPX,2026-11-20,91,Call,9600.0,SPX261120C09600000,0.25,0.55,0.4,0.6,0.0,0.0,0.0,643.0,0.1521,0.0026,0.0,0.38,-0.0241,0.0471,0.4124,0.0,0.0,0.0,0.375,no_change,2026-08-17T09:38:50,0.0,0.0
SPXW,2026-11-20,91,Call,9600.0,SPXW261120C09600000,0.35,0.55,0.45,1.25,0.0,0.0,0.0,5.0,0.1528,0.0027,0.0,0.3918,-0.0249,0.0488,0.4301,0.0,0.0,0.0,0.424999997019768,down,2026-08-04T10:07:19,0.0,0.0
SPX,2026-11-20,91,Put,9600.0,SPX261120P09600000,1831.3,1851.4,1841.35,1934.72,0.0,0.0,0.0,18.0,0.1775,-0.9973,0.0,0.3803,-0.0241,-23.8903,1842.7417,0.0,0.0,0.0,1864.04998779297,down,2026-06-17T12:47:22,0.0,0.0
SPXW,2026-11-20,91,Put,9600.0,SPXW261120P09600000,1831.3,1855.0,1843.15,0.0,0.0,0.0,0.0,0.0,0.1805,-0.9972,0.0,0.3919,-0.0249,-23.8885,1842.9693,0.0,0.0,0.0,1862.79998779297,no_change,,0.0,0.0
SPX,2026-11-20,91,Call,9800.0,SPX261120C09800000,0.15,0.45,0.3,0.65,0.0,0.0,0.0,186.0,0.161,0.0019,0.0,0.2896,-0.0194,0.0346,0.3139,0.0,0.0,0.0,0.275000005960464,up,2026-08-13T10:38:29,0.0,0.0
SPXW,2026-11-20,91,Call,9800.0,SPXW261120C09800000,0.25,0.45,0.35,0.95,0.0,0.0,0.0,14.0,0.1619,0.002,0.0,0.3016,-0.0202,0.0363,0.3319,0.0,0.0,0.0,0.325000002980232,no_change,2026-08-04T11:20:02,0.0,0.0
SPX,2026-11-20,91,Put,9800.0,SPX261120P09800000,2029.1,2052.8,2040.95,2046.44,0.0,0.0,0.0,1.0,0.1925,-0.998,0.0,0.2898,-0.0194,-24.4008,2040.4194,0.0,0.0,0.0,2061.5,down,2026-06-01T13:00:32,0.0,0.0
SPXW,2026-11-20,91,Put,9800.0,SPXW261120P09800000,2029.1,2052.9,2041.0,2055.67,0.0,0.0,0.0,0.0,0.1956,-0.9978,0.0,0.3017,-0.0202,-24.399,2040.6473,0.0,0.0,0.0,2060.44995117188,down,2026-08-04T09:38:06,0.0,0.0
SPX,2026-11-20,91,Call,10000.0,SPX261120C10000000,0.1,0.35,0.22499999999999998,0.22,-0.005,-2.22222,1.0,109.0,0.1707,0.0015,0.0,0.2277,-0.016,0.0266,0.2486,0.22,0.22,0.22,0.224999997764826,up,2026-08-21T11:16:57,0.0,0.0
SPXW,2026-11-20,91,Call,10000.0,SPXW261120C10000000,0.15,0.35,0.25,0.35,0.0,0.0,0.0,35.0,0.1704,0.0016,0.0,0.2384,-0.0168,0.0281,0.2645,0.0,0.0,0.0,0.225000008940697,no_change,2026-08-14T12:49:22,0.0,0.0
SPX,2026-11-20,91,Put,10000.0,SPX261120P10000000,2226.9,2250.5,2238.7,2236.42,-22.68,-1.00394,1.0,21.0,0.2083,-0.9984,0.0,0.2278,-0.016,-24.907,2238.1302,2236.42,2236.42,2236.42,2259.09997558594,down,2026-08-21T11:16:57,0.0,0.0
SPXW,2026-11-20,91,Put,10000.0,SPXW261120P10000000,2226.9,2249.6,2238.25,2352.0,0.0,0.0,0.0,0.0,0.2114,-0.9983,0.0,0.2385,-0.0168,-24.9054,2238.3562,0.0,0.0,0.0,2258.34997558594,down,2026-07-01T13:12:01,0.0,0.0
SPX,2026-11-20,91,Call,10200.0,SPX261120C10200000,0.05,0.3,0.175,0.2,0.025,14.2857,2.0,0.0,0.1793,0.0012,0.0,0.1835,-0.0136,0.021,0.2025,0.2,0.2,0.2,0.175000006332994,no_change,2026-08-21T14:17:59,0.0,0.0
SPXW,2026-11-20,91,Call,10200.0,SPXW261120C10200000,0.1,0.3,0.2,0.7,0.0,0.0,0.0,3.0,0.179,0.0012,0.0,0.1921,-0.0142,0.0221,0.2152,0.0,0.0,0.0,0.175000000745058,up,2026-08-05T09:30:03,0.0,0.0
SPX,2026-11-20,91,Put,10200.0,SPX261120P10200000,2424.8,2448.8,2436.8,2437.78,-19.97,-0.812532,2.0,0.0,0.2226,-0.9987,0.0,0.1836,-0.0136,-25.4108,2435.8604,2438.18,2438.18,2437.78,2457.75,down,2026-08-21T14:17:59,0.0,0.0
SPXW,2026-11-20,91,Put,10200.0,SPXW261120P10200000,2424.8,2448.7,2436.75,2433.06,0.0,0.0,0.0,3.0,0.2258,-0.9986,0.0,0.1921,-0.0142,-25.4095,2436.0831,0.0,0.0,0.0,2456.0,up,2026-08-20T11:46:17,0.0,0.0
SPX,2026-11-20,91,Call,10400.0,SPX261120C10400000,0.05,0.3,0.175,0.15,0.0,-2.48353e-07,2.0,2.0,0.1865,0.001,0.0,0.1502,-0.0116,0.0169,0.1678,0.15,0.15,0.15,0.150000000372529,no_change,2026-08-21T11:50:37,0.0,0.0
SPXW,2026-11-20,91,Call,10400.0,SPXW261120C10400000,0.05,0.25,0.15,0.2,0.05,33.3333,5.0,58.0,0.1862,0.001,0.0,0.1564,-0.0121,0.0176,0.177,0.2,0.2,0.2,0.150000002235174,no_change,2026-08-21T13:25:18,0.0,0.0
SPX,2026-11-20,91,Put,10400.0,SPX261120P10400000,2622.6,2646.6,2634.6,0.0,0.0,0.0,0.0,0.0,0.2378,-0.999,0.0,0.1507,-0.0117,-25.9129,2633.6026,0.0,0.0,0.0,2655.64990234375,no_change,,0.0,0.0
SPXW,2026-11-20,91,Put,10400.0,SPXW261120P10400000,2622.6,2646.6,2634.6,2787.95,0.0,0.0,0.0,24.0,0.241,-0.9989,0.0,0.1569,-0.0122,-25.912,2633.8218,0.0,0.0,0.0,2653.95007324219,down,2026-07-17T12:38:00,0.0,0.0
SPX,2026-11-20,91,Call,10600.0,SPX261120C10600000,0.05,0.25,0.15,0.2,0.0,0.0,0.0,1.0,0.1974,0.0008,0.0,0.125,-0.0101,0.0138,0.1416,0.0,0.0,0.0,0.125000001862645,down,2026-08-17T15:13:09,0.0,0.0
SPXW,2026-11-20,91,Call,10600.0,SPXW261120C10600000,0.05,0.25,0.15,0.2,0.0,0.0,0.0,2.0,0.1944,0.0008,0.0,0.129,-0.0104,0.0143,0.1476,0.0,0.0,0.0,0.125000001862645,down,2026-08-10T12:33:17,0.0,0.0
SPX,2026-11-20,91,Put,10600.0,SPX261120P10600000,2820.5,2844.5,2832.5,0.0,0.0,0.0,0.0,0.0,0.2514,-0.9991,0.0,0.1254,-0.0101,-26.414,2831.3525,0.0,0.0,0.0,2853.34997558594,no_change,,0.0,0.0
SPXW,2026-11-20,91,Put,10600.0,SPXW261120P10600000,2820.5,2844.5,2832.5,0.0,0.0,0.0,0.0,0.0,0.2547,-0.9991,0.0,0.1294,-0.0105,-26.4134,2831.5684,0.0,0.0,0.0,2851.55004882812,no_change,,0.0,0.0
SPXW,2026-11-20,91,Call,10800.0,SPXW261120C10800000,0.0,0.2,0.1,0.15,0.05,50.0,6.0,15.0,0.205,0.0007,0.0,0.1074,-0.009,0.0117,0.1238,0.15,0.15,0.15,0.100000003352761,no_change,2026-08-21T15:50:11,0.0,0.0
SPXW,2026-11-20,91,Put,10800.0,SPXW261120P10800000,3018.4,3042.3,3030.3500000000004,0.0,0.0,0.0,0.0,0.0,0.2694,-0.9992,0.0,0.1076,-0.0091,-26.9141,3029.3208,0.0,0.0,0.0,3049.5,no_change,,0.0,0.0
SPXW,2026-11-30,101,Call,3200.0,SPXW261130C03200000,4482.5,4505.7,4494.1,4334.49,0.0,0.0,0.0,0.0,0.6862,0.9978,0.0,0.27,-0.0768,8.638,4489.9846,0.0,0.0,0.0,4471.09985351562,up,2026-07-01T13:11:19,0.0,0.0
SPXW,2026-11-30,101,Put,3200.0,SPXW261130P03200000,1.4,1.6,1.5,1.7,0.0,0.0,0.0,1898.0,0.6187,-0.0021,0.0,0.27,-0.0768,-0.0463,1.5754,0.0,0.0,0.0,1.67500001192093,up,2026-08-18T15:27:53,0.0,0.0
SPXW,2026-11-30,101,Call,3400.0,SPXW261130C03400000,4287.1,4308.3,4297.700000000001,4116.75,0.0,0.0,0.0,0.0,0.6455,0.9974,0.0,0.3237,-0.0876,9.1688,4292.6779,0.0,0.0,0.0,4273.35009765625,down,2026-07-17T12:38:00,0.0,0.0
SPXW,2026-11-30,101,Put,3400.0,SPXW261130P03400000,1.75,1.95,1.85,2.08,0.0,0.0,0.0,121.0,0.5899,-0.0025,0.0,0.3236,-0.0875,-0.0564,1.8533,0.0,0.0,0.0,2.02499997615814,down,2026-08-13T14:32:47,0.0,0.0
SPXW,2026-11-30,101,Call,3600.0,SPXW261130C03600000,4089.8,4111.1,4100.450000000001,0.0,0.0,0.0,0.0,0.0,0.6085,0.9968,0.0,0.3912,-0.101,9.6968,4095.4519,0.0,0.0,0.0,4076.19995117188,no_change,,0.0,0.0
SPXW,2026-11-30,101,Put,3600.0,SPXW261130P03600000,2.15,2.35,2.25,2.4,0.0,0.0,0.0,257.0,0.5635,-0.0031,0.0,0.3912,-0.101,-0.0693,2.2145,0.0,0.0,0.0,2.47500002384186,down,2026-08-20T11:52:51,0.0,0.0
SPXW,2026-11-30,101,Call,3800.0,SPXW261130C03800000,3889.9,3913.5,3901.7,0.0,0.0,0.0,0.0,0.0,0.5729,0.996,0.0,0.4764,-0.1171,10.221,3898.3195,0.0,0.0,0.0,3879.30004882812,no_change,,0.0,0.0
SPXW,2026-11-30,101,Put,3800.0,SPXW261130P03800000,2.65,2.8,2.7249999999999996,2.9,0.0,0.0,0.0,163.0,0.5368,-0.0039,0.0,0.4764,-0.1171,-0.0859,2.6679,0.0,0.0,0.0,3.02499997615814,down,2026-08-13T11:00:47,0.0,0.0
SPXW,2026-11-30,101,Call,4000.0,SPXW261130C04000000,3693.5,3716.7,3705.1,0.0,0.0,0.0,0.0,0.0,0.5414,0.9951,0.0,0.5797,-0.1362,10.7409,3701.2959,0.0,0.0,0.0,3682.35009765625,no_change,,0.0,0.0
SPXW,2026-11-30,101,Put,4000.0,SPXW261130P04000000,3.2,3.4,3.3,3.45,0.0,0.0,0.0,2024.0,0.5119,-0.0048,0.0,0.5798,-0.1362,-0.107,3.2311,0.0,0.0,0.0,3.69999992847443,up,2026-08-19T11:49:41,0.0,0.0
SPXW,2026-11-30,101,Call,4200.0,SPXW261130C04200000,3496.6,3519.7,3508.1499999999996,0.0,0.0,0.0,0.0,0.0,0.5116,0.9939,0.0,0.7048,-0.1582,11.2559,3504.3936,0.0,0.0,0.0,3485.44995117188,no_change,,0.0,0.0
SPXW,2026-11-30,101,Put,4200.0,SPXW261130P04200000,3.8,4.1,3.9499999999999997,3.96,-0.44,-10.0,4.0,261.0,0.4872,-0.006,0.0,0.7051,-0.1582,-0.1328,3.9159,4.0,4.0,3.92,4.40000009536743,up,2026-08-21T12:19:54,0.0,0.0
SPXW,2026-11-30,101,Call,4400.0,SPXW261130C04400000,3298.9,3322.3,3310.6000000000004,0.0,0.0,0.0,0.0,0.0,0.4822,0.9924,0.0,0.8566,-0.1832,11.7643,3307.6302,0.0,0.0,0.0,3288.75,no_change,,0.0,0.0
SPXW,2026-11-30,101,Put,4400.0,SPXW261130P04400000,4.6,4.9,4.75,4.7,-0.6,-11.3208,10.0,288.0,0.4637,-0.0075,0.0,0.8571,-0.1832,-0.1654,4.7398,4.81,4.81,4.7,5.29999995231628,down,2026-08-21T12:59:46,0.0,0.0
SPXW,2026-11-30,101,Call,4600.0,SPXW261130C04600000,3102.2,3124.5,3113.35,0.0,0.0,0.0,0.0,0.0,0.4558,0.9906,0.0,1.0346,-0.2112,12.2657,3111.0265,0.0,0.0,0.0,3092.09997558594,no_change,,0.0,0.0
SPXW,2026-11-30,101,Put,4600.0,SPXW261130P04600000,5.6,5.8,5.699999999999999,5.95,0.0,0.0,0.0,483.0,0.4413,-0.0093,0.0,1.0347,-0.2112,-0.2048,5.7194,0.0,0.0,0.0,6.40000009536743,down,2026-08-19T11:49:41,0.0,0.0
SPXW,2026-11-30,101,Call,4700.0,SPXW261130C04700000,3003.8,3025.8,3014.8,0.0,0.0,0.0,0.0,0.0,0.4429,0.9896,0.0,1.1369,-0.2264,12.5132,3012.7912,0.0,0.0,0.0,2993.84997558594,no_change,,0.0,0.0
SPXW,2026-11-30,101,Put,4700.0,SPXW261130P04700000,6.1,6.4,6.25,6.87,0.0,0.0,0.0,112.0,0.4296,-0.0103,0.0,1.1371,-0.2264,-0.2277,6.2771,0.0,0.0,0.0,7.0,down,2026-08-12T10:00:53,0.0,0.0
SPXW,2026-11-30,101,Call,4800.0,SPXW261130C04800000,2905.6,2929.0,2917.3,0.0,0.0,0.0,0.0,0.0,0.43,0.9884,0.0,1.2494,-0.2424,12.7579,2914.6061,0.0,0.0,0.0,2895.65002441406,no_change,,0.0,0.0
SPXW,2026-11-30,101,Put,4800.0,SPXW261130P04800000,6.7,7.0,6.85,7.02,0.0,0.0,0.0,45.0,0.4186,-0.0115,0.0,1.2496,-0.2424,-0.2535,6.885,0.0,0.0,0.0,7.70000004768372,down,2026-08-17T11:04:31,0.0,0.0
SPXW,2026-11-30,101,Call,4900.0,SPXW261130C04900000,2807.6,2831.2,2819.3999999999996,0.0,0.0,0.0,0.0,0.0,0.4176,0.9871,0.0,1.3709,-0.2592,12.9996,2816.477,0.0,0.0,0.0,2797.65002441406,no_change,,0.0,0.0
SPXW,2026-11-30,101,Put,4900.0,SPXW261130P04900000,7.4,7.6,7.5,7.65,0.0,0.0,0.0,329.0,0.408,-0.0128,0.0,1.3712,-0.2593,-0.2822,7.549,0.0,0.0,0.0,8.4500002861023,no_change,2026-08-19T15:51:23,0.0,0.0
SPXW,2026-11-30,101,Call,5000.0,SPXW261130C05000000,2709.2,2731.7,2720.45,2468.45,0.0,0.0,0.0,0.0,0.4058,0.9857,0.0,1.5019,-0.277,13.2386,2718.4091,0.0,0.0,0.0,2699.59997558594,up,2026-06-25T12:28:58,0.0,0.0
SPXW,2026-11-30,101,Put,5000.0,SPXW261130P05000000,8.1,8.4,8.25,8.3,-0.95,-10.2703,1.0,508.0,0.397,-0.0142,0.0,1.5021,-0.277,-0.3137,8.2742,8.3,8.3,8.3,9.25,down,2026-08-21T11:27:44,0.0,0.0
SPXW,2026-11-30,101,Call,5100.0,SPXW261130C05100000,2611.9,2635.1,2623.5,0.0,0.0,0.0,0.0,0.0,0.3938,0.9841,0.0,1.6452,-0.2957,13.4744,2620.4081,0.0,0.0,0.0,2601.69995117188,no_change,,0.0,0.0
SPXW,2026-11-30,101,Put,5100.0,SPXW261130P05100000,8.9,9.2,9.05,9.35,0.0,0.0,0.0,158.0,0.3863,-0.0158,0.0,1.6455,-0.2958,-0.3483,9.0663,0.0,0.0,0.0,10.1500000953674,up,2026-08-19T11:33:39,0.0,0.0
SPXW,2026-11-30,101,Call,5200.0,SPXW261130C05200000,2513.8,2537.1,2525.45,0.0,0.0,0.0,0.0,0.0,0.3826,0.9823,0.0,1.8039,-0.3154,13.7059,2522.4822,0.0,0.0,0.0,2503.85009765625,no_change,,0.0,0.0
SPXW,2026-11-30,101,Put,5200.0,SPXW261130P05200000,9.8,10.0,9.9,10.1,-1.05,-9.41704,1.0,188.0,0.3755,-0.0176,0.0,1.8042,-0.3155,-0.3873,9.9336,10.1,10.1,10.1,11.1500000953674,down,2026-08-21T11:15:07,0.0,0.0
SPXW,2026-11-30,101,Call,5300.0,SPXW261130C05300000,2418.7,2439.2,2428.95,0.0,0.0,0.0,0.0,0.0,0.3712,0.9803,0.0,1.978,-0.3363,13.9322,2424.6431,0.0,0.0,0.0,2406.39990234375,no_change,,0.0,0.0
SPXW,2026-11-30,101,Put,5300.0,SPXW261130P05300000,10.7,11.0,10.85,11.2,-1.0,-8.19672,4.0,303.0,0.3652,-0.0196,0.0,1.9783,-0.3363,-0.4314,10.8875,11.2,11.2,11.2,12.2000002861023,no_change,2026-08-21T10:40:06,0.0,0.0
SPXW,2026-11-30,101,Call,5400.0,SPXW261130C05400000,2317.4,2341.2,2329.3,0.0,0.0,0.0,0.0,0.0,0.3599,0.9781,0.0,2.1661,-0.3583,14.1535,2326.9033,0.0,0.0,0.0,2308.75,no_change,,0.0,0.0
SPXW,2026-11-30,101,Put,5400.0,SPXW261130P05400000,11.8,12.1,11.95,12.1,0.0,0.0,0.0,230.0,0.3547,-0.0218,0.0,2.1665,-0.3584,-0.4806,11.941,0.0,0.0,0.0,13.3499999046326,down,2026-08-17T10:11:38,0.0,0.0
SPXW,2026-11-30,101,Call,5500.0,SPXW261130C05500000,2220.6,2243.7,2232.1499999999996,0.0,0.0,0.0,0.0,0.0,0.3488,0.9756,0.0,2.3717,-0.3817,14.3696,2229.2757,0.0,0.0,0.0,2211.09997558594,no_change,,0.0,0.0
SPXW,2026-11-30,101,Put,5500.0,SPXW261130P05500000,13.0,13.2,13.1,13.5,-1.2,-8.16327,1.0,1393.0,0.3443,-0.0243,0.0,2.3721,-0.3818,-0.535,13.1066,13.5,13.5,13.5,14.7000002861023,down,2026-08-21T09:40:16,0.0,0.0
SPXW,2026-11-30,101,Call,5600.0,SPXW261130C05600000,2122.2,2144.8,2133.5,0.0,0.0,0.0,0.0,0.0,0.3377,0.9727,0.0,2.6008,-0.4065,14.5785,2131.7762,0.0,0.0,0.0,2113.64990234375,no_change,,0.0,0.0
SPXW,2026-11-30,101,Put,5600.0,SPXW261130P05600000,14.2,14.6,14.399999999999999,14.78,-1.37,-8.48297,1.0,172.0,0.334,-0.0272,0.0,2.6013,-0.4066,-0.5965,14.4003,14.78,14.78,14.78,16.1499996185303,down,2026-08-21T10:19:53,0.0,0.0
SPXW,2026-11-30,101,Call,5700.0,SPXW261130C05700000,2024.8,2047.4,2036.1,0.0,0.0,0.0,0.0,0.0,0.3271,0.9696,0.0,2.855,-0.4329,14.7782,2034.4278,0.0,0.0,0.0,2016.75,no_change,,0.0,0.0
SPXW,2026-11-30,101,Put,5700.0,SPXW261130P05700000,15.7,16.0,15.85,16.04,0.0,0.0,0.0,91.0,0.3239,-0.0304,0.0,2.855,-0.4329,-0.6671,15.8422,0.0,0.0,0.0,17.75,no_change,2026-08-17T09:56:29,0.0,0.0
SPXW,2026-11-30,101,Call,5750.0,SPXW261130C05750000,1976.2,1998.7,1987.45,0.0,0.0,0.0,0.0,0.0,0.3219,0.9678,0.0001,2.9906,-0.4468,14.8746,1985.8186,0.0,0.0,0.0,1968.20001220703,no_change,,0.0,0.0
SPXW,2026-11-30,101,Put,5750.0,SPXW261130P05750000,16.5,16.8,16.65,17.6,0.0,0.0,0.0,39.0,0.3189,-0.0321,0.0001,2.9906,-0.4468,-0.706,16.6295,0.0,0.0,0.0,18.6499996185303,down,2026-08-12T12:42:44,0.0,0.0
SPXW,2026-11-30,101,Call,5800.0,SPXW261130C05800000,1930.9,1951.5,1941.2,0.0,0.0,0.0,0.0,0.0,0.3166,0.9659,0.0001,3.1319,-0.4611,14.9686,1937.2573,0.0,0.0,0.0,1919.29998779297,no_change,,0.0,0.0
SPXW,2026-11-30,101,Put,5800.0,SPXW261130P05800000,17.3,17.6,17.450000000000003,17.4,-2.15,-10.9974,3.0,167.0,0.314,-0.034,0.0001,3.1319,-0.4611,-0.7472,17.4647,17.4,17.4,17.4,19.5500001907349,no_change,2026-08-21T15:50:06,0.0,0.0
SPXW,2026-11-30,101,Call,5850.0,SPXW261130C05850000,1879.0,1901.5,1890.25,0.0,0.0,0.0,0.0,0.0,0.3112,0.9639,0.0001,3.2801,-0.4759,15.0604,1888.747,0.0,0.0,0.0,1871.29998779297,no_change,,0.0,0.0
SPXW,2026-11-30,101,Put,5850.0,SPXW261130P05850000,18.2,18.5,18.35,19.64,0.0,0.0,0.0,168.0,0.3089,-0.036,0.0001,3.2801,-0.4759,-0.7906,18.3509,0.0,0.0,0.0,20.5500001907349,down,2026-08-20T10:46:56,0.0,0.0
SPXW,2026-11-30,101,Call,5900.0,SPXW261130C05900000,1830.5,1853.2,1841.85,0.0,0.0,0.0,0.0,0.0,0.306,0.9618,0.0001,3.4367,-0.4912,15.1494,1840.2915,0.0,0.0,0.0,1822.95001220703,no_change,,0.0,0.0
SPXW,2026-11-30,101,Put,5900.0,SPXW261130P05900000,19.1,19.4,19.25,19.74,0.0,0.0,0.0,296.0,0.3041,-0.0381,0.0001,3.4367,-0.4912,-0.8368,19.2919,0.0,0.0,0.0,21.5999994277954,up,2026-08-17T11:05:42,0.0,0.0
SPXW,2026-11-30,101,Call,5950.0,SPXW261130C05950000,1786.2,1806.1,1796.15,1613.09,0.0,0.0,0.0,1.0,0.301,0.9595,0.0001,3.6031,-0.507,15.235,1791.8953,0.0,0.0,0.0,1774.29998779297,up,2026-06-08T15:43:29,0.0,0.0
SPXW,2026-11-30,101,Put,5950.0,SPXW261130P05950000,20.1,20.4,20.25,20.3,-2.4,-10.5727,6.0,864.0,0.299,-0.0404,0.0001,3.6031,-0.507,-0.8865,20.2921,20.34,20.34,20.3,22.6999998092651,no_change,2026-08-21T13:14:50,0.0,0.0
SPXW,2026-11-30,101,Call,6000.0,SPXW261130C06000000,1733.8,1757.6,1745.6999999999998,1634.55,0.0,0.0,0.0,1.0,0.2958,0.9571,0.0001,3.7795,-0.5234,15.3165,1743.5639,0.0,0.0,0.0,1725.95001220703,down,2026-07-07T13:29:40,0.0,0.0
SPXW,2026-11-30,101,Put,6000.0,SPXW261130P06000000,21.1,21.5,21.3,21.4,-2.5,-10.4603,5.0,856.0,0.2942,-0.0428,0.0001,3.7796,-0.5234,-0.9402,21.3572,22.1,22.23,21.4,23.9000005722046,down,2026-08-21T15:53:06,0.0,0.0
SPXW,2026-11-30,101,Call,6050.0,SPXW261130C06050000,1689.6,1709.4,1699.5,1651.49,0.0,0.0,0.0,1.0,0.291,0.9544,0.0001,3.9652,-0.5403,15.3937,1695.3038,0.0,0.0,0.0,1677.84997558594,up,2026-06-15T15:31:32,0.0,0.0
SPXW,2026-11-30,101,Put,6050.0,SPXW261130P06050000,22.2,22.6,22.4,22.29,-2.91,-11.5476,4.0,101.0,0.2892,-0.0454,0.0001,3.9653,-0.5403,-0.9982,22.4935,22.41,22.41,22.29,25.1999998092651,down,2026-08-21T15:33:51,0.0,0.0
SPXW,2026-11-30,101,Call,6100.0,SPXW261130C06100000,1637.2,1659.8,1648.5,0.0,0.0,0.0,0.0,0.0,0.2858,0.9516,0.0001,4.1591,-0.5578,15.4667,1647.1212,0.0,0.0,0.0,1629.84997558594,no_change,,0.0,0.0
SPXW,2026-11-30,101,Put,6100.0,SPXW261130P06100000,23.4,23.9,23.65,23.92,-2.58,-9.73585,26.0,425.0,0.2843,-0.0482,0.0001,4.1592,-0.5578,-1.0605,23.7074,23.72,23.92,23.72,26.5,up,2026-08-21T14:41:57,0.0,0.0
SPXW,2026-11-30,101,Call,6150.0,SPXW261130C06150000,1589.1,1611.6,1600.35,0.0,0.0,0.0,0.0,0.0,0.2809,0.9486,0.0001,4.3613,-0.5759,15.5357,1599.0221,0.0,0.0,0.0,1581.84997558594,no_change,,0.0,0.0
SPXW,2026-11-30,101,Put,6150.0,SPXW261130P06150000,24.8,25.1,24.950000000000003,24.96,-3.04,-10.8571,3.0,311.0,0.2795,-0.0513,0.0001,4.3613,-0.5759,-1.1266,25.0048,25.25,25.25,24.96,28.0,down,2026-08-21T13:09:06,0.0,0.0
SPXW,2026-11-30,101,Call,6200.0,SPXW261130C06200000,1544.6,1565.0,1554.8,1314.7,0.0,0.0,0.0,0.0,0.2761,0.9454,0.0001,4.5737,-0.5946,15.6008,1551.0123,0.0,0.0,0.0,1534.65002441406,down,2026-07-27T13:08:57,0.0,0.0
SPXW,2026-11-30,101,Put,6200.0,SPXW261130P06200000,26.1,26.5,26.3,27.42,-2.08,-7.05085,1.0,482.0,0.2748,-0.0545,0.0001,4.5737,-0.5946,-1.1968,26.3915,27.42,27.42,27.42,29.5,up,2026-08-21T09:36:39,0.0,0.0
SPXW,2026-11-30,101,Call,6250.0,SPXW261130C06250000,1493.1,1515.5,1504.3,1359.3,0.0,0.0,0.0,1.0,0.2711,0.9419,0.0001,4.799,-0.6139,15.6608,1503.0985,0.0,0.0,0.0,1486.25,up,2026-06-30T09:52:06,0.0,0.0
SPXW,2026-11-30,101,Put,6250.0,SPXW261130P06250000,27.6,28.0,27.8,30.78,0.0,0.0,0.0,82.0,0.2701,-0.058,0.0001,4.799,-0.6139,-1.272,27.874,0.0,0.0,0.0,31.1499996185303,up,2026-08-18T10:47:53,0.0,0.0
SPXW,2026-11-30,101,Call,6275.0,SPXW261130C06275000,1472.1,1493.1,1482.6,0.0,0.0,0.0,0.0,0.0,0.2687,0.9401,0.0001,4.9171,-0.6237,15.6884,1479.1801,0.0,0.0,0.0,1462.34997558594,no_change,,0.0,0.0
SPXW,2026-11-30,101,Put,6275.0,SPXW261130P06275000,28.4,28.8,28.6,28.35,0.0,0.0,0.0,62.0,0.2676,-0.0598,0.0001,4.9172,-0.6237,-1.312,28.654,0.0,0.0,0.0,32.0,down,2026-08-14T10:48:09,0.0,0.0
SPXW,2026-11-30,101,Call,6300.0,SPXW261130C06300000,1445.3,1467.6,1456.4499999999998,0.0,0.0,0.0,0.0,0.0,0.2663,0.9382,0.0001,5.0388,-0.6338,15.7144,1455.2891,0.0,0.0,0.0,1438.60003662109,no_change,,0.0,0.0
SPXW,2026-11-30,101,Put,6300.0,SPXW261130P06300000,29.2,29.6,29.4,29.7,-3.2,-9.72644,1.0,242.0,0.2652,-0.0617,0.0001,5.0388,-0.6338,-1.3537,29.4612,29.7,29.7,29.7,32.8999996185303,down,2026-08-21T12:03:14,0.0,0.0
SPXW,2026-11-30,101,Call,6325.0,SPXW261130C06325000,1424.9,1445.4,1435.15,0.0,0.0,0.0,0.0,0.0,0.2639,0.9362,0.0001,5.1639,-0.6439,15.7384,1431.4267,0.0,0.0,0.0,1415.20001220703,no_change,,0.0,0.0
SPXW,2026-11-30,101,Put,6325.0,SPXW261130P06325000,30.0,30.4,30.2,30.5,-3.3,-9.76331,1.0,62.0,0.2629,-0.0636,0.0001,5.1639,-0.6439,-1.3972,30.2969,30.5,30.5,30.5,33.7999992370606,down,2026-08-21T12:03:14,0.0,0.0
SPXW,2026-11-30,101,Call,6350.0,SPXW261130C06350000,1397.6,1420.1,1408.85,0.0,0.0,0.0,0.0,0.0,0.2614,0.9342,0.0001,5.292,-0.6542,15.7607,1407.5944,0.0,0.0,0.0,1391.05004882812,no_change,,0.0,0.0
SPXW,2026-11-30,101,Put,6350.0,SPXW261130P06350000,30.9,31.3,31.1,31.06,-3.74,-10.7471,3.0,106.0,0.2605,-0.0657,0.0001,5.292,-0.6542,-1.4426,31.1628,31.9,31.9,31.06,34.7999992370606,down,2026-08-21T13:09:06,0.0,0.0
SPXW,2026-11-30,101,Call,6375.0,SPXW261130C06375000,1377.3,1397.7,1387.5,0.0,0.0,0.0,0.0,0.0,0.259,0.9321,0.0001,5.4227,-0.6647,15.7811,1383.7934,0.0,0.0,0.0,1367.75,no_change,,0.0,0.0
SPXW,2026-11-30,101,Put,6375.0,SPXW261130P06375000,31.7,32.2,31.950000000000003,38.51,0.0,0.0,0.0,95.0,0.2582,-0.0678,0.0001,5.4227,-0.6647,-1.4898,32.0601,0.0,0.0,0.0,35.7999992370606,down,2026-08-05T12:53:58,0.0,0.0
SPXW,2026-11-30,101,Call,6400.0,SPXW261130C06400000,1349.9,1372.2,1361.0500000000002,1247.5,0.0,0.0,0.0,1.0,0.2566,0.9299,0.0001,5.556,-0.6754,15.7999,1360.0251,0.0,0.0,0.0,1343.65002441406,down,2026-07-07T15:48:47,0.0,0.0
SPXW,2026-11-30,101,Put,6400.0,SPXW261130P06400000,32.7,33.1,32.900000000000006,36.7,0.0,0.0,0.0,117.0,0.2559,-0.07,0.0001,5.556,-0.6754,-1.5386,32.99,0.0,0.0,0.0,36.7999992370606,down,2026-08-20T16:00:46,0.0,0.0
SPXW,2026-11-30,101,Call,6425.0,SPXW261130C06425000,1329.7,1350.2,1339.95,1139.85,0.0,0.0,0.0,0.0,0.2543,0.9276,0.0001,5.6919,-0.6861,15.8171,1336.2906,0.0,0.0,0.0,1320.40002441406,up,2026-06-25T12:28:58,0.0,0.0
SPXW,2026-11-30,101,Put,6425.0,SPXW261130P06425000,33.6,34.1,33.85,35.15,0.0,0.0,0.0,6.0,0.2535,-0.0723,0.0001,5.6919,-0.6861,-1.589,33.9537,0.0,0.0,0.0,37.8999996185303,down,2026-08-19T10:02:29,0.0,0.0
SPXW,2026-11-30,101,Call,6450.0,SPXW261130C06450000,1302.5,1325.0,1313.75,0.0,0.0,0.0,0.0,0.0,0.2519,0.9252,0.0001,5.8305,-0.697,15.8328,1312.5909,0.0,0.0,0.0,1296.70001220703,no_change,,0.0,0.0
SPXW,2026-11-30,101,Put,6450.0,SPXW261130P06450000,34.6,35.1,34.85,34.78,-4.22,-10.8205,2.0,53.0,0.2512,-0.0746,0.0001,5.8305,-0.697,-1.6409,34.9523,34.78,34.78,34.78,39.0,up,2026-08-21T13:09:06,0.0,0.0
SPXW,2026-11-30,101,Call,6475.0,SPXW261130C06475000,1282.5,1302.8,1292.65,0.0,0.0,0.0,0.0,0.0,0.2495,0.9228,0.0001,5.9725,-0.7081,15.8469,1288.9272,0.0,0.0,0.0,1272.75,no_change,,0.0,0.0
SPXW,2026-11-30,101,Put,6475.0,SPXW261130P06475000,35.7,36.1,35.900000000000006,35.67,0.0,0.0,0.0,41.0,0.2488,-0.0771,0.0001,5.9725,-0.7081,-1.6944,35.9868,0.0,0.0,0.0,40.1000003814697,down,2026-08-13T09:43:44,0.0,0.0
SPXW,2026-11-30,101,Call,6500.0,SPXW261130C06500000,1257.9,1279.1,1268.5,1121.18,0.0,0.0,0.0,4.0,0.2472,0.9202,0.0001,6.1184,-0.7193,15.8592,1265.3007,0.0,0.0,0.0,1249.20001220703,up,2026-07-17T15:52:52,0.0,0.0
SPXW,2026-11-30,101,Put,6500.0,SPXW261130P06500000,36.7,37.2,36.95,38.4,-2.9,-7.02179,4.0,2096.0,0.2466,-0.0796,0.0001,6.1184,-0.7193,-1.7497,37.0586,38.4,38.4,38.4,41.2999992370606,no_change,2026-08-21T10:40:06,0.0,0.0
SPXW,2026-11-30,101,Call,6525.0,SPXW261130C06525000,1231.5,1253.9,1242.7,1330.13,0.0,0.0,0.0,0.0,0.2449,0.9176,0.0001,6.2688,-0.7306,15.8693,1241.7129,0.0,0.0,0.0,1226.14996337891,up,2026-08-12T14:42:04,0.0,0.0
SPXW,2026-11-30,101,Put,6525.0,SPXW261130P06525000,37.8,38.3,38.05,39.43,0.0,0.0,0.0,144.0,0.2443,-0.0823,0.0001,6.2688,-0.7306,-1.8072,38.169,0.0,0.0,0.0,42.5,up,2026-08-19T10:01:22,0.0,0.0
SPXW,2026-11-30,101,Call,6550.0,SPXW261130C06550000,1211.0,1232.0,1221.5,0.0,0.0,0.0,0.0,0.0,0.2425,0.9148,0.0002,6.4238,-0.7421,15.8769,1218.1655,0.0,0.0,0.0,1203.04998779297,no_change,,0.0,0.0
SPXW,2026-11-30,101,Put,6550.0,SPXW261130P06550000,39.0,39.4,39.2,41.87,0.0,0.0,0.0,85.0,0.242,-0.085,0.0002,6.4238,-0.7421,-1.8672,39.3199,0.0,0.0,0.0,43.7999992370606,no_change,2026-08-10T10:50:57,0.0,0.0
SPXW,2026-11-30,101,Call,6575.0,SPXW261130C06575000,1188.1,1208.4,1198.25,0.0,0.0,0.0,0.0,0.0,0.2402,0.912,0.0002,6.5836,-0.7536,15.8818,1194.6606,0.0,0.0,0.0,1179.55004882812,no_change,,0.0,0.0
SPXW,2026-11-30,101,Put,6575.0,SPXW261130P06575000,40.2,40.6,40.400000000000006,40.2,-4.9,-10.8647,29.0,49.0,0.2397,-0.0879,0.0002,6.5836,-0.7536,-1.93,40.5131,40.2,40.2,40.2,45.1000003814697,down,2026-08-21T14:59:36,0.0,0.0
SPXW,2026-11-30,101,Call,6600.0,SPXW261130C06600000,1161.0,1183.3,1172.15,0.0,0.0,0.0,0.0,0.0,0.2378,0.909,0.0002,6.7474,-0.7653,15.8836,1171.2002,0.0,0.0,0.0,1156.29998779297,no_change,,0.0,0.0
SPXW,2026-11-30,101,Put,6600.0,SPXW261130P06600000,41.4,41.9,41.65,41.27,-5.23,-11.2473,1.0,165.0,0.2374,-0.0909,0.0002,6.7474,-0.7653,-1.9957,41.751,41.27,41.27,41.27,46.5,down,2026-08-21T15:38:59,0.0,0.0
SPXW,2026-11-30,101,Call,6625.0,SPXW261130C06625000,1141.4,1161.5,1151.45,965.94,0.0,0.0,0.0,1.0,0.2355,0.906,0.0002,6.9149,-0.7771,15.8826,1147.7866,0.0,0.0,0.0,1131.95001220703,up,2026-07-31T09:55:40,0.0,0.0
SPXW,2026-11-30,101,Put,6625.0,SPXW261130P06625000,42.7,43.2,42.95,47.75,0.0,0.0,0.0,93.0,0.2351,-0.0939,0.0002,6.9149,-0.7771,-2.0644,43.0357,0.0,0.0,0.0,47.8999996185303,up,2026-08-20T16:00:46,0.0,0.0
SPXW,2026-11-30,101,Call,6650.0,SPXW261130C06650000,1114.2,1136.2,1125.2,1226.83,0.0,0.0,0.0,2.0,0.2331,0.9028,0.0002,7.0852,-0.789,15.8789,1124.422,0.0,0.0,0.0,1108.65002441406,up,2026-08-17T10:41:40,0.0,0.0
SPXW,2026-11-30,101,Put,6650.0,SPXW261130P06650000,44.0,44.5,44.25,48.93,0.0,0.0,0.0,42.0,0.2328,-0.0971,0.0002,7.0852,-0.789,-2.1357,44.3693,0.0,0.0,0.0,49.2999992370606,no_change,2026-08-18T10:16:08,0.0,0.0
SPXW,2026-11-30,101,Call,6675.0,SPXW261130C06675000,1099.7,1106.0,1102.85,835.51,0.0,0.0,0.0,0.0,0.2309,0.8994,0.0002,7.2581,-0.801,15.8727,1101.1083,0.0,0.0,0.0,1085.5,down,2026-07-29T15:46:03,0.0,0.0
SPXW,2026-11-30,101,Put,6675.0,SPXW261130P06675000,45.4,45.9,45.65,46.42,-4.43,-8.71189,2.0,105.0,0.2305,-0.1005,0.0002,7.2581,-0.801,-2.2095,45.7538,46.21,46.42,46.21,50.8499984741211,up,2026-08-21T11:14:55,0.0,0.0
SPXW,2026-11-30,101,Call,6700.0,SPXW261130C06700000,1076.4,1082.7,1079.5500000000002,1063.12,0.0,0.0,0.0,0.0,0.2285,0.896,0.0002,7.4339,-0.8131,15.8643,1077.8472,0.0,0.0,0.0,1062.34997558594,up,2026-06-15T15:54:50,0.0,0.0
SPXW,2026-11-30,101,Put,6700.0,SPXW261130P06700000,46.8,47.3,47.05,46.57,-5.83,-11.126,1.0,187.0,0.2282,-0.1039,0.0002,7.4339,-0.8131,-2.2855,47.1909,46.57,46.57,46.57,52.3999996185303,down,2026-08-21T15:38:59,0.0,0.0
SPXW,2026-11-30,101,Call,6725.0,SPXW261130C06725000,1053.2,1059.5,1056.35,799.18,0.0,0.0,0.0,0.0,0.2262,0.8924,0.0002,7.6133,-0.8252,15.8535,1054.6405,0.0,0.0,0.0,1039.25,down,2026-07-29T15:42:25,0.0,0.0
SPXW,2026-11-30,101,Put,6725.0,SPXW261130P06725000,48.3,48.8,48.55,53.85,0.0,0.0,0.0,176.0,0.2259,-0.1075,0.0002,7.6133,-0.8252,-2.3639,48.6825,0.0,0.0,0.0,54.0,no_change,2026-08-18T14:06:35,0.0,0.0
SPXW,2026-11-30,101,Call,6750.0,SPXW261130C06750000,1029.4,1036.3,1032.85,1112.71,0.0,0.0,0.0,2.0,0.2238,0.8886,0.0002,7.7971,-0.8375,15.84,1031.4903,0.0,0.0,0.0,1016.25,up,2026-08-05T15:46:40,0.0,0.0
SPXW,2026-11-30,101,Put,6750.0,SPXW261130P06750000,49.9,50.3,50.099999999999994,55.53,0.0,0.0,0.0,61.0,0.2236,-0.1112,0.0002,7.7971,-0.8375,-2.445,50.2305,0.0,0.0,0.0,55.7000007629394,up,2026-08-18T11:29:27,0.0,0.0
SPXW,2026-11-30,101,Call,6775.0,SPXW261130C06775000,1007.0,1013.2,1010.1,0.0,0.0,0.0,0.0,0.0,0.2215,0.8848,0.0002,7.9862,-0.8498,15.8231,1008.399,0.0,0.0,0.0,993.299987792969,no_change,,0.0,0.0
SPXW,2026-11-30,101,Put,6775.0,SPXW261130P06775000,51.5,51.9,51.7,49.9,0.0,0.0,0.0,137.0,0.2213,-0.1151,0.0002,7.9862,-0.8498,-2.5295,51.8375,0.0,0.0,0.0,57.4500007629394,down,2026-08-14T10:48:09,0.0,0.0
SPXW,2026-11-30,101,Call,6800.0,SPXW261130C06800000,983.9,990.1,987.0,1070.24,0.0,0.0,0.0,9.0,0.2193,0.8807,0.0002,8.1808,-0.8621,15.8023,985.3697,0.0,0.0,0.0,970.399993896484,up,2026-08-07T14:04:29,0.0,0.0
SPXW,2026-11-30,101,Put,6800.0,SPXW261130P06800000,53.1,53.6,53.35,57.6,0.0,0.0,0.0,229.0,0.219,-0.1192,0.0002,8.1808,-0.8621,-2.6179,53.5064,0.0,0.0,0.0,59.25,down,2026-08-20T13:20:31,0.0,0.0
SPXW,2026-11-30,101,Call,6825.0,SPXW261130C06825000,961.0,967.1,964.05,0.0,0.0,0.0,0.0,0.0,0.217,0.8765,0.0002,8.3807,-0.8744,15.7771,962.406,0.0,0.0,0.0,947.600006103516,no_change,,0.0,0.0
SPXW,2026-11-30,101,Put,6825.0,SPXW261130P06825000,54.8,55.3,55.05,61.1,0.0,0.0,0.0,124.0,0.2168,-0.1234,0.0002,8.3807,-0.8744,-2.7108,55.2409,0.0,0.0,0.0,61.1500015258789,up,2026-08-20T16:00:46,0.0,0.0
SPXW,2026-11-30,101,Call,6850.0,SPXW261130C06850000,938.1,944.1,941.1,1047.8,0.0,0.0,0.0,8.0,0.2147,0.8722,0.0002,8.5846,-0.8868,15.7474,939.5117,0.0,0.0,0.0,924.799987792969,no_change,2026-08-14T13:33:10,0.0,0.0
SPXW,2026-11-30,101,Put,6850.0,SPXW261130P06850000,56.6,57.2,56.900000000000006,60.74,0.0,0.0,0.0,105.0,0.2144,-0.1277,0.0002,8.5846,-0.8868,-2.8081,57.0449,0.0,0.0,0.0,63.0499992370606,up,2026-08-20T11:23:54,0.0,0.0
SPXW,2026-11-30,101,Call,6875.0,SPXW261130C06875000,914.9,921.3,918.0999999999999,735.66,0.0,0.0,0.0,4.0,0.2123,0.8676,0.0002,8.7916,-0.8992,15.7135,916.6908,0.0,0.0,0.0,902.149993896484,down,2026-07-23T11:19:56,0.0,0.0
SPXW,2026-11-30,101,Put,6875.0,SPXW261130P06875000,58.5,59.0,58.75,60.8,-4.3,-6.60523,1.0,79.0,0.2122,-0.1323,0.0002,8.7916,-0.8992,-2.9096,58.9221,60.8,60.8,60.8,65.1000022888184,down,2026-08-21T10:16:53,0.0,0.0
SPXW,2026-11-30,101,Call,6900.0,SPXW261130C06900000,891.9,898.5,895.2,758.69,0.0,0.0,0.0,5.0,0.21,0.8629,0.0003,9.0009,-0.9116,15.6759,893.9467,0.0,0.0,0.0,879.550018310547,up,2026-07-31T14:59:21,0.0,0.0
SPXW,2026-11-30,101,Put,6900.0,SPXW261130P06900000,60.5,61.0,60.75,61.0,-6.2,-9.22619,1.0,85.0,0.21,-0.137,0.0003,9.0009,-0.9116,-3.0148,60.8763,61.0,61.0,61.0,67.2000007629394,down,2026-08-21T11:28:28,0.0,0.0
SPXW,2026-11-30,101,Call,6925.0,SPXW261130C06925000,869.8,875.8,872.8,0.0,0.0,0.0,0.0,0.0,0.2077,0.858,0.0003,9.2126,-0.924,15.6351,871.2827,0.0,0.0,0.0,857.0,no_change,,0.0,0.0
SPXW,2026-11-30,101,Put,6925.0,SPXW261130P06925000,62.5,63.0,62.75,60.28,0.0,0.0,0.0,61.0,0.2076,-0.1419,0.0003,9.2126,-0.924,-3.1232,62.9106,0.0,0.0,0.0,69.3999977111816,down,2026-08-14T13:55:36,0.0,0.0
SPXW,2026-11-30,101,Call,6950.0,SPXW261130C06950000,846.7,853.2,849.95,0.0,0.0,0.0,0.0,3.0,0.2054,0.8529,0.0003,9.4277,-0.9363,15.5908,848.7022,0.0,0.0,0.0,834.600006103516,no_change,,0.0,0.0
SPXW,2026-11-30,101,Put,6950.0,SPXW261130P06950000,64.6,65.1,64.85,71.5,0.0,0.0,0.0,200.0,0.2054,-0.147,0.0003,9.4277,-0.9363,-3.2352,65.0283,0.0,0.0,0.0,71.6500015258789,up,2026-08-20T14:16:14,0.0,0.0
SPXW,2026-11-30,101,Call,6975.0,SPXW261130C06975000,824.2,830.6,827.4000000000001,922.89,0.0,0.0,0.0,6.0,0.2032,0.8475,0.0003,9.6476,-0.9486,15.5422,826.2091,0.0,0.0,0.0,812.25,up,2026-08-07T15:58:50,0.0,0.0
SPXW,2026-11-30,101,Put,6975.0,SPXW261130P06975000,66.8,67.3,67.05,67.56,-6.49,-8.76435,2.0,117.0,0.2031,-0.1524,0.0003,9.6476,-0.9486,-3.3514,67.2334,67.56,67.56,67.56,74.0500030517578,up,2026-08-21T14:41:57,0.0,0.0
SPXW,2026-11-30,101,Call,7000.0,SPXW261130C07000000,801.8,808.2,805.0,885.31,0.0,0.0,0.0,23.0,0.2009,0.842,0.0003,9.8733,-0.9608,15.4882,803.8082,0.0,0.0,0.0,790.049987792969,down,2026-08-12T10:48:07,0.0,0.0
SPXW,2026-11-30,101,Put,7000.0,SPXW261130P07000000,69.1,69.6,69.35,76.85,0.0,0.0,0.0,646.0,0.2009,-0.1579,0.0003,9.8733,-0.9608,-3.4729,69.5308,0.0,0.0,0.0,76.4499969482422,no_change,2026-08-20T15:22:11,0.0,0.0
SPXW,2026-11-30,101,Call,7025.0,SPXW261130C07025000,779.7,785.9,782.8,865.11,0.0,0.0,0.0,44.0,0.1986,0.8362,0.0003,10.1046,-0.973,15.4278,781.5058,0.0,0.0,0.0,767.900024414062,down,2026-08-11T12:16:26,0.0,0.0
SPXW,2026-11-30,101,Put,7025.0,SPXW261130P07025000,71.5,72.0,71.75,69.32,-9.73,-12.3087,2.0,172.0,0.1986,-0.1637,0.0003,10.1046,-0.973,-3.6009,71.9265,69.32,69.32,69.32,79.0500030517578,down,2026-08-21T12:21:09,0.0,0.0
SPXW,2026-11-30,101,Call,7050.0,SPXW261130C07050000,757.4,763.6,760.5,0.0,0.0,0.0,0.0,0.0,0.1964,0.8301,0.0003,10.3401,-0.985,15.3607,759.3085,0.0,0.0,0.0,745.850006103516,no_change,,0.0,0.0
SPXW,2026-11-30,101,Put,7050.0,SPXW261130P07050000,74.0,74.5,74.25,74.9,-6.85,-8.3792,1.0,737.0,0.1963,-0.1698,0.0003,10.3401,-0.985,-3.7356,74.4275,74.9,74.9,74.9,81.75,down,2026-08-21T14:11:08,0.0,0.0
SPXW,2026-11-30,101,Call,7075.0,SPXW261130C07075000,735.3,741.5,738.4,627.82,0.0,0.0,0.0,22.0,0.1941,0.8238,0.0003,10.578,-0.9969,15.2875,737.2234,0.0,0.0,0.0,723.950012207031,down,2026-07-20T10:21:37,0.0,0.0
SPXW,2026-11-30,101,Put,7075.0,SPXW261130P07075000,76.6,77.1,76.85,79.86,-4.59,-5.43517,2.0,120.0,0.1941,-0.1761,0.0003,10.578,-0.9969,-3.8765,77.0407,79.86,79.86,79.86,84.4499969482422,down,2026-08-21T09:36:39,0.0,0.0
SPXW,2026-11-30,101,Call,7100.0,SPXW261130C07100000,713.3,719.5,716.4,811.08,0.0,0.0,0.0,9.0,0.1918,0.8173,0.0003,10.8168,-1.0086,15.209,715.2569,0.0,0.0,0.0,702.149993896484,up,2026-08-10T12:17:24,0.0,0.0
SPXW,2026-11-30,101,Put,7100.0,SPXW261130P07100000,79.3,79.8,79.55,80.11,-7.24,-8.28849,8.0,944.0,0.1918,-0.1826,0.0003,10.8168,-1.0086,-4.0226,79.7724,81.46,82.35,80.1,87.3499984741211,up,2026-08-21T11:02:07,0.0,0.0
SPXW,2026-11-30,101,Call,7125.0,SPXW261130C07125000,691.5,697.6,694.55,540.55,0.0,0.0,0.0,9.0,0.1895,0.8104,0.0004,11.0567,-1.0202,15.1258,693.4148,0.0,0.0,0.0,680.5,no_change,2026-07-30T15:49:31,0.0,0.0
SPXW,2026-11-30,101,Put,7125.0,SPXW261130P07125000,82.1,82.7,82.4,81.28,0.0,0.0,0.0,82.0,0.1896,-0.1895,0.0004,11.0567,-1.0202,-4.1734,82.6285,0.0,0.0,0.0,90.4499969482422,up,2026-08-19T11:33:39,0.0,0.0
SPXW,2026-11-30,101,Call,7150.0,SPXW261130C07150000,669.9,675.9,672.9,511.6,0.0,0.0,0.0,3.0,0.1873,0.8033,0.0004,11.2991,-1.0315,15.0375,671.7032,0.0,0.0,0.0,658.950012207031,down,2026-07-28T09:36:14,0.0,0.0
SPXW,2026-11-30,101,Put,7150.0,SPXW261130P07150000,85.1,85.6,85.35,86.1,-7.45,-7.96366,1.0,99.0,0.1874,-0.1966,0.0004,11.2991,-1.0315,-4.3293,85.6151,86.1,86.1,86.1,93.5500030517578,down,2026-08-21T14:11:08,0.0,0.0
SPXW,2026-11-30,101,Call,7175.0,SPXW261130C07175000,648.4,654.2,651.3,735.13,0.0,0.0,0.0,8.0,0.185,0.7958,0.0004,11.5458,-1.0427,14.9424,650.1294,0.0,0.0,0.0,637.550018310547,up,2026-08-07T14:04:29,0.0,0.0
SPXW,2026-11-30,101,Put,7175.0,SPXW261130P07175000,88.2,88.7,88.45,91.45,-5.4,-5.57563,4.0,150.0,0.1851,-0.204,0.0004,11.5458,-1.0427,-4.492,88.7396,91.45,91.45,91.45,96.8499984741211,no_change,2026-08-21T10:39:22,0.0,0.0
SPXW,2026-11-30,101,Call,7200.0,SPXW261130C07200000,627.0,632.7,629.85,708.54,0.0,0.0,0.0,20.0,0.1828,0.7881,0.0004,11.7973,-1.0535,14.8384,628.7031,0.0,0.0,0.0,616.350006103516,down,2026-08-12T10:06:31,0.0,0.0
SPXW,2026-11-30,101,Put,7200.0,SPXW261130P07200000,91.4,92.0,91.7,91.7,-8.65,-8.61983,3.0,471.0,0.1829,-0.2118,0.0004,11.7973,-1.0535,-4.6636,92.0115,89.9,91.7,89.9,100.349998474121,up,2026-08-21T12:07:23,0.0,0.0
SPXW,2026-11-30,101,Call,7225.0,SPXW261130C07225000,605.7,611.4,608.55,480.3,0.0,0.0,0.0,12.0,0.1805,0.78,0.0004,12.0518,-1.0641,14.7249,607.4352,0.0,0.0,0.0,595.25,down,2026-07-31T12:43:12,0.0,0.0
SPXW,2026-11-30,101,Put,7225.0,SPXW261130P07225000,94.8,95.4,95.1,96.03,-7.92,-7.61904,8.0,183.0,0.1807,-0.2199,0.0004,12.0518,-1.0641,-4.8447,95.4418,98.25,98.25,95.69,103.949996948242,up,2026-08-21T11:14:55,0.0,0.0
SPXW,2026-11-30,101,Call,7250.0,SPXW261130C07250000,584.6,590.2,587.4000000000001,627.5,0.0,0.0,0.0,27.0,0.1784,0.7715,0.0004,12.3064,-1.0743,14.6028,586.337,0.0,0.0,0.0,574.299987792969,no_change,2026-08-19T13:21:25,0.0,0.0
SPXW,2026-11-30,101,Put,7250.0,SPXW261130P07250000,98.4,99.0,98.7,98.6,-9.15,-8.49188,8.0,1140.0,0.1785,-0.2284,0.0004,12.3064,-1.0743,-5.0345,99.0419,100.75,102.11,97.88,107.75,up,2026-08-21T12:07:23,0.0,0.0
SPXW,2026-11-30,101,Call,7275.0,SPXW261130C07275000,563.7,569.3,566.5,575.46,0.0,0.0,0.0,17.0,0.1762,0.7627,0.0004,12.5588,-1.0841,14.4737,565.4186,0.0,0.0,0.0,553.650024414062,down,2026-08-20T12:28:46,0.0,0.0
SPXW,2026-11-30,101,Put,7275.0,SPXW261130P07275000,102.2,102.7,102.45,101.58,-10.17,-9.10067,1.0,37.0,0.1763,-0.2372,0.0004,12.5588,-1.0841,-5.2311,102.8217,101.58,101.58,101.58,111.75,down,2026-08-21T11:35:42,0.0,0.0
SPXW,2026-11-30,101,Call,7300.0,SPXW261130C07300000,542.8,548.5,545.65,583.92,0.0,0.0,0.0,21.0,0.174,0.7535,0.0004,12.8091,-1.0934,14.3387,544.689,0.0,0.0,0.0,533.049987792969,down,2026-08-18T12:02:23,0.0,0.0
SPXW,2026-11-30,101,Put,7300.0,SPXW261130P07300000,106.1,106.7,106.4,105.24,-10.66,-9.19758,18.0,189.0,0.1742,-0.2464,0.0004,12.8091,-1.0934,-5.4338,106.7904,106.35,106.35,105.24,115.899997711182,no_change,2026-08-21T15:30:41,0.0,0.0
SPXW,2026-11-30,101,Call,7310.0,SPXW261130C07310000,534.5,540.2,537.35,379.1,0.0,0.0,0.0,1.0,0.1731,0.7497,0.0004,12.9091,-1.097,14.2827,536.4521,0.0,0.0,0.0,524.899993896484,up,2026-07-30T09:56:49,0.0,0.0
SPXW,2026-11-30,101,Put,7310.0,SPXW261130P07310000,107.8,108.3,108.05,112.21,0.0,0.0,0.0,22.0,0.1733,-0.2502,0.0004,12.9091,-1.097,-5.5168,108.4328,0.0,0.0,0.0,117.650001525879,down,2026-08-10T09:39:29,0.0,0.0
SPXW,2026-11-30,101,Call,7320.0,SPXW261130C07320000,526.3,532.0,529.15,607.17,0.0,0.0,0.0,12.0,0.1722,0.7459,0.0005,13.0091,-1.1006,14.2254,528.2477,0.0,0.0,0.0,516.799987792969,down,2026-08-12T15:59:24,0.0,0.0
SPXW,2026-11-30,101,Put,7320.0,SPXW261130P07320000,109.4,110.0,109.7,110.47,-8.88,-7.4403,3.0,72.0,0.1724,-0.254,0.0005,13.0091,-1.1006,-5.6012,110.1077,110.47,110.47,110.47,119.349998474121,no_change,2026-08-21T14:14:37,0.0,0.0
SPXW,2026-11-30,101,Call,7325.0,SPXW261130C07325000,522.2,527.9,525.05,408.3,0.0,0.0,0.0,7.0,0.1718,0.7439,0.0005,13.0592,-1.1023,14.1961,524.1579,0.0,0.0,0.0,512.700012207031,down,2026-06-11T10:11:40,0.0,0.0
SPXW,2026-11-30,101,Put,7325.0,SPXW261130P07325000,110.3,110.9,110.6,111.27,-8.98,-7.46778,3.0,42.0,0.172,-0.256,0.0005,13.0592,-1.1023,-5.644,110.9575,111.27,111.27,111.27,120.25,no_change,2026-08-21T14:14:37,0.0,0.0
SPXW,2026-11-30,101,Call,7330.0,SPXW261130C07330000,518.2,523.8,521.0,601.19,0.0,0.0,0.0,24.0,0.1714,0.7419,0.0005,13.1094,-1.104,14.1664,520.0766,0.0,0.0,0.0,508.699996948242,down,2026-08-12T13:42:15,0.0,0.0
SPXW,2026-11-30,101,Put,7330.0,SPXW261130P07330000,111.1,111.7,111.4,151.74,0.0,0.0,0.0,29.0,0.1716,-0.258,0.0005,13.1094,-1.104,-5.6872,111.8158,0.0,0.0,0.0,121.150001525879,down,2026-08-03T10:52:34,0.0,0.0
SPXW,2026-11-30,101,Call,7340.0,SPXW261130C07340000,510.0,515.6,512.8,623.54,0.0,0.0,0.0,21.0,0.1705,0.738,0.0005,13.2099,-1.1074,14.1056,511.9397,0.0,0.0,0.0,500.649993896484,up,2026-08-13T09:47:46,0.0,0.0
SPXW,2026-11-30,101,Put,7340.0,SPXW261130P07340000,112.9,113.4,113.15,108.23,-14.77,-12.0081,1.0,80.0,0.1708,-0.2619,0.0005,13.2099,-1.1074,-5.7751,113.5582,108.23,108.23,108.23,123.0,down,2026-08-21T12:21:09,0.0,0.0
SPXW,2026-11-30,101,Call,7350.0,SPXW261130C07350000,501.9,507.5,504.7,607.12,0.0,0.0,0.0,9.0,0.1696,0.7339,0.0005,13.3106,-1.1107,14.0428,503.838,0.0,0.0,0.0,492.599990844727,up,2026-08-14T14:10:17,0.0,0.0
SPXW,2026-11-30,101,Put,7350.0,SPXW261130P07350000,114.6,115.2,114.9,114.85,-10.0,-8.00961,152.0,1529.0,0.1699,-0.266,0.0005,13.3106,-1.1107,-5.8649,115.3358,118.0,118.03,114.85,124.849998474121,down,2026-08-21T13:49:49,0.0,0.0
SPXW,2026-11-30,101,Call,7360.0,SPXW261130C07360000,493.9,499.4,496.65,629.37,0.0,0.0,0.0,34.0,0.1688,0.7298,0.0005,13.4113,-1.1138,13.9779,495.7726,0.0,0.0,0.0,484.649993896484,up,2026-08-13T10:31:12,0.0,0.0
SPXW,2026-11-30,101,Put,7360.0,SPXW261130P07360000,116.4,117.0,116.7,125.9,0.0,0.0,0.0,13.0,0.1691,-0.2701,0.0005,13.4113,-1.1138,-5.9568,117.1497,0.0,0.0,0.0,126.75,up,2026-08-20T14:32:03,0.0,0.0
SPXW,2026-11-30,101,Call,7370.0,SPXW261130C07370000,485.8,491.4,488.6,594.29,0.0,0.0,0.0,79.0,0.1679,0.7256,0.0005,13.5118,-1.1169,13.911,487.7445,0.0,0.0,0.0,476.699996948242,up,2026-08-14T11:30:29,0.0,0.0
SPXW,2026-11-30,101,Put,7370.0,SPXW261130P07370000,118.3,118.9,118.6,115.39,0.0,0.0,0.0,260.0,0.1682,-0.2743,0.0005,13.5118,-1.1169,-6.0508,119.001,0.0,0.0,0.0,128.699996948242,down,2026-08-19T11:51:48,0.0,0.0
SPXW,2026-11-30,101,Call,7375.0,SPXW261130C07375000,481.8,487.4,484.6,480.35,7.6,1.60761,3.0,25.0,0.1675,0.7235,0.0005,13.5619,-1.1184,13.8768,483.7449,480.35,480.35,480.35,472.75,no_change,2026-08-21T10:27:36,0.0,0.0
SPXW,2026-11-30,101,Put,7375.0,SPXW261130P07375000,119.2,119.8,119.5,128.8,0.0,0.0,0.0,129.0,0.1678,-0.2764,0.0005,13.5619,-1.1184,-6.0985,119.941,0.0,0.0,0.0,129.699996948242,up,2026-08-20T14:32:03,0.0,0.0
SPXW,2026-11-30,101,Call,7380.0,SPXW261130C07380000,477.8,483.4,480.6,476.51,7.71,1.64462,3.0,81.0,0.1671,0.7213,0.0005,13.6118,-1.1199,13.8421,479.7549,476.51,476.51,476.51,468.800003051758,no_change,2026-08-21T10:27:36,0.0,0.0
SPXW,2026-11-30,101,Put,7380.0,SPXW261130P07380000,120.2,120.8,120.5,129.58,0.0,0.0,0.0,12.0,0.1673,-0.2786,0.0005,13.6118,-1.1199,-6.1467,120.8907,0.0,0.0,0.0,130.649993896484,up,2026-08-06T14:21:42,0.0,0.0
SPXW,2026-11-30,101,Call,7390.0,SPXW261130C07390000,469.9,475.4,472.65,568.2,0.0,0.0,0.0,43.0,0.1663,0.717,0.0005,13.7111,-1.1227,13.7716,471.8048,0.0,0.0,0.0,460.899993896484,down,2026-08-17T12:15:57,0.0,0.0
SPXW,2026-11-30,101,Put,7390.0,SPXW261130P07390000,122.1,122.7,122.4,126.05,0.0,0.0,0.0,31.0,0.1665,-0.2829,0.0005,13.7111,-1.1227,-6.2443,122.8198,0.0,0.0,0.0,132.699996948242,no_change,2026-08-11T12:10:52,0.0,0.0
SPXW,2026-11-30,101,Call,7400.0,SPXW261130C07400000,462.0,467.4,464.7,550.68,0.0,0.0,0.0,429.0,0.1655,0.7126,0.0005,13.8093,-1.1255,13.6994,463.895,0.0,0.0,0.0,453.050003051758,down,2026-08-17T13:21:53,0.0,0.0
SPXW,2026-11-30,101,Put,7400.0,SPXW261130P07400000,124.1,124.7,124.4,123.59,-11.16,-8.282,21.0,162.0,0.1657,-0.2873,0.0005,13.8093,-1.1255,-6.3435,124.7894,122.2,123.59,122.2,134.75,up,2026-08-21T13:08:34,0.0,0.0
SPXW,2026-11-30,101,Call,7410.0,SPXW261130C07410000,454.1,459.5,456.8,462.24,16.94,3.80418,22.0,3.0,0.1646,0.7081,0.0005,13.9063,-1.1281,13.6259,456.0265,459.36,462.24,454.11,445.300003051758,up,2026-08-21T15:38:20,0.0,0.0
SPXW,2026-11-30,101,Put,7410.0,SPXW261130P07410000,126.1,126.7,126.4,229.6,0.0,0.0,0.0,26.0,0.1648,-0.2918,0.0005,13.9063,-1.1281,-6.444,126.8001,0.0,0.0,0.0,136.900001525879,down,2026-07-30T13:41:55,0.0,0.0
SPXW,2026-11-30,101,Call,7420.0,SPXW261130C07420000,446.3,451.7,449.0,454.6,16.9,3.86109,18.0,3.0,0.1638,0.7036,0.0005,14.0019,-1.1306,13.5513,448.2,449.36,459.09,446.34,437.699996948242,down,2026-08-21T15:44:04,0.0,0.0
SPXW,2026-11-30,101,Put,7420.0,SPXW261130P07420000,128.1,128.7,128.39999999999998,135.47,0.0,0.0,0.0,30.0,0.164,-0.2963,0.0005,14.0019,-1.1306,-6.5457,128.8529,0.0,0.0,0.0,139.0,down,2026-08-18T11:10:18,0.0,0.0
SPXW,2026-11-30,101,Call,7425.0,SPXW261130C07425000,442.4,447.8,445.1,326.0,0.0,0.0,0.0,8.0,0.1634,0.7013,0.0005,14.0492,-1.1318,13.5137,444.3027,0.0,0.0,0.0,433.800003051758,up,2026-07-28T11:21:16,0.0,0.0
SPXW,2026-11-30,101,Put,7425.0,SPXW261130P07425000,129.1,129.8,129.45,136.47,0.0,0.0,0.0,71.0,0.1636,-0.2986,0.0005,14.0492,-1.1318,-6.5968,129.8953,0.0,0.0,0.0,140.050003051758,up,2026-08-18T11:10:18,0.0,0.0
SPXW,2026-11-30,101,Call,7430.0,SPXW261130C07430000,438.5,443.9,441.2,440.0,10.0,2.32558,11.0,37.0,0.163,0.6989,0.0005,14.0962,-1.1329,13.4757,440.4162,439.4,448.31,439.4,430.0,up,2026-08-21T14:12:02,0.0,0.0
SPXW,2026-11-30,101,Put,7430.0,SPXW261130P07430000,130.2,130.8,130.5,119.1,0.0,0.0,0.0,35.0,0.1632,-0.301,0.0005,14.0962,-1.1329,-6.6483,130.9484,0.0,0.0,0.0,141.149993896484,up,2026-08-13T11:21:38,0.0,0.0
SPXW,2026-11-30,101,Call,7440.0,SPXW261130C07440000,430.7,436.1,433.4,433.24,10.94,2.59057,18.0,22.0,0.1624,0.6942,0.0005,14.1892,-1.1352,13.399,432.676,434.52,440.0,433.24,422.300003051758,down,2026-08-21T16:11:29,0.0,0.0
SPXW,2026-11-30,101,Put,7440.0,SPXW261130P07440000,132.3,132.9,132.60000000000002,136.7,-6.7,-4.67225,1.0,27.0,0.1624,-0.3057,0.0005,14.1892,-1.1352,-6.7521,133.0875,136.7,136.7,136.7,143.400001525879,up,2026-08-21T09:36:39,0.0,0.0
SPXW,2026-11-30,101,Call,7450.0,SPXW261130C07450000,425.4,426.1,425.75,425.91,11.21,2.70316,10.0,12.0,0.1616,0.6895,0.0005,14.2811,-1.1373,13.321,424.98,427.3,432.81,424.18,414.699996948242,down,2026-08-21T16:00:05,0.0,0.0
SPXW,2026-11-30,101,Put,7450.0,SPXW261130P07450000,134.5,135.1,134.8,133.78,-11.87,-8.14967,4.0,386.0,0.1616,-0.3104,0.0005,14.2811,-1.1373,-6.8571,135.2708,135.07,135.59,133.78,145.649993896484,down,2026-08-21T12:04:18,0.0,0.0
SPXW,2026-11-30,101,Call,7460.0,SPXW261130C07460000,417.6,418.5,418.05,417.8,10.7,2.62835,8.0,10.0,0.1608,0.6846,0.0006,14.372,-1.1393,13.2414,417.3293,416.68,424.65,416.25,407.099990844727,down,2026-08-21T16:02:00,0.0,0.0
SPXW,2026-11-30,101,Put,7460.0,SPXW261130P07460000,136.7,137.3,137.0,146.36,0.0,0.0,0.0,38.0,0.1608,-0.3153,0.0006,14.372,-1.1393,-6.9638,137.4994,0.0,0.0,0.0,147.949996948242,down,2026-08-05T11:33:09,0.0,0.0
SPXW,2026-11-30,101,Call,7470.0,SPXW261130C07470000,410.1,410.8,410.45000000000005,410.29,10.69,2.67517,2.0,61.0,0.16,0.6797,0.0006,14.4622,-1.1411,13.1599,409.7249,410.29,410.29,410.29,399.600006103516,down,2026-08-21T16:02:00,0.0,0.0
SPXW,2026-11-30,101,Put,7470.0,SPXW261130P07470000,139.0,139.6,139.3,139.2,-11.1,-7.38523,5.0,14.0,0.1599,-0.3202,0.0006,14.4622,-1.1411,-7.0724,139.7743,139.2,139.2,139.2,150.300003051758,down,2026-08-21T13:51:38,0.0,0.0
SPXW,2026-11-30,101,Call,7475.0,SPXW261130C07475000,406.2,407.1,406.65,444.5,0.0,0.0,0.0,36.0,0.1596,0.6772,0.0006,14.5069,-1.142,13.1183,405.9405,0.0,0.0,0.0,395.900009155273,no_change,2026-08-19T13:21:25,0.0,0.0
SPXW,2026-11-30,101,Put,7475.0,SPXW261130P07475000,140.1,140.8,140.45,141.93,0.0,0.0,0.0,43.0,0.1595,-0.3227,0.0006,14.5069,-1.142,-7.1275,140.9295,0.0,0.0,0.0,151.5,up,2026-08-20T10:45:02,0.0,0.0
SPXW,2026-11-30,101,Call,7480.0,SPXW261130C07480000,402.6,403.2,402.9,476.86,0.0,0.0,0.0,67.0,0.1591,0.6747,0.0006,14.5514,-1.1428,13.0761,402.1681,0.0,0.0,0.0,392.099990844727,down,2026-08-12T12:06:01,0.0,0.0
SPXW,2026-11-30,101,Put,7480.0,SPXW261130P07480000,141.3,141.9,141.60000000000002,134.5,0.0,0.0,0.0,43.0,0.1591,-0.3252,0.0006,14.5514,-1.1428,-7.1832,142.0968,0.0,0.0,0.0,152.75,down,2026-08-19T12:03:22,0.0,0.0
SPXW,2026-11-30,101,Call,7490.0,SPXW261130C07490000,394.8,395.7,395.25,438.3,0.0,0.0,0.0,83.0,0.1584,0.6696,0.0006,14.6398,-1.1443,12.9898,394.6603,0.0,0.0,0.0,384.699996948242,down,2026-08-19T13:06:31,0.0,0.0
SPXW,2026-11-30,101,Put,7490.0,SPXW261130P07490000,143.7,144.3,144.0,149.55,0.0,0.0,0.0,19.0,0.1583,-0.3303,0.0006,14.6398,-1.1443,-7.2965,144.4683,0.0,0.0,0.0,155.199996948242,down,2026-08-05T10:50:27,0.0,0.0
SPXW,2026-11-30,101,Call,7500.0,SPXW261130C07500000,387.6,388.3,387.95000000000005,419.4,0.0,0.0,0.0,48.0,0.1576,0.6644,0.0006,14.7271,-1.1456,12.901,387.2028,0.0,0.0,0.0,377.350006103516,no_change,2026-08-18T13:59:23,0.0,0.0
SPXW,2026-11-30,101,Put,7500.0,SPXW261130P07500000,146.1,146.7,146.39999999999998,145.95,-11.75,-7.45085,5.0,711.0,0.1575,-0.3355,0.0006,14.7271,-1.1456,-7.4123,146.8901,145.95,145.95,145.95,157.699996948242,no_change,2026-08-21T15:06:59,0.0,0.0
SPXW,2026-11-30,101,Call,7510.0,SPXW261130C07510000,380.1,380.8,380.45000000000005,366.3,0.0,0.0,0.0,27.0,0.1568,0.6592,0.0006,14.813,-1.1468,12.8098,379.7972,0.0,0.0,0.0,370.050003051758,up,2026-08-20T15:59:00,0.0,0.0
SPXW,2026-11-30,101,Put,7510.0,SPXW261130P07510000,148.6,149.2,148.89999999999998,142.05,0.0,0.0,0.0,102.0,0.1567,-0.3407,0.0006,14.813,-1.1468,-7.5306,149.3637,0.0,0.0,0.0,160.25,up,2026-08-17T15:02:28,0.0,0.0
SPXW,2026-11-30,101,Call,7520.0,SPXW261130C07520000,372.6,373.5,373.05,448.57,0.0,0.0,0.0,6.0,0.1558,0.6539,0.0006,14.8971,-1.1478,12.7163,372.4447,0.0,0.0,0.0,362.75,down,2026-08-17T15:02:28,0.0,0.0
SPXW,2026-11-30,101,Put,7520.0,SPXW261130P07520000,151.1,151.7,151.39999999999998,144.25,0.0,0.0,0.0,47.0,0.156,-0.346,0.0006,14.8971,-1.1478,-7.6511,151.8906,0.0,0.0,0.0,162.900001525879,down,2026-08-17T15:02:28,0.0,0.0
SPXW,2026-11-30,101,Call,7525.0,SPXW261130C07525000,369.1,369.8,369.45000000000005,444.72,0.0,0.0,0.0,32.0,0.1556,0.6512,0.0006,14.9384,-1.1483,12.669,368.7888,0.0,0.0,0.0,359.099990844727,up,2026-08-17T15:02:28,0.0,0.0
SPXW,2026-11-30,101,Put,7525.0,SPXW261130P07525000,152.4,153.0,152.7,155.4,-8.8,-5.35932,2.0,102.0,0.1556,-0.3487,0.0006,14.9384,-1.1483,-7.712,153.1743,155.4,155.4,155.4,164.199996948242,down,2026-08-21T10:29:14,0.0,0.0
SPXW,2026-11-30,101,Call,7530.0,SPXW261130C07530000,365.4,366.2,365.79999999999995,362.2,6.7,1.88467,5.0,22.0,0.1551,0.6485,0.0006,14.9791,-1.1487,12.6211,365.1466,362.2,362.2,362.2,355.5,up,2026-08-21T10:27:47,0.0,0.0
SPXW,2026-11-30,101,Put,7530.0,SPXW261130P07530000,153.7,154.3,154.0,217.0,0.0,0.0,0.0,26.0,0.1552,-0.3514,0.0006,14.9791,-1.1487,-7.7734,154.4718,0.0,0.0,0.0,165.550003051758,down,2026-08-03T09:35:16,0.0,0.0
SPXW,2026-11-30,101,Call,7540.0,SPXW261130C07540000,358.2,358.9,358.54999999999995,419.4,0.0,0.0,0.0,23.0,0.1544,0.643,0.0006,15.0588,-1.1493,12.5245,357.9041,0.0,0.0,0.0,348.449996948242,down,2026-08-06T11:32:00,0.0,0.0
SPXW,2026-11-30,101,Put,7540.0,SPXW261130P07540000,156.3,156.9,156.60000000000002,160.7,0.0,0.0,0.0,27.0,0.1544,-0.3569,0.0006,15.0588,-1.1493,-7.897,157.1085,0.0,0.0,0.0,168.300003051758,down,2026-08-05T10:19:35,0.0,0.0
SPXW,2026-11-30,101,Call,7550.0,SPXW261130C07550000,351.0,351.7,351.35,447.95,0.0,0.0,0.0,15.0,0.1536,0.6374,0.0006,15.1358,-1.1498,12.4268,350.7179,0.0,0.0,0.0,341.25,down,2026-08-14T11:26:42,0.0,0.0
SPXW,2026-11-30,101,Put,7550.0,SPXW261130P07550000,159.0,159.6,159.3,160.12,-10.93,-6.38995,6.0,54.0,0.1536,-0.3625,0.0006,15.1358,-1.1498,-8.0218,159.8016,158.4,160.12,158.4,171.050003051758,up,2026-08-21T14:44:27,0.0,0.0
SPXW,2026-11-30,101,Call,7560.0,SPXW261130C07560000,343.8,344.6,344.20000000000005,358.0,23.7,7.08944,12.0,26.0,0.1529,0.6318,0.0006,15.2103,-1.15,12.3281,343.589,346.4,358.0,346.4,334.300003051758,up,2026-08-21T11:48:04,0.0,0.0
SPXW,2026-11-30,101,Put,7560.0,SPXW261130P07560000,161.7,162.3,162.0,159.73,-14.17,-8.14836,8.0,37.0,0.1528,-0.3681,0.0006,15.2103,-1.15,-8.1475,162.5521,157.5,159.73,157.5,173.900001525879,up,2026-08-21T15:46:46,0.0,0.0
SPXW,2026-11-30,101,Call,7570.0,SPXW261130C07570000,336.6,337.5,337.05,350.8,23.5,7.17996,12.0,16.0,0.1521,0.6261,0.0006,15.2822,-1.1501,12.2283,336.5183,340.01,350.8,340.01,327.300003051758,up,2026-08-21T11:47:56,0.0,0.0
SPXW,2026-11-30,101,Put,7570.0,SPXW261130P07570000,164.5,165.1,164.8,161.74,-15.06,-8.5181,12.0,42.0,0.1521,-0.3738,0.0006,15.2822,-1.1501,-8.2744,165.3606,169.91,169.91,161.74,176.800003051758,down,2026-08-21T15:49:12,0.0,0.0
SPXW,2026-11-30,101,Call,7575.0,SPXW261130C07575000,333.3,333.9,333.6,336.95,13.1,4.04508,8.0,81.0,0.1517,0.6232,0.0006,15.3172,-1.1501,12.1779,333.005,334.14,336.95,334.14,323.850006103516,up,2026-08-21T11:09:31,0.0,0.0
SPXW,2026-11-30,101,Put,7575.0,SPXW261130P07575000,165.9,166.5,166.2,165.0,-13.35,-7.48528,14.0,60.0,0.1517,-0.3767,0.0006,15.3172,-1.1501,-8.3383,166.787,168.75,170.9,165.0,178.349998474121,down,2026-08-21T15:01:01,0.0,0.0
SPXW,2026-11-30,101,Call,7580.0,SPXW261130C07580000,329.7,330.4,330.04999999999995,333.37,12.97,4.04806,8.0,52.0,0.1513,0.6203,0.0006,15.3517,-1.15,12.1271,329.5067,335.29,335.29,333.37,320.400009155273,down,2026-08-21T11:09:31,0.0,0.0
SPXW,2026-11-30,101,Put,7580.0,SPXW261130P07580000,167.4,168.0,167.7,166.3,-13.5,-7.50834,11.0,131.0,0.1513,-0.3796,0.0006,15.3517,-1.15,-8.4026,168.2283,163.03,168.4,163.03,179.800003051758,down,2026-08-21T15:00:47,0.0,0.0
SPXW,2026-11-30,101,Call,7590.0,SPXW261130C07590000,322.8,323.5,323.15,318.27,4.77,1.52153,4.0,29.0,0.1506,0.6144,0.0006,15.4188,-1.1496,12.0241,322.5554,318.27,318.27,318.27,313.5,down,2026-08-21T09:52:25,0.0,0.0
SPXW,2026-11-30,101,Put,7590.0,SPXW261130P07590000,170.3,170.9,170.60000000000002,171.17,-11.68,-6.38775,6.0,102.0,0.1505,-0.3855,0.0006,15.4188,-1.1496,-8.5326,171.1563,169.44,171.17,169.44,182.849998474121,up,2026-08-21T14:05:55,0.0,0.0
SPXW,2026-11-30,101,Call,7600.0,SPXW261130C07600000,315.9,316.6,316.25,324.24,0.0,0.0,0.0,359.0,0.1498,0.6084,0.0006,15.4836,-1.1491,11.9187,315.6658,0.0,0.0,0.0,306.75,down,2026-08-20T12:33:46,0.0,0.0
SPXW,2026-11-30,101,Put,7600.0,SPXW261130P07600000,173.3,173.9,173.60000000000002,172.46,-13.49,-7.25464,28.0,487.0,0.1498,-0.3915,0.0006,15.4836,-1.1491,-8.6651,174.146,176.46,176.46,172.09,185.950004577637,up,2026-08-21T15:27:55,0.0,0.0
SPXW,2026-11-30,101,Call,7610.0,SPXW261130C07610000,309.0,309.7,309.35,317.4,0.0,0.0,0.0,67.0,0.1491,0.6024,0.0006,15.546,-1.1483,11.8107,308.8396,0.0,0.0,0.0,300.0,down,2026-08-20T12:33:48,0.0,0.0
SPXW,2026-11-30,101,Put,7610.0,SPXW261130P07610000,176.3,176.9,176.60000000000002,176.99,-12.01,-6.3545,10.0,17.0,0.1491,-0.3975,0.0006,15.546,-1.1483,-8.8002,177.1991,171.59,176.99,171.59,189.0,up,2026-08-21T14:05:40,0.0,0.0
SPXW,2026-11-30,101,Call,7620.0,SPXW261130C07620000,302.2,303.0,302.6,298.31,5.11,1.74284,4.0,20.0,0.1483,0.5963,0.0006,15.6058,-1.1473,11.6997,302.0784,298.31,298.31,298.31,293.199996948242,down,2026-08-21T09:53:21,0.0,0.0
SPXW,2026-11-30,101,Put,7620.0,SPXW261130P07620000,179.4,180.1,179.75,178.52,-13.68,-7.11758,8.0,21.0,0.1483,-0.4036,0.0006,15.6058,-1.1473,-8.9381,180.3172,178.21,178.52,178.21,192.199996948242,up,2026-08-21T15:01:06,0.0,0.0
SPXW,2026-11-30,101,Call,7625.0,SPXW261130C07625000,298.9,299.6,299.25,307.9,0.0,0.0,0.0,45.0,0.148,0.5932,0.0006,15.6347,-1.1467,11.6432,298.7228,0.0,0.0,0.0,289.949996948242,down,2026-08-20T11:47:57,0.0,0.0
SPXW,2026-11-30,101,Put,7625.0,SPXW261130P07625000,181.0,181.6,181.3,181.45,-12.5,-6.44496,10.0,32.0,0.148,-0.4067,0.0006,15.6347,-1.1467,-9.0082,181.9013,184.84,184.84,180.04,193.950004577637,up,2026-08-21T14:05:26,0.0,0.0
SPXW,2026-11-30,101,Call,7630.0,SPXW261130C07630000,295.5,296.3,295.9,307.49,0.0,0.0,0.0,34.0,0.1476,0.5901,0.0006,15.6628,-1.146,11.5861,295.3841,0.0,0.0,0.0,286.600006103516,down,2026-08-20T09:30:06,0.0,0.0
SPXW,2026-11-30,101,Put,7630.0,SPXW261130P07630000,182.6,183.2,182.89999999999998,181.44,-14.06,-7.19182,12.0,9.0,0.1476,-0.4098,0.0006,15.6628,-1.146,-9.0788,183.5022,181.34,183.28,181.34,195.5,down,2026-08-21T15:00:17,0.0,0.0
SPXW,2026-11-30,101,Call,7640.0,SPXW261130C07640000,288.9,289.6,289.25,297.15,0.0,0.0,0.0,21.0,0.1469,0.5838,0.0007,15.7166,-1.1446,11.4704,288.7581,0.0,0.0,0.0,280.199996948242,down,2026-08-20T12:33:46,0.0,0.0
SPXW,2026-11-30,101,Put,7640.0,SPXW261130P07640000,185.8,186.5,186.15,185.21,-13.69,-6.88286,12.0,25.0,0.1469,-0.4161,0.0007,15.7166,-1.1446,-9.2216,186.7555,180.77,186.55,180.77,198.900001525879,down,2026-08-21T14:59:49,0.0,0.0
SPXW,2026-11-30,101,Call,7650.0,SPXW261130C07650000,282.3,283.1,282.70000000000005,279.02,5.27,1.92511,4.0,31.0,0.1462,0.5775,0.0007,15.7669,-1.1428,11.3528,282.2018,279.02,279.02,279.02,273.75,up,2026-08-21T09:52:15,0.0,0.0
SPXW,2026-11-30,101,Put,7650.0,SPXW261130P07650000,189.2,189.8,189.5,185.86,-16.44,-8.12655,9.0,130.0,0.1462,-0.4224,0.0007,15.7669,-1.1428,-9.3662,190.0785,192.53,192.53,184.83,202.300003051758,up,2026-08-21T15:49:12,0.0,0.0
SPXW,2026-11-30,101,Call,7660.0,SPXW261130C07660000,275.8,276.6,276.20000000000005,283.35,0.0,0.0,0.0,23.0,0.1455,0.571,0.0007,15.8135,-1.1408,11.2343,275.7163,0.0,0.0,0.0,267.300003051758,down,2026-08-20T12:33:17,0.0,0.0
SPXW,2026-11-30,101,Put,7660.0,SPXW261130P07660000,192.5,193.2,192.85,188.38,-17.42,-8.46453,6.0,16.0,0.1455,-0.4289,0.0007,15.8135,-1.1408,-9.5118,193.4723,199.92,199.92,188.38,205.800003051758,down,2026-08-21T11:44:44,0.0,0.0
SPXW,2026-11-30,101,Call,7670.0,SPXW261130C07670000,269.4,270.1,269.75,257.94,0.0,0.0,0.0,703.0,0.1448,0.5645,0.0007,15.8563,-1.1386,11.115,269.3024,0.0,0.0,0.0,261.0,down,2026-08-20T16:09:13,0.0,0.0
SPXW,2026-11-30,101,Put,7670.0,SPXW261130P07670000,196.0,196.7,196.35,197.79,-11.61,-5.54441,9.0,51.0,0.1448,-0.4354,0.0007,15.8563,-1.1386,-9.6581,196.9377,201.53,201.53,197.79,209.400001525879,down,2026-08-21T10:10:53,0.0,0.0
SPXW,2026-11-30,101,Call,7675.0,SPXW261130C07675000,266.2,267.0,266.6,267.0,9.15,3.54858,1.0,31.0,0.1445,0.5613,0.0007,15.8762,-1.1374,11.0552,266.1226,267.0,267.0,267.0,257.849990844727,up,2026-08-21T14:01:32,0.0,0.0
SPXW,2026-11-30,101,Put,7675.0,SPXW261130P07675000,197.7,198.4,198.05,198.42,-12.78,-6.05114,8.0,38.0,0.1444,-0.4386,0.0007,15.8762,-1.1374,-9.7314,198.6975,202.52,202.52,196.4,211.199996948242,up,2026-08-21T13:57:53,0.0,0.0
SPXW,2026-11-30,101,Call,7680.0,SPXW261130C07680000,263.1,263.8,263.45000000000005,266.93,12.13,4.7606,4.0,22.0,0.1441,0.558,0.0007,15.8951,-1.1361,10.9952,262.961,266.93,266.93,266.93,254.799995422363,no_change,2026-08-21T15:30:04,0.0,0.0
SPXW,2026-11-30,101,Put,7680.0,SPXW261130P07680000,199.5,200.2,199.85,199.84,-13.16,-6.1784,3.0,73.0,0.1442,-0.4419,0.0007,15.8951,-1.1361,-9.805,200.4756,199.84,199.84,199.84,213.0,down,2026-08-21T11:27:08,0.0,0.0
SPXW,2026-11-30,101,Call,7690.0,SPXW261130C07690000,256.8,257.5,257.15,272.78,0.0,0.0,0.0,204.0,0.1434,0.5513,0.0007,15.93,-1.1334,10.8743,256.6929,0.0,0.0,0.0,248.599998474121,down,2026-08-20T09:49:29,0.0,0.0
SPXW,2026-11-30,101,Put,7690.0,SPXW261130P07690000,203.1,203.8,203.45,202.18,-14.52,-6.70051,10.0,36.0,0.1434,-0.4486,0.0007,15.93,-1.1334,-9.9528,204.0868,203.0,204.27,198.75,216.699996948242,down,2026-08-21T14:59:07,0.0,0.0
SPXW,2026-11-30,101,Call,7700.0,SPXW261130C07700000,250.6,251.3,250.95,255.53,13.03,5.3732,16.0,332.0,0.1428,0.5446,0.0007,15.9611,-1.1304,10.752,250.4992,255.58,255.58,255.53,242.5,down,2026-08-21T15:30:41,0.0,0.0
SPXW,2026-11-30,101,Put,7700.0,SPXW261130P07700000,206.8,207.5,207.15,206.5,-14.0,-6.34921,19.0,331.0,0.1427,-0.4553,0.0007,15.9611,-1.1304,-10.1022,207.7724,209.9,209.9,202.3,220.5,up,2026-08-21T15:53:21,0.0,0.0
SPXW,2026-11-30,101,Call,7710.0,SPXW261130C07710000,244.5,245.2,244.85,259.3,0.0,0.0,0.0,111.0,0.1421,0.5379,0.0007,15.9882,-1.1271,10.6275,244.3813,0.0,0.0,0.0,236.5,down,2026-08-20T10:49:45,0.0,0.0
SPXW,2026-11-30,101,Put,7710.0,SPXW261130P07710000,210.6,211.3,210.95,210.35,-14.05,-6.26114,4.0,21.0,0.1421,-0.462,0.0007,15.9882,-1.1271,-10.2538,211.5337,210.35,210.35,210.35,224.400001525879,down,2026-08-21T11:27:33,0.0,0.0
SPXW,2026-11-30,101,Call,7720.0,SPXW261130C07720000,238.4,239.1,238.75,272.14,0.0,0.0,0.0,28.0,0.1415,0.531,0.0007,16.0112,-1.1236,10.5003,238.3407,0.0,0.0,0.0,230.650001525879,down,2026-08-19T15:13:43,0.0,0.0
SPXW,2026-11-30,101,Put,7720.0,SPXW261130P07720000,214.4,215.1,214.75,209.6,-18.7,-8.19098,4.0,27.0,0.1414,-0.4689,0.0007,16.0112,-1.1236,-10.408,215.3725,209.6,209.6,209.6,228.300003051758,down,2026-08-21T11:44:50,0.0,0.0
SPXW,2026-11-30,101,Call,7725.0,SPXW261130C07725000,235.4,236.1,235.75,231.1,0.0,0.0,0.0,55.0,0.1411,0.5276,0.0007,16.0211,-1.1217,10.4357,235.35,0.0,0.0,0.0,227.650001525879,down,2026-08-20T14:50:35,0.0,0.0
SPXW,2026-11-30,101,Put,7725.0,SPXW261130P07725000,216.4,217.0,216.7,215.46,-14.84,-6.44377,4.0,145.0,0.1411,-0.4723,0.0007,16.0211,-1.1217,-10.4862,217.3214,215.46,215.46,215.46,230.300003051758,down,2026-08-21T15:07:13,0.0,0.0
SPXW,2026-11-30,101,Call,7730.0,SPXW261130C07730000,232.5,233.2,232.85,264.0,0.0,0.0,0.0,61.0,0.1408,0.5241,0.0007,16.0299,-1.1198,10.3704,232.3793,0.0,0.0,0.0,224.699996948242,down,2026-08-19T15:00:44,0.0,0.0
SPXW,2026-11-30,101,Put,7730.0,SPXW261130P07730000,218.3,219.0,218.65,219.08,-13.27,-5.71121,8.0,23.0,0.1408,-0.4758,0.0007,16.0299,-1.1198,-10.565,219.2904,212.96,219.08,212.96,232.349998474121,up,2026-08-21T14:05:40,0.0,0.0
SPXW,2026-11-30,101,Call,7740.0,SPXW261130C07740000,226.6,227.3,226.95,256.93,0.0,0.0,0.0,34.0,0.1402,0.5171,0.0007,16.0442,-1.1157,10.2378,226.4989,0.0,0.0,0.0,218.849998474121,down,2026-08-19T13:22:41,0.0,0.0
SPXW,2026-11-30,101,Put,7740.0,SPXW261130P07740000,222.3,223.0,222.65,222.75,-13.65,-5.77411,10.0,23.0,0.1402,-0.4828,0.0007,16.0442,-1.1157,-10.7246,223.2892,216.89,222.75,216.89,236.400001525879,up,2026-08-21T13:32:28,0.0,0.0
SPXW,2026-11-30,101,Call,7750.0,SPXW261130C07750000,220.8,221.5,221.15,227.07,13.92,6.53061,2.0,556.0,0.1395,0.5101,0.0007,16.0538,-1.1113,10.1036,220.7007,228.62,228.62,227.07,213.150001525879,down,2026-08-21T12:38:51,0.0,0.0
SPXW,2026-11-30,101,Put,7750.0,SPXW261130P07750000,226.4,227.1,226.75,233.8,0.0,0.0,0.0,516.0,0.1395,-0.4898,0.0007,16.0538,-1.1113,-10.8859,227.3703,0.0,0.0,0.0,240.599998474121,up,2026-08-20T13:45:49,0.0,0.0
SPXW,2026-11-30,101,Call,7760.0,SPXW261130C07760000,215.0,215.8,215.4,250.8,0.0,0.0,0.0,20.0,0.1389,0.503,0.0007,16.0588,-1.1067,9.9683,214.9859,0.0,0.0,0.0,207.599998474121,down,2026-08-19T09:40:27,0.0,0.0
SPXW,2026-11-30,101,Put,7760.0,SPXW261130P07760000,230.6,231.3,230.95,225.2,-19.7,-8.0441,8.0,32.0,0.1389,-0.4969,0.0007,16.0588,-1.1067,-11.0482,231.5348,225.2,225.2,225.2,244.900001525879,up,2026-08-21T11:56:07,0.0,0.0
SPXW,2026-11-30,101,Call,7770.0,SPXW261130C07770000,209.4,210.1,209.75,217.04,0.0,0.0,0.0,69.0,0.1383,0.4959,0.0007,16.0589,-1.1017,9.8328,209.3552,0.0,0.0,0.0,202.0,down,2026-08-20T11:43:09,0.0,0.0
SPXW,2026-11-30,101,Put,7770.0,SPXW261130P07770000,234.8,235.5,235.15,240.2,0.0,0.0,0.0,44.0,0.1383,-0.504,0.0007,16.0589,-1.1017,-11.2108,235.7834,0.0,0.0,0.0,249.25,up,2026-08-20T11:43:09,0.0,0.0
SPXW,2026-11-30,101,Call,7775.0,SPXW261130C07775000,206.6,207.3,206.95,235.24,0.0,0.0,0.0,59.0,0.138,0.4923,0.0007,16.0572,-1.0991,9.765,206.5714,0.0,0.0,0.0,199.400001525879,down,2026-08-18T14:45:29,0.0,0.0
SPXW,2026-11-30,101,Put,7775.0,SPXW261130P07775000,237.0,237.7,237.35,242.43,0.0,0.0,0.0,104.0,0.138,-0.5076,0.0007,16.0572,-1.0991,-11.292,237.9393,0.0,0.0,0.0,251.5,up,2026-08-20T13:18:44,0.0,0.0
SPXW,2026-11-30,101,Call,7780.0,SPXW261130C07780000,203.9,204.6,204.25,208.05,11.45,5.82401,1.0,7.0,0.1377,0.4887,0.0007,16.0542,-1.0965,9.6973,203.8088,208.05,208.05,208.05,196.599998474121,down,2026-08-21T14:59:46,0.0,0.0
SPXW,2026-11-30,101,Put,7780.0,SPXW261130P07780000,239.1,239.8,239.45,0.0,0.0,0.0,0.0,0.0,0.1377,-0.5112,0.0007,16.0542,-1.0965,-11.3733,240.1164,0.0,0.0,0.0,253.650001525879,no_change,,0.0,0.0
SPXW,2026-11-30,101,Call,7790.0,SPXW261130C07790000,198.4,199.1,198.75,203.11,11.76,6.14581,1.0,15.0,0.1371,0.4815,0.0007,16.0448,-1.0909,9.5617,198.3474,203.11,203.11,203.11,191.349998474121,down,2026-08-21T11:06:58,0.0,0.0
SPXW,2026-11-30,101,Put,7790.0,SPXW261130P07790000,243.6,244.3,243.95,214.75,0.0,0.0,0.0,1.0,0.1371,-0.5184,0.0007,16.0448,-1.0909,-11.5359,244.5342,0.0,0.0,0.0,258.199996948242,down,2026-08-13T13:39:49,0.0,0.0
SPXW,2026-11-30,101,Call,7800.0,SPXW261130C07800000,193.0,193.7,193.35,193.6,7.6,4.08602,2.0,214.0,0.1365,0.4742,0.0007,16.0304,-1.0851,9.4254,192.9712,199.11,199.11,193.6,186.0,down,2026-08-21T13:57:53,0.0,0.0
SPXW,2026-11-30,101,Put,7800.0,SPXW261130P07800000,248.1,248.8,248.45,250.15,0.0,0.0,0.0,263.0,0.1365,-0.5257,0.0007,16.0304,-1.0851,-11.6993,249.0373,0.0,0.0,0.0,262.800003051758,down,2026-08-20T11:23:54,0.0,0.0
SPXW,2026-11-30,101,Call,7810.0,SPXW261130C07810000,187.7,188.4,188.05,192.32,11.62,6.43055,2.0,4.0,0.1359,0.4669,0.0007,16.0108,-1.079,9.2875,187.6814,192.32,192.32,192.32,180.700004577637,down,2026-08-21T11:06:57,0.0,0.0
SPXW,2026-11-30,101,Put,7810.0,SPXW261130P07810000,252.7,253.4,253.05,257.97,-9.53,-3.56262,2.0,2.0,0.1359,-0.533,0.0007,16.0108,-1.079,-11.8642,253.6268,257.97,257.97,257.97,267.5,up,2026-08-21T10:00:57,0.0,0.0
SPXW,2026-11-30,101,Call,7820.0,SPXW261130C07820000,182.5,183.2,182.85,183.48,7.88,4.48747,2.0,2.0,0.1353,0.4595,0.0007,15.9858,-1.0727,9.1474,182.4791,181.8,183.48,181.8,175.599998474121,up,2026-08-21T10:58:49,0.0,0.0
SPXW,2026-11-30,101,Put,7820.0,SPXW261130P07820000,257.3,258.0,257.65,254.25,0.0,0.0,0.0,14.0,0.1355,-0.5404,0.0007,15.9858,-1.0727,-12.0314,258.3037,0.0,0.0,0.0,272.300003051758,down,2026-08-18T12:16:36,0.0,0.0
SPXW,2026-11-30,101,Call,7825.0,SPXW261130C07825000,179.9,180.6,180.25,179.4,6.25,3.60959,8.0,370.0,0.135,0.4558,0.0007,15.9712,-1.0694,9.0765,179.9111,179.4,179.4,179.4,173.150001525879,up,2026-08-21T10:05:23,0.0,0.0
SPXW,2026-11-30,101,Put,7825.0,SPXW261130P07825000,259.7,260.4,260.04999999999995,226.58,0.0,0.0,0.0,41.0,0.1351,-0.544,0.0007,15.9712,-1.0694,-12.1158,260.6754,0.0,0.0,0.0,274.649993896484,up,2026-08-14T14:07:27,0.0,0.0
SPXW,2026-11-30,101,Call,7830.0,SPXW261130C07830000,177.4,178.1,177.75,206.31,0.0,0.0,0.0,15.0,0.1348,0.4522,0.0007,15.9551,-1.066,9.005,177.3655,0.0,0.0,0.0,170.699996948242,down,2026-08-18T13:17:55,0.0,0.0
SPXW,2026-11-30,101,Put,7830.0,SPXW261130P07830000,262.1,262.8,262.45000000000005,255.8,0.0,0.0,0.0,9.0,0.1348,-0.5477,0.0007,15.9551,-1.066,-12.2008,263.0695,0.0,0.0,0.0,277.149993896484,down,2026-08-11T14:11:52,0.0,0.0
SPXW,2026-11-30,101,Call,7840.0,SPXW261130C07840000,172.4,173.1,172.75,182.47,16.67,10.0543,4.0,9.0,0.1342,0.4447,0.0007,15.9187,-1.059,8.8605,172.3421,182.47,182.47,182.47,165.800003051758,down,2026-08-21T11:43:14,0.0,0.0
SPXW,2026-11-30,101,Put,7840.0,SPXW261130P07840000,267.0,267.7,267.35,261.02,-21.08,-7.47252,4.0,10.0,0.1343,-0.5552,0.0007,15.9187,-1.059,-12.3723,267.9254,261.02,261.02,261.02,282.099990844727,up,2026-08-21T11:43:14,0.0,0.0
SPXW,2026-11-30,101,Call,7850.0,SPXW261130C07850000,167.4,168.1,167.75,174.49,13.59,8.44624,2.0,62.0,0.1337,0.4373,0.0007,15.8767,-1.0518,8.715,167.4097,174.49,174.49,174.49,160.900001525879,down,2026-08-21T12:06:44,0.0,0.0
SPXW,2026-11-30,101,Put,7850.0,SPXW261130P07850000,271.9,272.6,272.25,272.67,-14.58,-5.07572,2.0,30.0,0.1337,-0.5626,0.0007,15.8767,-1.0518,-12.5449,272.8723,272.69,272.69,272.67,287.25,down,2026-08-21T11:20:13,0.0,0.0
SPXW,2026-11-30,101,Call,7860.0,SPXW261130C07860000,162.6,163.3,162.95,197.24,0.0,0.0,0.0,3.0,0.1332,0.4298,0.0007,15.8293,-1.0442,8.5694,162.5686,0.0,0.0,0.0,156.199996948242,down,2026-08-19T11:44:41,0.0,0.0
SPXW,2026-11-30,101,Put,7860.0,SPXW261130P07860000,276.9,277.6,277.25,260.45,0.0,0.0,0.0,4.0,0.1333,-0.57,0.0007,15.8293,-1.0442,-12.7175,277.9105,0.0,0.0,0.0,292.349990844727,up,2026-08-19T14:56:52,0.0,0.0
SPXW,2026-11-30,101,Call,7870.0,SPXW261130C07870000,157.8,158.5,158.15,233.53,0.0,0.0,0.0,0.0,0.1327,0.4224,0.0007,15.7768,-1.0364,8.4246,157.8187,0.0,0.0,0.0,151.5,up,2026-08-17T09:30:35,0.0,0.0
SPXW,2026-11-30,101,Put,7870.0,SPXW261130P07870000,282.1,282.8,282.45000000000005,248.46,0.0,0.0,0.0,10.0,0.1327,-0.5775,0.0007,15.7768,-1.0364,-12.8894,283.0398,0.0,0.0,0.0,297.5,down,2026-08-17T10:02:59,0.0,0.0
SPXW,2026-11-30,101,Call,7875.0,SPXW261130C07875000,155.5,156.1,155.8,162.16,0.0,0.0,0.0,69.0,0.1324,0.4186,0.0007,15.7487,-1.0323,8.3525,155.4778,0.0,0.0,0.0,149.150001525879,down,2026-08-20T12:28:46,0.0,0.0
SPXW,2026-11-30,101,Put,7875.0,SPXW261130P07875000,284.7,285.3,285.0,282.34,-17.81,-5.9337,2.0,36.0,0.1325,-0.5813,0.0007,15.7487,-1.0323,-12.975,285.6386,282.34,282.34,282.34,300.149993896484,up,2026-08-21T15:08:14,0.0,0.0
SPXW,2026-11-30,101,Call,7880.0,SPXW261130C07880000,153.1,153.8,153.45,188.81,0.0,0.0,0.0,8.0,0.1322,0.4149,0.0007,15.7194,-1.0282,8.2807,153.1595,0.0,0.0,0.0,147.0,down,2026-08-19T11:37:48,0.0,0.0
SPXW,2026-11-30,101,Put,7880.0,SPXW261130P07880000,287.3,288.0,287.65,268.5,0.0,0.0,0.0,8.0,0.1322,-0.585,0.0007,15.7194,-1.0282,-13.0604,288.26,0.0,0.0,0.0,302.849990844727,down,2026-08-12T10:19:53,0.0,0.0
SPXW,2026-11-30,101,Call,7890.0,SPXW261130C07890000,148.6,149.2,148.89999999999998,220.8,0.0,0.0,0.0,22.0,0.1317,0.4074,0.0007,15.657,-1.0198,8.1373,148.5908,0.0,0.0,0.0,142.5,no_change,2026-08-11T10:49:05,0.0,0.0
SPXW,2026-11-30,101,Put,7890.0,SPXW261130P07890000,292.6,293.3,292.95000000000005,270.7,0.0,0.0,0.0,32.0,0.1317,-0.5925,0.0007,15.657,-1.0198,-13.2308,293.5705,0.0,0.0,0.0,308.25,up,2026-08-12T15:51:09,0.0,0.0
SPXW,2026-11-30,101,Call,7900.0,SPXW261130C07900000,144.1,144.7,144.39999999999998,144.66,6.56,4.75018,1.0,119.0,0.1312,0.3999,0.0007,15.5894,-1.0112,7.9937,144.1123,144.66,144.66,144.66,138.099998474121,up,2026-08-21T13:57:53,0.0,0.0
SPXW,2026-11-30,101,Put,7900.0,SPXW261130P07900000,298.0,298.7,298.35,299.4,0.0,0.0,0.0,30.0,0.1312,-0.6,0.0007,15.5894,-1.0112,-13.4014,298.9714,0.0,0.0,0.0,313.699996948242,up,2026-08-20T11:24:06,0.0,0.0
SPXW,2026-11-30,101,Call,7910.0,SPXW261130C07910000,139.7,140.3,140.0,146.0,0.0,0.0,0.0,13.0,0.1307,0.3924,0.0007,15.5161,-1.0022,7.8489,139.7244,0.0,0.0,0.0,133.800003051758,down,2026-08-20T11:43:09,0.0,0.0
SPXW,2026-11-30,101,Put,7910.0,SPXW261130P07910000,303.5,304.1,303.8,307.44,0.0,0.0,0.0,3.0,0.1308,-0.6075,0.0007,15.5161,-1.0022,-13.5732,304.4628,0.0,0.0,0.0,319.349990844727,up,2026-08-20T11:43:09,0.0,0.0
SPXW,2026-11-30,101,Call,7920.0,SPXW261130C07920000,135.4,136.0,135.7,0.0,0.0,0.0,0.0,2.0,0.1302,0.3849,0.0007,15.4367,-0.993,7.7026,135.4277,0.0,0.0,0.0,129.599998474121,no_change,,0.0,0.0
SPXW,2026-11-30,101,Put,7920.0,SPXW261130P07920000,309.0,309.7,309.35,298.3,0.0,0.0,0.0,15.0,0.1302,-0.615,0.0007,15.4367,-0.993,-13.7466,310.0454,0.0,0.0,0.0,325.050003051758,up,2026-08-11T14:17:38,0.0,0.0
SPXW,2026-11-30,101,Call,7925.0,SPXW261130C07925000,133.3,133.9,133.60000000000002,204.8,0.0,0.0,0.0,89.0,0.13,0.3811,0.0007,15.3946,-0.9884,7.6288,133.3137,0.0,0.0,0.0,127.5,up,2026-08-10T10:08:55,0.0,0.0
SPXW,2026-11-30,101,Put,7925.0,SPXW261130P07925000,311.8,312.6,312.20000000000005,290.6,0.0,0.0,0.0,5.0,0.13,-0.6188,0.0007,15.3946,-0.9884,-13.8339,312.871,0.0,0.0,0.0,327.800003051758,down,2026-08-07T15:17:03,0.0,0.0
SPXW,2026-11-30,101,Call,7930.0,SPXW261130C07930000,131.2,131.8,131.5,203.09,0.0,0.0,0.0,1.0,0.1297,0.3774,0.0007,15.351,-0.9836,7.5547,131.2228,0.0,0.0,0.0,125.449996948242,up,2026-08-10T12:02:08,0.0,0.0
SPXW,2026-11-30,101,Put,7930.0,SPXW261130P07930000,314.7,315.4,315.04999999999995,303.4,0.0,0.0,0.0,4.0,0.1298,-0.6225,0.0007,15.351,-0.9836,-13.9216,315.7197,0.0,0.0,0.0,330.699996948242,up,2026-08-05T11:20:54,0.0,0.0
SPXW,2026-11-30,101,Call,7940.0,SPXW261130C07940000,127.0,127.7,127.35,122.9,0.0,0.0,0.0,1.0,0.1293,0.3699,0.0007,15.2591,-0.9739,7.4062,127.1098,0.0,0.0,0.0,121.349998474121,down,2026-08-20T15:38:16,0.0,0.0
SPXW,2026-11-30,101,Put,7940.0,SPXW261130P07940000,320.4,321.2,320.79999999999995,0.0,0.0,0.0,0.0,0.0,0.1294,-0.63,0.0007,15.2591,-0.9739,-14.097,321.4861,0.0,0.0,0.0,336.599990844727,no_change,,0.0,0.0
SPXW,2026-11-30,101,Call,7950.0,SPXW261130C07950000,123.0,123.6,123.3,129.21,11.71,9.96596,1.0,49.0,0.1288,0.3625,0.0007,15.1616,-0.9639,7.2582,123.0887,129.21,129.21,129.21,117.5,down,2026-08-21T12:06:44,0.0,0.0
SPXW,2026-11-30,101,Put,7950.0,SPXW261130P07950000,326.3,327.0,326.65,315.2,0.0,0.0,0.0,53.0,0.1289,-0.6374,0.0007,15.1616,-0.9639,-14.2721,327.3442,0.0,0.0,0.0,342.5,up,2026-08-11T14:21:29,0.0,0.0
SPXW,2026-11-30,101,Call,7960.0,SPXW261130C07960000,119.0,119.7,119.35,139.24,0.0,0.0,0.0,7.0,0.1284,0.355,0.0007,15.0593,-0.9536,7.1117,119.1584,0.0,0.0,0.0,113.650001525879,down,2026-08-18T14:55:41,0.0,0.0
SPXW,2026-11-30,101,Put,7960.0,SPXW261130P07960000,332.2,332.9,332.54999999999995,0.0,0.0,0.0,0.0,0.0,0.1285,-0.6448,0.0007,15.0593,-0.9536,-14.4457,333.2932,0.0,0.0,0.0,348.5,no_change,,0.0,0.0
SPXW,2026-11-30,101,Call,7970.0,SPXW261130C07970000,115.2,115.8,115.5,0.0,0.0,0.0,0.0,0.0,0.1279,0.3476,0.0007,14.9526,-0.9432,6.9671,115.3178,0.0,0.0,0.0,109.899997711182,no_change,,0.0,0.0
SPXW,2026-11-30,101,Put,7970.0,SPXW261130P07970000,338.3,339.0,338.65,316.0,0.0,0.0,0.0,1.0,0.1281,-0.6523,0.0007,14.9526,-0.9432,-14.6174,339.3319,0.0,0.0,0.0,354.699996948242,down,2026-08-10T14:18:42,0.0,0.0
SPXW,2026-11-30,101,Call,7975.0,SPXW261130C07975000,113.3,113.9,113.6,175.68,0.0,0.0,0.0,73.0,0.1278,0.344,0.0007,14.8978,-0.9378,6.8954,113.4308,0.0,0.0,0.0,108.050003051758,down,2026-08-14T14:00:19,0.0,0.0
SPXW,2026-11-30,101,Put,7975.0,SPXW261130P07975000,341.3,342.0,341.65,314.2,0.0,0.0,0.0,16.0,0.1279,-0.656,0.0007,14.8978,-0.9378,-14.7026,342.3846,0.0,0.0,0.0,357.800003051758,down,2026-08-12T10:22:19,0.0,0.0
SPXW,2026-11-30,101,Call,7980.0,SPXW261130C07980000,111.4,112.1,111.75,137.7,0.0,0.0,0.0,3.0,0.1276,0.3403,0.0007,14.8419,-0.9325,6.824,111.5658,0.0,0.0,0.0,106.150001525879,down,2026-08-18T09:37:41,0.0,0.0
SPXW,2026-11-30,101,Put,7980.0,SPXW261130P07980000,344.4,345.1,344.75,0.0,0.0,0.0,0.0,2.0,0.1276,-0.6596,0.0007,14.8419,-0.9325,-14.7875,345.4592,0.0,0.0,0.0,360.900009155273,no_change,,0.0,0.0
SPXW,2026-11-30,101,Call,7990.0,SPXW261130C07990000,107.8,108.4,108.1,132.0,0.0,0.0,0.0,15.0,0.1271,0.3329,0.0007,14.7268,-0.9216,6.6816,107.9013,0.0,0.0,0.0,102.650001525879,down,2026-08-19T13:03:23,0.0,0.0
SPXW,2026-11-30,101,Put,7990.0,SPXW261130P07990000,350.6,351.3,350.95000000000005,342.4,0.0,0.0,0.0,13.0,0.1272,-0.667,0.0007,14.7268,-0.9216,-14.9569,351.674,0.0,0.0,0.0,367.199996948242,up,2026-08-18T12:30:00,0.0,0.0
SPXW,2026-11-30,101,Call,8000.0,SPXW261130C08000000,104.2,104.8,104.5,107.29,8.19,8.26438,16.0,266.0,0.1268,0.3256,0.0007,14.6067,-0.9104,6.539,104.324,107.34,107.34,107.29,99.1000022888184,down,2026-08-21T15:30:41,0.0,0.0
SPXW,2026-11-30,101,Put,8000.0,SPXW261130P08000000,356.9,357.6,357.25,365.64,0.0,0.0,0.0,159.0,0.1269,-0.6743,0.0007,14.6067,-0.9104,-15.1266,357.976,0.0,0.0,0.0,373.600006103516,up,2026-08-20T13:41:40,0.0,0.0
SPXW,2026-11-30,101,Call,8010.0,SPXW261130C08010000,100.7,101.3,101.0,117.86,0.0,0.0,0.0,28.0,0.1263,0.3184,0.0007,14.481,-0.8991,6.3956,100.8337,0.0,0.0,0.0,95.7000007629394,down,2026-08-18T15:12:30,0.0,0.0
SPXW,2026-11-30,101,Put,8010.0,SPXW261130P08010000,363.3,363.9,363.6,307.08,0.0,0.0,0.0,63.0,0.1265,-0.6815,0.0007,14.481,-0.8991,-15.297,364.365,0.0,0.0,0.0,380.099990844727,down,2026-08-13T15:01:21,0.0,0.0
SPXW,2026-11-30,101,Call,8020.0,SPXW261130C08020000,97.2,97.9,97.55000000000001,149.0,0.0,0.0,0.0,9.0,0.126,0.3112,0.0007,14.3492,-0.8875,6.2515,97.4303,0.0,0.0,0.0,92.4499969482422,up,2026-08-12T10:29:13,0.0,0.0
SPXW,2026-11-30,101,Put,8020.0,SPXW261130P08020000,369.7,370.4,370.04999999999995,354.2,0.0,0.0,0.0,11.0,0.1262,-0.6887,0.0007,14.3492,-0.8875,-15.4681,370.8409,0.0,0.0,0.0,386.850006103516,up,2026-08-05T11:29:30,0.0,0.0
SPXW,2026-11-30,101,Call,8025.0,SPXW261130C08025000,95.6,96.2,95.9,105.35,14.6,16.0882,3.0,101.0,0.1258,0.3076,0.0007,14.2812,-0.8817,6.1796,95.7612,105.35,105.35,105.35,90.75,up,2026-08-21T11:55:11,0.0,0.0
SPXW,2026-11-30,101,Put,8025.0,SPXW261130P08025000,373.0,373.7,373.35,347.4,0.0,0.0,0.0,20.0,0.126,-0.6923,0.0007,14.2812,-0.8817,-15.5536,374.1114,0.0,0.0,0.0,390.199996948242,down,2026-08-12T11:05:40,0.0,0.0
SPXW,2026-11-30,101,Call,8030.0,SPXW261130C08030000,93.9,94.5,94.2,121.4,0.0,0.0,0.0,18.0,0.1256,0.304,0.0007,14.2118,-0.8758,6.1077,94.1135,0.0,0.0,0.0,89.1500015258789,up,2026-08-18T09:42:01,0.0,0.0
SPXW,2026-11-30,101,Put,8030.0,SPXW261130P08030000,376.3,377.0,376.65,366.4,0.0,0.0,0.0,4.0,0.1258,-0.6959,0.0007,14.2118,-0.8758,-15.639,377.4034,0.0,0.0,0.0,393.550003051758,up,2026-08-18T12:30:00,0.0,0.0
SPXW,2026-11-30,101,Call,8050.0,SPXW261130C08050000,87.5,88.1,87.8,85.69,2.74,3.30319,150.0,5519.0,0.1249,0.2899,0.0007,13.9227,-0.8517,5.825,87.7356,85.79,85.79,85.69,82.9500007629394,down,2026-08-21T10:13:55,0.0,0.0
SPXW,2026-11-30,101,Put,8050.0,SPXW261130P08050000,388.3,392.0,390.15,331.33,0.0,0.0,0.0,56.0,0.1252,-0.71,0.0007,13.9227,-0.8517,-15.9758,390.7841,0.0,0.0,0.0,407.150009155273,down,2026-08-14T10:42:26,0.0,0.0
SPXW,2026-11-30,101,Call,8075.0,SPXW261130C08075000,80.0,80.6,80.3,118.54,0.0,0.0,0.0,57.0,0.1241,0.2725,0.0007,13.5436,-0.8208,5.4847,80.2262,0.0,0.0,0.0,75.75,down,2026-08-17T15:44:57,0.0,0.0
SPXW,2026-11-30,101,Put,8075.0,SPXW261130P08075000,404.6,410.0,407.3,389.4,0.0,0.0,0.0,8.0,0.1244,-0.7274,0.0007,13.5436,-0.8208,-16.3837,407.9728,0.0,0.0,0.0,424.599990844727,up,2026-08-19T09:48:57,0.0,0.0
SPXW,2026-11-30,101,Call,8100.0,SPXW261130C08100000,73.0,73.6,73.3,76.5,7.55,10.95,21.0,52.0,0.1233,0.2556,0.0006,13.1437,-0.7889,5.15,73.2126,76.57,76.57,73.29,68.9499969482422,up,2026-08-21T15:47:53,0.0,0.0
SPXW,2026-11-30,101,Put,8100.0,SPXW261130P08100000,422.2,427.8,425.0,409.6,0.0,0.0,0.0,6.0,0.1238,-0.7442,0.0006,13.1437,-0.7889,-16.786,425.6576,0.0,0.0,0.0,442.449996948242,down,2026-08-18T12:16:36,0.0,0.0
SPXW,2026-11-30,101,Call,8125.0,SPXW261130C08125000,66.5,67.1,66.8,113.57,0.0,0.0,0.0,54.0,0.1226,0.2393,0.0006,12.7151,-0.7564,4.8184,66.6848,0.0,0.0,0.0,62.6500015258789,down,2026-08-14T16:08:31,0.0,0.0
SPXW,2026-11-30,101,Put,8125.0,SPXW261130P08125000,440.2,446.0,443.1,409.2,0.0,0.0,0.0,22.0,0.123,-0.7606,0.0006,12.7151,-0.7564,-17.1852,443.828,0.0,0.0,0.0,460.900009155273,up,2026-08-12T11:04:18,0.0,0.0
SPXW,2026-11-30,101,Call,8150.0,SPXW261130C08150000,60.5,61.0,60.75,98.2,0.0,0.0,0.0,190.0,0.1219,0.2234,0.0006,12.2672,-0.7233,4.5019,60.6244,0.0,0.0,0.0,56.8499984741211,no_change,2026-08-12T12:18:45,0.0,0.0
SPXW,2026-11-30,101,Put,8150.0,SPXW261130P08150000,458.9,464.7,461.79999999999995,417.6,0.0,0.0,0.0,13.0,0.1224,-0.7765,0.0006,12.2672,-0.7233,-17.5694,462.4658,0.0,0.0,0.0,479.800003051758,down,2026-08-10T11:09:56,0.0,0.0
SPXW,2026-11-30,101,Call,8175.0,SPXW261130C08175000,54.9,55.4,55.15,71.1,0.0,0.0,0.0,263.0,0.1212,0.2081,0.0006,11.8115,-0.6899,4.1994,55.0051,0.0,0.0,0.0,51.4500007629394,down,2026-08-19T10:09:09,0.0,0.0
SPXW,2026-11-30,101,Put,8175.0,SPXW261130P08175000,478.0,483.9,480.95,0.0,0.0,0.0,0.0,0.0,0.1218,-0.7918,0.0006,11.8115,-0.6899,-17.9395,481.5447,0.0,0.0,0.0,499.100006103516,no_change,,0.0,0.0
SPXW,2026-11-30,101,Call,8200.0,SPXW261130C08200000,49.7,50.3,50.0,55.15,0.0,0.0,0.0,620.0,0.1206,0.1934,0.0006,11.3412,-0.6563,3.9022,49.8105,0.0,0.0,0.0,46.5,no_change,2026-08-20T11:15:55,0.0,0.0
SPXW,2026-11-30,101,Put,8200.0,SPXW261130P08200000,497.5,503.4,500.45,628.56,0.0,0.0,0.0,0.0,0.1213,-0.8065,0.0006,11.3412,-0.6563,-18.3042,501.0483,0.0,0.0,0.0,518.850006103516,down,2026-07-22T11:57:43,0.0,0.0
SPXW,2026-11-30,101,Call,8225.0,SPXW261130C08225000,44.9,45.5,45.2,43.28,0.0,0.0,0.0,75.0,0.1201,0.1793,0.0005,10.8545,-0.6228,3.6173,45.0256,0.0,0.0,0.0,41.9500007629394,no_change,2026-08-20T15:23:47,0.0,0.0
SPXW,2026-11-30,101,Put,8225.0,SPXW261130P08225000,517.2,523.4,520.3,649.06,0.0,0.0,0.0,0.0,0.1207,-0.8206,0.0005,10.8545,-0.6228,-18.6568,520.9617,0.0,0.0,0.0,539.0,down,2026-07-22T11:57:43,0.0,0.0
SPXW,2026-11-30,101,Call,8250.0,SPXW261130C08250000,40.5,41.1,40.8,51.9,0.0,0.0,0.0,57.0,0.1196,0.1659,0.0005,10.3658,-0.5894,3.3507,40.6249,0.0,0.0,0.0,37.75,down,2026-08-19T14:39:03,0.0,0.0
SPXW,2026-11-30,101,Put,8250.0,SPXW261130P08250000,537.7,543.8,540.75,0.0,0.0,0.0,0.0,0.0,0.1202,-0.834,0.0005,10.3658,-0.5894,-18.991,541.2593,0.0,0.0,0.0,559.549987792969,no_change,,0.0,0.0
SPXW,2026-11-30,101,Call,8275.0,SPXW261130C08275000,36.6,37.0,36.8,40.8,0.0,0.0,0.0,670.0,0.1191,0.1532,0.0005,9.8788,-0.5564,3.0944,36.5864,0.0,0.0,0.0,33.9500007629394,down,2026-08-20T09:58:47,0.0,0.0
SPXW,2026-11-30,101,Put,8275.0,SPXW261130P08275000,558.3,564.5,561.4,488.91,0.0,0.0,0.0,4.0,0.1198,-0.8467,0.0005,9.8788,-0.5564,-19.3149,561.919,0.0,0.0,0.0,580.450012207031,down,2026-08-17T10:59:36,0.0,0.0
SPXW,2026-11-30,101,Call,8300.0,SPXW261130C08300000,32.8,33.3,33.05,31.48,0.0,0.0,0.0,314.0,0.1186,0.1411,0.0005,9.3857,-0.524,2.8476,32.8955,0.0,0.0,0.0,30.4500007629394,no_change,2026-08-20T15:23:47,0.0,0.0
SPXW,2026-11-30,101,Put,8300.0,SPXW261130P08300000,579.3,585.6,582.45,582.32,-19.33,-3.21283,2.0,2.0,0.1195,-0.8588,0.0005,9.3857,-0.524,-19.6293,582.9263,582.29,582.32,582.29,601.649993896484,up,2026-08-21T11:20:13,0.0,0.0
SPXW,2026-11-30,101,Call,8325.0,SPXW261130C08325000,29.5,29.9,29.7,36.4,0.0,0.0,0.0,6.0,0.1181,0.1297,0.0004,8.8926,-0.4922,2.6188,29.5308,0.0,0.0,0.0,27.25,no_change,2026-08-18T15:16:08,0.0,0.0
SPXW,2026-11-30,101,Put,8325.0,SPXW261130P08325000,600.6,607.0,603.8,0.0,0.0,0.0,0.0,0.0,0.119,-0.8702,0.0004,8.8926,-0.4922,-19.9257,604.2598,0.0,0.0,0.0,623.199981689453,no_change,,0.0,0.0
SPXW,2026-11-30,101,Call,8350.0,SPXW261130C08350000,26.4,26.8,26.6,32.8,0.0,0.0,0.0,229.0,0.1178,0.119,0.0004,8.4111,-0.4613,2.4047,26.4677,0.0,0.0,0.0,24.4000005722046,no_change,2026-08-18T15:16:08,0.0,0.0
SPXW,2026-11-30,101,Put,8350.0,SPXW261130P08350000,622.2,628.6,625.4000000000001,0.0,0.0,0.0,0.0,0.0,0.1188,-0.8809,0.0004,8.4111,-0.4613,-20.2074,625.895,0.0,0.0,0.0,645.050018310547,no_change,,0.0,0.0
SPXW,2026-11-30,101,Call,8375.0,SPXW261130C08375000,23.6,24.0,23.8,22.43,0.0,0.0,0.0,11.0,0.1174,0.1089,0.0004,7.9378,-0.4314,2.1997,23.6896,0.0,0.0,0.0,21.8000001907349,down,2026-08-20T14:36:50,0.0,0.0
SPXW,2026-11-30,101,Put,8375.0,SPXW261130P08375000,644.1,650.5,647.3,0.0,0.0,0.0,0.0,0.0,0.1185,-0.891,0.0004,7.9378,-0.4314,-20.48,647.8151,0.0,0.0,0.0,667.149993896484,no_change,,0.0,0.0
SPXW,2026-11-30,101,Call,8400.0,SPXW261130C08400000,21.0,21.5,21.25,24.05,0.0,0.0,0.0,163.0,0.1171,0.0996,0.0004,7.4696,-0.4026,2.0092,21.1794,0.0,0.0,0.0,19.4000005722046,no_change,2026-08-20T11:15:55,0.0,0.0
SPXW,2026-11-30,101,Put,8400.0,SPXW261130P08400000,666.1,672.7,669.4000000000001,596.84,0.0,0.0,0.0,1.0,0.1182,-0.9004,0.0004,7.4696,-0.4026,-20.7381,670.0032,0.0,0.0,0.0,688.050018310547,down,2026-08-10T10:43:38,0.0,0.0
SPXW,2026-11-30,101,Call,8425.0,SPXW261130C08425000,18.8,19.2,19.0,19.93,2.63,15.2023,5.0,5.0,0.1167,0.0908,0.0004,7.0154,-0.3749,1.8352,18.9141,19.93,19.93,19.93,17.3000001907349,down,2026-08-21T15:13:45,0.0,0.0
SPXW,2026-11-30,101,Put,8425.0,SPXW261130P08425000,680.4,704.2,692.3,0.0,0.0,0.0,0.0,0.0,0.118,-0.9091,0.0004,7.0154,-0.3749,-20.9797,692.4361,0.0,0.0,0.0,710.300018310547,no_change,,0.0,0.0
SPXW,2026-11-30,101,Call,8450.0,SPXW261130C08450000,16.7,17.1,16.9,30.8,0.0,0.0,0.0,70.0,0.1164,0.0828,0.0003,6.5799,-0.3485,1.6717,16.8747,0.0,0.0,0.0,15.4000000953674,down,2026-08-17T14:38:10,0.0,0.0
SPXW,2026-11-30,101,Put,8450.0,SPXW261130P08450000,703.0,725.8,714.4,0.0,0.0,0.0,0.0,0.0,0.1179,-0.9172,0.0003,6.5799,-0.3485,-21.2108,715.0949,0.0,0.0,0.0,733.350006103516,no_change,,0.0,0.0
SPXW,2026-11-30,101,Call,8475.0,SPXW261130C08475000,14.8,15.3,15.05,14.27,0.0,0.0,0.0,39.0,0.1162,0.0753,0.0003,6.1584,-0.3235,1.5188,15.0466,0.0,0.0,0.0,13.6999998092651,no_change,2026-08-20T15:23:15,0.0,0.0
SPXW,2026-11-30,101,Put,8475.0,SPXW261130P08475000,725.9,749.7,737.8,0.0,0.0,0.0,0.0,0.0,0.1179,-0.9246,0.0003,6.1584,-0.3235,-21.4314,737.9651,0.0,0.0,0.0,756.100006103516,no_change,,0.0,0.0
SPXW,2026-11-30,101,Call,8500.0,SPXW261130C08500000,13.2,13.6,13.399999999999999,13.97,1.77,14.5082,3.0,209.0,0.116,0.0684,0.0003,5.7516,-0.2998,1.3805,13.4114,13.97,13.97,13.97,12.1999998092651,down,2026-08-21T15:53:40,0.0,0.0
SPXW,2026-11-30,101,Put,8500.0,SPXW261130P08500000,748.9,772.7,760.8,0.0,0.0,0.0,0.0,0.0,0.1177,-0.9315,0.0003,5.7516,-0.2998,-21.6373,761.0281,0.0,0.0,0.0,779.0,no_change,,0.0,0.0
SPXW,2026-11-30,101,Call,8525.0,SPXW261130C08525000,11.7,12.2,11.95,11.32,0.0,0.0,0.0,95.0,0.1159,0.0621,0.0003,5.3657,-0.2775,1.2544,11.9501,0.0,0.0,0.0,10.9000000953674,no_change,2026-08-20T15:23:15,0.0,0.0
SPXW,2026-11-30,101,Put,8525.0,SPXW261130P08525000,772.2,795.3,783.75,0.0,0.0,0.0,0.0,0.0,0.1179,-0.9378,0.0003,5.3657,-0.2775,-21.8309,784.265,0.0,0.0,0.0,804.0,no_change,,0.0,0.0
SPXW,2026-11-30,101,Call,8550.0,SPXW261130C08550000,10.4,10.8,10.600000000000001,10.19,0.49,5.05155,2.0,87.0,0.1158,0.0564,0.0002,5.0011,-0.2566,1.1368,10.6483,10.35,10.35,10.19,9.69999980926514,down,2026-08-21T09:56:12,0.0,0.0
SPXW,2026-11-30,101,Put,8550.0,SPXW261130P08550000,795.5,816.5,806.0,0.0,0.0,0.0,0.0,0.0,0.118,-0.9435,0.0002,5.0011,-0.2566,-22.0162,807.6614,0.0,0.0,0.0,827.5,no_change,,0.0,0.0
SPXW,2026-11-30,101,Call,8575.0,SPXW261130C08575000,9.3,9.7,9.5,12.26,0.0,0.0,0.0,64.0,0.1158,0.0511,0.0002,4.6546,-0.2371,1.0295,9.4927,0.0,0.0,0.0,8.59999990463257,down,2026-08-19T16:01:31,0.0,0.0
SPXW,2026-11-30,101,Put,8575.0,SPXW261130P08575000,819.1,839.8,829.45,0.0,0.0,0.0,0.0,0.0,0.1182,-0.9488,0.0002,4.6546,-0.2371,-22.1911,831.2041,0.0,0.0,0.0,851.0,no_change,,0.0,0.0
SPXW,2026-11-30,101,Call,8600.0,SPXW261130C08600000,8.2,8.6,8.399999999999999,7.95,0.0,0.0,0.0,178.0,0.1157,0.0463,0.0002,4.3271,-0.219,0.934,8.4674,0.0,0.0,0.0,7.70000004768372,down,2026-08-20T14:36:50,0.0,0.0
SPXW,2026-11-30,101,Put,8600.0,SPXW261130P08600000,842.8,865.6,854.2,0.0,0.0,0.0,0.0,0.0,0.1185,-0.9536,0.0002,4.3271,-0.219,-22.3542,854.8771,0.0,0.0,0.0,874.850006103516,no_change,,0.0,0.0
SPXW,2026-11-30,101,Call,8650.0,SPXW261130C08650000,6.5,6.9,6.7,7.19,1.04,16.9106,11.0,106.0,0.1161,0.0381,0.0002,3.7364,-0.1867,0.767,6.7552,6.5,7.19,6.5,6.15000009536743,up,2026-08-21T15:13:45,0.0,0.0
SPXW,2026-11-30,101,Put,8650.0,SPXW261130P08650000,890.4,911.1,900.75,0.0,0.0,0.0,0.0,0.0,0.1192,-0.9618,0.0002,3.7364,-0.1867,-22.6565,902.5613,0.0,0.0,0.0,922.25,no_change,,0.0,0.0
SPXW,2026-11-30,101,Call,8700.0,SPXW261130C08700000,5.2,5.6,5.4,5.6,0.65,13.1313,10.0,169.0,0.1165,0.0314,0.0001,3.2225,-0.1594,0.6315,5.4215,5.7,5.7,5.6,4.95000004768372,down,2026-08-21T15:57:45,0.0,0.0
SPXW,2026-11-30,101,Put,8700.0,SPXW261130P08700000,938.5,961.3,949.9,0.0,0.0,0.0,0.0,0.0,0.1202,-0.9685,0.0001,3.2225,-0.1594,-22.9271,950.6241,0.0,0.0,0.0,970.400024414062,no_change,,0.0,0.0
SPXW,2026-11-30,101,Call,8800.0,SPXW261130C08800000,3.5,3.7,3.6,3.9,0.65,20.0,201.0,531.0,0.1181,0.0216,0.0001,2.4092,-0.1174,0.4335,3.5794,4.0,4.0,3.9,3.25,down,2026-08-21T15:13:05,0.0,0.0
SPXW,2026-11-30,101,Put,8800.0,SPXW261130P08800000,1035.5,1058.2,1046.85,1165.9,0.0,0.0,0.0,1.0,0.1235,-0.9783,0.0001,2.4092,-0.1174,-23.3956,1047.575,0.0,0.0,0.0,1067.75,down,2026-07-16T15:20:39,0.0,0.0
SPXW,2026-11-30,101,Call,8900.0,SPXW261130C08900000,2.4,2.6,2.5,3.0,0.0,0.0,0.0,156.0,0.1204,0.0153,0.0001,1.829,-0.0887,0.3062,2.466,0.0,0.0,0.0,2.30000007152557,down,2026-08-20T11:02:10,0.0,0.0
SPXW,2026-11-30,101,Put,8900.0,SPXW261130P08900000,1133.3,1155.8,1144.55,0.0,0.0,0.0,0.0,0.0,0.1279,-0.9846,0.0001,1.829,-0.0887,-23.7934,1145.2544,0.0,0.0,0.0,1165.5,no_change,,0.0,0.0
SPXW,2026-11-30,101,Call,9000.0,SPXW261130C09000000,1.75,1.95,1.85,1.97,0.27,15.8824,3.0,272.0,0.1237,0.0112,0.0001,1.4202,-0.0692,0.2245,1.7817,1.97,1.97,1.97,1.69999998807907,up,2026-08-21T15:53:40,0.0,0.0
SPXW,2026-11-30,101,Put,9000.0,SPXW261130P09000000,1231.4,1254.1,1242.75,0.0,0.0,0.0,0.0,0.0,0.1332,-0.9886,0.0001,1.4202,-0.0692,-24.1455,1243.3631,0.0,0.0,0.0,1263.34997558594,no_change,,0.0,0.0
SPXW,2026-11-30,101,Call,9100.0,SPXW261130C09100000,1.3,1.55,1.425,1.35,0.0,0.0,0.0,147.0,0.1274,0.0086,0.0,1.1313,-0.0558,0.1702,1.3485,0.0,0.0,0.0,1.30000001192093,down,2026-08-20T14:22:30,0.0,0.0
SPXW,2026-11-30,101,Put,9100.0,SPXW261130P09100000,1329.9,1352.5,1341.2,0.0,0.0,0.0,0.0,0.0,0.1389,-0.9913,0.0,1.1313,-0.0558,-24.4703,1341.7228,0.0,0.0,0.0,1362.45001220703,no_change,,0.0,0.0
SPXW,2026-11-30,101,Call,9200.0,SPXW261130C09200000,1.0,1.25,1.125,3.89,0.0,0.0,0.0,27.0,0.1312,0.0067,0.0,0.9231,-0.0464,0.1337,1.0632,0.0,0.0,0.0,1.02499997615814,up,2026-08-05T11:31:28,0.0,0.0
SPXW,2026-11-30,101,Put,9200.0,SPXW261130P09200000,1428.4,1451.0,1439.7,0.0,0.0,0.0,0.0,0.0,0.1456,-0.9932,0.0,0.9231,-0.0464,-24.7772,1440.2305,0.0,0.0,0.0,1460.95001220703,no_change,,0.0,0.0
SPXW,2026-11-30,101,Call,9400.0,SPXW261130C09400000,0.65,0.85,0.75,1.25,0.0,0.0,0.0,36.0,0.1394,0.0045,0.0,0.6543,-0.0345,0.0895,0.7287,0.0,0.0,0.0,0.700000017881394,no_change,2026-08-12T15:49:06,0.0,0.0
SPXW,2026-11-30,101,Put,9400.0,SPXW261130P09400000,1625.7,1648.4,1637.0500000000002,1755.51,0.0,0.0,0.0,0.0,0.1587,-0.9954,0.0,0.6547,-0.0345,-25.3622,1637.4824,0.0,0.0,0.0,1658.20001220703,up,2026-07-01T13:11:19,0.0,0.0
SPXW,2026-11-30,101,Call,9600.0,SPXW261130C09600000,0.4,0.65,0.525,1.1,0.0,0.0,0.0,3051.0,0.1481,0.0033,0.0,0.4935,-0.0275,0.0647,0.5462,0.0,0.0,0.0,0.475000008940697,down,2026-08-13T14:06:21,0.0,0.0
SPXW,2026-11-30,101,Put,9600.0,SPXW261130P09600000,1823.2,1845.8,1834.5,0.0,0.0,0.0,0.0,0.0,0.1726,-0.9966,0.0,0.4937,-0.0275,-25.9279,1834.8856,0.0,0.0,0.0,1855.15002441406,no_change,,0.0,0.0
SPXW,2026-11-30,101,Call,9800.0,SPXW261130C09800000,0.3,0.5,0.4,0.75,0.0,0.0,0.0,62.0,0.156,0.0025,0.0,0.3867,-0.0228,0.0494,0.4307,0.0,0.0,0.0,0.375,down,2026-08-14T10:02:14,0.0,0.0
SPXW,2026-11-30,101,Put,9800.0,SPXW261130P09800000,2020.8,2043.2,2032.0,1942.72,0.0,0.0,0.0,0.0,0.187,-0.9974,0.0,0.3869,-0.0228,-26.4841,2032.3558,0.0,0.0,0.0,2052.79998779297,down,2026-08-12T14:42:04,0.0,0.0
SPXW,2026-11-30,101,Call,10000.0,SPXW261130C10000000,0.2,0.4,0.30000000000000004,0.0,0.0,0.0,0.0,0.0,0.1638,0.002,0.0,0.3104,-0.0193,0.0386,0.3491,0.0,0.0,0.0,0.299999997019768,no_change,,0.0,0.0
SPXW,2026-11-30,101,Put,10000.0,SPXW261130P10000000,2218.4,2242.0,2230.2,0.0,0.0,0.0,0.0,0.0,0.201,-0.9979,0.0,0.3105,-0.0193,-27.0358,2229.8601,0.0,0.0,0.0,2250.5,no_change,,0.0,0.0
SPX,2026-12-18,119,Call,200.0,SPX261218C00200000,7440.7,7462.2,7451.45,7453.04,25.1401,0.338455,51.0,2097.0,2.7308,1.0,0.0,0.0071,-0.0053,0.6971,7447.1868,7445.53,7453.04,7440.05,7427.89990234375,up,2026-08-21T11:26:34,0.0,0.0
SPX,2026-12-18,119,Put,200.0,SPX261218P00200000,0.0,0.05,0.025,0.05,0.0,0.0,0.0,16752.0,1.7364,0.0,0.0,0.0071,-0.0053,-0.0012,0.0894,0.0,0.0,0.0,0.025000000372529,no_change,2026-07-09T10:37:05,0.0,0.0
SPX,2026-12-18,119,Call,400.0,SPX261218C00400000,7243.5,7267.0,7255.25,7263.25,32.6001,0.45086,549.0,1665.0,2.1474,1.0,0.0,0.0115,-0.007,1.3438,7250.1049,7247.38,7274.83,7244.31,7230.64990234375,down,2026-08-21T15:50:32,0.0,0.0
SPX,2026-12-18,119,Put,400.0,SPX261218P00400000,0.0,0.05,0.025,0.03,0.0,0.0,0.0,4256.0,1.393,-0.0001,0.0,0.0115,-0.007,-0.002,0.1195,0.0,0.0,0.0,0.025000000372529,down,2026-08-05T12:45:17,0.0,0.0
SPX,2026-12-18,119,Call,600.0,SPX261218C00600000,7046.3,7069.8,7058.05,7074.69,0.0,0.0,0.0,574.0,1.8234,0.9999,0.0,0.0159,-0.0084,1.9906,7053.018,0.0,0.0,0.0,7033.75,up,2026-08-20T09:46:28,0.0,0.0
SPX,2026-12-18,119,Put,600.0,SPX261218P00600000,0.0,0.05,0.025,0.1,0.0,0.0,0.0,30182.0,1.2483,-0.0001,0.0,0.0159,-0.0084,-0.0027,0.1446,0.0,0.0,0.0,0.0500000007450581,no_change,2026-08-12T09:37:14,0.0,0.0
SPX,2026-12-18,119,Call,800.0,SPX261218C00800000,6849.0,6872.6,6860.8,6876.32,40.3698,0.590551,1.0,147.0,1.6055,0.9999,0.0,0.0207,-0.0097,2.6373,6855.931,6876.32,6876.32,6876.32,6835.9501953125,down,2026-08-21T12:02:16,0.0,0.0
SPX,2026-12-18,119,Put,800.0,SPX261218P00800000,0.05,0.1,0.07500000000000001,0.1,0.0,-3.35276e-06,6.0,25316.0,1.1343,-0.0001,0.0,0.0207,-0.0097,-0.0035,0.1695,0.07,0.1,0.07,0.100000003352761,up,2026-08-21T15:43:45,0.0,0.0
SPX,2026-12-18,119,Call,1000.0,SPX261218C01000000,6655.8,6675.7,6665.75,6662.63,23.0299,0.346857,2.0,5338.0,1.4172,0.9999,0.0,0.026,-0.0111,3.2839,6658.8463,6662.63,6662.63,6662.63,6639.60009765625,down,2026-08-21T16:14:27,0.0,0.0
SPX,2026-12-18,119,Put,1000.0,SPX261218P01000000,0.1,0.15,0.125,0.12,-0.03,-20.0,12.0,27777.0,1.0413,-0.0002,0.0,0.026,-0.0111,-0.0044,0.1968,0.15,0.16,0.1,0.150000002235174,up,2026-08-21T16:14:27,0.0,0.0
SPX,2026-12-18,119,Call,1200.0,SPX261218C01200000,6454.6,6478.0,6466.3,6192.33,0.0,0.0,0.0,20.0,1.311,0.9998,0.0,0.0326,-0.0127,3.9303,6461.7672,0.0,0.0,0.0,6442.39990234375,up,2026-07-30T10:44:10,0.0,0.0
SPX,2026-12-18,119,Put,1200.0,SPX261218P01200000,0.15,0.25,0.2,0.2,0.0,-1.49012e-06,22.0,16666.0,0.975,-0.0002,0.0,0.0326,-0.0127,-0.0055,0.2297,0.22,0.22,0.15,0.200000002980232,up,2026-08-21T13:01:16,0.0,0.0
SPX,2026-12-18,119,Call,1400.0,SPX261218C01400000,6259.8,6281.4,6270.6,6157.75,0.0,0.0,0.0,54.0,1.1997,0.9998,0.0,0.0408,-0.0148,4.5764,6264.6981,0.0,0.0,0.0,6245.35009765625,up,2026-07-15T11:38:19,0.0,0.0
SPX,2026-12-18,119,Put,1400.0,SPX261218P01400000,0.2,0.35,0.275,0.3,0.025,9.09091,20.0,11158.0,0.9285,-0.0002,0.0,0.0408,-0.0148,-0.0069,0.2725,0.3,0.3,0.25,0.275000005960464,no_change,2026-08-21T16:02:10,0.0,0.0
SPX,2026-12-18,119,Call,1600.0,SPX261218C01600000,6060.3,6083.5,6071.9,6168.65,0.0,0.0,0.0,219.0,1.1074,0.9997,0.0,0.0516,-0.0175,5.222,6067.6448,0.0,0.0,0.0,6048.75,up,2026-08-17T10:21:08,0.0,0.0
SPX,2026-12-18,119,Put,1600.0,SPX261218P01600000,0.3,0.4,0.35,0.35,-0.025,-6.66667,14.0,12705.0,0.8838,-0.0003,0.0,0.0516,-0.0175,-0.0088,0.3312,0.4,0.4,0.33,0.375,down,2026-08-21T15:18:26,0.0,0.0
SPX,2026-12-18,119,Call,1800.0,SPX261218C01800000,5863.2,5886.5,5874.85,5679.12,0.0,0.0,0.0,79.0,1.0266,0.9996,0.0,0.0663,-0.0212,5.8669,5870.6142,0.0,0.0,0.0,5851.25,down,2026-07-08T14:39:33,0.0,0.0
SPX,2026-12-18,119,Put,1800.0,SPX261218P01800000,0.35,0.55,0.45,0.5,0.0,-2.98023e-06,1.0,8221.0,0.8308,-0.0004,0.0,0.0663,-0.0212,-0.0114,0.4126,0.5,0.5,0.5,0.500000014901161,no_change,2026-08-21T12:56:14,0.0,0.0
SPX,2026-12-18,119,Call,2000.0,SPX261218C02000000,5666.1,5689.5,5677.8,5707.47,0.0,0.0,0.0,2626.0,0.9394,0.9995,0.0,0.0861,-0.0261,6.5107,5673.6144,0.0,0.0,0.0,5654.75,down,2026-08-18T10:44:22,0.0,0.0
SPX,2026-12-18,119,Put,2000.0,SPX261218P02000000,0.6,0.7,0.6499999999999999,0.65,-0.025,-3.70371,13.0,31314.0,0.7934,-0.0006,0.0,0.0861,-0.0261,-0.015,0.5248,0.65,0.65,0.65,0.675000011920929,no_change,2026-08-21T12:31:56,0.0,0.0
SPX,2026-12-18,119,Call,2200.0,SPX261218C02200000,5469.1,5492.5,5480.8,5510.52,0.0,0.0,0.0,74.0,0.89,0.9993,0.0,0.1119,-0.0323,7.1533,5476.6532,0.0,0.0,0.0,5457.2998046875,up,2026-08-18T10:44:22,0.0,0.0
SPX,2026-12-18,119,Put,2200.0,SPX261218P02200000,0.7,0.9,0.8,0.81,0.0,0.0,0.0,31684.0,0.7528,-0.0007,0.0,0.1119,-0.0323,-0.0199,0.6756,0.0,0.0,0.0,0.849999994039536,no_change,2026-08-17T09:57:45,0.0,0.0
SPX,2026-12-18,119,Call,2400.0,SPX261218C02400000,5272.1,5296.0,5284.05,5291.9,31.95,0.607421,545.0,753.0,0.8335,0.999,0.0,0.1457,-0.0402,7.7944,5279.7379,5273.21,5303.43,5273.21,5259.94995117188,down,2026-08-21T15:50:32,0.0,0.0
SPX,2026-12-18,119,Put,2400.0,SPX261218P02400000,0.9,1.1,1.0,1.05,0.0,0.0,0.0,6312.0,0.7187,-0.001,0.0,0.1457,-0.0402,-0.0264,0.8722,0.0,0.0,0.0,1.10000002384186,no_change,2026-08-19T15:07:54,0.0,0.0
SPX,2026-12-18,119,Call,2500.0,SPX261218C02500000,5176.4,5197.5,5186.95,5018.59,0.0,0.0,0.0,12.0,0.8069,0.9989,0.0,0.1658,-0.0447,8.1141,5181.2999,0.0,0.0,0.0,5161.85009765625,down,2026-07-21T12:01:10,0.0,0.0
SPX,2026-12-18,119,Put,2500.0,SPX261218P02500000,1.05,1.25,1.15,1.2,-0.05,-4.0,10.0,39174.0,0.7021,-0.0011,0.0,0.1658,-0.0447,-0.0303,0.9903,1.2,1.2,1.2,1.25,down,2026-08-21T10:49:17,0.0,0.0
SPX,2026-12-18,119,Call,2600.0,SPX261218C02600000,5075.2,5098.5,5086.85,4885.01,0.0,0.0,0.0,426.0,0.7835,0.9987,0.0,0.188,-0.0497,8.4334,5082.8762,0.0,0.0,0.0,5064.0,down,2026-07-20T11:01:32,0.0,0.0
SPX,2026-12-18,119,Put,2600.0,SPX261218P02600000,1.15,1.4,1.275,1.25,-0.15,-10.7143,300.0,7453.0,0.6868,-0.0013,0.0,0.188,-0.0497,-0.0348,1.1225,1.25,1.25,1.25,1.39999997615814,no_change,2026-08-21T14:33:02,0.0,0.0
SPX,2026-12-18,119,Call,2700.0,SPX261218C02700000,4976.7,4999.9,4988.299999999999,4816.46,0.0,0.0,0.0,1.0,0.7589,0.9985,0.0,0.2126,-0.055,8.7522,4984.4675,0.0,0.0,0.0,4965.2998046875,down,2026-06-18T15:16:25,0.0,0.0
SPX,2026-12-18,119,Put,2700.0,SPX261218P02700000,1.3,1.5,1.4,1.5,-0.05,-3.22581,7.0,43940.0,0.6712,-0.0015,0.0,0.2126,-0.055,-0.0397,1.2697,1.5,1.5,1.5,1.55000001192093,down,2026-08-21T10:50:03,0.0,0.0
SPX,2026-12-18,119,Call,2800.0,SPX261218C02800000,4878.3,4901.6,4889.950000000001,4784.79,0.0,0.0,0.0,99.0,0.7352,0.9983,0.0,0.2401,-0.0608,9.0704,4886.0743,0.0,0.0,0.0,4866.80004882812,no_change,2026-07-15T11:41:36,0.0,0.0
SPX,2026-12-18,119,Put,2800.0,SPX261218P02800000,1.5,1.7,1.6,1.67,0.0,0.0,0.0,23711.0,0.6555,-0.0017,0.0,0.2401,-0.0608,-0.0453,1.4325,0.0,0.0,0.0,1.72500002384186,no_change,2026-08-14T09:34:18,0.0,0.0
SPX,2026-12-18,119,Call,2900.0,SPX261218C02900000,4779.8,4803.0,4791.4,4546.62,0.0,0.0,0.0,90.0,0.714,0.9981,0.0,0.2707,-0.0671,9.3879,4787.6976,0.0,0.0,0.0,4768.34985351562,up,2026-07-24T11:10:16,0.0,0.0
SPX,2026-12-18,119,Put,2900.0,SPX261218P02900000,1.65,1.9,1.775,1.84,0.0,0.0,0.0,10782.0,0.6406,-0.0019,0.0,0.2707,-0.0671,-0.0516,1.6118,0.0,0.0,0.0,1.92499995231628,no_change,2026-08-19T16:00:40,0.0,0.0
SPX,2026-12-18,119,Call,3000.0,SPX261218C03000000,4681.4,4704.7,4693.049999999999,4698.65,28.4,0.608104,2.0,1546.0,0.6935,0.9978,0.0,0.3041,-0.0738,9.7046,4689.3386,4698.65,4698.65,4698.65,4670.25,down,2026-08-21T15:59:48,0.0,0.0
SPX,2026-12-18,119,Put,3000.0,SPX261218P03000000,1.85,2.05,1.95,1.95,-0.175,-8.23529,8.0,12217.0,0.6265,-0.0022,0.0,0.3041,-0.0738,-0.0586,1.8088,2.05,2.05,1.95,2.125,no_change,2026-08-21T15:40:41,0.0,0.0
SPX,2026-12-18,119,Call,3100.0,SPX261218C03100000,4583.0,4606.1,4594.55,4493.44,0.0,0.0,0.0,25.0,0.672,0.9976,0.0,0.3401,-0.0809,10.0206,4590.9978,0.0,0.0,0.0,4571.75,down,2026-07-15T11:33:05,0.0,0.0
SPX,2026-12-18,119,Put,3100.0,SPX261218P03100000,2.05,2.25,2.15,2.1,-0.25,-10.6383,3.0,2493.0,0.6114,-0.0025,0.0,0.3401,-0.0809,-0.0663,2.024,2.1,2.1,2.1,2.35000002384186,down,2026-08-21T11:40:28,0.0,0.0
SPX,2026-12-18,119,Call,3200.0,SPX261218C03200000,4484.6,4508.0,4496.3,4496.94,23.44,0.523975,2.0,118.0,0.6526,0.9972,0.0,0.3793,-0.0884,10.336,4492.6759,4490.0,4496.94,4490.0,4473.5,up,2026-08-21T11:26:34,0.0,0.0
SPXW,2026-12-18,119,Call,3200.0,SPXW261218C03200000,4484.6,4507.7,4496.15,0.0,0.0,0.0,0.0,0.0,0.6457,0.9972,0.0,0.3848,-0.0896,10.3346,4492.7034,0.0,0.0,0.0,4473.85009765625,no_change,,0.0,0.0
SPX,2026-12-18,119,Put,3200.0,SPX261218P03200000,2.25,2.5,2.375,2.4,-0.175,-6.79612,8.0,8960.0,0.5977,-0.0028,0.0,0.3793,-0.0884,-0.0747,2.2581,2.45,2.45,2.4,2.57500004768372,no_change,2026-08-21T12:13:18,0.0,0.0
SPXW,2026-12-18,119,Put,3200.0,SPXW261218P03200000,2.35,2.5,2.425,2.45,0.0,0.0,0.0,15.0,0.599,-0.0028,0.0,0.3848,-0.0896,-0.0758,2.3008,0.0,0.0,0.0,2.625,down,2026-08-19T12:34:12,0.0,0.0
SPX,2026-12-18,119,Call,3300.0,SPX261218C03300000,4386.2,4409.6,4397.9,4177.86,0.0,0.0,0.0,59.0,0.6352,0.9969,0.0,0.4223,-0.0964,10.6504,4394.3734,0.0,0.0,0.0,4375.05004882812,up,2026-07-20T15:21:56,0.0,0.0
SPX,2026-12-18,119,Put,3300.0,SPX261218P03300000,2.5,2.75,2.625,2.85,0.0,0.0,0.0,22451.0,0.5844,-0.0031,0.0,0.4223,-0.0964,-0.084,2.5116,0.0,0.0,0.0,2.85000002384186,up,2026-08-20T13:51:10,0.0,0.0
SPX,2026-12-18,119,Call,3400.0,SPX261218C03400000,4287.9,4311.2,4299.549999999999,4198.44,0.0,0.0,0.0,30.0,0.6167,0.9965,0.0,0.4694,-0.1048,10.9639,4296.0917,0.0,0.0,0.0,4276.65014648438,up,2026-07-15T11:32:30,0.0,0.0
SPXW,2026-12-18,119,Call,3400.0,SPXW261218C03400000,4287.9,4310.9,4299.4,0.0,0.0,0.0,0.0,0.0,0.609,0.9965,0.0,0.476,-0.1061,10.9622,4296.1272,0.0,0.0,0.0,4277.85009765625,no_change,,0.0,0.0
SPX,2026-12-18,119,Put,3400.0,SPX261218P03400000,2.75,3.0,2.875,2.8,-0.35,-11.1111,3.0,6312.0,0.571,-0.0035,0.0,0.4694,-0.1048,-0.0943,2.7858,2.9,2.9,2.8,3.14999997615814,down,2026-08-21T15:59:48,0.0,0.0
SPXW,2026-12-18,119,Put,3400.0,SPXW261218P03400000,2.85,3.0,2.925,3.3,0.0,0.0,0.0,9.0,0.5714,-0.0036,0.0,0.4761,-0.1061,-0.0957,2.8367,0.0,0.0,0.0,3.19999992847443,no_change,2026-08-12T11:25:33,0.0,0.0
SPX,2026-12-18,119,Call,3500.0,SPX261218C03500000,4189.5,4213.1,4201.3,4234.53,0.0,0.0,0.0,28.0,0.5987,0.9961,0.0,0.5203,-0.1136,11.2762,4197.8321,0.0,0.0,0.0,4178.34985351562,down,2026-08-18T09:48:09,0.0,0.0
SPX,2026-12-18,119,Put,3500.0,SPX261218P03500000,3.0,3.3,3.15,3.1,-0.35,-10.1449,2.0,38332.0,0.5584,-0.0039,0.0,0.5203,-0.1136,-0.1057,3.0822,3.1,3.1,3.1,3.44999992847443,down,2026-08-21T11:04:53,0.0,0.0
SPX,2026-12-18,119,Call,3600.0,SPX261218C03600000,4091.2,4114.5,4102.85,3559.0,0.0,0.0,0.0,123.0,0.5822,0.9956,0.0,0.5746,-0.1228,11.5876,4099.5958,0.0,0.0,0.0,4080.40002441406,up,2026-04-23T15:50:03,0.0,0.0
SPXW,2026-12-18,119,Call,3600.0,SPXW261218C03600000,4093.8,4115.1,4104.450000000001,3947.96,0.0,0.0,0.0,1.0,0.5767,0.9956,0.0,0.5821,-0.1243,11.5857,4099.6402,0.0,0.0,0.0,4080.75,down,2026-07-22T15:18:52,0.0,0.0
SPX,2026-12-18,119,Put,3600.0,SPX261218P03600000,3.3,3.6,3.45,3.4,-0.35,-9.33333,2.0,6647.0,0.5456,-0.0044,0.0,0.5746,-0.1228,-0.1181,3.4018,3.5,3.5,3.4,3.75,down,2026-08-21T12:40:52,0.0,0.0
SPXW,2026-12-18,119,Put,3600.0,SPXW261218P03600000,3.4,3.6,3.5,3.9,0.0,0.0,0.0,8.0,0.5458,-0.0044,0.0,0.5822,-0.1243,-0.1198,3.4617,0.0,0.0,0.0,3.80000007152557,up,2026-08-18T15:54:10,0.0,0.0
SPX,2026-12-18,119,Call,3700.0,SPX261218C03700000,3992.9,4016.2,4004.55,2958.8,0.0,0.0,0.0,272.0,0.5661,0.9951,0.0,0.633,-0.1325,11.8979,4001.3835,0.0,0.0,0.0,3982.0,up,2026-04-07T10:46:35,0.0,0.0
SPX,2026-12-18,119,Put,3700.0,SPX261218P03700000,3.6,3.9,3.75,4.39,0.0,0.0,0.0,8083.0,0.5326,-0.0049,0.0,0.633,-0.1325,-0.1315,3.7455,0.0,0.0,0.0,4.15000009536743,up,2026-08-10T13:46:48,0.0,0.0
SPX,2026-12-18,119,Call,3800.0,SPX261218C03800000,3894.6,3918.0,3906.3,4037.53,0.0,0.0,0.0,375.0,0.5513,0.9946,0.0,0.6964,-0.1426,12.207,3903.1964,0.0,0.0,0.0,3884.0,down,2026-08-13T10:15:16,0.0,0.0
SPXW,2026-12-18,119,Call,3800.0,SPXW261218C03800000,3894.6,3918.0,3906.3,0.0,0.0,0.0,0.0,0.0,0.5452,0.9945,0.0,0.7052,-0.1443,12.2049,3903.2505,0.0,0.0,0.0,3884.65002441406,no_change,,0.0,0.0
SPX,2026-12-18,119,Put,3800.0,SPX261218P03800000,4.0,4.3,4.15,4.1,-0.4,-8.88889,4.0,8062.0,0.5202,-0.0054,0.0,0.6964,-0.1426,-0.1461,4.1144,4.1,4.1,4.1,4.5,no_change,2026-08-21T12:59:46,0.0,0.0
SPXW,2026-12-18,119,Put,3800.0,SPXW261218P03800000,4.1,4.3,4.199999999999999,4.3,0.0,0.0,0.0,13.0,0.5204,-0.0055,0.0,0.7053,-0.1443,-0.1481,4.1841,0.0,0.0,0.0,4.54999995231628,no_change,2026-08-17T10:43:58,0.0,0.0
SPX,2026-12-18,119,Call,3850.0,SPX261218C03850000,3848.3,3869.3,3858.8,3757.98,0.0,0.0,0.0,24.0,0.5429,0.9943,0.0,0.7303,-0.1479,12.3611,3854.1129,0.0,0.0,0.0,3834.0,down,2026-07-15T11:31:40,0.0,0.0
SPX,2026-12-18,119,Put,3850.0,SPX261218P03850000,4.2,4.4,4.300000000000001,4.7,0.0,0.0,0.0,2005.0,0.5144,-0.0057,0.0,0.7303,-0.1479,-0.1539,4.3089,0.0,0.0,0.0,4.70000004768372,no_change,2026-08-18T15:00:37,0.0,0.0
SPX,2026-12-18,119,Call,3900.0,SPX261218C03900000,3796.3,3819.8,3808.05,3678.4,0.0,0.0,0.0,465.0,0.5356,0.994,0.0,0.7656,-0.1532,12.5147,3805.0364,0.0,0.0,0.0,3785.55004882812,down,2026-06-17T12:48:21,0.0,0.0
SPXW,2026-12-18,119,Call,3900.0,SPXW261218C03900000,3799.1,3820.3,3809.7,0.0,0.0,0.0,0.0,0.0,0.5309,0.9939,0.0,0.7752,-0.1549,12.5123,3805.0959,0.0,0.0,0.0,3786.14990234375,no_change,,0.0,0.0
SPX,2026-12-18,119,Put,3900.0,SPX261218P03900000,4.4,4.6,4.5,4.7,0.0,0.0,0.0,3383.0,0.5084,-0.006,0.0,0.7656,-0.1532,-0.1622,4.5105,0.0,0.0,0.0,4.95000004768372,up,2026-08-19T11:19:32,0.0,0.0
SPXW,2026-12-18,119,Put,3900.0,SPXW261218P03900000,4.4,4.6,4.5,4.5,-0.5,-10.0,2.0,8.0,0.5085,-0.0061,0.0,0.7753,-0.155,-0.1644,4.5855,4.5,4.5,4.5,5.0,down,2026-08-21T11:05:14,0.0,0.0
SPX,2026-12-18,119,Call,3950.0,SPX261218C03950000,3750.2,3771.1,3760.6499999999996,3630.2,0.0,0.0,0.0,65.0,0.5283,0.9936,0.0,0.8023,-0.1587,12.6678,3755.9674,0.0,0.0,0.0,3736.44995117188,down,2026-06-17T12:42:38,0.0,0.0
SPX,2026-12-18,119,Put,3950.0,SPX261218P03950000,4.6,4.8,4.699999999999999,5.2,0.0,0.0,0.0,786.0,0.5024,-0.0064,0.0,0.8023,-0.1587,-0.1709,4.7194,0.0,0.0,0.0,5.15000009536743,down,2026-08-12T11:17:04,0.0,0.0
SPX,2026-12-18,119,Call,4000.0,SPX261218C04000000,3701.9,3719.4,3710.65,3739.25,0.0,0.0,0.0,64459.0,0.515,0.9933,0.0,0.8403,-0.1643,12.8206,3706.9061,0.0,0.0,0.0,3687.59997558594,up,2026-08-19T15:56:10,0.0,0.0
SPXW,2026-12-18,119,Call,4000.0,SPXW261218C04000000,3698.1,3721.6,3709.85,3557.41,0.0,0.0,0.0,1.0,0.5166,0.9932,0.0,0.8505,-0.1661,12.818,3706.9713,0.0,0.0,0.0,3688.59997558594,down,2026-07-22T15:18:52,0.0,0.0
SPX,2026-12-18,119,Put,4000.0,SPX261218P04000000,4.8,5.0,4.9,4.9,-0.45,-8.41121,7.0,79263.0,0.4964,-0.0067,0.0,0.8403,-0.1643,-0.18,4.9361,4.9,4.9,4.9,5.34999990463257,no_change,2026-08-21T15:40:41,0.0,0.0
SPXW,2026-12-18,119,Put,4000.0,SPXW261218P04000000,4.9,5.1,5.0,5.4,0.0,0.0,0.0,23.0,0.4964,-0.0068,0.0,0.8506,-0.1661,-0.1824,5.017,0.0,0.0,0.0,5.40000009536743,no_change,2026-08-12T11:25:33,0.0,0.0
SPX,2026-12-18,119,Call,4050.0,SPX261218C04050000,3649.0,3672.9,3660.95,3152.4,0.0,0.0,0.0,15.0,0.5138,0.993,0.0,0.8796,-0.17,12.9729,3657.8529,0.0,0.0,0.0,3638.55004882812,up,2026-04-24T10:03:15,0.0,0.0
SPX,2026-12-18,119,Put,4050.0,SPX261218P04050000,5.0,5.3,5.15,5.0,0.0,0.0,0.0,3105.0,0.4903,-0.0071,0.0,0.8796,-0.17,-0.1896,5.1609,0.0,0.0,0.0,5.54999995231628,no_change,2026-08-19T15:38:38,0.0,0.0
SPX,2026-12-18,119,Call,4100.0,SPX261218C04100000,3600.0,3623.8,3611.9,3331.62,0.0,0.0,0.0,834.0,0.5066,0.9926,0.0,0.92,-0.1758,13.1249,3608.808,0.0,0.0,0.0,3588.69995117188,up,2026-05-19T10:12:05,0.0,0.0
SPXW,2026-12-18,119,Call,4100.0,SPXW261218C04100000,3600.0,3623.2,3611.6,0.0,0.0,0.0,0.0,0.0,0.5025,0.9925,0.0,0.9308,-0.1777,13.1222,3608.8792,0.0,0.0,0.0,3590.0,no_change,,0.0,0.0
SPX,2026-12-18,119,Put,4100.0,SPX261218P04100000,5.2,5.5,5.35,5.95,0.0,0.0,0.0,4920.0,0.4841,-0.0074,0.0,0.92,-0.1758,-0.1995,5.394,0.0,0.0,0.0,5.84999990463257,up,2026-08-18T14:23:31,0.0,0.0
SPXW,2026-12-18,119,Put,4100.0,SPXW261218P04100000,5.3,5.5,5.4,6.1,0.0,0.0,0.0,11.0,0.4853,-0.0075,0.0,0.9309,-0.1777,-0.202,5.4809,0.0,0.0,0.0,5.90000009536743,up,2026-08-18T09:30:40,0.0,0.0
SPX,2026-12-18,119,Call,4125.0,SPX261218C04125000,3575.4,3598.7,3587.05,0.0,0.0,0.0,0.0,0.0,0.5035,0.9924,0.0,0.9407,-0.1788,13.2007,3584.2887,0.0,0.0,0.0,3564.75,no_change,,0.0,0.0
SPX,2026-12-18,119,Put,4125.0,SPX261218P04125000,5.3,5.6,5.449999999999999,5.6,0.0,0.0,0.0,1440.0,0.4816,-0.0076,0.0,0.9407,-0.1788,-0.2046,5.5137,0.0,0.0,0.0,5.95000004768372,no_change,2026-08-14T11:23:39,0.0,0.0
SPX,2026-12-18,119,Call,4150.0,SPX261218C04150000,3550.9,3574.1,3562.5,3450.83,0.0,0.0,0.0,258.0,0.5004,0.9922,0.0,0.9618,-0.1818,13.2765,3559.7716,0.0,0.0,0.0,3540.65002441406,up,2026-06-17T10:23:41,0.0,0.0
SPX,2026-12-18,119,Put,4150.0,SPX261218P04150000,5.4,5.7,5.550000000000001,6.2,0.0,0.0,0.0,2147.0,0.4785,-0.0078,0.0,0.9618,-0.1818,-0.2098,5.6356,0.0,0.0,0.0,6.09999990463257,down,2026-08-18T12:45:24,0.0,0.0
SPX,2026-12-18,119,Call,4175.0,SPX261218C04175000,3526.3,3549.6,3537.95,2348.66,0.0,0.0,0.0,0.0,0.4964,0.992,0.0,0.9833,-0.1848,13.3521,3535.2568,0.0,0.0,0.0,3515.30004882812,up,2025-08-04T10:23:41,0.0,0.0
SPX,2026-12-18,119,Put,4175.0,SPX261218P04175000,5.6,5.9,5.75,6.2,0.0,0.0,0.0,453.0,0.476,-0.008,0.0,0.9833,-0.1848,-0.215,5.7597,0.0,0.0,0.0,6.25,down,2026-08-12T11:17:17,0.0,0.0
SPX,2026-12-18,119,Call,4200.0,SPX261218C04200000,3504.4,3525.7,3515.05,2295.46,0.0,0.0,0.0,1701.0,0.4932,0.9918,0.0,1.0051,-0.1878,13.4277,3510.7441,0.0,0.0,0.0,3491.95007324219,down,2026-03-27T15:46:04,0.0,0.0
SPXW,2026-12-18,119,Call,4200.0,SPXW261218C04200000,3501.8,3525.1,3513.45,0.0,0.0,0.0,0.0,0.0,0.4893,0.9917,0.0,1.0166,-0.1898,13.4248,3510.8217,0.0,0.0,0.0,3492.25,no_change,,0.0,0.0
SPX,2026-12-18,119,Put,4200.0,SPX261218P04200000,5.7,6.0,5.85,5.87,0.0,0.0,0.0,7655.0,0.4728,-0.0082,0.0,1.0051,-0.1878,-0.2204,5.8861,0.0,0.0,0.0,6.34999990463257,down,2026-08-17T10:05:40,0.0,0.0
SPXW,2026-12-18,119,Put,4200.0,SPXW261218P04200000,5.8,6.0,5.9,5.87,0.0,0.0,0.0,40.0,0.4728,-0.0083,0.0,1.0167,-0.1898,-0.2232,5.9795,0.0,0.0,0.0,6.5,no_change,2026-08-14T15:48:32,0.0,0.0
SPX,2026-12-18,119,Call,4225.0,SPX261218C04225000,3477.3,3500.7,3489.0,2764.74,0.0,0.0,0.0,4.0,0.4901,0.9916,0.0,1.0274,-0.191,13.5031,3486.2338,0.0,0.0,0.0,3466.34997558594,up,2026-03-02T16:14:22,0.0,0.0
SPX,2026-12-18,119,Put,4225.0,SPX261218P04225000,5.8,6.1,5.949999999999999,6.3,0.0,0.0,0.0,328.0,0.4697,-0.0084,0.0,1.0274,-0.191,-0.2259,6.0147,0.0,0.0,0.0,6.54999995231628,down,2026-08-12T11:17:32,0.0,0.0
SPX,2026-12-18,119,Call,4250.0,SPX261218C04250000,3457.1,3476.6,3466.85,2673.5,0.0,0.0,0.0,10.0,0.4861,0.9914,0.0,1.0502,-0.1941,13.5784,3461.7258,0.0,0.0,0.0,3442.25,up,2026-02-05T10:40:53,0.0,0.0
SPX,2026-12-18,119,Put,4250.0,SPX261218P04250000,6.0,6.2,6.1,6.3,0.0,0.0,0.0,1252.0,0.4671,-0.0086,0.0,1.0502,-0.1941,-0.2316,6.1457,0.0,0.0,0.0,6.65000009536743,no_change,2026-08-17T11:50:15,0.0,0.0
SPX,2026-12-18,119,Call,4275.0,SPX261218C04275000,3428.2,3451.6,3439.8999999999996,3337.18,0.0,0.0,0.0,115.0,0.4829,0.9912,0.0,1.0735,-0.1972,13.6536,3437.2201,0.0,0.0,0.0,3417.90002441406,down,2026-07-15T11:52:31,0.0,0.0
SPX,2026-12-18,119,Put,4275.0,SPX261218P04275000,6.1,6.4,6.25,6.2,0.0,0.0,0.0,816.0,0.4644,-0.0089,0.0,1.0735,-0.1972,-0.2373,6.2791,0.0,0.0,0.0,6.84999990463257,down,2026-08-19T15:33:55,0.0,0.0
SPX,2026-12-18,119,Call,4300.0,SPX261218C04300000,3403.7,3427.2,3415.45,3300.91,0.0,0.0,0.0,1759.0,0.4798,0.9909,0.0,1.0973,-0.2004,13.7286,3412.7169,0.0,0.0,0.0,3393.25,no_change,2026-06-17T10:13:07,0.0,0.0
SPXW,2026-12-18,119,Call,4300.0,SPXW261218C04300000,3406.4,3427.7,3417.05,3267.56,0.0,0.0,0.0,1.0,0.4761,0.9908,0.0,1.1096,-0.2025,13.7255,3412.8013,0.0,0.0,0.0,3393.94995117188,up,2026-07-22T11:04:41,0.0,0.0
SPX,2026-12-18,119,Put,4300.0,SPX261218P04300000,6.2,6.5,6.35,6.9,0.0,0.0,0.0,7716.0,0.4613,-0.0091,0.0,1.0973,-0.2004,-0.2432,6.4149,0.0,0.0,0.0,6.95000004768372,up,2026-08-17T13:40:05,0.0,0.0
SPXW,2026-12-18,119,Put,4300.0,SPXW261218P04300000,6.3,6.5,6.4,7.8,0.0,0.0,0.0,3.0,0.4622,-0.0092,0.0,1.1098,-0.2025,-0.2462,6.5151,0.0,0.0,0.0,7.0,down,2026-08-05T15:37:05,0.0,0.0
SPX,2026-12-18,119,Call,4325.0,SPX261218C04325000,3379.2,3402.6,3390.8999999999996,3098.04,0.0,0.0,0.0,2.0,0.4766,0.9907,0.0,1.1216,-0.2037,13.8035,3388.2162,0.0,0.0,0.0,3368.40002441406,up,2026-07-29T12:52:55,0.0,0.0
SPX,2026-12-18,119,Put,4325.0,SPX261218P04325000,6.4,6.7,6.550000000000001,7.1,0.0,0.0,0.0,554.0,0.4591,-0.0093,0.0,1.1216,-0.2037,-0.2492,6.5532,0.0,0.0,0.0,7.15000009536743,no_change,2026-08-18T13:38:40,0.0,0.0
SPX,2026-12-18,119,Call,4350.0,SPX261218C04350000,3354.7,3377.9,3366.3,3225.0,0.0,0.0,0.0,23.0,0.4735,0.9905,0.0,1.1465,-0.2069,13.8783,3363.7181,0.0,0.0,0.0,3343.75,up,2026-07-06T09:30:02,0.0,0.0
SPX,2026-12-18,119,Put,4350.0,SPX261218P04350000,6.5,6.8,6.65,7.3,0.0,0.0,0.0,851.0,0.4559,-0.0096,0.0,1.1465,-0.2069,-0.2554,6.6941,0.0,0.0,0.0,7.25,down,2026-08-12T11:01:58,0.0,0.0
SPX,2026-12-18,119,Call,4375.0,SPX261218C04375000,3334.6,3354.0,3344.3,1315.1,0.0,0.0,0.0,42.0,0.4703,0.9902,0.0,1.1719,-0.2102,13.9529,3339.2227,0.0,0.0,0.0,3319.80004882812,down,2025-04-16T13:40:13,0.0,0.0
SPX,2026-12-18,119,Put,4375.0,SPX261218P04375000,6.6,6.9,6.75,6.8,-0.65,-8.72483,20.0,569.0,0.4532,-0.0098,0.0,1.1719,-0.2102,-0.2618,6.8376,6.8,6.8,6.8,7.45000004768372,down,2026-08-21T14:50:18,0.0,0.0
SPX,2026-12-18,119,Call,4400.0,SPX261218C04400000,3305.7,3328.1,3316.8999999999996,3142.86,0.0,0.0,0.0,982.0,0.4664,0.99,0.0,1.1979,-0.2136,14.0273,3314.7299,0.0,0.0,0.0,3295.20007324219,down,2026-07-17T10:52:20,0.0,0.0
SPXW,2026-12-18,119,Call,4400.0,SPXW261218C04400000,3305.7,3328.5,3317.1,0.0,0.0,0.0,0.0,0.0,0.4629,0.9899,0.0,1.2112,-0.2157,14.0238,3314.8216,0.0,0.0,0.0,3296.0,no_change,,0.0,0.0
SPX,2026-12-18,119,Put,4400.0,SPX261218P04400000,6.8,7.1,6.949999999999999,7.0,-0.55,-7.28477,1.0,14558.0,0.4504,-0.01,0.0,1.1979,-0.2136,-0.2683,6.9839,7.0,7.0,7.0,7.54999995231628,down,2026-08-21T10:06:35,0.0,0.0
SPXW,2026-12-18,119,Put,4400.0,SPXW261218P04400000,6.9,7.1,7.0,7.1,0.0,0.0,0.0,10.0,0.4504,-0.0102,0.0,1.2114,-0.2157,-0.2716,7.0914,0.0,0.0,0.0,7.70000004768372,no_change,2026-08-13T15:18:24,0.0,0.0
SPX,2026-12-18,119,Call,4425.0,SPX261218C04425000,3281.2,3304.6,3292.8999999999996,2123.51,0.0,0.0,0.0,7.0,0.4632,0.9897,0.0,1.2244,-0.2169,14.1015,3290.24,0.0,0.0,0.0,3271.19995117188,down,2025-08-04T10:10:12,0.0,0.0
SPX,2026-12-18,119,Put,4425.0,SPX261218P04425000,6.9,7.2,7.050000000000001,7.4,0.0,0.0,0.0,736.0,0.4477,-0.0103,0.0,1.2245,-0.2169,-0.275,7.133,0.0,0.0,0.0,7.75,down,2026-08-13T15:52:38,0.0,0.0
SPX,2026-12-18,119,Call,4450.0,SPX261218C04450000,3256.7,3280.5,3268.6,2100.69,0.0,0.0,0.0,27.0,0.46,0.9895,0.0,1.2516,-0.2204,14.1755,3265.753,0.0,0.0,0.0,3246.34997558594,no_change,2025-08-04T10:09:17,0.0,0.0
SPX,2026-12-18,119,Put,4450.0,SPX261218P04450000,7.1,7.4,7.25,7.3,0.0,0.0,0.0,3820.0,0.4449,-0.0106,0.0,1.2516,-0.2204,-0.282,7.285,0.0,0.0,0.0,7.9500002861023,down,2026-08-19T11:01:50,0.0,0.0
SPX,2026-12-18,119,Call,4475.0,SPX261218C04475000,3232.2,3255.6,3243.8999999999996,2604.08,0.0,0.0,0.0,112.0,0.4569,0.9892,0.0,1.2792,-0.2238,14.2494,3241.269,0.0,0.0,0.0,3221.25,down,2026-02-11T11:38:36,0.0,0.0
SPX,2026-12-18,119,Put,4475.0,SPX261218P04475000,7.2,7.5,7.35,7.5,0.0,0.0,0.0,276.0,0.4425,-0.0108,0.0,1.2792,-0.2238,-0.289,7.44,0.0,0.0,0.0,8.10000014305115,down,2026-08-19T14:02:45,0.0,0.0
SPX,2026-12-18,119,Call,4500.0,SPX261218C04500000,3210.6,3228.1,3219.35,3309.6,0.0,0.0,0.0,3301.0,0.4498,0.9889,0.0,1.3073,-0.2273,14.3231,3216.7881,0.0,0.0,0.0,3197.09997558594,down,2026-08-11T10:49:40,0.0,0.0
SPXW,2026-12-18,119,Call,4500.0,SPXW261218C04500000,3207.7,3231.2,3219.45,0.0,0.0,0.0,0.0,0.0,0.4512,0.9888,0.0,1.3215,-0.2295,14.3194,3216.8876,0.0,0.0,0.0,3198.25,no_change,,0.0,0.0
SPX,2026-12-18,119,Put,4500.0,SPX261218P04500000,7.4,7.7,7.550000000000001,7.6,-0.65,-7.87879,1.0,25272.0,0.4393,-0.0111,0.0,1.3075,-0.2273,-0.2963,7.599,7.6,7.6,7.6,8.25,down,2026-08-21T10:28:23,0.0,0.0
SPXW,2026-12-18,119,Put,4500.0,SPXW261218P04500000,7.5,7.7,7.6,8.43,0.0,0.0,0.0,29.0,0.44,-0.0112,0.0,1.3217,-0.2295,-0.2998,7.7135,0.0,0.0,0.0,8.40000009536743,up,2026-08-18T09:45:18,0.0,0.0
SPX,2026-12-18,119,Call,4525.0,SPX261218C04525000,3183.2,3206.6,3194.8999999999996,2049.9,0.0,0.0,0.0,1.0,0.4512,0.9887,0.0,1.3359,-0.2308,14.3966,3192.3103,0.0,0.0,0.0,3173.25,down,2026-03-27T12:55:01,0.0,0.0
SPX,2026-12-18,119,Put,4525.0,SPX261218P04525000,7.6,7.9,7.75,8.4,0.0,0.0,0.0,820.0,0.4369,-0.0114,0.0,1.3361,-0.2309,-0.3038,7.7603,0.0,0.0,0.0,8.4500002861023,no_change,2026-08-12T11:17:17,0.0,0.0
SPX,2026-12-18,119,Call,4550.0,SPX261218C04550000,3158.7,3182.5,3170.6,2483.0,0.0,0.0,0.0,16.0,0.448,0.9884,0.0,1.3651,-0.2344,14.4699,3167.8358,0.0,0.0,0.0,3148.40002441406,up,2025-12-22T11:37:03,0.0,0.0
SPX,2026-12-18,119,Put,4550.0,SPX261218P04550000,7.7,8.0,7.85,7.87,-0.78,-9.01734,3.0,825.0,0.434,-0.0116,0.0,1.3652,-0.2344,-0.3114,7.9243,7.87,7.87,7.87,8.65000009536743,down,2026-08-21T11:39:51,0.0,0.0
SPX,2026-12-18,119,Call,4575.0,SPX261218C04575000,3134.2,3157.6,3145.8999999999996,1276.84,0.0,0.0,0.0,1.0,0.4448,0.9881,0.0,1.3947,-0.238,14.543,3143.3646,0.0,0.0,0.0,3123.84997558594,up,2025-04-15T11:04:39,0.0,0.0
SPX,2026-12-18,119,Put,4575.0,SPX261218P04575000,7.9,8.2,8.05,8.2,0.0,0.0,0.0,587.0,0.4315,-0.0119,0.0,1.3948,-0.238,-0.3191,8.0924,0.0,0.0,0.0,8.84999990463257,down,2026-08-19T09:30:19,0.0,0.0
SPX,2026-12-18,119,Call,4600.0,SPX261218C04600000,3109.8,3133.3,3121.55,3191.56,0.0,0.0,0.0,2388.0,0.4416,0.9878,0.0,1.4248,-0.2417,14.616,3118.8968,0.0,0.0,0.0,3099.60009765625,up,2026-08-12T11:15:55,0.0,0.0
SPXW,2026-12-18,119,Call,4600.0,SPXW261218C04600000,3112.9,3133.7,3123.3,2861.51,0.0,0.0,0.0,1.0,0.4386,0.9876,0.0,1.4397,-0.244,14.612,3119.0048,0.0,0.0,0.0,3100.30004882812,down,2026-07-29T09:59:06,0.0,0.0
SPX,2026-12-18,119,Put,4600.0,SPX261218P04600000,8.1,8.4,8.25,8.45,0.0,0.0,0.0,9900.0,0.4287,-0.0122,0.0,1.4249,-0.2417,-0.3271,8.2636,0.0,0.0,0.0,9.0499997138977,down,2026-08-19T13:34:54,0.0,0.0
SPXW,2026-12-18,119,Put,4600.0,SPXW261218P04600000,8.2,8.4,8.3,9.94,0.0,0.0,0.0,38.0,0.4289,-0.0124,0.0,1.4399,-0.244,-0.3309,8.3869,0.0,0.0,0.0,9.09999990463257,down,2026-08-06T14:54:23,0.0,0.0
SPX,2026-12-18,119,Call,4625.0,SPX261218C04625000,3085.3,3108.7,3097.0,0.0,0.0,0.0,0.0,0.0,0.4384,0.9875,0.0,1.4554,-0.2454,14.6888,3094.4326,0.0,0.0,0.0,3075.09997558594,no_change,,0.0,0.0
SPX,2026-12-18,119,Put,4625.0,SPX261218P04625000,8.3,8.6,8.45,8.5,-0.75,-8.10811,18.0,347.0,0.4261,-0.0125,0.0,1.4555,-0.2454,-0.3352,8.4384,8.5,8.5,8.5,9.25,no_change,2026-08-21T14:11:38,0.0,0.0
SPX,2026-12-18,119,Call,4650.0,SPX261218C04650000,3063.6,3084.6,3074.1,3081.29,30.69,1.00603,2.0,146.0,0.4359,0.9872,0.0,1.4865,-0.2492,14.7615,3069.9719,3081.43,3081.43,3081.29,3050.59997558594,down,2026-08-21T12:17:01,0.0,0.0
SPX,2026-12-18,119,Put,4650.0,SPX261218P04650000,8.4,8.7,8.55,8.73,0.0,0.0,0.0,1027.0,0.4232,-0.0128,0.0,1.4866,-0.2492,-0.3435,8.6167,0.0,0.0,0.0,9.4500002861023,down,2026-08-14T11:30:47,0.0,0.0
SPX,2026-12-18,119,Call,4675.0,SPX261218C04675000,3036.4,3058.2,3047.3,1096.8,0.0,0.0,0.0,48.0,0.4327,0.9868,0.0,1.5182,-0.253,14.834,3045.5148,0.0,0.0,0.0,3026.20007324219,down,2025-04-16T13:40:13,0.0,0.0
SPX,2026-12-18,119,Put,4675.0,SPX261218P04675000,8.6,8.9,8.75,8.9,-0.75,-7.77202,11.0,621.0,0.4207,-0.0132,0.0,1.5183,-0.253,-0.352,8.7987,8.9,8.9,8.9,9.65000009536743,no_change,2026-08-21T14:10:42,0.0,0.0
SPX,2026-12-18,119,Call,4700.0,SPX261218C04700000,3011.9,3035.3,3023.6000000000004,3093.96,0.0,0.0,0.0,2467.0,0.4295,0.9865,0.0,1.5505,-0.2568,14.9063,3021.0615,0.0,0.0,0.0,3001.60009765625,up,2026-08-12T11:15:55,0.0,0.0
SPXW,2026-12-18,119,Call,4700.0,SPXW261218C04700000,3015.8,3035.9,3025.8500000000004,0.0,0.0,0.0,0.0,0.0,0.4272,0.9864,0.0,1.5663,-0.2592,14.902,3021.1784,0.0,0.0,0.0,3002.79992675781,no_change,,0.0,0.0
SPX,2026-12-18,119,Put,4700.0,SPX261218P04700000,8.8,9.1,8.95,9.2,-0.65,-6.59898,6.0,21967.0,0.4178,-0.0135,0.0,1.5505,-0.2568,-0.3606,8.9834,9.2,9.2,9.2,9.84999990463257,no_change,2026-08-21T09:44:40,0.0,0.0
SPXW,2026-12-18,119,Put,4700.0,SPXW261218P04700000,8.9,9.1,9.0,9.2,-0.75,-7.53769,9.0,218.0,0.4183,-0.0136,0.0,1.5665,-0.2592,-0.3646,9.1166,9.2,9.2,9.2,9.9500002861023,no_change,2026-08-21T14:10:38,0.0,0.0
SPX,2026-12-18,119,Call,4725.0,SPX261218C04725000,2990.5,3011.2,3000.85,2372.23,0.0,0.0,0.0,92.0,0.4269,0.9862,0.0,1.5834,-0.2607,14.9784,2996.612,0.0,0.0,0.0,2977.65002441406,down,2026-02-11T11:38:36,0.0,0.0
SPX,2026-12-18,119,Put,4725.0,SPX261218P04725000,9.0,9.3,9.15,9.3,-0.75,-7.46268,10.0,294.0,0.4152,-0.0138,0.0,1.5834,-0.2607,-0.3694,9.1729,9.3,9.3,9.3,10.0499997138977,no_change,2026-08-21T14:10:39,0.0,0.0
SPX,2026-12-18,119,Call,4750.0,SPX261218C04750000,2963.0,2986.4,2974.7,2838.06,0.0,0.0,0.0,46.0,0.4236,0.9858,0.0,1.6171,-0.2647,15.0503,2972.1665,0.0,0.0,0.0,2952.84997558594,up,2026-07-22T13:20:42,0.0,0.0
SPX,2026-12-18,119,Put,4750.0,SPX261218P04750000,9.2,9.5,9.35,9.32,-0.93,-9.07317,3.0,2283.0,0.4125,-0.0142,0.0,1.6171,-0.2647,-0.3784,9.3664,9.32,9.32,9.32,10.25,down,2026-08-21T11:39:51,0.0,0.0
SPX,2026-12-18,119,Call,4775.0,SPX261218C04775000,2938.5,2960.4,2949.45,2789.35,0.0,0.0,0.0,8.0,0.421,0.9855,0.0,1.6515,-0.2686,15.122,2947.7249,0.0,0.0,0.0,2928.0,up,2026-06-17T14:58:29,0.0,0.0
SPX,2026-12-18,119,Put,4775.0,SPX261218P04775000,9.4,9.7,9.55,11.4,0.0,0.0,0.0,616.0,0.4099,-0.0145,0.0,1.6515,-0.2686,-0.3876,9.5638,0.0,0.0,0.0,10.5,down,2026-08-05T15:20:41,0.0,0.0
SPX,2026-12-18,119,Call,4800.0,SPX261218C04800000,2917.3,2937.9,2927.6000000000004,2884.64,0.0,0.0,0.0,2231.0,0.4178,0.9851,0.0,1.6867,-0.2727,15.1935,2923.2876,0.0,0.0,0.0,2904.04992675781,up,2026-05-29T12:07:32,0.0,0.0
SPXW,2026-12-18,119,Call,4800.0,SPXW261218C04800000,2914.1,2937.7,2925.8999999999996,0.0,0.0,0.0,0.0,0.0,0.4151,0.985,0.0,1.7037,-0.2752,15.1889,2923.4139,0.0,0.0,0.0,2904.90002441406,no_change,,0.0,0.0
SPX,2026-12-18,119,Put,4800.0,SPX261218P04800000,9.6,9.9,9.75,9.81,-0.94,-8.74419,4.0,10679.0,0.4072,-0.0149,0.0,1.6867,-0.2727,-0.3971,9.7654,9.9,9.9,9.81,10.75,no_change,2026-08-21T13:24:16,0.0,0.0
SPXW,2026-12-18,119,Put,4800.0,SPXW261218P04800000,9.7,10.0,9.85,10.0,-0.85,-7.8341,13.0,93.0,0.4077,-0.015,0.0,1.704,-0.2752,-0.4015,9.9082,10.0,10.0,10.0,10.8499999046326,no_change,2026-08-21T14:10:40,0.0,0.0
SPX,2026-12-18,119,Call,4825.0,SPX261218C04825000,2889.7,2913.0,2901.35,0.0,0.0,0.0,0.0,0.0,0.4151,0.9848,0.0,1.7228,-0.2768,15.2647,2898.8544,0.0,0.0,0.0,2879.34997558594,no_change,,0.0,0.0
SPX,2026-12-18,119,Put,4825.0,SPX261218P04825000,9.8,10.1,9.95,11.22,0.0,0.0,0.0,759.0,0.4045,-0.0152,0.0,1.7228,-0.2768,-0.4068,9.9713,0.0,0.0,0.0,10.9500002861023,no_change,2026-08-11T14:45:58,0.0,0.0
SPX,2026-12-18,119,Call,4850.0,SPX261218C04850000,2868.3,2889.0,2878.65,1732.45,0.0,0.0,0.0,2.0,0.4119,0.9844,0.0,1.7598,-0.2809,15.3356,2874.4257,0.0,0.0,0.0,2855.30004882812,down,2026-03-27T14:29:13,0.0,0.0
SPX,2026-12-18,119,Put,4850.0,SPX261218P04850000,10.0,10.4,10.2,10.14,-1.06,-9.46428,7.0,4472.0,0.4024,-0.0156,0.0,1.7598,-0.2809,-0.4168,10.1816,10.25,10.25,10.14,11.1999998092651,no_change,2026-08-21T15:36:40,0.0,0.0
SPX,2026-12-18,119,Call,4875.0,SPX261218C04875000,2843.8,2864.6,2854.2,1060.29,0.0,0.0,0.0,1.0,0.4092,0.984,0.0,1.7976,-0.2851,15.4063,2850.0016,0.0,0.0,0.0,2830.84997558594,up,2025-04-15T11:04:39,0.0,0.0
SPX,2026-12-18,119,Put,4875.0,SPX261218P04875000,10.3,10.6,10.45,10.6,-0.85,-7.42358,4.0,587.0,0.3997,-0.016,0.0,1.7976,-0.2851,-0.4271,10.3965,10.5,10.6,10.5,11.4500002861023,no_change,2026-08-21T14:10:37,0.0,0.0
SPX,2026-12-18,119,Call,4900.0,SPX261218C04900000,2820.8,2836.0,2828.4,2630.8,0.0,0.0,0.0,2588.0,0.4033,0.9836,0.0,1.8364,-0.2894,15.4767,2825.5822,0.0,0.0,0.0,2806.44995117188,up,2026-05-11T14:53:15,0.0,0.0
SPXW,2026-12-18,119,Call,4900.0,SPXW261218C04900000,2816.4,2840.0,2828.2,0.0,0.0,0.0,0.0,0.0,0.404,0.9834,0.0,1.8548,-0.292,15.4717,2825.7188,0.0,0.0,0.0,2807.35009765625,no_change,,0.0,0.0
SPX,2026-12-18,119,Put,4900.0,SPX261218P04900000,10.5,10.8,10.65,10.62,-1.03,-8.8412,1.0,11939.0,0.397,-0.0164,0.0,1.8364,-0.2894,-0.4377,10.6161,10.62,10.62,10.62,11.6500000953674,down,2026-08-21T13:19:16,0.0,0.0
SPXW,2026-12-18,119,Put,4900.0,SPXW261218P04900000,10.6,10.8,10.7,10.9,-0.9,-7.62712,13.0,59.0,0.3974,-0.0166,0.0,1.855,-0.292,-0.4425,10.7692,10.9,10.9,10.9,11.7999997138977,no_change,2026-08-21T14:10:44,0.0,0.0
SPX,2026-12-18,119,Call,4925.0,SPX261218C04925000,2791.9,2813.8,2802.8500000000004,2022.43,0.0,0.0,0.0,1.0,0.4032,0.9832,0.0,1.8761,-0.2937,15.5467,2801.1677,0.0,0.0,0.0,2782.09997558594,up,2025-11-24T13:12:34,0.0,0.0
SPX,2026-12-18,119,Put,4925.0,SPX261218P04925000,10.7,11.0,10.85,11.0,-0.95,-7.94979,5.0,660.0,0.3942,-0.0168,0.0,1.8761,-0.2937,-0.4486,10.8406,11.0,11.0,11.0,11.9500002861023,no_change,2026-08-21T14:10:37,0.0,0.0
SPX,2026-12-18,119,Call,4950.0,SPX261218C04950000,2767.5,2791.3,2779.4,1645.46,0.0,0.0,0.0,64.0,0.4005,0.9828,0.0,1.9167,-0.2981,15.6164,2776.7583,0.0,0.0,0.0,2757.69995117188,down,2026-03-27T14:29:13,0.0,0.0
SPX,2026-12-18,119,Put,4950.0,SPX261218P04950000,11.0,11.3,11.15,11.15,-1.05,-8.60656,12.0,674.0,0.392,-0.0173,0.0,1.9167,-0.2981,-0.4598,11.0702,11.15,11.15,11.15,12.1999998092651,no_change,2026-08-21T12:57:23,0.0,0.0
SPX,2026-12-18,119,Call,4975.0,SPX261218C04975000,2743.1,2766.5,2754.8,2512.71,0.0,0.0,0.0,6.0,0.3977,0.9823,0.0,1.9582,-0.3025,15.6858,2752.3542,0.0,0.0,0.0,2733.30004882812,up,2026-07-24T14:53:04,0.0,0.0
SPX,2026-12-18,119,Put,4975.0,SPX261218P04975000,11.2,11.5,11.35,11.6,-0.85,-6.82731,2.0,2227.0,0.3892,-0.0177,0.0,1.9582,-0.3025,-0.4713,11.305,11.6,11.6,11.6,12.4500002861023,down,2026-08-21T09:47:27,0.0,0.0
SPX,2026-12-18,119,Call,5000.0,SPX261218C05000000,2722.4,2738.2,2730.3,2775.16,0.0,0.0,0.0,90559.0,0.3922,0.9819,0.0,2.0006,-0.307,15.7548,2727.9555,0.0,0.0,0.0,2708.89990234375,down,2026-08-19T15:29:07,0.0,0.0
SPXW,2026-12-18,119,Call,5000.0,SPXW261218C05000000,2718.7,2742.3,2730.5,2516.63,0.0,0.0,0.0,1.0,0.3931,0.9817,0.0,2.02,-0.3097,15.7494,2728.1032,0.0,0.0,0.0,2709.80004882812,up,2026-07-28T12:08:10,0.0,0.0
SPX,2026-12-18,119,Put,5000.0,SPX261218P05000000,11.4,11.8,11.600000000000001,11.7,-1.05,-8.23529,4.0,116667.0,0.3867,-0.0181,0.0,2.0006,-0.307,-0.4832,11.5454,11.7,11.7,11.7,12.75,no_change,2026-08-21T14:10:34,0.0,0.0
SPXW,2026-12-18,119,Put,5000.0,SPXW261218P05000000,11.6,11.8,11.7,11.6,-1.3,-10.0775,5.0,738.0,0.387,-0.0183,0.0,2.0203,-0.3097,-0.4885,11.7097,11.7,11.7,11.6,12.9000000953674,down,2026-08-21T15:44:11,0.0,0.0
SPX,2026-12-18,119,Call,5025.0,SPX261218C05025000,2694.8,2718.1,2706.45,2116.31,0.0,0.0,0.0,15.0,0.3921,0.9814,0.0,2.0437,-0.3115,15.8235,2703.5624,0.0,0.0,0.0,2684.55004882812,up,2026-01-16T15:05:05,0.0,0.0
SPX,2026-12-18,119,Put,5025.0,SPX261218P05025000,11.7,12.0,11.85,11.9,-1.15,-8.81226,50.0,837.0,0.3841,-0.0186,0.0,2.0437,-0.3115,-0.4955,11.7913,11.9,11.9,11.9,13.0499997138977,no_change,2026-08-21T14:40:24,0.0,0.0
SPX,2026-12-18,119,Call,5050.0,SPX261218C05050000,2673.7,2693.7,2683.7,1735.85,0.0,0.0,0.0,93.0,0.3893,0.981,0.0,2.0876,-0.3161,15.8919,2679.1752,0.0,0.0,0.0,2660.19995117188,down,2026-03-19T12:52:25,0.0,0.0
SPX,2026-12-18,119,Put,5050.0,SPX261218P05050000,12.0,12.3,12.15,12.2,-1.1,-8.27068,5.0,3005.0,0.3815,-0.019,0.0,2.0876,-0.3161,-0.508,12.0431,12.2,12.3,12.2,13.3000001907349,down,2026-08-21T14:10:34,0.0,0.0
SPX,2026-12-18,119,Call,5075.0,SPX261218C05075000,2645.5,2668.9,2657.2,2559.78,0.0,0.0,0.0,33.0,0.3865,0.9805,0.0,2.1324,-0.3208,15.96,2654.7941,0.0,0.0,0.0,2635.85009765625,down,2026-07-15T11:53:10,0.0,0.0
SPX,2026-12-18,119,Put,5075.0,SPX261218P05075000,12.2,12.6,12.399999999999999,12.53,-1.07,-7.86765,21.0,856.0,0.3789,-0.0195,0.0,2.1324,-0.3208,-0.5209,12.3009,12.5,12.53,12.5,13.5999999046326,up,2026-08-21T14:30:23,0.0,0.0
SPX,2026-12-18,119,Call,5100.0,SPX261218C05100000,2625.0,2640.4,2632.7,2703.3,0.0,0.0,0.0,3269.0,0.3812,0.98,0.0,2.178,-0.3256,16.0277,2630.4191,0.0,0.0,0.0,2611.44995117188,up,2026-08-05T15:37:28,0.0,0.0
SPXW,2026-12-18,119,Call,5100.0,SPXW261218C05100000,2621.2,2644.5,2632.85,0.0,0.0,0.0,0.0,0.0,0.382,0.9798,0.0,2.1984,-0.3283,16.022,2630.5786,0.0,0.0,0.0,2612.40002441406,no_change,,0.0,0.0
SPX,2026-12-18,119,Put,5100.0,SPX261218P05100000,12.5,12.8,12.65,12.8,-1.1,-7.91367,8.0,21313.0,0.3765,-0.02,0.0,2.178,-0.3256,-0.5341,12.5649,12.75,12.8,12.75,13.9000000953674,no_change,2026-08-21T14:10:37,0.0,0.0
SPXW,2026-12-18,119,Put,5100.0,SPXW261218P05100000,12.6,12.9,12.75,12.9,-1.15,-8.18505,14.0,93.0,0.377,-0.0202,0.0,2.1987,-0.3284,-0.5397,12.7414,13.11,13.11,12.9,14.0499997138977,no_change,2026-08-21T14:10:31,0.0,0.0
SPX,2026-12-18,119,Call,5125.0,SPX261218C05125000,2596.8,2620.3,2608.55,2327.36,0.0,0.0,0.0,333.0,0.3813,0.9795,0.0,2.2243,-0.3304,16.0952,2606.0504,0.0,0.0,0.0,2587.14990234375,up,2026-05-07T15:25:39,0.0,0.0
SPX,2026-12-18,119,Put,5125.0,SPX261218P05125000,12.8,13.1,12.95,12.83,-1.37,-9.64789,124.0,1272.0,0.3739,-0.0205,0.0,2.2243,-0.3304,-0.5476,12.8353,13.11,13.11,12.83,14.1999998092651,down,2026-08-21T13:52:21,0.0,0.0
SPX,2026-12-18,119,Call,5150.0,SPX261218C05150000,2582.2,2585.8,2584.0,1457.43,0.0,0.0,0.0,188.0,0.376,0.979,0.0,2.2716,-0.3353,16.1623,2581.6883,0.0,0.0,0.0,2562.80004882812,up,2025-07-08T15:49:33,0.0,0.0
SPX,2026-12-18,119,Put,5150.0,SPX261218P05150000,13.0,13.4,13.2,14.5,0.0,0.0,0.0,2167.0,0.3714,-0.021,0.0,2.2716,-0.3353,-0.5614,13.1121,0.0,0.0,0.0,14.5999999046326,up,2026-08-20T15:51:20,0.0,0.0
SPX,2026-12-18,119,Call,5175.0,SPX261218C05175000,2557.8,2561.7,2559.75,1460.24,0.0,0.0,0.0,31.0,0.3732,0.9784,0.0,2.3198,-0.3402,16.2291,2557.3329,0.0,0.0,0.0,2538.44995117188,up,2025-07-16T09:47:27,0.0,0.0
SPX,2026-12-18,119,Put,5175.0,SPX261218P05175000,13.3,13.7,13.5,13.6,-1.25,-8.41751,4.0,470.0,0.369,-0.0216,0.0,2.3198,-0.3402,-0.5755,13.3957,13.6,13.6,13.6,14.8499999046326,no_change,2026-08-21T14:10:33,0.0,0.0
SPX,2026-12-18,119,Call,5200.0,SPX261218C05200000,2533.5,2537.1,2535.3,2354.74,0.0,0.0,0.0,3092.0,0.3706,0.9779,0.0,2.3691,-0.3452,16.2956,2532.9844,0.0,0.0,0.0,2514.10009765625,down,2026-05-20T16:07:12,0.0,0.0
SPXW,2026-12-18,119,Call,5200.0,SPXW261218C05200000,2526.9,2547.7,2537.3,0.0,0.0,0.0,0.0,0.0,0.3711,0.9777,0.0,2.3906,-0.3481,16.2895,2533.1565,0.0,0.0,0.0,2515.04992675781,no_change,,0.0,0.0
SPX,2026-12-18,119,Put,5200.0,SPX261218P05200000,13.6,14.0,13.8,13.9,-1.25,-8.25083,143.0,15381.0,0.3662,-0.0221,0.0,2.3691,-0.3452,-0.59,13.6862,14.0,14.0,13.9,15.1500000953674,no_change,2026-08-21T14:10:31,0.0,0.0
SPXW,2026-12-18,119,Put,5200.0,SPXW261218P05200000,13.8,14.0,13.9,13.99,-1.31,-8.56209,1.0,117.0,0.3667,-0.0223,0.0,2.3909,-0.3482,-0.596,13.8755,13.99,13.99,13.99,15.2999997138977,down,2026-08-21T11:43:23,0.0,0.0
SPX,2026-12-18,119,Call,5225.0,SPX261218C05225000,2509.1,2513.0,2511.05,1666.0,0.0,0.0,0.0,51.0,0.3679,0.9773,0.0,2.4194,-0.3504,16.3617,2508.643,0.0,0.0,0.0,2489.85009765625,up,2025-09-11T12:48:23,0.0,0.0
SPX,2026-12-18,119,Put,5225.0,SPX261218P05225000,13.9,14.3,14.100000000000001,14.2,-1.3,-8.3871,4.0,4687.0,0.3637,-0.0227,0.0,2.4194,-0.3504,-0.6048,13.9838,14.2,14.2,14.2,15.5,no_change,2026-08-21T14:10:33,0.0,0.0
SPX,2026-12-18,119,Call,5250.0,SPX261218C05250000,2484.8,2488.4,2486.6000000000004,2619.48,0.0,0.0,0.0,477.0,0.3655,0.9767,0.0,2.4711,-0.3555,16.4275,2484.3089,0.0,0.0,0.0,2465.5,down,2026-08-13T10:15:16,0.0,0.0
SPX,2026-12-18,119,Put,5250.0,SPX261218P05250000,14.2,14.6,14.399999999999999,14.43,-1.37,-8.67089,1.0,4143.0,0.3614,-0.0233,0.0,2.4711,-0.3555,-0.62,14.2888,14.43,14.43,14.43,15.8000001907349,down,2026-08-21T12:29:06,0.0,0.0
SPX,2026-12-18,119,Call,5275.0,SPX261218C05275000,2460.2,2464.3,2462.25,1654.59,0.0,0.0,0.0,2.0,0.3624,0.9761,0.0,2.524,-0.3608,16.4928,2459.9824,0.0,0.0,0.0,2441.14990234375,up,2025-09-25T15:09:09,0.0,0.0
SPX,2026-12-18,119,Put,5275.0,SPX261218P05275000,14.5,14.9,14.7,14.9,-1.25,-7.73994,5.0,1718.0,0.3588,-0.0239,0.0,2.524,-0.3608,-0.6356,14.6013,14.8,14.9,14.8,16.1499996185303,no_change,2026-08-21T14:10:35,0.0,0.0
SPX,2026-12-18,119,Call,5300.0,SPX261218C05300000,2436.2,2439.7,2437.95,2526.62,0.0,0.0,0.0,3991.0,0.3601,0.9755,0.0,2.5783,-0.3661,16.5576,2435.6637,0.0,0.0,0.0,2416.94995117188,up,2026-08-11T10:34:33,0.0,0.0
SPXW,2026-12-18,119,Call,5300.0,SPXW261218C05300000,2426.4,2449.9,2438.15,0.0,0.0,0.0,0.0,0.0,0.3607,0.9753,0.0,2.6014,-0.3691,16.5511,2435.849,0.0,0.0,0.0,2417.90002441406,no_change,,0.0,0.0
SPX,2026-12-18,119,Put,5300.0,SPX261218P05300000,14.9,15.2,15.05,15.0,-1.5,-9.09091,5.0,12155.0,0.3565,-0.0245,0.0,2.5783,-0.3661,-0.6517,14.9215,15.09,15.09,15.0,16.5,down,2026-08-21T15:40:23,0.0,0.0
SPXW,2026-12-18,119,Put,5300.0,SPXW261218P05300000,15.0,15.3,15.15,15.2,-1.5,-8.98203,18.0,227.0,0.3568,-0.0247,0.0,2.6018,-0.3691,-0.6582,15.1243,15.17,15.4,15.17,16.6999998092651,down,2026-08-21T15:20:35,0.0,0.0
SPX,2026-12-18,119,Call,5325.0,SPX261218C05325000,2411.5,2415.6,2413.55,1590.32,0.0,0.0,0.0,2.0,0.3574,0.9749,0.0,2.6341,-0.3715,16.622,2411.3531,0.0,0.0,0.0,2392.59997558594,up,2025-09-11T15:45:30,0.0,0.0
SPX,2026-12-18,119,Put,5325.0,SPX261218P05325000,15.2,15.6,15.399999999999999,15.4,0.0,0.0,0.0,1042.0,0.3539,-0.0251,0.0,2.6341,-0.3715,-0.6682,15.2499,0.0,0.0,0.0,16.9000005722046,down,2026-08-14T15:24:15,0.0,0.0
SPX,2026-12-18,119,Call,5350.0,SPX261218C05350000,2387.6,2391.0,2389.3,2264.34,0.0,0.0,0.0,813.0,0.3548,0.9742,0.0,2.6914,-0.377,16.6858,2387.0509,0.0,0.0,0.0,2368.40002441406,up,2026-06-30T15:21:31,0.0,0.0
SPXW,2026-12-18,119,Call,5350.0,SPXW261218C05350000,2377.7,2401.4,2389.55,0.0,0.0,0.0,0.0,0.0,0.3556,0.974,0.0,2.7152,-0.38,16.6789,2387.2432,0.0,0.0,0.0,2369.34997558594,no_change,,0.0,0.0
SPX,2026-12-18,119,Put,5350.0,SPX261218P05350000,15.5,15.9,15.7,15.55,-1.7,-9.85507,4.0,2651.0,0.3514,-0.0258,0.0,2.6914,-0.377,-0.6854,15.5867,15.52,15.55,15.52,17.25,up,2026-08-21T15:39:11,0.0,0.0
SPXW,2026-12-18,119,Put,5350.0,SPXW261218P05350000,15.7,16.0,15.85,16.1,-1.35,-7.73639,10.0,249.0,0.352,-0.026,0.0,2.7157,-0.38,-0.6922,15.7966,16.0,16.1,16.0,17.4499998092651,no_change,2026-08-21T14:10:43,0.0,0.0
SPX,2026-12-18,119,Call,5375.0,SPX261218C05375000,2363.2,2367.0,2365.1,1681.88,0.0,0.0,0.0,1.0,0.3523,0.9736,0.0,2.7502,-0.3826,16.749,2362.7574,0.0,0.0,0.0,2344.09997558594,down,2025-12-16T15:12:24,0.0,0.0
SPX,2026-12-18,119,Put,5375.0,SPX261218P05375000,15.9,16.3,16.1,16.1,-1.55,-8.78187,15.0,1363.0,0.349,-0.0264,0.0,2.7502,-0.3826,-0.7031,15.9322,16.15,16.15,16.1,17.6499996185303,down,2026-08-21T14:40:35,0.0,0.0
SPX,2026-12-18,119,Call,5400.0,SPX261218C05400000,2339.0,2342.4,2340.7,2449.81,0.0,0.0,0.0,2595.0,0.3499,0.9729,0.0,2.8104,-0.3882,16.8117,2338.473,0.0,0.0,0.0,2319.84997558594,up,2026-08-14T11:24:43,0.0,0.0
SPXW,2026-12-18,119,Call,5400.0,SPXW261218C05400000,2332.3,2353.1,2342.7,0.0,0.0,0.0,0.0,0.0,0.3504,0.9726,0.0,2.835,-0.3913,16.8045,2338.6726,0.0,0.0,0.0,2320.84997558594,no_change,,0.0,0.0
SPX,2026-12-18,119,Put,5400.0,SPX261218P05400000,16.2,16.6,16.4,16.5,-1.5,-8.33333,41.0,14214.0,0.3465,-0.0271,0.0,2.8104,-0.3882,-0.7214,16.2869,16.38,16.5,16.38,18.0,no_change,2026-08-21T14:39:09,0.0,0.0
SPXW,2026-12-18,119,Put,5400.0,SPXW261218P05400000,16.4,16.7,16.549999999999997,16.8,-1.45,-7.94521,5.0,321.0,0.347,-0.0274,0.0,2.8354,-0.3913,-0.7284,16.5034,16.7,16.8,16.7,18.25,no_change,2026-08-21T14:10:35,0.0,0.0
SPX,2026-12-18,119,Call,5425.0,SPX261218C05425000,2314.4,2318.4,2316.4,1704.41,0.0,0.0,0.0,5.0,0.3469,0.9722,0.0,2.8721,-0.394,16.8737,2314.1981,0.0,0.0,0.0,2295.54992675781,up,2025-12-03T15:59:06,0.0,0.0
SPX,2026-12-18,119,Put,5425.0,SPX261218P05425000,16.6,17.0,16.8,16.8,-1.6,-8.69565,48.0,775.0,0.344,-0.0278,0.0,2.8721,-0.394,-0.7403,16.651,16.7,17.0,16.7,18.4000005722046,no_change,2026-08-21T14:41:00,0.0,0.0
SPX,2026-12-18,119,Call,5450.0,SPX261218C05450000,2290.4,2293.8,2292.1000000000004,2146.51,0.0,0.0,0.0,181.0,0.3448,0.9714,0.0,2.9351,-0.3998,16.9351,2289.9331,0.0,0.0,0.0,2271.34997558594,up,2026-06-17T14:58:29,0.0,0.0
SPXW,2026-12-18,119,Call,5450.0,SPXW261218C05450000,2284.5,2304.5,2294.5,0.0,0.0,0.0,0.0,0.0,0.3451,0.9712,0.0,2.9603,-0.4029,16.9276,2290.1402,0.0,0.0,0.0,2272.34997558594,no_change,,0.0,0.0
SPX,2026-12-18,119,Put,5450.0,SPX261218P05450000,17.0,17.4,17.2,18.1,0.0,0.0,0.0,1852.0,0.3416,-0.0286,0.0,2.9351,-0.3998,-0.7598,17.0249,0.0,0.0,0.0,18.9000005722046,down,2026-08-20T09:32:51,0.0,0.0
SPXW,2026-12-18,119,Put,5450.0,SPXW261218P05450000,17.2,17.4,17.299999999999997,17.5,-1.55,-8.13648,12.0,93.0,0.3421,-0.0288,0.0,2.9608,-0.4029,-0.7672,17.25,17.5,17.5,17.5,19.0500001907349,no_change,2026-08-21T14:10:52,0.0,0.0
SPX,2026-12-18,119,Call,5475.0,SPX261218C05475000,2265.8,2269.8,2267.8,2148.01,0.0,0.0,0.0,72.0,0.3416,0.9707,0.0,2.9995,-0.4057,16.9959,2265.6782,0.0,0.0,0.0,2247.15002441406,up,2026-07-07T14:07:18,0.0,0.0
SPX,2026-12-18,119,Put,5475.0,SPX261218P05475000,17.4,17.7,17.549999999999997,17.7,0.0,0.0,0.0,996.0,0.3391,-0.0293,0.0,2.9995,-0.4057,-0.7799,17.409,0.0,0.0,0.0,19.3000001907349,up,2026-08-13T14:52:22,0.0,0.0
SPX,2026-12-18,119,Call,5500.0,SPX261218C05500000,2241.9,2245.3,2243.6000000000004,2258.37,35.12,1.57967,10.0,8135.0,0.3396,0.9699,0.0,3.0651,-0.4117,17.0561,2241.4339,2244.8,2258.37,2244.26,2223.25,up,2026-08-21T12:00:48,0.0,0.0
SPXW,2026-12-18,119,Call,5500.0,SPXW261218C05500000,2235.3,2256.0,2245.65,0.0,0.0,0.0,0.0,0.0,0.3401,0.9697,0.0,3.0908,-0.4148,17.0484,2241.6489,0.0,0.0,0.0,2223.95007324219,no_change,,0.0,0.0
SPX,2026-12-18,119,Put,5500.0,SPX261218P05500000,17.7,18.1,17.9,18.0,-1.7,-8.62944,19.0,32826.0,0.3367,-0.0301,0.0,3.0651,-0.4117,-0.8007,17.8037,18.5,18.5,18.0,19.6999998092651,down,2026-08-21T14:39:22,0.0,0.0
SPXW,2026-12-18,119,Put,5500.0,SPXW261218P05500000,18.0,18.2,18.1,18.3,-1.6,-8.0402,2.0,195.0,0.3372,-0.0304,0.0,3.0908,-0.4148,-0.8082,18.0337,18.3,18.3,18.3,19.8999996185303,no_change,2026-08-21T14:10:29,0.0,0.0
SPX,2026-12-18,119,Call,5525.0,SPX261218C05525000,2217.3,2221.3,2219.3,1605.73,0.0,0.0,0.0,7.0,0.3369,0.9691,0.0,3.132,-0.4178,17.1157,2217.2006,0.0,0.0,0.0,2198.70007324219,up,2025-12-08T15:33:09,0.0,0.0
SPX,2026-12-18,119,Put,5525.0,SPX261218P05525000,18.2,18.5,18.35,19.66,0.0,0.0,0.0,705.0,0.3342,-0.0309,0.0,3.132,-0.4178,-0.822,18.2094,0.0,0.0,0.0,20.1999998092651,up,2026-08-20T10:04:10,0.0,0.0
SPX,2026-12-18,119,Call,5550.0,SPX261218C05550000,2193.4,2196.8,2195.1000000000004,2074.44,0.0,0.0,0.0,592.0,0.3345,0.9683,0.0,3.2001,-0.424,17.1748,2192.9784,0.0,0.0,0.0,2174.5,up,2026-06-30T15:21:31,0.0,0.0
SPXW,2026-12-18,119,Call,5550.0,SPXW261218C05550000,2186.8,2207.5,2197.15,0.0,0.0,0.0,0.0,0.0,0.335,0.968,0.0,3.2262,-0.4272,17.1668,2193.2014,0.0,0.0,0.0,2175.59997558594,no_change,,0.0,0.0
SPX,2026-12-18,119,Put,5550.0,SPX261218P05550000,18.6,19.0,18.8,18.9,-1.7,-8.25242,7.0,1332.0,0.3318,-0.0317,0.0,3.2001,-0.424,-0.8439,18.6263,18.9,19.0,18.9,20.5999994277954,no_change,2026-08-21T14:10:41,0.0,0.0
SPXW,2026-12-18,119,Put,5550.0,SPXW261218P05550000,18.8,19.1,18.950000000000003,20.25,0.0,0.0,0.0,20.0,0.3322,-0.032,0.0,3.2262,-0.4272,-0.8516,18.8642,0.0,0.0,0.0,20.8000001907349,up,2026-08-20T11:24:25,0.0,0.0
SPX,2026-12-18,119,Call,5575.0,SPX261218C05575000,2168.9,2172.8,2170.8500000000004,1934.88,0.0,0.0,0.0,592.0,0.3319,0.9675,0.0,3.2695,-0.4303,17.2333,2168.7679,0.0,0.0,0.0,2150.40002441406,up,2026-07-27T11:27:09,0.0,0.0
SPX,2026-12-18,119,Put,5575.0,SPX261218P05575000,19.0,19.4,19.2,19.3,-1.8,-8.5308,4.0,1222.0,0.3294,-0.0325,0.0,3.2695,-0.4303,-0.8663,19.0547,19.23,19.3,19.23,21.0999994277954,no_change,2026-08-21T14:10:29,0.0,0.0
SPX,2026-12-18,119,Call,5600.0,SPX261218C05600000,2145.0,2148.3,2146.65,2161.52,35.3199,1.66118,1.0,4338.0,0.3296,0.9666,0.0,3.3404,-0.4367,17.2912,2144.5694,2161.52,2161.52,2161.52,2126.20007324219,up,2026-08-21T12:00:48,0.0,0.0
SPXW,2026-12-18,119,Call,5600.0,SPXW261218C05600000,2135.1,2158.6,2146.85,0.0,0.0,0.0,0.0,0.0,0.3301,0.9663,0.0,3.3671,-0.4399,17.283,2144.8005,0.0,0.0,0.0,2127.20007324219,no_change,,0.0,0.0
SPX,2026-12-18,119,Put,5600.0,SPX261218P05600000,19.4,19.8,19.6,19.75,-1.85,-8.56481,1.0,18853.0,0.3269,-0.0334,0.0,3.3404,-0.4367,-0.8893,19.4951,19.75,19.75,19.75,21.5999994277954,down,2026-08-21T12:00:48,0.0,0.0
SPXW,2026-12-18,119,Put,5600.0,SPXW261218P05600000,19.6,19.9,19.75,20.0,-1.75,-8.04598,10.0,144.0,0.3275,-0.0337,0.0,3.3673,-0.44,-0.8974,19.743,20.34,20.34,20.0,21.75,no_change,2026-08-21T14:10:36,0.0,0.0
SPX,2026-12-18,119,Call,5625.0,SPX261218C05625000,2120.5,2124.4,2122.45,1605.1,0.0,0.0,0.0,307.0,0.3267,0.9657,0.0,3.4129,-0.4432,17.3486,2120.3831,0.0,0.0,0.0,2102.05004882812,up,2026-02-02T12:09:48,0.0,0.0
SPX,2026-12-18,119,Put,5625.0,SPX261218P05625000,19.9,20.3,20.1,20.2,-1.85,-8.39002,20.0,5349.0,0.3247,-0.0343,0.0,3.4129,-0.4432,-0.9129,19.9479,20.2,20.2,20.2,22.0499992370605,down,2026-08-21T14:39:28,0.0,0.0
SPX,2026-12-18,119,Call,5650.0,SPX261218C05650000,2096.6,2099.9,2098.25,1919.73,0.0,0.0,0.0,1416.0,0.3244,0.9648,0.0001,3.487,-0.4498,17.4053,2096.2094,0.0,0.0,0.0,2077.90002441406,up,2026-06-17T15:56:09,0.0,0.0
SPXW,2026-12-18,119,Call,5650.0,SPXW261218C05650000,2089.9,2110.7,2100.3,0.0,0.0,0.0,0.0,0.0,0.325,0.9645,0.0001,3.5144,-0.4531,17.3969,2096.4488,0.0,0.0,0.0,2079.0,no_change,,0.0,0.0
SPX,2026-12-18,119,Put,5650.0,SPX261218P05650000,20.3,20.8,20.55,20.7,-1.85,-8.20399,6.0,5653.0,0.3223,-0.0352,0.0001,3.487,-0.4498,-0.9372,20.4133,20.7,20.7,20.7,22.5499992370605,no_change,2026-08-21T14:10:38,0.0,0.0
SPXW,2026-12-18,119,Put,5650.0,SPXW261218P05650000,20.6,20.9,20.75,21.7,0.0,0.0,0.0,71.0,0.3228,-0.0355,0.0001,3.5144,-0.4531,-0.9453,20.6676,0.0,0.0,0.0,22.75,up,2026-08-17T12:57:05,0.0,0.0
SPX,2026-12-18,119,Call,5675.0,SPX261218C05675000,2072.1,2076.0,2074.05,1168.4,0.0,0.0,0.0,34.0,0.3218,0.9638,0.0001,3.5632,-0.4566,17.4613,2072.0489,0.0,0.0,0.0,2053.79992675781,down,2026-04-07T10:02:57,0.0,0.0
SPX,2026-12-18,119,Put,5675.0,SPX261218P05675000,20.8,21.2,21.0,21.56,-1.54,-6.66666,4.0,1098.0,0.3198,-0.0362,0.0001,3.5632,-0.4566,-0.9621,20.8916,21.53,21.56,21.53,23.0999994277954,up,2026-08-21T10:20:23,0.0,0.0
SPX,2026-12-18,119,Call,5700.0,SPX261218C05700000,2048.3,2051.5,2049.9,2159.11,0.0,0.0,0.0,3722.0,0.3198,0.9628,0.0001,3.6414,-0.4634,17.5165,2047.9018,0.0,0.0,0.0,2029.65002441406,up,2026-08-14T11:24:43,0.0,0.0
SPXW,2026-12-18,119,Call,5700.0,SPXW261218C05700000,2043.0,2062.4,2052.7,0.0,0.0,0.0,0.0,0.0,0.3199,0.9625,0.0001,3.6696,-0.4666,17.5079,2048.1496,0.0,0.0,0.0,2030.70001220703,no_change,,0.0,0.0
SPX,2026-12-18,119,Put,5700.0,SPX261218P05700000,21.3,21.7,21.5,21.58,-2.07,-8.75264,45.0,12474.0,0.3175,-0.0372,0.0001,3.6414,-0.4634,-0.9877,21.3835,21.58,21.58,21.58,23.6499996185303,no_change,2026-08-21T12:55:45,0.0,0.0
SPXW,2026-12-18,119,Put,5700.0,SPXW261218P05700000,21.5,21.8,21.65,21.9,-1.95,-8.1761,7.0,121.0,0.318,-0.0375,0.0001,3.6696,-0.4666,-0.9962,21.6464,21.9,21.9,21.9,23.8500003814697,no_change,2026-08-21T14:10:38,0.0,0.0
SPX,2026-12-18,119,Call,5725.0,SPX261218C05725000,2023.9,2027.6,2025.75,1156.55,0.0,0.0,0.0,58.0,0.317,0.9618,0.0001,3.7218,-0.4703,17.571,2023.7687,0.0,0.0,0.0,2005.54998779297,up,2025-08-29T10:56:32,0.0,0.0
SPX,2026-12-18,119,Put,5725.0,SPX261218P05725000,21.8,22.2,22.0,22.2,-2.0,-8.26446,4.0,1057.0,0.3151,-0.0382,0.0001,3.7218,-0.4703,-1.0143,21.8894,22.2,22.2,22.2,24.1999998092651,no_change,2026-08-21T14:10:33,0.0,0.0
SPX,2026-12-18,119,Call,5750.0,SPX261218C05750000,2000.0,2003.2,2001.6,1878.54,0.0,0.0,0.0,1425.0,0.3146,0.9608,0.0001,3.8044,-0.4773,17.6244,1999.6501,0.0,0.0,0.0,1981.5,up,2026-06-30T14:18:27,0.0,0.0
SPXW,2026-12-18,119,Call,5750.0,SPXW261218C05750000,1993.3,2014.1,2003.6999999999998,0.0,0.0,0.0,0.0,0.0,0.3153,0.9605,0.0001,3.8335,-0.4806,17.6154,1999.9067,0.0,0.0,0.0,1982.64996337891,no_change,,0.0,0.0
SPX,2026-12-18,119,Put,5750.0,SPX261218P05750000,22.3,22.7,22.5,22.5,-2.25,-9.09091,9.0,8477.0,0.3127,-0.0392,0.0001,3.8044,-0.4773,-1.0417,22.4099,22.7,22.8,22.5,24.75,down,2026-08-21T15:58:42,0.0,0.0
SPXW,2026-12-18,119,Put,5750.0,SPXW261218P05750000,22.5,22.9,22.7,22.9,-2.05,-8.21643,9.0,66.0,0.3132,-0.0395,0.0001,3.8335,-0.4806,-1.0506,22.6814,22.9,23.0,22.9,24.9499998092651,no_change,2026-08-21T14:10:38,0.0,0.0
SPX,2026-12-18,119,Call,5775.0,SPX261218C05775000,1975.6,1979.4,1977.5,1438.01,0.0,0.0,0.0,224.0,0.3123,0.9597,0.0001,3.8894,-0.4844,17.6769,1975.5467,0.0,0.0,0.0,1957.45001220703,up,2025-12-26T13:26:31,0.0,0.0
SPX,2026-12-18,119,Put,5775.0,SPX261218P05775000,22.8,23.2,23.0,23.68,-1.67,-6.58777,1.0,2167.0,0.3104,-0.0403,0.0001,3.8898,-0.4845,-1.0703,22.9479,23.68,23.68,23.68,25.3500003814697,up,2026-08-21T09:30:02,0.0,0.0
SPX,2026-12-18,119,Call,5800.0,SPX261218C05800000,1951.8,1955.0,1953.4,1942.9,9.25,0.478369,2.0,6616.0,0.3101,0.9586,0.0001,3.9766,-0.4917,17.7283,1951.4591,1942.9,1942.9,1942.9,1933.65002441406,down,2026-08-21T10:39:37,0.0,0.0
SPXW,2026-12-18,119,Call,5800.0,SPXW261218C05800000,1945.2,1965.9,1955.5500000000002,0.0,0.0,0.0,0.0,0.0,0.3102,0.9583,0.0001,4.0065,-0.495,17.7189,1951.7247,0.0,0.0,0.0,1934.54998779297,no_change,,0.0,0.0
SPX,2026-12-18,119,Put,5800.0,SPX261218P05800000,23.3,23.8,23.55,23.67,-2.28,-8.78613,10.0,16135.0,0.3081,-0.0414,0.0001,3.9766,-0.4917,-1.0997,23.4968,24.28,24.28,23.67,25.9500007629395,no_change,2026-08-21T13:24:16,0.0,0.0
SPXW,2026-12-18,119,Put,5800.0,SPXW261218P05800000,23.6,23.9,23.75,24.0,0.0,0.0,0.0,17.0,0.3085,-0.0417,0.0001,4.0065,-0.495,-1.1089,23.7774,0.0,0.0,0.0,26.1499996185303,no_change,2026-08-19T12:26:59,0.0,0.0
SPX,2026-12-18,119,Call,5825.0,SPX261218C05825000,1927.4,1931.2,1929.3000000000002,1243.9,0.0,0.0,0.0,20.0,0.3074,0.9575,0.0001,4.066,-0.499,17.7787,1927.3878,0.0,0.0,0.0,1909.40002441406,up,2026-04-10T14:43:18,0.0,0.0
SPX,2026-12-18,119,Put,5825.0,SPX261218P05825000,23.9,24.4,24.15,24.4,-2.15,-8.09793,6.0,466.0,0.306,-0.0426,0.0001,4.0664,-0.4991,-1.1304,24.0671,24.3,24.4,24.3,26.5499992370605,no_change,2026-08-21T14:10:33,0.0,0.0
SPX,2026-12-18,119,Call,5850.0,SPX261218C05850000,1903.7,1906.8,1905.25,1713.25,0.0,0.0,0.0,596.0,0.3051,0.9563,0.0001,4.1574,-0.5065,17.8279,1903.3337,0.0,0.0,0.0,1885.39996337891,down,2026-06-23T12:10:44,0.0,0.0
SPXW,2026-12-18,119,Call,5850.0,SPXW261218C05850000,1896.7,1917.7,1907.2,0.0,0.0,0.0,0.0,0.0,0.3055,0.9559,0.0001,4.1878,-0.5098,17.8181,1903.6088,0.0,0.0,0.0,1886.45001220703,no_change,,0.0,0.0
SPX,2026-12-18,119,Put,5850.0,SPX261218P05850000,24.5,24.9,24.7,24.42,-2.73,-10.0552,3.0,4122.0,0.3036,-0.0437,0.0001,4.1574,-0.5065,-1.162,24.6495,24.9,24.9,24.42,27.1499996185303,down,2026-08-21T15:36:40,0.0,0.0
SPXW,2026-12-18,119,Put,5850.0,SPXW261218P05850000,24.8,25.1,24.950000000000003,24.6,0.0,0.0,0.0,56.0,0.3038,-0.0441,0.0001,4.1878,-0.5098,-1.1716,24.9395,0.0,0.0,0.0,27.4499998092651,down,2026-08-13T11:02:41,0.0,0.0
SPX,2026-12-18,119,Call,5875.0,SPX261218C05875000,1879.3,1883.0,1881.15,1984.7,0.0,0.0,0.0,187.0,0.3026,0.9551,0.0001,4.2506,-0.5141,17.8761,1879.2974,0.0,0.0,0.0,1861.35003662109,up,2026-08-10T10:50:18,0.0,0.0
SPX,2026-12-18,119,Put,5875.0,SPX261218P05875000,25.1,25.6,25.35,25.5,-2.35,-8.43806,11.0,1154.0,0.3013,-0.0449,0.0001,4.2506,-0.5141,-1.1947,25.2522,25.5,25.6,25.5,27.8500003814697,no_change,2026-08-21T14:10:47,0.0,0.0
SPX,2026-12-18,119,Call,5900.0,SPX261218C05900000,1855.6,1858.7,1857.15,1920.73,0.0,0.0,0.0,3624.0,0.3006,0.9538,0.0001,4.3456,-0.5218,17.9233,1855.2794,0.0,0.0,0.0,1837.39996337891,down,2026-08-19T11:17:04,0.0,0.0
SPXW,2026-12-18,119,Call,5900.0,SPXW261218C05900000,1849.0,1869.6,1859.3,0.0,0.0,0.0,0.0,0.0,0.3007,0.9534,0.0001,4.3764,-0.5251,17.9132,1855.5642,0.0,0.0,0.0,1838.59997558594,no_change,,0.0,0.0
SPX,2026-12-18,119,Put,5900.0,SPX261218P05900000,25.7,26.2,25.95,25.94,-2.61,-9.14185,196.0,12580.0,0.2988,-0.0462,0.0001,4.3456,-0.5218,-1.2285,25.8731,26.0,26.08,25.94,28.5499992370606,down,2026-08-21T13:19:16,0.0,0.0
SPXW,2026-12-18,119,Put,5900.0,SPXW261218P05900000,26.0,26.3,26.15,26.4,-2.35,-8.17391,15.0,1253.0,0.2992,-0.0466,0.0001,4.3764,-0.5251,-1.2384,26.1729,26.35,26.4,26.35,28.75,no_change,2026-08-21T14:10:34,0.0,0.0
SPX,2026-12-18,119,Call,5925.0,SPX261218C05925000,1831.5,1834.9,1833.2,1903.56,0.0,0.0,0.0,72.0,0.2979,0.9525,0.0001,4.4424,-0.5296,17.9694,1831.2804,0.0,0.0,0.0,1813.45001220703,up,2026-08-12T11:04:59,0.0,0.0
SPX,2026-12-18,119,Put,5925.0,SPX261218P05925000,26.3,26.8,26.55,28.13,0.0,0.0,0.0,980.0,0.2965,-0.0475,0.0001,4.4424,-0.5296,-1.2633,26.5132,0.0,0.0,0.0,29.25,no_change,2026-08-20T11:31:08,0.0,0.0
SPX,2026-12-18,119,Call,5950.0,SPX261218C05950000,1807.6,1810.6,1809.1,1732.1,0.0,0.0,0.0,706.0,0.2955,0.9512,0.0001,4.541,-0.5375,18.0147,1807.3011,0.0,0.0,0.0,1789.55004882812,down,2026-07-13T10:03:53,0.0,0.0
SPXW,2026-12-18,119,Call,5950.0,SPXW261218C05950000,1797.6,1821.2,1809.4,0.0,0.0,0.0,0.0,0.0,0.296,0.9508,0.0001,4.5721,-0.5409,18.0044,1807.5957,0.0,0.0,0.0,1790.64996337891,no_change,,0.0,0.0
SPX,2026-12-18,119,Put,5950.0,SPX261218P05950000,27.0,27.5,27.25,27.5,-2.45,-8.1803,2.0,3170.0,0.2942,-0.0488,0.0001,4.541,-0.5375,-1.299,27.1728,27.5,27.5,27.5,29.9500007629394,no_change,2026-08-21T14:10:31,0.0,0.0
SPXW,2026-12-18,119,Put,5950.0,SPXW261218P05950000,27.3,27.6,27.450000000000003,27.4,0.0,0.0,0.0,75.0,0.2946,-0.0492,0.0001,4.5721,-0.5409,-1.3091,27.4824,0.0,0.0,0.0,30.1999998092651,no_change,2026-08-19T15:36:33,0.0,0.0
SPX,2026-12-18,119,Call,5975.0,SPX261218C05975000,1783.3,1786.9,1785.1,1612.7,0.0,0.0,0.0,117.0,0.2932,0.9498,0.0001,4.6416,-0.5456,18.059,1783.3418,0.0,0.0,0.0,1765.59997558594,up,2026-06-29T16:13:04,0.0,0.0
SPX,2026-12-18,119,Put,5975.0,SPX261218P05975000,27.7,28.2,27.95,30.3,0.0,0.0,0.0,1668.0,0.2921,-0.0502,0.0001,4.6416,-0.5456,-1.3356,27.8526,0.0,0.0,0.0,30.6499996185303,down,2026-08-20T10:18:18,0.0,0.0
SPX,2026-12-18,119,Call,6000.0,SPX261218C06000000,1759.7,1762.7,1761.2,1764.64,22.89,1.3142,1004.0,130222.0,0.2912,0.9484,0.0001,4.7444,-0.5538,18.1023,1759.4033,1753.65,1777.68,1750.0,1741.75,down,2026-08-21T12:50:58,0.0,0.0
SPXW,2026-12-18,119,Call,6000.0,SPXW261218C06000000,1749.7,1773.5,1761.6,1807.96,0.0,0.0,0.0,13.0,0.2912,0.948,0.0001,4.7759,-0.5571,18.0918,1759.7078,0.0,0.0,0.0,1742.90002441406,down,2026-08-19T13:13:48,0.0,0.0
SPX,2026-12-18,119,Put,6000.0,SPX261218P06000000,28.3,28.8,28.55,28.26,-3.19,-10.1431,2018.0,151180.0,0.2897,-0.0517,0.0001,4.7444,-0.5538,-1.3733,28.553,29.4,29.6,28.26,31.4500007629394,no_change,2026-08-21T15:37:58,0.0,0.0
SPXW,2026-12-18,119,Put,6000.0,SPXW261218P06000000,28.6,29.0,28.8,29.1,-2.6,-8.20189,12.0,108.0,0.2901,-0.052,0.0001,4.7759,-0.5571,-1.3836,28.8725,29.45,29.45,28.9,31.6999998092651,no_change,2026-08-21T14:10:38,0.0,0.0
SPX,2026-12-18,119,Call,6025.0,SPX261218C06025000,1735.5,1739.0,1737.25,1842.7,0.0,0.0,0.0,627.0,0.2885,0.9469,0.0001,4.8496,-0.5621,18.1445,1735.486,0.0,0.0,0.0,1717.85003662109,no_change,2026-08-17T09:43:32,0.0,0.0
SPX,2026-12-18,119,Put,6025.0,SPX261218P06025000,29.1,29.6,29.35,29.5,-2.75,-8.52713,8.0,1895.0,0.2874,-0.0531,0.0001,4.8496,-0.5621,-1.412,29.2747,29.5,29.5,29.5,32.25,no_change,2026-08-21T14:10:40,0.0,0.0
SPX,2026-12-18,119,Call,6050.0,SPX261218C06050000,1711.8,1714.8,1713.3,1616.14,0.0,0.0,0.0,1275.0,0.2862,0.9454,0.0001,4.9577,-0.5705,18.1855,1711.5908,0.0,0.0,0.0,1694.10003662109,down,2026-07-16T16:00:25,0.0,0.0
SPXW,2026-12-18,119,Call,6050.0,SPXW261218C06050000,1701.9,1725.7,1713.8000000000002,0.0,0.0,0.0,0.0,0.0,0.2866,0.945,0.0001,4.9901,-0.5738,18.1748,1711.9054,0.0,0.0,0.0,1695.20001220703,no_change,,0.0,0.0
SPX,2026-12-18,119,Put,6050.0,SPX261218P06050000,29.8,30.3,30.05,30.3,-2.75,-8.32072,1.0,5483.0,0.2851,-0.0546,0.0001,4.9577,-0.5705,-1.4518,30.0185,30.3,30.3,30.3,33.0499992370606,down,2026-08-21T14:10:31,0.0,0.0
SPXW,2026-12-18,119,Put,6050.0,SPXW261218P06050000,30.1,30.5,30.3,30.6,-2.7,-8.10811,6.0,123.0,0.2857,-0.055,0.0001,4.9901,-0.5738,-1.4624,30.3481,30.5,30.6,30.5,33.2999992370606,no_change,2026-08-21T14:10:31,0.0,0.0
SPX,2026-12-18,119,Call,6075.0,SPX261218C06075000,1687.7,1691.2,1689.45,1546.28,0.0,0.0,0.0,42.0,0.2839,0.9438,0.0001,5.0689,-0.579,18.2252,1687.7183,0.0,0.0,0.0,1670.25,up,2026-05-11T11:05:13,0.0,0.0
SPX,2026-12-18,119,Put,6075.0,SPX261218P06075000,30.5,31.1,30.8,31.0,-2.85,-8.41949,6.0,1377.0,0.2829,-0.0562,0.0001,5.0689,-0.579,-1.4931,30.785,31.0,31.1,31.0,33.8499984741211,no_change,2026-08-21T14:10:33,0.0,0.0
SPX,2026-12-18,119,Call,6100.0,SPX261218C06100000,1664.1,1667.1,1665.6,1441.83,0.0,0.0,0.0,3772.0,0.2824,0.9422,0.0001,5.1832,-0.5876,18.2634,1663.8695,0.0,0.0,0.0,1646.44995117188,down,2026-07-27T11:32:13,0.0,0.0
SPXW,2026-12-18,119,Call,6100.0,SPXW261218C06100000,1657.0,1678.1,1667.55,0.0,0.0,0.0,0.0,0.0,0.2821,0.9418,0.0001,5.2164,-0.591,18.2522,1664.1944,0.0,0.0,0.0,1647.69995117188,no_change,,0.0,0.0
SPX,2026-12-18,119,Put,6100.0,SPX261218P06100000,31.3,31.9,31.6,31.2,-3.55,-10.2158,3.0,14590.0,0.2807,-0.0578,0.0001,5.1832,-0.5876,-1.5358,31.5752,31.2,31.2,31.2,34.75,down,2026-08-21T15:50:00,0.0,0.0
SPXW,2026-12-18,119,Put,6100.0,SPXW261218P06100000,31.7,32.0,31.85,32.25,0.0,0.0,0.0,176.0,0.281,-0.0582,0.0001,5.2164,-0.591,-1.5468,31.9151,0.0,0.0,0.0,35.0,up,2026-08-17T10:50:44,0.0,0.0
SPX,2026-12-18,119,Call,6125.0,SPX261218C06125000,1640.2,1643.4,1641.8000000000002,1311.78,0.0,0.0,0.0,19.0,0.2793,0.9405,0.0001,5.3008,-0.5964,18.2999,1640.0453,0.0,0.0,0.0,1622.64996337891,up,2026-05-04T12:25:38,0.0,0.0
SPX,2026-12-18,119,Put,6125.0,SPX261218P06125000,32.1,32.7,32.400000000000006,35.4,0.0,0.0,0.0,1682.0,0.2784,-0.0595,0.0001,5.3008,-0.5964,-1.5803,32.39,0.0,0.0,0.0,35.6500015258789,down,2026-08-18T12:26:58,0.0,0.0
SPX,2026-12-18,119,Call,6150.0,SPX261218C06150000,1616.5,1619.4,1617.95,1471.93,0.0,0.0,0.0,637.0,0.2771,0.9388,0.0001,5.4215,-0.6053,18.3347,1616.2468,0.0,0.0,0.0,1598.94995117188,up,2026-05-18T10:30:41,0.0,0.0
SPXW,2026-12-18,119,Call,6150.0,SPXW261218C06150000,1611.4,1630.4,1620.9,0.0,0.0,0.0,0.0,0.0,0.2774,0.9383,0.0001,5.4553,-0.6086,18.323,1616.5824,0.0,0.0,0.0,1600.14996337891,no_change,,0.0,0.0
SPX,2026-12-18,119,Put,6150.0,SPX261218P06150000,33.0,33.5,33.25,32.9,-3.65,-9.98632,2.0,4085.0,0.2761,-0.0613,0.0001,5.4215,-0.6053,-1.6264,33.2304,32.79,32.9,32.79,36.5499992370606,up,2026-08-21T15:39:11,0.0,0.0
SPXW,2026-12-18,119,Put,6150.0,SPXW261218P06150000,33.3,33.7,33.5,33.3,-3.5,-9.51087,204.0,63.0,0.2766,-0.0617,0.0001,5.4553,-0.6086,-1.6379,33.581,33.7,33.9,33.3,36.7999992370606,no_change,2026-08-21T15:01:31,0.0,0.0
SPX,2026-12-18,119,Call,6175.0,SPX261218C06175000,1592.4,1595.8,1594.1,1694.39,0.0,0.0,0.0,189.0,0.2748,0.937,0.0001,5.545,-0.6143,18.3676,1592.475,0.0,0.0,0.0,1575.29998779297,up,2026-08-10T10:30:21,0.0,0.0
SPX,2026-12-18,119,Put,6175.0,SPX261218P06175000,33.8,34.4,34.099999999999994,35.11,0.0,0.0,0.0,6250.0,0.274,-0.063,0.0001,5.545,-0.6143,-1.6744,34.0976,0.0,0.0,0.0,37.5,down,2026-08-19T10:31:19,0.0,0.0
SPX,2026-12-18,119,Call,6200.0,SPX261218C06200000,1568.9,1571.8,1570.35,1653.02,0.0,0.0,0.0,8979.0,0.2733,0.9351,0.0001,5.6712,-0.6234,18.3988,1568.731,0.0,0.0,0.0,1551.60003662109,up,2026-08-12T10:19:04,0.0,0.0
SPXW,2026-12-18,119,Call,6200.0,SPXW261218C06200000,1558.9,1580.8,1569.85,0.0,0.0,0.0,0.0,0.0,0.273,0.9347,0.0001,5.7053,-0.6267,18.3867,1569.0778,0.0,0.0,0.0,1552.79998779297,no_change,,0.0,0.0
SPX,2026-12-18,119,Put,6200.0,SPX261218P06200000,34.7,35.3,35.0,34.8,-3.65,-9.49285,8.0,26608.0,0.2718,-0.0649,0.0001,5.6712,-0.6234,-1.7242,34.9927,35.85,35.85,34.8,38.4500007629394,down,2026-08-21T15:59:45,0.0,0.0
SPXW,2026-12-18,119,Put,6200.0,SPXW261218P06200000,35.1,35.4,35.25,37.14,0.0,0.0,0.0,87.0,0.272,-0.0653,0.0001,5.7053,-0.6267,-1.7361,35.3545,0.0,0.0,0.0,38.75,down,2026-08-20T09:52:45,0.0,0.0
SPX,2026-12-18,119,Call,6225.0,SPX261218C06225000,1545.1,1548.3,1546.6999999999998,1537.4,0.0,0.0,0.0,1121.0,0.2703,0.9332,0.0001,5.7996,-0.6326,18.4282,1545.016,0.0,0.0,0.0,1527.95001220703,down,2026-06-03T11:34:54,0.0,0.0
SPX,2026-12-18,119,Put,6225.0,SPX261218P06225000,35.7,36.2,35.95,36.2,-3.25,-8.23828,4.0,4919.0,0.2695,-0.0668,0.0001,5.7996,-0.6326,-1.7757,35.9167,36.02,36.2,36.02,39.4500007629394,no_change,2026-08-21T14:10:31,0.0,0.0
SPX,2026-12-18,119,Call,6250.0,SPX261218C06250000,1521.5,1524.3,1522.9,1422.79,0.0,0.0,0.0,704.0,0.2681,0.9312,0.0001,5.9302,-0.642,18.4561,1521.3308,0.0,0.0,0.0,1504.29998779297,up,2026-06-30T15:12:49,0.0,0.0
SPXW,2026-12-18,119,Call,6250.0,SPXW261218C06250000,1514.3,1535.5,1524.9,0.0,0.0,0.0,0.0,0.0,0.2683,0.9308,0.0001,5.9645,-0.6452,18.4438,1521.689,0.0,0.0,0.0,1505.59997558594,no_change,,0.0,0.0
SPX,2026-12-18,119,Put,6250.0,SPX261218P06250000,36.6,37.2,36.900000000000006,36.91,-3.64,-8.97657,54.0,11340.0,0.2673,-0.0688,0.0001,5.9302,-0.642,-1.8288,36.8705,37.15,37.15,36.78,40.5499992370606,up,2026-08-21T12:21:21,0.0,0.0
SPXW,2026-12-18,119,Put,6250.0,SPXW261218P06250000,36.9,37.3,37.099999999999994,42.4,0.0,0.0,0.0,37.0,0.2677,-0.0692,0.0001,5.9645,-0.6452,-1.8409,37.2437,0.0,0.0,0.0,40.7999992370606,down,2026-08-06T11:13:15,0.0,0.0
SPX,2026-12-18,119,Call,6275.0,SPX261218C06275000,1497.6,1500.9,1499.25,1418.31,0.0,0.0,0.0,49.0,0.2657,0.9292,0.0001,6.063,-0.6514,18.4824,1497.6764,0.0,0.0,0.0,1480.70001220703,down,2026-08-03T10:29:43,0.0,0.0
SPX,2026-12-18,119,Put,6275.0,SPX261218P06275000,37.6,38.1,37.85,41.3,0.0,0.0,0.0,5942.0,0.2651,-0.0708,0.0001,6.063,-0.6514,-1.8834,37.8551,0.0,0.0,0.0,41.5499992370606,up,2026-08-18T12:27:22,0.0,0.0
SPX,2026-12-18,119,Call,6300.0,SPX261218C06300000,1474.2,1477.1,1475.65,1403.55,0.0,0.0,0.0,4622.0,0.2638,0.9271,0.0001,6.1982,-0.661,18.5073,1474.0537,0.0,0.0,0.0,1457.25,up,2026-07-13T10:07:54,0.0,0.0
SPXW,2026-12-18,119,Call,6300.0,SPXW261218C06300000,1464.2,1486.6,1475.4,0.0,0.0,0.0,0.0,0.0,0.2639,0.9266,0.0001,6.2326,-0.6642,18.4949,1474.4234,0.0,0.0,0.0,1458.45001220703,no_change,,0.0,0.0
SPX,2026-12-18,119,Put,6300.0,SPX261218P06300000,38.6,39.2,38.900000000000006,38.64,-4.06,-9.5082,2.0,22764.0,0.263,-0.073,0.0001,6.1982,-0.661,-1.9394,38.8713,38.5,38.64,38.5,42.7000007629394,up,2026-08-21T13:09:40,0.0,0.0
SPXW,2026-12-18,119,Put,6300.0,SPXW261218P06300000,38.9,39.3,39.099999999999994,38.8,-4.2,-9.76744,10.0,62.0,0.2632,-0.0734,0.0001,6.2326,-0.6642,-1.9517,39.256,38.8,38.8,38.8,43.0,no_change,2026-08-21T15:50:40,0.0,0.0
SPX,2026-12-18,119,Call,6325.0,SPX261218C06325000,1450.5,1453.7,1452.1,1197.14,0.0,0.0,0.0,122.0,0.2613,0.9249,0.0001,6.3361,-0.6707,18.5307,1450.4633,0.0,0.0,0.0,1433.70001220703,up,2026-07-29T12:52:10,0.0,0.0
SPX,2026-12-18,119,Put,6325.0,SPX261218P06325000,39.6,40.2,39.900000000000006,41.87,0.0,0.0,0.0,3358.0,0.2608,-0.0751,0.0001,6.3361,-0.6707,-1.997,39.92,0.0,0.0,0.0,43.8499984741211,no_change,2026-08-20T09:32:37,0.0,0.0
SPX,2026-12-18,119,Call,6350.0,SPX261218C06350000,1427.0,1429.8,1428.4,1249.22,0.0,0.0,0.0,1003.0,0.2592,0.9226,0.0001,6.4773,-0.6804,18.5524,1426.9064,0.0,0.0,0.0,1410.25,down,2026-07-31T09:45:27,0.0,0.0
SPXW,2026-12-18,119,Call,6350.0,SPXW261218C06350000,1420.6,1441.0,1430.8,0.0,0.0,0.0,0.0,0.0,0.2595,0.9222,0.0001,6.5121,-0.6836,18.5397,1427.2877,0.0,0.0,0.0,1411.5,no_change,,0.0,0.0
SPX,2026-12-18,119,Put,6350.0,SPX261218P06350000,40.7,41.3,41.0,41.3,-3.75,-8.32408,3.0,4573.0,0.2587,-0.0774,0.0001,6.4773,-0.6804,-2.0563,41.002,40.75,41.3,40.75,45.0499992370606,up,2026-08-21T14:10:18,0.0,0.0
SPXW,2026-12-18,119,Put,6350.0,SPXW261218P06350000,41.1,41.5,41.3,41.0,-4.3,-9.49227,18.0,31.0,0.259,-0.0778,0.0001,6.5121,-0.6836,-2.0687,41.3984,41.6,41.6,41.0,45.2999992370606,down,2026-08-21T15:50:40,0.0,0.0
SPX,2026-12-18,119,Call,6375.0,SPX261218C06375000,1403.2,1406.5,1404.85,1216.92,0.0,0.0,0.0,53.0,0.2568,0.9203,0.0001,6.6221,-0.6903,18.5721,1403.3839,0.0,0.0,0.0,1386.79998779297,no_change,2026-06-09T14:29:19,0.0,0.0
SPX,2026-12-18,119,Put,6375.0,SPX261218P06375000,41.8,42.4,42.099999999999994,45.5,0.0,0.0,0.0,3162.0,0.2564,-0.0797,0.0001,6.6221,-0.6903,-2.1175,42.1185,0.0,0.0,0.0,46.25,no_change,2026-08-18T12:50:19,0.0,0.0
SPX,2026-12-18,119,Call,6400.0,SPX261218C06400000,1380.0,1382.7,1381.35,1427.89,0.0,0.0,0.0,5974.0,0.2553,0.9179,0.0001,6.771,-0.7003,18.5896,1379.8971,0.0,0.0,0.0,1363.40002441406,up,2026-08-19T14:31:28,0.0,0.0
SPXW,2026-12-18,119,Call,6400.0,SPXW261218C06400000,1374.4,1394.0,1384.2,0.0,0.0,0.0,0.0,0.0,0.255,0.9174,0.0001,6.8065,-0.7034,18.5765,1380.2904,0.0,0.0,0.0,1364.69995117188,no_change,,0.0,0.0
SPX,2026-12-18,119,Put,6400.0,SPX261218P06400000,43.0,43.6,43.3,43.5,-3.95,-8.32455,8.0,20644.0,0.2542,-0.0821,0.0001,6.771,-0.7003,-2.1809,43.2707,43.52,43.6,43.5,47.4500007629394,no_change,2026-08-21T14:10:36,0.0,0.0
SPXW,2026-12-18,119,Put,6400.0,SPXW261218P06400000,43.3,43.7,43.5,44.9,0.0,0.0,0.0,44.0,0.2546,-0.0826,0.0001,6.8065,-0.7034,-2.1938,43.679,0.0,0.0,0.0,47.75,down,2026-08-20T09:35:30,0.0,0.0
SPX,2026-12-18,119,Call,6425.0,SPX261218C06425000,1356.5,1359.5,1358.0,999.68,0.0,0.0,0.0,547.0,0.2524,0.9154,0.0001,6.924,-0.7103,18.6045,1356.4474,0.0,0.0,0.0,1340.0,up,2026-04-21T10:55:11,0.0,0.0
SPXW,2026-12-18,119,Call,6425.0,SPXW261218C06425000,1350.3,1370.5,1360.4,0.0,0.0,0.0,0.0,0.0,0.2529,0.9149,0.0001,6.9598,-0.7134,18.5912,1356.8469,0.0,0.0,0.0,1341.35003662109,no_change,,0.0,0.0
SPX,2026-12-18,119,Put,6425.0,SPX261218P06425000,44.2,44.8,44.5,44.8,-3.95,-8.10256,5.0,1750.0,0.2521,-0.0846,0.0001,6.924,-0.7103,-2.2469,44.4601,44.8,44.8,44.7,48.75,no_change,2026-08-21T14:10:31,0.0,0.0
SPXW,2026-12-18,119,Put,6425.0,SPXW261218P06425000,44.5,44.9,44.7,46.2,0.0,0.0,0.0,14.0,0.2524,-0.0851,0.0001,6.9598,-0.7134,-2.26,44.8745,0.0,0.0,0.0,49.0500011444092,down,2026-08-12T15:56:23,0.0,0.0
SPX,2026-12-18,119,Call,6450.0,SPX261218C06450000,1333.1,1335.8,1334.4499999999998,1115.6,0.0,0.0,0.0,1181.0,0.2503,0.9128,0.0001,7.0809,-0.7205,18.6167,1333.0366,0.0,0.0,0.0,1316.70001220703,down,2026-07-27T12:57:34,0.0,0.0
SPXW,2026-12-18,119,Call,6450.0,SPXW261218C06450000,1326.6,1347.1,1336.85,0.0,0.0,0.0,0.0,0.0,0.2507,0.9123,0.0001,7.1169,-0.7236,18.6032,1333.4424,0.0,0.0,0.0,1318.04998779297,no_change,,0.0,0.0
SPX,2026-12-18,119,Put,6450.0,SPX261218P06450000,45.4,46.0,45.7,49.72,0.0,0.0,0.0,8389.0,0.25,-0.0872,0.0001,7.0809,-0.7205,-2.3157,45.6882,0.0,0.0,0.0,50.0499992370606,up,2026-08-20T14:37:15,0.0,0.0
SPXW,2026-12-18,119,Put,6450.0,SPXW261218P06450000,45.8,46.1,45.95,46.3,-4.1,-8.13492,6.0,14.0,0.2503,-0.0877,0.0001,7.1169,-0.7236,-2.329,46.109,46.3,46.4,46.3,50.3999996185303,down,2026-08-21T14:10:36,0.0,0.0
SPX,2026-12-18,119,Call,6475.0,SPX261218C06475000,1309.5,1312.7,1311.1,1199.93,0.0,0.0,0.0,534.0,0.248,0.9101,0.0001,7.2413,-0.7307,18.626,1309.6662,0.0,0.0,0.0,1293.39996337891,down,2026-07-01T10:06:10,0.0,0.0
SPXW,2026-12-18,119,Call,6475.0,SPXW261218C06475000,1303.2,1323.7,1313.45,0.0,0.0,0.0,0.0,0.0,0.2485,0.9096,0.0001,7.2774,-0.7338,18.6123,1310.0785,0.0,0.0,0.0,1294.75,no_change,,0.0,0.0
SPX,2026-12-18,119,Put,6475.0,SPX261218P06475000,46.7,47.3,47.0,47.2,-4.25,-8.26045,6.0,1698.0,0.2478,-0.0899,0.0001,7.2413,-0.7307,-2.3873,46.9568,48.2,48.2,47.2,51.4500007629394,down,2026-08-21T14:10:16,0.0,0.0
SPXW,2026-12-18,119,Put,6475.0,SPXW261218P06475000,47.0,47.4,47.2,56.9,0.0,0.0,0.0,27.0,0.2481,-0.0904,0.0001,7.2774,-0.7338,-2.4008,47.3841,0.0,0.0,0.0,51.7999992370606,down,2026-08-04T10:36:19,0.0,0.0
SPX,2026-12-18,119,Call,6500.0,SPX261218C06500000,1286.4,1289.1,1287.75,1287.32,17.12,1.34782,10.0,12739.0,0.2464,0.9074,0.0001,7.4047,-0.741,18.6326,1286.3381,1287.32,1287.32,1287.32,1270.20001220703,down,2026-08-21T14:00:13,0.0,0.0
SPXW,2026-12-18,119,Call,6500.0,SPXW261218C06500000,1281.3,1300.4,1290.85,0.0,0.0,0.0,0.0,0.0,0.2463,0.9069,0.0001,7.4408,-0.744,18.6187,1286.757,0.0,0.0,0.0,1270.35003662109,no_change,,0.0,0.0
SPX,2026-12-18,119,Put,6500.0,SPX261218P06500000,48.0,48.6,48.3,47.63,-5.22,-9.87701,545.0,23906.0,0.2456,-0.0926,0.0001,7.4047,-0.741,-2.4616,48.2677,49.66,49.72,47.63,52.8499984741211,no_change,2026-08-21T15:47:29,0.0,0.0
SPXW,2026-12-18,119,Put,6500.0,SPXW261218P06500000,48.4,48.7,48.55,50.2,0.0,0.0,0.0,50.0,0.246,-0.0931,0.0001,7.4408,-0.744,-2.4754,48.7016,0.0,0.0,0.0,53.2000007629394,up,2026-08-19T09:35:32,0.0,0.0
SPX,2026-12-18,119,Call,6520.0,SPX261218C06520000,1267.6,1270.7,1269.15,1372.79,0.0,0.0,0.0,2.0,0.2441,0.9051,0.0002,7.5372,-0.7493,18.6361,1267.707,0.0,0.0,0.0,1251.60003662109,down,2026-08-17T11:18:16,0.0,0.0
SPX,2026-12-18,119,Put,6520.0,SPX261218P06520000,49.1,49.7,49.400000000000006,49.51,-4.54,-8.39963,1.0,30.0,0.2439,-0.0949,0.0002,7.5372,-0.7493,-2.5229,49.3479,49.51,49.51,49.51,54.0499992370606,down,2026-08-21T11:29:04,0.0,0.0
SPX,2026-12-18,119,Call,6525.0,SPX261218C06525000,1263.0,1266.0,1264.5,1353.04,0.0,0.0,0.0,274.0,0.2437,0.9045,0.0002,7.5706,-0.7514,18.6367,1263.0538,0.0,0.0,0.0,1247.05004882812,up,2026-08-10T16:12:41,0.0,0.0
SPXW,2026-12-18,119,Call,6525.0,SPXW261218C06525000,1257.9,1277.1,1267.5,0.0,0.0,0.0,0.0,0.0,0.2441,0.904,0.0002,7.6066,-0.7544,18.6226,1263.4795,0.0,0.0,0.0,1247.20001220703,no_change,,0.0,0.0
SPX,2026-12-18,119,Put,6525.0,SPX261218P06525000,49.3,50.0,49.65,49.9,-4.45,-8.18767,5.0,2197.0,0.2434,-0.0955,0.0002,7.5706,-0.7514,-2.5385,49.6224,49.9,50.0,49.9,54.3499984741211,no_change,2026-08-21T14:10:35,0.0,0.0
SPXW,2026-12-18,119,Put,6525.0,SPXW261218P06525000,49.7,50.1,49.900000000000006,54.4,0.0,0.0,0.0,5.0,0.2437,-0.096,0.0002,7.6066,-0.7544,-2.5524,50.0631,0.0,0.0,0.0,54.6499996185303,up,2026-08-20T15:37:40,0.0,0.0
SPX,2026-12-18,119,Call,6530.0,SPX261218C06530000,1258.4,1261.4,1259.9,1363.35,0.0,0.0,0.0,2.0,0.2433,0.9039,0.0002,7.604,-0.7535,18.6372,1258.4023,0.0,0.0,0.0,1242.34997558594,down,2026-08-17T11:18:16,0.0,0.0
SPX,2026-12-18,119,Put,6530.0,SPX261218P06530000,49.6,50.2,49.900000000000006,48.39,0.0,0.0,0.0,4.0,0.243,-0.0961,0.0002,7.604,-0.7535,-2.5542,49.8987,0.0,0.0,0.0,54.6000003814697,no_change,2026-08-13T10:48:07,0.0,0.0
SPX,2026-12-18,119,Call,6540.0,SPX261218C06540000,1249.1,1252.0,1250.55,0.0,0.0,0.0,0.0,0.0,0.2424,0.9028,0.0002,7.6712,-0.7577,18.6379,1249.1048,0.0,0.0,0.0,1233.15002441406,no_change,,0.0,0.0
SPX,2026-12-18,119,Put,6540.0,SPX261218P06540000,50.2,50.8,50.5,59.15,0.0,0.0,0.0,6.0,0.2423,-0.0973,0.0002,7.6712,-0.7577,-2.5858,50.4568,0.0,0.0,0.0,55.25,up,2026-08-05T12:02:08,0.0,0.0
SPX,2026-12-18,119,Call,6550.0,SPX261218C06550000,1239.9,1242.6,1241.25,1108.84,0.0,0.0,0.0,1665.0,0.2415,0.9016,0.0002,7.7387,-0.7618,18.6383,1239.8148,0.0,0.0,0.0,1223.90002441406,down,2026-06-17T15:49:22,0.0,0.0
SPXW,2026-12-18,119,Call,6550.0,SPXW261218C06550000,1234.6,1253.8,1244.1999999999998,1327.4,0.0,0.0,0.0,1.0,0.2419,0.9011,0.0002,7.7746,-0.7648,18.6242,1240.2474,0.0,0.0,0.0,1224.09997558594,up,2026-08-12T14:43:30,0.0,0.0
SPX,2026-12-18,119,Put,6550.0,SPX261218P06550000,50.7,51.4,51.05,55.16,0.0,0.0,0.0,7618.0,0.2411,-0.0984,0.0002,7.7387,-0.7618,-2.6178,51.0224,0.0,0.0,0.0,55.7999992370606,no_change,2026-08-20T14:25:00,0.0,0.0
SPXW,2026-12-18,119,Put,6550.0,SPXW261218P06550000,51.1,51.5,51.3,53.7,0.0,0.0,0.0,17.0,0.2416,-0.0989,0.0002,7.7746,-0.7648,-2.6317,51.47,0.0,0.0,0.0,56.2000007629394,down,2026-08-12T10:47:14,0.0,0.0
SPX,2026-12-18,119,Call,6560.0,SPX261218C06560000,1230.5,1233.5,1232.0,0.0,0.0,0.0,0.0,0.0,0.2406,0.9004,0.0002,7.8066,-0.766,18.6384,1230.5321,0.0,0.0,0.0,1214.65002441406,no_change,,0.0,0.0
SPX,2026-12-18,119,Put,6560.0,SPX261218P06560000,51.3,51.9,51.599999999999994,51.34,0.0,0.0,0.0,164.0,0.2405,-0.0997,0.0002,7.8066,-0.766,-2.6501,51.5953,0.0,0.0,0.0,56.4500007629394,up,2026-08-19T11:10:28,0.0,0.0
SPX,2026-12-18,119,Call,6570.0,SPX261218C06570000,1221.1,1224.2,1222.65,0.0,0.0,0.0,0.0,0.0,0.2398,0.8991,0.0002,7.8749,-0.7702,18.6381,1221.2571,0.0,0.0,0.0,1205.39996337891,no_change,,0.0,0.0
SPX,2026-12-18,119,Put,6570.0,SPX261218P06570000,51.9,52.5,52.2,52.5,-4.55,-7.97546,3.0,536.0,0.2396,-0.1009,0.0002,7.8749,-0.7702,-2.6828,52.1759,52.5,52.5,52.4,57.0499992370606,up,2026-08-21T14:10:31,0.0,0.0
SPX,2026-12-18,119,Call,6575.0,SPX261218C06575000,1216.6,1219.6,1218.1,1226.79,25.99,2.16439,2.0,343.0,0.2392,0.8985,0.0002,7.9092,-0.7723,18.6378,1216.6224,1226.73,1226.79,1226.73,1200.79998779297,up,2026-08-21T12:17:01,0.0,0.0
SPXW,2026-12-18,119,Call,6575.0,SPXW261218C06575000,1215.0,1222.0,1218.5,0.0,0.0,0.0,0.0,0.0,0.2397,0.898,0.0002,7.945,-0.7753,18.6236,1217.062,0.0,0.0,0.0,1201.0,no_change,,0.0,0.0
SPX,2026-12-18,119,Put,6575.0,SPX261218P06575000,52.2,52.8,52.5,51.6,-5.75,-10.0262,157.0,1852.0,0.2391,-0.1015,0.0002,7.9092,-0.7723,-2.6992,52.469,52.5,52.8,51.5,57.3499984741211,up,2026-08-21T15:50:00,0.0,0.0
SPXW,2026-12-18,119,Put,6575.0,SPXW261218P06575000,52.6,52.9,52.75,57.5,0.0,0.0,0.0,39.0,0.2395,-0.102,0.0002,7.945,-0.7753,-2.7132,52.9235,0.0,0.0,0.0,57.7000007629394,no_change,2026-08-07T15:59:50,0.0,0.0
SPX,2026-12-18,119,Call,6580.0,SPX261218C06580000,1212.0,1214.9,1213.45,0.0,0.0,0.0,0.0,0.0,0.2388,0.8979,0.0002,7.9436,-0.7744,18.6374,1211.9896,0.0,0.0,0.0,1196.20001220703,no_change,,0.0,0.0
SPX,2026-12-18,119,Put,6580.0,SPX261218P06580000,52.5,53.1,52.8,57.4,0.0,0.0,0.0,12.0,0.2387,-0.1021,0.0002,7.9436,-0.7744,-2.7158,52.764,0.0,0.0,0.0,57.7000007629394,down,2026-08-20T15:41:46,0.0,0.0
SPX,2026-12-18,119,Call,6590.0,SPX261218C06590000,1202.7,1205.7,1204.2,0.0,0.0,0.0,0.0,0.0,0.2381,0.8966,0.0002,8.0127,-0.7787,18.6365,1202.7299,0.0,0.0,0.0,1187.0,no_change,,0.0,0.0
SPX,2026-12-18,119,Put,6590.0,SPX261218P06590000,53.1,53.7,53.400000000000006,52.7,-5.65,-9.68295,3.0,52.0,0.2378,-0.1034,0.0002,8.0127,-0.7787,-2.7492,53.3599,52.7,52.7,52.7,58.3499984741211,no_change,2026-08-21T11:41:47,0.0,0.0
SPX,2026-12-18,119,Call,6600.0,SPX261218C06600000,1193.5,1196.2,1194.85,1018.88,0.0,0.0,0.0,9627.0,0.2373,0.8953,0.0002,8.0824,-0.7829,18.6351,1193.4779,0.0,0.0,0.0,1177.80004882812,up,2026-07-31T11:53:15,0.0,0.0
SPXW,2026-12-18,119,Call,6600.0,SPXW261218C06600000,1191.8,1198.9,1195.35,0.0,0.0,0.0,0.0,0.0,0.2376,0.8948,0.0002,8.1182,-0.7858,18.6209,1193.9245,0.0,0.0,0.0,1177.95001220703,no_change,,0.0,0.0
SPX,2026-12-18,119,Put,6600.0,SPX261218P06600000,53.7,54.3,54.0,53.8,-5.15,-8.73622,7.0,34148.0,0.2368,-0.1047,0.0002,8.0824,-0.7829,-2.7829,53.9635,55.84,55.84,53.8,58.9500007629394,down,2026-08-21T15:57:15,0.0,0.0
SPXW,2026-12-18,119,Put,6600.0,SPXW261218P06600000,54.1,54.4,54.25,58.12,0.0,0.0,0.0,177.0,0.2373,-0.1052,0.0002,8.1182,-0.7858,-2.7969,54.4251,0.0,0.0,0.0,59.3500003814697,no_change,2026-08-20T11:52:32,0.0,0.0
SPX,2026-12-18,119,Call,6610.0,SPX261218C06610000,1184.2,1187.2,1185.7,1201.83,33.18,2.83917,1.0,0.0,0.2363,0.894,0.0002,8.1526,-0.7871,18.6334,1184.2338,1201.83,1201.83,1201.83,1168.65002441406,up,2026-08-21T11:50:23,0.0,0.0
SPX,2026-12-18,119,Put,6610.0,SPX261218P06610000,54.3,54.9,54.599999999999994,54.25,-5.4,-9.05281,1.0,18.0,0.236,-0.106,0.0002,8.1526,-0.7871,-2.817,54.5751,54.25,54.25,54.25,59.6500015258789,up,2026-08-21T11:50:23,0.0,0.0
SPX,2026-12-18,119,Call,6620.0,SPX261218C06620000,1175.0,1177.9,1176.45,0.0,0.0,0.0,0.0,0.0,0.2354,0.8927,0.0002,8.2234,-0.7914,18.6312,1174.9978,0.0,0.0,0.0,1159.39996337891,no_change,,0.0,0.0
SPX,2026-12-18,119,Put,6620.0,SPX261218P06620000,54.9,55.5,55.2,56.13,0.0,0.0,0.0,22.0,0.2352,-0.1073,0.0002,8.2234,-0.7914,-2.8515,55.1946,0.0,0.0,0.0,60.3999996185303,down,2026-08-19T09:30:02,0.0,0.0
SPX,2026-12-18,119,Call,6625.0,SPX261218C06625000,1170.2,1173.3,1171.75,1005.39,0.0,0.0,0.0,709.0,0.2349,0.8921,0.0002,8.2591,-0.7935,18.63,1170.3828,0.0,0.0,0.0,1154.75,down,2026-06-25T12:14:19,0.0,0.0
SPXW,2026-12-18,119,Call,6625.0,SPXW261218C06625000,1168.8,1175.8,1172.3,0.0,0.0,0.0,0.0,0.0,0.2353,0.8916,0.0002,8.2951,-0.7964,18.6157,1170.8366,0.0,0.0,0.0,1155.04998779297,no_change,,0.0,0.0
SPX,2026-12-18,119,Put,6625.0,SPX261218P06625000,55.2,55.8,55.5,55.9,-4.75,-7.83182,1.0,2779.0,0.2348,-0.1079,0.0002,8.2591,-0.7935,-2.8689,55.5074,55.9,55.9,55.9,60.6500015258789,up,2026-08-21T14:10:18,0.0,0.0
SPXW,2026-12-18,119,Put,6625.0,SPXW261218P06625000,55.6,56.0,55.8,58.65,0.0,0.0,0.0,22.0,0.2351,-0.1084,0.0002,8.2951,-0.7964,-2.883,55.9761,0.0,0.0,0.0,61.0,up,2026-08-10T10:23:48,0.0,0.0
SPX,2026-12-18,119,Call,6630.0,SPX261218C06630000,1165.7,1168.6,1167.15,0.0,0.0,0.0,0.0,0.0,0.2346,0.8914,0.0002,8.2949,-0.7956,18.6286,1165.7698,0.0,0.0,0.0,1150.20001220703,no_change,,0.0,0.0
SPX,2026-12-18,119,Put,6630.0,SPX261218P06630000,55.5,56.2,55.85,53.9,0.0,0.0,0.0,45.0,0.2344,-0.1086,0.0002,8.2949,-0.7956,-2.8865,55.8222,0.0,0.0,0.0,61.0,down,2026-08-14T15:28:40,0.0,0.0
SPX,2026-12-18,119,Call,6640.0,SPX261218C06640000,1156.3,1159.5,1157.9,1212.12,0.0,0.0,0.0,1.0,0.2337,0.89,0.0002,8.3671,-0.7999,18.6256,1156.55,0.0,0.0,0.0,1141.0,down,2026-08-06T15:31:35,0.0,0.0
SPX,2026-12-18,119,Put,6640.0,SPX261218P06640000,56.1,56.8,56.45,56.7,-4.95,-8.0292,7.0,41.0,0.2335,-0.11,0.0002,8.3671,-0.7999,-2.9219,56.458,56.8,56.8,56.7,61.6500015258789,down,2026-08-21T14:10:38,0.0,0.0
SPX,2026-12-18,119,Call,6650.0,SPX261218C06650000,1147.5,1150.0,1148.75,1078.3,0.0,0.0,0.0,3905.0,0.2332,0.8887,0.0002,8.44,-0.8042,18.622,1147.3386,0.0,0.0,0.0,1131.90002441406,up,2026-08-03T10:40:11,0.0,0.0
SPXW,2026-12-18,119,Call,6650.0,SPXW261218C06650000,1146.2,1152.6,1149.4,0.0,0.0,0.0,0.0,0.0,0.2332,0.8882,0.0002,8.4762,-0.807,18.6076,1147.7997,0.0,0.0,0.0,1132.10003662109,no_change,,0.0,0.0
SPX,2026-12-18,119,Put,6650.0,SPX261218P06650000,56.8,57.4,57.099999999999994,59.47,0.0,0.0,0.0,7084.0,0.2326,-0.1113,0.0002,8.44,-0.8042,-2.9578,57.1022,0.0,0.0,0.0,62.3499984741211,no_change,2026-08-20T09:32:37,0.0,0.0
SPXW,2026-12-18,119,Put,6650.0,SPXW261218P06650000,57.2,57.6,57.400000000000006,59.3,0.0,0.0,0.0,153.0,0.233,-0.1118,0.0002,8.4762,-0.807,-2.9721,57.5783,0.0,0.0,0.0,62.7000007629394,down,2026-08-17T15:38:53,0.0,0.0
SPX,2026-12-18,119,Call,6660.0,SPX261218C06660000,1138.1,1141.0,1139.55,0.0,0.0,0.0,0.0,0.0,0.232,0.8873,0.0002,8.5136,-0.8084,18.6179,1138.1357,0.0,0.0,0.0,1122.70001220703,no_change,,0.0,0.0
SPX,2026-12-18,119,Put,6660.0,SPX261218P06660000,57.4,58.1,57.75,61.28,0.0,0.0,0.0,42.0,0.2318,-0.1127,0.0002,8.5136,-0.8084,-2.9943,57.7549,0.0,0.0,0.0,63.0499992370606,down,2026-08-20T11:36:00,0.0,0.0
SPX,2026-12-18,119,Call,6670.0,SPX261218C06670000,1128.9,1131.8,1130.35,0.0,0.0,0.0,0.0,0.0,0.2311,0.8859,0.0002,8.588,-0.8127,18.6132,1128.9414,0.0,0.0,0.0,1113.54998779297,no_change,,0.0,0.0
SPX,2026-12-18,119,Put,6670.0,SPX261218P06670000,58.1,58.8,58.45,103.9,0.0,0.0,0.0,5.0,0.231,-0.1141,0.0002,8.588,-0.8127,-3.0314,58.4162,0.0,0.0,0.0,63.7999992370606,down,2026-07-28T16:06:31,0.0,0.0
SPX,2026-12-18,119,Call,6675.0,SPX261218C06675000,1124.2,1127.2,1125.7,952.88,0.0,0.0,0.0,2593.0,0.231,0.8852,0.0002,8.6255,-0.8148,18.6106,1124.3475,0.0,0.0,0.0,1108.94995117188,down,2026-07-31T11:53:15,0.0,0.0
SPXW,2026-12-18,119,Call,6675.0,SPXW261218C06675000,1123.3,1129.6,1126.4499999999998,0.0,0.0,0.0,0.0,0.0,0.231,0.8847,0.0002,8.662,-0.8176,18.5959,1124.8162,0.0,0.0,0.0,1109.25,no_change,,0.0,0.0
SPX,2026-12-18,119,Put,6675.0,SPX261218P06675000,58.4,59.1,58.75,58.78,-5.32,-8.29953,14.0,4670.0,0.2305,-0.1148,0.0002,8.6255,-0.8148,-3.0502,58.7501,60.43,60.43,58.78,64.1000003814697,no_change,2026-08-21T12:57:23,0.0,0.0
SPXW,2026-12-18,119,Put,6675.0,SPXW261218P06675000,58.8,59.2,59.0,61.75,0.0,0.0,0.0,150.0,0.2309,-0.1154,0.0002,8.662,-0.8176,-3.0646,59.2338,0.0,0.0,0.0,64.5,up,2026-08-10T10:25:57,0.0,0.0
SPX,2026-12-18,119,Call,6680.0,SPX261218C06680000,1119.7,1122.6,1121.15,0.0,0.0,0.0,0.0,0.0,0.2302,0.8845,0.0002,8.6632,-0.817,18.6079,1119.7559,0.0,0.0,0.0,1104.39996337891,no_change,,0.0,0.0
SPX,2026-12-18,119,Put,6680.0,SPX261218P06680000,58.7,59.4,59.05,64.74,0.0,0.0,0.0,19.0,0.23,-0.1156,0.0002,8.6632,-0.817,-3.0691,59.0863,0.0,0.0,0.0,64.5,down,2026-08-07T10:51:30,0.0,0.0
SPX,2026-12-18,119,Call,6690.0,SPX261218C06690000,1110.4,1113.4,1111.9,0.0,0.0,0.0,0.0,0.0,0.2294,0.883,0.0002,8.7391,-0.8212,18.6019,1110.5793,0.0,0.0,0.0,1095.29998779297,no_change,,0.0,0.0
SPX,2026-12-18,119,Put,6690.0,SPX261218P06690000,59.4,60.1,59.75,64.48,0.0,0.0,0.0,32.0,0.2292,-0.117,0.0002,8.7391,-0.8212,-3.1074,59.7653,0.0,0.0,0.0,65.2000007629394,down,2026-08-11T09:52:35,0.0,0.0
SPX,2026-12-18,119,Call,6700.0,SPX261218C06700000,1101.6,1104.1,1102.85,1125.62,0.0,0.0,0.0,11561.0,0.2287,0.8816,0.0002,8.8158,-0.8255,18.5953,1101.4119,0.0,0.0,0.0,1086.14996337891,up,2026-08-20T09:37:18,0.0,0.0
SPXW,2026-12-18,119,Call,6700.0,SPXW261218C06700000,1099.9,1106.8,1103.35,1089.22,0.0,0.0,0.0,11.0,0.2288,0.881,0.0002,8.8525,-0.8283,18.5804,1101.8886,0.0,0.0,0.0,1086.39996337891,down,2026-08-20T15:42:16,0.0,0.0
SPX,2026-12-18,119,Put,6700.0,SPX261218P06700000,60.1,60.8,60.45,59.7,-6.25,-9.47687,287.0,29578.0,0.2283,-0.1185,0.0002,8.8158,-0.8255,-3.1464,60.4535,62.5,62.92,59.7,65.9499969482422,down,2026-08-21T15:35:44,0.0,0.0
SPXW,2026-12-18,119,Put,6700.0,SPXW261218P06700000,60.5,60.9,60.7,60.5,-5.8,-8.74811,22.0,253.0,0.2287,-0.119,0.0002,8.8525,-0.8283,-3.1612,60.9452,60.5,60.5,60.5,66.2999992370606,up,2026-08-21T14:59:17,0.0,0.0
SPX,2026-12-18,119,Call,6710.0,SPX261218C06710000,1092.2,1095.0,1093.6,0.0,0.0,0.0,0.0,0.0,0.2276,0.8801,0.0002,8.8932,-0.8298,18.588,1092.2539,0.0,0.0,0.0,1077.0,no_change,,0.0,0.0
SPX,2026-12-18,119,Put,6710.0,SPX261218P06710000,60.8,61.5,61.15,63.46,0.0,0.0,0.0,22.0,0.2275,-0.12,0.0002,8.8932,-0.8298,-3.1861,61.1511,0.0,0.0,0.0,66.7000007629394,down,2026-08-12T09:51:35,0.0,0.0
SPX,2026-12-18,119,Call,6720.0,SPX261218C06720000,1083.1,1085.9,1084.5,0.0,0.0,0.0,0.0,0.0,0.2268,0.8786,0.0002,8.9712,-0.8341,18.58,1083.1053,0.0,0.0,0.0,1067.95001220703,no_change,,0.0,0.0
SPX,2026-12-18,119,Put,6720.0,SPX261218P06720000,61.5,62.2,61.85,62.01,-5.49,-8.13333,1.0,15.0,0.2266,-0.1214,0.0002,8.9712,-0.8341,-3.2264,61.8581,62.01,62.01,62.01,67.5,down,2026-08-21T11:29:04,0.0,0.0
SPX,2026-12-18,119,Call,6725.0,SPX261218C06725000,1078.4,1081.4,1079.9,950.49,0.0,0.0,0.0,936.0,0.2264,0.8778,0.0002,9.0104,-0.8362,18.5758,1078.5347,0.0,0.0,0.0,1063.45001220703,down,2026-06-29T15:07:32,0.0,0.0
SPXW,2026-12-18,119,Call,6725.0,SPXW261218C06725000,1077.0,1083.8,1080.4,0.0,0.0,0.0,0.0,0.0,0.2267,0.8773,0.0002,9.0471,-0.839,18.5605,1079.0196,0.0,0.0,0.0,1063.70001220703,no_change,,0.0,0.0
SPX,2026-12-18,119,Put,6725.0,SPX261218P06725000,61.9,62.6,62.25,68.03,0.0,0.0,0.0,10236.0,0.2262,-0.1222,0.0002,9.0104,-0.8362,-3.2469,62.2153,0.0,0.0,0.0,67.8999977111816,up,2026-08-20T16:12:31,0.0,0.0
SPXW,2026-12-18,119,Put,6725.0,SPXW261218P06725000,62.3,62.7,62.5,69.15,0.0,0.0,0.0,27.0,0.2266,-0.1227,0.0002,9.0471,-0.839,-3.2619,62.7152,0.0,0.0,0.0,68.2000007629394,down,2026-08-07T12:25:30,0.0,0.0
SPX,2026-12-18,119,Call,6730.0,SPX261218C06730000,1073.9,1076.7,1075.3000000000002,0.0,0.0,0.0,0.0,0.0,0.2259,0.877,0.0002,9.0498,-0.8384,18.5714,1073.9665,0.0,0.0,0.0,1058.84997558594,no_change,,0.0,0.0
SPX,2026-12-18,119,Put,6730.0,SPX261218P06730000,62.2,62.9,62.55,65.59,0.0,0.0,0.0,8.0,0.2258,-0.123,0.0002,9.0498,-0.8384,-3.2675,62.5749,0.0,0.0,0.0,68.2000007629394,up,2026-08-10T10:03:44,0.0,0.0
SPX,2026-12-18,119,Call,6740.0,SPX261218C06740000,1064.8,1067.6,1066.1999999999998,0.0,0.0,0.0,0.0,0.0,0.2251,0.8755,0.0002,9.1289,-0.8426,18.562,1064.8376,0.0,0.0,0.0,1049.79998779297,no_change,,0.0,0.0
SPX,2026-12-18,119,Put,6740.0,SPX261218P06740000,63.0,63.6,63.3,64.6,0.0,0.0,0.0,135.0,0.2249,-0.1245,0.0002,9.1289,-0.8426,-3.3092,63.3016,0.0,0.0,0.0,69.0,no_change,2026-08-17T13:33:09,0.0,0.0
SPX,2026-12-18,119,Call,6750.0,SPX261218C06750000,1055.9,1058.3,1057.1,1148.71,0.0,0.0,0.0,5572.0,0.2246,0.8739,0.0002,9.2085,-0.8469,18.552,1055.7188,0.0,0.0,0.0,1040.69995117188,up,2026-08-07T15:59:59,0.0,0.0
SPXW,2026-12-18,119,Call,6750.0,SPXW261218C06750000,1054.2,1061.0,1057.6,0.0,0.0,0.0,0.0,0.0,0.2245,0.8734,0.0002,9.2451,-0.8496,18.5365,1056.2123,0.0,0.0,0.0,1041.05004882812,no_change,,0.0,0.0
SPX,2026-12-18,119,Put,6750.0,SPX261218P06750000,63.7,64.4,64.05000000000001,63.8,-6.05,-8.66142,19.0,10211.0,0.2241,-0.1261,0.0002,9.2085,-0.8469,-3.3516,64.0383,64.08,64.08,63.8,69.8499984741211,down,2026-08-21T14:51:51,0.0,0.0
SPXW,2026-12-18,119,Put,6750.0,SPXW261218P06750000,64.1,64.5,64.3,67.53,0.0,0.0,0.0,1227.0,0.2244,-0.1266,0.0002,9.2451,-0.8496,-3.3669,64.5469,0.0,0.0,0.0,70.1500015258789,down,2026-08-12T11:34:02,0.0,0.0
SPX,2026-12-18,119,Call,6760.0,SPX261218C06760000,1046.6,1049.4,1048.0,0.0,0.0,0.0,0.0,0.0,0.2234,0.8723,0.0002,9.2884,-0.8512,18.5413,1046.6102,0.0,0.0,0.0,1031.65002441406,no_change,,0.0,0.0
SPX,2026-12-18,119,Put,6760.0,SPX261218P06760000,64.4,65.1,64.75,62.21,0.0,0.0,0.0,72.0,0.2232,-0.1277,0.0002,9.2884,-0.8512,-3.3946,64.7854,0.0,0.0,0.0,70.6000022888184,down,2026-08-13T10:22:40,0.0,0.0
SPX,2026-12-18,119,Call,6770.0,SPX261218C06770000,1037.5,1040.3,1038.9,0.0,0.0,0.0,0.0,0.0,0.2225,0.8707,0.0002,9.3688,-0.8555,18.5301,1037.5121,0.0,0.0,0.0,1022.64999389648,no_change,,0.0,0.0
SPX,2026-12-18,119,Put,6770.0,SPX261218P06770000,65.2,65.9,65.55000000000001,65.9,-5.5,-7.70308,5.0,61.0,0.2224,-0.1293,0.0002,9.3688,-0.8555,-3.4383,65.5429,65.8,66.0,65.8,71.3999977111816,no_change,2026-08-21T14:10:31,0.0,0.0
SPX,2026-12-18,119,Call,6775.0,SPX261218C06775000,1032.8,1035.8,1034.3,1094.45,0.0,0.0,0.0,1579.0,0.2221,0.8699,0.0002,9.4091,-0.8576,18.5243,1032.967,0.0,0.0,0.0,1018.10000610352,up,2026-08-06T14:28:29,0.0,0.0
SPXW,2026-12-18,119,Call,6775.0,SPXW261218C06775000,1031.5,1038.2,1034.85,0.0,0.0,0.0,0.0,0.0,0.2224,0.8694,0.0002,9.4456,-0.8603,18.5087,1033.4695,0.0,0.0,0.0,1018.45001220703,no_change,,0.0,0.0
SPX,2026-12-18,119,Put,6775.0,SPX261218P06775000,65.6,66.3,65.94999999999999,69.8,0.0,0.0,0.0,2122.0,0.2219,-0.1301,0.0002,9.4091,-0.8576,-3.4603,65.9256,0.0,0.0,0.0,71.8499984741211,no_change,2026-08-20T13:54:06,0.0,0.0
SPXW,2026-12-18,119,Put,6775.0,SPXW261218P06775000,66.0,66.4,66.2,72.3,0.0,0.0,0.0,77.0,0.2223,-0.1307,0.0002,9.4456,-0.8603,-3.4756,66.443,0.0,0.0,0.0,72.2000007629394,up,2026-08-20T15:01:01,0.0,0.0
SPX,2026-12-18,119,Call,6780.0,SPX261218C06780000,1028.3,1031.2,1029.75,0.0,0.0,0.0,0.0,0.0,0.2216,0.8691,0.0002,9.4495,-0.8598,18.5183,1028.4246,0.0,0.0,0.0,1013.60000610352,no_change,,0.0,0.0
SPX,2026-12-18,119,Put,6780.0,SPX261218P06780000,66.0,66.7,66.35,70.2,0.0,0.0,0.0,38.0,0.2215,-0.131,0.0002,9.4495,-0.8598,-3.4824,66.311,0.0,0.0,0.0,72.25,no_change,2026-08-20T13:53:57,0.0,0.0
SPX,2026-12-18,119,Call,6790.0,SPX261218C06790000,1019.2,1022.1,1020.6500000000001,1151.75,0.0,0.0,0.0,2.0,0.2207,0.8674,0.0002,9.5304,-0.864,18.5059,1019.3479,0.0,0.0,0.0,1004.55001831055,up,2026-08-13T15:08:23,0.0,0.0
SPX,2026-12-18,119,Put,6790.0,SPX261218P06790000,66.7,67.4,67.05000000000001,71.0,0.0,0.0,0.0,158.0,0.2206,-0.1326,0.0002,9.5304,-0.864,-3.5272,67.0899,0.0,0.0,0.0,73.1000022888184,down,2026-08-20T13:51:01,0.0,0.0
SPX,2026-12-18,119,Call,6800.0,SPX261218C06800000,1010.3,1012.9,1011.5999999999999,1087.67,0.0,0.0,0.0,23148.0,0.2203,0.8657,0.0002,9.6117,-0.8683,18.493,1010.2821,0.0,0.0,0.0,995.549987792969,down,2026-08-12T11:29:26,0.0,0.0
SPXW,2026-12-18,119,Call,6800.0,SPXW261218C06800000,1008.8,1015.5,1012.15,878.08,0.0,0.0,0.0,31.0,0.2202,0.8652,0.0002,9.6479,-0.871,18.4774,1010.7938,0.0,0.0,0.0,995.899993896484,up,2026-07-27T09:30:08,0.0,0.0
SPX,2026-12-18,119,Put,6800.0,SPX261218P06800000,67.6,68.2,67.9,67.05,-6.9,-9.33063,861.0,25416.0,0.2197,-0.1343,0.0002,9.6117,-0.8683,-3.5725,67.8797,70.2,70.2,66.91,73.9499969482422,no_change,2026-08-21T15:40:41,0.0,0.0
SPXW,2026-12-18,119,Put,6800.0,SPXW261218P06800000,68.0,68.4,68.2,68.5,-5.8,-7.80619,34.0,1752.0,0.2202,-0.1348,0.0002,9.6479,-0.871,-3.5879,68.4064,71.2,71.2,67.6,74.2999992370606,up,2026-08-21T16:10:22,0.0,0.0
SPX,2026-12-18,119,Call,6810.0,SPX261218C06810000,1001.0,1004.0,1002.5,0.0,0.0,0.0,0.0,0.0,0.2193,0.864,0.0002,9.6932,-0.8726,18.4796,1001.2275,0.0,0.0,0.0,986.550018310547,no_change,,0.0,0.0
SPX,2026-12-18,119,Put,6810.0,SPX261218P06810000,68.3,69.0,68.65,71.47,0.0,0.0,0.0,13.0,0.2189,-0.136,0.0002,9.6932,-0.8726,-3.6182,68.6806,0.0,0.0,0.0,74.7999992370606,down,2026-08-12T09:45:31,0.0,0.0
SPX,2026-12-18,119,Call,6820.0,SPX261218C06820000,992.0,994.9,993.45,0.0,0.0,0.0,0.0,0.0,0.2183,0.8623,0.0002,9.7751,-0.8768,18.4657,992.184,0.0,0.0,0.0,977.550018310547,no_change,,0.0,0.0
SPX,2026-12-18,119,Put,6820.0,SPX261218P06820000,69.1,69.9,69.5,69.8,-5.85,-7.73298,8.0,37.0,0.2181,-0.1378,0.0002,9.7751,-0.8768,-3.6645,69.4928,69.8,70.0,69.8,75.6500015258789,no_change,2026-08-21T14:10:40,0.0,0.0
SPX,2026-12-18,119,Call,6825.0,SPX261218C06825000,987.5,990.4,988.95,1078.47,0.0,0.0,0.0,4831.0,0.2179,0.8614,0.0002,9.8162,-0.879,18.4586,987.6666,0.0,0.0,0.0,973.100006103516,up,2026-08-10T16:12:41,0.0,0.0
SPXW,2026-12-18,119,Call,6825.0,SPXW261218C06825000,986.2,992.9,989.55,814.7,0.0,0.0,0.0,2.0,0.2181,0.8608,0.0002,9.8522,-0.8816,18.443,988.1878,0.0,0.0,0.0,973.399993896484,up,2026-07-24T10:55:22,0.0,0.0
SPX,2026-12-18,119,Put,6825.0,SPX261218P06825000,69.6,70.3,69.94999999999999,71.9,-4.2,-5.51906,1.0,5748.0,0.2177,-0.1386,0.0002,9.8162,-0.879,-3.6878,69.9031,71.9,71.9,71.9,76.1000022888184,down,2026-08-21T10:39:37,0.0,0.0
SPXW,2026-12-18,119,Put,6825.0,SPXW261218P06825000,70.0,70.4,70.2,71.0,-5.4,-7.06806,33.0,33.0,0.2181,-0.1392,0.0002,9.8522,-0.8816,-3.7032,70.4393,72.68,72.68,71.0,76.3999977111816,no_change,2026-08-21T14:31:15,0.0,0.0
SPX,2026-12-18,119,Call,6830.0,SPX261218C06830000,983.0,985.9,984.45,0.0,0.0,0.0,0.0,0.0,0.2175,0.8605,0.0002,9.8573,-0.8811,18.4513,983.152,0.0,0.0,0.0,968.600006103516,no_change,,0.0,0.0
SPX,2026-12-18,119,Put,6830.0,SPX261218P06830000,70.0,70.7,70.35,74.4,0.0,0.0,0.0,28.0,0.2173,-0.1395,0.0002,9.8573,-0.8811,-3.7112,70.3164,0.0,0.0,0.0,76.5,no_change,2026-08-20T13:53:57,0.0,0.0
SPX,2026-12-18,119,Call,6840.0,SPX261218C06840000,974.0,976.9,975.45,0.0,0.0,0.0,0.0,0.0,0.2167,0.8587,0.0002,9.94,-0.8853,18.4365,974.1315,0.0,0.0,0.0,959.600006103516,no_change,,0.0,0.0
SPX,2026-12-18,119,Put,6840.0,SPX261218P06840000,70.8,71.5,71.15,70.9,-6.5,-8.39793,15.0,36.0,0.2164,-0.1413,0.0002,9.94,-0.8853,-3.7585,71.1515,70.9,70.9,70.9,77.3999977111816,no_change,2026-08-21T14:21:55,0.0,0.0
SPX,2026-12-18,119,Call,6850.0,SPX261218C06850000,965.3,967.7,966.5,808.18,0.0,0.0,0.0,21699.0,0.2159,0.8569,0.0002,10.0231,-0.8896,18.421,965.1228,0.0,0.0,0.0,950.649993896484,up,2026-07-31T09:45:27,0.0,0.0
SPXW,2026-12-18,119,Call,6850.0,SPXW261218C06850000,963.7,970.3,967.0,954.24,0.0,0.0,0.0,16.0,0.2158,0.8564,0.0002,10.0591,-0.8922,18.4054,965.6537,0.0,0.0,0.0,951.0,up,2026-08-20T15:37:40,0.0,0.0
SPX,2026-12-18,119,Put,6850.0,SPX261218P06850000,71.7,72.4,72.05000000000001,71.8,-6.55,-8.35992,16.0,23602.0,0.2155,-0.1431,0.0002,10.0231,-0.8896,-3.8063,71.9983,71.8,71.8,71.8,78.3499984741211,down,2026-08-21T14:50:28,0.0,0.0
SPXW,2026-12-18,119,Put,6850.0,SPXW261218P06850000,72.1,72.5,72.3,79.6,0.0,0.0,0.0,49.0,0.2159,-0.1436,0.0002,10.0591,-0.8922,-3.8218,72.5443,0.0,0.0,0.0,78.7000007629394,up,2026-08-20T15:59:02,0.0,0.0
SPX,2026-12-18,119,Call,6860.0,SPX261218C06860000,956.0,958.9,957.45,759.67,0.0,0.0,0.0,1.0,0.215,0.8551,0.0002,10.1068,-0.8938,18.4051,956.1259,0.0,0.0,0.0,941.699981689453,down,2026-07-27T13:41:00,0.0,0.0
SPX,2026-12-18,119,Put,6860.0,SPX261218P06860000,72.5,73.2,72.85,73.2,-6.0,-7.57576,6.0,27.0,0.2147,-0.1449,0.0002,10.1068,-0.8938,-3.8547,72.857,73.2,73.3,73.2,79.2000007629394,no_change,2026-08-21T14:10:35,0.0,0.0
SPX,2026-12-18,119,Call,6870.0,SPX261218C06870000,947.0,949.9,948.45,0.0,0.0,0.0,0.0,0.0,0.2142,0.8532,0.0002,10.1912,-0.898,18.3884,947.1411,0.0,0.0,0.0,932.75,no_change,,0.0,0.0
SPX,2026-12-18,119,Put,6870.0,SPX261218P06870000,73.4,74.1,73.75,76.0,-4.15,-5.17779,1.0,28.0,0.2139,-0.1468,0.0002,10.1912,-0.898,-3.9036,73.7279,76.0,76.0,76.0,80.1500015258789,down,2026-08-21T09:48:29,0.0,0.0
SPX,2026-12-18,119,Call,6875.0,SPX261218C06875000,942.5,945.4,943.95,777.02,0.0,0.0,0.0,6795.0,0.2138,0.8523,0.0002,10.2336,-0.9002,18.3799,942.6533,0.0,0.0,0.0,928.300018310547,down,2026-07-24T09:48:28,0.0,0.0
SPXW,2026-12-18,119,Call,6875.0,SPXW261218C06875000,941.2,947.8,944.5,0.0,0.0,0.0,0.0,0.0,0.2138,0.8517,0.0002,10.2696,-0.9027,18.3641,943.1944,0.0,0.0,0.0,928.700012207031,no_change,,0.0,0.0
SPX,2026-12-18,119,Put,6875.0,SPX261218P06875000,73.8,74.5,74.15,76.08,-4.52,-5.60794,6.0,8710.0,0.2134,-0.1477,0.0002,10.2336,-0.9002,-3.9284,74.1679,76.8,76.8,76.08,80.6000022888184,no_change,2026-08-21T09:45:10,0.0,0.0
SPXW,2026-12-18,119,Put,6875.0,SPXW261218P06875000,74.3,74.7,74.5,80.8,0.0,0.0,0.0,192.0,0.2138,-0.1483,0.0002,10.2696,-0.9027,-3.9439,74.724,0.0,0.0,0.0,81.0,up,2026-08-20T14:43:35,0.0,0.0
SPX,2026-12-18,119,Call,6880.0,SPX261218C06880000,938.1,940.8,939.45,0.0,0.0,0.0,0.0,0.0,0.2132,0.8513,0.0002,10.2762,-0.9023,18.3712,938.1686,0.0,0.0,0.0,923.850006103516,no_change,,0.0,0.0
SPX,2026-12-18,119,Put,6880.0,SPX261218P06880000,74.3,75.0,74.65,73.7,-7.4,-9.12454,3.0,31.0,0.213,-0.1487,0.0002,10.2762,-0.9023,-3.9533,74.611,73.7,73.7,73.7,81.1000022888184,down,2026-08-21T15:39:06,0.0,0.0
SPX,2026-12-18,119,Call,6890.0,SPX261218C06890000,929.2,931.9,930.55,669.97,0.0,0.0,0.0,1.0,0.2124,0.8494,0.0002,10.362,-0.9065,18.3531,929.2087,0.0,0.0,0.0,914.950012207031,down,2026-07-29T16:05:38,0.0,0.0
SPX,2026-12-18,119,Put,6890.0,SPX261218P06890000,75.2,75.9,75.55000000000001,78.59,0.0,0.0,0.0,53.0,0.2121,-0.1506,0.0002,10.362,-0.9065,-4.0037,75.5067,0.0,0.0,0.0,82.1000022888184,no_change,2026-08-20T11:14:47,0.0,0.0
SPX,2026-12-18,119,Call,6900.0,SPX261218C06900000,920.3,922.7,921.5,1040.25,0.0,0.0,0.0,18506.0,0.2116,0.8475,0.0002,10.4486,-0.9107,18.3343,920.2616,0.0,0.0,0.0,906.149993896484,up,2026-08-13T13:05:16,0.0,0.0
SPXW,2026-12-18,119,Call,6900.0,SPXW261218C06900000,918.9,925.3,922.0999999999999,690.83,0.0,0.0,0.0,5.0,0.2116,0.8469,0.0002,10.4847,-0.9132,18.3183,920.8133,0.0,0.0,0.0,906.449981689453,down,2026-07-29T12:19:19,0.0,0.0
SPX,2026-12-18,119,Put,6900.0,SPX261218P06900000,76.1,76.8,76.44999999999999,76.7,-6.35,-7.646,14.0,31798.0,0.2113,-0.1526,0.0002,10.4486,-0.9107,-4.0549,76.4152,79.1,79.42,76.7,83.0500030517578,down,2026-08-21T14:27:39,0.0,0.0
SPXW,2026-12-18,119,Put,6900.0,SPXW261218P06900000,76.6,77.0,76.8,77.3,-6.1,-7.31415,2.0,59.0,0.2117,-0.1531,0.0002,10.4847,-0.9132,-4.0707,76.9819,77.3,77.3,77.3,83.3999977111816,no_change,2026-08-21T14:10:33,0.0,0.0
SPX,2026-12-18,119,Call,6910.0,SPX261218C06910000,911.3,914.0,912.65,994.73,0.0,0.0,0.0,0.0,0.2108,0.8455,0.0003,10.5359,-0.9149,18.3146,911.3276,0.0,0.0,0.0,897.149993896484,up,2026-08-05T15:51:18,0.0,0.0
SPX,2026-12-18,119,Put,6910.0,SPX261218P06910000,77.0,77.7,77.35,76.83,-7.17,-8.53571,2.0,132.0,0.2104,-0.1545,0.0003,10.5359,-0.9149,-4.107,77.3367,76.83,76.83,76.83,84.0,down,2026-08-21T11:59:29,0.0,0.0
SPX,2026-12-18,119,Call,6920.0,SPX261218C06920000,902.4,905.0,903.7,0.0,0.0,0.0,0.0,0.0,0.2098,0.8435,0.0003,10.6241,-0.919,18.2939,902.4069,0.0,0.0,0.0,888.350006103516,no_change,,0.0,0.0
SPX,2026-12-18,119,Put,6920.0,SPX261218P06920000,77.9,78.6,78.25,84.1,0.0,0.0,0.0,41.0,0.2095,-0.1565,0.0003,10.6241,-0.919,-4.16,78.2717,0.0,0.0,0.0,84.8999977111816,up,2026-08-20T15:53:47,0.0,0.0
SPX,2026-12-18,119,Call,6925.0,SPX261218C06925000,897.8,900.6,899.2,707.48,0.0,0.0,0.0,4335.0,0.2095,0.8425,0.0003,10.6685,-0.9211,18.2832,897.9517,0.0,0.0,0.0,883.850006103516,up,2026-07-29T09:58:39,0.0,0.0
SPXW,2026-12-18,119,Call,6925.0,SPXW261218C06925000,896.6,903.0,899.8,673.36,0.0,0.0,0.0,9.0,0.2095,0.8419,0.0003,10.7047,-0.9236,18.267,898.5146,0.0,0.0,0.0,884.300018310547,up,2026-07-29T12:21:18,0.0,0.0
SPX,2026-12-18,119,Put,6925.0,SPX261218P06925000,78.4,79.1,78.75,78.35,-7.15,-8.36257,8.0,3825.0,0.2091,-0.1575,0.0003,10.6685,-0.9211,-4.1869,78.7443,78.7,78.7,78.2,85.5,up,2026-08-21T15:10:51,0.0,0.0
SPXW,2026-12-18,119,Put,6925.0,SPXW261218P06925000,78.9,79.3,79.1,75.47,0.0,0.0,0.0,42.0,0.2096,-0.1581,0.0003,10.7047,-0.9236,-4.203,79.3221,0.0,0.0,0.0,85.8999977111816,down,2026-08-14T14:17:40,0.0,0.0
SPX,2026-12-18,119,Call,6930.0,SPX261218C06930000,893.5,896.2,894.85,0.0,0.0,0.0,0.0,0.0,0.209,0.8415,0.0003,10.7131,-0.9232,18.2723,893.5,0.0,0.0,0.0,879.450012207031,no_change,,0.0,0.0
SPX,2026-12-18,119,Put,6930.0,SPX261218P06930000,78.9,79.6,79.25,78.51,-7.49,-8.7093,1.0,768.0,0.2087,-0.1586,0.0003,10.7131,-0.9232,-4.214,79.2203,78.51,78.51,78.51,86.0,down,2026-08-21T13:09:40,0.0,0.0
SPX,2026-12-18,119,Call,6940.0,SPX261218C06940000,884.6,887.3,885.95,967.25,0.0,0.0,0.0,0.0,0.2081,0.8394,0.0003,10.8028,-0.9274,18.2497,884.6071,0.0,0.0,0.0,870.600006103516,down,2026-08-17T15:27:58,0.0,0.0
SPX,2026-12-18,119,Put,6940.0,SPX261218P06940000,79.8,80.6,80.19999999999999,84.7,0.0,0.0,0.0,68.0,0.2079,-0.1606,0.0003,10.8028,-0.9274,-4.269,80.183,0.0,0.0,0.0,87.0,up,2026-08-20T13:50:15,0.0,0.0
SPX,2026-12-18,119,Call,6950.0,SPX261218C06950000,875.7,878.1,876.9000000000001,955.2,0.0,0.0,0.0,5797.0,0.2073,0.8373,0.0003,10.8931,-0.9315,18.226,875.7285,0.0,0.0,0.0,861.800018310547,up,2026-08-07T14:26:08,0.0,0.0
SPXW,2026-12-18,119,Call,6950.0,SPXW261218C06950000,874.4,880.8,877.5999999999999,690.58,0.0,0.0,0.0,101.0,0.2074,0.8367,0.0003,10.9294,-0.934,18.2095,876.3032,0.0,0.0,0.0,862.25,up,2026-07-30T10:30:21,0.0,0.0
SPX,2026-12-18,119,Put,6950.0,SPX261218P06950000,80.8,81.5,81.15,81.5,-6.5,-7.38636,16.0,8380.0,0.207,-0.1627,0.0003,10.8931,-0.9315,-4.3251,81.1601,83.3,83.3,80.47,88.0,down,2026-08-21T14:10:40,0.0,0.0
SPXW,2026-12-18,119,Put,6950.0,SPXW261218P06950000,81.3,81.8,81.55,81.2,-7.3,-8.24859,16.0,88.0,0.2075,-0.1633,0.0003,10.9294,-0.934,-4.3414,81.7498,81.2,81.2,81.2,88.5,down,2026-08-21T14:59:17,0.0,0.0
SPX,2026-12-18,119,Call,6960.0,SPX261218C06960000,866.8,869.4,868.0999999999999,857.08,0.0,0.0,0.0,3.0,0.2066,0.8352,0.0003,10.984,-0.9356,18.2014,866.8648,0.0,0.0,0.0,853.0,down,2026-08-20T15:39:40,0.0,0.0
SPX,2026-12-18,119,Put,6960.0,SPX261218P06960000,81.8,82.5,82.15,81.0,-8.1,-9.09091,3.0,273.0,0.2062,-0.1648,0.0003,10.984,-0.9356,-4.3821,82.1519,81.0,81.0,81.0,89.1000022888184,no_change,2026-08-21T11:40:52,0.0,0.0
SPX,2026-12-18,119,Call,6970.0,SPX261218C06970000,858.0,860.6,859.3,695.7,0.0,0.0,0.0,1.0,0.2055,0.833,0.0003,11.0754,-0.9397,18.1757,858.016,0.0,0.0,0.0,844.200012207031,up,2026-07-24T10:10:06,0.0,0.0
SPX,2026-12-18,119,Put,6970.0,SPX261218P06970000,82.8,83.5,83.15,82.4,0.0,0.0,0.0,13.0,0.2053,-0.167,0.0003,11.0754,-0.9397,-4.4402,83.1588,0.0,0.0,0.0,90.2000007629394,up,2026-08-19T15:51:34,0.0,0.0
SPX,2026-12-18,119,Call,6975.0,SPX261218C06975000,853.4,856.2,854.8,650.93,0.0,0.0,0.0,1040.0,0.2051,0.832,0.0003,11.1212,-0.9417,18.1625,853.5974,0.0,0.0,0.0,839.799987792969,down,2026-07-29T10:35:48,0.0,0.0
SPXW,2026-12-18,119,Call,6975.0,SPXW261218C06975000,852.3,858.6,855.45,0.0,0.0,0.0,0.0,0.0,0.2052,0.8314,0.0003,11.1573,-0.9442,18.1457,854.1845,0.0,0.0,0.0,840.300018310547,no_change,,0.0,0.0
SPX,2026-12-18,119,Put,6975.0,SPX261218P06975000,83.3,84.0,83.65,91.16,0.0,0.0,0.0,3646.0,0.2049,-0.1681,0.0003,11.1212,-0.9417,-4.4696,83.668,0.0,0.0,0.0,90.7000007629394,down,2026-08-20T16:12:31,0.0,0.0
SPXW,2026-12-18,119,Put,6975.0,SPXW261218P06975000,83.8,84.3,84.05,86.5,-4.6,-5.0494,16.0,68.0,0.2053,-0.1686,0.0003,11.1573,-0.9442,-4.4861,84.2701,86.51,86.51,86.5,91.1000022888184,down,2026-08-21T10:40:24,0.0,0.0
SPX,2026-12-18,119,Call,6980.0,SPX261218C06980000,849.0,851.8,850.4,0.0,0.0,0.0,0.0,0.0,0.2048,0.8309,0.0003,11.1671,-0.9438,18.149,849.1828,0.0,0.0,0.0,835.400024414062,no_change,,0.0,0.0
SPX,2026-12-18,119,Put,6980.0,SPX261218P06980000,83.8,84.6,84.19999999999999,88.6,0.0,0.0,0.0,24.0,0.2045,-0.1692,0.0003,11.1671,-0.9438,-4.4992,84.1811,0.0,0.0,0.0,91.2999992370606,up,2026-08-20T13:51:01,0.0,0.0
SPX,2026-12-18,119,Call,6990.0,SPX261218C06990000,840.3,842.9,841.5999999999999,691.14,0.0,0.0,0.0,1.0,0.204,0.8286,0.0003,11.2591,-0.9478,18.1214,840.3652,0.0,0.0,0.0,826.700012207031,up,2026-07-28T11:45:03,0.0,0.0
SPX,2026-12-18,119,Put,6990.0,SPX261218P06990000,84.8,85.6,85.19999999999999,86.75,-5.65,-6.11472,1.0,11.0,0.2036,-0.1714,0.0003,11.2591,-0.9478,-4.5591,85.2192,86.75,86.75,86.75,92.3999977111816,down,2026-08-21T10:29:08,0.0,0.0
SPX,2026-12-18,119,Call,7000.0,SPX261218C07000000,831.7,833.9,832.8,837.9,19.95,2.43903,4100.0,171667.0,0.203,0.8264,0.0003,11.3513,-0.9519,18.0931,831.5638,829.02,840.39,823.0,817.949981689453,up,2026-08-21T15:51:07,0.0,0.0
SPXW,2026-12-18,119,Call,7000.0,SPXW261218C07000000,830.2,836.5,833.35,879.66,0.0,0.0,0.0,29.0,0.2031,0.8258,0.0003,11.3871,-0.9543,18.0762,832.1639,0.0,0.0,0.0,818.450012207031,down,2026-08-19T13:13:48,0.0,0.0
SPX,2026-12-18,119,Put,7000.0,SPX261218P07000000,85.9,86.6,86.25,86.5,-6.95,-7.43713,4119.0,180528.0,0.2028,-0.1736,0.0003,11.3513,-0.9519,-4.6198,86.2733,88.6,89.39,85.32,93.4499969482422,up,2026-08-21T15:55:21,0.0,0.0
SPXW,2026-12-18,119,Put,7000.0,SPXW261218P07000000,86.5,86.9,86.7,86.7,-7.2,-7.66773,22.0,219.0,0.2031,-0.1742,0.0003,11.3871,-0.9543,-4.6366,86.8884,89.48,89.48,85.4,93.8999977111816,up,2026-08-21T13:28:07,0.0,0.0
SPX,2026-12-18,119,Call,7010.0,SPX261218C07010000,822.5,825.3,823.9,674.81,0.0,0.0,0.0,1.0,0.2022,0.8241,0.0003,11.4437,-0.9559,18.0639,822.7787,0.0,0.0,0.0,809.149993896484,down,2026-07-23T10:17:33,0.0,0.0
SPX,2026-12-18,119,Put,7010.0,SPX261218P07010000,87.0,87.7,87.35,86.6,0.0,0.0,0.0,32.0,0.202,-0.1759,0.0003,11.4437,-0.9559,-4.6815,87.3438,0.0,0.0,0.0,94.6000022888184,up,2026-08-19T15:51:31,0.0,0.0
SPX,2026-12-18,119,Call,7020.0,SPX261218C07020000,813.8,816.6,815.2,0.0,0.0,0.0,0.0,0.0,0.2014,0.8218,0.0003,11.5361,-0.9599,18.0339,814.0103,0.0,0.0,0.0,800.450012207031,no_change,,0.0,0.0
SPX,2026-12-18,119,Put,7020.0,SPX261218P07020000,88.0,88.8,88.4,93.0,0.0,0.0,0.0,20.0,0.2011,-0.1782,0.0003,11.5361,-0.9599,-4.7438,88.4311,0.0,0.0,0.0,95.75,up,2026-08-20T13:52:32,0.0,0.0
SPX,2026-12-18,119,Call,7025.0,SPX261218C07025000,809.6,812.2,810.9000000000001,911.64,0.0,0.0,0.0,1277.0,0.2008,0.8206,0.0003,11.5823,-0.9619,18.0187,809.6325,0.0,0.0,0.0,796.099975585938,up,2026-08-10T10:30:21,0.0,0.0
SPXW,2026-12-18,119,Call,7025.0,SPXW261218C07025000,808.6,814.6,811.6,601.03,0.0,0.0,0.0,0.0,0.201,0.82,0.0003,11.6177,-0.9643,18.0018,810.2461,0.0,0.0,0.0,796.649993896484,up,2026-07-29T12:47:50,0.0,0.0
SPX,2026-12-18,119,Put,7025.0,SPX261218P07025000,88.6,89.3,88.94999999999999,88.48,-7.82,-8.12046,100.0,4037.0,0.2006,-0.1794,0.0003,11.5823,-0.9619,-4.7752,88.981,88.4,88.48,88.4,96.2999992370606,up,2026-08-21T12:21:21,0.0,0.0
SPXW,2026-12-18,119,Put,7025.0,SPXW261218P07025000,89.2,89.6,89.4,97.02,0.0,0.0,0.0,78.0,0.2011,-0.18,0.0003,11.6177,-0.9643,-4.7919,89.6097,0.0,0.0,0.0,96.7999992370606,up,2026-08-20T15:17:32,0.0,0.0
SPX,2026-12-18,119,Call,7030.0,SPX261218C07030000,805.2,807.8,806.5,637.9,0.0,0.0,0.0,3.0,0.2004,0.8194,0.0003,11.6286,-0.9639,18.0033,805.2589,0.0,0.0,0.0,791.75,up,2026-07-24T10:05:09,0.0,0.0
SPX,2026-12-18,119,Put,7030.0,SPX261218P07030000,89.1,89.9,89.5,89.3,0.0,0.0,0.0,16.0,0.2002,-0.1806,0.0003,11.6286,-0.9639,-4.8068,89.5352,0.0,0.0,0.0,96.8999977111816,up,2026-08-19T14:10:57,0.0,0.0
SPX,2026-12-18,119,Call,7040.0,SPX261218C07040000,796.3,799.0,797.65,877.26,0.0,0.0,0.0,2.0,0.1996,0.8171,0.0003,11.7212,-0.9678,17.9719,796.5247,0.0,0.0,0.0,783.099975585938,down,2026-08-12T15:40:47,0.0,0.0
SPX,2026-12-18,119,Put,7040.0,SPX261218P07040000,90.3,91.0,90.65,90.9,-7.15,-7.2922,9.0,45.0,0.1994,-0.183,0.0003,11.7212,-0.9678,-4.8705,90.6567,91.1,91.2,90.9,98.0499992370606,down,2026-08-21T14:10:40,0.0,0.0
SPX,2026-12-18,119,Call,7050.0,SPX261218C07050000,787.7,790.1,788.9000000000001,811.18,0.0,0.0,0.0,3962.0,0.1988,0.8146,0.0003,11.814,-0.9717,17.9399,787.8081,0.0,0.0,0.0,774.449981689453,down,2026-08-20T09:45:00,0.0,0.0
SPXW,2026-12-18,119,Call,7050.0,SPXW261218C07050000,786.8,792.7,789.75,872.41,0.0,0.0,0.0,12.0,0.1988,0.8141,0.0003,11.849,-0.9741,17.923,788.4358,0.0,0.0,0.0,775.0,up,2026-08-06T10:22:14,0.0,0.0
SPX,2026-12-18,119,Put,7050.0,SPX261218P07050000,91.4,92.1,91.75,98.58,0.0,0.0,0.0,5984.0,0.1985,-0.1854,0.0003,11.814,-0.9717,-4.935,91.7956,0.0,0.0,0.0,99.25,no_change,2026-08-20T14:26:42,0.0,0.0
SPXW,2026-12-18,119,Put,7050.0,SPXW261218P07050000,92.0,92.4,92.2,100.1,0.0,0.0,0.0,125.0,0.1989,-0.186,0.0003,11.849,-0.9741,-4.9516,92.4383,0.0,0.0,0.0,99.7999992370606,up,2026-08-20T15:01:53,0.0,0.0
SPX,2026-12-18,119,Call,7060.0,SPX261218C07060000,779.0,781.5,780.25,680.6,0.0,0.0,0.0,2.0,0.198,0.8122,0.0003,11.9071,-0.9756,17.9071,779.1093,0.0,0.0,0.0,765.799987792969,up,2026-07-21T10:25:43,0.0,0.0
SPX,2026-12-18,119,Put,7060.0,SPX261218P07060000,92.5,93.3,92.9,97.41,0.0,0.0,0.0,40.0,0.1978,-0.1878,0.0003,11.9071,-0.9756,-5.0001,92.9524,0.0,0.0,0.0,100.5,up,2026-08-20T10:04:10,0.0,0.0
SPX,2026-12-18,119,Call,7070.0,SPX261218C07070000,770.2,772.9,771.55,850.97,0.0,0.0,0.0,1.0,0.1971,0.8097,0.0003,12.0005,-0.9795,17.8736,770.4286,0.0,0.0,0.0,757.149993896484,down,2026-08-12T15:40:56,0.0,0.0
SPX,2026-12-18,119,Put,7070.0,SPX261218P07070000,93.7,94.5,94.1,93.3,0.0,0.0,0.0,57.0,0.1968,-0.1903,0.0003,12.0005,-0.9795,-5.066,94.1274,0.0,0.0,0.0,101.75,down,2026-08-19T14:14:00,0.0,0.0
SPX,2026-12-18,119,Call,7075.0,SPX261218C07075000,766.0,768.6,767.3,839.2,0.0,0.0,0.0,1283.0,0.1967,0.8084,0.0003,12.0474,-0.9814,17.8565,766.0952,0.0,0.0,0.0,752.850006103516,no_change,2026-08-06T09:41:44,0.0,0.0
SPXW,2026-12-18,119,Call,7075.0,SPXW261218C07075000,764.8,771.0,767.9,576.0,0.0,0.0,0.0,3.0,0.1966,0.8078,0.0003,12.0822,-0.9838,17.8397,766.7374,0.0,0.0,0.0,753.450012207031,down,2026-07-29T11:09:32,0.0,0.0
SPX,2026-12-18,119,Put,7075.0,SPX261218P07075000,94.3,95.1,94.69999999999999,98.3,-4.1,-4.0039,1.0,2457.0,0.1964,-0.1916,0.0003,12.0474,-0.9814,-5.0992,94.7217,98.3,98.3,98.3,102.399997711182,down,2026-08-21T09:54:09,0.0,0.0
SPXW,2026-12-18,119,Put,7075.0,SPXW261218P07075000,94.9,95.3,95.1,103.07,0.0,0.0,0.0,99.0,0.1969,-0.1922,0.0003,12.0822,-0.9838,-5.1159,95.3789,0.0,0.0,0.0,102.849998474121,up,2026-08-20T15:17:32,0.0,0.0
SPX,2026-12-18,119,Call,7080.0,SPX261218C07080000,761.5,764.2,762.85,675.8,0.0,0.0,0.0,1.0,0.1961,0.8072,0.0003,12.0943,-0.9834,17.8392,761.7665,0.0,0.0,0.0,748.549987792969,up,2026-07-21T11:21:54,0.0,0.0
SPX,2026-12-18,119,Put,7080.0,SPX261218P07080000,94.9,95.6,95.25,97.61,-5.34,-5.18698,1.0,29.0,0.196,-0.1929,0.0003,12.0943,-0.9834,-5.1327,95.3208,97.61,97.61,97.61,102.950000762939,up,2026-08-21T09:47:27,0.0,0.0
SPX,2026-12-18,119,Call,7090.0,SPX261218C07090000,752.9,755.6,754.25,673.6,0.0,0.0,0.0,2.0,0.1954,0.8046,0.0003,12.1887,-0.9872,17.8039,753.1231,0.0,0.0,0.0,740.0,up,2026-07-22T14:42:56,0.0,0.0
SPX,2026-12-18,119,Put,7090.0,SPX261218P07090000,96.1,96.9,96.5,93.2,0.0,0.0,0.0,51.0,0.1952,-0.1954,0.0003,12.1887,-0.9872,-5.2004,96.5331,0.0,0.0,0.0,104.25,down,2026-08-19T15:34:52,0.0,0.0
SPX,2026-12-18,119,Call,7100.0,SPX261218C07100000,744.4,746.8,745.5999999999999,751.69,20.29,2.77413,1.0,7959.0,0.1945,0.802,0.0003,12.2837,-0.991,17.7675,744.4991,751.69,751.69,751.69,731.399993896484,up,2026-08-21T12:22:58,0.0,0.0
SPXW,2026-12-18,119,Call,7100.0,SPXW261218C07100000,743.2,749.4,746.3,791.78,0.0,0.0,0.0,34.0,0.1945,0.8014,0.0003,12.3184,-0.9933,17.7505,745.1564,0.0,0.0,0.0,732.049987792969,no_change,2026-08-19T14:34:49,0.0,0.0
SPX,2026-12-18,119,Put,7100.0,SPX261218P07100000,97.3,98.1,97.69999999999999,98.3,-7.25,-6.86879,64.0,13908.0,0.1943,-0.198,0.0003,12.2837,-0.991,-5.2692,97.7646,101.4,101.4,97.5,105.550003051758,no_change,2026-08-21T14:27:19,0.0,0.0
SPXW,2026-12-18,119,Put,7100.0,SPXW261218P07100000,97.9,98.4,98.15,97.3,-8.8,-8.29406,27.0,193.0,0.1948,-0.1986,0.0003,12.3184,-0.9933,-5.286,98.4369,101.2,101.2,97.3,106.100002288818,down,2026-08-21T15:43:06,0.0,0.0
SPX,2026-12-18,119,Call,7110.0,SPX261218C07110000,735.8,738.3,737.05,656.9,0.0,0.0,0.0,2.0,0.1937,0.7993,0.0003,12.3793,-0.9947,17.7299,735.8947,0.0,0.0,0.0,722.850006103516,no_change,2026-07-22T11:07:07,0.0,0.0
SPX,2026-12-18,119,Put,7110.0,SPX261218P07110000,98.6,99.3,98.94999999999999,98.4,0.0,0.0,0.0,21.0,0.1935,-0.2007,0.0003,12.3793,-0.9947,-5.3391,99.0159,0.0,0.0,0.0,106.849998474121,up,2026-08-19T14:10:57,0.0,0.0
SPX,2026-12-18,119,Call,7120.0,SPX261218C07120000,727.2,729.7,728.45,719.73,0.0,0.0,0.0,3.0,0.1928,0.7966,0.0003,12.4757,-0.9984,17.6911,727.3106,0.0,0.0,0.0,714.350006103516,up,2026-08-20T15:08:55,0.0,0.0
SPX,2026-12-18,119,Put,7120.0,SPX261218P07120000,99.9,100.6,100.25,108.0,0.0,0.0,0.0,28.0,0.1927,-0.2034,0.0003,12.4757,-0.9984,-5.4104,100.2873,0.0,0.0,0.0,108.299999237061,up,2026-08-20T15:08:55,0.0,0.0
SPX,2026-12-18,119,Call,7125.0,SPX261218C07125000,722.8,725.4,724.0999999999999,716.2,6.05,0.851934,2.0,2710.0,0.1923,0.7953,0.0003,12.5241,-1.0003,17.6712,723.0263,716.2,716.2,716.2,710.149993896484,no_change,2026-08-21T10:39:38,0.0,0.0
SPXW,2026-12-18,119,Call,7125.0,SPXW261218C07125000,721.7,727.9,724.8,697.34,0.0,0.0,0.0,65.0,0.1924,0.7947,0.0003,12.5587,-1.0026,17.6539,723.6994,0.0,0.0,0.0,710.75,up,2026-08-03T15:12:35,0.0,0.0
SPX,2026-12-18,119,Put,7125.0,SPX261218P07125000,100.5,101.2,100.85,104.14,0.0,0.0,0.0,7656.0,0.1922,-0.2047,0.0003,12.5241,-1.0003,-5.4465,100.9308,0.0,0.0,0.0,108.899997711182,no_change,2026-08-20T11:31:08,0.0,0.0
SPXW,2026-12-18,119,Put,7125.0,SPXW261218P07125000,101.1,101.6,101.35,102.17,0.0,0.0,0.0,215.0,0.1926,-0.2053,0.0003,12.5587,-1.0026,-5.4635,101.619,0.0,0.0,0.0,109.399997711182,down,2026-08-19T10:25:18,0.0,0.0
SPX,2026-12-18,119,Call,7130.0,SPX261218C07130000,718.6,721.1,719.85,516.61,0.0,0.0,0.0,7.0,0.192,0.7939,0.0003,12.5727,-1.0021,17.6509,718.7472,0.0,0.0,0.0,705.850006103516,down,2026-07-29T12:37:09,0.0,0.0
SPX,2026-12-18,119,Put,7130.0,SPX261218P07130000,101.1,101.9,101.5,103.54,-6.06,-5.5292,8.0,35.0,0.1918,-0.2061,0.0003,12.5727,-1.0021,-5.4829,101.5795,103.54,103.54,103.54,109.600002288818,no_change,2026-08-21T10:48:43,0.0,0.0
SPX,2026-12-18,119,Call,7140.0,SPX261218C07140000,710.1,712.5,711.3,0.0,0.0,0.0,0.0,0.0,0.1912,0.7911,0.0003,12.6703,-1.0058,17.6092,710.2051,0.0,0.0,0.0,697.350006103516,no_change,,0.0,0.0
SPX,2026-12-18,119,Put,7140.0,SPX261218P07140000,102.5,103.2,102.85,106.19,0.0,0.0,0.0,31.0,0.191,-0.2089,0.0003,12.6703,-1.0058,-5.557,102.893,0.0,0.0,0.0,110.950000762939,up,2026-08-20T10:51:55,0.0,0.0
SPX,2026-12-18,119,Call,7150.0,SPX261218C07150000,701.6,703.8,702.7,695.0,6.1,0.885471,5.0,8212.0,0.1903,0.7883,0.0004,12.7684,-1.0094,17.5661,701.6848,695.0,695.0,695.0,688.899993896484,down,2026-08-21T10:39:39,0.0,0.0
SPXW,2026-12-18,119,Call,7150.0,SPXW261218C07150000,700.7,706.5,703.6,558.0,0.0,0.0,0.0,49.0,0.1903,0.7877,0.0004,12.8029,-1.0117,17.5486,702.3746,0.0,0.0,0.0,689.600006103516,down,2026-07-30T15:23:56,0.0,0.0
SPX,2026-12-18,119,Put,7150.0,SPX261218P07150000,103.8,104.5,104.15,103.27,-9.08,-8.08189,9.0,8843.0,0.1901,-0.2117,0.0004,12.7684,-1.0094,-5.6325,104.2284,107.1,107.1,103.27,112.349998474121,down,2026-08-21T13:10:30,0.0,0.0
SPXW,2026-12-18,119,Put,7150.0,SPXW261218P07150000,104.4,104.9,104.65,109.2,-3.7,-3.27723,4.0,198.0,0.1905,-0.2123,0.0004,12.8029,-1.0117,-5.6498,104.9331,109.2,109.2,109.2,112.899997711182,down,2026-08-21T09:54:29,0.0,0.0
SPX,2026-12-18,119,Call,7160.0,SPX261218C07160000,693.1,695.6,694.35,0.0,0.0,0.0,0.0,0.0,0.1895,0.7855,0.0004,12.8668,-1.013,17.5215,693.187,0.0,0.0,0.0,680.5,no_change,,0.0,0.0
SPX,2026-12-18,119,Put,7160.0,SPX261218P07160000,105.1,105.9,105.5,112.83,0.0,0.0,0.0,48.0,0.1893,-0.2145,0.0004,12.8668,-1.013,-5.7094,105.5861,0.0,0.0,0.0,113.799999237061,down,2026-08-18T11:28:31,0.0,0.0
SPX,2026-12-18,119,Call,7170.0,SPX261218C07170000,684.6,687.1,685.85,609.4,0.0,0.0,0.0,2.0,0.1887,0.7826,0.0004,12.9655,-1.0165,17.4755,684.7122,0.0,0.0,0.0,672.100006103516,up,2026-07-22T11:08:46,0.0,0.0
SPX,2026-12-18,119,Put,7170.0,SPX261218P07170000,106.5,107.3,106.9,107.3,-7.95,-6.89805,4.0,31.0,0.1885,-0.2174,0.0004,12.9655,-1.0165,-5.7878,106.967,107.5,107.5,107.3,115.25,down,2026-08-21T14:10:35,0.0,0.0
SPX,2026-12-18,119,Call,7175.0,SPX261218C07175000,680.2,682.8,681.5,768.38,0.0,0.0,0.0,2669.0,0.1883,0.7811,0.0004,13.0149,-1.0182,17.452,680.4837,0.0,0.0,0.0,667.899993896484,up,2026-08-04T15:59:49,0.0,0.0
SPXW,2026-12-18,119,Call,7175.0,SPXW261218C07175000,679.5,685.3,682.4,523.6,0.0,0.0,0.0,19.0,0.1882,0.7805,0.0004,13.049,-1.0206,17.4343,681.1908,0.0,0.0,0.0,668.5,up,2026-07-30T13:05:51,0.0,0.0
SPX,2026-12-18,119,Put,7175.0,SPX261218P07175000,107.2,107.9,107.55000000000001,114.1,0.0,0.0,0.0,5338.0,0.1881,-0.2189,0.0004,13.0149,-1.0182,-5.8275,107.6662,0.0,0.0,0.0,115.950000762939,down,2026-08-20T10:17:42,0.0,0.0
SPXW,2026-12-18,119,Put,7175.0,SPXW261218P07175000,107.8,108.3,108.05,106.8,0.0,0.0,0.0,195.0,0.1885,-0.2195,0.0004,13.049,-1.0206,-5.845,108.3883,0.0,0.0,0.0,116.5,up,2026-08-17T14:48:33,0.0,0.0
SPX,2026-12-18,119,Call,7180.0,SPX261218C07180000,676.0,678.6,677.3,602.3,0.0,0.0,0.0,1.0,0.1877,0.7796,0.0004,13.0643,-1.02,17.4282,676.261,0.0,0.0,0.0,663.699981689453,up,2026-07-22T11:07:59,0.0,0.0
SPX,2026-12-18,119,Put,7180.0,SPX261218P07180000,107.9,108.6,108.25,107.3,0.0,0.0,0.0,23.0,0.1877,-0.2204,0.0004,13.0643,-1.02,-5.8675,108.3714,0.0,0.0,0.0,116.700000762939,up,2026-08-17T15:50:24,0.0,0.0
SPX,2026-12-18,119,Call,7190.0,SPX261218C07190000,667.7,670.1,668.9000000000001,585.6,0.0,0.0,0.0,2.0,0.1869,0.7766,0.0004,13.163,-1.0234,17.3796,667.834,0.0,0.0,0.0,655.300018310547,down,2026-07-22T10:40:32,0.0,0.0
SPX,2026-12-18,119,Put,7190.0,SPX261218P07190000,109.3,110.1,109.69999999999999,110.2,-7.95,-6.72874,6.0,48.0,0.1868,-0.2234,0.0004,13.163,-1.0234,-5.9484,109.7999,110.4,110.4,110.2,118.150001525879,down,2026-08-21T14:10:29,0.0,0.0
SPX,2026-12-18,119,Call,7200.0,SPX261218C07200000,659.5,661.5,660.5,669.91,22.91,3.54096,12.0,21011.0,0.1861,0.7736,0.0004,13.2614,-1.0268,17.3298,659.4316,659.89,669.91,658.84,647.0,up,2026-08-21T15:49:23,0.0,0.0
SPXW,2026-12-18,119,Call,7200.0,SPXW261218C07200000,658.2,664.0,661.1,532.2,0.0,0.0,0.0,32.0,0.1861,0.773,0.0004,13.295,-1.0291,17.3121,660.1567,0.0,0.0,0.0,647.649993896484,up,2026-07-31T12:47:24,0.0,0.0
SPX,2026-12-18,119,Put,7200.0,SPX261218P07200000,110.8,111.5,111.15,109.08,-10.62,-8.87218,758.0,22068.0,0.1859,-0.2264,0.0004,13.2614,-1.0268,-6.0306,111.2531,114.1,114.55,108.95,119.700000762939,down,2026-08-21T15:49:23,0.0,0.0
SPXW,2026-12-18,119,Put,7200.0,SPXW261218P07200000,111.4,111.9,111.65,111.3,-9.0,-7.4813,1.0,178.0,0.1864,-0.227,0.0004,13.295,-1.0291,-6.0481,111.9932,111.3,111.3,111.3,120.299999237061,down,2026-08-21T12:17:59,0.0,0.0
SPX,2026-12-18,119,Call,7210.0,SPX261218C07210000,650.9,653.3,652.0999999999999,470.2,0.0,0.0,0.0,7.0,0.1852,0.7705,0.0004,13.3596,-1.0301,17.2791,651.0543,0.0,0.0,0.0,638.699981689453,down,2026-07-29T11:25:43,0.0,0.0
SPX,2026-12-18,119,Put,7210.0,SPX261218P07210000,112.2,113.0,112.6,113.0,-8.25,-6.80412,3.0,62.0,0.1852,-0.2295,0.0004,13.3596,-1.0301,-6.1138,112.7314,113.2,113.3,113.0,121.25,down,2026-08-21T14:10:34,0.0,0.0
SPX,2026-12-18,119,Call,7220.0,SPX261218C07220000,642.5,644.9,643.7,726.67,0.0,0.0,0.0,3.0,0.1845,0.7674,0.0004,13.4574,-1.0334,17.2273,642.7025,0.0,0.0,0.0,630.399993896484,up,2026-08-17T14:54:10,0.0,0.0
SPX,2026-12-18,119,Put,7220.0,SPX261218P07220000,113.7,114.5,114.1,120.3,0.0,0.0,0.0,145.0,0.1843,-0.2326,0.0004,13.4574,-1.0334,-6.1979,114.2352,0.0,0.0,0.0,122.849998474121,down,2026-08-18T09:47:37,0.0,0.0
SPX,2026-12-18,119,Call,7225.0,SPX261218C07225000,638.4,640.8,639.5999999999999,501.11,0.0,0.0,0.0,3374.0,0.184,0.7658,0.0004,13.5061,-1.0351,17.2011,638.5364,0.0,0.0,0.0,626.25,down,2026-07-24T09:35:48,0.0,0.0
SPXW,2026-12-18,119,Call,7225.0,SPXW261218C07225000,637.3,643.2,640.25,691.58,0.0,0.0,0.0,34.0,0.1841,0.7652,0.0004,13.5391,-1.0374,17.1836,639.2801,0.0,0.0,0.0,626.949981689453,no_change,2026-08-06T13:25:06,0.0,0.0
SPX,2026-12-18,119,Put,7225.0,SPX261218P07225000,114.5,115.2,114.85,114.54,-9.11,-7.36757,4.0,4062.0,0.1839,-0.2342,0.0004,13.5061,-1.0351,-6.2403,114.9969,114.98,114.98,114.54,123.650001525879,down,2026-08-21T15:57:15,0.0,0.0
SPXW,2026-12-18,119,Put,7225.0,SPXW261218P07225000,115.2,115.6,115.4,119.4,-4.8,-3.86473,11.0,101.0,0.1843,-0.2348,0.0004,13.5391,-1.0374,-6.2576,115.7556,119.4,119.4,119.4,124.200000762939,down,2026-08-21T09:55:19,0.0,0.0
SPX,2026-12-18,119,Call,7230.0,SPX261218C07230000,634.1,636.6,635.35,0.0,0.0,0.0,0.0,0.0,0.1837,0.7642,0.0004,13.5548,-1.0367,17.1747,634.3769,0.0,0.0,0.0,622.100006103516,no_change,,0.0,0.0
SPX,2026-12-18,119,Put,7230.0,SPX261218P07230000,115.2,116.0,115.6,120.75,0.0,0.0,0.0,19.0,0.1835,-0.2358,0.0004,13.5548,-1.0367,-6.2829,115.7652,0.0,0.0,0.0,124.450000762939,up,2026-08-18T10:03:23,0.0,0.0
SPX,2026-12-18,119,Call,7240.0,SPX261218C07240000,625.9,628.3,627.0999999999999,0.0,0.0,0.0,0.0,1.0,0.1827,0.761,0.0004,13.652,-1.0399,17.1212,626.0776,0.0,0.0,0.0,613.850006103516,no_change,,0.0,0.0
SPX,2026-12-18,119,Put,7240.0,SPX261218P07240000,116.7,117.5,117.1,113.9,0.0,0.0,0.0,34.0,0.1827,-0.239,0.0004,13.652,-1.0399,-6.3688,117.3215,0.0,0.0,0.0,126.049999237061,up,2026-08-19T15:39:56,0.0,0.0
SPX,2026-12-18,119,Call,7250.0,SPX261218C07250000,617.8,619.8,618.8,614.16,8.51,1.4051,3.0,6005.0,0.182,0.7577,0.0004,13.7489,-1.043,17.0667,617.8053,614.16,614.16,614.16,605.650024414062,down,2026-08-21T09:35:14,0.0,0.0
SPXW,2026-12-18,119,Call,7250.0,SPXW261218C07250000,616.6,622.4,619.5,629.46,0.0,0.0,0.0,55.0,0.182,0.7572,0.0004,13.7813,-1.0453,17.0494,618.5679,0.0,0.0,0.0,606.399993896484,up,2026-08-20T12:27:15,0.0,0.0
SPX,2026-12-18,119,Put,7250.0,SPX261218P07250000,118.4,119.1,118.75,119.4,-8.25,-6.46299,82.0,12346.0,0.1818,-0.2423,0.0004,13.7489,-1.043,-6.4556,118.9048,121.9,121.9,118.45,127.650001525879,down,2026-08-21T14:45:19,0.0,0.0
SPXW,2026-12-18,119,Put,7250.0,SPXW261218P07250000,119.1,119.6,119.35,118.0,-10.3,-8.02806,5.0,291.0,0.1823,-0.2428,0.0004,13.7813,-1.0453,-6.4727,119.6824,118.0,118.0,118.0,128.300003051758,no_change,2026-08-21T15:44:06,0.0,0.0
SPX,2026-12-18,119,Call,7260.0,SPX261218C07260000,609.4,611.8,610.5999999999999,0.0,0.0,0.0,0.0,0.0,0.1812,0.7544,0.0004,13.8458,-1.0461,17.0112,609.5605,0.0,0.0,0.0,597.5,no_change,,0.0,0.0
SPX,2026-12-18,119,Put,7260.0,SPX261218P07260000,120.0,120.7,120.35,121.0,-8.35,-6.45535,11.0,53.0,0.1811,-0.2456,0.0004,13.8458,-1.0461,-6.5435,120.5156,121.0,121.0,121.0,129.349998474121,up,2026-08-21T14:44:49,0.0,0.0
SPX,2026-12-18,119,Call,7270.0,SPX261218C07270000,601.0,603.5,602.25,385.07,0.0,0.0,0.0,5.0,0.1804,0.7511,0.0004,13.9426,-1.0491,16.9546,601.3435,0.0,0.0,0.0,589.350006103516,down,2026-07-29T16:13:00,0.0,0.0
SPX,2026-12-18,119,Put,7270.0,SPX261218P07270000,121.5,122.4,121.95,120.91,-10.14,-7.7375,18.0,208.0,0.1802,-0.249,0.0004,13.9426,-1.0491,-6.6325,122.1542,125.25,125.25,120.91,131.049995422363,down,2026-08-21T15:00:30,0.0,0.0
SPX,2026-12-18,119,Call,7275.0,SPX261218C07275000,597.1,599.4,598.25,604.71,19.51,3.33391,3.0,2642.0,0.18,0.7494,0.0004,13.9911,-1.0506,16.9257,597.2457,604.71,604.71,604.71,585.199981689453,up,2026-08-21T13:06:03,0.0,0.0
SPXW,2026-12-18,119,Call,7275.0,SPXW261218C07275000,596.0,601.8,598.9,597.14,11.14,1.90102,5.0,117.0,0.18,0.7488,0.0004,14.023,-1.0528,16.9085,598.0275,594.11,597.22,593.0,586.0,down,2026-08-21T14:41:36,0.0,0.0
SPX,2026-12-18,119,Put,7275.0,SPX261218P07275000,122.5,123.2,122.85,123.0,-8.95,-6.78288,1.0,3072.0,0.1798,-0.2507,0.0004,13.9911,-1.0506,-6.6775,122.9842,123.0,123.0,123.0,131.950004577637,down,2026-08-21T12:50:13,0.0,0.0
SPXW,2026-12-18,119,Put,7275.0,SPXW261218P07275000,123.2,123.6,123.4,126.49,-6.11,-4.60784,13.0,118.0,0.1802,-0.2512,0.0004,14.023,-1.0528,-6.6946,123.781,128.3,128.3,126.49,132.599998474121,down,2026-08-21T10:18:08,0.0,0.0
SPX,2026-12-18,119,Call,7280.0,SPX261218C07280000,592.8,595.3,594.05,434.56,0.0,0.0,0.0,2.0,0.1796,0.7476,0.0004,14.0396,-1.052,16.8965,593.1551,0.0,0.0,0.0,581.149993896484,down,2026-07-27T13:41:00,0.0,0.0
SPX,2026-12-18,119,Put,7280.0,SPX261218P07280000,123.3,124.0,123.65,122.6,-10.25,-7.71547,97.0,51.0,0.1794,-0.2524,0.0004,14.0396,-1.052,-6.7229,123.8214,123.8,125.1,121.8,132.849998474121,up,2026-08-21T15:50:00,0.0,0.0
SPX,2026-12-18,119,Call,7290.0,SPX261218C07290000,584.8,587.1,585.95,615.08,0.0,0.0,0.0,32.0,0.1787,0.7442,0.0004,14.1368,-1.0549,16.8369,584.9959,0.0,0.0,0.0,573.149993896484,up,2026-08-18T16:04:18,0.0,0.0
SPX,2026-12-18,119,Put,7290.0,SPX261218P07290000,124.9,125.7,125.30000000000001,124.0,-10.55,-7.84095,1.0,199.0,0.1786,-0.2558,0.0004,14.1368,-1.0549,-6.8149,125.5178,124.0,124.0,124.0,134.549995422363,down,2026-08-21T11:59:29,0.0,0.0
SPX,2026-12-18,119,Call,7300.0,SPX261218C07300000,577.3,578.8,578.05,596.91,31.91,5.64779,1.0,7361.0,0.1778,0.7406,0.0004,14.2342,-1.0578,16.7756,576.8667,596.91,596.91,596.91,565.0,up,2026-08-21T11:52:58,0.0,0.0
SPXW,2026-12-18,119,Call,7300.0,SPXW261218C07300000,575.7,581.4,578.55,573.76,7.91,1.3979,1.0,43.0,0.178,0.7401,0.0004,14.2658,-1.06,16.7584,577.6683,573.76,573.76,573.76,565.849975585938,up,2026-08-21T09:56:50,0.0,0.0
SPX,2026-12-18,119,Put,7300.0,SPX261218P07300000,126.7,127.4,127.05000000000001,126.1,-10.3,-7.55132,122.0,14408.0,0.1778,-0.2594,0.0004,14.2342,-1.0578,-6.9086,127.2442,129.63,129.63,126.1,136.400001525879,no_change,2026-08-21T14:58:01,0.0,0.0
SPXW,2026-12-18,119,Put,7300.0,SPXW261218P07300000,127.4,127.9,127.65,128.02,-9.03,-6.58884,22.0,378.0,0.1782,-0.2599,0.0004,14.2658,-1.06,-6.9256,128.0607,129.89,129.89,128.02,137.050003051758,no_change,2026-08-21T14:20:13,0.0,0.0
SPX,2026-12-18,119,Call,7310.0,SPX261218C07310000,569.2,570.7,569.95,607.78,0.0,0.0,0.0,4.0,0.1771,0.7371,0.0004,14.3318,-1.0605,16.7125,568.7681,0.0,0.0,0.0,557.0,up,2026-08-18T13:08:27,0.0,0.0
SPX,2026-12-18,119,Put,7310.0,SPX261218P07310000,128.3,129.2,128.75,131.86,0.0,0.0,0.0,141.0,0.177,-0.263,0.0004,14.3318,-1.0605,-7.0041,129.0012,0.0,0.0,0.0,138.25,no_change,2026-08-20T11:31:08,0.0,0.0
SPX,2026-12-18,119,Call,7320.0,SPX261218C07320000,561.1,562.6,561.85,638.14,0.0,0.0,0.0,16.0,0.1763,0.7334,0.0004,14.4296,-1.0632,16.6474,560.7012,0.0,0.0,0.0,549.050018310547,down,2026-08-12T15:59:24,0.0,0.0
SPX,2026-12-18,119,Put,7320.0,SPX261218P07320000,130.1,131.0,130.55,125.9,0.0,0.0,0.0,64.0,0.1762,-0.2666,0.0004,14.4296,-1.0632,-7.1016,130.7898,0.0,0.0,0.0,140.049995422363,up,2026-08-19T15:30:09,0.0,0.0
SPX,2026-12-18,119,Call,7325.0,SPX261218C07325000,557.1,558.6,557.85,612.48,0.0,0.0,0.0,7380.0,0.1759,0.7316,0.0004,14.4784,-1.0645,16.614,556.6798,0.0,0.0,0.0,545.0,up,2026-08-19T11:28:29,0.0,0.0
SPXW,2026-12-18,119,Call,7325.0,SPXW261218C07325000,555.5,561.1,558.3,596.69,0.0,0.0,0.0,42.0,0.176,0.731,0.0004,14.5095,-1.0667,16.5967,557.5016,0.0,0.0,0.0,545.849975585938,down,2026-08-18T09:33:20,0.0,0.0
SPX,2026-12-18,119,Put,7325.0,SPX261218P07325000,131.1,131.9,131.5,131.82,-9.23,-6.54378,100.0,5405.0,0.1758,-0.2684,0.0004,14.4784,-1.0645,-7.1511,131.6962,130.96,131.82,130.86,141.049995422363,no_change,2026-08-21T12:21:02,0.0,0.0
SPXW,2026-12-18,119,Put,7325.0,SPXW261218P07325000,131.9,132.4,132.15,122.7,0.0,0.0,0.0,37.0,0.1762,-0.269,0.0004,14.5095,-1.0667,-7.1682,132.5331,0.0,0.0,0.0,141.699996948242,down,2026-08-14T14:26:34,0.0,0.0
SPX,2026-12-18,119,Call,7330.0,SPX261218C07330000,553.0,554.5,553.75,632.39,0.0,0.0,0.0,12.0,0.1755,0.7298,0.0004,14.5272,-1.0658,16.5803,552.6666,0.0,0.0,0.0,541.0,down,2026-08-12T13:42:15,0.0,0.0
SPX,2026-12-18,119,Put,7330.0,SPX261218P07330000,131.9,132.8,132.35000000000002,132.59,0.0,0.0,0.0,228.0,0.1754,-0.2703,0.0004,14.5272,-1.0658,-7.2011,132.6108,0.0,0.0,0.0,141.950004577637,down,2026-08-20T09:44:27,0.0,0.0
SPX,2026-12-18,119,Call,7340.0,SPX261218C07340000,545.0,546.5,545.75,644.33,0.0,0.0,0.0,5.0,0.1747,0.726,0.0004,14.6246,-1.0683,16.5112,544.6652,0.0,0.0,0.0,533.149993896484,down,2026-08-14T12:58:53,0.0,0.0
SPX,2026-12-18,119,Put,7340.0,SPX261218P07340000,133.8,134.6,134.2,139.57,0.0,0.0,0.0,70.0,0.1746,-0.274,0.0004,14.6246,-1.0683,-7.3025,134.4651,0.0,0.0,0.0,143.950004577637,up,2026-08-20T13:52:32,0.0,0.0
SPX,2026-12-18,119,Call,7350.0,SPX261218C07350000,537.1,538.6,537.85,556.48,31.08,5.91549,1.0,9696.0,0.1738,0.7222,0.0004,14.7215,-1.0707,16.4404,536.698,556.48,556.48,556.48,525.399993896484,up,2026-08-21T11:52:58,0.0,0.0
SPXW,2026-12-18,119,Call,7350.0,SPXW261218C07350000,535.5,541.1,538.3,597.45,0.0,0.0,0.0,56.0,0.1739,0.7217,0.0004,14.752,-1.073,16.4231,537.5406,0.0,0.0,0.0,526.050018310547,up,2026-08-06T16:06:44,0.0,0.0
SPX,2026-12-18,119,Put,7350.0,SPX261218P07350000,135.8,136.5,136.15,135.5,-10.3,-7.06447,80.0,5847.0,0.1737,-0.2778,0.0004,14.7215,-1.0707,-7.4057,136.3534,138.88,138.88,135.39,145.800003051758,no_change,2026-08-21T13:04:19,0.0,0.0
SPXW,2026-12-18,119,Put,7350.0,SPXW261218P07350000,136.5,137.0,136.75,134.67,-11.93,-8.13779,1.0,56.0,0.1742,-0.2784,0.0004,14.752,-1.073,-7.4228,137.211,134.67,134.67,134.67,146.599998474121,down,2026-08-21T11:43:23,0.0,0.0
SPX,2026-12-18,119,Call,7360.0,SPX261218C07360000,529.1,530.6,529.85,660.71,0.0,0.0,0.0,18.0,0.1731,0.7184,0.0004,14.8177,-1.0731,16.368,528.7656,0.0,0.0,0.0,517.449981689453,up,2026-08-13T10:31:12,0.0,0.0
SPX,2026-12-18,119,Put,7360.0,SPX261218P07360000,137.6,138.4,138.0,142.9,0.0,0.0,0.0,33.0,0.173,-0.2816,0.0004,14.8177,-1.0731,-7.5104,138.2766,0.0,0.0,0.0,147.799995422363,up,2026-08-18T12:13:08,0.0,0.0
SPX,2026-12-18,119,Call,7370.0,SPX261218C07370000,521.2,522.7,521.95,626.14,0.0,0.0,0.0,31.0,0.1723,0.7145,0.0004,14.9131,-1.0754,16.2941,520.8687,0.0,0.0,0.0,509.5,up,2026-08-14T11:30:29,0.0,0.0
SPX,2026-12-18,119,Put,7370.0,SPX261218P07370000,139.5,140.4,139.95,142.91,0.0,0.0,0.0,147.0,0.1722,-0.2856,0.0004,14.9131,-1.0754,-7.6168,140.2354,0.0,0.0,0.0,149.900001525879,down,2026-08-20T12:38:45,0.0,0.0
SPX,2026-12-18,119,Call,7375.0,SPX261218C07375000,517.3,518.8,518.05,510.8,5.2,1.02848,2.0,923.0,0.1719,0.7125,0.0004,14.9603,-1.0765,16.2566,516.9339,510.8,510.8,510.8,505.600006103516,down,2026-08-21T10:39:39,0.0,0.0
SPXW,2026-12-18,119,Call,7375.0,SPXW261218C07375000,515.7,521.3,518.5,614.3,0.0,0.0,0.0,29.0,0.1719,0.7119,0.0004,14.9899,-1.0787,16.2397,517.7974,0.0,0.0,0.0,506.449996948242,up,2026-08-10T10:14:06,0.0,0.0
SPX,2026-12-18,119,Put,7375.0,SPX261218P07375000,140.6,141.4,141.0,146.03,0.0,0.0,0.0,2102.0,0.1718,-0.2875,0.0004,14.9603,-1.0765,-7.6704,141.2284,0.0,0.0,0.0,150.900001525879,down,2026-08-20T12:33:12,0.0,0.0
SPXW,2026-12-18,119,Put,7375.0,SPXW261218P07375000,141.4,141.9,141.65,145.1,-6.55,-4.31915,6.0,77.0,0.1722,-0.2881,0.0004,14.9899,-1.0787,-7.6871,142.1069,145.1,145.1,145.1,151.649993896484,down,2026-08-21T10:20:11,0.0,0.0
SPX,2026-12-18,119,Call,7380.0,SPX261218C07380000,513.3,514.9,514.0999999999999,618.45,0.0,0.0,0.0,43.0,0.1715,0.7105,0.0005,15.0073,-1.0775,16.2189,513.0082,0.0,0.0,0.0,501.75,up,2026-08-14T11:36:42,0.0,0.0
SPX,2026-12-18,119,Put,7380.0,SPX261218P07380000,141.5,142.4,141.95,138.7,0.0,0.0,0.0,42.0,0.1714,-0.2895,0.0005,15.0073,-1.0775,-7.7242,142.2304,0.0,0.0,0.0,151.950004577637,down,2026-08-19T15:51:31,0.0,0.0
SPX,2026-12-18,119,Call,7390.0,SPX261218C07390000,505.5,507.0,506.25,510.2,16.15,3.2689,1.0,8.0,0.1707,0.7065,0.0005,15.1005,-1.0796,16.1427,505.1845,510.2,510.2,510.2,494.050003051758,down,2026-08-21T15:42:17,0.0,0.0
SPX,2026-12-18,119,Put,7390.0,SPX261218P07390000,143.5,144.4,143.95,140.9,0.0,0.0,0.0,99.0,0.1706,-0.2935,0.0005,15.1005,-1.0796,-7.8328,144.2623,0.0,0.0,0.0,154.049995422363,up,2026-08-19T15:52:14,0.0,0.0
SPX,2026-12-18,119,Call,7400.0,SPX261218C07400000,497.7,499.2,498.45,503.57,17.27,3.55131,13.0,21242.0,0.1698,0.7024,0.0005,15.1925,-1.0816,16.0655,497.3982,491.43,513.07,491.4,486.300003051758,up,2026-08-21T15:38:26,0.0,0.0
SPXW,2026-12-18,119,Call,7400.0,SPXW261218C07400000,496.2,501.7,498.95,562.63,0.0,0.0,0.0,55.0,0.17,0.7019,0.0005,15.2212,-1.0838,16.0491,498.2826,0.0,0.0,0.0,487.099990844727,down,2026-08-11T14:22:57,0.0,0.0
SPX,2026-12-18,119,Put,7400.0,SPX261218P07400000,145.7,146.5,146.1,144.22,-11.88,-7.61051,1169.0,26044.0,0.1698,-0.2976,0.0005,15.1925,-1.0816,-7.9424,146.3317,149.86,150.14,143.38,156.099998474121,down,2026-08-21T15:38:26,0.0,0.0
SPXW,2026-12-18,119,Put,7400.0,SPXW261218P07400000,146.5,147.0,146.75,146.1,-10.85,-6.91303,99.0,987.0,0.1703,-0.2982,0.0005,15.2212,-1.0838,-7.9587,147.2311,150.5,151.2,143.8,156.949996948242,down,2026-08-21T14:57:52,0.0,0.0
SPX,2026-12-18,119,Call,7410.0,SPX261218C07410000,489.9,491.5,490.7,494.5,15.95,3.33298,1.0,20.0,0.1691,0.6982,0.0005,15.2834,-1.0835,15.9872,489.6499,494.5,494.5,494.5,478.550003051758,up,2026-08-21T15:42:17,0.0,0.0
SPX,2026-12-18,119,Put,7410.0,SPX261218P07410000,147.7,148.6,148.14999999999998,143.3,0.0,0.0,0.0,54.0,0.1691,-0.3018,0.0005,15.2834,-1.0835,-8.0531,148.439,0.0,0.0,0.0,158.400001525879,down,2026-08-19T15:40:54,0.0,0.0
SPX,2026-12-18,119,Call,7420.0,SPX261218C07420000,482.2,483.7,482.95,529.24,0.0,0.0,0.0,2.0,0.1684,0.694,0.0005,15.3733,-1.0853,15.9078,481.9404,0.0,0.0,0.0,471.0,up,2026-08-19T11:57:43,0.0,0.0
SPX,2026-12-18,119,Put,7420.0,SPX261218P07420000,149.9,150.7,150.3,150.0,-10.55,-6.57116,185.0,81.0,0.1683,-0.306,0.0005,15.3733,-1.0853,-8.1648,150.585,150.0,150.0,150.0,160.549995422363,up,2026-08-21T14:20:23,0.0,0.0
SPX,2026-12-18,119,Call,7425.0,SPX261218C07425000,478.4,479.9,479.15,510.04,0.0,0.0,0.0,2319.0,0.168,0.6919,0.0005,15.418,-1.0862,15.8676,478.1003,0.0,0.0,0.0,467.199996948242,down,2026-08-19T15:48:59,0.0,0.0
SPXW,2026-12-18,119,Call,7425.0,SPXW261218C07425000,479.4,479.9,479.65,483.6,15.5,3.31126,3.0,28.0,0.1684,0.6914,0.0005,15.4459,-1.0883,15.8517,479.0054,483.6,483.6,483.6,468.099990844727,down,2026-08-21T12:55:46,0.0,0.0
SPX,2026-12-18,119,Put,7425.0,SPX261218P07425000,151.0,151.8,151.4,156.1,0.0,0.0,0.0,2188.0,0.1679,-0.3081,0.0005,15.418,-1.0862,-8.2212,151.6727,0.0,0.0,0.0,161.700004577637,up,2026-08-20T10:04:10,0.0,0.0
SPXW,2026-12-18,119,Put,7425.0,SPXW261218P07425000,151.9,152.4,152.15,152.7,-9.8,-6.03077,35.0,57.0,0.1683,-0.3086,0.0005,15.4459,-1.0883,-8.237,152.5929,155.6,155.7,151.4,162.5,up,2026-08-21T14:17:06,0.0,0.0
SPX,2026-12-18,119,Call,7430.0,SPX261218C07430000,474.5,476.1,475.3,473.13,9.73,2.0997,2.0,15.0,0.1676,0.6898,0.0005,15.4624,-1.087,15.8271,474.2701,473.13,473.13,473.13,463.400009155273,down,2026-08-21T14:10:04,0.0,0.0
SPX,2026-12-18,119,Put,7430.0,SPX261218P07430000,152.1,152.9,152.5,152.9,-10.0,-6.13874,18.0,176.0,0.1675,-0.3102,0.0005,15.4624,-1.087,-8.278,152.7704,152.9,152.9,152.9,162.900001525879,up,2026-08-21T14:24:47,0.0,0.0
SPX,2026-12-18,119,Call,7440.0,SPX261218C07440000,466.9,468.4,467.65,564.81,0.0,0.0,0.0,13.0,0.1668,0.6855,0.0005,15.5507,-1.0886,15.7446,466.64,0.0,0.0,0.0,455.75,down,2026-08-14T14:28:42,0.0,0.0
SPX,2026-12-18,119,Put,7440.0,SPX261218P07440000,154.2,155.1,154.64999999999998,154.55,-10.6,-6.41841,3.0,54.0,0.1668,-0.3146,0.0005,15.5507,-1.0886,-8.3928,154.9958,157.87,157.87,154.55,165.150001525879,down,2026-08-21T12:09:44,0.0,0.0
SPX,2026-12-18,119,Call,7450.0,SPX261218C07450000,459.3,460.8,460.05,492.0,0.0,0.0,0.0,11984.0,0.166,0.6811,0.0005,15.6383,-1.09,15.6603,459.0509,0.0,0.0,0.0,448.300003051758,no_change,2026-08-19T16:00:18,0.0,0.0
SPXW,2026-12-18,119,Call,7450.0,SPXW261218C07450000,460.2,461.0,460.6,468.4,19.15,4.26266,9.0,113.0,0.1664,0.6806,0.0005,15.6655,-1.0922,15.6448,459.9765,469.2,469.2,468.4,449.25,down,2026-08-21T15:49:06,0.0,0.0
SPX,2026-12-18,119,Put,7450.0,SPX261218P07450000,156.4,157.4,156.9,156.4,-11.1,-6.62687,47.0,14386.0,0.166,-0.3189,0.0005,15.6383,-1.09,-8.5095,157.2623,160.07,160.07,156.2,167.5,up,2026-08-21T13:18:28,0.0,0.0
SPXW,2026-12-18,119,Put,7450.0,SPXW261218P07450000,157.4,158.0,157.7,157.22,-11.08,-6.58348,20.0,739.0,0.1664,-0.3194,0.0005,15.6655,-1.0922,-8.5248,158.203,159.5,161.1,155.1,168.300003051758,up,2026-08-21T13:19:24,0.0,0.0
SPX,2026-12-18,119,Call,7460.0,SPX261218C07460000,451.7,453.3,452.5,555.83,0.0,0.0,0.0,3.0,0.1653,0.6766,0.0005,15.7253,-1.0914,15.5738,451.5038,0.0,0.0,0.0,440.800003051758,up,2026-08-13T09:46:14,0.0,0.0
SPX,2026-12-18,119,Put,7460.0,SPX261218P07460000,158.8,159.7,159.25,155.5,0.0,0.0,0.0,176.0,0.1652,-0.3234,0.0005,15.7253,-1.0914,-8.6284,159.5709,0.0,0.0,0.0,169.950004577637,up,2026-08-19T14:07:33,0.0,0.0
SPX,2026-12-18,119,Call,7470.0,SPX261218C07470000,444.2,445.7,444.95,549.6,0.0,0.0,0.0,48.0,0.1645,0.6721,0.0005,15.8114,-1.0926,15.4849,443.9998,0.0,0.0,0.0,433.450012207031,down,2026-08-13T11:27:46,0.0,0.0
SPX,2026-12-18,119,Put,7470.0,SPX261218P07470000,161.1,162.0,161.55,161.4,-10.95,-6.35335,2.0,48.0,0.1644,-0.3279,0.0005,15.8114,-1.0926,-8.7496,161.9225,161.4,161.4,161.4,172.349998474121,up,2026-08-21T12:09:44,0.0,0.0
SPX,2026-12-18,119,Call,7475.0,SPX261218C07475000,440.4,442.0,441.2,561.01,0.0,0.0,0.0,2631.0,0.1641,0.6698,0.0005,15.8542,-1.0932,15.4396,440.2643,0.0,0.0,0.0,429.75,up,2026-08-13T15:08:23,0.0,0.0
SPXW,2026-12-18,119,Call,7475.0,SPXW261218C07475000,441.5,442.1,441.8,445.5,14.8,3.43627,18.0,43.0,0.1645,0.6694,0.0005,15.8807,-1.0954,15.4244,441.2103,444.6,449.6,444.6,430.699996948242,down,2026-08-21T15:52:55,0.0,0.0
SPX,2026-12-18,119,Put,7475.0,SPX261218P07475000,162.4,163.2,162.8,162.1,-11.45,-6.59752,35.0,3354.0,0.1641,-0.3302,0.0005,15.8542,-1.0932,-8.8112,163.1148,162.1,162.2,162.1,173.549995422363,down,2026-08-21T13:19:24,0.0,0.0
SPXW,2026-12-18,119,Put,7475.0,SPXW261218P07475000,163.3,163.8,163.55,162.12,-12.23,-7.01463,17.0,168.0,0.1645,-0.3306,0.0005,15.8807,-1.0954,-8.8262,164.0758,163.52,164.2,162.12,174.350006103516,down,2026-08-21T15:36:58,0.0,0.0
SPX,2026-12-18,119,Call,7480.0,SPX261218C07480000,436.7,438.3,437.5,509.89,0.0,0.0,0.0,23.0,0.1637,0.6676,0.0005,15.8967,-1.0938,15.3936,436.54,0.0,0.0,0.0,425.949996948242,down,2026-08-12T12:06:01,0.0,0.0
SPX,2026-12-18,119,Put,7480.0,SPX261218P07480000,163.5,164.4,163.95,150.5,0.0,0.0,0.0,35.0,0.1637,-0.3325,0.0005,15.8967,-1.0938,-8.8733,164.3183,0.0,0.0,0.0,174.849998474121,no_change,2026-08-14T15:22:18,0.0,0.0
SPX,2026-12-18,119,Call,7490.0,SPX261218C07490000,429.3,430.9,430.1,506.97,0.0,0.0,0.0,40.0,0.163,0.6629,0.0005,15.9809,-1.0947,15.2999,429.1257,0.0,0.0,0.0,418.75,up,2026-08-17T13:48:58,0.0,0.0
SPX,2026-12-18,119,Put,7490.0,SPX261218P07490000,165.9,166.8,166.35000000000002,161.7,0.0,0.0,0.0,43.0,0.163,-0.3371,0.0005,15.9809,-1.0947,-8.9994,166.7595,0.0,0.0,0.0,177.349998474121,down,2026-08-19T15:51:31,0.0,0.0
SPX,2026-12-18,119,Call,7500.0,SPX261218C07500000,421.9,423.4,422.65,419.88,8.38,2.03645,39.0,27213.0,0.1621,0.6582,0.0005,16.0637,-1.0956,15.204,421.7578,423.9,426.83,419.88,411.5,down,2026-08-21T14:32:23,0.0,0.0
SPXW,2026-12-18,119,Call,7500.0,SPXW261218C07500000,423.0,423.6,423.3,430.8,18.5,4.48702,5.0,118.0,0.1626,0.6578,0.0005,16.0894,-1.0978,15.1892,422.7238,430.8,430.8,430.8,412.300003051758,down,2026-08-21T12:13:29,0.0,0.0
SPX,2026-12-18,119,Put,7500.0,SPX261218P07500000,168.5,169.3,168.9,168.29,-11.61,-6.45359,163.0,29227.0,0.1622,-0.3418,0.0005,16.0637,-1.0956,-9.1277,169.2472,171.7,172.97,165.66,179.900001525879,no_change,2026-08-21T15:55:21,0.0,0.0
SPXW,2026-12-18,119,Put,7500.0,SPXW261218P07500000,169.4,169.9,169.65,167.7,-13.05,-7.21992,5.0,749.0,0.1626,-0.3422,0.0005,16.0894,-1.0978,-9.1422,170.2282,167.7,167.7,167.7,180.75,no_change,2026-08-21T15:44:06,0.0,0.0
SPX,2026-12-18,119,Call,7510.0,SPX261218C07510000,414.6,416.1,415.35,488.6,0.0,0.0,0.0,11.0,0.1615,0.6535,0.0005,16.1449,-1.0963,15.1062,414.4374,0.0,0.0,0.0,404.150009155273,up,2026-08-12T15:50:03,0.0,0.0
SPX,2026-12-18,119,Put,7510.0,SPX261218P07510000,171.0,171.8,171.4,171.65,-10.9,-5.97096,40.0,38.0,0.1615,-0.3465,0.0005,16.1449,-1.0963,-9.2578,171.7824,171.65,171.65,171.65,182.549995422363,up,2026-08-21T13:55:35,0.0,0.0
SPX,2026-12-18,119,Call,7520.0,SPX261218C07520000,407.3,408.9,408.1,292.02,0.0,0.0,0.0,2.0,0.1607,0.6486,0.0005,16.2241,-1.0969,15.0068,407.1654,0.0,0.0,0.0,397.0,down,2026-07-29T09:45:13,0.0,0.0
SPX,2026-12-18,119,Put,7520.0,SPX261218P07520000,173.5,174.4,173.95,166.2,0.0,0.0,0.0,273.0,0.1607,-0.3514,0.0005,16.2241,-1.0969,-9.3896,174.3661,0.0,0.0,0.0,185.150001525879,up,2026-08-19T15:25:26,0.0,0.0
SPX,2026-12-18,119,Call,7525.0,SPX261218C07525000,403.6,405.2,404.4,404.98,11.58,2.94357,4.0,1960.0,0.1604,0.6462,0.0005,16.263,-1.0972,14.9566,403.5478,410.62,410.62,404.98,393.399993896484,down,2026-08-21T13:38:58,0.0,0.0
SPXW,2026-12-18,119,Call,7525.0,SPXW261218C07525000,404.7,405.4,405.04999999999995,412.0,17.65,4.47572,5.0,106.0,0.1608,0.6458,0.0005,16.2877,-1.0993,14.9427,404.5333,412.0,412.0,412.0,394.350006103516,down,2026-08-21T12:14:10,0.0,0.0
SPX,2026-12-18,119,Put,7525.0,SPX261218P07525000,174.9,175.7,175.3,174.57,-11.98,-6.42187,108.0,3749.0,0.1604,-0.3538,0.0005,16.263,-1.0972,-9.456,175.6763,179.23,179.23,174.03,186.549995422363,up,2026-08-21T15:52:50,0.0,0.0
SPXW,2026-12-18,119,Put,7525.0,SPXW261218P07525000,175.8,176.4,176.10000000000002,187.5,0.0,0.0,0.0,140.0,0.1608,-0.3542,0.0005,16.2877,-1.0993,-9.4697,176.6767,0.0,0.0,0.0,187.450004577637,up,2026-08-20T15:01:49,0.0,0.0
SPX,2026-12-18,119,Call,7530.0,SPX261218C07530000,400.0,401.6,400.8,400.3,0.0,0.0,0.0,45.0,0.1599,0.6438,0.0005,16.3013,-1.0974,14.9062,399.9427,0.0,0.0,0.0,389.849990844727,down,2026-08-20T13:57:46,0.0,0.0
SPX,2026-12-18,119,Put,7530.0,SPX261218P07530000,176.1,177.0,176.55,187.8,0.0,0.0,0.0,52.0,0.16,-0.3562,0.0005,16.3013,-1.0974,-9.5226,176.9989,0.0,0.0,0.0,188.0,down,2026-08-20T15:45:02,0.0,0.0
SPX,2026-12-18,119,Call,7540.0,SPX261218C07540000,392.9,394.0,393.45,399.67,16.92,4.42064,1.0,35.0,0.1592,0.6388,0.0005,16.3762,-1.0977,14.8046,392.7699,399.67,399.67,399.67,382.75,down,2026-08-21T12:38:16,0.0,0.0
SPX,2026-12-18,119,Put,7540.0,SPX261218P07540000,178.8,179.7,179.25,188.5,0.0,0.0,0.0,65.0,0.1593,-0.3612,0.0005,16.3762,-1.0977,-9.6566,179.6817,0.0,0.0,0.0,190.650001525879,down,2026-08-20T14:07:38,0.0,0.0
SPX,2026-12-18,119,Call,7550.0,SPX261218C07550000,385.7,386.8,386.25,487.4,0.0,0.0,0.0,10636.0,0.1585,0.6338,0.0005,16.449,-1.0978,14.702,385.6477,0.0,0.0,0.0,375.650009155273,up,2026-08-14T11:11:09,0.0,0.0
SPXW,2026-12-18,119,Call,7550.0,SPXW261218C07550000,386.8,387.4,387.1,425.0,0.0,0.0,0.0,122.0,0.1589,0.6334,0.0005,16.4729,-1.1,14.6891,386.6516,0.0,0.0,0.0,376.699996948242,down,2026-08-18T12:50:30,0.0,0.0
SPX,2026-12-18,119,Put,7550.0,SPX261218P07550000,181.6,182.5,182.05,192.2,0.0,0.0,0.0,11135.0,0.1586,-0.3662,0.0005,16.449,-1.0978,-9.7916,182.4152,0.0,0.0,0.0,193.400001525879,down,2026-08-20T15:50:00,0.0,0.0
SPXW,2026-12-18,119,Put,7550.0,SPXW261218P07550000,182.6,183.1,182.85,181.8,-12.55,-6.45743,13.0,303.0,0.159,-0.3666,0.0005,16.4729,-1.1,-9.8043,183.434,186.67,186.67,181.8,194.350006103516,down,2026-08-21T12:13:29,0.0,0.0
SPX,2026-12-18,119,Call,7560.0,SPX261218C07560000,378.6,379.7,379.15,465.1,0.0,0.0,0.0,22.0,0.1577,0.6287,0.0006,16.5196,-1.0978,14.5983,378.5769,0.0,0.0,0.0,368.700012207031,down,2026-08-17T10:03:07,0.0,0.0
SPX,2026-12-18,119,Put,7560.0,SPX261218P07560000,184.3,185.2,184.75,194.7,0.0,0.0,0.0,71.0,0.1578,-0.3713,0.0006,16.5196,-1.0978,-9.9276,185.2,0.0,0.0,0.0,196.349998474121,up,2026-08-20T14:29:42,0.0,0.0
SPX,2026-12-18,119,Call,7570.0,SPX261218C07570000,371.6,372.7,372.15,441.04,0.0,0.0,0.0,30.0,0.1571,0.6236,0.0006,16.5881,-1.0977,14.4934,371.5582,0.0,0.0,0.0,361.799987792969,up,2026-08-12T11:27:55,0.0,0.0
SPX,2026-12-18,119,Put,7570.0,SPX261218P07570000,187.1,188.1,187.6,198.7,0.0,0.0,0.0,48.0,0.1571,-0.3764,0.0006,16.5881,-1.0977,-10.0649,188.0369,0.0,0.0,0.0,199.300003051758,down,2026-08-20T15:43:15,0.0,0.0
SPX,2026-12-18,119,Call,7575.0,SPX261218C07575000,368.1,369.2,368.65,370.24,11.84,3.30357,3.0,3335.0,0.1567,0.621,0.0006,16.6216,-1.0975,14.4403,368.0687,370.24,370.24,370.24,358.399993896484,down,2026-08-21T13:45:38,0.0,0.0
SPXW,2026-12-18,119,Call,7575.0,SPXW261218C07575000,369.2,369.8,369.5,407.0,0.0,0.0,0.0,134.0,0.1571,0.6206,0.0006,16.6447,-1.0997,14.4284,369.0899,0.0,0.0,0.0,359.350006103516,no_change,2026-08-18T12:50:09,0.0,0.0
SPX,2026-12-18,119,Put,7575.0,SPX261218P07575000,188.6,189.5,189.05,191.89,-8.86,-4.41345,3.0,3685.0,0.1568,-0.379,0.0006,16.6216,-1.0975,-10.1342,189.4752,191.89,191.89,191.89,200.75,down,2026-08-21T09:30:54,0.0,0.0
SPXW,2026-12-18,119,Put,7575.0,SPXW261218P07575000,189.6,190.2,189.89999999999998,188.6,-13.05,-6.47161,13.0,140.0,0.1572,-0.3794,0.0006,16.6447,-1.0997,-10.1459,190.5113,188.8,188.8,188.6,201.649993896484,down,2026-08-21T12:13:57,0.0,0.0
SPX,2026-12-18,119,Call,7580.0,SPX261218C07580000,364.6,365.7,365.15,257.7,0.0,0.0,0.0,25.0,0.1564,0.6184,0.0006,16.6546,-1.0974,14.3867,364.5926,0.0,0.0,0.0,354.899993896484,up,2026-07-31T11:39:57,0.0,0.0
SPX,2026-12-18,119,Put,7580.0,SPX261218P07580000,190.0,191.0,190.5,201.7,0.0,0.0,0.0,117.0,0.1564,-0.3816,0.0006,16.6546,-1.0974,-10.204,190.9269,0.0,0.0,0.0,202.25,no_change,2026-08-20T15:43:33,0.0,0.0
SPX,2026-12-18,119,Call,7590.0,SPX261218C07590000,357.7,358.8,358.25,450.1,0.0,0.0,0.0,15.0,0.1556,0.6131,0.0006,16.7192,-1.0969,14.278,357.6811,0.0,0.0,0.0,348.050003051758,up,2026-08-14T15:23:55,0.0,0.0
SPX,2026-12-18,119,Put,7590.0,SPX261218P07590000,192.9,193.9,193.4,196.25,-9.15,-4.45472,3.0,38.0,0.1557,-0.3869,0.0006,16.7192,-1.0969,-10.3451,193.871,196.25,196.25,196.25,205.400001525879,down,2026-08-21T09:30:54,0.0,0.0
SPX,2026-12-18,119,Call,7600.0,SPX261218C07600000,350.9,351.9,351.4,354.53,13.18,3.86114,22.0,20459.0,0.1549,0.6078,0.0006,16.7817,-1.0963,14.1667,350.825,346.49,365.17,344.1,341.349990844727,down,2026-08-21T15:53:16,0.0,0.0
SPXW,2026-12-18,119,Call,7600.0,SPXW261218C07600000,352.0,352.6,352.3,351.2,8.9,2.60006,7.0,191.0,0.1554,0.6075,0.0006,16.804,-1.0984,14.1557,351.8623,359.8,359.8,351.2,342.300003051758,down,2026-08-21T14:18:39,0.0,0.0
SPX,2026-12-18,119,Put,7600.0,SPX261218P07600000,196.0,196.9,196.45,195.67,-12.63,-6.06337,172.0,16924.0,0.155,-0.3922,0.0006,16.7817,-1.0963,-10.4887,196.8705,200.27,202.93,191.92,208.300003051758,down,2026-08-21T15:53:16,0.0,0.0
SPXW,2026-12-18,119,Put,7600.0,SPXW261218P07600000,197.0,197.6,197.3,196.48,-12.77,-6.10275,10.0,210.0,0.1554,-0.3925,0.0006,16.804,-1.0984,-10.4995,197.9227,201.7,201.7,196.48,209.25,down,2026-08-21T13:15:21,0.0,0.0
SPX,2026-12-18,119,Call,7610.0,SPX261218C07610000,344.1,345.1,344.6,435.5,0.0,0.0,0.0,58.0,0.1543,0.6024,0.0006,16.8422,-1.0955,14.0528,344.0257,0.0,0.0,0.0,334.600006103516,up,2026-08-14T15:23:57,0.0,0.0
SPX,2026-12-18,119,Put,7610.0,SPX261218P07610000,199.0,200.0,199.5,209.2,0.0,0.0,0.0,61.0,0.1543,-0.3976,0.0006,16.8422,-1.0955,-10.635,199.9267,0.0,0.0,0.0,211.549995422363,up,2026-08-20T14:09:30,0.0,0.0
SPX,2026-12-18,119,Call,7620.0,SPX261218C07620000,337.3,338.4,337.85,354.26,26.26,8.0061,1.0,18.0,0.1535,0.5969,0.0006,16.9004,-1.0945,13.9362,337.2845,354.26,354.26,354.26,328.0,down,2026-08-21T11:52:58,0.0,0.0
SPX,2026-12-18,119,Put,7620.0,SPX261218P07620000,202.2,203.1,202.64999999999998,203.1,-11.65,-5.42491,12.0,40.0,0.1536,-0.4031,0.0006,16.9004,-1.0945,-10.784,203.0411,203.1,203.1,203.1,214.75,down,2026-08-21T14:01:59,0.0,0.0
SPX,2026-12-18,119,Call,7625.0,SPX261218C07625000,334.0,335.1,334.55,339.58,14.88,4.58269,274.0,2777.0,0.1532,0.5942,0.0006,16.9285,-1.094,13.8769,333.9361,339.58,339.58,339.58,324.700012207031,no_change,2026-08-21T13:07:20,0.0,0.0
SPXW,2026-12-18,119,Call,7625.0,SPXW261218C07625000,335.1,335.7,335.4,386.8,0.0,0.0,0.0,94.0,0.1536,0.5939,0.0006,16.9502,-1.0961,13.8669,334.9881,0.0,0.0,0.0,325.699996948242,up,2026-08-19T11:19:19,0.0,0.0
SPX,2026-12-18,119,Put,7625.0,SPX261218P07625000,203.6,204.7,204.14999999999998,202.1,-14.25,-6.58655,50.0,883.0,0.1533,-0.4058,0.0006,16.9285,-1.094,-10.8595,204.6206,202.07,202.1,202.07,216.349998474121,up,2026-08-21T12:21:21,0.0,0.0
SPXW,2026-12-18,119,Put,7625.0,SPXW261218P07625000,204.8,205.3,205.05,201.85,-15.4,-7.08861,1.0,75.0,0.1537,-0.4061,0.0006,16.9502,-1.0961,-10.8693,205.6876,201.85,201.85,201.85,217.25,down,2026-08-21T11:36:48,0.0,0.0
SPX,2026-12-18,119,Call,7630.0,SPX261218C07630000,330.6,331.7,331.15,399.6,0.0,0.0,0.0,16.0,0.1529,0.5914,0.0006,16.9561,-1.0934,13.817,330.6028,0.0,0.0,0.0,321.349990844727,no_change,2026-08-17T15:41:29,0.0,0.0
SPX,2026-12-18,119,Put,7630.0,SPX261218P07630000,205.3,206.3,205.8,215.6,0.0,0.0,0.0,3.0,0.153,-0.4086,0.0006,16.9561,-1.0934,-10.9355,206.2151,0.0,0.0,0.0,218.0,up,2026-08-20T14:09:30,0.0,0.0
SPX,2026-12-18,119,Call,7640.0,SPX261218C07640000,324.0,325.1,324.55,414.5,0.0,0.0,0.0,92.0,0.1521,0.5858,0.0006,17.009,-1.092,13.6958,323.982,0.0,0.0,0.0,314.800003051758,up,2026-08-14T15:23:59,0.0,0.0
SPX,2026-12-18,119,Put,7640.0,SPX261218P07640000,208.5,209.5,209.0,219.9,0.0,0.0,0.0,86.0,0.1523,-0.4142,0.0006,17.009,-1.092,-11.0891,209.4498,0.0,0.0,0.0,221.349998474121,up,2026-08-20T14:31:52,0.0,0.0
SPX,2026-12-18,119,Call,7650.0,SPX261218C07650000,317.4,318.5,317.95,317.99,9.59,3.1096,1.0,5805.0,0.1515,0.5802,0.0006,17.059,-1.0905,13.5728,317.423,317.99,317.99,317.99,308.399993896484,down,2026-08-21T13:58:37,0.0,0.0
SPXW,2026-12-18,119,Call,7650.0,SPXW261218C07650000,318.6,319.2,318.9,326.2,16.9,5.46395,12.0,55.0,0.1519,0.58,0.0006,17.08,-1.0927,13.5641,318.4882,324.9,326.2,324.9,309.300003051758,up,2026-08-21T12:16:36,0.0,0.0
SPX,2026-12-18,119,Put,7650.0,SPX261218P07650000,211.9,212.8,212.35000000000002,212.43,-12.22,-5.43957,3.0,6345.0,0.1516,-0.4198,0.0006,17.059,-1.0905,-11.2445,212.7464,209.6,212.43,209.6,224.650001525879,up,2026-08-21T13:58:37,0.0,0.0
SPXW,2026-12-18,119,Put,7650.0,SPXW261218P07650000,213.0,213.5,213.25,213.1,-12.55,-5.56171,24.0,58.0,0.1521,-0.42,0.0006,17.08,-1.0927,-11.253,213.8266,211.8,214.31,211.8,225.649993896484,no_change,2026-08-21T16:14:47,0.0,0.0
SPX,2026-12-18,119,Call,7660.0,SPX261218C07660000,310.9,312.0,311.45,386.85,0.0,0.0,0.0,36.0,0.1509,0.5745,0.0006,17.1058,-1.0888,13.4488,310.9268,0.0,0.0,0.0,302.0,down,2026-08-12T14:54:20,0.0,0.0
SPX,2026-12-18,119,Put,7660.0,SPX261218P07660000,215.1,216.2,215.64999999999998,223.4,0.0,0.0,0.0,73.0,0.151,-0.4255,0.0006,17.1058,-1.0888,-11.4008,216.1059,0.0,0.0,0.0,228.150001525879,up,2026-08-20T13:38:09,0.0,0.0
SPX,2026-12-18,119,Call,7670.0,SPX261218C07670000,304.5,305.6,305.05,320.88,25.28,8.5521,2.0,31.0,0.1501,0.5687,0.0006,17.1494,-1.087,13.3241,304.4942,305.47,320.88,305.47,295.600006103516,up,2026-08-21T11:52:58,0.0,0.0
SPX,2026-12-18,119,Put,7670.0,SPX261218P07670000,218.6,219.6,219.1,217.12,-14.58,-6.29262,4.0,30.0,0.1503,-0.4313,0.0006,17.1494,-1.087,-11.558,219.5289,223.8,223.8,217.12,231.699996948242,down,2026-08-21T15:00:30,0.0,0.0
SPX,2026-12-18,119,Call,7675.0,SPX261218C07675000,301.3,302.4,301.85,290.0,0.0,0.0,0.0,5459.0,0.1498,0.5658,0.0006,17.1699,-1.0859,13.2614,301.302,0.0,0.0,0.0,292.449996948242,no_change,2026-08-20T16:12:09,0.0,0.0
SPXW,2026-12-18,119,Call,7675.0,SPXW261218C07675000,302.4,303.0,302.7,305.99,12.49,4.25554,17.0,52.0,0.1503,0.5657,0.0006,17.1903,-1.0881,13.2542,302.3784,309.6,309.6,305.99,293.5,down,2026-08-21T15:24:22,0.0,0.0
SPX,2026-12-18,119,Put,7675.0,SPX261218P07675000,220.4,221.3,220.85000000000002,235.31,0.0,0.0,0.0,2651.0,0.15,-0.4342,0.0006,17.1699,-1.0859,-11.6368,221.2644,0.0,0.0,0.0,233.5,no_change,2026-08-20T16:12:09,0.0,0.0
SPXW,2026-12-18,119,Put,7675.0,SPXW261218P07675000,221.5,222.0,221.75,220.46,-14.09,-6.00725,11.0,300.0,0.1504,-0.4343,0.0006,17.1903,-1.0881,-11.6439,222.3558,218.15,220.46,218.15,234.550003051758,up,2026-08-21T15:24:22,0.0,0.0
SPX,2026-12-18,119,Call,7680.0,SPX261218C07680000,298.1,299.2,298.65,302.98,13.63,4.71056,5.0,44.0,0.1496,0.5629,0.0006,17.1896,-1.0849,13.1987,298.1259,302.96,302.98,302.96,289.349990844727,no_change,2026-08-21T15:30:25,0.0,0.0
SPX,2026-12-18,119,Put,7680.0,SPX261218P07680000,222.0,223.1,222.55,224.2,0.0,0.0,0.0,78.0,0.1496,-0.4371,0.0006,17.1896,-1.0849,-11.7158,223.0161,0.0,0.0,0.0,235.25,up,2026-08-20T13:05:44,0.0,0.0
SPX,2026-12-18,119,Call,7690.0,SPX261218C07690000,291.8,292.9,292.35,297.5,14.35,5.06798,1.0,101.0,0.1489,0.557,0.0006,17.2264,-1.0826,13.0725,291.8225,297.5,297.5,297.5,283.150009155273,down,2026-08-21T15:00:30,0.0,0.0
SPX,2026-12-18,119,Put,7690.0,SPX261218P07690000,225.6,226.6,226.1,241.4,0.0,0.0,0.0,62.0,0.149,-0.443,0.0006,17.2264,-1.0826,-11.8743,226.5683,0.0,0.0,0.0,239.050003051758,no_change,2026-08-20T15:56:38,0.0,0.0
SPX,2026-12-18,119,Call,7700.0,SPX261218C07700000,285.6,286.7,286.15,285.57,8.52,3.07526,515.0,16473.0,0.1482,0.5511,0.0006,17.26,-1.0802,12.9452,285.5849,286.0,287.04,282.0,277.050003051758,down,2026-08-21T14:45:08,0.0,0.0
SPXW,2026-12-18,119,Call,7700.0,SPXW261218C07700000,286.7,287.3,287.0,287.1,9.0,3.23625,7.0,113.0,0.1487,0.551,0.0006,17.28,-1.0823,12.9394,286.6703,287.1,287.1,287.1,278.099990844727,up,2026-08-21T16:14:47,0.0,0.0
SPX,2026-12-18,119,Put,7700.0,SPX261218P07700000,229.3,230.3,229.8,230.18,-12.52,-5.15863,938.0,9935.0,0.1483,-0.4489,0.0006,17.26,-1.0802,-12.034,230.1863,232.0,235.2,224.05,242.699996948242,up,2026-08-21T16:13:22,0.0,0.0
SPXW,2026-12-18,119,Put,7700.0,SPXW261218P07700000,230.5,230.9,230.7,230.6,-12.95,-5.31718,10.0,197.0,0.1488,-0.449,0.0006,17.28,-1.0823,-12.0396,231.2867,228.61,230.6,228.61,243.550003051758,up,2026-08-21T16:14:47,0.0,0.0
SPX,2026-12-18,119,Call,7710.0,SPX261218C07710000,279.4,280.5,279.95,313.05,0.0,0.0,0.0,27.0,0.1476,0.5451,0.0006,17.2902,-1.0775,12.8162,279.4141,0.0,0.0,0.0,270.949996948242,up,2026-08-18T13:08:27,0.0,0.0
SPX,2026-12-18,119,Put,7710.0,SPX261218P07710000,232.9,234.0,233.45,246.6,0.0,0.0,0.0,33.0,0.1477,-0.4549,0.0006,17.2902,-1.0775,-12.1954,233.8711,0.0,0.0,0.0,246.450004577637,up,2026-08-20T15:44:38,0.0,0.0
SPX,2026-12-18,119,Call,7720.0,SPX261218C07720000,273.3,274.4,273.85,358.95,0.0,0.0,0.0,25.0,0.1469,0.539,0.0006,17.3169,-1.0747,12.6849,273.3113,0.0,0.0,0.0,264.949996948242,down,2026-08-14T16:14:35,0.0,0.0
SPX,2026-12-18,119,Put,7720.0,SPX261218P07720000,236.7,237.7,237.2,235.11,-15.14,-6.04995,2.0,58.0,0.1471,-0.461,0.0006,17.3169,-1.0747,-12.359,237.6239,235.11,235.11,235.11,250.25,down,2026-08-21T15:00:08,0.0,0.0
SPX,2026-12-18,119,Call,7725.0,SPX261218C07725000,270.4,271.4,270.9,304.29,0.0,0.0,0.0,2319.0,0.1466,0.536,0.0006,17.329,-1.0731,12.6184,270.2858,0.0,0.0,0.0,261.949996948242,down,2026-08-19T14:13:14,0.0,0.0
SPXW,2026-12-18,119,Call,7725.0,SPXW261218C07725000,271.4,272.0,271.7,279.5,16.45,6.25357,6.0,108.0,0.1471,0.536,0.0006,17.3488,-1.0753,12.6141,271.3778,270.7,279.5,270.7,263.049987792969,up,2026-08-21T11:36:48,0.0,0.0
SPX,2026-12-18,119,Put,7725.0,SPX261218P07725000,238.7,239.6,239.14999999999998,238.4,-13.95,-5.52804,77.0,836.0,0.1468,-0.464,0.0006,17.329,-1.0731,-12.4418,239.5263,243.37,243.58,238.4,252.350006103516,down,2026-08-21T11:12:10,0.0,0.0
SPXW,2026-12-18,119,Put,7725.0,SPXW261218P07725000,239.8,240.3,240.05,238.0,-15.15,-5.98459,10.0,112.0,0.1472,-0.464,0.0006,17.3488,-1.0753,-12.4458,240.6333,238.3,238.3,238.0,253.149993896484,down,2026-08-21T12:13:36,0.0,0.0
SPX,2026-12-18,119,Call,7730.0,SPX261218C07730000,267.3,268.4,267.85,297.3,0.0,0.0,0.0,13.0,0.1464,0.533,0.0006,17.3402,-1.0716,12.5511,267.2779,0.0,0.0,0.0,259.100006103516,up,2026-08-18T13:55:07,0.0,0.0
SPX,2026-12-18,119,Put,7730.0,SPX261218P07730000,240.5,241.5,241.0,243.5,0.0,0.0,0.0,11.0,0.1465,-0.4671,0.0006,17.3402,-1.0716,-12.5252,241.4461,0.0,0.0,0.0,254.25,up,2026-08-20T13:11:27,0.0,0.0
SPX,2026-12-18,119,Call,7740.0,SPX261218C07740000,261.3,262.4,261.85,258.0,0.0,0.0,0.0,104.0,0.1458,0.5268,0.0006,17.3598,-1.0683,12.4145,261.3154,0.0,0.0,0.0,253.150001525879,down,2026-08-20T14:04:16,0.0,0.0
SPX,2026-12-18,119,Put,7740.0,SPX261218P07740000,244.4,245.4,244.9,258.2,0.0,0.0,0.0,42.0,0.1459,-0.4732,0.0006,17.3598,-1.0683,-12.6941,245.3392,0.0,0.0,0.0,258.199996948242,up,2026-08-20T15:47:08,0.0,0.0
SPX,2026-12-18,119,Call,7750.0,SPX261218C07750000,255.5,256.5,256.0,259.4,12.05,4.87164,131.0,7444.0,0.1451,0.5206,0.0006,17.3756,-1.0649,12.2755,255.4253,262.22,262.22,256.03,247.349998474121,up,2026-08-21T15:06:36,0.0,0.0
SPXW,2026-12-18,119,Call,7750.0,SPXW261218C07750000,256.6,257.2,256.9,256.17,7.72,3.10727,1.0,374.0,0.1456,0.5207,0.0006,17.3952,-1.0671,12.2728,256.5214,256.17,256.17,256.17,248.449996948242,up,2026-08-21T14:46:09,0.0,0.0
SPX,2026-12-18,119,Put,7750.0,SPX261218P07750000,248.5,249.4,248.95,247.75,-14.5,-5.52908,447.0,4065.0,0.1452,-0.4794,0.0006,17.3756,-1.0649,-12.8656,249.3047,251.8,251.8,246.58,262.25,down,2026-08-21T15:06:36,0.0,0.0
SPXW,2026-12-18,119,Put,7750.0,SPXW261218P07750000,249.6,250.1,249.85,251.13,-12.12,-4.60399,1.0,100.0,0.1457,-0.4794,0.0006,17.3952,-1.0671,-12.868,250.4158,251.13,251.13,251.13,263.25,up,2026-08-21T14:11:28,0.0,0.0
SPX,2026-12-18,119,Call,7760.0,SPX261218C07760000,249.7,250.7,250.2,252.9,11.25,4.65549,10.0,59.0,0.1445,0.5144,0.0006,17.3874,-1.0612,12.1345,249.6088,252.9,252.9,252.9,241.650001525879,down,2026-08-21T15:13:24,0.0,0.0
SPX,2026-12-18,119,Put,7760.0,SPX261218P07760000,252.4,253.5,252.95,253.3,0.0,0.0,0.0,30.0,0.1447,-0.4856,0.0006,17.3874,-1.0612,-13.0389,253.3438,0.0,0.0,0.0,266.449996948242,no_change,2026-08-20T12:38:10,0.0,0.0
SPX,2026-12-18,119,Call,7770.0,SPX261218C07770000,243.9,245.0,244.45,244.82,8.82,3.73729,1.0,62.0,0.1439,0.5081,0.0006,17.3951,-1.0573,11.9922,243.8669,244.82,244.82,244.82,236.0,down,2026-08-21T11:25:21,0.0,0.0
SPX,2026-12-18,119,Put,7770.0,SPX261218P07770000,256.6,257.6,257.1,257.77,-12.88,-4.75891,1.0,172.0,0.1441,-0.4919,0.0006,17.3951,-1.0573,-13.2136,257.4575,257.77,257.77,257.77,270.649993896484,up,2026-08-21T11:25:21,0.0,0.0
SPX,2026-12-18,119,Call,7775.0,SPX261218C07775000,241.1,242.1,241.6,231.32,0.0,0.0,0.0,1569.0,0.1436,0.5049,0.0006,17.3975,-1.0553,11.9208,241.0242,0.0,0.0,0.0,233.25,no_change,2026-08-20T16:12:09,0.0,0.0
SPXW,2026-12-18,119,Call,7775.0,SPXW261218C07775000,242.2,242.8,242.5,249.9,15.65,6.6809,1.0,120.0,0.1441,0.505,0.0006,17.4172,-1.0575,11.9199,242.1216,249.9,249.9,249.9,234.25,down,2026-08-21T11:36:48,0.0,0.0
SPX,2026-12-18,119,Put,7775.0,SPX261218P07775000,258.6,259.7,259.15,275.0,0.0,0.0,0.0,668.0,0.1438,-0.4951,0.0006,17.3975,-1.0553,-13.3011,259.5426,0.0,0.0,0.0,272.75,no_change,2026-08-20T16:12:09,0.0,0.0
SPXW,2026-12-18,119,Put,7775.0,SPXW261218P07775000,259.9,260.4,260.15,260.0,-13.7,-5.00548,18.0,92.0,0.1442,-0.495,0.0006,17.4172,-1.0575,-13.3019,260.655,257.88,260.0,257.88,273.699996948242,up,2026-08-21T16:14:47,0.0,0.0
SPX,2026-12-18,119,Call,7780.0,SPX261218C07780000,238.2,239.3,238.75,229.85,0.0,0.0,0.0,343.0,0.1434,0.5017,0.0006,17.3988,-1.0532,11.8494,238.2003,0.0,0.0,0.0,230.449996948242,down,2026-08-20T15:47:37,0.0,0.0
SPX,2026-12-18,119,Put,7780.0,SPX261218P07780000,260.7,261.8,261.25,265.55,0.0,0.0,0.0,110.0,0.1435,-0.4983,0.0006,17.3988,-1.0532,-13.3888,261.6466,0.0,0.0,0.0,274.949996948242,up,2026-08-20T11:41:37,0.0,0.0
SPX,2026-12-18,119,Call,7790.0,SPX261218C07790000,232.7,233.7,233.2,264.08,0.0,0.0,0.0,25.0,0.1428,0.4954,0.0006,17.3984,-1.0488,11.7065,232.6096,0.0,0.0,0.0,224.949996948242,down,2026-08-19T09:49:13,0.0,0.0
SPX,2026-12-18,119,Put,7790.0,SPX261218P07790000,265.0,266.1,265.55,278.1,0.0,0.0,0.0,69.0,0.143,-0.5046,0.0006,17.3984,-1.0488,-13.564,265.9115,0.0,0.0,0.0,279.350006103516,up,2026-08-20T15:36:34,0.0,0.0
SPX,2026-12-18,119,Call,7800.0,SPX261218C07800000,227.2,228.2,227.7,231.53,11.98,5.45661,664.0,24062.0,0.1422,0.489,0.0006,17.3938,-1.0443,11.5636,227.0951,224.19,238.03,223.48,219.550003051758,up,2026-08-21T15:38:26,0.0,0.0
SPXW,2026-12-18,119,Call,7800.0,SPXW261218C07800000,228.3,228.9,228.60000000000002,232.0,11.3,5.12007,4.0,135.0,0.1427,0.4891,0.0006,17.4138,-1.0466,11.5644,228.191,232.0,232.0,232.0,220.699996948242,up,2026-08-21T15:42:45,0.0,0.0
SPX,2026-12-18,119,Put,7800.0,SPX261218P07800000,269.4,270.4,269.9,266.53,-17.17,-6.05217,861.0,9463.0,0.1424,-0.5111,0.0006,17.3938,-1.0443,-13.7393,270.2525,275.86,276.02,266.53,283.699996948242,down,2026-08-21T15:38:26,0.0,0.0
SPXW,2026-12-18,119,Put,7800.0,SPXW261218P07800000,270.5,271.1,270.8,268.84,-15.91,-5.58736,20.0,94.0,0.1428,-0.5109,0.0006,17.4138,-1.0466,-13.7383,271.3634,265.8,268.84,265.8,284.75,up,2026-08-21T15:34:06,0.0,0.0
SPX,2026-12-18,119,Call,7810.0,SPX261218C07810000,221.7,222.8,222.25,237.91,0.0,0.0,0.0,70.0,0.1416,0.4825,0.0006,17.3851,-1.0396,11.4204,221.6572,0.0,0.0,0.0,214.25,down,2026-08-20T11:01:09,0.0,0.0
SPX,2026-12-18,119,Put,7810.0,SPX261218P07810000,273.8,274.9,274.35,279.22,-9.03,-3.1327,4.0,102.0,0.1418,-0.5175,0.0006,17.3851,-1.0396,-13.9149,274.6702,279.22,279.22,279.22,288.25,up,2026-08-21T10:00:57,0.0,0.0
SPX,2026-12-18,119,Call,7820.0,SPX261218C07820000,216.4,217.4,216.9,209.8,0.0,0.0,0.0,55.0,0.1411,0.476,0.0006,17.3721,-1.0346,11.2765,216.2965,0.0,0.0,0.0,209.0,up,2026-08-20T15:52:37,0.0,0.0
SPX,2026-12-18,119,Put,7820.0,SPX261218P07820000,278.3,279.4,278.85,258.2,0.0,0.0,0.0,62.0,0.1413,-0.524,0.0006,17.3721,-1.0346,-14.0912,279.1651,0.0,0.0,0.0,292.850006103516,up,2026-08-17T15:49:48,0.0,0.0
SPX,2026-12-18,119,Call,7825.0,SPX261218C07825000,213.8,214.8,214.3,215.44,9.09,4.40514,3.0,3901.0,0.1408,0.4728,0.0006,17.3639,-1.0321,11.204,213.6453,215.44,215.44,215.44,206.349998474121,down,2026-08-21T13:47:27,0.0,0.0
SPXW,2026-12-18,119,Call,7825.0,SPXW261218C07825000,214.8,215.4,215.10000000000002,275.8,0.0,0.0,0.0,120.0,0.1413,0.473,0.0006,17.3843,-1.0344,11.2066,214.7365,0.0,0.0,0.0,207.449996948242,down,2026-08-17T15:29:29,0.0,0.0
SPX,2026-12-18,119,Put,7825.0,SPX261218P07825000,280.6,281.6,281.1,280.52,0.0,0.0,0.0,452.0,0.141,-0.5273,0.0006,17.3639,-1.0321,-14.1799,281.4417,0.0,0.0,0.0,295.199996948242,down,2026-08-20T12:40:01,0.0,0.0
SPXW,2026-12-18,119,Put,7825.0,SPXW261218P07825000,281.8,282.3,282.05,250.0,0.0,0.0,0.0,66.0,0.1415,-0.527,0.0006,17.3843,-1.0344,-14.1771,282.5479,0.0,0.0,0.0,296.099990844727,down,2026-08-17T11:20:11,0.0,0.0
SPX,2026-12-18,119,Call,7830.0,SPX261218C07830000,211.1,212.1,211.6,242.12,0.0,0.0,0.0,57.0,0.1406,0.4695,0.0006,17.3546,-1.0295,11.131,211.0137,0.0,0.0,0.0,203.800003051758,no_change,2026-08-18T11:49:09,0.0,0.0
SPX,2026-12-18,119,Put,7830.0,SPX261218P07830000,282.9,283.9,283.4,263.0,0.0,0.0,0.0,52.0,0.1408,-0.5305,0.0006,17.3546,-1.0295,-14.269,283.7379,0.0,0.0,0.0,297.550003051758,down,2026-08-19T11:08:29,0.0,0.0
SPX,2026-12-18,119,Call,7840.0,SPX261218C07840000,205.9,206.9,206.4,196.55,0.0,0.0,0.0,90.0,0.14,0.463,0.0006,17.3325,-1.0241,10.9835,205.8099,0.0,0.0,0.0,198.650001525879,down,2026-08-20T16:09:31,0.0,0.0
SPX,2026-12-18,119,Put,7840.0,SPX261218P07840000,287.6,288.6,288.1,268.2,0.0,0.0,0.0,88.0,0.1402,-0.5371,0.0006,17.3325,-1.0241,-14.449,288.3897,0.0,0.0,0.0,302.25,up,2026-08-17T15:53:03,0.0,0.0
SPX,2026-12-18,119,Call,7850.0,SPX261218C07850000,200.8,201.8,201.3,201.83,8.23,4.25103,9.0,6516.0,0.1394,0.4564,0.0006,17.3056,-1.0185,10.8336,200.6861,202.49,202.49,197.18,193.599998474121,up,2026-08-21T13:40:18,0.0,0.0
SPXW,2026-12-18,119,Call,7850.0,SPXW261218C07850000,201.9,202.5,202.2,203.0,8.35,4.28975,2.0,127.0,0.14,0.4567,0.0006,17.3267,-1.0209,10.8382,201.7695,203.0,203.0,203.0,194.649993896484,no_change,2026-08-21T13:49:58,0.0,0.0
SPX,2026-12-18,119,Put,7850.0,SPX261218P07850000,292.3,293.3,292.8,297.18,-9.92,-3.23022,2.0,2353.0,0.1397,-0.5436,0.0006,17.3056,-1.0185,-14.6311,293.1215,297.18,297.18,297.18,307.099990844727,up,2026-08-21T10:24:36,0.0,0.0
SPXW,2026-12-18,119,Put,7850.0,SPXW261218P07850000,293.4,294.0,293.7,293.89,-14.16,-4.59665,10.0,56.0,0.1401,-0.5433,0.0006,17.3267,-1.0209,-14.6263,294.2199,294.2,294.4,293.89,308.049987792969,down,2026-08-21T11:20:35,0.0,0.0
SPX,2026-12-18,119,Call,7860.0,SPX261218C07860000,195.7,196.7,196.2,192.18,3.43,1.81722,2.0,269.0,0.139,0.4498,0.0006,17.2737,-1.0127,10.6817,195.6436,192.18,192.18,192.18,188.75,down,2026-08-21T09:53:14,0.0,0.0
SPX,2026-12-18,119,Put,7860.0,SPX261218P07860000,297.1,298.2,297.65,298.6,0.0,0.0,0.0,367.0,0.1392,-0.5502,0.0006,17.2737,-1.0127,-14.8155,297.9346,0.0,0.0,0.0,312.050003051758,no_change,2026-08-20T10:10:54,0.0,0.0
SPX,2026-12-18,119,Call,7870.0,SPX261218C07870000,190.8,191.8,191.3,220.42,0.0,0.0,0.0,65.0,0.1384,0.4432,0.0006,17.2369,-1.0067,10.5284,190.6831,0.0,0.0,0.0,183.849998474121,up,2026-08-19T15:32:39,0.0,0.0
SPX,2026-12-18,119,Put,7870.0,SPX261218P07870000,302.1,303.1,302.6,303.93,-13.12,-4.13815,180.0,218.0,0.1387,-0.5569,0.0006,17.2369,-1.0067,-15.0012,302.8297,305.68,305.68,293.2,317.050003051758,no_change,2026-08-21T14:46:44,0.0,0.0
SPX,2026-12-18,119,Call,7875.0,SPX261218C07875000,188.4,189.3,188.85000000000002,194.18,12.73,7.01571,1.0,1493.0,0.1382,0.4398,0.0006,17.2167,-1.0036,10.4513,188.2337,194.18,194.18,194.18,181.449996948242,down,2026-08-21T12:58:59,0.0,0.0
SPXW,2026-12-18,119,Call,7875.0,SPXW261218C07875000,189.4,190.0,189.7,188.94,6.49,3.55714,10.0,126.0,0.1387,0.4402,0.0006,17.2388,-1.006,10.4578,189.3059,187.9,189.08,186.15,182.449996948242,up,2026-08-21T14:41:36,0.0,0.0
SPX,2026-12-18,119,Put,7875.0,SPX261218P07875000,304.5,305.5,305.0,302.34,-17.21,-5.3857,1.0,544.0,0.1385,-0.5602,0.0006,17.2167,-1.0036,-15.0944,305.3081,302.34,302.34,302.34,319.550003051758,up,2026-08-21T15:08:14,0.0,0.0
SPXW,2026-12-18,119,Put,7875.0,SPXW261218P07875000,305.6,306.2,305.9,318.8,0.0,0.0,0.0,115.0,0.1389,-0.5598,0.0006,17.2388,-1.006,-15.0877,306.3953,0.0,0.0,0.0,320.450012207031,up,2026-08-20T14:11:10,0.0,0.0
SPX,2026-12-18,119,Call,7880.0,SPX261218C07880000,185.9,186.9,186.4,223.06,0.0,0.0,0.0,40.0,0.138,0.4365,0.0006,17.1954,-1.0004,10.3742,185.8051,0.0,0.0,0.0,179.050003051758,down,2026-08-19T11:37:48,0.0,0.0
SPX,2026-12-18,119,Put,7880.0,SPX261218P07880000,307.0,308.0,307.5,303.21,0.0,0.0,0.0,36.0,0.1382,-0.5635,0.0006,17.1954,-1.0004,-15.1877,307.8073,0.0,0.0,0.0,322.100006103516,up,2026-08-18T15:33:47,0.0,0.0
SPX,2026-12-18,119,Call,7890.0,SPX261218C07890000,181.1,182.1,181.6,172.4,0.0,0.0,0.0,90.0,0.1375,0.4299,0.0006,17.1493,-0.994,10.2204,181.0099,0.0,0.0,0.0,174.349998474121,up,2026-08-20T15:59:00,0.0,0.0
SPX,2026-12-18,119,Put,7890.0,SPX261218P07890000,312.1,313.1,312.6,309.55,0.0,0.0,0.0,17.0,0.1377,-0.5702,0.0006,17.1493,-0.994,-15.3739,312.8677,0.0,0.0,0.0,327.25,up,2026-08-18T15:16:04,0.0,0.0
SPX,2026-12-18,119,Call,7900.0,SPX261218C07900000,176.4,177.3,176.85000000000002,179.29,9.59,5.65115,58.0,23497.0,0.137,0.4232,0.0006,17.0989,-0.9874,10.0674,176.2971,173.26,187.04,173.26,169.700004577637,no_change,2026-08-21T15:57:49,0.0,0.0
SPXW,2026-12-18,119,Call,7900.0,SPXW261218C07900000,177.5,178.0,177.75,180.28,9.63,5.64313,4.0,172.0,0.1375,0.4237,0.0006,17.122,-0.9898,10.0756,177.355,180.18,180.28,180.18,170.649993896484,up,2026-08-21T15:36:58,0.0,0.0
SPX,2026-12-18,119,Put,7900.0,SPX261218P07900000,317.3,318.2,317.75,314.61,-17.79,-5.35199,41.0,8050.0,0.1372,-0.5768,0.0006,17.0989,-0.9874,-15.5593,318.0105,324.71,324.71,314.61,332.400009155273,no_change,2026-08-21T15:57:49,0.0,0.0
SPXW,2026-12-18,119,Put,7900.0,SPXW261218P07900000,318.3,318.9,318.6,315.64,-17.86,-5.35532,2.0,135.0,0.1377,-0.5763,0.0006,17.122,-0.9898,-15.5508,319.0834,315.64,315.64,315.64,333.5,down,2026-08-21T15:36:58,0.0,0.0
SPX,2026-12-18,119,Call,7910.0,SPX261218C07910000,171.7,172.7,172.2,173.2,8.05,4.87436,6.0,550.0,0.1365,0.4165,0.0006,17.0443,-0.9805,9.9152,171.6665,168.61,173.2,168.61,165.150001525879,up,2026-08-21T14:03:23,0.0,0.0
SPX,2026-12-18,119,Put,7910.0,SPX261218P07910000,322.4,323.5,322.95,324.68,0.0,0.0,0.0,16.0,0.1368,-0.5835,0.0006,17.0443,-0.9805,-15.7438,323.2355,0.0,0.0,0.0,337.75,up,2026-08-20T11:35:47,0.0,0.0
SPX,2026-12-18,119,Call,7920.0,SPX261218C07920000,167.2,168.1,167.64999999999998,170.0,9.3,5.78718,1.0,101.0,0.136,0.4098,0.0006,16.9854,-0.9735,9.7636,167.1177,170.0,170.0,170.0,160.700004577637,down,2026-08-21T15:33:50,0.0,0.0
SPX,2026-12-18,119,Put,7920.0,SPX261218P07920000,327.7,328.8,328.25,341.8,0.0,0.0,0.0,77.0,0.1363,-0.5902,0.0006,16.9854,-0.9735,-15.9278,328.5423,0.0,0.0,0.0,343.149993896484,up,2026-08-20T14:47:00,0.0,0.0
SPX,2026-12-18,119,Call,7925.0,SPX261218C07925000,164.9,165.9,165.4,164.66,6.16,3.88644,1.0,1021.0,0.1358,0.4065,0.0006,16.9543,-0.9699,9.6878,164.8739,164.66,164.66,164.66,158.5,down,2026-08-21T14:09:58,0.0,0.0
SPXW,2026-12-18,119,Call,7925.0,SPXW261218C07925000,166.0,166.6,166.3,168.5,9.0,5.64263,47.0,80.0,0.1364,0.4071,0.0006,16.9787,-0.9724,9.6977,165.9146,167.0,178.6,167.0,159.5,down,2026-08-21T15:34:22,0.0,0.0
SPX,2026-12-18,119,Put,7925.0,SPX261218P07925000,330.4,331.4,330.9,334.67,-11.23,-3.2466,3.0,44.0,0.1361,-0.5935,0.0006,16.9543,-0.9699,-16.0198,331.2263,334.67,334.67,334.67,345.899993896484,down,2026-08-21T09:33:34,0.0,0.0
SPXW,2026-12-18,119,Put,7925.0,SPXW261218P07925000,331.5,332.1,331.8,329.2,-17.7,-5.10234,11.0,36.0,0.1365,-0.593,0.0006,16.9787,-0.9724,-16.0096,332.2819,333.1,333.1,329.2,346.900009155273,down,2026-08-21T15:34:22,0.0,0.0
SPX,2026-12-18,119,Call,7930.0,SPX261218C07930000,162.7,163.7,163.2,188.6,0.0,0.0,0.0,61.0,0.1356,0.4032,0.0006,16.9221,-0.9662,9.6118,162.6505,0.0,0.0,0.0,156.299995422363,down,2026-08-18T13:20:19,0.0,0.0
SPX,2026-12-18,119,Put,7930.0,SPX261218P07930000,333.1,334.1,333.6,296.0,0.0,0.0,0.0,12.0,0.1359,-0.5968,0.0006,16.9221,-0.9662,-16.112,333.9307,0.0,0.0,0.0,348.649993896484,down,2026-08-17T09:40:04,0.0,0.0
SPX,2026-12-18,119,Call,7940.0,SPX261218C07940000,158.4,159.3,158.85000000000002,159.87,7.87,5.17763,200.0,1082.0,0.1351,0.3965,0.0006,16.8539,-0.9588,9.4591,158.2652,159.52,159.87,159.52,152.0,up,2026-08-21T11:00:10,0.0,0.0
SPX,2026-12-18,119,Put,7940.0,SPX261218P07940000,338.6,339.6,339.1,340.1,0.0,0.0,0.0,5.0,0.1354,-0.6035,0.0006,16.8539,-0.9588,-16.297,339.401,0.0,0.0,0.0,354.199996948242,up,2026-08-20T11:35:35,0.0,0.0
SPX,2026-12-18,119,Call,7950.0,SPX261218C07950000,154.0,154.9,154.45,155.4,7.7,5.21327,1.0,4180.0,0.1347,0.3898,0.0006,16.7806,-0.9511,9.305,153.9621,155.4,155.4,155.4,147.700004577637,up,2026-08-21T14:03:23,0.0,0.0
SPXW,2026-12-18,119,Call,7950.0,SPXW261218C07950000,155.0,155.6,155.3,159.2,10.55,7.09721,54.0,341.0,0.1352,0.3904,0.0006,16.8066,-0.9537,9.317,154.9825,154.5,167.2,154.5,148.649993896484,up,2026-08-21T15:44:30,0.0,0.0
SPX,2026-12-18,119,Put,7950.0,SPX261218P07950000,344.1,345.1,344.6,344.8,-15.0,-4.16898,6.0,275.0,0.1349,-0.6102,0.0006,16.7806,-0.9511,-16.4835,344.9534,350.6,350.6,341.85,359.800003051758,up,2026-08-21T16:05:15,0.0,0.0
SPXW,2026-12-18,119,Put,7950.0,SPXW261218P07950000,345.2,345.8,345.5,351.2,-9.5,-2.63377,6.0,57.0,0.1355,-0.6096,0.0006,16.8066,-0.9537,-16.4714,345.9889,351.2,351.2,351.2,360.699996948242,down,2026-08-21T09:35:00,0.0,0.0
SPX,2026-12-18,119,Call,7960.0,SPX261218C07960000,149.8,150.7,150.25,152.19,8.54,5.945,2.0,18.0,0.1343,0.3832,0.0006,16.702,-0.9433,9.1493,149.7415,152.15,152.19,152.15,143.650001525879,up,2026-08-21T15:27:41,0.0,0.0
SPX,2026-12-18,119,Put,7960.0,SPX261218P07960000,349.8,350.8,350.3,339.6,0.0,0.0,0.0,3.0,0.1346,-0.6169,0.0006,16.702,-0.9433,-16.6716,350.5885,0.0,0.0,0.0,365.600006103516,down,2026-08-04T14:28:31,0.0,0.0
SPX,2026-12-18,119,Call,7970.0,SPX261218C07970000,145.6,146.5,146.05,171.4,0.0,0.0,0.0,50.0,0.1338,0.3765,0.0006,16.6179,-0.9353,8.9925,145.6038,0.0,0.0,0.0,139.550003051758,no_change,2026-08-18T12:48:08,0.0,0.0
SPX,2026-12-18,119,Put,7970.0,SPX261218P07970000,355.5,356.5,356.0,332.4,0.0,0.0,0.0,22.0,0.1341,-0.6235,0.0006,16.6179,-0.9353,-16.8608,356.3063,0.0,0.0,0.0,371.349990844727,no_change,2026-08-10T09:50:49,0.0,0.0
SPX,2026-12-18,119,Call,7975.0,SPX261218C07975000,143.6,144.5,144.05,143.8,6.25,4.5438,5.0,1175.0,0.1336,0.3732,0.0006,16.574,-0.9312,8.914,143.566,153.7,153.7,143.8,137.550003051758,down,2026-08-21T14:13:29,0.0,0.0
SPXW,2026-12-18,119,Call,7975.0,SPXW261218C07975000,144.6,145.1,144.85,144.4,5.9,4.25993,1.0,124.0,0.1342,0.3738,0.0006,16.6017,-0.9338,8.9279,144.5633,144.4,144.4,144.4,138.5,down,2026-08-21T14:11:28,0.0,0.0
SPX,2026-12-18,119,Put,7975.0,SPX261218P07975000,358.4,359.3,358.85,350.52,0.0,0.0,0.0,275.0,0.1339,-0.6268,0.0006,16.574,-0.9312,-16.9554,359.1963,0.0,0.0,0.0,374.300003051758,up,2026-08-18T13:16:41,0.0,0.0
SPXW,2026-12-18,119,Put,7975.0,SPXW261218P07975000,359.4,360.0,359.7,379.6,0.0,0.0,0.0,82.0,0.1344,-0.6262,0.0006,16.6017,-0.9338,-16.9413,360.2086,0.0,0.0,0.0,375.099990844727,down,2026-08-20T16:12:46,0.0,0.0
SPX,2026-12-18,119,Call,7980.0,SPX261218C07980000,141.5,142.4,141.95,137.88,0.0,0.0,0.0,7.0,0.1334,0.3698,0.0006,16.5288,-0.9271,8.8355,141.5488,0.0,0.0,0.0,135.599998474121,up,2026-08-20T15:18:09,0.0,0.0
SPX,2026-12-18,119,Put,7980.0,SPX261218P07980000,361.3,362.2,361.75,0.0,0.0,0.0,0.0,0.0,0.1337,-0.6302,0.0006,16.5288,-0.9271,-17.0501,362.107,0.0,0.0,0.0,377.25,no_change,,0.0,0.0
SPX,2026-12-18,119,Call,7990.0,SPX261218C07990000,137.5,138.4,137.95,216.51,0.0,0.0,0.0,6.0,0.133,0.3632,0.0006,16.435,-0.9187,8.6792,137.5763,0.0,0.0,0.0,131.700004577637,up,2026-08-13T15:58:11,0.0,0.0
SPX,2026-12-18,119,Put,7990.0,SPX261218P07990000,367.1,368.1,367.6,0.0,0.0,0.0,0.0,0.0,0.1334,-0.6368,0.0006,16.435,-0.9187,-17.2388,367.9901,0.0,0.0,0.0,382.949996948242,no_change,,0.0,0.0
SPX,2026-12-18,119,Call,8000.0,SPX261218C08000000,133.7,134.5,134.1,134.04,6.19,4.84161,3217.0,143579.0,0.1326,0.3566,0.0006,16.3372,-0.9101,8.5244,133.6852,132.4,142.0,130.4,127.850002288818,down,2026-08-21T16:14:27,0.0,0.0
SPXW,2026-12-18,119,Call,8000.0,SPXW261218C08000000,134.7,135.1,134.89999999999998,135.0,6.2,4.81366,10.0,210.0,0.1332,0.3574,0.0006,16.3667,-0.9128,8.5396,134.6569,135.0,135.0,135.0,128.800003051758,up,2026-08-21T14:46:43,0.0,0.0
SPX,2026-12-18,119,Put,8000.0,SPX261218P08000000,373.1,374.0,373.55,373.53,-15.42,-3.96452,3100.0,125891.0,0.1329,-0.6434,0.0006,16.3372,-0.9101,-17.426,373.9546,378.23,381.08,366.84,388.949996948242,up,2026-08-21T16:14:27,0.0,0.0
SPXW,2026-12-18,119,Put,8000.0,SPXW261218P08000000,374.1,374.7,374.4,374.2,-15.9,-4.07588,10.0,231.0,0.1334,-0.6427,0.0006,16.3667,-0.9128,-17.4106,374.9412,373.6,374.2,373.6,390.099990844727,up,2026-08-21T12:50:55,0.0,0.0
SPX,2026-12-18,119,Call,8010.0,SPX261218C08010000,129.8,130.7,130.25,149.26,0.0,0.0,0.0,54.0,0.1323,0.35,0.0006,16.2357,-0.9014,8.3714,129.8745,0.0,0.0,0.0,124.149997711182,up,2026-08-18T16:04:57,0.0,0.0
SPX,2026-12-18,119,Put,8010.0,SPX261218P08010000,379.1,380.2,379.65,349.0,0.0,0.0,0.0,2.0,0.1326,-0.65,0.0006,16.2357,-0.9014,-17.6114,379.9995,0.0,0.0,0.0,395.099990844727,down,2026-08-10T10:53:45,0.0,0.0
SPX,2026-12-18,119,Call,8020.0,SPX261218C08020000,126.0,126.9,126.45,145.8,0.0,0.0,0.0,13.0,0.1319,0.3435,0.0006,16.1307,-0.8924,8.2199,126.1431,0.0,0.0,0.0,120.450000762939,down,2026-08-18T15:43:00,0.0,0.0
SPX,2026-12-18,119,Put,8020.0,SPX261218P08020000,385.2,386.6,385.9,361.2,0.0,0.0,0.0,3.0,0.1322,-0.6565,0.0006,16.1307,-0.8924,-17.7953,386.1237,0.0,0.0,0.0,401.300003051758,down,2026-08-10T09:30:32,0.0,0.0
SPX,2026-12-18,119,Call,8025.0,SPX261218C08025000,124.2,125.1,124.65,134.9,0.0,0.0,0.0,690.0,0.1317,0.3402,0.0006,16.0769,-0.8879,8.1446,124.3069,0.0,0.0,0.0,118.649997711182,no_change,2026-08-20T10:40:12,0.0,0.0
SPXW,2026-12-18,119,Call,8025.0,SPXW261218C08025000,125.2,125.7,125.45,133.2,13.7,11.4644,8.0,107.0,0.1322,0.341,0.0006,16.1081,-0.8907,8.1611,125.251,133.2,133.2,133.2,119.5,down,2026-08-21T11:43:18,0.0,0.0
SPX,2026-12-18,119,Put,8025.0,SPX261218P08025000,388.3,389.4,388.85,409.01,0.0,0.0,0.0,205.0,0.132,-0.6598,0.0006,16.0769,-0.8879,-17.8868,389.2153,0.0,0.0,0.0,404.400009155273,no_change,2026-08-04T10:18:34,0.0,0.0
SPXW,2026-12-18,119,Put,8025.0,SPXW261218P08025000,389.3,389.9,389.6,381.2,-24.3,-5.9926,24.0,31.0,0.1324,-0.659,0.0006,16.1081,-0.8907,-17.8701,390.1744,386.6,388.6,381.2,405.5,down,2026-08-21T11:43:18,0.0,0.0
SPX,2026-12-18,119,Call,8030.0,SPX261218C08030000,122.4,123.3,122.85,144.9,0.0,0.0,0.0,52.0,0.1315,0.337,0.0006,16.0221,-0.8834,8.0694,122.4901,0.0,0.0,0.0,116.900001525879,no_change,2026-08-18T13:21:31,0.0,0.0
SPX,2026-12-18,119,Put,8030.0,SPX261218P08030000,391.4,392.8,392.1,337.6,0.0,0.0,0.0,2.0,0.1319,-0.663,0.0006,16.0221,-0.8834,-17.9782,392.3263,0.0,0.0,0.0,407.599990844727,down,2026-08-13T15:37:18,0.0,0.0
SPX,2026-12-18,119,Call,8040.0,SPX261218C08040000,118.8,119.7,119.25,165.8,0.0,0.0,0.0,20.0,0.1311,0.3305,0.0006,15.9095,-0.8741,7.9189,118.9149,0.0,0.0,0.0,113.400001525879,down,2026-08-17T13:56:46,0.0,0.0
SPX,2026-12-18,119,Put,8040.0,SPX261218P08040000,397.7,398.8,398.25,342.8,0.0,0.0,0.0,11.0,0.1315,-0.6696,0.0006,15.9095,-0.8741,-18.161,398.6067,0.0,0.0,0.0,413.950012207031,down,2026-08-13T15:37:18,0.0,0.0
SPX,2026-12-18,119,Call,8050.0,SPX261218C08050000,115.3,116.1,115.69999999999999,117.53,7.63,6.94267,4.0,3860.0,0.1308,0.324,0.0006,15.7923,-0.8647,7.7679,115.4171,123.5,123.5,117.53,109.900001525879,down,2026-08-21T15:57:15,0.0,0.0
SPXW,2026-12-18,119,Call,8050.0,SPXW261218C08050000,116.3,116.7,116.5,123.8,13.0,11.7329,32.0,177.0,0.1313,0.3249,0.0006,15.8257,-0.8676,7.7861,116.3319,114.87,124.1,113.77,110.799999237061,down,2026-08-21T11:43:10,0.0,0.0
SPX,2026-12-18,119,Put,8050.0,SPX261218P08050000,404.1,405.2,404.65,370.6,0.0,0.0,0.0,11.0,0.1311,-0.676,0.0006,15.7923,-0.8647,-18.3444,404.9645,0.0,0.0,0.0,420.350006103516,down,2026-08-10T10:53:45,0.0,0.0
SPXW,2026-12-18,119,Put,8050.0,SPXW261218P08050000,405.0,405.6,405.3,402.9,-18.45,-4.37878,51.0,118.0,0.1314,-0.6752,0.0006,15.8257,-0.8676,-18.326,405.8943,409.2,409.2,396.4,421.350006103516,up,2026-08-21T12:49:57,0.0,0.0
SPX,2026-12-18,119,Call,8060.0,SPX261218C08060000,111.8,112.7,112.25,156.6,0.0,0.0,0.0,36.0,0.1305,0.3176,0.0006,15.6702,-0.8552,7.6161,111.9966,0.0,0.0,0.0,106.649997711182,down,2026-08-17T15:14:46,0.0,0.0
SPX,2026-12-18,119,Put,8060.0,SPX261218P08060000,410.5,411.6,411.05,0.0,0.0,0.0,0.0,0.0,0.1309,-0.6824,0.0006,15.6702,-0.8552,-18.5285,411.3996,0.0,0.0,0.0,426.900009155273,no_change,,0.0,0.0
SPX,2026-12-18,119,Call,8070.0,SPX261218C08070000,108.5,109.3,108.9,125.67,0.0,0.0,0.0,32.0,0.1301,0.3112,0.0006,15.543,-0.8455,7.4639,108.6531,0.0,0.0,0.0,103.350002288818,no_change,2026-08-18T16:04:18,0.0,0.0
SPX,2026-12-18,119,Put,8070.0,SPX261218P08070000,417.0,418.1,417.55,383.8,0.0,0.0,0.0,5.0,0.1305,-0.6888,0.0006,15.543,-0.8455,-18.7131,417.9117,0.0,0.0,0.0,433.5,down,2026-08-11T10:09:29,0.0,0.0
SPX,2026-12-18,119,Call,8075.0,SPX261218C08075000,106.8,107.7,107.25,111.14,9.39,9.2285,374.0,664.0,0.1299,0.308,0.0006,15.4775,-0.8406,7.388,107.0101,104.39,111.14,104.25,101.75,up,2026-08-21T12:58:59,0.0,0.0
SPXW,2026-12-18,119,Call,8075.0,SPXW261218C08075000,107.8,108.2,108.0,115.0,12.5,12.1951,34.0,90.0,0.1304,0.3089,0.0006,15.5133,-0.8435,7.4078,107.8935,106.44,115.0,105.3,102.5,up,2026-08-21T11:43:10,0.0,0.0
SPX,2026-12-18,119,Put,8075.0,SPX261218P08075000,420.3,421.6,420.95000000000005,369.05,0.0,0.0,0.0,416.0,0.1304,-0.692,0.0006,15.4775,-0.8406,-18.8052,421.1965,0.0,0.0,0.0,436.850006103516,up,2026-08-14T13:34:21,0.0,0.0
SPXW,2026-12-18,119,Put,8075.0,SPXW261218P08075000,421.2,421.7,421.45,421.0,-17.1,-3.90322,53.0,35.0,0.1307,-0.6911,0.0006,15.5133,-0.8435,-18.7852,422.0948,425.4,429.0,412.7,438.099990844727,up,2026-08-21T12:50:55,0.0,0.0
SPX,2026-12-18,119,Call,8080.0,SPX261218C08080000,105.2,106.0,105.6,107.78,7.63,7.61857,2.0,14.0,0.1298,0.3049,0.0006,15.4109,-0.8357,7.3122,105.3861,107.78,107.78,107.78,100.149997711182,down,2026-08-21T14:59:36,0.0,0.0
SPX,2026-12-18,119,Put,8080.0,SPX261218P08080000,423.6,424.9,424.25,0.0,0.0,0.0,0.0,0.0,0.1302,-0.6952,0.0006,15.4109,-0.8357,-18.8972,424.5003,0.0,0.0,0.0,440.149993896484,no_change,,0.0,0.0
SPX,2026-12-18,119,Call,8090.0,SPX261218C08090000,102.0,102.8,102.4,105.41,8.36,8.61412,1.0,506.0,0.1295,0.2986,0.0006,15.2747,-0.8257,7.1618,102.1947,105.41,105.41,105.41,97.0499992370606,down,2026-08-21T15:00:30,0.0,0.0
SPX,2026-12-18,119,Put,8090.0,SPX261218P08090000,430.2,431.3,430.75,0.0,0.0,0.0,0.0,0.0,0.1299,-0.7014,0.0006,15.2747,-0.8257,-19.08,431.1644,0.0,0.0,0.0,446.950012207031,no_change,,0.0,0.0
SPX,2026-12-18,119,Call,8100.0,SPX261218C08100000,98.9,99.7,99.30000000000001,96.0,2.0,2.12766,2.0,11082.0,0.1291,0.2923,0.0006,15.1351,-0.8156,7.0135,99.0776,97.07,97.07,96.0,94.0,down,2026-08-21T10:45:16,0.0,0.0
SPXW,2026-12-18,119,Call,8100.0,SPXW261218C08100000,99.9,100.2,100.05000000000001,101.79,6.99,7.37342,26.0,124.0,0.1297,0.2933,0.0006,15.173,-0.8186,7.0341,99.9282,106.6,106.8,101.79,94.7999992370606,down,2026-08-21T15:18:03,0.0,0.0
SPX,2026-12-18,119,Put,8100.0,SPX261218P08100000,437.0,438.1,437.55,413.38,0.0,0.0,0.0,1572.0,0.1295,-0.7077,0.0006,15.1351,-0.8156,-19.2606,437.9029,0.0,0.0,0.0,453.75,up,2026-08-19T14:14:49,0.0,0.0
SPXW,2026-12-18,119,Put,8100.0,SPXW261218P08100000,436.3,440.1,438.20000000000005,410.62,0.0,0.0,0.0,54.0,0.1301,-0.7068,0.0006,15.173,-0.8186,-19.2399,438.7686,0.0,0.0,0.0,455.0,no_change,2026-08-19T14:34:49,0.0,0.0
SPX,2026-12-18,119,Call,8110.0,SPX261218C08110000,95.8,96.6,96.19999999999999,102.7,0.0,0.0,0.0,489.0,0.1288,0.2861,0.0006,14.9929,-0.8054,6.8677,96.0333,0.0,0.0,0.0,91.0,down,2026-08-20T10:30:39,0.0,0.0
SPX,2026-12-18,119,Put,8110.0,SPX261218P08110000,443.8,445.1,444.45000000000005,380.99,0.0,0.0,0.0,1.0,0.1293,-0.7139,0.0006,14.9929,-0.8054,-19.4388,444.7142,0.0,0.0,0.0,460.649993896484,down,2026-08-13T15:58:11,0.0,0.0
SPX,2026-12-18,119,Call,8120.0,SPX261218C08120000,92.9,93.6,93.25,110.6,0.0,0.0,0.0,29.0,0.1285,0.28,0.0006,14.8484,-0.7951,6.7241,93.0604,0.0,0.0,0.0,88.0999984741211,down,2026-08-19T14:57:37,0.0,0.0
SPX,2026-12-18,119,Put,8120.0,SPX261218P08120000,450.7,451.7,451.2,411.1,0.0,0.0,0.0,1.0,0.129,-0.72,0.0006,14.8484,-0.7951,-19.6148,451.597,0.0,0.0,0.0,467.599990844727,down,2026-08-10T10:53:45,0.0,0.0
SPX,2026-12-18,119,Call,8125.0,SPX261218C08125000,91.4,92.2,91.80000000000001,97.05,0.0,0.0,0.0,4955.0,0.1284,0.2769,0.0006,14.7753,-0.7899,6.653,91.6004,0.0,0.0,0.0,86.7000007629394,down,2026-08-20T11:23:34,0.0,0.0
SPX,2026-12-18,119,Put,8125.0,SPX261218P08125000,454.1,455.2,454.65,397.1,0.0,0.0,0.0,79.0,0.1288,-0.7231,0.0006,14.7753,-0.7899,-19.7021,455.0647,0.0,0.0,0.0,471.099990844727,up,2026-08-14T13:24:03,0.0,0.0
SPX,2026-12-18,119,Call,8130.0,SPX261218C08130000,89.9,90.7,90.30000000000001,96.6,0.0,0.0,0.0,43.0,0.1282,0.2739,0.0006,14.7016,-0.7846,6.5821,90.1577,0.0,0.0,0.0,85.2999992370606,up,2026-08-20T10:08:53,0.0,0.0
SPX,2026-12-18,119,Put,8130.0,SPX261218P08130000,457.6,458.9,458.25,0.0,0.0,0.0,0.0,0.0,0.1287,-0.7261,0.0006,14.7016,-0.7846,-19.7892,458.5499,0.0,0.0,0.0,474.599990844727,no_change,,0.0,0.0
SPX,2026-12-18,119,Call,8140.0,SPX261218C08140000,87.1,87.9,87.5,147.6,0.0,0.0,0.0,32.0,0.128,0.2679,0.0006,14.5521,-0.7741,6.4408,87.3243,0.0,0.0,0.0,82.5999984741211,no_change,2026-08-13T14:26:50,0.0,0.0
SPX,2026-12-18,119,Put,8140.0,SPX261218P08140000,464.6,466.0,465.3,0.0,0.0,0.0,0.0,0.0,0.1284,-0.7321,0.0006,14.5521,-0.7741,-19.9628,465.5721,0.0,0.0,0.0,481.75,no_change,,0.0,0.0
SPX,2026-12-18,119,Call,8150.0,SPX261218C08150000,84.3,85.1,84.69999999999999,84.46,4.56,5.70713,801.0,3956.0,0.1277,0.2619,0.0006,14.3992,-0.7634,6.2997,84.5596,83.78,87.65,83.78,79.9000015258789,no_change,2026-08-21T14:34:47,0.0,0.0
SPXW,2026-12-18,119,Call,8150.0,SPXW261218C08150000,85.3,85.6,85.44999999999999,86.2,5.6,6.94789,20.0,65.0,0.1282,0.2629,0.0006,14.4409,-0.7665,6.3221,85.3429,85.7,86.2,85.5,80.6000022888184,up,2026-08-21T15:59:46,0.0,0.0
SPX,2026-12-18,119,Put,8150.0,SPX261218P08150000,471.7,473.0,472.35,410.83,0.0,0.0,0.0,116.0,0.1281,-0.7381,0.0006,14.3992,-0.7634,-20.1363,472.663,0.0,0.0,0.0,488.949996948242,up,2026-08-14T12:20:27,0.0,0.0
SPXW,2026-12-18,119,Put,8150.0,SPXW261218P08150000,470.1,475.7,472.9,431.8,0.0,0.0,0.0,98.0,0.1286,-0.7371,0.0006,14.4409,-0.7665,-20.1137,473.4612,0.0,0.0,0.0,490.0,up,2026-08-17T15:58:34,0.0,0.0
SPX,2026-12-18,119,Call,8160.0,SPX261218C08160000,81.7,82.4,82.05000000000001,82.5,5.25,6.79612,4.0,11.0,0.1274,0.256,0.0006,14.2425,-0.7527,6.1585,81.8632,80.29,82.5,80.29,77.25,up,2026-08-21T14:49:47,0.0,0.0
SPX,2026-12-18,119,Put,8160.0,SPX261218P08160000,478.9,480.2,479.54999999999995,0.0,0.0,0.0,0.0,0.0,0.1279,-0.744,0.0006,14.2425,-0.7527,-20.3099,479.8221,0.0,0.0,0.0,496.199996948242,no_change,,0.0,0.0
SPX,2026-12-18,119,Call,8170.0,SPX261218C08170000,79.0,79.8,79.4,80.5,0.0,0.0,0.0,24.0,0.1272,0.2501,0.0006,14.0816,-0.7419,6.0176,79.2345,0.0,0.0,0.0,74.7000007629394,no_change,2026-08-20T13:16:31,0.0,0.0
SPX,2026-12-18,119,Put,8170.0,SPX261218P08170000,485.1,487.4,486.25,0.0,0.0,0.0,0.0,0.0,0.1277,-0.7499,0.0006,14.0816,-0.7419,-20.4832,487.049,0.0,0.0,0.0,503.449996948242,no_change,,0.0,0.0
SPX,2026-12-18,119,Call,8175.0,SPX261218C08175000,77.7,78.5,78.1,78.36,4.37,5.94962,450.0,2374.0,0.127,0.2472,0.0006,13.9996,-0.7364,5.9476,77.9453,76.32,78.36,76.32,73.4500007629394,up,2026-08-21T14:02:18,0.0,0.0
SPX,2026-12-18,119,Put,8175.0,SPX261218P08175000,488.8,491.2,490.0,448.18,0.0,0.0,0.0,32.0,0.1275,-0.7528,0.0006,13.9996,-0.7364,-20.5694,490.6877,0.0,0.0,0.0,507.199996948242,up,2026-08-17T15:56:03,0.0,0.0
SPX,2026-12-18,119,Call,8180.0,SPX261218C08180000,76.5,77.2,76.85,77.5,0.0,0.0,0.0,120.0,0.1269,0.2444,0.0006,13.9168,-0.731,5.8778,76.6728,0.0,0.0,0.0,72.25,down,2026-08-20T13:16:47,0.0,0.0
SPX,2026-12-18,119,Put,8180.0,SPX261218P08180000,492.5,494.8,493.65,0.0,0.0,0.0,0.0,0.0,0.1273,-0.7557,0.0006,13.9168,-0.731,-20.6553,494.343,0.0,0.0,0.0,510.850006103516,no_change,,0.0,0.0
SPX,2026-12-18,119,Call,8190.0,SPX261218C08190000,74.0,74.7,74.35,69.32,0.0,0.0,0.0,2.0,0.1266,0.2386,0.0006,13.7488,-0.72,5.74,74.1771,0.0,0.0,0.0,69.7999992370606,down,2026-08-20T16:07:55,0.0,0.0
SPX,2026-12-18,119,Put,8190.0,SPX261218P08190000,499.8,502.2,501.0,0.0,0.0,0.0,0.0,0.0,0.1272,-0.7614,0.0006,13.7488,-0.72,-20.8256,501.7029,0.0,0.0,0.0,518.25,no_change,,0.0,0.0
SPX,2026-12-18,119,Call,8200.0,SPX261218C08200000,71.6,72.3,71.94999999999999,73.1,5.65,8.37657,3604.0,17452.0,0.1264,0.233,0.0006,13.5784,-0.709,5.6048,71.7461,71.42,79.27,69.3,67.4500007629394,up,2026-08-21T15:26:22,0.0,0.0
SPXW,2026-12-18,119,Call,8200.0,SPXW261218C08200000,72.4,72.7,72.55000000000001,80.0,11.8,17.3021,1.0,171.0,0.1269,0.234,0.0006,13.6247,-0.7121,5.6284,72.4589,80.0,80.0,80.0,68.2000007629394,up,2026-08-21T11:53:41,0.0,0.0
SPX,2026-12-18,119,Put,8200.0,SPX261218P08200000,507.4,509.4,508.4,503.94,0.0,0.0,0.0,1122.0,0.1269,-0.767,0.0006,13.5784,-0.709,-20.9931,509.1274,0.0,0.0,0.0,525.799987792969,up,2026-08-20T11:22:09,0.0,0.0
SPXW,2026-12-18,119,Put,8200.0,SPXW261218P08200000,506.5,512.2,509.35,505.79,-21.16,-4.01556,2.0,68.0,0.1274,-0.766,0.0006,13.6247,-0.7121,-20.9693,509.8552,505.82,505.82,505.79,526.949981689453,down,2026-08-21T15:34:06,0.0,0.0
SPX,2026-12-18,119,Call,8225.0,SPX261218C08225000,65.8,66.5,66.15,64.89,2.99,4.83037,1.0,697.0,0.1258,0.2192,0.0005,13.1475,-0.6812,5.2785,65.9412,64.89,64.89,64.89,61.8999996185303,down,2026-08-21T09:36:32,0.0,0.0
SPX,2026-12-18,119,Put,8225.0,SPX261218P08225000,526.0,528.5,527.25,485.05,0.0,0.0,0.0,5.0,0.1263,-0.7809,0.0005,13.1475,-0.6812,-21.4004,527.9615,0.0,0.0,0.0,544.899993896484,up,2026-08-19T12:23:08,0.0,0.0
SPX,2026-12-18,119,Call,8250.0,SPX261218C08250000,60.3,61.1,60.7,61.47,4.82,8.50839,2.0,7441.0,0.1252,0.2058,0.0005,12.7096,-0.6531,4.9616,60.5119,61.85,61.85,61.47,56.6499996185303,down,2026-08-21T11:28:29,0.0,0.0
SPXW,2026-12-18,119,Call,8250.0,SPXW261218C08250000,61.2,61.4,61.3,57.8,0.0,0.0,0.0,137.0,0.1257,0.2068,0.0005,12.7587,-0.6563,4.9859,61.1547,0.0,0.0,0.0,57.2999992370606,down,2026-08-20T15:34:47,0.0,0.0
SPX,2026-12-18,119,Put,8250.0,SPX261218P08250000,545.5,547.6,546.55,503.48,0.0,0.0,0.0,211.0,0.1258,-0.7942,0.0005,12.7096,-0.6531,-21.7982,547.1712,0.0,0.0,0.0,564.349975585938,up,2026-08-19T12:24:47,0.0,0.0
SPXW,2026-12-18,119,Put,8250.0,SPXW261218P08250000,544.3,550.2,547.25,469.4,0.0,0.0,0.0,3.0,0.1263,-0.7932,0.0005,12.7587,-0.6563,-21.7737,547.829,0.0,0.0,0.0,565.300018310547,down,2026-08-13T10:49:11,0.0,0.0
SPX,2026-12-18,119,Call,8275.0,SPX261218C08275000,55.3,56.0,55.65,56.64,4.79,9.23819,4.0,1863.0,0.1248,0.1929,0.0005,12.2571,-0.6249,4.6493,55.4475,56.75,56.75,56.42,51.8500003814697,down,2026-08-21T15:27:41,0.0,0.0
SPX,2026-12-18,119,Put,8275.0,SPX261218P08275000,564.9,567.4,566.15,548.32,0.0,0.0,0.0,41.0,0.1253,-0.8071,0.0005,12.2571,-0.6249,-22.1914,566.7458,0.0,0.0,0.0,584.149993896484,up,2026-08-18T13:35:37,0.0,0.0
SPX,2026-12-18,119,Call,8300.0,SPX261218C08300000,50.6,51.3,50.95,52.06,4.71,9.9472,383.0,11430.0,0.1242,0.1805,0.0005,11.7912,-0.5968,4.3495,50.7353,49.0,54.51,48.8,47.3500003814697,down,2026-08-21T15:32:09,0.0,0.0
SPXW,2026-12-18,119,Call,8300.0,SPXW261218C08300000,51.4,51.6,51.5,52.3,4.4,9.1858,15.0,474.0,0.1247,0.1815,0.0005,11.8439,-0.6,4.3737,51.3082,52.3,52.3,52.3,47.8999996185303,up,2026-08-21T11:03:00,0.0,0.0
SPX,2026-12-18,119,Put,8300.0,SPX261218P08300000,585.0,587.3,586.15,565.82,0.0,0.0,0.0,42.0,0.1249,-0.8196,0.0005,11.7912,-0.5968,-22.5721,586.6726,0.0,0.0,0.0,604.299987792969,up,2026-08-18T09:30:57,0.0,0.0
SPXW,2026-12-18,119,Put,8300.0,SPXW261218P08300000,583.7,589.8,586.75,586.04,-19.16,-3.1659,10.0,2.0,0.1254,-0.8185,0.0005,11.8439,-0.6,-22.5477,587.2606,586.55,586.99,586.04,605.200012207031,down,2026-08-21T11:20:35,0.0,0.0
SPX,2026-12-18,119,Call,8325.0,SPX261218C08325000,46.3,46.9,46.599999999999994,57.07,0.0,0.0,0.0,1510.0,0.1238,0.1686,0.0005,11.324,-0.5687,4.0671,46.3552,0.0,0.0,0.0,43.2000007629394,down,2026-08-19T14:54:29,0.0,0.0
SPX,2026-12-18,119,Put,8325.0,SPX261218P08325000,605.1,607.7,606.4000000000001,585.86,0.0,0.0,0.0,17.0,0.1244,-0.8315,0.0005,11.324,-0.5687,-22.9355,606.9316,0.0,0.0,0.0,624.799987792969,up,2026-08-18T09:30:53,0.0,0.0
SPX,2026-12-18,119,Call,8350.0,SPX261218C08350000,42.2,42.9,42.55,40.5,0.0,0.0,0.0,4215.0,0.1234,0.1572,0.0004,10.8589,-0.5409,3.795,42.2898,0.0,0.0,0.0,39.3500003814697,up,2026-08-20T15:29:08,0.0,0.0
SPXW,2026-12-18,119,Call,8350.0,SPXW261218C08350000,42.9,43.2,43.05,44.1,4.2,10.5263,30.0,833.0,0.1238,0.1582,0.0004,10.9128,-0.5441,3.8189,42.7958,42.3,44.1,42.3,39.8999996185303,up,2026-08-21T11:10:45,0.0,0.0
SPX,2026-12-18,119,Put,8350.0,SPX261218P08350000,625.9,628.2,627.05,604.88,0.0,0.0,0.0,31.0,0.1241,-0.8429,0.0004,10.8589,-0.5409,-23.2885,627.5051,0.0,0.0,0.0,645.649993896484,up,2026-08-18T09:30:57,0.0,0.0
SPXW,2026-12-18,119,Put,8350.0,SPXW261218P08350000,624.5,630.7,627.6,573.36,0.0,0.0,0.0,0.0,0.1246,-0.8418,0.0004,10.9128,-0.5441,-23.2644,628.0262,0.0,0.0,0.0,646.450012207031,down,2026-08-12T13:00:38,0.0,0.0
SPX,2026-12-18,119,Call,8375.0,SPX261218C08375000,38.5,39.2,38.85,36.45,0.0,0.0,0.0,869.0,0.123,0.1463,0.0004,10.389,-0.5134,3.53,38.5282,0.0,0.0,0.0,35.7999992370606,down,2026-08-20T14:08:14,0.0,0.0
SPX,2026-12-18,119,Put,8375.0,SPX261218P08375000,646.6,649.3,647.95,623.93,0.0,0.0,0.0,34.0,0.1237,-0.8537,0.0004,10.389,-0.5134,-23.6344,648.3826,0.0,0.0,0.0,666.649993896484,up,2026-08-18T09:45:01,0.0,0.0
SPX,2026-12-18,119,Call,8400.0,SPX261218C08400000,35.0,35.6,35.3,37.55,5.05,15.5385,254.0,18184.0,0.1226,0.1359,0.0004,9.9149,-0.4864,3.2795,35.0571,34.41,37.55,34.41,32.5,no_change,2026-08-21T12:12:45,0.0,0.0
SPXW,2026-12-18,119,Call,8400.0,SPXW261218C08400000,35.6,35.9,35.75,36.7,3.7,11.2121,15.0,264.0,0.1229,0.1369,0.0004,9.9706,-0.4896,3.3023,35.4987,36.6,37.0,36.6,33.0,down,2026-08-21T11:10:45,0.0,0.0
SPX,2026-12-18,119,Put,8400.0,SPX261218P08400000,667.9,670.4,669.15,677.39,-10.66,-1.54931,1.0,204.0,0.1233,-0.8641,0.0004,9.9149,-0.4864,-23.9659,669.5504,677.39,677.39,677.39,688.050018310547,up,2026-08-21T09:59:28,0.0,0.0
SPXW,2026-12-18,119,Put,8400.0,SPXW261218P08400000,666.5,672.9,669.7,628.76,0.0,0.0,0.0,0.0,0.1239,-0.8631,0.0004,9.9706,-0.4896,-23.9429,670.007,0.0,0.0,0.0,688.850006103516,up,2026-08-05T15:58:57,0.0,0.0
SPX,2026-12-18,119,Call,8425.0,SPX261218C08425000,31.8,32.5,32.15,35.16,0.0,0.0,0.0,320.0,0.1222,0.1261,0.0004,9.4473,-0.4599,3.0458,31.857,0.0,0.0,0.0,29.5,down,2026-08-20T09:30:02,0.0,0.0
SPX,2026-12-18,119,Put,8425.0,SPX261218P08425000,689.2,692.0,690.6,0.0,0.0,0.0,0.0,0.0,0.123,-0.8739,0.0004,9.4473,-0.4599,-24.2805,690.9893,0.0,0.0,0.0,709.699981689453,no_change,,0.0,0.0
SPX,2026-12-18,119,Call,8450.0,SPX261218C08450000,28.9,29.4,29.15,29.49,2.74,10.243,51.0,3204.0,0.1219,0.1168,0.0004,8.9898,-0.4341,2.8225,28.9122,28.55,29.49,28.55,26.75,no_change,2026-08-21T14:00:03,0.0,0.0
SPXW,2026-12-18,119,Call,8450.0,SPXW261218C08450000,29.3,29.6,29.450000000000003,39.52,0.0,0.0,0.0,634.0,0.1221,0.1177,0.0004,9.0448,-0.4372,2.8443,29.2943,0.0,0.0,0.0,27.1999998092651,down,2026-08-18T10:04:28,0.0,0.0
SPX,2026-12-18,119,Put,8450.0,SPX261218P08450000,711.1,713.6,712.35,620.27,0.0,0.0,0.0,1.0,0.1228,-0.8832,0.0004,8.9898,-0.4341,-24.5847,712.6835,0.0,0.0,0.0,731.549987792969,down,2026-08-13T14:06:00,0.0,0.0
SPXW,2026-12-18,119,Put,8450.0,SPXW261218P08450000,709.5,716.0,712.75,0.0,0.0,0.0,0.0,0.0,0.1234,-0.8823,0.0004,9.0448,-0.4372,-24.5628,713.0806,0.0,0.0,0.0,732.350006103516,no_change,,0.0,0.0
SPX,2026-12-18,119,Call,8475.0,SPX261218C08475000,26.2,26.8,26.5,24.85,0.0,0.0,0.0,354.0,0.1216,0.108,0.0004,8.5368,-0.409,2.6079,26.2117,0.0,0.0,0.0,24.1999998092651,down,2026-08-20T15:39:17,0.0,0.0
SPX,2026-12-18,119,Put,8475.0,SPX261218P08475000,732.8,735.7,734.25,0.0,0.0,0.0,0.0,0.0,0.1225,-0.892,0.0004,8.5368,-0.409,-24.8803,734.622,0.0,0.0,0.0,753.699981689453,no_change,,0.0,0.0
SPX,2026-12-18,119,Call,8500.0,SPX261218C08500000,23.7,24.3,24.0,24.75,2.8,12.7563,3604.0,14154.0,0.1212,0.0998,0.0003,8.0882,-0.3847,2.4079,23.7417,23.17,25.1,23.17,21.9500007629395,up,2026-08-21T15:51:07,0.0,0.0
SPXW,2026-12-18,119,Call,8500.0,SPXW261218C08500000,24.1,24.4,24.25,30.41,0.0,0.0,0.0,666.0,0.1215,0.1006,0.0003,8.1431,-0.3876,2.4278,24.0683,0.0,0.0,0.0,22.3000001907349,down,2026-08-18T13:23:59,0.0,0.0
SPX,2026-12-18,119,Put,8500.0,SPX261218P08500000,755.2,757.7,756.45,750.78,-25.22,-3.25,10.0,153.0,0.122,-0.9002,0.0003,8.0882,-0.3847,-25.1613,756.791,755.8,756.24,750.78,776.0,down,2026-08-21T15:51:07,0.0,0.0
SPXW,2026-12-18,119,Put,8500.0,SPXW261218P08500000,753.6,760.1,756.85,703.12,0.0,0.0,0.0,5.0,0.1229,-0.8994,0.0003,8.1431,-0.3876,-25.1412,757.1326,0.0,0.0,0.0,774.149993896484,up,2026-08-05T14:53:58,0.0,0.0
SPX,2026-12-18,119,Call,8525.0,SPX261218C08525000,21.4,21.9,21.65,23.46,0.0,0.0,0.0,455.0,0.1209,0.092,0.0003,7.6522,-0.3613,2.2232,21.4844,0.0,0.0,0.0,19.8500003814697,down,2026-08-20T11:24:17,0.0,0.0
SPX,2026-12-18,119,Put,8525.0,SPX261218P08525000,777.3,780.3,778.8,0.0,0.0,0.0,0.0,3.0,0.1217,-0.908,0.0003,7.6522,-0.3613,-25.4269,779.1727,0.0,0.0,0.0,798.550018310547,no_change,,0.0,0.0
SPX,2026-12-18,119,Call,8550.0,SPX261218C08550000,19.3,19.8,19.55,21.4,0.0,0.0,0.0,6162.0,0.1206,0.0848,0.0003,7.2323,-0.3388,2.0485,19.4257,0.0,0.0,0.0,17.9000005722046,no_change,2026-08-20T11:24:22,0.0,0.0
SPXW,2026-12-18,119,Call,8550.0,SPXW261218C08550000,19.6,20.0,19.8,20.0,1.75,9.58904,4.0,139.0,0.121,0.0855,0.0003,7.2848,-0.3415,2.0669,19.7027,20.0,20.0,20.0,18.25,no_change,2026-08-21T11:26:43,0.0,0.0
SPX,2026-12-18,119,Put,8550.0,SPX261218P08550000,800.1,802.7,801.4000000000001,1133.66,0.0,0.0,0.0,1.0,0.1216,-0.9152,0.0003,7.2323,-0.3388,-25.6825,801.753,0.0,0.0,0.0,821.200012207031,up,2026-06-09T12:24:40,0.0,0.0
SPXW,2026-12-18,119,Put,8550.0,SPXW261218P08550000,790.3,813.9,802.0999999999999,0.0,0.0,0.0,0.0,0.0,0.1226,-0.9145,0.0003,7.2848,-0.3415,-25.6639,802.045,0.0,0.0,0.0,819.399993896484,no_change,,0.0,0.0
SPX,2026-12-18,119,Call,8575.0,SPX261218C08575000,17.5,17.9,17.7,18.75,2.6,16.0991,2.0,295.0,0.1205,0.078,0.0003,6.8244,-0.3173,1.8827,17.5547,18.75,18.75,18.75,16.1499996185303,down,2026-08-21T12:58:59,0.0,0.0
SPX,2026-12-18,119,Put,8575.0,SPX261218P08575000,822.7,825.7,824.2,778.32,0.0,0.0,0.0,1.0,0.1214,-0.922,0.0003,6.8244,-0.3173,-25.9293,824.521,0.0,0.0,0.0,844.100006103516,up,2026-08-19T14:02:50,0.0,0.0
SPX,2026-12-18,119,Call,8600.0,SPX261218C08600000,15.7,16.2,15.95,16.9,2.3,15.7534,2.0,13092.0,0.1202,0.0717,0.0003,6.4276,-0.2968,1.73,15.8585,15.39,16.9,15.39,14.5999999046326,up,2026-08-21T12:32:54,0.0,0.0
SPXW,2026-12-18,119,Call,8600.0,SPXW261218C08600000,16.0,16.4,16.2,16.85,2.0,13.468,4.0,105.0,0.1206,0.0724,0.0003,6.4781,-0.2993,1.7463,16.0908,16.85,16.85,16.85,14.8499999046326,down,2026-08-21T15:18:03,0.0,0.0
SPX,2026-12-18,119,Put,8600.0,SPX261218P08600000,845.8,848.4,847.0999999999999,1057.4,0.0,0.0,0.0,28.0,0.1215,-0.9283,0.0003,6.4276,-0.2968,-26.1629,847.4638,0.0,0.0,0.0,867.200012207031,down,2026-07-28T14:34:57,0.0,0.0
SPXW,2026-12-18,119,Put,8600.0,SPXW261218P08600000,835.9,859.6,847.75,0.0,0.0,0.0,0.0,0.0,0.1224,-0.9276,0.0003,6.4781,-0.2993,-26.1464,847.7111,0.0,0.0,0.0,866.399993896484,no_change,,0.0,0.0
SPX,2026-12-18,119,Call,8625.0,SPX261218C08625000,14.2,14.6,14.399999999999999,29.7,0.0,0.0,0.0,127.0,0.12,0.0659,0.0002,6.0467,-0.2773,1.5906,14.3217,0.0,0.0,0.0,13.0999999046326,no_change,2026-08-14T15:42:53,0.0,0.0
SPX,2026-12-18,119,Put,8625.0,SPX261218P08625000,868.6,871.7,870.1500000000001,0.0,0.0,0.0,0.0,0.0,0.1212,-0.9341,0.0002,6.0467,-0.2773,-26.3832,870.566,0.0,0.0,0.0,890.349975585938,no_change,,0.0,0.0
SPX,2026-12-18,119,Call,8650.0,SPX261218C08650000,12.8,13.2,13.0,13.8,2.0,16.9492,1.0,1867.0,0.1199,0.0605,0.0002,5.685,-0.2589,1.4604,12.9317,13.8,13.8,13.8,11.8000001907349,up,2026-08-21T12:32:54,0.0,0.0
SPXW,2026-12-18,119,Call,8650.0,SPXW261218C08650000,13.0,13.4,13.2,12.5,0.0,0.0,0.0,168.0,0.1204,0.0611,0.0002,5.7318,-0.2612,1.475,13.1254,0.0,0.0,0.0,12.0999999046326,down,2026-08-20T14:12:58,0.0,0.0
SPX,2026-12-18,119,Put,8650.0,SPX261218P08650000,892.1,894.8,893.45,0.0,0.0,0.0,0.0,0.0,0.1212,-0.9395,0.0002,5.685,-0.2589,-26.5944,893.815,0.0,0.0,0.0,913.75,no_change,,0.0,0.0
SPXW,2026-12-18,119,Put,8650.0,SPXW261218P08650000,882.2,905.9,894.05,0.0,0.0,0.0,0.0,0.0,0.1224,-0.9389,0.0002,5.7318,-0.2612,-26.5795,894.0237,0.0,0.0,0.0,911.350006103516,no_change,,0.0,0.0
SPX,2026-12-18,119,Call,8675.0,SPX261218C08675000,11.5,11.9,11.7,24.75,0.0,0.0,0.0,1733.0,0.1197,0.0555,0.0002,5.3401,-0.2415,1.3381,11.6787,0.0,0.0,0.0,10.6999998092651,down,2026-08-14T15:53:27,0.0,0.0
SPX,2026-12-18,119,Put,8675.0,SPX261218P08675000,915.2,918.4,916.8,0.0,0.0,0.0,0.0,0.0,0.1212,-0.9445,0.0002,5.3401,-0.2415,-26.7976,917.201,0.0,0.0,0.0,937.200012207031,no_change,,0.0,0.0
SPX,2026-12-18,119,Call,8700.0,SPX261218C08700000,10.4,10.8,10.600000000000001,11.67,2.07,21.5625,2002.0,9789.0,0.1198,0.0509,0.0002,5.0102,-0.2252,1.2263,10.5519,10.18,11.67,10.18,9.59999990463257,up,2026-08-21T12:06:09,0.0,0.0
SPXW,2026-12-18,119,Call,8700.0,SPXW261218C08700000,10.6,10.9,10.75,11.1,1.2,12.1212,40.0,87.0,0.1202,0.0514,0.0002,5.0538,-0.2273,1.239,10.712,11.1,11.1,11.1,9.90000009536743,down,2026-08-21T15:52:59,0.0,0.0
SPX,2026-12-18,119,Put,8700.0,SPX261218P08700000,938.9,941.7,940.3,832.28,0.0,0.0,0.0,24.0,0.1212,-0.9491,0.0002,5.0102,-0.2252,-26.9903,940.7131,0.0,0.0,0.0,960.800018310547,down,2026-08-13T14:06:00,0.0,0.0
SPXW,2026-12-18,119,Put,8700.0,SPXW261218P08700000,929.0,952.8,940.9,883.5,0.0,0.0,0.0,5.0,0.1227,-0.9486,0.0002,5.0538,-0.2273,-26.9774,940.8882,0.0,0.0,0.0,959.949981689453,up,2026-08-11T13:52:19,0.0,0.0
SPX,2026-12-18,119,Call,8725.0,SPX261218C08725000,9.3,9.8,9.55,10.57,1.87,21.4943,1.0,39.0,0.1198,0.0467,0.0002,4.6969,-0.2099,1.1255,9.5387,10.57,10.57,10.57,8.69999980926514,up,2026-08-21T12:06:09,0.0,0.0
SPX,2026-12-18,119,Put,8725.0,SPX261218P08725000,962.3,965.5,963.9,0.0,0.0,0.0,0.0,0.0,0.1212,-0.9533,0.0002,4.6969,-0.2099,-27.172,964.339,0.0,0.0,0.0,984.5,no_change,,0.0,0.0
SPX,2026-12-18,119,Call,8750.0,SPX261218C08750000,8.4,8.9,8.65,8.57,0.0,0.0,0.0,59.0,0.1197,0.0428,0.0002,4.4025,-0.1956,1.0328,8.6286,0.0,0.0,0.0,7.90000009536743,down,2026-08-20T13:54:57,0.0,0.0
SPX,2026-12-18,119,Put,8750.0,SPX261218P08750000,986.2,989.1,987.6500000000001,0.0,0.0,0.0,0.0,0.0,0.1215,-0.9572,0.0002,4.4025,-0.1956,-27.3457,988.0679,0.0,0.0,0.0,1008.30001831055,no_change,,0.0,0.0
SPX,2026-12-18,119,Call,8775.0,SPX261218C08775000,7.6,8.0,7.8,11.2,0.0,0.0,0.0,17.0,0.1199,0.0393,0.0002,4.1265,-0.1824,0.9464,7.8131,0.0,0.0,0.0,7.10000014305115,no_change,2026-08-19T10:18:44,0.0,0.0
SPX,2026-12-18,119,Put,8775.0,SPX261218P08775000,1009.8,1013.1,1011.45,0.0,0.0,0.0,0.0,0.0,0.1217,-0.9607,0.0002,4.1265,-0.1824,-27.513,1011.8913,0.0,0.0,0.0,1032.15002441406,no_change,,0.0,0.0
SPX,2026-12-18,119,Call,8800.0,SPX261218C08800000,6.9,7.3,7.1,8.2,1.75,27.1318,3503.0,20030.0,0.1199,0.0361,0.0001,3.8667,-0.17,0.8674,7.084,6.74,8.3,6.74,6.45000004768372,down,2026-08-21T11:52:15,0.0,0.0
SPXW,2026-12-18,119,Call,8800.0,SPXW261218C08800000,7.0,7.3,7.15,7.7,1.1,16.6667,167.0,380.0,0.1204,0.0365,0.0001,3.9026,-0.1716,0.877,7.1922,6.9,7.7,6.9,6.59999990463257,no_change,2026-08-21T13:06:06,0.0,0.0
SPX,2026-12-18,119,Put,8800.0,SPX261218P08800000,1033.9,1036.8,1035.35,968.02,0.0,0.0,0.0,45.0,0.122,-0.964,0.0001,3.8667,-0.17,-27.6729,1035.8013,0.0,0.0,0.0,1056.15002441406,down,2026-08-04T14:07:38,0.0,0.0
SPXW,2026-12-18,119,Put,8800.0,SPXW261218P08800000,1024.0,1047.8,1035.9,0.0,0.0,0.0,0.0,0.0,0.1239,-0.9636,0.0001,3.9026,-0.1716,-27.6632,1035.9245,0.0,0.0,0.0,1055.25,no_change,,0.0,0.0
SPX,2026-12-18,119,Call,8850.0,SPX261218C08850000,5.6,6.0,5.8,13.09,0.0,0.0,0.0,27.0,0.1204,0.0304,0.0001,3.3945,-0.1481,0.733,5.8495,0.0,0.0,0.0,5.29999995231628,down,2026-08-14T13:05:56,0.0,0.0
SPX,2026-12-18,119,Put,8850.0,SPX261218P08850000,1082.0,1084.9,1083.45,0.0,0.0,0.0,0.0,0.0,0.1228,-0.9696,0.0001,3.3945,-0.1481,-27.9692,1083.8448,0.0,0.0,0.0,1104.34997558594,no_change,,0.0,0.0
SPX,2026-12-18,119,Call,8900.0,SPX261218C08900000,4.7,5.0,4.85,4.95,0.55,12.5,906.0,12776.0,0.121,0.0258,0.0001,2.9862,-0.1294,0.6204,4.864,5.1,5.2,4.9,4.39999985694885,up,2026-08-21T15:59:48,0.0,0.0
SPXW,2026-12-18,119,Call,8900.0,SPXW261218C08900000,4.8,5.0,4.9,5.5,0.95,20.8791,70.0,396.0,0.1212,0.0261,0.0001,3.0148,-0.1306,0.6274,4.9372,4.85,5.5,4.85,4.54999995231628,up,2026-08-21T11:51:01,0.0,0.0
SPX,2026-12-18,119,Put,8900.0,SPX261218P08900000,1130.3,1133.3,1131.8,1381.5,0.0,0.0,0.0,3.0,0.1237,-0.9742,0.0001,2.9862,-0.1294,-28.2437,1132.1372,0.0,0.0,0.0,1152.75,down,2026-06-24T14:15:24,0.0,0.0
SPXW,2026-12-18,119,Put,8900.0,SPXW261218P08900000,1120.3,1144.0,1132.15,0.0,0.0,0.0,0.0,0.0,0.1259,-0.9739,0.0001,3.0148,-0.1306,-28.2365,1132.2254,0.0,0.0,0.0,1151.69995117188,no_change,,0.0,0.0
SPX,2026-12-18,119,Call,9000.0,SPX261218C09000000,3.3,3.6,3.45,3.6,0.45,14.2857,1589.0,47134.0,0.1226,0.0189,0.0001,2.3308,-0.1003,0.4533,3.4532,3.4,3.6,3.2,3.14999997615814,no_change,2026-08-21T15:35:02,0.0,0.0
SPXW,2026-12-18,119,Call,9000.0,SPXW261218C09000000,3.3,3.6,3.45,3.72,0.52,16.25,11.0,245.0,0.1228,0.0191,0.0001,2.3536,-0.1012,0.4584,3.5039,3.4,3.72,3.3,3.19999992847443,up,2026-08-21T13:06:27,0.0,0.0
SPX,2026-12-18,119,Put,9000.0,SPX261218P09000000,1227.5,1230.5,1229.0,1224.1,-26.0,-2.07984,2.0,478.0,0.1266,-0.9811,0.0001,2.3308,-0.1003,-28.7345,1229.2824,1224.1,1224.1,1224.1,1250.10003662109,up,2026-08-21T15:59:48,0.0,0.0
SPXW,2026-12-18,119,Put,9000.0,SPXW261218P09000000,1217.5,1236.5,1227.0,0.0,0.0,0.0,0.0,0.0,0.1292,-0.9809,0.0001,2.3536,-0.1012,-28.7293,1229.3481,0.0,0.0,0.0,1249.0,no_change,,0.0,0.0
SPX,2026-12-18,119,Call,9100.0,SPX261218C09100000,2.45,2.7,2.575,2.37,0.02,0.851063,3500.0,7225.0,0.1253,0.0142,0.0001,1.8512,-0.0797,0.3394,2.5474,2.37,2.37,2.37,2.35000002384186,no_change,2026-08-21T10:00:52,0.0,0.0
SPXW,2026-12-18,119,Call,9100.0,SPXW261218C09100000,2.5,2.7,2.6,4.8,0.0,0.0,0.0,68.0,0.1255,0.0144,0.0001,1.8695,-0.0804,0.3431,2.5841,0.0,0.0,0.0,2.39999997615814,down,2026-08-17T13:14:46,0.0,0.0
SPX,2026-12-18,119,Put,9100.0,SPX261218P09100000,1315.2,1334.8,1325.0,0.0,0.0,0.0,0.0,0.0,0.1315,-0.9858,0.0001,1.8512,-0.0797,-29.1722,1326.9326,0.0,0.0,0.0,1348.0,no_change,,0.0,0.0
SPXW,2026-12-18,119,Put,9100.0,SPXW261218P09100000,1316.3,1338.9,1327.6,0.0,0.0,0.0,0.0,0.0,0.1337,-0.9857,0.0001,1.8695,-0.0804,-29.1683,1326.9842,0.0,0.0,0.0,1346.64996337891,no_change,,0.0,0.0
SPX,2026-12-18,119,Call,9200.0,SPX261218C09200000,1.9,2.15,2.025,2.07,0.195,10.4,13.0,24014.0,0.1283,0.011,0.0,1.4979,-0.065,0.2622,1.9502,1.9,2.07,1.9,1.875,up,2026-08-21T14:52:46,0.0,0.0
SPXW,2026-12-18,119,Call,9200.0,SPXW261218C09200000,1.9,2.1,2.0,2.17,0.295,15.7333,1.0,238.0,0.1284,0.0111,0.0,1.5131,-0.0656,0.2651,1.9782,2.17,2.17,2.17,1.875,down,2026-08-21T13:06:27,0.0,0.0
SPX,2026-12-18,119,Put,9200.0,SPX261218P09200000,1413.2,1433.7,1423.45,1504.53,0.0,0.0,0.0,37.0,0.1359,-0.989,0.0,1.4979,-0.065,-29.5732,1424.8914,0.0,0.0,0.0,1445.90002441406,up,2026-07-13T10:03:53,0.0,0.0
SPXW,2026-12-18,119,Put,9200.0,SPXW261218P09200000,1413.2,1436.9,1425.0500000000002,0.0,0.0,0.0,0.0,0.0,0.1385,-0.9889,0.0,1.5131,-0.0656,-29.57,1424.9343,0.0,0.0,0.0,1444.79998779297,no_change,,0.0,0.0
SPX,2026-12-18,119,Call,9300.0,SPX261218C09300000,1.45,1.75,1.6,1.9,0.0,0.0,0.0,6596.0,0.1317,0.0087,0.0,1.2346,-0.0542,0.2073,1.5425,0.0,0.0,0.0,1.52499997615814,up,2026-08-19T09:39:51,0.0,0.0
SPXW,2026-12-18,119,Call,9300.0,SPXW261218C09300000,1.5,1.7,1.6,3.85,0.0,0.0,0.0,70.0,0.1318,0.0088,0.0,1.2474,-0.0547,0.2096,1.5647,0.0,0.0,0.0,1.5,up,2026-08-06T09:37:41,0.0,0.0
SPX,2026-12-18,119,Put,9300.0,SPX261218P09300000,1511.4,1535.1,1523.25,0.0,0.0,0.0,0.0,0.0,0.1408,-0.9913,0.0,1.2346,-0.0542,-29.9518,1523.0396,0.0,0.0,0.0,1543.45001220703,no_change,,0.0,0.0
SPXW,2026-12-18,119,Put,9300.0,SPXW261218P09300000,1511.4,1531.9,1521.65,1737.25,0.0,0.0,0.0,1.0,0.1438,-0.9912,0.0,1.2474,-0.0547,-29.9492,1523.0769,0.0,0.0,0.0,1542.95001220703,up,2026-07-31T10:56:07,0.0,0.0
SPX,2026-12-18,119,Call,9400.0,SPX261218C09400000,1.2,1.45,1.325,1.4,0.0,0.0,0.0,9307.0,0.1354,0.0071,0.0,1.033,-0.0461,0.1679,1.2517,0.0,0.0,0.0,1.22500002384186,no_change,2026-08-18T09:34:23,0.0,0.0
SPXW,2026-12-18,119,Call,9400.0,SPXW261218C09400000,1.25,1.4,1.325,1.41,0.185,15.102,1.0,71.0,0.1355,0.0071,0.0,1.0436,-0.0465,0.1698,1.2695,1.41,1.41,1.41,1.22499996423721,up,2026-08-21T13:33:33,0.0,0.0
SPX,2026-12-18,119,Put,9400.0,SPX261218P09400000,1609.8,1632.9,1621.35,1801.14,0.0,0.0,0.0,55.0,0.1468,-0.993,0.0,1.033,-0.0461,-30.3149,1621.3049,0.0,0.0,0.0,1642.10003662109,down,2026-05-15T12:15:25,0.0,0.0
SPXW,2026-12-18,119,Put,9400.0,SPXW261218P09400000,1609.8,1633.4,1621.6,0.0,0.0,0.0,0.0,0.0,0.15,-0.9929,0.0,1.044,-0.0465,-30.3127,1621.3382,0.0,0.0,0.0,1641.25,no_change,,0.0,0.0
SPX,2026-12-18,119,Call,9600.0,SPX261218C09600000,0.8,1.05,0.925,1.05,0.0,0.0,0.0,6571.0,0.1425,0.0049,0.0,0.7506,-0.0348,0.1154,0.874,0.0,0.0,0.0,0.849999994039536,no_change,2026-08-19T10:22:27,0.0,0.0
SPXW,2026-12-18,119,Call,9600.0,SPXW261218C09600000,0.85,1.0,0.925,1.05,0.0,0.0,0.0,8.0,0.1428,0.0049,0.0,0.7589,-0.0351,0.1168,0.8868,0.0,0.0,0.0,0.849999994039536,down,2026-08-18T09:30:02,0.0,0.0
SPX,2026-12-18,119,Put,9600.0,SPX261218P09600000,1806.6,1829.9,1818.25,1993.84,0.0,0.0,0.0,314.0,0.158,-0.9951,0.0,0.751,-0.0348,-31.0149,1818.0397,0.0,0.0,0.0,1839.04998779297,up,2026-05-15T12:15:25,0.0,0.0
SPXW,2026-12-18,119,Put,9600.0,SPXW261218P09600000,1806.6,1829.8,1818.1999999999998,0.0,0.0,0.0,0.0,0.0,0.1617,-0.9951,0.0,0.7593,-0.0351,-31.0133,1818.0675,0.0,0.0,0.0,1837.75,no_change,,0.0,0.0
SPX,2026-12-18,119,Call,9800.0,SPX261218C09800000,0.55,0.8,0.675,0.62,0.0,0.0,0.0,4146.0,0.1497,0.0036,0.0,0.5681,-0.0274,0.0836,0.6478,0.0,0.0,0.0,0.625,down,2026-08-20T14:24:56,0.0,0.0
SPXW,2026-12-18,119,Call,9800.0,SPXW261218C09800000,0.6,0.75,0.675,1.95,0.0,0.0,0.0,10.0,0.1501,0.0036,0.0,0.5739,-0.0277,0.0845,0.6564,0.0,0.0,0.0,0.625,up,2026-08-04T13:35:07,0.0,0.0
SPX,2026-12-18,119,Put,9800.0,SPX261218P09800000,2003.6,2027.4,2015.5,0.0,0.0,0.0,0.0,0.0,0.17,-0.9965,0.0,0.5681,-0.0274,-31.6942,2014.9249,0.0,0.0,0.0,2036.09997558594,no_change,,0.0,0.0
SPXW,2026-12-18,119,Put,9800.0,SPXW261218P09800000,2003.6,2027.4,2015.5,1925.95,0.0,0.0,0.0,1.0,0.1741,-0.9964,0.0,0.5742,-0.0277,-31.6931,2014.9488,0.0,0.0,0.0,2034.60003662109,down,2026-08-12T14:43:30,0.0,0.0
SPX,2026-12-18,119,Call,10000.0,SPX261218C10000000,0.4,0.6,0.5,0.5,0.05,11.1111,2.0,36957.0,0.1572,0.0027,0.0,0.4442,-0.0224,0.0634,0.5024,0.5,0.5,0.5,0.450000002980232,down,2026-08-21T12:06:09,0.0,0.0
SPXW,2026-12-18,119,Call,10000.0,SPXW261218C10000000,0.4,0.55,0.47500000000000003,0.45,0.0,0.0,0.0,103.0,0.1555,0.0027,0.0,0.4483,-0.0226,0.064,0.5082,0.0,0.0,0.0,0.475000008940697,no_change,2026-08-18T14:46:16,0.0,0.0
SPX,2026-12-18,119,Put,10000.0,SPX261218P10000000,2200.6,2224.5,2212.55,2126.6,0.0,0.0,0.0,444.0,0.1826,-0.9973,0.0,0.4442,-0.0224,-32.3619,2211.8914,0.0,0.0,0.0,2233.15002441406,down,2026-08-12T15:21:02,0.0,0.0
SPXW,2026-12-18,119,Put,10000.0,SPXW261218P10000000,2200.6,2224.5,2212.55,0.0,0.0,0.0,0.0,0.0,0.1869,-0.9973,0.0,0.4485,-0.0226,-32.3611,2211.9125,0.0,0.0,0.0,2231.5,no_change,,0.0,0.0
SPX,2026-12-18,119,Call,10200.0,SPX261218C10200000,0.3,0.55,0.42500000000000004,0.4,0.025,6.66667,1.0,628.0,0.1648,0.0021,0.0,0.3572,-0.0188,0.0495,0.404,0.4,0.4,0.4,0.375,down,2026-08-21T10:31:18,0.0,0.0
SPXW,2026-12-18,119,Call,10200.0,SPXW261218C10200000,0.3,0.5,0.4,0.5,0.0,0.0,0.0,3.0,0.1646,0.0021,0.0,0.36,-0.0189,0.0499,0.4078,0.0,0.0,0.0,0.375,down,2026-08-19T10:17:19,0.0,0.0
SPX,2026-12-18,119,Put,10200.0,SPX261218P10200000,2397.8,2421.6,2409.7,2639.95,0.0,0.0,0.0,112.0,0.1948,-0.9979,0.0,0.3572,-0.0188,-33.0233,2408.905,0.0,0.0,0.0,2430.40002441406,up,2026-06-23T16:01:56,0.0,0.0
SPXW,2026-12-18,119,Put,10200.0,SPXW261218P10200000,2397.7,2421.6,2409.6499999999996,2566.39,0.0,0.0,0.0,1.0,0.1994,-0.9979,0.0,0.3602,-0.0189,-33.0227,2408.924,0.0,0.0,0.0,2428.84997558594,down,2026-07-20T10:01:38,0.0,0.0
SPX,2026-12-18,119,Call,10400.0,SPX261218C10400000,0.2,0.45,0.325,0.4,0.0,0.0,0.0,475.0,0.1732,0.0017,0.0,0.2939,-0.0161,0.0399,0.3344,0.0,0.0,0.0,0.300000004470348,no_change,2026-07-29T15:35:36,0.0,0.0
SPXW,2026-12-18,119,Call,10400.0,SPXW261218C10400000,0.25,0.4,0.325,0.3,0.0,0.0,0.0,5.0,0.172,0.0017,0.0,0.2958,-0.0162,0.0401,0.3368,0.0,0.0,0.0,0.300000004470348,down,2026-08-18T12:14:02,0.0,0.0
SPX,2026-12-18,119,Put,10400.0,SPX261218P10400000,2594.9,2618.8,2606.8500000000004,3184.97,0.0,0.0,0.0,6.0,0.2066,-0.9983,0.0,0.2939,-0.0161,-33.6804,2605.9474,0.0,0.0,0.0,2627.75,down,2026-01-30T15:40:30,0.0,0.0
SPXW,2026-12-18,119,Put,10400.0,SPXW261218P10400000,2594.9,2618.8,2606.8500000000004,2529.87,0.0,0.0,0.0,2.0,0.2114,-0.9983,0.0,0.2959,-0.0162,-33.6799,2605.965,0.0,0.0,0.0,2625.89990234375,up,2026-08-12T11:07:04,0.0,0.0
SPX,2026-12-18,119,Call,10600.0,SPX261218C10600000,0.15,0.4,0.275,0.48,0.0,0.0,0.0,715.0,0.181,0.0014,0.0,0.2461,-0.0141,0.0329,0.2828,0.0,0.0,0.0,0.25,no_change,2026-08-07T11:50:16,0.0,0.0
SPX,2026-12-18,119,Put,10600.0,SPX261218P10600000,2792.1,2815.9,2804.0,2886.14,0.0,0.0,0.0,12.0,0.2192,-0.9986,0.0,0.2462,-0.0141,-34.3349,2803.0078,0.0,0.0,0.0,2825.05004882812,down,2026-06-17T12:45:05,0.0,0.0
SPX,2026-12-18,119,Call,10800.0,SPX261218C10800000,0.15,0.35,0.25,0.44,0.0,0.0,0.0,611.0,0.1894,0.0012,0.0,0.2094,-0.0125,0.0275,0.2433,0.0,0.0,0.0,0.25,up,2026-08-04T11:34:51,0.0,0.0
SPX,2026-12-18,119,Put,10800.0,SPX261218P10800000,2989.3,3013.1,3001.2,3714.02,0.0,0.0,0.0,7.0,0.2316,-0.9988,0.0,0.2094,-0.0125,-34.9878,3000.0802,0.0,0.0,0.0,3022.15002441406,up,2026-03-05T11:20:40,0.0,0.0
SPX,2026-12-18,119,Call,11000.0,SPX261218C11000000,0.15,0.3,0.22499999999999998,0.27,0.0,0.0,0.0,1221.0,0.1974,0.001,0.0,0.1802,-0.0112,0.0233,0.2119,0.0,0.0,0.0,0.225000008940697,no_change,2026-08-12T15:50:29,0.0,0.0
SPX,2026-12-18,119,Put,11000.0,SPX261218P11000000,3186.5,3210.3,3198.4,3114.46,0.0,0.0,0.0,215.0,0.2438,-0.999,0.0,0.1802,-0.0112,-35.6394,3197.1608,0.0,0.0,0.0,3219.20007324219,up,2026-08-05T13:17:23,0.0,0.0
SPX,2026-12-18,119,Call,11200.0,SPX261218C11200000,0.05,0.3,0.175,0.15,0.0,-2.48353e-07,2.0,511.0,0.201,0.0009,0.0,0.1563,-0.01,0.0201,0.1863,0.1,0.15,0.1,0.150000000372529,up,2026-08-21T12:02:16,0.0,0.0
SPX,2026-12-18,119,Put,11200.0,SPX261218P11200000,3383.7,3407.5,3395.6,3380.85,-35.6,-1.04202,1.0,15.0,0.2557,-0.9991,0.0,0.1563,-0.01,-36.2902,3394.2471,3380.85,3380.85,3380.85,3416.44995117188,down,2026-08-21T12:02:16,0.0,0.0
SPX,2026-12-18,119,Call,11400.0,SPX261218C11400000,0.05,0.25,0.15,0.15,0.0,0.0,0.0,451.0,0.2046,0.0008,0.0,0.1367,-0.0091,0.0174,0.1649,0.0,0.0,0.0,0.150000000372529,down,2026-08-17T09:32:40,0.0,0.0
SPX,2026-12-18,119,Put,11400.0,SPX261218P11400000,3580.9,3604.8,3592.8500000000004,3514.66,0.0,0.0,0.0,135.0,0.2686,-0.9993,0.0,0.1367,-0.0091,-36.9404,3591.3377,0.0,0.0,0.0,3613.44995117188,down,2026-08-12T11:35:28,0.0,0.0
SPX,2026-12-18,119,Call,12000.0,SPX261218C12000000,0.05,0.15,0.1,0.1,0.0,0.0,0.0,16986.0,0.2294,0.0005,0.0,0.0944,-0.0069,0.0116,0.1177,0.0,0.0,0.0,0.100000003352761,up,2026-08-18T09:55:14,0.0,0.0
SPX,2026-12-18,119,Put,12000.0,SPX261218P12000000,4173.6,4194.6,4184.1,4131.0,0.0,0.0,0.0,3055.0,0.2977,-0.9995,0.0,0.0944,-0.0069,-38.8886,4182.6265,0.0,0.0,0.0,4205.05004882812,up,2026-08-19T14:02:50,0.0,0.0
SPXW,2026-12-31,132,Call,2600.0,SPXW261231C02600000,5078.8,5102.2,5090.5,4832.13,0.0,0.0,0.0,68.0,0.7307,0.9984,0.0,0.2688,-0.0635,9.3875,5087.3007,0.0,0.0,0.0,5066.94995117188,up,2026-07-30T12:55:47,0.0,0.0
SPXW,2026-12-31,132,Put,2600.0,SPXW261231P02600000,1.5,1.65,1.575,1.6,-0.125,-7.24638,6.0,639.0,0.6658,-0.0018,0.0,0.2688,-0.0635,-0.0548,1.6969,1.65,1.65,1.6,1.72499996423721,down,2026-08-21T11:18:59,0.0,0.0
SPXW,2026-12-31,132,Call,2800.0,SPXW261231C02800000,4882.3,4904.3,4893.3,4783.98,0.0,0.0,0.0,27.0,0.6892,0.998,0.0,0.3214,-0.0721,10.0977,4890.8056,0.0,0.0,0.0,4872.0,up,2026-06-16T11:57:59,0.0,0.0
SPXW,2026-12-31,132,Put,2800.0,SPXW261231P02800000,1.85,2.05,1.95,1.95,-0.175,-8.23529,2.0,1587.0,0.6369,-0.0022,0.0,0.3214,-0.0721,-0.0664,1.9837,1.95,1.95,1.95,2.125,no_change,2026-08-21T13:22:35,0.0,0.0
SPXW,2026-12-31,132,Call,3000.0,SPXW261231C03000000,4685.9,4708.4,4697.15,4802.33,0.0,0.0,0.0,17.0,0.6519,0.9976,0.0,0.3869,-0.0828,10.8048,4694.3944,0.0,0.0,0.0,4675.2998046875,up,2026-08-14T14:04:18,0.0,0.0
SPXW,2026-12-31,132,Put,3000.0,SPXW261231P03000000,2.3,2.5,2.4,2.45,0.0,0.0,0.0,1449.0,0.6075,-0.0027,0.0,0.3869,-0.0828,-0.0812,2.3546,0.0,0.0,0.0,2.57500004768372,down,2026-08-19T12:27:05,0.0,0.0
SPXW,2026-12-31,132,Call,3200.0,SPXW261231C03200000,4489.5,4512.0,4500.75,3785.09,0.0,0.0,0.0,7.0,0.6164,0.9969,0.0,0.469,-0.0958,11.5078,4498.0784,0.0,0.0,0.0,4478.19995117188,down,2026-01-08T11:14:34,0.0,0.0
SPXW,2026-12-31,132,Put,3200.0,SPXW261231P03200000,2.8,3.0,2.9,2.95,-0.2,-6.34921,1.0,864.0,0.5815,-0.0033,0.0,0.469,-0.0958,-0.1,2.8203,2.95,2.95,2.95,3.14999997615814,down,2026-08-21T15:46:45,0.0,0.0
SPXW,2026-12-31,132,Call,3300.0,SPXW261231C03300000,4394.4,4415.3,4404.85,3895.0,0.0,0.0,0.0,1.0,0.6006,0.9966,0.0,0.5168,-0.1031,11.8574,4399.96,0.0,0.0,0.0,4380.44995117188,up,2026-04-30T09:40:32,0.0,0.0
SPXW,2026-12-31,132,Put,3300.0,SPXW261231P03300000,3.1,3.3,3.2,3.3,0.0,0.0,0.0,235.0,0.5672,-0.0037,0.0,0.5168,-0.1031,-0.1112,3.0932,0.0,0.0,0.0,3.44999992847443,down,2026-08-20T09:38:07,0.0,0.0
SPXW,2026-12-31,132,Call,3400.0,SPXW261231C03400000,4293.2,4315.5,4304.35,0.0,0.0,0.0,0.0,0.0,0.5837,0.9961,0.0,0.5687,-0.111,12.2058,4301.8701,0.0,0.0,0.0,4282.35009765625,no_change,,0.0,0.0
SPXW,2026-12-31,132,Put,3400.0,SPXW261231P03400000,3.4,3.6,3.5,4.01,0.0,0.0,0.0,616.0,0.5552,-0.0041,0.0,0.5688,-0.111,-0.1237,3.3943,0.0,0.0,0.0,3.80000007152557,no_change,2026-08-11T11:52:46,0.0,0.0
SPXW,2026-12-31,132,Call,3500.0,SPXW261231C03500000,4195.1,4218.3,4206.700000000001,0.0,0.0,0.0,0.0,0.0,0.5684,0.9957,0.0,0.6251,-0.1195,12.553,4203.8097,0.0,0.0,0.0,4184.05004882812,no_change,,0.0,0.0
SPXW,2026-12-31,132,Put,3500.0,SPXW261231P03500000,3.7,3.9,3.8,3.9,0.0,0.0,0.0,484.0,0.543,-0.0046,0.0,0.6252,-0.1195,-0.1374,3.7249,0.0,0.0,0.0,4.15000009536743,down,2026-08-19T12:33:46,0.0,0.0
SPXW,2026-12-31,132,Call,3600.0,SPXW261231C03600000,4099.8,4121.0,4110.4,0.0,0.0,0.0,0.0,0.0,0.5533,0.9952,0.0,0.6868,-0.1286,12.8989,4105.7797,0.0,0.0,0.0,4086.90002441406,no_change,,0.0,0.0
SPXW,2026-12-31,132,Put,3600.0,SPXW261231P03600000,4.1,4.3,4.199999999999999,4.5,0.0,0.0,0.0,912.0,0.5298,-0.0051,0.0,0.6868,-0.1286,-0.1524,4.0859,0.0,0.0,0.0,4.54999995231628,up,2026-08-17T15:57:00,0.0,0.0
SPXW,2026-12-31,132,Call,3700.0,SPXW261231C03700000,3999.0,4021.4,4010.2,0.0,0.0,0.0,0.0,0.0,0.5395,0.9946,0.0,0.7546,-0.1381,13.2432,4007.7814,0.0,0.0,0.0,3988.25,no_change,,0.0,0.0
SPXW,2026-12-31,132,Put,3700.0,SPXW261231P03700000,4.4,4.7,4.550000000000001,4.94,0.0,0.0,0.0,704.0,0.5179,-0.0056,0.0,0.7546,-0.1381,-0.1691,4.4786,0.0,0.0,0.0,4.95000004768372,down,2026-08-12T09:48:51,0.0,0.0
SPXW,2026-12-31,132,Call,3800.0,SPXW261231C03800000,3901.0,3923.4,3912.2,0.0,0.0,0.0,0.0,0.0,0.5247,0.994,0.0,0.8287,-0.1482,13.5855,3909.8169,0.0,0.0,0.0,3890.90002441406,no_change,,0.0,0.0
SPXW,2026-12-31,132,Put,3800.0,SPXW261231P03800000,4.8,5.1,4.949999999999999,5.81,0.0,0.0,0.0,348.0,0.5059,-0.0062,0.0,0.8288,-0.1483,-0.1876,4.9051,0.0,0.0,0.0,5.40000009536743,down,2026-08-07T11:07:40,0.0,0.0
SPXW,2026-12-31,132,Call,3900.0,SPXW261231C03900000,3803.1,3826.2,3814.6499999999996,0.0,0.0,0.0,0.0,0.0,0.511,0.9933,0.0,0.9085,-0.1589,13.926,3811.8883,0.0,0.0,0.0,3792.30004882812,no_change,,0.0,0.0
SPXW,2026-12-31,132,Put,3900.0,SPXW261231P03900000,5.3,5.5,5.4,5.46,-0.44,-7.45763,4.0,460.0,0.4949,-0.0069,0.0,0.9086,-0.1589,-0.2081,5.3675,5.49,5.49,5.46,5.90000009536743,down,2026-08-21T10:25:04,0.0,0.0
SPXW,2026-12-31,132,Call,4000.0,SPXW261231C04000000,3705.1,3726.7,3715.8999999999996,3822.51,0.0,0.0,0.0,25.0,0.4984,0.9926,0.0,0.9937,-0.1701,14.2646,3713.9971,0.0,0.0,0.0,3694.69995117188,up,2026-08-14T14:04:18,0.0,0.0
SPXW,2026-12-31,132,Put,4000.0,SPXW261231P04000000,5.8,6.0,5.9,5.92,-0.48,-7.5,4.0,467.0,0.483,-0.0076,0.0,0.9938,-0.1701,-0.2303,5.8673,5.92,5.92,5.92,6.40000009536743,no_change,2026-08-21T10:24:25,0.0,0.0
SPXW,2026-12-31,132,Call,4100.0,SPXW261231C04100000,3607.2,3630.5,3618.85,0.0,0.0,0.0,0.0,0.0,0.4857,0.9918,0.0,1.0854,-0.1819,14.6015,3616.1447,0.0,0.0,0.0,3596.60009765625,no_change,,0.0,0.0
SPXW,2026-12-31,132,Put,4100.0,SPXW261231P04100000,6.3,6.5,6.4,6.6,0.0,0.0,0.0,183.0,0.4716,-0.0085,0.0,1.0855,-0.1819,-0.2544,6.406,0.0,0.0,0.0,7.0,up,2026-08-13T13:08:07,0.0,0.0
SPXW,2026-12-31,132,Call,4200.0,SPXW261231C04200000,3511.2,3533.2,3522.2,2842.54,0.0,0.0,0.0,3.0,0.473,0.9909,0.0,1.1851,-0.1942,14.9361,3518.3329,0.0,0.0,0.0,3499.54992675781,no_change,2026-01-05T11:30:20,0.0,0.0
SPXW,2026-12-31,132,Put,4200.0,SPXW261231P04200000,6.8,7.1,6.949999999999999,6.87,0.0,0.0,0.0,637.0,0.4608,-0.0094,0.0,1.1852,-0.1942,-0.2806,6.9852,0.0,0.0,0.0,7.59999990463257,no_change,2026-08-14T15:48:32,0.0,0.0
SPXW,2026-12-31,132,Call,4300.0,SPXW261231C04300000,3411.5,3434.1,3422.8,0.0,0.0,0.0,0.0,0.0,0.4602,0.9899,0.0,1.2936,-0.207,15.268,3420.565,0.0,0.0,0.0,3401.10009765625,no_change,,0.0,0.0
SPXW,2026-12-31,132,Put,4300.0,SPXW261231P04300000,7.4,7.7,7.550000000000001,8.4,0.0,0.0,0.0,1632.0,0.4498,-0.0103,0.0,1.2938,-0.207,-0.3097,7.6084,0.0,0.0,0.0,8.25,up,2026-08-18T11:19:39,0.0,0.0
SPXW,2026-12-31,132,Call,4400.0,SPXW261231C04400000,3313.7,3337.1,3325.3999999999996,3104.5,0.0,0.0,0.0,1.0,0.4489,0.9888,0.0,1.4105,-0.2203,15.5967,3322.845,0.0,0.0,0.0,3303.39990234375,up,2026-05-11T10:04:59,0.0,0.0
SPXW,2026-12-31,132,Put,4400.0,SPXW261231P04400000,8.1,8.4,8.25,8.36,-0.64,-7.11111,4.0,879.0,0.439,-0.0114,0.0,1.4106,-0.2203,-0.3419,8.2794,8.39,8.39,8.36,9.0,down,2026-08-21T10:25:04,0.0,0.0
SPXW,2026-12-31,132,Call,4500.0,SPXW261231C04500000,3216.0,3239.4,3227.7,3115.52,0.0,0.0,0.0,6.0,0.4367,0.9877,0.0,1.5349,-0.2343,15.9227,3225.177,0.0,0.0,0.0,3206.09997558594,up,2026-07-09T14:41:44,0.0,0.0
SPXW,2026-12-31,132,Put,4500.0,SPXW261231P04500000,8.8,9.1,8.95,9.0,-0.8,-8.16326,54.0,552.0,0.4283,-0.0126,0.0,1.5351,-0.2343,-0.3768,9.0024,9.17,9.17,9.0,9.7999997138977,down,2026-08-21T13:29:50,0.0,0.0
SPXW,2026-12-31,132,Call,4550.0,SPXW261231C04550000,3170.4,3191.0,3180.7,0.0,0.0,0.0,0.0,0.0,0.4313,0.9871,0.0,1.6002,-0.2414,16.0846,3176.3635,0.0,0.0,0.0,3157.34997558594,no_change,,0.0,0.0
SPXW,2026-12-31,132,Put,4550.0,SPXW261231P04550000,9.2,9.5,9.35,9.47,-0.73,-7.15687,2.0,89.0,0.4232,-0.0132,0.0,1.6004,-0.2415,-0.3954,9.3846,9.43,9.47,9.43,10.2000002861023,up,2026-08-21T10:25:04,0.0,0.0
SPXW,2026-12-31,132,Call,4600.0,SPXW261231C04600000,3118.3,3141.7,3130.0,2855.12,0.0,0.0,0.0,1.0,0.4257,0.9864,0.0,1.6679,-0.2488,16.2458,3127.5645,0.0,0.0,0.0,3108.25,up,2026-06-24T13:39:12,0.0,0.0
SPXW,2026-12-31,132,Put,4600.0,SPXW261231P04600000,9.6,9.9,9.75,13.4,0.0,0.0,0.0,295.0,0.4177,-0.0138,0.0,1.6681,-0.2488,-0.4146,9.7811,0.0,0.0,0.0,10.6500000953674,down,2026-08-03T14:04:03,0.0,0.0
SPXW,2026-12-31,132,Call,4650.0,SPXW261231C04650000,3069.5,3092.3,3080.9,0.0,0.0,0.0,0.0,0.0,0.4202,0.9857,0.0,1.7384,-0.2563,16.4062,3078.7804,0.0,0.0,0.0,3059.94995117188,no_change,,0.0,0.0
SPXW,2026-12-31,132,Put,4650.0,SPXW261231P04650000,10.0,10.3,10.15,10.37,-0.73,-6.57658,22.0,116.0,0.4128,-0.0145,0.0,1.7386,-0.2563,-0.4347,10.1926,10.4,10.4,10.35,11.0999999046326,up,2026-08-21T09:48:12,0.0,0.0
SPXW,2026-12-31,132,Call,4700.0,SPXW261231C04700000,3020.7,3043.7,3032.2,2966.88,0.0,0.0,0.0,1.0,0.4146,0.985,0.0,1.8121,-0.264,16.5655,3030.0121,0.0,0.0,0.0,3011.09997558594,up,2026-05-28T12:50:20,0.0,0.0
SPXW,2026-12-31,132,Put,4700.0,SPXW261231P04700000,10.4,10.7,10.55,11.49,0.0,0.0,0.0,562.0,0.4078,-0.0152,0.0,1.8124,-0.264,-0.4558,10.6198,0.0,0.0,0.0,11.5499997138977,no_change,2026-08-11T11:14:04,0.0,0.0
SPXW,2026-12-31,132,Call,4750.0,SPXW261231C04750000,2975.2,2995.8,2985.5,0.0,0.0,0.0,0.0,0.0,0.4089,0.9843,0.0,1.8892,-0.2718,16.7238,2981.2604,0.0,0.0,0.0,2962.34997558594,no_change,,0.0,0.0
SPXW,2026-12-31,132,Put,4750.0,SPXW261231P04750000,10.9,11.1,11.0,12.05,0.0,0.0,0.0,330.0,0.4024,-0.016,0.0,1.8894,-0.2718,-0.478,11.0636,0.0,0.0,0.0,12.0499997138977,no_change,2026-08-18T14:28:32,0.0,0.0
SPXW,2026-12-31,132,Call,4800.0,SPXW261231C04800000,2925.4,2947.1,2936.25,2728.22,0.0,0.0,0.0,2.0,0.4037,0.9835,0.0,1.9697,-0.2798,16.8808,2932.5265,0.0,0.0,0.0,2913.19995117188,up,2026-06-24T11:52:11,0.0,0.0
SPXW,2026-12-31,132,Put,4800.0,SPXW261231P04800000,11.3,11.6,11.45,12.55,0.0,0.0,0.0,576.0,0.3975,-0.0168,0.0,1.9699,-0.2798,-0.5015,11.5253,0.0,0.0,0.0,12.5499997138977,down,2026-08-18T15:33:57,0.0,0.0
SPXW,2026-12-31,132,Call,4850.0,SPXW261231C04850000,2877.8,2898.3,2888.05,0.0,0.0,0.0,0.0,0.0,0.398,0.9826,0.0,2.0534,-0.2879,17.0364,2883.8116,0.0,0.0,0.0,2865.15002441406,no_change,,0.0,0.0
SPXW,2026-12-31,132,Put,4850.0,SPXW261231P04850000,11.8,12.1,11.95,13.77,0.0,0.0,0.0,225.0,0.3925,-0.0176,0.0,2.0537,-0.288,-0.5263,12.0059,0.0,0.0,0.0,13.0999999046326,no_change,2026-08-06T10:12:59,0.0,0.0
SPXW,2026-12-31,132,Call,4900.0,SPXW261231C04900000,2825.7,2849.2,2837.45,2693.53,0.0,0.0,0.0,5.0,0.3927,0.9818,0.0,2.1403,-0.2963,17.1908,2835.1168,0.0,0.0,0.0,2816.34997558594,up,2026-06-30T13:50:32,0.0,0.0
SPXW,2026-12-31,132,Put,4900.0,SPXW261231P04900000,12.3,12.6,12.45,12.72,-0.93,-6.81319,4.0,276.0,0.3875,-0.0184,0.0,2.1406,-0.2963,-0.5524,12.5067,12.59,12.72,12.59,13.6500000953674,up,2026-08-21T10:25:04,0.0,0.0
SPXW,2026-12-31,132,Call,4950.0,SPXW261231C04950000,2780.4,2800.9,2790.65,0.0,0.0,0.0,0.0,0.0,0.3874,0.9809,0.0,2.23,-0.3049,17.3439,2786.4435,0.0,0.0,0.0,2767.75,no_change,,0.0,0.0
SPXW,2026-12-31,132,Put,4950.0,SPXW261231P04950000,12.9,13.1,13.0,13.15,0.0,0.0,0.0,134.0,0.3823,-0.0194,0.0,2.2303,-0.3049,-0.5797,13.029,0.0,0.0,0.0,14.25,down,2026-08-19T16:10:40,0.0,0.0
SPXW,2026-12-31,132,Call,5000.0,SPXW261231C05000000,2732.0,2752.3,2742.15,2742.38,23.0801,0.848751,1.0,52.0,0.382,0.9799,0.0,2.3227,-0.3136,17.4958,2737.7928,2742.38,2742.38,2742.38,2719.29992675781,down,2026-08-21T13:32:09,0.0,0.0
SPXW,2026-12-31,132,Put,5000.0,SPXW261231P05000000,13.4,13.7,13.55,13.55,-1.3,-8.75421,7.0,1171.0,0.3776,-0.0203,0.0,2.3231,-0.3136,-0.6083,13.5739,13.89,13.89,13.55,14.8499999046326,down,2026-08-21T13:32:09,0.0,0.0
SPXW,2026-12-31,132,Call,5050.0,SPXW261231C05050000,2683.1,2703.6,2693.35,0.0,0.0,0.0,0.0,0.0,0.3769,0.9789,0.0,2.4188,-0.3226,17.6464,2689.1661,0.0,0.0,0.0,2670.65002441406,no_change,,0.0,0.0
SPXW,2026-12-31,132,Put,5050.0,SPXW261231P05050000,14.0,14.3,14.15,14.36,0.0,0.0,0.0,77.0,0.3726,-0.0213,0.0,2.4191,-0.3226,-0.6381,14.1427,0.0,0.0,0.0,15.4500002861023,no_change,2026-08-13T11:44:10,0.0,0.0
SPXW,2026-12-31,132,Call,5100.0,SPXW261231C05100000,2634.5,2655.0,2644.75,2053.67,0.0,0.0,0.0,1.0,0.3718,0.9778,0.0,2.5187,-0.3318,17.7958,2640.5644,0.0,0.0,0.0,2622.19995117188,up,2026-01-26T10:19:48,0.0,0.0
SPXW,2026-12-31,132,Put,5100.0,SPXW261231P05100000,14.6,14.9,14.75,15.93,0.0,0.0,0.0,291.0,0.3676,-0.0224,0.0,2.519,-0.3318,-0.6692,14.7366,0.0,0.0,0.0,16.1499996185303,up,2026-08-20T13:43:00,0.0,0.0
SPXW,2026-12-31,132,Call,5150.0,SPXW261231C05150000,2582.4,2606.1,2594.25,0.0,0.0,0.0,0.0,0.0,0.3667,0.9767,0.0,2.6231,-0.3412,17.9436,2591.9893,0.0,0.0,0.0,2573.15002441406,no_change,,0.0,0.0
SPXW,2026-12-31,132,Put,5150.0,SPXW261231P05150000,15.2,15.5,15.35,16.6,0.0,0.0,0.0,48.0,0.3626,-0.0235,0.0,2.6235,-0.3413,-0.7019,15.3572,0.0,0.0,0.0,16.75,up,2026-08-11T10:11:19,0.0,0.0
SPXW,2026-12-31,132,Call,5200.0,SPXW261231C05200000,2536.1,2557.8,2546.95,0.0,0.0,0.0,0.0,0.0,0.3614,0.9756,0.0,2.7327,-0.3509,18.0896,2543.4427,0.0,0.0,0.0,2525.19995117188,no_change,,0.0,0.0
SPXW,2026-12-31,132,Put,5200.0,SPXW261231P05200000,15.8,16.2,16.0,16.35,-1.15,-6.57143,2.0,635.0,0.3578,-0.0247,0.0,2.7329,-0.3509,-0.7363,16.005,16.35,16.35,16.35,17.5,down,2026-08-21T10:34:52,0.0,0.0
SPXW,2026-12-31,132,Call,5250.0,SPXW261231C05250000,2485.3,2508.4,2496.8500000000004,0.0,0.0,0.0,0.0,0.0,0.3565,0.9743,0.0,2.8478,-0.3608,18.2335,2494.9266,0.0,0.0,0.0,2476.55004882812,no_change,,0.0,0.0
SPXW,2026-12-31,132,Put,5250.0,SPXW261231P05250000,16.5,16.8,16.65,17.65,0.0,0.0,0.0,551.0,0.353,-0.0259,0.0,2.8482,-0.3609,-0.7729,16.6857,0.0,0.0,0.0,18.25,up,2026-08-17T13:23:49,0.0,0.0
SPXW,2026-12-31,132,Call,5275.0,SPXW261231C05275000,2461.1,2482.7,2471.8999999999996,0.0,0.0,0.0,0.0,0.0,0.3538,0.9737,0.0,2.9074,-0.3659,18.3046,2470.6808,0.0,0.0,0.0,2452.40002441406,no_change,,0.0,0.0
SPXW,2026-12-31,132,Put,5275.0,SPXW261231P05275000,16.9,17.2,17.049999999999997,18.5,0.0,0.0,0.0,84.0,0.3506,-0.0265,0.0,2.9079,-0.366,-0.792,17.0377,0.0,0.0,0.0,18.6499996185303,down,2026-08-20T15:41:34,0.0,0.0
SPXW,2026-12-31,132,Call,5300.0,SPXW261231C05300000,2436.8,2460.1,2448.45,2253.58,0.0,0.0,0.0,1.0,0.3515,0.973,0.0,2.9684,-0.371,18.375,2446.4435,0.0,0.0,0.0,2427.65002441406,up,2026-05-11T10:01:03,0.0,0.0
SPXW,2026-12-31,132,Put,5300.0,SPXW261231P05300000,17.2,17.6,17.4,18.0,0.0,0.0,0.0,474.0,0.3483,-0.0272,0.0,2.9687,-0.3711,-0.8117,17.3975,0.0,0.0,0.0,19.0500001907349,down,2026-08-19T09:45:26,0.0,0.0
SPXW,2026-12-31,132,Call,5325.0,SPXW261231C05325000,2412.6,2435.8,2424.2,0.0,0.0,0.0,0.0,0.0,0.3488,0.9724,0.0,3.0307,-0.3762,18.4449,2422.2152,0.0,0.0,0.0,2403.89990234375,no_change,,0.0,0.0
SPXW,2026-12-31,132,Put,5325.0,SPXW261231P05325000,17.6,17.9,17.75,18.5,0.0,0.0,0.0,865.0,0.3459,-0.0279,0.0,3.031,-0.3763,-0.8321,17.767,0.0,0.0,0.0,19.4499998092651,no_change,2026-08-20T09:39:08,0.0,0.0
SPXW,2026-12-31,132,Call,5350.0,SPXW261231C05350000,2388.4,2412.1,2400.25,0.0,0.0,0.0,0.0,0.0,0.3464,0.9717,0.0,3.0942,-0.3815,18.5142,2397.9962,0.0,0.0,0.0,2379.40002441406,no_change,,0.0,0.0
SPXW,2026-12-31,132,Put,5350.0,SPXW261231P05350000,18.0,18.3,18.15,17.95,-1.9,-9.57179,15.0,938.0,0.3434,-0.0286,0.0,3.0944,-0.3815,-0.853,18.1452,18.55,18.65,17.95,19.8500003814697,down,2026-08-21T15:37:12,0.0,0.0
SPXW,2026-12-31,132,Call,5375.0,SPXW261231C05375000,2367.8,2388.1,2377.95,0.0,0.0,0.0,0.0,0.0,0.344,0.9709,0.0,3.1588,-0.3869,18.5828,2373.7868,0.0,0.0,0.0,2355.55004882812,no_change,,0.0,0.0
SPXW,2026-12-31,132,Put,5375.0,SPXW261231P05375000,18.4,18.7,18.549999999999997,18.35,0.0,0.0,0.0,50.0,0.341,-0.0293,0.0,3.1592,-0.3869,-0.8746,18.5341,0.0,0.0,0.0,20.25,down,2026-08-14T15:44:07,0.0,0.0
SPXW,2026-12-31,132,Call,5400.0,SPXW261231C05400000,2342.2,2363.9,2353.05,2277.4,0.0,0.0,0.0,3.0,0.3416,0.9702,0.0,3.2247,-0.3923,18.6509,2349.5873,0.0,0.0,0.0,2331.34997558594,up,2026-07-15T16:01:07,0.0,0.0
SPXW,2026-12-31,132,Put,5400.0,SPXW261231P05400000,18.8,19.1,18.950000000000003,19.65,0.0,0.0,0.0,297.0,0.3387,-0.03,0.0,3.225,-0.3923,-0.8968,18.9325,0.0,0.0,0.0,20.6999998092651,down,2026-08-19T09:33:04,0.0,0.0
SPXW,2026-12-31,132,Call,5425.0,SPXW261231C05425000,2319.3,2339.7,2329.5,0.0,0.0,0.0,0.0,0.0,0.3391,0.9694,0.0,3.2917,-0.3978,18.7184,2325.3981,0.0,0.0,0.0,2307.25,no_change,,0.0,0.0
SPXW,2026-12-31,132,Put,5425.0,SPXW261231P05425000,19.2,19.5,19.35,19.35,-1.8,-8.51064,122.0,267.0,0.3363,-0.0308,0.0,3.2917,-0.3978,-0.9194,19.3388,19.85,19.85,19.35,21.1499996185303,no_change,2026-08-21T14:01:59,0.0,0.0
SPXW,2026-12-31,132,Call,5450.0,SPXW261231C05450000,2291.6,2315.3,2303.45,2102.04,0.0,0.0,0.0,1.0,0.3366,0.9687,0.0,3.36,-0.4034,18.7854,2301.2195,0.0,0.0,0.0,2283.10009765625,up,2026-07-23T09:41:18,0.0,0.0
SPXW,2026-12-31,132,Put,5450.0,SPXW261231P05450000,19.6,19.9,19.75,21.1,0.0,0.0,0.0,2005.0,0.3341,-0.0316,0.0,3.36,-0.4034,-0.9426,19.758,0.0,0.0,0.0,21.5999994277954,up,2026-08-20T11:23:43,0.0,0.0
SPXW,2026-12-31,132,Call,5475.0,SPXW261231C05475000,2269.9,2291.3,2280.6000000000004,0.0,0.0,0.0,0.0,0.0,0.3341,0.9679,0.0,3.4294,-0.4091,18.8518,2277.0518,0.0,0.0,0.0,2259.19995117188,no_change,,0.0,0.0
SPXW,2026-12-31,132,Put,5475.0,SPXW261231P05475000,20.0,20.4,20.2,22.23,0.0,0.0,0.0,3040.0,0.3316,-0.0324,0.0,3.4299,-0.4091,-0.9666,20.1911,0.0,0.0,0.0,22.0999994277954,up,2026-08-18T10:06:43,0.0,0.0
SPXW,2026-12-31,132,Call,5500.0,SPXW261231C05500000,2243.2,2267.0,2255.1,2259.33,24.4301,1.09312,4.0,95.0,0.3316,0.967,0.0,3.5003,-0.4148,18.9176,2252.8953,2259.26,2259.33,2259.26,2234.89990234375,up,2026-08-21T15:12:13,0.0,0.0
SPXW,2026-12-31,132,Put,5500.0,SPXW261231P05500000,20.4,20.8,20.6,20.5,-2.05,-9.09091,10.0,2935.0,0.3293,-0.0332,0.0,3.5003,-0.4148,-0.9909,20.6293,21.2,21.2,20.5,22.5500001907349,down,2026-08-21T15:24:46,0.0,0.0
SPXW,2026-12-31,132,Call,5525.0,SPXW261231C05525000,2222.8,2243.0,2232.9,0.0,0.0,0.0,0.0,0.0,0.3294,0.9662,0.0,3.5727,-0.4207,18.9829,2228.7504,0.0,0.0,0.0,2210.90002441406,no_change,,0.0,0.0
SPXW,2026-12-31,132,Put,5525.0,SPXW261231P05525000,20.9,21.3,21.1,23.38,0.0,0.0,0.0,14.0,0.3269,-0.034,0.0,3.5731,-0.4207,-1.016,21.0847,0.0,0.0,0.0,23.0500001907349,no_change,2026-08-18T16:07:44,0.0,0.0
SPXW,2026-12-31,132,Call,5550.0,SPXW261231C05550000,2194.9,2218.7,2206.8,2135.17,0.0,0.0,0.0,11.0,0.3268,0.9653,0.0,3.6468,-0.4266,19.0474,2204.6175,0.0,0.0,0.0,2186.84997558594,down,2026-06-15T10:11:30,0.0,0.0
SPXW,2026-12-31,132,Put,5550.0,SPXW261231P05550000,21.3,21.7,21.5,23.65,0.0,0.0,0.0,155.0,0.3248,-0.0349,0.0,3.6468,-0.4266,-1.0415,21.5469,0.0,0.0,0.0,23.5500001907349,no_change,2026-08-18T12:10:53,0.0,0.0
SPXW,2026-12-31,132,Call,5575.0,SPXW261231C05575000,2174.5,2194.7,2184.6,0.0,0.0,0.0,0.0,0.0,0.3245,0.9644,0.0,3.7227,-0.4326,19.1114,2180.4969,0.0,0.0,0.0,2162.15002441406,no_change,,0.0,0.0
SPXW,2026-12-31,132,Put,5575.0,SPXW261231P05575000,21.8,22.2,22.0,22.02,0.0,0.0,0.0,105.0,0.3224,-0.0358,0.0,3.7227,-0.4326,-1.0678,22.0241,0.0,0.0,0.0,24.0999994277954,down,2026-08-19T16:00:21,0.0,0.0
SPXW,2026-12-31,132,Call,5600.0,SPXW261231C05600000,2146.7,2170.5,2158.6,2203.65,0.0,0.0,0.0,11.0,0.3222,0.9635,0.0,3.8006,-0.4387,19.1745,2156.389,0.0,0.0,0.0,2138.75,up,2026-08-19T14:50:52,0.0,0.0
SPXW,2026-12-31,132,Put,5600.0,SPXW261231P05600000,22.3,22.7,22.5,22.43,0.0,0.0,0.0,241.0,0.3201,-0.0367,0.0,3.8006,-0.4387,-1.0949,22.5139,0.0,0.0,0.0,24.5999994277954,down,2026-08-19T16:00:21,0.0,0.0
SPXW,2026-12-31,132,Call,5625.0,SPXW261231C05625000,2126.2,2146.5,2136.35,0.0,0.0,0.0,0.0,0.0,0.3198,0.9626,0.0001,3.8805,-0.4449,19.2368,2132.2944,0.0,0.0,0.0,2114.05004882812,no_change,,0.0,0.0
SPXW,2026-12-31,132,Put,5625.0,SPXW261231P05625000,22.8,23.2,23.0,23.5,-1.7,-6.74603,1.0,64.0,0.3178,-0.0377,0.0001,3.8805,-0.4449,-1.1228,23.0171,23.5,23.5,23.5,25.1999998092651,up,2026-08-21T10:30:11,0.0,0.0
SPXW,2026-12-31,132,Call,5650.0,SPXW261231C05650000,2102.1,2122.4,2112.25,2011.3,0.0,0.0,0.0,0.0,0.3175,0.9616,0.0001,3.9627,-0.4512,19.2981,2108.2135,0.0,0.0,0.0,2090.0,no_change,2026-06-05T10:06:23,0.0,0.0
SPXW,2026-12-31,132,Put,5650.0,SPXW261231P05650000,23.3,23.7,23.5,23.8,0.0,0.0,0.0,131.0,0.3156,-0.0387,0.0001,3.9631,-0.4512,-1.1519,23.5369,0.0,0.0,0.0,25.75,down,2026-08-19T14:37:58,0.0,0.0
SPXW,2026-12-31,132,Call,5675.0,SPXW261231C05675000,2076.7,2098.3,2087.5,0.0,0.0,0.0,0.0,0.0,0.315,0.9606,0.0001,4.047,-0.4575,19.3585,2084.147,0.0,0.0,0.0,2066.64990234375,no_change,,0.0,0.0
SPXW,2026-12-31,132,Put,5675.0,SPXW261231P05675000,23.8,24.2,24.0,26.22,0.0,0.0,0.0,261.0,0.3132,-0.0397,0.0001,4.0475,-0.4575,-1.1818,24.0682,0.0,0.0,0.0,26.3000001907349,no_change,2026-08-20T15:54:52,0.0,0.0
SPXW,2026-12-31,132,Call,5700.0,SPXW261231C05700000,2053.9,2074.3,2064.1000000000004,2107.35,0.0,0.0,0.0,12.0,0.3126,0.9595,0.0001,4.1334,-0.464,19.4178,2060.0953,0.0,0.0,0.0,2042.64996337891,up,2026-08-19T14:50:52,0.0,0.0
SPXW,2026-12-31,132,Put,5700.0,SPXW261231P05700000,24.4,24.8,24.6,26.88,0.0,0.0,0.0,1103.0,0.3108,-0.0407,0.0001,4.1339,-0.464,-1.2127,24.6144,0.0,0.0,0.0,26.9000005722046,no_change,2026-08-20T15:54:52,0.0,0.0
SPXW,2026-12-31,132,Call,5710.0,SPXW261231C05710000,2040.7,2063.8,2052.25,0.0,0.0,0.0,0.0,0.0,0.3117,0.9591,0.0001,4.1686,-0.4666,19.4412,2050.479,0.0,0.0,0.0,2032.85003662109,no_change,,0.0,0.0
SPXW,2026-12-31,132,Put,5710.0,SPXW261231P05710000,24.6,25.0,24.8,27.4,0.0,0.0,0.0,47.0,0.3101,-0.0411,0.0001,4.1691,-0.4666,-1.2254,24.8372,0.0,0.0,0.0,27.1499996185303,no_change,2026-08-18T16:13:26,0.0,0.0
SPXW,2026-12-31,132,Call,5720.0,SPXW261231C05720000,2031.1,2054.4,2042.75,0.0,0.0,0.0,0.0,0.0,0.3108,0.9587,0.0001,4.2041,-0.4692,19.4644,2040.8652,0.0,0.0,0.0,2022.84997558594,no_change,,0.0,0.0
SPXW,2026-12-31,132,Put,5720.0,SPXW261231P05720000,24.8,25.2,25.0,25.22,0.0,0.0,0.0,347.0,0.3091,-0.0416,0.0001,4.2046,-0.4692,-1.2382,25.0625,0.0,0.0,0.0,27.4000005722046,no_change,2026-08-14T10:34:09,0.0,0.0
SPXW,2026-12-31,132,Call,5725.0,SPXW261231C05725000,2029.9,2050.2,2040.05,0.0,0.0,0.0,0.0,0.0,0.3104,0.9584,0.0001,4.222,-0.4705,19.476,2036.0592,0.0,0.0,0.0,2018.04998779297,no_change,,0.0,0.0
SPXW,2026-12-31,132,Put,5725.0,SPXW261231P05725000,24.9,25.3,25.1,27.8,0.0,0.0,0.0,199.0,0.3086,-0.0418,0.0001,4.2225,-0.4706,-1.2447,25.1761,0.0,0.0,0.0,27.5,no_change,2026-08-18T16:13:26,0.0,0.0
SPXW,2026-12-31,132,Call,5730.0,SPXW261231C05730000,2024.4,2045.4,2034.9,0.0,0.0,0.0,0.0,0.0,0.31,0.9582,0.0001,4.2399,-0.4719,19.4875,2031.254,0.0,0.0,0.0,2013.25,no_change,,0.0,0.0
SPXW,2026-12-31,132,Put,5730.0,SPXW261231P05730000,25.0,25.5,25.25,27.31,0.0,0.0,0.0,13.0,0.3082,-0.042,0.0001,4.2404,-0.4719,-1.2513,25.2904,0.0,0.0,0.0,27.6499996185303,down,2026-08-20T13:43:00,0.0,0.0
SPXW,2026-12-31,132,Call,5740.0,SPXW261231C05740000,2014.2,2035.8,2025.0,0.0,0.0,0.0,0.0,0.0,0.3091,0.9578,0.0001,4.276,-0.4745,19.5104,2021.6453,0.0,0.0,0.0,2004.0,no_change,,0.0,0.0
SPXW,2026-12-31,132,Put,5740.0,SPXW261231P05740000,25.3,25.7,25.5,41.23,0.0,0.0,0.0,42.0,0.3073,-0.0424,0.0001,4.276,-0.4745,-1.2643,25.5176,0.0,0.0,0.0,27.9000005722046,up,2026-07-31T11:06:35,0.0,0.0
SPXW,2026-12-31,132,Call,5750.0,SPXW261231C05750000,2002.2,2025.5,2013.85,0.0,0.0,0.0,0.0,0.0,0.3079,0.9574,0.0001,4.3125,-0.4772,19.5331,2012.0393,0.0,0.0,0.0,1994.70001220703,no_change,,0.0,0.0
SPXW,2026-12-31,132,Put,5750.0,SPXW261231P05750000,25.5,25.9,25.7,28.0,0.0,0.0,0.0,741.0,0.3065,-0.0429,0.0001,4.3125,-0.4772,-1.2777,25.7507,0.0,0.0,0.0,28.1499996185303,down,2026-08-18T12:50:06,0.0,0.0
SPXW,2026-12-31,132,Call,5760.0,SPXW261231C05760000,1995.6,2016.6,2006.1,0.0,0.0,0.0,0.0,0.0,0.307,0.9569,0.0001,4.3492,-0.4799,19.5556,2002.4361,0.0,0.0,0.0,1984.85003662109,no_change,,0.0,0.0
SPXW,2026-12-31,132,Put,5760.0,SPXW261231P05760000,25.7,26.2,25.95,26.5,0.0,0.0,0.0,15.0,0.3055,-0.0433,0.0001,4.3492,-0.4799,-1.2912,25.9865,0.0,0.0,0.0,28.4000005722046,up,2026-08-13T12:40:24,0.0,0.0
SPXW,2026-12-31,132,Call,5770.0,SPXW261231C05770000,1986.0,2007.0,1996.5,1312.51,0.0,0.0,0.0,1.0,0.3061,0.9564,0.0001,4.3862,-0.4826,19.578,1992.8355,0.0,0.0,0.0,1975.35003662109,up,2026-04-10T09:52:30,0.0,0.0
SPXW,2026-12-31,132,Put,5770.0,SPXW261231P05770000,26.0,26.4,26.2,30.05,0.0,0.0,0.0,50.0,0.3046,-0.0438,0.0001,4.3862,-0.4826,-1.305,26.2251,0.0,0.0,0.0,28.6999998092651,up,2026-08-05T09:55:55,0.0,0.0
SPXW,2026-12-31,132,Call,5775.0,SPXW261231C05775000,1981.8,2002.2,1992.0,0.0,0.0,0.0,0.0,0.0,0.3057,0.9562,0.0001,4.4048,-0.484,19.5891,1988.0363,0.0,0.0,0.0,1970.15002441406,no_change,,0.0,0.0
SPXW,2026-12-31,132,Put,5775.0,SPXW261231P05775000,26.1,26.5,26.3,26.25,0.0,0.0,0.0,544.0,0.3041,-0.044,0.0001,4.4048,-0.484,-1.3119,26.3454,0.0,0.0,0.0,28.8000001907349,no_change,2026-08-19T16:00:16,0.0,0.0
SPXW,2026-12-31,132,Call,5780.0,SPXW261231C05780000,1976.4,1997.4,1986.9,1982.3,16.35,0.831662,1.0,1.0,0.3052,0.956,0.0001,4.4235,-0.4853,19.6001,1983.2377,1982.3,1982.3,1982.3,1965.94995117188,up,2026-08-21T09:45:20,0.0,0.0
SPXW,2026-12-31,132,Put,5780.0,SPXW261231P05780000,26.2,26.6,26.4,27.1,-1.8,-6.22838,1.0,116.0,0.3037,-0.0442,0.0001,4.4235,-0.4853,-1.3189,26.4664,27.1,27.1,27.1,28.9000005722046,up,2026-08-21T09:45:20,0.0,0.0
SPXW,2026-12-31,132,Call,5790.0,SPXW261231C05790000,1963.8,1987.0,1975.4,0.0,0.0,0.0,0.0,0.0,0.3043,0.9555,0.0001,4.461,-0.4881,19.6222,1973.6427,0.0,0.0,0.0,1955.79998779297,no_change,,0.0,0.0
SPXW,2026-12-31,132,Put,5790.0,SPXW261231P05790000,26.5,26.9,26.7,29.77,0.0,0.0,0.0,58.0,0.3027,-0.0447,0.0001,4.461,-0.4881,-1.3329,26.7105,0.0,0.0,0.0,29.1999998092651,up,2026-08-07T10:31:39,0.0,0.0
SPXW,2026-12-31,132,Call,5800.0,SPXW261231C05800000,1956.7,1978.2,1967.45,1238.08,0.0,0.0,0.0,13.0,0.3034,0.955,0.0001,4.4989,-0.4908,19.644,1964.0506,0.0,0.0,0.0,1946.15002441406,down,2026-03-12T12:21:54,0.0,0.0
SPXW,2026-12-31,132,Put,5800.0,SPXW261231P05800000,26.7,27.1,26.9,29.1,0.0,0.0,0.0,1086.0,0.302,-0.0452,0.0001,4.4989,-0.4908,-1.3472,26.9575,0.0,0.0,0.0,29.5,down,2026-08-20T14:24:15,0.0,0.0
SPXW,2026-12-31,132,Call,5810.0,SPXW261231C05810000,1944.6,1967.5,1956.05,0.0,0.0,0.0,0.0,0.0,0.3024,0.9546,0.0001,4.537,-0.4936,19.6658,1954.4614,0.0,0.0,0.0,1937.04998779297,no_change,,0.0,0.0
SPXW,2026-12-31,132,Put,5810.0,SPXW261231P05810000,27.0,27.4,27.2,28.0,-1.7,-5.72391,6.0,228.0,0.3011,-0.0457,0.0001,4.537,-0.4936,-1.3615,27.2073,28.02,28.02,28.0,29.6999998092651,down,2026-08-21T09:40:12,0.0,0.0
SPXW,2026-12-31,132,Call,5820.0,SPXW261231C05820000,1937.9,1959.0,1948.45,0.0,0.0,0.0,0.0,0.0,0.3015,0.9541,0.0001,4.5754,-0.4964,19.6873,1944.875,0.0,0.0,0.0,1927.45001220703,no_change,,0.0,0.0
SPXW,2026-12-31,132,Put,5820.0,SPXW261231P05820000,27.2,27.6,27.4,31.34,0.0,0.0,0.0,114.0,0.3002,-0.0461,0.0001,4.5754,-0.4964,-1.3761,27.4601,0.0,0.0,0.0,30.0,up,2026-08-05T10:27:46,0.0,0.0
SPXW,2026-12-31,132,Call,5825.0,SPXW261231C05825000,1934.3,1954.2,1944.25,0.0,0.0,0.0,0.0,0.0,0.301,0.9538,0.0001,4.5946,-0.4978,19.698,1940.083,0.0,0.0,0.0,1922.70001220703,no_change,,0.0,0.0
SPXW,2026-12-31,132,Put,5825.0,SPXW261231P05825000,27.3,27.8,27.55,28.17,0.0,0.0,0.0,636.0,0.2997,-0.0464,0.0001,4.5946,-0.4978,-1.3834,27.5876,0.0,0.0,0.0,30.1499996185303,down,2026-08-19T14:12:32,0.0,0.0
SPXW,2026-12-31,132,Call,5830.0,SPXW261231C05830000,1928.4,1949.4,1938.9,0.0,0.0,0.0,0.0,0.0,0.3006,0.9536,0.0001,4.614,-0.4992,19.7087,1935.2917,0.0,0.0,0.0,1917.5,no_change,,0.0,0.0
SPXW,2026-12-31,132,Put,5830.0,SPXW261231P05830000,27.5,27.9,27.7,28.32,0.0,0.0,0.0,269.0,0.2992,-0.0466,0.0001,4.614,-0.4992,-1.3908,27.7158,0.0,0.0,0.0,30.3000001907349,no_change,2026-08-17T11:43:11,0.0,0.0
SPXW,2026-12-31,132,Call,5840.0,SPXW261231C05840000,1918.9,1939.8,1929.35,0.0,0.0,0.0,0.0,0.0,0.2998,0.9531,0.0001,4.6529,-0.502,19.7299,1925.7113,0.0,0.0,0.0,1907.95001220703,no_change,,0.0,0.0
SPXW,2026-12-31,132,Put,5840.0,SPXW261231P05840000,27.7,28.1,27.9,30.56,0.0,0.0,0.0,39.0,0.2984,-0.0471,0.0001,4.6529,-0.502,-1.4057,27.9746,0.0,0.0,0.0,30.5999994277954,up,2026-08-18T10:07:52,0.0,0.0
SPXW,2026-12-31,132,Call,5850.0,SPXW261231C05850000,1909.9,1930.2,1920.0500000000002,0.0,0.0,0.0,0.0,0.0,0.2989,0.9526,0.0001,4.6921,-0.5049,19.751,1916.134,0.0,0.0,0.0,1899.0,no_change,,0.0,0.0
SPXW,2026-12-31,132,Put,5850.0,SPXW261231P05850000,28.0,28.4,28.2,28.0,-2.9,-9.38511,1.0,713.0,0.2974,-0.0476,0.0001,4.6921,-0.5049,-1.4207,28.2363,28.0,28.0,28.0,30.9000005722046,down,2026-08-21T15:39:06,0.0,0.0
SPXW,2026-12-31,132,Call,5860.0,SPXW261231C05860000,1900.3,1920.6,1910.4499999999998,0.0,0.0,0.0,0.0,0.0,0.2979,0.9521,0.0001,4.7316,-0.5077,19.7719,1906.5597,0.0,0.0,0.0,1889.25,no_change,,0.0,0.0
SPXW,2026-12-31,132,Put,5860.0,SPXW261231P05860000,28.2,28.7,28.45,31.65,0.0,0.0,0.0,72.0,0.2966,-0.0482,0.0001,4.7316,-0.5077,-1.4358,28.5011,0.0,0.0,0.0,31.0999994277954,up,2026-08-07T12:09:06,0.0,0.0
SPXW,2026-12-31,132,Call,5870.0,SPXW261231C05870000,1887.1,1910.4,1898.75,0.0,0.0,0.0,0.0,0.0,0.297,0.9516,0.0001,4.7714,-0.5106,19.7926,1896.9885,0.0,0.0,0.0,1879.89996337891,no_change,,0.0,0.0
SPXW,2026-12-31,132,Put,5870.0,SPXW261231P05870000,28.5,28.9,28.7,30.12,0.0,0.0,0.0,21.0,0.2956,-0.0487,0.0001,4.7714,-0.5106,-1.4512,28.769,0.0,0.0,0.0,31.4000005722046,down,2026-08-12T09:51:09,0.0,0.0
SPXW,2026-12-31,132,Call,5875.0,SPXW261231C05875000,1886.3,1906.3,1896.3,0.0,0.0,0.0,0.0,0.0,0.2965,0.9513,0.0001,4.7914,-0.5121,19.803,1892.2041,0.0,0.0,0.0,1874.55004882812,no_change,,0.0,0.0
SPXW,2026-12-31,132,Put,5875.0,SPXW261231P05875000,28.6,29.1,28.85,28.7,0.0,0.0,0.0,93.0,0.2953,-0.0489,0.0001,4.7914,-0.5121,-1.4589,28.9042,0.0,0.0,0.0,31.5999994277954,up,2026-08-14T10:02:27,0.0,0.0
SPXW,2026-12-31,132,Call,5880.0,SPXW261231C05880000,1881.4,1901.5,1891.45,0.0,0.0,0.0,0.0,0.0,0.296,0.951,0.0001,4.8115,-0.5135,19.8133,1887.4205,0.0,0.0,0.0,1869.75,no_change,,0.0,0.0
SPXW,2026-12-31,132,Put,5880.0,SPXW261231P05880000,28.8,29.2,29.0,30.9,0.0,0.0,0.0,48.0,0.2948,-0.0492,0.0001,4.8115,-0.5135,-1.4666,29.0401,0.0,0.0,0.0,31.6999998092651,no_change,2026-08-20T11:25:48,0.0,0.0
SPXW,2026-12-31,132,Call,5890.0,SPXW261231C05890000,1871.3,1891.9,1881.6,0.0,0.0,0.0,0.0,0.0,0.2953,0.9505,0.0001,4.852,-0.5164,19.8337,1877.8556,0.0,0.0,0.0,1860.59997558594,no_change,,0.0,0.0
SPXW,2026-12-31,132,Put,5890.0,SPXW261231P05890000,29.0,29.5,29.25,31.31,0.0,0.0,0.0,14.0,0.294,-0.0497,0.0001,4.852,-0.5164,-1.4823,29.3143,0.0,0.0,0.0,32.0,no_change,2026-08-20T13:54:48,0.0,0.0
SPXW,2026-12-31,132,Call,5900.0,SPXW261231C05900000,1862.1,1882.4,1872.25,1321.7,0.0,0.0,0.0,1.0,0.2943,0.95,0.0001,4.8927,-0.5194,19.854,1868.2939,0.0,0.0,0.0,1850.75,down,2025-12-29T11:34:44,0.0,0.0
SPXW,2026-12-31,132,Put,5900.0,SPXW261231P05900000,29.3,29.8,29.55,29.37,-2.93,-9.07121,33.0,275.0,0.293,-0.0503,0.0001,4.8927,-0.5194,-1.4981,29.5917,29.38,29.38,29.37,32.2999992370606,down,2026-08-21T15:09:48,0.0,0.0
SPXW,2026-12-31,132,Call,5910.0,SPXW261231C05910000,1848.8,1871.9,1860.35,0.0,0.0,0.0,0.0,0.0,0.2933,0.9494,0.0001,4.9339,-0.5223,19.8741,1858.7355,0.0,0.0,0.0,1841.15002441406,no_change,,0.0,0.0
SPXW,2026-12-31,132,Put,5910.0,SPXW261231P05910000,29.6,30.0,29.8,29.89,0.0,0.0,0.0,503.0,0.2921,-0.0508,0.0001,4.9339,-0.5223,-1.514,29.8724,0.0,0.0,0.0,32.6000003814697,down,2026-08-13T09:34:35,0.0,0.0
SPXW,2026-12-31,132,Call,5920.0,SPXW261231C05920000,1841.8,1863.2,1852.5,0.0,0.0,0.0,0.0,0.0,0.2925,0.9489,0.0001,4.9754,-0.5253,19.8941,1849.1803,0.0,0.0,0.0,1832.0,no_change,,0.0,0.0
SPXW,2026-12-31,132,Put,5920.0,SPXW261231P05920000,29.9,30.3,30.1,32.1,0.0,0.0,0.0,43.0,0.2912,-0.0513,0.0001,4.9754,-0.5253,-1.5302,30.1564,0.0,0.0,0.0,32.8999996185303,down,2026-08-10T11:08:07,0.0,0.0
SPXW,2026-12-31,132,Call,5925.0,SPXW261231C05925000,1838.2,1858.4,1848.3000000000002,0.0,0.0,0.0,0.0,0.0,0.292,0.9486,0.0001,4.9963,-0.5268,19.904,1844.404,0.0,0.0,0.0,1827.25,no_change,,0.0,0.0
SPXW,2026-12-31,132,Put,5925.0,SPXW261231P05925000,30.0,30.5,30.25,30.7,0.0,0.0,0.0,102.0,0.2909,-0.0516,0.0001,4.9963,-0.5268,-1.5383,30.2996,0.0,0.0,0.0,33.1000003814697,up,2026-08-14T11:56:55,0.0,0.0
SPXW,2026-12-31,132,Call,5930.0,SPXW261231C05930000,1833.1,1853.7,1843.4,0.0,0.0,0.0,0.0,0.0,0.2915,0.9483,0.0001,5.0173,-0.5282,19.9139,1839.6285,0.0,0.0,0.0,1822.15002441406,no_change,,0.0,0.0
SPXW,2026-12-31,132,Put,5930.0,SPXW261231P05930000,30.2,30.6,30.4,31.35,0.0,0.0,0.0,17.0,0.2904,-0.0519,0.0001,5.0173,-0.5282,-1.5465,30.4436,0.0,0.0,0.0,33.2999992370606,no_change,2026-08-12T13:47:04,0.0,0.0
SPXW,2026-12-31,132,Call,5940.0,SPXW261231C05940000,1820.2,1843.2,1831.7,0.0,0.0,0.0,0.0,0.0,0.2908,0.9478,0.0001,5.0596,-0.5312,19.9335,1830.08,0.0,0.0,0.0,1812.54998779297,no_change,,0.0,0.0
SPXW,2026-12-31,132,Put,5940.0,SPXW261231P05940000,30.4,30.9,30.65,31.3,0.0,0.0,0.0,43.0,0.2895,-0.0524,0.0001,5.0596,-0.5312,-1.563,30.7343,0.0,0.0,0.0,33.6000003814697,down,2026-08-19T14:19:39,0.0,0.0
SPXW,2026-12-31,132,Call,5950.0,SPXW261231C05950000,1810.6,1832.6,1821.6,1254.25,0.0,0.0,0.0,10.0,0.2898,0.9472,0.0001,5.1023,-0.5342,19.9529,1820.535,0.0,0.0,0.0,1803.70001220703,no_change,2026-02-04T14:30:36,0.0,0.0
SPXW,2026-12-31,132,Put,5950.0,SPXW261231P05950000,30.7,31.2,30.95,33.7,0.0,0.0,0.0,548.0,0.2887,-0.053,0.0001,5.1023,-0.5342,-1.5796,31.0283,0.0,0.0,0.0,33.8999996185303,no_change,2026-08-18T10:40:14,0.0,0.0
SPXW,2026-12-31,132,Call,5960.0,SPXW261231C05960000,1804.1,1825.0,1814.55,0.0,0.0,0.0,0.0,0.0,0.289,0.9466,0.0001,5.1455,-0.5373,19.9721,1810.9934,0.0,0.0,0.0,1793.90002441406,no_change,,0.0,0.0
SPXW,2026-12-31,132,Put,5960.0,SPXW261231P05960000,31.0,31.5,31.25,31.22,0.0,0.0,0.0,21.0,0.2878,-0.0536,0.0001,5.1455,-0.5373,-1.5965,31.3258,0.0,0.0,0.0,34.2000007629394,down,2026-08-13T09:55:36,0.0,0.0
SPXW,2026-12-31,132,Call,5970.0,SPXW261231C05970000,1791.5,1814.6,1803.05,0.0,0.0,0.0,0.0,0.0,0.288,0.946,0.0001,5.1892,-0.5403,19.9911,1801.4552,0.0,0.0,0.0,1784.60003662109,no_change,,0.0,0.0
SPXW,2026-12-31,132,Put,5970.0,SPXW261231P05970000,31.3,31.8,31.55,76.0,0.0,0.0,0.0,21.0,0.2868,-0.0542,0.0001,5.1892,-0.5403,-1.6136,31.6267,0.0,0.0,0.0,34.5499992370606,down,2026-06-12T11:24:41,0.0,0.0
SPXW,2026-12-31,132,Call,5975.0,SPXW261231C05975000,1789.3,1810.7,1800.0,0.0,0.0,0.0,0.0,0.0,0.2877,0.9458,0.0001,5.2112,-0.5419,20.0005,1796.6875,0.0,0.0,0.0,1779.70001220703,no_change,,0.0,0.0
SPXW,2026-12-31,132,Put,5975.0,SPXW261231P05975000,31.5,31.9,31.7,31.72,0.0,0.0,0.0,148.0,0.2864,-0.0545,0.0001,5.2112,-0.5419,-1.6222,31.7785,0.0,0.0,0.0,34.7000007629394,down,2026-08-19T15:04:46,0.0,0.0
SPXW,2026-12-31,132,Call,5980.0,SPXW261231C05980000,1785.0,1805.9,1795.45,0.0,0.0,0.0,0.0,0.0,0.2872,0.9455,0.0001,5.2333,-0.5434,20.0099,1791.9207,0.0,0.0,0.0,1775.15002441406,no_change,,0.0,0.0
SPXW,2026-12-31,132,Put,5980.0,SPXW261231P05980000,31.6,32.1,31.85,32.42,0.0,0.0,0.0,27.0,0.2861,-0.0548,0.0001,5.2333,-0.5434,-1.6309,31.9313,0.0,0.0,0.0,34.8999996185303,no_change,2026-08-17T11:43:11,0.0,0.0
SPXW,2026-12-31,132,Call,5990.0,SPXW261231C05990000,1772.5,1794.5,1783.5,933.82,0.0,0.0,0.0,1.0,0.2863,0.9449,0.0001,5.2779,-0.5465,20.0284,1782.3897,0.0,0.0,0.0,1765.40002441406,down,2026-04-02T13:52:43,0.0,0.0
SPXW,2026-12-31,132,Put,5990.0,SPXW261231P05990000,31.9,32.4,32.15,34.3,0.0,0.0,0.0,61.0,0.2852,-0.0554,0.0001,5.2779,-0.5465,-1.6485,32.2394,0.0,0.0,0.0,35.2000007629394,down,2026-08-10T11:08:36,0.0,0.0
SPXW,2026-12-31,132,Call,6000.0,SPXW261231C06000000,1766.6,1786.9,1776.75,1777.48,21.58,1.229,2.0,207.0,0.2853,0.9443,0.0001,5.323,-0.5496,20.0467,1772.8623,1781.64,1781.64,1777.48,1755.90002441406,down,2026-08-21T13:32:09,0.0,0.0
SPXW,2026-12-31,132,Put,6000.0,SPXW261231P06000000,32.4,32.7,32.55,32.5,-3.05,-8.57946,5.0,1650.0,0.2843,-0.056,0.0001,5.323,-0.5496,-1.6662,32.5511,32.65,32.7,32.4,35.5499992370606,no_change,2026-08-21T14:21:51,0.0,0.0
SPXW,2026-12-31,132,Call,6005.0,SPXW261231C06005000,1762.4,1782.1,1772.25,1785.71,0.0,0.0,0.0,1.0,0.285,0.944,0.0001,5.3457,-0.5511,20.0558,1768.1001,0.0,0.0,0.0,1751.14996337891,up,2026-08-04T10:36:31,0.0,0.0
SPXW,2026-12-31,132,Put,6005.0,SPXW261231P06005000,32.4,32.9,32.65,34.8,0.0,0.0,0.0,16.0,0.2839,-0.0563,0.0001,5.3457,-0.5511,-1.6752,32.7084,0.0,0.0,0.0,35.7000007629394,down,2026-08-10T11:08:47,0.0,0.0
SPXW,2026-12-31,132,Call,6010.0,SPXW261231C06010000,1753.4,1776.5,1764.95,0.0,0.0,0.0,0.0,0.0,0.2845,0.9436,0.0001,5.3686,-0.5527,20.0648,1763.3387,0.0,0.0,0.0,1746.40002441406,no_change,,0.0,0.0
SPXW,2026-12-31,132,Put,6010.0,SPXW261231P06010000,32.6,33.0,32.8,33.34,0.0,0.0,0.0,44.0,0.2834,-0.0566,0.0001,5.3686,-0.5527,-1.6843,32.8666,0.0,0.0,0.0,35.8999996185303,no_change,2026-08-13T11:55:56,0.0,0.0
SPXW,2026-12-31,132,Call,6015.0,SPXW261231C06015000,1751.8,1772.6,1762.1999999999998,0.0,0.0,0.0,0.0,0.0,0.284,0.9433,0.0001,5.3915,-0.5543,20.0737,1758.5783,0.0,0.0,0.0,1741.64996337891,no_change,,0.0,0.0
SPXW,2026-12-31,132,Put,6015.0,SPXW261231P06015000,32.7,33.2,32.95,44.67,0.0,0.0,0.0,35.0,0.283,-0.0569,0.0001,5.3915,-0.5543,-1.6934,33.0257,0.0,0.0,0.0,36.1000003814697,up,2026-08-03T10:12:44,0.0,0.0
SPXW,2026-12-31,132,Call,6020.0,SPXW261231C06020000,1746.9,1767.8,1757.35,0.0,0.0,0.0,0.0,0.0,0.2837,0.943,0.0001,5.4147,-0.5558,20.0826,1753.8188,0.0,0.0,0.0,1736.90002441406,no_change,,0.0,0.0
SPXW,2026-12-31,132,Put,6020.0,SPXW261231P06020000,32.9,33.3,33.099999999999994,35.21,0.0,0.0,0.0,83.0,0.2825,-0.0572,0.0001,5.4147,-0.5558,-1.7026,33.1858,0.0,0.0,0.0,36.25,down,2026-08-10T10:19:37,0.0,0.0
SPXW,2026-12-31,132,Call,6025.0,SPXW261231C06025000,1742.7,1763.1,1752.9,0.0,0.0,0.0,0.0,0.0,0.2831,0.9427,0.0001,5.4379,-0.5574,20.0914,1749.0604,0.0,0.0,0.0,1733.04998779297,no_change,,0.0,0.0
SPXW,2026-12-31,132,Put,6025.0,SPXW261231P06025000,33.0,33.5,33.25,57.9,0.0,0.0,0.0,32.0,0.2821,-0.0575,0.0001,5.4379,-0.5574,-1.7118,33.3469,0.0,0.0,0.0,36.3999996185303,down,2026-07-20T12:50:38,0.0,0.0
SPXW,2026-12-31,132,Call,6030.0,SPXW261231C06030000,1737.7,1758.3,1748.0,0.0,0.0,0.0,0.0,0.0,0.2828,0.9424,0.0001,5.4612,-0.559,20.1001,1744.3028,0.0,0.0,0.0,1727.60003662109,no_change,,0.0,0.0
SPXW,2026-12-31,132,Put,6030.0,SPXW261231P06030000,33.2,33.7,33.45,35.8,0.0,0.0,0.0,61.0,0.2818,-0.0578,0.0001,5.4612,-0.559,-1.7212,33.5089,0.0,0.0,0.0,36.6000003814697,up,2026-08-10T11:10:22,0.0,0.0
SPXW,2026-12-31,132,Call,6035.0,SPXW261231C06035000,1732.7,1753.5,1743.1,0.0,0.0,0.0,0.0,0.0,0.2823,0.9421,0.0001,5.4847,-0.5606,20.1088,1739.5462,0.0,0.0,0.0,1722.64996337891,no_change,,0.0,0.0
SPXW,2026-12-31,132,Put,6035.0,SPXW261231P06035000,33.4,33.8,33.599999999999994,35.73,0.0,0.0,0.0,14.0,0.2812,-0.0581,0.0001,5.4847,-0.5606,-1.7305,33.6719,0.0,0.0,0.0,36.75,no_change,2026-08-10T10:27:04,0.0,0.0
SPXW,2026-12-31,132,Call,6040.0,SPXW261231C06040000,1724.8,1746.9,1735.85,0.0,0.0,0.0,0.0,0.0,0.2818,0.9418,0.0001,5.5083,-0.5621,20.1174,1734.7907,0.0,0.0,0.0,1718.15002441406,no_change,,0.0,0.0
SPXW,2026-12-31,132,Put,6040.0,SPXW261231P06040000,33.5,34.0,33.75,33.85,0.0,0.0,0.0,17.0,0.2808,-0.0585,0.0001,5.5083,-0.5621,-1.74,33.8358,0.0,0.0,0.0,36.9500007629394,up,2026-08-13T15:42:52,0.0,0.0
SPXW,2026-12-31,132,Call,6045.0,SPXW261231C06045000,1723.6,1744.0,1733.8,0.0,0.0,0.0,0.0,0.0,0.2814,0.9414,0.0001,5.5321,-0.5637,20.1259,1730.0361,0.0,0.0,0.0,1713.14996337891,no_change,,0.0,0.0
SPXW,2026-12-31,132,Put,6045.0,SPXW261231P06045000,33.7,34.2,33.95,36.1,0.0,0.0,0.0,60.0,0.2805,-0.0588,0.0001,5.5321,-0.5637,-1.7495,34.0008,0.0,0.0,0.0,37.1000003814697,down,2026-08-10T11:07:56,0.0,0.0
SPXW,2026-12-31,132,Call,6050.0,SPXW261231C06050000,1719.0,1739.3,1729.15,1147.13,0.0,0.0,0.0,6.0,0.2809,0.9411,0.0001,5.5559,-0.5653,20.1343,1725.2824,0.0,0.0,0.0,1708.10003662109,down,2026-02-23T10:32:30,0.0,0.0
SPXW,2026-12-31,132,Put,6050.0,SPXW261231P06050000,33.9,34.3,34.099999999999994,34.43,0.0,0.0,0.0,188.0,0.2799,-0.0591,0.0001,5.5559,-0.5653,-1.7591,34.1667,0.0,0.0,0.0,37.2999992370606,up,2026-08-19T11:14:22,0.0,0.0
SPXW,2026-12-31,132,Call,6055.0,SPXW261231C06055000,1710.6,1732.5,1721.55,1193.98,0.0,0.0,0.0,1.0,0.2806,0.9408,0.0001,5.5799,-0.5669,20.1427,1720.5298,0.0,0.0,0.0,1703.89996337891,down,2025-12-31T09:30:15,0.0,0.0
SPXW,2026-12-31,132,Put,6055.0,SPXW261231P06055000,34.0,34.5,34.25,36.6,0.0,0.0,0.0,123.0,0.2796,-0.0594,0.0001,5.5799,-0.5669,-1.7688,34.3337,0.0,0.0,0.0,37.5,down,2026-08-10T11:09:57,0.0,0.0
SPXW,2026-12-31,132,Call,6060.0,SPXW261231C06060000,1708.5,1729.8,1719.15,0.0,0.0,0.0,0.0,0.0,0.2801,0.9405,0.0001,5.604,-0.5685,20.151,1715.7783,0.0,0.0,0.0,1698.95001220703,no_change,,0.0,0.0
SPXW,2026-12-31,132,Put,6060.0,SPXW261231P06060000,34.2,34.7,34.45,46.65,0.0,0.0,0.0,36.0,0.2792,-0.0598,0.0001,5.604,-0.5685,-1.7786,34.5016,0.0,0.0,0.0,37.6500015258789,no_change,2026-08-03T10:12:41,0.0,0.0
SPXW,2026-12-31,132,Call,6065.0,SPXW261231C06065000,1704.2,1725.0,1714.6,0.0,0.0,0.0,0.0,0.0,0.2797,0.9401,0.0001,5.6282,-0.5701,20.1592,1711.0277,0.0,0.0,0.0,1694.44995117188,no_change,,0.0,0.0
SPXW,2026-12-31,132,Put,6065.0,SPXW261231P06065000,34.4,34.8,34.599999999999994,37.0,0.0,0.0,0.0,10.0,0.2786,-0.0601,0.0001,5.6282,-0.5701,-1.7884,34.6706,0.0,0.0,0.0,37.8499984741211,up,2026-08-10T11:10:05,0.0,0.0
SPXW,2026-12-31,132,Call,6070.0,SPXW261231C06070000,1696.3,1718.9,1707.6,1012.03,0.0,0.0,0.0,6.0,0.2792,0.9398,0.0001,5.6525,-0.5718,20.1674,1706.2782,0.0,0.0,0.0,1689.45001220703,down,2026-03-12T13:12:20,0.0,0.0
SPXW,2026-12-31,132,Put,6070.0,SPXW261231P06070000,34.5,35.0,34.75,35.0,0.0,0.0,0.0,544.0,0.2783,-0.0604,0.0001,5.6525,-0.5718,-1.7983,34.8406,0.0,0.0,0.0,38.0499992370606,up,2026-08-13T15:26:16,0.0,0.0
SPXW,2026-12-31,132,Call,6075.0,SPXW261231C06075000,1695.3,1715.5,1705.4,0.0,0.0,0.0,0.0,0.0,0.2788,0.9395,0.0001,5.6769,-0.5734,20.1754,1701.5296,0.0,0.0,0.0,1684.75,no_change,,0.0,0.0
SPXW,2026-12-31,132,Put,6075.0,SPXW261231P06075000,34.7,35.2,34.95,37.2,0.0,0.0,0.0,244.0,0.2779,-0.0608,0.0001,5.6769,-0.5734,-1.8082,35.0117,0.0,0.0,0.0,38.2000007629394,down,2026-08-10T11:08:50,0.0,0.0
SPXW,2026-12-31,132,Call,6080.0,SPXW261231C06080000,1686.8,1709.6,1698.1999999999998,0.0,0.0,0.0,0.0,0.0,0.2783,0.9392,0.0001,5.7014,-0.575,20.1834,1696.7822,0.0,0.0,0.0,1680.04998779297,no_change,,0.0,0.0
SPXW,2026-12-31,132,Put,6080.0,SPXW261231P06080000,34.9,35.3,35.099999999999994,37.37,0.0,0.0,0.0,100.0,0.2774,-0.0611,0.0001,5.7014,-0.575,-1.8183,35.1837,0.0,0.0,0.0,38.3999996185303,no_change,2026-08-10T10:12:38,0.0,0.0
SPXW,2026-12-31,132,Call,6085.0,SPXW261231C06085000,1685.4,1706.0,1695.7,0.0,0.0,0.0,0.0,0.0,0.278,0.9388,0.0001,5.7261,-0.5766,20.1914,1692.0358,0.0,0.0,0.0,1675.25,no_change,,0.0,0.0
SPXW,2026-12-31,132,Put,6085.0,SPXW261231P06085000,35.1,35.5,35.3,60.95,0.0,0.0,0.0,16.0,0.2769,-0.0614,0.0001,5.7261,-0.5766,-1.8284,35.3569,0.0,0.0,0.0,38.6000003814697,up,2026-07-21T09:39:17,0.0,0.0
SPXW,2026-12-31,132,Call,6090.0,SPXW261231C06090000,1680.4,1701.3,1690.85,0.0,0.0,0.0,0.0,0.0,0.2774,0.9385,0.0001,5.7508,-0.5782,20.1992,1687.2904,0.0,0.0,0.0,1670.54998779297,no_change,,0.0,0.0
SPXW,2026-12-31,132,Put,6090.0,SPXW261231P06090000,35.2,35.7,35.45,60.8,0.0,0.0,0.0,141.0,0.2766,-0.0618,0.0001,5.7508,-0.5782,-1.8386,35.5311,0.0,0.0,0.0,38.7999992370606,down,2026-07-30T13:12:35,0.0,0.0
SPXW,2026-12-31,132,Call,6095.0,SPXW261231C06095000,1676.1,1696.5,1686.3,0.0,0.0,0.0,0.0,0.0,0.2771,0.9381,0.0001,5.7757,-0.5799,20.207,1682.5462,0.0,0.0,0.0,1666.10003662109,no_change,,0.0,0.0
SPXW,2026-12-31,132,Put,6095.0,SPXW261231P06095000,35.4,35.9,35.65,83.19,0.0,0.0,0.0,35.0,0.2762,-0.0621,0.0001,5.7757,-0.5799,-1.8488,35.7064,0.0,0.0,0.0,39.0,down,2026-06-24T09:38:10,0.0,0.0
SPXW,2026-12-31,132,Call,6100.0,SPXW261231C06100000,1672.0,1691.8,1681.9,1519.63,0.0,0.0,0.0,16.0,0.2766,0.9378,0.0001,5.8007,-0.5815,20.2147,1677.803,0.0,0.0,0.0,1660.70001220703,no_change,2026-07-27T09:30:06,0.0,0.0
SPXW,2026-12-31,132,Put,6100.0,SPXW261231P06100000,35.6,36.0,35.8,35.91,0.0,0.0,0.0,628.0,0.2757,-0.0624,0.0001,5.8007,-0.5815,-1.8592,35.8827,0.0,0.0,0.0,39.1500015258789,no_change,2026-08-17T11:31:25,0.0,0.0
SPXW,2026-12-31,132,Call,6105.0,SPXW261231C06105000,1666.4,1687.0,1676.7,0.0,0.0,0.0,0.0,0.0,0.2762,0.9374,0.0001,5.8257,-0.5831,20.2224,1673.0608,0.0,0.0,0.0,1656.55004882812,no_change,,0.0,0.0
SPXW,2026-12-31,132,Put,6105.0,SPXW261231P06105000,35.8,36.2,36.0,47.24,0.0,0.0,0.0,74.0,0.2752,-0.0628,0.0001,5.8257,-0.5831,-1.8696,36.0602,0.0,0.0,0.0,39.3499984741211,down,2026-08-03T13:20:10,0.0,0.0
SPXW,2026-12-31,132,Call,6110.0,SPXW261231C06110000,1661.9,1682.3,1672.1,0.0,0.0,0.0,0.0,0.0,0.2757,0.9371,0.0001,5.8509,-0.5848,20.2299,1668.3198,0.0,0.0,0.0,1651.64996337891,no_change,,0.0,0.0
SPXW,2026-12-31,132,Put,6110.0,SPXW261231P06110000,35.9,36.4,36.15,37.84,0.0,0.0,0.0,54.0,0.2748,-0.0631,0.0001,5.8509,-0.5848,-1.8801,36.2387,0.0,0.0,0.0,39.5499992370606,up,2026-08-17T13:23:37,0.0,0.0
SPXW,2026-12-31,132,Call,6115.0,SPXW261231C06115000,1656.7,1677.5,1667.1,0.0,0.0,0.0,0.0,0.0,0.2753,0.9367,0.0001,5.8762,-0.5864,20.2374,1663.5799,0.0,0.0,0.0,1646.54998779297,no_change,,0.0,0.0
SPXW,2026-12-31,132,Put,6115.0,SPXW261231P06115000,36.1,36.6,36.35,47.75,0.0,0.0,0.0,61.0,0.2745,-0.0635,0.0001,5.8762,-0.5864,-1.8906,36.4183,0.0,0.0,0.0,39.75,down,2026-08-03T12:19:36,0.0,0.0
SPXW,2026-12-31,132,Call,6120.0,SPXW261231C06120000,1652.2,1672.8,1662.5,0.0,0.0,0.0,0.0,0.0,0.275,0.9364,0.0001,5.9015,-0.5881,20.2448,1658.8411,0.0,0.0,0.0,1641.79998779297,no_change,,0.0,0.0
SPXW,2026-12-31,132,Put,6120.0,SPXW261231P06120000,36.3,36.8,36.55,48.37,0.0,0.0,0.0,31.0,0.2741,-0.0638,0.0001,5.9015,-0.5881,-1.9012,36.5991,0.0,0.0,0.0,39.9500007629394,down,2026-08-03T13:44:40,0.0,0.0
SPXW,2026-12-31,132,Call,6125.0,SPXW261231C06125000,1648.8,1668.1,1658.4499999999998,868.21,0.0,0.0,0.0,1.0,0.2744,0.936,0.0001,5.927,-0.5898,20.2522,1654.1034,0.0,0.0,0.0,1637.45001220703,up,2026-04-01T12:29:19,0.0,0.0
SPXW,2026-12-31,132,Put,6125.0,SPXW261231P06125000,36.5,36.9,36.7,41.89,0.0,0.0,0.0,131.0,0.2735,-0.0642,0.0001,5.927,-0.5898,-1.9119,36.7809,0.0,0.0,0.0,40.1500015258789,up,2026-08-06T11:19:34,0.0,0.0
SPXW,2026-12-31,132,Call,6130.0,SPXW261231C06130000,1642.7,1663.3,1653.0,0.0,0.0,0.0,0.0,0.0,0.274,0.9357,0.0001,5.9525,-0.5914,20.2595,1649.3669,0.0,0.0,0.0,1632.75,no_change,,0.0,0.0
SPXW,2026-12-31,132,Put,6130.0,SPXW261231P06130000,36.7,37.1,36.900000000000006,45.67,0.0,0.0,0.0,65.0,0.2731,-0.0646,0.0001,5.9525,-0.5914,-1.9227,36.9639,0.0,0.0,0.0,40.3499984741211,down,2026-08-04T09:43:21,0.0,0.0
SPXW,2026-12-31,132,Call,6135.0,SPXW261231C06135000,1634.7,1658.1,1646.4,0.0,0.0,0.0,0.0,0.0,0.2735,0.9353,0.0001,5.9781,-0.5931,20.2667,1644.6314,0.0,0.0,0.0,1628.25,no_change,,0.0,0.0
SPXW,2026-12-31,132,Put,6135.0,SPXW261231P06135000,36.8,37.3,37.05,58.66,0.0,0.0,0.0,153.0,0.2726,-0.0649,0.0001,5.9781,-0.5931,-1.9336,37.148,0.0,0.0,0.0,40.5499992370606,down,2026-07-16T10:18:19,0.0,0.0
SPXW,2026-12-31,132,Call,6140.0,SPXW261231C06140000,1633.0,1653.8,1643.4,0.0,0.0,0.0,0.0,0.0,0.2731,0.935,0.0001,6.0038,-0.5948,20.2738,1639.8972,0.0,0.0,0.0,1623.35003662109,no_change,,0.0,0.0
SPXW,2026-12-31,132,Put,6140.0,SPXW261231P06140000,37.0,37.5,37.25,49.75,0.0,0.0,0.0,37.0,0.2723,-0.0653,0.0001,6.0038,-0.5948,-1.9445,37.3333,0.0,0.0,0.0,40.75,down,2026-08-03T11:03:37,0.0,0.0
SPXW,2026-12-31,132,Call,6145.0,SPXW261231C06145000,1628.5,1649.1,1638.8,967.18,0.0,0.0,0.0,1.0,0.2728,0.9346,0.0001,6.0296,-0.5964,20.2809,1635.164,0.0,0.0,0.0,1618.54998779297,down,2026-04-09T09:34:44,0.0,0.0
SPXW,2026-12-31,132,Put,6145.0,SPXW261231P06145000,37.2,37.7,37.45,37.5,0.0,0.0,0.0,21.0,0.2719,-0.0656,0.0001,6.0296,-0.5964,-1.9554,37.5197,0.0,0.0,0.0,40.9500007629394,down,2026-08-19T15:13:55,0.0,0.0
SPXW,2026-12-31,132,Call,6150.0,SPXW261231C06150000,1623.1,1644.4,1633.75,963.28,0.0,0.0,0.0,11.0,0.2722,0.9342,0.0001,6.0555,-0.5981,20.2879,1630.432,0.0,0.0,0.0,1614.05004882812,down,2026-04-09T09:34:44,0.0,0.0
SPXW,2026-12-31,132,Put,6150.0,SPXW261231P06150000,37.4,37.9,37.65,41.19,0.0,0.0,0.0,61.0,0.2715,-0.066,0.0001,6.0555,-0.5981,-1.9665,37.7073,0.0,0.0,0.0,41.1500015258789,up,2026-08-20T16:02:23,0.0,0.0
SPXW,2026-12-31,132,Call,6155.0,SPXW261231C06155000,1618.8,1639.6,1629.1999999999998,0.0,0.0,0.0,0.0,0.0,0.2718,0.9339,0.0001,6.0815,-0.5998,20.2948,1625.7012,0.0,0.0,0.0,1609.14996337891,no_change,,0.0,0.0
SPXW,2026-12-31,132,Put,6155.0,SPXW261231P06155000,37.6,38.1,37.85,41.5,0.0,0.0,0.0,38.0,0.2711,-0.0664,0.0001,6.0815,-0.5998,-1.9775,37.896,0.0,0.0,0.0,41.3499984741211,down,2026-08-07T15:17:01,0.0,0.0
SPXW,2026-12-31,132,Call,6160.0,SPXW261231C06160000,1614.3,1634.9,1624.6,813.0,0.0,0.0,0.0,1.0,0.2715,0.9335,0.0001,6.1076,-0.6015,20.3017,1620.9716,0.0,0.0,0.0,1604.65002441406,down,2026-03-20T14:30:24,0.0,0.0
SPXW,2026-12-31,132,Put,6160.0,SPXW261231P06160000,37.8,38.3,38.05,41.7,0.0,0.0,0.0,62.0,0.2706,-0.0667,0.0001,6.1076,-0.6015,-1.9887,38.0859,0.0,0.0,0.0,41.5499992370606,down,2026-08-07T15:17:01,0.0,0.0
SPXW,2026-12-31,132,Call,6165.0,SPXW261231C06165000,1609.8,1630.2,1620.0,0.0,0.0,0.0,0.0,0.0,0.2709,0.9331,0.0001,6.1337,-0.6032,20.3085,1616.2431,0.0,0.0,0.0,1599.75,no_change,,0.0,0.0
SPXW,2026-12-31,132,Put,6165.0,SPXW261231P06165000,38.0,38.4,38.2,51.57,0.0,0.0,0.0,17.0,0.2702,-0.0671,0.0001,6.1337,-0.6032,-2.0,38.2769,0.0,0.0,0.0,41.75,down,2026-08-03T10:12:44,0.0,0.0
SPXW,2026-12-31,132,Call,6170.0,SPXW261231C06170000,1605.1,1625.5,1615.3,0.0,0.0,0.0,0.0,0.0,0.2705,0.9327,0.0001,6.1599,-0.6049,20.3153,1611.5158,0.0,0.0,0.0,1595.0,no_change,,0.0,0.0
SPXW,2026-12-31,132,Put,6170.0,SPXW261231P06170000,38.2,38.6,38.400000000000006,50.8,0.0,0.0,0.0,99.0,0.2697,-0.0675,0.0001,6.1599,-0.6049,-2.0113,38.4692,0.0,0.0,0.0,42.0,no_change,2026-08-03T11:21:52,0.0,0.0
SPXW,2026-12-31,132,Call,6175.0,SPXW261231C06175000,1600.5,1620.7,1610.6,0.0,0.0,0.0,0.0,0.0,0.2702,0.9324,0.0001,6.1862,-0.6066,20.322,1606.7897,0.0,0.0,0.0,1590.30004882812,no_change,,0.0,0.0
SPXW,2026-12-31,132,Put,6175.0,SPXW261231P06175000,38.4,38.8,38.599999999999994,63.84,0.0,0.0,0.0,30.0,0.2693,-0.0679,0.0001,6.1862,-0.6066,-2.0226,38.6626,0.0,0.0,0.0,42.2000007629394,down,2026-07-31T11:37:07,0.0,0.0
SPXW,2026-12-31,132,Call,6180.0,SPXW261231C06180000,1595.2,1616.0,1605.6,1068.86,0.0,0.0,0.0,3.0,0.2698,0.932,0.0001,6.2126,-0.6083,20.3286,1602.0648,0.0,0.0,0.0,1585.59997558594,down,2026-02-26T11:02:14,0.0,0.0
SPXW,2026-12-31,132,Put,6180.0,SPXW261231P06180000,38.5,39.0,38.75,85.81,0.0,0.0,0.0,64.0,0.2689,-0.0682,0.0001,6.2126,-0.6083,-2.034,38.8573,0.0,0.0,0.0,42.3999996185303,no_change,2026-06-02T09:30:02,0.0,0.0
SPXW,2026-12-31,132,Call,6185.0,SPXW261231C06185000,1587.3,1609.3,1598.3,1408.88,0.0,0.0,0.0,5.0,0.2692,0.9316,0.0001,6.2391,-0.61,20.3351,1597.3411,0.0,0.0,0.0,1581.15002441406,up,2026-06-24T12:57:38,0.0,0.0
SPXW,2026-12-31,132,Put,6185.0,SPXW261231P06185000,38.7,39.2,38.95,42.24,0.0,0.0,0.0,76.0,0.2684,-0.0686,0.0001,6.2391,-0.61,-2.0455,39.0531,0.0,0.0,0.0,42.6000003814697,up,2026-08-18T15:33:57,0.0,0.0
SPXW,2026-12-31,132,Call,6190.0,SPXW261231C06190000,1586.9,1606.5,1596.7,0.0,0.0,0.0,0.0,0.0,0.2688,0.9312,0.0001,6.2656,-0.6117,20.3416,1592.6186,0.0,0.0,0.0,1576.14996337891,no_change,,0.0,0.0
SPXW,2026-12-31,132,Put,6190.0,SPXW261231P06190000,38.9,39.4,39.15,51.8,0.0,0.0,0.0,296.0,0.268,-0.069,0.0001,6.2656,-0.6117,-2.0571,39.2502,0.0,0.0,0.0,42.8499984741211,no_change,2026-08-03T11:47:19,0.0,0.0
SPXW,2026-12-31,132,Call,6195.0,SPXW261231C06195000,1581.2,1601.8,1591.5,1400.12,0.0,0.0,0.0,5.0,0.2684,0.9308,0.0001,6.2923,-0.6134,20.3481,1587.8973,0.0,0.0,0.0,1571.45001220703,up,2026-06-24T12:57:38,0.0,0.0
SPXW,2026-12-31,132,Put,6195.0,SPXW261231P06195000,39.1,39.6,39.35,52.2,0.0,0.0,0.0,45.0,0.2676,-0.0694,0.0001,6.2923,-0.6134,-2.0687,39.4484,0.0,0.0,0.0,43.0499992370606,down,2026-08-03T11:22:12,0.0,0.0
SPXW,2026-12-31,132,Call,6200.0,SPXW261231C06200000,1576.8,1597.1,1586.9499999999998,1502.59,0.0,0.0,0.0,37.0,0.268,0.9304,0.0001,6.319,-0.6151,20.3544,1583.1772,0.0,0.0,0.0,1566.75,up,2026-07-06T11:49:59,0.0,0.0
SPXW,2026-12-31,132,Put,6200.0,SPXW261231P06200000,39.3,39.8,39.55,41.92,0.0,0.0,0.0,1385.0,0.2672,-0.0698,0.0001,6.319,-0.6151,-2.0804,39.6479,0.0,0.0,0.0,43.25,down,2026-08-20T10:50:28,0.0,0.0
SPXW,2026-12-31,132,Call,6205.0,SPXW261231C06205000,1568.5,1591.3,1579.9,0.0,0.0,0.0,0.0,0.0,0.2675,0.93,0.0001,6.3458,-0.6169,20.3608,1578.4584,0.0,0.0,0.0,1562.25,no_change,,0.0,0.0
SPXW,2026-12-31,132,Put,6205.0,SPXW261231P06205000,39.5,40.0,39.75,52.7,0.0,0.0,0.0,137.0,0.2668,-0.0702,0.0001,6.3458,-0.6169,-2.0921,39.8487,0.0,0.0,0.0,43.4500007629394,no_change,2026-08-03T11:47:41,0.0,0.0
SPXW,2026-12-31,132,Call,6210.0,SPXW261231C06210000,1567.2,1587.7,1577.45,0.0,0.0,0.0,0.0,0.0,0.2671,0.9296,0.0001,6.3727,-0.6186,20.367,1573.7408,0.0,0.0,0.0,1557.55004882812,no_change,,0.0,0.0
SPXW,2026-12-31,132,Put,6210.0,SPXW261231P06210000,39.7,40.2,39.95,53.93,0.0,0.0,0.0,33.0,0.2663,-0.0706,0.0001,6.3727,-0.6186,-2.1039,40.0506,0.0,0.0,0.0,43.7000007629394,no_change,2026-08-03T10:12:41,0.0,0.0
SPXW,2026-12-31,132,Call,6215.0,SPXW261231C06215000,1562.0,1582.9,1572.45,0.0,0.0,0.0,0.0,0.0,0.2667,0.9292,0.0001,6.3997,-0.6203,20.3732,1569.0244,0.0,0.0,0.0,1552.89996337891,no_change,,0.0,0.0
SPXW,2026-12-31,132,Put,6215.0,SPXW261231P06215000,39.9,40.4,40.15,53.1,0.0,0.0,0.0,31.0,0.2659,-0.071,0.0001,6.3997,-0.6203,-2.1157,40.2538,0.0,0.0,0.0,43.9500007629394,no_change,2026-08-03T11:47:40,0.0,0.0
SPXW,2026-12-31,132,Call,6220.0,SPXW261231C06220000,1557.6,1578.2,1567.9,1219.1,0.0,0.0,0.0,1.0,0.2663,0.9288,0.0001,6.4268,-0.6221,20.3794,1564.3093,0.0,0.0,0.0,1548.20001220703,up,2026-04-24T12:05:26,0.0,0.0
SPXW,2026-12-31,132,Put,6220.0,SPXW261231P06220000,40.1,40.6,40.35,53.4,0.0,0.0,0.0,528.0,0.2655,-0.0714,0.0001,6.4268,-0.6221,-2.1276,40.4582,0.0,0.0,0.0,44.1500015258789,no_change,2026-08-03T11:49:31,0.0,0.0
SPXW,2026-12-31,132,Call,6225.0,SPXW261231C06225000,1552.7,1573.5,1563.1,934.1,0.0,0.0,0.0,23.0,0.2659,0.9284,0.0001,6.454,-0.6238,20.3854,1559.5955,0.0,0.0,0.0,1543.25,up,2026-04-10T15:43:45,0.0,0.0
SPXW,2026-12-31,132,Put,6225.0,SPXW261231P06225000,40.3,40.8,40.55,45.9,0.0,0.0,0.0,357.0,0.265,-0.0718,0.0001,6.454,-0.6238,-2.1396,40.6639,0.0,0.0,0.0,44.3499984741211,up,2026-08-06T15:03:26,0.0,0.0
SPXW,2026-12-31,132,Call,6230.0,SPXW261231C06230000,1548.8,1568.8,1558.8,0.0,0.0,0.0,0.0,0.0,0.2655,0.928,0.0001,6.4813,-0.6256,20.3915,1554.8829,0.0,0.0,0.0,1538.54998779297,no_change,,0.0,0.0
SPXW,2026-12-31,132,Put,6230.0,SPXW261231P06230000,40.5,41.0,40.75,39.83,0.0,0.0,0.0,39.0,0.2646,-0.0722,0.0001,6.4813,-0.6256,-2.1516,40.8709,0.0,0.0,0.0,44.5499992370606,up,2026-08-13T10:55:35,0.0,0.0
SPXW,2026-12-31,132,Call,6235.0,SPXW261231C06235000,1543.3,1564.1,1553.6999999999998,0.0,0.0,0.0,0.0,0.0,0.2649,0.9276,0.0001,6.5088,-0.6273,20.3974,1550.1715,0.0,0.0,0.0,1533.85003662109,no_change,,0.0,0.0
SPXW,2026-12-31,132,Put,6235.0,SPXW261231P06235000,40.8,41.2,41.0,82.8,0.0,0.0,0.0,23.0,0.2643,-0.0726,0.0001,6.5088,-0.6273,-2.1637,41.0791,0.0,0.0,0.0,44.7999992370606,down,2026-06-15T09:39:49,0.0,0.0
SPXW,2026-12-31,132,Call,6240.0,SPXW261231C06240000,1538.5,1559.4,1548.95,1021.78,0.0,0.0,0.0,3.0,0.2645,0.9272,0.0001,6.5363,-0.6291,20.4033,1545.4615,0.0,0.0,0.0,1529.14996337891,down,2026-02-26T11:02:14,0.0,0.0
SPXW,2026-12-31,132,Put,6240.0,SPXW261231P06240000,41.0,41.5,41.25,43.17,0.0,0.0,0.0,51.0,0.2638,-0.073,0.0001,6.5363,-0.6291,-2.1758,41.2886,0.0,0.0,0.0,45.0499992370606,down,2026-08-12T09:50:51,0.0,0.0
SPXW,2026-12-31,132,Call,6245.0,SPXW261231C06245000,1533.8,1554.7,1544.25,663.73,0.0,0.0,0.0,1.0,0.2641,0.9268,0.0001,6.5639,-0.6308,20.4092,1540.7527,0.0,0.0,0.0,1524.5,down,2026-03-27T14:03:45,0.0,0.0
SPXW,2026-12-31,132,Put,6245.0,SPXW261231P06245000,41.2,41.7,41.45,51.04,0.0,0.0,0.0,42.0,0.2634,-0.0734,0.0001,6.5639,-0.6308,-2.1881,41.4993,0.0,0.0,0.0,45.25,down,2026-08-04T09:51:56,0.0,0.0
SPXW,2026-12-31,132,Call,6250.0,SPXW261231C06250000,1530.2,1549.9,1540.0500000000002,1185.69,0.0,0.0,0.0,1.0,0.2637,0.9264,0.0001,6.5916,-0.6326,20.4149,1536.0452,0.0,0.0,0.0,1520.0,up,2026-04-27T09:50:06,0.0,0.0
SPXW,2026-12-31,132,Put,6250.0,SPXW261231P06250000,41.4,41.9,41.65,42.91,-2.59,-5.69231,2.0,1045.0,0.263,-0.0738,0.0001,6.5916,-0.6326,-2.2003,41.7114,42.91,42.91,42.91,45.5,up,2026-08-21T10:13:38,0.0,0.0
SPXW,2026-12-31,132,Call,6255.0,SPXW261231C06255000,1524.8,1545.2,1535.0,0.0,0.0,0.0,0.0,0.0,0.2633,0.926,0.0001,6.6195,-0.6343,20.4206,1531.339,0.0,0.0,0.0,1515.09997558594,no_change,,0.0,0.0
SPXW,2026-12-31,132,Put,6255.0,SPXW261231P06255000,41.6,42.1,41.85,54.75,0.0,0.0,0.0,4.0,0.2625,-0.0743,0.0001,6.6195,-0.6343,-2.2127,41.9247,0.0,0.0,0.0,45.7000007629394,down,2026-08-03T13:20:10,0.0,0.0
SPXW,2026-12-31,132,Call,6260.0,SPXW261231C06260000,1520.1,1540.5,1530.3,1422.09,0.0,0.0,0.0,0.0,0.2629,0.9256,0.0001,6.6475,-0.6361,20.4262,1526.6341,0.0,0.0,0.0,1510.0,down,2026-07-13T15:38:25,0.0,0.0
SPXW,2026-12-31,132,Put,6260.0,SPXW261231P06260000,41.8,42.3,42.05,55.25,0.0,0.0,0.0,32.0,0.2622,-0.0747,0.0001,6.6475,-0.6361,-2.2251,42.1394,0.0,0.0,0.0,45.8999996185303,up,2026-08-03T13:09:45,0.0,0.0
SPXW,2026-12-31,132,Call,6265.0,SPXW261231C06265000,1515.0,1535.8,1525.4,0.0,0.0,0.0,0.0,0.0,0.2624,0.9251,0.0001,6.6756,-0.6379,20.4318,1521.9305,0.0,0.0,0.0,1505.69995117188,no_change,,0.0,0.0
SPXW,2026-12-31,132,Put,6265.0,SPXW261231P06265000,42.0,42.5,42.25,45.3,0.0,0.0,0.0,47.0,0.2617,-0.0751,0.0001,6.6756,-0.6379,-2.2376,42.3553,0.0,0.0,0.0,46.2000007629394,down,2026-08-10T11:38:40,0.0,0.0
SPXW,2026-12-31,132,Call,6270.0,SPXW261231C06270000,1511.7,1531.1,1521.4,0.0,0.0,0.0,0.0,0.0,0.262,0.9247,0.0001,6.7038,-0.6397,20.4373,1517.2282,0.0,0.0,0.0,1501.04998779297,no_change,,0.0,0.0
SPXW,2026-12-31,132,Put,6270.0,SPXW261231P06270000,42.2,42.7,42.45,46.25,0.0,0.0,0.0,5.0,0.2613,-0.0755,0.0001,6.7038,-0.6397,-2.2501,42.5726,0.0,0.0,0.0,46.3999996185303,down,2026-08-18T12:10:53,0.0,0.0
SPXW,2026-12-31,132,Call,6275.0,SPXW261231C06275000,1506.1,1526.4,1516.25,0.0,0.0,0.0,0.0,0.0,0.2616,0.9243,0.0001,6.7322,-0.6414,20.4427,1512.5273,0.0,0.0,0.0,1496.35003662109,no_change,,0.0,0.0
SPXW,2026-12-31,132,Put,6275.0,SPXW261231P06275000,42.5,43.0,42.75,88.75,0.0,0.0,0.0,9.0,0.2609,-0.076,0.0001,6.7322,-0.6414,-2.2628,42.7912,0.0,0.0,0.0,46.6500015258789,down,2026-06-29T09:42:41,0.0,0.0
SPXW,2026-12-31,132,Call,6280.0,SPXW261231C06280000,1502.2,1521.7,1511.95,667.03,0.0,0.0,0.0,8.0,0.2612,0.9238,0.0001,6.7607,-0.6432,20.4481,1507.8276,0.0,0.0,0.0,1491.84997558594,up,2026-03-27T11:02:40,0.0,0.0
SPXW,2026-12-31,132,Put,6280.0,SPXW261231P06280000,42.7,43.2,42.95,106.4,0.0,0.0,0.0,50.0,0.2605,-0.0764,0.0001,6.7607,-0.6432,-2.2755,43.0111,0.0,0.0,0.0,46.8999996185303,up,2026-06-08T09:56:34,0.0,0.0
SPXW,2026-12-31,132,Call,6285.0,SPXW261231C06285000,1495.7,1517.0,1506.35,0.0,0.0,0.0,0.0,0.0,0.2608,0.9234,0.0001,6.7894,-0.645,20.4533,1503.1293,0.0,0.0,0.0,1487.25,no_change,,0.0,0.0
SPXW,2026-12-31,132,Put,6285.0,SPXW261231P06285000,42.9,43.4,43.15,134.21,0.0,0.0,0.0,19.0,0.2601,-0.0768,0.0001,6.7894,-0.645,-2.2882,43.2323,0.0,0.0,0.0,47.1000003814697,down,2026-06-09T12:38:38,0.0,0.0
SPXW,2026-12-31,132,Call,6290.0,SPXW261231C06290000,1491.5,1512.3,1501.9,788.4,0.0,0.0,0.0,3.0,0.2603,0.923,0.0001,6.8182,-0.6468,20.4585,1498.4324,0.0,0.0,0.0,1481.85003662109,up,2026-03-23T10:42:29,0.0,0.0
SPXW,2026-12-31,132,Put,6290.0,SPXW261231P06290000,43.1,43.6,43.35,47.94,0.0,0.0,0.0,174.0,0.2596,-0.0773,0.0001,6.8182,-0.6468,-2.3011,43.4549,0.0,0.0,0.0,47.3999996185303,no_change,2026-08-11T15:02:38,0.0,0.0
SPXW,2026-12-31,132,Call,6295.0,SPXW261231C06295000,1487.2,1507.6,1497.4,633.61,0.0,0.0,0.0,1.0,0.2599,0.9225,0.0001,6.8471,-0.6486,20.4636,1493.7368,0.0,0.0,0.0,1477.29998779297,up,2026-03-27T13:55:18,0.0,0.0
SPXW,2026-12-31,132,Put,6295.0,SPXW261231P06295000,43.4,43.9,43.65,42.95,0.0,0.0,0.0,41.0,0.2592,-0.0777,0.0001,6.8471,-0.6486,-2.314,43.6789,0.0,0.0,0.0,47.6000003814697,down,2026-08-13T10:23:10,0.0,0.0
SPXW,2026-12-31,132,Call,6300.0,SPXW261231C06300000,1482.5,1502.9,1492.7,1400.58,0.0,0.0,0.0,20.0,0.2595,0.9221,0.0001,6.8762,-0.6504,20.4686,1489.0425,0.0,0.0,0.0,1473.15002441406,up,2026-06-18T15:09:45,0.0,0.0
SPXW,2026-12-31,132,Put,6300.0,SPXW261231P06300000,43.6,44.1,43.85,47.62,0.0,0.0,0.0,1154.0,0.2589,-0.0782,0.0001,6.8762,-0.6504,-2.3271,43.9042,0.0,0.0,0.0,47.8499984741211,up,2026-08-20T14:15:24,0.0,0.0
SPXW,2026-12-31,132,Call,6305.0,SPXW261231C06305000,1477.4,1498.2,1487.8000000000002,0.0,0.0,0.0,0.0,0.0,0.259,0.9216,0.0001,6.9055,-0.6522,20.4736,1484.3497,0.0,0.0,0.0,1468.30004882812,no_change,,0.0,0.0
SPXW,2026-12-31,132,Put,6305.0,SPXW261231P06305000,43.8,44.3,44.05,51.32,0.0,0.0,0.0,18.0,0.2584,-0.0786,0.0001,6.9055,-0.6522,-2.3402,44.1309,0.0,0.0,0.0,48.1000003814697,down,2026-08-05T16:03:59,0.0,0.0
SPXW,2026-12-31,132,Call,6310.0,SPXW261231C06310000,1469.6,1491.1,1480.35,0.0,0.0,0.0,0.0,0.0,0.2586,0.9212,0.0001,6.9348,-0.654,20.4784,1479.6582,0.0,0.0,0.0,1463.25,no_change,,0.0,0.0
SPXW,2026-12-31,132,Put,6310.0,SPXW261231P06310000,44.0,44.5,44.25,86.41,0.0,0.0,0.0,11.0,0.2579,-0.079,0.0001,6.9348,-0.654,-2.3534,44.359,0.0,0.0,0.0,48.2999992370606,down,2026-07-23T09:57:47,0.0,0.0
SPXW,2026-12-31,132,Call,6315.0,SPXW261231C06315000,1468.0,1488.8,1478.4,0.0,0.0,0.0,0.0,0.0,0.2582,0.9207,0.0001,6.9644,-0.6558,20.4832,1474.9681,0.0,0.0,0.0,1458.95001220703,no_change,,0.0,0.0
SPXW,2026-12-31,132,Put,6315.0,SPXW261231P06315000,44.3,44.8,44.55,44.7,0.0,0.0,0.0,9.0,0.2576,-0.0795,0.0001,6.9644,-0.6558,-2.3667,44.5884,0.0,0.0,0.0,48.6000003814697,down,2026-08-14T11:58:45,0.0,0.0
SPXW,2026-12-31,132,Call,6320.0,SPXW261231C06320000,1463.8,1484.1,1473.9499999999998,0.0,0.0,0.0,0.0,0.0,0.2578,0.9203,0.0001,6.9941,-0.6576,20.4878,1470.2794,0.0,0.0,0.0,1454.25,no_change,,0.0,0.0
SPXW,2026-12-31,132,Put,6320.0,SPXW261231P06320000,44.5,45.0,44.75,111.5,0.0,0.0,0.0,32.0,0.2572,-0.0799,0.0001,6.9941,-0.6576,-2.3801,44.8193,0.0,0.0,0.0,48.8499984741211,up,2026-06-08T13:01:22,0.0,0.0
SPXW,2026-12-31,132,Call,6325.0,SPXW261231C06325000,1458.6,1479.5,1469.05,802.79,0.0,0.0,0.0,1.0,0.2573,0.9198,0.0001,7.024,-0.6595,20.4924,1465.5922,0.0,0.0,0.0,1449.59997558594,down,2026-03-18T11:35:01,0.0,0.0
SPXW,2026-12-31,132,Put,6325.0,SPXW261231P06325000,44.7,45.2,44.95,43.92,0.0,0.0,0.0,33.0,0.2567,-0.0804,0.0001,7.024,-0.6595,-2.3936,45.0516,0.0,0.0,0.0,49.1000003814697,down,2026-08-13T10:51:35,0.0,0.0
SPXW,2026-12-31,132,Call,6330.0,SPXW261231C06330000,1453.7,1474.8,1464.25,0.0,0.0,0.0,0.0,0.0,0.2569,0.9194,0.0001,7.054,-0.6613,20.4968,1460.9063,0.0,0.0,0.0,1445.15002441406,no_change,,0.0,0.0
SPXW,2026-12-31,132,Put,6330.0,SPXW261231P06330000,45.0,45.5,45.25,90.54,0.0,0.0,0.0,4.0,0.2563,-0.0809,0.0001,7.054,-0.6613,-2.4071,45.2853,0.0,0.0,0.0,49.3499984741211,up,2026-07-23T14:27:18,0.0,0.0
SPXW,2026-12-31,132,Call,6335.0,SPXW261231C06335000,1449.6,1470.1,1459.85,0.0,0.0,0.0,0.0,0.0,0.2566,0.9189,0.0001,7.0842,-0.6631,20.5012,1456.2219,0.0,0.0,0.0,1440.25,no_change,,0.0,0.0
SPXW,2026-12-31,132,Put,6335.0,SPXW261231P06335000,45.2,45.7,45.45,52.22,0.0,0.0,0.0,3.0,0.2558,-0.0813,0.0001,7.0842,-0.6631,-2.4208,45.5204,0.0,0.0,0.0,49.6000003814697,no_change,2026-08-04T12:24:06,0.0,0.0
SPXW,2026-12-31,132,Call,6340.0,SPXW261231C06340000,1445.1,1465.4,1455.25,1112.18,0.0,0.0,0.0,1.0,0.2561,0.9184,0.0001,7.1145,-0.6649,20.5055,1451.5389,0.0,0.0,0.0,1435.59997558594,up,2026-04-30T11:44:54,0.0,0.0
SPXW,2026-12-31,132,Put,6340.0,SPXW261231P06340000,45.4,45.9,45.65,91.09,0.0,0.0,0.0,28.0,0.2554,-0.0818,0.0001,7.1145,-0.6649,-2.4346,45.757,0.0,0.0,0.0,49.8499984741211,up,2026-07-23T14:29:27,0.0,0.0
SPXW,2026-12-31,132,Call,6345.0,SPXW261231C06345000,1440.3,1460.7,1450.5,0.0,0.0,0.0,0.0,0.0,0.2557,0.918,0.0001,7.145,-0.6668,20.5096,1446.8574,0.0,0.0,0.0,1430.95001220703,no_change,,0.0,0.0
SPXW,2026-12-31,132,Put,6345.0,SPXW261231P06345000,45.7,46.2,45.95,51.49,0.0,0.0,0.0,13.0,0.2551,-0.0823,0.0001,7.145,-0.6668,-2.4485,45.995,0.0,0.0,0.0,50.1000003814697,down,2026-08-05T09:59:58,0.0,0.0
SPXW,2026-12-31,132,Call,6350.0,SPXW261231C06350000,1436.0,1456.0,1446.0,1556.92,0.0,0.0,0.0,25.0,0.2552,0.9175,0.0001,7.1757,-0.6686,20.5137,1442.1774,0.0,0.0,0.0,1426.25,up,2026-08-05T10:30:10,0.0,0.0
SPXW,2026-12-31,132,Put,6350.0,SPXW261231P06350000,45.9,46.4,46.15,46.69,0.0,0.0,0.0,587.0,0.2546,-0.0827,0.0001,7.1757,-0.6686,-2.4625,46.2345,0.0,0.0,0.0,50.3999996185303,up,2026-08-17T12:34:10,0.0,0.0
SPXW,2026-12-31,132,Call,6355.0,SPXW261231C06355000,1430.9,1451.4,1441.15,1552.34,0.0,0.0,0.0,2.0,0.2548,0.917,0.0001,7.2065,-0.6704,20.5176,1437.4988,0.0,0.0,0.0,1421.84997558594,up,2026-08-05T10:30:10,0.0,0.0
SPXW,2026-12-31,132,Put,6355.0,SPXW261231P06355000,46.1,46.6,46.35,77.5,0.0,0.0,0.0,88.0,0.2542,-0.0832,0.0001,7.2065,-0.6704,-2.4766,46.4755,0.0,0.0,0.0,50.6500015258789,down,2026-07-22T09:52:34,0.0,0.0
SPXW,2026-12-31,132,Call,6360.0,SPXW261231C06360000,1426.2,1446.7,1436.45,561.82,0.0,0.0,0.0,2.0,0.2543,0.9165,0.0001,7.2375,-0.6723,20.5214,1432.8217,0.0,0.0,0.0,1416.95001220703,down,2026-03-30T15:58:48,0.0,0.0
SPXW,2026-12-31,132,Put,6360.0,SPXW261231P06360000,46.4,46.9,46.65,87.77,0.0,0.0,0.0,35.0,0.2538,-0.0837,0.0001,7.2375,-0.6723,-2.4908,46.7179,0.0,0.0,0.0,50.8999996185303,down,2026-07-29T10:13:20,0.0,0.0
SPXW,2026-12-31,132,Call,6365.0,SPXW261231C06365000,1421.2,1442.0,1431.6,610.78,0.0,0.0,0.0,1.0,0.254,0.916,0.0001,7.2686,-0.6741,20.5252,1428.1461,0.0,0.0,0.0,1412.35003662109,down,2026-03-27T10:51:53,0.0,0.0
SPXW,2026-12-31,132,Put,6365.0,SPXW261231P06365000,46.6,47.1,46.85,159.72,0.0,0.0,0.0,30.0,0.2534,-0.0842,0.0001,7.2686,-0.6741,-2.5051,46.9619,0.0,0.0,0.0,51.1500015258789,down,2026-04-30T15:10:35,0.0,0.0
SPXW,2026-12-31,132,Call,6370.0,SPXW261231C06370000,1417.9,1437.3,1427.6,630.74,0.0,0.0,0.0,10.0,0.2536,0.9156,0.0001,7.2999,-0.676,20.5288,1423.4721,0.0,0.0,0.0,1407.84997558594,up,2026-03-31T12:50:29,0.0,0.0
SPXW,2026-12-31,132,Put,6370.0,SPXW261231P06370000,46.9,47.4,47.15,48.87,0.0,0.0,0.0,41.0,0.253,-0.0847,0.0001,7.2999,-0.676,-2.5196,47.2074,0.0,0.0,0.0,51.4500007629394,up,2026-08-17T13:23:19,0.0,0.0
SPXW,2026-12-31,132,Call,6375.0,SPXW261231C06375000,1411.9,1432.6,1422.25,808.34,0.0,0.0,0.0,4.0,0.2531,0.9151,0.0001,7.3313,-0.6778,20.5323,1418.7995,0.0,0.0,0.0,1403.0,up,2026-04-09T11:32:38,0.0,0.0
SPXW,2026-12-31,132,Put,6375.0,SPXW261231P06375000,47.1,47.6,47.35,48.7,-3.0,-5.80271,9.0,53.0,0.2526,-0.0852,0.0001,7.3313,-0.6778,-2.5341,47.4544,48.7,48.7,48.7,51.7000007629394,up,2026-08-21T10:21:26,0.0,0.0
SPXW,2026-12-31,132,Call,6380.0,SPXW261231C06380000,1406.7,1428.0,1417.35,0.0,0.0,0.0,0.0,0.0,0.2527,0.9146,0.0001,7.3629,-0.6797,20.5356,1414.1285,0.0,0.0,0.0,1398.35003662109,no_change,,0.0,0.0
SPXW,2026-12-31,132,Put,6380.0,SPXW261231P06380000,47.4,47.9,47.65,87.33,0.0,0.0,0.0,125.0,0.2522,-0.0856,0.0001,7.3629,-0.6797,-2.5488,47.703,0.0,0.0,0.0,51.8999996185303,up,2026-07-27T12:33:06,0.0,0.0
SPXW,2026-12-31,132,Call,6385.0,SPXW261231C06385000,1404.1,1423.3,1413.6999999999998,897.0,0.0,0.0,0.0,1.0,0.2523,0.9141,0.0001,7.3946,-0.6815,20.5389,1409.4591,0.0,0.0,0.0,1393.64996337891,up,2026-03-04T14:40:40,0.0,0.0
SPXW,2026-12-31,132,Put,6385.0,SPXW261231P06385000,47.6,48.1,47.85,90.73,0.0,0.0,0.0,68.0,0.2517,-0.0861,0.0001,7.3946,-0.6815,-2.5636,47.9531,0.0,0.0,0.0,52.2000007629394,up,2026-07-27T10:48:37,0.0,0.0
SPXW,2026-12-31,132,Call,6390.0,SPXW261231C06390000,1398.3,1418.6,1408.4499999999998,1150.45,0.0,0.0,0.0,12.0,0.2519,0.9136,0.0001,7.4264,-0.6834,20.542,1404.7912,0.0,0.0,0.0,1388.65002441406,no_change,2026-05-05T11:11:56,0.0,0.0
SPXW,2026-12-31,132,Put,6390.0,SPXW261231P06390000,47.9,48.4,48.15,52.92,0.0,0.0,0.0,59.0,0.2514,-0.0866,0.0001,7.4264,-0.6834,-2.5785,48.2048,0.0,0.0,0.0,52.5,down,2026-08-11T15:55:12,0.0,0.0
SPXW,2026-12-31,132,Call,6395.0,SPXW261231C06395000,1390.0,1411.9,1400.95,0.0,0.0,0.0,0.0,0.0,0.2514,0.9131,0.0001,7.4584,-0.6852,20.5451,1400.1249,0.0,0.0,0.0,1384.29998779297,no_change,,0.0,0.0
SPXW,2026-12-31,132,Put,6395.0,SPXW261231P06395000,48.1,48.6,48.35,84.7,0.0,0.0,0.0,44.0,0.2509,-0.0871,0.0001,7.4584,-0.6852,-2.5935,48.458,0.0,0.0,0.0,52.7999992370606,down,2026-07-03T10:42:17,0.0,0.0
SPXW,2026-12-31,132,Call,6400.0,SPXW261231C06400000,1389.2,1409.3,1399.25,1300.94,0.0,0.0,0.0,54.0,0.2511,0.9126,0.0001,7.4905,-0.6871,20.548,1395.4602,0.0,0.0,0.0,1380.09997558594,down,2026-08-03T09:53:01,0.0,0.0
SPXW,2026-12-31,132,Put,6400.0,SPXW261231P06400000,48.4,48.9,48.65,52.44,0.0,0.0,0.0,5528.0,0.2505,-0.0876,0.0001,7.4905,-0.6871,-2.6086,48.7129,0.0,0.0,0.0,53.0499992370606,down,2026-08-20T14:24:15,0.0,0.0
SPXW,2026-12-31,132,Call,6405.0,SPXW261231C06405000,1383.9,1404.6,1394.25,0.0,0.0,0.0,0.0,0.0,0.2506,0.9121,0.0001,7.5228,-0.689,20.5508,1390.7971,0.0,0.0,0.0,1375.14996337891,no_change,,0.0,0.0
SPXW,2026-12-31,132,Put,6405.0,SPXW261231P06405000,48.6,49.1,48.85,50.57,0.0,0.0,0.0,16.0,0.25,-0.0881,0.0001,7.5228,-0.689,-2.6239,48.9693,0.0,0.0,0.0,53.3499984741211,down,2026-08-17T13:23:19,0.0,0.0
SPXW,2026-12-31,132,Call,6410.0,SPXW261231C06410000,1376.1,1397.9,1387.0,0.0,0.0,0.0,0.0,0.0,0.2502,0.9116,0.0001,7.5551,-0.6908,20.5535,1386.1357,0.0,0.0,0.0,1370.45001220703,no_change,,0.0,0.0
SPXW,2026-12-31,132,Put,6410.0,SPXW261231P06410000,48.9,49.4,49.15,52.82,0.0,0.0,0.0,72.0,0.2497,-0.0887,0.0001,7.5551,-0.6908,-2.6392,49.2274,0.0,0.0,0.0,53.6000003814697,no_change,2026-08-10T09:44:45,0.0,0.0
SPXW,2026-12-31,132,Call,6415.0,SPXW261231C06415000,1371.4,1393.1,1382.25,542.21,0.0,0.0,0.0,25.0,0.2498,0.9111,0.0001,7.5876,-0.6927,20.556,1381.4758,0.0,0.0,0.0,1365.45001220703,up,2026-03-27T16:07:10,0.0,0.0
SPXW,2026-12-31,132,Put,6415.0,SPXW261231P06415000,49.2,49.6,49.400000000000006,54.68,0.0,0.0,0.0,18.0,0.2493,-0.0892,0.0001,7.5876,-0.6927,-2.6547,49.4871,0.0,0.0,0.0,53.8999996185303,down,2026-08-07T10:22:26,0.0,0.0
SPXW,2026-12-31,132,Call,6420.0,SPXW261231C06420000,1369.9,1390.6,1380.25,647.68,0.0,0.0,0.0,1.0,0.2493,0.9105,0.0001,7.6202,-0.6946,20.5585,1376.8176,0.0,0.0,0.0,1361.39996337891,down,2026-03-24T10:05:29,0.0,0.0
SPXW,2026-12-31,132,Put,6420.0,SPXW261231P06420000,49.4,49.9,49.65,98.1,0.0,0.0,0.0,98.0,0.2488,-0.0897,0.0001,7.6202,-0.6946,-2.6703,49.7484,0.0,0.0,0.0,54.1500015258789,up,2026-07-02T13:04:06,0.0,0.0
SPXW,2026-12-31,132,Call,6425.0,SPXW261231C06425000,1362.1,1383.8,1372.9499999999998,1278.19,0.0,0.0,0.0,6.0,0.249,0.91,0.0001,7.6529,-0.6965,20.5608,1372.161,0.0,0.0,0.0,1356.54998779297,up,2026-08-03T09:53:01,0.0,0.0
SPXW,2026-12-31,132,Put,6425.0,SPXW261231P06425000,49.7,50.2,49.95,48.67,0.0,0.0,0.0,213.0,0.2485,-0.0902,0.0001,7.6529,-0.6965,-2.686,50.0114,0.0,0.0,0.0,54.4500007629394,down,2026-08-14T15:33:19,0.0,0.0
SPXW,2026-12-31,132,Call,6430.0,SPXW261231C06430000,1360.8,1381.3,1371.05,0.0,0.0,0.0,0.0,0.0,0.2485,0.9095,0.0001,7.6858,-0.6984,20.5631,1367.5061,0.0,0.0,0.0,1351.95001220703,no_change,,0.0,0.0
SPXW,2026-12-31,132,Put,6430.0,SPXW261231P06430000,49.9,50.4,50.15,50.09,0.0,0.0,0.0,75.0,0.2481,-0.0907,0.0001,7.6858,-0.6984,-2.7018,50.2761,0.0,0.0,0.0,54.75,down,2026-08-17T10:52:33,0.0,0.0
SPXW,2026-12-31,132,Call,6435.0,SPXW261231C06435000,1352.8,1374.5,1363.65,0.0,0.0,0.0,0.0,0.0,0.248,0.909,0.0001,7.7187,-0.7002,20.5652,1362.8529,0.0,0.0,0.0,1347.5,no_change,,0.0,0.0
SPXW,2026-12-31,132,Put,6435.0,SPXW261231P06435000,50.2,50.7,50.45,50.5,0.0,0.0,0.0,35.0,0.2476,-0.0913,0.0001,7.7187,-0.7002,-2.7177,50.5424,0.0,0.0,0.0,55.0499992370606,down,2026-08-14T11:55:55,0.0,0.0
SPXW,2026-12-31,132,Call,6440.0,SPXW261231C06440000,1351.3,1372.0,1361.65,557.38,0.0,0.0,0.0,3.0,0.2477,0.9084,0.0001,7.7517,-0.7021,20.5672,1358.2014,0.0,0.0,0.0,1342.70001220703,up,2026-03-27T12:15:40,0.0,0.0
SPXW,2026-12-31,132,Put,6440.0,SPXW261231P06440000,50.5,51.0,50.75,57.0,0.0,0.0,0.0,50.0,0.2472,-0.0918,0.0001,7.7517,-0.7021,-2.7338,50.8104,0.0,0.0,0.0,55.2999992370606,down,2026-08-05T10:27:35,0.0,0.0
SPXW,2026-12-31,132,Call,6445.0,SPXW261231C06445000,1347.0,1367.4,1357.2,0.0,0.0,0.0,0.0,0.0,0.2472,0.9079,0.0001,7.7848,-0.704,20.5691,1353.5516,0.0,0.0,0.0,1338.04998779297,no_change,,0.0,0.0
SPXW,2026-12-31,132,Put,6445.0,SPXW261231P06445000,50.7,51.2,50.95,58.2,0.0,0.0,0.0,30.0,0.2469,-0.0923,0.0001,7.7848,-0.704,-2.7499,51.0801,0.0,0.0,0.0,55.6000003814697,up,2026-08-04T14:02:12,0.0,0.0
SPXW,2026-12-31,132,Call,6450.0,SPXW261231C06450000,1343.5,1362.7,1353.1,1104.0,0.0,0.0,0.0,11.0,0.2469,0.9074,0.0001,7.818,-0.7059,20.5709,1348.9034,0.0,0.0,0.0,1333.60003662109,up,2026-05-05T13:50:11,0.0,0.0
SPXW,2026-12-31,132,Put,6450.0,SPXW261231P06450000,51.0,51.5,51.25,52.7,-3.2,-5.72451,9.0,294.0,0.2464,-0.0929,0.0001,7.818,-0.7059,-2.7661,51.3516,52.7,52.7,52.7,55.8999996185303,up,2026-08-21T10:21:26,0.0,0.0
SPXW,2026-12-31,132,Call,6455.0,SPXW261231C06455000,1337.7,1358.1,1347.9,0.0,0.0,0.0,0.0,0.0,0.2464,0.9068,0.0001,7.8513,-0.7078,20.5726,1344.2571,0.0,0.0,0.0,1327.69995117188,no_change,,0.0,0.0
SPXW,2026-12-31,132,Put,6455.0,SPXW261231P06455000,51.3,51.8,51.55,199.8,0.0,0.0,0.0,1.0,0.246,-0.0934,0.0001,7.8513,-0.7078,-2.7825,51.6247,0.0,0.0,0.0,56.2000007629394,down,2026-04-17T09:48:23,0.0,0.0
SPXW,2026-12-31,132,Call,6460.0,SPXW261231C06460000,1329.5,1351.2,1340.35,541.44,0.0,0.0,0.0,3.0,0.246,0.9063,0.0001,7.8847,-0.7097,20.5743,1339.6124,0.0,0.0,0.0,1323.04998779297,down,2026-03-31T10:43:42,0.0,0.0
SPXW,2026-12-31,132,Put,6460.0,SPXW261231P06460000,51.6,52.1,51.85,95.59,0.0,0.0,0.0,36.0,0.2456,-0.0939,0.0001,7.8847,-0.7097,-2.7989,51.8996,0.0,0.0,0.0,56.4500007629394,down,2026-07-27T10:55:26,0.0,0.0
SPXW,2026-12-31,132,Call,6465.0,SPXW261231C06465000,1329.5,1348.8,1339.15,891.65,0.0,0.0,0.0,1.0,0.2456,0.9057,0.0001,7.9182,-0.7116,20.5758,1334.9695,0.0,0.0,0.0,1318.40002441406,up,2026-02-03T11:57:46,0.0,0.0
SPXW,2026-12-31,132,Put,6465.0,SPXW261231P06465000,51.8,52.3,52.05,84.26,0.0,0.0,0.0,5.0,0.2452,-0.0945,0.0001,7.9182,-0.7116,-2.8154,52.1762,0.0,0.0,0.0,56.75,up,2026-07-10T12:18:29,0.0,0.0
SPXW,2026-12-31,132,Call,6470.0,SPXW261231C06470000,1320.2,1341.9,1331.0500000000002,1184.59,0.0,0.0,0.0,11.0,0.2452,0.9052,0.0001,7.9518,-0.7135,20.5772,1330.3283,0.0,0.0,0.0,1313.80004882812,down,2026-06-29T14:38:15,0.0,0.0
SPXW,2026-12-31,132,Put,6470.0,SPXW261231P06470000,52.1,52.6,52.35,104.49,0.0,0.0,0.0,82.0,0.2447,-0.095,0.0001,7.9518,-0.7135,-2.832,52.4546,0.0,0.0,0.0,57.0499992370606,up,2026-06-29T14:38:15,0.0,0.0
SPXW,2026-12-31,132,Call,6475.0,SPXW261231C06475000,1320.2,1339.5,1329.85,1229.99,0.0,0.0,0.0,5.0,0.2448,0.9046,0.0001,7.9854,-0.7154,20.5785,1325.6889,0.0,0.0,0.0,1309.19995117188,down,2026-06-30T14:08:19,0.0,0.0
SPXW,2026-12-31,132,Put,6475.0,SPXW261231P06475000,52.4,52.9,52.65,99.77,0.0,0.0,0.0,130.0,0.2443,-0.0956,0.0001,7.9854,-0.7154,-2.8488,52.7347,0.0,0.0,0.0,57.3499984741211,up,2026-07-29T11:07:44,0.0,0.0
SPXW,2026-12-31,132,Call,6480.0,SPXW261231C06480000,1310.9,1332.7,1321.8000000000002,569.31,0.0,0.0,0.0,2.0,0.2443,0.9041,0.0001,8.0191,-0.7173,20.5797,1321.0512,0.0,0.0,0.0,1304.54998779297,up,2026-03-26T16:10:04,0.0,0.0
SPXW,2026-12-31,132,Put,6480.0,SPXW261231P06480000,52.7,53.2,52.95,64.82,0.0,0.0,0.0,9.0,0.2439,-0.0962,0.0001,8.0191,-0.7173,-2.8656,53.0166,0.0,0.0,0.0,57.6500015258789,down,2026-08-04T09:51:56,0.0,0.0
SPXW,2026-12-31,132,Call,6485.0,SPXW261231C06485000,1311.0,1330.2,1320.6,1166.13,0.0,0.0,0.0,7.0,0.244,0.9035,0.0001,8.0529,-0.7192,20.5809,1316.4154,0.0,0.0,0.0,1299.95001220703,no_change,2026-06-24T12:30:21,0.0,0.0
SPXW,2026-12-31,132,Put,6485.0,SPXW261231P06485000,52.9,53.5,53.2,83.5,0.0,0.0,0.0,83.0,0.2435,-0.0967,0.0001,8.0529,-0.7192,-2.8825,53.3003,0.0,0.0,0.0,57.9500007629394,down,2026-07-31T09:30:02,0.0,0.0
SPXW,2026-12-31,132,Call,6490.0,SPXW261231C06490000,1306.5,1325.6,1316.05,1161.78,0.0,0.0,0.0,5.0,0.2435,0.9029,0.0001,8.0868,-0.7212,20.5819,1311.7813,0.0,0.0,0.0,1295.35003662109,no_change,2026-06-24T12:30:21,0.0,0.0
SPXW,2026-12-31,132,Put,6490.0,SPXW261231P06490000,53.2,53.7,53.45,53.51,0.0,0.0,0.0,243.0,0.2431,-0.0973,0.0001,8.0868,-0.7212,-2.8995,53.5858,0.0,0.0,0.0,58.2999992370606,down,2026-08-17T11:42:57,0.0,0.0
SPXW,2026-12-31,132,Call,6495.0,SPXW261231C06495000,1297.0,1318.8,1307.9,559.98,0.0,0.0,0.0,2.0,0.2431,0.9024,0.0001,8.1208,-0.7231,20.5829,1307.149,0.0,0.0,0.0,1290.75,up,2026-03-26T16:10:04,0.0,0.0
SPXW,2026-12-31,132,Put,6495.0,SPXW261231P06495000,53.5,54.0,53.75,93.85,0.0,0.0,0.0,60.0,0.2427,-0.0979,0.0001,8.1208,-0.7231,-2.9166,53.8731,0.0,0.0,0.0,58.6000003814697,down,2026-07-03T10:42:17,0.0,0.0
SPXW,2026-12-31,132,Call,6500.0,SPXW261231C06500000,1296.9,1316.3,1306.6,1384.82,0.0,0.0,0.0,80.0,0.2427,0.9018,0.0002,8.1549,-0.725,20.5837,1302.5186,0.0,0.0,0.0,1286.14996337891,up,2026-08-07T15:04:08,0.0,0.0
SPXW,2026-12-31,132,Put,6500.0,SPXW261231P06500000,53.8,54.3,54.05,53.6,-5.3,-8.9983,16.0,8812.0,0.2422,-0.0984,0.0002,8.1549,-0.725,-2.9338,54.1622,55.7,55.7,53.4,58.8999996185303,up,2026-08-21T15:50:56,0.0,0.0
SPXW,2026-12-31,132,Call,6505.0,SPXW261231C06505000,1292.4,1311.7,1302.0500000000002,524.37,0.0,0.0,0.0,1.0,0.2422,0.9012,0.0002,8.1891,-0.7269,20.5845,1297.8899,0.0,0.0,0.0,1281.5,up,2026-03-27T11:00:00,0.0,0.0
SPXW,2026-12-31,132,Put,6505.0,SPXW261231P06505000,54.1,54.6,54.35,92.89,0.0,0.0,0.0,15.0,0.2418,-0.099,0.0002,8.1891,-0.7269,-2.951,54.4531,0.0,0.0,0.0,59.2000007629394,up,2026-07-29T15:05:42,0.0,0.0
SPXW,2026-12-31,132,Call,6510.0,SPXW261231C06510000,1291.0,1298.1,1294.55,0.0,0.0,0.0,0.0,0.0,0.2418,0.9006,0.0002,8.2233,-0.7288,20.5852,1293.2631,0.0,0.0,0.0,1276.90002441406,no_change,,0.0,0.0
SPXW,2026-12-31,132,Put,6510.0,SPXW261231P06510000,54.4,54.9,54.65,54.42,-5.13,-8.61461,4.0,6.0,0.2414,-0.0996,0.0002,8.2233,-0.7288,-2.9684,54.7458,54.42,54.42,54.42,59.5499992370606,no_change,2026-08-21T13:11:36,0.0,0.0
SPXW,2026-12-31,132,Call,6515.0,SPXW261231C06515000,1286.8,1293.5,1290.15,557.2,0.0,0.0,0.0,1.0,0.2414,0.9,0.0002,8.2577,-0.7308,20.5858,1288.6381,0.0,0.0,0.0,1272.25,up,2026-03-31T15:20:23,0.0,0.0
SPXW,2026-12-31,132,Put,6515.0,SPXW261231P06515000,54.7,55.2,54.95,54.67,-5.18,-8.65497,4.0,29.0,0.241,-0.1002,0.0002,8.2577,-0.7308,-2.9858,55.0404,54.67,54.67,54.67,59.8499984741211,no_change,2026-08-21T13:11:36,0.0,0.0
SPXW,2026-12-31,132,Call,6520.0,SPXW261231C06520000,1282.2,1288.8,1285.5,1215.21,0.0,0.0,0.0,5.0,0.2411,0.8995,0.0002,8.2921,-0.7327,20.5864,1284.015,0.0,0.0,0.0,1267.64996337891,up,2026-07-06T11:49:59,0.0,0.0
SPXW,2026-12-31,132,Put,6520.0,SPXW261231P06520000,55.0,55.5,55.25,54.67,0.0,0.0,0.0,141.0,0.2406,-0.1008,0.0002,8.2921,-0.7327,-3.0033,55.3368,0.0,0.0,0.0,60.1500015258789,up,2026-08-13T15:26:16,0.0,0.0
SPXW,2026-12-31,132,Call,6525.0,SPXW261231C06525000,1277.6,1284.2,1280.9,1281.08,17.98,1.42348,4.0,2.0,0.2406,0.8989,0.0002,8.3267,-0.7346,20.5868,1279.3937,1281.08,1281.08,1281.08,1263.09997558594,up,2026-08-21T11:26:40,0.0,0.0
SPXW,2026-12-31,132,Put,6525.0,SPXW261231P06525000,55.3,55.8,55.55,55.02,0.0,0.0,0.0,26.0,0.2402,-0.1014,0.0002,8.3267,-0.7346,-3.0209,55.635,0.0,0.0,0.0,60.4500007629394,down,2026-08-19T11:06:24,0.0,0.0
SPXW,2026-12-31,132,Call,6530.0,SPXW261231C06530000,1272.8,1279.6,1276.1999999999998,1276.48,17.98,1.42868,4.0,3.0,0.2402,0.8983,0.0002,8.3614,-0.7366,20.5871,1274.7743,1276.48,1276.48,1276.48,1258.5,up,2026-08-21T11:26:40,0.0,0.0
SPXW,2026-12-31,132,Put,6530.0,SPXW261231P06530000,55.6,56.1,55.85,55.14,0.0,0.0,0.0,130.0,0.2398,-0.102,0.0002,8.3614,-0.7366,-3.0386,55.9351,0.0,0.0,0.0,60.7999992370606,down,2026-08-13T15:37:45,0.0,0.0
SPXW,2026-12-31,132,Call,6535.0,SPXW261231C06535000,1267.9,1275.0,1271.45,0.0,0.0,0.0,0.0,0.0,0.2398,0.8977,0.0002,8.3962,-0.7385,20.5874,1270.1567,0.0,0.0,0.0,1253.90002441406,no_change,,0.0,0.0
SPXW,2026-12-31,132,Put,6535.0,SPXW261231P06535000,55.9,56.4,56.15,122.46,0.0,0.0,0.0,22.0,0.2393,-0.1026,0.0002,8.3962,-0.7385,-3.0564,56.2371,0.0,0.0,0.0,61.1500015258789,up,2026-05-28T11:19:58,0.0,0.0
SPXW,2026-12-31,132,Call,6540.0,SPXW261231C06540000,1263.7,1270.5,1267.1,776.9,0.0,0.0,0.0,3.0,0.2394,0.8971,0.0002,8.4311,-0.7404,20.5876,1265.541,0.0,0.0,0.0,1249.29998779297,down,2026-02-27T16:09:30,0.0,0.0
SPXW,2026-12-31,132,Put,6540.0,SPXW261231P06540000,56.2,56.7,56.45,55.61,0.0,0.0,0.0,191.0,0.239,-0.1032,0.0002,8.4311,-0.7404,-3.0743,56.541,0.0,0.0,0.0,61.4500007629394,down,2026-08-17T11:28:44,0.0,0.0
SPXW,2026-12-31,132,Call,6545.0,SPXW261231C06545000,1259.1,1265.7,1262.4,825.05,0.0,0.0,0.0,60.0,0.239,0.8965,0.0002,8.4661,-0.7423,20.5876,1260.9272,0.0,0.0,0.0,1244.70001220703,down,2025-12-30T13:59:13,0.0,0.0
SPXW,2026-12-31,132,Put,6545.0,SPXW261231P06545000,56.5,57.0,56.75,74.04,0.0,0.0,0.0,106.0,0.2386,-0.1038,0.0002,8.4661,-0.7423,-3.0923,56.8468,0.0,0.0,0.0,61.75,no_change,2026-08-03T13:35:05,0.0,0.0
SPXW,2026-12-31,132,Call,6550.0,SPXW261231C06550000,1254.5,1261.1,1257.8,1055.0,0.0,0.0,0.0,7.0,0.2385,0.8958,0.0002,8.5012,-0.7443,20.5876,1256.3154,0.0,0.0,0.0,1240.09997558594,down,2026-06-25T09:52:37,0.0,0.0
SPXW,2026-12-31,132,Put,6550.0,SPXW261231P06550000,56.8,57.3,57.05,62.2,0.0,0.0,0.0,514.0,0.2381,-0.1044,0.0002,8.5012,-0.7443,-3.1104,57.1544,0.0,0.0,0.0,62.1000003814697,down,2026-08-20T15:22:10,0.0,0.0
SPXW,2026-12-31,132,Call,6555.0,SPXW261231C06555000,1249.4,1256.5,1252.95,557.94,0.0,0.0,0.0,4.0,0.2381,0.8952,0.0002,8.5365,-0.7462,20.5875,1251.7054,0.0,0.0,0.0,1235.5,down,2026-04-01T10:14:19,0.0,0.0
SPXW,2026-12-31,132,Put,6555.0,SPXW261231P06555000,57.1,57.6,57.35,70.45,0.0,0.0,0.0,58.0,0.2378,-0.105,0.0002,8.5365,-0.7462,-3.1285,57.464,0.0,0.0,0.0,62.4500007629394,down,2026-08-04T09:43:21,0.0,0.0
SPXW,2026-12-31,132,Call,6560.0,SPXW261231C06560000,1244.8,1251.9,1248.35,1112.09,0.0,0.0,0.0,11.0,0.2377,0.8946,0.0002,8.572,-0.7482,20.5872,1247.0973,0.0,0.0,0.0,1230.95001220703,down,2026-07-17T11:18:08,0.0,0.0
SPXW,2026-12-31,132,Put,6560.0,SPXW261231P06560000,57.4,57.9,57.65,57.35,0.0,0.0,0.0,118.0,0.2373,-0.1056,0.0002,8.572,-0.7482,-3.1468,57.7755,0.0,0.0,0.0,62.75,down,2026-08-14T11:29:36,0.0,0.0
SPXW,2026-12-31,132,Call,6565.0,SPXW261231C06565000,1240.7,1247.3,1244.0,0.0,0.0,0.0,0.0,0.0,0.2373,0.894,0.0002,8.6076,-0.7501,20.5869,1242.4912,0.0,0.0,0.0,1226.40002441406,no_change,,0.0,0.0
SPXW,2026-12-31,132,Put,6565.0,SPXW261231P06565000,57.7,58.2,57.95,57.6,0.0,0.0,0.0,131.0,0.2369,-0.1062,0.0002,8.6076,-0.7501,-3.1652,58.0889,0.0,0.0,0.0,63.0499992370606,no_change,2026-08-17T11:51:43,0.0,0.0
SPXW,2026-12-31,132,Call,6570.0,SPXW261231C06570000,1235.6,1242.7,1239.15,911.35,0.0,0.0,0.0,15.0,0.2369,0.8934,0.0002,8.6433,-0.7521,20.5865,1237.887,0.0,0.0,0.0,1221.79998779297,up,2026-04-23T09:44:47,0.0,0.0
SPXW,2026-12-31,132,Put,6570.0,SPXW261231P06570000,58.0,58.5,58.25,57.84,0.0,0.0,0.0,271.0,0.2365,-0.1069,0.0002,8.6433,-0.7521,-3.1837,58.4043,0.0,0.0,0.0,63.3999996185303,up,2026-08-17T10:44:55,0.0,0.0
SPXW,2026-12-31,132,Call,6575.0,SPXW261231C06575000,1231.0,1238.1,1234.55,548.38,0.0,0.0,0.0,12.0,0.2365,0.8927,0.0002,8.6792,-0.754,20.5859,1233.2848,0.0,0.0,0.0,1217.20001220703,no_change,2026-04-01T15:53:38,0.0,0.0
SPXW,2026-12-31,132,Put,6575.0,SPXW261231P06575000,58.3,58.8,58.55,60.32,0.0,0.0,0.0,90.0,0.2361,-0.1075,0.0002,8.6792,-0.754,-3.2023,58.7216,0.0,0.0,0.0,63.75,down,2026-08-12T13:16:33,0.0,0.0
SPXW,2026-12-31,132,Call,6580.0,SPXW261231C06580000,1226.4,1233.4,1229.9,1095.19,0.0,0.0,0.0,24.0,0.236,0.8921,0.0002,8.7152,-0.756,20.5852,1228.6846,0.0,0.0,0.0,1212.59997558594,down,2026-07-17T11:17:45,0.0,0.0
SPXW,2026-12-31,132,Put,6580.0,SPXW261231P06580000,58.6,59.2,58.900000000000006,102.4,0.0,0.0,0.0,74.0,0.2357,-0.1081,0.0002,8.7152,-0.756,-3.221,59.0409,0.0,0.0,0.0,64.1000022888184,down,2026-07-24T12:18:46,0.0,0.0
SPXW,2026-12-31,132,Call,6585.0,SPXW261231C06585000,1222.0,1228.8,1225.4,542.74,0.0,0.0,0.0,235.0,0.2356,0.8914,0.0002,8.7515,-0.7579,20.5844,1224.0863,0.0,0.0,0.0,1208.04998779297,no_change,2026-04-01T15:59:41,0.0,0.0
SPXW,2026-12-31,132,Put,6585.0,SPXW261231P06585000,59.0,59.5,59.25,58.41,0.0,0.0,0.0,69.0,0.2353,-0.1088,0.0002,8.7515,-0.7579,-3.2398,59.3622,0.0,0.0,0.0,64.4499969482422,up,2026-08-14T10:34:09,0.0,0.0
SPXW,2026-12-31,132,Call,6590.0,SPXW261231C06590000,1217.2,1224.2,1220.7,539.54,0.0,0.0,0.0,235.0,0.2352,0.8908,0.0002,8.7879,-0.7599,20.5835,1219.4901,0.0,0.0,0.0,1203.5,no_change,2026-04-01T15:59:41,0.0,0.0
SPXW,2026-12-31,132,Put,6590.0,SPXW261231P06590000,59.3,59.8,59.55,77.09,0.0,0.0,0.0,60.0,0.2349,-0.1094,0.0002,8.7879,-0.7599,-3.2588,59.6855,0.0,0.0,0.0,64.75,no_change,2026-08-03T14:27:47,0.0,0.0
SPXW,2026-12-31,132,Call,6595.0,SPXW261231C06595000,1212.6,1219.6,1216.1,532.66,0.0,0.0,0.0,5.0,0.2348,0.8902,0.0002,8.8244,-0.7618,20.5825,1214.8958,0.0,0.0,0.0,1198.90002441406,down,2026-04-01T14:50:54,0.0,0.0
SPXW,2026-12-31,132,Put,6595.0,SPXW261231P06595000,59.6,60.1,59.85,64.48,0.0,0.0,0.0,87.0,0.2344,-0.1101,0.0002,8.8244,-0.7618,-3.2779,60.0108,0.0,0.0,0.0,65.1500015258789,up,2026-08-18T12:24:02,0.0,0.0
SPXW,2026-12-31,132,Call,6600.0,SPXW261231C06600000,1208.1,1215.1,1211.6,1012.36,0.0,0.0,0.0,186.0,0.2344,0.8895,0.0002,8.8612,-0.7638,20.5813,1210.3036,0.0,0.0,0.0,1194.29998779297,up,2026-06-26T15:34:34,0.0,0.0
SPXW,2026-12-31,132,Put,6600.0,SPXW261231P06600000,59.9,60.5,60.2,61.5,-3.95,-6.03514,1.0,2083.0,0.234,-0.1107,0.0002,8.8612,-0.7638,-3.2971,60.3381,61.5,61.5,61.5,65.4499969482422,down,2026-08-21T10:46:16,0.0,0.0
SPXW,2026-12-31,132,Call,6605.0,SPXW261231C06605000,1203.5,1210.5,1207.0,1169.25,0.0,0.0,0.0,36.0,0.234,0.8888,0.0002,8.8981,-0.7657,20.58,1205.7134,0.0,0.0,0.0,1189.75,up,2026-08-03T15:16:52,0.0,0.0
SPXW,2026-12-31,132,Put,6605.0,SPXW261231P06605000,60.3,60.8,60.55,65.58,0.0,0.0,0.0,37.0,0.2337,-0.1114,0.0002,8.8981,-0.7657,-3.3165,60.6675,0.0,0.0,0.0,65.8499984741211,down,2026-08-07T15:15:27,0.0,0.0
SPXW,2026-12-31,132,Call,6610.0,SPXW261231C06610000,1198.9,1205.9,1202.4,1164.75,0.0,0.0,0.0,52.0,0.2335,0.8882,0.0002,8.9352,-0.7677,20.5785,1201.1253,0.0,0.0,0.0,1185.20001220703,up,2026-08-03T15:16:52,0.0,0.0
SPXW,2026-12-31,132,Put,6610.0,SPXW261231P06610000,60.6,61.1,60.85,65.41,0.0,0.0,0.0,174.0,0.2332,-0.112,0.0002,8.9352,-0.7677,-3.336,60.9989,0.0,0.0,0.0,66.1500015258789,up,2026-08-18T14:28:32,0.0,0.0
SPXW,2026-12-31,132,Call,6615.0,SPXW261231C06615000,1194.3,1201.3,1197.8,791.9,0.0,0.0,0.0,9.0,0.2331,0.8875,0.0002,8.9725,-0.7696,20.5769,1196.5392,0.0,0.0,0.0,1180.65002441406,down,2025-12-26T12:28:41,0.0,0.0
SPXW,2026-12-31,132,Put,6615.0,SPXW261231P06615000,60.9,61.4,61.15,60.45,0.0,0.0,0.0,20.0,0.2328,-0.1127,0.0002,8.9725,-0.7696,-3.3556,61.3324,0.0,0.0,0.0,66.5500030517578,no_change,2026-08-13T14:35:24,0.0,0.0
SPXW,2026-12-31,132,Call,6620.0,SPXW261231C06620000,1189.7,1196.7,1193.2,1063.06,0.0,0.0,0.0,2.0,0.2327,0.8868,0.0002,9.01,-0.7716,20.5751,1191.9553,0.0,0.0,0.0,1176.04998779297,up,2026-07-17T11:18:42,0.0,0.0
SPXW,2026-12-31,132,Put,6620.0,SPXW261231P06620000,61.2,61.8,61.5,68.76,0.0,0.0,0.0,926.0,0.2324,-0.1134,0.0002,9.01,-0.7716,-3.3755,61.668,0.0,0.0,0.0,66.8499984741211,up,2026-08-05T10:22:19,0.0,0.0
SPXW,2026-12-31,132,Call,6625.0,SPXW261231C06625000,1185.1,1192.2,1188.65,1200.32,0.0,0.0,0.0,9.0,0.2322,0.8862,0.0002,9.0476,-0.7735,20.5732,1187.3734,0.0,0.0,0.0,1171.54998779297,up,2026-06-03T09:49:15,0.0,0.0
SPXW,2026-12-31,132,Put,6625.0,SPXW261231P06625000,61.6,62.1,61.85,67.5,0.0,0.0,0.0,92.0,0.232,-0.114,0.0002,9.0476,-0.7735,-3.3954,62.0057,0.0,0.0,0.0,67.25,up,2026-08-07T10:51:04,0.0,0.0
SPXW,2026-12-31,132,Call,6630.0,SPXW261231C06630000,1180.6,1187.7,1184.15,1294.13,0.0,0.0,0.0,11.0,0.2319,0.8855,0.0002,9.0854,-0.7755,20.5711,1182.7937,0.0,0.0,0.0,1166.95001220703,up,2026-08-14T14:26:45,0.0,0.0
SPXW,2026-12-31,132,Put,6630.0,SPXW261231P06630000,61.9,62.5,62.2,60.5,0.0,0.0,0.0,55.0,0.2316,-0.1147,0.0002,9.0854,-0.7755,-3.4155,62.3456,0.0,0.0,0.0,67.6500015258789,down,2026-08-14T14:26:45,0.0,0.0
SPXW,2026-12-31,132,Call,6635.0,SPXW261231C06635000,1176.0,1182.9,1179.45,863.51,0.0,0.0,0.0,1.0,0.2315,0.8848,0.0002,9.1234,-0.7774,20.5689,1178.2162,0.0,0.0,0.0,1162.45001220703,up,2026-04-24T10:59:26,0.0,0.0
SPXW,2026-12-31,132,Put,6635.0,SPXW261231P06635000,62.3,62.8,62.55,75.72,0.0,0.0,0.0,309.0,0.2311,-0.1154,0.0002,9.1234,-0.7774,-3.4358,62.6876,0.0,0.0,0.0,67.9499969482422,down,2026-08-04T10:01:05,0.0,0.0
SPXW,2026-12-31,132,Call,6640.0,SPXW261231C06640000,1171.4,1178.4,1174.9,1074.37,0.0,0.0,0.0,40.0,0.2311,0.8841,0.0002,9.1616,-0.7794,20.5665,1173.6408,0.0,0.0,0.0,1157.84997558594,up,2026-06-30T11:54:14,0.0,0.0
SPXW,2026-12-31,132,Put,6640.0,SPXW261231P06640000,62.6,63.1,62.85,64.9,-3.45,-5.04755,2.0,18.0,0.2307,-0.1161,0.0002,9.1616,-0.7794,-3.4563,63.0317,64.81,64.9,64.81,68.3499984741211,up,2026-08-21T09:40:12,0.0,0.0
SPXW,2026-12-31,132,Call,6645.0,SPXW261231C06645000,1166.8,1173.8,1170.3,421.6,0.0,0.0,0.0,9.0,0.2306,0.8834,0.0002,9.2,-0.7814,20.5639,1169.0676,0.0,0.0,0.0,1153.34997558594,down,2026-03-27T14:35:19,0.0,0.0
SPXW,2026-12-31,132,Put,6645.0,SPXW261231P06645000,62.9,63.5,63.2,66.95,0.0,0.0,0.0,85.0,0.2304,-0.1168,0.0002,9.2,-0.7814,-3.4769,63.3781,0.0,0.0,0.0,68.7000007629394,no_change,2026-08-10T14:08:30,0.0,0.0
SPXW,2026-12-31,132,Call,6650.0,SPXW261231C06650000,1162.3,1169.3,1165.8,1195.0,0.0,0.0,0.0,189.0,0.2302,0.8827,0.0002,9.2385,-0.7833,20.5612,1164.4966,0.0,0.0,0.0,1148.75,down,2026-08-18T15:15:53,0.0,0.0
SPXW,2026-12-31,132,Put,6650.0,SPXW261231P06650000,63.3,63.8,63.55,64.94,-4.11,-5.95221,1.0,548.0,0.2299,-0.1175,0.0002,9.2385,-0.7833,-3.4977,63.7266,64.94,64.94,64.94,69.0500030517578,down,2026-08-21T10:46:16,0.0,0.0
SPXW,2026-12-31,132,Call,6655.0,SPXW261231C06655000,1157.7,1164.6,1161.15,495.94,0.0,0.0,0.0,3.0,0.2298,0.882,0.0002,9.2772,-0.7853,20.5583,1159.9278,0.0,0.0,0.0,1144.25,up,2026-04-01T10:14:19,0.0,0.0
SPXW,2026-12-31,132,Put,6655.0,SPXW261231P06655000,63.6,64.2,63.900000000000006,89.79,0.0,0.0,0.0,56.0,0.2296,-0.1182,0.0002,9.2772,-0.7853,-3.5186,64.0774,0.0,0.0,0.0,69.4499969482422,down,2026-08-03T09:30:26,0.0,0.0
SPXW,2026-12-31,132,Call,6660.0,SPXW261231C06660000,1153.1,1160.1,1156.6,969.05,0.0,0.0,0.0,3.0,0.2294,0.8813,0.0002,9.3161,-0.7872,20.5552,1155.3613,0.0,0.0,0.0,1139.65002441406,up,2026-06-26T10:12:25,0.0,0.0
SPXW,2026-12-31,132,Put,6660.0,SPXW261231P06660000,64.0,64.5,64.25,62.75,0.0,0.0,0.0,224.0,0.2291,-0.1189,0.0002,9.3161,-0.7872,-3.5398,64.4304,0.0,0.0,0.0,69.8499984741211,up,2026-08-13T09:52:23,0.0,0.0
SPXW,2026-12-31,132,Call,6665.0,SPXW261231C06665000,1148.6,1155.6,1152.1,465.55,0.0,0.0,0.0,5.0,0.229,0.8806,0.0002,9.3551,-0.7892,20.5519,1150.797,0.0,0.0,0.0,1135.15002441406,up,2026-04-02T10:11:39,0.0,0.0
SPXW,2026-12-31,132,Put,6665.0,SPXW261231P06665000,64.4,64.9,64.65,62.93,0.0,0.0,0.0,60.0,0.2287,-0.1196,0.0002,9.3551,-0.7892,-3.5611,64.7857,0.0,0.0,0.0,70.2000007629394,down,2026-08-13T10:07:28,0.0,0.0
SPXW,2026-12-31,132,Call,6670.0,SPXW261231C06670000,1144.0,1150.9,1147.45,1027.5,0.0,0.0,0.0,21.0,0.2286,0.8799,0.0002,9.3943,-0.7912,20.5485,1146.2351,0.0,0.0,0.0,1130.60003662109,up,2026-05-18T10:37:33,0.0,0.0
SPXW,2026-12-31,132,Put,6670.0,SPXW261231P06670000,64.7,65.2,64.95,67.02,-3.53,-5.00355,4.0,69.0,0.2284,-0.1203,0.0002,9.3943,-0.7912,-3.5826,65.1433,67.02,67.02,67.02,70.5500030517578,down,2026-08-21T10:13:38,0.0,0.0
SPXW,2026-12-31,132,Call,6675.0,SPXW261231C06675000,1139.5,1146.3,1142.9,563.11,0.0,0.0,0.0,4.0,0.2282,0.8792,0.0002,9.4336,-0.7931,20.5449,1141.6754,0.0,0.0,0.0,1126.04998779297,down,2026-03-18T11:35:01,0.0,0.0
SPXW,2026-12-31,132,Put,6675.0,SPXW261231P06675000,65.1,65.6,65.35,70.55,0.0,0.0,0.0,38.0,0.2279,-0.121,0.0002,9.4336,-0.7931,-3.6042,65.5032,0.0,0.0,0.0,70.9499969482422,down,2026-08-07T15:51:12,0.0,0.0
SPXW,2026-12-31,132,Call,6680.0,SPXW261231C06680000,1134.9,1141.9,1138.4,1203.87,0.0,0.0,0.0,126.0,0.2278,0.8785,0.0002,9.473,-0.7951,20.5411,1137.1181,0.0,0.0,0.0,1121.54998779297,down,2026-08-06T11:15:39,0.0,0.0
SPXW,2026-12-31,132,Put,6680.0,SPXW261231P06680000,65.4,66.0,65.7,63.45,0.0,0.0,0.0,18.0,0.2275,-0.1218,0.0002,9.473,-0.7951,-3.626,65.8655,0.0,0.0,0.0,71.3499984741211,down,2026-08-14T10:02:27,0.0,0.0
SPXW,2026-12-31,132,Call,6685.0,SPXW261231C06685000,1130.4,1137.3,1133.85,0.0,0.0,0.0,0.0,0.0,0.2274,0.8777,0.0002,9.5126,-0.7971,20.5372,1132.5632,0.0,0.0,0.0,1117.0,no_change,,0.0,0.0
SPXW,2026-12-31,132,Put,6685.0,SPXW261231P06685000,65.8,66.3,66.05,85.79,0.0,0.0,0.0,25.0,0.2271,-0.1225,0.0002,9.5126,-0.7971,-3.648,66.2301,0.0,0.0,0.0,71.75,no_change,2026-08-03T13:35:05,0.0,0.0
SPXW,2026-12-31,132,Call,6690.0,SPXW261231C06690000,1125.8,1132.8,1129.3,1102.22,0.0,0.0,0.0,4.0,0.2269,0.877,0.0002,9.5523,-0.799,20.5331,1128.0106,0.0,0.0,0.0,1112.5,up,2026-05-26T14:26:47,0.0,0.0
SPXW,2026-12-31,132,Put,6690.0,SPXW261231P06690000,66.2,66.7,66.45,70.43,0.0,0.0,0.0,50.0,0.2267,-0.1232,0.0002,9.5523,-0.799,-3.6702,66.597,0.0,0.0,0.0,72.1500015258789,up,2026-08-20T13:54:48,0.0,0.0
SPXW,2026-12-31,132,Call,6695.0,SPXW261231C06695000,1121.3,1128.1,1124.6999999999998,667.22,0.0,0.0,0.0,0.0,0.2265,0.8763,0.0002,9.5921,-0.801,20.5288,1123.4604,0.0,0.0,0.0,1107.95001220703,down,2026-02-27T12:06:15,0.0,0.0
SPXW,2026-12-31,132,Put,6695.0,SPXW261231P06695000,66.5,67.1,66.8,72.65,0.0,0.0,0.0,647.0,0.2263,-0.124,0.0002,9.5921,-0.801,-3.6925,66.9664,0.0,0.0,0.0,72.5500030517578,down,2026-08-07T13:14:30,0.0,0.0
SPXW,2026-12-31,132,Call,6700.0,SPXW261231C06700000,1116.7,1123.6,1120.15,1259.51,0.0,0.0,0.0,200.0,0.2261,0.8755,0.0002,9.632,-0.8029,20.5243,1118.9126,0.0,0.0,0.0,1103.39996337891,up,2026-08-13T10:31:24,0.0,0.0
SPXW,2026-12-31,132,Put,6700.0,SPXW261231P06700000,66.9,67.4,67.15,66.26,0.0,0.0,0.0,3293.0,0.2259,-0.1247,0.0002,9.632,-0.8029,-3.715,67.3381,0.0,0.0,0.0,72.9499969482422,down,2026-08-19T16:10:40,0.0,0.0
SPXW,2026-12-31,132,Call,6705.0,SPXW261231C06705000,1112.2,1119.0,1115.6,559.7,0.0,0.0,0.0,9.0,0.2257,0.8748,0.0002,9.672,-0.8049,20.5197,1114.3673,0.0,0.0,0.0,1098.89996337891,up,2026-04-09T10:24:17,0.0,0.0
SPXW,2026-12-31,132,Put,6705.0,SPXW261231P06705000,67.3,67.8,67.55,73.46,0.0,0.0,0.0,72.0,0.2254,-0.1255,0.0002,9.672,-0.8049,-3.7376,67.7124,0.0,0.0,0.0,73.3499984741211,down,2026-08-07T13:52:44,0.0,0.0
SPXW,2026-12-31,132,Call,6710.0,SPXW261231C06710000,1107.6,1114.5,1111.05,990.22,0.0,0.0,0.0,103.0,0.2252,0.874,0.0002,9.7122,-0.8069,20.5149,1109.8244,0.0,0.0,0.0,1094.39996337891,up,2026-07-17T14:03:47,0.0,0.0
SPXW,2026-12-31,132,Put,6710.0,SPXW261231P06710000,67.6,68.2,67.9,66.65,0.0,0.0,0.0,21.0,0.2251,-0.1262,0.0002,9.7122,-0.8069,-3.7605,68.089,0.0,0.0,0.0,73.75,down,2026-08-14T11:09:59,0.0,0.0
SPXW,2026-12-31,132,Call,6715.0,SPXW261231C06715000,1103.1,1109.9,1106.5,364.97,0.0,0.0,0.0,1.0,0.2249,0.8732,0.0002,9.7524,-0.8088,20.51,1105.284,0.0,0.0,0.0,1089.89996337891,down,2026-03-30T14:43:47,0.0,0.0
SPXW,2026-12-31,132,Put,6715.0,SPXW261231P06715000,68.0,68.6,68.3,74.01,0.0,0.0,0.0,9.0,0.2247,-0.127,0.0002,9.7524,-0.8088,-3.7834,68.4682,0.0,0.0,0.0,74.1500015258789,no_change,2026-08-18T09:47:32,0.0,0.0
SPXW,2026-12-31,132,Call,6720.0,SPXW261231C06720000,1098.6,1105.5,1102.05,360.97,0.0,0.0,0.0,44.0,0.2245,0.8725,0.0002,9.7926,-0.8108,20.5049,1100.7461,0.0,0.0,0.0,1085.39996337891,down,2026-03-30T14:48:47,0.0,0.0
SPXW,2026-12-31,132,Put,6720.0,SPXW261231P06720000,68.4,68.9,68.65,72.49,0.0,0.0,0.0,30.0,0.2243,-0.1277,0.0002,9.7926,-0.8108,-3.8066,68.8498,0.0,0.0,0.0,74.5500030517578,up,2026-08-20T11:23:22,0.0,0.0
SPXW,2026-12-31,132,Call,6725.0,SPXW261231C06725000,1094.0,1100.9,1097.45,756.64,0.0,0.0,0.0,19.0,0.224,0.8717,0.0002,9.833,-0.8127,20.4997,1096.2107,0.0,0.0,0.0,1080.84997558594,up,2026-04-17T09:48:23,0.0,0.0
SPXW,2026-12-31,132,Put,6725.0,SPXW261231P06725000,68.8,69.3,69.05,68.43,-6.52,-8.69913,1.0,241.0,0.2238,-0.1285,0.0002,9.833,-0.8127,-3.8298,69.2339,68.43,68.43,68.43,74.9499969482422,down,2026-08-21T11:47:08,0.0,0.0
SPXW,2026-12-31,132,Call,6730.0,SPXW261231C06730000,1089.5,1096.3,1092.9,961.48,0.0,0.0,0.0,36.0,0.2236,0.8709,0.0002,9.8734,-0.8147,20.4944,1091.6778,0.0,0.0,0.0,1076.34997558594,up,2026-06-29T13:50:20,0.0,0.0
SPXW,2026-12-31,132,Put,6730.0,SPXW261231P06730000,69.2,69.7,69.45,136.45,0.0,0.0,0.0,45.0,0.2235,-0.1293,0.0002,9.8734,-0.8147,-3.8532,69.6206,0.0,0.0,0.0,75.3499984741211,down,2026-06-29T13:44:53,0.0,0.0
SPXW,2026-12-31,132,Call,6735.0,SPXW261231C06735000,1085.0,1091.8,1088.4,971.45,0.0,0.0,0.0,40.0,0.2233,0.8702,0.0002,9.914,-0.8167,20.4889,1087.1474,0.0,0.0,0.0,1071.84997558594,up,2026-07-17T11:06:50,0.0,0.0
SPXW,2026-12-31,132,Put,6735.0,SPXW261231P06735000,69.6,70.1,69.85,116.0,0.0,0.0,0.0,16.0,0.2231,-0.1301,0.0002,9.914,-0.8167,-3.8768,70.0098,0.0,0.0,0.0,75.75,down,2026-07-09T12:37:41,0.0,0.0
SPXW,2026-12-31,132,Call,6740.0,SPXW261231C06740000,1080.4,1087.3,1083.85,788.38,0.0,0.0,0.0,20.0,0.2228,0.8694,0.0002,9.9545,-0.8186,20.4832,1082.6196,0.0,0.0,0.0,1067.34997558594,up,2026-04-23T11:16:39,0.0,0.0
SPXW,2026-12-31,132,Put,6740.0,SPXW261231P06740000,69.9,70.5,70.2,68.55,0.0,0.0,0.0,38.0,0.2227,-0.1308,0.0002,9.9545,-0.8186,-3.9005,70.4016,0.0,0.0,0.0,76.1500015258789,down,2026-08-13T15:42:52,0.0,0.0
SPXW,2026-12-31,132,Call,6745.0,SPXW261231C06745000,1075.9,1082.7,1079.3000000000002,931.95,0.0,0.0,0.0,2.0,0.2224,0.8686,0.0002,9.9952,-0.8206,20.4774,1078.0944,0.0,0.0,0.0,1062.84997558594,up,2026-05-06T10:55:04,0.0,0.0
SPXW,2026-12-31,132,Put,6745.0,SPXW261231P06745000,70.3,70.9,70.6,70.29,0.0,0.0,0.0,1537.0,0.2222,-0.1316,0.0002,9.9952,-0.8206,-3.9243,70.7959,0.0,0.0,0.0,76.5500030517578,up,2026-08-17T12:45:59,0.0,0.0
SPXW,2026-12-31,132,Call,6750.0,SPXW261231C06750000,1071.4,1078.3,1074.85,860.99,0.0,0.0,0.0,144.0,0.222,0.8678,0.0002,10.0359,-0.8225,20.4715,1073.5718,0.0,0.0,0.0,1058.34997558594,down,2026-06-26T09:38:38,0.0,0.0
SPXW,2026-12-31,132,Put,6750.0,SPXW261231P06750000,70.7,71.3,71.0,70.41,0.0,0.0,0.0,1260.0,0.2218,-0.1324,0.0002,10.0359,-0.8225,-3.9483,71.1928,0.0,0.0,0.0,77.0,up,2026-08-19T11:14:22,0.0,0.0
SPXW,2026-12-31,132,Call,6755.0,SPXW261231C06755000,1066.9,1073.6,1070.25,332.7,0.0,0.0,0.0,2.0,0.2216,0.867,0.0002,10.0767,-0.8245,20.4655,1069.0518,0.0,0.0,0.0,1053.84997558594,up,2026-03-30T15:30:08,0.0,0.0
SPXW,2026-12-31,132,Put,6755.0,SPXW261231P06755000,71.1,71.7,71.4,75.57,0.0,0.0,0.0,53.0,0.2214,-0.1332,0.0002,10.0767,-0.8245,-3.9723,71.5924,0.0,0.0,0.0,77.4499969482422,down,2026-08-10T09:42:08,0.0,0.0
SPXW,2026-12-31,132,Call,6760.0,SPXW261231C06760000,1062.4,1069.1,1065.75,0.0,0.0,0.0,0.0,0.0,0.2212,0.8662,0.0002,10.1175,-0.8264,20.4593,1064.5345,0.0,0.0,0.0,1049.34997558594,no_change,,0.0,0.0
SPXW,2026-12-31,132,Put,6760.0,SPXW261231P06760000,71.5,72.1,71.8,70.3,0.0,0.0,0.0,47.0,0.221,-0.134,0.0002,10.1175,-0.8264,-3.9966,71.9946,0.0,0.0,0.0,77.8499984741211,down,2026-08-14T11:09:59,0.0,0.0
SPXW,2026-12-31,132,Call,6765.0,SPXW261231C06765000,1057.9,1064.6,1061.25,668.71,0.0,0.0,0.0,2.0,0.2208,0.8654,0.0002,10.1584,-0.8284,20.453,1060.0198,0.0,0.0,0.0,1044.84997558594,up,2026-01-05T11:19:45,0.0,0.0
SPXW,2026-12-31,132,Put,6765.0,SPXW261231P06765000,71.9,72.5,72.2,203.7,0.0,0.0,0.0,31.0,0.2206,-0.1349,0.0002,10.1584,-0.8284,-4.0209,72.3994,0.0,0.0,0.0,78.25,up,2026-06-10T15:53:30,0.0,0.0
SPXW,2026-12-31,132,Call,6770.0,SPXW261231C06770000,1053.3,1060.1,1056.6999999999998,1118.5,0.0,0.0,0.0,27.0,0.2204,0.8646,0.0002,10.1994,-0.8304,20.4466,1055.5077,0.0,0.0,0.0,1040.34997558594,down,2026-08-11T14:37:20,0.0,0.0
SPXW,2026-12-31,132,Put,6770.0,SPXW261231P06770000,72.3,72.9,72.6,77.52,0.0,0.0,0.0,142.0,0.2202,-0.1357,0.0002,10.1994,-0.8304,-4.0453,72.8069,0.0,0.0,0.0,78.75,down,2026-08-07T11:26:03,0.0,0.0
SPXW,2026-12-31,132,Call,6775.0,SPXW261231C06775000,1048.8,1055.7,1052.25,949.38,0.0,0.0,0.0,56.0,0.22,0.8637,0.0002,10.2405,-0.8323,20.4401,1050.9983,0.0,0.0,0.0,1035.94995117188,up,2026-07-22T09:46:53,0.0,0.0
SPXW,2026-12-31,132,Put,6775.0,SPXW261231P06775000,72.8,73.3,73.05,72.38,-6.77,-8.55338,1.0,91.0,0.2198,-0.1365,0.0002,10.2405,-0.8323,-4.0699,73.2171,72.38,72.38,72.38,79.1500015258789,down,2026-08-21T11:47:08,0.0,0.0
SPXW,2026-12-31,132,Call,6780.0,SPXW261231C06780000,1044.3,1051.1,1047.6999999999998,1082.31,0.0,0.0,0.0,49.0,0.2196,0.8629,0.0002,10.2816,-0.8342,20.4334,1046.4916,0.0,0.0,0.0,1031.44995117188,down,2026-08-18T13:40:46,0.0,0.0
SPXW,2026-12-31,132,Put,6780.0,SPXW261231P06780000,73.2,73.7,73.45,70.25,0.0,0.0,0.0,90.0,0.2194,-0.1373,0.0002,10.2816,-0.8342,-4.0946,73.6299,0.0,0.0,0.0,79.5500030517578,down,2026-08-13T10:50:33,0.0,0.0
SPXW,2026-12-31,132,Call,6785.0,SPXW261231C06785000,1039.8,1046.6,1043.1999999999998,986.51,0.0,0.0,0.0,9.0,0.2192,0.8621,0.0002,10.3228,-0.8362,20.4267,1041.9876,0.0,0.0,0.0,1026.94998168945,down,2026-06-18T14:54:35,0.0,0.0
SPXW,2026-12-31,132,Put,6785.0,SPXW261231P06785000,73.6,74.1,73.85,124.8,0.0,0.0,0.0,75.0,0.2189,-0.1382,0.0002,10.3228,-0.8362,-4.1194,74.0455,0.0,0.0,0.0,80.0500030517578,up,2026-07-21T09:39:17,0.0,0.0
SPXW,2026-12-31,132,Call,6790.0,SPXW261231C06790000,1035.3,1042.1,1038.6999999999998,1068.7,0.0,0.0,0.0,14.0,0.2188,0.8612,0.0002,10.3642,-0.8381,20.4198,1037.4864,0.0,0.0,0.0,1022.44998168945,down,2026-08-18T15:06:59,0.0,0.0
SPXW,2026-12-31,132,Put,6790.0,SPXW261231P06790000,74.0,74.6,74.3,252.84,0.0,0.0,0.0,10.0,0.2186,-0.139,0.0002,10.3642,-0.8381,-4.1444,74.4638,0.0,0.0,0.0,80.4499969482422,down,2026-04-27T13:05:34,0.0,0.0
SPXW,2026-12-31,132,Call,6795.0,SPXW261231C06795000,1030.7,1037.5,1034.1,1017.38,0.0,0.0,0.0,18.0,0.2183,0.8604,0.0002,10.4056,-0.8401,20.4127,1032.9879,0.0,0.0,0.0,1018.0,down,2026-08-20T15:44:27,0.0,0.0
SPXW,2026-12-31,132,Put,6795.0,SPXW261231P06795000,74.4,75.0,74.7,74.11,0.0,0.0,0.0,14.0,0.2181,-0.1398,0.0002,10.4056,-0.8401,-4.1694,74.8848,0.0,0.0,0.0,80.8999977111816,up,2026-08-17T12:45:59,0.0,0.0
SPXW,2026-12-31,132,Call,6800.0,SPXW261231C06800000,1026.3,1033.0,1029.65,1012.88,0.0,0.0,0.0,658.0,0.2179,0.8595,0.0002,10.4471,-0.842,20.4056,1028.4921,0.0,0.0,0.0,1013.54998779297,down,2026-08-20T15:44:27,0.0,0.0
SPXW,2026-12-31,132,Put,6800.0,SPXW261231P06800000,74.8,75.4,75.1,80.53,0.0,0.0,0.0,1070.0,0.2178,-0.1407,0.0002,10.4471,-0.842,-4.1946,75.3086,0.0,0.0,0.0,81.3499984741211,up,2026-08-20T14:24:15,0.0,0.0
SPXW,2026-12-31,132,Call,6805.0,SPXW261231C06805000,1021.8,1028.5,1025.15,857.9,0.0,0.0,0.0,29.0,0.2175,0.8587,0.0002,10.4888,-0.844,20.3983,1023.9991,0.0,0.0,0.0,1009.04998779297,up,2026-07-23T10:32:32,0.0,0.0
SPXW,2026-12-31,132,Put,6805.0,SPXW261231P06805000,75.3,75.8,75.55,142.5,0.0,0.0,0.0,13.0,0.2173,-0.1416,0.0002,10.4888,-0.844,-4.22,75.7351,0.0,0.0,0.0,81.7999992370606,down,2026-07-29T11:00:33,0.0,0.0
SPXW,2026-12-31,132,Call,6810.0,SPXW261231C06810000,1017.4,1024.0,1020.7,853.75,0.0,0.0,0.0,107.0,0.2171,0.8578,0.0002,10.5305,-0.8459,20.3908,1019.5089,0.0,0.0,0.0,1004.60000610352,down,2026-07-23T10:32:32,0.0,0.0
SPXW,2026-12-31,132,Put,6810.0,SPXW261231P06810000,75.7,76.3,76.0,76.02,0.0,0.0,0.0,61.0,0.2169,-0.1424,0.0002,10.5305,-0.8459,-4.2454,76.1645,0.0,0.0,0.0,82.25,down,2026-08-19T14:00:41,0.0,0.0
SPXW,2026-12-31,132,Call,6815.0,SPXW261231C06815000,1012.7,1019.5,1016.1,859.9,0.0,0.0,0.0,53.0,0.2167,0.857,0.0002,10.5724,-0.8479,20.3833,1015.0215,0.0,0.0,0.0,1000.15002441406,down,2026-06-09T15:22:29,0.0,0.0
SPXW,2026-12-31,132,Put,6815.0,SPXW261231P06815000,76.1,76.7,76.4,148.6,0.0,0.0,0.0,14.0,0.2166,-0.1433,0.0002,10.5724,-0.8479,-4.2711,76.5967,0.0,0.0,0.0,82.75,up,2026-07-29T12:13:29,0.0,0.0
SPXW,2026-12-31,132,Call,6820.0,SPXW261231C06820000,1008.4,1015.0,1011.7,978.8,0.0,0.0,0.0,84.0,0.2162,0.8561,0.0002,10.6145,-0.8498,20.3756,1010.537,0.0,0.0,0.0,995.700012207031,up,2026-05-22T11:52:32,0.0,0.0
SPXW,2026-12-31,132,Put,6820.0,SPXW261231P06820000,76.6,77.1,76.85,84.19,0.0,0.0,0.0,25.0,0.2161,-0.1442,0.0002,10.6145,-0.8498,-4.2968,77.0317,0.0,0.0,0.0,83.1500015258789,down,2026-08-05T14:15:45,0.0,0.0
SPXW,2026-12-31,132,Call,6825.0,SPXW261231C06825000,1003.7,1010.6,1007.1500000000001,654.5,0.0,0.0,0.0,37.0,0.2158,0.8552,0.0002,10.6567,-0.8517,20.3677,1006.0553,0.0,0.0,0.0,991.200012207031,up,2026-04-16T11:46:48,0.0,0.0
SPXW,2026-12-31,132,Put,6825.0,SPXW261231P06825000,77.0,77.6,77.3,83.8,0.0,0.0,0.0,113.0,0.2158,-0.145,0.0002,10.6567,-0.8517,-4.3228,77.4695,0.0,0.0,0.0,83.6500015258789,up,2026-08-20T15:55:36,0.0,0.0
SPXW,2026-12-31,132,Call,6830.0,SPXW261231C06830000,999.4,1006.1,1002.75,401.86,0.0,0.0,0.0,54.0,0.2154,0.8543,0.0002,10.699,-0.8537,20.3596,1001.5765,0.0,0.0,0.0,986.799987792969,down,2026-04-07T13:36:20,0.0,0.0
SPXW,2026-12-31,132,Put,6830.0,SPXW261231P06830000,77.4,78.0,77.7,74.33,0.0,0.0,0.0,276.0,0.2153,-0.1459,0.0002,10.699,-0.8537,-4.3488,77.9102,0.0,0.0,0.0,84.1000022888184,down,2026-08-14T10:09:00,0.0,0.0
SPXW,2026-12-31,132,Call,6835.0,SPXW261231C06835000,995.0,1001.6,998.3,337.45,0.0,0.0,0.0,33.0,0.2151,0.8534,0.0002,10.7415,-0.8556,20.3514,997.1006,0.0,0.0,0.0,982.299987792969,down,2026-03-27T10:51:53,0.0,0.0
SPXW,2026-12-31,132,Put,6835.0,SPXW261231P06835000,77.9,78.4,78.15,76.51,0.0,0.0,0.0,20.0,0.2149,-0.1468,0.0002,10.7415,-0.8556,-4.3751,78.3539,0.0,0.0,0.0,84.5500030517578,down,2026-08-17T10:52:33,0.0,0.0
SPXW,2026-12-31,132,Call,6840.0,SPXW261231C06840000,990.5,997.1,993.8,475.84,0.0,0.0,0.0,34.0,0.2146,0.8525,0.0002,10.7842,-0.8575,20.3431,992.6276,0.0,0.0,0.0,977.899993896484,up,2026-04-09T09:49:42,0.0,0.0
SPXW,2026-12-31,132,Put,6840.0,SPXW261231P06840000,78.3,78.9,78.6,76.92,0.0,0.0,0.0,35.0,0.2145,-0.1477,0.0002,10.7842,-0.8575,-4.4015,78.8004,0.0,0.0,0.0,85.0500030517578,no_change,2026-08-13T14:05:12,0.0,0.0
SPXW,2026-12-31,132,Call,6845.0,SPXW261231C06845000,986.0,992.6,989.3,328.2,0.0,0.0,0.0,10.0,0.2142,0.8516,0.0002,10.8271,-0.8594,20.3345,988.1575,0.0,0.0,0.0,973.449981689453,down,2026-03-27T12:15:17,0.0,0.0
SPXW,2026-12-31,132,Put,6845.0,SPXW261231P06845000,78.8,79.3,79.05,79.0,-6.55,-7.65634,2.0,83.0,0.2141,-0.1486,0.0002,10.8271,-0.8594,-4.4281,79.2499,79.0,79.0,79.0,85.5500030517578,no_change,2026-08-21T16:00:08,0.0,0.0
SPXW,2026-12-31,132,Call,6850.0,SPXW261231C06850000,981.6,988.2,984.9000000000001,1083.35,0.0,0.0,0.0,404.0,0.2138,0.8507,0.0002,10.8701,-0.8614,20.3257,983.6905,0.0,0.0,0.0,969.0,down,2026-08-17T10:28:43,0.0,0.0
SPXW,2026-12-31,132,Put,6850.0,SPXW261231P06850000,79.2,79.8,79.5,78.72,-7.28,-8.46512,4.0,1230.0,0.2137,-0.1495,0.0002,10.8701,-0.8614,-4.4549,79.7024,80.13,80.13,78.72,86.0,down,2026-08-21T15:39:06,0.0,0.0
SPXW,2026-12-31,132,Call,6855.0,SPXW261231C06855000,977.1,983.7,980.4000000000001,1042.7,0.0,0.0,0.0,37.0,0.2134,0.8498,0.0002,10.9133,-0.8633,20.3168,979.2264,0.0,0.0,0.0,964.600006103516,up,2026-06-01T13:56:19,0.0,0.0
SPXW,2026-12-31,132,Put,6855.0,SPXW261231P06855000,79.7,80.2,79.95,143.15,0.0,0.0,0.0,71.0,0.2133,-0.1504,0.0002,10.9133,-0.8633,-4.4819,80.1579,0.0,0.0,0.0,86.5,up,2026-06-30T12:17:38,0.0,0.0
SPXW,2026-12-31,132,Call,6860.0,SPXW261231C06860000,972.6,979.2,975.9000000000001,857.31,0.0,0.0,0.0,47.0,0.213,0.8489,0.0002,10.9567,-0.8652,20.3076,974.7654,0.0,0.0,0.0,960.149993896484,up,2026-07-17T11:17:16,0.0,0.0
SPXW,2026-12-31,132,Put,6860.0,SPXW261231P06860000,80.1,80.7,80.4,91.05,0.0,0.0,0.0,27.0,0.2129,-0.1514,0.0002,10.9567,-0.8652,-4.5092,80.6165,0.0,0.0,0.0,86.9499969482422,no_change,2026-08-05T12:02:26,0.0,0.0
SPXW,2026-12-31,132,Call,6865.0,SPXW261231C06865000,968.2,974.8,971.5,829.7,0.0,0.0,0.0,18.0,0.2126,0.8479,0.0002,11.0003,-0.8671,20.2982,970.3074,0.0,0.0,0.0,955.700012207031,up,2026-06-09T11:22:59,0.0,0.0
SPXW,2026-12-31,132,Put,6865.0,SPXW261231P06865000,80.6,81.2,80.9,150.4,0.0,0.0,0.0,89.0,0.2125,-0.1523,0.0002,11.0003,-0.8671,-4.5366,81.0781,0.0,0.0,0.0,87.4499969482422,up,2026-07-30T11:30:11,0.0,0.0
SPXW,2026-12-31,132,Call,6870.0,SPXW261231C06870000,963.7,970.3,967.0,809.81,0.0,0.0,0.0,10.0,0.2122,0.847,0.0002,11.0441,-0.869,20.2886,965.8526,0.0,0.0,0.0,951.299987792969,no_change,2026-07-23T10:38:01,0.0,0.0
SPXW,2026-12-31,132,Put,6870.0,SPXW261231P06870000,81.0,81.6,81.3,83.36,-4.59,-5.21887,2.0,174.0,0.212,-0.1532,0.0002,11.0441,-0.869,-4.5642,81.5427,83.36,83.36,83.36,87.9499969482422,down,2026-08-21T10:34:52,0.0,0.0
SPXW,2026-12-31,132,Call,6875.0,SPXW261231C06875000,959.3,965.9,962.5999999999999,770.13,0.0,0.0,0.0,2664.0,0.2117,0.8461,0.0002,11.0881,-0.871,20.2788,961.4009,0.0,0.0,0.0,946.850006103516,up,2026-07-27T13:50:22,0.0,0.0
SPXW,2026-12-31,132,Put,6875.0,SPXW261231P06875000,81.5,82.1,81.8,85.38,0.0,0.0,0.0,782.0,0.2116,-0.1542,0.0002,11.0881,-0.871,-4.5921,82.0106,0.0,0.0,0.0,88.4499969482422,down,2026-08-20T10:50:28,0.0,0.0
SPXW,2026-12-31,132,Call,6880.0,SPXW261231C06880000,954.8,961.4,958.0999999999999,801.09,0.0,0.0,0.0,29.0,0.2114,0.8451,0.0002,11.1322,-0.8729,20.2687,956.9523,0.0,0.0,0.0,942.449981689453,no_change,2026-07-23T10:38:01,0.0,0.0
SPXW,2026-12-31,132,Put,6880.0,SPXW261231P06880000,82.0,82.6,82.3,82.13,0.0,0.0,0.0,43.0,0.2113,-0.1551,0.0002,11.1322,-0.8729,-4.6202,82.4816,0.0,0.0,0.0,88.9499969482422,up,2026-08-17T13:00:15,0.0,0.0
SPXW,2026-12-31,132,Call,6885.0,SPXW261231C06885000,950.4,957.0,953.7,660.6,0.0,0.0,0.0,20.0,0.211,0.8442,0.0002,11.1766,-0.8748,20.2584,952.5069,0.0,0.0,0.0,938.050018310547,up,2026-04-17T10:21:23,0.0,0.0
SPXW,2026-12-31,132,Put,6885.0,SPXW261231P06885000,82.5,83.0,82.75,105.53,0.0,0.0,0.0,90.0,0.2109,-0.1561,0.0002,11.1766,-0.8748,-4.6486,82.9557,0.0,0.0,0.0,89.4499969482422,down,2026-08-03T15:58:54,0.0,0.0
SPXW,2026-12-31,132,Call,6890.0,SPXW261231C06890000,946.0,952.5,949.25,708.94,0.0,0.0,0.0,27.0,0.2105,0.8432,0.0002,11.2211,-0.8767,20.2479,948.0648,0.0,0.0,0.0,933.649993896484,up,2026-05-04T15:02:48,0.0,0.0
SPXW,2026-12-31,132,Put,6890.0,SPXW261231P06890000,82.9,83.5,83.2,89.45,0.0,0.0,0.0,42.0,0.2104,-0.157,0.0002,11.2211,-0.8767,-4.6772,83.4331,0.0,0.0,0.0,89.9499969482422,down,2026-08-20T15:51:05,0.0,0.0
SPXW,2026-12-31,132,Call,6895.0,SPXW261231C06895000,941.5,948.1,944.8,668.2,0.0,0.0,0.0,19.0,0.2102,0.8422,0.0002,11.2658,-0.8786,20.2371,943.6259,0.0,0.0,0.0,929.199981689453,up,2026-04-17T12:10:17,0.0,0.0
SPXW,2026-12-31,132,Put,6895.0,SPXW261231P06895000,83.4,84.0,83.7,83.74,0.0,0.0,0.0,65.0,0.21,-0.158,0.0002,11.2658,-0.8786,-4.706,83.9138,0.0,0.0,0.0,90.4499969482422,down,2026-08-19T14:19:39,0.0,0.0
SPXW,2026-12-31,132,Call,6900.0,SPXW261231C06900000,936.9,943.6,940.25,952.58,0.0,0.0,0.0,1838.0,0.2097,0.8413,0.0002,11.3107,-0.8805,20.226,939.1904,0.0,0.0,0.0,924.800018310547,down,2026-08-20T10:28:14,0.0,0.0
SPXW,2026-12-31,132,Put,6900.0,SPXW261231P06900000,83.9,84.5,84.2,88.45,0.0,0.0,0.0,1161.0,0.2096,-0.159,0.0002,11.3107,-0.8805,-4.7351,84.3978,0.0,0.0,0.0,90.9499969482422,up,2026-08-20T10:28:14,0.0,0.0
SPXW,2026-12-31,132,Call,6905.0,SPXW261231C06905000,932.7,939.2,935.95,686.82,0.0,0.0,0.0,24.0,0.2093,0.8403,0.0002,11.3557,-0.8824,20.2147,934.7582,0.0,0.0,0.0,920.399993896484,up,2026-04-27T14:02:34,0.0,0.0
SPXW,2026-12-31,132,Put,6905.0,SPXW261231P06905000,84.4,85.0,84.7,86.91,0.0,0.0,0.0,111.0,0.2092,-0.1599,0.0002,11.3557,-0.8824,-4.7645,84.8851,0.0,0.0,0.0,91.4499969482422,down,2026-08-12T12:01:56,0.0,0.0
SPXW,2026-12-31,132,Call,6910.0,SPXW261231C06910000,928.2,934.8,931.5,646.5,0.0,0.0,0.0,11.0,0.2089,0.8393,0.0002,11.4009,-0.8842,20.2031,930.3293,0.0,0.0,0.0,916.0,up,2026-04-17T14:52:40,0.0,0.0
SPXW,2026-12-31,132,Put,6910.0,SPXW261231P06910000,84.9,85.5,85.2,83.15,0.0,0.0,0.0,92.0,0.2088,-0.1609,0.0002,11.4009,-0.8842,-4.7941,85.3759,0.0,0.0,0.0,92.0,down,2026-08-13T09:34:10,0.0,0.0
SPXW,2026-12-31,132,Call,6915.0,SPXW261231C06915000,923.8,930.3,927.05,319.09,0.0,0.0,0.0,53.0,0.2085,0.8383,0.0002,11.4462,-0.8861,20.1913,925.9039,0.0,0.0,0.0,911.600006103516,up,2026-03-31T14:15:28,0.0,0.0
SPXW,2026-12-31,132,Put,6915.0,SPXW261231P06915000,85.4,86.0,85.7,81.45,0.0,0.0,0.0,36.0,0.2084,-0.1619,0.0002,11.4462,-0.8861,-4.8239,85.87,0.0,0.0,0.0,92.5,down,2026-08-14T10:06:38,0.0,0.0
SPXW,2026-12-31,132,Call,6920.0,SPXW261231C06920000,919.4,925.9,922.65,837.4,0.0,0.0,0.0,21.0,0.2081,0.8373,0.0003,11.4916,-0.888,20.1792,921.4819,0.0,0.0,0.0,907.199981689453,down,2026-07-22T11:36:39,0.0,0.0
SPXW,2026-12-31,132,Put,6920.0,SPXW261231P06920000,85.9,86.4,86.15,92.5,0.0,0.0,0.0,54.0,0.208,-0.1629,0.0003,11.4916,-0.888,-4.854,86.3676,0.0,0.0,0.0,93.0500030517578,up,2026-08-20T15:51:05,0.0,0.0
SPXW,2026-12-31,132,Call,6925.0,SPXW261231C06925000,915.0,921.5,918.25,715.68,0.0,0.0,0.0,1923.0,0.2077,0.8363,0.0003,11.5372,-0.8899,20.1669,917.0634,0.0,0.0,0.0,902.800018310547,up,2026-07-29T11:10:19,0.0,0.0
SPXW,2026-12-31,132,Put,6925.0,SPXW261231P06925000,86.4,86.9,86.65,93.8,0.0,0.0,0.0,994.0,0.2076,-0.1639,0.0003,11.5372,-0.8899,-4.8844,86.8686,0.0,0.0,0.0,93.5500030517578,up,2026-08-20T15:55:36,0.0,0.0
SPXW,2026-12-31,132,Call,6930.0,SPXW261231C06930000,910.6,917.1,913.85,812.14,0.0,0.0,0.0,24.0,0.2073,0.8353,0.0003,11.5829,-0.8917,20.1544,912.6485,0.0,0.0,0.0,898.449981689453,no_change,2026-06-23T10:20:05,0.0,0.0
SPXW,2026-12-31,132,Put,6930.0,SPXW261231P06930000,86.9,87.5,87.2,84.93,0.0,0.0,0.0,70.0,0.2072,-0.1649,0.0003,11.5829,-0.8917,-4.915,87.3732,0.0,0.0,0.0,94.1000022888184,down,2026-08-17T12:15:12,0.0,0.0
SPXW,2026-12-31,132,Call,6935.0,SPXW261231C06935000,906.2,912.7,909.45,675.87,0.0,0.0,0.0,1.0,0.2069,0.8343,0.0003,11.6286,-0.8936,20.1416,908.2371,0.0,0.0,0.0,894.050018310547,up,2026-05-04T15:02:48,0.0,0.0
SPXW,2026-12-31,132,Put,6935.0,SPXW261231P06935000,87.4,88.0,87.7,87.55,-7.1,-7.50132,11.0,170.0,0.2068,-0.166,0.0003,11.6286,-0.8936,-4.9459,87.8814,89.63,89.63,87.55,94.6500015258789,no_change,2026-08-21T14:23:17,0.0,0.0
SPXW,2026-12-31,132,Call,6940.0,SPXW261231C06940000,901.7,908.2,904.95,744.71,0.0,0.0,0.0,40.0,0.2065,0.8332,0.0003,11.6745,-0.8955,20.1285,903.8294,0.0,0.0,0.0,889.699981689453,down,2026-07-23T10:44:20,0.0,0.0
SPXW,2026-12-31,132,Put,6940.0,SPXW261231P06940000,87.9,88.5,88.2,88.83,0.0,0.0,0.0,74.0,0.2064,-0.167,0.0003,11.6745,-0.8955,-4.977,88.3932,0.0,0.0,0.0,95.1500015258789,no_change,2026-08-12T13:47:04,0.0,0.0
SPXW,2026-12-31,132,Call,6945.0,SPXW261231C06945000,897.3,903.8,900.55,330.5,0.0,0.0,0.0,8.0,0.206,0.8322,0.0003,11.7204,-0.8973,20.1152,899.4252,0.0,0.0,0.0,885.300018310547,down,2026-04-01T10:07:09,0.0,0.0
SPXW,2026-12-31,132,Put,6945.0,SPXW261231P06945000,88.4,89.0,88.7,90.73,0.0,0.0,0.0,60.0,0.206,-0.168,0.0003,11.7204,-0.8973,-5.0083,88.9086,0.0,0.0,0.0,95.7000007629394,no_change,2026-08-12T12:02:47,0.0,0.0
SPXW,2026-12-31,132,Call,6950.0,SPXW261231C06950000,892.9,899.4,896.15,796.34,0.0,0.0,0.0,1190.0,0.2056,0.8312,0.0003,11.7664,-0.8992,20.1017,895.0248,0.0,0.0,0.0,880.899993896484,no_change,2026-06-23T10:20:05,0.0,0.0
SPXW,2026-12-31,132,Put,6950.0,SPXW261231P06950000,88.9,89.5,89.2,94.05,0.0,0.0,0.0,2188.0,0.2056,-0.1691,0.0003,11.7664,-0.8992,-5.0399,89.4277,0.0,0.0,0.0,96.25,up,2026-08-20T11:36:45,0.0,0.0
SPXW,2026-12-31,132,Call,6955.0,SPXW261231C06955000,888.5,895.0,891.75,645.66,0.0,0.0,0.0,28.0,0.2052,0.8301,0.0003,11.8125,-0.901,20.0879,890.628,0.0,0.0,0.0,876.600006103516,up,2026-04-27T12:40:26,0.0,0.0
SPXW,2026-12-31,132,Put,6955.0,SPXW261231P06955000,89.4,90.0,89.7,96.26,0.0,0.0,0.0,61.0,0.2052,-0.1701,0.0003,11.8125,-0.901,-5.0717,89.9505,0.0,0.0,0.0,96.7999992370606,down,2026-08-20T15:41:34,0.0,0.0
SPXW,2026-12-31,132,Call,6960.0,SPXW261231C06960000,884.2,890.6,887.4000000000001,728.33,0.0,0.0,0.0,61.0,0.2048,0.8291,0.0003,11.8586,-0.9029,20.074,886.235,0.0,0.0,0.0,872.199981689453,up,2026-07-23T10:44:20,0.0,0.0
SPXW,2026-12-31,132,Put,6960.0,SPXW261231P06960000,90.0,90.6,90.3,93.7,0.0,0.0,0.0,264.0,0.2048,-0.1712,0.0003,11.8586,-0.9029,-5.1037,90.4771,0.0,0.0,0.0,97.3499984741211,up,2026-08-20T11:30:06,0.0,0.0
SPXW,2026-12-31,132,Call,6965.0,SPXW261231C06965000,879.8,886.2,883.0,739.1,0.0,0.0,0.0,17.0,0.2044,0.828,0.0003,11.9047,-0.9047,20.0599,881.8458,0.0,0.0,0.0,867.850006103516,up,2026-05-06T09:38:24,0.0,0.0
SPXW,2026-12-31,132,Put,6965.0,SPXW261231P06965000,90.5,91.1,90.8,91.1,-6.85,-6.99336,8.0,91.0,0.2044,-0.1722,0.0003,11.9047,-0.9047,-5.1358,91.0074,92.67,92.67,90.32,97.9499969482422,up,2026-08-21T16:09:45,0.0,0.0
SPXW,2026-12-31,132,Call,6970.0,SPXW261231C06970000,875.4,881.8,878.5999999999999,700.4,0.0,0.0,0.0,7.0,0.204,0.8269,0.0003,11.9509,-0.9066,20.0455,877.4604,0.0,0.0,0.0,863.5,down,2026-06-09T12:09:09,0.0,0.0
SPXW,2026-12-31,132,Put,6970.0,SPXW261231P06970000,91.0,91.6,91.3,87.26,0.0,0.0,0.0,52.0,0.2039,-0.1733,0.0003,11.9509,-0.9066,-5.1683,91.5415,0.0,0.0,0.0,98.5,up,2026-08-13T09:59:18,0.0,0.0
SPXW,2026-12-31,132,Call,6975.0,SPXW261231C06975000,871.0,877.4,874.2,717.72,0.0,0.0,0.0,110.0,0.2036,0.8258,0.0003,11.9971,-0.9084,20.0309,873.0788,0.0,0.0,0.0,859.149993896484,down,2026-07-28T11:27:56,0.0,0.0
SPXW,2026-12-31,132,Put,6975.0,SPXW261231P06975000,91.6,92.2,91.9,89.35,0.0,0.0,0.0,287.0,0.2036,-0.1744,0.0003,11.9971,-0.9084,-5.2009,92.0795,0.0,0.0,0.0,99.0500030517578,up,2026-08-14T12:00:32,0.0,0.0
SPXW,2026-12-31,132,Call,6980.0,SPXW261231C06980000,866.7,873.1,869.9000000000001,325.85,0.0,0.0,0.0,20.0,0.2032,0.8248,0.0003,12.0433,-0.9102,20.0161,868.7012,0.0,0.0,0.0,854.800018310547,up,2026-04-07T16:13:45,0.0,0.0
SPXW,2026-12-31,132,Put,6980.0,SPXW261231P06980000,92.1,92.7,92.4,92.7,-6.95,-6.97441,8.0,321.0,0.2032,-0.1755,0.0003,12.0433,-0.9102,-5.2337,92.6214,94.22,94.22,91.87,99.6500015258789,up,2026-08-21T16:09:45,0.0,0.0
SPXW,2026-12-31,132,Call,6985.0,SPXW261231C06985000,862.3,868.7,865.5,373.4,0.0,0.0,0.0,2.0,0.2028,0.8237,0.0003,12.0895,-0.912,20.0012,864.3274,0.0,0.0,0.0,850.450012207031,down,2026-03-13T13:09:13,0.0,0.0
SPXW,2026-12-31,132,Put,6985.0,SPXW261231P06985000,92.6,93.2,92.9,89.42,0.0,0.0,0.0,115.0,0.2027,-0.1766,0.0003,12.0895,-0.912,-5.2667,93.1671,0.0,0.0,0.0,100.200000762939,no_change,2026-08-13T15:10:39,0.0,0.0
SPXW,2026-12-31,132,Call,6990.0,SPXW261231C06990000,857.9,864.3,861.0999999999999,686.4,0.0,0.0,0.0,18.0,0.2024,0.8226,0.0003,12.1358,-0.9138,19.9861,859.9575,0.0,0.0,0.0,846.100006103516,up,2026-06-09T12:10:17,0.0,0.0
SPXW,2026-12-31,132,Put,6990.0,SPXW261231P06990000,93.2,93.8,93.5,92.0,0.0,0.0,0.0,76.0,0.2023,-0.1777,0.0003,12.1358,-0.9138,-5.2998,93.7169,0.0,0.0,0.0,100.799999237061,no_change,2026-08-17T12:55:09,0.0,0.0
SPXW,2026-12-31,132,Call,6995.0,SPXW261231C06995000,853.6,859.9,856.75,736.27,0.0,0.0,0.0,14.0,0.202,0.8215,0.0003,12.182,-0.9157,19.9708,855.5917,0.0,0.0,0.0,841.75,no_change,2026-05-06T10:52:50,0.0,0.0
SPXW,2026-12-31,132,Put,6995.0,SPXW261231P06995000,93.7,94.3,94.0,95.8,0.0,0.0,0.0,118.0,0.202,-0.1788,0.0003,12.182,-0.9157,-5.3332,94.2705,0.0,0.0,0.0,101.349998474121,up,2026-08-20T09:37:18,0.0,0.0
SPXW,2026-12-31,132,Call,7000.0,SPXW261231C07000000,849.4,855.6,852.5,868.43,0.0,0.0,0.0,2751.0,0.2016,0.8203,0.0003,12.2283,-0.9175,19.9554,851.2298,0.0,0.0,0.0,837.450012207031,down,2026-08-20T11:08:55,0.0,0.0
SPXW,2026-12-31,132,Put,7000.0,SPXW261231P07000000,94.3,94.9,94.6,93.9,-8.05,-7.89602,88.0,4871.0,0.2016,-0.1799,0.0003,12.2283,-0.9175,-5.3667,94.8282,97.31,97.31,93.9,101.949996948242,down,2026-08-21T15:00:10,0.0,0.0
SPXW,2026-12-31,132,Call,7005.0,SPXW261231C07005000,845.1,851.2,848.1500000000001,279.69,0.0,0.0,0.0,31.0,0.2012,0.8192,0.0003,12.2746,-0.9193,19.9397,846.8719,0.0,0.0,0.0,833.149993896484,up,2026-04-02T10:11:39,0.0,0.0
SPXW,2026-12-31,132,Put,7005.0,SPXW261231P07005000,94.9,95.4,95.15,98.95,0.0,0.0,0.0,69.0,0.2011,-0.181,0.0003,12.2746,-0.9193,-5.4003,95.3899,0.0,0.0,0.0,102.550003051758,up,2026-08-20T13:09:18,0.0,0.0
SPXW,2026-12-31,132,Call,7010.0,SPXW261231C07010000,840.7,846.8,843.75,736.91,0.0,0.0,0.0,42.0,0.2008,0.8181,0.0003,12.321,-0.9211,19.9239,842.5182,0.0,0.0,0.0,828.75,up,2026-06-29T14:36:31,0.0,0.0
SPXW,2026-12-31,132,Put,7010.0,SPXW261231P07010000,95.4,96.0,95.7,91.95,0.0,0.0,0.0,74.0,0.2008,-0.1821,0.0003,12.321,-0.9211,-5.4342,95.9557,0.0,0.0,0.0,103.100002288818,up,2026-08-13T09:41:56,0.0,0.0
SPXW,2026-12-31,132,Call,7015.0,SPXW261231C07015000,836.4,842.5,839.45,239.17,0.0,0.0,0.0,6.0,0.2003,0.8169,0.0003,12.3674,-0.9228,19.908,838.1684,0.0,0.0,0.0,824.450012207031,up,2026-03-27T13:55:18,0.0,0.0
SPXW,2026-12-31,132,Put,7015.0,SPXW261231P07015000,96.0,96.6,96.3,167.54,0.0,0.0,0.0,56.0,0.2003,-0.1833,0.0003,12.3674,-0.9228,-5.4682,96.5255,0.0,0.0,0.0,103.700000762939,up,2026-07-20T14:44:30,0.0,0.0
SPXW,2026-12-31,132,Call,7020.0,SPXW261231C07020000,832.0,838.1,835.05,755.09,0.0,0.0,0.0,30.0,0.1999,0.8158,0.0003,12.4138,-0.9246,19.8919,833.8229,0.0,0.0,0.0,820.149993896484,down,2026-07-22T11:36:39,0.0,0.0
SPXW,2026-12-31,132,Put,7020.0,SPXW261231P07020000,96.6,97.2,96.9,92.97,0.0,0.0,0.0,99.0,0.1999,-0.1844,0.0003,12.4138,-0.9246,-5.5024,97.0995,0.0,0.0,0.0,104.299999237061,down,2026-08-17T11:28:44,0.0,0.0
SPXW,2026-12-31,132,Call,7025.0,SPXW261231C07025000,827.7,833.7,830.7,797.9,0.0,0.0,0.0,70.0,0.1996,0.8146,0.0003,12.4603,-0.9264,19.8755,829.4814,0.0,0.0,0.0,815.850006103516,up,2026-08-03T15:50:54,0.0,0.0
SPXW,2026-12-31,132,Put,7025.0,SPXW261231P07025000,97.1,97.7,97.4,96.54,-8.41,-8.01334,4.0,222.0,0.1995,-0.1856,0.0003,12.4603,-0.9264,-5.5367,97.6776,96.54,96.54,96.54,104.949996948242,up,2026-08-21T15:37:12,0.0,0.0
SPXW,2026-12-31,132,Call,7030.0,SPXW261231C07030000,823.4,829.4,826.4,710.28,0.0,0.0,0.0,20.0,0.1991,0.8135,0.0003,12.5069,-0.9282,19.859,825.1442,0.0,0.0,0.0,811.549987792969,down,2026-06-24T09:34:21,0.0,0.0
SPXW,2026-12-31,132,Put,7030.0,SPXW261231P07030000,97.7,98.3,98.0,93.13,0.0,0.0,0.0,99.0,0.1991,-0.1868,0.0003,12.5069,-0.9282,-5.5712,98.2599,0.0,0.0,0.0,105.550003051758,down,2026-08-14T15:44:07,0.0,0.0
SPXW,2026-12-31,132,Call,7035.0,SPXW261231C07035000,819.0,825.1,822.05,584.26,0.0,0.0,0.0,9.0,0.1987,0.8123,0.0003,12.5535,-0.9299,19.8424,820.8112,0.0,0.0,0.0,807.25,up,2026-04-27T12:05:13,0.0,0.0
SPXW,2026-12-31,132,Put,7035.0,SPXW261231P07035000,98.3,98.9,98.6,102.25,0.0,0.0,0.0,44.0,0.1988,-0.1879,0.0003,12.5535,-0.9299,-5.606,98.8464,0.0,0.0,0.0,106.150001525879,down,2026-08-10T09:42:49,0.0,0.0
SPXW,2026-12-31,132,Call,7040.0,SPXW261231C07040000,814.7,820.8,817.75,693.9,0.0,0.0,0.0,11.0,0.1983,0.8111,0.0003,12.6002,-0.9317,19.8255,816.4824,0.0,0.0,0.0,802.950012207031,up,2026-06-12T09:48:13,0.0,0.0
SPXW,2026-12-31,132,Put,7040.0,SPXW261231P07040000,98.9,99.5,99.2,109.03,0.0,0.0,0.0,116.0,0.1983,-0.1891,0.0003,12.6002,-0.9317,-5.6409,99.4372,0.0,0.0,0.0,106.75,down,2026-08-06T13:47:29,0.0,0.0
SPXW,2026-12-31,132,Call,7045.0,SPXW261231C07045000,810.4,816.4,813.4,289.3,0.0,0.0,0.0,7.0,0.1979,0.8099,0.0003,12.647,-0.9334,19.8084,812.1579,0.0,0.0,0.0,798.649993896484,down,2026-03-20T11:08:13,0.0,0.0
SPXW,2026-12-31,132,Put,7045.0,SPXW261231P07045000,99.5,100.1,99.8,103.65,0.0,0.0,0.0,95.0,0.1979,-0.1903,0.0003,12.647,-0.9334,-5.676,100.0322,0.0,0.0,0.0,107.399997711182,down,2026-08-20T13:09:18,0.0,0.0
SPXW,2026-12-31,132,Call,7050.0,SPXW261231C07050000,806.1,812.1,809.1,831.43,0.0,0.0,0.0,120.0,0.1975,0.8087,0.0003,12.6939,-0.9352,19.7911,807.8377,0.0,0.0,0.0,794.400024414062,down,2026-08-20T09:45:00,0.0,0.0
SPXW,2026-12-31,132,Put,7050.0,SPXW261231P07050000,100.1,100.7,100.4,100.4,-7.6,-7.03704,120.0,842.0,0.1975,-0.1915,0.0003,12.6939,-0.9352,-5.7114,100.6316,100.34,100.4,100.34,108.0,no_change,2026-08-21T14:01:59,0.0,0.0
SPXW,2026-12-31,132,Call,7055.0,SPXW261231C07055000,801.7,807.7,804.7,277.5,0.0,0.0,0.0,10.0,0.1971,0.8075,0.0003,12.741,-0.9369,19.7735,803.5219,0.0,0.0,0.0,790.099975585938,down,2026-03-20T13:37:20,0.0,0.0
SPXW,2026-12-31,132,Put,7055.0,SPXW261231P07055000,100.7,101.3,101.0,102.87,-5.78,-5.31984,1.0,60.0,0.1971,-0.1927,0.0003,12.741,-0.9369,-5.747,101.2354,102.87,102.87,102.87,108.650001525879,up,2026-08-21T10:25:54,0.0,0.0
SPXW,2026-12-31,132,Call,7060.0,SPXW261231C07060000,797.4,803.4,800.4,695.76,0.0,0.0,0.0,22.0,0.1967,0.8063,0.0003,12.7882,-0.9387,19.7558,799.2106,0.0,0.0,0.0,785.799987792969,up,2026-07-20T11:10:43,0.0,0.0
SPXW,2026-12-31,132,Put,7060.0,SPXW261231P07060000,101.3,101.9,101.6,95.99,0.0,0.0,0.0,23.0,0.1967,-0.1939,0.0003,12.7882,-0.9387,-5.7828,101.8436,0.0,0.0,0.0,109.299999237061,up,2026-08-13T10:47:51,0.0,0.0
SPXW,2026-12-31,132,Call,7065.0,SPXW261231C07065000,793.1,799.2,796.1500000000001,646.5,0.0,0.0,0.0,12.0,0.1962,0.8051,0.0003,12.8355,-0.9404,19.7377,794.9036,0.0,0.0,0.0,781.5,up,2026-06-26T14:33:45,0.0,0.0
SPXW,2026-12-31,132,Put,7065.0,SPXW261231P07065000,101.9,102.5,102.2,98.37,0.0,0.0,0.0,45.0,0.1963,-0.1951,0.0003,12.8355,-0.9404,-5.8189,102.4562,0.0,0.0,0.0,109.949996948242,down,2026-08-13T14:35:24,0.0,0.0
SPXW,2026-12-31,132,Call,7070.0,SPXW261231C07070000,788.8,794.9,791.8499999999999,640.73,0.0,0.0,0.0,19.0,0.1958,0.8039,0.0003,12.8829,-0.9421,19.7194,790.6012,0.0,0.0,0.0,777.299987792969,up,2026-07-28T11:32:44,0.0,0.0
SPXW,2026-12-31,132,Put,7070.0,SPXW261231P07070000,102.5,103.1,102.8,105.72,-4.88,-4.4123,1.0,60.0,0.1959,-0.1964,0.0003,12.8829,-0.9421,-5.8552,103.0733,105.72,105.72,105.72,110.600002288818,up,2026-08-21T09:50:07,0.0,0.0
SPXW,2026-12-31,132,Call,7075.0,SPXW261231C07075000,784.5,790.6,787.55,794.69,21.74,2.8126,1.0,20.0,0.1954,0.8026,0.0003,12.9306,-0.9438,19.7008,786.3034,794.69,794.69,794.69,772.950012207031,up,2026-08-21T11:07:31,0.0,0.0
SPXW,2026-12-31,132,Put,7075.0,SPXW261231P07075000,103.1,103.7,103.4,103.35,-7.9,-7.10112,1.0,313.0,0.1955,-0.1976,0.0003,12.9306,-0.9438,-5.8919,103.695,103.35,103.35,103.35,111.25,up,2026-08-21T11:07:31,0.0,0.0
SPXW,2026-12-31,132,Call,7080.0,SPXW261231C07080000,780.2,786.3,783.25,548.9,0.0,0.0,0.0,127.0,0.195,0.8014,0.0003,12.9783,-0.9455,19.682,782.0101,0.0,0.0,0.0,768.700012207031,down,2026-07-29T16:01:03,0.0,0.0
SPXW,2026-12-31,132,Put,7080.0,SPXW261231P07080000,103.7,104.3,104.0,105.97,-5.93,-5.29937,1.0,269.0,0.195,-0.1988,0.0003,12.9783,-0.9455,-5.9288,104.3213,105.97,105.97,105.97,111.899997711182,up,2026-08-21T10:25:54,0.0,0.0
SPXW,2026-12-31,132,Call,7085.0,SPXW261231C07085000,776.0,782.0,779.0,685.5,0.0,0.0,0.0,89.0,0.1946,0.8001,0.0003,13.0262,-0.9472,19.6628,777.7215,0.0,0.0,0.0,764.5,up,2026-06-12T09:39:56,0.0,0.0
SPXW,2026-12-31,132,Put,7085.0,SPXW261231P07085000,104.4,105.0,104.7,107.43,-5.12,-4.54909,3.0,49.0,0.1947,-0.2001,0.0003,13.0262,-0.9472,-5.966,104.9523,107.57,107.57,107.43,112.550003051758,down,2026-08-21T10:35:14,0.0,0.0
SPXW,2026-12-31,132,Call,7090.0,SPXW261231C07090000,771.4,777.6,774.5,758.94,0.0,0.0,0.0,21.0,0.1943,0.7988,0.0003,13.0743,-0.9489,19.6432,773.4376,0.0,0.0,0.0,760.25,up,2026-07-10T15:45:40,0.0,0.0
SPXW,2026-12-31,132,Put,7090.0,SPXW261231P07090000,105.0,105.6,105.3,110.82,0.0,0.0,0.0,161.0,0.1943,-0.2014,0.0003,13.0743,-0.9489,-6.0036,105.5879,0.0,0.0,0.0,113.200000762939,up,2026-08-18T14:28:32,0.0,0.0
SPXW,2026-12-31,132,Call,7095.0,SPXW261231C07095000,767.2,773.3,770.25,608.2,0.0,0.0,0.0,91.0,0.1939,0.7976,0.0003,13.1226,-0.9506,19.6234,769.1585,0.0,0.0,0.0,756.0,down,2026-07-23T15:34:30,0.0,0.0
SPXW,2026-12-31,132,Put,7095.0,SPXW261231P07095000,105.6,106.2,105.9,100.34,0.0,0.0,0.0,67.0,0.1939,-0.2026,0.0003,13.1226,-0.9506,-6.0415,106.2284,0.0,0.0,0.0,113.899997711182,down,2026-08-14T15:58:56,0.0,0.0
SPXW,2026-12-31,132,Call,7100.0,SPXW261231C07100000,762.9,769.1,766.0,818.85,0.0,0.0,0.0,506.0,0.1934,0.7963,0.0003,13.171,-0.9523,19.6032,764.8842,0.0,0.0,0.0,751.75,up,2026-08-19T12:00:45,0.0,0.0
SPXW,2026-12-31,132,Put,7100.0,SPXW261231P07100000,106.3,106.9,106.6,105.4,-9.15,-7.98778,3.0,880.0,0.1935,-0.2039,0.0003,13.171,-0.9523,-6.0797,106.8736,105.4,105.4,105.4,114.550003051758,down,2026-08-21T11:56:27,0.0,0.0
SPXW,2026-12-31,132,Call,7105.0,SPXW261231C07105000,758.9,764.6,761.75,603.6,0.0,0.0,0.0,59.0,0.193,0.795,0.0003,13.2195,-0.9539,19.5827,760.6149,0.0,0.0,0.0,747.5,up,2026-07-24T10:01:52,0.0,0.0
SPXW,2026-12-31,132,Put,7105.0,SPXW261231P07105000,106.9,107.5,107.2,118.44,0.0,0.0,0.0,30.0,0.1931,-0.2052,0.0003,13.2195,-0.9539,-6.1183,107.5238,0.0,0.0,0.0,115.25,down,2026-08-05T16:03:59,0.0,0.0
SPXW,2026-12-31,132,Call,7110.0,SPXW261231C07110000,754.6,760.6,757.6,729.27,0.0,0.0,0.0,23.0,0.1927,0.7937,0.0003,13.2682,-0.9556,19.5618,756.3504,0.0,0.0,0.0,743.25,down,2026-08-03T15:08:09,0.0,0.0
SPXW,2026-12-31,132,Put,7110.0,SPXW261231P07110000,107.6,108.2,107.9,113.57,0.0,0.0,0.0,57.0,0.1927,-0.2065,0.0003,13.2682,-0.9556,-6.1572,108.1789,0.0,0.0,0.0,115.899997711182,down,2026-08-07T13:52:44,0.0,0.0
SPXW,2026-12-31,132,Call,7115.0,SPXW261231C07115000,750.3,756.1,753.2,725.65,0.0,0.0,0.0,17.0,0.1922,0.7924,0.0003,13.317,-0.9572,19.5405,752.091,0.0,0.0,0.0,739.049987792969,up,2026-08-03T15:15:09,0.0,0.0
SPXW,2026-12-31,132,Put,7115.0,SPXW261231P07115000,108.2,108.8,108.5,103.09,0.0,0.0,0.0,59.0,0.1923,-0.2078,0.0003,13.317,-0.9572,-6.1965,108.839,0.0,0.0,0.0,116.600002288818,down,2026-08-13T10:07:28,0.0,0.0
SPXW,2026-12-31,132,Call,7120.0,SPXW261231C07120000,746.1,752.0,749.05,723.13,0.0,0.0,0.0,79.0,0.1918,0.7911,0.0003,13.366,-0.9589,19.5189,747.8366,0.0,0.0,0.0,734.850006103516,up,2026-08-03T15:01:47,0.0,0.0
SPXW,2026-12-31,132,Put,7120.0,SPXW261231P07120000,108.9,109.5,109.2,111.7,0.0,0.0,0.0,49.0,0.1919,-0.2092,0.0003,13.366,-0.9589,-6.2362,109.5042,0.0,0.0,0.0,117.299999237061,down,2026-08-12T11:09:43,0.0,0.0
SPXW,2026-12-31,132,Call,7125.0,SPXW261231C07125000,741.8,747.6,744.7,672.59,0.0,0.0,0.0,39.0,0.1914,0.7897,0.0003,13.415,-0.9605,19.4969,743.5874,0.0,0.0,0.0,730.649993896484,up,2026-07-01T10:03:58,0.0,0.0
SPXW,2026-12-31,132,Put,7125.0,SPXW261231P07125000,109.6,110.2,109.9,113.1,-4.9,-4.15254,4.0,2339.0,0.1915,-0.2105,0.0003,13.415,-0.9605,-6.2762,110.1745,113.8,113.8,113.1,118.0,down,2026-08-21T09:59:53,0.0,0.0
SPXW,2026-12-31,132,Call,7130.0,SPXW261231C07130000,737.6,743.5,740.55,564.76,0.0,0.0,0.0,18.0,0.191,0.7884,0.0003,13.4641,-0.9621,19.4746,739.3434,0.0,0.0,0.0,726.399993896484,down,2026-05-01T12:59:43,0.0,0.0
SPXW,2026-12-31,132,Put,7130.0,SPXW261231P07130000,110.2,110.9,110.55000000000001,115.0,0.0,0.0,0.0,38.0,0.1911,-0.2118,0.0003,13.4641,-0.9621,-6.3166,110.8501,0.0,0.0,0.0,118.700000762939,down,2026-08-20T11:25:48,0.0,0.0
SPXW,2026-12-31,132,Call,7135.0,SPXW261231C07135000,733.4,739.2,736.3,695.77,0.0,0.0,0.0,47.0,0.1906,0.787,0.0003,13.5133,-0.9637,19.4519,735.1047,0.0,0.0,0.0,722.199981689453,down,2026-08-03T13:20:26,0.0,0.0
SPXW,2026-12-31,132,Put,7135.0,SPXW261231P07135000,110.9,111.5,111.2,116.88,0.0,0.0,0.0,31.0,0.1907,-0.2132,0.0003,13.5133,-0.9637,-6.3574,111.5309,0.0,0.0,0.0,119.399997711182,down,2026-08-11T14:07:42,0.0,0.0
SPXW,2026-12-31,132,Call,7140.0,SPXW261231C07140000,728.9,735.0,731.95,639.57,0.0,0.0,0.0,12.0,0.1903,0.7857,0.0003,13.5626,-0.9653,19.4288,730.8713,0.0,0.0,0.0,718.0,up,2026-07-17T11:46:42,0.0,0.0
SPXW,2026-12-31,132,Put,7140.0,SPXW261231P07140000,111.6,112.2,111.9,113.74,0.0,0.0,0.0,28.0,0.1903,-0.2145,0.0003,13.5626,-0.9653,-6.3985,112.217,0.0,0.0,0.0,120.150001525879,down,2026-08-10T10:06:08,0.0,0.0
SPXW,2026-12-31,132,Call,7145.0,SPXW261231C07145000,724.9,730.6,727.75,563.68,0.0,0.0,0.0,55.0,0.1898,0.7843,0.0003,13.6119,-0.9669,19.4054,726.6433,0.0,0.0,0.0,713.800018310547,down,2026-07-29T15:16:13,0.0,0.0
SPXW,2026-12-31,132,Put,7145.0,SPXW261231P07145000,112.3,112.9,112.6,127.02,0.0,0.0,0.0,36.0,0.1899,-0.2159,0.0003,13.6119,-0.9669,-6.4399,112.9086,0.0,0.0,0.0,120.899997711182,down,2026-08-04T11:26:20,0.0,0.0
SPXW,2026-12-31,132,Call,7150.0,SPXW261231C07150000,720.7,726.6,723.6500000000001,730.29,0.0,0.0,0.0,342.0,0.1894,0.783,0.0003,13.6612,-0.9685,19.3817,722.4207,0.0,0.0,0.0,709.600006103516,down,2026-08-20T12:33:26,0.0,0.0
SPXW,2026-12-31,132,Put,7150.0,SPXW261231P07150000,113.0,113.6,113.3,113.3,-8.3,-6.82566,200.0,443.0,0.1895,-0.2173,0.0003,13.6612,-0.9685,-6.4817,113.6056,113.3,113.3,113.3,121.600002288818,down,2026-08-21T11:29:40,0.0,0.0
SPXW,2026-12-31,132,Call,7155.0,SPXW261231C07155000,716.3,722.1,719.2,800.15,0.0,0.0,0.0,16.0,0.189,0.7816,0.0003,13.7105,-0.9701,19.3576,718.2037,0.0,0.0,0.0,705.399993896484,up,2026-06-01T13:56:19,0.0,0.0
SPXW,2026-12-31,132,Put,7155.0,SPXW261231P07155000,113.7,114.3,114.0,183.19,0.0,0.0,0.0,64.0,0.1891,-0.2187,0.0003,13.7105,-0.9701,-6.5239,114.3081,0.0,0.0,0.0,122.349998474121,down,2026-07-31T11:07:12,0.0,0.0
SPXW,2026-12-31,132,Call,7160.0,SPXW261231C07160000,712.3,717.9,715.0999999999999,580.21,0.0,0.0,0.0,12.0,0.1887,0.7802,0.0003,13.7598,-0.9717,19.3332,713.9923,0.0,0.0,0.0,701.25,down,2026-07-27T10:04:44,0.0,0.0
SPXW,2026-12-31,132,Put,7160.0,SPXW261231P07160000,114.4,115.0,114.7,271.71,0.0,0.0,0.0,35.0,0.1887,-0.2201,0.0003,13.7598,-0.9717,-6.5663,115.0162,0.0,0.0,0.0,123.100002288818,down,2026-06-09T15:27:43,0.0,0.0
SPXW,2026-12-31,132,Call,7165.0,SPXW261231C07165000,708.1,713.9,711.0,515.5,0.0,0.0,0.0,95.0,0.1883,0.7788,0.0003,13.8091,-0.9732,19.3084,709.7865,0.0,0.0,0.0,697.100006103516,up,2026-05-04T16:01:29,0.0,0.0
SPXW,2026-12-31,132,Put,7165.0,SPXW261231P07165000,115.1,115.7,115.4,112.42,0.0,0.0,0.0,104.0,0.1883,-0.2215,0.0003,13.8091,-0.9732,-6.6091,115.73,0.0,0.0,0.0,123.799999237061,no_change,2026-08-19T15:09:58,0.0,0.0
SPXW,2026-12-31,132,Call,7170.0,SPXW261231C07170000,703.9,709.7,706.8,562.3,0.0,0.0,0.0,13.0,0.1879,0.7773,0.0003,13.8584,-0.9748,19.2836,705.5864,0.0,0.0,0.0,692.899993896484,down,2026-07-29T14:47:49,0.0,0.0
SPXW,2026-12-31,132,Put,7170.0,SPXW261231P07170000,115.8,116.4,116.1,122.1,0.0,0.0,0.0,75.0,0.1879,-0.2229,0.0003,13.8584,-0.9748,-6.652,116.4494,0.0,0.0,0.0,124.600002288818,down,2026-08-11T15:44:43,0.0,0.0
SPXW,2026-12-31,132,Call,7175.0,SPXW261231C07175000,699.7,705.5,702.6,541.6,0.0,0.0,0.0,18.0,0.1875,0.7759,0.0004,13.9076,-0.9763,19.2582,701.392,0.0,0.0,0.0,688.75,no_change,2026-07-27T10:35:40,0.0,0.0
SPXW,2026-12-31,132,Put,7175.0,SPXW261231P07175000,116.5,117.1,116.8,111.57,0.0,0.0,0.0,65.0,0.1876,-0.2243,0.0004,13.9076,-0.9763,-6.6954,117.1746,0.0,0.0,0.0,125.299999237061,down,2026-08-14T13:37:28,0.0,0.0
SPXW,2026-12-31,132,Call,7180.0,SPXW261231C07180000,695.5,701.3,698.4,552.2,0.0,0.0,0.0,66.0,0.1871,0.7745,0.0004,13.9567,-0.9778,19.2327,697.2035,0.0,0.0,0.0,684.600006103516,up,2026-07-28T16:05:00,0.0,0.0
SPXW,2026-12-31,132,Put,7180.0,SPXW261231P07180000,117.3,117.9,117.6,119.62,0.0,0.0,0.0,27.0,0.1871,-0.2258,0.0004,13.9567,-0.9778,-6.739,117.9056,0.0,0.0,0.0,126.100002288818,down,2026-08-10T13:16:49,0.0,0.0
SPXW,2026-12-31,132,Call,7185.0,SPXW261231C07185000,691.3,697.1,694.2,546.87,0.0,0.0,0.0,7.0,0.1867,0.773,0.0004,14.0057,-0.9793,19.2069,693.0208,0.0,0.0,0.0,680.449981689453,up,2026-07-28T16:03:03,0.0,0.0
SPXW,2026-12-31,132,Put,7185.0,SPXW261231P07185000,118.0,118.6,118.3,110.07,0.0,0.0,0.0,77.0,0.1867,-0.2272,0.0004,14.0057,-0.9793,-6.7828,118.6425,0.0,0.0,0.0,126.849998474121,no_change,2026-08-14T09:45:20,0.0,0.0
SPXW,2026-12-31,132,Call,7190.0,SPXW261231C07190000,686.9,692.9,689.9,599.23,0.0,0.0,0.0,18.0,0.1862,0.7716,0.0004,14.0547,-0.9808,19.1809,688.844,0.0,0.0,0.0,676.300018310547,up,2026-06-29T14:36:31,0.0,0.0
SPXW,2026-12-31,132,Put,7190.0,SPXW261231P07190000,118.7,119.4,119.05000000000001,121.41,0.0,0.0,0.0,96.0,0.1864,-0.2287,0.0004,14.0547,-0.9808,-6.8269,119.3852,0.0,0.0,0.0,127.600002288818,down,2026-08-12T11:24:12,0.0,0.0
SPXW,2026-12-31,132,Call,7195.0,SPXW261231C07195000,682.9,688.7,685.8,568.8,0.0,0.0,0.0,31.0,0.1858,0.7701,0.0004,14.1036,-0.9823,19.1546,684.6732,0.0,0.0,0.0,672.149993896484,no_change,2026-07-27T09:52:47,0.0,0.0
SPXW,2026-12-31,132,Put,7195.0,SPXW261231P07195000,119.5,120.1,119.8,112.58,0.0,0.0,0.0,70.0,0.1859,-0.2301,0.0004,14.1036,-0.9823,-6.8712,120.134,0.0,0.0,0.0,128.400001525879,up,2026-08-14T15:40:37,0.0,0.0
SPXW,2026-12-31,132,Call,7200.0,SPXW261231C07200000,678.8,684.4,681.5999999999999,679.12,0.0,0.0,0.0,564.0,0.1855,0.7686,0.0004,14.1524,-0.9838,19.1281,680.5084,0.0,0.0,0.0,668.050018310547,down,2026-08-20T13:59:58,0.0,0.0
SPXW,2026-12-31,132,Put,7200.0,SPXW261231P07200000,120.2,120.9,120.55000000000001,120.47,-8.73,-6.75696,4.0,738.0,0.1856,-0.2316,0.0004,14.1524,-0.9838,-6.9157,120.8887,120.47,120.47,120.47,129.199996948242,down,2026-08-21T12:15:18,0.0,0.0
SPXW,2026-12-31,132,Call,7205.0,SPXW261231C07205000,674.6,680.2,677.4000000000001,466.8,0.0,0.0,0.0,11.0,0.1851,0.7671,0.0004,14.2011,-0.9852,19.1014,676.3496,0.0,0.0,0.0,663.949981689453,down,2026-07-29T15:48:16,0.0,0.0
SPXW,2026-12-31,132,Put,7205.0,SPXW261231P07205000,121.0,121.6,121.3,125.63,0.0,0.0,0.0,26.0,0.1851,-0.2331,0.0004,14.2011,-0.9852,-6.9605,121.6495,0.0,0.0,0.0,130.0,down,2026-08-07T11:52:47,0.0,0.0
SPXW,2026-12-31,132,Call,7210.0,SPXW261231C07210000,670.5,676.1,673.3,533.5,0.0,0.0,0.0,4.0,0.1846,0.7656,0.0004,14.2497,-0.9867,19.0744,672.197,0.0,0.0,0.0,659.800018310547,up,2026-07-29T14:47:45,0.0,0.0
SPXW,2026-12-31,132,Put,7210.0,SPXW261231P07210000,121.8,122.4,122.1,123.62,0.0,0.0,0.0,40.0,0.1848,-0.2346,0.0004,14.2497,-0.9867,-7.0055,122.4164,0.0,0.0,0.0,130.800003051758,down,2026-08-12T10:33:47,0.0,0.0
SPXW,2026-12-31,132,Call,7215.0,SPXW261231C07215000,666.1,672.0,669.05,557.8,0.0,0.0,0.0,27.0,0.1843,0.7641,0.0004,14.2983,-0.9882,19.0473,668.0505,0.0,0.0,0.0,655.649993896484,up,2026-07-31T16:12:41,0.0,0.0
SPXW,2026-12-31,132,Put,7215.0,SPXW261231P07215000,122.5,123.1,122.8,126.81,0.0,0.0,0.0,9.0,0.1844,-0.2361,0.0004,14.2983,-0.9882,-7.0507,123.1894,0.0,0.0,0.0,131.599998474121,down,2026-08-07T15:29:22,0.0,0.0
SPXW,2026-12-31,132,Call,7220.0,SPXW261231C07220000,662.0,667.9,664.95,564.4,0.0,0.0,0.0,20.0,0.1839,0.7626,0.0004,14.3468,-0.9896,19.0199,663.9102,0.0,0.0,0.0,651.550018310547,down,2026-06-24T13:04:48,0.0,0.0
SPXW,2026-12-31,132,Put,7220.0,SPXW261231P07220000,123.3,123.9,123.6,129.11,0.0,0.0,0.0,40.0,0.184,-0.2376,0.0004,14.3468,-0.9896,-7.0961,123.9687,0.0,0.0,0.0,132.400001525879,down,2026-08-20T11:37:07,0.0,0.0
SPXW,2026-12-31,132,Call,7225.0,SPXW261231C07225000,657.9,663.8,660.8499999999999,647.67,0.0,0.0,0.0,319.0,0.1835,0.7611,0.0004,14.3953,-0.991,18.9923,659.7762,0.0,0.0,0.0,647.449981689453,up,2026-08-20T15:48:21,0.0,0.0
SPXW,2026-12-31,132,Put,7225.0,SPXW261231P07225000,124.1,124.7,124.4,123.95,-9.25,-6.94444,9.0,67.0,0.1836,-0.2392,0.0004,14.3953,-0.991,-7.1418,124.7542,127.62,127.62,123.95,133.199996948242,down,2026-08-21T12:28:40,0.0,0.0
SPXW,2026-12-31,132,Call,7230.0,SPXW261231C07230000,653.7,659.6,656.6500000000001,534.15,0.0,0.0,0.0,14.0,0.1831,0.7595,0.0004,14.4437,-0.9924,18.9644,655.6484,0.0,0.0,0.0,643.350006103516,down,2026-07-27T09:57:51,0.0,0.0
SPXW,2026-12-31,132,Put,7230.0,SPXW261231P07230000,124.9,125.5,125.2,119.43,0.0,0.0,0.0,9.0,0.1832,-0.2407,0.0004,14.4437,-0.9924,-7.1876,125.5461,0.0,0.0,0.0,134.050003051758,up,2026-08-17T10:52:33,0.0,0.0
SPXW,2026-12-31,132,Call,7235.0,SPXW261231C07235000,649.6,655.5,652.55,498.6,0.0,0.0,0.0,13.0,0.1827,0.758,0.0004,14.492,-0.9938,18.9364,651.5271,0.0,0.0,0.0,639.299987792969,up,2026-07-31T10:28:15,0.0,0.0
SPXW,2026-12-31,132,Put,7235.0,SPXW261231P07235000,125.7,126.3,126.0,120.5,0.0,0.0,0.0,8.0,0.1828,-0.2423,0.0004,14.492,-0.9938,-7.2338,126.3443,0.0,0.0,0.0,134.900001525879,down,2026-08-14T11:55:55,0.0,0.0
SPXW,2026-12-31,132,Call,7240.0,SPXW261231C07240000,645.5,651.4,648.45,497.36,0.0,0.0,0.0,195.0,0.1823,0.7564,0.0004,14.5404,-0.9952,18.908,647.4122,0.0,0.0,0.0,635.200012207031,down,2026-07-27T14:54:29,0.0,0.0
SPXW,2026-12-31,132,Put,7240.0,SPXW261231P07240000,126.5,127.1,126.8,127.41,-8.29,-6.10906,2.0,23.0,0.1824,-0.2438,0.0004,14.5404,-0.9952,-7.2802,127.1489,127.41,127.41,127.41,135.699996948242,down,2026-08-21T11:14:01,0.0,0.0
SPXW,2026-12-31,132,Call,7245.0,SPXW261231C07245000,641.4,647.3,644.3499999999999,597.3,0.0,0.0,0.0,10.0,0.1819,0.7548,0.0004,14.5888,-0.9966,18.8793,643.3037,0.0,0.0,0.0,631.149993896484,up,2026-07-13T12:31:07,0.0,0.0
SPXW,2026-12-31,132,Put,7245.0,SPXW261231P07245000,127.3,127.9,127.6,121.2,0.0,0.0,0.0,12.0,0.182,-0.2454,0.0004,14.5888,-0.9966,-7.3269,127.96,0.0,0.0,0.0,136.599998474121,down,2026-08-13T13:58:20,0.0,0.0
SPXW,2026-12-31,132,Call,7250.0,SPXW261231C07250000,637.3,643.2,640.25,636.11,9.01,1.43677,8.0,424.0,0.1815,0.7532,0.0004,14.6372,-0.9979,18.8504,639.2018,635.74,636.76,635.74,627.100006103516,down,2026-08-21T09:43:38,0.0,0.0
SPXW,2026-12-31,132,Put,7250.0,SPXW261231P07250000,128.1,128.7,128.39999999999998,127.14,-10.26,-7.46725,4.0,778.0,0.1816,-0.247,0.0004,14.6372,-0.9979,-7.3739,128.7776,131.8,131.8,127.14,137.400001525879,down,2026-08-21T15:39:06,0.0,0.0
SPXW,2026-12-31,132,Call,7255.0,SPXW261231C07255000,633.2,639.1,636.1500000000001,459.0,0.0,0.0,0.0,312.0,0.1811,0.7516,0.0004,14.6855,-0.9992,18.8211,635.1065,0.0,0.0,0.0,623.0,down,2026-07-29T10:28:21,0.0,0.0
SPXW,2026-12-31,132,Put,7255.0,SPXW261231P07255000,128.9,129.5,129.2,122.71,0.0,0.0,0.0,17.0,0.1812,-0.2486,0.0004,14.6855,-0.9992,-7.4212,129.6019,0.0,0.0,0.0,138.300003051758,down,2026-08-14T11:14:13,0.0,0.0
SPXW,2026-12-31,132,Call,7260.0,SPXW261231C07260000,629.1,634.9,632.0,716.82,0.0,0.0,0.0,35.0,0.1807,0.75,0.0004,14.734,-1.0006,18.7915,631.0179,0.0,0.0,0.0,619.0,down,2026-08-10T15:52:40,0.0,0.0
SPXW,2026-12-31,132,Put,7260.0,SPXW261231P07260000,129.7,130.4,130.05,124.56,0.0,0.0,0.0,39.0,0.1808,-0.2502,0.0004,14.734,-1.0006,-7.4689,130.4328,0.0,0.0,0.0,139.149993896484,down,2026-08-14T11:46:36,0.0,0.0
SPXW,2026-12-31,132,Call,7265.0,SPXW261231C07265000,625.0,630.9,627.95,598.89,0.0,0.0,0.0,28.0,0.1804,0.7484,0.0004,14.7824,-1.0019,18.7615,626.9361,0.0,0.0,0.0,614.899993896484,down,2026-07-16T09:33:31,0.0,0.0
SPXW,2026-12-31,132,Put,7265.0,SPXW261231P07265000,130.6,131.2,130.89999999999998,131.59,-8.41,-6.00714,2.0,30.0,0.1805,-0.2518,0.0004,14.7824,-1.0019,-7.5169,131.2705,131.59,131.59,131.59,140.0,down,2026-08-21T11:14:01,0.0,0.0
SPXW,2026-12-31,132,Call,7270.0,SPXW261231C07270000,621.0,626.8,623.9,590.1,0.0,0.0,0.0,13.0,0.18,0.7468,0.0004,14.831,-1.0032,18.7311,622.861,0.0,0.0,0.0,610.899993896484,up,2026-07-13T12:09:41,0.0,0.0
SPXW,2026-12-31,132,Put,7270.0,SPXW261231P07270000,131.4,132.1,131.75,125.97,0.0,0.0,0.0,37.0,0.1801,-0.2534,0.0004,14.831,-1.0032,-7.5654,132.1151,0.0,0.0,0.0,140.900001525879,down,2026-08-17T11:42:57,0.0,0.0
SPXW,2026-12-31,132,Call,7275.0,SPXW261231C07275000,616.9,622.7,619.8,626.33,19.48,3.21002,6.0,93.0,0.1796,0.7451,0.0004,14.8795,-1.0045,18.7003,618.7929,626.33,626.33,626.33,606.849975585938,up,2026-08-21T13:06:03,0.0,0.0
SPXW,2026-12-31,132,Put,7275.0,SPXW261231P07275000,132.3,132.9,132.60000000000002,129.1,0.0,0.0,0.0,168.0,0.1797,-0.2551,0.0004,14.8795,-1.0045,-7.6142,132.9665,0.0,0.0,0.0,141.800003051758,no_change,2026-08-19T15:15:33,0.0,0.0
SPXW,2026-12-31,132,Call,7280.0,SPXW261231C07280000,612.8,618.6,615.7,623.57,20.77,3.44559,15.0,77.0,0.1792,0.7435,0.0004,14.9282,-1.0058,18.6691,614.7318,623.57,623.57,623.57,602.799987792969,no_change,2026-08-21T13:09:26,0.0,0.0
SPXW,2026-12-31,132,Put,7280.0,SPXW261231P07280000,133.1,133.8,133.45,142.82,0.0,0.0,0.0,72.0,0.1793,-0.2568,0.0004,14.9282,-1.0058,-7.6635,133.8249,0.0,0.0,0.0,142.699996948242,no_change,2026-08-20T15:32:20,0.0,0.0
SPXW,2026-12-31,132,Call,7285.0,SPXW261231C07285000,608.8,614.6,611.7,401.59,0.0,0.0,0.0,55.0,0.1788,0.7418,0.0004,14.9768,-1.007,18.6374,610.6778,0.0,0.0,0.0,598.799987792969,down,2026-07-29T16:03:04,0.0,0.0
SPXW,2026-12-31,132,Put,7285.0,SPXW261231P07285000,134.0,134.6,134.3,143.67,0.0,0.0,0.0,28.0,0.1789,-0.2584,0.0004,14.9768,-1.007,-7.7132,134.6905,0.0,0.0,0.0,143.599998474121,no_change,2026-08-20T15:32:20,0.0,0.0
SPXW,2026-12-31,132,Call,7290.0,SPXW261231C07290000,604.7,610.5,607.6,575.67,0.0,0.0,0.0,198.0,0.1784,0.7401,0.0004,15.0256,-1.0083,18.6053,606.631,0.0,0.0,0.0,594.799987792969,up,2026-08-03T13:27:41,0.0,0.0
SPXW,2026-12-31,132,Put,7290.0,SPXW261231P07290000,134.9,135.5,135.2,137.58,0.0,0.0,0.0,39.0,0.1785,-0.2601,0.0004,15.0256,-1.0083,-7.7634,135.5632,0.0,0.0,0.0,144.5,down,2026-08-10T15:40:10,0.0,0.0
SPXW,2026-12-31,132,Call,7295.0,SPXW261231C07295000,600.7,606.5,603.6,460.56,0.0,0.0,0.0,38.0,0.178,0.7384,0.0004,15.0743,-1.0095,18.5727,602.5914,0.0,0.0,0.0,590.799987792969,down,2026-07-23T15:36:10,0.0,0.0
SPXW,2026-12-31,132,Put,7295.0,SPXW261231P07295000,135.8,136.4,136.10000000000002,126.98,0.0,0.0,0.0,27.0,0.1782,-0.2618,0.0004,15.0743,-1.0095,-7.814,136.4432,0.0,0.0,0.0,145.400001525879,down,2026-08-14T15:40:37,0.0,0.0
SPXW,2026-12-31,132,Call,7300.0,SPXW261231C07300000,596.7,602.4,599.55,604.12,17.37,2.96037,18.0,780.0,0.1776,0.7367,0.0004,15.1231,-1.0107,18.5396,598.5592,598.73,607.27,598.73,586.75,down,2026-08-21T15:31:21,0.0,0.0
SPXW,2026-12-31,132,Put,7300.0,SPXW261231P07300000,136.6,137.3,136.95,139.92,-6.38,-4.3609,3.0,1639.0,0.1778,-0.2635,0.0004,15.1231,-1.0107,-7.8652,137.3305,140.27,140.27,139.35,146.300003051758,up,2026-08-21T10:34:52,0.0,0.0
SPXW,2026-12-31,132,Call,7305.0,SPXW261231C07305000,592.7,598.4,595.55,451.8,0.0,0.0,0.0,93.0,0.1773,0.735,0.0004,15.1719,-1.0119,18.506,594.5344,0.0,0.0,0.0,582.799987792969,down,2026-07-23T15:50:09,0.0,0.0
SPXW,2026-12-31,132,Put,7305.0,SPXW261231P07305000,137.5,138.2,137.85,135.93,0.0,0.0,0.0,6.0,0.1774,-0.2652,0.0004,15.1719,-1.0119,-7.9168,138.2253,0.0,0.0,0.0,147.300003051758,down,2026-08-19T14:19:39,0.0,0.0
SPXW,2026-12-31,132,Call,7310.0,SPXW261231C07310000,588.6,594.4,591.5,415.2,0.0,0.0,0.0,100.0,0.1768,0.7333,0.0004,15.2207,-1.0131,18.4719,590.5172,0.0,0.0,0.0,578.849975585938,down,2026-07-29T12:31:29,0.0,0.0
SPXW,2026-12-31,132,Put,7310.0,SPXW261231P07310000,138.4,139.1,138.75,136.37,0.0,0.0,0.0,39.0,0.177,-0.2669,0.0004,15.2207,-1.0131,-7.9689,139.1276,0.0,0.0,0.0,148.199996948242,up,2026-08-12T16:01:54,0.0,0.0
SPXW,2026-12-31,132,Call,7315.0,SPXW261231C07315000,584.6,590.3,587.45,548.6,0.0,0.0,0.0,31.0,0.1765,0.7316,0.0004,15.2695,-1.0142,18.4374,586.5077,0.0,0.0,0.0,574.849975585938,up,2026-07-13T12:29:38,0.0,0.0
SPXW,2026-12-31,132,Put,7315.0,SPXW261231P07315000,139.3,140.0,139.65,173.31,0.0,0.0,0.0,26.0,0.1766,-0.2687,0.0004,15.2695,-1.0142,-8.0215,140.0376,0.0,0.0,0.0,149.099998474121,down,2026-08-03T15:58:54,0.0,0.0
SPXW,2026-12-31,132,Call,7320.0,SPXW261231C07320000,580.6,586.3,583.45,586.0,15.15,2.65394,2.0,50.0,0.1761,0.7298,0.0004,15.3182,-1.0154,18.4023,582.5059,586.0,586.0,586.0,570.849975585938,no_change,2026-08-21T16:00:08,0.0,0.0
SPXW,2026-12-31,132,Put,7320.0,SPXW261231P07320000,140.3,140.9,140.60000000000002,149.13,0.0,0.0,0.0,22.0,0.1762,-0.2704,0.0004,15.3182,-1.0154,-8.0746,140.9554,0.0,0.0,0.0,150.099998474121,up,2026-08-20T14:13:56,0.0,0.0
SPXW,2026-12-31,132,Call,7325.0,SPXW261231C07325000,576.6,582.3,579.45,660.12,0.0,0.0,0.0,44.0,0.1757,0.728,0.0004,15.3669,-1.0165,18.3668,578.512,0.0,0.0,0.0,566.950012207031,down,2026-08-07T13:25:04,0.0,0.0
SPXW,2026-12-31,132,Put,7325.0,SPXW261231P07325000,141.2,141.8,141.5,151.6,0.0,0.0,0.0,135.0,0.1758,-0.2722,0.0004,15.3669,-1.0165,-8.1282,141.881,0.0,0.0,0.0,151.099998474121,up,2026-08-20T15:20:02,0.0,0.0
SPXW,2026-12-31,132,Call,7330.0,SPXW261231C07330000,572.6,578.2,575.4000000000001,637.8,0.0,0.0,0.0,30.0,0.1753,0.7263,0.0004,15.4154,-1.0176,18.3308,574.5259,0.0,0.0,0.0,562.950012207031,up,2026-05-29T13:53:13,0.0,0.0
SPXW,2026-12-31,132,Put,7330.0,SPXW261231P07330000,142.1,142.7,142.39999999999998,147.22,0.0,0.0,0.0,80.0,0.1755,-0.274,0.0004,15.4154,-1.0176,-8.1822,142.8145,0.0,0.0,0.0,152.0,up,2026-08-18T15:31:58,0.0,0.0
SPXW,2026-12-31,132,Call,7335.0,SPXW261231C07335000,568.6,574.2,571.4000000000001,490.53,0.0,0.0,0.0,13.0,0.175,0.7245,0.0004,15.4638,-1.0187,18.2943,570.548,0.0,0.0,0.0,559.049987792969,up,2026-05-19T10:45:13,0.0,0.0
SPXW,2026-12-31,132,Put,7335.0,SPXW261231P07335000,143.1,143.7,143.39999999999998,226.68,0.0,0.0,0.0,44.0,0.1751,-0.2757,0.0004,15.4638,-1.0187,-8.2367,143.7561,0.0,0.0,0.0,153.0,down,2026-07-20T12:39:12,0.0,0.0
SPXW,2026-12-31,132,Call,7340.0,SPXW261231C07340000,564.7,570.2,567.45,652.21,0.0,0.0,0.0,19.0,0.1746,0.7227,0.0004,15.5121,-1.0198,18.2575,566.5781,0.0,0.0,0.0,555.049987792969,up,2026-08-04T13:31:55,0.0,0.0
SPXW,2026-12-31,132,Put,7340.0,SPXW261231P07340000,144.0,144.6,144.3,141.05,0.0,0.0,0.0,233.0,0.1747,-0.2775,0.0004,15.5121,-1.0198,-8.2916,144.7058,0.0,0.0,0.0,154.0,down,2026-08-19T12:37:19,0.0,0.0
SPXW,2026-12-31,132,Call,7345.0,SPXW261231C07345000,560.7,566.4,563.55,401.0,0.0,0.0,0.0,53.0,0.1742,0.7209,0.0004,15.5602,-1.0209,18.2202,562.6164,0.0,0.0,0.0,551.150024414062,down,2026-07-29T10:16:23,0.0,0.0
SPXW,2026-12-31,132,Put,7345.0,SPXW261231P07345000,145.0,145.6,145.3,148.21,0.0,0.0,0.0,1.0,0.1743,-0.2794,0.0004,15.5602,-1.0209,-8.3469,145.6637,0.0,0.0,0.0,155.0,down,2026-08-11T12:07:00,0.0,0.0
SPXW,2026-12-31,132,Call,7350.0,SPXW261231C07350000,556.8,562.4,559.5999999999999,558.46,0.0,0.0,0.0,390.0,0.1738,0.719,0.0004,15.6081,-1.0219,18.1827,558.6631,0.0,0.0,0.0,547.25,down,2026-08-20T13:59:37,0.0,0.0
SPXW,2026-12-31,132,Put,7350.0,SPXW261231P07350000,145.9,146.6,146.25,155.97,0.0,0.0,0.0,256.0,0.174,-0.2812,0.0004,15.6081,-1.0219,-8.4025,146.6298,0.0,0.0,0.0,156.0,up,2026-08-20T15:35:46,0.0,0.0
SPXW,2026-12-31,132,Call,7355.0,SPXW261231C07355000,552.8,558.5,555.65,463.5,0.0,0.0,0.0,700.0,0.1734,0.7172,0.0004,15.6558,-1.0229,18.1447,554.718,0.0,0.0,0.0,543.299987792969,up,2026-06-23T09:41:18,0.0,0.0
SPXW,2026-12-31,132,Put,7355.0,SPXW261231P07355000,146.9,147.5,147.2,156.97,0.0,0.0,0.0,371.0,0.1736,-0.283,0.0004,15.6558,-1.0229,-8.4585,147.6044,0.0,0.0,0.0,157.0,up,2026-08-20T15:35:46,0.0,0.0
SPXW,2026-12-31,132,Call,7360.0,SPXW261231C07360000,548.9,554.5,551.7,477.56,0.0,0.0,0.0,33.0,0.173,0.7154,0.0004,15.7033,-1.0239,18.1064,550.7815,0.0,0.0,0.0,539.399993896484,down,2026-07-17T12:06:09,0.0,0.0
SPXW,2026-12-31,132,Put,7360.0,SPXW261231P07360000,147.9,148.5,148.2,140.88,0.0,0.0,0.0,71.0,0.1732,-0.2849,0.0004,15.7033,-1.0239,-8.5149,148.5874,0.0,0.0,0.0,158.0,up,2026-08-13T11:57:31,0.0,0.0
SPXW,2026-12-31,132,Call,7365.0,SPXW261231C07365000,545.0,550.6,547.8,485.9,0.0,0.0,0.0,9.0,0.1727,0.7135,0.0004,15.7505,-1.0249,18.0678,546.8534,0.0,0.0,0.0,535.550018310547,up,2026-06-11T15:48:14,0.0,0.0
SPXW,2026-12-31,132,Put,7365.0,SPXW261231P07365000,148.9,149.5,149.2,156.21,0.0,0.0,0.0,85.0,0.1728,-0.2867,0.0004,15.7505,-1.0249,-8.5716,149.5789,0.0,0.0,0.0,159.0,down,2026-08-20T10:18:08,0.0,0.0
SPXW,2026-12-31,132,Call,7370.0,SPXW261231C07370000,541.1,546.7,543.9000000000001,621.0,0.0,0.0,0.0,37.0,0.1723,0.7116,0.0004,15.7975,-1.0259,18.0289,542.934,0.0,0.0,0.0,531.649993896484,down,2026-08-17T15:46:24,0.0,0.0
SPXW,2026-12-31,132,Put,7370.0,SPXW261231P07370000,149.9,150.5,150.2,153.7,-6.4,-3.9975,14.0,54.0,0.1724,-0.2886,0.0004,15.7975,-1.0259,-8.6285,150.5789,153.7,153.7,153.7,160.099998474121,no_change,2026-08-21T10:21:48,0.0,0.0
SPXW,2026-12-31,132,Call,7375.0,SPXW261231C07375000,537.1,542.7,539.9000000000001,547.68,0.0,0.0,0.0,32.0,0.1719,0.7097,0.0004,15.8442,-1.0268,17.9897,539.0232,0.0,0.0,0.0,527.799987792969,down,2026-08-20T13:12:09,0.0,0.0
SPXW,2026-12-31,132,Put,7375.0,SPXW261231P07375000,150.9,151.5,151.2,155.79,0.0,0.0,0.0,448.0,0.172,-0.2905,0.0004,15.8442,-1.0268,-8.6857,151.5877,0.0,0.0,0.0,161.099998474121,no_change,2026-08-18T10:39:02,0.0,0.0
SPXW,2026-12-31,132,Call,7380.0,SPXW261231C07380000,533.2,538.8,536.0,347.7,0.0,0.0,0.0,16.0,0.1715,0.7078,0.0004,15.8906,-1.0277,17.9503,535.1211,0.0,0.0,0.0,523.899993896484,down,2026-07-29T15:50:07,0.0,0.0
SPXW,2026-12-31,132,Put,7380.0,SPXW261231P07380000,151.9,152.5,152.2,153.74,0.0,0.0,0.0,44.0,0.1717,-0.2924,0.0004,15.8906,-1.0277,-8.7432,152.6052,0.0,0.0,0.0,162.199996948242,down,2026-08-10T09:42:08,0.0,0.0
SPXW,2026-12-31,132,Call,7385.0,SPXW261231C07385000,529.4,534.9,532.15,460.45,0.0,0.0,0.0,14.0,0.1711,0.7059,0.0004,15.9368,-1.0286,17.9106,531.2278,0.0,0.0,0.0,520.050018310547,up,2026-08-03T09:44:29,0.0,0.0
SPXW,2026-12-31,132,Put,7385.0,SPXW261231P07385000,152.9,153.6,153.25,162.37,0.0,0.0,0.0,18.0,0.1713,-0.2943,0.0004,15.9368,-1.0286,-8.8009,153.6314,0.0,0.0,0.0,163.199996948242,up,2026-08-20T15:41:34,0.0,0.0
SPXW,2026-12-31,132,Call,7390.0,SPXW261231C07390000,525.5,531.0,528.25,575.0,0.0,0.0,0.0,12.0,0.1708,0.704,0.0004,15.9827,-1.0295,17.8707,527.3434,0.0,0.0,0.0,516.200012207031,up,2026-08-04T11:09:40,0.0,0.0
SPXW,2026-12-31,132,Put,7390.0,SPXW261231P07390000,153.9,154.6,154.25,144.54,0.0,0.0,0.0,70.0,0.1709,-0.2962,0.0004,15.9827,-1.0295,-8.8588,154.6665,0.0,0.0,0.0,164.300003051758,down,2026-08-13T14:35:24,0.0,0.0
SPXW,2026-12-31,132,Call,7395.0,SPXW261231C07395000,521.6,527.1,524.35,363.0,0.0,0.0,0.0,27.0,0.1704,0.702,0.0004,16.0283,-1.0304,17.8305,523.4679,0.0,0.0,0.0,512.449981689453,down,2026-07-30T10:57:11,0.0,0.0
SPXW,2026-12-31,132,Put,7395.0,SPXW261231P07395000,155.0,155.6,155.3,154.31,0.0,0.0,0.0,59.0,0.1705,-0.2982,0.0004,16.0283,-1.0304,-8.9171,155.7106,0.0,0.0,0.0,165.400001525879,down,2026-08-10T10:06:08,0.0,0.0
SPXW,2026-12-31,132,Call,7400.0,SPXW261231C07400000,517.7,523.3,520.5,551.82,0.0,0.0,0.0,1007.0,0.17,0.7001,0.0004,16.0738,-1.0312,17.7901,519.6013,0.0,0.0,0.0,508.699996948242,up,2026-08-18T11:22:37,0.0,0.0
SPXW,2026-12-31,132,Put,7400.0,SPXW261231P07400000,156.0,156.7,156.35,164.87,0.0,0.0,0.0,2560.0,0.1702,-0.3001,0.0004,16.0738,-1.0312,-8.9756,156.7636,0.0,0.0,0.0,166.5,up,2026-08-20T14:24:15,0.0,0.0
SPXW,2026-12-31,132,Call,7405.0,SPXW261231C07405000,513.9,519.4,516.65,367.97,0.0,0.0,0.0,40.0,0.1696,0.6981,0.0004,16.1189,-1.032,17.7493,515.7439,0.0,0.0,0.0,504.75,up,2026-07-29T13:21:05,0.0,0.0
SPXW,2026-12-31,132,Put,7405.0,SPXW261231P07405000,157.1,157.7,157.39999999999998,163.3,0.0,0.0,0.0,25.0,0.1698,-0.3021,0.0004,16.1189,-1.032,-9.0343,157.8257,0.0,0.0,0.0,167.599998474121,down,2026-08-20T13:25:27,0.0,0.0
SPXW,2026-12-31,132,Call,7410.0,SPXW261231C07410000,510.0,515.5,512.75,611.27,0.0,0.0,0.0,65.0,0.1695,0.6961,0.0004,16.1639,-1.0328,17.7083,511.8956,0.0,0.0,0.0,501.0,no_change,2026-08-14T13:06:54,0.0,0.0
SPXW,2026-12-31,132,Put,7410.0,SPXW261231P07410000,158.2,158.8,158.5,146.66,0.0,0.0,0.0,101.0,0.1694,-0.3041,0.0004,16.1639,-1.0328,-9.0934,158.8969,0.0,0.0,0.0,168.699996948242,down,2026-08-14T15:44:07,0.0,0.0
SPXW,2026-12-31,132,Call,7415.0,SPXW261231C07415000,506.2,511.7,508.95,512.5,15.3,3.07723,2.0,19.0,0.1692,0.6941,0.0004,16.2086,-1.0336,17.667,508.0565,512.5,512.5,512.5,497.199996948242,up,2026-08-21T15:27:56,0.0,0.0
SPXW,2026-12-31,132,Put,7415.0,SPXW261231P07415000,159.2,159.9,159.55,163.1,-6.7,-3.94582,8.0,75.0,0.1691,-0.3061,0.0004,16.2086,-1.0336,-9.1528,159.9774,163.1,163.1,163.1,169.800003051758,up,2026-08-21T10:19:21,0.0,0.0
SPXW,2026-12-31,132,Call,7420.0,SPXW261231C07420000,504.8,505.5,505.15,481.2,0.0,0.0,0.0,43.0,0.1688,0.6921,0.0004,16.2532,-1.0344,17.6252,504.2267,0.0,0.0,0.0,493.349990844727,up,2026-07-14T13:17:11,0.0,0.0
SPXW,2026-12-31,132,Put,7420.0,SPXW261231P07420000,160.3,161.0,160.65,162.2,0.0,0.0,0.0,48.0,0.1687,-0.3081,0.0004,16.2532,-1.0344,-9.2126,161.0672,0.0,0.0,0.0,170.900001525879,up,2026-08-20T09:38:28,0.0,0.0
SPXW,2026-12-31,132,Call,7425.0,SPXW261231C07425000,501.0,501.7,501.35,532.52,0.0,0.0,0.0,170.0,0.1685,0.6901,0.0004,16.2975,-1.0351,17.5831,500.4063,0.0,0.0,0.0,489.599990844727,down,2026-08-19T15:48:59,0.0,0.0
SPXW,2026-12-31,132,Put,7425.0,SPXW261231P07425000,161.4,162.1,161.75,160.8,-11.25,-6.53879,20.0,52.0,0.1683,-0.3101,0.0004,16.2975,-1.0351,-9.2727,162.1663,161.4,161.4,160.0,172.049995422363,down,2026-08-21T12:28:40,0.0,0.0
SPXW,2026-12-31,132,Call,7430.0,SPXW261231C07430000,497.1,497.9,497.5,500.2,14.3,2.94299,17.0,25.0,0.1681,0.6881,0.0005,16.3417,-1.0358,17.5406,496.5954,502.0,502.0,500.2,485.899993896484,down,2026-08-21T15:27:11,0.0,0.0
SPXW,2026-12-31,132,Put,7430.0,SPXW261231P07430000,162.5,163.2,162.85,167.74,0.0,0.0,0.0,70.0,0.168,-0.3122,0.0005,16.3417,-1.0358,-9.3333,163.275,0.0,0.0,0.0,173.25,down,2026-08-05T15:18:50,0.0,0.0
SPXW,2026-12-31,132,Call,7435.0,SPXW261231C07435000,493.3,494.1,493.70000000000005,498.2,16.25,3.37172,6.0,36.0,0.1678,0.686,0.0005,16.3857,-1.0365,17.4976,492.7941,490.8,498.2,490.8,481.949996948242,up,2026-08-21T11:11:54,0.0,0.0
SPXW,2026-12-31,132,Put,7435.0,SPXW261231P07435000,163.6,164.3,163.95,167.37,0.0,0.0,0.0,101.0,0.1676,-0.3142,0.0005,16.3857,-1.0365,-9.3943,164.3932,0.0,0.0,0.0,174.349998474121,down,2026-08-11T12:29:42,0.0,0.0
SPXW,2026-12-31,132,Call,7440.0,SPXW261231C07440000,489.6,490.3,489.95000000000005,542.2,0.0,0.0,0.0,13.0,0.1674,0.6839,0.0005,16.4296,-1.0372,17.4541,489.0025,0.0,0.0,0.0,478.349990844727,down,2026-08-06T12:06:56,0.0,0.0
SPXW,2026-12-31,132,Put,7440.0,SPXW261231P07440000,164.7,165.4,165.05,150.23,0.0,0.0,0.0,242.0,0.1672,-0.3163,0.0005,16.4296,-1.0372,-9.4558,165.5211,0.0,0.0,0.0,175.5,no_change,2026-08-14T09:45:20,0.0,0.0
SPXW,2026-12-31,132,Call,7445.0,SPXW261231C07445000,485.7,486.5,486.1,490.6,16.15,3.40394,3.0,18.0,0.167,0.6819,0.0005,16.4733,-1.0378,17.4101,485.2207,490.6,490.6,490.6,474.449996948242,down,2026-08-21T11:11:54,0.0,0.0
SPXW,2026-12-31,132,Put,7445.0,SPXW261231P07445000,165.9,166.5,166.2,163.5,-13.2,-7.47029,12.0,212.0,0.1669,-0.3184,0.0005,16.4733,-1.0378,-9.5179,166.6589,163.5,163.5,163.5,176.699996948242,up,2026-08-21T11:40:28,0.0,0.0
SPXW,2026-12-31,132,Call,7450.0,SPXW261231C07450000,482.0,482.7,482.35,486.8,15.9,3.37651,4.0,2520.0,0.1666,0.6798,0.0005,16.5169,-1.0384,17.3656,481.4488,481.02,486.8,481.02,470.899993896484,up,2026-08-21T11:11:53,0.0,0.0
SPXW,2026-12-31,132,Put,7450.0,SPXW261231P07450000,167.0,167.7,167.35,165.93,-11.97,-6.7285,46.0,878.0,0.1665,-0.3204,0.0005,16.5169,-1.0384,-9.5805,167.8066,170.75,170.75,164.6,177.900001525879,down,2026-08-21T15:37:12,0.0,0.0
SPXW,2026-12-31,132,Call,7455.0,SPXW261231C07455000,478.2,479.0,478.6,366.8,0.0,0.0,0.0,7.0,0.1661,0.6777,0.0005,16.5603,-1.039,17.3205,477.687,0.0,0.0,0.0,467.099990844727,no_change,2026-07-23T10:34:34,0.0,0.0
SPXW,2026-12-31,132,Put,7455.0,SPXW261231P07455000,168.2,168.8,168.5,172.12,-6.98,-3.89726,2.0,18.0,0.1661,-0.3226,0.0005,16.5603,-1.039,-9.6436,168.9643,172.12,172.12,172.12,179.099998474121,down,2026-08-21T10:13:38,0.0,0.0
SPXW,2026-12-31,132,Call,7460.0,SPXW261231C07460000,474.4,475.2,474.79999999999995,489.0,25.65,5.53577,9.0,2289.0,0.1659,0.6756,0.0005,16.6035,-1.0396,17.2748,473.9353,480.9,489.0,480.7,463.349990844727,up,2026-08-21T11:43:11,0.0,0.0
SPXW,2026-12-31,132,Put,7460.0,SPXW261231P07460000,169.3,170.0,169.65,155.12,0.0,0.0,0.0,52.0,0.1658,-0.3247,0.0005,16.6035,-1.0396,-9.7074,170.1322,0.0,0.0,0.0,180.300003051758,down,2026-08-13T10:47:38,0.0,0.0
SPXW,2026-12-31,132,Call,7465.0,SPXW261231C07465000,470.7,471.5,471.1,441.7,0.0,0.0,0.0,17.0,0.1654,0.6734,0.0005,16.6465,-1.0401,17.2284,470.194,0.0,0.0,0.0,459.699996948242,down,2026-06-30T14:27:15,0.0,0.0
SPXW,2026-12-31,132,Put,7465.0,SPXW261231P07465000,170.5,171.2,170.85,168.6,0.0,0.0,0.0,34.0,0.1654,-0.3268,0.0005,16.6465,-1.0401,-9.7718,171.3104,0.0,0.0,0.0,181.5,down,2026-08-19T09:33:04,0.0,0.0
SPXW,2026-12-31,132,Call,7470.0,SPXW261231C07470000,467.0,467.7,467.35,452.91,0.0,0.0,0.0,113.0,0.1651,0.6713,0.0005,16.6894,-1.0406,17.1815,466.4631,0.0,0.0,0.0,455.949996948242,up,2026-07-16T10:55:36,0.0,0.0
SPXW,2026-12-31,132,Put,7470.0,SPXW261231P07470000,171.7,172.4,172.05,172.2,-10.5,-5.74712,60.0,143.0,0.165,-0.3289,0.0005,16.6894,-1.0406,-9.8368,172.499,172.08,172.2,172.08,182.699996948242,no_change,2026-08-21T14:01:59,0.0,0.0
SPXW,2026-12-31,132,Call,7475.0,SPXW261231C07475000,463.2,464.0,463.6,514.97,0.0,0.0,0.0,328.0,0.1648,0.6691,0.0005,16.732,-1.0411,17.134,462.7427,0.0,0.0,0.0,452.25,up,2026-08-19T10:50:46,0.0,0.0
SPXW,2026-12-31,132,Put,7475.0,SPXW261231P07475000,172.9,173.6,173.25,173.53,0.0,0.0,0.0,54.0,0.1647,-0.3311,0.0005,16.732,-1.0411,-9.9023,173.6982,0.0,0.0,0.0,184.050003051758,up,2026-08-20T09:37:15,0.0,0.0
SPXW,2026-12-31,132,Call,7480.0,SPXW261231C07480000,459.5,460.3,459.9,391.85,0.0,0.0,0.0,34.0,0.1645,0.667,0.0005,16.7743,-1.0416,17.0858,459.033,0.0,0.0,0.0,448.650009155273,down,2026-07-20T12:38:07,0.0,0.0
SPXW,2026-12-31,132,Put,7480.0,SPXW261231P07480000,174.1,174.8,174.45,174.83,0.0,0.0,0.0,27.0,0.1643,-0.3333,0.0005,16.7743,-1.0416,-9.9685,174.908,0.0,0.0,0.0,185.199996948242,down,2026-08-20T09:37:15,0.0,0.0
SPXW,2026-12-31,132,Call,7485.0,SPXW261231C07485000,455.8,456.6,456.20000000000005,436.4,0.0,0.0,0.0,18.0,0.1641,0.6648,0.0005,16.8164,-1.042,17.0371,455.3342,0.0,0.0,0.0,445.0,down,2026-07-09T15:09:34,0.0,0.0
SPXW,2026-12-31,132,Put,7485.0,SPXW261231P07485000,175.3,176.0,175.65,163.35,0.0,0.0,0.0,44.0,0.1639,-0.3355,0.0005,16.8164,-1.042,-10.0353,176.1287,0.0,0.0,0.0,186.5,down,2026-08-13T13:58:20,0.0,0.0
SPXW,2026-12-31,132,Call,7490.0,SPXW261231C07490000,452.1,452.9,452.5,466.5,25.2,5.7104,9.0,815.0,0.1637,0.6626,0.0005,16.8581,-1.0424,16.9878,451.6463,449.7,466.5,449.7,441.300003051758,up,2026-08-21T11:43:11,0.0,0.0
SPXW,2026-12-31,132,Put,7490.0,SPXW261231P07490000,176.5,177.2,176.85,170.24,0.0,0.0,0.0,993.0,0.1636,-0.3377,0.0005,16.8581,-1.0424,-10.1026,177.3604,0.0,0.0,0.0,187.699996948242,no_change,2026-08-19T10:54:31,0.0,0.0
SPXW,2026-12-31,132,Call,7495.0,SPXW261231C07495000,448.4,449.2,448.79999999999995,432.62,0.0,0.0,0.0,12.0,0.1634,0.6604,0.0005,16.8996,-1.0428,16.938,447.9694,0.0,0.0,0.0,437.550003051758,down,2026-08-03T15:09:06,0.0,0.0
SPXW,2026-12-31,132,Put,7495.0,SPXW261231P07495000,177.8,178.5,178.15,171.87,0.0,0.0,0.0,56.0,0.1632,-0.3399,0.0005,16.8996,-1.0428,-10.1705,178.6031,0.0,0.0,0.0,189.0,down,2026-08-17T15:19:10,0.0,0.0
SPXW,2026-12-31,132,Call,7500.0,SPXW261231C07500000,444.6,445.5,445.05,445.47,11.52,2.65468,6.0,1144.0,0.163,0.6581,0.0005,16.9406,-1.0432,16.8876,444.3038,445.47,445.47,445.47,433.949996948242,down,2026-08-21T13:41:22,0.0,0.0
SPXW,2026-12-31,132,Put,7500.0,SPXW261231P07500000,179.0,179.7,179.35,183.46,-6.84,-3.59433,2.0,990.0,0.1628,-0.3421,0.0005,16.9406,-1.0432,-10.2389,179.857,183.25,183.46,183.25,190.300003051758,up,2026-08-21T10:35:14,0.0,0.0
SPXW,2026-12-31,132,Call,7505.0,SPXW261231C07505000,441.1,441.9,441.5,519.6,0.0,0.0,0.0,23.0,0.1626,0.6559,0.0005,16.9812,-1.0435,16.837,440.6494,0.0,0.0,0.0,430.449996948242,up,2026-08-07T15:01:03,0.0,0.0
SPXW,2026-12-31,132,Put,7505.0,SPXW261231P07505000,180.3,181.0,180.65,180.73,0.0,0.0,0.0,55.0,0.1625,-0.3444,0.0005,16.9812,-1.0435,-10.3076,181.1222,0.0,0.0,0.0,191.599998474121,up,2026-08-20T09:37:15,0.0,0.0
SPXW,2026-12-31,132,Call,7510.0,SPXW261231C07510000,437.4,438.2,437.79999999999995,554.28,0.0,0.0,0.0,229.0,0.1623,0.6536,0.0005,17.0215,-1.0438,16.7858,437.0064,0.0,0.0,0.0,426.75,up,2026-08-13T15:04:08,0.0,0.0
SPXW,2026-12-31,132,Put,7510.0,SPXW261231P07510000,181.6,182.2,181.89999999999998,182.35,0.0,0.0,0.0,25.0,0.1622,-0.3466,0.0005,17.0215,-1.0438,-10.3768,182.3987,0.0,0.0,0.0,192.900001525879,down,2026-08-11T09:38:58,0.0,0.0
SPXW,2026-12-31,132,Call,7515.0,SPXW261231C07515000,433.8,434.6,434.20000000000005,420.33,0.0,0.0,0.0,28.0,0.1619,0.6513,0.0005,17.0612,-1.044,16.7342,433.3749,0.0,0.0,0.0,423.150009155273,up,2026-08-03T15:01:47,0.0,0.0
SPXW,2026-12-31,132,Put,7515.0,SPXW261231P07515000,182.8,183.5,183.15,178.94,0.0,0.0,0.0,87.0,0.1618,-0.3489,0.0005,17.0612,-1.044,-10.4464,183.6868,0.0,0.0,0.0,194.199996948242,down,2026-08-10T10:15:31,0.0,0.0
SPXW,2026-12-31,132,Call,7520.0,SPXW261231C07520000,430.2,430.9,430.54999999999995,457.36,0.0,0.0,0.0,99.0,0.1616,0.649,0.0005,17.1005,-1.0443,16.6823,429.755,0.0,0.0,0.0,419.550003051758,down,2026-08-18T15:59:53,0.0,0.0
SPXW,2026-12-31,132,Put,7520.0,SPXW261231P07520000,184.1,184.8,184.45,185.2,-10.35,-5.29276,22.0,1276.0,0.1615,-0.3512,0.0005,17.1005,-1.0443,-10.5164,184.9864,185.5,185.5,185.2,195.549995422363,down,2026-08-21T12:50:18,0.0,0.0
SPXW,2026-12-31,132,Call,7525.0,SPXW261231C07525000,426.6,427.3,426.95000000000005,427.68,11.73,2.82005,6.0,256.0,0.1612,0.6468,0.0005,17.1393,-1.0445,16.6301,426.1468,427.68,427.68,427.68,415.949996948242,up,2026-08-21T13:38:58,0.0,0.0
SPXW,2026-12-31,132,Put,7525.0,SPXW261231P07525000,185.4,186.1,185.75,191.22,0.0,0.0,0.0,986.0,0.1611,-0.3535,0.0005,17.1393,-1.0445,-10.5866,186.2977,0.0,0.0,0.0,196.900001525879,no_change,2026-08-20T12:08:11,0.0,0.0
SPXW,2026-12-31,132,Call,7530.0,SPXW261231C07530000,423.0,423.7,423.35,443.1,0.0,0.0,0.0,51.0,0.1609,0.6444,0.0005,17.1776,-1.0446,16.5777,422.5503,0.0,0.0,0.0,412.5,down,2026-08-20T09:45:34,0.0,0.0
SPXW,2026-12-31,132,Put,7530.0,SPXW261231P07530000,186.8,187.4,187.10000000000002,178.79,0.0,0.0,0.0,149.0,0.1608,-0.3558,0.0005,17.1776,-1.0446,-10.6571,187.6208,0.0,0.0,0.0,198.25,down,2026-08-17T13:17:18,0.0,0.0
SPXW,2026-12-31,132,Call,7535.0,SPXW261231C07535000,419.4,420.1,419.75,316.8,0.0,0.0,0.0,13.0,0.1605,0.6421,0.0005,17.2153,-1.0448,16.525,418.9656,0.0,0.0,0.0,409.050003051758,down,2026-07-23T09:30:10,0.0,0.0
SPXW,2026-12-31,132,Put,7535.0,SPXW261231P07535000,188.1,188.8,188.45,193.17,0.0,0.0,0.0,31.0,0.1603,-0.3581,0.0005,17.2153,-1.0448,-10.7279,188.9557,0.0,0.0,0.0,199.700004577637,no_change,2026-08-11T15:04:37,0.0,0.0
SPXW,2026-12-31,132,Call,7540.0,SPXW261231C07540000,415.8,416.6,416.20000000000005,422.1,16.65,4.10655,5.0,43.0,0.1602,0.6398,0.0005,17.2526,-1.0449,16.472,415.3929,422.1,422.1,422.1,405.449996948242,up,2026-08-21T11:04:37,0.0,0.0
SPXW,2026-12-31,132,Put,7540.0,SPXW261231P07540000,189.4,190.1,189.75,192.7,0.0,0.0,0.0,50.0,0.1601,-0.3605,0.0005,17.2526,-1.0449,-10.7989,190.3025,0.0,0.0,0.0,201.0,up,2026-08-18T12:50:28,0.0,0.0
SPXW,2026-12-31,132,Call,7545.0,SPXW261231C07545000,412.2,413.0,412.6,335.8,0.0,0.0,0.0,32.0,0.1598,0.6374,0.0005,17.2893,-1.045,16.4188,411.8321,0.0,0.0,0.0,401.849990844727,down,2026-07-17T16:10:30,0.0,0.0
SPXW,2026-12-31,132,Put,7545.0,SPXW261231P07545000,190.8,191.5,191.15,177.0,0.0,0.0,0.0,21.0,0.1596,-0.3628,0.0005,17.2893,-1.045,-10.8701,191.6613,0.0,0.0,0.0,202.400001525879,down,2026-08-13T11:28:14,0.0,0.0
SPXW,2026-12-31,132,Call,7550.0,SPXW261231C07550000,408.7,409.4,409.04999999999995,435.66,0.0,0.0,0.0,466.0,0.1595,0.635,0.0005,17.3255,-1.045,16.3654,408.2834,0.0,0.0,0.0,398.400009155273,down,2026-08-18T15:59:53,0.0,0.0
SPXW,2026-12-31,132,Put,7550.0,SPXW261231P07550000,192.2,192.8,192.5,193.2,-10.65,-5.22443,22.0,1510.0,0.1594,-0.3652,0.0005,17.3255,-1.045,-10.9416,193.0321,193.5,193.5,193.2,203.849998474121,down,2026-08-21T12:50:18,0.0,0.0
SPXW,2026-12-31,132,Call,7555.0,SPXW261231C07555000,405.1,405.9,405.5,470.47,0.0,0.0,0.0,24.0,0.1591,0.6326,0.0005,17.3612,-1.0451,16.3117,404.7469,0.0,0.0,0.0,394.899993896484,up,2026-08-11T14:18:52,0.0,0.0
SPXW,2026-12-31,132,Put,7555.0,SPXW261231P07555000,193.5,194.2,193.85,175.49,0.0,0.0,0.0,91.0,0.159,-0.3676,0.0005,17.3612,-1.0451,-11.0134,194.4151,0.0,0.0,0.0,205.25,down,2026-08-13T10:50:33,0.0,0.0
SPXW,2026-12-31,132,Call,7560.0,SPXW261231C07560000,401.6,402.4,402.0,500.02,0.0,0.0,0.0,27.0,0.1588,0.6302,0.0005,17.3964,-1.0451,16.2577,401.2225,0.0,0.0,0.0,391.349990844727,down,2026-08-13T12:09:20,0.0,0.0
SPXW,2026-12-31,132,Put,7560.0,SPXW261231P07560000,194.9,195.6,195.25,181.77,0.0,0.0,0.0,131.0,0.1587,-0.37,0.0005,17.3964,-1.0451,-11.0854,195.8103,0.0,0.0,0.0,206.699996948242,down,2026-08-14T11:46:36,0.0,0.0
SPXW,2026-12-31,132,Call,7565.0,SPXW261231C07565000,398.1,398.8,398.45000000000005,417.9,0.0,0.0,0.0,14.0,0.1584,0.6278,0.0005,17.4312,-1.045,16.2034,397.7106,0.0,0.0,0.0,388.0,down,2026-08-20T09:45:34,0.0,0.0
SPXW,2026-12-31,132,Put,7565.0,SPXW261231P07565000,196.3,197.0,196.65,179.82,0.0,0.0,0.0,3.0,0.1583,-0.3724,0.0005,17.4312,-1.045,-11.1578,197.2179,0.0,0.0,0.0,208.099998474121,down,2026-08-13T15:53:40,0.0,0.0
SPXW,2026-12-31,132,Call,7570.0,SPXW261231C07570000,394.6,395.3,394.95000000000005,489.68,0.0,0.0,0.0,40.0,0.1581,0.6254,0.0005,17.4654,-1.045,16.1487,394.211,0.0,0.0,0.0,384.5,up,2026-08-04T15:38:48,0.0,0.0
SPXW,2026-12-31,132,Put,7570.0,SPXW261231P07570000,197.7,198.4,198.05,207.0,0.0,0.0,0.0,80.0,0.158,-0.3748,0.0005,17.4654,-1.045,-11.2305,198.6379,0.0,0.0,0.0,209.599998474121,up,2026-08-04T12:51:50,0.0,0.0
SPXW,2026-12-31,132,Call,7575.0,SPXW261231C07575000,391.1,391.8,391.45000000000005,393.02,12.02,3.15486,6.0,210.0,0.1577,0.623,0.0005,17.4992,-1.0448,16.0936,390.7239,393.02,393.02,393.02,381.0,up,2026-08-21T13:45:38,0.0,0.0
SPXW,2026-12-31,132,Put,7575.0,SPXW261231P07575000,199.2,199.9,199.55,192.8,-10.45,-4.95143,0.0,157.0,0.1576,-0.3773,0.0005,17.4992,-1.0448,-11.3036,200.0704,0.0,0.0,0.0,211.049995422363,down,2026-08-10T10:32:07,0.0,0.0
SPXW,2026-12-31,132,Call,7580.0,SPXW261231C07580000,387.6,388.4,388.0,492.88,0.0,0.0,0.0,47.0,0.1574,0.6205,0.0005,17.5325,-1.0447,16.038,387.2495,0.0,0.0,0.0,377.600006103516,no_change,2026-08-14T10:37:31,0.0,0.0
SPXW,2026-12-31,132,Put,7580.0,SPXW261231P07580000,200.6,201.3,200.95,207.94,0.0,0.0,0.0,49.0,0.1573,-0.3797,0.0005,17.5325,-1.0447,-11.3772,201.5155,0.0,0.0,0.0,212.599998474121,up,2026-08-20T10:18:08,0.0,0.0
SPXW,2026-12-31,132,Call,7585.0,SPXW261231C07585000,384.1,384.9,384.5,365.1,0.0,0.0,0.0,7.0,0.157,0.618,0.0005,17.5653,-1.0445,15.982,383.7879,0.0,0.0,0.0,374.199996948242,up,2026-08-03T13:39:12,0.0,0.0
SPXW,2026-12-31,132,Put,7585.0,SPXW261231P07585000,202.1,202.8,202.45,192.05,0.0,0.0,0.0,10.0,0.1569,-0.3822,0.0005,17.5653,-1.0445,-11.4513,202.9734,0.0,0.0,0.0,214.099998474121,down,2026-08-17T14:23:18,0.0,0.0
SPXW,2026-12-31,132,Call,7590.0,SPXW261231C07590000,380.7,381.4,381.04999999999995,457.69,0.0,0.0,0.0,164.0,0.1567,0.6155,0.0005,17.5977,-1.0443,15.9254,380.3391,0.0,0.0,0.0,370.650009155273,down,2026-08-07T10:22:21,0.0,0.0
SPXW,2026-12-31,132,Put,7590.0,SPXW261231P07590000,203.5,204.2,203.85,199.21,0.0,0.0,0.0,35.0,0.1566,-0.3847,0.0005,17.5977,-1.0443,-11.526,204.4442,0.0,0.0,0.0,215.549995422363,up,2026-08-19T15:52:12,0.0,0.0
SPXW,2026-12-31,132,Call,7595.0,SPXW261231C07595000,377.2,378.0,377.6,446.74,0.0,0.0,0.0,0.0,0.1563,0.613,0.0005,17.6296,-1.0441,15.8682,376.9034,0.0,0.0,0.0,367.349990844727,down,2026-08-06T10:37:40,0.0,0.0
SPXW,2026-12-31,132,Put,7595.0,SPXW261231P07595000,205.0,205.7,205.35,198.4,0.0,0.0,0.0,12.0,0.1563,-0.3872,0.0005,17.6296,-1.0441,-11.6012,205.928,0.0,0.0,0.0,217.049995422363,down,2026-08-10T10:21:10,0.0,0.0
SPXW,2026-12-31,132,Call,7600.0,SPXW261231C07600000,373.8,374.6,374.20000000000005,374.29,8.43,2.31593,6.0,1077.0,0.156,0.6105,0.0005,17.6611,-1.0438,15.8103,373.4808,373.55,377.28,373.55,364.0,down,2026-08-21T16:00:15,0.0,0.0
SPXW,2026-12-31,132,Put,7600.0,SPXW261231P07600000,206.5,207.2,206.85,207.74,-10.57,-4.83531,6.0,1200.0,0.156,-0.3897,0.0005,17.6611,-1.0438,-11.6771,207.425,211.8,211.8,206.11,218.599998474121,up,2026-08-21T16:00:15,0.0,0.0
SPXW,2026-12-31,132,Call,7605.0,SPXW261231C07605000,370.4,371.2,370.79999999999995,439.74,0.0,0.0,0.0,4.0,0.1557,0.608,0.0005,17.692,-1.0435,15.7518,370.0716,0.0,0.0,0.0,360.599990844727,down,2026-08-06T10:37:40,0.0,0.0
SPXW,2026-12-31,132,Put,7605.0,SPXW261231P07605000,208.0,208.7,208.35,211.0,-9.15,-4.15626,1.0,35.0,0.1556,-0.3922,0.0005,17.692,-1.0435,-11.7537,208.9353,211.0,211.0,211.0,220.150001525879,up,2026-08-21T09:45:36,0.0,0.0
SPXW,2026-12-31,132,Call,7610.0,SPXW261231C07610000,367.0,367.7,367.35,441.75,0.0,0.0,0.0,23.0,0.1554,0.6054,0.0005,17.7225,-1.0432,15.6926,366.6759,0.0,0.0,0.0,357.150009155273,down,2026-08-12T13:11:36,0.0,0.0
SPXW,2026-12-31,132,Put,7610.0,SPXW261231P07610000,209.5,210.2,209.85,220.0,0.0,0.0,0.0,94.0,0.1553,-0.3948,0.0005,17.7225,-1.0432,-11.8309,210.4591,0.0,0.0,0.0,221.849998474121,up,2026-08-20T14:49:57,0.0,0.0
SPXW,2026-12-31,132,Call,7615.0,SPXW261231C07615000,363.6,364.4,364.0,0.0,0.0,0.0,0.0,0.0,0.155,0.6029,0.0005,17.7525,-1.0428,15.6328,363.2938,0.0,0.0,0.0,353.849990844727,no_change,,0.0,0.0
SPXW,2026-12-31,132,Put,7615.0,SPXW261231P07615000,211.1,211.8,211.45,221.55,0.0,0.0,0.0,19.0,0.1549,-0.3973,0.0005,17.7525,-1.0428,-11.9088,211.9966,0.0,0.0,0.0,223.300003051758,up,2026-08-20T14:49:57,0.0,0.0
SPXW,2026-12-31,132,Call,7620.0,SPXW261231C07620000,360.2,361.0,360.6,434.46,0.0,0.0,0.0,38.0,0.1547,0.6003,0.0005,17.7819,-1.0424,15.5722,359.9255,0.0,0.0,0.0,350.550003051758,up,2026-08-07T09:48:24,0.0,0.0
SPXW,2026-12-31,132,Put,7620.0,SPXW261231P07620000,212.6,213.3,212.95,369.2,0.0,0.0,0.0,37.0,0.1546,-0.3999,0.0005,17.7819,-1.0424,-11.9874,213.5478,0.0,0.0,0.0,224.900001525879,down,2026-07-23T15:48:25,0.0,0.0
SPXW,2026-12-31,132,Call,7625.0,SPXW261231C07625000,356.7,357.6,357.15,450.55,0.0,0.0,0.0,40.0,0.1544,0.5977,0.0005,17.8108,-1.0419,15.511,356.5711,0.0,0.0,0.0,347.300003051758,up,2026-08-14T11:26:42,0.0,0.0
SPXW,2026-12-31,132,Put,7625.0,SPXW261231P07625000,214.2,214.9,214.55,212.85,-13.65,-6.02649,4.0,59.0,0.1543,-0.4025,0.0005,17.8108,-1.0419,-12.0667,215.113,212.85,212.85,212.85,226.5,down,2026-08-21T12:28:40,0.0,0.0
SPXW,2026-12-31,132,Call,7630.0,SPXW261231C07630000,353.5,354.3,353.9,441.9,0.0,0.0,0.0,56.0,0.154,0.5951,0.0006,17.8391,-1.0414,15.4491,353.2309,0.0,0.0,0.0,344.0,up,2026-08-10T10:57:55,0.0,0.0
SPXW,2026-12-31,132,Put,7630.0,SPXW261231P07630000,215.7,216.5,216.1,206.6,0.0,0.0,0.0,30.0,0.1539,-0.4051,0.0006,17.8391,-1.0414,-12.1466,216.6923,0.0,0.0,0.0,228.200004577637,down,2026-08-12T15:31:17,0.0,0.0
SPXW,2026-12-31,132,Call,7635.0,SPXW261231C07635000,350.2,351.0,350.6,433.2,0.0,0.0,0.0,6.0,0.1537,0.5925,0.0006,17.8668,-1.0409,15.3867,349.9049,0.0,0.0,0.0,340.649993896484,up,2026-08-10T09:45:34,0.0,0.0
SPXW,2026-12-31,132,Put,7635.0,SPXW261231P07635000,217.3,218.1,217.7,205.2,0.0,0.0,0.0,12.0,0.1536,-0.4077,0.0006,17.8668,-1.0409,-12.2271,218.2859,0.0,0.0,0.0,229.75,no_change,2026-08-19T12:11:23,0.0,0.0
SPXW,2026-12-31,132,Call,7640.0,SPXW261231C07640000,346.9,347.6,347.25,236.96,0.0,0.0,0.0,204.0,0.1534,0.5899,0.0006,17.8938,-1.0403,15.3237,346.5932,0.0,0.0,0.0,337.349990844727,down,2026-07-27T13:55:22,0.0,0.0
SPXW,2026-12-31,132,Put,7640.0,SPXW261231P07640000,218.9,219.7,219.3,234.2,0.0,0.0,0.0,220.0,0.1533,-0.4103,0.0006,17.8938,-1.0403,-12.3081,219.8938,0.0,0.0,0.0,231.450004577637,up,2026-08-20T16:13:02,0.0,0.0
SPXW,2026-12-31,132,Call,7645.0,SPXW261231C07645000,343.6,344.3,343.95000000000005,354.5,20.45,6.12184,1.0,10.0,0.1531,0.5873,0.0006,17.9202,-1.0397,15.2604,343.2961,354.5,354.5,354.5,334.050003051758,up,2026-08-21T12:04:22,0.0,0.0
SPXW,2026-12-31,132,Put,7645.0,SPXW261231P07645000,220.6,221.3,220.95,212.0,0.0,0.0,0.0,12.0,0.153,-0.413,0.0006,17.9202,-1.0397,-12.3895,221.5162,0.0,0.0,0.0,233.049995422363,down,2026-08-10T10:38:45,0.0,0.0
SPXW,2026-12-31,132,Call,7650.0,SPXW261231C07650000,340.3,341.0,340.65,352.26,21.26,6.42296,10.0,127.0,0.1527,0.5846,0.0006,17.9458,-1.0391,15.1965,340.0136,349.8,352.26,349.8,331.0,up,2026-08-21T11:39:23,0.0,0.0
SPXW,2026-12-31,132,Put,7650.0,SPXW261231P07650000,222.2,222.9,222.55,221.64,-13.11,-5.58466,4.0,412.0,0.1527,-0.4156,0.0006,17.9458,-1.0391,-12.4714,223.1533,221.64,221.64,221.64,234.75,down,2026-08-21T12:15:18,0.0,0.0
SPXW,2026-12-31,132,Call,7655.0,SPXW261231C07655000,337.0,337.8,337.4,419.4,0.0,0.0,0.0,15.0,0.1524,0.5819,0.0006,17.9708,-1.0384,15.1322,336.7459,0.0,0.0,0.0,327.649993896484,up,2026-08-10T09:45:34,0.0,0.0
SPXW,2026-12-31,132,Put,7655.0,SPXW261231P07655000,223.8,224.6,224.2,202.13,0.0,0.0,0.0,11.0,0.1523,-0.4183,0.0006,17.9708,-1.0384,-12.5537,224.8051,0.0,0.0,0.0,236.450004577637,down,2026-08-13T15:24:06,0.0,0.0
SPXW,2026-12-31,132,Call,7660.0,SPXW261231C07660000,333.7,334.5,334.1,341.6,17.15,5.28587,16.0,35.0,0.1521,0.5793,0.0006,17.995,-1.0376,15.0677,333.4929,343.2,345.66,341.6,324.449996948242,down,2026-08-21T12:11:30,0.0,0.0
SPXW,2026-12-31,132,Put,7660.0,SPXW261231P07660000,225.5,226.2,225.85,241.9,0.0,0.0,0.0,27.0,0.152,-0.421,0.0006,17.995,-1.0376,-12.6362,226.4717,0.0,0.0,0.0,238.150001525879,up,2026-08-20T15:59:44,0.0,0.0
SPXW,2026-12-31,132,Call,7665.0,SPXW261231C07665000,330.5,331.3,330.9,452.13,0.0,0.0,0.0,11.0,0.1518,0.5766,0.0006,18.0184,-1.0369,15.003,330.2549,0.0,0.0,0.0,321.150009155273,up,2026-08-05T10:18:49,0.0,0.0
SPXW,2026-12-31,132,Put,7665.0,SPXW261231P07665000,227.2,227.9,227.55,0.0,0.0,0.0,0.0,0.0,0.1517,-0.4237,0.0006,18.0184,-1.0369,-12.719,228.1532,0.0,0.0,0.0,239.849998474121,no_change,,0.0,0.0
SPXW,2026-12-31,132,Call,7670.0,SPXW261231C07670000,327.3,328.0,327.65,369.4,0.0,0.0,0.0,84.0,0.1514,0.5739,0.0006,18.0411,-1.0361,14.9381,327.0318,0.0,0.0,0.0,318.149993896484,up,2026-08-04T10:53:53,0.0,0.0
SPXW,2026-12-31,132,Put,7670.0,SPXW261231P07670000,228.9,229.6,229.25,218.22,0.0,0.0,0.0,28.0,0.1514,-0.4264,0.0006,18.0411,-1.0361,-12.802,229.8497,0.0,0.0,0.0,241.700004577637,down,2026-08-17T15:39:00,0.0,0.0
SPXW,2026-12-31,132,Call,7675.0,SPXW261231C07675000,324.0,324.8,324.4,392.31,0.0,0.0,0.0,21.0,0.1511,0.5711,0.0006,18.0631,-1.0352,14.873,323.8238,0.0,0.0,0.0,314.849990844727,down,2026-08-17T15:38:10,0.0,0.0
SPXW,2026-12-31,132,Put,7675.0,SPXW261231P07675000,230.6,231.3,230.95,242.5,0.0,0.0,0.0,72.0,0.151,-0.4291,0.0006,18.0631,-1.0352,-12.8852,231.5612,0.0,0.0,0.0,243.349998474121,up,2026-08-20T15:36:07,0.0,0.0
SPXW,2026-12-31,132,Call,7680.0,SPXW261231C07680000,320.7,321.6,321.15,327.0,15.25,4.89174,1.0,136.0,0.1508,0.5684,0.0006,18.0842,-1.0344,14.8077,320.631,327.0,327.0,327.0,311.75,down,2026-08-21T13:10:25,0.0,0.0
SPXW,2026-12-31,132,Put,7680.0,SPXW261231P07680000,232.3,233.0,232.65,230.71,0.0,0.0,0.0,27.0,0.1508,-0.4318,0.0006,18.0842,-1.0344,-12.9684,233.2879,0.0,0.0,0.0,245.150001525879,up,2026-08-11T12:29:42,0.0,0.0
SPXW,2026-12-31,132,Call,7685.0,SPXW261231C07685000,317.7,318.4,318.04999999999995,438.48,0.0,0.0,0.0,17.0,0.1504,0.5657,0.0006,18.1046,-1.0334,14.7423,317.4533,0.0,0.0,0.0,308.550003051758,up,2026-08-05T10:18:49,0.0,0.0
SPXW,2026-12-31,132,Put,7685.0,SPXW261231P07685000,234.0,234.8,234.4,211.65,0.0,0.0,0.0,31.0,0.1504,-0.4346,0.0006,18.1046,-1.0334,-13.0519,235.0298,0.0,0.0,0.0,247.050003051758,down,2026-08-14T10:44:26,0.0,0.0
SPXW,2026-12-31,132,Call,7690.0,SPXW261231C07690000,314.5,315.3,314.9,401.33,0.0,0.0,0.0,28.0,0.1502,0.5629,0.0006,18.1241,-1.0325,14.6767,314.291,0.0,0.0,0.0,305.550003051758,no_change,2026-08-04T14:48:11,0.0,0.0
SPXW,2026-12-31,132,Put,7690.0,SPXW261231P07690000,235.8,236.5,236.15,223.87,0.0,0.0,0.0,8.0,0.1501,-0.4373,0.0006,18.1241,-1.0325,-13.1356,236.787,0.0,0.0,0.0,248.849998474121,up,2026-08-19T11:21:28,0.0,0.0
SPXW,2026-12-31,132,Call,7695.0,SPXW261231C07695000,311.4,312.1,311.75,319.59,0.0,0.0,0.0,58.0,0.1499,0.5601,0.0006,18.1429,-1.0315,14.6109,311.1439,0.0,0.0,0.0,302.449996948242,no_change,2026-08-20T11:50:11,0.0,0.0
SPXW,2026-12-31,132,Put,7695.0,SPXW261231P07695000,237.6,238.3,237.95,243.0,0.0,0.0,0.0,19.0,0.1498,-0.4401,0.0006,18.1429,-1.0315,-13.2194,238.5595,0.0,0.0,0.0,250.599998474121,up,2026-08-18T10:14:30,0.0,0.0
SPXW,2026-12-31,132,Call,7700.0,SPXW261231C07700000,308.2,309.0,308.6,311.86,12.61,4.21387,11.0,2833.0,0.1496,0.5574,0.0006,18.1609,-1.0304,14.5448,308.0124,305.62,315.18,304.89,299.25,up,2026-08-21T15:36:35,0.0,0.0
SPXW,2026-12-31,132,Put,7700.0,SPXW261231P07700000,239.4,240.1,239.75,237.2,-15.15,-6.00357,7.0,897.0,0.1495,-0.4429,0.0006,18.1609,-1.0304,-13.3035,240.3475,238.02,239.3,237.2,252.349998474121,down,2026-08-21T15:30:40,0.0,0.0
SPXW,2026-12-31,132,Call,7705.0,SPXW261231C07705000,305.1,305.9,305.5,387.46,0.0,0.0,0.0,12.0,0.1493,0.5546,0.0006,18.1781,-1.0293,14.4785,304.8963,0.0,0.0,0.0,296.25,down,2026-08-07T12:19:25,0.0,0.0
SPXW,2026-12-31,132,Put,7705.0,SPXW261231P07705000,241.2,241.9,241.55,230.64,0.0,0.0,0.0,42.0,0.1492,-0.4457,0.0006,18.1781,-1.0293,-13.3879,242.151,0.0,0.0,0.0,254.25,up,2026-08-12T13:32:55,0.0,0.0
SPXW,2026-12-31,132,Call,7710.0,SPXW261231C07710000,302.0,302.8,302.4,307.42,14.12,4.81418,1.0,157.0,0.149,0.5517,0.0006,18.1946,-1.0282,14.4118,301.7959,307.42,307.42,307.42,293.300003051758,down,2026-08-21T11:08:39,0.0,0.0
SPXW,2026-12-31,132,Put,7710.0,SPXW261231P07710000,243.0,243.7,243.35,245.32,0.0,0.0,0.0,18.0,0.1488,-0.4485,0.0006,18.1946,-1.0282,-13.4726,243.9702,0.0,0.0,0.0,256.150001525879,up,2026-08-18T09:39:07,0.0,0.0
SPXW,2026-12-31,132,Call,7715.0,SPXW261231C07715000,298.9,299.7,299.29999999999995,381.2,0.0,0.0,0.0,10.0,0.1487,0.5489,0.0006,18.2102,-1.027,14.3446,298.7113,0.0,0.0,0.0,290.149993896484,down,2026-08-17T09:41:01,0.0,0.0
SPXW,2026-12-31,132,Put,7715.0,SPXW261231P07715000,244.8,245.5,245.15,240.17,0.0,0.0,0.0,21.0,0.1486,-0.4513,0.0006,18.2102,-1.027,-13.5578,245.8051,0.0,0.0,0.0,257.949996948242,up,2026-08-19T09:39:18,0.0,0.0
SPXW,2026-12-31,132,Call,7720.0,SPXW261231C07720000,295.9,296.6,296.25,324.28,0.0,0.0,0.0,38.0,0.1483,0.5461,0.0006,18.2251,-1.0258,14.277,295.6426,0.0,0.0,0.0,287.199996948242,down,2026-08-18T14:58:39,0.0,0.0
SPXW,2026-12-31,132,Put,7720.0,SPXW261231P07720000,246.7,247.4,247.05,253.5,0.0,0.0,0.0,104.0,0.1482,-0.4542,0.0006,18.2251,-1.0258,-13.6435,247.6559,0.0,0.0,0.0,259.850006103516,up,2026-08-20T13:34:35,0.0,0.0
SPXW,2026-12-31,132,Call,7725.0,SPXW261231C07725000,292.8,293.6,293.20000000000005,359.09,0.0,0.0,0.0,75.0,0.1481,0.5432,0.0006,18.2392,-1.0246,14.2088,292.5898,0.0,0.0,0.0,284.199996948242,down,2026-08-17T15:38:10,0.0,0.0
SPXW,2026-12-31,132,Put,7725.0,SPXW261231P07725000,248.5,249.3,248.9,249.66,0.0,0.0,0.0,47.0,0.148,-0.457,0.0006,18.2392,-1.0246,-13.7298,249.5227,0.0,0.0,0.0,261.75,up,2026-08-20T13:01:27,0.0,0.0
SPXW,2026-12-31,132,Call,7730.0,SPXW261231C07730000,289.7,290.5,290.1,295.12,13.92,4.95021,1.0,2882.0,0.1477,0.5404,0.0006,18.2524,-1.0233,14.14,289.5533,295.12,295.12,295.12,281.199996948242,down,2026-08-21T11:08:39,0.0,0.0
SPXW,2026-12-31,132,Put,7730.0,SPXW261231P07730000,250.4,251.1,250.75,224.66,0.0,0.0,0.0,68.0,0.1477,-0.4598,0.0006,18.2524,-1.0233,-13.8167,251.4057,0.0,0.0,0.0,263.849990844727,down,2026-08-14T10:46:19,0.0,0.0
SPXW,2026-12-31,132,Call,7735.0,SPXW261231C07735000,286.7,287.5,287.1,368.42,0.0,0.0,0.0,3.0,0.1474,0.5375,0.0006,18.2648,-1.0219,14.0705,286.533,0.0,0.0,0.0,278.149993896484,down,2026-08-11T10:45:42,0.0,0.0
SPXW,2026-12-31,132,Put,7735.0,SPXW261231P07735000,252.3,253.0,252.65,231.95,0.0,0.0,0.0,3.0,0.1474,-0.4627,0.0006,18.2648,-1.0219,-13.9042,253.305,0.0,0.0,0.0,265.649993896484,down,2026-08-13T11:34:48,0.0,0.0
SPXW,2026-12-31,132,Call,7740.0,SPXW261231C07740000,283.7,284.5,284.1,366.75,0.0,0.0,0.0,154.0,0.1472,0.5346,0.0006,18.2764,-1.0206,14.0003,283.5293,0.0,0.0,0.0,275.25,down,2026-08-14T13:44:55,0.0,0.0
SPXW,2026-12-31,132,Put,7740.0,SPXW261231P07740000,254.2,255.0,254.6,245.81,0.0,0.0,0.0,53.0,0.1471,-0.4656,0.0006,18.2764,-1.0206,-13.9924,255.2208,0.0,0.0,0.0,267.75,down,2026-08-19T10:21:11,0.0,0.0
SPXW,2026-12-31,132,Call,7745.0,SPXW261231C07745000,280.7,281.5,281.1,354.5,0.0,0.0,0.0,2.0,0.1468,0.5317,0.0006,18.2872,-1.0191,13.9295,280.5422,0.0,0.0,0.0,272.25,down,2026-08-05T15:36:17,0.0,0.0
SPXW,2026-12-31,132,Put,7745.0,SPXW261231P07745000,256.2,256.9,256.54999999999995,252.73,0.0,0.0,0.0,3.0,0.1468,-0.4685,0.0006,18.2872,-1.0191,-14.0813,257.1532,0.0,0.0,0.0,269.649993896484,up,2026-08-19T10:15:05,0.0,0.0
SPXW,2026-12-31,132,Call,7750.0,SPXW261231C07750000,277.8,278.5,278.15,288.7,0.0,0.0,0.0,244.0,0.1466,0.5288,0.0006,18.297,-1.0177,13.858,277.5719,0.0,0.0,0.0,269.300003051758,down,2026-08-20T10:15:17,0.0,0.0
SPXW,2026-12-31,132,Put,7750.0,SPXW261231P07750000,258.1,258.8,258.45000000000005,264.53,-7.12,-2.62102,2.0,159.0,0.1465,-0.4714,0.0006,18.297,-1.0177,-14.1708,259.1025,264.53,264.53,264.53,271.649993896484,up,2026-08-21T10:37:44,0.0,0.0
SPXW,2026-12-31,132,Call,7755.0,SPXW261231C07755000,274.8,275.6,275.20000000000005,362.4,0.0,0.0,0.0,4.0,0.1463,0.5259,0.0006,18.306,-1.0162,13.7858,274.6185,0.0,0.0,0.0,266.5,up,2026-08-14T11:51:54,0.0,0.0
SPXW,2026-12-31,132,Put,7755.0,SPXW261231P07755000,260.1,260.8,260.45000000000005,0.0,0.0,0.0,0.0,0.0,0.1462,-0.4743,0.0006,18.306,-1.0162,-14.261,261.0687,0.0,0.0,0.0,273.599990844727,no_change,,0.0,0.0
SPXW,2026-12-31,132,Call,7760.0,SPXW261231C07760000,271.9,272.6,272.25,283.68,0.0,0.0,0.0,59.0,0.146,0.523,0.0006,18.3141,-1.0146,13.7131,271.6823,0.0,0.0,0.0,263.600006103516,down,2026-08-20T09:30:02,0.0,0.0
SPXW,2026-12-31,132,Put,7760.0,SPXW261231P07760000,262.1,262.8,262.45000000000005,256.1,0.0,0.0,0.0,45.0,0.1459,-0.4772,0.0006,18.3141,-1.0146,-14.3518,263.052,0.0,0.0,0.0,275.600006103516,down,2026-08-07T15:02:34,0.0,0.0
SPXW,2026-12-31,132,Call,7765.0,SPXW261231C07765000,268.9,269.7,269.29999999999995,374.1,0.0,0.0,0.0,0.0,0.1457,0.52,0.0006,18.3212,-1.013,13.6398,268.7633,0.0,0.0,0.0,260.550003051758,up,2026-08-13T10:08:04,0.0,0.0
SPXW,2026-12-31,132,Put,7765.0,SPXW261231P07765000,264.1,264.8,264.45000000000005,248.78,0.0,0.0,0.0,7.0,0.1456,-0.4802,0.0006,18.3212,-1.013,-14.4431,265.0525,0.0,0.0,0.0,277.649993896484,up,2026-08-17T13:31:44,0.0,0.0
SPXW,2026-12-31,132,Call,7770.0,SPXW261231C07770000,266.0,266.8,266.4,277.73,0.0,0.0,0.0,185.0,0.1454,0.5171,0.0006,18.3274,-1.0114,13.5661,265.8616,0.0,0.0,0.0,257.850006103516,down,2026-08-20T09:30:02,0.0,0.0
SPXW,2026-12-31,132,Put,7770.0,SPXW261231P07770000,266.1,266.8,266.45000000000005,269.02,0.0,0.0,0.0,36.0,0.1453,-0.4831,0.0006,18.3274,-1.0114,-14.5349,267.0704,0.0,0.0,0.0,279.75,up,2026-08-20T11:23:22,0.0,0.0
SPXW,2026-12-31,132,Call,7775.0,SPXW261231C07775000,263.1,263.9,263.5,289.91,0.0,0.0,0.0,72.0,0.1452,0.5142,0.0006,18.3327,-1.0097,13.4921,262.9774,0.0,0.0,0.0,254.849998474121,down,2026-08-19T16:09:31,0.0,0.0
SPXW,2026-12-31,132,Put,7775.0,SPXW261231P07775000,268.1,268.8,268.45000000000005,260.56,0.0,0.0,0.0,75.0,0.1451,-0.4861,0.0006,18.3327,-1.0097,-14.627,269.1058,0.0,0.0,0.0,281.800003051758,down,2026-08-19T09:38:20,0.0,0.0
SPXW,2026-12-31,132,Call,7780.0,SPXW261231C07780000,260.3,261.0,260.65,260.34,8.19,3.24807,6.0,134.0,0.1448,0.5112,0.0006,18.337,-1.0079,13.4177,260.1108,260.34,260.34,260.34,252.150001525879,no_change,2026-08-21T14:12:40,0.0,0.0
SPXW,2026-12-31,132,Put,7780.0,SPXW261231P07780000,270.2,270.9,270.54999999999995,241.11,0.0,0.0,0.0,57.0,0.1448,-0.489,0.0006,18.337,-1.0079,-14.7194,271.1587,0.0,0.0,0.0,283.899993896484,down,2026-08-14T10:46:19,0.0,0.0
SPXW,2026-12-31,132,Call,7785.0,SPXW261231C07785000,257.4,258.2,257.79999999999995,257.6,8.25,3.3086,1.0,8.0,0.1446,0.5082,0.0006,18.3403,-1.0062,13.3431,257.2618,257.6,257.6,257.6,249.349998474121,down,2026-08-21T13:57:47,0.0,0.0
SPXW,2026-12-31,132,Put,7785.0,SPXW261231P07785000,272.2,273.0,272.6,278.0,0.0,0.0,0.0,1.0,0.1445,-0.492,0.0006,18.3403,-1.0062,-14.812,273.2293,0.0,0.0,0.0,286.0,up,2026-08-06T09:35:28,0.0,0.0
SPXW,2026-12-31,132,Call,7790.0,SPXW261231C07790000,254.6,255.4,255.0,261.3,14.8,6.00406,2.0,87.0,0.1443,0.5052,0.0006,18.3427,-1.0043,13.2684,254.4305,263.7,263.7,261.3,246.5,down,2026-08-21T12:12:49,0.0,0.0
SPXW,2026-12-31,132,Put,7790.0,SPXW261231P07790000,274.3,275.1,274.70000000000005,261.49,0.0,0.0,0.0,41.0,0.1442,-0.495,0.0006,18.3427,-1.0043,-14.9047,275.3175,0.0,0.0,0.0,288.149993896484,up,2026-08-19T12:37:19,0.0,0.0
SPXW,2026-12-31,132,Call,7795.0,SPXW261231C07795000,251.8,252.5,252.15,251.89,8.04,3.29711,8.0,2.0,0.144,0.5022,0.0006,18.3442,-1.0024,13.1937,251.617,256.4,256.4,251.89,243.849998474121,no_change,2026-08-21T14:12:40,0.0,0.0
SPXW,2026-12-31,132,Put,7795.0,SPXW261231P07795000,276.4,277.2,276.79999999999995,277.32,0.0,0.0,0.0,3.0,0.1439,-0.498,0.0006,18.3442,-1.0024,-14.9975,277.4235,0.0,0.0,0.0,290.300003051758,up,2026-08-18T14:13:40,0.0,0.0
SPXW,2026-12-31,132,Call,7800.0,SPXW261231C07800000,249.0,249.7,249.35,253.68,12.73,5.28325,21.0,3216.0,0.1437,0.4992,0.0006,18.3446,-1.0005,13.119,248.8212,248.36,261.0,248.36,240.950004577637,down,2026-08-21T15:59:23,0.0,0.0
SPXW,2026-12-31,132,Put,7800.0,SPXW261231P07800000,278.5,279.3,278.9,285.35,-7.15,-2.44444,3.0,577.0,0.1437,-0.501,0.0006,18.3446,-1.0005,-15.0902,279.5473,282.74,285.35,282.74,292.5,up,2026-08-21T10:37:44,0.0,0.0
SPXW,2026-12-31,132,Call,7805.0,SPXW261231C07805000,246.2,247.0,246.6,250.87,12.52,5.25278,3.0,10.0,0.1435,0.4962,0.0006,18.3441,-0.9986,13.0443,246.0432,245.0,250.87,245.0,238.349998474121,up,2026-08-21T15:59:23,0.0,0.0
SPXW,2026-12-31,132,Put,7805.0,SPXW261231P07805000,280.7,281.4,281.04999999999995,249.0,0.0,0.0,0.0,1.0,0.1434,-0.504,0.0006,18.3441,-0.9986,-15.183,281.6889,0.0,0.0,0.0,294.699996948242,up,2026-08-13T16:01:00,0.0,0.0
SPXW,2026-12-31,132,Call,7810.0,SPXW261231C07810000,243.4,244.2,243.8,259.94,0.0,0.0,0.0,150.0,0.1432,0.4932,0.0006,18.3426,-0.9966,12.9695,243.2831,0.0,0.0,0.0,235.650001525879,down,2026-08-20T11:01:09,0.0,0.0
SPXW,2026-12-31,132,Put,7810.0,SPXW261231P07810000,282.9,283.6,283.25,288.17,-8.73,-2.94038,2.0,22.0,0.1431,-0.507,0.0006,18.3426,-0.9966,-15.2758,283.8483,288.17,288.17,288.17,296.899993896484,up,2026-08-21T10:00:57,0.0,0.0
SPXW,2026-12-31,132,Call,7815.0,SPXW261231C07815000,240.7,241.5,241.1,0.0,0.0,0.0,0.0,0.0,0.1429,0.4902,0.0006,18.3402,-0.9945,12.8948,240.5409,0.0,0.0,0.0,232.950004577637,no_change,,0.0,0.0
SPXW,2026-12-31,132,Put,7815.0,SPXW261231P07815000,285.0,285.8,285.4,287.07,0.0,0.0,0.0,7.0,0.1429,-0.5101,0.0006,18.3402,-0.9945,-15.3686,286.0256,0.0,0.0,0.0,299.25,up,2026-08-18T15:58:43,0.0,0.0
SPXW,2026-12-31,132,Call,7820.0,SPXW261231C07820000,238.0,238.7,238.35,270.47,0.0,0.0,0.0,107.0,0.1426,0.4871,0.0006,18.3368,-0.9924,12.82,237.8166,0.0,0.0,0.0,230.25,no_change,2026-08-18T12:55:12,0.0,0.0
SPXW,2026-12-31,132,Put,7820.0,SPXW261231P07820000,287.2,288.0,287.6,258.22,0.0,0.0,0.0,35.0,0.1426,-0.5131,0.0006,18.3368,-0.9924,-15.4614,288.2209,0.0,0.0,0.0,301.399993896484,up,2026-08-17T11:27:03,0.0,0.0
SPXW,2026-12-31,132,Call,7825.0,SPXW261231C07825000,235.3,236.0,235.65,236.92,9.37,4.11778,6.0,142.0,0.1424,0.4841,0.0006,18.3324,-0.9902,12.7451,235.1102,236.92,236.92,236.92,227.549995422363,down,2026-08-21T13:47:27,0.0,0.0
SPXW,2026-12-31,132,Put,7825.0,SPXW261231P07825000,289.4,290.2,289.79999999999995,287.0,0.0,0.0,0.0,70.0,0.1423,-0.5162,0.0006,18.3324,-0.9902,-15.5544,290.4341,0.0,0.0,0.0,303.75,up,2026-08-11T13:12:06,0.0,0.0
SPXW,2026-12-31,132,Call,7830.0,SPXW261231C07830000,232.6,233.3,232.95,235.4,0.0,0.0,0.0,90.0,0.1422,0.481,0.0006,18.327,-0.9881,12.67,232.4219,0.0,0.0,0.0,224.849998474121,down,2026-08-20T13:24:39,0.0,0.0
SPXW,2026-12-31,132,Put,7830.0,SPXW261231P07830000,291.7,292.4,292.04999999999995,272.7,0.0,0.0,0.0,27.0,0.1421,-0.5192,0.0006,18.327,-0.9881,-15.6476,292.6653,0.0,0.0,0.0,305.899993896484,up,2026-08-12T14:46:24,0.0,0.0
SPXW,2026-12-31,132,Call,7835.0,SPXW261231C07835000,229.9,230.7,230.3,305.7,0.0,0.0,0.0,5.0,0.1419,0.4779,0.0006,18.3205,-0.9858,12.5946,229.7517,0.0,0.0,0.0,222.300003051758,down,2026-08-17T09:38:49,0.0,0.0
SPXW,2026-12-31,132,Put,7835.0,SPXW261231P07835000,293.9,294.7,294.29999999999995,264.5,0.0,0.0,0.0,144.0,0.1418,-0.5223,0.0006,18.3205,-0.9858,-15.741,294.9146,0.0,0.0,0.0,308.199996948242,down,2026-08-17T11:19:22,0.0,0.0
SPXW,2026-12-31,132,Call,7840.0,SPXW261231C07840000,227.3,228.0,227.65,303.96,0.0,0.0,0.0,149.0,0.1416,0.4749,0.0006,18.3131,-0.9836,12.5188,227.0997,0.0,0.0,0.0,219.699996948242,down,2026-08-14T13:44:55,0.0,0.0
SPXW,2026-12-31,132,Put,7840.0,SPXW261231P07840000,296.2,296.9,296.54999999999995,267.24,0.0,0.0,0.0,13.0,0.1415,-0.5254,0.0006,18.3131,-0.9836,-15.8348,297.1822,0.0,0.0,0.0,310.5,down,2026-08-14T13:44:55,0.0,0.0
SPXW,2026-12-31,132,Call,7845.0,SPXW261231C07845000,224.6,225.4,225.0,0.0,0.0,0.0,0.0,0.0,0.1414,0.4718,0.0006,18.3046,-0.9812,12.4426,224.466,0.0,0.0,0.0,217.150001525879,no_change,,0.0,0.0
SPXW,2026-12-31,132,Put,7845.0,SPXW261231P07845000,298.5,299.2,298.85,0.0,0.0,0.0,0.0,0.0,0.1413,-0.5284,0.0006,18.3046,-0.9812,-15.929,299.468,0.0,0.0,0.0,312.800003051758,no_change,,0.0,0.0
SPXW,2026-12-31,132,Call,7850.0,SPXW261231C07850000,222.0,222.8,222.4,222.91,8.31,3.87232,8.0,181.0,0.1411,0.4687,0.0006,18.295,-0.9789,12.366,221.8506,219.14,233.0,219.14,214.599998474121,down,2026-08-21T13:40:18,0.0,0.0
SPXW,2026-12-31,132,Put,7850.0,SPXW261231P07850000,300.8,301.5,301.15,301.85,-13.35,-4.2354,2.0,115.0,0.141,-0.5315,0.0006,18.295,-0.9789,-16.0237,301.7722,301.7,301.85,301.7,315.199996948242,up,2026-08-21T11:20:00,0.0,0.0
SPXW,2026-12-31,132,Call,7855.0,SPXW261231C07855000,219.4,220.2,219.8,292.8,0.0,0.0,0.0,8.0,0.1409,0.4656,0.0006,18.2843,-0.9764,12.2888,219.2538,0.0,0.0,0.0,212.0,up,2026-08-10T14:52:43,0.0,0.0
SPXW,2026-12-31,132,Put,7855.0,SPXW261231P07855000,303.1,303.9,303.5,271.5,0.0,0.0,0.0,12.0,0.1408,-0.5346,0.0006,18.2843,-0.9764,-16.119,304.095,0.0,0.0,0.0,317.600006103516,down,2026-08-17T09:37:23,0.0,0.0
SPXW,2026-12-31,132,Call,7860.0,SPXW261231C07860000,216.8,217.6,217.2,229.6,0.0,0.0,0.0,29.0,0.1406,0.4625,0.0006,18.2724,-0.974,12.211,216.6757,0.0,0.0,0.0,209.450004577637,down,2026-08-20T11:28:43,0.0,0.0
SPXW,2026-12-31,132,Put,7860.0,SPXW261231P07860000,305.4,306.2,305.79999999999995,311.7,0.0,0.0,0.0,33.0,0.1405,-0.5377,0.0006,18.2724,-0.974,-16.2148,306.4364,0.0,0.0,0.0,319.949996948242,down,2026-08-06T15:53:12,0.0,0.0
SPXW,2026-12-31,132,Call,7865.0,SPXW261231C07865000,214.3,215.0,214.65,0.0,0.0,0.0,0.0,0.0,0.1404,0.4594,0.0006,18.2595,-0.9715,12.1326,214.1163,0.0,0.0,0.0,206.849998474121,no_change,,0.0,0.0
SPXW,2026-12-31,132,Put,7865.0,SPXW261231P07865000,307.8,308.6,308.20000000000005,313.9,0.0,0.0,0.0,8.0,0.1403,-0.5408,0.0006,18.2595,-0.9715,-16.3112,308.7965,0.0,0.0,0.0,322.300003051758,up,2026-08-06T15:53:12,0.0,0.0
SPXW,2026-12-31,132,Call,7870.0,SPXW261231C07870000,211.7,212.5,212.1,226.1,0.0,0.0,0.0,81.0,0.1401,0.4563,0.0006,18.2453,-0.9689,12.0536,211.5758,0.0,0.0,0.0,204.400001525879,down,2026-08-20T11:06:24,0.0,0.0
SPXW,2026-12-31,132,Put,7870.0,SPXW261231P07870000,310.2,310.9,310.54999999999995,441.6,0.0,0.0,0.0,22.0,0.14,-0.5439,0.0006,18.2453,-0.9689,-16.4082,311.1756,0.0,0.0,0.0,324.75,down,2026-07-31T09:40:10,0.0,0.0
SPXW,2026-12-31,132,Call,7875.0,SPXW261231C07875000,209.2,210.0,209.6,200.0,0.0,0.0,0.0,45.0,0.1399,0.4532,0.0006,18.2301,-0.9663,11.9742,209.0543,0.0,0.0,0.0,201.950004577637,down,2026-08-20T16:09:18,0.0,0.0
SPXW,2026-12-31,132,Put,7875.0,SPXW261231P07875000,312.6,313.3,312.95000000000005,290.94,0.0,0.0,0.0,98.0,0.1398,-0.547,0.0006,18.2301,-0.9663,-16.5057,313.5736,0.0,0.0,0.0,327.199996948242,down,2026-08-19T12:21:52,0.0,0.0
SPXW,2026-12-31,132,Call,7880.0,SPXW261231C07880000,206.7,207.4,207.05,209.8,10.25,5.13656,1.0,46.0,0.1396,0.4501,0.0006,18.2136,-0.9637,11.8943,206.5519,209.8,209.8,209.8,199.549995422363,down,2026-08-21T15:53:20,0.0,0.0
SPXW,2026-12-31,132,Put,7880.0,SPXW261231P07880000,315.0,315.8,315.4,311.2,0.0,0.0,0.0,86.0,0.1395,-0.5502,0.0006,18.2136,-0.9637,-16.6037,315.9907,0.0,0.0,0.0,329.649993896484,down,2026-08-04T16:09:57,0.0,0.0
SPXW,2026-12-31,132,Call,7885.0,SPXW261231C07885000,204.2,205.0,204.6,281.95,0.0,0.0,0.0,4.0,0.1394,0.447,0.0006,18.196,-0.961,11.8139,204.0686,0.0,0.0,0.0,197.099998474121,up,2026-08-14T15:28:35,0.0,0.0
SPXW,2026-12-31,132,Put,7885.0,SPXW261231P07885000,317.5,318.2,317.85,0.0,0.0,0.0,0.0,0.0,0.1393,-0.5533,0.0006,18.196,-0.961,-16.7021,318.4271,0.0,0.0,0.0,332.25,no_change,,0.0,0.0
SPXW,2026-12-31,132,Call,7890.0,SPXW261231C07890000,201.7,202.5,202.1,205.5,10.95,5.62837,2.0,75.0,0.1391,0.4438,0.0006,18.1773,-0.9583,11.7335,201.6046,204.2,205.5,204.2,194.550003051758,up,2026-08-21T15:39:05,0.0,0.0
SPXW,2026-12-31,132,Put,7890.0,SPXW261231P07890000,319.9,320.7,320.29999999999995,476.6,0.0,0.0,0.0,8.0,0.1391,-0.5564,0.0006,18.1773,-0.9583,-16.8005,320.8826,0.0,0.0,0.0,334.649993896484,down,2026-06-22T12:44:08,0.0,0.0
SPXW,2026-12-31,132,Call,7895.0,SPXW261231C07895000,199.3,200.1,199.7,256.3,0.0,0.0,0.0,5.0,0.1389,0.4407,0.0006,18.1574,-0.9555,11.6528,199.1599,0.0,0.0,0.0,192.150001525879,down,2026-08-17T15:31:36,0.0,0.0
SPXW,2026-12-31,132,Put,7895.0,SPXW261231P07895000,322.4,323.1,322.75,282.7,0.0,0.0,0.0,7.0,0.1388,-0.5595,0.0006,18.1574,-0.9555,-16.8993,323.3575,0.0,0.0,0.0,337.149993896484,down,2026-08-13T15:31:48,0.0,0.0
SPXW,2026-12-31,132,Call,7900.0,SPXW261231C07900000,196.9,197.6,197.25,202.96,13.11,6.90545,24.0,1354.0,0.1387,0.4376,0.0006,18.1365,-0.9527,11.5721,196.7345,207.82,207.82,197.76,189.849998474121,up,2026-08-21T15:48:04,0.0,0.0
SPXW,2026-12-31,132,Put,7900.0,SPXW261231P07900000,324.9,325.6,325.25,326.73,0.0,0.0,0.0,506.0,0.1386,-0.5627,0.0006,18.1365,-0.9527,-16.9981,325.8516,0.0,0.0,0.0,339.699996948242,up,2026-08-20T10:28:14,0.0,0.0
SPXW,2026-12-31,132,Call,7905.0,SPXW261231C07905000,194.5,195.2,194.85,217.5,0.0,0.0,0.0,8.0,0.1384,0.4344,0.0006,18.1145,-0.9498,11.4914,194.3284,0.0,0.0,0.0,187.5,down,2026-08-18T16:02:24,0.0,0.0
SPXW,2026-12-31,132,Put,7905.0,SPXW261231P07905000,327.4,328.1,327.75,286.8,0.0,0.0,0.0,2.0,0.1384,-0.5658,0.0006,18.1145,-0.9498,-17.0968,328.3651,0.0,0.0,0.0,342.25,down,2026-08-13T15:31:48,0.0,0.0
SPXW,2026-12-31,132,Call,7910.0,SPXW261231C07910000,192.1,192.8,192.45,219.98,0.0,0.0,0.0,39.0,0.1382,0.4313,0.0006,18.0914,-0.9469,11.4108,191.9416,0.0,0.0,0.0,185.150001525879,up,2026-08-19T14:47:22,0.0,0.0
SPXW,2026-12-31,132,Put,7910.0,SPXW261231P07910000,329.9,330.7,330.29999999999995,307.59,0.0,0.0,0.0,16.0,0.1381,-0.569,0.0006,18.0914,-0.9469,-17.1954,330.8978,0.0,0.0,0.0,344.800003051758,up,2026-08-12T16:01:54,0.0,0.0
SPXW,2026-12-31,132,Call,7915.0,SPXW261231C07915000,189.7,190.4,190.05,219.1,0.0,0.0,0.0,20.0,0.138,0.4281,0.0006,18.0674,-0.9439,11.3305,189.5741,0.0,0.0,0.0,182.799995422363,no_change,2026-08-18T12:50:02,0.0,0.0
SPXW,2026-12-31,132,Put,7915.0,SPXW261231P07915000,332.5,333.2,332.85,330.9,-16.6,-4.77698,12.0,6.0,0.1379,-0.5721,0.0006,18.0674,-0.9439,-17.2938,333.4498,330.3,330.9,330.3,347.5,up,2026-08-21T11:01:28,0.0,0.0
SPXW,2026-12-31,132,Call,7920.0,SPXW261231C07920000,187.4,188.1,187.75,242.66,0.0,0.0,0.0,50.0,0.1378,0.425,0.0006,18.0423,-0.9409,11.2503,187.2258,0.0,0.0,0.0,180.449996948242,down,2026-08-17T15:44:57,0.0,0.0
SPXW,2026-12-31,132,Put,7920.0,SPXW261231P07920000,335.0,335.8,335.4,334.9,-15.1,-4.31429,12.0,22.0,0.1377,-0.5752,0.0006,18.0423,-0.9409,-17.392,336.021,332.8,334.9,332.8,350.0,up,2026-08-21T11:10:45,0.0,0.0
SPXW,2026-12-31,132,Call,7925.0,SPXW261231C07925000,185.0,185.8,185.4,184.68,6.43,3.60729,2.0,31.0,0.1375,0.4218,0.0006,18.0162,-0.9379,11.1704,184.8966,184.68,184.68,184.68,178.25,down,2026-08-21T14:09:58,0.0,0.0
SPXW,2026-12-31,132,Put,7925.0,SPXW261231P07925000,337.6,338.4,338.0,341.82,-10.88,-3.08477,6.0,204.0,0.1374,-0.5784,0.0006,18.0162,-0.9379,-17.4899,338.6114,341.82,341.82,341.82,352.699996948242,down,2026-08-21T09:33:34,0.0,0.0
SPXW,2026-12-31,132,Call,7930.0,SPXW261231C07930000,182.7,183.4,183.05,108.3,0.0,0.0,0.0,68.0,0.1373,0.4187,0.0006,17.9892,-0.9348,11.0907,182.5866,0.0,0.0,0.0,175.900001525879,down,2026-07-29T14:18:14,0.0,0.0
SPXW,2026-12-31,132,Put,7930.0,SPXW261231P07930000,340.2,341.0,340.6,451.4,0.0,0.0,0.0,28.0,0.1372,-0.5815,0.0006,17.9892,-0.9348,-17.5877,341.221,0.0,0.0,0.0,355.349990844727,down,2026-07-14T12:14:04,0.0,0.0
SPXW,2026-12-31,132,Call,7935.0,SPXW261231C07935000,180.4,181.1,180.75,268.7,0.0,0.0,0.0,9.0,0.137,0.4155,0.0006,17.9611,-0.9316,11.0112,180.2957,0.0,0.0,0.0,173.75,up,2026-08-14T09:51:32,0.0,0.0
SPXW,2026-12-31,132,Put,7935.0,SPXW261231P07935000,342.9,343.6,343.25,347.12,0.0,0.0,0.0,2.0,0.137,-0.5847,0.0006,17.9611,-0.9316,-17.6853,343.8496,0.0,0.0,0.0,358.050003051758,down,2026-08-20T12:16:45,0.0,0.0
SPXW,2026-12-31,132,Call,7940.0,SPXW261231C07940000,178.1,178.9,178.5,245.6,0.0,0.0,0.0,123.0,0.1367,0.4124,0.0006,17.9321,-0.9284,10.9317,178.0239,0.0,0.0,0.0,171.5,up,2026-08-17T09:41:02,0.0,0.0
SPXW,2026-12-31,132,Put,7940.0,SPXW261231P07940000,345.5,346.2,345.85,520.3,0.0,0.0,0.0,8.0,0.1368,-0.5878,0.0006,17.9321,-0.9284,-17.7828,346.4974,0.0,0.0,0.0,360.699996948242,down,2026-07-23T10:17:32,0.0,0.0
SPXW,2026-12-31,132,Call,7945.0,SPXW261231C07945000,175.9,176.6,176.25,0.0,0.0,0.0,0.0,0.0,0.1366,0.4092,0.0006,17.902,-0.9252,10.8522,175.7712,0.0,0.0,0.0,169.300003051758,no_change,,0.0,0.0
SPXW,2026-12-31,132,Put,7945.0,SPXW261231P07945000,348.2,348.9,348.54999999999995,306.4,0.0,0.0,0.0,29.0,0.1366,-0.591,0.0006,17.902,-0.9252,-17.8803,349.1642,0.0,0.0,0.0,363.449996948242,up,2026-08-13T11:07:53,0.0,0.0
SPXW,2026-12-31,132,Call,7950.0,SPXW261231C07950000,173.6,174.4,174.0,179.1,12.0,7.18133,2.0,3609.0,0.1364,0.4061,0.0006,17.8708,-0.922,10.7727,173.5375,179.1,179.1,179.1,167.099998474121,up,2026-08-21T13:00:01,0.0,0.0
SPXW,2026-12-31,132,Put,7950.0,SPXW261231P07950000,350.8,351.6,351.20000000000005,351.38,-14.72,-4.02076,12.0,578.0,0.1364,-0.5942,0.0006,17.8708,-0.922,-17.9779,351.8501,357.15,357.15,348.57,366.100006103516,up,2026-08-21T16:05:15,0.0,0.0
SPXW,2026-12-31,132,Call,7955.0,SPXW261231C07955000,171.4,172.1,171.75,0.0,0.0,0.0,0.0,0.0,0.1362,0.4029,0.0006,17.8386,-0.9187,10.6929,171.3229,0.0,0.0,0.0,164.900001525879,no_change,,0.0,0.0
SPXW,2026-12-31,132,Put,7955.0,SPXW261231P07955000,353.5,354.3,353.9,372.0,0.0,0.0,0.0,7.0,0.1361,-0.5973,0.0006,17.8386,-0.9187,-18.0757,354.555,0.0,0.0,0.0,368.849990844727,up,2026-08-20T15:55:39,0.0,0.0
SPXW,2026-12-31,132,Call,7960.0,SPXW261231C07960000,169.2,169.9,169.55,102.78,0.0,0.0,0.0,30.0,0.1359,0.3998,0.0006,17.8052,-0.9153,10.6129,169.1275,0.0,0.0,0.0,162.700004577637,down,2026-07-29T15:16:13,0.0,0.0
SPXW,2026-12-31,132,Put,7960.0,SPXW261231P07960000,356.3,357.0,356.65,319.61,0.0,0.0,0.0,33.0,0.1359,-0.6005,0.0006,17.8052,-0.9153,-18.1738,357.2791,0.0,0.0,0.0,371.600006103516,up,2026-08-13T11:57:31,0.0,0.0
SPXW,2026-12-31,132,Call,7970.0,SPXW261231C07970000,164.9,165.6,165.25,165.15,6.65,4.19558,1.0,23.0,0.1355,0.3934,0.0006,17.7348,-0.9085,10.4518,164.7942,165.15,165.15,165.15,158.5,up,2026-08-21T09:45:20,0.0,0.0
SPXW,2026-12-31,132,Put,7970.0,SPXW261231P07970000,361.8,362.5,362.15,364.95,-12.25,-3.24761,1.0,17.0,0.1355,-0.6068,0.0006,17.7348,-0.9085,-18.3709,362.7849,364.95,364.95,364.95,377.199996948242,down,2026-08-21T09:45:20,0.0,0.0
SPXW,2026-12-31,132,Call,7975.0,SPXW261231C07975000,162.7,163.5,163.1,162.91,6.51,4.1624,2.0,58.0,0.1353,0.3903,0.0006,17.6977,-0.905,10.3707,162.6564,162.91,162.91,162.91,156.400001525879,down,2026-08-21T14:13:29,0.0,0.0
SPXW,2026-12-31,132,Put,7975.0,SPXW261231P07975000,364.5,365.3,364.9,357.82,0.0,0.0,0.0,872.0,0.1353,-0.6099,0.0006,17.6977,-0.905,-18.4701,365.5667,0.0,0.0,0.0,380.0,up,2026-08-18T13:16:41,0.0,0.0
SPXW,2026-12-31,132,Call,7980.0,SPXW261231C07980000,160.6,161.3,160.95,156.61,0.0,0.0,0.0,8210.0,0.1351,0.3872,0.0006,17.6594,-0.9015,10.2892,160.5379,0.0,0.0,0.0,154.300003051758,up,2026-08-20T15:18:09,0.0,0.0
SPXW,2026-12-31,132,Put,7980.0,SPXW261231P07980000,367.3,368.1,367.70000000000005,346.03,0.0,0.0,0.0,14.0,0.1351,-0.6131,0.0006,17.6594,-0.9015,-18.5697,368.3678,0.0,0.0,0.0,382.949996948242,up,2026-08-12T11:54:21,0.0,0.0
SPXW,2026-12-31,132,Call,7985.0,SPXW261231C07985000,158.5,159.2,158.85,125.4,0.0,0.0,0.0,205.0,0.1349,0.384,0.0006,17.6198,-0.898,10.2072,158.4388,0.0,0.0,0.0,152.200004577637,down,2026-08-03T09:41:28,0.0,0.0
SPXW,2026-12-31,132,Put,7985.0,SPXW261231P07985000,370.2,370.9,370.54999999999995,322.2,0.0,0.0,0.0,24.0,0.1349,-0.6162,0.0006,17.6198,-0.898,-18.6697,371.1882,0.0,0.0,0.0,385.650009155273,down,2026-08-13T15:40:01,0.0,0.0
SPXW,2026-12-31,132,Call,7990.0,SPXW261231C07990000,156.4,157.1,156.75,177.01,0.0,0.0,0.0,8632.0,0.1346,0.3808,0.0006,17.5789,-0.8944,10.125,156.3592,0.0,0.0,0.0,150.199996948242,down,2026-08-18T14:10:30,0.0,0.0
SPXW,2026-12-31,132,Put,7990.0,SPXW261231P07990000,373.0,373.7,373.35,324.61,0.0,0.0,0.0,25.0,0.1347,-0.6194,0.0006,17.5789,-0.8944,-18.7699,374.0281,0.0,0.0,0.0,388.600006103516,down,2026-08-13T15:28:36,0.0,0.0
SPXW,2026-12-31,132,Call,7995.0,SPXW261231C07995000,154.3,155.1,154.7,231.4,0.0,0.0,0.0,115.0,0.1345,0.3777,0.0006,17.5367,-0.8907,10.0426,154.2989,0.0,0.0,0.0,148.199996948242,up,2026-08-04T15:41:04,0.0,0.0
SPXW,2026-12-31,132,Put,7995.0,SPXW261231P07995000,375.8,376.6,376.20000000000005,327.01,0.0,0.0,0.0,19.0,0.1345,-0.6225,0.0006,17.5367,-0.8907,-18.8704,376.8874,0.0,0.0,0.0,391.5,down,2026-08-13T15:28:36,0.0,0.0
SPXW,2026-12-31,132,Call,8000.0,SPXW261231C08000000,152.3,153.0,152.65,153.5,7.35,5.02908,217.0,12165.0,0.1343,0.3746,0.0006,17.4934,-0.887,9.9602,152.2581,153.22,160.0,149.49,146.149993896484,no_change,2026-08-21T16:06:17,0.0,0.0
SPXW,2026-12-31,132,Put,8000.0,SPXW261231P08000000,378.7,379.5,379.1,358.61,0.0,0.0,0.0,1168.0,0.1343,-0.6257,0.0006,17.4934,-0.887,-18.9708,379.7661,0.0,0.0,0.0,394.399993896484,down,2026-08-19T11:43:47,0.0,0.0
SPXW,2026-12-31,132,Call,8005.0,SPXW261231C08005000,150.3,151.0,150.65,172.1,0.0,0.0,0.0,101.0,0.134,0.3714,0.0006,17.4489,-0.8833,9.8778,150.2366,0.0,0.0,0.0,144.199996948242,down,2026-08-18T11:19:48,0.0,0.0
SPXW,2026-12-31,132,Put,8005.0,SPXW261231P08005000,381.6,382.3,381.95000000000005,436.4,0.0,0.0,0.0,38.0,0.1341,-0.6288,0.0006,17.4489,-0.8833,-19.0714,382.6642,0.0,0.0,0.0,397.349990844727,down,2026-08-03T14:59:37,0.0,0.0
SPXW,2026-12-31,132,Call,8010.0,SPXW261231C08010000,148.3,149.0,148.65,152.52,10.32,7.25739,2.0,11196.0,0.1338,0.3683,0.0006,17.4032,-0.8796,9.7954,148.2345,153.6,153.6,152.52,142.199996948242,down,2026-08-21T12:47:35,0.0,0.0
SPXW,2026-12-31,132,Put,8010.0,SPXW261231P08010000,384.5,385.3,384.9,496.1,0.0,0.0,0.0,17.0,0.1339,-0.6319,0.0006,17.4032,-0.8796,-19.1717,385.5816,0.0,0.0,0.0,400.349990844727,down,2026-07-22T13:09:10,0.0,0.0
SPXW,2026-12-31,132,Call,8015.0,SPXW261231C08015000,146.3,147.0,146.65,253.21,0.0,0.0,0.0,150.0,0.1336,0.3652,0.0006,17.3566,-0.8758,9.7134,146.2516,0.0,0.0,0.0,140.300003051758,up,2026-08-05T09:39:54,0.0,0.0
SPXW,2026-12-31,132,Put,8015.0,SPXW261231P08015000,387.4,388.2,387.79999999999995,409.5,0.0,0.0,0.0,14.0,0.1337,-0.6351,0.0006,17.3566,-0.8758,-19.2718,388.5183,0.0,0.0,0.0,403.349990844727,down,2026-08-20T15:59:44,0.0,0.0
SPXW,2026-12-31,132,Call,8020.0,SPXW261231C08020000,144.3,145.0,144.65,210.46,0.0,0.0,0.0,10270.0,0.1335,0.362,0.0006,17.3089,-0.8719,9.6317,144.2879,0.0,0.0,0.0,138.349998474121,up,2026-08-07T12:08:44,0.0,0.0
SPXW,2026-12-31,132,Put,8020.0,SPXW261231P08020000,390.4,391.1,390.75,389.4,0.0,0.0,0.0,14.0,0.1335,-0.6382,0.0006,17.3089,-0.8719,-19.3715,391.4741,0.0,0.0,0.0,406.349990844727,up,2026-08-20T09:31:12,0.0,0.0
SPXW,2026-12-31,132,Call,8025.0,SPXW261231C08025000,142.3,143.0,142.65,138.05,0.0,0.0,0.0,561.0,0.1333,0.3589,0.0006,17.2604,-0.8681,9.5504,142.3432,0.0,0.0,0.0,136.400001525879,down,2026-08-20T15:05:11,0.0,0.0
SPXW,2026-12-31,132,Put,8025.0,SPXW261231P08025000,393.4,394.1,393.75,506.66,0.0,0.0,0.0,210.0,0.1333,-0.6413,0.0006,17.2604,-0.8681,-19.4709,394.449,0.0,0.0,0.0,409.349990844727,no_change,2026-07-22T13:12:25,0.0,0.0
SPXW,2026-12-31,132,Call,8030.0,SPXW261231C08030000,140.4,141.1,140.75,214.09,0.0,0.0,0.0,11747.0,0.1331,0.3558,0.0006,17.2109,-0.8642,9.4696,140.4175,0.0,0.0,0.0,134.5,no_change,2026-08-14T10:37:31,0.0,0.0
SPXW,2026-12-31,132,Put,8030.0,SPXW261231P08030000,396.4,397.1,396.75,376.4,0.0,0.0,0.0,24.0,0.1332,-0.6444,0.0006,17.2109,-0.8642,-19.5698,397.4428,0.0,0.0,0.0,412.349990844727,down,2026-08-07T13:24:37,0.0,0.0
SPXW,2026-12-31,132,Call,8035.0,SPXW261231C08035000,138.5,139.2,138.85,140.01,0.0,0.0,0.0,56.0,0.1329,0.3527,0.0006,17.1606,-0.8602,9.3892,138.5106,0.0,0.0,0.0,132.650001525879,up,2026-08-03T15:22:55,0.0,0.0
SPXW,2026-12-31,132,Put,8035.0,SPXW261231P08035000,399.4,400.1,399.75,639.01,0.0,0.0,0.0,4.0,0.1329,-0.6475,0.0006,17.1606,-0.8602,-19.6682,400.4555,0.0,0.0,0.0,415.349990844727,down,2026-06-26T15:12:57,0.0,0.0
SPXW,2026-12-31,132,Call,8040.0,SPXW261231C08040000,136.6,137.3,136.95,156.5,0.0,0.0,0.0,42583.0,0.1328,0.3496,0.0006,17.1095,-0.8562,9.3092,136.6224,0.0,0.0,0.0,130.800003051758,down,2026-08-18T15:41:40,0.0,0.0
SPXW,2026-12-31,132,Put,8040.0,SPXW261231P08040000,402.4,403.1,402.75,383.91,0.0,0.0,0.0,33.0,0.1327,-0.6506,0.0006,17.1095,-0.8562,-19.7662,403.4868,0.0,0.0,0.0,418.399993896484,down,2026-08-19T13:40:56,0.0,0.0
SPXW,2026-12-31,132,Call,8045.0,SPXW261231C08045000,134.7,135.4,135.05,186.98,0.0,0.0,0.0,72.0,0.1326,0.3465,0.0006,17.0576,-0.8522,9.2296,134.7528,0.0,0.0,0.0,129.0,up,2026-08-07T14:57:07,0.0,0.0
SPXW,2026-12-31,132,Put,8045.0,SPXW261231P08045000,405.4,406.2,405.79999999999995,372.59,0.0,0.0,0.0,18.0,0.1326,-0.6538,0.0006,17.0576,-0.8522,-19.8639,406.5368,0.0,0.0,0.0,421.5,down,2026-08-10T11:56:25,0.0,0.0
SPXW,2026-12-31,132,Call,8050.0,SPXW261231C08050000,132.9,133.6,133.25,130.32,3.17,2.49312,3.0,32461.0,0.1323,0.3434,0.0006,17.0048,-0.8481,9.1502,132.9017,133.77,133.77,130.32,127.150001525879,down,2026-08-21T10:46:16,0.0,0.0
SPXW,2026-12-31,132,Put,8050.0,SPXW261231P08050000,408.5,409.2,408.85,402.7,-21.95,-5.16896,8.0,523.0,0.1324,-0.6568,0.0006,17.0048,-0.8481,-19.9613,409.6052,402.7,402.7,402.7,424.650009155273,up,2026-08-21T12:21:09,0.0,0.0
SPXW,2026-12-31,132,Call,8055.0,SPXW261231C08055000,131.0,131.7,131.35,181.6,0.0,0.0,0.0,98.0,0.1322,0.3403,0.0006,16.9512,-0.844,9.0711,131.0691,0.0,0.0,0.0,125.349998474121,no_change,2026-08-12T15:45:46,0.0,0.0
SPXW,2026-12-31,132,Put,8055.0,SPXW261231P08055000,411.6,412.3,411.95000000000005,381.2,0.0,0.0,0.0,43.0,0.1322,-0.6599,0.0006,16.9512,-0.844,-20.0585,412.6921,0.0,0.0,0.0,427.650009155273,up,2026-08-10T10:06:43,0.0,0.0
SPXW,2026-12-31,132,Call,8060.0,SPXW261231C08060000,129.2,129.9,129.55,192.3,0.0,0.0,0.0,14738.0,0.132,0.3372,0.0006,16.8967,-0.8399,8.992,129.2547,0.0,0.0,0.0,123.600002288818,up,2026-08-10T10:04:16,0.0,0.0
SPXW,2026-12-31,132,Put,8060.0,SPXW261231P08060000,414.7,415.4,415.04999999999995,437.4,0.0,0.0,0.0,7.0,0.132,-0.663,0.0006,16.8967,-0.8399,-20.1556,415.7974,0.0,0.0,0.0,430.949996948242,up,2026-08-20T15:59:44,0.0,0.0
SPXW,2026-12-31,132,Call,8065.0,SPXW261231C08065000,127.4,128.1,127.75,187.0,0.0,0.0,0.0,60.0,0.1319,0.3341,0.0006,16.8412,-0.8358,8.913,127.4587,0.0,0.0,0.0,121.799999237061,up,2026-08-05T15:21:35,0.0,0.0
SPXW,2026-12-31,132,Put,8065.0,SPXW261231P08065000,417.8,418.5,418.15,474.3,0.0,0.0,0.0,16.0,0.1318,-0.6661,0.0006,16.8412,-0.8358,-20.2527,418.9209,0.0,0.0,0.0,434.050003051758,down,2026-08-03T15:54:00,0.0,0.0
SPXW,2026-12-31,132,Call,8070.0,SPXW261231C08070000,125.6,126.3,125.94999999999999,145.47,0.0,0.0,0.0,28806.0,0.1317,0.3311,0.0006,16.7847,-0.8316,8.8338,125.681,0.0,0.0,0.0,120.049999237061,down,2026-08-18T11:02:02,0.0,0.0
SPXW,2026-12-31,132,Put,8070.0,SPXW261231P08070000,420.9,421.7,421.29999999999995,444.3,0.0,0.0,0.0,33.0,0.1317,-0.6692,0.0006,16.7847,-0.8316,-20.3499,422.0627,0.0,0.0,0.0,437.149993896484,up,2026-08-20T15:59:45,0.0,0.0
SPXW,2026-12-31,132,Call,8075.0,SPXW261231C08075000,123.8,124.5,124.15,200.84,0.0,0.0,0.0,108.0,0.1315,0.328,0.0006,16.7271,-0.8274,8.7545,123.9216,0.0,0.0,0.0,118.349998474121,up,2026-08-14T10:06:07,0.0,0.0
SPXW,2026-12-31,132,Put,8075.0,SPXW261231P08075000,424.1,424.8,424.45000000000005,423.0,0.0,0.0,0.0,203.0,0.1315,-0.6722,0.0006,16.7271,-0.8274,-20.4472,425.2228,0.0,0.0,0.0,440.400009155273,up,2026-08-20T11:25:48,0.0,0.0
SPXW,2026-12-31,132,Call,8080.0,SPXW261231C08080000,122.1,122.8,122.44999999999999,124.67,8.12,6.96697,6.0,12968.0,0.1313,0.325,0.0006,16.6684,-0.8231,8.675,122.1804,121.5,124.67,121.5,116.549999237061,up,2026-08-21T14:59:36,0.0,0.0
SPXW,2026-12-31,132,Put,8080.0,SPXW261231P08080000,427.3,428.0,427.65,449.7,0.0,0.0,0.0,22.0,0.1314,-0.6753,0.0006,16.6684,-0.8231,-20.5448,428.4012,0.0,0.0,0.0,443.599990844727,up,2026-08-20T15:59:43,0.0,0.0
SPXW,2026-12-31,132,Call,8085.0,SPXW261231C08085000,120.4,121.0,120.7,142.9,0.0,0.0,0.0,22.0,0.1311,0.3219,0.0006,16.6084,-0.8188,8.5953,120.4574,0.0,0.0,0.0,115.0,no_change,2026-08-18T11:49:08,0.0,0.0
SPXW,2026-12-31,132,Put,8085.0,SPXW261231P08085000,430.4,431.2,430.79999999999995,425.2,0.0,0.0,0.0,12.0,0.1312,-0.6783,0.0006,16.6084,-0.8188,-20.6426,431.5977,0.0,0.0,0.0,446.800003051758,down,2026-08-06T15:42:28,0.0,0.0
SPXW,2026-12-31,132,Call,8090.0,SPXW261231C08090000,118.7,119.3,119.0,123.23,0.0,0.0,0.0,17926.0,0.1309,0.3189,0.0006,16.5473,-0.8145,8.5154,118.7526,0.0,0.0,0.0,113.299999237061,up,2026-08-20T12:16:45,0.0,0.0
SPXW,2026-12-31,132,Put,8090.0,SPXW261231P08090000,433.7,434.4,434.04999999999995,410.9,0.0,0.0,0.0,1.0,0.131,-0.6814,0.0006,16.5473,-0.8145,-20.7405,434.8125,0.0,0.0,0.0,450.050003051758,down,2026-08-05T14:05:00,0.0,0.0
SPXW,2026-12-31,132,Call,8095.0,SPXW261231C08095000,117.0,117.6,117.3,83.4,0.0,0.0,0.0,87.0,0.1308,0.3158,0.0006,16.485,-0.8102,8.4353,117.0661,0.0,0.0,0.0,111.600002288818,up,2026-07-24T11:32:37,0.0,0.0
SPXW,2026-12-31,132,Put,8095.0,SPXW261231P08095000,436.9,437.6,437.25,433.0,-20.45,-4.50987,3.0,3.0,0.1308,-0.6844,0.0006,16.485,-0.8102,-20.8386,438.0455,433.0,433.0,433.0,453.449996948242,down,2026-08-21T12:13:45,0.0,0.0
SPXW,2026-12-31,132,Call,8100.0,SPXW261231C08100000,115.3,116.0,115.65,116.3,6.3,5.72727,22.0,41210.0,0.1307,0.3128,0.0006,16.4214,-0.8058,8.3552,115.3977,114.0,118.6,113.01,110.0,down,2026-08-21T16:01:39,0.0,0.0
SPXW,2026-12-31,132,Put,8100.0,SPXW261231P08100000,440.1,440.9,440.5,436.0,-21.0,-4.59519,3.0,309.0,0.1307,-0.6874,0.0006,16.4214,-0.8058,-20.9367,441.2967,436.0,436.0,436.0,457.0,up,2026-08-21T12:16:10,0.0,0.0
SPXW,2026-12-31,132,Call,8105.0,SPXW261231C08105000,113.6,114.3,113.94999999999999,161.9,0.0,0.0,0.0,45.0,0.1305,0.3098,0.0006,16.3568,-0.8014,8.2753,113.7475,0.0,0.0,0.0,108.399997711182,down,2026-08-12T13:00:16,0.0,0.0
SPXW,2026-12-31,132,Put,8105.0,SPXW261231P08105000,443.4,444.1,443.75,382.7,0.0,0.0,0.0,5.0,0.1305,-0.6904,0.0006,16.3568,-0.8014,-21.0347,444.566,0.0,0.0,0.0,460.350006103516,down,2026-08-13T15:59:20,0.0,0.0
SPXW,2026-12-31,132,Call,8110.0,SPXW261231C08110000,112.0,112.7,112.35,114.58,7.78,7.28465,3.0,16045.0,0.1304,0.3068,0.0006,16.291,-0.7969,8.1954,112.1153,115.82,115.82,114.58,106.799999237061,down,2026-08-21T13:20:33,0.0,0.0
SPXW,2026-12-31,132,Put,8110.0,SPXW261231P08110000,446.7,447.4,447.04999999999995,445.43,-18.22,-3.92969,3.0,15.0,0.1304,-0.6934,0.0006,16.291,-0.7969,-21.1326,447.8534,442.9,445.43,442.9,463.649993896484,up,2026-08-21T13:20:33,0.0,0.0
SPXW,2026-12-31,132,Call,8115.0,SPXW261231C08115000,110.4,111.0,110.7,113.27,8.17,7.77355,200.0,712.0,0.1301,0.3038,0.0006,16.2242,-0.7924,8.1158,110.501,112.78,113.29,112.78,105.099998474121,no_change,2026-08-21T11:33:13,0.0,0.0
SPXW,2026-12-31,132,Put,8115.0,SPXW261231P08115000,450.0,450.7,450.35,579.4,0.0,0.0,0.0,1.0,0.1302,-0.6964,0.0006,16.2242,-0.7924,-21.2303,451.1586,0.0,0.0,0.0,466.950012207031,down,2026-06-15T10:49:21,0.0,0.0
SPXW,2026-12-31,132,Call,8120.0,SPXW261231C08120000,108.8,109.4,109.1,166.95,0.0,0.0,0.0,23782.0,0.13,0.3009,0.0006,16.1564,-0.788,8.0367,108.9045,0.0,0.0,0.0,103.650001525879,up,2026-08-11T10:55:39,0.0,0.0
SPXW,2026-12-31,132,Put,8120.0,SPXW261231P08120000,451.9,455.8,453.85,441.8,0.0,0.0,0.0,19.0,0.1302,-0.6994,0.0006,16.1564,-0.788,-21.3275,454.4817,0.0,0.0,0.0,470.350006103516,up,2026-08-18T13:29:38,0.0,0.0
SPXW,2026-12-31,132,Call,8125.0,SPXW261231C08125000,107.2,107.9,107.55000000000001,111.31,9.26,9.07398,8.0,292.0,0.1298,0.2979,0.0006,16.0878,-0.7834,7.958,107.3258,111.78,111.78,111.31,102.049999237061,down,2026-08-21T12:31:20,0.0,0.0
SPXW,2026-12-31,132,Put,8125.0,SPXW261231P08125000,455.2,459.1,457.15,402.8,0.0,0.0,0.0,244.0,0.13,-0.7023,0.0006,16.0878,-0.7834,-21.4242,457.8225,0.0,0.0,0.0,473.75,down,2026-08-14T15:18:08,0.0,0.0
SPXW,2026-12-31,132,Call,8130.0,SPXW261231C08130000,105.6,106.3,105.94999999999999,134.85,0.0,0.0,0.0,28181.0,0.1298,0.2949,0.0006,16.0185,-0.7789,7.8799,105.7645,0.0,0.0,0.0,100.600002288818,down,2026-08-19T11:23:52,0.0,0.0
SPXW,2026-12-31,132,Put,8130.0,SPXW261231P08130000,458.5,462.5,460.5,565.7,0.0,0.0,0.0,2.0,0.1299,-0.7053,0.0006,16.0185,-0.7789,-21.5203,461.1808,0.0,0.0,0.0,477.099990844727,down,2026-07-06T15:27:04,0.0,0.0
SPXW,2026-12-31,132,Call,8135.0,SPXW261231C08135000,104.1,104.7,104.4,133.05,0.0,0.0,0.0,35.0,0.1295,0.292,0.0006,15.9485,-0.7743,7.8025,104.2207,0.0,0.0,0.0,99.1000022888184,up,2026-08-19T11:23:52,0.0,0.0
SPXW,2026-12-31,132,Put,8135.0,SPXW261231P08135000,461.9,465.9,463.9,590.1,0.0,0.0,0.0,4.0,0.1298,-0.7082,0.0006,15.9485,-0.7743,-21.6158,464.5565,0.0,0.0,0.0,480.5,down,2026-06-22T10:12:32,0.0,0.0
SPXW,2026-12-31,132,Call,8140.0,SPXW261231C08140000,102.6,103.2,102.9,159.77,0.0,0.0,0.0,20379.0,0.1294,0.2891,0.0006,15.8779,-0.7697,7.7256,102.694,0.0,0.0,0.0,97.6000022888184,up,2026-08-10T10:05:50,0.0,0.0
SPXW,2026-12-31,132,Put,8140.0,SPXW261231P08140000,465.3,469.3,467.3,453.3,0.0,0.0,0.0,9.0,0.1296,-0.7112,0.0006,15.8779,-0.7697,-21.7107,467.9494,0.0,0.0,0.0,484.0,up,2026-08-19T09:49:44,0.0,0.0
SPXW,2026-12-31,132,Call,8150.0,SPXW261231C08150000,99.6,100.2,99.9,98.4,3.7,3.90707,5.0,41869.0,0.1291,0.2832,0.0006,15.7351,-0.7604,7.5736,99.6917,99.36,99.36,98.4,94.7000007629394,down,2026-08-21T10:23:31,0.0,0.0
SPXW,2026-12-31,132,Put,8150.0,SPXW261231P08150000,472.1,476.1,474.1,465.6,0.0,0.0,0.0,178.0,0.1293,-0.717,0.0006,15.7351,-0.7604,-21.8988,474.7861,0.0,0.0,0.0,490.950012207031,up,2026-08-18T11:02:45,0.0,0.0
SPXW,2026-12-31,132,Call,8160.0,SPXW261231C08160000,96.6,97.3,96.94999999999999,97.65,5.8,6.31465,4.0,70016.0,0.1288,0.2774,0.0006,15.5901,-0.751,7.4235,96.7564,98.65,100.08,97.65,91.8499984741211,down,2026-08-21T14:04:08,0.0,0.0
SPXW,2026-12-31,132,Put,8160.0,SPXW261231P08160000,479.1,483.0,481.05,474.1,0.0,0.0,0.0,39.0,0.1291,-0.7228,0.0006,15.5901,-0.751,-22.085,481.69,0.0,0.0,0.0,497.900009155273,up,2026-08-18T11:20:02,0.0,0.0
SPXW,2026-12-31,132,Call,8170.0,SPXW261231C08170000,93.7,94.4,94.05000000000001,95.4,6.35,7.13082,3.0,33707.0,0.1285,0.2717,0.0006,15.4429,-0.7416,7.2744,93.8873,95.7,97.13,95.4,89.0500030517578,down,2026-08-21T13:22:50,0.0,0.0
SPXW,2026-12-31,132,Put,8170.0,SPXW261231P08170000,485.1,490.7,487.9,456.0,0.0,0.0,0.0,9.0,0.1288,-0.7285,0.0006,15.4429,-0.7416,-22.2702,488.66,0.0,0.0,0.0,504.900009155273,down,2026-08-07T12:52:06,0.0,0.0
SPXW,2026-12-31,132,Call,8175.0,SPXW261231C08175000,92.3,93.0,92.65,90.46,2.76,3.14709,4.0,64.0,0.1284,0.2688,0.0006,15.3682,-0.7368,7.2001,92.4773,92.1,92.1,90.46,87.7000007629394,down,2026-08-21T10:20:59,0.0,0.0
SPXW,2026-12-31,132,Put,8175.0,SPXW261231P08175000,488.6,494.2,491.4,482.2,0.0,0.0,0.0,71.0,0.1287,-0.7314,0.0006,15.3682,-0.7368,-22.3625,492.1696,0.0,0.0,0.0,508.5,down,2026-08-18T11:19:29,0.0,0.0
SPXW,2026-12-31,132,Call,8180.0,SPXW261231C08180000,90.9,91.6,91.25,91.95,5.65,6.54693,2.0,41035.0,0.1283,0.266,0.0006,15.2927,-0.732,7.1258,91.0837,91.95,91.95,91.95,86.2999992370606,up,2026-08-21T14:04:08,0.0,0.0
SPXW,2026-12-31,132,Put,8180.0,SPXW261231P08180000,492.1,497.7,494.9,484.5,0.0,0.0,0.0,9.0,0.1285,-0.7342,0.0006,15.2927,-0.732,-22.4549,495.6955,0.0,0.0,0.0,512.049987792969,down,2026-08-06T15:42:28,0.0,0.0
SPXW,2026-12-31,132,Call,8190.0,SPXW261231C08190000,88.2,88.9,88.55000000000001,92.01,0.0,0.0,0.0,68545.0,0.1281,0.2604,0.0006,15.1392,-0.7224,6.9771,88.3453,0.0,0.0,0.0,83.75,down,2026-08-20T12:18:21,0.0,0.0
SPXW,2026-12-31,132,Put,8190.0,SPXW261231P08190000,499.3,504.9,502.1,434.4,0.0,0.0,0.0,6.0,0.1283,-0.7398,0.0006,15.1392,-0.7224,-22.6397,502.7961,0.0,0.0,0.0,519.25,up,2026-08-13T11:04:16,0.0,0.0
SPXW,2026-12-31,132,Call,8200.0,SPXW261231C08200000,85.5,86.2,85.85,86.5,5.35,6.59273,26.0,36398.0,0.1278,0.2548,0.0005,14.9818,-0.7127,6.8284,85.6715,87.6,92.0,84.5,81.1500015258789,down,2026-08-21T15:59:44,0.0,0.0
SPXW,2026-12-31,132,Put,8200.0,SPXW261231P08200000,506.4,512.1,509.25,471.34,0.0,0.0,0.0,90.0,0.128,-0.7454,0.0005,14.9818,-0.7127,-22.8244,509.9615,0.0,0.0,0.0,526.450012207031,up,2026-08-19T12:24:57,0.0,0.0
SPXW,2026-12-31,132,Call,8210.0,SPXW261231C08210000,82.9,83.6,83.25,86.57,0.0,0.0,0.0,15003.0,0.1275,0.2493,0.0005,14.8206,-0.7029,6.6803,83.0621,0.0,0.0,0.0,78.5500030517578,up,2026-08-20T12:18:21,0.0,0.0
SPXW,2026-12-31,132,Put,8210.0,SPXW261231P08210000,513.6,519.3,516.45,456.4,0.0,0.0,0.0,6.0,0.1278,-0.751,0.0005,14.8206,-0.7029,-23.0087,517.1911,0.0,0.0,0.0,533.75,down,2026-08-17T10:33:27,0.0,0.0
SPXW,2026-12-31,132,Call,8220.0,SPXW261231C08220000,80.4,81.0,80.7,82.77,6.67,8.76478,200.0,306.0,0.1272,0.2438,0.0005,14.6557,-0.6931,6.5333,80.5161,82.28,82.79,82.28,76.1000022888184,no_change,2026-08-21T11:33:13,0.0,0.0
SPXW,2026-12-31,132,Put,8220.0,SPXW261231P08220000,520.9,526.7,523.8,645.58,0.0,0.0,0.0,4.0,0.1275,-0.7564,0.0005,14.6557,-0.6931,-23.1917,524.4843,0.0,0.0,0.0,541.150024414062,down,2026-06-15T09:53:26,0.0,0.0
SPXW,2026-12-31,132,Call,8225.0,SPXW261231C08225000,79.1,79.8,79.44999999999999,78.21,3.31,4.41923,7.0,55.0,0.1271,0.2411,0.0005,14.5722,-0.6882,6.4606,79.2667,78.16,78.21,78.16,74.8999977111816,up,2026-08-21T09:47:58,0.0,0.0
SPXW,2026-12-31,132,Put,8225.0,SPXW261231P08225000,524.6,530.3,527.45,487.32,0.0,0.0,0.0,13.0,0.1274,-0.7591,0.0005,14.5722,-0.6882,-23.2824,528.1544,0.0,0.0,0.0,544.849975585938,up,2026-08-19T12:23:08,0.0,0.0
SPXW,2026-12-31,132,Call,8230.0,SPXW261231C08230000,77.9,78.5,78.2,125.62,0.0,0.0,0.0,80.0,0.127,0.2384,0.0005,14.488,-0.6832,6.3886,78.0327,0.0,0.0,0.0,73.7000007629394,up,2026-08-07T15:37:36,0.0,0.0
SPXW,2026-12-31,132,Put,8230.0,SPXW261231P08230000,528.2,534.0,531.1,459.1,0.0,0.0,0.0,14.0,0.1273,-0.7618,0.0005,14.488,-0.6832,-23.3725,531.8399,0.0,0.0,0.0,548.600006103516,up,2026-08-13T11:03:57,0.0,0.0
SPXW,2026-12-31,132,Call,8240.0,SPXW261231C08240000,75.5,76.1,75.8,131.6,0.0,0.0,0.0,144.0,0.1268,0.2331,0.0005,14.3184,-0.6733,6.2466,75.6104,0.0,0.0,0.0,71.3499984741211,up,2026-08-13T14:40:01,0.0,0.0
SPXW,2026-12-31,132,Put,8240.0,SPXW261231P08240000,535.6,541.5,538.55,469.2,0.0,0.0,0.0,29.0,0.127,-0.7672,0.0005,14.3184,-0.6733,-23.5507,539.2568,0.0,0.0,0.0,556.050018310547,down,2026-08-13T11:08:09,0.0,0.0
SPXW,2026-12-31,132,Call,8250.0,SPXW261231C08250000,73.1,73.8,73.44999999999999,79.46,0.0,0.0,0.0,288.0,0.1265,0.2278,0.0005,14.1474,-0.6633,6.1073,73.248,0.0,0.0,0.0,69.1000022888184,down,2026-08-20T10:50:24,0.0,0.0
SPXW,2026-12-31,132,Put,8250.0,SPXW261231P08250000,543.2,548.9,546.05,505.13,0.0,0.0,0.0,73.0,0.1268,-0.7724,0.0005,14.1474,-0.6633,-23.726,546.7335,0.0,0.0,0.0,563.699981689453,up,2026-08-19T12:24:47,0.0,0.0
SPXW,2026-12-31,132,Call,8260.0,SPXW261231C08260000,70.8,71.5,71.15,113.09,0.0,0.0,0.0,55.0,0.1263,0.2226,0.0005,13.9756,-0.6533,5.9706,70.9442,0.0,0.0,0.0,66.8499984741211,up,2026-08-07T13:35:39,0.0,0.0
SPXW,2026-12-31,132,Put,8260.0,SPXW261231P08260000,550.6,556.5,553.55,480.7,0.0,0.0,0.0,12.0,0.1266,-0.7776,0.0005,13.9756,-0.6533,-23.8988,554.2688,0.0,0.0,0.0,571.300018310547,down,2026-08-14T10:37:09,0.0,0.0
SPXW,2026-12-31,132,Call,8270.0,SPXW261231C08270000,68.6,69.2,68.9,90.62,0.0,0.0,0.0,730.0,0.1261,0.2174,0.0005,13.8031,-0.6432,5.8358,68.6979,0.0,0.0,0.0,64.7000007629394,no_change,2026-08-19T11:15:39,0.0,0.0
SPXW,2026-12-31,132,Put,8270.0,SPXW261231P08270000,558.1,564.1,561.1,0.0,0.0,0.0,0.0,0.0,0.1264,-0.7828,0.0005,13.8031,-0.6432,-24.0697,561.8615,0.0,0.0,0.0,578.950012207031,no_change,,0.0,0.0
SPXW,2026-12-31,132,Call,8275.0,SPXW261231C08275000,67.5,68.1,67.8,89.32,0.0,0.0,0.0,53.0,0.126,0.2149,0.0005,13.7165,-0.6382,5.7689,67.596,0.0,0.0,0.0,63.6000003814697,no_change,2026-08-19T11:15:39,0.0,0.0
SPXW,2026-12-31,132,Put,8275.0,SPXW261231P08275000,562.0,567.9,564.95,548.52,0.0,0.0,0.0,80.0,0.1263,-0.7854,0.0005,13.7165,-0.6382,-24.1547,565.6792,0.0,0.0,0.0,582.850006103516,up,2026-08-18T13:35:37,0.0,0.0
SPXW,2026-12-31,132,Call,8280.0,SPXW261231C08280000,66.4,67.0,66.7,112.9,0.0,0.0,0.0,151.0,0.1259,0.2123,0.0005,13.6296,-0.6331,5.7021,66.5082,0.0,0.0,0.0,62.6000003814697,up,2026-08-10T10:06:30,0.0,0.0
SPXW,2026-12-31,132,Put,8280.0,SPXW261231P08280000,565.7,571.8,568.75,801.91,0.0,0.0,0.0,17.0,0.1262,-0.7879,0.0005,13.6296,-0.6331,-24.2394,569.5109,0.0,0.0,0.0,586.699981689453,down,2026-05-11T12:21:42,0.0,0.0
SPXW,2026-12-31,132,Call,8290.0,SPXW261231C08290000,64.3,64.9,64.6,77.9,0.0,0.0,0.0,149.0,0.1256,0.2073,0.0005,13.4543,-0.623,5.5691,64.3746,0.0,0.0,0.0,60.5,down,2026-08-18T10:58:18,0.0,0.0
SPXW,2026-12-31,132,Put,8290.0,SPXW261231P08290000,573.5,579.5,576.5,1220.95,0.0,0.0,0.0,1.0,0.126,-0.7929,0.0005,13.4543,-0.623,-24.4086,577.2164,0.0,0.0,0.0,594.450012207031,down,2026-02-24T13:09:15,0.0,0.0
SPXW,2026-12-31,132,Call,8300.0,SPXW261231C08300000,62.2,62.8,62.5,62.39,3.84,6.5585,13.0,804.0,0.1254,0.2024,0.0005,13.2768,-0.6129,5.4365,62.2965,61.47,62.39,61.47,58.5499992370606,up,2026-08-21T14:21:29,0.0,0.0
SPXW,2026-12-31,132,Put,8300.0,SPXW261231P08300000,581.2,587.3,584.25,584.25,-18.1,-3.0049,2.0,74.0,0.1258,-0.7979,0.0005,13.2768,-0.6129,-24.5772,584.9774,584.15,584.25,584.15,602.350006103516,up,2026-08-21T11:20:00,0.0,0.0
SPXW,2026-12-31,132,Call,8325.0,SPXW261231C08325000,57.3,57.9,57.599999999999994,55.0,0.0,0.0,0.0,37.0,0.1249,0.1903,0.0005,12.822,-0.5876,5.11,57.3407,0.0,0.0,0.0,53.7999992370606,down,2026-08-20T14:53:19,0.0,0.0
SPXW,2026-12-31,132,Put,8325.0,SPXW261231P08325000,600.9,607.0,603.95,585.3,0.0,0.0,0.0,20.0,0.1253,-0.8099,0.0005,12.822,-0.5876,-24.9939,604.6194,0.0,0.0,0.0,622.200012207031,up,2026-08-18T09:30:53,0.0,0.0
SPXW,2026-12-31,132,Call,8350.0,SPXW261231C08350000,52.7,53.2,52.95,52.87,3.52,7.13273,10.0,140.0,0.1245,0.1786,0.0004,12.3572,-0.5624,4.7985,52.7147,52.87,52.87,52.87,49.3499984741211,down,2026-08-21T14:21:29,0.0,0.0
SPXW,2026-12-31,132,Put,8350.0,SPXW261231P08350000,620.6,627.0,623.8,603.66,0.0,0.0,0.0,62.0,0.1249,-0.8216,0.0004,12.3572,-0.5624,-25.3957,624.5911,0.0,0.0,0.0,642.350006103516,up,2026-08-18T09:30:57,0.0,0.0
SPXW,2026-12-31,132,Call,8375.0,SPXW261231C08375000,48.4,48.9,48.65,50.3,0.0,0.0,0.0,76.0,0.124,0.1675,0.0004,11.893,-0.5372,4.5037,48.3992,0.0,0.0,0.0,45.25,down,2026-08-20T13:12:09,0.0,0.0
SPXW,2026-12-31,132,Put,8375.0,SPXW261231P08375000,641.1,647.3,644.2,621.89,0.0,0.0,0.0,68.0,0.1245,-0.8328,0.0004,11.893,-0.5372,-25.7807,644.8734,0.0,0.0,0.0,662.800018310547,up,2026-08-18T09:45:01,0.0,0.0
SPXW,2026-12-31,132,Call,8400.0,SPXW261231C08400000,44.3,44.9,44.599999999999994,47.64,0.0,0.0,0.0,1921.0,0.1236,0.1567,0.0004,11.4303,-0.5123,4.218,44.3796,0.0,0.0,0.0,41.4500007629394,down,2026-08-20T11:23:41,0.0,0.0
SPXW,2026-12-31,132,Put,8400.0,SPXW261231P08400000,661.6,667.9,664.75,827.07,0.0,0.0,0.0,95.0,0.1241,-0.8435,0.0004,11.4303,-0.5123,-26.1566,665.4515,0.0,0.0,0.0,683.600006103516,up,2026-06-22T14:56:31,0.0,0.0
SPXW,2026-12-31,132,Call,8425.0,SPXW261231C08425000,40.6,41.2,40.900000000000006,71.9,0.0,0.0,0.0,39.0,0.1232,0.1465,0.0004,10.9626,-0.4877,3.9396,40.6462,0.0,0.0,0.0,37.8999996185303,down,2026-08-14T15:53:07,0.0,0.0
SPXW,2026-12-31,132,Put,8425.0,SPXW261231P08425000,682.5,688.9,685.7,0.0,0.0,0.0,0.0,0.0,0.1238,-0.8538,0.0004,10.9626,-0.4877,-26.5253,686.3159,0.0,0.0,0.0,704.649993896484,no_change,,0.0,0.0
SPXW,2026-12-31,132,Call,8450.0,SPXW261231C08450000,37.2,37.7,37.45,34.34,0.0,0.0,0.0,147.0,0.1228,0.1367,0.0004,10.4911,-0.4635,3.6758,37.1862,0.0,0.0,0.0,34.6500015258789,down,2026-08-20T16:14:28,0.0,0.0
SPXW,2026-12-31,132,Put,8450.0,SPXW261231P08450000,703.6,710.0,706.8,0.0,0.0,0.0,0.0,0.0,0.1234,-0.8635,0.0004,10.4911,-0.4635,-26.8794,707.4535,0.0,0.0,0.0,725.949981689453,no_change,,0.0,0.0
SPXW,2026-12-31,132,Call,8475.0,SPXW261231C08475000,33.9,34.5,34.2,32.2,0.0,0.0,0.0,42.0,0.1224,0.1274,0.0004,10.0255,-0.4397,3.4289,33.9818,0.0,0.0,0.0,31.5499992370606,down,2026-08-20T14:36:50,0.0,0.0
SPXW,2026-12-31,132,Put,8475.0,SPXW261231P08475000,725.0,731.4,728.2,0.0,0.0,0.0,0.0,0.0,0.123,-0.8728,0.0004,10.0255,-0.4397,-27.2164,728.8469,0.0,0.0,0.0,747.600006103516,no_change,,0.0,0.0
SPXW,2026-12-31,132,Call,8500.0,SPXW261231C08500000,31.0,31.5,31.25,33.2,4.4,15.2778,20.0,2287.0,0.122,0.1185,0.0004,9.5697,-0.4165,3.1929,31.0183,32.7,33.2,32.6,28.8000001907349,no_change,2026-08-21T12:43:38,0.0,0.0
SPXW,2026-12-31,132,Put,8500.0,SPXW261231P08500000,746.6,753.1,749.85,928.84,0.0,0.0,0.0,8.0,0.1228,-0.8817,0.0004,9.5697,-0.4165,-27.5426,750.4811,0.0,0.0,0.0,769.399993896484,up,2026-06-05T14:01:36,0.0,0.0
SPXW,2026-12-31,132,Call,8525.0,SPXW261231C08525000,28.2,28.7,28.45,34.07,0.0,0.0,0.0,3.0,0.1217,0.1102,0.0003,9.1187,-0.3939,2.965,28.2856,0.0,0.0,0.0,26.25,no_change,2026-08-18T15:49:11,0.0,0.0
SPXW,2026-12-31,132,Put,8525.0,SPXW261231P08525000,768.4,774.9,771.65,0.0,0.0,0.0,0.0,0.0,0.1225,-0.8901,0.0003,9.1187,-0.3939,-27.8608,772.3462,0.0,0.0,0.0,791.450012207031,no_change,,0.0,0.0
SPXW,2026-12-31,132,Call,8550.0,SPXW261231C08550000,25.7,26.2,25.95,24.5,0.0,0.0,0.0,170.0,0.1214,0.1022,0.0003,8.6709,-0.372,2.7502,25.7721,0.0,0.0,0.0,23.8500003814697,down,2026-08-20T15:26:41,0.0,0.0
SPXW,2026-12-31,132,Put,8550.0,SPXW261231P08550000,790.5,797.0,793.75,958.73,0.0,0.0,0.0,5.0,0.1222,-0.898,0.0003,8.6709,-0.372,-28.1658,794.4304,0.0,0.0,0.0,812.450012207031,up,2026-07-27T09:37:00,0.0,0.0
SPXW,2026-12-31,132,Call,8575.0,SPXW261231C08575000,23.3,23.8,23.55,25.12,0.0,0.0,0.0,17.0,0.1211,0.0948,0.0003,8.2326,-0.3507,2.5515,23.4621,0.0,0.0,0.0,21.6999998092651,no_change,2026-08-20T11:47:26,0.0,0.0
SPXW,2026-12-31,132,Put,8575.0,SPXW261231P08575000,804.6,828.3,816.45,0.0,0.0,0.0,0.0,0.0,0.122,-0.9054,0.0003,8.2326,-0.3507,-28.4547,816.7182,0.0,0.0,0.0,834.049987792969,no_change,,0.0,0.0
SPXW,2026-12-31,132,Call,8600.0,SPXW261231C08600000,21.2,21.7,21.45,21.4,1.7,8.62944,2.0,985.0,0.1208,0.0878,0.0003,7.8093,-0.3302,2.3644,21.3414,21.4,21.4,21.4,19.6999998092651,down,2026-08-21T09:42:42,0.0,0.0
SPXW,2026-12-31,132,Put,8600.0,SPXW261231P08600000,827.0,850.7,838.85,778.68,0.0,0.0,0.0,12.0,0.1219,-0.9125,0.0003,7.8093,-0.3302,-28.7321,839.1952,0.0,0.0,0.0,857.25,down,2026-08-12T15:55:23,0.0,0.0
SPXW,2026-12-31,132,Call,8625.0,SPXW261231C08625000,19.2,19.7,19.45,19.42,1.52,8.49162,1.0,1.0,0.1206,0.0812,0.0003,7.3988,-0.3106,2.1853,19.4,19.42,19.42,19.42,17.9000005722046,up,2026-08-21T09:42:12,0.0,0.0
SPXW,2026-12-31,132,Put,8625.0,SPXW261231P08625000,849.7,873.1,861.4000000000001,0.0,0.0,0.0,0.0,0.0,0.1216,-0.9191,0.0003,7.3988,-0.3106,-29.0014,861.8516,0.0,0.0,0.0,879.900024414062,no_change,,0.0,0.0
SPXW,2026-12-31,132,Call,8650.0,SPXW261231C08650000,17.4,17.9,17.65,16.8,0.0,0.0,0.0,203.0,0.1204,0.075,0.0002,6.9979,-0.2917,2.0173,17.6277,0.0,0.0,0.0,16.1999998092651,down,2026-08-20T14:24:03,0.0,0.0
SPXW,2026-12-31,132,Put,8650.0,SPXW261231P08650000,872.5,896.1,884.3,0.0,0.0,0.0,0.0,0.0,0.1216,-0.9252,0.0002,6.9979,-0.2917,-29.2596,884.677,0.0,0.0,0.0,902.799987792969,no_change,,0.0,0.0
SPXW,2026-12-31,132,Call,8675.0,SPXW261231C08675000,15.8,16.3,16.05,0.0,0.0,0.0,0.0,0.0,0.1202,0.0693,0.0002,6.609,-0.2738,1.8634,16.0114,0.0,0.0,0.0,14.6999998092651,no_change,,0.0,0.0
SPXW,2026-12-31,132,Put,8675.0,SPXW261231P08675000,895.4,918.4,906.9,0.0,0.0,0.0,0.0,0.0,0.1214,-0.931,0.0002,6.609,-0.2738,-29.5038,907.6584,0.0,0.0,0.0,925.649993896484,no_change,,0.0,0.0
SPXW,2026-12-31,132,Call,8700.0,SPXW261231C08700000,14.4,14.8,14.600000000000001,15.5,2.15,16.1049,21.0,211.0,0.1201,0.0639,0.0002,6.237,-0.2566,1.7207,14.5381,15.7,15.7,15.5,13.3499999046326,down,2026-08-21T12:17:32,0.0,0.0
SPXW,2026-12-31,132,Put,8700.0,SPXW261231P08700000,918.5,942.0,930.25,926.87,-21.63,-2.28044,4.0,8.0,0.1215,-0.9363,0.0002,6.237,-0.2566,-29.7366,930.7828,926.84,926.87,926.84,948.5,up,2026-08-21T15:12:13,0.0,0.0
SPXW,2026-12-31,132,Call,8750.0,SPXW261231C08750000,11.8,12.2,12.0,11.98,0.98,8.90909,1.0,3.0,0.1198,0.0543,0.0002,5.542,-0.225,1.4595,11.9833,11.98,11.98,11.98,11.0,up,2026-08-21T09:42:12,0.0,0.0
SPXW,2026-12-31,132,Put,8750.0,SPXW261231P08750000,965.2,988.5,976.85,0.0,0.0,0.0,0.0,0.0,0.1214,-0.9459,0.0002,5.542,-0.225,-30.1783,977.4236,0.0,0.0,0.0,997.100006103516,no_change,,0.0,0.0
SPXW,2026-12-31,132,Call,8800.0,SPXW261231C08800000,9.7,10.1,9.899999999999999,10.4,1.3,14.2857,5.0,2383.0,0.1198,0.0461,0.0002,4.9051,-0.1969,1.2392,9.887,9.7,10.4,9.7,9.09999990463257,up,2026-08-21T15:12:13,0.0,0.0
SPXW,2026-12-31,132,Put,8800.0,SPXW261231P08800000,1012.2,1032.2,1022.2,1140.37,0.0,0.0,0.0,23.0,0.1216,-0.9542,0.0002,4.9051,-0.1969,-30.579,1024.5227,0.0,0.0,0.0,1044.40002441406,up,2026-06-16T16:11:02,0.0,0.0
SPXW,2026-12-31,132,Call,8850.0,SPXW261231C08850000,7.9,8.3,8.100000000000001,8.37,0.87,11.6,1.0,14.0,0.1197,0.0391,0.0001,4.3363,-0.1721,1.0504,8.173,8.37,8.37,8.37,7.5,down,2026-08-21T13:45:16,0.0,0.0
SPXW,2026-12-31,132,Put,8850.0,SPXW261231P08850000,1059.7,1078.2,1068.95,0.0,0.0,0.0,0.0,0.0,0.1222,-0.9611,0.0001,4.3363,-0.1721,-30.9484,1072.0042,0.0,0.0,0.0,1091.59997558594,no_change,,0.0,0.0
SPXW,2026-12-31,132,Call,8900.0,SPXW261231C08900000,6.6,6.9,6.75,6.97,0.72,11.52,1.0,210.0,0.1201,0.0332,0.0001,3.8286,-0.1505,0.8911,6.7819,6.97,6.97,6.97,6.25,up,2026-08-21T13:45:16,0.0,0.0
SPXW,2026-12-31,132,Put,8900.0,SPXW261231P08900000,1107.5,1130.9,1119.2,0.0,0.0,0.0,0.0,0.0,0.1228,-0.967,0.0001,3.8286,-0.1505,-31.2881,1119.8086,0.0,0.0,0.0,1139.90002441406,no_change,,0.0,0.0
SPXW,2026-12-31,132,Call,9000.0,SPXW261231C09000000,4.6,4.8,4.699999999999999,5.0,0.7,16.2791,31.0,3032.0,0.1209,0.0242,0.0001,2.9913,-0.1158,0.6469,4.7436,4.8,5.4,4.4,4.29999995231628,up,2026-08-21T15:42:19,0.0,0.0
SPXW,2026-12-31,132,Put,9000.0,SPXW261231P09000000,1203.9,1226.3,1215.1,0.0,0.0,0.0,0.0,0.0,0.1246,-0.9761,0.0001,2.9913,-0.1158,-31.8932,1216.1613,0.0,0.0,0.0,1235.95001220703,no_change,,0.0,0.0
SPXW,2026-12-31,132,Call,9100.0,SPXW261231C09100000,3.3,3.5,3.4,3.6,0.0,0.0,0.0,144.0,0.1225,0.0179,0.0001,2.3586,-0.0906,0.4795,3.417,0.0,0.0,0.0,3.14999997615814,down,2026-08-20T13:09:32,0.0,0.0
SPXW,2026-12-31,132,Put,9100.0,SPXW261231P09100000,1301.0,1324.6,1312.8,0.0,0.0,0.0,0.0,0.0,0.1276,-0.9823,0.0001,2.3586,-0.0906,-32.4215,1313.2256,0.0,0.0,0.0,1332.84997558594,no_change,,0.0,0.0
SPXW,2026-12-31,132,Call,9200.0,SPXW261231C09200000,2.5,2.7,2.6,4.3,0.0,0.0,0.0,77.0,0.1249,0.0136,0.0001,1.8911,-0.0726,0.3637,2.552,0.0,0.0,0.0,2.42499995231628,down,2026-08-17T14:10:16,0.0,0.0
SPXW,2026-12-31,132,Put,9200.0,SPXW261231P09200000,1398.6,1422.2,1410.4,0.0,0.0,0.0,0.0,0.0,0.1312,-0.9866,0.0001,1.8911,-0.0726,-32.8982,1410.7516,0.0,0.0,0.0,1431.15002441406,no_change,,0.0,0.0
SPXW,2026-12-31,132,Call,9300.0,SPXW261231C09300000,1.95,2.15,2.05,2.15,0.25,13.1579,10.0,819.0,0.1278,0.0107,0.0,1.5469,-0.0598,0.2844,1.9805,2.15,2.15,2.15,1.89999997615814,no_change,2026-08-21T12:56:51,0.0,0.0
SPXW,2026-12-31,132,Put,9300.0,SPXW261231P09300000,1496.5,1519.9,1508.2,0.0,0.0,0.0,0.0,0.0,0.1356,-0.9895,0.0,1.5469,-0.0598,-33.3384,1508.571,0.0,0.0,0.0,1528.75,no_change,,0.0,0.0
SPXW,2026-12-31,132,Call,9400.0,SPXW261231C09400000,1.55,1.8,1.675,1.63,0.08,5.16129,11.0,35.0,0.1312,0.0086,0.0,1.2933,-0.0506,0.2291,1.5965,1.63,1.63,1.63,1.55000001192093,no_change,2026-08-21T09:30:04,0.0,0.0
SPXW,2026-12-31,132,Put,9400.0,SPXW261231P09400000,1594.5,1617.7,1606.1,1527.07,0.0,0.0,0.0,1.0,0.14,-0.9916,0.0,1.2933,-0.0506,-33.7546,1606.578,0.0,0.0,0.0,1627.05004882812,down,2026-08-12T15:54:26,0.0,0.0
SPXW,2026-12-31,132,Call,9500.0,SPXW261231C09500000,1.25,1.5,1.375,1.65,0.0,0.0,0.0,19.0,0.1345,0.0072,0.0,1.1034,-0.044,0.19,1.3305,0.0,0.0,0.0,1.27499997615814,down,2026-08-19T09:44:28,0.0,0.0
SPXW,2026-12-31,132,Put,9500.0,SPXW261231P09500000,1692.7,1715.8,1704.25,0.0,0.0,0.0,0.0,0.0,0.1454,-0.9931,0.0,1.1038,-0.044,-34.1545,1704.7036,0.0,0.0,0.0,1725.29998779297,no_change,,0.0,0.0
SPXW,2026-12-31,132,Call,9600.0,SPXW261231C09600000,1.05,1.3,1.175,1.13,0.055,5.11628,11.0,1517.0,0.1378,0.0061,0.0,0.9598,-0.0391,0.161,1.1425,1.13,1.13,1.13,1.07500001788139,no_change,2026-08-21T09:30:04,0.0,0.0
SPXW,2026-12-31,132,Put,9600.0,SPXW261231P09600000,1790.9,1814.0,1802.45,1722.67,0.0,0.0,0.0,2.0,0.1504,-0.9941,0.0,0.9601,-0.0391,-34.5444,1802.9062,0.0,0.0,0.0,1823.40002441406,down,2026-08-12T15:54:26,0.0,0.0
SPX,2027-01-15,147,Call,200.0,SPX270115C00200000,7440.3,7464.1,7452.200000000001,7461.22,34.27,0.461428,66.0,1798.0,1.9158,1.0,0.0,0.0091,0.0,0.8733,7450.977,7444.78,7461.22,7439.45,7426.94995117188,up,2026-08-21T11:35:16,0.0,0.0
SPX,2027-01-15,147,Put,200.0,SPX270115P00200000,0.0,0.05,0.025,0.03,0.0,0.0,0.0,16536.0,1.5637,0.0,0.0,0.0091,-0.005,-0.0018,0.107,0.0,0.0,0.0,0.025000000372529,down,2026-07-23T11:57:30,0.0,0.0
SPX,2027-01-15,147,Call,400.0,SPX270115C00400000,7243.9,7267.7,7255.799999999999,7259.98,29.23,0.404246,574.0,1059.0,1.537,1.0,0.0,0.0152,0.0,1.6733,7254.5876,7247.78,7271.83,7244.65,7230.75,down,2026-08-21T15:25:09,0.0,0.0
SPX,2027-01-15,147,Put,400.0,SPX270115P00400000,0.0,0.05,0.025,0.04,0.0,0.0,0.0,5915.0,1.2547,-0.0001,0.0,0.0152,-0.0068,-0.003,0.1475,0.0,0.0,0.0,0.025000000372529,down,2026-07-28T12:04:11,0.0,0.0
SPX,2027-01-15,147,Call,600.0,SPX270115C00600000,7047.5,7071.3,7059.4,7075.84,0.0,0.0,0.0,129.0,1.3249,1.0,0.0,0.0214,0.0,2.4733,7058.1932,0.0,0.0,0.0,7034.4501953125,up,2026-08-20T09:46:28,0.0,0.0
SPX,2027-01-15,147,Put,600.0,SPX270115P00600000,0.0,0.15,0.075,0.05,0.0,0.0,0.0,14094.0,1.1541,-0.0001,0.0,0.0214,-0.0083,-0.0041,0.1829,0.0,0.0,0.0,0.0750000029802322,no_change,2026-08-17T14:12:08,0.0,0.0
SPX,2027-01-15,147,Call,800.0,SPX270115C00800000,6851.1,6874.9,6863.0,6953.41,0.0,0.0,0.0,183.0,1.178,1.0,0.0,0.0284,0.0,3.2732,6861.8006,0.0,0.0,0.0,6837.39990234375,up,2026-08-13T09:33:06,0.0,0.0
SPX,2027-01-15,147,Put,800.0,SPX270115P00800000,0.05,0.15,0.1,0.1,-0.025,-20.0,42.0,10508.0,1.0417,-0.0001,0.0,0.0284,-0.0099,-0.0054,0.2201,0.15,0.15,0.1,0.12500000372529,down,2026-08-21T15:51:46,0.0,0.0
SPX,2027-01-15,147,Call,1000.0,SPX270115C01000000,6654.7,6678.6,6666.65,6642.26,0.0,0.0,0.0,46.0,1.0656,1.0,0.0,0.0368,0.0,4.0727,6665.4156,0.0,0.0,0.0,6641.25,up,2026-08-04T09:57:46,0.0,0.0
SPX,2027-01-15,147,Put,1000.0,SPX270115P01000000,0.05,0.3,0.175,0.18,-0.02,-10.0,4.0,14015.0,0.9755,-0.0002,0.0,0.0368,-0.0116,-0.007,0.265,0.18,0.18,0.18,0.200000006705523,up,2026-08-21T11:00:13,0.0,0.0
SPX,2027-01-15,147,Call,1200.0,SPX270115C01200000,6458.3,6482.2,6470.25,6196.48,0.0,0.0,0.0,5.0,0.988,1.0,0.0,0.0477,0.0,4.8717,6469.0461,0.0,0.0,0.0,6444.85009765625,up,2026-07-30T10:44:10,0.0,0.0
SPX,2027-01-15,147,Put,1200.0,SPX270115P01200000,0.2,0.3,0.25,0.3,-0.05,-14.2857,12.0,7470.0,0.9247,-0.0003,0.0,0.0477,-0.014,-0.0092,0.3254,0.39,0.39,0.3,0.350000008940697,down,2026-08-21T15:52:13,0.0,0.0
SPX,2027-01-15,147,Call,1400.0,SPX270115C01400000,6262.0,6285.9,6273.95,6079.8,0.0,0.0,0.0,30.0,0.9206,1.0,0.0,0.0625,0.0,5.6699,6272.7013,0.0,0.0,0.0,6249.5498046875,down,2026-07-17T12:04:19,0.0,0.0
SPX,2027-01-15,147,Put,1400.0,SPX270115P01400000,0.35,0.45,0.4,0.35,-0.1,-22.2222,5.0,6358.0,0.8762,-0.0004,0.0,0.0625,-0.0171,-0.0121,0.4105,0.35,0.35,0.35,0.450000002980232,no_change,2026-08-21T15:53:01,0.0,0.0
SPX,2027-01-15,147,Call,1600.0,SPX270115C01600000,6065.7,6089.7,6077.7,5907.34,0.0,0.0,0.0,57.0,0.8609,1.0,0.0,0.083,0.0,6.4668,6076.3917,0.0,0.0,0.0,6053.10009765625,up,2026-06-18T10:46:48,0.0,0.0
SPX,2027-01-15,147,Put,1600.0,SPX270115P01600000,0.5,0.7,0.6,0.55,-0.075,-12.0,6.0,3750.0,0.825,-0.0005,0.0,0.083,-0.0214,-0.0164,0.5307,0.55,0.55,0.55,0.625,down,2026-08-21T11:00:13,0.0,0.0
SPX,2027-01-15,147,Call,1800.0,SPX270115C01800000,5869.5,5893.4,5881.45,5706.18,0.0,0.0,0.0,3.0,0.8139,1.0,0.0,0.1102,0.0,7.2622,5880.1274,0.0,0.0,0.0,5856.85009765625,up,2026-06-18T10:35:17,0.0,0.0
SPX,2027-01-15,147,Put,1800.0,SPX270115P01800000,0.7,0.9,0.8,0.78,0.0,0.0,0.0,5988.0,0.7843,-0.0006,0.0,0.1102,-0.027,-0.0221,0.6963,0.0,0.0,0.0,0.875,no_change,2026-08-19T11:49:59,0.0,0.0
SPX,2027-01-15,147,Call,2000.0,SPX270115C02000000,5673.4,5697.2,5685.299999999999,5749.06,0.0,0.0,0.0,177.0,0.7695,1.0,0.0,0.1462,0.0,8.0556,5683.917,0.0,0.0,0.0,5660.35009765625,up,2026-08-12T11:43:41,0.0,0.0
SPX,2027-01-15,147,Put,2000.0,SPX270115P02000000,0.95,1.15,1.0499999999999998,1.1,-0.025,-2.22222,3.0,13844.0,0.7491,-0.0009,0.0,0.1462,-0.034,-0.0299,0.9158,1.1,1.1,1.1,1.125,no_change,2026-08-21T15:51:18,0.0,0.0
SPX,2027-01-15,147,Call,2200.0,SPX270115C02200000,5477.3,5501.1,5489.200000000001,5315.58,0.0,0.0,0.0,71.0,0.7277,1.0,0.0,0.1917,0.0,8.8466,5487.7691,0.0,0.0,0.0,5464.4501953125,no_change,2026-06-18T10:36:20,0.0,0.0
SPX,2027-01-15,147,Put,2200.0,SPX270115P02200000,1.2,1.45,1.325,1.52,0.0,0.0,0.0,21922.0,0.7146,-0.0012,0.0,0.1917,-0.0427,-0.0401,1.1977,0.0,0.0,0.0,1.44999998807907,up,2026-08-18T13:56:04,0.0,0.0
SPX,2027-01-15,147,Call,2400.0,SPX270115C02400000,5281.2,5305.0,5293.1,5297.23,28.3799,0.538636,570.0,475.0,0.6919,0.9996,0.0,0.2478,0.0,9.6349,5291.6891,5282.1,5307.35,5282.1,5268.85009765625,up,2026-08-21T15:25:09,0.0,0.0
SPX,2027-01-15,147,Put,2400.0,SPX270115P02400000,1.55,1.8,1.675,1.75,0.0,0.0,0.0,21210.0,0.6821,-0.0016,0.0,0.2478,-0.053,-0.0529,1.5476,0.0,0.0,0.0,1.82500004768372,down,2026-08-19T12:58:51,0.0,0.0
SPX,2027-01-15,147,Call,2600.0,SPX270115C02600000,5085.2,5108.9,5097.049999999999,4895.76,0.0,0.0,0.0,153.0,0.66,0.9992,0.0,0.3163,0.0,10.42,5095.6829,0.0,0.0,0.0,5072.94995117188,down,2026-07-20T11:01:32,0.0,0.0
SPX,2027-01-15,147,Put,2600.0,SPX270115P02600000,1.95,2.2,2.075,2.3,0.0,0.0,0.0,1814.0,0.6513,-0.002,0.0,0.3163,-0.0647,-0.069,1.9713,0.0,0.0,0.0,2.25,up,2026-08-20T10:11:36,0.0,0.0
SPX,2027-01-15,147,Call,2700.0,SPX270115C02700000,4987.2,5011.0,4999.1,0.0,0.0,0.0,0.0,0.0,0.6442,0.9989,0.0,0.3547,0.0,10.8113,4997.7093,0.0,0.0,0.0,4974.75,no_change,,0.0,0.0
SPX,2027-01-15,147,Put,2700.0,SPX270115P02700000,2.2,2.45,2.325,2.61,0.0,0.0,0.0,9149.0,0.6358,-0.0023,0.0,0.3548,-0.0712,-0.0783,2.2126,0.0,0.0,0.0,2.5,down,2026-08-11T14:38:08,0.0,0.0
SPX,2027-01-15,147,Call,2800.0,SPX270115C02800000,4889.2,4913.0,4901.1,4795.89,0.0,0.0,0.0,21.0,0.6285,0.9986,0.0,0.3964,0.0,11.2018,4899.7556,0.0,0.0,0.0,4877.14990234375,no_change,2026-07-15T11:41:36,0.0,0.0
SPX,2027-01-15,147,Put,2800.0,SPX270115P02800000,2.45,2.7,2.575,2.85,0.0,0.0,0.0,21233.0,0.6217,-0.0026,0.0,0.3964,-0.078,-0.0884,2.4739,0.0,0.0,0.0,2.77500009536743,down,2026-08-12T10:16:54,0.0,0.0
SPX,2027-01-15,147,Call,2900.0,SPX270115C02900000,4791.3,4815.0,4803.15,4557.82,0.0,0.0,0.0,90.0,0.6151,0.9983,0.0,0.442,0.0,11.5912,4801.8222,0.0,0.0,0.0,4778.94995117188,down,2026-07-24T11:10:16,0.0,0.0
SPX,2027-01-15,147,Put,2900.0,SPX270115P02900000,2.7,2.95,2.825,4.19,0.0,0.0,0.0,521.0,0.6081,-0.0029,0.0,0.442,-0.0851,-0.0994,2.7555,0.0,0.0,0.0,3.05000007152557,no_change,2026-08-18T09:30:17,0.0,0.0
SPX,2027-01-15,147,Call,3000.0,SPX270115C03000000,4693.3,4717.1,4705.200000000001,4612.71,0.0,0.0,0.0,213.0,0.5996,0.9979,0.0,0.4916,0.0,11.9795,4703.9103,0.0,0.0,0.0,4681.14990234375,up,2026-05-28T13:38:51,0.0,0.0
SPX,2027-01-15,147,Put,3000.0,SPX270115P03000000,2.95,3.3,3.125,3.0,-0.35,-10.4478,3.0,17732.0,0.5949,-0.0033,0.0,0.4917,-0.0926,-0.1117,3.0585,3.15,3.15,3.0,3.35000002384186,down,2026-08-21T12:46:59,0.0,0.0
SPX,2027-01-15,147,Call,3100.0,SPX270115C03100000,4595.4,4619.2,4607.299999999999,4506.09,0.0,0.0,0.0,25.0,0.586,0.9975,0.0,0.5448,0.0,12.3667,4606.0207,0.0,0.0,0.0,4583.5,up,2026-07-15T11:33:05,0.0,0.0
SPX,2027-01-15,147,Put,3100.0,SPX270115P03100000,3.2,3.6,3.4000000000000004,3.62,0.0,0.0,0.0,447.0,0.5811,-0.0037,0.0,0.5449,-0.1004,-0.1252,3.3838,0.0,0.0,0.0,3.70000004768372,down,2026-08-20T13:36:08,0.0,0.0
SPX,2027-01-15,147,Call,3200.0,SPX270115C03200000,4497.5,4521.3,4509.4,4518.02,31.9702,0.712658,2.0,169.0,0.5724,0.9971,0.0,0.6013,0.0,12.7527,4508.1541,4502.65,4518.02,4502.65,4486.0498046875,up,2026-08-21T11:35:16,0.0,0.0
SPXW,2027-01-15,147,Call,3200.0,SPXW270115C03200000,4497.5,4520.0,4508.75,0.0,0.0,0.0,0.0,0.0,0.5653,0.9972,0.0,0.5914,0.0,12.7554,4508.0414,0.0,0.0,0.0,4486.94995117188,no_change,,0.0,0.0
SPX,2027-01-15,147,Put,3200.0,SPX270115P03200000,3.6,3.9,3.75,3.75,-0.3,-7.40741,2.0,1601.0,0.5685,-0.0041,0.0,0.6014,-0.1086,-0.1397,3.7322,3.85,3.85,3.75,4.04999995231628,down,2026-08-21T11:35:16,0.0,0.0
SPXW,2027-01-15,147,Put,3200.0,SPXW270115P03200000,3.6,3.9,3.75,4.0,0.0,0.0,0.0,2.0,0.568,-0.004,0.0,0.5915,-0.1061,-0.1368,3.6375,0.0,0.0,0.0,4.04999995231628,up,2026-08-20T10:11:33,0.0,0.0
SPX,2027-01-15,147,Call,3300.0,SPX270115C03300000,4399.6,4423.4,4411.5,0.0,0.0,0.0,0.0,0.0,0.5604,0.9966,0.0,0.6616,0.0,13.1378,4410.3109,0.0,0.0,0.0,4388.25,no_change,,0.0,0.0
SPX,2027-01-15,147,Put,3300.0,SPX270115P03300000,3.9,4.2,4.05,4.32,0.0,0.0,0.0,1217.0,0.5558,-0.0046,0.0,0.6617,-0.1171,-0.1553,4.104,0.0,0.0,0.0,4.39999985694885,down,2026-08-20T13:36:08,0.0,0.0
SPX,2027-01-15,147,Call,3400.0,SPX270115C03400000,4301.8,4325.6,4313.700000000001,4212.79,0.0,0.0,0.0,29.0,0.5467,0.9961,0.0,0.7267,0.0,13.5215,4312.4918,0.0,0.0,0.0,4289.4501953125,up,2026-07-15T11:32:30,0.0,0.0
SPXW,2027-01-15,147,Call,3400.0,SPXW270115C03400000,4301.8,4323.2,4312.5,0.0,0.0,0.0,0.0,0.0,0.5407,0.9962,0.0,0.719,0.0,13.5236,4312.3977,0.0,0.0,0.0,4291.39990234375,no_change,,0.0,0.0
SPX,2027-01-15,147,Put,3400.0,SPX270115P03400000,4.3,4.6,4.449999999999999,4.4,-0.4,-8.33333,1.0,1593.0,0.543,-0.0051,0.0,0.7268,-0.1259,-0.1721,4.5,4.4,4.4,4.4,4.79999995231628,down,2026-08-21T14:09:14,0.0,0.0
SPXW,2027-01-15,147,Put,3400.0,SPXW270115P03400000,4.4,4.6,4.5,0.0,0.0,0.0,0.0,0.0,0.5425,-0.005,0.0,0.7191,-0.124,-0.1698,4.4237,0.0,0.0,0.0,4.84999990463257,no_change,,0.0,0.0
SPX,2027-01-15,147,Call,3500.0,SPX270115C03500000,4203.9,4227.7,4215.799999999999,4249.63,0.0,0.0,0.0,0.0,0.5344,0.9956,0.0,0.7972,0.0,13.9036,4214.698,0.0,0.0,0.0,4192.05004882812,up,2026-08-18T09:48:09,0.0,0.0
SPX,2027-01-15,147,Put,3500.0,SPX270115P03500000,4.7,5.0,4.85,5.0,0.0,0.0,0.0,15986.0,0.5314,-0.0056,0.0,0.7972,-0.1351,-0.1906,4.921,0.0,0.0,0.0,5.25,no_change,2026-08-14T10:31:36,0.0,0.0
SPX,2027-01-15,147,Call,3600.0,SPX270115C03600000,4106.1,4130.0,4118.05,0.0,0.0,0.0,0.0,0.0,0.5219,0.995,0.0,0.8727,0.0,14.2839,4116.9315,0.0,0.0,0.0,4094.34997558594,no_change,,0.0,0.0
SPXW,2027-01-15,147,Call,3600.0,SPXW270115C03600000,4106.2,4127.7,4116.95,0.0,0.0,0.0,0.0,0.0,0.5168,0.995,0.0,0.8675,0.0,14.2854,4116.8588,0.0,0.0,0.0,4095.89990234375,no_change,,0.0,0.0
SPX,2027-01-15,147,Put,3600.0,SPX270115P03600000,5.2,5.5,5.35,5.2,-0.5,-8.77193,103.0,2666.0,0.519,-0.0062,0.0,0.8727,-0.1445,-0.2108,5.3694,5.2,5.3,5.2,5.70000004768372,no_change,2026-08-21T15:58:48,0.0,0.0
SPXW,2027-01-15,147,Put,3600.0,SPXW270115P03600000,5.2,5.4,5.300000000000001,0.0,0.0,0.0,0.0,0.0,0.5192,-0.0062,0.0,0.8676,-0.1431,-0.2091,5.3147,0.0,0.0,0.0,5.75,no_change,,0.0,0.0
SPX,2027-01-15,147,Call,3700.0,SPX270115C03700000,4008.4,4032.2,4020.3,0.0,0.0,0.0,0.0,0.0,0.5094,0.9943,0.0,0.9527,0.0,14.6627,4019.1941,0.0,0.0,0.0,3996.5,no_change,,0.0,0.0
SPX,2027-01-15,147,Put,3700.0,SPX270115P03700000,5.6,5.9,5.75,5.95,0.0,0.0,0.0,4945.0,0.5077,-0.0069,0.0,0.9528,-0.1543,-0.2327,5.8471,0.0,0.0,0.0,6.20000004768372,down,2026-08-12T14:04:08,0.0,0.0
SPX,2027-01-15,147,Call,3800.0,SPX270115C03800000,3910.6,3934.5,3922.55,0.0,0.0,0.0,0.0,0.0,0.4979,0.9936,0.0,1.0374,0.0,15.0398,3921.4872,0.0,0.0,0.0,3899.85009765625,no_change,,0.0,0.0
SPXW,2027-01-15,147,Call,3800.0,SPXW270115C03800000,3910.7,3932.2,3921.45,0.0,0.0,0.0,0.0,0.0,0.4935,0.9936,0.0,1.0351,0.0,15.0406,3921.4384,0.0,0.0,0.0,3900.70007324219,no_change,,0.0,0.0
SPX,2027-01-15,147,Put,3800.0,SPX270115P03800000,6.1,6.4,6.25,6.3,0.0,0.0,0.0,536.0,0.4961,-0.0076,0.0,1.0375,-0.1645,-0.2561,6.3552,0.0,0.0,0.0,6.79999995231628,down,2026-08-19T09:30:02,0.0,0.0
SPXW,2027-01-15,147,Put,3800.0,SPXW270115P03800000,6.1,6.4,6.25,0.0,0.0,0.0,0.0,0.0,0.4952,-0.0076,0.0,1.0356,-0.1636,-0.2552,6.3278,0.0,0.0,0.0,6.79999995231628,no_change,,0.0,0.0
SPX,2027-01-15,147,Call,3850.0,SPX270115C03850000,3861.8,3885.6,3873.7,3774.88,0.0,0.0,0.0,2.0,0.4925,0.9932,0.0,1.0818,0.0,15.2278,3872.6456,0.0,0.0,0.0,3850.90002441406,up,2026-07-15T11:31:40,0.0,0.0
SPX,2027-01-15,147,Put,3850.0,SPX270115P03850000,6.3,6.7,6.5,6.64,-0.46,-6.47888,8.0,108.0,0.4903,-0.008,0.0,1.082,-0.1697,-0.2684,6.6211,6.63,6.67,6.63,7.10000014305115,down,2026-08-21T09:50:03,0.0,0.0
SPX,2027-01-15,147,Call,3900.0,SPX270115C03900000,3813.0,3836.8,3824.9,0.0,0.0,0.0,0.0,0.0,0.4862,0.9928,0.0,1.1279,0.0,15.4153,3823.8123,0.0,0.0,0.0,3801.54992675781,no_change,,0.0,0.0
SPXW,2027-01-15,147,Call,3900.0,SPXW270115C03900000,3813.0,3835.8,3824.4,0.0,0.0,0.0,0.0,0.0,0.4821,0.9929,0.0,1.1271,0.0,15.4156,3823.7763,0.0,0.0,0.0,3803.0,no_change,,0.0,0.0
SPX,2027-01-15,147,Put,3900.0,SPX270115P03900000,6.6,7.0,6.8,7.64,0.0,0.0,0.0,363.0,0.4844,-0.0083,0.0,1.128,-0.175,-0.2812,6.8953,0.0,0.0,0.0,7.34999990463257,up,2026-08-07T15:51:18,0.0,0.0
SPXW,2027-01-15,147,Put,3900.0,SPXW270115P03900000,6.7,6.9,6.800000000000001,0.0,0.0,0.0,0.0,0.0,0.484,-0.0083,0.0,1.1275,-0.1744,-0.2807,6.8794,0.0,0.0,0.0,7.40000009536743,no_change,,0.0,0.0
SPX,2027-01-15,147,Call,3950.0,SPX270115C03950000,3764.1,3788.0,3776.05,0.0,0.0,0.0,0.0,0.0,0.4807,0.9924,0.0,1.1758,0.0,15.6023,3774.9876,0.0,0.0,0.0,3752.75,no_change,,0.0,0.0
SPX,2027-01-15,147,Put,3950.0,SPX270115P03950000,6.9,7.2,7.050000000000001,7.1,0.0,0.0,0.0,538.0,0.479,-0.0087,0.0,1.1759,-0.1804,-0.2945,7.1779,0.0,0.0,0.0,7.70000004768372,no_change,2026-08-13T13:17:29,0.0,0.0
SPX,2027-01-15,147,Call,4000.0,SPX270115C04000000,3715.3,3739.1,3727.2,3758.31,0.0,0.0,0.0,102.0,0.4752,0.992,0.0,1.2257,0.0,15.7886,3726.1718,0.0,0.0,0.0,3704.04992675781,up,2026-08-18T09:54:20,0.0,0.0
SPXW,2027-01-15,147,Call,4000.0,SPXW270115C04000000,3717.2,3739.2,3728.2,0.0,0.0,0.0,0.0,0.0,0.4706,0.992,0.0,1.2263,0.0,15.7885,3726.149,0.0,0.0,0.0,3705.5,no_change,,0.0,0.0
SPX,2027-01-15,147,Put,4000.0,SPX270115P04000000,7.2,7.5,7.35,7.6,0.0,0.0,0.0,7565.0,0.4735,-0.0092,0.0,1.2258,-0.1859,-0.3084,7.4696,0.0,0.0,0.0,7.9500002861023,up,2026-08-19T13:31:03,0.0,0.0
SPXW,2027-01-15,147,Put,4000.0,SPXW270115P04000000,7.2,7.5,7.35,0.0,0.0,0.0,0.0,0.0,0.4731,-0.0092,0.0,1.2266,-0.1854,-0.3083,7.4655,0.0,0.0,0.0,8.00000023841858,no_change,,0.0,0.0
SPX,2027-01-15,147,Call,4050.0,SPX270115C04050000,3666.5,3690.3,3678.4,3529.3,0.0,0.0,0.0,4.0,0.4697,0.9916,0.0,1.2775,-0.0047,15.9743,3677.3654,0.0,0.0,0.0,3655.34997558594,up,2026-07-01T11:03:39,0.0,0.0
SPX,2027-01-15,147,Put,4050.0,SPX270115P04050000,7.5,7.8,7.65,9.07,0.0,0.0,0.0,391.0,0.468,-0.0096,0.0,1.2776,-0.1914,-0.323,7.7707,0.0,0.0,0.0,8.30000019073486,down,2026-08-05T12:58:05,0.0,0.0
SPX,2027-01-15,147,Call,4100.0,SPX270115C04100000,3617.7,3641.5,3629.6,2616.56,0.0,0.0,0.0,1.0,0.4641,0.9911,0.0,1.3313,-0.0128,16.1593,3628.569,0.0,0.0,0.0,3606.25,down,2026-04-07T13:49:57,0.0,0.0
SPXW,2027-01-15,147,Call,4100.0,SPXW270115C04100000,3620.1,3641.6,3630.85,0.0,0.0,0.0,0.0,0.0,0.4598,0.9911,0.0,1.3335,-0.013,16.1587,3628.5598,0.0,0.0,0.0,3607.94995117188,no_change,,0.0,0.0
SPX,2027-01-15,147,Put,4100.0,SPX270115P04100000,7.8,8.2,8.0,8.0,-0.6,-6.97674,1.0,2135.0,0.4624,-0.01,0.0,1.3314,-0.1971,-0.3384,8.0817,8.0,8.0,8.0,8.59999990463257,down,2026-08-21T12:21:56,0.0,0.0
SPXW,2027-01-15,147,Put,4100.0,SPXW270115P04100000,7.9,8.1,8.0,0.0,0.0,0.0,0.0,0.0,0.462,-0.0101,0.0,1.3335,-0.1969,-0.3386,8.0898,0.0,0.0,0.0,8.7000002861023,no_change,,0.0,0.0
SPX,2027-01-15,147,Call,4150.0,SPX270115C04150000,3568.9,3592.7,3580.8,0.0,0.0,0.0,0.0,0.0,0.4585,0.9907,0.0,1.3869,-0.0211,16.3435,3579.783,0.0,0.0,0.0,3558.0,no_change,,0.0,0.0
SPX,2027-01-15,147,Put,4150.0,SPX270115P04150000,8.1,8.5,8.3,8.43,0.0,0.0,0.0,406.0,0.4572,-0.0105,0.0,1.3869,-0.2029,-0.3544,8.4026,0.0,0.0,0.0,9.0,no_change,2026-08-13T15:55:19,0.0,0.0
SPX,2027-01-15,147,Call,4200.0,SPX270115C04200000,3520.2,3544.0,3532.1,3636.46,0.0,0.0,0.0,2003.0,0.4528,0.9902,0.0,1.4443,-0.0295,16.5271,3531.0081,0.0,0.0,0.0,3509.0,up,2026-08-13T09:36:17,0.0,0.0
SPXW,2027-01-15,147,Call,4200.0,SPXW270115C04200000,3520.2,3543.6,3531.8999999999996,0.0,0.0,0.0,0.0,0.0,0.4496,0.9901,0.0,1.4481,-0.0299,16.5261,3531.0129,0.0,0.0,0.0,3510.5,no_change,,0.0,0.0
SPX,2027-01-15,147,Put,4200.0,SPX270115P04200000,8.5,8.8,8.65,9.05,0.0,0.0,0.0,1185.0,0.4512,-0.011,0.0,1.4443,-0.2088,-0.3711,8.7352,0.0,0.0,0.0,9.40000009536743,up,2026-08-17T14:37:06,0.0,0.0
SPXW,2027-01-15,147,Put,4200.0,SPXW270115P04200000,8.5,8.8,8.65,0.0,0.0,0.0,0.0,0.0,0.4511,-0.011,0.0,1.448,-0.2088,-0.3718,8.7561,0.0,0.0,0.0,9.40000009536743,no_change,,0.0,0.0
SPX,2027-01-15,147,Call,4250.0,SPX270115C04250000,3471.4,3495.2,3483.3,3406.49,0.0,0.0,0.0,2000.0,0.4478,0.9896,0.0,1.5034,-0.038,16.7099,3482.2447,0.0,0.0,0.0,3460.35009765625,no_change,2026-08-03T13:16:03,0.0,0.0
SPX,2027-01-15,147,Put,4250.0,SPX270115P04250000,8.8,9.2,9.0,9.32,0.0,0.0,0.0,254.0,0.4462,-0.0115,0.0,1.5034,-0.2148,-0.3885,9.0793,0.0,0.0,0.0,9.69999980926514,up,2026-08-17T13:15:08,0.0,0.0
SPX,2027-01-15,147,Call,4300.0,SPX270115C04300000,3422.7,3446.5,3434.6,3288.7,0.0,0.0,0.0,8.0,0.4421,0.9891,0.0,1.5642,-0.0466,16.8921,3433.4934,0.0,0.0,0.0,3411.44995117188,no_change,2026-07-01T11:03:07,0.0,0.0
SPXW,2027-01-15,147,Call,4300.0,SPXW270115C04300000,3422.7,3446.1,3434.3999999999996,0.0,0.0,0.0,0.0,0.0,0.4391,0.9891,0.0,1.5695,-0.0472,16.8907,3433.5125,0.0,0.0,0.0,3413.10009765625,no_change,,0.0,0.0
SPX,2027-01-15,147,Put,4300.0,SPX270115P04300000,9.2,9.6,9.399999999999999,9.54,-0.51,-5.07462,108.0,546.0,0.4408,-0.0121,0.0,1.5642,-0.2209,-0.4066,9.4354,9.56,9.56,9.52,10.0499997138977,no_change,2026-08-21T10:44:47,0.0,0.0
SPXW,2027-01-15,147,Put,4300.0,SPXW270115P04300000,9.2,9.5,9.35,0.0,0.0,0.0,0.0,0.0,0.4407,-0.0121,0.0,1.5692,-0.2211,-0.4078,9.4685,0.0,0.0,0.0,10.2000002861023,no_change,,0.0,0.0
SPX,2027-01-15,147,Call,4350.0,SPX270115C04350000,3373.9,3397.7,3385.8,0.0,0.0,0.0,0.0,0.0,0.437,0.9885,0.0,1.6269,-0.0554,17.0737,3384.7546,0.0,0.0,0.0,3363.09997558594,no_change,,0.0,0.0
SPX,2027-01-15,147,Put,4350.0,SPX270115P04350000,9.6,9.9,9.75,9.9,0.0,0.0,0.0,804.0,0.4354,-0.0126,0.0,1.6269,-0.2272,-0.4254,9.804,0.0,0.0,0.0,10.5,up,2026-08-14T11:34:47,0.0,0.0
SPX,2027-01-15,147,Call,4400.0,SPX270115C04400000,3325.2,3349.0,3337.1,2511.94,0.0,0.0,0.0,2.0,0.4318,0.988,0.0,1.6917,-0.0643,17.2545,3336.0288,0.0,0.0,0.0,3314.35009765625,down,2026-04-08T12:35:52,0.0,0.0
SPXW,2027-01-15,147,Call,4400.0,SPXW270115C04400000,3325.3,3347.0,3336.15,0.0,0.0,0.0,0.0,0.0,0.4284,0.9879,0.0,1.6986,-0.0651,17.2526,3336.0624,0.0,0.0,0.0,3315.80004882812,no_change,,0.0,0.0
SPX,2027-01-15,147,Put,4400.0,SPX270115P04400000,9.9,10.3,10.100000000000001,10.34,0.0,0.0,0.0,978.0,0.4302,-0.0132,0.0,1.6917,-0.2335,-0.4448,10.1857,0.0,0.0,0.0,11.0,up,2026-08-17T10:39:17,0.0,0.0
SPXW,2027-01-15,147,Put,4400.0,SPXW270115P04400000,10.0,10.3,10.15,0.0,0.0,0.0,0.0,0.0,0.4304,-0.0133,0.0,1.6988,-0.2341,-0.4466,10.2382,0.0,0.0,0.0,11.0499997138977,no_change,,0.0,0.0
SPX,2027-01-15,147,Call,4450.0,SPX270115C04450000,3276.5,3300.3,3288.4,0.0,0.0,0.0,0.0,0.0,0.4266,0.9873,0.0,1.7591,-0.0733,17.4346,3287.3167,0.0,0.0,0.0,3265.94995117188,no_change,,0.0,0.0
SPX,2027-01-15,147,Put,4450.0,SPX270115P04450000,10.3,10.7,10.5,11.4,0.0,0.0,0.0,1008.0,0.425,-0.0138,0.0,1.7591,-0.24,-0.465,10.581,0.0,0.0,0.0,11.4000000953674,up,2026-08-18T12:59:14,0.0,0.0
SPX,2027-01-15,147,Call,4500.0,SPX270115C04500000,3227.8,3251.6,3239.7,3093.9,0.0,0.0,0.0,3.0,0.4213,0.9867,0.0,1.8292,-0.0824,17.6137,3238.6189,0.0,0.0,0.0,3217.40002441406,up,2026-07-01T11:02:40,0.0,0.0
SPXW,2027-01-15,147,Call,4500.0,SPXW270115C04500000,3231.2,3251.8,3241.5,0.0,0.0,0.0,0.0,0.0,0.4187,0.9866,0.0,1.8378,-0.0834,17.6113,3238.6671,0.0,0.0,0.0,3218.55004882812,no_change,,0.0,0.0
SPX,2027-01-15,147,Put,4500.0,SPX270115P04500000,10.8,11.2,11.0,11.9,0.0,0.0,0.0,3098.0,0.42,-0.0145,0.0,1.8292,-0.2467,-0.4862,10.9907,0.0,0.0,0.0,11.8499999046326,no_change,2026-08-20T14:03:14,0.0,0.0
SPXW,2027-01-15,147,Put,4500.0,SPXW270115P04500000,10.9,11.1,11.0,0.0,0.0,0.0,0.0,0.0,0.4199,-0.0146,0.0,1.838,-0.2474,-0.4884,11.058,0.0,0.0,0.0,11.9500002861023,no_change,,0.0,0.0
SPX,2027-01-15,147,Call,4550.0,SPX270115C04550000,3179.2,3203.0,3191.1,0.0,0.0,0.0,0.0,0.0,0.416,0.986,0.0,1.9024,-0.0917,17.7919,3189.9363,0.0,0.0,0.0,3169.44995117188,no_change,,0.0,0.0
SPX,2027-01-15,147,Put,4550.0,SPX270115P04550000,11.2,11.6,11.399999999999999,11.7,0.0,0.0,0.0,451.0,0.4147,-0.0152,0.0,1.9024,-0.2534,-0.5083,11.4156,0.0,0.0,0.0,12.3000001907349,up,2026-08-17T10:53:23,0.0,0.0
SPX,2027-01-15,147,Call,4600.0,SPX270115C04600000,3130.5,3154.3,3142.4,3073.15,0.0,0.0,0.0,11.0,0.4111,0.9853,0.0,1.9788,-0.1011,17.9688,3141.2699,0.0,0.0,0.0,3119.85009765625,down,2026-06-15T14:15:13,0.0,0.0
SPXW,2027-01-15,147,Call,4600.0,SPXW270115C04600000,3134.4,3154.5,3144.45,0.0,0.0,0.0,0.0,0.0,0.4087,0.9852,0.0,1.9891,-0.1023,17.9658,3141.3329,0.0,0.0,0.0,3121.45007324219,no_change,,0.0,0.0
SPX,2027-01-15,147,Put,4600.0,SPX270115P04600000,11.7,12.1,11.899999999999999,12.9,0.0,0.0,0.0,2090.0,0.4099,-0.0159,0.0,1.9788,-0.2604,-0.5317,11.8566,0.0,0.0,0.0,12.8000001907349,no_change,2026-08-20T15:38:29,0.0,0.0
SPXW,2027-01-15,147,Put,4600.0,SPXW270115P04600000,11.8,12.0,11.9,0.0,0.0,0.0,0.0,0.0,0.4097,-0.016,0.0,1.9893,-0.2613,-0.5345,11.9388,0.0,0.0,0.0,12.9500002861023,no_change,,0.0,0.0
SPX,2027-01-15,147,Call,4625.0,SPX270115C04625000,3106.2,3130.0,3118.1,3126.97,31.52,1.01827,2.0,10.0,0.4081,0.985,0.0,2.0182,-0.1058,18.0568,3116.9431,3127.01,3127.01,3126.97,3095.44995117188,down,2026-08-21T12:17:22,0.0,0.0
SPX,2027-01-15,147,Put,4625.0,SPX270115P04625000,11.9,12.3,12.100000000000001,12.5,0.0,0.0,0.0,423.0,0.4072,-0.0162,0.0,2.0182,-0.2639,-0.5438,12.0836,0.0,0.0,0.0,13.0999999046326,no_change,2026-08-12T10:18:59,0.0,0.0
SPX,2027-01-15,147,Call,4650.0,SPX270115C04650000,3081.9,3105.7,3093.8,3090.63,18.58,0.604806,28.0,47.0,0.4057,0.9846,0.0,2.0584,-0.1106,18.1445,3092.6208,3101.39,3102.53,3090.51,3072.05004882812,up,2026-08-21T14:37:05,0.0,0.0
SPX,2027-01-15,147,Put,4650.0,SPX270115P04650000,12.1,12.5,12.3,13.29,0.0,0.0,0.0,381.0,0.4047,-0.0166,0.0,2.0584,-0.2674,-0.5562,12.315,0.0,0.0,0.0,13.3499999046326,down,2026-08-11T14:49:53,0.0,0.0
SPX,2027-01-15,147,Call,4675.0,SPX270115C04675000,3057.6,3081.4,3069.5,0.0,0.0,0.0,0.0,0.0,0.4032,0.9842,0.0,2.0994,-0.1155,18.2319,3068.3031,0.0,0.0,0.0,3047.34997558594,no_change,,0.0,0.0
SPX,2027-01-15,147,Put,4675.0,SPX270115P04675000,12.4,12.8,12.600000000000001,13.43,0.0,0.0,0.0,257.0,0.4022,-0.017,0.0,2.0994,-0.271,-0.569,12.551,0.0,0.0,0.0,13.5999999046326,no_change,2026-08-10T11:22:31,0.0,0.0
SPX,2027-01-15,147,Call,4700.0,SPX270115C04700000,3033.3,3057.1,3045.2,2911.1,0.0,0.0,0.0,1.0,0.4007,0.9838,0.0,2.1411,-0.1204,18.3189,3043.9901,0.0,0.0,0.0,3023.19995117188,up,2026-07-09T10:00:31,0.0,0.0
SPXW,2027-01-15,147,Call,4700.0,SPXW270115C04700000,3033.4,3056.3,3044.8500000000004,0.0,0.0,0.0,0.0,0.0,0.3985,0.9837,0.0,2.1529,-0.1218,18.3153,3044.0682,0.0,0.0,0.0,3024.25,no_change,,0.0,0.0
SPX,2027-01-15,147,Put,4700.0,SPX270115P04700000,12.6,13.0,12.8,13.0,-0.9,-6.47482,210.0,697.0,0.3997,-0.0174,0.0,2.1411,-0.2747,-0.5821,12.7918,13.0,13.0,13.0,13.9000000953674,up,2026-08-21T12:05:20,0.0,0.0
SPXW,2027-01-15,147,Put,4700.0,SPXW270115P04700000,12.7,13.0,12.85,0.0,0.0,0.0,0.0,0.0,0.3998,-0.0175,0.0,2.1532,-0.2758,-0.5856,12.8892,0.0,0.0,0.0,14.0,no_change,,0.0,0.0
SPX,2027-01-15,147,Call,4725.0,SPX270115C04725000,3009.0,3032.8,3020.9,0.0,0.0,0.0,0.0,0.0,0.3982,0.9834,0.0,2.1835,-0.1253,18.4056,3019.6821,0.0,0.0,0.0,2998.90002441406,no_change,,0.0,0.0
SPX,2027-01-15,147,Put,4725.0,SPX270115P04725000,12.9,13.3,13.100000000000001,13.58,0.0,0.0,0.0,454.0,0.3972,-0.0178,0.0,2.1835,-0.2784,-0.5956,13.0376,0.0,0.0,0.0,14.1999998092651,no_change,2026-08-12T09:39:01,0.0,0.0
SPX,2027-01-15,147,Call,4750.0,SPX270115C04750000,2984.7,3008.5,2996.6,0.0,0.0,0.0,0.0,0.0,0.3957,0.983,0.0,2.2267,-0.1303,18.492,2995.3792,0.0,0.0,0.0,2974.64990234375,no_change,,0.0,0.0
SPX,2027-01-15,147,Put,4750.0,SPX270115P04750000,13.1,13.5,13.3,13.35,0.0,0.0,0.0,314.0,0.3947,-0.0182,0.0,2.2267,-0.2821,-0.6093,13.2884,0.0,0.0,0.0,14.4000000953674,down,2026-08-17T09:49:32,0.0,0.0
SPX,2027-01-15,147,Call,4775.0,SPX270115C04775000,2960.4,2984.2,2972.3,2904.61,0.0,0.0,0.0,13.0,0.3931,0.9826,0.0,2.2705,-0.1353,18.5781,2971.0815,0.0,0.0,0.0,2950.39990234375,up,2026-06-15T14:17:58,0.0,0.0
SPX,2027-01-15,147,Put,4775.0,SPX270115P04775000,13.4,13.8,13.600000000000001,14.8,0.0,0.0,0.0,125.0,0.3922,-0.0186,0.0,2.2705,-0.2858,-0.6234,13.5444,0.0,0.0,0.0,14.6999998092651,down,2026-08-18T10:24:36,0.0,0.0
SPX,2027-01-15,147,Call,4800.0,SPX270115C04800000,2936.1,2959.9,2948.0,2880.66,0.0,0.0,0.0,13.0,0.3906,0.9822,0.0,2.3151,-0.1404,18.6638,2946.7892,0.0,0.0,0.0,2926.19995117188,up,2026-06-15T14:17:58,0.0,0.0
SPXW,2027-01-15,147,Call,4800.0,SPXW270115C04800000,2936.2,2958.1,2947.1499999999996,0.0,0.0,0.0,0.0,0.0,0.389,0.982,0.0,2.3284,-0.1419,18.6597,2946.8824,0.0,0.0,0.0,2927.19995117188,no_change,,0.0,0.0
SPX,2027-01-15,147,Put,4800.0,SPX270115P04800000,13.7,14.1,13.899999999999999,13.88,0.0,0.0,0.0,584.0,0.3896,-0.019,0.0,2.3151,-0.2897,-0.6378,13.8058,0.0,0.0,0.0,15.0,down,2026-08-14T12:29:44,0.0,0.0
SPXW,2027-01-15,147,Put,4800.0,SPXW270115P04800000,13.8,14.1,13.95,0.0,0.0,0.0,0.0,0.0,0.3897,-0.0192,0.0,2.3286,-0.291,-0.6418,13.9185,0.0,0.0,0.0,15.1500000953674,no_change,,0.0,0.0
SPX,2027-01-15,147,Call,4825.0,SPX270115C04825000,2911.8,2935.6,2923.7,0.0,0.0,0.0,0.0,0.0,0.3885,0.9817,0.0,2.3603,-0.1455,18.7493,2922.5024,0.0,0.0,0.0,2901.84997558594,no_change,,0.0,0.0
SPX,2027-01-15,147,Put,4825.0,SPX270115P04825000,13.9,14.3,14.100000000000001,15.3,0.0,0.0,0.0,168.0,0.3873,-0.0195,0.0,2.3604,-0.2935,-0.6525,14.0728,0.0,0.0,0.0,15.3000001907349,up,2026-08-18T15:30:26,0.0,0.0
SPX,2027-01-15,147,Call,4850.0,SPX270115C04850000,2887.6,2911.4,2899.5,0.0,0.0,0.0,0.0,0.0,0.3859,0.9813,0.0,2.4064,-0.1506,18.8344,2898.2213,0.0,0.0,0.0,2877.59997558594,no_change,,0.0,0.0
SPX,2027-01-15,147,Put,4850.0,SPX270115P04850000,14.2,14.6,14.399999999999999,15.5,0.0,0.0,0.0,243.0,0.3847,-0.0199,0.0,2.4064,-0.2974,-0.6675,14.3454,0.0,0.0,0.0,15.5999999046326,up,2026-08-10T14:20:33,0.0,0.0
SPX,2027-01-15,147,Call,4875.0,SPX270115C04875000,2863.3,2887.1,2875.2,0.0,0.0,0.0,0.0,0.0,0.3833,0.9808,0.0,2.4532,-0.1559,18.9193,2873.9459,0.0,0.0,0.0,2853.39990234375,no_change,,0.0,0.0
SPX,2027-01-15,147,Put,4875.0,SPX270115P04875000,14.5,14.9,14.7,24.75,0.0,0.0,0.0,101.0,0.3823,-0.0204,0.0,2.4532,-0.3014,-0.6828,14.6237,0.0,0.0,0.0,15.9000000953674,down,2026-07-29T10:17:00,0.0,0.0
SPX,2027-01-15,147,Call,4900.0,SPX270115C04900000,2839.0,2862.8,2850.9,2794.7,0.0,0.0,0.0,7.0,0.3811,0.9803,0.0,2.5008,-0.1611,19.0038,2849.6765,0.0,0.0,0.0,2829.19995117188,up,2026-08-03T15:52:10,0.0,0.0
SPXW,2027-01-15,147,Call,4900.0,SPXW270115C04900000,2839.1,2862.1,2850.6,0.0,0.0,0.0,0.0,0.0,0.3791,0.9802,0.0,2.5155,-0.1628,18.9992,2849.785,0.0,0.0,0.0,2830.25,no_change,,0.0,0.0
SPX,2027-01-15,147,Put,4900.0,SPX270115P04900000,14.8,15.2,15.0,15.01,-1.24,-7.63077,4.0,1569.0,0.3799,-0.0209,0.0,2.5009,-0.3054,-0.6984,14.9081,15.05,15.05,15.01,16.25,down,2026-08-21T12:40:34,0.0,0.0
SPXW,2027-01-15,147,Put,4900.0,SPXW270115P04900000,14.9,15.2,15.05,0.0,0.0,0.0,0.0,0.0,0.38,-0.021,0.0,2.5155,-0.3068,-0.7028,15.0344,0.0,0.0,0.0,16.3500003814697,no_change,,0.0,0.0
SPX,2027-01-15,147,Call,4925.0,SPX270115C04925000,2814.8,2838.6,2826.7,2761.24,0.0,0.0,0.0,10.0,0.3784,0.9798,0.0,2.5494,-0.1664,19.088,2825.4133,0.0,0.0,0.0,2804.89990234375,up,2026-06-15T14:14:16,0.0,0.0
SPX,2027-01-15,147,Put,4925.0,SPX270115P04925000,15.1,15.5,15.3,15.68,-0.92,-5.54217,4.0,358.0,0.3775,-0.0214,0.0,2.5497,-0.3095,-0.7145,15.2003,15.71,15.71,15.59,16.5999994277954,up,2026-08-21T09:50:03,0.0,0.0
SPX,2027-01-15,147,Call,4950.0,SPX270115C04950000,2800.0,2804.0,2802.0,2737.77,0.0,0.0,0.0,10.0,0.3726,0.9794,0.0,2.599,-0.1718,19.1718,2801.1563,0.0,0.0,0.0,2780.69995117188,up,2026-06-15T14:14:16,0.0,0.0
SPX,2027-01-15,147,Put,4950.0,SPX270115P04950000,15.4,15.8,15.600000000000001,15.93,-0.97,-5.73965,54.0,230.0,0.3749,-0.0218,0.0,2.599,-0.3136,-0.7307,15.4953,15.92,15.98,15.9,16.9000005722046,no_change,2026-08-21T10:44:47,0.0,0.0
SPX,2027-01-15,147,Call,4975.0,SPX270115C04975000,2775.3,2780.0,2777.65,2714.65,0.0,0.0,0.0,15.0,0.37,0.9788,0.0,2.6497,-0.1772,19.2553,2776.9057,0.0,0.0,0.0,2756.5,no_change,2026-06-15T14:16:55,0.0,0.0
SPX,2027-01-15,147,Put,4975.0,SPX270115P04975000,15.7,16.1,15.9,17.52,0.0,0.0,0.0,150.0,0.3726,-0.0223,0.0,2.65,-0.3178,-0.7475,15.8004,0.0,0.0,0.0,17.1999998092651,up,2026-08-07T11:50:03,0.0,0.0
SPX,2027-01-15,147,Call,5000.0,SPX270115C05000000,2751.5,2755.5,2753.5,2785.44,0.0,0.0,0.0,609.0,0.3676,0.9783,0.0,2.7014,-0.1827,19.3383,2752.6618,0.0,0.0,0.0,2732.25,down,2026-08-18T14:19:27,0.0,0.0
SPXW,2027-01-15,147,Call,5000.0,SPXW270115C05000000,2742.2,2765.2,2753.7,0.0,0.0,0.0,0.0,0.0,0.3695,0.9782,0.0,2.7177,-0.1845,19.3332,2752.7854,0.0,0.0,0.0,2733.5,no_change,,0.0,0.0
SPX,2027-01-15,147,Put,5000.0,SPX270115P05000000,16.0,16.4,16.2,17.1,0.0,0.0,0.0,3539.0,0.3703,-0.0229,0.0,2.7015,-0.322,-0.7645,16.1083,0.0,0.0,0.0,17.5999994277954,no_change,2026-08-20T13:33:51,0.0,0.0
SPXW,2027-01-15,147,Put,5000.0,SPXW270115P05000000,16.1,16.4,16.25,17.35,0.0,0.0,0.0,2.0,0.3704,-0.023,0.0,2.7181,-0.3236,-0.7695,16.2518,0.0,0.0,0.0,17.6999998092651,up,2026-08-20T13:30:09,0.0,0.0
SPX,2027-01-15,147,Call,5025.0,SPX270115C05025000,2727.1,2731.5,2729.3,0.0,0.0,0.0,0.0,0.0,0.365,0.9778,0.0,2.7545,-0.1882,19.4209,2728.4248,0.0,0.0,0.0,2708.09997558594,no_change,,0.0,0.0
SPX,2027-01-15,147,Put,5025.0,SPX270115P05025000,16.3,16.7,16.5,18.18,0.0,0.0,0.0,193.0,0.3677,-0.0234,0.0,2.7545,-0.3262,-0.782,16.425,0.0,0.0,0.0,17.9000005722046,up,2026-08-18T16:14:01,0.0,0.0
SPX,2027-01-15,147,Call,5050.0,SPX270115C05050000,2703.0,2707.0,2705.0,2448.78,0.0,0.0,0.0,27.0,0.3627,0.9772,0.0,2.8087,-0.1938,19.5031,2704.1948,0.0,0.0,0.0,2683.95007324219,down,2026-07-27T11:49:38,0.0,0.0
SPX,2027-01-15,147,Put,5050.0,SPX270115P05050000,16.7,17.0,16.85,17.96,0.0,0.0,0.0,1065.0,0.3654,-0.024,0.0,2.8087,-0.3306,-0.8,16.7488,0.0,0.0,0.0,18.25,up,2026-08-20T13:46:58,0.0,0.0
SPX,2027-01-15,147,Call,5075.0,SPX270115C05075000,2678.7,2683.0,2680.85,2000.53,0.0,0.0,0.0,1.0,0.3601,0.9767,0.0,2.8643,-0.1994,19.5847,2679.9722,0.0,0.0,0.0,2659.75,down,2025-12-12T15:14:19,0.0,0.0
SPX,2027-01-15,147,Put,5075.0,SPX270115P05075000,17.0,17.4,17.2,17.4,0.0,0.0,0.0,149.0,0.3628,-0.0245,0.0,2.8643,-0.335,-0.8185,17.0799,0.0,0.0,0.0,18.6499996185303,no_change,2026-08-19T15:55:55,0.0,0.0
SPX,2027-01-15,147,Call,5100.0,SPX270115C05100000,2654.6,2658.6,2656.6,2673.44,0.0,0.0,0.0,7.0,0.3585,0.9761,0.0,2.9212,-0.2051,19.6658,2655.7572,0.0,0.0,0.0,2635.54992675781,up,2026-08-04T10:45:15,0.0,0.0
SPXW,2027-01-15,147,Call,5100.0,SPXW270115C05100000,2645.3,2667.2,2656.25,0.0,0.0,0.0,0.0,0.0,0.3599,0.9759,0.0,2.9392,-0.2071,19.66,2655.8962,0.0,0.0,0.0,2636.65002441406,no_change,,0.0,0.0
SPX,2027-01-15,147,Put,5100.0,SPX270115P05100000,17.3,17.7,17.5,19.0,0.0,0.0,0.0,545.0,0.3605,-0.0251,0.0,2.9212,-0.3394,-0.8376,17.4187,0.0,0.0,0.0,19.0,down,2026-08-18T15:37:39,0.0,0.0
SPXW,2027-01-15,147,Put,5100.0,SPXW270115P05100000,17.5,17.8,17.65,0.0,0.0,0.0,0.0,0.0,0.3607,-0.0253,0.0,2.9396,-0.3411,-0.8433,17.5777,0.0,0.0,0.0,19.1499996185303,no_change,,0.0,0.0
SPX,2027-01-15,147,Call,5125.0,SPX270115C05125000,2630.1,2634.7,2632.3999999999996,2713.59,0.0,0.0,0.0,62.0,0.3557,0.9755,0.0,2.9795,-0.2109,19.7462,2631.5501,0.0,0.0,0.0,2611.34997558594,no_change,2026-08-17T15:11:53,0.0,0.0
SPX,2027-01-15,147,Put,5125.0,SPX270115P05125000,17.7,18.1,17.9,18.2,-1.2,-6.18557,2.0,249.0,0.3583,-0.0257,0.0,2.9797,-0.3439,-0.8573,17.7666,18.2,18.2,18.2,19.4000005722046,down,2026-08-21T10:28:34,0.0,0.0
SPX,2027-01-15,147,Call,5150.0,SPX270115C05150000,2606.2,2610.1,2608.1499999999996,2666.9,0.0,0.0,0.0,41.0,0.3539,0.9749,0.0,3.039,-0.2167,19.8261,2607.3512,0.0,0.0,0.0,2587.29992675781,up,2026-08-04T12:44:06,0.0,0.0
SPX,2027-01-15,147,Put,5150.0,SPX270115P05150000,18.0,18.4,18.2,20.1,0.0,0.0,0.0,643.0,0.3557,-0.0263,0.0,3.039,-0.3485,-0.8775,18.1201,0.0,0.0,0.0,19.75,no_change,2026-08-18T11:20:02,0.0,0.0
SPX,2027-01-15,147,Call,5175.0,SPX270115C05175000,2581.7,2586.3,2584.0,2658.61,0.0,0.0,0.0,0.0,0.351,0.9743,0.0,3.0999,-0.2226,19.9054,2583.1608,0.0,0.0,0.0,2563.10009765625,down,2026-08-12T15:51:50,0.0,0.0
SPX,2027-01-15,147,Put,5175.0,SPX270115P05175000,18.4,18.8,18.6,19.65,0.0,0.0,0.0,132.0,0.3533,-0.0269,0.0,3.0999,-0.3531,-0.8984,18.4834,0.0,0.0,0.0,20.1499996185303,up,2026-08-17T15:04:29,0.0,0.0
SPX,2027-01-15,147,Call,5200.0,SPX270115C05200000,2557.9,2561.8,2559.8500000000004,2601.91,0.0,0.0,0.0,50.0,0.3493,0.9736,0.0,3.162,-0.2285,19.9841,2558.9792,0.0,0.0,0.0,2538.94995117188,down,2026-08-19T10:23:10,0.0,0.0
SPXW,2027-01-15,147,Call,5200.0,SPXW270115C05200000,2548.5,2570.6,2559.55,0.0,0.0,0.0,0.0,0.0,0.3504,0.9735,0.0,3.1815,-0.2306,19.9776,2559.1339,0.0,0.0,0.0,2540.05004882812,no_change,,0.0,0.0
SPX,2027-01-15,147,Put,5200.0,SPX270115P05200000,18.8,19.2,19.0,19.0,-1.55,-7.54258,8.0,753.0,0.3511,-0.0276,0.0,3.162,-0.3578,-0.9198,18.8555,19.0,19.0,19.0,20.5499992370605,no_change,2026-08-21T15:40:23,0.0,0.0
SPXW,2027-01-15,147,Put,5200.0,SPXW270115P05200000,18.9,19.3,19.1,0.0,0.0,0.0,0.0,0.0,0.3514,-0.0277,0.0,3.1819,-0.3597,-0.9262,19.0306,0.0,0.0,0.0,20.75,no_change,,0.0,0.0
SPX,2027-01-15,147,Call,5225.0,SPX270115C05225000,2533.4,2537.9,2535.65,0.0,0.0,0.0,0.0,0.0,0.3464,0.973,0.0,3.2252,-0.2345,20.0622,2534.8066,0.0,0.0,0.0,2514.84997558594,no_change,,0.0,0.0
SPX,2027-01-15,147,Put,5225.0,SPX270115P05225000,19.2,19.5,19.35,19.2,0.0,0.0,0.0,312.0,0.3488,-0.0282,0.0,3.2254,-0.3626,-0.942,19.2382,0.0,0.0,0.0,20.9500007629395,down,2026-08-13T11:03:47,0.0,0.0
SPX,2027-01-15,147,Call,5250.0,SPX270115C05250000,2509.6,2513.4,2511.5,0.0,0.0,0.0,0.0,0.0,0.3445,0.9723,0.0,3.2896,-0.2406,20.1396,2510.6435,0.0,0.0,0.0,2490.70007324219,no_change,,0.0,0.0
SPX,2027-01-15,147,Put,5250.0,SPX270115P05250000,19.5,19.9,19.7,19.75,-1.6,-7.49415,16.0,2036.0,0.3465,-0.0289,0.0,3.2899,-0.3674,-0.9647,19.6288,19.85,19.85,19.75,21.3500003814697,down,2026-08-21T13:09:39,0.0,0.0
SPX,2027-01-15,147,Call,5275.0,SPX270115C05275000,2485.1,2489.6,2487.35,1914.69,0.0,0.0,0.0,1.0,0.3419,0.9716,0.0,3.3552,-0.2467,20.2165,2486.4902,0.0,0.0,0.0,2466.59997558594,up,2026-01-16T12:19:00,0.0,0.0
SPX,2027-01-15,147,Put,5275.0,SPX270115P05275000,20.0,20.3,20.15,20.2,-1.65,-7.55149,26.0,335.0,0.3442,-0.0296,0.0,3.3554,-0.3723,-0.9879,20.0292,20.25,20.25,20.2,21.8500003814697,no_change,2026-08-21T13:27:34,0.0,0.0
SPX,2027-01-15,147,Call,5300.0,SPX270115C05300000,2461.3,2465.1,2463.2,1853.18,0.0,0.0,0.0,1.0,0.3401,0.9709,0.0,3.4218,-0.2529,20.2928,2462.3468,0.0,0.0,0.0,2442.5,up,2025-12-23T13:26:48,0.0,0.0
SPXW,2027-01-15,147,Call,5300.0,SPXW270115C05300000,2451.9,2474.8,2463.3500000000004,0.0,0.0,0.0,0.0,0.0,0.3412,0.9707,0.0,3.4425,-0.2551,20.2858,2462.5177,0.0,0.0,0.0,2443.59997558594,no_change,,0.0,0.0
SPX,2027-01-15,147,Put,5300.0,SPX270115P05300000,20.4,20.7,20.549999999999997,20.35,-1.9,-8.53933,20.0,2516.0,0.3418,-0.0303,0.0,3.4218,-0.3772,-1.0117,20.438,20.6,20.6,20.35,22.25,no_change,2026-08-21T15:46:36,0.0,0.0
SPXW,2027-01-15,147,Put,5300.0,SPXW270115P05300000,20.5,20.9,20.7,20.75,-1.7,-7.57238,123.0,124.0,0.3421,-0.0305,0.0,3.443,-0.3792,-1.0187,20.6296,21.15,21.15,20.75,22.4499998092651,down,2026-08-21T11:45:13,0.0,0.0
SPX,2027-01-15,147,Call,5325.0,SPX270115C05325000,2437.1,2441.3,2439.2,1485.93,0.0,0.0,0.0,0.0,0.3373,0.9702,0.0,3.4896,-0.2592,20.3685,2438.2137,0.0,0.0,0.0,2418.34997558594,down,2026-03-20T14:05:26,0.0,0.0
SPX,2027-01-15,147,Put,5325.0,SPX270115P05325000,20.8,21.2,21.0,20.99,-1.76,-7.73626,32.0,2232.0,0.3396,-0.031,0.0,3.49,-0.3823,-1.0362,20.8609,21.5,21.5,20.99,22.75,down,2026-08-21T13:35:00,0.0,0.0
SPX,2027-01-15,147,Call,5350.0,SPX270115C05350000,2413.3,2416.8,2415.05,0.0,0.0,0.0,0.0,0.0,0.3356,0.9694,0.0,3.5587,-0.2656,20.4437,2414.0912,0.0,0.0,0.0,2394.34997558594,no_change,,0.0,0.0
SPX,2027-01-15,147,Put,5350.0,SPX270115P05350000,21.2,21.6,21.4,21.4,-1.85,-7.95699,18.0,265.0,0.3371,-0.0318,0.0,3.5587,-0.3874,-1.0611,21.2899,21.4,21.4,21.4,23.25,no_change,2026-08-21T13:20:18,0.0,0.0
SPX,2027-01-15,147,Call,5375.0,SPX270115C05375000,2388.6,2393.0,2390.8,1827.23,0.0,0.0,0.0,2.0,0.3332,0.9686,0.0,3.629,-0.272,20.5183,2389.9796,0.0,0.0,0.0,2370.25,up,2026-01-16T12:19:07,0.0,0.0
SPX,2027-01-15,147,Put,5375.0,SPX270115P05375000,21.6,22.0,21.8,22.0,-1.65,-6.97674,1.0,123.0,0.3349,-0.0326,0.0,3.6294,-0.3926,-1.0868,21.7344,22.0,22.0,22.0,23.6499996185303,down,2026-08-21T12:24:15,0.0,0.0
SPX,2027-01-15,147,Call,5400.0,SPX270115C05400000,2364.9,2368.6,2366.75,2261.19,0.0,0.0,0.0,6.0,0.331,0.9678,0.0,3.7008,-0.2785,20.5923,2365.8792,0.0,0.0,0.0,2346.19995117188,down,2026-06-17T13:03:54,0.0,0.0
SPXW,2027-01-15,147,Call,5400.0,SPXW270115C05400000,2355.4,2376.6,2366.0,0.0,0.0,0.0,0.0,0.0,0.3323,0.9676,0.0,3.7227,-0.2808,20.5848,2366.0664,0.0,0.0,0.0,2347.34997558594,no_change,,0.0,0.0
SPX,2027-01-15,147,Put,5400.0,SPX270115P05400000,22.1,22.5,22.3,22.62,0.0,0.0,0.0,5300.0,0.3325,-0.0333,0.0,3.7008,-0.3978,-1.1128,22.1853,0.0,0.0,0.0,24.1499996185303,down,2026-08-19T11:23:59,0.0,0.0
SPXW,2027-01-15,147,Put,5400.0,SPXW270115P05400000,22.3,22.6,22.450000000000003,24.39,0.0,0.0,0.0,100.0,0.3327,-0.0336,0.0,3.7232,-0.3999,-1.1202,22.3937,0.0,0.0,0.0,24.3500003814697,up,2026-08-20T15:00:33,0.0,0.0
SPX,2027-01-15,147,Call,5425.0,SPX270115C05425000,2340.5,2344.8,2342.65,2452.07,0.0,0.0,0.0,7.0,0.3287,0.967,0.0,3.7741,-0.2851,20.6657,2341.7902,0.0,0.0,0.0,2322.19995117188,up,2026-08-14T15:15:43,0.0,0.0
SPX,2027-01-15,147,Put,5425.0,SPX270115P05425000,22.5,23.0,22.75,25.06,0.0,0.0,0.0,253.0,0.3303,-0.0342,0.0,3.7741,-0.4031,-1.1396,22.6501,0.0,0.0,0.0,24.6499996185303,no_change,2026-08-18T11:10:03,0.0,0.0
SPX,2027-01-15,147,Call,5450.0,SPX270115C05450000,2316.8,2320.4,2318.6000000000004,0.0,0.0,0.0,0.0,0.0,0.3267,0.9662,0.0,3.8491,-0.2918,20.7384,2317.7131,0.0,0.0,0.0,2298.19995117188,no_change,,0.0,0.0
SPXW,2027-01-15,147,Call,5450.0,SPXW270115C05450000,2307.2,2330.1,2318.6499999999996,0.0,0.0,0.0,0.0,0.0,0.3277,0.966,0.0,3.8718,-0.2941,20.7306,2317.9086,0.0,0.0,0.0,2299.25,no_change,,0.0,0.0
SPX,2027-01-15,147,Put,5450.0,SPX270115P05450000,23.0,23.4,23.2,23.46,0.0,0.0,0.0,1253.0,0.328,-0.035,0.0,3.8491,-0.4085,-1.167,23.1267,0.0,0.0,0.0,25.1999998092651,down,2026-08-13T13:47:15,0.0,0.0
SPXW,2027-01-15,147,Put,5450.0,SPXW270115P05450000,23.2,23.6,23.4,0.0,0.0,0.0,0.0,0.0,0.3281,-0.0352,0.0,3.8718,-0.4106,-1.1746,23.3401,0.0,0.0,0.0,25.3500003814697,no_change,,0.0,0.0
SPX,2027-01-15,147,Call,5475.0,SPX270115C05475000,2292.6,2296.6,2294.6,0.0,0.0,0.0,0.0,0.0,0.324,0.9653,0.0,3.926,-0.2985,20.8103,2293.6481,0.0,0.0,0.0,2274.09997558594,no_change,,0.0,0.0
SPX,2027-01-15,147,Put,5475.0,SPX270115P05475000,23.5,23.9,23.7,26.81,0.0,0.0,0.0,1378.0,0.3258,-0.0359,0.0,3.926,-0.414,-1.1952,23.6155,0.0,0.0,0.0,25.6999998092651,no_change,2026-08-06T16:04:04,0.0,0.0
SPX,2027-01-15,147,Call,5500.0,SPX270115C05500000,2268.7,2272.3,2270.5,2169.3,0.0,0.0,0.0,63.0,0.3222,0.9644,0.0,4.0048,-0.3053,20.8814,2269.5958,0.0,0.0,0.0,2250.15002441406,up,2026-08-03T10:01:42,0.0,0.0
SPXW,2027-01-15,147,Call,5500.0,SPXW270115C05500000,2259.1,2281.1,2270.1,0.0,0.0,0.0,0.0,0.0,0.3232,0.9642,0.0,4.0283,-0.3076,20.8733,2269.7997,0.0,0.0,0.0,2251.44995117188,no_change,,0.0,0.0
SPX,2027-01-15,147,Put,5500.0,SPX270115P05500000,24.0,24.4,24.2,24.35,-1.9,-7.2381,202.0,7653.0,0.3236,-0.0367,0.0,4.0048,-0.4196,-1.2242,24.1169,24.2,24.35,24.2,26.25,up,2026-08-21T14:37:20,0.0,0.0
SPXW,2027-01-15,147,Put,5500.0,SPXW270115P05500000,24.2,24.5,24.35,0.0,0.0,0.0,0.0,0.0,0.3238,-0.037,0.0,4.0283,-0.4217,-1.2321,24.3387,0.0,0.0,0.0,26.4000005722046,no_change,,0.0,0.0
SPX,2027-01-15,147,Call,5525.0,SPX270115C05525000,2244.3,2248.6,2246.45,0.0,0.0,0.0,0.0,0.0,0.3199,0.9635,0.0,4.0856,-0.3122,20.9516,2245.5564,0.0,0.0,0.0,2226.14990234375,no_change,,0.0,0.0
SPX,2027-01-15,147,Put,5525.0,SPX270115P05525000,24.5,24.9,24.7,24.7,-2.1,-7.83582,1.0,678.0,0.3213,-0.0377,0.0,4.0856,-0.4252,-1.2542,24.6313,24.7,24.7,24.7,26.8000001907349,down,2026-08-21T13:40:43,0.0,0.0
SPX,2027-01-15,147,Call,5550.0,SPX270115C05550000,2220.6,2224.2,2222.3999999999996,2222.24,0.0,0.0,0.0,2.0,0.3177,0.9626,0.0,4.1685,-0.3192,21.0209,2221.5307,0.0,0.0,0.0,2202.19995117188,no_change,2026-06-01T14:01:52,0.0,0.0
SPXW,2027-01-15,147,Call,5550.0,SPXW270115C05550000,2211.0,2233.0,2222.0,0.0,0.0,0.0,0.0,0.0,0.3187,0.9624,0.0,4.1929,-0.3215,21.0124,2221.7432,0.0,0.0,0.0,2203.29992675781,no_change,,0.0,0.0
SPX,2027-01-15,147,Put,5550.0,SPX270115P05550000,25.0,25.5,25.25,25.2,-2.15,-7.86106,3.0,1436.0,0.3191,-0.0386,0.0,4.1685,-0.431,-1.2851,25.1592,25.2,25.2,25.2,27.3500003814697,no_change,2026-08-21T13:40:33,0.0,0.0
SPXW,2027-01-15,147,Put,5550.0,SPXW270115P05550000,25.2,25.6,25.4,0.0,0.0,0.0,0.0,0.0,0.3193,-0.0388,0.0,4.1929,-0.4331,-1.2933,25.3897,0.0,0.0,0.0,27.5500001907349,no_change,,0.0,0.0
SPX,2027-01-15,147,Call,5575.0,SPX270115C05575000,2196.5,2200.4,2198.45,1448.16,0.0,0.0,0.0,2.0,0.3155,0.9616,0.0001,4.2535,-0.3262,21.0891,2197.5189,0.0,0.0,0.0,2178.25,down,2026-03-03T10:18:32,0.0,0.0
SPX,2027-01-15,147,Put,5575.0,SPX270115P05575000,25.6,26.1,25.85,27.8,0.0,0.0,0.0,452.0,0.3169,-0.0396,0.0001,4.2535,-0.4368,-1.317,25.7012,0.0,0.0,0.0,28.0,up,2026-08-20T14:03:15,0.0,0.0
SPX,2027-01-15,147,Call,5600.0,SPX270115C05600000,2172.6,2176.2,2174.3999999999996,1993.96,0.0,0.0,0.0,4.0,0.3135,0.9606,0.0001,4.3405,-0.3334,21.1563,2173.5217,0.0,0.0,0.0,2154.29992675781,up,2026-06-24T11:35:00,0.0,0.0
SPXW,2027-01-15,147,Call,5600.0,SPXW270115C05600000,2163.0,2186.3,2174.65,0.0,0.0,0.0,0.0,0.0,0.3143,0.9604,0.0001,4.3656,-0.3358,21.1473,2173.7433,0.0,0.0,0.0,2155.40002441406,no_change,,0.0,0.0
SPX,2027-01-15,147,Put,5600.0,SPX270115P05600000,26.1,26.6,26.35,28.85,0.0,0.0,0.0,1320.0,0.3147,-0.0405,0.0001,4.3405,-0.4426,-1.35,26.2578,0.0,0.0,0.0,28.5499992370606,no_change,2026-08-18T11:09:05,0.0,0.0
SPXW,2027-01-15,147,Put,5600.0,SPXW270115P05600000,26.3,26.7,26.5,0.0,0.0,0.0,0.0,0.0,0.3149,-0.0408,0.0001,4.3656,-0.4448,-1.3587,26.4972,0.0,0.0,0.0,28.6999998092651,no_change,,0.0,0.0
SPX,2027-01-15,147,Call,5625.0,SPX270115C05625000,2148.3,2152.5,2150.4,1724.67,0.0,0.0,0.0,1.0,0.3113,0.9596,0.0001,4.4294,-0.3406,21.2223,2149.5397,0.0,0.0,0.0,2130.35009765625,up,2026-04-17T10:50:57,0.0,0.0
SPX,2027-01-15,147,Put,5625.0,SPX270115P05625000,26.7,27.1,26.9,29.55,0.0,0.0,0.0,575.0,0.3125,-0.0416,0.0001,4.4294,-0.4486,-1.3841,26.8295,0.0,0.0,0.0,29.1999998092651,no_change,2026-08-18T11:09:05,0.0,0.0
SPX,2027-01-15,147,Call,5650.0,SPX270115C05650000,2124.7,2128.2,2126.45,0.0,0.0,0.0,0.0,0.0,0.3091,0.9586,0.0001,4.5201,-0.3479,21.2873,2125.5734,0.0,0.0,0.0,2106.44995117188,no_change,,0.0,0.0
SPXW,2027-01-15,147,Call,5650.0,SPXW270115C05650000,2115.0,2137.1,2126.05,0.0,0.0,0.0,0.0,0.0,0.3098,0.9583,0.0001,4.5459,-0.3503,21.278,2125.8042,0.0,0.0,0.0,2107.5,no_change,,0.0,0.0
SPX,2027-01-15,147,Put,5650.0,SPX270115P05650000,27.3,27.7,27.5,29.6,0.0,0.0,0.0,537.0,0.3103,-0.0426,0.0001,4.5206,-0.4547,-1.4195,27.4202,0.0,0.0,0.0,29.8500003814697,up,2026-08-10T15:30:16,0.0,0.0
SPXW,2027-01-15,147,Put,5650.0,SPXW270115P05650000,27.4,27.8,27.6,0.0,0.0,0.0,0.0,0.0,0.3105,-0.0429,0.0001,4.5459,-0.4569,-1.4283,27.6655,0.0,0.0,0.0,30.0,no_change,,0.0,0.0
SPX,2027-01-15,147,Call,5675.0,SPX270115C05675000,2100.4,2104.6,2102.5,0.0,0.0,0.0,0.0,0.0,0.3066,0.9575,0.0001,4.6126,-0.3553,21.3512,2101.6233,0.0,0.0,0.0,2082.54992675781,no_change,,0.0,0.0
SPX,2027-01-15,147,Put,5675.0,SPX270115P05675000,27.9,28.3,28.1,28.0,-2.55,-8.34697,2.0,270.0,0.3081,-0.0437,0.0001,4.6126,-0.4608,-1.4555,28.0205,28.0,28.0,28.0,30.5499992370606,no_change,2026-08-21T13:41:47,0.0,0.0
SPX,2027-01-15,147,Call,5700.0,SPX270115C05700000,2076.8,2080.3,2078.55,2045.54,0.0,0.0,0.0,2.0,0.3048,0.9564,0.0001,4.7067,-0.3628,21.414,2077.69,0.0,0.0,0.0,2058.65002441406,down,2026-06-03T15:01:34,0.0,0.0
SPXW,2027-01-15,147,Call,5700.0,SPXW270115C05700000,2070.7,2091.1,2080.8999999999996,0.0,0.0,0.0,0.0,0.0,0.3054,0.9561,0.0001,4.7329,-0.3652,21.4044,2077.9303,0.0,0.0,0.0,2059.79992675781,no_change,,0.0,0.0
SPX,2027-01-15,147,Put,5700.0,SPX270115P05700000,28.5,29.0,28.75,31.1,0.0,0.0,0.0,2291.0,0.3059,-0.0448,0.0001,4.7067,-0.467,-1.4928,28.6409,0.0,0.0,0.0,31.1499996185303,no_change,2026-08-20T14:26:57,0.0,0.0
SPXW,2027-01-15,147,Put,5700.0,SPXW270115P05700000,28.7,29.1,28.9,0.0,0.0,0.0,0.0,0.0,0.3061,-0.0451,0.0001,4.7329,-0.4693,-1.5022,28.8992,0.0,0.0,0.0,31.3000001907349,no_change,,0.0,0.0
SPX,2027-01-15,147,Call,5725.0,SPX270115C05725000,2052.6,2056.7,2054.6499999999996,0.0,0.0,0.0,0.0,0.0,0.3026,0.9552,0.0001,4.8024,-0.3703,21.4758,2053.774,0.0,0.0,0.0,2034.84997558594,no_change,,0.0,0.0
SPX,2027-01-15,147,Put,5725.0,SPX270115P05725000,29.1,29.6,29.35,32.36,0.0,0.0,0.0,1075.0,0.3037,-0.0459,0.0001,4.8024,-0.4734,-1.5311,29.2786,0.0,0.0,0.0,31.8499994277954,down,2026-08-18T11:25:12,0.0,0.0
SPX,2027-01-15,147,Call,5750.0,SPX270115C05750000,2029.0,2032.5,2030.75,1669.81,0.0,0.0,0.0,20.0,0.3005,0.9541,0.0001,4.8997,-0.378,21.5367,2029.8758,0.0,0.0,0.0,2011.0,down,2026-05-04T15:13:44,0.0,0.0
SPXW,2027-01-15,147,Call,5750.0,SPXW270115C05750000,2019.3,2042.7,2031.0,0.0,0.0,0.0,0.0,0.0,0.3012,0.9538,0.0001,4.9264,-0.3805,21.5268,2030.126,0.0,0.0,0.0,2012.09997558594,no_change,,0.0,0.0
SPX,2027-01-15,147,Put,5750.0,SPX270115P05750000,29.8,30.3,30.05,32.85,0.0,0.0,0.0,793.0,0.3016,-0.0471,0.0001,4.8997,-0.4798,-1.5704,29.9342,0.0,0.0,0.0,32.5499992370606,down,2026-08-18T10:16:50,0.0,0.0
SPXW,2027-01-15,147,Put,5750.0,SPXW270115P05750000,30.0,30.4,30.2,0.0,0.0,0.0,0.0,0.0,0.3019,-0.0474,0.0001,4.9264,-0.4821,-1.5801,30.2023,0.0,0.0,0.0,32.7000007629394,no_change,,0.0,0.0
SPX,2027-01-15,147,Call,5775.0,SPX270115C05775000,2004.8,2008.9,2006.85,1123.75,0.0,0.0,0.0,0.0,0.2984,0.9529,0.0001,4.9988,-0.3857,21.5966,2005.9959,0.0,0.0,0.0,1987.15002441406,down,2026-03-20T14:05:26,0.0,0.0
SPX,2027-01-15,147,Put,5775.0,SPX270115P05775000,30.4,30.9,30.65,30.55,-2.75,-8.25826,16.0,751.0,0.2994,-0.0483,0.0001,4.9988,-0.4863,-1.6107,30.608,31.51,31.51,30.55,33.2999992370606,down,2026-08-21T15:59:21,0.0,0.0
SPX,2027-01-15,147,Call,5800.0,SPX270115C05800000,1981.3,1984.7,1983.0,1875.87,0.0,0.0,0.0,8.0,0.2963,0.9516,0.0001,5.0997,-0.3936,21.6555,1982.1347,0.0,0.0,0.0,1963.40002441406,down,2026-07-16T16:10:36,0.0,0.0
SPXW,2027-01-15,147,Call,5800.0,SPXW270115C05800000,1974.6,1995.5,1985.05,0.0,0.0,0.0,0.0,0.0,0.297,0.9513,0.0001,5.1269,-0.3961,21.6454,1982.395,0.0,0.0,0.0,1964.5,no_change,,0.0,0.0
SPX,2027-01-15,147,Put,5800.0,SPX270115P05800000,31.1,31.6,31.35,31.35,-2.7,-7.92951,3.0,2626.0,0.2973,-0.0496,0.0001,5.0997,-0.4929,-1.6519,31.3006,31.13,31.35,31.13,34.0499992370606,up,2026-08-21T14:27:20,0.0,0.0
SPXW,2027-01-15,147,Put,5800.0,SPXW270115P05800000,31.3,31.7,31.5,0.0,0.0,0.0,0.0,0.0,0.2976,-0.0499,0.0001,5.1269,-0.4952,-1.6618,31.5787,0.0,0.0,0.0,34.2000007629394,no_change,,0.0,0.0
SPX,2027-01-15,147,Call,5825.0,SPX270115C05825000,1957.1,1961.1,1959.1,1331.35,0.0,0.0,0.0,3.0,0.2939,0.9503,0.0001,5.2027,-0.4015,21.7134,1958.2928,0.0,0.0,0.0,1939.59997558594,up,2025-11-17T12:22:27,0.0,0.0
SPX,2027-01-15,147,Put,5825.0,SPX270115P05825000,31.8,32.3,32.05,32.7,-2.1,-6.03448,23.0,551.0,0.2952,-0.0509,0.0001,5.2027,-0.4996,-1.6941,32.0124,32.8,32.8,32.7,34.7999992370606,down,2026-08-21T10:28:20,0.0,0.0
SPX,2027-01-15,147,Call,5850.0,SPX270115C05850000,1933.7,1937.1,1935.4,1362.2,0.0,0.0,0.0,27.0,0.2922,0.949,0.0001,5.3081,-0.4095,21.7702,1934.4707,0.0,0.0,0.0,1915.84997558594,down,2025-12-03T10:56:20,0.0,0.0
SPXW,2027-01-15,147,Call,5850.0,SPXW270115C05850000,1923.9,1947.3,1935.6,0.0,0.0,0.0,0.0,0.0,0.2927,0.9487,0.0001,5.336,-0.4121,21.7598,1934.7412,0.0,0.0,0.0,1916.90002441406,no_change,,0.0,0.0
SPX,2027-01-15,147,Put,5850.0,SPX270115P05850000,32.5,33.1,32.8,32.62,-2.98,-8.37079,203.0,794.0,0.2931,-0.0522,0.0001,5.3081,-0.5063,-1.7374,32.7441,32.85,32.87,32.62,35.6000003814697,down,2026-08-21T14:59:36,0.0,0.0
SPXW,2027-01-15,147,Put,5850.0,SPXW270115P05850000,32.7,33.2,32.95,0.0,0.0,0.0,0.0,0.0,0.2933,-0.0525,0.0001,5.336,-0.5087,-1.7477,33.0325,0.0,0.0,0.0,35.75,no_change,,0.0,0.0
SPX,2027-01-15,147,Call,5875.0,SPX270115C05875000,1909.5,1913.5,1911.5,1325.03,0.0,0.0,0.0,1.0,0.29,0.9476,0.0001,5.416,-0.4176,21.8258,1910.6689,0.0,0.0,0.0,1892.09997558594,up,2025-10-24T09:51:24,0.0,0.0
SPX,2027-01-15,147,Put,5875.0,SPX270115P05875000,33.3,33.9,33.599999999999994,35.41,0.0,0.0,0.0,746.0,0.291,-0.0535,0.0001,5.416,-0.5132,-1.782,33.496,0.0,0.0,0.0,36.3999996185303,up,2026-08-20T12:28:31,0.0,0.0
SPX,2027-01-15,147,Call,5900.0,SPX270115C05900000,1886.1,1889.5,1887.8,1788.17,0.0,0.0,0.0,26.0,0.2879,0.9462,0.0001,5.5267,-0.4259,21.88,1886.8882,0.0,0.0,0.0,1868.45001220703,up,2026-07-06T10:53:20,0.0,0.0
SPXW,2027-01-15,147,Call,5900.0,SPXW270115C05900000,1876.3,1899.7,1888.0,0.0,0.0,0.0,0.0,0.0,0.2885,0.9459,0.0001,5.5554,-0.4284,21.8692,1887.1695,0.0,0.0,0.0,1869.5,no_change,,0.0,0.0
SPX,2027-01-15,147,Put,5900.0,SPX270115P05900000,34.1,34.6,34.35,34.3,-2.95,-7.91946,2.0,1372.0,0.2888,-0.0549,0.0001,5.5267,-0.5202,-1.8279,34.269,34.3,34.3,34.3,37.25,no_change,2026-08-21T13:41:06,0.0,0.0
SPXW,2027-01-15,147,Put,5900.0,SPXW270115P05900000,34.3,34.7,34.5,0.0,0.0,0.0,0.0,0.0,0.289,-0.0552,0.0001,5.5554,-0.5225,-1.8386,34.5682,0.0,0.0,0.0,37.3999996185303,no_change,,0.0,0.0
SPX,2027-01-15,147,Call,5925.0,SPX270115C05925000,1862.0,1865.9,1863.95,0.0,0.0,0.0,0.0,0.0,0.2856,0.9448,0.0001,5.6403,-0.4342,21.9327,1863.1292,0.0,0.0,0.0,1844.70001220703,no_change,,0.0,0.0
SPX,2027-01-15,147,Put,5925.0,SPX270115P05925000,34.8,35.4,35.099999999999994,35.0,-3.15,-8.25688,3.0,407.0,0.2867,-0.0564,0.0001,5.6403,-0.5272,-1.8754,35.0637,34.9,35.0,34.9,38.1500015258789,up,2026-08-21T13:40:33,0.0,0.0
SPX,2027-01-15,147,Call,5950.0,SPX270115C05950000,1838.6,1841.9,1840.25,1619.13,0.0,0.0,0.0,6.0,0.2838,0.9433,0.0001,5.7568,-0.4425,21.9838,1839.3928,0.0,0.0,0.0,1821.04998779297,down,2026-07-27T12:11:21,0.0,0.0
SPXW,2027-01-15,147,Call,5950.0,SPXW270115C05950000,1833.1,1852.8,1842.9499999999998,0.0,0.0,0.0,0.0,0.0,0.2843,0.943,0.0001,5.7864,-0.4451,21.9724,1839.6853,0.0,0.0,0.0,1822.15002441406,no_change,,0.0,0.0
SPX,2027-01-15,147,Put,5950.0,SPX270115P05950000,35.7,36.2,35.95,35.9,-3.1,-7.94872,5.0,957.0,0.2846,-0.0579,0.0001,5.7568,-0.5343,-1.9245,35.881,36.9,36.9,35.9,39.0,down,2026-08-21T13:41:02,0.0,0.0
SPXW,2027-01-15,147,Put,5950.0,SPXW270115P05950000,35.9,36.3,36.099999999999994,0.0,0.0,0.0,0.0,0.0,0.2849,-0.0582,0.0001,5.7864,-0.5367,-1.9356,36.1915,0.0,0.0,0.0,39.1500015258789,no_change,,0.0,0.0
SPX,2027-01-15,147,Call,5975.0,SPX270115C05975000,1814.6,1818.5,1816.55,1306.1,0.0,0.0,0.0,10.0,0.2816,0.9418,0.0001,5.8761,-0.451,22.033,1815.6797,0.0,0.0,0.0,1797.35003662109,down,2025-10-27T12:44:52,0.0,0.0
SPX,2027-01-15,147,Put,5975.0,SPX270115P05975000,36.5,37.0,36.75,39.0,0.0,0.0,0.0,2061.0,0.2825,-0.0594,0.0001,5.8761,-0.5415,-1.9754,36.7217,0.0,0.0,0.0,39.8999996185303,no_change,2026-08-20T13:32:45,0.0,0.0
SPX,2027-01-15,147,Call,6000.0,SPX270115C06000000,1791.2,1794.5,1792.85,1796.04,22.24,1.25381,12.0,27698.0,0.2806,0.9402,0.0001,5.9982,-0.4596,22.0805,1791.991,1787.23,1796.07,1787.23,1773.79998779297,up,2026-08-21T14:57:45,0.0,0.0
SPXW,2027-01-15,147,Call,6000.0,SPXW270115C06000000,1783.9,1805.4,1794.65,0.0,0.0,0.0,0.0,0.0,0.2803,0.9399,0.0001,6.0285,-0.4621,22.0686,1792.2955,0.0,0.0,0.0,1774.90002441406,no_change,,0.0,0.0
SPX,2027-01-15,147,Put,6000.0,SPX270115P06000000,37.4,37.9,37.65,37.4,-3.4,-8.33333,14.0,32318.0,0.2805,-0.061,0.0001,5.9982,-0.5488,-2.028,37.5867,38.5,38.65,37.4,40.7999992370606,down,2026-08-21T14:57:45,0.0,0.0
SPXW,2027-01-15,147,Put,6000.0,SPXW270115P06000000,37.6,38.0,37.8,0.0,0.0,0.0,0.0,0.0,0.2808,-0.0613,0.0001,6.0285,-0.5513,-2.0397,37.9091,0.0,0.0,0.0,41.0,no_change,,0.0,0.0
SPX,2027-01-15,147,Call,6025.0,SPX270115C06025000,1767.3,1771.1,1769.1999999999998,1843.31,0.0,0.0,0.0,259.0,0.2776,0.9386,0.0001,6.1228,-0.4682,22.1262,1768.3275,0.0,0.0,0.0,1750.19995117188,down,2026-08-12T12:07:26,0.0,0.0
SPX,2027-01-15,147,Put,6025.0,SPX270115P06025000,38.2,38.9,38.55,41.56,0.0,0.0,0.0,4203.0,0.2785,-0.0626,0.0001,6.1228,-0.5562,-2.0825,38.477,0.0,0.0,0.0,41.7999992370606,up,2026-08-20T14:50:03,0.0,0.0
SPX,2027-01-15,147,Call,6050.0,SPX270115C06050000,1744.0,1747.2,1745.6,1838.42,0.0,0.0,0.0,5.0,0.2756,0.9369,0.0001,6.2496,-0.477,22.17,1744.6901,0.0,0.0,0.0,1726.65002441406,up,2026-08-10T11:12:17,0.0,0.0
SPXW,2027-01-15,147,Call,6050.0,SPXW270115C06050000,1734.2,1756.1,1745.15,0.0,0.0,0.0,0.0,0.0,0.2762,0.9366,0.0001,6.2804,-0.4796,22.1576,1745.0072,0.0,0.0,0.0,1727.84997558594,no_change,,0.0,0.0
SPX,2027-01-15,147,Put,6050.0,SPX270115P06050000,39.2,39.7,39.45,39.4,-3.35,-7.83626,1.0,11550.0,0.2763,-0.0643,0.0001,6.2496,-0.5637,-2.1388,39.3932,39.4,39.4,39.4,42.75,down,2026-08-21T13:41:03,0.0,0.0
SPXW,2027-01-15,147,Put,6050.0,SPXW270115P06050000,39.4,39.9,39.65,0.0,0.0,0.0,0.0,0.0,0.2767,-0.0646,0.0001,6.2804,-0.5662,-2.1509,39.7283,0.0,0.0,0.0,42.9500007629394,no_change,,0.0,0.0
SPX,2027-01-15,147,Call,6075.0,SPX270115C06075000,1720.0,1723.8,1721.9,1814.92,0.0,0.0,0.0,7.0,0.2735,0.9352,0.0001,6.3784,-0.4858,22.2122,1721.0796,0.0,0.0,0.0,1703.04998779297,up,2026-08-10T11:12:17,0.0,0.0
SPX,2027-01-15,147,Put,6075.0,SPX270115P06075000,40.1,40.7,40.400000000000006,40.2,-3.6,-8.21918,30.0,1284.0,0.2743,-0.066,0.0001,6.3784,-0.5713,-2.1968,40.3365,41.3,41.5,40.2,43.7999992370606,down,2026-08-21T13:41:47,0.0,0.0
SPX,2027-01-15,147,Call,6100.0,SPX270115C06100000,1696.8,1700.0,1698.4,1778.83,0.0,0.0,0.0,16.0,0.2715,0.9334,0.0001,6.5093,-0.4947,22.2527,1697.497,0.0,0.0,0.0,1679.65002441406,up,2026-08-12T12:41:13,0.0,0.0
SPXW,2027-01-15,147,Call,6100.0,SPXW270115C06100000,1690.5,1710.9,1700.7,0.0,0.0,0.0,0.0,0.0,0.2721,0.9331,0.0001,6.5404,-0.4973,22.24,1697.8273,0.0,0.0,0.0,1680.89996337891,no_change,,0.0,0.0
SPX,2027-01-15,147,Put,6100.0,SPX270115P06100000,41.1,41.6,41.35,40.99,-3.81,-8.50446,52.0,2622.0,0.2722,-0.0678,0.0001,6.5093,-0.579,-2.2564,41.3076,41.2,41.2,40.99,44.7999992370606,no_change,2026-08-21T15:09:54,0.0,0.0
SPXW,2027-01-15,147,Put,6100.0,SPXW270115P06100000,41.3,41.8,41.55,45.09,0.0,0.0,0.0,1.0,0.2725,-0.0681,0.0001,6.5404,-0.5814,-2.2688,41.6559,0.0,0.0,0.0,45.0499992370606,up,2026-08-20T16:02:23,0.0,0.0
SPX,2027-01-15,147,Call,6125.0,SPX270115C06125000,1672.9,1676.7,1674.8000000000002,1732.6,0.0,0.0,0.0,12.0,0.2694,0.9316,0.0001,6.6421,-0.5037,22.2918,1673.9428,0.0,0.0,0.0,1656.09997558594,down,2026-08-11T15:06:34,0.0,0.0
SPX,2027-01-15,147,Put,6125.0,SPX270115P06125000,42.1,42.6,42.35,44.9,0.0,0.0,0.0,430.0,0.2702,-0.0696,0.0001,6.6421,-0.5867,-2.3175,42.3071,0.0,0.0,0.0,45.8999996185303,no_change,2026-08-20T13:32:50,0.0,0.0
SPX,2027-01-15,147,Call,6150.0,SPX270115C06150000,1649.7,1652.9,1651.3000000000002,1295.13,0.0,0.0,0.0,3.0,0.2675,0.9297,0.0001,6.7771,-0.5128,22.3293,1650.4177,0.0,0.0,0.0,1632.75,up,2026-04-27T12:19:17,0.0,0.0
SPXW,2027-01-15,147,Call,6150.0,SPXW270115C06150000,1639.9,1661.9,1650.9,0.0,0.0,0.0,0.0,0.0,0.268,0.9293,0.0001,6.8086,-0.5154,22.3164,1650.7619,0.0,0.0,0.0,1633.84997558594,no_change,,0.0,0.0
SPX,2027-01-15,147,Put,6150.0,SPX270115P06150000,43.1,43.7,43.400000000000006,43.2,-3.8,-8.08511,3.0,1060.0,0.2681,-0.0715,0.0001,6.7771,-0.5946,-2.3801,43.3358,43.2,43.2,43.2,47.0,no_change,2026-08-21T13:41:03,0.0,0.0
SPXW,2027-01-15,147,Put,6150.0,SPXW270115P06150000,43.3,43.8,43.55,0.0,0.0,0.0,0.0,0.0,0.2686,-0.0718,0.0001,6.8086,-0.5971,-2.3928,43.6979,0.0,0.0,0.0,47.25,no_change,,0.0,0.0
SPX,2027-01-15,147,Call,6175.0,SPX270115C06175000,1625.9,1629.6,1627.75,1121.22,0.0,0.0,0.0,1.0,0.2654,0.9278,0.0001,6.9146,-0.522,22.3654,1626.9226,0.0,0.0,0.0,1609.30004882812,up,2025-12-23T13:03:18,0.0,0.0
SPX,2027-01-15,147,Put,6175.0,SPX270115P06175000,44.1,44.7,44.400000000000006,44.3,-3.85,-7.99585,1.0,1539.0,0.2662,-0.0734,0.0001,6.9146,-0.6025,-2.4442,44.3944,44.3,44.3,44.3,48.1500015258789,down,2026-08-21T13:40:32,0.0,0.0
SPX,2027-01-15,147,Call,6200.0,SPX270115C06200000,1602.8,1605.9,1604.35,1652.95,0.0,0.0,0.0,1010.0,0.2634,0.9258,0.0001,7.0549,-0.5312,22.3997,1603.4581,0.0,0.0,0.0,1585.89996337891,up,2026-08-04T12:16:00,0.0,0.0
SPXW,2027-01-15,147,Call,6200.0,SPXW270115C06200000,1593.0,1615.0,1604.0,0.0,0.0,0.0,0.0,0.0,0.264,0.9254,0.0001,7.087,-0.5338,22.3864,1603.8166,0.0,0.0,0.0,1587.15002441406,no_change,,0.0,0.0
SPX,2027-01-15,147,Put,6200.0,SPX270115P06200000,45.2,45.9,45.55,45.5,-3.8,-7.70791,25.0,5324.0,0.2642,-0.0754,0.0001,7.0549,-0.6105,-2.51,45.4836,46.6,46.6,45.5,49.2999992370606,no_change,2026-08-21T13:42:03,0.0,0.0
SPXW,2027-01-15,147,Put,6200.0,SPXW270115P06200000,45.5,46.0,45.75,0.0,0.0,0.0,0.0,0.0,0.2643,-0.0758,0.0001,7.087,-0.613,-2.523,45.86,0.0,0.0,0.0,49.5499992370606,no_change,,0.0,0.0
SPX,2027-01-15,147,Call,6225.0,SPX270115C06225000,1579.1,1582.7,1580.9,1040.0,0.0,0.0,0.0,2.0,0.2614,0.9237,0.0001,7.1984,-0.5405,22.4322,1580.025,0.0,0.0,0.0,1562.54998779297,down,2026-02-13T12:49:41,0.0,0.0
SPX,2027-01-15,147,Put,6225.0,SPX270115P06225000,46.3,47.0,46.65,46.3,0.0,0.0,0.0,235.0,0.262,-0.0775,0.0001,7.1984,-0.6186,-2.5777,46.6043,0.0,0.0,0.0,50.5,up,2026-08-13T15:59:31,0.0,0.0
SPX,2027-01-15,147,Call,6250.0,SPX270115C06250000,1556.1,1559.0,1557.55,1597.65,0.0,0.0,0.0,12.0,0.2594,0.9216,0.0001,7.3454,-0.5499,22.4625,1556.6244,0.0,0.0,0.0,1539.29998779297,up,2026-08-18T09:44:39,0.0,0.0
SPXW,2027-01-15,147,Call,6250.0,SPXW270115C06250000,1546.1,1568.2,1557.15,0.0,0.0,0.0,0.0,0.0,0.2601,0.9212,0.0001,7.3784,-0.5526,22.4487,1556.998,0.0,0.0,0.0,1540.45001220703,no_change,,0.0,0.0
SPX,2027-01-15,147,Put,6250.0,SPX270115P06250000,47.5,48.1,47.8,47.4,0.0,0.0,0.0,837.0,0.2601,-0.0796,0.0001,7.3454,-0.6267,-2.6475,47.7574,0.0,0.0,0.0,51.75,no_change,2026-08-17T09:39:32,0.0,0.0
SPXW,2027-01-15,147,Put,6250.0,SPXW270115P06250000,47.8,48.3,48.05,0.0,0.0,0.0,0.0,0.0,0.2606,-0.08,0.0001,7.3784,-0.6292,-2.661,48.1489,0.0,0.0,0.0,52.0,no_change,,0.0,0.0
SPX,2027-01-15,147,Call,6275.0,SPX270115C06275000,1532.4,1535.9,1534.15,998.2,0.0,0.0,0.0,35.0,0.2574,0.9194,0.0001,7.4962,-0.5594,22.4904,1533.2574,0.0,0.0,0.0,1516.0,down,2026-04-14T10:24:53,0.0,0.0
SPX,2027-01-15,147,Put,6275.0,SPX270115P06275000,48.7,49.3,49.0,48.4,-4.6,-8.67924,7.0,614.0,0.2581,-0.0818,0.0001,7.4962,-0.6349,-2.7197,48.9441,48.38,48.4,48.38,53.0,no_change,2026-08-21T15:38:55,0.0,0.0
SPX,2027-01-15,147,Call,6300.0,SPX270115C06300000,1509.3,1512.3,1510.8,1590.85,0.0,0.0,0.0,103.0,0.2555,0.9171,0.0001,7.6506,-0.5689,22.5157,1509.9251,0.0,0.0,0.0,1492.79998779297,up,2026-08-05T15:32:14,0.0,0.0
SPXW,2027-01-15,147,Call,6300.0,SPXW270115C06300000,1502.5,1523.4,1512.95,0.0,0.0,0.0,0.0,0.0,0.2561,0.9167,0.0001,7.6844,-0.5716,22.5012,1510.3146,0.0,0.0,0.0,1494.15002441406,no_change,,0.0,0.0
SPX,2027-01-15,147,Put,6300.0,SPX270115P06300000,49.9,50.5,50.2,49.65,-4.65,-8.56353,7.0,3141.0,0.2561,-0.0841,0.0001,7.6506,-0.6432,-2.7946,50.1656,49.63,49.65,49.63,54.2999992370606,no_change,2026-08-21T15:38:55,0.0,0.0
SPXW,2027-01-15,147,Put,6300.0,SPXW270115P06300000,50.2,50.7,50.45,0.0,0.0,0.0,0.0,0.0,0.2563,-0.0845,0.0001,7.6844,-0.6458,-2.8088,50.573,0.0,0.0,0.0,54.6000003814697,no_change,,0.0,0.0
SPX,2027-01-15,147,Call,6325.0,SPX270115C06325000,1485.8,1489.3,1487.55,1500.12,0.0,0.0,0.0,8.0,0.2535,0.9148,0.0001,7.8084,-0.5785,22.5381,1486.629,0.0,0.0,0.0,1469.54998779297,up,2026-06-01T12:53:09,0.0,0.0
SPX,2027-01-15,147,Put,6325.0,SPX270115P06325000,51.2,51.8,51.5,54.5,0.0,0.0,0.0,1397.0,0.2541,-0.0864,0.0001,7.8084,-0.6516,-2.8723,51.4232,0.0,0.0,0.0,55.7000007629394,no_change,2026-08-20T13:30:36,0.0,0.0
SPX,2027-01-15,147,Call,6350.0,SPX270115C06350000,1462.8,1465.8,1464.3,1095.23,0.0,0.0,0.0,11.0,0.2515,0.9124,0.0001,7.9694,-0.5882,22.5577,1463.3705,0.0,0.0,0.0,1446.39996337891,down,2026-04-29T09:50:29,0.0,0.0
SPXW,2027-01-15,147,Call,6350.0,SPXW270115C06350000,1452.9,1475.0,1463.95,0.0,0.0,0.0,0.0,0.0,0.252,0.912,0.0001,8.0038,-0.5909,22.5425,1463.7771,0.0,0.0,0.0,1447.65002441406,no_change,,0.0,0.0
SPX,2027-01-15,147,Put,6350.0,SPX270115P06350000,52.5,53.1,52.8,57.1,0.0,0.0,0.0,538.0,0.252,-0.0888,0.0001,7.9694,-0.66,-2.9529,52.7185,0.0,0.0,0.0,57.0499992370606,no_change,2026-08-18T16:10:55,0.0,0.0
SPXW,2027-01-15,147,Put,6350.0,SPXW270115P06350000,52.8,53.3,53.05,0.0,0.0,0.0,0.0,0.0,0.2525,-0.0892,0.0001,8.0038,-0.6625,-2.9678,53.143,0.0,0.0,0.0,57.3999996185303,no_change,,0.0,0.0
SPX,2027-01-15,147,Call,6375.0,SPX270115C06375000,1439.3,1442.7,1441.0,1433.5,10.2,0.716645,2.0,21.0,0.2496,0.9099,0.0001,8.133,-0.5979,22.5745,1440.1509,1433.5,1433.5,1433.5,1423.29998779297,down,2026-08-21T10:01:48,0.0,0.0
SPX,2027-01-15,147,Put,6375.0,SPX270115P06375000,53.8,54.5,54.15,58.5,0.0,0.0,0.0,620.0,0.2501,-0.0913,0.0001,8.133,-0.6685,-3.0362,54.0526,0.0,0.0,0.0,58.5,no_change,2026-08-18T16:13:21,0.0,0.0
SPX,2027-01-15,147,Call,6400.0,SPX270115C06400000,1416.4,1419.4,1417.9,1469.23,0.0,0.0,0.0,92.0,0.2476,0.9074,0.0001,8.2988,-0.6077,22.5888,1416.9716,0.0,0.0,0.0,1400.25,up,2026-08-19T12:48:49,0.0,0.0
SPXW,2027-01-15,147,Call,6400.0,SPXW270115C06400000,1406.6,1428.2,1417.4,0.0,0.0,0.0,0.0,0.0,0.2482,0.907,0.0001,8.3335,-0.6104,22.5731,1417.3962,0.0,0.0,0.0,1400.59997558594,no_change,,0.0,0.0
SPX,2027-01-15,147,Put,6400.0,SPX270115P06400000,55.2,55.8,55.5,55.3,-4.65,-7.75646,1.0,3647.0,0.2482,-0.0938,0.0001,8.2988,-0.677,-3.1221,55.427,55.3,55.3,55.3,59.9500007629394,down,2026-08-21T13:40:03,0.0,0.0
SPXW,2027-01-15,147,Put,6400.0,SPXW270115P06400000,55.5,56.0,55.75,57.2,-3.1,-5.14096,15.0,1.0,0.2484,-0.0942,0.0001,8.3335,-0.6796,-3.1375,55.8695,57.2,57.2,57.2,60.2999992370606,down,2026-08-21T10:21:26,0.0,0.0
SPX,2027-01-15,147,Call,6425.0,SPX270115C06425000,1393.0,1396.4,1394.7,1333.0,0.0,0.0,0.0,197.0,0.2456,0.9048,0.0001,8.4667,-0.6175,22.6006,1393.8337,0.0,0.0,0.0,1377.20001220703,up,2026-05-14T10:05:13,0.0,0.0
SPX,2027-01-15,147,Put,6425.0,SPX270115P06425000,56.6,57.3,56.95,60.2,0.0,0.0,0.0,1847.0,0.2462,-0.0964,0.0001,8.4667,-0.6856,-3.2104,56.8429,0.0,0.0,0.0,61.5,no_change,2026-08-20T13:32:49,0.0,0.0
SPX,2027-01-15,147,Call,6450.0,SPX270115C06450000,1370.2,1373.0,1371.6,1452.52,0.0,0.0,0.0,179.0,0.2437,0.902,0.0001,8.6366,-0.6274,22.6102,1370.7383,0.0,0.0,0.0,1354.20001220703,down,2026-08-17T15:35:26,0.0,0.0
SPXW,2027-01-15,147,Call,6450.0,SPXW270115C06450000,1360.3,1382.1,1371.1999999999998,0.0,0.0,0.0,0.0,0.0,0.2441,0.9016,0.0001,8.6715,-0.6301,22.5943,1371.1817,0.0,0.0,0.0,1354.59997558594,no_change,,0.0,0.0
SPX,2027-01-15,147,Put,6450.0,SPX270115P06450000,58.0,58.7,58.35,58.2,-4.8,-7.61905,4.0,3531.0,0.2441,-0.0992,0.0001,8.6366,-0.6942,-3.3009,58.3012,59.95,59.95,58.2,63.0,no_change,2026-08-21T13:40:26,0.0,0.0
SPXW,2027-01-15,147,Put,6450.0,SPXW270115P06450000,58.4,58.9,58.65,0.0,0.0,0.0,0.0,0.0,0.2444,-0.0996,0.0001,8.6715,-0.6968,-3.3166,58.7624,0.0,0.0,0.0,63.3499984741211,no_change,,0.0,0.0
SPX,2027-01-15,147,Call,6475.0,SPX270115C06475000,1347.0,1350.3,1348.65,1354.8,23.55,1.76901,1.0,104.0,0.2417,0.8992,0.0001,8.8089,-0.6373,22.6177,1347.6864,1354.8,1354.8,1354.8,1331.25,down,2026-08-21T15:42:48,0.0,0.0
SPX,2027-01-15,147,Put,6475.0,SPX270115P06475000,59.5,60.2,59.85,59.85,0.0,0.0,0.0,2096.0,0.2422,-0.1019,0.0001,8.8089,-0.7029,-3.3936,59.803,0.0,0.0,0.0,64.6000022888184,down,2026-08-19T11:12:05,0.0,0.0
SPX,2027-01-15,147,Call,6500.0,SPX270115C06500000,1324.1,1327.1,1325.6,1363.21,0.0,0.0,0.0,2628.0,0.2403,0.8964,0.0002,8.984,-0.6473,22.6229,1324.6791,0.0,0.0,0.0,1308.40002441406,down,2026-08-18T10:16:39,0.0,0.0
SPXW,2027-01-15,147,Call,6500.0,SPXW270115C06500000,1321.8,1331.1,1326.4499999999998,0.0,0.0,0.0,0.0,0.0,0.2402,0.8959,0.0002,9.0192,-0.65,22.6066,1325.1417,0.0,0.0,0.0,1308.75,no_change,,0.0,0.0
SPX,2027-01-15,147,Put,6500.0,SPX270115P06500000,61.3,61.6,61.45,61.4,-4.9,-7.39065,92.0,8313.0,0.2403,-0.1048,0.0002,8.984,-0.7116,-3.4885,61.3494,61.4,61.6,61.12,66.2999992370606,down,2026-08-21T16:14:12,0.0,0.0
SPXW,2027-01-15,147,Put,6500.0,SPXW270115P06500000,61.4,61.9,61.65,65.0,0.0,0.0,0.0,1.0,0.2407,-0.1053,0.0002,9.0192,-0.7142,-3.5046,61.83,0.0,0.0,0.0,66.6000022888184,up,2026-08-20T13:24:07,0.0,0.0
SPX,2027-01-15,147,Call,6525.0,SPX270115C06525000,1300.8,1304.3,1302.55,1175.96,0.0,0.0,0.0,187.0,0.2378,0.8934,0.0002,9.1625,-0.6573,22.6254,1301.7175,0.0,0.0,0.0,1285.5,down,2026-07-17T13:50:19,0.0,0.0
SPX,2027-01-15,147,Put,6525.0,SPX270115P06525000,62.7,63.4,63.05,67.89,0.0,0.0,0.0,1078.0,0.2383,-0.1078,0.0002,9.1625,-0.7203,-3.5861,62.9416,0.0,0.0,0.0,68.0,down,2026-08-20T16:03:16,0.0,0.0
SPX,2027-01-15,147,Call,6550.0,SPX270115C06550000,1278.3,1281.2,1279.75,1407.99,0.0,0.0,0.0,238.0,0.2359,0.8903,0.0002,9.3449,-0.6673,22.6249,1278.8031,0.0,0.0,0.0,1262.79998779297,up,2026-08-13T15:39:33,0.0,0.0
SPXW,2027-01-15,147,Call,6550.0,SPXW270115C06550000,1276.0,1285.2,1280.6,0.0,0.0,0.0,0.0,0.0,0.2363,0.8899,0.0002,9.3808,-0.67,22.6081,1279.2857,0.0,0.0,0.0,1263.14996337891,no_change,,0.0,0.0
SPX,2027-01-15,147,Put,6550.0,SPX270115P06550000,64.3,65.0,64.65,69.8,0.0,0.0,0.0,2412.0,0.2364,-0.1109,0.0002,9.3449,-0.7291,-3.6868,64.5809,0.0,0.0,0.0,69.7000007629394,no_change,2026-08-20T15:38:29,0.0,0.0
SPXW,2027-01-15,147,Put,6550.0,SPXW270115P06550000,64.7,65.2,64.95,0.0,0.0,0.0,0.0,0.0,0.2367,-0.1113,0.0002,9.3808,-0.7317,-3.7034,65.0814,0.0,0.0,0.0,70.0500030517578,no_change,,0.0,0.0
SPX,2027-01-15,147,Call,6575.0,SPX270115C06575000,1255.2,1258.6,1256.9,1254.03,14.03,1.13145,28.0,92.0,0.2338,0.8872,0.0002,9.5316,-0.6773,22.6208,1255.9377,1264.59,1265.82,1254.01,1240.0,up,2026-08-21T14:37:05,0.0,0.0
SPXW,2027-01-15,147,Call,6575.0,SPXW270115C06575000,1253.1,1262.3,1257.6999999999998,0.0,0.0,0.0,0.0,0.0,0.2344,0.8867,0.0002,9.5679,-0.68,22.6037,1256.4306,0.0,0.0,0.0,1240.40002441406,no_change,,0.0,0.0
SPX,2027-01-15,147,Put,6575.0,SPX270115P06575000,66.0,66.7,66.35,66.1,-5.45,-7.61705,3.0,657.0,0.2344,-0.114,0.0002,9.5316,-0.7379,-3.791,66.2693,66.1,66.1,66.1,71.5499992370606,no_change,2026-08-21T13:40:35,0.0,0.0
SPXW,2027-01-15,147,Put,6575.0,SPXW270115P06575000,66.4,66.9,66.65,0.0,0.0,0.0,0.0,0.0,0.2348,-0.1145,0.0002,9.5679,-0.7405,-3.808,66.78,0.0,0.0,0.0,71.8499984741211,no_change,,0.0,0.0
SPX,2027-01-15,147,Call,6600.0,SPX270115C06600000,1232.6,1235.5,1234.05,1242.26,24.96,2.05044,2.0,371.0,0.232,0.8839,0.0002,9.7225,-0.6874,22.6127,1233.1233,1242.23,1242.26,1242.23,1217.29998779297,up,2026-08-21T12:17:42,0.0,0.0
SPXW,2027-01-15,147,Call,6600.0,SPXW270115C06600000,1230.2,1239.5,1234.85,0.0,0.0,0.0,0.0,0.0,0.2324,0.8834,0.0002,9.7591,-0.6901,22.5952,1233.6266,0.0,0.0,0.0,1217.70001220703,no_change,,0.0,0.0
SPX,2027-01-15,147,Put,6600.0,SPX270115P06600000,67.7,68.4,68.05000000000001,68.0,-5.4,-7.35695,2.0,3818.0,0.2324,-0.1173,0.0002,9.7225,-0.7467,-3.8993,68.0086,69.5,69.5,68.0,73.3999977111816,down,2026-08-21T13:41:23,0.0,0.0
SPXW,2027-01-15,147,Put,6600.0,SPXW270115P06600000,68.1,68.6,68.35,0.0,0.0,0.0,0.0,0.0,0.2327,-0.1178,0.0002,9.7591,-0.7493,-3.9166,68.5298,0.0,0.0,0.0,73.7000007629394,no_change,,0.0,0.0
SPX,2027-01-15,147,Call,6625.0,SPX270115C06625000,1209.6,1213.0,1211.3,1003.31,0.0,0.0,0.0,253.0,0.23,0.8806,0.0002,9.9172,-0.6974,22.6004,1210.3621,0.0,0.0,0.0,1194.70001220703,down,2026-07-30T10:35:32,0.0,0.0
SPXW,2027-01-15,147,Call,6625.0,SPXW270115C06625000,1207.5,1216.7,1212.1,0.0,0.0,0.0,0.0,0.0,0.2304,0.8801,0.0002,9.9539,-0.7001,22.5825,1210.8761,0.0,0.0,0.0,1195.09997558594,no_change,,0.0,0.0
SPX,2027-01-15,147,Put,6625.0,SPX270115P06625000,69.5,70.3,69.9,69.8,-5.5,-7.30412,19.0,1503.0,0.2306,-0.1206,0.0002,9.9172,-0.7555,-4.0118,69.8011,69.81,69.81,69.8,75.2999992370606,down,2026-08-21T13:41:23,0.0,0.0
SPXW,2027-01-15,147,Put,6625.0,SPXW270115P06625000,69.9,70.4,70.15,0.0,0.0,0.0,0.0,0.0,0.2309,-0.1211,0.0002,9.9539,-0.7581,-4.0294,70.333,0.0,0.0,0.0,75.6500015258789,no_change,,0.0,0.0
SPX,2027-01-15,147,Call,6650.0,SPX270115C06650000,1187.2,1190.0,1188.6,1234.39,0.0,0.0,0.0,271.0,0.2281,0.8771,0.0002,10.115,-0.7075,22.5838,1187.6565,0.0,0.0,0.0,1172.14996337891,up,2026-08-19T12:54:18,0.0,0.0
SPXW,2027-01-15,147,Call,6650.0,SPXW270115C06650000,1185.0,1194.0,1189.5,0.0,0.0,0.0,0.0,0.0,0.2285,0.8766,0.0002,10.1518,-0.7102,22.5656,1188.1813,0.0,0.0,0.0,1172.54998779297,no_change,,0.0,0.0
SPX,2027-01-15,147,Put,6650.0,SPX270115P06650000,71.4,72.1,71.75,71.6,-5.7,-7.37387,2.0,1498.0,0.2285,-0.1241,0.0002,10.115,-0.7643,-4.1284,71.6492,71.6,71.6,71.6,77.2999992370606,no_change,2026-08-21T13:41:32,0.0,0.0
SPXW,2027-01-15,147,Put,6650.0,SPXW270115P06650000,71.8,72.3,72.05,0.0,0.0,0.0,0.0,0.0,0.2288,-0.1246,0.0002,10.1518,-0.7669,-4.1464,72.1919,0.0,0.0,0.0,77.6000022888184,no_change,,0.0,0.0
SPX,2027-01-15,147,Call,6675.0,SPX270115C06675000,1164.2,1167.6,1165.9,950.42,0.0,0.0,0.0,158.0,0.2262,0.8735,0.0002,10.3151,-0.7175,22.5633,1165.0087,0.0,0.0,0.0,1149.55004882812,down,2026-06-11T09:38:07,0.0,0.0
SPXW,2027-01-15,147,Call,6675.0,SPXW270115C06675000,1162.4,1171.3,1166.85,0.0,0.0,0.0,0.0,0.0,0.2266,0.873,0.0002,10.3518,-0.7202,22.5449,1165.5444,0.0,0.0,0.0,1150.0,no_change,,0.0,0.0
SPX,2027-01-15,147,Put,6675.0,SPX270115P06675000,73.3,74.1,73.69999999999999,73.3,-6.05,-7.62445,18.0,1364.0,0.2266,-0.1277,0.0002,10.3151,-0.7731,-4.2491,73.5552,73.25,73.3,73.25,79.3499984741211,up,2026-08-21T13:20:18,0.0,0.0
SPXW,2027-01-15,147,Put,6675.0,SPXW270115P06675000,73.7,74.2,73.95,0.0,0.0,0.0,0.0,0.0,0.227,-0.1282,0.0002,10.3518,-0.7756,-4.2673,74.1088,0.0,0.0,0.0,79.6500015258789,no_change,,0.0,0.0
SPX,2027-01-15,147,Call,6700.0,SPX270115C06700000,1142.0,1144.7,1143.35,1157.56,30.41,2.69796,2.0,2102.0,0.2247,0.8698,0.0002,10.5171,-0.7276,22.5392,1142.4208,1158.77,1158.77,1157.56,1127.14996337891,down,2026-08-21T11:48:51,0.0,0.0
SPXW,2027-01-15,147,Call,6700.0,SPXW270115C06700000,1139.8,1148.7,1144.25,0.0,0.0,0.0,0.0,0.0,0.2246,0.8693,0.0002,10.5536,-0.7302,22.5206,1142.9675,0.0,0.0,0.0,1127.55004882812,no_change,,0.0,0.0
SPX,2027-01-15,147,Put,6700.0,SPX270115P06700000,75.3,76.0,75.65,75.15,-6.25,-7.67813,3.0,3686.0,0.2246,-0.1314,0.0002,10.5171,-0.7818,-4.3734,75.521,76.88,76.88,75.04,81.3999977111816,up,2026-08-21T11:48:51,0.0,0.0
SPXW,2027-01-15,147,Put,6700.0,SPXW270115P06700000,75.7,76.2,75.95,75.9,-5.85,-7.15596,12.0,0.0,0.2249,-0.1319,0.0002,10.5536,-0.7844,-4.3917,76.0855,75.2,75.9,75.2,81.75,up,2026-08-21T12:08:06,0.0,0.0
SPX,2027-01-15,147,Call,6725.0,SPX270115C06725000,1119.4,1122.5,1120.95,993.73,0.0,0.0,0.0,201.0,0.2229,0.866,0.0002,10.7206,-0.7376,22.5119,1119.8948,0.0,0.0,0.0,1104.75,no_change,2026-07-20T11:05:11,0.0,0.0
SPXW,2027-01-15,147,Call,6725.0,SPXW270115C06725000,1117.3,1126.2,1121.75,0.0,0.0,0.0,0.0,0.0,0.2227,0.8655,0.0002,10.757,-0.7402,22.4932,1120.4523,0.0,0.0,0.0,1105.15002441406,no_change,,0.0,0.0
SPX,2027-01-15,147,Put,6725.0,SPX270115P06725000,77.3,78.1,77.69999999999999,75.05,0.0,0.0,0.0,1409.0,0.2227,-0.1352,0.0002,10.7206,-0.7906,-4.5008,77.5487,0.0,0.0,0.0,83.5499992370606,down,2026-08-13T16:05:22,0.0,0.0
SPXW,2027-01-15,147,Put,6725.0,SPXW270115P06725000,77.7,78.2,77.95,77.64,-6.21,-7.40608,1.0,0.0,0.223,-0.1357,0.0002,10.757,-0.7932,-4.5193,78.1241,77.64,77.64,77.64,83.8499984741211,down,2026-08-21T13:11:09,0.0,0.0
SPX,2027-01-15,147,Call,6750.0,SPX270115C06750000,1097.0,1099.8,1098.4,1146.05,0.0,0.0,0.0,2263.0,0.2208,0.8621,0.0002,10.926,-0.7476,22.4815,1097.4324,0.0,0.0,0.0,1082.45001220703,up,2026-08-19T12:53:18,0.0,0.0
SPXW,2027-01-15,147,Call,6750.0,SPXW270115C06750000,1094.7,1103.7,1099.2,0.0,0.0,0.0,0.0,0.0,0.2208,0.8616,0.0002,10.9623,-0.7502,22.4628,1098.0007,0.0,0.0,0.0,1082.84997558594,no_change,,0.0,0.0
SPX,2027-01-15,147,Put,6750.0,SPX270115P06750000,79.4,80.1,79.75,81.76,-4.04,-4.70862,2.0,3975.0,0.2208,-0.1391,0.0002,10.926,-0.7994,-4.6313,79.6401,81.8,81.8,81.76,85.7999992370606,down,2026-08-21T10:22:03,0.0,0.0
SPXW,2027-01-15,147,Put,6750.0,SPXW270115P06750000,79.8,80.3,80.05,0.0,0.0,0.0,0.0,0.0,0.221,-0.1396,0.0002,10.9623,-0.8019,-4.6498,80.2262,0.0,0.0,0.0,86.1000022888184,no_change,,0.0,0.0
SPX,2027-01-15,147,Call,6775.0,SPX270115C06775000,1074.5,1077.6,1076.05,1050.2,0.0,0.0,0.0,201.0,0.219,0.858,0.0002,11.134,-0.7575,22.4479,1075.0356,0.0,0.0,0.0,1060.20001220703,down,2026-06-16T13:28:38,0.0,0.0
SPXW,2027-01-15,147,Call,6775.0,SPXW270115C06775000,1072.6,1081.3,1076.9499999999998,0.0,0.0,0.0,0.0,0.0,0.2188,0.8575,0.0002,11.1703,-0.7602,22.4291,1075.6144,0.0,0.0,0.0,1060.60003662109,no_change,,0.0,0.0
SPX,2027-01-15,147,Put,6775.0,SPX270115P06775000,81.5,82.4,81.95,80.73,-7.32,-8.31346,2.0,1154.0,0.2188,-0.1432,0.0002,11.134,-0.8081,-4.7651,81.797,80.73,80.73,80.73,88.0499992370606,down,2026-08-21T11:42:18,0.0,0.0
SPXW,2027-01-15,147,Put,6775.0,SPXW270115P06775000,81.9,82.5,82.2,81.4,-6.95,-7.86644,11.0,0.0,0.2191,-0.1437,0.0002,11.1703,-0.8106,-4.7837,82.3937,81.4,81.4,81.4,88.3499984741211,down,2026-08-21T11:54:54,0.0,0.0
SPX,2027-01-15,147,Call,6800.0,SPX270115C06800000,1052.4,1055.1,1053.75,1053.28,15.28,1.47206,2.0,3937.0,0.2169,0.8539,0.0002,11.3455,-0.7674,22.4104,1052.7065,1053.28,1053.28,1053.28,1038.0,down,2026-08-21T14:02:11,0.0,0.0
SPXW,2027-01-15,147,Call,6800.0,SPXW270115C06800000,1050.1,1058.9,1054.5,0.0,0.0,0.0,0.0,0.0,0.2169,0.8533,0.0002,11.3818,-0.77,22.3915,1053.2958,0.0,0.0,0.0,1038.39996337891,no_change,,0.0,0.0
SPX,2027-01-15,147,Put,6800.0,SPX270115P06800000,83.7,84.5,84.1,83.65,-6.75,-7.46681,16.0,10056.0,0.2169,-0.1473,0.0002,11.3455,-0.8167,-4.9027,84.0216,85.38,85.38,83.65,90.3999977111816,down,2026-08-21T15:59:21,0.0,0.0
SPXW,2027-01-15,147,Put,6800.0,SPXW270115P06800000,84.2,84.7,84.45,90.03,0.0,0.0,0.0,3.0,0.2171,-0.1479,0.0002,11.3818,-0.8193,-4.9214,84.6289,0.0,0.0,0.0,90.75,up,2026-08-20T14:09:58,0.0,0.0
SPX,2027-01-15,147,Call,6825.0,SPX270115C06825000,1029.8,1033.0,1031.4,858.62,0.0,0.0,0.0,678.0,0.2151,0.8495,0.0002,11.561,-0.7773,22.3683,1030.4478,0.0,0.0,0.0,1015.79998779297,down,2026-06-26T11:04:23,0.0,0.0
SPXW,2027-01-15,147,Call,6825.0,SPXW270115C06825000,1028.0,1036.6,1032.3,0.0,0.0,0.0,0.0,0.0,0.2149,0.849,0.0002,11.5974,-0.7799,22.3491,1031.0476,0.0,0.0,0.0,1016.30001831055,no_change,,0.0,0.0
SPX,2027-01-15,147,Put,6825.0,SPX270115P06825000,86.0,86.9,86.45,86.0,-6.85,-7.37749,10.0,1880.0,0.215,-0.1516,0.0002,11.561,-0.8254,-5.045,86.3167,87.73,87.73,86.0,92.8499984741211,down,2026-08-21T15:59:21,0.0,0.0
SPXW,2027-01-15,147,Put,6825.0,SPXW270115P06825000,86.5,87.0,86.75,86.42,-6.73,-7.22491,1.0,0.0,0.2152,-0.1522,0.0002,11.5974,-0.8278,-5.0639,86.9343,86.42,86.42,86.42,93.1500015258789,down,2026-08-21T13:11:09,0.0,0.0
SPX,2027-01-15,147,Call,6850.0,SPX270115C06850000,1008.0,1010.6,1009.3,1020.25,0.0,0.0,0.0,4082.0,0.2131,0.8451,0.0002,11.781,-0.7871,22.3207,1008.263,0.0,0.0,0.0,993.799987792969,up,2026-08-20T11:23:23,0.0,0.0
SPXW,2027-01-15,147,Call,6850.0,SPXW270115C06850000,1005.9,1014.4,1010.15,0.0,0.0,0.0,0.0,0.0,0.2131,0.8445,0.0002,11.8174,-0.7897,22.3012,1008.873,0.0,0.0,0.0,994.300018310547,no_change,,0.0,0.0
SPX,2027-01-15,147,Put,6850.0,SPX270115P06850000,88.4,89.2,88.80000000000001,88.67,-6.63,-6.95698,2.0,3844.0,0.213,-0.1561,0.0002,11.781,-0.8339,-5.1928,88.6856,88.67,88.67,88.67,95.2999992370606,down,2026-08-21T12:47:22,0.0,0.0
SPXW,2027-01-15,147,Put,6850.0,SPXW270115P06850000,88.9,89.4,89.15,0.0,0.0,0.0,0.0,0.0,0.2132,-0.1567,0.0002,11.8174,-0.8364,-5.212,89.3134,0.0,0.0,0.0,95.7000007629394,no_change,,0.0,0.0
SPX,2027-01-15,147,Call,6875.0,SPX270115C06875000,985.7,988.7,987.2,1043.4,0.0,0.0,0.0,753.0,0.2112,0.8405,0.0002,12.005,-0.7968,22.267,986.1557,0.0,0.0,0.0,971.850006103516,up,2026-08-04T11:45:35,0.0,0.0
SPXW,2027-01-15,147,Call,6875.0,SPXW270115C06875000,983.6,992.2,987.9000000000001,0.0,0.0,0.0,0.0,0.0,0.2111,0.8399,0.0002,12.0413,-0.7994,22.2472,986.7758,0.0,0.0,0.0,972.300018310547,no_change,,0.0,0.0
SPX,2027-01-15,147,Put,6875.0,SPX270115P06875000,90.8,91.7,91.25,93.5,-4.45,-4.54314,4.0,1417.0,0.2111,-0.1607,0.0002,12.005,-0.8424,-5.3466,91.132,93.5,93.5,93.5,97.9500007629394,no_change,2026-08-21T09:47:25,0.0,0.0
SPXW,2027-01-15,147,Put,6875.0,SPXW270115P06875000,91.3,91.9,91.6,0.0,0.0,0.0,0.0,0.0,0.2114,-0.1612,0.0002,12.0413,-0.8448,-5.3662,91.77,0.0,0.0,0.0,98.25,no_change,,0.0,0.0
SPX,2027-01-15,147,Call,6900.0,SPX270115C06900000,963.9,966.5,965.2,1016.11,0.0,0.0,0.0,6035.0,0.2092,0.8357,0.0002,12.2321,-0.8065,22.207,964.1302,0.0,0.0,0.0,949.950012207031,up,2026-08-19T12:48:49,0.0,0.0
SPXW,2027-01-15,147,Call,6900.0,SPXW270115C06900000,961.6,970.1,965.85,0.0,0.0,0.0,0.0,0.0,0.2092,0.8352,0.0002,12.2682,-0.809,22.187,964.7602,0.0,0.0,0.0,950.450012207031,no_change,,0.0,0.0
SPX,2027-01-15,147,Put,6900.0,SPX270115P06900000,93.4,94.2,93.80000000000001,92.56,-8.04,-7.99205,30.0,4410.0,0.2091,-0.1655,0.0002,12.2321,-0.8508,-5.5067,93.6602,96.12,96.12,92.56,100.600002288818,down,2026-08-21T15:50:06,0.0,0.0
SPXW,2027-01-15,147,Put,6900.0,SPXW270115P06900000,93.9,94.4,94.15,100.18,0.0,0.0,0.0,1.0,0.2094,-0.166,0.0002,12.2682,-0.8532,-5.5265,94.3081,0.0,0.0,0.0,100.949996948242,up,2026-08-20T14:09:58,0.0,0.0
SPX,2027-01-15,147,Call,6925.0,SPX270115C06925000,941.7,944.8,943.25,934.3,6.15,0.662609,1.0,3373.0,0.2073,0.8308,0.0002,12.4612,-0.816,22.1412,942.1905,934.3,934.3,934.3,928.149993896484,down,2026-08-21T09:58:20,0.0,0.0
SPXW,2027-01-15,147,Call,6925.0,SPXW270115C06925000,939.9,948.2,944.05,0.0,0.0,0.0,0.0,0.0,0.2072,0.8303,0.0002,12.4969,-0.8185,22.1211,942.8301,0.0,0.0,0.0,928.649993896484,no_change,,0.0,0.0
SPX,2027-01-15,147,Put,6925.0,SPX270115P06925000,96.0,96.9,96.45,95.63,-7.67,-7.42497,101.0,1832.0,0.2073,-0.1704,0.0002,12.4612,-0.8591,-5.6727,96.2743,96.92,96.92,95.63,103.299999237061,no_change,2026-08-21T15:09:54,0.0,0.0
SPXW,2027-01-15,147,Put,6925.0,SPXW270115P06925000,96.5,97.0,96.75,0.0,0.0,0.0,0.0,0.0,0.2076,-0.1709,0.0002,12.4969,-0.8615,-5.6925,96.9318,0.0,0.0,0.0,103.700000762939,no_change,,0.0,0.0
SPX,2027-01-15,147,Call,6950.0,SPX270115C06950000,920.1,922.7,921.4000000000001,912.6,6.15,0.67847,1.0,6460.0,0.2053,0.8257,0.0003,12.6913,-0.8255,22.0702,920.3404,912.6,912.6,912.6,906.450012207031,down,2026-08-21T09:58:20,0.0,0.0
SPXW,2027-01-15,147,Call,6950.0,SPXW270115C06950000,918.1,926.3,922.2,0.0,0.0,0.0,0.0,0.0,0.2053,0.8252,0.0003,12.7264,-0.8279,22.0502,920.9893,0.0,0.0,0.0,906.950012207031,no_change,,0.0,0.0
SPX,2027-01-15,147,Put,6950.0,SPX270115P06950000,98.7,99.5,99.1,98.9,-7.2,-6.78605,22.0,5323.0,0.2052,-0.1754,0.0003,12.6913,-0.8673,-5.8438,98.9779,99.17,99.17,98.3,106.099998474121,up,2026-08-21T13:40:23,0.0,0.0
SPXW,2027-01-15,147,Put,6950.0,SPXW270115P06950000,99.2,99.7,99.45,106.69,0.0,0.0,0.0,104.0,0.2056,-0.176,0.0003,12.7264,-0.8696,-5.8636,99.6447,0.0,0.0,0.0,106.550003051758,up,2026-08-20T15:00:33,0.0,0.0
SPX,2027-01-15,147,Call,6975.0,SPX270115C06975000,898.1,901.1,899.6,734.87,0.0,0.0,0.0,2335.0,0.2035,0.8205,0.0003,12.9218,-0.8348,21.9948,898.5836,0.0,0.0,0.0,884.899993896484,down,2026-07-29T14:46:16,0.0,0.0
SPXW,2027-01-15,147,Call,6975.0,SPXW270115C06975000,896.3,904.5,900.4,0.0,0.0,0.0,0.0,0.0,0.2034,0.82,0.0003,12.9564,-0.8372,21.9749,899.2412,0.0,0.0,0.0,885.350006103516,no_change,,0.0,0.0
SPX,2027-01-15,147,Put,6975.0,SPX270115P06975000,101.4,102.4,101.9,101.75,-7.3,-6.69418,29.0,1186.0,0.2034,-0.1807,0.0003,12.9218,-0.8754,-6.0194,101.7748,104.1,104.48,100.62,109.049999237061,up,2026-08-21T13:35:51,0.0,0.0
SPXW,2027-01-15,147,Put,6975.0,SPXW270115P06975000,102.0,102.5,102.25,0.0,0.0,0.0,0.0,0.0,0.2036,-0.1812,0.0003,12.9564,-0.8777,-6.039,102.4504,0.0,0.0,0.0,109.449996948242,no_change,,0.0,0.0
SPX,2027-01-15,147,Call,7000.0,SPX270115C07000000,876.7,879.3,878.0,882.7,19.35,2.24127,3153.0,41782.0,0.2015,0.8151,0.0003,13.1532,-0.844,21.9151,876.9232,873.53,898.85,873.53,863.350006103516,no_change,2026-08-21T15:56:27,0.0,0.0
SPXW,2027-01-15,147,Call,7000.0,SPXW270115C07000000,874.7,882.8,878.75,891.85,0.0,0.0,0.0,5.0,0.2015,0.8146,0.0003,13.1874,-0.8464,21.8954,877.5891,0.0,0.0,0.0,863.850006103516,up,2026-08-20T10:36:02,0.0,0.0
SPX,2027-01-15,147,Put,7000.0,SPX270115P07000000,104.3,105.2,104.75,103.77,-8.33,-7.43087,3306.0,43537.0,0.2014,-0.1861,0.0003,13.1532,-0.8834,-6.1992,104.6682,107.75,107.75,103.03,112.100002288818,down,2026-08-21T15:57:15,0.0,0.0
SPXW,2027-01-15,147,Put,7000.0,SPXW270115P07000000,104.8,105.4,105.1,103.94,-8.56,-7.60889,122.0,125.0,0.2017,-0.1866,0.0003,13.1874,-0.8856,-6.2186,105.352,106.89,106.89,103.94,112.5,down,2026-08-21T11:45:13,0.0,0.0
SPX,2027-01-15,147,Call,7025.0,SPX270115C07025000,854.8,857.9,856.3499999999999,955.13,0.0,0.0,0.0,517.0,0.1995,0.8095,0.0003,13.3865,-0.8531,21.8306,855.363,0.0,0.0,0.0,841.950012207031,up,2026-08-04T15:42:52,0.0,0.0
SPXW,2027-01-15,147,Call,7025.0,SPXW270115C07025000,853.4,861.2,857.3,0.0,0.0,0.0,0.0,0.0,0.1995,0.809,0.0003,13.4203,-0.8554,21.8111,856.0365,0.0,0.0,0.0,842.450012207031,no_change,,0.0,0.0
SPX,2027-01-15,147,Put,7025.0,SPX270115P07025000,107.3,108.2,107.75,106.27,-8.98,-7.79176,73.0,3227.0,0.1995,-0.1917,0.0003,13.3865,-0.8912,-6.3838,107.6617,110.75,110.75,106.02,115.25,up,2026-08-21T15:46:36,0.0,0.0
SPXW,2027-01-15,147,Put,7025.0,SPXW270115P07025000,107.8,108.4,108.1,106.65,-9.0,-7.7821,7.0,1.0,0.1998,-0.1922,0.0003,13.4203,-0.8934,-6.4031,108.3531,110.16,110.55,106.65,115.650001525879,no_change,2026-08-21T11:40:56,0.0,0.0
SPX,2027-01-15,147,Call,7050.0,SPX270115C07050000,833.7,836.2,834.95,857.53,0.0,0.0,0.0,702.0,0.1976,0.8037,0.0003,13.6227,-0.8621,21.7402,833.9071,0.0,0.0,0.0,820.600006103516,down,2026-08-20T09:45:00,0.0,0.0
SPXW,2027-01-15,147,Call,7050.0,SPXW270115C07050000,832.0,839.7,835.85,0.0,0.0,0.0,0.0,0.0,0.1976,0.8032,0.0003,13.6562,-0.8643,21.7207,834.5878,0.0,0.0,0.0,821.149993896484,no_change,,0.0,0.0
SPX,2027-01-15,147,Put,7050.0,SPX270115P07050000,110.4,111.3,110.85,110.4,-8.1,-6.83544,3.0,2851.0,0.1976,-0.1975,0.0003,13.6227,-0.8989,-6.5744,110.7596,108.95,110.7,108.95,118.5,down,2026-08-21T13:58:52,0.0,0.0
SPXW,2027-01-15,147,Put,7050.0,SPXW270115P07050000,110.9,111.5,111.2,109.65,-9.25,-7.77964,5.0,1.0,0.1979,-0.198,0.0003,13.6562,-0.9011,-6.5936,111.4581,113.65,113.65,109.65,118.899997711182,no_change,2026-08-21T11:40:56,0.0,0.0
SPX,2027-01-15,147,Call,7075.0,SPX270115C07075000,812.2,815.1,813.6500000000001,676.88,0.0,0.0,0.0,234.0,0.1958,0.7977,0.0003,13.8626,-0.8709,21.6423,812.5609,0.0,0.0,0.0,799.399993896484,up,2026-07-31T12:29:59,0.0,0.0
SPXW,2027-01-15,147,Call,7075.0,SPXW270115C07075000,810.7,818.3,814.5,0.0,0.0,0.0,0.0,0.0,0.1957,0.7972,0.0003,13.8958,-0.8731,21.6228,813.2483,0.0,0.0,0.0,799.949981689453,no_change,,0.0,0.0
SPX,2027-01-15,147,Put,7075.0,SPX270115P07075000,113.5,114.5,114.0,113.9,-7.95,-6.52441,6.0,2049.0,0.1957,-0.2034,0.0003,13.8626,-0.9064,-6.7724,113.9671,113.15,113.9,113.15,121.849998474121,no_change,2026-08-21T13:39:32,0.0,0.0
SPXW,2027-01-15,147,Put,7075.0,SPXW270115P07075000,114.1,114.7,114.4,0.0,0.0,0.0,0.0,0.0,0.196,-0.204,0.0003,13.8958,-0.9086,-6.7917,114.6724,0.0,0.0,0.0,122.25,no_change,,0.0,0.0
SPX,2027-01-15,147,Call,7100.0,SPX270115C07100000,791.1,793.6,792.35,803.48,25.13,3.22862,3.0,1508.0,0.1938,0.7916,0.0003,14.1057,-0.8795,21.5359,791.3307,792.8,807.5,792.8,778.350006103516,down,2026-08-21T12:04:52,0.0,0.0
SPXW,2027-01-15,147,Call,7100.0,SPXW270115C07100000,789.2,797.1,793.1500000000001,0.0,0.0,0.0,0.0,0.0,0.1938,0.791,0.0003,14.1385,-0.8816,21.5163,792.0244,0.0,0.0,0.0,778.899993896484,no_change,,0.0,0.0
SPX,2027-01-15,147,Put,7100.0,SPX270115P07100000,116.7,117.8,117.25,116.57,-8.73,-6.96728,378.0,6082.0,0.1938,-0.2096,0.0003,14.1057,-0.9138,-6.979,117.2906,117.84,117.84,115.11,125.299999237061,down,2026-08-21T14:59:36,0.0,0.0
SPXW,2027-01-15,147,Put,7100.0,SPXW270115P07100000,117.4,118.0,117.7,0.0,0.0,0.0,0.0,0.0,0.1941,-0.2101,0.0003,14.1385,-0.9158,-6.9984,118.0022,0.0,0.0,0.0,125.700000762939,no_change,,0.0,0.0
SPX,2027-01-15,147,Call,7125.0,SPX270115C07125000,769.7,772.7,771.2,619.12,0.0,0.0,0.0,380.0,0.1919,0.7852,0.0003,14.3509,-0.8879,21.4205,770.2232,0.0,0.0,0.0,757.350006103516,up,2026-07-28T16:03:03,0.0,0.0
SPXW,2027-01-15,147,Call,7125.0,SPXW270115C07125000,768.4,776.2,772.3,0.0,0.0,0.0,0.0,0.0,0.1919,0.7847,0.0003,14.3831,-0.8899,21.401,770.9227,0.0,0.0,0.0,757.950012207031,no_change,,0.0,0.0
SPX,2027-01-15,147,Put,7125.0,SPX270115P07125000,120.3,121.2,120.75,119.0,0.0,0.0,0.0,2049.0,0.1919,-0.216,0.0003,14.3509,-0.9209,-7.1945,120.7368,0.0,0.0,0.0,128.950004577637,down,2026-08-19T15:48:49,0.0,0.0
SPXW,2027-01-15,147,Put,7125.0,SPXW270115P07125000,120.9,121.5,121.2,0.0,0.0,0.0,0.0,0.0,0.1922,-0.2165,0.0003,14.3831,-0.9229,-7.2138,121.4542,0.0,0.0,0.0,129.300003051758,no_change,,0.0,0.0
SPX,2027-01-15,147,Call,7150.0,SPX270115C07150000,749.1,751.5,750.3,757.07,0.0,0.0,0.0,619.0,0.19,0.7786,0.0003,14.5964,-0.8961,21.2971,749.2452,0.0,0.0,0.0,736.550018310547,down,2026-08-20T12:33:26,0.0,0.0
SPXW,2027-01-15,147,Call,7150.0,SPXW270115C07150000,747.5,755.2,751.35,0.0,0.0,0.0,0.0,0.0,0.19,0.7781,0.0003,14.6278,-0.8981,21.2778,749.9501,0.0,0.0,0.0,737.150024414062,no_change,,0.0,0.0
SPX,2027-01-15,147,Put,7150.0,SPX270115P07150000,123.8,124.8,124.3,131.65,0.0,0.0,0.0,8650.0,0.19,-0.2226,0.0003,14.5964,-0.9279,-7.418,124.3126,0.0,0.0,0.0,132.599998474121,no_change,2026-08-20T14:53:27,0.0,0.0
SPXW,2027-01-15,147,Put,7150.0,SPXW270115P07150000,124.4,125.0,124.7,0.0,0.0,0.0,0.0,0.0,0.1902,-0.2231,0.0003,14.6278,-0.9298,-7.4371,125.0354,0.0,0.0,0.0,133.050003051758,no_change,,0.0,0.0
SPX,2027-01-15,147,Call,7175.0,SPX270115C07175000,727.9,730.8,729.3499999999999,589.43,0.0,0.0,0.0,366.0,0.1882,0.7718,0.0003,14.8405,-0.904,21.1669,728.4029,0.0,0.0,0.0,715.799987792969,down,2026-07-28T11:42:53,0.0,0.0
SPXW,2027-01-15,147,Call,7175.0,SPXW270115C07175000,726.7,734.3,730.5,0.0,0.0,0.0,0.0,0.0,0.1881,0.7713,0.0003,14.8712,-0.906,21.148,729.1126,0.0,0.0,0.0,716.450012207031,no_change,,0.0,0.0
SPX,2027-01-15,147,Put,7175.0,SPX270115P07175000,127.5,128.5,128.0,133.88,0.0,0.0,0.0,784.0,0.1881,-0.2294,0.0003,14.8405,-0.9346,-7.6484,128.024,0.0,0.0,0.0,136.349998474121,up,2026-08-20T14:01:18,0.0,0.0
SPXW,2027-01-15,147,Put,7175.0,SPXW270115P07175000,128.1,128.7,128.39999999999998,0.0,0.0,0.0,0.0,0.0,0.1884,-0.2299,0.0003,14.8712,-0.9365,-7.667,128.7516,0.0,0.0,0.0,136.900001525879,no_change,,0.0,0.0
SPX,2027-01-15,147,Call,7200.0,SPX270115C07200000,707.5,709.9,708.7,719.51,24.21,3.48195,3.0,2952.0,0.1862,0.7647,0.0003,15.0827,-0.9118,21.0311,707.7017,704.82,719.51,704.82,695.299987792969,up,2026-08-21T12:04:51,0.0,0.0
SPXW,2027-01-15,147,Call,7200.0,SPXW270115C07200000,706.0,713.6,709.8,707.39,11.49,1.6511,2.0,0.0,0.1862,0.7642,0.0003,15.1126,-0.9136,21.0127,708.4156,705.47,707.39,705.47,695.899993896484,up,2026-08-21T09:50:44,0.0,0.0
SPX,2027-01-15,147,Put,7200.0,SPX270115P07200000,131.3,132.3,131.8,131.1,-9.35,-6.65718,27.0,5084.0,0.1862,-0.2365,0.0003,15.0827,-0.9411,-7.8843,131.8766,129.48,132.27,129.48,140.450004577637,no_change,2026-08-21T14:59:39,0.0,0.0
SPXW,2027-01-15,147,Put,7200.0,SPXW270115P07200000,132.0,132.6,132.3,0.0,0.0,0.0,0.0,0.0,0.1866,-0.237,0.0003,15.1126,-0.9429,-7.9025,132.6083,0.0,0.0,0.0,140.850006103516,no_change,,0.0,0.0
SPX,2027-01-15,147,Call,7225.0,SPX270115C07225000,686.7,689.5,688.1,674.67,0.0,0.0,0.0,626.0,0.1844,0.7574,0.0004,15.3237,-0.9192,20.8896,687.147,0.0,0.0,0.0,674.850006103516,up,2026-08-20T15:48:21,0.0,0.0
SPXW,2027-01-15,147,Call,7225.0,SPXW270115C07225000,685.1,692.8,688.95,0.0,0.0,0.0,0.0,0.0,0.1844,0.757,0.0004,15.3529,-0.921,20.8716,687.8645,0.0,0.0,0.0,675.550018310547,no_change,,0.0,0.0
SPX,2027-01-15,147,Put,7225.0,SPX270115P07225000,135.2,136.3,135.75,134.18,-10.42,-7.20608,152.0,3142.0,0.1844,-0.2437,0.0004,15.3237,-0.9473,-8.126,135.8756,134.18,134.18,134.18,144.599998474121,no_change,2026-08-21T11:56:48,0.0,0.0
SPXW,2027-01-15,147,Put,7225.0,SPXW270115P07225000,136.0,136.6,136.3,134.97,-10.08,-6.94933,40.0,1.0,0.1847,-0.2442,0.0004,15.3529,-0.949,-8.1438,136.611,135.04,135.06,134.97,145.050003051758,down,2026-08-21T15:36:16,0.0,0.0
SPX,2027-01-15,147,Call,7250.0,SPX270115C07250000,666.6,668.9,667.75,663.81,9.16,1.39922,5.0,996.0,0.1825,0.7499,0.0004,15.5648,-0.9264,20.7408,666.7448,663.12,664.06,663.12,654.649993896484,down,2026-08-21T09:43:38,0.0,0.0
SPXW,2027-01-15,147,Call,7250.0,SPXW270115C07250000,664.8,672.4,668.5999999999999,0.0,0.0,0.0,0.0,0.0,0.1826,0.7494,0.0004,15.5934,-0.9281,20.7231,667.4655,0.0,0.0,0.0,655.25,no_change,,0.0,0.0
SPX,2027-01-15,147,Put,7250.0,SPX270115P07250000,139.5,140.4,139.95,139.2,-9.7,-6.51444,732.0,2544.0,0.1825,-0.2513,0.0004,15.5648,-0.9532,-8.375,140.0271,141.66,141.66,137.34,148.900001525879,down,2026-08-21T15:59:21,0.0,0.0
SPXW,2027-01-15,147,Put,7250.0,SPXW270115P07250000,140.1,140.7,140.39999999999998,0.0,0.0,0.0,0.0,0.0,0.1829,-0.2517,0.0004,15.5934,-0.9548,-8.3924,140.7657,0.0,0.0,0.0,149.350006103516,no_change,,0.0,0.0
SPX,2027-01-15,147,Call,7275.0,SPX270115C07275000,646.6,648.6,647.6,653.75,19.2,3.02577,5.0,319.0,0.1807,0.7421,0.0004,15.8069,-0.9332,20.5824,646.5026,649.57,653.75,649.57,634.549987792969,up,2026-08-21T13:06:03,0.0,0.0
SPXW,2027-01-15,147,Call,7275.0,SPXW270115C07275000,644.5,652.1,648.3,650.24,15.04,2.36776,2.0,0.0,0.1807,0.7417,0.0004,15.835,-0.9349,20.565,647.2263,650.22,650.24,650.22,635.199981689453,up,2026-08-21T11:18:34,0.0,0.0
SPX,2027-01-15,147,Put,7275.0,SPX270115P07275000,143.7,144.7,144.2,143.97,-9.38,-6.11673,1.0,1091.0,0.1806,-0.259,0.0004,15.8069,-0.9588,-8.6335,144.3386,143.97,143.97,143.97,153.349998474121,down,2026-08-21T12:47:22,0.0,0.0
SPXW,2027-01-15,147,Put,7275.0,SPXW270115P07275000,144.4,145.0,144.7,0.0,0.0,0.0,0.0,0.0,0.181,-0.2595,0.0004,15.835,-0.9604,-8.6507,145.0803,0.0,0.0,0.0,153.850006103516,no_change,,0.0,0.0
SPX,2027-01-15,147,Call,7300.0,SPX270115C07300000,626.5,628.5,627.5,631.62,17.02,2.76928,2.0,4150.0,0.1788,0.7341,0.0004,16.0498,-0.9397,20.4124,626.4298,632.27,632.27,631.62,614.600006103516,down,2026-08-21T15:31:21,0.0,0.0
SPXW,2027-01-15,147,Call,7300.0,SPXW270115C07300000,624.8,632.0,628.4,0.0,0.0,0.0,0.0,0.0,0.1789,0.7337,0.0004,16.0773,-0.9413,20.3953,627.1564,0.0,0.0,0.0,615.25,no_change,,0.0,0.0
SPX,2027-01-15,147,Put,7300.0,SPX270115P07300000,148.2,149.2,148.7,147.5,-10.5,-6.64557,6.0,6395.0,0.1788,-0.2671,0.0004,16.0498,-0.964,-8.9036,148.8195,149.45,149.45,147.5,158.0,down,2026-08-21T15:23:45,0.0,0.0
SPXW,2027-01-15,147,Put,7300.0,SPXW270115P07300000,148.9,149.5,149.2,149.02,-9.48,-5.98107,4.0,0.0,0.1791,-0.2675,0.0004,16.0773,-0.9656,-8.9205,149.564,152.3,152.3,149.02,158.5,down,2026-08-21T12:47:04,0.0,0.0
SPX,2027-01-15,147,Call,7325.0,SPX270115C07325000,606.6,608.6,607.6,651.16,0.0,0.0,0.0,1771.0,0.1771,0.7258,0.0004,16.2916,-0.9459,20.2308,606.5363,0.0,0.0,0.0,594.950012207031,down,2026-08-19T12:54:18,0.0,0.0
SPXW,2027-01-15,147,Call,7325.0,SPXW270115C07325000,604.5,612.0,608.25,0.0,0.0,0.0,0.0,0.0,0.1771,0.7254,0.0004,16.3184,-0.9474,20.2139,607.2657,0.0,0.0,0.0,595.549987792969,no_change,,0.0,0.0
SPX,2027-01-15,147,Put,7325.0,SPX270115P07325000,152.7,153.8,153.25,156.25,-6.55,-4.02334,2.0,1279.0,0.177,-0.2754,0.0004,16.2916,-0.9689,-9.1854,153.4798,156.25,156.25,156.25,162.799995422363,no_change,2026-08-21T09:47:25,0.0,0.0
SPXW,2027-01-15,147,Put,7325.0,SPXW270115P07325000,153.5,154.1,153.8,156.9,-6.35,-3.88974,3.0,2.0,0.1773,-0.2758,0.0004,16.3184,-0.9704,-9.202,154.2271,157.0,157.0,156.9,163.25,down,2026-08-21T10:29:50,0.0,0.0
SPX,2027-01-15,147,Call,7350.0,SPX270115C07350000,586.9,588.9,587.9,586.46,0.0,0.0,0.0,1536.0,0.1751,0.7172,0.0004,16.5299,-0.9516,20.0391,586.8319,0.0,0.0,0.0,575.349975585938,up,2026-08-20T13:59:37,0.0,0.0
SPXW,2027-01-15,147,Call,7350.0,SPXW270115C07350000,585.0,592.4,588.7,0.0,0.0,0.0,0.0,0.0,0.1752,0.7168,0.0004,16.5559,-0.953,20.0228,587.5641,0.0,0.0,0.0,576.0,no_change,,0.0,0.0
SPX,2027-01-15,147,Put,7350.0,SPX270115P07350000,157.7,158.6,158.14999999999998,157.2,-10.6,-6.31705,7.0,4880.0,0.1751,-0.284,0.0004,16.5299,-0.9734,-9.4772,158.3291,157.38,157.38,157.2,167.800003051758,down,2026-08-21T12:39:37,0.0,0.0
SPXW,2027-01-15,147,Put,7350.0,SPXW270115P07350000,158.4,159.0,158.7,168.45,0.0,0.0,0.0,50.0,0.1756,-0.2844,0.0004,16.5559,-0.9748,-9.4932,159.0792,0.0,0.0,0.0,168.300003051758,up,2026-08-20T15:00:33,0.0,0.0
SPX,2027-01-15,147,Call,7375.0,SPX270115C07375000,567.4,569.4,568.4,599.73,0.0,0.0,0.0,437.0,0.1733,0.7084,0.0004,16.7626,-0.9569,19.8399,567.3249,0.0,0.0,0.0,555.950012207031,down,2026-08-18T11:02:02,0.0,0.0
SPXW,2027-01-15,147,Call,7375.0,SPXW270115C07375000,565.0,572.9,568.95,0.0,0.0,0.0,0.0,0.0,0.1735,0.708,0.0004,16.7878,-0.9583,19.8242,568.0598,0.0,0.0,0.0,556.649993896484,no_change,,0.0,0.0
SPX,2027-01-15,147,Put,7375.0,SPX270115P07375000,162.5,163.7,163.1,161.75,-11.25,-6.50289,5.0,847.0,0.1733,-0.2928,0.0004,16.7626,-0.9775,-9.7766,163.3758,162.64,162.64,161.75,173.0,down,2026-08-21T13:09:39,0.0,0.0
SPXW,2027-01-15,147,Put,7375.0,SPXW270115P07375000,163.4,164.0,163.7,0.0,0.0,0.0,0.0,0.0,0.1737,-0.2932,0.0004,16.7878,-0.9788,-9.792,164.1287,0.0,0.0,0.0,173.5,no_change,,0.0,0.0
SPX,2027-01-15,147,Call,7400.0,SPX270115C07400000,548.0,550.0,549.0,555.03,18.18,3.38643,1.0,5688.0,0.1716,0.6992,0.0004,16.9893,-0.9618,19.6343,548.0225,555.03,555.03,555.03,536.849975585938,down,2026-08-21T12:24:16,0.0,0.0
SPXW,2027-01-15,147,Call,7400.0,SPXW270115C07400000,545.7,553.5,549.6,543.4,6.25,1.16355,3.0,0.0,0.1719,0.6988,0.0004,17.0137,-0.9631,19.6193,548.7603,543.4,543.4,543.4,537.149993896484,up,2026-08-21T10:21:18,0.0,0.0
SPX,2027-01-15,147,Put,7400.0,SPX270115P07400000,167.8,168.9,168.35000000000002,168.6,-9.75,-5.46678,236.0,3789.0,0.1715,-0.302,0.0004,16.9893,-0.9811,-10.0824,168.6271,170.78,173.75,165.54,178.349998474121,up,2026-08-21T14:06:27,0.0,0.0
SPXW,2027-01-15,147,Put,7400.0,SPXW270115P07400000,168.6,169.2,168.89999999999998,169.5,-9.4,-5.25433,14.0,0.0,0.1719,-0.3024,0.0004,17.0137,-0.9824,-10.097,169.3828,171.27,171.27,168.58,178.900001525879,up,2026-08-21T14:07:14,0.0,0.0
SPX,2027-01-15,147,Call,7425.0,SPX270115C07425000,528.9,530.9,529.9,560.6,0.0,0.0,0.0,1009.0,0.1698,0.6898,0.0004,17.2109,-0.9662,19.4208,528.9322,0.0,0.0,0.0,517.899993896484,up,2026-08-19T15:49:26,0.0,0.0
SPXW,2027-01-15,147,Call,7425.0,SPXW270115C07425000,529.8,530.7,530.25,532.8,14.55,2.80753,3.0,0.0,0.1701,0.6894,0.0004,17.2347,-0.9674,19.4065,529.6731,532.8,532.8,532.8,518.25,up,2026-08-21T13:29:58,0.0,0.0
SPX,2027-01-15,147,Put,7425.0,SPX270115P07425000,173.3,174.3,173.8,173.83,-10.17,-5.52717,6.0,2395.0,0.1698,-0.3114,0.0004,17.2109,-0.9843,-10.3959,174.0906,173.83,173.83,173.83,184.0,down,2026-08-21T13:27:34,0.0,0.0
SPXW,2027-01-15,147,Put,7425.0,SPXW270115P07425000,174.1,174.7,174.39999999999998,172.78,-11.72,-6.3523,140.0,60.0,0.1701,-0.3118,0.0004,17.2347,-0.9855,-10.41,174.8494,176.58,176.58,172.78,184.5,down,2026-08-21T15:36:16,0.0,0.0
SPX,2027-01-15,147,Call,7450.0,SPX270115C07450000,510.0,512.0,511.0,510.16,0.0,0.0,0.0,2982.0,0.1681,0.68,0.0004,17.4287,-0.9701,19.1963,510.0638,0.0,0.0,0.0,499.199996948242,down,2026-08-20T13:55:11,0.0,0.0
SPXW,2027-01-15,147,Call,7450.0,SPXW270115C07450000,510.9,511.8,511.35,516.8,17.1,3.42205,3.0,0.0,0.1684,0.6797,0.0004,17.452,-0.9713,19.1824,510.8083,516.8,516.8,516.8,499.699996948242,up,2026-08-21T15:01:04,0.0,0.0
SPX,2027-01-15,147,Put,7450.0,SPX270115P07450000,178.9,180.0,179.45,178.8,-11.05,-5.82038,1451.0,3140.0,0.168,-0.3211,0.0004,17.4287,-0.9869,-10.7206,179.7759,183.35,183.35,175.81,189.849998474121,down,2026-08-21T15:54:38,0.0,0.0
SPXW,2027-01-15,147,Put,7450.0,SPXW270115P07450000,179.7,180.4,180.05,179.16,-11.29,-5.92807,1.0,0.0,0.1684,-0.3215,0.0004,17.452,-0.9881,-10.7343,180.5384,179.16,179.16,179.16,190.450004577637,down,2026-08-21T13:20:13,0.0,0.0
SPX,2027-01-15,147,Call,7475.0,SPX270115C07475000,491.3,493.4,492.35,543.57,0.0,0.0,0.0,445.0,0.1664,0.67,0.0004,17.6424,-0.9734,18.9576,491.4294,0.0,0.0,0.0,480.800003051758,up,2026-08-19T10:50:46,0.0,0.0
SPXW,2027-01-15,147,Call,7475.0,SPXW270115C07475000,492.4,493.1,492.75,501.2,20.0,4.15628,3.0,0.0,0.1666,0.6697,0.0004,17.6651,-0.9746,18.9441,492.1783,501.2,501.2,501.2,481.199996948242,up,2026-08-21T12:21:26,0.0,0.0
SPX,2027-01-15,147,Put,7475.0,SPX270115P07475000,184.8,185.9,185.35000000000002,182.94,-12.96,-6.61562,25.0,1234.0,0.1663,-0.3312,0.0004,17.6424,-0.989,-11.0595,185.6953,188.93,188.93,182.82,195.900001525879,up,2026-08-21T15:46:36,0.0,0.0
SPXW,2027-01-15,147,Put,7475.0,SPXW270115P07475000,185.6,186.3,185.95,190.86,-5.64,-2.87023,30.0,11.0,0.1667,-0.3315,0.0004,17.6651,-0.9901,-11.0727,186.4621,190.09,190.94,189.01,196.5,up,2026-08-21T09:58:05,0.0,0.0
SPX,2027-01-15,147,Call,7500.0,SPX270115C07500000,472.9,474.9,473.9,474.29,11.74,2.53811,4.0,8837.0,0.1646,0.6597,0.0005,17.8498,-0.9762,18.7046,473.0427,473.89,474.29,473.89,462.549987792969,up,2026-08-21T16:01:03,0.0,0.0
SPXW,2027-01-15,147,Call,7500.0,SPXW270115C07500000,474.0,474.9,474.45,0.0,0.0,0.0,0.0,0.0,0.1649,0.6594,0.0005,17.8718,-0.9773,18.6917,473.7969,0.0,0.0,0.0,463.0,no_change,,0.0,0.0
SPX,2027-01-15,147,Put,7500.0,SPX270115P07500000,190.9,192.1,191.5,191.92,-10.33,-5.10754,139.0,10666.0,0.1646,-0.3415,0.0005,17.8498,-0.9905,-11.4126,191.8623,195.0,195.15,188.7,202.25,up,2026-08-21T16:01:03,0.0,0.0
SPXW,2027-01-15,147,Put,7500.0,SPXW270115P07500000,191.8,192.4,192.10000000000002,191.16,-11.64,-5.73965,2.0,0.0,0.1648,-0.3418,0.0005,17.8718,-0.9916,-11.4253,192.6344,191.62,191.62,191.16,202.800003051758,down,2026-08-21T13:20:13,0.0,0.0
SPX,2027-01-15,147,Call,7525.0,SPX270115C07525000,454.7,456.8,455.75,456.13,11.78,2.65107,3.0,617.0,0.163,0.649,0.0005,18.048,-0.9783,18.4408,454.9163,456.13,456.13,456.13,444.349990844727,down,2026-08-21T13:38:58,0.0,0.0
SPXW,2027-01-15,147,Call,7525.0,SPXW270115C07525000,455.7,456.6,456.15,0.0,0.0,0.0,0.0,0.0,0.1632,0.6487,0.0005,18.0694,-0.9794,18.4286,455.6764,0.0,0.0,0.0,445.050003051758,no_change,,0.0,0.0
SPX,2027-01-15,147,Put,7525.0,SPX270115P07525000,197.2,198.5,197.85,198.0,-10.8,-5.17241,12.0,1096.0,0.1629,-0.3522,0.0005,18.048,-0.9914,-11.7765,198.2896,201.88,201.88,196.4,208.799995422363,no_change,2026-08-21T13:40:24,0.0,0.0
SPXW,2027-01-15,147,Put,7525.0,SPXW270115P07525000,198.2,198.8,198.5,0.0,0.0,0.0,0.0,0.0,0.1632,-0.3524,0.0005,18.0694,-0.9924,-11.7884,199.0677,0.0,0.0,0.0,209.400001525879,no_change,,0.0,0.0
SPX,2027-01-15,147,Call,7550.0,SPX270115C07550000,437.0,438.4,437.7,443.66,0.0,0.0,0.0,1492.0,0.1612,0.6381,0.0005,18.2347,-0.9798,18.1698,437.0601,0.0,0.0,0.0,426.75,down,2026-08-20T13:14:22,0.0,0.0
SPXW,2027-01-15,147,Call,7550.0,SPXW270115C07550000,438.0,438.7,438.35,0.0,0.0,0.0,0.0,0.0,0.1616,0.6378,0.0005,18.2554,-0.9808,18.1585,437.8271,0.0,0.0,0.0,427.350006103516,no_change,,0.0,0.0
SPX,2027-01-15,147,Put,7550.0,SPX270115P07550000,204.0,205.1,204.55,204.11,-11.54,-5.35126,234.0,9064.0,0.1612,-0.3631,0.0005,18.2347,-0.9916,-12.1476,204.9872,208.6,208.6,202.48,215.650001525879,no_change,2026-08-21T15:56:19,0.0,0.0
SPXW,2027-01-15,147,Put,7550.0,SPXW270115P07550000,204.8,205.5,205.15,206.54,-9.76,-4.51225,8.0,143.0,0.1616,-0.3634,0.0005,18.2554,-0.9926,-12.1587,205.7721,202.92,206.54,201.63,216.300003051758,up,2026-08-21T14:39:11,0.0,0.0
SPX,2027-01-15,147,Call,7575.0,SPX270115C07575000,419.4,420.8,420.1,421.45,12.15,2.96848,4.0,1671.0,0.1595,0.6268,0.0005,18.4096,-0.9805,17.8922,419.4829,422.92,422.92,421.45,409.300003051758,down,2026-08-21T13:45:38,0.0,0.0
SPXW,2027-01-15,147,Call,7575.0,SPXW270115C07575000,420.4,421.1,420.75,0.0,0.0,0.0,0.0,0.0,0.1599,0.6266,0.0005,18.4299,-0.9816,17.8817,420.2578,0.0,0.0,0.0,409.949996948242,no_change,,0.0,0.0
SPX,2027-01-15,147,Put,7575.0,SPX270115P07575000,210.8,212.1,211.45,212.57,-10.33,-4.63437,11.0,1036.0,0.1596,-0.3744,0.0005,18.4096,-0.9911,-12.5254,211.9637,216.52,216.52,206.88,222.900001525879,up,2026-08-21T14:38:08,0.0,0.0
SPXW,2027-01-15,147,Put,7575.0,SPXW270115P07575000,211.8,212.5,212.15,213.37,-10.03,-4.48971,6.0,11.0,0.1599,-0.3746,0.0005,18.4299,-0.9921,-12.5357,212.7565,209.72,213.37,209.72,223.400001525879,up,2026-08-21T14:38:08,0.0,0.0
SPX,2027-01-15,147,Call,7600.0,SPX270115C07600000,402.1,403.5,402.8,403.44,11.19,2.85277,8.0,6169.0,0.1579,0.6152,0.0005,18.5737,-0.9806,17.6042,402.1952,403.0,412.56,403.0,392.25,down,2026-08-21T16:01:03,0.0,0.0
SPXW,2027-01-15,147,Call,7600.0,SPXW270115C07600000,403.1,403.8,403.45000000000005,0.0,0.0,0.0,0.0,0.0,0.1583,0.615,0.0005,18.5935,-0.9816,17.5944,402.979,0.0,0.0,0.0,392.949996948242,no_change,,0.0,0.0
SPX,2027-01-15,147,Put,7600.0,SPX270115P07600000,218.2,219.4,218.8,219.17,-11.08,-4.81216,221.0,12690.0,0.1579,-0.386,0.0005,18.5737,-0.9899,-12.9135,219.2298,222.77,225.28,213.93,230.25,up,2026-08-21T16:01:03,0.0,0.0
SPXW,2027-01-15,147,Put,7600.0,SPXW270115P07600000,219.1,219.7,219.39999999999998,220.57,-10.33,-4.4738,3.0,132.0,0.1583,-0.3862,0.0005,18.5935,-0.9909,-12.9231,220.0314,220.57,220.57,220.57,230.900001525879,down,2026-08-21T14:38:08,0.0,0.0
SPX,2027-01-15,147,Call,7625.0,SPX270115C07625000,385.1,386.5,385.8,379.3,3.9,1.03889,2.0,792.0,0.1564,0.6033,0.0005,18.7268,-0.9799,17.3012,385.2113,379.3,379.3,379.3,375.399993896484,down,2026-08-21T09:58:20,0.0,0.0
SPXW,2027-01-15,147,Call,7625.0,SPXW270115C07625000,386.1,386.8,386.45000000000005,0.0,0.0,0.0,0.0,0.0,0.1567,0.6031,0.0005,18.7462,-0.9809,17.292,386.0051,0.0,0.0,0.0,376.050003051758,no_change,,0.0,0.0
SPX,2027-01-15,147,Put,7625.0,SPX270115P07625000,225.7,227.0,226.35,227.3,-10.75,-4.51586,1000.0,1240.0,0.1564,-0.3979,0.0005,18.7268,-0.988,-13.3167,226.7996,227.3,227.3,227.3,238.050003051758,no_change,2026-08-21T14:30:23,0.0,0.0
SPXW,2027-01-15,147,Put,7625.0,SPXW270115P07625000,226.6,227.3,226.95,0.0,0.0,0.0,0.0,0.0,0.1567,-0.3981,0.0005,18.7462,-0.989,-13.3256,227.6113,0.0,0.0,0.0,238.699996948242,no_change,,0.0,0.0
SPX,2027-01-15,147,Call,7650.0,SPX270115C07650000,368.5,369.9,369.2,374.98,15.93,4.43671,4.0,3382.0,0.1547,0.5911,0.0005,18.8672,-0.9784,16.982,368.5479,362.85,374.98,362.85,359.050003051758,up,2026-08-21T12:59:51,0.0,0.0
SPXW,2027-01-15,147,Call,7650.0,SPXW270115C07650000,369.4,370.2,369.79999999999995,373.26,13.56,3.76981,1.0,0.0,0.1551,0.5909,0.0005,18.8861,-0.9794,16.9737,369.3529,373.26,373.26,373.26,359.699996948242,up,2026-08-21T15:36:35,0.0,0.0
SPX,2027-01-15,147,Put,7650.0,SPX270115P07650000,233.6,234.9,234.25,234.63,-11.52,-4.68007,727.0,2112.0,0.1548,-0.4101,0.0005,18.8672,-0.9852,-13.736,234.6899,238.75,238.75,229.13,246.150001525879,up,2026-08-21T16:07:06,0.0,0.0
SPXW,2027-01-15,147,Put,7650.0,SPXW270115P07650000,234.5,235.2,234.85,232.79,-14.01,-5.67666,40.0,0.0,0.1551,-0.4102,0.0005,18.8861,-0.9862,-13.7441,235.5128,232.88,232.92,232.79,246.800003051758,down,2026-08-21T15:36:16,0.0,0.0
SPX,2027-01-15,147,Call,7675.0,SPX270115C07675000,352.1,353.6,352.85,353.3,10.4,3.03296,3.0,640.0,0.1533,0.5786,0.0005,18.9921,-0.9761,16.6517,352.2205,355.66,355.66,353.3,342.899993896484,no_change,2026-08-21T13:40:18,0.0,0.0
SPXW,2027-01-15,147,Call,7675.0,SPXW270115C07675000,353.1,353.9,353.5,364.3,0.0,0.0,0.0,4.0,0.1536,0.5785,0.0005,19.0106,-0.9771,16.6444,353.0376,0.0,0.0,0.0,343.649993896484,up,2026-08-20T12:40:03,0.0,0.0
SPX,2027-01-15,147,Put,7675.0,SPX270115P07675000,241.7,243.1,242.39999999999998,242.83,-11.72,-4.6042,6.0,992.0,0.1532,-0.4226,0.0005,18.9921,-0.9816,-14.1665,242.9162,245.0,245.0,242.09,254.550003051758,up,2026-08-21T16:07:06,0.0,0.0
SPXW,2027-01-15,147,Put,7675.0,SPXW270115P07675000,242.7,243.4,243.05,0.0,0.0,0.0,0.0,0.0,0.1535,-0.4227,0.0005,19.0106,-0.9827,-14.1736,243.7512,0.0,0.0,0.0,255.25,no_change,,0.0,0.0
SPX,2027-01-15,147,Call,7700.0,SPX270115C07700000,336.2,337.6,336.9,338.95,11.85,3.62274,3.0,4042.0,0.1517,0.5658,0.0005,19.0994,-0.9729,16.3158,336.2402,348.56,348.56,338.95,327.100006103516,down,2026-08-21T13:31:10,0.0,0.0
SPXW,2027-01-15,147,Call,7700.0,SPXW270115C07700000,337.1,337.9,337.5,331.0,0.0,0.0,0.0,5.0,0.1521,0.5657,0.0005,19.1176,-0.9739,16.3094,337.07,0.0,0.0,0.0,327.75,down,2026-08-20T14:09:56,0.0,0.0
SPX,2027-01-15,147,Put,7700.0,SPX270115P07700000,250.4,251.7,251.05,251.43,-11.92,-4.5263,208.0,2546.0,0.1517,-0.4354,0.0005,19.0994,-0.9772,-14.6026,251.4896,255.1,255.1,246.41,263.350006103516,up,2026-08-21T16:13:22,0.0,0.0
SPXW,2027-01-15,147,Put,7700.0,SPXW270115P07700000,251.3,252.0,251.65,252.6,0.0,0.0,0.0,4.0,0.152,-0.4355,0.0005,19.1176,-0.9782,-14.6086,252.3374,0.0,0.0,0.0,264.150009155273,no_change,2026-08-20T12:57:26,0.0,0.0
SPX,2027-01-15,147,Call,7725.0,SPX270115C07725000,320.5,322.0,321.25,332.0,20.3,6.51267,2.0,1060.0,0.1502,0.5527,0.0005,19.1887,-0.9688,15.9744,320.6162,330.6,332.0,330.6,311.699996948242,up,2026-08-21T11:40:46,0.0,0.0
SPXW,2027-01-15,147,Call,7725.0,SPXW270115C07725000,321.5,322.3,321.9,0.0,0.0,0.0,0.0,0.0,0.1506,0.5526,0.0005,19.2066,-0.9699,15.9691,321.4593,0.0,0.0,0.0,312.5,no_change,,0.0,0.0
SPX,2027-01-15,147,Put,7725.0,SPX270115P07725000,259.4,260.6,260.0,252.9,0.0,0.0,0.0,1082.0,0.1503,-0.4485,0.0005,19.1887,-0.9719,-15.0441,260.4194,0.0,0.0,0.0,272.449996948242,up,2026-08-19T13:34:56,0.0,0.0
SPXW,2027-01-15,147,Put,7725.0,SPXW270115P07725000,260.3,261.0,260.65,263.3,0.0,0.0,0.0,20.0,0.1506,-0.4486,0.0005,19.2066,-0.973,-15.0491,261.2804,0.0,0.0,0.0,273.199996948242,up,2026-08-20T13:13:00,0.0,0.0
SPX,2027-01-15,147,Call,7750.0,SPX270115C07750000,305.3,306.8,306.05,310.85,14.15,4.76912,52.0,1395.0,0.1488,0.5393,0.0006,19.2597,-0.9638,15.6219,305.3606,306.1,310.85,306.1,296.700012207031,up,2026-08-21T15:50:13,0.0,0.0
SPXW,2027-01-15,147,Call,7750.0,SPXW270115C07750000,306.3,307.0,306.65,308.0,10.55,3.54682,1.0,0.0,0.1492,0.5393,0.0006,19.2775,-0.965,15.6177,306.2171,308.0,308.0,308.0,297.449996948242,up,2026-08-21T11:26:52,0.0,0.0
SPX,2027-01-15,147,Put,7750.0,SPX270115P07750000,268.7,270.0,269.35,266.15,-15.85,-5.62057,150.0,1361.0,0.1488,-0.4619,0.0006,19.2597,-0.9656,-15.4968,269.7175,269.0,269.0,266.15,282.0,down,2026-08-21T15:50:13,0.0,0.0
SPXW,2027-01-15,147,Put,7750.0,SPXW270115P07750000,269.6,270.3,269.95000000000005,270.13,0.0,0.0,0.0,4.0,0.1491,-0.4619,0.0006,19.2775,-0.9668,-15.5006,270.5919,0.0,0.0,0.0,282.75,up,2026-08-20T09:54:53,0.0,0.0
SPX,2027-01-15,147,Call,7775.0,SPX270115C07775000,290.4,291.8,291.1,291.3,9.25,3.27956,2.0,1456.0,0.1474,0.5257,0.0006,19.3112,-0.958,15.2534,290.4899,291.3,291.3,291.3,282.050003051758,no_change,2026-08-21T13:41:28,0.0,0.0
SPXW,2027-01-15,147,Call,7775.0,SPXW270115C07775000,291.4,292.2,291.79999999999995,0.0,0.0,0.0,0.0,0.0,0.1478,0.5257,0.0006,19.3289,-0.9591,15.2504,291.3598,0.0,0.0,0.0,282.75,no_change,,0.0,0.0
SPX,2027-01-15,147,Put,7775.0,SPX270115P07775000,278.4,279.7,279.04999999999995,269.4,0.0,0.0,0.0,203.0,0.1474,-0.4755,0.0006,19.3112,-0.9585,-15.9654,279.4006,0.0,0.0,0.0,291.949996948242,down,2026-08-19T15:49:24,0.0,0.0
SPXW,2027-01-15,147,Put,7775.0,SPXW270115P07775000,279.3,280.0,279.65,0.0,0.0,0.0,0.0,0.0,0.1477,-0.4754,0.0006,19.3289,-0.9597,-15.9681,280.2883,0.0,0.0,0.0,292.699996948242,no_change,,0.0,0.0
SPX,2027-01-15,147,Call,7800.0,SPX270115C07800000,276.0,277.3,276.65,279.45,11.65,4.35027,6.0,4955.0,0.146,0.5118,0.0006,19.3415,-0.9511,14.8717,276.0216,279.15,279.45,277.2,267.799987792969,up,2026-08-21T15:53:17,0.0,0.0
SPXW,2027-01-15,147,Call,7800.0,SPXW270115C07800000,277.0,277.7,277.35,0.0,0.0,0.0,0.0,0.0,0.1464,0.5119,0.0006,19.3592,-0.9523,14.8701,276.904,0.0,0.0,0.0,268.599990844727,no_change,,0.0,0.0
SPX,2027-01-15,147,Put,7800.0,SPX270115P07800000,288.6,289.8,289.20000000000005,288.6,-13.65,-4.51613,3.0,3869.0,0.1461,-0.4893,0.0006,19.3415,-0.9504,-16.4472,289.486,284.8,289.1,284.8,302.25,down,2026-08-21T13:37:37,0.0,0.0
SPXW,2027-01-15,147,Put,7800.0,SPXW270115P07800000,289.4,290.1,289.75,0.0,0.0,0.0,0.0,0.0,0.1464,-0.4893,0.0006,19.3592,-0.9516,-16.4486,290.3863,0.0,0.0,0.0,303.0,no_change,,0.0,0.0
SPX,2027-01-15,147,Call,7825.0,SPX270115C07825000,262.1,263.3,262.70000000000005,267.8,13.85,5.45383,5.0,1377.0,0.1447,0.4978,0.0006,19.3497,-0.9433,14.4853,261.9675,263.7,267.8,263.7,253.949996948242,up,2026-08-21T15:45:08,0.0,0.0
SPXW,2027-01-15,147,Call,7825.0,SPXW270115C07825000,262.9,263.7,263.29999999999995,0.0,0.0,0.0,0.0,0.0,0.1451,0.4979,0.0006,19.3675,-0.9446,14.4851,262.8613,0.0,0.0,0.0,254.800003051758,no_change,,0.0,0.0
SPX,2027-01-15,147,Put,7825.0,SPX270115P07825000,299.0,300.3,299.65,310.88,0.0,0.0,0.0,257.0,0.1447,-0.5034,0.0006,19.3497,-0.9413,-16.9338,299.9856,0.0,0.0,0.0,313.050003051758,up,2026-08-20T14:50:58,0.0,0.0
SPXW,2027-01-15,147,Put,7825.0,SPXW270115P07825000,299.9,300.6,300.25,298.4,0.0,0.0,0.0,8.0,0.145,-0.5033,0.0006,19.3675,-0.9426,-16.9337,300.8973,0.0,0.0,0.0,313.75,up,2026-08-20T09:47:35,0.0,0.0
SPX,2027-01-15,147,Call,7850.0,SPX270115C07850000,248.4,249.7,249.05,254.0,13.4,5.56941,5.0,2561.0,0.1434,0.4835,0.0006,19.3353,-0.9345,14.0979,248.3339,249.44,254.0,249.2,240.600006103516,up,2026-08-21T15:45:08,0.0,0.0
SPXW,2027-01-15,147,Call,7850.0,SPXW270115C07850000,249.3,250.1,249.7,0.0,0.0,0.0,0.0,0.0,0.1438,0.4837,0.0006,19.3534,-0.9358,14.0991,249.2374,0.0,0.0,0.0,241.299995422363,no_change,,0.0,0.0
SPX,2027-01-15,147,Put,7850.0,SPX270115P07850000,309.9,311.2,310.54999999999995,315.84,0.0,0.0,0.0,723.0,0.1435,-0.5177,0.0006,19.3353,-0.9313,-17.4213,310.9058,0.0,0.0,0.0,324.100006103516,up,2026-08-20T13:58:00,0.0,0.0
SPXW,2027-01-15,147,Put,7850.0,SPXW270115P07850000,310.8,311.6,311.20000000000005,0.0,0.0,0.0,0.0,0.0,0.1437,-0.5175,0.0006,19.3534,-0.9327,-17.4199,311.8272,0.0,0.0,0.0,324.900009155273,no_change,,0.0,0.0
SPX,2027-01-15,147,Call,7875.0,SPX270115C07875000,235.2,236.5,235.85,236.0,8.45,3.71347,1.0,1351.0,0.1422,0.4691,0.0006,19.2973,-0.9248,13.7041,235.128,236.0,236.0,236.0,227.550003051758,up,2026-08-21T13:41:25,0.0,0.0
SPXW,2027-01-15,147,Call,7875.0,SPXW270115C07875000,236.1,236.9,236.5,0.0,0.0,0.0,0.0,0.0,0.1426,0.4693,0.0006,19.3158,-0.9262,13.7069,236.0389,0.0,0.0,0.0,228.5,no_change,,0.0,0.0
SPX,2027-01-15,147,Put,7875.0,SPX270115P07875000,321.3,322.6,321.95000000000005,314.9,-20.75,-6.18204,9.0,745.0,0.1422,-0.5321,0.0006,19.2973,-0.9203,-17.9152,322.2536,314.9,314.9,314.9,335.650009155273,no_change,2026-08-21T11:42:13,0.0,0.0
SPXW,2027-01-15,147,Put,7875.0,SPXW270115P07875000,322.2,322.9,322.54999999999995,0.0,0.0,0.0,0.0,0.0,0.1425,-0.5319,0.0006,19.3158,-0.9218,-17.9122,323.1824,0.0,0.0,0.0,336.5,no_change,,0.0,0.0
SPX,2027-01-15,147,Call,7900.0,SPX270115C07900000,222.4,223.6,223.0,228.81,13.71,6.37378,16.0,2752.0,0.1409,0.4545,0.0006,19.2336,-0.9141,13.2973,222.3616,226.73,233.95,223.3,215.100006103516,up,2026-08-21T15:48:04,0.0,0.0
SPXW,2027-01-15,147,Call,7900.0,SPXW270115C07900000,223.5,224.1,223.8,223.3,7.45,3.45147,26.0,0.0,0.1414,0.4547,0.0006,19.2527,-0.9156,13.3018,223.2771,223.2,223.3,223.2,215.849998474121,up,2026-08-21T09:40:34,0.0,0.0
SPX,2027-01-15,147,Put,7900.0,SPX270115P07900000,333.1,334.3,333.70000000000005,332.12,-15.58,-4.48087,6.0,1067.0,0.141,-0.5467,0.0006,19.2336,-0.9084,-18.4222,334.0409,340.58,340.58,327.2,347.699996948242,up,2026-08-21T12:24:16,0.0,0.0
SPXW,2027-01-15,147,Put,7900.0,SPXW270115P07900000,334.0,334.7,334.35,0.0,0.0,0.0,0.0,0.0,0.1414,-0.5464,0.0006,19.2527,-0.9099,-18.4174,334.9743,0.0,0.0,0.0,348.5,no_change,,0.0,0.0
SPX,2027-01-15,147,Call,7925.0,SPX270115C07925000,210.1,211.3,210.7,209.85,6.9,3.39985,2.0,2230.0,0.1398,0.4398,0.0006,19.1432,-0.9024,12.8803,210.0473,211.0,211.0,209.85,202.949996948242,down,2026-08-21T14:09:58,0.0,0.0
SPXW,2027-01-15,147,Call,7925.0,SPXW270115C07925000,211.1,211.8,211.45,210.8,6.95,3.40937,18.0,1.0,0.1402,0.4401,0.0006,19.163,-0.904,12.8864,210.9641,210.9,210.9,210.8,203.849998474121,down,2026-08-21T09:40:14,0.0,0.0
SPX,2027-01-15,147,Put,7925.0,SPX270115P07925000,345.3,346.6,345.95000000000005,349.77,-10.38,-2.88213,3.0,1391.0,0.1399,-0.5614,0.0006,19.1432,-0.8955,-18.9394,346.2804,349.77,349.77,349.77,360.150009155273,down,2026-08-21T09:33:34,0.0,0.0
SPXW,2027-01-15,147,Put,7925.0,SPXW270115P07925000,346.2,346.9,346.54999999999995,0.0,0.0,0.0,0.0,0.0,0.1402,-0.5611,0.0006,19.163,-0.897,-18.933,347.215,0.0,0.0,0.0,361.050003051758,no_change,,0.0,0.0
SPX,2027-01-15,147,Call,7950.0,SPX270115C07950000,198.2,199.4,198.8,198.6,0.0,0.0,0.0,2612.0,0.1387,0.425,0.0006,19.0279,-0.8898,12.4632,198.1904,0.0,0.0,0.0,191.349998474121,up,2026-08-20T13:35:27,0.0,0.0
SPXW,2027-01-15,147,Call,7950.0,SPXW270115C07950000,199.2,199.9,199.55,200.9,8.7,4.52654,10.0,4.0,0.1391,0.4254,0.0006,19.0486,-0.8914,12.4709,199.1047,200.9,200.9,200.9,192.199996948242,up,2026-08-21T10:59:53,0.0,0.0
SPX,2027-01-15,147,Put,7950.0,SPX270115P07950000,358.0,359.2,358.6,358.91,-14.09,-3.77748,6.0,627.0,0.1387,-0.5762,0.0006,19.0279,-0.8816,-19.4566,358.9771,364.35,364.35,355.99,373.0,up,2026-08-21T16:05:15,0.0,0.0
SPXW,2027-01-15,147,Put,7950.0,SPXW270115P07950000,358.9,359.6,359.25,0.0,0.0,0.0,0.0,0.0,0.1391,-0.5758,0.0006,19.0486,-0.8832,-19.4487,359.9094,0.0,0.0,0.0,373.800003051758,no_change,,0.0,0.0
SPX,2027-01-15,147,Call,7970.0,SPX270115C07970000,189.1,190.3,189.7,210.2,0.0,0.0,0.0,48.0,0.1379,0.4132,0.0006,18.9189,-0.879,12.1328,189.0325,0.0,0.0,0.0,182.349998474121,down,2026-08-19T15:49:24,0.0,0.0
SPX,2027-01-15,147,Put,7970.0,SPX270115P07970000,368.4,369.8,369.1,354.3,0.0,0.0,0.0,1.0,0.1379,-0.588,0.0006,18.9189,-0.8698,-19.8671,369.4622,0.0,0.0,0.0,383.650009155273,up,2026-08-19T15:49:24,0.0,0.0
SPX,2027-01-15,147,Call,7975.0,SPX270115C07975000,186.7,188.0,187.35,187.07,6.97,3.87007,1.0,790.0,0.1376,0.4102,0.0006,18.8893,-0.8762,12.0503,186.7883,187.07,187.07,187.07,180.100006103516,down,2026-08-21T14:13:29,0.0,0.0
SPXW,2027-01-15,147,Call,7975.0,SPXW270115C07975000,187.8,188.4,188.10000000000002,192.4,11.4,6.29834,32.0,1.0,0.138,0.4106,0.0006,18.9109,-0.8779,12.0595,187.6965,184.87,192.4,184.87,181.0,no_change,2026-08-21T12:32:42,0.0,0.0
SPX,2027-01-15,147,Put,7975.0,SPX270115P07975000,371.1,372.4,371.75,356.9,0.0,0.0,0.0,894.0,0.1377,-0.591,0.0006,18.8893,-0.8668,-19.9696,372.1288,0.0,0.0,0.0,386.399993896484,down,2026-08-19T15:49:24,0.0,0.0
SPXW,2027-01-15,147,Put,7975.0,SPXW270115P07975000,372.0,372.7,372.35,365.8,0.0,0.0,0.0,7.0,0.138,-0.5906,0.0006,18.9109,-0.8685,-19.9602,373.0549,0.0,0.0,0.0,387.149993896484,up,2026-08-20T09:37:01,0.0,0.0
SPX,2027-01-15,147,Call,7980.0,SPX270115C07980000,184.6,185.8,185.2,180.49,0.0,0.0,0.0,21.0,0.1374,0.4072,0.0006,18.8587,-0.8734,11.9678,184.5622,0.0,0.0,0.0,177.949996948242,up,2026-08-20T15:18:09,0.0,0.0
SPX,2027-01-15,147,Put,7980.0,SPX270115P07980000,373.7,375.1,374.4,359.2,0.0,0.0,0.0,4.0,0.1375,-0.594,0.0006,18.8587,-0.8637,-20.0722,374.8135,0.0,0.0,0.0,389.150009155273,down,2026-08-19T15:49:28,0.0,0.0
SPX,2027-01-15,147,Call,7990.0,SPX270115C07990000,180.2,181.3,180.75,183.08,9.48,5.46083,14.0,24.0,0.137,0.4013,0.0006,18.7944,-0.8677,11.802,180.1644,183.46,183.46,183.08,173.600006103516,down,2026-08-21T09:30:35,0.0,0.0
SPX,2027-01-15,147,Put,7990.0,SPX270115P07990000,379.2,380.5,379.85,358.6,0.0,0.0,0.0,25.0,0.1371,-0.5999,0.0006,18.7944,-0.8575,-20.278,380.2372,0.0,0.0,0.0,394.600006103516,down,2026-08-07T16:01:55,0.0,0.0
SPX,2027-01-15,147,Call,8000.0,SPX270115C08000000,175.8,177.0,176.4,175.8,6.4,3.77804,3231.0,22178.0,0.1366,0.3954,0.0006,18.7257,-0.8618,11.6349,175.8394,176.0,188.61,173.35,169.399993896484,down,2026-08-21T16:13:39,0.0,0.0
SPXW,2027-01-15,147,Call,8000.0,SPXW270115C08000000,176.7,177.5,177.1,183.4,0.0,0.0,0.0,21.0,0.137,0.3959,0.0006,18.7485,-0.8635,11.6458,176.7375,0.0,0.0,0.0,170.199996948242,down,2026-08-20T11:48:57,0.0,0.0
SPX,2027-01-15,147,Put,8000.0,SPX270115P08000000,384.7,385.9,385.29999999999995,382.19,-17.91,-4.47638,3143.0,17677.0,0.1366,-0.6058,0.0006,18.7257,-0.8511,-20.4852,385.7336,382.58,386.73,375.19,400.100006103516,no_change,2026-08-21T15:56:27,0.0,0.0
SPXW,2027-01-15,147,Put,8000.0,SPXW270115P08000000,385.6,386.3,385.95000000000005,385.9,0.0,0.0,0.0,5.0,0.137,-0.6053,0.0006,18.7485,-0.8529,-20.474,386.6496,0.0,0.0,0.0,400.899993896484,up,2026-08-20T10:36:02,0.0,0.0
SPX,2027-01-15,147,Call,8010.0,SPX270115C08010000,171.6,172.9,172.25,191.6,0.0,0.0,0.0,50.0,0.1362,0.3895,0.0006,18.6523,-0.8558,11.4663,171.5873,0.0,0.0,0.0,165.25,down,2026-08-19T15:49:24,0.0,0.0
SPX,2027-01-15,147,Put,8010.0,SPX270115P08010000,390.2,391.5,390.85,375.7,0.0,0.0,0.0,12.0,0.1363,-0.6117,0.0006,18.6523,-0.8446,-20.6939,391.3031,0.0,0.0,0.0,405.800003051758,up,2026-08-07T14:42:18,0.0,0.0
SPX,2027-01-15,147,Call,8020.0,SPX270115C08020000,167.4,168.7,168.05,187.1,0.0,0.0,0.0,46.0,0.1358,0.3836,0.0006,18.5742,-0.8496,11.2962,167.4086,0.0,0.0,0.0,161.050003051758,down,2026-08-19T15:49:24,0.0,0.0
SPX,2027-01-15,147,Put,8020.0,SPX270115P08020000,395.8,397.2,396.5,380.3,0.0,0.0,0.0,1.0,0.1359,-0.6176,0.0006,18.5742,-0.8379,-20.904,396.9458,0.0,0.0,0.0,411.5,down,2026-08-19T15:49:24,0.0,0.0
SPX,2027-01-15,147,Call,8025.0,SPX270115C08025000,165.3,166.5,165.9,168.34,9.29,5.84093,8.0,1556.0,0.1356,0.3806,0.0006,18.5334,-0.8465,11.2107,165.3468,166.2,168.34,166.2,159.050003051758,up,2026-08-21T15:38:08,0.0,0.0
SPXW,2027-01-15,147,Call,8025.0,SPXW270115C08025000,166.2,166.9,166.55,174.79,0.0,0.0,0.0,15.0,0.136,0.3811,0.0006,18.5576,-0.8483,11.2234,166.2307,0.0,0.0,0.0,159.900001525879,up,2026-08-20T11:11:15,0.0,0.0
SPX,2027-01-15,147,Put,8025.0,SPX270115P08025000,398.6,400.0,399.3,382.6,0.0,0.0,0.0,194.0,0.1357,-0.6206,0.0006,18.5334,-0.8346,-21.0095,399.7948,0.0,0.0,0.0,414.399993896484,down,2026-08-19T15:49:29,0.0,0.0
SPXW,2027-01-15,147,Put,8025.0,SPXW270115P08025000,399.6,400.3,399.95000000000005,392.9,0.0,0.0,0.0,6.0,0.136,-0.6201,0.0006,18.5576,-0.8364,-20.9966,400.6966,0.0,0.0,0.0,415.100006103516,up,2026-08-20T09:37:11,0.0,0.0
SPX,2027-01-15,147,Call,8030.0,SPX270115C08030000,163.2,164.6,163.89999999999998,187.17,0.0,0.0,0.0,76.0,0.1355,0.3776,0.0006,18.4915,-0.8433,11.1251,163.3034,0.0,0.0,0.0,157.0,down,2026-08-18T14:40:59,0.0,0.0
SPX,2027-01-15,147,Put,8030.0,SPX270115P08030000,401.5,402.8,402.15,385.7,0.0,0.0,0.0,2.0,0.1355,-0.6235,0.0006,18.4915,-0.8311,-21.1151,402.6621,0.0,0.0,0.0,417.300003051758,down,2026-08-19T15:49:24,0.0,0.0
SPX,2027-01-15,147,Call,8040.0,SPX270115C08040000,159.2,160.5,159.85,155.76,0.0,0.0,0.0,8.0,0.1351,0.3718,0.0006,18.4044,-0.8369,10.954,159.2715,0.0,0.0,0.0,153.150001525879,down,2026-08-20T15:23:57,0.0,0.0
SPX,2027-01-15,147,Put,8040.0,SPX270115P08040000,407.3,408.6,407.95000000000005,390.71,0.0,0.0,0.0,17.0,0.1351,-0.6294,0.0006,18.4044,-0.8242,-21.3263,408.4517,0.0,0.0,0.0,423.150009155273,down,2026-08-19T13:40:56,0.0,0.0
SPX,2027-01-15,147,Call,8050.0,SPX270115C08050000,155.2,156.4,155.8,149.26,0.0,0.0,0.0,1720.0,0.1347,0.3659,0.0006,18.3132,-0.8303,10.7836,155.3126,0.0,0.0,0.0,149.25,down,2026-08-20T15:48:32,0.0,0.0
SPXW,2027-01-15,147,Call,8050.0,SPXW270115C08050000,156.1,156.8,156.45,0.0,0.0,0.0,0.0,0.0,0.135,0.3664,0.0006,18.3388,-0.8322,10.7976,156.1784,0.0,0.0,0.0,150.0,no_change,,0.0,0.0
SPX,2027-01-15,147,Put,8050.0,SPX270115P08050000,413.1,414.3,413.70000000000005,391.03,0.0,0.0,0.0,660.0,0.1347,-0.6353,0.0006,18.3132,-0.8172,-21.5368,414.3143,0.0,0.0,0.0,429.0,down,2026-08-12T10:57:08,0.0,0.0
SPXW,2027-01-15,147,Put,8050.0,SPXW270115P08050000,414.0,414.8,414.4,0.0,0.0,0.0,0.0,0.0,0.135,-0.6348,0.0006,18.3388,-0.819,-21.5225,415.198,0.0,0.0,0.0,429.800003051758,no_change,,0.0,0.0
SPX,2027-01-15,147,Call,8060.0,SPX270115C08060000,151.3,152.6,151.95,167.18,0.0,0.0,0.0,13.0,0.1343,0.36,0.0006,18.2185,-0.8236,10.6145,151.4259,0.0,0.0,0.0,145.400001525879,down,2026-08-20T11:03:57,0.0,0.0
SPX,2027-01-15,147,Put,8060.0,SPX270115P08060000,419.0,420.3,419.65,0.0,0.0,0.0,0.0,0.0,0.1344,-0.6412,0.0006,18.2185,-0.8099,-21.7459,420.2491,0.0,0.0,0.0,434.850006103516,no_change,,0.0,0.0
SPX,2027-01-15,147,Call,8070.0,SPX270115C08070000,147.5,148.8,148.15,168.92,0.0,0.0,0.0,0.0,0.134,0.3542,0.0006,18.1205,-0.8168,10.4472,147.6106,0.0,0.0,0.0,141.600006103516,down,2026-08-18T11:02:02,0.0,0.0
SPX,2027-01-15,147,Put,8070.0,SPX270115P08070000,425.0,426.3,425.65,400.42,0.0,0.0,0.0,1.0,0.134,-0.647,0.0006,18.1205,-0.8026,-21.9533,426.2553,0.0,0.0,0.0,440.900009155273,down,2026-08-12T11:18:22,0.0,0.0
SPX,2027-01-15,147,Call,8075.0,SPX270115C08075000,145.6,146.9,146.25,169.58,0.0,0.0,0.0,335.0,0.1338,0.3512,0.0006,18.0704,-0.8134,10.3641,145.7294,0.0,0.0,0.0,139.75,down,2026-08-19T13:26:54,0.0,0.0
SPXW,2027-01-15,147,Call,8075.0,SPXW270115C08075000,146.4,147.1,146.75,0.0,0.0,0.0,0.0,0.0,0.1342,0.3518,0.0006,18.0973,-0.8152,10.3792,146.574,0.0,0.0,0.0,140.450004577637,no_change,,0.0,0.0
SPX,2027-01-15,147,Put,8075.0,SPX270115P08075000,427.8,429.4,428.6,410.66,0.0,0.0,0.0,254.0,0.1339,-0.6499,0.0006,18.0704,-0.7989,-22.0564,429.2849,0.0,0.0,0.0,443.950012207031,up,2026-08-19T13:38:49,0.0,0.0
SPXW,2027-01-15,147,Put,8075.0,SPXW270115P08075000,428.9,429.6,429.25,0.0,0.0,0.0,0.0,0.0,0.1341,-0.6493,0.0006,18.0973,-0.8008,-22.041,430.1473,0.0,0.0,0.0,444.900009155273,no_change,,0.0,0.0
SPX,2027-01-15,147,Call,8080.0,SPX270115C08080000,143.7,145.0,144.35,146.56,8.66,6.27992,2.0,6.0,0.1336,0.3483,0.0006,18.0195,-0.8099,10.2814,143.8658,146.56,146.56,146.56,137.899993896484,down,2026-08-21T14:59:36,0.0,0.0
SPX,2027-01-15,147,Put,8080.0,SPX270115P08080000,430.8,432.4,431.6,426.51,0.0,0.0,0.0,20.0,0.1337,-0.6528,0.0006,18.0195,-0.7952,-22.1591,432.332,0.0,0.0,0.0,447.049987792969,up,2026-08-06T13:38:11,0.0,0.0
SPX,2027-01-15,147,Call,8090.0,SPX270115C08090000,140.0,141.2,140.6,142.26,7.96,5.92703,100.0,7.0,0.1333,0.3425,0.0006,17.9154,-0.8028,10.1169,140.1907,142.26,142.26,142.26,134.300003051758,no_change,2026-08-21T15:26:54,0.0,0.0
SPX,2027-01-15,147,Put,8090.0,SPX270115P08090000,436.9,438.6,437.75,0.0,0.0,0.0,0.0,0.0,0.1334,-0.6587,0.0006,17.9154,-0.7876,-22.3637,438.4784,0.0,0.0,0.0,453.25,no_change,,0.0,0.0
SPX,2027-01-15,147,Call,8100.0,SPX270115C08100000,136.4,137.5,136.95,145.17,14.32,10.9438,8.0,3642.0,0.1329,0.3368,0.0006,17.808,-0.7956,9.9528,136.5847,144.71,145.17,144.71,130.849998474121,up,2026-08-21T11:50:25,0.0,0.0
SPXW,2027-01-15,147,Call,8100.0,SPXW270115C08100000,137.2,137.9,137.55,0.0,0.0,0.0,0.0,0.0,0.1333,0.3374,0.0006,17.8362,-0.7975,9.9691,137.4051,0.0,0.0,0.0,131.5,no_change,,0.0,0.0
SPX,2027-01-15,147,Put,8100.0,SPX270115P08100000,443.1,444.8,443.95000000000005,411.3,0.0,0.0,0.0,1231.0,0.133,-0.6644,0.0006,17.808,-0.7799,-22.5678,444.6939,0.0,0.0,0.0,459.5,down,2026-08-19T11:07:36,0.0,0.0
SPXW,2027-01-15,147,Put,8100.0,SPXW270115P08100000,444.2,445.0,444.6,447.6,0.0,0.0,0.0,8.0,0.1333,-0.6638,0.0006,17.8362,-0.7819,-22.5513,445.5321,0.0,0.0,0.0,460.300003051758,up,2026-08-20T10:18:27,0.0,0.0
SPX,2027-01-15,147,Call,8110.0,SPX270115C08110000,132.8,134.0,133.4,205.62,0.0,0.0,0.0,27.0,0.1326,0.331,0.0006,17.6969,-0.7883,9.7886,133.0474,0.0,0.0,0.0,127.400001525879,down,2026-08-13T16:01:05,0.0,0.0
SPX,2027-01-15,147,Put,8110.0,SPX270115P08110000,449.4,451.1,450.25,0.0,0.0,0.0,0.0,0.0,0.1327,-0.6702,0.0006,17.6969,-0.7721,-22.7722,450.9781,0.0,0.0,0.0,465.850006103516,no_change,,0.0,0.0
SPX,2027-01-15,147,Call,8120.0,SPX270115C08120000,129.3,130.6,129.95,152.37,0.0,0.0,0.0,18.0,0.1323,0.3253,0.0006,17.5817,-0.7809,9.6236,129.5786,0.0,0.0,0.0,124.0,down,2026-08-19T13:47:41,0.0,0.0
SPX,2027-01-15,147,Put,8120.0,SPX270115P08120000,455.7,457.4,456.54999999999995,445.88,0.0,0.0,0.0,3.0,0.1324,-0.6759,0.0006,17.5817,-0.7642,-22.9771,457.3307,0.0,0.0,0.0,472.300003051758,up,2026-08-18T09:36:34,0.0,0.0
SPX,2027-01-15,147,Call,8125.0,SPX270115C08125000,127.6,128.9,128.25,136.83,0.0,0.0,0.0,519.0,0.1322,0.3224,0.0006,17.5225,-0.7772,9.5409,127.8698,0.0,0.0,0.0,122.25,no_change,2026-08-20T09:56:59,0.0,0.0
SPXW,2027-01-15,147,Call,8125.0,SPXW270115C08125000,128.4,129.1,128.75,130.65,7.7,6.26271,16.0,0.0,0.1325,0.3231,0.0006,17.5524,-0.7791,9.5586,128.6633,130.17,130.65,130.12,122.949996948242,up,2026-08-21T15:36:29,0.0,0.0
SPX,2027-01-15,147,Put,8125.0,SPX270115P08125000,458.9,460.8,459.85,407.0,0.0,0.0,0.0,211.0,0.1322,-0.6788,0.0006,17.5225,-0.7602,-23.0799,460.5327,0.0,0.0,0.0,475.549987792969,up,2026-08-14T15:53:47,0.0,0.0
SPXW,2027-01-15,147,Put,8125.0,SPXW270115P08125000,460.0,460.7,460.35,456.6,0.0,0.0,0.0,8.0,0.1324,-0.6781,0.0006,17.5524,-0.7622,-23.062,461.3441,0.0,0.0,0.0,476.400009155273,up,2026-08-20T09:53:01,0.0,0.0
SPX,2027-01-15,147,Call,8130.0,SPX270115C08130000,125.9,127.2,126.55000000000001,145.85,0.0,0.0,0.0,13.0,0.132,0.3196,0.0006,17.4621,-0.7734,9.4579,126.1781,0.0,0.0,0.0,120.649997711182,down,2026-08-18T14:45:23,0.0,0.0
SPX,2027-01-15,147,Put,8130.0,SPX270115P08130000,462.1,463.8,462.95000000000005,444.7,0.0,0.0,0.0,10.0,0.1321,-0.6816,0.0006,17.4621,-0.7562,-23.1829,463.7517,0.0,0.0,0.0,478.800003051758,no_change,2026-08-11T15:29:57,0.0,0.0
SPX,2027-01-15,147,Call,8140.0,SPX270115C08140000,122.6,123.7,123.15,146.7,0.0,0.0,0.0,37.0,0.1317,0.3139,0.0006,17.3381,-0.7658,9.2918,122.8456,0.0,0.0,0.0,117.400001525879,down,2026-08-19T10:22:51,0.0,0.0
SPX,2027-01-15,147,Put,8140.0,SPX270115P08140000,468.6,470.2,469.4,0.0,0.0,0.0,0.0,0.0,0.1318,-0.6873,0.0006,17.3381,-0.7481,-23.3891,470.2407,0.0,0.0,0.0,485.350006103516,no_change,,0.0,0.0
SPX,2027-01-15,147,Call,8150.0,SPX270115C08150000,119.3,120.4,119.85,118.67,4.57,4.00526,2.0,1785.0,0.1313,0.3083,0.0006,17.2098,-0.758,9.1259,119.5808,118.99,118.99,118.67,114.099998474121,down,2026-08-21T09:48:00,0.0,0.0
SPXW,2027-01-15,147,Call,8150.0,SPXW270115C08150000,120.1,120.7,120.4,0.0,0.0,0.0,0.0,0.0,0.1317,0.309,0.0006,17.2415,-0.76,9.1448,120.3453,0.0,0.0,0.0,114.799999237061,no_change,,0.0,0.0
SPX,2027-01-15,147,Put,8150.0,SPX270115P08150000,475.2,476.8,476.0,422.53,0.0,0.0,0.0,90.0,0.1314,-0.6929,0.0006,17.2098,-0.7399,-23.595,476.7974,0.0,0.0,0.0,492.0,up,2026-08-14T12:20:27,0.0,0.0
SPXW,2027-01-15,147,Put,8150.0,SPXW270115P08150000,476.2,476.9,476.54999999999995,472.1,0.0,0.0,0.0,3.0,0.1317,-0.6922,0.0006,17.2415,-0.7419,-23.5759,477.5798,0.0,0.0,0.0,493.350006103516,up,2026-08-20T09:33:15,0.0,0.0
SPX,2027-01-15,147,Call,8160.0,SPX270115C08160000,116.1,117.3,116.69999999999999,157.03,0.0,0.0,0.0,22.0,0.1311,0.3027,0.0006,17.0778,-0.7502,8.9611,116.383,0.0,0.0,0.0,111.049999237061,down,2026-08-17T15:56:48,0.0,0.0
SPX,2027-01-15,147,Put,8160.0,SPX270115P08160000,481.8,483.4,482.6,477.7,0.0,0.0,0.0,1.0,0.1312,-0.6985,0.0006,17.0778,-0.7315,-23.7999,483.4211,0.0,0.0,0.0,498.649993896484,up,2026-08-18T11:20:02,0.0,0.0
SPX,2027-01-15,147,Call,8175.0,SPX270115C08175000,111.4,112.6,112.0,112.4,5.9,5.53991,2.0,341.0,0.1306,0.2944,0.0005,16.8739,-0.7383,8.7175,111.7098,112.4,112.4,112.4,106.5,no_change,2026-08-21T13:39:37,0.0,0.0
SPXW,2027-01-15,147,Call,8175.0,SPXW270115C08175000,112.2,112.8,112.5,0.0,0.0,0.0,0.0,0.0,0.131,0.2951,0.0005,16.9071,-0.7403,8.7369,112.4437,0.0,0.0,0.0,107.100002288818,no_change,,0.0,0.0
SPX,2027-01-15,147,Put,8175.0,SPX270115P08175000,491.8,493.4,492.6,485.45,0.0,0.0,0.0,85.0,0.1307,-0.7068,0.0005,16.8739,-0.7189,-24.1036,493.4801,0.0,0.0,0.0,508.800003051758,down,2026-08-18T11:19:29,0.0,0.0
SPXW,2027-01-15,147,Put,8175.0,SPXW270115P08175000,489.9,497.2,493.54999999999995,488.1,0.0,0.0,0.0,9.0,0.1311,-0.7061,0.0005,16.9071,-0.7209,-24.0839,494.232,0.0,0.0,0.0,510.149993896484,down,2026-08-20T09:52:17,0.0,0.0
SPX,2027-01-15,147,Call,8200.0,SPX270115C08200000,103.9,104.9,104.4,105.94,6.79,6.84821,1017.0,4237.0,0.1299,0.2807,0.0005,16.5229,-0.718,8.3228,104.2408,102.49,106.47,102.29,99.1500015258789,no_change,2026-08-21T15:58:56,0.0,0.0
SPXW,2027-01-15,147,Call,8200.0,SPXW270115C08200000,104.7,105.3,105.0,0.0,0.0,0.0,0.0,0.0,0.1302,0.2814,0.0005,16.5572,-0.72,8.3426,104.9436,0.0,0.0,0.0,99.7999992370606,no_change,,0.0,0.0
SPX,2027-01-15,147,Put,8200.0,SPX270115P08200000,508.9,510.5,509.7,508.23,0.0,0.0,0.0,817.0,0.13,-0.7205,0.0005,16.5229,-0.6973,-24.5984,510.5649,0.0,0.0,0.0,526.0,up,2026-08-20T10:08:16,0.0,0.0
SPXW,2027-01-15,147,Put,8200.0,SPXW270115P08200000,506.9,514.2,510.55,0.0,0.0,0.0,0.0,0.0,0.1304,-0.7198,0.0005,16.5572,-0.6993,-24.5784,511.2855,0.0,0.0,0.0,527.450012207031,no_change,,0.0,0.0
SPX,2027-01-15,147,Call,8225.0,SPX270115C08225000,96.8,98.0,97.4,95.93,3.63,3.93282,1.0,781.0,0.1293,0.2673,0.0005,16.1585,-0.6972,7.9364,97.1583,95.93,95.93,95.93,92.3000030517578,down,2026-08-21T09:36:32,0.0,0.0
SPXW,2027-01-15,147,Call,8225.0,SPXW270115C08225000,97.6,98.2,97.9,99.45,6.6,7.10824,24.0,0.0,0.1296,0.268,0.0005,16.1941,-0.6992,7.9569,97.8293,99.45,99.45,99.45,92.8499984741211,no_change,2026-08-21T15:37:49,0.0,0.0
SPX,2027-01-15,147,Put,8225.0,SPX270115P08225000,526.4,528.1,527.25,489.89,0.0,0.0,0.0,22.0,0.1294,-0.7339,0.0005,16.1585,-0.6752,-25.0849,528.0361,0.0,0.0,0.0,543.700012207031,up,2026-08-19T12:23:08,0.0,0.0
SPXW,2027-01-15,147,Put,8225.0,SPXW270115P08225000,524.3,532.1,528.2,0.0,0.0,0.0,0.0,0.0,0.1298,-0.7332,0.0005,16.1941,-0.6773,-25.0642,528.725,0.0,0.0,0.0,545.100006103516,no_change,,0.0,0.0
SPX,2027-01-15,147,Call,8250.0,SPX270115C08250000,90.1,91.1,90.6,92.47,6.72,7.83673,8.0,1448.0,0.1286,0.2542,0.0005,15.7747,-0.6759,7.5508,90.4533,90.9,92.47,90.9,85.75,up,2026-08-21T15:30:33,0.0,0.0
SPXW,2027-01-15,147,Call,8250.0,SPXW270115C08250000,90.8,91.4,91.1,0.0,0.0,0.0,0.0,0.0,0.129,0.2549,0.0005,15.8119,-0.6779,7.5721,91.092,0.0,0.0,0.0,86.2999992370606,no_change,,0.0,0.0
SPX,2027-01-15,147,Put,8250.0,SPX270115P08250000,544.2,545.8,545.0,507.03,0.0,0.0,0.0,33.0,0.1287,-0.747,0.0005,15.7747,-0.6528,-25.5707,545.8849,0.0,0.0,0.0,561.75,up,2026-08-19T12:24:47,0.0,0.0
SPXW,2027-01-15,147,Put,8250.0,SPXW270115P08250000,542.1,549.9,546.0,0.0,0.0,0.0,0.0,0.0,0.1292,-0.7463,0.0005,15.8119,-0.6548,-25.5491,546.5415,0.0,0.0,0.0,563.100006103516,no_change,,0.0,0.0
SPX,2027-01-15,147,Call,8275.0,SPX270115C08275000,83.8,84.7,84.25,84.5,4.95,6.2225,2.0,1559.0,0.1281,0.2414,0.0005,15.3696,-0.6543,7.17,84.1186,84.5,84.5,84.5,79.5499992370606,no_change,2026-08-21T13:41:24,0.0,0.0
SPXW,2027-01-15,147,Call,8275.0,SPXW270115C08275000,84.5,85.1,84.8,86.15,5.95,7.41895,24.0,0.0,0.1284,0.2421,0.0005,15.4082,-0.6563,7.1916,84.725,86.15,86.15,86.15,80.2000007629394,no_change,2026-08-21T15:37:49,0.0,0.0
SPX,2027-01-15,147,Put,8275.0,SPX270115P08275000,561.7,564.3,563.0,548.92,0.0,0.0,0.0,43.0,0.1282,-0.7598,0.0005,15.3696,-0.6299,-26.0516,564.1039,0.0,0.0,0.0,580.100006103516,up,2026-08-18T13:35:37,0.0,0.0
SPXW,2027-01-15,147,Put,8275.0,SPXW270115P08275000,560.3,568.1,564.2,0.0,0.0,0.0,0.0,0.0,0.1286,-0.7591,0.0005,15.4082,-0.6319,-26.0298,564.7282,0.0,0.0,0.0,581.449981689453,no_change,,0.0,0.0
SPX,2027-01-15,147,Call,8300.0,SPX270115C08300000,77.8,78.7,78.25,78.6,4.8,6.50407,3.0,3106.0,0.1275,0.2289,0.0005,14.951,-0.6324,6.8037,78.1403,76.67,78.6,76.49,73.7999992370606,up,2026-08-21T13:41:32,0.0,0.0
SPXW,2027-01-15,147,Call,8300.0,SPXW270115C08300000,78.5,79.1,78.8,82.03,7.68,10.3295,2.0,0.0,0.1278,0.2296,0.0005,14.9905,-0.6344,6.825,78.7152,81.94,82.03,81.94,74.3499984741211,up,2026-08-21T12:14:53,0.0,0.0
SPX,2027-01-15,147,Put,8300.0,SPX270115P08300000,580.4,582.7,581.55,566.07,0.0,0.0,0.0,34.0,0.1276,-0.7723,0.0005,14.951,-0.6067,-26.5181,582.6793,0.0,0.0,0.0,598.849975585938,up,2026-08-18T09:30:57,0.0,0.0
SPXW,2027-01-15,147,Put,8300.0,SPXW270115P08300000,578.8,586.8,582.8,0.0,0.0,0.0,0.0,0.0,0.128,-0.7716,0.0005,14.9905,-0.6088,-26.4966,583.2721,0.0,0.0,0.0,600.200012207031,no_change,,0.0,0.0
SPX,2027-01-15,147,Call,8325.0,SPX270115C08325000,72.2,73.1,72.65,78.02,9.72,14.2313,201.0,715.0,0.127,0.2168,0.0005,14.5269,-0.6102,6.4519,72.5014,71.77,78.02,70.86,68.2999992370606,up,2026-08-21T11:45:28,0.0,0.0
SPX,2027-01-15,147,Put,8325.0,SPX270115P08325000,599.1,601.8,600.45,584.74,0.0,0.0,0.0,16.0,0.1271,-0.7844,0.0005,14.5269,-0.5833,-26.97,601.5941,0.0,0.0,0.0,617.950012207031,up,2026-08-18T09:30:53,0.0,0.0
SPX,2027-01-15,147,Call,8350.0,SPX270115C08350000,66.9,67.9,67.4,67.8,4.55,7.19368,3.0,687.0,0.1265,0.205,0.0005,14.0951,-0.5879,6.1064,67.1891,67.7,67.8,67.7,63.25,no_change,2026-08-21T13:40:18,0.0,0.0
SPXW,2027-01-15,147,Call,8350.0,SPXW270115C08350000,67.5,68.1,67.8,65.3,0.0,0.0,0.0,10.0,0.1268,0.2057,0.0005,14.1361,-0.5899,6.128,67.7028,0.0,0.0,0.0,63.7999992370606,up,2026-08-20T14:51:15,0.0,0.0
SPX,2027-01-15,147,Put,8350.0,SPX270115P08350000,618.6,620.9,619.75,602.39,0.0,0.0,0.0,43.0,0.1266,-0.7962,0.0005,14.0951,-0.5598,-27.4157,620.8356,0.0,0.0,0.0,637.5,up,2026-08-18T09:30:57,0.0,0.0
SPXW,2027-01-15,147,Put,8350.0,SPXW270115P08350000,616.5,625.0,620.75,0.0,0.0,0.0,0.0,0.0,0.127,-0.7955,0.0005,14.1361,-0.5618,-27.3938,621.3671,0.0,0.0,0.0,638.700012207031,no_change,,0.0,0.0
SPX,2027-01-15,147,Call,8375.0,SPX270115C08375000,61.9,62.8,62.349999999999994,78.5,0.0,0.0,0.0,321.0,0.126,0.1936,0.0004,13.6494,-0.5655,5.7655,62.1961,0.0,0.0,0.0,58.4499988555908,down,2026-08-19T11:42:54,0.0,0.0
SPX,2027-01-15,147,Put,8375.0,SPX270115P08375000,637.9,640.7,639.3,619.75,0.0,0.0,0.0,9.0,0.1262,-0.8076,0.0004,13.6494,-0.5361,-27.8567,640.3963,0.0,0.0,0.0,657.149993896484,up,2026-08-18T09:45:01,0.0,0.0
SPX,2027-01-15,147,Call,8400.0,SPX270115C08400000,57.3,58.3,57.8,56.61,2.66,4.93049,150.0,2803.0,0.1255,0.1826,0.0004,13.1922,-0.5431,5.4373,57.5118,56.44,56.8,56.32,53.9499988555908,up,2026-08-21T10:03:33,0.0,0.0
SPXW,2027-01-15,147,Call,8400.0,SPXW270115C08400000,57.8,58.4,58.099999999999994,64.0,9.55,17.539,10.0,10.0,0.1258,0.1833,0.0004,13.2352,-0.5451,5.4584,57.9671,64.0,64.0,64.0,54.4500007629394,up,2026-08-21T11:53:13,0.0,0.0
SPX,2027-01-15,147,Put,8400.0,SPX270115P08400000,658.0,660.5,659.25,784.24,0.0,0.0,0.0,22.0,0.1257,-0.8186,0.0004,13.1922,-0.5124,-28.2851,660.2657,0.0,0.0,0.0,677.25,down,2026-07-13T15:51:13,0.0,0.0
SPXW,2027-01-15,147,Put,8400.0,SPXW270115P08400000,655.9,664.4,660.15,0.0,0.0,0.0,0.0,0.0,0.1261,-0.8179,0.0004,13.2352,-0.5144,-28.2637,660.739,0.0,0.0,0.0,678.449981689453,no_change,,0.0,0.0
SPX,2027-01-15,147,Call,8425.0,SPX270115C08425000,52.9,53.8,53.349999999999994,64.4,0.0,0.0,0.0,1450.0,0.1252,0.172,0.0004,12.7335,-0.5208,5.1262,53.1201,0.0,0.0,0.0,49.8500003814697,up,2026-08-19T15:23:03,0.0,0.0
SPX,2027-01-15,147,Put,8425.0,SPX270115P08425000,678.0,680.8,679.4,758.6,0.0,0.0,0.0,1.0,0.1252,-0.8292,0.0004,12.7335,-0.4889,-28.6963,680.4277,0.0,0.0,0.0,697.599975585938,down,2026-06-02T14:50:09,0.0,0.0
SPX,2027-01-15,147,Call,8450.0,SPX270115C08450000,48.9,49.7,49.3,50.3,4.45,9.70556,65.0,352.0,0.1247,0.1617,0.0004,12.2773,-0.4986,4.8266,49.0064,49.5,50.3,49.39,45.8500003814697,up,2026-08-21T15:18:13,0.0,0.0
SPXW,2027-01-15,147,Call,8450.0,SPXW270115C08450000,49.3,49.9,49.599999999999994,0.0,0.0,0.0,0.0,0.0,0.125,0.1624,0.0004,12.3204,-0.5005,4.8471,49.408,0.0,0.0,0.0,46.3499984741211,no_change,,0.0,0.0
SPX,2027-01-15,147,Put,8450.0,SPX270115P08450000,698.7,701.1,699.9000000000001,0.0,0.0,0.0,0.0,0.0,0.1248,-0.8395,0.0004,12.2773,-0.4654,-29.096,700.8678,0.0,0.0,0.0,718.25,no_change,,0.0,0.0
SPXW,2027-01-15,147,Put,8450.0,SPXW270115P08450000,697.1,705.1,701.1,0.0,0.0,0.0,0.0,0.0,0.1253,-0.8388,0.0004,12.3204,-0.4674,-29.0754,701.2873,0.0,0.0,0.0,719.399993896484,no_change,,0.0,0.0
SPX,2027-01-15,147,Call,8475.0,SPX270115C08475000,45.1,45.9,45.5,45.3,3.05,7.21894,56.0,844.0,0.1244,0.1519,0.0004,11.8185,-0.4766,4.5331,45.162,44.37,45.8,44.32,42.25,down,2026-08-21T14:45:18,0.0,0.0
SPX,2027-01-15,147,Put,8475.0,SPX270115P08475000,719.2,722.1,720.6500000000001,0.0,0.0,0.0,0.0,0.0,0.1245,-0.8493,0.0004,11.8185,-0.4422,-29.4897,721.5771,0.0,0.0,0.0,739.149993896484,no_change,,0.0,0.0
SPX,2027-01-15,147,Call,8500.0,SPX270115C08500000,41.5,42.3,41.9,42.87,3.97,10.2057,40.0,4082.0,0.124,0.1425,0.0004,11.3538,-0.4549,4.25,41.578,42.95,42.95,42.87,38.8999996185303,no_change,2026-08-21T11:13:48,0.0,0.0
SPXW,2027-01-15,147,Call,8500.0,SPXW270115C08500000,41.8,42.4,42.099999999999994,0.0,0.0,0.0,0.0,0.0,0.1242,0.1432,0.0004,11.3978,-0.4567,4.2697,41.9292,0.0,0.0,0.0,39.25,no_change,,0.0,0.0
SPX,2027-01-15,147,Put,8500.0,SPX270115P08500000,740.3,742.9,741.5999999999999,686.53,0.0,0.0,0.0,20.0,0.1242,-0.8587,0.0004,11.3538,-0.4192,-29.873,742.5469,0.0,0.0,0.0,760.300018310547,down,2026-08-12T10:38:11,0.0,0.0
SPXW,2027-01-15,147,Put,8500.0,SPXW270115P08500000,738.0,746.8,742.4,0.0,0.0,0.0,0.0,0.0,0.1245,-0.858,0.0004,11.3978,-0.4211,-29.853,742.916,0.0,0.0,0.0,761.300018310547,no_change,,0.0,0.0
SPX,2027-01-15,147,Call,8525.0,SPX270115C08525000,38.2,39.0,38.6,47.1,0.0,0.0,0.0,222.0,0.1236,0.1335,0.0004,10.8896,-0.4335,3.9835,38.2408,0.0,0.0,0.0,35.7000007629394,down,2026-08-19T14:12:02,0.0,0.0
SPX,2027-01-15,147,Put,8525.0,SPX270115P08525000,761.3,764.3,762.8,838.3,0.0,0.0,0.0,1.0,0.1239,-0.8677,0.0004,10.8896,-0.3965,-30.2396,763.7634,0.0,0.0,0.0,781.649993896484,down,2026-06-04T14:34:47,0.0,0.0
SPX,2027-01-15,147,Call,8550.0,SPX270115C08550000,35.1,35.9,35.5,43.2,0.0,0.0,0.0,364.0,0.1233,0.1249,0.0003,10.4336,-0.4125,3.7317,35.1355,0.0,0.0,0.0,32.7999992370606,down,2026-08-19T15:03:12,0.0,0.0
SPXW,2027-01-15,147,Call,8550.0,SPXW270115C08550000,35.4,35.9,35.65,0.0,0.0,0.0,0.0,0.0,0.1234,0.1256,0.0003,10.4766,-0.4142,3.7499,35.4409,0.0,0.0,0.0,33.0499992370606,no_change,,0.0,0.0
SPX,2027-01-15,147,Put,8550.0,SPX270115P08550000,783.0,785.6,784.3,1034.3,0.0,0.0,0.0,4.0,0.1235,-0.8763,0.0003,10.4336,-0.3743,-30.5916,785.2118,0.0,0.0,0.0,803.25,down,2026-06-25T13:28:14,0.0,0.0
SPXW,2027-01-15,147,Put,8550.0,SPXW270115P08550000,780.5,789.5,785.0,0.0,0.0,0.0,0.0,0.0,0.1239,-0.8756,0.0003,10.4766,-0.3761,-30.5731,785.5351,0.0,0.0,0.0,804.350006103516,no_change,,0.0,0.0
SPX,2027-01-15,147,Call,8575.0,SPX270115C08575000,32.2,32.9,32.55,32.7,2.6,8.63788,6.0,370.0,0.123,0.1167,0.0003,9.9856,-0.392,3.4884,32.2512,31.71,33.35,31.67,30.0999994277954,down,2026-08-21T13:39:31,0.0,0.0
SPX,2027-01-15,147,Put,8575.0,SPX270115P08575000,804.4,807.5,805.95,804.17,-20.88,-2.53076,1.0,0.0,0.1232,-0.8844,0.0003,9.9856,-0.3525,-30.935,806.8813,804.17,804.17,804.17,825.050018310547,up,2026-08-21T13:28:30,0.0,0.0
SPX,2027-01-15,147,Call,8600.0,SPX270115C08600000,29.5,30.3,29.9,30.0,2.45,8.89293,4.0,8838.0,0.1227,0.109,0.0003,9.5406,-0.3719,3.2537,29.5798,29.1,30.8,29.1,27.5499992370605,down,2026-08-21T13:39:31,0.0,0.0
SPXW,2027-01-15,147,Call,8600.0,SPXW270115C08600000,29.7,30.2,29.95,31.74,3.94,14.1727,4.0,0.0,0.1228,0.1096,0.0003,9.5831,-0.3736,3.271,29.8429,31.77,31.77,31.74,27.8000001907349,down,2026-08-21T12:14:53,0.0,0.0
SPX,2027-01-15,147,Put,8600.0,SPX270115P08600000,826.5,829.2,827.85,768.96,0.0,0.0,0.0,4.0,0.1229,-0.8922,0.0003,9.5406,-0.3313,-31.2698,828.7636,0.0,0.0,0.0,847.099975585938,down,2026-08-05T10:55:48,0.0,0.0
SPXW,2027-01-15,147,Put,8600.0,SPXW270115P08600000,824.0,833.1,828.55,0.0,0.0,0.0,0.0,0.0,0.1233,-0.8916,0.0003,9.5831,-0.333,-31.2522,829.0446,0.0,0.0,0.0,848.199981689453,no_change,,0.0,0.0
SPX,2027-01-15,147,Call,8625.0,SPX270115C08625000,27.0,27.7,27.35,32.7,0.0,0.0,0.0,157.0,0.1224,0.1016,0.0003,9.0991,-0.3525,3.0331,27.1102,0.0,0.0,0.0,25.1999998092651,no_change,2026-08-18T14:55:38,0.0,0.0
SPX,2027-01-15,147,Put,8625.0,SPX270115P08625000,848.3,851.5,849.9,0.0,0.0,0.0,0.0,5.0,0.1226,-0.8996,0.0003,9.0991,-0.3106,-31.5906,850.8478,0.0,0.0,0.0,869.25,no_change,,0.0,0.0
SPX,2027-01-15,147,Call,8650.0,SPX270115C08650000,24.7,25.3,25.0,25.3,2.25,9.76139,4.0,576.0,0.1221,0.0947,0.0003,8.6677,-0.3336,2.8279,24.8286,25.6,25.6,25.2,23.0499992370605,up,2026-08-21T13:40:04,0.0,0.0
SPXW,2027-01-15,147,Call,8650.0,SPXW270115C08650000,25.0,25.4,25.2,0.0,0.0,0.0,0.0,0.0,0.1222,0.0952,0.0003,8.7086,-0.3352,2.8433,25.0535,0.0,0.0,0.0,23.3000001907349,no_change,,0.0,0.0
SPX,2027-01-15,147,Put,8650.0,SPX270115P08650000,870.8,873.5,872.15,0.0,0.0,0.0,0.0,0.0,0.1222,-0.9065,0.0003,8.6677,-0.2904,-31.896,873.1199,0.0,0.0,0.0,891.699981689453,no_change,,0.0,0.0
SPXW,2027-01-15,147,Put,8650.0,SPXW270115P08650000,861.0,884.6,872.8,0.0,0.0,0.0,0.0,0.0,0.1228,-0.906,0.0003,8.7086,-0.2921,-31.8802,873.3627,0.0,0.0,0.0,890.200012207031,no_change,,0.0,0.0
SPX,2027-01-15,147,Call,8675.0,SPX270115C08675000,22.6,23.2,22.9,22.43,1.33,6.30332,300.0,16.0,0.1218,0.0881,0.0003,8.2504,-0.3154,2.6334,22.7231,22.37,22.52,22.26,21.0999994277954,up,2026-08-21T10:03:33,0.0,0.0
SPX,2027-01-15,147,Put,8675.0,SPX270115P08675000,892.9,896.2,894.55,806.21,0.0,0.0,0.0,8.0,0.1218,-0.9131,0.0003,8.2504,-0.271,-32.1905,895.5681,0.0,0.0,0.0,914.25,down,2026-08-13T12:15:34,0.0,0.0
SPX,2027-01-15,147,Call,8700.0,SPX270115C08700000,20.6,21.2,20.9,21.34,2.09,10.8571,20.0,2083.0,0.1217,0.0819,0.0003,7.8448,-0.2978,2.4468,20.7852,20.4,21.34,20.4,19.25,up,2026-08-21T15:38:08,0.0,0.0
SPXW,2027-01-15,147,Call,8700.0,SPXW270115C08700000,20.8,21.3,21.05,0.0,0.0,0.0,0.0,0.0,0.1218,0.0824,0.0003,7.8836,-0.2993,2.4612,20.9754,0.0,0.0,0.0,19.4500007629395,no_change,,0.0,0.0
SPX,2027-01-15,147,Put,8700.0,SPX270115P08700000,915.8,918.5,917.15,827.51,0.0,0.0,0.0,8.0,0.1215,-0.9193,0.0003,7.8448,-0.2522,-32.4773,918.1839,0.0,0.0,0.0,936.899993896484,down,2026-08-13T12:15:34,0.0,0.0
SPXW,2027-01-15,147,Put,8700.0,SPXW270115P08700000,905.9,929.5,917.7,0.0,0.0,0.0,0.0,0.0,0.1224,-0.9188,0.0003,7.8836,-0.2537,-32.4627,918.392,0.0,0.0,0.0,935.25,no_change,,0.0,0.0
SPX,2027-01-15,147,Call,8725.0,SPX270115C08725000,18.8,19.4,19.1,18.06,0.0,0.0,0.0,55.0,0.1214,0.0761,0.0002,7.4481,-0.281,2.2708,19.006,0.0,0.0,0.0,17.5499992370605,down,2026-08-20T15:23:57,0.0,0.0
SPX,2027-01-15,147,Put,8725.0,SPX270115P08725000,938.2,941.5,939.85,0.0,0.0,0.0,0.0,0.0,0.1213,-0.9251,0.0002,7.4481,-0.2341,-32.7534,940.9585,0.0,0.0,0.0,959.75,no_change,,0.0,0.0
SPX,2027-01-15,147,Call,8750.0,SPX270115C08750000,17.2,17.8,17.5,16.45,0.0,0.0,0.0,310.0,0.1213,0.0706,0.0002,7.0621,-0.2648,2.1085,17.3742,0.0,0.0,0.0,16.0000004768372,down,2026-08-20T15:20:16,0.0,0.0
SPXW,2027-01-15,147,Call,8750.0,SPXW270115C08750000,17.3,17.8,17.55,0.0,0.0,0.0,0.0,0.0,0.1214,0.0711,0.0002,7.0986,-0.2661,2.1208,17.5332,0.0,0.0,0.0,16.1999998092651,no_change,,0.0,0.0
SPX,2027-01-15,147,Put,8750.0,SPX270115P08750000,961.3,964.2,962.75,894.52,0.0,0.0,0.0,1.0,0.1211,-0.9306,0.0002,7.0621,-0.2167,-33.0159,963.8804,0.0,0.0,0.0,982.800018310547,down,2026-08-10T12:37:34,0.0,0.0
SPXW,2027-01-15,147,Put,8750.0,SPXW270115P08750000,951.5,975.1,963.3,0.0,0.0,0.0,0.0,0.0,0.122,-0.9301,0.0002,7.0986,-0.218,-33.0033,964.0573,0.0,0.0,0.0,982.25,no_change,,0.0,0.0
SPX,2027-01-15,147,Call,8775.0,SPX270115C08775000,15.7,16.3,16.0,15.43,0.83,5.68493,75.0,245.0,0.1211,0.0655,0.0002,6.6912,-0.2494,1.958,15.8783,15.52,15.52,15.43,14.5999999046326,down,2026-08-21T10:35:06,0.0,0.0
SPX,2027-01-15,147,Put,8775.0,SPX270115P08775000,984.1,987.4,985.75,0.0,0.0,0.0,0.0,0.0,0.1209,-0.9357,0.0002,6.6912,-0.2,-33.2666,986.9382,0.0,0.0,0.0,1005.89999389648,no_change,,0.0,0.0
SPX,2027-01-15,147,Call,8800.0,SPX270115C08800000,14.3,14.9,14.600000000000001,14.99,1.69,12.7068,8.0,3203.0,0.121,0.0608,0.0002,6.3369,-0.2347,1.8156,14.5091,14.2,15.3,14.2,13.3000001907349,no_change,2026-08-21T15:22:44,0.0,0.0
SPXW,2027-01-15,147,Call,8800.0,SPXW270115C08800000,14.5,14.8,14.65,0.0,0.0,0.0,0.0,0.0,0.121,0.0611,0.0002,6.3701,-0.2359,1.8266,14.6404,0.0,0.0,0.0,13.5,no_change,,0.0,0.0
SPX,2027-01-15,147,Put,8800.0,SPX270115P08800000,1007.5,1010.4,1008.95,943.7,0.0,0.0,0.0,2.0,0.1208,-0.9404,0.0002,6.3369,-0.184,-33.5091,1010.1227,0.0,0.0,0.0,1029.15002441406,up,2026-08-12T12:10:55,0.0,0.0
SPXW,2027-01-15,147,Put,8800.0,SPXW270115P08800000,997.7,1021.3,1009.5,0.0,0.0,0.0,0.0,0.0,0.1218,-0.9401,0.0002,6.3701,-0.1853,-33.4978,1010.2719,0.0,0.0,0.0,1028.60000610352,no_change,,0.0,0.0
SPX,2027-01-15,147,Call,8850.0,SPX270115C08850000,11.8,12.4,12.100000000000001,11.9,0.8,7.20721,7.0,321.0,0.1208,0.0522,0.0002,5.6694,-0.2076,1.5561,12.1207,11.9,11.9,11.9,11.0999999046326,no_change,2026-08-21T10:23:33,0.0,0.0
SPXW,2027-01-15,147,Call,8850.0,SPXW270115C08850000,12.0,12.4,12.2,0.0,0.0,0.0,0.0,0.0,0.1208,0.0525,0.0002,5.6996,-0.2086,1.5655,12.2272,0.0,0.0,0.0,11.25,no_change,,0.0,0.0
SPX,2027-01-15,147,Put,8850.0,SPX270115P08850000,1054.1,1057.1,1055.6,0.0,0.0,0.0,0.0,0.0,0.1205,-0.949,0.0002,5.6694,-0.1544,-33.9688,1056.8418,0.0,0.0,0.0,1075.95001220703,no_change,,0.0,0.0
SPXW,2027-01-15,147,Put,8850.0,SPXW270115P08850000,1044.3,1068.0,1056.15,0.0,0.0,0.0,0.0,0.0,0.1217,-0.9487,0.0002,5.6996,-0.1555,-33.9592,1056.9662,0.0,0.0,0.0,1075.40002441406,no_change,,0.0,0.0
SPX,2027-01-15,147,Call,8900.0,SPX270115C08900000,9.8,10.4,10.100000000000001,10.3,1.1,11.9565,44.0,1430.0,0.1206,0.0448,0.0002,5.0582,-0.1833,1.3372,10.139,10.45,10.55,10.3,9.19999980926514,no_change,2026-08-21T13:41:21,0.0,0.0
SPXW,2027-01-15,147,Call,8900.0,SPXW270115C08900000,10.0,10.4,10.2,0.0,0.0,0.0,0.0,0.0,0.1207,0.045,0.0002,5.0848,-0.1841,1.345,10.2241,0.0,0.0,0.0,9.40000009536743,no_change,,0.0,0.0
SPX,2027-01-15,147,Put,8900.0,SPX270115P08900000,1101.1,1104.2,1102.65,1311.8,0.0,0.0,0.0,2.0,0.1203,-0.9564,0.0002,5.0582,-0.1276,-34.388,1103.9676,0.0,0.0,0.0,1123.29998779297,up,2026-07-31T09:50:29,0.0,0.0
SPXW,2027-01-15,147,Put,8900.0,SPXW270115P08900000,1091.4,1115.0,1103.2,0.0,0.0,0.0,0.0,0.0,0.1218,-0.9561,0.0002,5.0848,-0.1286,-34.38,1104.0706,0.0,0.0,0.0,1122.65002441406,no_change,,0.0,0.0
SPX,2027-01-15,147,Call,9000.0,SPX270115C09000000,6.9,7.3,7.1,7.3,0.8,12.3077,376.0,5481.0,0.1208,0.0331,0.0001,4.0186,-0.143,0.9848,7.156,7.35,7.35,6.76,6.5,up,2026-08-21T11:11:39,0.0,0.0
SPXW,2027-01-15,147,Call,9000.0,SPXW270115C09000000,7.0,7.3,7.15,7.4,0.85,12.9771,1.0,1.0,0.1209,0.0332,0.0001,4.0378,-0.1435,0.9897,7.2061,7.4,7.4,7.4,6.54999995231628,up,2026-08-21T15:05:12,0.0,0.0
SPX,2027-01-15,147,Put,9000.0,SPX270115P09000000,1196.2,1199.4,1197.8000000000002,1416.13,0.0,0.0,0.0,7.0,0.1203,-0.9681,0.0001,4.0186,-0.0823,-35.141,1199.1995,0.0,0.0,0.0,1218.60003662109,up,2026-07-23T09:51:42,0.0,0.0
SPXW,2027-01-15,147,Put,9000.0,SPXW270115P09000000,1187.5,1210.2,1198.85,0.0,0.0,0.0,0.0,0.0,0.1224,-0.968,0.0001,4.0378,-0.0829,-35.1358,1199.2675,0.0,0.0,0.0,1217.95001220703,no_change,,0.0,0.0
SPX,2027-01-15,147,Call,9100.0,SPX270115C09100000,4.9,5.2,5.050000000000001,5.24,0.64,13.913,8.0,802.0,0.1217,0.0246,0.0001,3.1993,-0.1124,0.7327,5.1458,4.9,5.24,4.9,4.60000014305115,no_change,2026-08-21T15:22:44,0.0,0.0
SPXW,2027-01-15,147,Call,9100.0,SPXW270115C09100000,5.0,5.2,5.1,0.0,0.0,0.0,0.0,0.0,0.1216,0.0247,0.0001,3.2112,-0.1126,0.7353,5.1705,0.0,0.0,0.0,4.65000009536743,no_change,,0.0,0.0
SPX,2027-01-15,147,Put,9100.0,SPX270115P09100000,1292.3,1295.6,1293.9499999999998,1277.45,0.0,0.0,0.0,5.0,0.1209,-0.9765,0.0001,3.1993,-0.0467,-35.7937,1295.4042,0.0,0.0,0.0,1314.94995117188,down,2026-08-04T10:45:15,0.0,0.0
SPXW,2027-01-15,147,Put,9100.0,SPXW270115P09100000,1282.7,1305.2,1293.95,0.0,0.0,0.0,0.0,0.0,0.1237,-0.9764,0.0001,3.2112,-0.047,-35.7908,1295.4468,0.0,0.0,0.0,1314.25,no_change,,0.0,0.0
SPX,2027-01-15,147,Call,9200.0,SPX270115C09200000,3.6,3.9,3.75,4.74,0.0,0.0,0.0,976.0,0.1233,0.0187,0.0001,2.5678,-0.0896,0.5554,3.7976,0.0,0.0,0.0,3.44999992847443,down,2026-08-19T13:47:41,0.0,0.0
SPXW,2027-01-15,147,Call,9200.0,SPXW270115C09200000,3.7,3.9,3.8,0.0,0.0,0.0,0.0,0.0,0.123,0.0187,0.0001,2.5732,-0.0895,0.5562,3.8044,0.0,0.0,0.0,3.44999992847443,no_change,,0.0,0.0
SPX,2027-01-15,147,Put,9200.0,SPX270115P09200000,1389.2,1392.5,1390.85,1372.71,0.0,0.0,0.0,29.0,0.1222,-0.9825,0.0001,2.5678,-0.0189,-36.3715,1392.2709,0.0,0.0,0.0,1411.89996337891,down,2026-08-04T10:45:15,0.0,0.0
SPXW,2027-01-15,147,Put,9200.0,SPXW270115P09200000,1379.5,1403.0,1391.25,0.0,0.0,0.0,0.0,0.0,0.1257,-0.9825,0.0001,2.5732,-0.019,-36.3705,1392.2957,0.0,0.0,0.0,1411.25,no_change,,0.0,0.0
SPX,2027-01-15,147,Call,9300.0,SPX270115C09300000,2.75,3.1,2.925,2.8,0.125,4.6729,82.0,190.0,0.1255,0.0145,0.0001,2.089,-0.0728,0.4283,2.8868,2.8,3.0,2.75,2.67499995231628,down,2026-08-21T11:26:42,0.0,0.0
SPXW,2027-01-15,147,Call,9300.0,SPXW270115C09300000,2.8,3.0,2.9,0.0,0.0,0.0,0.0,0.0,0.1254,0.0144,0.0001,2.089,-0.0726,0.4277,2.8815,0.0,0.0,0.0,2.69999992847443,no_change,,0.0,0.0
SPX,2027-01-15,147,Put,9300.0,SPX270115P09300000,1476.8,1500.7,1488.75,0.0,0.0,0.0,0.0,0.0,0.1256,-0.9867,0.0001,2.089,0.0,-36.8992,1489.575,0.0,0.0,0.0,1508.90002441406,no_change,,0.0,0.0
SPXW,2027-01-15,147,Put,9300.0,SPXW270115P09300000,1476.9,1500.2,1488.5500000000002,0.0,0.0,0.0,0.0,0.0,0.1281,-0.9867,0.0001,2.089,0.0,-36.8996,1489.5877,0.0,0.0,0.0,1508.60003662109,no_change,,0.0,0.0
SPX,2027-01-15,147,Call,9400.0,SPX270115C09400000,2.2,2.5,2.35,2.3,0.15,6.97675,30.0,743.0,0.1281,0.0114,0.0,1.7244,-0.0604,0.339,2.26,2.4,2.4,2.3,2.14999997615814,down,2026-08-21T14:28:14,0.0,0.0
SPXW,2027-01-15,147,Call,9400.0,SPXW270115C09400000,2.2,2.4,2.3,0.0,0.0,0.0,0.0,0.0,0.1278,0.0114,0.0,1.7202,-0.06,0.3374,2.2468,0.0,0.0,0.0,2.14999997615814,no_change,,0.0,0.0
SPX,2027-01-15,147,Put,9400.0,SPX270115P09400000,1574.5,1598.3,1586.4,1507.74,0.0,0.0,0.0,0.0,0.1288,-0.9897,0.0,1.7244,0.0,-37.3891,1587.1632,0.0,0.0,0.0,1607.20001220703,up,2026-08-12T12:30:41,0.0,0.0
SPXW,2027-01-15,147,Put,9400.0,SPXW270115P09400000,1574.5,1597.9,1586.2,0.0,0.0,0.0,0.0,0.0,0.1317,-0.9898,0.0,1.7202,0.0,-37.3904,1587.1678,0.0,0.0,0.0,1606.10003662109,no_change,,0.0,0.0
SPX,2027-01-15,147,Call,9500.0,SPX270115C09500000,1.75,2.05,1.9,3.7,0.0,0.0,0.0,80.0,0.1312,0.0093,0.0,1.4455,-0.051,0.2731,1.8184,0.0,0.0,0.0,1.77500003576279,down,2026-08-13T12:05:48,0.0,0.0
SPXW,2027-01-15,147,Call,9500.0,SPXW270115C09500000,1.8,2.0,1.9,1.9,0.15,8.57143,1.0,0.0,0.1308,0.0092,0.0,1.438,-0.0505,0.2709,1.8,1.9,1.9,1.9,1.75,up,2026-08-21T09:30:25,0.0,0.0
SPX,2027-01-15,147,Put,9500.0,SPX270115P09500000,1672.3,1696.2,1684.25,0.0,0.0,0.0,0.0,0.0,0.1318,-0.9919,0.0,1.4455,0.0,-37.8556,1684.9365,0.0,0.0,0.0,1704.95001220703,no_change,,0.0,0.0
SPXW,2027-01-15,147,Put,9500.0,SPXW270115P09500000,1672.3,1695.7,1684.0,0.0,0.0,0.0,0.0,0.0,0.1353,-0.992,0.0,1.438,0.0,-37.8575,1684.936,0.0,0.0,0.0,1704.0,no_change,,0.0,0.0
SPX,2027-01-15,147,Call,9600.0,SPX270115C09600000,1.45,1.75,1.6,1.55,0.1,6.89655,25.0,1687.0,0.1342,0.0076,0.0,1.2274,-0.0439,0.225,1.4966,1.55,1.55,1.55,1.44999998807907,down,2026-08-21T13:59:13,0.0,0.0
SPXW,2027-01-15,147,Call,9600.0,SPXW270115C09600000,1.45,1.65,1.5499999999999998,0.0,0.0,0.0,0.0,0.0,0.1338,0.0076,0.0,1.218,-0.0433,0.2226,1.4756,0.0,0.0,0.0,1.44999998807907,no_change,,0.0,0.0
SPX,2027-01-15,147,Put,9600.0,SPX270115P09600000,1770.2,1794.1,1782.15,1963.04,0.0,0.0,0.0,0.0,0.135,-0.9936,0.0,1.2279,0.0,-38.3041,1782.8304,0.0,0.0,0.0,1802.84997558594,down,2026-06-24T11:35:00,0.0,0.0
SPXW,2027-01-15,147,Put,9600.0,SPXW270115P09600000,1770.2,1793.5,1781.85,0.0,0.0,0.0,0.0,0.0,0.139,-0.9936,0.0,1.218,0.0,-38.3065,1782.8266,0.0,0.0,0.0,1801.79998779297,no_change,,0.0,0.0
SPX,2027-01-15,147,Call,9800.0,SPX270115C09800000,0.95,1.3,1.125,1.1,0.0,0.0,0.0,554.0,0.1403,0.0054,0.0,0.9172,-0.0338,0.1592,1.0726,0.0,0.0,0.0,1.05000001192093,down,2026-08-18T10:55:21,0.0,0.0
SPXW,2027-01-15,147,Call,9800.0,SPXW270115C09800000,1.0,1.25,1.125,0.0,0.0,0.0,0.0,0.0,0.1402,0.0053,0.0,0.9045,-0.0331,0.1563,1.048,0.0,0.0,0.0,1.04999998211861,no_change,,0.0,0.0
SPX,2027-01-15,147,Put,9800.0,SPX270115P09800000,1966.2,1990.0,1978.1,0.0,0.0,0.0,0.0,0.0,0.1418,-0.9958,0.0,0.9172,0.0,-39.1712,1978.8355,0.0,0.0,0.0,1998.54998779297,no_change,,0.0,0.0
SPXW,2027-01-15,147,Put,9800.0,SPXW270115P09800000,1966.2,1989.5,1977.85,0.0,0.0,0.0,0.0,0.0,0.1469,-0.9959,0.0,0.9045,0.0,-39.1739,1978.8288,0.0,0.0,0.0,1997.84997558594,no_change,,0.0,0.0
SPX,2027-01-15,147,Call,10000.0,SPX270115C10000000,0.7,1.0,0.85,0.85,0.075,9.67742,10.0,1962.0,0.1468,0.004,0.0,0.7099,-0.0271,0.1185,0.8111,0.85,0.85,0.85,0.774999976158142,up,2026-08-21T12:57:00,0.0,0.0
SPXW,2027-01-15,147,Call,10000.0,SPXW270115C10000000,0.7,0.95,0.825,0.0,0.0,0.0,0.0,0.0,0.1463,0.004,0.0,0.6963,-0.0264,0.1155,0.7865,0.0,0.0,0.0,0.774999976158142,no_change,,0.0,0.0
SPX,2027-01-15,147,Put,10000.0,SPX270115P10000000,2162.3,2186.1,2174.2,2061.19,0.0,0.0,0.0,16.0,0.1478,-0.9971,0.0,0.7104,0.0,-40.013,2175.0044,0.0,0.0,0.0,2194.34997558594,no_change,2026-08-14T15:16:05,0.0,0.0
SPXW,2027-01-15,147,Put,10000.0,SPXW270115P10000000,2162.3,2185.7,2174.0,0.0,0.0,0.0,0.0,0.0,0.1544,-0.9972,0.0,0.6967,0.0,-40.0158,2174.9975,0.0,0.0,0.0,2193.75,no_change,,0.0,0.0
SPX,2027-01-15,147,Call,10200.0,SPX270115C10200000,0.5,0.8,0.65,0.64,0.0,0.0,0.0,1617.0,0.153,0.0031,0.0,0.5667,-0.0225,0.0915,0.6403,0.0,0.0,0.0,0.599999994039536,no_change,2026-08-20T11:54:58,0.0,0.0
SPXW,2027-01-15,147,Call,10200.0,SPXW270115C10200000,0.5,0.75,0.625,0.0,0.0,0.0,0.0,0.0,0.1529,0.0031,0.0,0.553,-0.0217,0.0887,0.6167,0.0,0.0,0.0,0.599999994039536,no_change,,0.0,0.0
SPX,2027-01-15,147,Put,10200.0,SPX270115P10200000,2358.6,2382.2,2370.3999999999996,2628.43,0.0,0.0,0.0,40.0,0.1557,-0.998,0.0,0.5669,0.0,-40.8412,2371.2631,0.0,0.0,0.0,2391.09997558594,up,2026-07-30T10:52:37,0.0,0.0
SPXW,2027-01-15,147,Put,10200.0,SPXW270115P10200000,2358.6,2382.2,2370.3999999999996,0.0,0.0,0.0,0.0,0.0,0.1634,-0.9981,0.0,0.5533,0.0,-40.8437,2371.2575,0.0,0.0,0.0,2390.09997558594,no_change,,0.0,0.0
SPX,2027-01-15,147,Call,10400.0,SPX270115C10400000,0.35,0.65,0.5,0.95,0.0,0.0,0.0,342.0,0.1589,0.0025,0.0,0.4632,-0.0191,0.073,0.5218,0.0,0.0,0.0,0.450000017881393,up,2026-08-07T11:07:52,0.0,0.0
SPXW,2027-01-15,147,Call,10400.0,SPXW270115C10400000,0.4,0.6,0.5,0.0,0.0,0.0,0.0,0.0,0.1588,0.0024,0.0,0.4504,-0.0184,0.0704,0.5002,0.0,0.0,0.0,0.450000002980232,no_change,,0.0,0.0
SPX,2027-01-15,147,Put,10400.0,SPX270115P10400000,2554.9,2578.4,2566.65,3120.33,0.0,0.0,0.0,3.0,0.1628,-0.9987,0.0,0.4633,0.0,-41.6609,2567.5744,0.0,0.0,0.0,2586.75,down,2026-01-16T15:31:03,0.0,0.0
SPXW,2027-01-15,147,Put,10400.0,SPXW270115P10400000,2554.9,2578.4,2566.65,0.0,0.0,0.0,0.0,0.0,0.1718,-0.9988,0.0,0.4506,0.0,-41.6632,2567.5708,0.0,0.0,0.0,2586.35009765625,no_change,,0.0,0.0
SPX,2027-01-15,147,Call,10600.0,SPX270115C10600000,0.3,0.4,0.35,0.4,0.0,0.0,0.0,1515.0,0.165,0.0021,0.0,0.3864,-0.0165,0.0594,0.4363,0.0,0.0,0.0,0.325000002980232,down,2026-08-18T09:41:50,0.0,0.0
SPXW,2027-01-15,147,Call,10600.0,SPXW270115C10600000,0.3,0.5,0.4,0.0,0.0,0.0,0.0,0.0,0.1648,0.002,0.0,0.3748,-0.0159,0.0572,0.4171,0.0,0.0,0.0,0.349999994039536,no_change,,0.0,0.0
SPX,2027-01-15,147,Put,10600.0,SPX270115P10600000,2751.2,2774.7,2762.95,2649.24,0.0,0.0,0.0,7.0,0.1688,-0.9991,0.0,0.3865,0.0,-42.4756,2763.9187,0.0,0.0,0.0,2782.94995117188,no_change,2026-08-14T15:16:05,0.0,0.0
SPXW,2027-01-15,147,Put,10600.0,SPXW270115P10600000,2751.2,2774.7,2762.95,0.0,0.0,0.0,0.0,0.0,0.1795,-0.9992,0.0,0.375,0.0,-42.4776,2763.9175,0.0,0.0,0.0,2782.59997558594,no_change,,0.0,0.0
SPX,2027-01-15,147,Call,10800.0,SPX270115C10800000,0.2,0.5,0.35,0.7,0.0,0.0,0.0,350.0,0.172,0.0017,0.0,0.3275,-0.0146,0.0496,0.3723,0.0,0.0,0.0,0.299999997019768,up,2026-08-04T11:52:45,0.0,0.0
SPXW,2027-01-15,147,Call,10800.0,SPXW270115C10800000,0.25,0.45,0.35,0.0,0.0,0.0,0.0,0.0,0.1718,0.0016,0.0,0.3173,-0.014,0.0477,0.3554,0.0,0.0,0.0,0.300000004470348,no_change,,0.0,0.0
SPX,2027-01-15,147,Put,10800.0,SPX270115P10800000,2947.6,2971.1,2959.35,3019.65,0.0,0.0,0.0,11.0,0.177,-0.9995,0.0,0.3276,0.0,-43.2866,2960.2845,0.0,0.0,0.0,2979.89990234375,down,2026-08-03T13:22:47,0.0,0.0
SPXW,2027-01-15,147,Put,10800.0,SPXW270115P10800000,2947.6,2971.1,2959.35,0.0,0.0,0.0,0.0,0.0,0.1885,-0.9995,0.0,0.3174,0.0,-43.2882,2960.2856,0.0,0.0,0.0,2978.90002441406,no_change,,0.0,0.0
SPX,2027-01-15,147,Call,11000.0,SPX270115C11000000,0.15,0.4,0.275,0.2,0.0,0.0,0.0,779.0,0.1784,0.0015,0.0,0.2813,-0.013,0.042,0.3224,0.0,0.0,0.0,0.25,down,2026-08-19T12:41:52,0.0,0.0
SPX,2027-01-15,147,Put,11000.0,SPX270115P11000000,3144.0,3167.6,3155.8,3071.3,0.0,0.0,0.0,1.0,0.1848,-0.9997,0.0,0.2813,0.0,-44.0954,3156.6644,0.0,0.0,0.0,3175.59997558594,up,2026-08-05T13:17:23,0.0,0.0
SPX,2027-01-15,147,Call,11200.0,SPX270115C11200000,0.15,0.35,0.25,0.2,-0.05,-20.0,1.0,401.0,0.1855,0.0012,0.0,0.2442,-0.0116,0.0359,0.2825,0.2,0.2,0.2,0.25,down,2026-08-21T13:13:05,0.0,0.0
SPX,2027-01-15,147,Put,11200.0,SPX270115P11200000,3340.4,3364.0,3352.2,3438.06,0.0,0.0,0.0,54.0,0.1924,-0.9999,0.0,0.2443,0.0,-44.9026,3353.0544,0.0,0.0,0.0,3372.25,down,2026-07-01T12:30:56,0.0,0.0
SPX,2027-01-15,147,Call,11400.0,SPX270115C11400000,0.2,0.3,0.25,0.2,0.025,14.2857,31.0,2097.0,0.1936,0.0011,0.0,0.2138,-0.0105,0.031,0.2499,0.15,0.2,0.15,0.175000000745058,up,2026-08-21T16:02:12,0.0,0.0
SPX,2027-01-15,147,Put,11400.0,SPX270115P11400000,3536.8,3560.4,3548.6000000000004,3434.6,0.0,0.0,0.0,253.0,0.1996,-1.0,0.0,0.2139,0.0,-45.7086,3549.4516,0.0,0.0,0.0,3568.05004882812,down,2026-08-14T15:46:08,0.0,0.0
SPXW,2027-01-29,161,Call,3000.0,SPXW270129C03000000,4699.3,4720.8,4710.05,0.0,0.0,0.0,0.0,0.0,0.5624,0.9976,0.0,0.5756,0.0,12.9868,4708.2591,0.0,0.0,0.0,4685.94995117188,no_change,,0.0,0.0
SPXW,2027-01-29,161,Put,3000.0,SPXW270129P03000000,3.6,3.9,3.75,3.8,0.0,0.0,0.0,11.0,0.5806,-0.0037,0.0,0.5755,-0.0962,-0.1382,3.5798,0.0,0.0,0.0,4.0,no_change,2026-08-14T14:44:46,0.0,0.0
SPXW,2027-01-29,161,Call,3200.0,SPXW270129C03200000,4502.7,4525.5,4514.1,0.0,0.0,0.0,0.0,0.0,0.5402,0.9966,0.0,0.7028,0.0,13.8223,4512.9333,0.0,0.0,0.0,4490.44995117188,no_change,,0.0,0.0
SPXW,2027-01-29,161,Put,3200.0,SPXW270129P03200000,4.3,4.6,4.449999999999999,5.1,0.0,0.0,0.0,2.0,0.5546,-0.0046,0.0,0.7028,-0.113,-0.1724,4.3793,0.0,0.0,0.0,4.79999995231628,down,2026-08-07T15:55:49,0.0,0.0
SPXW,2027-01-29,161,Call,3400.0,SPXW270129C03400000,4307.8,4330.2,4319.0,0.0,0.0,0.0,0.0,0.0,0.5196,0.9956,0.0,0.8507,0.0,14.6515,4317.7137,0.0,0.0,0.0,4295.40014648438,no_change,,0.0,0.0
SPXW,2027-01-29,161,Put,3400.0,SPXW270129P03400000,5.2,5.4,5.300000000000001,5.8,0.0,0.0,0.0,6.0,0.531,-0.0058,0.0,0.8505,-0.131,-0.2128,5.2851,0.0,0.0,0.0,5.70000004768372,down,2026-08-10T15:44:45,0.0,0.0
SPXW,2027-01-29,161,Call,3600.0,SPXW270129C03600000,4113.7,4135.1,4124.4,0.0,0.0,0.0,0.0,0.0,0.4976,0.9943,0.0,1.0183,0.0,15.4736,4122.6125,0.0,0.0,0.0,4100.40014648438,no_change,,0.0,0.0
SPXW,2027-01-29,161,Put,3600.0,SPXW270129P03600000,6.1,6.4,6.25,6.32,0.0,0.0,0.0,11.0,0.5073,-0.007,0.0,1.0181,-0.1502,-0.2604,6.3091,0.0,0.0,0.0,6.75,down,2026-08-13T13:36:35,0.0,0.0
SPXW,2027-01-29,161,Call,3800.0,SPXW270129C03800000,3916.3,3938.4,3927.3500000000004,0.0,0.0,0.0,0.0,0.0,0.4767,0.9928,0.0,1.2072,0.0,16.2886,3927.6403,0.0,0.0,0.0,3906.05004882812,no_change,,0.0,0.0
SPXW,2027-01-29,161,Put,3800.0,SPXW270129P03800000,7.2,7.5,7.35,7.43,0.0,0.0,0.0,2.0,0.4847,-0.0085,0.0,1.2069,-0.1708,-0.315,7.4622,0.0,0.0,0.0,7.9500002861023,down,2026-08-19T12:22:35,0.0,0.0
SPXW,2027-01-29,161,Call,4000.0,SPXW270129C04000000,3721.4,3743.7,3732.55,0.0,0.0,0.0,0.0,0.0,0.4566,0.991,0.0,1.4255,-0.02,17.0937,3732.814,0.0,0.0,0.0,3711.5,no_change,,0.0,0.0
SPXW,2027-01-29,161,Put,4000.0,SPXW270129P04000000,8.5,8.8,8.65,8.78,0.0,0.0,0.0,5.0,0.4631,-0.0103,0.0,1.4252,-0.1926,-0.3796,8.7613,0.0,0.0,0.0,9.34999990463257,down,2026-08-19T12:22:35,0.0,0.0
SPXW,2027-01-29,161,Call,4200.0,SPXW270129C04200000,3528.7,3550.6,3539.6499999999996,0.0,0.0,0.0,0.0,0.0,0.4363,0.9889,0.0,1.6718,-0.0524,17.8875,3538.1622,0.0,0.0,0.0,3516.90002441406,no_change,,0.0,0.0
SPXW,2027-01-29,161,Put,4200.0,SPXW270129P04200000,10.0,10.3,10.15,10.99,0.0,0.0,0.0,6.0,0.4416,-0.0124,0.0,1.672,-0.2161,-0.4556,10.2404,0.0,0.0,0.0,10.9500002861023,no_change,2026-08-18T13:36:24,0.0,0.0
SPXW,2027-01-29,161,Call,4400.0,SPXW270129C04400000,3332.3,3354.8,3343.55,0.0,0.0,0.0,0.0,0.0,0.4169,0.9865,0.0,1.9523,-0.0866,18.6693,3343.7151,0.0,0.0,0.0,3322.15002441406,no_change,,0.0,0.0
SPXW,2027-01-29,161,Put,4400.0,SPXW270129P04400000,11.7,12.0,11.85,12.87,0.0,0.0,0.0,5.0,0.4213,-0.0148,0.0,1.9525,-0.2412,-0.5436,11.9195,0.0,0.0,0.0,12.7999997138977,no_change,2026-08-18T13:36:24,0.0,0.0
SPXW,2027-01-29,161,Call,4500.0,SPXW270129C04500000,3235.2,3257.6,3246.3999999999996,0.0,0.0,0.0,0.0,0.0,0.4074,0.9851,0.0,2.1101,-0.1044,19.0537,3246.5816,0.0,0.0,0.0,3225.80004882812,no_change,,0.0,0.0
SPXW,2027-01-29,161,Put,4500.0,SPXW270129P04500000,12.6,12.9,12.75,13.03,0.0,0.0,0.0,5.0,0.4116,-0.0162,0.0,2.1098,-0.2544,-0.5938,12.844,0.0,0.0,0.0,13.8499999046326,no_change,2026-08-17T10:48:16,0.0,0.0
SPXW,2027-01-29,161,Call,4600.0,SPXW270129C04600000,3139.9,3162.1,3151.0,0.0,0.0,0.0,0.0,0.0,0.398,0.9836,0.0,2.2795,-0.1228,19.433,3149.5188,0.0,0.0,0.0,3128.34997558594,no_change,,0.0,0.0
SPXW,2027-01-29,161,Put,4600.0,SPXW270129P04600000,13.6,14.0,13.8,14.94,0.0,0.0,0.0,1.0,0.4016,-0.0177,0.0,2.2793,-0.2682,-0.6494,13.8446,0.0,0.0,0.0,14.9500002861023,no_change,2026-08-20T15:26:11,0.0,0.0
SPXW,2027-01-29,161,Call,4700.0,SPXW270129C04700000,3043.4,3065.1,3054.25,0.0,0.0,0.0,0.0,0.0,0.3885,0.9819,0.0,2.4598,-0.1417,19.8073,3052.5353,0.0,0.0,0.0,3031.80004882812,no_change,,0.0,0.0
SPXW,2027-01-29,161,Put,4700.0,SPXW270129P04700000,14.7,15.1,14.899999999999999,16.4,0.0,0.0,0.0,119.0,0.3919,-0.0194,0.0,2.4597,-0.2826,-0.71,14.9247,0.0,0.0,0.0,16.1499996185303,down,2026-08-18T09:37:54,0.0,0.0
SPXW,2027-01-29,161,Call,4800.0,SPXW270129C04800000,2947.8,2968.3,2958.05,0.0,0.0,0.0,0.0,0.0,0.3795,0.9801,0.0,2.652,-0.1613,20.1766,2955.6398,0.0,0.0,0.0,2934.69995117188,no_change,,0.0,0.0
SPXW,2027-01-29,161,Put,4800.0,SPXW270129P04800000,15.9,16.2,16.05,15.99,0.0,0.0,0.0,3.0,0.3824,-0.0212,0.0,2.6519,-0.2977,-0.7755,16.0929,0.0,0.0,0.0,17.3500003814697,down,2026-08-13T13:36:35,0.0,0.0
SPXW,2027-01-29,161,Call,4900.0,SPXW270129C04900000,2849.8,2871.5,2860.65,0.0,0.0,0.0,0.0,0.0,0.3702,0.9781,0.0,2.8598,-0.1816,20.5401,2858.8416,0.0,0.0,0.0,2838.34997558594,no_change,,0.0,0.0
SPXW,2027-01-29,161,Put,4900.0,SPXW270129P04900000,17.2,17.5,17.35,17.4,0.0,0.0,0.0,12.0,0.3729,-0.0232,0.0,2.8599,-0.3135,-0.8469,17.3608,0.0,0.0,0.0,18.75,up,2026-08-19T15:21:01,0.0,0.0
SPXW,2027-01-29,161,Call,5000.0,SPXW270129C05000000,2752.9,2774.8,2763.8500000000004,0.0,0.0,0.0,0.0,0.0,0.3609,0.9759,0.0,3.0867,-0.2027,20.8959,2762.1533,0.0,0.0,0.0,2741.84997558594,no_change,,0.0,0.0
SPXW,2027-01-29,161,Put,5000.0,SPXW270129P05000000,18.6,18.9,18.75,19.4,0.0,0.0,0.0,52.0,0.3636,-0.0254,0.0,3.0868,-0.33,-0.926,18.7339,0.0,0.0,0.0,20.25,down,2026-08-20T12:59:03,0.0,0.0
SPXW,2027-01-29,161,Call,5100.0,SPXW270129C05100000,2656.7,2678.3,2667.5,2738.91,0.0,0.0,0.0,0.0,0.3521,0.9735,0.0,3.3332,-0.2246,21.2424,2665.5911,0.0,0.0,0.0,2645.10009765625,down,2026-08-05T13:18:38,0.0,0.0
SPXW,2027-01-29,161,Put,5100.0,SPXW270129P05100000,20.1,20.4,20.25,20.45,-1.4,-6.40732,4.0,3.0,0.3543,-0.0278,0.0,3.3335,-0.3473,-1.0144,20.2361,20.5,20.5,20.45,21.8500003814697,down,2026-08-21T12:22:55,0.0,0.0
SPXW,2027-01-29,161,Call,5200.0,SPXW270129C05200000,2560.3,2581.9,2571.1000000000004,0.0,0.0,0.0,0.0,0.0,0.343,0.9708,0.0,3.5974,-0.2475,21.5794,2569.173,0.0,0.0,0.0,2549.20007324219,no_change,,0.0,0.0
SPXW,2027-01-29,161,Put,5200.0,SPXW270129P05200000,21.7,22.1,21.9,21.7,-1.9,-8.05085,4.0,27.0,0.3454,-0.0305,0.0,3.5975,-0.3656,-1.1121,21.8809,21.7,21.7,21.7,23.5999994277954,down,2026-08-21T15:34:49,0.0,0.0
SPXW,2027-01-29,161,Call,5300.0,SPXW270129C05300000,2465.3,2485.6,2475.45,0.0,0.0,0.0,0.0,0.0,0.3344,0.9679,0.0,3.8803,-0.2713,21.9075,2472.9164,0.0,0.0,0.0,2452.69995117188,no_change,,0.0,0.0
SPXW,2027-01-29,161,Put,5300.0,SPXW270129P05300000,23.5,23.9,23.7,25.45,0.0,0.0,0.0,82.0,0.3365,-0.0334,0.0,3.8805,-0.3849,-1.219,23.6884,0.0,0.0,0.0,25.5500001907349,down,2026-08-20T15:37:23,0.0,0.0
SPXW,2027-01-29,161,Call,5400.0,SPXW270129C05400000,2368.3,2389.5,2378.9,0.0,0.0,0.0,0.0,0.0,0.3256,0.9646,0.0,4.1882,-0.2962,22.2247,2376.84,0.0,0.0,0.0,2357.0,no_change,,0.0,0.0
SPXW,2027-01-29,161,Put,5400.0,SPXW270129P05400000,25.5,25.8,25.65,26.08,0.0,0.0,0.0,5.0,0.3277,-0.0367,0.0,4.1882,-0.4053,-1.3365,25.6734,0.0,0.0,0.0,27.6999998092651,no_change,2026-08-17T10:48:16,0.0,0.0
SPXW,2027-01-29,161,Call,5500.0,SPXW270129C05500000,2272.5,2293.6,2283.05,0.0,0.0,0.0,0.0,0.0,0.3171,0.961,0.0,4.5266,-0.3222,22.5273,2280.9683,0.0,0.0,0.0,2261.85009765625,no_change,,0.0,0.0
SPXW,2027-01-29,161,Put,5500.0,SPXW270129P05500000,27.7,28.0,27.85,27.9,-2.15,-7.15474,34.0,3.0,0.319,-0.0404,0.0,4.5269,-0.4267,-1.4689,27.8667,27.9,27.9,27.9,30.0500001907349,down,2026-08-21T11:34:35,0.0,0.0
SPXW,2027-01-29,161,Call,5600.0,SPXW270129C05600000,2176.6,2197.9,2187.25,0.0,0.0,0.0,0.0,0.0,0.3088,0.9569,0.0001,4.8936,-0.3494,22.813,2185.3325,0.0,0.0,0.0,2166.15002441406,no_change,,0.0,0.0
SPXW,2027-01-29,161,Put,5600.0,SPXW270129P05600000,30.1,30.4,30.25,30.3,-2.3,-7.05522,4.0,11.0,0.3105,-0.0444,0.0001,4.894,-0.4494,-1.618,30.2941,30.21,30.3,30.21,32.6000003814697,up,2026-08-21T14:10:31,0.0,0.0
SPXW,2027-01-29,161,Call,5650.0,SPXW270129C05650000,2129.5,2150.2,2139.85,0.0,0.0,0.0,0.0,0.0,0.3045,0.9547,0.0001,5.0865,-0.3635,22.9498,2137.613,0.0,0.0,0.0,2118.55004882812,no_change,,0.0,0.0
SPXW,2027-01-29,161,Put,5650.0,SPXW270129P05650000,31.4,31.7,31.549999999999997,31.63,0.0,0.0,0.0,32.0,0.3063,-0.0466,0.0001,5.0866,-0.4612,-1.6986,31.6048,0.0,0.0,0.0,34.0,down,2026-08-14T12:29:44,0.0,0.0
SPXW,2027-01-29,161,Call,5700.0,SPXW270129C05700000,2081.4,2102.6,2092.0,0.0,0.0,0.0,0.0,0.0,0.3005,0.9523,0.0001,5.286,-0.3778,23.0828,2089.9641,0.0,0.0,0.0,2071.05004882812,no_change,,0.0,0.0
SPXW,2027-01-29,161,Put,5700.0,SPXW270129P05700000,32.8,33.1,32.95,35.07,0.0,0.0,0.0,68.0,0.302,-0.049,0.0001,5.2861,-0.4733,-1.783,32.9875,0.0,0.0,0.0,35.5,up,2026-08-20T13:42:19,0.0,0.0
SPXW,2027-01-29,161,Call,5750.0,SPXW270129C05750000,2033.5,2055.0,2044.25,0.0,0.0,0.0,0.0,46.0,0.2964,0.9499,0.0001,5.4934,-0.3926,23.2117,2042.3895,0.0,0.0,0.0,2023.54998779297,no_change,,0.0,0.0
SPXW,2027-01-29,161,Put,5750.0,SPXW270129P05750000,34.3,34.6,34.45,34.25,-2.85,-7.68194,2.0,36.0,0.298,-0.0514,0.0001,5.4936,-0.4857,-1.8716,34.4444,34.25,34.25,34.25,37.1000003814697,down,2026-08-21T13:42:42,0.0,0.0
SPXW,2027-01-29,161,Call,5800.0,SPXW270129C05800000,1986.3,2007.5,1996.9,0.0,0.0,0.0,0.0,0.0,0.2923,0.9473,0.0001,5.7105,-0.4076,23.3358,1994.8933,0.0,0.0,0.0,1975.75,no_change,,0.0,0.0
SPXW,2027-01-29,161,Put,5800.0,SPXW270129P05800000,35.8,36.1,35.95,36.57,0.0,0.0,0.0,5.0,0.2938,-0.054,0.0001,5.7106,-0.4984,-1.9649,35.9797,0.0,0.0,0.0,38.7000007629394,up,2026-08-19T14:17:23,0.0,0.0
SPXW,2027-01-29,161,Call,5850.0,SPXW270129C05850000,1936.1,1958.1,1947.1,0.0,0.0,0.0,0.0,0.0,0.2884,0.9445,0.0001,5.9384,-0.4229,23.454,1947.4805,0.0,0.0,0.0,1929.15002441406,no_change,,0.0,0.0
SPXW,2027-01-29,161,Put,5850.0,SPXW270129P05850000,37.4,37.7,37.55,40.16,0.0,0.0,0.0,72.0,0.2898,-0.0568,0.0001,5.9386,-0.5115,-2.0641,37.5985,0.0,0.0,0.0,40.4500007629394,down,2026-08-20T14:07:57,0.0,0.0
SPXW,2027-01-29,161,Call,5900.0,SPXW270129C05900000,1891.7,1912.7,1902.2,0.0,0.0,0.0,0.0,0.0,0.2844,0.9416,0.0001,6.1772,-0.4386,23.5655,1900.1572,0.0,0.0,0.0,1881.75,no_change,,0.0,0.0
SPXW,2027-01-29,161,Put,5900.0,SPXW270129P05900000,39.1,39.4,39.25,39.01,-3.29,-7.77778,4.0,99.0,0.2858,-0.0597,0.0001,6.1774,-0.5249,-2.17,39.3068,39.03,39.03,39.01,42.2999992370606,down,2026-08-21T13:51:45,0.0,0.0
SPXW,2027-01-29,161,Call,5950.0,SPXW270129C05950000,1843.9,1865.5,1854.7,0.0,0.0,0.0,0.0,0.0,0.2805,0.9385,0.0001,6.4258,-0.4545,23.6698,1852.9301,0.0,0.0,0.0,1834.64996337891,no_change,,0.0,0.0
SPXW,2027-01-29,161,Put,5950.0,SPXW270129P05950000,40.7,41.2,40.95,41.03,0.0,0.0,0.0,2.0,0.2818,-0.0628,0.0001,6.426,-0.5386,-2.2832,41.1112,0.0,0.0,0.0,44.25,up,2026-08-17T10:16:51,0.0,0.0
SPXW,2027-01-29,161,Call,6000.0,SPXW270129C06000000,1797.8,1818.4,1808.1,0.0,0.0,0.0,0.0,0.0,0.2766,0.9352,0.0001,6.6826,-0.4708,23.7672,1805.8056,0.0,0.0,0.0,1787.79998779297,no_change,,0.0,0.0
SPXW,2027-01-29,161,Put,6000.0,SPXW270129P06000000,42.7,43.2,42.95,43.3,0.0,0.0,0.0,35.0,0.2777,-0.0661,0.0001,6.6828,-0.5526,-2.4032,43.0183,0.0,0.0,0.0,46.25,down,2026-08-19T12:32:19,0.0,0.0
SPXW,2027-01-29,161,Call,6050.0,SPXW270129C06050000,1750.4,1771.4,1760.9,0.0,0.0,0.0,0.0,0.0,0.2727,0.9318,0.0001,6.947,-0.4874,23.8585,1758.7895,0.0,0.0,0.0,1740.85003662109,no_change,,0.0,0.0
SPXW,2027-01-29,161,Put,6050.0,SPXW270129P06050000,44.7,45.2,44.95,48.6,0.0,0.0,0.0,1.0,0.2738,-0.0695,0.0001,6.947,-0.5669,-2.5293,45.0325,0.0,0.0,0.0,48.4500007629394,up,2026-08-18T13:37:29,0.0,0.0
SPXW,2027-01-29,161,Call,6100.0,SPXW270129C06100000,1703.4,1724.5,1713.95,0.0,0.0,0.0,0.0,0.0,0.2688,0.9281,0.0001,7.22,-0.5043,23.9437,1711.8873,0.0,0.0,0.0,1694.34997558594,no_change,,0.0,0.0
SPXW,2027-01-29,161,Put,6100.0,SPXW270129P06100000,46.8,47.3,47.05,50.7,0.0,0.0,0.0,2.0,0.2698,-0.0732,0.0001,7.22,-0.5816,-2.6614,47.1616,0.0,0.0,0.0,50.75,up,2026-08-18T13:39:28,0.0,0.0
SPXW,2027-01-29,161,Call,6125.0,SPXW270129C06125000,1680.0,1701.1,1690.55,0.0,0.0,0.0,0.0,0.0,0.2669,0.9262,0.0001,7.3606,-0.5129,23.9839,1688.4805,0.0,0.0,0.0,1670.79998779297,no_change,,0.0,0.0
SPXW,2027-01-29,161,Put,6125.0,SPXW270129P06125000,47.9,48.4,48.15,48.4,0.0,0.0,0.0,16.0,0.2678,-0.0751,0.0001,7.3606,-0.589,-2.73,48.2706,0.0,0.0,0.0,51.8999996185303,up,2026-08-17T11:34:20,0.0,0.0
SPXW,2027-01-29,161,Call,6150.0,SPXW270129C06150000,1657.2,1677.7,1667.45,0.0,0.0,0.0,0.0,0.0,0.265,0.9242,0.0001,7.5042,-0.5215,24.0222,1665.1043,0.0,0.0,0.0,1647.54998779297,no_change,,0.0,0.0
SPXW,2027-01-29,161,Put,6150.0,SPXW270129P06150000,49.0,49.6,49.3,53.17,0.0,0.0,0.0,4.0,0.2659,-0.0771,0.0001,7.5042,-0.5965,-2.8004,49.4101,0.0,0.0,0.0,53.1500015258789,down,2026-08-18T14:17:55,0.0,0.0
SPXW,2027-01-29,161,Call,6175.0,SPXW270129C06175000,1630.5,1652.1,1641.3,0.0,0.0,0.0,0.0,0.0,0.2631,0.9222,0.0001,7.6512,-0.5302,24.0583,1641.7596,0.0,0.0,0.0,1624.25,no_change,,0.0,0.0
SPXW,2027-01-29,161,Put,6175.0,SPXW270129P06175000,50.2,50.8,50.5,0.0,0.0,0.0,0.0,0.0,0.2639,-0.0791,0.0001,7.6512,-0.604,-2.873,50.5812,0.0,0.0,0.0,54.3499984741211,no_change,,0.0,0.0
SPXW,2027-01-29,161,Call,6200.0,SPXW270129C06200000,1610.5,1631.1,1620.8,0.0,0.0,0.0,0.0,0.0,0.2612,0.9201,0.0001,7.8017,-0.539,24.092,1618.4475,0.0,0.0,0.0,1601.04998779297,no_change,,0.0,0.0
SPXW,2027-01-29,161,Put,6200.0,SPXW270129P06200000,51.4,52.0,51.7,52.12,0.0,0.0,0.0,4.0,0.262,-0.0812,0.0001,7.8017,-0.6116,-2.948,51.7849,0.0,0.0,0.0,55.6500015258789,up,2026-08-17T12:09:31,0.0,0.0
SPXW,2027-01-29,161,Call,6225.0,SPXW270129C06225000,1587.3,1607.8,1597.55,0.0,0.0,0.0,0.0,0.0,0.2593,0.918,0.0001,7.9557,-0.5478,24.123,1595.1691,0.0,0.0,0.0,1577.65002441406,no_change,,0.0,0.0
SPXW,2027-01-29,161,Put,6225.0,SPXW270129P06225000,52.6,53.2,52.900000000000006,51.55,0.0,0.0,0.0,1.0,0.2601,-0.0833,0.0001,7.9557,-0.6193,-3.0257,53.0222,0.0,0.0,0.0,57.0,down,2026-08-13T10:52:42,0.0,0.0
SPXW,2027-01-29,161,Call,6250.0,SPXW270129C06250000,1564.0,1584.6,1574.3,0.0,0.0,0.0,0.0,0.0,0.2574,0.9158,0.0001,8.113,-0.5567,24.1513,1571.9257,0.0,0.0,0.0,1554.75,no_change,,0.0,0.0
SPXW,2027-01-29,161,Put,6250.0,SPXW270129P06250000,53.9,54.5,54.2,67.84,0.0,0.0,0.0,1.0,0.2582,-0.0855,0.0001,8.113,-0.6271,-3.1061,54.2945,0.0,0.0,0.0,58.3499984741211,up,2026-08-03T14:40:50,0.0,0.0
SPXW,2027-01-29,161,Call,6275.0,SPXW270129C06275000,1537.5,1559.1,1548.3,0.0,0.0,0.0,0.0,0.0,0.2555,0.9135,0.0001,8.2733,-0.5656,24.1768,1548.7185,0.0,0.0,0.0,1531.25,no_change,,0.0,0.0
SPXW,2027-01-29,161,Put,6275.0,SPXW270129P06275000,55.2,55.8,55.5,59.33,0.0,0.0,0.0,10.0,0.2562,-0.0878,0.0001,8.2733,-0.6349,-3.1893,55.6031,0.0,0.0,0.0,59.75,up,2026-08-20T14:51:54,0.0,0.0
SPXW,2027-01-29,161,Call,6300.0,SPXW270129C06300000,1518.7,1538.2,1528.45,0.0,0.0,0.0,0.0,0.0,0.2536,0.9112,0.0001,8.436,-0.5746,24.1996,1525.5488,0.0,0.0,0.0,1508.54998779297,no_change,,0.0,0.0
SPXW,2027-01-29,161,Put,6300.0,SPXW270129P06300000,56.6,57.1,56.85,57.07,0.0,0.0,0.0,12.0,0.2543,-0.0901,0.0001,8.436,-0.6427,-3.2753,56.9492,0.0,0.0,0.0,61.1500015258789,down,2026-08-19T11:08:34,0.0,0.0
SPXW,2027-01-29,161,Call,6325.0,SPXW270129C06325000,1491.2,1512.8,1502.0,0.0,0.0,0.0,0.0,0.0,0.2517,0.9088,0.0001,8.601,-0.5836,24.2198,1502.4179,0.0,0.0,0.0,1485.54998779297,no_change,,0.0,0.0
SPXW,2027-01-29,161,Put,6325.0,SPXW270129P06325000,58.0,58.5,58.25,62.18,0.0,0.0,0.0,21.0,0.2524,-0.0925,0.0001,8.601,-0.6506,-3.3637,58.334,0.0,0.0,0.0,62.6500015258789,up,2026-08-20T14:51:54,0.0,0.0
SPXW,2027-01-29,161,Call,6350.0,SPXW270129C06350000,1472.5,1492.0,1482.25,0.0,0.0,0.0,0.0,0.0,0.2498,0.9063,0.0001,8.7679,-0.5927,24.2376,1479.3266,0.0,0.0,0.0,1462.0,no_change,,0.0,0.0
SPXW,2027-01-29,161,Put,6350.0,SPXW270129P06350000,59.4,59.9,59.65,59.25,0.0,0.0,0.0,31.0,0.2505,-0.095,0.0001,8.7679,-0.6586,-3.4547,59.7585,0.0,0.0,0.0,64.1500015258789,down,2026-08-19T15:20:03,0.0,0.0
SPXW,2027-01-29,161,Call,6375.0,SPXW270129C06375000,1449.5,1468.9,1459.2,1442.98,0.0,0.0,0.0,1.0,0.2479,0.9037,0.0001,8.9366,-0.6019,24.2532,1456.2762,0.0,0.0,0.0,1439.09997558594,down,2026-08-20T15:37:12,0.0,0.0
SPXW,2027-01-29,161,Put,6375.0,SPXW270129P06375000,60.8,61.4,61.099999999999994,66.0,0.0,0.0,0.0,6.0,0.2486,-0.0976,0.0001,8.9366,-0.6666,-3.5478,61.2238,0.0,0.0,0.0,65.75,up,2026-08-07T14:13:33,0.0,0.0
SPXW,2027-01-29,161,Call,6400.0,SPXW270129C06400000,1430.3,1437.8,1434.05,0.0,0.0,0.0,0.0,0.0,0.246,0.9011,0.0001,9.1075,-0.611,24.2667,1433.2674,0.0,0.0,0.0,1416.14996337891,no_change,,0.0,0.0
SPXW,2027-01-29,161,Put,6400.0,SPXW270129P06400000,62.3,62.9,62.599999999999994,63.85,-3.5,-5.19673,4.0,13.0,0.2467,-0.1002,0.0001,9.1075,-0.6746,-3.643,62.7307,63.99,63.99,63.85,67.3499984741211,down,2026-08-21T10:45:39,0.0,0.0
SPXW,2027-01-29,161,Call,6425.0,SPXW270129C06425000,1408.0,1414.8,1411.4,1415.99,22.74,1.63216,1.0,1.0,0.2442,0.8984,0.0001,9.2809,-0.6202,24.278,1410.3012,1415.99,1415.99,1415.99,1393.25,down,2026-08-21T15:41:46,0.0,0.0
SPXW,2027-01-29,161,Put,6425.0,SPXW270129P06425000,63.9,64.5,64.2,67.5,0.0,0.0,0.0,9.0,0.2448,-0.1029,0.0001,9.2809,-0.6827,-3.7404,64.2803,0.0,0.0,0.0,68.9499969482422,up,2026-08-10T14:03:57,0.0,0.0
SPXW,2027-01-29,161,Call,6450.0,SPXW270129C06450000,1384.5,1391.8,1388.15,0.0,0.0,0.0,0.0,0.0,0.2423,0.8956,0.0001,9.4573,-0.6295,24.2869,1387.3786,0.0,0.0,0.0,1370.5,no_change,,0.0,0.0
SPXW,2027-01-29,161,Put,6450.0,SPXW270129P06450000,65.5,66.1,65.8,70.01,0.0,0.0,0.0,13.0,0.243,-0.1057,0.0001,9.4573,-0.6908,-3.8402,65.8734,0.0,0.0,0.0,70.6500015258789,up,2026-08-07T11:38:44,0.0,0.0
SPXW,2027-01-29,161,Call,6475.0,SPXW270129C06475000,1361.6,1369.0,1365.3,1444.19,0.0,0.0,0.0,1.0,0.2404,0.8928,0.0001,9.6373,-0.6388,24.293,1364.5008,0.0,0.0,0.0,1347.69995117188,down,2026-08-17T15:41:57,0.0,0.0
SPXW,2027-01-29,161,Put,6475.0,SPXW270129P06475000,67.1,67.7,67.4,71.86,0.0,0.0,0.0,2.0,0.2411,-0.1085,0.0001,9.6373,-0.6989,-3.9429,67.5114,0.0,0.0,0.0,72.3999977111816,up,2026-08-18T12:50:06,0.0,0.0
SPXW,2027-01-29,161,Call,6500.0,SPXW270129C06500000,1338.8,1346.1,1342.4499999999998,0.0,0.0,0.0,0.0,0.0,0.2386,0.8898,0.0002,9.8211,-0.648,24.2957,1341.6692,0.0,0.0,0.0,1325.0,no_change,,0.0,0.0
SPXW,2027-01-29,161,Put,6500.0,SPXW270129P06500000,68.8,69.4,69.1,69.15,-5.05,-6.80593,2.0,8.0,0.2392,-0.1115,0.0002,9.8214,-0.7071,-4.049,69.1983,69.02,69.15,69.02,74.2000007629394,up,2026-08-21T14:10:31,0.0,0.0
SPXW,2027-01-29,161,Call,6525.0,SPXW270129C06525000,1316.1,1323.3,1319.6999999999998,0.0,0.0,0.0,0.0,0.0,0.2367,0.8868,0.0002,10.009,-0.6574,24.2948,1318.8856,0.0,0.0,0.0,1302.30004882812,no_change,,0.0,0.0
SPXW,2027-01-29,161,Put,6525.0,SPXW270129P06525000,70.5,71.1,70.8,0.0,0.0,0.0,0.0,0.0,0.2373,-0.1145,0.0002,10.009,-0.7152,-4.1585,70.9277,0.0,0.0,0.0,76.0500030517578,no_change,,0.0,0.0
SPXW,2027-01-29,161,Call,6550.0,SPXW270129C06550000,1293.3,1300.6,1296.9499999999998,0.0,0.0,0.0,0.0,0.0,0.2348,0.8837,0.0002,10.2006,-0.6667,24.2898,1296.1519,0.0,0.0,0.0,1279.75,no_change,,0.0,0.0
SPXW,2027-01-29,161,Put,6550.0,SPXW270129P06550000,72.3,72.9,72.6,77.37,0.0,0.0,0.0,38.0,0.2354,-0.1176,0.0002,10.2006,-0.7234,-4.2722,72.7097,0.0,0.0,0.0,77.8999977111816,up,2026-08-20T14:07:57,0.0,0.0
SPXW,2027-01-29,161,Call,6575.0,SPXW270129C06575000,1270.7,1277.9,1274.3000000000002,0.0,0.0,0.0,0.0,0.0,0.233,0.8805,0.0002,10.3956,-0.676,24.2806,1273.47,0.0,0.0,0.0,1257.14996337891,no_change,,0.0,0.0
SPXW,2027-01-29,161,Put,6575.0,SPXW270129P06575000,74.1,74.7,74.4,0.0,0.0,0.0,0.0,0.0,0.2335,-0.1208,0.0002,10.3956,-0.7316,-4.39,74.5436,0.0,0.0,0.0,79.8499984741211,no_change,,0.0,0.0
SPXW,2027-01-29,161,Call,6600.0,SPXW270129C06600000,1248.1,1255.2,1251.65,0.0,0.0,0.0,0.0,0.0,0.2311,0.8771,0.0002,10.5934,-0.6853,24.2674,1250.8421,0.0,0.0,0.0,1234.59997558594,no_change,,0.0,0.0
SPXW,2027-01-29,161,Put,6600.0,SPXW270129P06600000,76.0,76.6,76.3,75.13,0.0,0.0,0.0,269.0,0.2317,-0.1242,0.0002,10.5934,-0.7398,-4.512,76.4314,0.0,0.0,0.0,81.8499984741211,no_change,2026-08-17T11:30:15,0.0,0.0
SPXW,2027-01-29,161,Call,6625.0,SPXW270129C06625000,1225.5,1232.7,1229.1,0.0,0.0,0.0,0.0,0.0,0.2292,0.8737,0.0002,10.7931,-0.6946,24.2505,1228.2701,0.0,0.0,0.0,1212.20001220703,no_change,,0.0,0.0
SPXW,2027-01-29,161,Put,6625.0,SPXW270129P06625000,78.0,78.6,78.3,78.25,0.0,0.0,0.0,3.0,0.2298,-0.1276,0.0002,10.7931,-0.748,-4.6376,78.3752,0.0,0.0,0.0,83.8999977111816,up,2026-08-19T15:49:53,0.0,0.0
SPXW,2027-01-29,161,Call,6650.0,SPXW270129C06650000,1203.2,1210.2,1206.7,0.0,0.0,0.0,0.0,0.0,0.2274,0.8702,0.0002,10.9944,-0.7039,24.2301,1205.7558,0.0,0.0,0.0,1189.79998779297,no_change,,0.0,0.0
SPXW,2027-01-29,161,Put,6650.0,SPXW270129P06650000,80.0,80.6,80.3,82.32,0.0,0.0,0.0,28.0,0.228,-0.1311,0.0002,10.9944,-0.7561,-4.7667,80.3766,0.0,0.0,0.0,86.0,down,2026-08-10T10:38:03,0.0,0.0
SPXW,2027-01-29,161,Call,6675.0,SPXW270129C06675000,1180.7,1187.6,1184.15,0.0,0.0,0.0,0.0,0.0,0.2255,0.8666,0.0002,11.1973,-0.7132,24.2066,1183.3008,0.0,0.0,0.0,1167.45001220703,no_change,,0.0,0.0
SPXW,2027-01-29,161,Put,6675.0,SPXW270129P06675000,82.0,82.7,82.35,84.57,0.0,0.0,0.0,8.0,0.2261,-0.1347,0.0002,11.1973,-0.7643,-4.8989,82.4374,0.0,0.0,0.0,88.2000007629394,down,2026-08-12T10:18:45,0.0,0.0
SPXW,2027-01-29,161,Call,6700.0,SPXW270129C06700000,1158.4,1165.4,1161.9,0.0,0.0,0.0,0.0,0.0,0.2236,0.8629,0.0002,11.4019,-0.7225,24.1802,1160.9068,0.0,0.0,0.0,1145.15002441406,no_change,,0.0,0.0
SPXW,2027-01-29,161,Put,6700.0,SPXW270129P06700000,84.1,84.8,84.44999999999999,84.12,-6.28,-6.9469,2.0,4.0,0.2242,-0.1384,0.0002,11.4019,-0.7724,-5.034,84.5591,84.06,84.12,84.06,90.3999977111816,up,2026-08-21T13:51:45,0.0,0.0
SPXW,2027-01-29,161,Call,6725.0,SPXW270129C06725000,1136.0,1142.9,1139.45,0.0,0.0,0.0,0.0,0.0,0.2218,0.859,0.0002,11.609,-0.7317,24.1506,1138.5752,0.0,0.0,0.0,1123.0,no_change,,0.0,0.0
SPXW,2027-01-29,161,Put,6725.0,SPXW270129P06725000,86.3,87.0,86.65,84.0,0.0,0.0,0.0,20.0,0.2224,-0.1423,0.0002,11.609,-0.7805,-5.1723,86.7433,0.0,0.0,0.0,92.7000007629394,up,2026-08-14T15:44:51,0.0,0.0
SPXW,2027-01-29,161,Call,6750.0,SPXW270129C06750000,1113.8,1120.7,1117.25,0.0,0.0,0.0,0.0,0.0,0.22,0.8551,0.0002,11.8192,-0.7409,24.1172,1116.3082,0.0,0.0,0.0,1100.89996337891,no_change,,0.0,0.0
SPXW,2027-01-29,161,Put,6750.0,SPXW270129P06750000,88.6,89.2,88.9,86.32,0.0,0.0,0.0,41.0,0.2205,-0.1462,0.0002,11.8192,-0.7885,-5.3144,88.992,0.0,0.0,0.0,95.1000022888184,no_change,2026-08-14T10:17:09,0.0,0.0
SPXW,2027-01-29,161,Call,6775.0,SPXW270129C06775000,1091.6,1098.5,1095.05,0.0,0.0,0.0,0.0,0.0,0.2182,0.851,0.0002,12.0333,-0.75,24.0794,1094.108,0.0,0.0,0.0,1078.79998779297,no_change,,0.0,0.0
SPXW,2027-01-29,161,Put,6775.0,SPXW270129P06775000,90.9,91.5,91.2,89.75,0.0,0.0,0.0,54.0,0.2186,-0.1503,0.0002,12.0333,-0.7965,-5.461,91.3076,0.0,0.0,0.0,97.5,down,2026-08-19T11:01:38,0.0,0.0
SPXW,2027-01-29,161,Call,6800.0,SPXW270129C06800000,1069.5,1076.3,1072.9,0.0,0.0,0.0,0.0,0.0,0.2162,0.8468,0.0002,12.2516,-0.7591,24.0362,1071.9775,0.0,0.0,0.0,1056.84997558594,no_change,,0.0,0.0
SPXW,2027-01-29,161,Put,6800.0,SPXW270129P06800000,93.3,93.9,93.6,96.47,0.0,0.0,0.0,46.0,0.2168,-0.1545,0.0002,12.2516,-0.8045,-5.6129,93.6928,0.0,0.0,0.0,100.0,up,2026-08-20T10:44:13,0.0,0.0
SPXW,2027-01-29,161,Call,6825.0,SPXW270129C06825000,1047.5,1054.2,1050.85,0.0,0.0,0.0,0.0,0.0,0.2144,0.8425,0.0002,12.4736,-0.7681,23.9872,1049.92,0.0,0.0,0.0,1034.89996337891,no_change,,0.0,0.0
SPXW,2027-01-29,161,Put,6825.0,SPXW270129P06825000,95.7,96.4,96.05000000000001,96.52,0.0,0.0,0.0,32.0,0.215,-0.1588,0.0002,12.4736,-0.8124,-5.7706,96.1511,0.0,0.0,0.0,102.600002288818,no_change,2026-08-19T14:17:23,0.0,0.0
SPXW,2027-01-29,161,Call,6850.0,SPXW270129C06850000,1025.5,1032.2,1028.85,0.0,0.0,0.0,0.0,0.0,0.2126,0.838,0.0002,12.6988,-0.7771,23.9321,1027.939,0.0,0.0,0.0,1013.04998779297,no_change,,0.0,0.0
SPXW,2027-01-29,161,Put,6850.0,SPXW270129P06850000,98.3,98.9,98.6,97.45,-7.85,-7.45489,11.0,33.0,0.2131,-0.1633,0.0002,12.6988,-0.8202,-5.9344,98.6859,100.7,100.7,97.1,105.299999237061,no_change,2026-08-21T15:44:15,0.0,0.0
SPXW,2027-01-29,161,Call,6875.0,SPXW270129C06875000,1003.7,1010.3,1007.0,0.0,0.0,0.0,0.0,0.0,0.2107,0.8334,0.0002,12.926,-0.786,23.8712,1006.0383,0.0,0.0,0.0,991.299987792969,no_change,,0.0,0.0
SPXW,2027-01-29,161,Put,6875.0,SPXW270129P06875000,100.9,101.5,101.2,100.0,-8.0,-7.40741,8.0,27.0,0.2113,-0.1679,0.0002,12.926,-0.8279,-6.104,101.3009,100.0,100.0,100.0,108.0,no_change,2026-08-21T15:44:15,0.0,0.0
SPXW,2027-01-29,161,Call,6900.0,SPXW270129C06900000,981.9,988.4,985.15,0.0,0.0,0.0,0.0,0.0,0.2089,0.8287,0.0002,13.1544,-0.7948,23.8052,984.2211,0.0,0.0,0.0,969.600006103516,no_change,,0.0,0.0
SPXW,2027-01-29,161,Put,6900.0,SPXW270129P06900000,103.6,104.2,103.9,102.89,-7.91,-7.13899,2.0,25.0,0.2094,-0.1726,0.0002,13.1544,-0.8356,-6.2787,103.9995,102.89,102.89,102.89,110.799999237061,down,2026-08-21T15:31:52,0.0,0.0
SPXW,2027-01-29,161,Call,6925.0,SPXW270129C06925000,960.1,966.7,963.4000000000001,0.0,0.0,0.0,0.0,0.0,0.2071,0.8238,0.0002,13.3832,-0.8035,23.7346,962.4907,0.0,0.0,0.0,948.050018310547,no_change,,0.0,0.0
SPXW,2027-01-29,161,Put,6925.0,SPXW270129P06925000,106.3,107.0,106.65,106.44,-7.31,-6.42637,4.0,5.0,0.2076,-0.1775,0.0002,13.3832,-0.8432,-6.458,106.7849,106.44,106.44,106.44,113.75,down,2026-08-21T13:42:42,0.0,0.0
SPXW,2027-01-29,161,Call,6950.0,SPXW270129C06950000,938.5,945.0,941.75,0.0,0.0,0.0,0.0,0.0,0.2052,0.8188,0.0002,13.6126,-0.8121,23.66,940.8499,0.0,0.0,0.0,926.550018310547,no_change,,0.0,0.0
SPXW,2027-01-29,161,Put,6950.0,SPXW270129P06950000,109.2,109.9,109.55000000000001,109.81,-6.89,-5.90403,4.0,15.0,0.2058,-0.1826,0.0002,13.6126,-0.8506,-6.6413,109.6598,110.05,110.05,109.81,116.700000762939,down,2026-08-21T12:22:55,0.0,0.0
SPXW,2027-01-29,161,Call,6975.0,SPXW270129C06975000,917.0,923.4,920.2,0.0,0.0,0.0,0.0,0.0,0.2034,0.8136,0.0003,13.8431,-0.8205,23.5811,919.3016,0.0,0.0,0.0,905.100006103516,no_change,,0.0,0.0
SPXW,2027-01-29,161,Put,6975.0,SPXW270129P06975000,112.1,112.8,112.44999999999999,111.49,-8.31,-6.93656,4.0,191.0,0.2039,-0.1878,0.0003,13.8431,-0.8579,-6.829,112.6273,111.49,111.49,111.49,119.799999237061,up,2026-08-21T15:34:49,0.0,0.0
SPXW,2027-01-29,161,Call,7000.0,SPXW270129C07000000,895.6,902.0,898.8,0.0,0.0,0.0,0.0,0.0,0.2015,0.8082,0.0003,14.0759,-0.8289,23.4971,897.8492,0.0,0.0,0.0,883.800018310547,no_change,,0.0,0.0
SPXW,2027-01-29,161,Put,7000.0,SPXW270129P07000000,115.2,115.9,115.55000000000001,114.77,0.0,0.0,0.0,18.0,0.202,-0.1931,0.0003,14.0759,-0.8652,-7.0217,115.6906,0.0,0.0,0.0,123.0,no_change,2026-08-19T15:46:22,0.0,0.0
SPXW,2027-01-29,161,Call,7025.0,SPXW270129C07025000,874.5,880.6,877.55,0.0,0.0,0.0,0.0,0.0,0.1998,0.8027,0.0003,14.3118,-0.8371,23.4066,876.4968,0.0,0.0,0.0,862.600006103516,no_change,,0.0,0.0
SPXW,2027-01-29,161,Put,7025.0,SPXW270129P07025000,118.3,119.0,118.65,121.58,0.0,0.0,0.0,13.0,0.2002,-0.1986,0.0003,14.3118,-0.8722,-7.2208,118.8539,0.0,0.0,0.0,126.299999237061,up,2026-08-19T10:15:05,0.0,0.0
SPXW,2027-01-29,161,Call,7050.0,SPXW270129C07050000,853.2,859.3,856.25,0.0,0.0,0.0,0.0,0.0,0.1979,0.797,0.0003,14.551,-0.8452,23.3086,855.2493,0.0,0.0,0.0,841.549987792969,no_change,,0.0,0.0
SPXW,2027-01-29,161,Put,7050.0,SPXW270129P07050000,121.6,122.3,121.94999999999999,120.97,0.0,0.0,0.0,127.0,0.1984,-0.2043,0.0003,14.551,-0.8792,-7.4276,122.1222,0.0,0.0,0.0,129.699996948242,no_change,2026-08-19T15:46:22,0.0,0.0
SPXW,2027-01-29,161,Call,7075.0,SPXW270129C07075000,831.9,838.1,835.0,0.0,0.0,0.0,0.0,0.0,0.1961,0.7911,0.0003,14.793,-0.853,23.202,834.1125,0.0,0.0,0.0,820.549987792969,no_change,,0.0,0.0
SPXW,2027-01-29,161,Put,7075.0,SPXW270129P07075000,124.9,125.6,125.25,124.82,-8.38,-6.29129,8.0,21.0,0.1966,-0.2102,0.0003,14.793,-0.8859,-7.6428,125.5012,124.7,124.82,124.7,133.199996948242,up,2026-08-21T15:58:35,0.0,0.0
SPXW,2027-01-29,161,Call,7100.0,SPXW270129C07100000,810.9,817.1,814.0,0.0,0.0,0.0,0.0,0.0,0.1942,0.7851,0.0003,15.0364,-0.8608,23.087,813.0924,0.0,0.0,0.0,799.700012207031,no_change,,0.0,0.0
SPXW,2027-01-29,161,Put,7100.0,SPXW270129P07100000,128.4,129.1,128.75,127.71,-9.19,-6.71293,22.0,52.0,0.1947,-0.2162,0.0003,15.0364,-0.8925,-7.8666,128.9968,131.43,131.43,127.71,136.900001525879,down,2026-08-21T15:02:10,0.0,0.0
SPXW,2027-01-29,161,Call,7125.0,SPXW270129C07125000,790.2,796.2,793.2,0.0,0.0,0.0,0.0,0.0,0.1924,0.7788,0.0003,15.2797,-0.8683,22.9645,792.1948,0.0,0.0,0.0,778.900024414062,no_change,,0.0,0.0
SPXW,2027-01-29,161,Put,7125.0,SPXW270129P07125000,132.0,132.7,132.35,131.82,-8.78,-6.24466,10.0,75.0,0.1929,-0.2225,0.0003,15.2797,-0.8989,-8.0978,132.6149,134.91,134.91,131.7,140.599998474121,up,2026-08-21T15:58:35,0.0,0.0
SPXW,2027-01-29,161,Call,7150.0,SPXW270129C07150000,769.4,775.4,772.4,0.0,0.0,0.0,0.0,0.0,0.1907,0.7724,0.0003,15.5216,-0.8756,22.8357,771.4249,0.0,0.0,0.0,758.25,no_change,,0.0,0.0
SPXW,2027-01-29,161,Put,7150.0,SPXW270129P07150000,135.7,136.4,136.05,135.0,-9.5,-6.57439,24.0,92.0,0.1911,-0.2289,0.0003,15.5216,-0.9051,-8.3353,136.3608,139.3,139.33,135.0,144.5,down,2026-08-21T15:08:13,0.0,0.0
SPXW,2027-01-29,161,Call,7160.0,SPXW270129C07160000,761.2,767.1,764.1500000000001,0.0,0.0,0.0,0.0,0.0,0.19,0.7697,0.0003,15.6179,-0.8785,22.7827,763.1538,0.0,0.0,0.0,750.049987792969,no_change,,0.0,0.0
SPXW,2027-01-29,161,Put,7160.0,SPXW270129P07160000,137.3,138.0,137.65,131.02,0.0,0.0,0.0,35.0,0.1904,-0.2316,0.0003,15.6179,-0.9075,-8.4318,137.896,0.0,0.0,0.0,146.099998474121,up,2026-08-14T15:44:51,0.0,0.0
SPXW,2027-01-29,161,Call,7170.0,SPXW270129C07170000,752.9,758.8,755.8499999999999,0.0,0.0,0.0,0.0,0.0,0.1892,0.7671,0.0003,15.7138,-0.8813,22.7288,754.9041,0.0,0.0,0.0,741.850006103516,no_change,,0.0,0.0
SPXW,2027-01-29,161,Put,7170.0,SPXW270129P07170000,138.8,139.5,139.15,145.07,0.0,0.0,0.0,8.0,0.1897,-0.2342,0.0003,15.7138,-0.9099,-8.5292,139.4526,0.0,0.0,0.0,147.699996948242,no_change,2026-08-05T15:34:46,0.0,0.0
SPXW,2027-01-29,161,Call,7175.0,SPXW270129C07175000,748.8,754.7,751.75,0.0,0.0,0.0,0.0,0.0,0.1889,0.7657,0.0003,15.7617,-0.8827,22.7016,750.7875,0.0,0.0,0.0,737.800018310547,no_change,,0.0,0.0
SPXW,2027-01-29,161,Put,7175.0,SPXW270129P07175000,139.6,140.3,139.95,142.92,0.0,0.0,0.0,97.0,0.1893,-0.2356,0.0003,15.7617,-0.911,-8.5781,140.2391,0.0,0.0,0.0,148.5,down,2026-08-20T12:43:57,0.0,0.0
SPXW,2027-01-29,161,Call,7180.0,SPXW270129C07180000,744.7,750.6,747.6500000000001,0.0,0.0,0.0,0.0,2.0,0.1885,0.7644,0.0003,15.8096,-0.8841,22.6741,746.6762,0.0,0.0,0.0,733.699981689453,no_change,,0.0,0.0
SPXW,2027-01-29,161,Put,7180.0,SPXW270129P07180000,140.4,141.1,140.75,149.22,0.0,0.0,0.0,22.0,0.189,-0.237,0.0003,15.8096,-0.9122,-8.6274,141.031,0.0,0.0,0.0,149.300003051758,up,2026-08-06T11:47:55,0.0,0.0
SPXW,2027-01-29,161,Call,7190.0,SPXW270129C07190000,736.5,742.3,739.4,0.0,0.0,0.0,0.0,0.0,0.1878,0.7616,0.0003,15.9052,-0.8869,22.6185,738.4704,0.0,0.0,0.0,725.549987792969,no_change,,0.0,0.0
SPXW,2027-01-29,161,Put,7190.0,SPXW270129P07190000,142.0,142.7,142.35,148.51,0.0,0.0,0.0,29.0,0.1882,-0.2397,0.0003,15.9052,-0.9145,-8.7264,142.6315,0.0,0.0,0.0,151.0,up,2026-08-18T13:30:30,0.0,0.0
SPXW,2027-01-29,161,Call,7200.0,SPXW270129C07200000,728.3,734.1,731.2,764.26,0.0,0.0,0.0,11.0,0.1871,0.7589,0.0003,16.0007,-0.8896,22.5619,730.287,0.0,0.0,0.0,717.399993896484,up,2026-08-18T11:03:20,0.0,0.0
SPXW,2027-01-29,161,Put,7200.0,SPXW270129P07200000,143.6,144.3,143.95,148.0,-4.65,-3.04619,1.0,333.0,0.1875,-0.2424,0.0003,16.0007,-0.9168,-8.8265,144.2544,148.0,148.0,148.0,152.650001525879,up,2026-08-21T09:57:18,0.0,0.0
SPXW,2027-01-29,161,Call,7210.0,SPXW270129C07210000,720.0,726.0,723.0,0.0,0.0,0.0,0.0,0.0,0.1863,0.756,0.0003,16.0962,-0.8923,22.5042,722.1264,0.0,0.0,0.0,709.300018310547,no_change,,0.0,0.0
SPXW,2027-01-29,161,Put,7210.0,SPXW270129P07210000,145.2,145.9,145.55,138.43,0.0,0.0,0.0,12.0,0.1868,-0.2452,0.0003,16.0962,-0.919,-8.9277,145.9001,0.0,0.0,0.0,154.349998474121,down,2026-08-13T14:56:00,0.0,0.0
SPXW,2027-01-29,161,Call,7220.0,SPXW270129C07220000,711.8,717.8,714.8,810.6,0.0,0.0,0.0,1.0,0.1856,0.7532,0.0003,16.1918,-0.8949,22.4453,713.9889,0.0,0.0,0.0,701.25,down,2026-08-17T12:29:41,0.0,0.0
SPXW,2027-01-29,161,Put,7220.0,SPXW270129P07220000,146.9,147.6,147.25,146.01,-10.09,-6.4638,4.0,7.0,0.1861,-0.2481,0.0003,16.1918,-0.9212,-9.0302,147.5689,146.01,146.01,146.01,156.099998474121,up,2026-08-21T15:31:52,0.0,0.0
SPXW,2027-01-29,161,Call,7225.0,SPXW270129C07225000,707.8,713.8,710.8,0.0,0.0,0.0,0.0,0.0,0.1853,0.7518,0.0003,16.2397,-0.8962,22.4153,709.9289,0.0,0.0,0.0,697.199981689453,no_change,,0.0,0.0
SPXW,2027-01-29,161,Put,7225.0,SPXW270129P07225000,147.7,148.4,148.05,146.8,-10.15,-6.46703,29.0,10.0,0.1858,-0.2495,0.0003,16.2397,-0.9223,-9.0819,148.4121,146.8,146.8,146.8,156.950004577637,no_change,2026-08-21T11:56:55,0.0,0.0
SPXW,2027-01-29,161,Call,7230.0,SPXW270129C07230000,703.7,709.7,706.7,0.0,0.0,0.0,0.0,0.0,0.185,0.7503,0.0003,16.2876,-0.8975,22.3849,705.8749,0.0,0.0,0.0,693.199981689453,no_change,,0.0,0.0
SPXW,2027-01-29,161,Put,7230.0,SPXW270129P07230000,148.6,149.3,148.95,147.57,-10.23,-6.48289,1.0,0.0,0.1854,-0.251,0.0003,16.2876,-0.9233,-9.134,149.2612,147.57,147.57,147.57,157.800003051758,down,2026-08-21T15:39:27,0.0,0.0
SPXW,2027-01-29,161,Call,7240.0,SPXW270129C07240000,695.6,701.6,698.6,0.0,0.0,0.0,0.0,0.0,0.1842,0.7474,0.0003,16.3835,-0.9,22.3231,697.785,0.0,0.0,0.0,685.149993896484,no_change,,0.0,0.0
SPXW,2027-01-29,161,Put,7240.0,SPXW270129P07240000,150.3,151.0,150.65,149.22,-10.38,-6.50376,315.0,129.0,0.1846,-0.2539,0.0003,16.3835,-0.9254,-9.2393,150.9776,150.6,150.8,149.22,159.599998474121,down,2026-08-21T15:39:27,0.0,0.0
SPXW,2027-01-29,161,Call,7250.0,SPXW270129C07250000,687.6,693.5,690.55,722.81,0.0,0.0,0.0,10.0,0.1835,0.7445,0.0003,16.4796,-0.9026,22.2596,689.7197,0.0,0.0,0.0,677.149993896484,down,2026-08-18T11:28:08,0.0,0.0
SPXW,2027-01-29,161,Put,7250.0,SPXW270129P07250000,152.0,152.7,152.35,151.1,-10.3,-6.38166,13.0,75.0,0.184,-0.2568,0.0003,16.4796,-0.9275,-9.3463,152.7186,151.1,151.1,151.1,161.400001525879,down,2026-08-21T11:48:56,0.0,0.0
SPXW,2027-01-29,161,Call,7260.0,SPXW270129C07260000,679.5,685.4,682.45,0.0,0.0,0.0,0.0,0.0,0.1828,0.7415,0.0004,16.5758,-0.905,22.1943,681.6795,0.0,0.0,0.0,669.149993896484,no_change,,0.0,0.0
SPXW,2027-01-29,161,Put,7260.0,SPXW270129P07260000,153.8,154.5,154.15,147.44,0.0,0.0,0.0,158.0,0.1833,-0.2598,0.0004,16.5758,-0.9295,-9.455,154.4847,0.0,0.0,0.0,163.25,down,2026-08-14T12:15:07,0.0,0.0
SPXW,2027-01-29,161,Call,7270.0,SPXW270129C07270000,671.5,677.4,674.45,0.0,0.0,0.0,0.0,0.0,0.1821,0.7385,0.0004,16.6722,-0.9074,22.1272,673.6649,0.0,0.0,0.0,661.25,no_change,,0.0,0.0
SPXW,2027-01-29,161,Put,7270.0,SPXW270129P07270000,155.6,156.3,155.95,159.47,0.0,0.0,0.0,44.0,0.1826,-0.2628,0.0004,16.6722,-0.9314,-9.5656,156.2764,0.0,0.0,0.0,165.099998474121,down,2026-08-19T09:50:12,0.0,0.0
SPXW,2027-01-29,161,Call,7275.0,SPXW270129C07275000,667.5,673.4,670.45,668.73,11.48,1.74667,2.0,2.0,0.1818,0.737,0.0004,16.7203,-0.9086,22.093,669.6674,668.75,668.75,668.73,657.25,down,2026-08-21T14:28:41,0.0,0.0
SPXW,2027-01-29,161,Put,7275.0,SPXW270129P07275000,156.5,157.2,156.85,157.5,-8.5,-5.12048,2.0,26.0,0.1822,-0.2643,0.0004,16.7203,-0.9324,-9.6216,157.1821,157.49,157.5,157.49,166.0,up,2026-08-21T14:28:41,0.0,0.0
SPXW,2027-01-29,161,Call,7280.0,SPXW270129C07280000,663.5,669.4,666.45,0.0,0.0,0.0,0.0,0.0,0.1814,0.7354,0.0004,16.7685,-0.9098,22.0583,665.6766,0.0,0.0,0.0,653.299987792969,no_change,,0.0,0.0
SPXW,2027-01-29,161,Put,7280.0,SPXW270129P07280000,157.4,158.1,157.75,156.77,0.0,0.0,0.0,64.0,0.1819,-0.2659,0.0004,16.7685,-0.9333,-9.678,158.0944,0.0,0.0,0.0,166.950004577637,up,2026-08-19T14:17:23,0.0,0.0
SPXW,2027-01-29,161,Call,7290.0,SPXW270129C07290000,655.7,661.4,658.55,0.0,0.0,0.0,0.0,0.0,0.1807,0.7323,0.0004,16.8647,-0.9121,21.9875,657.715,0.0,0.0,0.0,645.399993896484,no_change,,0.0,0.0
SPXW,2027-01-29,161,Put,7290.0,SPXW270129P07290000,159.2,159.9,159.55,151.7,0.0,0.0,0.0,43.0,0.1812,-0.269,0.0004,16.8647,-0.9352,-9.7923,159.9391,0.0,0.0,0.0,168.849998474121,down,2026-08-13T15:51:27,0.0,0.0
SPXW,2027-01-29,161,Call,7300.0,SPXW270129C07300000,647.6,653.5,650.55,715.5,0.0,0.0,0.0,1.0,0.18,0.7292,0.0004,16.9606,-0.9144,21.915,649.7808,0.0,0.0,0.0,637.5,up,2026-08-11T15:21:57,0.0,0.0
SPXW,2027-01-29,161,Put,7300.0,SPXW270129P07300000,161.1,161.8,161.45,160.23,0.0,0.0,0.0,39.0,0.1804,-0.2721,0.0004,16.9606,-0.937,-9.9083,161.8112,0.0,0.0,0.0,170.800003051758,up,2026-08-17T15:35:40,0.0,0.0
SPXW,2027-01-29,161,Call,7310.0,SPXW270129C07310000,639.7,645.5,642.6,0.0,0.0,0.0,0.0,167.0,0.1794,0.726,0.0004,17.056,-0.9166,21.8408,641.8746,0.0,0.0,0.0,629.700012207031,no_change,,0.0,0.0
SPXW,2027-01-29,161,Put,7310.0,SPXW270129P07310000,163.0,163.7,163.35,159.93,0.0,0.0,0.0,3.0,0.1797,-0.2752,0.0004,17.056,-0.9387,-10.026,163.7113,0.0,0.0,0.0,172.75,up,2026-08-17T14:24:44,0.0,0.0
SPXW,2027-01-29,161,Call,7320.0,SPXW270129C07320000,631.8,637.7,634.75,0.0,0.0,0.0,0.0,0.0,0.1786,0.7228,0.0004,17.1509,-0.9187,21.7652,633.9968,0.0,0.0,0.0,621.849975585938,no_change,,0.0,0.0
SPXW,2027-01-29,161,Put,7320.0,SPXW270129P07320000,164.9,165.6,165.25,163.83,0.0,0.0,0.0,1.0,0.179,-0.2785,0.0004,17.1509,-0.9404,-10.1451,165.6398,0.0,0.0,0.0,174.75,up,2026-08-17T15:35:40,0.0,0.0
SPXW,2027-01-29,161,Call,7325.0,SPXW270129C07325000,627.9,633.7,630.8,0.0,0.0,0.0,0.0,0.0,0.1783,0.7212,0.0004,17.1981,-0.9198,21.7268,630.0687,0.0,0.0,0.0,617.950012207031,no_change,,0.0,0.0
SPXW,2027-01-29,161,Put,7325.0,SPXW270129P07325000,165.9,166.6,166.25,176.61,0.0,0.0,0.0,3.0,0.1787,-0.2801,0.0004,17.1981,-0.9412,-10.2052,166.6149,0.0,0.0,0.0,175.75,down,2026-08-06T09:40:21,0.0,0.0
SPXW,2027-01-29,161,Call,7330.0,SPXW270129C07330000,624.0,629.8,626.9,0.0,0.0,0.0,0.0,0.0,0.1779,0.7196,0.0004,17.2451,-0.9208,21.6881,626.1479,0.0,0.0,0.0,614.049987792969,no_change,,0.0,0.0
SPXW,2027-01-29,161,Put,7330.0,SPXW270129P07330000,166.8,167.6,167.2,165.92,-10.83,-6.1273,1.0,1.0,0.1784,-0.2817,0.0004,17.2451,-0.9421,-10.2656,167.5972,165.92,165.92,165.92,176.75,down,2026-08-21T15:40:53,0.0,0.0
SPXW,2027-01-29,161,Call,7340.0,SPXW270129C07340000,616.2,621.9,619.05,0.0,0.0,0.0,0.0,0.0,0.1772,0.7163,0.0004,17.3384,-0.9228,21.6099,618.3284,0.0,0.0,0.0,606.299987792969,no_change,,0.0,0.0
SPXW,2027-01-29,161,Put,7340.0,SPXW270129P07340000,168.8,169.5,169.15,167.82,-10.98,-6.14094,1.0,2.0,0.1777,-0.285,0.0004,17.3384,-0.9436,-10.3874,169.584,167.82,167.82,167.82,178.800003051758,down,2026-08-21T15:40:53,0.0,0.0
SPXW,2027-01-29,161,Call,7350.0,SPXW270129C07350000,608.5,614.1,611.3,701.3,0.0,0.0,0.0,1.0,0.1765,0.713,0.0004,17.4309,-0.9248,21.5306,610.5387,0.0,0.0,0.0,598.549987792969,down,2026-08-17T11:41:54,0.0,0.0
SPXW,2027-01-29,161,Put,7350.0,SPXW270129P07350000,170.8,171.6,171.2,171.46,-9.44,-5.21835,3.0,14.0,0.177,-0.2883,0.0004,17.4309,-0.9452,-10.5102,171.6006,173.9,173.9,168.1,180.900001525879,up,2026-08-21T13:22:49,0.0,0.0
SPXW,2027-01-29,161,Call,7360.0,SPXW270129C07360000,600.8,606.3,603.55,0.0,0.0,0.0,0.0,0.0,0.1759,0.7096,0.0004,17.5224,-0.9267,21.4503,602.7792,0.0,0.0,0.0,590.849975585938,no_change,,0.0,0.0
SPXW,2027-01-29,161,Put,7360.0,SPXW270129P07360000,172.9,173.6,173.25,171.89,-11.11,-6.07104,40.0,0.0,0.1763,-0.2917,0.0004,17.5224,-0.9466,-10.6339,173.6474,173.99,173.99,171.89,183.0,down,2026-08-21T15:02:10,0.0,0.0
SPXW,2027-01-29,161,Call,7370.0,SPXW270129C07370000,593.0,598.6,595.8,0.0,0.0,0.0,0.0,0.0,0.1752,0.7062,0.0004,17.613,-0.9285,21.369,595.0503,0.0,0.0,0.0,583.200012207031,no_change,,0.0,0.0
SPXW,2027-01-29,161,Put,7370.0,SPXW270129P07370000,174.9,175.7,175.3,0.0,0.0,0.0,0.0,0.0,0.1756,-0.2951,0.0004,17.613,-0.948,-10.7586,175.7248,0.0,0.0,0.0,185.099998474121,no_change,,0.0,0.0
SPXW,2027-01-29,161,Call,7375.0,SPXW270129C07375000,589.1,594.7,591.9000000000001,681.49,0.0,0.0,0.0,1.0,0.1749,0.7045,0.0004,17.658,-0.9294,21.3281,591.1975,0.0,0.0,0.0,579.399993896484,up,2026-08-07T11:10:17,0.0,0.0
SPXW,2027-01-29,161,Put,7375.0,SPXW270129P07375000,176.0,176.7,176.35,175.0,-11.2,-6.01504,48.0,20.0,0.1753,-0.2968,0.0004,17.658,-0.9487,-10.8214,176.7751,180.1,180.1,175.0,186.199996948242,down,2026-08-21T15:08:13,0.0,0.0
SPXW,2027-01-29,161,Call,7380.0,SPXW270129C07380000,585.3,590.9,588.0999999999999,0.0,0.0,0.0,0.0,0.0,0.1745,0.7028,0.0004,17.7028,-0.9303,21.2868,587.3524,0.0,0.0,0.0,575.549987792969,no_change,,0.0,0.0
SPXW,2027-01-29,161,Put,7380.0,SPXW270129P07380000,177.0,177.8,177.4,180.54,-6.76,-3.60918,4.0,20.0,0.1749,-0.2985,0.0004,17.7028,-0.9493,-10.8843,177.8332,180.54,180.54,180.54,187.300003051758,up,2026-08-21T10:45:20,0.0,0.0
SPXW,2027-01-29,161,Call,7390.0,SPXW270129C07390000,577.7,583.2,580.45,0.0,0.0,0.0,0.0,0.0,0.1741,0.6993,0.0004,17.7918,-0.932,21.2035,579.6859,0.0,0.0,0.0,568.049987792969,no_change,,0.0,0.0
SPXW,2027-01-29,161,Put,7390.0,SPXW270129P07390000,179.2,179.9,179.55,179.72,-9.78,-5.16095,2.0,20.0,0.1743,-0.302,0.0004,17.7918,-0.9506,-11.0111,179.973,180.1,180.1,179.72,189.5,down,2026-08-21T12:22:55,0.0,0.0
SPXW,2027-01-29,161,Call,7400.0,SPXW270129C07400000,570.0,575.5,572.75,616.15,0.0,0.0,0.0,10.0,0.1734,0.6958,0.0004,17.8801,-0.9337,21.119,572.0512,0.0,0.0,0.0,560.25,down,2026-08-19T10:09:03,0.0,0.0
SPXW,2027-01-29,161,Put,7400.0,SPXW270129P07400000,181.3,182.0,181.65,181.63,-10.07,-5.253,2.0,133.0,0.1735,-0.3055,0.0004,17.8801,-0.9518,-11.1391,182.1446,181.63,181.63,181.63,191.699996948242,down,2026-08-21T13:42:42,0.0,0.0
SPXW,2027-01-29,161,Call,7410.0,SPXW270129C07410000,564.5,565.3,564.9,0.0,0.0,0.0,0.0,0.0,0.1728,0.6922,0.0004,17.9677,-0.9353,21.033,564.449,0.0,0.0,0.0,552.75,no_change,,0.0,0.0
SPXW,2027-01-29,161,Put,7410.0,SPXW270129P07410000,183.5,184.2,183.85,182.53,-11.42,-5.88812,2.0,21.0,0.1728,-0.3091,0.0004,17.9677,-0.9529,-11.2686,184.3487,182.53,182.53,182.53,193.950004577637,down,2026-08-21T15:34:49,0.0,0.0
SPXW,2027-01-29,161,Call,7420.0,SPXW270129C07420000,556.8,557.7,557.25,0.0,0.0,0.0,0.0,4.0,0.1721,0.6886,0.0004,18.0547,-0.9368,20.9454,556.8797,0.0,0.0,0.0,545.25,no_change,,0.0,0.0
SPXW,2027-01-29,161,Put,7420.0,SPXW270129P07420000,185.7,186.5,186.1,188.0,0.0,0.0,0.0,4.0,0.1722,-0.3127,0.0004,18.0547,-0.954,-11.3997,186.5857,0.0,0.0,0.0,196.25,up,2026-08-11T12:18:40,0.0,0.0
SPXW,2027-01-29,161,Call,7425.0,SPXW270129C07425000,553.1,553.9,553.5,597.83,0.0,0.0,0.0,1.0,0.1717,0.6868,0.0004,18.0981,-0.9375,20.9009,553.1076,0.0,0.0,0.0,541.649993896484,up,2026-08-19T10:09:49,0.0,0.0
SPXW,2027-01-29,161,Put,7425.0,SPXW270129P07425000,186.9,187.6,187.25,192.55,0.0,0.0,0.0,368.0,0.1718,-0.3146,0.0004,18.0981,-0.9545,-11.4659,187.7167,0.0,0.0,0.0,197.450004577637,up,2026-08-20T11:37:16,0.0,0.0
SPXW,2027-01-29,161,Call,7430.0,SPXW270129C07430000,549.4,550.2,549.8,631.72,0.0,0.0,0.0,11.0,0.1714,0.6849,0.0004,18.1413,-0.9382,20.8559,549.3439,0.0,0.0,0.0,537.75,down,2026-08-07T12:42:59,0.0,0.0
SPXW,2027-01-29,161,Put,7430.0,SPXW270129P07430000,188.0,188.7,188.35,183.56,0.0,0.0,0.0,13.0,0.1715,-0.3164,0.0004,18.1413,-0.955,-11.5327,188.8563,0.0,0.0,0.0,198.599998474121,down,2026-08-19T14:42:05,0.0,0.0
SPXW,2027-01-29,161,Call,7440.0,SPXW270129C07440000,541.8,542.7,542.25,0.0,0.0,0.0,0.0,200.0,0.1707,0.6812,0.0004,18.2272,-0.9396,20.7643,541.8425,0.0,0.0,0.0,530.25,no_change,,0.0,0.0
SPXW,2027-01-29,161,Put,7440.0,SPXW270129P07440000,190.3,191.0,190.65,194.56,0.0,0.0,0.0,15.0,0.1709,-0.3201,0.0004,18.2272,-0.9559,-11.6677,191.1611,0.0,0.0,0.0,200.950004577637,up,2026-08-05T15:34:04,0.0,0.0
SPXW,2027-01-29,161,Call,7450.0,SPXW270129C07450000,534.4,535.2,534.8,0.0,0.0,0.0,0.0,0.0,0.1701,0.6775,0.0004,18.3126,-0.9409,20.6705,534.3762,0.0,0.0,0.0,523.049987792969,no_change,,0.0,0.0
SPXW,2027-01-29,161,Put,7450.0,SPXW270129P07450000,192.6,193.4,193.0,190.28,0.0,0.0,0.0,88.0,0.1702,-0.3238,0.0004,18.3126,-0.9567,-11.805,193.5011,0.0,0.0,0.0,203.349998474121,up,2026-08-17T15:56:30,0.0,0.0
SPXW,2027-01-29,161,Call,7460.0,SPXW270129C07460000,526.9,527.8,527.3499999999999,0.0,0.0,0.0,0.0,0.0,0.1694,0.6737,0.0004,18.3974,-0.9421,20.5745,526.9456,0.0,0.0,0.0,515.649993896484,no_change,,0.0,0.0
SPXW,2027-01-29,161,Put,7460.0,SPXW270129P07460000,195.0,195.7,195.35,0.0,0.0,0.0,0.0,0.0,0.1695,-0.3276,0.0004,18.3974,-0.9575,-11.9446,195.8768,0.0,0.0,0.0,205.800003051758,no_change,,0.0,0.0
SPXW,2027-01-29,161,Call,7470.0,SPXW270129C07470000,519.5,520.4,519.95,575.5,0.0,0.0,0.0,7.0,0.1687,0.6699,0.0004,18.4813,-0.9432,20.4761,519.5516,0.0,0.0,0.0,508.349990844727,no_change,2026-08-06T14:44:03,0.0,0.0
SPXW,2027-01-29,161,Put,7470.0,SPXW270129P07470000,197.4,198.1,197.75,186.35,0.0,0.0,0.0,28.0,0.1688,-0.3314,0.0004,18.4813,-0.9582,-12.0864,198.2892,0.0,0.0,0.0,208.25,down,2026-08-13T14:07:01,0.0,0.0
SPXW,2027-01-29,161,Call,7475.0,SPXW270129C07475000,515.8,516.7,516.25,0.0,0.0,0.0,0.0,0.0,0.1684,0.668,0.0004,18.5229,-0.9438,20.4261,515.8686,0.0,0.0,0.0,504.699996948242,no_change,,0.0,0.0
SPXW,2027-01-29,161,Put,7475.0,SPXW270129P07475000,198.6,199.4,199.0,193.94,0.0,0.0,0.0,12.0,0.1685,-0.3334,0.0004,18.5229,-0.9585,-12.1582,199.5093,0.0,0.0,0.0,209.549995422363,down,2026-08-19T14:57:54,0.0,0.0
SPXW,2027-01-29,161,Call,7480.0,SPXW270129C07480000,512.2,513.0,512.6,603.35,0.0,0.0,0.0,2.0,0.1681,0.666,0.0004,18.5642,-0.9443,20.3756,512.1951,0.0,0.0,0.0,501.050003051758,up,2026-08-17T12:29:41,0.0,0.0
SPXW,2027-01-29,161,Put,7480.0,SPXW270129P07480000,199.8,200.6,200.2,196.6,0.0,0.0,0.0,19.0,0.1682,-0.3353,0.0004,18.5642,-0.9588,-12.2304,200.7389,0.0,0.0,0.0,210.800003051758,up,2026-08-17T16:02:45,0.0,0.0
SPXW,2027-01-29,161,Call,7490.0,SPXW270129C07490000,504.8,505.7,505.25,595.75,0.0,0.0,0.0,1.0,0.1674,0.6621,0.0004,18.646,-0.9453,20.273,504.8766,0.0,0.0,0.0,493.650009155273,down,2026-08-17T12:29:41,0.0,0.0
SPXW,2027-01-29,161,Put,7490.0,SPXW270129P07490000,202.3,203.1,202.7,188.91,0.0,0.0,0.0,30.0,0.1675,-0.3392,0.0004,18.646,-0.9593,-12.3765,203.2267,0.0,0.0,0.0,213.349998474121,up,2026-08-13T14:56:00,0.0,0.0
SPXW,2027-01-29,161,Call,7500.0,SPXW270129C07500000,497.4,498.4,497.9,499.9,13.45,2.76493,24.0,3.0,0.1668,0.6582,0.0004,18.7264,-0.9462,20.1688,497.597,497.76,499.9,497.76,486.449996948242,up,2026-08-21T14:53:40,0.0,0.0
SPXW,2027-01-29,161,Put,7500.0,SPXW270129P07500000,204.8,205.6,205.2,204.76,-11.19,-5.18176,24.0,386.0,0.1669,-0.3432,0.0004,18.7264,-0.9597,-12.5242,205.7534,205.8,205.8,204.76,215.950004577637,down,2026-08-21T14:53:40,0.0,0.0
SPXW,2027-01-29,161,Call,7510.0,SPXW270129C07510000,490.3,491.1,490.70000000000005,0.0,0.0,0.0,0.0,0.0,0.1661,0.6542,0.0004,18.8054,-0.947,20.0629,490.3568,0.0,0.0,0.0,479.25,no_change,,0.0,0.0
SPXW,2027-01-29,161,Put,7510.0,SPXW270129P07510000,207.4,208.1,207.75,0.0,0.0,0.0,0.0,0.0,0.1662,-0.3472,0.0004,18.8054,-0.96,-12.6736,208.3195,0.0,0.0,0.0,218.549995422363,no_change,,0.0,0.0
SPXW,2027-01-29,161,Call,7520.0,SPXW270129C07520000,483.1,483.9,483.5,0.0,0.0,0.0,0.0,5.0,0.1654,0.6501,0.0004,18.8827,-0.9476,19.9558,483.1566,0.0,0.0,0.0,472.300003051758,no_change,,0.0,0.0
SPXW,2027-01-29,161,Put,7520.0,SPXW270129P07520000,210.0,210.7,210.35,198.4,0.0,0.0,0.0,10.0,0.1655,-0.3512,0.0004,18.8827,-0.9603,-12.8242,210.9256,0.0,0.0,0.0,221.25,down,2026-08-14T11:23:52,0.0,0.0
SPXW,2027-01-29,161,Call,7525.0,SPXW270129C07525000,479.5,480.3,479.9,574.26,0.0,0.0,0.0,2.0,0.1651,0.6481,0.0004,18.9207,-0.948,19.9018,479.5717,0.0,0.0,0.0,468.75,down,2026-08-14T14:36:26,0.0,0.0
SPXW,2027-01-29,161,Put,7525.0,SPXW270129P07525000,211.3,212.1,211.7,196.6,0.0,0.0,0.0,13.0,0.1652,-0.3532,0.0004,18.9207,-0.9604,-12.8999,212.2439,0.0,0.0,0.0,222.549995422363,down,2026-08-17T09:30:29,0.0,0.0
SPXW,2027-01-29,161,Call,7530.0,SPXW270129C07530000,475.9,476.8,476.35,587.0,0.0,0.0,0.0,3.0,0.1648,0.646,0.0004,18.9583,-0.9483,19.8476,475.997,0.0,0.0,0.0,465.199996948242,up,2026-08-13T10:55:27,0.0,0.0
SPXW,2027-01-29,161,Put,7530.0,SPXW270129P07530000,212.6,213.4,213.0,218.0,0.0,0.0,0.0,2.0,0.1649,-0.3553,0.0004,18.9583,-0.9604,-12.9758,213.5723,0.0,0.0,0.0,223.950004577637,down,2026-08-04T14:57:42,0.0,0.0
SPXW,2027-01-29,161,Call,7540.0,SPXW270129C07540000,468.8,469.6,469.20000000000005,0.0,0.0,0.0,0.0,0.0,0.1642,0.6419,0.0004,19.0322,-0.9488,19.7386,468.8784,0.0,0.0,0.0,458.0,no_change,,0.0,0.0
SPXW,2027-01-29,161,Put,7540.0,SPXW270129P07540000,215.3,216.1,215.7,214.03,-12.62,-5.56806,2.0,5.0,0.1643,-0.3594,0.0004,19.0322,-0.9605,-13.1284,216.26,214.03,214.03,214.03,226.650001525879,up,2026-08-21T15:31:52,0.0,0.0
SPXW,2027-01-29,161,Call,7550.0,SPXW270129C07550000,461.7,462.5,462.1,470.34,0.0,0.0,0.0,2.0,0.1635,0.6377,0.0004,19.1043,-0.9492,19.6285,461.8012,0.0,0.0,0.0,451.100006103516,down,2026-08-20T12:21:33,0.0,0.0
SPXW,2027-01-29,161,Put,7550.0,SPXW270129P07550000,218.0,218.8,218.4,218.6,-10.85,-4.7287,10.0,176.0,0.1636,-0.3636,0.0004,19.1043,-0.9605,-13.2819,218.9891,217.87,218.6,217.87,229.450004577637,up,2026-08-21T13:55:48,0.0,0.0
SPXW,2027-01-29,161,Call,7560.0,SPXW270129C07560000,454.7,455.5,455.1,441.2,0.0,0.0,0.0,21.0,0.1629,0.6335,0.0004,19.1746,-0.9496,19.5175,454.7661,0.0,0.0,0.0,444.199996948242,up,2026-08-03T15:16:58,0.0,0.0
SPXW,2027-01-29,161,Put,7560.0,SPXW270129P07560000,220.8,221.6,221.2,220.97,0.0,0.0,0.0,22.0,0.163,-0.3678,0.0004,19.1746,-0.9604,-13.4364,221.7603,0.0,0.0,0.0,232.349998474121,up,2026-08-11T09:46:34,0.0,0.0
SPXW,2027-01-29,161,Call,7570.0,SPXW270129C07570000,447.7,448.5,448.1,0.0,0.0,0.0,0.0,0.0,0.1622,0.6292,0.0005,19.2433,-0.9498,19.4052,447.7734,0.0,0.0,0.0,437.25,no_change,,0.0,0.0
SPXW,2027-01-29,161,Put,7570.0,SPXW270129P07570000,223.6,224.4,224.0,207.94,0.0,0.0,0.0,37.0,0.1624,-0.3721,0.0005,19.2433,-0.9602,-13.5921,224.574,0.0,0.0,0.0,235.25,up,2026-08-14T15:31:10,0.0,0.0
SPXW,2027-01-29,161,Call,7575.0,SPXW270129C07575000,444.2,445.0,444.6,0.0,0.0,0.0,0.0,0.0,0.1619,0.6271,0.0005,19.2771,-0.9499,19.3486,444.2933,0.0,0.0,0.0,433.650009155273,no_change,,0.0,0.0
SPXW,2027-01-29,161,Put,7575.0,SPXW270129P07575000,225.0,225.8,225.4,229.4,0.0,0.0,0.0,26.0,0.162,-0.3742,0.0005,19.2771,-0.96,-13.6706,225.9969,0.0,0.0,0.0,236.650001525879,up,2026-08-18T13:01:59,0.0,0.0
SPXW,2027-01-29,161,Call,7580.0,SPXW270129C07580000,440.7,441.6,441.15,0.0,0.0,0.0,0.0,0.0,0.1616,0.6249,0.0005,19.3104,-0.9499,19.2915,440.824,0.0,0.0,0.0,430.399993896484,no_change,,0.0,0.0
SPXW,2027-01-29,161,Put,7580.0,SPXW270129P07580000,226.4,227.2,226.8,230.67,0.0,0.0,0.0,21.0,0.1617,-0.3764,0.0005,19.3104,-0.9598,-13.7494,227.4308,0.0,0.0,0.0,238.150001525879,down,2026-08-18T15:19:49,0.0,0.0
SPXW,2027-01-29,161,Call,7590.0,SPXW270129C07590000,433.8,434.6,434.20000000000005,488.1,0.0,0.0,0.0,12.0,0.161,0.6206,0.0005,19.3759,-0.95,19.1759,433.9184,0.0,0.0,0.0,423.5,down,2026-08-06T14:43:30,0.0,0.0
SPXW,2027-01-29,161,Put,7590.0,SPXW270129P07590000,229.3,230.1,229.7,257.95,0.0,0.0,0.0,9.0,0.161,-0.3807,0.0005,19.3759,-0.9594,-13.9084,230.3315,0.0,0.0,0.0,241.150001525879,down,2026-08-04T09:59:58,0.0,0.0
SPXW,2027-01-29,161,Call,7600.0,SPXW270129C07600000,426.9,427.8,427.35,458.59,0.0,0.0,0.0,145.0,0.1604,0.6162,0.0005,19.4398,-0.9499,19.0582,427.0575,0.0,0.0,0.0,416.849990844727,down,2026-08-18T11:28:08,0.0,0.0
SPXW,2027-01-29,161,Put,7600.0,SPXW270129P07600000,232.3,233.1,232.7,232.9,-11.25,-4.60782,10.0,352.0,0.1605,-0.3851,0.0005,19.4398,-0.9589,-14.0697,233.277,231.46,232.9,231.46,244.150001525879,up,2026-08-21T13:55:48,0.0,0.0
SPXW,2027-01-29,161,Call,7610.0,SPXW270129C07610000,420.1,421.0,420.55,0.0,0.0,0.0,0.0,0.0,0.1598,0.6117,0.0005,19.5021,-0.9498,18.938,420.2423,0.0,0.0,0.0,409.949996948242,no_change,,0.0,0.0
SPXW,2027-01-29,161,Put,7610.0,SPXW270129P07610000,235.3,236.0,235.65,0.0,0.0,0.0,0.0,0.0,0.1599,-0.3896,0.0005,19.5021,-0.9583,-14.2333,236.268,0.0,0.0,0.0,247.150001525879,no_change,,0.0,0.0
SPXW,2027-01-29,161,Call,7620.0,SPXW270129C07620000,413.4,414.2,413.79999999999995,0.0,0.0,0.0,0.0,0.0,0.1592,0.6072,0.0005,19.5628,-0.9495,18.8154,413.4735,0.0,0.0,0.0,403.349990844727,no_change,,0.0,0.0
SPXW,2027-01-29,161,Put,7620.0,SPXW270129P07620000,238.3,239.1,238.7,236.87,-13.48,-5.38446,20.0,0.0,0.1592,-0.394,0.0005,19.5628,-0.9576,-14.3994,239.3055,239.72,239.72,236.87,250.349998474121,down,2026-08-21T15:02:10,0.0,0.0
SPXW,2027-01-29,161,Call,7625.0,SPXW270129C07625000,410.0,410.8,410.4,486.51,0.0,0.0,0.0,6.0,0.1589,0.605,0.0005,19.5925,-0.9493,18.7531,410.1069,0.0,0.0,0.0,400.0,no_change,2026-08-05T15:40:34,0.0,0.0
SPXW,2027-01-29,161,Put,7625.0,SPXW270129P07625000,239.8,240.6,240.2,238.4,-13.45,-5.34048,24.0,27.0,0.159,-0.3963,0.0005,19.5925,-0.9572,-14.4835,240.8421,244.6,244.66,238.4,251.849998474121,down,2026-08-21T15:08:13,0.0,0.0
SPXW,2027-01-29,161,Call,7630.0,SPXW270129C07630000,406.6,407.5,407.05,443.22,0.0,0.0,0.0,1.0,0.1585,0.6027,0.0005,19.6217,-0.9491,18.6901,406.7523,0.0,0.0,0.0,396.649993896484,up,2026-08-19T13:20:21,0.0,0.0
SPXW,2027-01-29,161,Put,7630.0,SPXW270129P07630000,241.4,242.2,241.8,245.62,-7.83,-3.08937,2.0,0.0,0.1586,-0.3986,0.0005,19.6217,-0.9568,-14.5682,242.3906,245.62,245.62,245.62,253.450004577637,down,2026-08-21T10:45:20,0.0,0.0
SPXW,2027-01-29,161,Call,7640.0,SPXW270129C07640000,399.8,400.8,400.3,481.4,0.0,0.0,0.0,6.0,0.1579,0.5982,0.0005,19.6786,-0.9486,18.5624,400.0795,0.0,0.0,0.0,390.050003051758,up,2026-08-07T15:42:27,0.0,0.0
SPXW,2027-01-29,161,Put,7640.0,SPXW270129P07640000,244.5,245.3,244.9,241.8,-14.9,-5.80444,9.0,10.0,0.158,-0.4032,0.0005,19.6786,-0.9558,-14.7394,245.5241,241.8,241.8,241.8,256.699996948242,down,2026-08-21T11:57:57,0.0,0.0
SPXW,2027-01-29,161,Call,7650.0,SPXW270129C07650000,393.3,394.2,393.75,495.22,0.0,0.0,0.0,8.0,0.1573,0.5935,0.0005,19.7335,-0.948,18.4324,393.4562,0.0,0.0,0.0,383.600006103516,up,2026-08-13T13:38:30,0.0,0.0
SPXW,2027-01-29,161,Put,7650.0,SPXW270129P07650000,247.7,248.5,248.1,261.09,0.0,0.0,0.0,27.0,0.1574,-0.4078,0.0005,19.7335,-0.9548,-14.9129,248.7071,0.0,0.0,0.0,259.949996948242,up,2026-08-20T15:45:34,0.0,0.0
SPXW,2027-01-29,161,Call,7660.0,SPXW270129C07660000,386.8,387.6,387.20000000000005,419.1,0.0,0.0,0.0,7.0,0.1568,0.5889,0.0005,19.7861,-0.9473,18.3006,386.8831,0.0,0.0,0.0,377.050003051758,down,2026-08-18T10:56:18,0.0,0.0
SPXW,2027-01-29,161,Put,7660.0,SPXW270129P07660000,250.9,251.7,251.3,264.39,0.0,0.0,0.0,23.0,0.1568,-0.4124,0.0005,19.7861,-0.9536,-15.0881,251.9404,0.0,0.0,0.0,263.25,up,2026-08-20T15:45:34,0.0,0.0
SPXW,2027-01-29,161,Call,7670.0,SPXW270129C07670000,380.3,381.1,380.70000000000005,382.6,12.0,3.23799,9.0,1.0,0.1561,0.5842,0.0005,19.8362,-0.9465,18.1673,380.3611,380.0,393.2,376.8,370.600006103516,up,2026-08-21T14:55:48,0.0,0.0
SPXW,2027-01-29,161,Put,7670.0,SPXW270129P07670000,254.2,255.0,254.6,265.22,0.0,0.0,0.0,38.0,0.1563,-0.4171,0.0005,19.8362,-0.9523,-15.2649,255.2246,0.0,0.0,0.0,266.649993896484,up,2026-08-20T14:32:16,0.0,0.0
SPXW,2027-01-29,161,Call,7675.0,SPXW270129C07675000,377.0,377.9,377.45,471.45,0.0,0.0,0.0,15.0,0.1558,0.5818,0.0005,19.8604,-0.946,18.1002,377.1193,0.0,0.0,0.0,367.399993896484,down,2026-08-14T11:23:52,0.0,0.0
SPXW,2027-01-29,161,Put,7675.0,SPXW270129P07675000,255.9,256.7,256.3,255.39,-12.96,-4.82952,1.0,83.0,0.1559,-0.4195,0.0005,19.8604,-0.9516,-15.3537,256.886,255.39,255.39,255.39,268.350006103516,down,2026-08-21T15:16:44,0.0,0.0
SPXW,2027-01-29,161,Call,7680.0,SPXW270129C07680000,373.8,374.6,374.20000000000005,409.49,0.0,0.0,0.0,1.0,0.1556,0.5794,0.0005,19.8839,-0.9456,18.0329,373.8906,0.0,0.0,0.0,364.199996948242,up,2026-08-19T13:20:21,0.0,0.0
SPXW,2027-01-29,161,Put,7680.0,SPXW270129P07680000,257.5,258.4,257.95,264.08,0.0,0.0,0.0,110.0,0.1556,-0.4219,0.0005,19.8839,-0.9509,-15.4428,258.5604,0.0,0.0,0.0,270.050003051758,up,2026-08-20T13:19:44,0.0,0.0
SPXW,2027-01-29,161,Call,7690.0,SPXW270129C07690000,367.4,368.2,367.79999999999995,406.4,0.0,0.0,0.0,6.0,0.155,0.5747,0.0005,19.9289,-0.9445,17.8978,367.4723,0.0,0.0,0.0,357.799987792969,up,2026-08-19T10:23:11,0.0,0.0
SPXW,2027-01-29,161,Put,7690.0,SPXW270129P07690000,260.9,261.7,261.29999999999995,267.43,0.0,0.0,0.0,118.0,0.1551,-0.4266,0.0005,19.9289,-0.9494,-15.6214,261.9484,0.0,0.0,0.0,273.550003051758,up,2026-08-20T13:19:44,0.0,0.0
SPXW,2027-01-29,161,Call,7700.0,SPXW270129C07700000,361.0,361.8,361.4,363.27,11.77,3.34851,13.0,12.0,0.1544,0.5698,0.0005,19.9712,-0.9433,17.762,361.1066,363.27,363.27,363.27,351.5,down,2026-08-21T14:53:40,0.0,0.0
SPXW,2027-01-29,161,Put,7700.0,SPXW270129P07700000,264.4,265.2,264.79999999999995,264.13,-12.87,-4.64621,13.0,205.0,0.1545,-0.4315,0.0005,19.9712,-0.9477,-15.8006,265.3891,264.13,264.13,264.13,277.0,down,2026-08-21T14:53:40,0.0,0.0
SPXW,2027-01-29,161,Call,7710.0,SPXW270129C07710000,354.7,355.5,355.1,393.41,0.0,0.0,0.0,12.0,0.1538,0.565,0.0005,20.0109,-0.942,17.6256,354.7941,0.0,0.0,0.0,345.350006103516,up,2026-08-19T10:23:11,0.0,0.0
SPXW,2027-01-29,161,Put,7710.0,SPXW270129P07710000,267.9,268.7,268.29999999999995,258.79,0.0,0.0,0.0,67.0,0.1539,-0.4363,0.0005,20.0109,-0.946,-15.9806,268.8829,0.0,0.0,0.0,280.600006103516,up,2026-08-17T15:56:30,0.0,0.0
SPXW,2027-01-29,161,Call,7720.0,SPXW270129C07720000,348.4,349.3,348.85,384.8,0.0,0.0,0.0,14.0,0.1533,0.5601,0.0005,20.048,-0.9406,17.4882,348.5353,0.0,0.0,0.0,339.199996948242,down,2026-08-19T14:35:36,0.0,0.0
SPXW,2027-01-29,161,Put,7720.0,SPXW270129P07720000,271.4,272.2,271.79999999999995,259.07,0.0,0.0,0.0,49.0,0.1533,-0.4412,0.0005,20.048,-0.9441,-16.1614,272.4303,0.0,0.0,0.0,284.25,down,2026-08-19T11:18:18,0.0,0.0
SPXW,2027-01-29,161,Call,7725.0,SPXW270129C07725000,345.3,346.2,345.75,397.28,0.0,0.0,0.0,2.0,0.153,0.5576,0.0005,20.0655,-0.9398,17.4191,345.4262,0.0,0.0,0.0,336.100006103516,down,2026-08-19T11:17:17,0.0,0.0
SPXW,2027-01-29,161,Put,7725.0,SPXW270129P07725000,273.2,274.0,273.6,276.47,0.0,0.0,0.0,220.0,0.1531,-0.4437,0.0005,20.0655,-0.9431,-16.2522,274.2244,0.0,0.0,0.0,286.050003051758,up,2026-08-18T14:13:47,0.0,0.0
SPXW,2027-01-29,161,Call,7730.0,SPXW270129C07730000,342.2,343.1,342.65,404.15,0.0,0.0,0.0,2.0,0.1527,0.5551,0.0005,20.0823,-0.939,17.3497,342.3308,0.0,0.0,0.0,333.150009155273,no_change,2026-08-11T15:32:41,0.0,0.0
SPXW,2027-01-29,161,Put,7730.0,SPXW270129P07730000,275.0,275.8,275.4,256.9,0.0,0.0,0.0,10.0,0.1527,-0.4462,0.0005,20.0823,-0.9421,-16.3434,276.0321,0.0,0.0,0.0,287.899993896484,down,2026-08-13T11:38:20,0.0,0.0
SPXW,2027-01-29,161,Call,7740.0,SPXW270129C07740000,336.1,336.9,336.5,418.07,0.0,0.0,0.0,15.0,0.1521,0.5502,0.0005,20.1139,-0.9374,17.2095,336.1812,0.0,0.0,0.0,327.050003051758,up,2026-08-17T11:32:28,0.0,0.0
SPXW,2027-01-29,161,Put,7740.0,SPXW270129P07740000,278.7,279.5,279.1,256.85,0.0,0.0,0.0,13.0,0.1522,-0.4512,0.0005,20.1139,-0.94,-16.5271,279.6888,0.0,0.0,0.0,291.649993896484,down,2026-08-13T14:07:01,0.0,0.0
SPXW,2027-01-29,161,Call,7750.0,SPXW270129C07750000,330.0,330.9,330.45,335.32,14.27,4.44479,19.0,2.0,0.1516,0.5451,0.0005,20.1429,-0.9356,17.0673,330.0876,334.65,335.6,334.65,321.050003051758,no_change,2026-08-21T11:06:57,0.0,0.0
SPXW,2027-01-29,161,Put,7750.0,SPXW270129P07750000,282.4,283.2,282.79999999999995,275.42,0.0,0.0,0.0,170.0,0.1517,-0.4562,0.0005,20.1429,-0.9378,-16.7128,283.4015,0.0,0.0,0.0,295.449996948242,up,2026-08-19T09:31:55,0.0,0.0
SPXW,2027-01-29,161,Call,7760.0,SPXW270129C07760000,324.0,324.8,324.4,317.6,0.0,0.0,0.0,32.0,0.151,0.5401,0.0005,20.169,-0.9337,16.9227,324.0508,0.0,0.0,0.0,315.100006103516,down,2026-08-20T14:57:21,0.0,0.0
SPXW,2027-01-29,161,Put,7760.0,SPXW270129P07760000,286.2,287.0,286.6,273.77,0.0,0.0,0.0,8.0,0.1511,-0.4612,0.0005,20.169,-0.9354,-16.9009,287.171,0.0,0.0,0.0,299.300003051758,down,2026-08-10T10:15:39,0.0,0.0
SPXW,2027-01-29,161,Call,7770.0,SPXW270129C07770000,318.0,318.9,318.45,0.0,0.0,0.0,0.0,0.0,0.1505,0.535,0.0005,20.1923,-0.9316,16.7755,318.0718,0.0,0.0,0.0,309.199996948242,no_change,,0.0,0.0
SPXW,2027-01-29,161,Put,7770.0,SPXW270129P07770000,290.0,290.8,290.4,279.24,0.0,0.0,0.0,3.0,0.1505,-0.4663,0.0005,20.1923,-0.9329,-17.0916,290.9983,0.0,0.0,0.0,303.25,down,2026-08-12T09:37:43,0.0,0.0
SPXW,2027-01-29,161,Call,7775.0,SPXW270129C07775000,315.0,315.9,315.45,345.28,0.0,0.0,0.0,11.0,0.1502,0.5324,0.0005,20.2028,-0.9306,16.7009,315.1044,0.0,0.0,0.0,306.200012207031,down,2026-08-18T10:59:03,0.0,0.0
SPXW,2027-01-29,161,Put,7775.0,SPXW270129P07775000,292.0,292.8,292.4,292.8,0.0,0.0,0.0,50.0,0.1503,-0.4689,0.0005,20.2028,-0.9316,-17.1879,292.934,0.0,0.0,0.0,305.199996948242,up,2026-08-18T14:30:50,0.0,0.0
SPXW,2027-01-29,161,Call,7780.0,SPXW270129C07780000,312.1,312.9,312.5,305.8,0.0,0.0,0.0,7.0,0.15,0.5298,0.0005,20.2125,-0.9295,16.6258,312.1518,0.0,0.0,0.0,303.399993896484,down,2026-08-20T14:57:21,0.0,0.0
SPXW,2027-01-29,161,Put,7780.0,SPXW270129P07780000,293.9,294.7,294.29999999999995,281.25,0.0,0.0,0.0,8.0,0.15,-0.4715,0.0005,20.2125,-0.9303,-17.2848,294.8846,0.0,0.0,0.0,307.25,up,2026-08-17T15:41:36,0.0,0.0
SPXW,2027-01-29,161,Call,7790.0,SPXW270129C07790000,306.2,307.1,306.65,409.1,0.0,0.0,0.0,25.0,0.1494,0.5247,0.0005,20.2297,-0.9272,16.4736,306.2916,0.0,0.0,0.0,297.550003051758,up,2026-08-13T14:56:59,0.0,0.0
SPXW,2027-01-29,161,Put,7790.0,SPXW270129P07790000,297.9,298.7,298.29999999999995,301.23,0.0,0.0,0.0,21.0,0.1495,-0.4766,0.0005,20.2297,-0.9275,-17.4804,298.8308,0.0,0.0,0.0,311.300003051758,no_change,2026-08-18T09:51:41,0.0,0.0
SPXW,2027-01-29,161,Call,7800.0,SPXW270129C07800000,300.4,301.3,300.85,330.0,0.0,0.0,0.0,7.0,0.1489,0.5195,0.0005,20.2437,-0.9247,16.3197,300.4923,0.0,0.0,0.0,291.799987792969,down,2026-08-18T13:55:29,0.0,0.0
SPXW,2027-01-29,161,Put,7800.0,SPXW270129P07800000,301.9,302.7,302.29999999999995,276.51,0.0,0.0,0.0,17.0,0.149,-0.4818,0.0005,20.2437,-0.9246,-17.6778,302.8377,0.0,0.0,0.0,315.399993896484,up,2026-08-14T10:35:01,0.0,0.0
SPXW,2027-01-29,161,Call,7810.0,SPXW270129C07810000,294.7,295.6,295.15,380.3,0.0,0.0,0.0,9.0,0.1484,0.5143,0.0005,20.2545,-0.9222,16.1643,294.7545,0.0,0.0,0.0,286.25,up,2026-08-14T14:58:19,0.0,0.0
SPXW,2027-01-29,161,Put,7810.0,SPXW270129P07810000,306.0,306.8,306.4,291.33,0.0,0.0,0.0,16.0,0.1485,-0.487,0.0005,20.2545,-0.9216,-17.8767,306.9062,0.0,0.0,0.0,319.550003051758,down,2026-08-12T15:41:21,0.0,0.0
SPXW,2027-01-29,161,Call,7820.0,SPXW270129C07820000,289.0,289.9,289.45,372.81,0.0,0.0,0.0,2.0,0.1479,0.509,0.0005,20.2619,-0.9195,16.0082,289.0788,0.0,0.0,0.0,280.649993896484,down,2026-08-14T15:19:41,0.0,0.0
SPXW,2027-01-29,161,Put,7820.0,SPXW270129P07820000,310.1,310.9,310.5,0.0,0.0,0.0,0.0,0.0,0.1479,-0.4923,0.0005,20.2619,-0.9185,-18.0763,311.0368,0.0,0.0,0.0,323.75,no_change,,0.0,0.0
SPXW,2027-01-29,161,Call,7825.0,SPXW270129C07825000,286.2,287.1,286.65,320.0,0.0,0.0,0.0,17.0,0.1476,0.5064,0.0005,20.2644,-0.9181,15.9299,286.2644,0.0,0.0,0.0,277.949996948242,up,2026-08-18T12:50:18,0.0,0.0
SPXW,2027-01-29,161,Put,7825.0,SPXW270129P07825000,312.2,313.0,312.6,300.33,0.0,0.0,0.0,5.0,0.1476,-0.495,0.0005,20.2644,-0.9168,-18.1763,313.1255,0.0,0.0,0.0,325.899993896484,up,2026-08-19T14:57:54,0.0,0.0
SPXW,2027-01-29,161,Call,7830.0,SPXW270129C07830000,283.4,284.3,283.85,316.5,0.0,0.0,0.0,26.0,0.1474,0.5037,0.0005,20.2661,-0.9166,15.8516,283.4656,0.0,0.0,0.0,275.149993896484,down,2026-08-18T12:15:26,0.0,0.0
SPXW,2027-01-29,161,Put,7830.0,SPXW270129P07830000,314.3,315.1,314.70000000000005,0.0,0.0,0.0,0.0,0.0,0.1474,-0.4976,0.0005,20.2661,-0.9152,-18.2763,315.2299,0.0,0.0,0.0,328.100006103516,no_change,,0.0,0.0
SPXW,2027-01-29,161,Call,7840.0,SPXW270129C07840000,277.9,278.7,278.29999999999995,352.52,0.0,0.0,0.0,29.0,0.1469,0.4984,0.0005,20.2669,-0.9137,15.6951,277.9152,0.0,0.0,0.0,269.600006103516,up,2026-08-07T15:53:05,0.0,0.0
SPXW,2027-01-29,161,Put,7840.0,SPXW270129P07840000,318.5,319.4,318.95,310.64,0.0,0.0,0.0,4.0,0.1469,-0.5029,0.0005,20.2669,-0.9118,-18.4764,319.4859,0.0,0.0,0.0,332.350006103516,down,2026-08-07T10:35:47,0.0,0.0
SPXW,2027-01-29,161,Call,7850.0,SPXW270129C07850000,272.4,273.3,272.85,308.24,0.0,0.0,0.0,44.0,0.1464,0.493,0.0005,20.2645,-0.9106,15.5384,272.428,0.0,0.0,0.0,264.200012207031,down,2026-08-19T10:09:03,0.0,0.0
SPXW,2027-01-29,161,Put,7850.0,SPXW270129P07850000,322.9,323.7,323.29999999999995,308.15,0.0,0.0,0.0,20.0,0.1464,-0.5083,0.0005,20.2645,-0.9082,-18.6765,323.8049,0.0,0.0,0.0,336.800003051758,down,2026-08-19T15:20:03,0.0,0.0
SPXW,2027-01-29,161,Call,7860.0,SPXW270129C07860000,267.0,267.8,267.4,271.69,12.74,4.91987,3.0,8.0,0.1459,0.4877,0.0005,20.2586,-0.9074,15.3815,267.0041,271.69,271.69,271.69,258.949996948242,no_change,2026-08-21T11:06:57,0.0,0.0
SPXW,2027-01-29,161,Put,7860.0,SPXW270129P07860000,327.3,328.1,327.70000000000005,0.0,0.0,0.0,0.0,0.0,0.1459,-0.5136,0.0005,20.2586,-0.9045,-18.8769,328.1873,0.0,0.0,0.0,341.25,no_change,,0.0,0.0
SPXW,2027-01-29,161,Call,7870.0,SPXW270129C07870000,261.6,262.5,262.05,0.0,0.0,0.0,0.0,0.0,0.1454,0.4823,0.0005,20.2494,-0.904,15.2239,261.644,0.0,0.0,0.0,253.700004577637,no_change,,0.0,0.0
SPXW,2027-01-29,161,Put,7870.0,SPXW270129P07870000,331.7,332.5,332.1,317.44,0.0,0.0,0.0,6.0,0.1455,-0.519,0.0005,20.2494,-0.9007,-19.078,332.6335,0.0,0.0,0.0,345.800003051758,down,2026-08-11T10:45:03,0.0,0.0
SPXW,2027-01-29,161,Call,7875.0,SPXW270129C07875000,259.0,259.8,259.4,258.25,7.2,2.86795,2.0,20.0,0.1452,0.4796,0.0005,20.2434,-0.9023,15.1447,258.988,258.24,258.25,258.24,251.050003051758,up,2026-08-21T14:28:41,0.0,0.0
SPXW,2027-01-29,161,Put,7875.0,SPXW270129P07875000,334.0,334.8,334.4,335.82,-12.28,-3.52772,2.0,28.0,0.1452,-0.5218,0.0005,20.2434,-0.8988,-19.179,334.8807,335.88,335.88,335.82,348.100006103516,down,2026-08-21T14:28:41,0.0,0.0
SPXW,2027-01-29,161,Call,7880.0,SPXW270129C07880000,256.3,257.2,256.75,317.3,0.0,0.0,0.0,37.0,0.1449,0.4768,0.0005,20.2366,-0.9005,15.0651,256.3482,0.0,0.0,0.0,248.5,up,2026-08-12T15:51:23,0.0,0.0
SPXW,2027-01-29,161,Put,7880.0,SPXW270129P07880000,336.2,337.1,336.65,0.0,0.0,0.0,0.0,0.0,0.1449,-0.5245,0.0005,20.2366,-0.8968,-19.2803,337.144,0.0,0.0,0.0,350.350006103516,no_change,,0.0,0.0
SPXW,2027-01-29,161,Call,7890.0,SPXW270129C07890000,251.1,252.0,251.55,0.0,0.0,0.0,0.0,0.0,0.1444,0.4714,0.0005,20.2201,-0.8969,14.9045,251.1173,0.0,0.0,0.0,243.349998474121,no_change,,0.0,0.0
SPXW,2027-01-29,161,Put,7890.0,SPXW270129P07890000,340.8,341.6,341.20000000000005,0.0,0.0,0.0,0.0,0.0,0.1445,-0.5299,0.0005,20.2201,-0.8927,-19.4843,341.7194,0.0,0.0,0.0,355.0,no_change,,0.0,0.0
SPXW,2027-01-29,161,Call,7900.0,SPXW270129C07900000,246.0,246.8,246.4,250.6,12.35,5.18363,1.0,107.0,0.144,0.4659,0.0005,20.1999,-0.8932,14.7419,245.9521,250.6,250.6,250.6,238.25,up,2026-08-21T11:04:03,0.0,0.0
SPXW,2027-01-29,161,Put,7900.0,SPXW270129P07900000,345.5,346.3,345.9,342.7,0.0,0.0,0.0,102.0,0.144,-0.5354,0.0005,20.1999,-0.8885,-19.6905,346.3605,0.0,0.0,0.0,359.800003051758,up,2026-08-11T14:44:31,0.0,0.0
SPXW,2027-01-29,161,Call,7910.0,SPXW270129C07910000,240.9,241.7,241.3,269.56,0.0,0.0,0.0,16.0,0.1435,0.4605,0.0005,20.1757,-0.8893,14.577,240.8534,0.0,0.0,0.0,233.200004577637,down,2026-08-18T12:31:30,0.0,0.0
SPXW,2027-01-29,161,Put,7910.0,SPXW270129P07910000,350.2,351.0,350.6,343.8,0.0,0.0,0.0,16.0,0.1436,-0.5409,0.0005,20.1757,-0.8842,-19.8988,351.0681,0.0,0.0,0.0,364.600006103516,up,2026-08-11T13:05:53,0.0,0.0
SPXW,2027-01-29,161,Call,7920.0,SPXW270129C07920000,235.8,236.7,236.25,267.0,0.0,0.0,0.0,20.0,0.1431,0.455,0.0005,20.1476,-0.8853,14.4101,235.822,0.0,0.0,0.0,228.349998474121,down,2026-08-18T12:50:18,0.0,0.0
SPXW,2027-01-29,161,Put,7920.0,SPXW270129P07920000,354.9,355.8,355.35,0.0,0.0,0.0,0.0,0.0,0.1431,-0.5464,0.0005,20.1476,-0.8797,-20.1092,355.843,0.0,0.0,0.0,369.449996948242,no_change,,0.0,0.0
SPXW,2027-01-29,161,Call,7925.0,SPXW270129C07925000,233.4,234.2,233.8,257.82,0.0,0.0,0.0,22.0,0.1428,0.4522,0.0006,20.132,-0.8832,14.326,233.3317,0.0,0.0,0.0,225.800003051758,down,2026-08-18T16:10:29,0.0,0.0
SPXW,2027-01-29,161,Put,7925.0,SPXW270129P07925000,357.4,358.2,357.79999999999995,342.48,0.0,0.0,0.0,25.0,0.1429,-0.5491,0.0006,20.132,-0.8774,-20.2151,358.2559,0.0,0.0,0.0,371.849990844727,down,2026-08-19T14:57:54,0.0,0.0
SPXW,2027-01-29,161,Call,7930.0,SPXW270129C07930000,230.9,231.7,231.3,0.0,0.0,0.0,0.0,0.0,0.1426,0.4494,0.0006,20.1155,-0.8811,14.2415,230.8584,0.0,0.0,0.0,223.450004577637,no_change,,0.0,0.0
SPXW,2027-01-29,161,Put,7930.0,SPXW270129P07930000,359.8,360.6,360.20000000000005,361.8,0.0,0.0,0.0,11.0,0.1426,-0.5519,0.0006,20.1155,-0.8751,-20.3213,360.6858,0.0,0.0,0.0,374.300003051758,up,2026-08-18T11:02:00,0.0,0.0
SPXW,2027-01-29,161,Call,7940.0,SPXW270129C07940000,226.0,226.8,226.4,312.8,0.0,0.0,0.0,8.0,0.1422,0.4439,0.0006,20.0795,-0.8769,14.072,225.9632,0.0,0.0,0.0,218.650001525879,down,2026-08-14T10:27:40,0.0,0.0
SPXW,2027-01-29,161,Put,7940.0,SPXW270129P07940000,364.7,365.5,365.1,344.7,0.0,0.0,0.0,10.0,0.1422,-0.5574,0.0006,20.0795,-0.8704,-20.5342,365.5969,0.0,0.0,0.0,379.399993896484,down,2026-08-11T10:01:37,0.0,0.0
SPXW,2027-01-29,161,Call,7950.0,SPXW270129C07950000,221.2,222.0,221.6,244.58,0.0,0.0,0.0,37.0,0.1417,0.4384,0.0006,20.0397,-0.8725,13.9022,221.1366,0.0,0.0,0.0,213.800003051758,down,2026-08-18T16:10:29,0.0,0.0
SPXW,2027-01-29,161,Put,7950.0,SPXW270129P07950000,369.7,370.5,370.1,351.02,0.0,0.0,0.0,31.0,0.1418,-0.5629,0.0006,20.0397,-0.8655,-20.7476,370.5765,0.0,0.0,0.0,384.399993896484,up,2026-08-19T11:30:35,0.0,0.0
SPXW,2027-01-29,161,Call,7960.0,SPXW270129C07960000,216.4,217.2,216.8,291.34,0.0,0.0,0.0,10.0,0.1413,0.4328,0.0006,19.9963,-0.8679,13.7327,216.3785,0.0,0.0,0.0,209.200004577637,up,2026-08-14T13:09:00,0.0,0.0
SPXW,2027-01-29,161,Put,7960.0,SPXW270129P07960000,374.7,375.5,375.1,378.21,0.0,0.0,0.0,51.0,0.1413,-0.5685,0.0006,19.9963,-0.8605,-20.9606,375.6247,0.0,0.0,0.0,389.5,up,2026-08-20T11:57:33,0.0,0.0
SPXW,2027-01-29,161,Call,7975.0,SPXW270129C07975000,209.4,210.2,209.8,218.95,0.0,0.0,0.0,28.0,0.1406,0.4245,0.0006,19.9246,-0.8609,13.4798,209.3695,0.0,0.0,0.0,202.299995422363,down,2026-08-20T12:45:06,0.0,0.0
SPXW,2027-01-29,161,Put,7975.0,SPXW270129P07975000,382.4,383.2,382.79999999999995,356.83,0.0,0.0,0.0,3.0,0.1407,-0.5768,0.0006,19.9246,-0.8528,-21.2787,383.3252,0.0,0.0,0.0,397.349990844727,down,2026-08-17T14:55:02,0.0,0.0
SPXW,2027-01-29,161,Call,8000.0,SPXW270129C08000000,198.0,198.8,198.4,198.4,7.25,3.79283,16.0,35.0,0.1396,0.4106,0.0006,19.7881,-0.8485,13.061,198.0278,200.14,200.14,198.4,191.150001525879,down,2026-08-21T14:47:41,0.0,0.0
SPXW,2027-01-29,161,Put,8000.0,SPXW270129P08000000,395.5,396.4,395.95,396.44,-14.16,-3.44861,11.0,44.0,0.1397,-0.5907,0.0006,19.7881,-0.8393,-21.8062,396.4992,396.44,396.44,396.44,410.600006103516,up,2026-08-21T14:47:41,0.0,0.0
SPXW,2027-01-29,161,Call,8025.0,SPXW270129C08025000,187.1,187.9,187.5,189.09,8.69,4.81707,5.0,32.0,0.1386,0.3966,0.0006,19.6282,-0.8354,12.6393,187.1099,189.09,189.09,189.09,180.400001525879,up,2026-08-21T11:01:43,0.0,0.0
SPXW,2027-01-29,161,Put,8025.0,SPXW270129P08025000,409.1,409.9,409.5,394.27,0.0,0.0,0.0,1.0,0.1387,-0.6047,0.0006,19.6282,-0.825,-22.3366,410.0971,0.0,0.0,0.0,424.399993896484,no_change,2026-08-19T13:38:55,0.0,0.0
SPXW,2027-01-29,161,Call,8050.0,SPXW270129C08050000,176.5,177.3,176.9,180.33,10.38,6.10768,32.0,119.0,0.1377,0.3827,0.0005,19.4418,-0.8215,12.2088,176.619,179.7,180.33,179.7,169.949996948242,up,2026-08-21T11:05:07,0.0,0.0
SPXW,2027-01-29,161,Put,8050.0,SPXW270129P08050000,423.1,423.9,423.5,399.9,0.0,0.0,0.0,5.0,0.1377,-0.6186,0.0005,19.4418,-0.81,-22.8758,424.1219,0.0,0.0,0.0,438.650009155273,down,2026-08-07T15:39:00,0.0,0.0
SPXW,2027-01-29,161,Call,8075.0,SPXW270129C08075000,166.4,167.2,166.8,164.11,3.96,2.47268,2.0,42.0,0.1368,0.3689,0.0005,19.2292,-0.8069,11.7746,166.5569,163.9,164.11,163.9,160.150001525879,up,2026-08-21T10:31:45,0.0,0.0
SPXW,2027-01-29,161,Put,8075.0,SPXW270129P08075000,437.5,438.3,437.9,0.0,0.0,0.0,0.0,0.0,0.1368,-0.6324,0.0005,19.2292,-0.7942,-23.4187,438.5756,0.0,0.0,0.0,453.150009155273,no_change,,0.0,0.0
SPXW,2027-01-29,161,Call,8100.0,SPXW270129C08100000,156.7,157.5,157.1,160.77,10.12,6.71756,6.0,11.0,0.1359,0.3551,0.0005,18.995,-0.7915,11.3467,156.9182,160.25,160.77,160.25,150.650001525879,up,2026-08-21T15:47:43,0.0,0.0
SPXW,2027-01-29,161,Put,8100.0,SPXW270129P08100000,452.3,453.1,452.70000000000005,456.9,-11.25,-2.40308,11.0,0.0,0.1359,-0.6462,0.0005,18.995,-0.7778,-23.9553,453.4527,456.9,456.9,456.9,468.150009155273,no_change,2026-08-21T10:46:16,0.0,0.0
SPXW,2027-01-29,161,Call,8125.0,SPXW270129C08125000,147.4,148.2,147.8,209.44,0.0,0.0,0.0,13.0,0.135,0.3414,0.0005,18.7426,-0.7755,10.9276,147.6919,0.0,0.0,0.0,141.5,down,2026-08-14T12:58:51,0.0,0.0
SPXW,2027-01-29,161,Put,8125.0,SPXW270129P08125000,467.5,468.3,467.9,446.92,0.0,0.0,0.0,2.0,0.1351,-0.6599,0.0005,18.7426,-0.7607,-24.4832,468.7421,0.0,0.0,0.0,483.75,down,2026-08-19T13:49:03,0.0,0.0
SPXW,2027-01-29,161,Call,8150.0,SPXW270129C08150000,138.6,139.3,138.95,143.06,10.16,7.64484,8.0,45.0,0.1342,0.3279,0.0005,18.4701,-0.7589,10.5098,138.869,143.53,143.53,143.06,132.900001525879,down,2026-08-21T12:31:20,0.0,0.0
SPXW,2027-01-29,161,Put,8150.0,SPXW270129P08150000,483.2,484.0,483.6,498.4,0.0,0.0,0.0,3.0,0.1343,-0.6734,0.0005,18.4701,-0.7429,-25.0097,484.4349,0.0,0.0,0.0,499.349990844727,up,2026-08-20T15:05:04,0.0,0.0
SPXW,2027-01-29,161,Call,8175.0,SPXW270129C08175000,130.1,130.9,130.5,132.73,8.08,6.48215,10.0,42.0,0.1335,0.3146,0.0005,18.1729,-0.7418,10.0881,130.4457,128.15,132.73,127.96,124.650001525879,up,2026-08-21T15:02:57,0.0,0.0
SPXW,2027-01-29,161,Put,8175.0,SPXW270129P08175000,499.2,500.0,499.6,438.81,0.0,0.0,0.0,5.0,0.1336,-0.6868,0.0005,18.1729,-0.7246,-25.5401,500.5274,0.0,0.0,0.0,515.600006103516,down,2026-08-13T15:09:10,0.0,0.0
SPXW,2027-01-29,161,Call,8200.0,SPXW270129C08200000,122.1,122.8,122.44999999999999,121.74,4.99,4.27409,5.0,45.0,0.1327,0.3014,0.0005,17.8518,-0.724,9.6684,122.4176,121.74,121.74,121.74,116.75,up,2026-08-21T14:42:19,0.0,0.0
SPXW,2027-01-29,161,Put,8200.0,SPXW270129P08200000,514.0,518.2,516.1,505.5,0.0,0.0,0.0,3.0,0.1329,-0.6999,0.0005,17.8518,-0.7057,-26.0685,517.015,0.0,0.0,0.0,532.600006103516,up,2026-08-18T10:53:18,0.0,0.0
SPXW,2027-01-29,161,Call,8225.0,SPXW270129C08225000,114.4,115.1,114.75,121.24,0.0,0.0,0.0,52.0,0.132,0.2884,0.0005,17.5135,-0.7058,9.2601,114.773,0.0,0.0,0.0,109.25,down,2026-08-20T12:44:55,0.0,0.0
SPXW,2027-01-29,161,Put,8225.0,SPXW270129P08225000,530.9,535.1,533.0,521.5,0.0,0.0,0.0,3.0,0.1323,-0.7129,0.0005,17.5135,-0.6863,-26.5855,533.8862,0.0,0.0,0.0,549.649993896484,up,2026-08-18T10:53:18,0.0,0.0
SPXW,2027-01-29,161,Call,8250.0,SPXW270129C08250000,107.1,107.8,107.44999999999999,108.89,6.74,6.59814,1.0,114.0,0.1314,0.2756,0.0005,17.1633,-0.687,8.8636,107.497,108.89,108.89,108.89,102.150001525879,up,2026-08-21T15:31:43,0.0,0.0
SPXW,2027-01-29,161,Put,8250.0,SPXW270129P08250000,548.1,552.3,550.2,521.5,0.0,0.0,0.0,43.0,0.1316,-0.7257,0.0005,17.1633,-0.6665,-27.0906,551.126,0.0,0.0,0.0,567.149993896484,down,2026-08-07T09:44:29,0.0,0.0
SPXW,2027-01-29,161,Call,8275.0,SPXW270129C08275000,100.2,100.9,100.55000000000001,162.65,0.0,0.0,0.0,37.0,0.1308,0.2631,0.0005,16.7985,-0.6679,8.471,100.5785,0.0,0.0,0.0,95.5,up,2026-08-14T09:46:00,0.0,0.0
SPXW,2027-01-29,161,Put,8275.0,SPXW270129P08275000,564.7,570.5,567.6,532.6,0.0,0.0,0.0,19.0,0.131,-0.7382,0.0005,16.7985,-0.6462,-27.592,568.7232,0.0,0.0,0.0,584.949981689453,up,2026-08-07T13:57:08,0.0,0.0
SPXW,2027-01-29,161,Call,8300.0,SPXW270129C08300000,93.6,94.4,94.0,96.42,7.32,8.21549,15.0,51.0,0.1302,0.2509,0.0005,16.4139,-0.6485,8.0789,94.0115,91.2,100.1,91.2,89.1000022888184,up,2026-08-21T15:47:43,0.0,0.0
SPXW,2027-01-29,161,Put,8300.0,SPXW270129P08300000,582.7,588.5,585.6,551.1,0.0,0.0,0.0,15.0,0.1304,-0.7504,0.0005,16.4139,-0.6256,-28.0928,586.672,0.0,0.0,0.0,603.0,up,2026-08-11T11:35:52,0.0,0.0
SPXW,2027-01-29,161,Call,8325.0,SPXW270129C08325000,87.4,88.1,87.75,103.93,0.0,0.0,0.0,82.0,0.1296,0.2389,0.0005,16.0108,-0.6287,7.6942,87.7884,0.0,0.0,0.0,83.0499992370606,up,2026-08-19T15:32:35,0.0,0.0
SPXW,2027-01-29,161,Put,8325.0,SPXW270129P08325000,601.0,606.9,603.95,0.0,0.0,0.0,0.0,0.0,0.1299,-0.7624,0.0005,16.0108,-0.6047,-28.5862,604.9646,0.0,0.0,0.0,621.449981689453,no_change,,0.0,0.0
SPXW,2027-01-29,161,Call,8350.0,SPXW270129C08350000,81.6,82.2,81.9,83.91,6.51,8.41086,16.0,106.0,0.1291,0.2273,0.0005,15.5978,-0.6087,7.3248,81.8953,83.6,83.93,83.6,77.3999977111816,down,2026-08-21T11:05:07,0.0,0.0
SPXW,2027-01-29,161,Put,8350.0,SPXW270129P08350000,619.6,625.6,622.6,0.0,0.0,0.0,0.0,0.0,0.1294,-0.774,0.0005,15.5978,-0.5836,-29.0644,623.5872,0.0,0.0,0.0,640.300018310547,no_change,,0.0,0.0
SPXW,2027-01-29,161,Call,8375.0,SPXW270129C08375000,76.0,76.7,76.35,79.57,0.0,0.0,0.0,78.0,0.1286,0.2159,0.0004,15.1801,-0.5885,6.9679,76.3173,0.0,0.0,0.0,72.0,down,2026-08-20T12:07:14,0.0,0.0
SPXW,2027-01-29,161,Put,8375.0,SPXW270129P08375000,638.3,644.5,641.4,0.0,0.0,0.0,0.0,0.0,0.1288,-0.7854,0.0004,15.1801,-0.5622,-29.5299,642.525,0.0,0.0,0.0,659.399993896484,no_change,,0.0,0.0
SPXW,2027-01-29,161,Call,8400.0,SPXW270129C08400000,70.8,71.4,71.1,71.98,5.08,7.59343,25.0,125.0,0.1281,0.2048,0.0004,14.7543,-0.5682,6.6161,71.0446,71.98,71.98,71.98,66.8999977111816,down,2026-08-21T09:30:40,0.0,0.0
SPXW,2027-01-29,161,Put,8400.0,SPXW270129P08400000,657.6,663.8,660.7,0.0,0.0,0.0,0.0,0.0,0.1284,-0.7965,0.0004,14.7543,-0.5408,-29.9905,661.768,0.0,0.0,0.0,678.900024414062,no_change,,0.0,0.0
SPXW,2027-01-29,161,Call,8425.0,SPXW270129C08425000,65.8,66.5,66.15,68.95,0.0,0.0,0.0,262.0,0.1276,0.1941,0.0004,14.3152,-0.5478,6.2687,66.0708,0.0,0.0,0.0,62.1000003814697,up,2026-08-20T12:56:08,0.0,0.0
SPXW,2027-01-29,161,Put,8425.0,SPXW270129P08425000,677.1,683.4,680.25,628.55,0.0,0.0,0.0,1.0,0.128,-0.8072,0.0004,14.3152,-0.5192,-30.4465,681.31,0.0,0.0,0.0,698.649993896484,down,2026-08-11T10:45:03,0.0,0.0
SPXW,2027-01-29,161,Call,8450.0,SPXW270129C08450000,61.1,61.8,61.45,61.4,3.75,6.50477,21.0,63.0,0.1272,0.1838,0.0004,13.8655,-0.5274,5.9337,61.3865,60.05,62.0,60.05,57.6500015258789,no_change,2026-08-21T11:26:33,0.0,0.0
SPXW,2027-01-29,161,Put,8450.0,SPXW270129P08450000,697.0,703.4,700.2,0.0,0.0,0.0,0.0,0.0,0.1276,-0.8176,0.0004,13.8655,-0.4977,-30.8903,701.1414,0.0,0.0,0.0,718.699981689453,no_change,,0.0,0.0
SPXW,2027-01-29,161,Call,8475.0,SPXW270129C08475000,56.7,57.4,57.05,57.4,4.0,7.49064,18.0,66.0,0.1268,0.1737,0.0004,13.4139,-0.507,5.6152,56.9773,57.2,57.4,57.0,53.3999996185303,up,2026-08-21T11:27:08,0.0,0.0
SPXW,2027-01-29,161,Put,8475.0,SPXW270129P08475000,717.2,723.6,720.4000000000001,0.0,0.0,0.0,0.0,0.0,0.1271,-0.8276,0.0004,13.4139,-0.4762,-31.3176,721.248,0.0,0.0,0.0,738.950012207031,no_change,,0.0,0.0
SPXW,2027-01-29,161,Call,8500.0,SPXW270129C08500000,52.6,53.3,52.95,55.42,0.0,0.0,0.0,62.0,0.1264,0.164,0.0004,12.9649,-0.4868,5.3084,52.8301,0.0,0.0,0.0,49.5,down,2026-08-20T12:07:14,0.0,0.0
SPXW,2027-01-29,161,Put,8500.0,SPXW270129P08500000,737.8,744.0,740.9,0.0,0.0,0.0,0.0,0.0,0.1267,-0.8373,0.0004,12.9649,-0.4548,-31.7331,741.6166,0.0,0.0,0.0,759.550018310547,no_change,,0.0,0.0
SPXW,2027-01-29,161,Call,8550.0,SPXW270129C08550000,45.1,45.7,45.400000000000006,73.2,0.0,0.0,0.0,9.0,0.1256,0.1458,0.0004,12.0579,-0.4468,4.7149,45.2896,0.0,0.0,0.0,42.2999992370606,up,2026-08-17T10:30:58,0.0,0.0
SPXW,2027-01-29,161,Put,8550.0,SPXW270129P08550000,778.9,785.6,782.25,724.48,0.0,0.0,0.0,1.0,0.126,-0.8556,0.0004,12.0579,-0.4126,-32.544,783.1076,0.0,0.0,0.0,801.5,no_change,2026-08-12T15:41:21,0.0,0.0
SPXW,2027-01-29,161,Call,8600.0,SPXW270129C08600000,38.6,39.1,38.85,37.9,1.85,5.13176,1.0,16.0,0.1248,0.1289,0.0003,11.1469,-0.408,4.175,38.6891,37.9,37.9,37.9,36.0499992370606,up,2026-08-21T10:16:29,0.0,0.0
SPXW,2027-01-29,161,Put,8600.0,SPXW270129P08600000,821.5,828.1,824.8,767.7,0.0,0.0,0.0,3.0,0.1252,-0.8724,0.0003,11.1469,-0.3715,-33.3012,825.5386,0.0,0.0,0.0,844.25,down,2026-08-12T15:54:51,0.0,0.0
SPXW,2027-01-29,161,Call,8650.0,SPXW270129C08650000,32.8,33.3,33.05,68.3,0.0,0.0,0.0,483.0,0.1242,0.1135,0.0003,10.2633,-0.3707,3.6785,32.9357,0.0,0.0,0.0,30.5999994277954,up,2026-08-13T10:38:38,0.0,0.0
SPXW,2027-01-29,161,Put,8650.0,SPXW270129P08650000,864.5,871.4,867.95,0.0,0.0,0.0,0.0,0.0,0.1247,-0.8878,0.0003,10.2633,-0.3319,-34.0152,868.8167,0.0,0.0,0.0,887.899993896484,no_change,,0.0,0.0
SPXW,2027-01-29,161,Call,8700.0,SPXW270129C08700000,27.8,28.2,28.0,47.74,0.0,0.0,0.0,18.0,0.1236,0.0996,0.0003,9.3933,-0.3351,3.225,27.9603,0.0,0.0,0.0,25.8500003814697,down,2026-08-17T11:32:28,0.0,0.0
SPXW,2027-01-29,161,Put,8700.0,SPXW270129P08700000,908.7,915.5,912.1,825.73,0.0,0.0,0.0,1.0,0.1241,-0.9017,0.0003,9.3933,-0.2941,-34.6861,912.8728,0.0,0.0,0.0,929.449981689453,up,2026-08-14T13:27:58,0.0,0.0
SPXW,2027-01-29,161,Call,8800.0,SPXW270129C08800000,19.8,20.2,20.0,20.66,2.21,11.9783,12.0,69.0,0.1226,0.0758,0.0002,7.7759,-0.2705,2.4551,20.0115,20.6,20.66,20.56,18.4500007629395,up,2026-08-21T15:47:43,0.0,0.0
SPXW,2027-01-29,161,Put,8800.0,SPXW270129P08800000,990.4,1013.3,1001.8499999999999,0.0,0.0,0.0,0.0,0.0,0.1233,-0.9255,0.0002,7.7759,-0.2249,-35.8909,1002.987,0.0,0.0,0.0,1021.19998168945,no_change,,0.0,0.0
SPXW,2027-01-29,161,Call,8900.0,SPXW270129C08900000,14.1,14.4,14.25,14.45,0.0,0.0,0.0,8.0,0.1221,0.0571,0.0002,6.3425,-0.2156,1.8509,14.2575,0.0,0.0,0.0,13.0999999046326,down,2026-08-20T13:23:53,0.0,0.0
SPXW,2027-01-29,161,Put,8900.0,SPXW270129P08900000,1082.6,1105.5,1094.05,0.0,0.0,0.0,0.0,0.0,0.1229,-0.9442,0.0002,6.3425,-0.1654,-36.9299,1095.296,0.0,0.0,0.0,1114.20001220703,no_change,,0.0,0.0
SPXW,2027-01-29,161,Call,9000.0,SPXW270129C09000000,10.0,10.3,10.15,12.43,0.0,0.0,0.0,201.0,0.1219,0.0429,0.0001,5.1213,-0.1705,1.3887,10.1791,0.0,0.0,0.0,9.30000019073486,down,2026-08-18T13:30:52,0.0,0.0
SPXW,2027-01-29,161,Put,9000.0,SPXW270129P09000000,1176.5,1199.9,1188.2,0.0,0.0,0.0,0.0,0.0,0.123,-0.9584,0.0001,5.1213,-0.1158,-37.8269,1189.2806,0.0,0.0,0.0,1208.75,no_change,,0.0,0.0
SPXW,2027-01-29,161,Call,9200.0,SPXW270129C09200000,5.2,5.4,5.300000000000001,5.4,0.0,0.0,0.0,10.0,0.123,0.0244,0.0001,3.3227,-0.1074,0.7878,5.3747,0.0,0.0,0.0,4.90000009536743,down,2026-08-20T13:23:53,0.0,0.0
SPXW,2027-01-29,161,Put,9200.0,SPXW270129P09200000,1368.3,1391.5,1379.9,0.0,0.0,0.0,0.0,0.0,0.1246,-0.9769,0.0001,3.3227,-0.0436,-39.2976,1380.6022,0.0,0.0,0.0,1400.20001220703,no_change,,0.0,0.0
SPXW,2027-01-29,161,Call,9400.0,SPXW270129C09400000,3.0,3.2,3.1,3.4,0.0,0.0,0.0,225.0,0.1264,0.0147,0.0001,2.216,-0.071,0.473,3.0967,0.0,0.0,0.0,2.89999997615814,down,2026-08-20T11:23:50,0.0,0.0
SPXW,2027-01-29,161,Put,9400.0,SPXW270129P09400000,1561.7,1581.4,1571.5500000000002,0.0,0.0,0.0,0.0,0.0,0.1291,-0.9866,0.0001,2.216,0.0,-40.4821,1574.4502,0.0,0.0,0.0,1594.34997558594,no_change,,0.0,0.0
SPXW,2027-01-29,161,Call,9600.0,SPXW270129C09600000,1.95,2.15,2.05,4.4,0.0,0.0,0.0,1.0,0.1315,0.0096,0.0,1.555,-0.0503,0.3065,1.9775,0.0,0.0,0.0,1.92499995231628,down,2026-08-10T09:30:03,0.0,0.0
SPXW,2027-01-29,161,Put,9600.0,SPXW270129P09600000,1756.8,1779.8,1768.3,0.0,0.0,0.0,0.0,0.0,0.1347,-0.9917,0.0,1.555,0.0,-41.5182,1769.457,0.0,0.0,0.0,1789.14996337891,no_change,,0.0,0.0
SPXW,2027-01-29,161,Call,9800.0,SPXW270129C09800000,1.3,1.6,1.4500000000000002,3.0,0.0,0.0,0.0,2.0,0.137,0.0067,0.0,1.1464,-0.0379,0.2132,1.3761,0.0,0.0,0.0,1.35000002384186,up,2026-08-10T12:31:59,0.0,0.0
SPXW,2027-01-29,161,Put,9800.0,SPXW270129P09800000,1952.3,1975.4,1963.85,0.0,0.0,0.0,0.0,0.0,0.1421,-0.9946,0.0,1.1464,0.0,-42.4812,1964.9818,0.0,0.0,0.0,1984.34997558594,no_change,,0.0,0.0
SPXW,2027-01-29,161,Call,10000.0,SPXW270129C10000000,0.95,1.2,1.075,1.05,0.075,7.69231,89.0,27.0,0.1429,0.0049,0.0,0.8786,-0.0299,0.1561,1.0189,1.05,1.05,1.05,0.974999964237213,down,2026-08-21T11:06:19,0.0,0.0
SPXW,2027-01-29,161,Put,10000.0,SPXW270129P10000000,2148.0,2170.4,2159.2,0.0,0.0,0.0,0.0,0.0,0.1488,-0.9964,0.0,0.8791,0.0,-43.4079,2160.751,0.0,0.0,0.0,2179.59997558594,no_change,,0.0,0.0
SPX,2027-02-19,182,Call,200.0,SPX270219C00200000,7433.9,7457.8,7445.85,7444.87,23.87,0.321655,1.0,63.0,0.0,1.0,0.0,0.0107,0.0,1.0869,7447.1505,7444.87,7444.87,7444.87,7421.0,down,2026-08-21T14:47:38,0.0,0.0
SPX,2027-02-19,182,Put,200.0,SPX270219P00200000,0.0,0.05,0.025,0.05,0.0,0.0,0.0,123.0,1.4066,0.0,0.0,0.0107,-0.0043,-0.0024,0.1153,0.0,0.0,0.0,0.025000000372529,no_change,2026-07-20T15:45:24,0.0,0.0
SPX,2027-02-19,182,Call,400.0,SPX270219C00400000,7238.4,7262.2,7250.299999999999,7322.9,0.0,0.0,0.0,73.0,0.0,1.0,0.0,0.0191,0.0,2.0651,7251.5707,0.0,0.0,0.0,7226.10009765625,up,2026-08-07T12:50:42,0.0,0.0
SPX,2027-02-19,182,Put,400.0,SPX270219P00400000,0.0,0.1,0.05,0.05,0.0,0.0,0.0,8010.0,1.1774,-0.0001,0.0,0.0191,-0.0063,-0.0041,0.1714,0.0,0.0,0.0,0.0500000007450581,no_change,2026-07-21T13:55:37,0.0,0.0
SPX,2027-02-19,182,Call,600.0,SPX270219C00600000,7042.8,7066.7,7054.75,6741.9,0.0,0.0,0.0,75.0,0.0,1.0,0.0,0.0282,0.0,3.0431,7055.9887,0.0,0.0,0.0,7030.0,down,2026-07-29T10:46:40,0.0,0.0
SPX,2027-02-19,182,Put,600.0,SPX270219P00600000,0.05,0.15,0.1,0.15,0.0,0.0,0.0,5253.0,1.0586,-0.0001,0.0,0.0282,-0.0081,-0.0061,0.2251,0.0,0.0,0.0,0.100000003352761,no_change,2026-07-28T15:53:32,0.0,0.0
SPX,2027-02-19,182,Call,800.0,SPX270219C00800000,6847.3,6871.2,6859.25,6931.15,0.0,0.0,0.0,141.0,0.0,1.0,0.0,0.0388,0.0,4.0207,6860.4129,0.0,0.0,0.0,6835.05004882812,up,2026-08-07T12:49:42,0.0,0.0
SPX,2027-02-19,182,Put,800.0,SPX270219P00800000,0.1,0.25,0.175,0.17,-0.005,-2.85714,2.0,1045.0,0.9747,-0.0002,0.0,0.0388,-0.01,-0.0084,0.2852,0.17,0.17,0.17,0.175000000745058,down,2026-08-21T09:30:05,0.0,0.0
SPX,2027-02-19,182,Call,1000.0,SPX270219C01000000,6651.8,6675.7,6663.75,6491.03,0.0,0.0,0.0,8.0,0.0,1.0,0.0,0.0522,0.0,4.9977,6664.853,0.0,0.0,0.0,6639.05004882812,down,2026-07-01T13:03:48,0.0,0.0
SPX,2027-02-19,182,Put,1000.0,SPX270219P01000000,0.2,0.4,0.30000000000000004,0.31,0.01,3.33333,6.0,802.0,0.9196,-0.0003,0.0,0.0522,-0.0123,-0.0113,0.3611,0.32,0.32,0.31,0.300000004470348,down,2026-08-21T10:58:20,0.0,0.0
SPX,2027-02-19,182,Call,1200.0,SPX270219C01200000,6456.3,6480.3,6468.3,0.0,0.0,0.0,0.0,0.0,0.0,1.0,0.0,0.0703,0.0,5.9736,6469.3218,0.0,0.0,0.0,6444.4501953125,no_change,,0.0,0.0
SPX,2027-02-19,182,Put,1200.0,SPX270219P01200000,0.35,0.6,0.475,0.53,0.03,6.0,2.0,1182.0,0.8633,-0.0004,0.0,0.0703,-0.0154,-0.0154,0.4657,0.53,0.53,0.53,0.500000014901161,up,2026-08-21T10:58:20,0.0,0.0
SPX,2027-02-19,182,Call,1400.0,SPX270219C01400000,6261.0,6284.9,6272.95,5950.4,0.0,0.0,0.0,4.0,0.0,1.0,0.0,0.0952,0.0,6.9478,6273.8342,0.0,0.0,0.0,6249.09985351562,down,2026-06-26T09:58:19,0.0,0.0
SPX,2027-02-19,182,Put,1400.0,SPX270219P01400000,0.6,0.8,0.7,0.65,-0.05,-7.14286,6.0,944.0,0.8185,-0.0005,0.0,0.0952,-0.0196,-0.0211,0.6139,0.65,0.65,0.65,0.700000017881394,down,2026-08-21T10:58:20,0.0,0.0
SPX,2027-02-19,182,Call,1600.0,SPX270219C01600000,6065.7,6089.6,6077.65,0.0,0.0,0.0,0.0,0.0,0.0,1.0,0.0,0.1287,0.0,7.9198,6078.4043,0.0,0.0,0.0,6053.9501953125,no_change,,0.0,0.0
SPX,2027-02-19,182,Put,1600.0,SPX270219P01600000,0.85,1.1,0.9750000000000001,0.95,0.0,0.0,0.0,755.0,0.7797,-0.0007,0.0,0.1287,-0.0251,-0.0291,0.8198,0.0,0.0,0.0,1.02499997615814,no_change,2026-08-17T10:01:33,0.0,0.0
SPX,2027-02-19,182,Call,1800.0,SPX270219C01800000,5870.4,5894.4,5882.4,0.0,0.0,0.0,0.0,0.0,0.0,1.0,0.0,0.1734,0.0,8.8888,5883.045,0.0,0.0,0.0,5858.44995117188,no_change,,0.0,0.0
SPX,2027-02-19,182,Put,1800.0,SPX270219P01800000,1.25,1.45,1.35,1.29,0.0,0.0,0.0,560.0,0.7404,-0.0009,0.0,0.1734,-0.0321,-0.04,1.0964,0.0,0.0,0.0,1.39999997615814,down,2026-08-19T11:46:57,0.0,0.0
SPX,2027-02-19,182,Call,2000.0,SPX270219C02000000,5675.3,5699.2,5687.25,4662.61,0.0,0.0,0.0,11.0,0.0,1.0,0.0,0.2295,0.0,9.8546,5687.7672,0.0,0.0,0.0,5663.5,no_change,2026-03-13T11:58:02,0.0,0.0
SPX,2027-02-19,182,Put,2000.0,SPX270219P02000000,1.55,1.8,1.675,1.79,0.0,0.0,0.0,1429.0,0.7054,-0.0013,0.0,0.2296,-0.0408,-0.0542,1.4544,0.0,0.0,0.0,1.77499997615814,up,2026-08-19T11:46:57,0.0,0.0
SPX,2027-02-19,182,Call,2200.0,SPX270219C02200000,5480.2,5504.0,5492.1,0.0,0.0,0.0,0.0,0.0,0.5918,0.9999,0.0,0.3002,0.0,10.8163,5492.5779,0.0,0.0,0.0,5468.64990234375,no_change,,0.0,0.0
SPX,2027-02-19,182,Put,2200.0,SPX270219P02200000,2.0,2.25,2.125,2.39,0.0,0.0,0.0,842.0,0.6742,-0.0017,0.0,0.3002,-0.051,-0.0724,1.901,0.0,0.0,0.0,2.27500009536743,up,2026-08-10T13:03:59,0.0,0.0
SPX,2027-02-19,182,Call,2400.0,SPX270219C02400000,5285.2,5309.0,5297.1,0.0,0.0,0.0,0.0,0.0,0.5875,0.9994,0.0,0.3843,0.0,11.7737,5297.4844,0.0,0.0,0.0,5273.75,no_change,,0.0,0.0
SPX,2027-02-19,182,Put,2400.0,SPX270219P02400000,2.5,2.8,2.65,2.8,0.0,0.0,0.0,348.0,0.644,-0.0022,0.0,0.384,-0.0628,-0.0948,2.4399,0.0,0.0,0.0,2.82500004768372,up,2026-08-18T10:56:42,0.0,0.0
SPX,2027-02-19,182,Call,2600.0,SPX270219C02600000,5090.2,5114.0,5102.1,4940.12,0.0,0.0,0.0,0.0,0.5777,0.9987,0.0,0.4846,0.0,12.7264,5102.4893,0.0,0.0,0.0,5078.85009765625,down,2026-06-18T10:41:16,0.0,0.0
SPX,2027-02-19,182,Put,2600.0,SPX270219P02600000,3.1,3.4,3.25,3.4,0.0,0.0,0.0,1546.0,0.615,-0.0029,0.0,0.4842,-0.076,-0.122,3.0805,0.0,0.0,0.0,3.44999992847443,up,2026-08-20T10:17:18,0.0,0.0
SPX,2027-02-19,182,Call,2800.0,SPX270219C02800000,4895.3,4919.1,4907.200000000001,0.0,0.0,0.0,0.0,0.0,0.5601,0.9979,0.0,0.6015,0.0,13.6734,4907.598,0.0,0.0,0.0,4884.05004882812,no_change,,0.0,0.0
SPX,2027-02-19,182,Put,2800.0,SPX270219P02800000,3.8,4.1,3.9499999999999997,3.86,0.0,0.0,0.0,2352.0,0.5875,-0.0036,0.0,0.6012,-0.0905,-0.155,3.825,0.0,0.0,0.0,4.20000004768372,down,2026-08-14T15:53:22,0.0,0.0
SPX,2027-02-19,182,Call,2900.0,SPX270219C02900000,4797.9,4821.7,4809.799999999999,0.0,0.0,0.0,0.0,0.0,0.5509,0.9975,0.0,0.6656,0.0,14.145,4810.1923,0.0,0.0,0.0,4786.85009765625,no_change,,0.0,0.0
SPX,2027-02-19,182,Put,2900.0,SPX270219P02900000,4.1,4.5,4.3,4.8,0.0,0.0,0.0,421.0,0.5749,-0.0041,0.0,0.6657,-0.0983,-0.1735,4.241,0.0,0.0,0.0,4.60000014305115,no_change,2026-08-06T13:59:08,0.0,0.0
SPX,2027-02-19,182,Call,3000.0,SPX270219C03000000,4700.5,4724.3,4712.4,0.0,0.0,0.0,0.0,0.0,0.5409,0.997,0.0,0.7344,0.0,14.6151,4712.8134,0.0,0.0,0.0,4689.25,no_change,,0.0,0.0
SPX,2027-02-19,182,Put,3000.0,SPX270219P03000000,4.5,4.9,4.7,4.9,-0.1,-2.0,5.0,857.0,0.5622,-0.0046,0.0,0.7344,-0.1063,-0.1934,4.68,4.8,4.9,4.77,5.0,up,2026-08-21T10:03:18,0.0,0.0
SPX,2027-02-19,182,Call,3100.0,SPX270219C03100000,4603.1,4627.0,4615.05,0.0,0.0,0.0,0.0,0.0,0.5305,0.9965,0.0,0.8086,0.0,15.0835,4615.4619,0.0,0.0,0.0,4592.4501953125,no_change,,0.0,0.0
SPX,2027-02-19,182,Put,3100.0,SPX270219P03100000,5.0,5.4,5.2,5.1,0.0,0.0,0.0,566.0,0.5501,-0.0051,0.0,0.8083,-0.1146,-0.2148,5.1425,0.0,0.0,0.0,5.5,up,2026-08-17T09:51:47,0.0,0.0
SPX,2027-02-19,182,Call,3200.0,SPX270219C03200000,4505.8,4529.6,4517.700000000001,4516.27,22.1701,0.493317,1.0,24.0,0.5211,0.996,0.0,0.8883,0.0,15.5499,4518.1393,4516.27,4516.27,4516.27,4494.09985351562,down,2026-08-21T14:47:38,0.0,0.0
SPX,2027-02-19,182,Put,3200.0,SPX270219P03200000,5.4,5.8,5.6,5.55,-0.45,-7.5,1.0,313.0,0.5385,-0.0056,0.0,0.888,-0.1232,-0.2384,5.6377,5.55,5.55,5.55,6.0,down,2026-08-21T14:47:38,0.0,0.0
SPX,2027-02-19,182,Call,3300.0,SPX270219C03300000,4408.5,4432.4,4420.45,0.0,0.0,0.0,0.0,0.0,0.5111,0.9954,0.0,0.9726,0.0,16.0144,4420.8468,0.0,0.0,0.0,4397.44995117188,no_change,,0.0,0.0
SPX,2027-02-19,182,Put,3300.0,SPX270219P03300000,5.9,6.3,6.1,6.08,-0.42,-6.46154,4.0,138.0,0.5268,-0.0062,0.0,0.9723,-0.132,-0.2638,6.1629,6.08,6.08,6.08,6.5,no_change,2026-08-21T14:31:11,0.0,0.0
SPX,2027-02-19,182,Call,3400.0,SPX270219C03400000,4311.2,4335.1,4323.15,3462.46,0.0,0.0,0.0,10.0,0.5008,0.9947,0.0,1.0613,0.0,16.4772,4323.5854,0.0,0.0,0.0,4299.84985351562,up,2026-04-09T09:52:31,0.0,0.0
SPX,2027-02-19,182,Put,3400.0,SPX270219P03400000,6.5,6.8,6.65,6.6,-0.5,-7.04226,6.0,363.0,0.5149,-0.0069,0.0,1.061,-0.1412,-0.291,6.7194,6.6,6.6,6.6,7.10000014305115,down,2026-08-21T12:15:44,0.0,0.0
SPX,2027-02-19,182,Call,3500.0,SPX270219C03500000,4214.0,4237.9,4225.95,3925.1,0.0,0.0,0.0,20.0,0.4913,0.994,0.0,1.1553,0.0,16.9382,4226.3558,0.0,0.0,0.0,4203.4501953125,up,2026-06-26T09:57:56,0.0,0.0
SPX,2027-02-19,182,Put,3500.0,SPX270219P03500000,7.0,7.4,7.2,7.2,0.0,0.0,0.0,2006.0,0.5034,-0.0076,0.0,1.1549,-0.1506,-0.32,7.3078,0.0,0.0,0.0,7.70000004768372,no_change,2026-08-17T11:24:06,0.0,0.0
SPX,2027-02-19,182,Call,3600.0,SPX270219C03600000,4116.8,4140.7,4128.75,0.0,0.0,0.0,0.0,0.0,0.4814,0.9932,0.0,1.2558,0.0,17.3971,4129.1592,0.0,0.0,0.0,4106.10009765625,no_change,,0.0,0.0
SPX,2027-02-19,182,Put,3600.0,SPX270219P03600000,7.6,8.0,7.8,7.9,-0.4,-4.81928,2.0,163.0,0.4927,-0.0084,0.0,1.2554,-0.1602,-0.3511,7.9291,7.9,7.9,7.9,8.30000019073486,no_change,2026-08-21T09:51:24,0.0,0.0
SPX,2027-02-19,182,Call,3700.0,SPX270219C03700000,4019.7,4043.5,4031.6,0.0,0.0,0.0,0.0,0.0,0.472,0.9924,0.0,1.3637,-0.0049,17.8532,4031.998,0.0,0.0,0.0,4009.29992675781,no_change,,0.0,0.0
SPX,2027-02-19,182,Put,3700.0,SPX270219P03700000,8.3,8.6,8.45,8.54,-0.46,-5.11111,2.0,168.0,0.4815,-0.0092,0.0,1.3634,-0.1702,-0.3849,8.5858,8.6,8.6,8.54,9.0,down,2026-08-21T09:45:50,0.0,0.0
SPX,2027-02-19,182,Call,3800.0,SPX270219C03800000,3922.6,3946.4,3934.5,0.0,0.0,0.0,0.0,0.0,0.4623,0.9916,0.0,1.4788,-0.0191,18.3064,3934.8753,0.0,0.0,0.0,3911.65002441406,no_change,,0.0,0.0
SPX,2027-02-19,182,Put,3800.0,SPX270219P03800000,9.0,9.3,9.15,9.65,0.0,0.0,0.0,401.0,0.4709,-0.01,0.0,1.4789,-0.1805,-0.4218,9.2855,0.0,0.0,0.0,9.80000019073486,up,2026-08-20T10:15:29,0.0,0.0
SPX,2027-02-19,182,Call,3850.0,SPX270219C03850000,3874.0,3897.9,3885.95,0.0,0.0,0.0,0.0,0.0,0.4578,0.9911,0.0,1.5388,-0.0264,18.5319,3886.3294,0.0,0.0,0.0,3863.15002441406,no_change,,0.0,0.0
SPX,2027-02-19,182,Put,3850.0,SPX270219P03850000,9.3,9.7,9.5,9.5,-0.7,-6.86274,7.0,796.0,0.4655,-0.0105,0.0,1.5389,-0.1857,-0.4413,9.6486,9.4,9.5,9.4,10.1999998092651,no_change,2026-08-21T13:36:48,0.0,0.0
SPX,2027-02-19,182,Call,3900.0,SPX270219C03900000,3825.5,3849.4,3837.45,0.0,0.0,0.0,0.0,0.0,0.4524,0.9906,0.0,1.6003,-0.0337,18.7567,3837.7944,0.0,0.0,0.0,3815.55004882812,no_change,,0.0,0.0
SPX,2027-02-19,182,Put,3900.0,SPX270219P03900000,9.7,10.1,9.899999999999999,10.2,0.0,0.0,0.0,2092.0,0.4604,-0.011,0.0,1.6005,-0.191,-0.4615,10.0225,0.0,0.0,0.0,10.5999999046326,no_change,2026-08-19T09:30:02,0.0,0.0
SPX,2027-02-19,182,Call,3950.0,SPX270219C03950000,3777.0,3800.9,3788.95,0.0,0.0,0.0,0.0,0.0,0.4477,0.9901,0.0,1.6634,-0.0411,18.9809,3789.2706,0.0,0.0,0.0,3766.94995117188,no_change,,0.0,0.0
SPX,2027-02-19,182,Put,3950.0,SPX270219P03950000,10.1,10.5,10.3,14.2,0.0,0.0,0.0,152.0,0.4556,-0.0115,0.0,1.6632,-0.1963,-0.4822,10.4031,0.0,0.0,0.0,11.0,down,2026-07-31T09:30:02,0.0,0.0
SPX,2027-02-19,182,Call,4000.0,SPX270219C04000000,3728.5,3752.4,3740.45,2909.86,0.0,0.0,0.0,1.0,0.4429,0.9896,0.0,1.7283,-0.0486,19.2043,3740.7583,0.0,0.0,0.0,3717.69995117188,down,2026-03-10T09:46:16,0.0,0.0
SPX,2027-02-19,182,Put,4000.0,SPX270219P04000000,10.5,10.9,10.7,11.4,0.0,0.0,0.0,2003.0,0.4502,-0.012,0.0,1.728,-0.2018,-0.5037,10.7998,0.0,0.0,0.0,11.4000000953674,up,2026-08-20T15:02:55,0.0,0.0
SPX,2027-02-19,182,Call,4050.0,SPX270219C04050000,3680.0,3703.9,3691.95,0.0,0.0,0.0,0.0,0.0,0.4387,0.989,0.0,1.795,-0.0561,19.4271,3692.258,0.0,0.0,0.0,3669.34997558594,no_change,,0.0,0.0
SPX,2027-02-19,182,Put,4050.0,SPX270219P04050000,10.9,11.3,11.100000000000001,17.38,0.0,0.0,0.0,185.0,0.445,-0.0126,0.0,1.7948,-0.2073,-0.526,11.2085,0.0,0.0,0.0,11.8500003814697,up,2026-07-24T10:58:53,0.0,0.0
SPX,2027-02-19,182,Call,4100.0,SPX270219C04100000,3631.6,3655.5,3643.55,0.0,0.0,0.0,0.0,0.0,0.4337,0.9885,0.0,1.8641,-0.0638,19.6491,3643.7701,0.0,0.0,0.0,3620.55004882812,no_change,,0.0,0.0
SPX,2027-02-19,182,Put,4100.0,SPX270219P04100000,11.4,11.7,11.55,11.26,0.0,0.0,0.0,578.0,0.44,-0.0131,0.0,1.8638,-0.213,-0.549,11.6296,0.0,0.0,0.0,12.3000001907349,down,2026-08-14T15:56:00,0.0,0.0
SPX,2027-02-19,182,Call,4150.0,SPX270219C04150000,3583.1,3607.0,3595.05,0.0,0.0,0.0,0.0,0.0,0.4288,0.9879,0.0,1.9356,-0.0715,19.8701,3595.2952,0.0,0.0,0.0,3572.34997558594,no_change,,0.0,0.0
SPX,2027-02-19,182,Put,4150.0,SPX270219P04150000,11.8,12.2,12.0,12.9,0.0,0.0,0.0,83.0,0.4348,-0.0137,0.0,1.9354,-0.2187,-0.5729,12.0637,0.0,0.0,0.0,12.8000001907349,down,2026-08-06T14:00:22,0.0,0.0
SPX,2027-02-19,182,Call,4200.0,SPX270219C04200000,3534.7,3558.6,3546.6499999999996,0.0,0.0,0.0,0.0,0.0,0.4243,0.9873,0.0,2.0099,-0.0793,20.0902,3546.8339,0.0,0.0,0.0,3523.69995117188,no_change,,0.0,0.0
SPX,2027-02-19,182,Put,4200.0,SPX270219P04200000,12.3,12.6,12.45,12.73,0.0,0.0,0.0,128.0,0.43,-0.0143,0.0,2.0099,-0.2246,-0.598,12.515,0.0,0.0,0.0,13.3000001907349,down,2026-08-19T10:04:48,0.0,0.0
SPX,2027-02-19,182,Call,4250.0,SPX270219C04250000,3486.3,3510.2,3498.25,0.0,0.0,0.0,0.0,0.0,0.4198,0.9866,0.0,2.0871,-0.0873,20.309,3498.3871,0.0,0.0,0.0,3475.84997558594,no_change,,0.0,0.0
SPX,2027-02-19,182,Put,4250.0,SPX270219P04250000,12.7,13.1,12.899999999999999,12.9,-0.9,-6.52174,1.0,241.0,0.4249,-0.015,0.0,2.0869,-0.2304,-0.624,12.9736,12.9,12.9,12.9,13.8000001907349,up,2026-08-21T14:41:05,0.0,0.0
SPX,2027-02-19,182,Call,4300.0,SPX270219C04300000,3437.9,3461.8,3449.8500000000004,3345.83,0.0,0.0,0.0,0.0,0.4151,0.986,0.0,2.1672,-0.0953,20.5267,3449.9556,0.0,0.0,0.0,3428.04992675781,down,2026-07-15T11:53:10,0.0,0.0
SPX,2027-02-19,182,Put,4300.0,SPX270219P04300000,13.2,13.6,13.399999999999999,14.6,0.0,0.0,0.0,645.0,0.4201,-0.0156,0.0,2.167,-0.2365,-0.6513,13.4511,0.0,0.0,0.0,14.3000001907349,no_change,2026-08-06T15:29:44,0.0,0.0
SPX,2027-02-19,182,Call,4350.0,SPX270219C04350000,3389.5,3413.4,3401.45,0.0,0.0,0.0,0.0,0.0,0.4105,0.9853,0.0,2.25,-0.1034,20.743,3401.5404,0.0,0.0,0.0,3378.75,no_change,,0.0,0.0
SPX,2027-02-19,182,Put,4350.0,SPX270219P04350000,13.7,14.1,13.899999999999999,13.9,-1.0,-6.71141,2.0,199.0,0.4154,-0.0163,0.0,2.2499,-0.2426,-0.68,13.945,13.9,13.9,13.9,14.9000000953674,no_change,2026-08-21T13:36:48,0.0,0.0
SPX,2027-02-19,182,Call,4400.0,SPX270219C04400000,3341.1,3365.0,3353.05,0.0,0.0,0.0,0.0,0.0,0.4057,0.9846,0.0,2.3356,-0.1117,20.9581,3353.1426,0.0,0.0,0.0,3331.44995117188,no_change,,0.0,0.0
SPX,2027-02-19,182,Put,4400.0,SPX270219P04400000,14.3,14.6,14.45,14.7,0.0,0.0,0.0,502.0,0.4102,-0.017,0.0,2.3354,-0.2488,-0.7099,14.4562,0.0,0.0,0.0,15.4000000953674,down,2026-08-19T15:55:51,0.0,0.0
SPX,2027-02-19,182,Call,4450.0,SPX270219C04450000,3292.8,3316.7,3304.75,0.0,0.0,0.0,0.0,0.0,0.4014,0.9838,0.0,2.4236,-0.1201,21.1718,3304.7631,0.0,0.0,0.0,3282.0,no_change,,0.0,0.0
SPX,2027-02-19,182,Put,4450.0,SPX270219P04450000,14.8,15.2,15.0,15.1,0.0,0.0,0.0,226.0,0.4054,-0.0178,0.0,2.4235,-0.2552,-0.7411,14.9857,0.0,0.0,0.0,16.0000004768372,down,2026-08-19T11:20:11,0.0,0.0
SPX,2027-02-19,182,Call,4500.0,SPX270219C04500000,3244.5,3268.3,3256.4,3002.36,0.0,0.0,0.0,1.0,0.397,0.983,0.0,2.5142,-0.1286,21.3844,3256.4029,0.0,0.0,0.0,3233.80004882812,down,2026-06-23T15:59:59,0.0,0.0
SPX,2027-02-19,182,Put,4500.0,SPX270219P04500000,15.4,15.7,15.55,15.41,-1.19,-7.16867,2.0,1156.0,0.4006,-0.0185,0.0,2.5144,-0.2618,-0.7737,15.5391,15.41,15.41,15.41,16.5999994277954,no_change,2026-08-21T14:31:11,0.0,0.0
SPX,2027-02-19,182,Call,4550.0,SPX270219C04550000,3196.2,3220.0,3208.1,0.0,0.0,0.0,0.0,0.0,0.3925,0.9822,0.0,2.6074,-0.1372,21.5957,3208.0629,0.0,0.0,0.0,3186.69995117188,no_change,,0.0,0.0
SPX,2027-02-19,182,Put,4550.0,SPX270219P04550000,16.0,16.3,16.15,17.4,0.0,0.0,0.0,127.0,0.396,-0.0194,0.0,2.6076,-0.2684,-0.8074,16.1082,0.0,0.0,0.0,17.25,up,2026-08-20T15:09:30,0.0,0.0
SPX,2027-02-19,182,Call,4600.0,SPX270219C04600000,3147.9,3171.7,3159.8,0.0,0.0,0.0,0.0,0.0,0.3879,0.9814,0.0,2.7035,-0.146,21.8058,3159.7442,0.0,0.0,0.0,3138.39990234375,no_change,,0.0,0.0
SPX,2027-02-19,182,Put,4600.0,SPX270219P04600000,16.6,17.0,16.8,17.0,-0.9,-5.02794,2.0,199.0,0.3912,-0.0202,0.0,2.7038,-0.2752,-0.8423,16.6985,17.1,17.1,17.0,17.9000005722046,down,2026-08-21T10:26:08,0.0,0.0
SPX,2027-02-19,182,Call,4625.0,SPX270219C04625000,3123.7,3147.6,3135.6499999999996,0.0,0.0,0.0,0.0,0.0,0.3854,0.981,0.0,2.7528,-0.1504,21.9103,3135.5932,0.0,0.0,0.0,3114.25,no_change,,0.0,0.0
SPX,2027-02-19,182,Put,4625.0,SPX270219P04625000,16.9,17.2,17.049999999999997,17.3,0.0,0.0,0.0,761.0,0.3888,-0.0207,0.0,2.7531,-0.2786,-0.8603,17.002,0.0,0.0,0.0,18.1999998092651,up,2026-08-19T15:47:28,0.0,0.0
SPX,2027-02-19,182,Call,4650.0,SPX270219C04650000,3099.6,3123.5,3111.55,3120.5,30.25,0.978885,4.0,1.0,0.3833,0.9805,0.0,2.8031,-0.1549,22.0145,3111.4478,3120.36,3120.67,3120.36,3090.25,down,2026-08-21T12:16:38,0.0,0.0
SPX,2027-02-19,182,Put,4650.0,SPX270219P04650000,17.2,17.5,17.35,17.3,-1.25,-6.73854,1.0,470.0,0.3865,-0.0211,0.0,2.8034,-0.2821,-0.8786,17.3111,17.3,17.3,17.3,18.5499992370605,down,2026-08-21T11:52:21,0.0,0.0
SPX,2027-02-19,182,Call,4675.0,SPX270219C04675000,3075.5,3099.3,3087.4,0.0,0.0,0.0,0.0,0.0,0.3812,0.98,0.0,2.8543,-0.1594,22.1183,3087.3084,0.0,0.0,0.0,3066.04992675781,no_change,,0.0,0.0
SPX,2027-02-19,182,Put,4675.0,SPX270219P04675000,17.5,17.8,17.65,28.02,0.0,0.0,0.0,42.0,0.3841,-0.0216,0.0,2.8543,-0.2856,-0.8972,17.6244,0.0,0.0,0.0,18.9000005722046,up,2026-07-17T15:00:33,0.0,0.0
SPX,2027-02-19,182,Call,4700.0,SPX270219C04700000,3052.1,3075.2,3063.6499999999996,3170.41,0.0,0.0,0.0,2800.0,0.3823,0.9796,0.0,2.9065,-0.164,22.2216,3063.1749,0.0,0.0,0.0,3042.0,up,2026-08-14T15:19:01,0.0,0.0
SPX,2027-02-19,182,Put,4700.0,SPX270219P04700000,17.8,18.2,18.0,19.25,0.0,0.0,0.0,1025.0,0.3818,-0.022,0.0,2.9065,-0.2891,-0.9163,17.9455,0.0,0.0,0.0,19.25,no_change,2026-08-20T15:02:05,0.0,0.0
SPX,2027-02-19,182,Call,4725.0,SPX270219C04725000,3036.4,3042.0,3039.2,0.0,0.0,0.0,0.0,0.0,0.3754,0.9791,0.0,2.9598,-0.1686,22.3246,3039.0477,0.0,0.0,0.0,3017.90002441406,no_change,,0.0,0.0
SPX,2027-02-19,182,Put,4725.0,SPX270219P04725000,18.2,18.6,18.4,29.3,0.0,0.0,0.0,20.0,0.3796,-0.0225,0.0,2.9598,-0.2927,-0.9358,18.2703,0.0,0.0,0.0,19.5999994277954,no_change,2026-07-24T15:28:33,0.0,0.0
SPX,2027-02-19,182,Call,4750.0,SPX270219C04750000,3012.9,3017.5,3015.2,3122.16,0.0,0.0,0.0,2800.0,0.3755,0.9786,0.0,3.0143,-0.1732,22.427,3014.927,0.0,0.0,0.0,2993.90002441406,up,2026-08-14T15:19:01,0.0,0.0
SPX,2027-02-19,182,Put,4750.0,SPX270219P04750000,18.5,18.8,18.65,18.3,0.0,0.0,0.0,47.0,0.3772,-0.023,0.0,3.0143,-0.2963,-0.9559,18.6065,0.0,0.0,0.0,19.9500007629395,down,2026-08-13T09:49:14,0.0,0.0
SPX,2027-02-19,182,Call,4775.0,SPX270219C04775000,2988.6,2993.7,2991.1499999999996,0.0,0.0,0.0,0.0,0.0,0.3714,0.9781,0.0,3.07,-0.1779,22.529,2990.8128,0.0,0.0,0.0,2969.69995117188,no_change,,0.0,0.0
SPX,2027-02-19,182,Put,4775.0,SPX270219P04775000,18.8,19.2,19.0,36.93,0.0,0.0,0.0,25.0,0.375,-0.0235,0.0,3.07,-0.3,-0.9764,18.9445,0.0,0.0,0.0,20.3500003814697,down,2026-06-08T12:47:35,0.0,0.0
SPX,2027-02-19,182,Call,4800.0,SPX270219C04800000,2964.7,2969.3,2967.0,3012.78,0.0,0.0,0.0,1.0,0.3693,0.9776,0.0,3.1268,-0.1826,22.6304,2966.7056,0.0,0.0,0.0,2945.75,up,2026-08-19T15:21:04,0.0,0.0
SPX,2027-02-19,182,Put,4800.0,SPX270219P04800000,19.2,19.6,19.4,19.4,0.0,0.0,0.0,160.0,0.3726,-0.024,0.0,3.1268,-0.3037,-0.9975,19.2941,0.0,0.0,0.0,20.6999998092651,down,2026-08-19T15:21:04,0.0,0.0
SPX,2027-02-19,182,Call,4825.0,SPX270219C04825000,2940.4,2945.5,2942.95,0.0,0.0,0.0,0.0,0.0,0.3664,0.977,0.0,3.1848,-0.1873,22.7312,2942.6054,0.0,0.0,0.0,2921.64990234375,no_change,,0.0,0.0
SPX,2027-02-19,182,Put,4825.0,SPX270219P04825000,19.6,19.9,19.75,21.4,0.0,0.0,0.0,60.0,0.3704,-0.0245,0.0,3.1849,-0.3074,-1.0192,19.6463,0.0,0.0,0.0,21.0499992370605,up,2026-08-18T09:40:43,0.0,0.0
SPX,2027-02-19,182,Call,4850.0,SPX270219C04850000,2916.5,2921.1,2918.8,0.0,0.0,0.0,0.0,0.0,0.3648,0.9765,0.0,3.244,-0.1921,22.8315,2918.5126,0.0,0.0,0.0,2897.59997558594,no_change,,0.0,0.0
SPX,2027-02-19,182,Put,4850.0,SPX270219P04850000,19.9,20.3,20.1,20.5,0.0,0.0,0.0,208.0,0.3681,-0.0251,0.0,3.244,-0.3112,-1.0414,20.0101,0.0,0.0,0.0,21.5,up,2026-08-19T13:53:14,0.0,0.0
SPX,2027-02-19,182,Call,4875.0,SPX270219C04875000,2892.0,2897.3,2894.65,0.0,0.0,0.0,0.0,0.0,0.3626,0.976,0.0,3.3044,-0.197,22.9312,2894.4275,0.0,0.0,0.0,2873.59997558594,no_change,,0.0,0.0
SPX,2027-02-19,182,Put,4875.0,SPX270219P04875000,20.3,20.6,20.450000000000003,20.9,0.0,0.0,0.0,208.0,0.3658,-0.0256,0.0,3.3045,-0.315,-1.0643,20.3775,0.0,0.0,0.0,21.8500003814697,no_change,2026-08-19T13:44:14,0.0,0.0
SPX,2027-02-19,182,Call,4900.0,SPX270219C04900000,2868.4,2872.9,2870.65,0.0,0.0,0.0,0.0,0.0,0.36,0.9754,0.0,3.3659,-0.2018,23.0302,2870.3502,0.0,0.0,0.0,2849.5,no_change,,0.0,0.0
SPX,2027-02-19,182,Put,4900.0,SPX270219P04900000,20.7,21.1,20.9,22.3,0.0,0.0,0.0,542.0,0.3636,-0.0262,0.0,3.3659,-0.319,-1.0877,20.7566,0.0,0.0,0.0,22.3000001907349,up,2026-08-18T15:47:09,0.0,0.0
SPX,2027-02-19,182,Call,4925.0,SPX270219C04925000,2844.2,2849.2,2846.7,0.0,0.0,0.0,0.0,0.0,0.3579,0.9748,0.0,3.4285,-0.2068,23.1287,2846.2811,0.0,0.0,0.0,2825.44995117188,no_change,,0.0,0.0
SPX,2027-02-19,182,Put,4925.0,SPX270219P04925000,21.1,21.4,21.25,22.79,0.0,0.0,0.0,125.0,0.3612,-0.0268,0.0,3.4285,-0.3229,-1.1117,21.142,0.0,0.0,0.0,22.6499996185303,up,2026-08-18T15:49:18,0.0,0.0
SPX,2027-02-19,182,Call,4950.0,SPX270219C04950000,2820.2,2824.7,2822.45,0.0,0.0,0.0,0.0,0.0,0.3562,0.9742,0.0,3.4921,-0.2118,23.2265,2822.2204,0.0,0.0,0.0,2801.45007324219,no_change,,0.0,0.0
SPX,2027-02-19,182,Put,4950.0,SPX270219P04950000,21.5,21.8,21.65,23.2,0.0,0.0,0.0,317.0,0.359,-0.0274,0.0,3.4921,-0.3269,-1.1364,21.5357,0.0,0.0,0.0,23.1499996185303,up,2026-08-18T15:48:46,0.0,0.0
SPX,2027-02-19,182,Call,4975.0,SPX270219C04975000,2796.1,2801.0,2798.55,2559.46,0.0,0.0,0.0,1.0,0.3535,0.9736,0.0,3.5568,-0.2168,23.3237,2798.1684,0.0,0.0,0.0,2777.40002441406,up,2026-07-24T14:53:04,0.0,0.0
SPX,2027-02-19,182,Put,4975.0,SPX270219P04975000,21.9,22.2,22.049999999999997,35.34,0.0,0.0,0.0,136.0,0.3568,-0.028,0.0,3.5568,-0.3309,-1.1616,21.9382,0.0,0.0,0.0,23.5499992370605,up,2026-07-29T12:12:31,0.0,0.0
SPX,2027-02-19,182,Call,5000.0,SPX270219C05000000,2772.3,2776.7,2774.5,2887.4,0.0,0.0,0.0,1231.0,0.3518,0.973,0.0,3.6225,-0.2219,23.4204,2774.1253,0.0,0.0,0.0,2753.45007324219,up,2026-08-13T12:46:50,0.0,0.0
SPX,2027-02-19,182,Put,5000.0,SPX270219P05000000,22.3,22.7,22.5,24.01,0.0,0.0,0.0,2743.0,0.3546,-0.0286,0.0,3.6227,-0.3349,-1.1875,22.3482,0.0,0.0,0.0,23.9500007629395,down,2026-08-20T15:02:58,0.0,0.0
SPX,2027-02-19,182,Call,5025.0,SPX270219C05025000,2747.7,2752.9,2750.3,1937.71,0.0,0.0,0.0,1.0,0.3492,0.9724,0.0,3.6892,-0.227,23.5165,2750.0914,0.0,0.0,0.0,2729.45007324219,up,2026-03-17T10:25:05,0.0,0.0
SPX,2027-02-19,182,Put,5025.0,SPX270219P05025000,22.7,23.1,22.9,24.76,0.0,0.0,0.0,203.0,0.3524,-0.0292,0.0,3.6892,-0.3391,-1.2139,22.7702,0.0,0.0,0.0,24.4500007629395,up,2026-08-18T11:06:59,0.0,0.0
SPX,2027-02-19,182,Call,5050.0,SPX270219C05050000,2724.2,2728.6,2726.3999999999996,0.0,0.0,0.0,0.0,0.0,0.3472,0.9717,0.0,3.7569,-0.2322,23.612,2726.067,0.0,0.0,0.0,2705.5,no_change,,0.0,0.0
SPX,2027-02-19,182,Put,5050.0,SPX270219P05050000,23.1,23.5,23.3,25.3,0.0,0.0,0.0,370.0,0.3502,-0.0299,0.0,3.7569,-0.3433,-1.2408,23.2002,0.0,0.0,0.0,24.9500007629395,up,2026-08-18T09:40:22,0.0,0.0
SPX,2027-02-19,182,Call,5075.0,SPX270219C05075000,2700.1,2704.9,2702.5,2786.54,0.0,0.0,0.0,1.0,0.3451,0.971,0.0,3.8257,-0.2375,23.707,2702.0522,0.0,0.0,0.0,2681.54992675781,down,2026-08-05T11:23:58,0.0,0.0
SPX,2027-02-19,182,Put,5075.0,SPX270219P05075000,23.5,24.0,23.75,23.4,0.0,0.0,0.0,160.0,0.3481,-0.0306,0.0,3.8257,-0.3475,-1.2684,23.64,0.0,0.0,0.0,25.3500003814697,down,2026-08-14T09:44:39,0.0,0.0
SPX,2027-02-19,182,Call,5100.0,SPX270219C05100000,2676.3,2680.6,2678.45,0.0,0.0,0.0,0.0,0.0,0.3433,0.9704,0.0,3.8957,-0.2428,23.8014,2678.0474,0.0,0.0,0.0,2657.55004882812,no_change,,0.0,0.0
SPX,2027-02-19,182,Put,5100.0,SPX270219P05100000,24.0,24.4,24.2,24.2,-1.65,-6.38298,3.0,197.0,0.3457,-0.0312,0.0,3.8957,-0.3518,-1.2965,24.0896,24.2,24.2,24.2,25.8500003814697,down,2026-08-21T14:31:15,0.0,0.0
SPX,2027-02-19,182,Call,5125.0,SPX270219C05125000,2652.1,2656.9,2654.5,2758.53,0.0,0.0,0.0,1.0,0.3411,0.9697,0.0,3.9669,-0.2481,23.8952,2654.0528,0.0,0.0,0.0,2633.59997558594,down,2026-08-17T09:37:17,0.0,0.0
SPX,2027-02-19,182,Put,5125.0,SPX270219P05125000,24.4,24.9,24.65,26.73,0.0,0.0,0.0,187.0,0.3437,-0.0319,0.0,3.9669,-0.3562,-1.3252,24.5495,0.0,0.0,0.0,26.3500003814697,up,2026-08-18T11:06:24,0.0,0.0
SPX,2027-02-19,182,Call,5150.0,SPX270219C05150000,2628.3,2632.6,2630.45,0.0,0.0,0.0,0.0,0.0,0.3391,0.9689,0.0,4.0395,-0.2535,23.9884,2630.0687,0.0,0.0,0.0,2609.69995117188,no_change,,0.0,0.0
SPX,2027-02-19,182,Put,5150.0,SPX270219P05150000,24.9,25.3,25.1,27.3,0.0,0.0,0.0,311.0,0.3416,-0.0326,0.0,4.0395,-0.3606,-1.3545,25.0199,0.0,0.0,0.0,26.8500003814697,down,2026-08-05T15:48:18,0.0,0.0
SPX,2027-02-19,182,Call,5175.0,SPX270219C05175000,2604.2,2608.9,2606.55,0.0,0.0,0.0,0.0,0.0,0.3365,0.9682,0.0,4.1136,-0.259,24.0809,2606.0954,0.0,0.0,0.0,2585.70007324219,no_change,,0.0,0.0
SPX,2027-02-19,182,Put,5175.0,SPX270219P05175000,25.4,25.8,25.6,26.8,0.0,0.0,0.0,62.0,0.3393,-0.0334,0.0,4.1139,-0.365,-1.3846,25.5006,0.0,0.0,0.0,27.3500003814697,down,2026-08-10T15:12:23,0.0,0.0
SPX,2027-02-19,182,Call,5200.0,SPX270219C05200000,2580.4,2584.7,2582.55,2402.34,0.0,0.0,0.0,10.0,0.335,0.9674,0.0,4.1892,-0.2645,24.1727,2582.1331,0.0,0.0,0.0,2561.85009765625,no_change,2026-05-20T16:05:59,0.0,0.0
SPX,2027-02-19,182,Put,5200.0,SPX270219P05200000,25.9,26.3,26.1,25.8,-2.1,-7.52688,3.0,943.0,0.3373,-0.0342,0.0,4.1892,-0.3696,-1.4151,25.9932,25.8,25.8,25.8,27.9000005722046,down,2026-08-21T15:32:36,0.0,0.0
SPX,2027-02-19,182,Call,5225.0,SPX270219C05225000,2556.3,2561.0,2558.65,0.0,0.0,0.0,0.0,0.0,0.3325,0.9667,0.0,4.2665,-0.2701,24.2638,2558.1822,0.0,0.0,0.0,2537.90002441406,no_change,,0.0,0.0
SPX,2027-02-19,182,Put,5225.0,SPX270219P05225000,26.4,26.8,26.6,28.75,0.0,0.0,0.0,211.0,0.3351,-0.0349,0.0,4.2665,-0.3741,-1.4466,26.4968,0.0,0.0,0.0,28.4500007629394,no_change,2026-08-18T16:14:42,0.0,0.0
SPX,2027-02-19,182,Call,5250.0,SPX270219C05250000,2532.6,2536.8,2534.7,0.0,0.0,0.0,0.0,0.0,0.3308,0.9659,0.0,4.3456,-0.2757,24.354,2534.2431,0.0,0.0,0.0,2514.05004882812,no_change,,0.0,0.0
SPX,2027-02-19,182,Put,5250.0,SPX270219P05250000,26.9,27.3,27.1,27.3,0.0,0.0,0.0,417.0,0.3329,-0.0357,0.0,4.346,-0.3787,-1.479,27.0123,0.0,0.0,0.0,29.0,down,2026-08-19T15:47:58,0.0,0.0
SPX,2027-02-19,182,Call,5275.0,SPX270219C05275000,2508.2,2513.1,2510.6499999999996,2164.9,0.0,0.0,0.0,1.0,0.3285,0.9651,0.0,4.4266,-0.2814,24.4432,2510.3162,0.0,0.0,0.0,2490.19995117188,up,2026-05-05T09:52:38,0.0,0.0
SPX,2027-02-19,182,Put,5275.0,SPX270219P05275000,27.4,27.9,27.65,36.5,0.0,0.0,0.0,3023.0,0.3308,-0.0365,0.0,4.4266,-0.3834,-1.512,27.5397,0.0,0.0,0.0,29.5499992370606,down,2026-07-31T15:50:51,0.0,0.0
SPX,2027-02-19,182,Call,5300.0,SPX270219C05300000,2484.8,2488.9,2486.8500000000004,0.0,0.0,0.0,0.0,0.0,0.3266,0.9642,0.0,4.5094,-0.2872,24.5316,2486.4018,0.0,0.0,0.0,2466.34997558594,no_change,,0.0,0.0
SPX,2027-02-19,182,Put,5300.0,SPX270219P05300000,27.9,28.4,28.15,30.48,0.0,0.0,0.0,375.0,0.3286,-0.0374,0.0,4.5094,-0.3882,-1.5462,28.0799,0.0,0.0,0.0,30.1499996185303,up,2026-08-18T11:05:51,0.0,0.0
SPX,2027-02-19,182,Call,5325.0,SPX270219C05325000,2460.7,2465.3,2463.0,0.0,0.0,0.0,0.0,0.0,0.3246,0.9634,0.0,4.5941,-0.293,24.6189,2462.5005,0.0,0.0,0.0,2442.44995117188,no_change,,0.0,0.0
SPX,2027-02-19,182,Put,5325.0,SPX270219P05325000,28.5,28.9,28.7,31.13,0.0,0.0,0.0,89.0,0.3265,-0.0382,0.0,4.5941,-0.393,-1.5814,28.633,0.0,0.0,0.0,30.75,up,2026-08-18T11:05:51,0.0,0.0
SPX,2027-02-19,182,Call,5350.0,SPX270219C05350000,2437.0,2441.1,2439.05,0.0,0.0,0.0,0.0,0.0,0.3222,0.9625,0.0,4.6806,-0.2989,24.7051,2438.6127,0.0,0.0,0.0,2418.65002441406,no_change,,0.0,0.0
SPX,2027-02-19,182,Put,5350.0,SPX270219P05350000,29.0,29.5,29.25,30.9,0.0,0.0,0.0,145.0,0.3244,-0.0391,0.0,4.681,-0.3979,-1.6178,29.1991,0.0,0.0,0.0,31.3500003814697,no_change,2026-08-10T15:40:53,0.0,0.0
SPX,2027-02-19,182,Call,5375.0,SPX270219C05375000,2412.7,2417.5,2415.1,0.0,0.0,0.0,0.0,0.0,0.3204,0.9616,0.0,4.769,-0.3048,24.7902,2414.7388,0.0,0.0,0.0,2394.80004882812,no_change,,0.0,0.0
SPX,2027-02-19,182,Put,5375.0,SPX270219P05375000,29.6,30.1,29.85,30.3,0.0,0.0,0.0,43.0,0.3224,-0.04,0.0,4.769,-0.4028,-1.655,29.7803,0.0,0.0,0.0,31.9500007629394,up,2026-08-19T15:55:41,0.0,0.0
SPX,2027-02-19,182,Call,5400.0,SPX270219C05400000,2389.3,2393.4,2391.3500000000004,1637.81,0.0,0.0,0.0,2.0,0.3184,0.9607,0.0,4.859,-0.3109,24.8743,2390.8794,0.0,0.0,0.0,2371.0,up,2026-03-03T09:51:11,0.0,0.0
SPX,2027-02-19,182,Put,5400.0,SPX270219P05400000,30.2,30.7,30.45,32.5,0.0,0.0,0.0,316.0,0.3203,-0.0409,0.0,4.8591,-0.4078,-1.6936,30.3739,0.0,0.0,0.0,32.5499992370606,no_change,2026-08-20T15:55:28,0.0,0.0
SPX,2027-02-19,182,Call,5425.0,SPX270219C05425000,2365.3,2369.8,2367.55,0.0,0.0,0.0,0.0,0.0,0.3162,0.9597,0.0,4.9506,-0.3169,24.9572,2367.035,0.0,0.0,0.0,2347.25,no_change,,0.0,0.0
SPX,2027-02-19,182,Put,5425.0,SPX270219P05425000,30.8,31.3,31.05,33.68,0.0,0.0,0.0,80.0,0.3183,-0.0419,0.0,4.9506,-0.4129,-1.733,30.9854,0.0,0.0,0.0,33.25,up,2026-08-18T11:05:31,0.0,0.0
SPX,2027-02-19,182,Call,5450.0,SPX270219C05450000,2341.7,2345.7,2343.7,0.0,0.0,0.0,0.0,0.0,0.3145,0.9588,0.0,5.0437,-0.3231,25.0391,2343.206,0.0,0.0,0.0,2323.45007324219,no_change,,0.0,0.0
SPX,2027-02-19,182,Put,5450.0,SPX270219P05450000,31.4,32.0,31.7,34.0,0.0,0.0,0.0,97.0,0.3162,-0.0428,0.0,5.0437,-0.4181,-1.7737,31.6109,0.0,0.0,0.0,33.9500007629394,up,2026-08-20T15:56:26,0.0,0.0
SPX,2027-02-19,182,Call,5475.0,SPX270219C05475000,2317.7,2322.1,2319.8999999999996,0.0,0.0,0.0,0.0,0.0,0.3122,0.9578,0.0,5.1383,-0.3293,25.12,2319.3929,0.0,0.0,0.0,2299.70007324219,no_change,,0.0,0.0
SPX,2027-02-19,182,Put,5475.0,SPX270219P05475000,32.1,32.6,32.35,34.6,0.0,0.0,0.0,103.0,0.3142,-0.0438,0.0,5.1385,-0.4233,-1.8154,32.2511,0.0,0.0,0.0,34.6000003814697,up,2026-08-20T15:33:16,0.0,0.0
SPX,2027-02-19,182,Call,5500.0,SPX270219C05500000,2294.1,2298.1,2296.1,2152.87,0.0,0.0,0.0,10.0,0.3105,0.9567,0.0001,5.2344,-0.3356,25.1998,2295.5961,0.0,0.0,0.0,2276.0,down,2026-06-17T14:05:06,0.0,0.0
SPX,2027-02-19,182,Put,5500.0,SPX270219P05500000,32.7,33.2,32.95,32.9,-2.35,-6.66667,300.0,3107.0,0.3121,-0.0449,0.0001,5.2344,-0.4286,-1.8579,32.9099,32.9,32.9,32.9,35.25,down,2026-08-21T15:58:48,0.0,0.0
SPX,2027-02-19,182,Call,5525.0,SPX270219C05525000,2269.8,2274.5,2272.15,0.0,0.0,0.0,0.0,0.0,0.3082,0.9557,0.0001,5.332,-0.342,25.2787,2271.816,0.0,0.0,0.0,2252.15002441406,no_change,,0.0,0.0
SPX,2027-02-19,182,Put,5525.0,SPX270219P05525000,33.4,33.9,33.65,36.53,0.0,0.0,0.0,104.0,0.3101,-0.0459,0.0001,5.3322,-0.4339,-1.9016,33.5834,0.0,0.0,0.0,36.0,down,2026-08-18T10:00:00,0.0,0.0
SPX,2027-02-19,182,Call,5550.0,SPX270219C05550000,2246.6,2250.5,2248.55,0.0,0.0,0.0,0.0,0.0,0.3065,0.9546,0.0001,5.4311,-0.3484,25.3566,2248.0532,0.0,0.0,0.0,2228.55004882812,no_change,,0.0,0.0
SPX,2027-02-19,182,Put,5550.0,SPX270219P05550000,34.1,34.6,34.35,33.85,0.0,0.0,0.0,512.0,0.3082,-0.047,0.0001,5.4311,-0.4394,-1.9461,34.2759,0.0,0.0,0.0,36.75,down,2026-08-13T09:48:51,0.0,0.0
SPX,2027-02-19,182,Call,5575.0,SPX270219C05575000,2222.4,2227.0,2224.7,0.0,0.0,0.0,0.0,0.0,0.3042,0.9535,0.0001,5.532,-0.3549,25.4336,2224.3079,0.0,0.0,0.0,2204.84997558594,no_change,,0.0,0.0
SPX,2027-02-19,182,Put,5575.0,SPX270219P05575000,34.8,35.3,35.05,34.9,-2.6,-6.93333,12.0,43.0,0.306,-0.0481,0.0001,5.5323,-0.4448,-1.9918,34.9844,35.01,35.01,34.9,37.5,down,2026-08-21T14:14:34,0.0,0.0
SPX,2027-02-19,182,Call,5600.0,SPX270219C05600000,2199.1,2203.0,2201.05,0.0,0.0,0.0,0.0,0.0,0.3023,0.9523,0.0001,5.6347,-0.3615,25.5095,2200.5806,0.0,0.0,0.0,2181.15002441406,no_change,,0.0,0.0
SPX,2027-02-19,182,Put,5600.0,SPX270219P05600000,35.5,36.1,35.8,35.8,-2.5,-6.52741,62.0,1010.0,0.304,-0.0493,0.0001,5.6347,-0.4504,-2.0382,35.7123,36.59,36.6,35.62,38.2999992370606,up,2026-08-21T14:31:15,0.0,0.0
SPX,2027-02-19,182,Call,5625.0,SPX270219C05625000,2175.0,2179.6,2177.3,0.0,0.0,0.0,0.0,0.0,0.3003,0.9512,0.0001,5.7395,-0.3681,25.5843,2176.8718,0.0,0.0,0.0,2157.54992675781,no_change,,0.0,0.0
SPX,2027-02-19,182,Put,5625.0,SPX270219P05625000,36.2,36.8,36.5,36.15,-2.95,-7.54476,2.0,132.0,0.3021,-0.0504,0.0001,5.7398,-0.456,-2.0861,36.4576,36.15,36.15,36.15,39.1000003814697,no_change,2026-08-21T15:18:07,0.0,0.0
SPX,2027-02-19,182,Call,5650.0,SPX270219C05650000,2151.7,2155.6,2153.6499999999996,0.0,0.0,0.0,0.0,0.0,0.2985,0.95,0.0001,5.8466,-0.3748,25.6579,2153.182,0.0,0.0,0.0,2133.89990234375,no_change,,0.0,0.0
SPX,2027-02-19,182,Put,5650.0,SPX270219P05650000,37.0,37.6,37.3,36.91,-2.94,-7.37766,1004.0,721.0,0.3,-0.0516,0.0001,5.8466,-0.4618,-2.1348,37.2227,37.22,37.22,36.91,39.8499984741211,no_change,2026-08-21T15:37:58,0.0,0.0
SPX,2027-02-19,182,Call,5675.0,SPX270219C05675000,2127.6,2132.2,2129.8999999999996,0.0,0.0,0.0,0.0,0.0,0.2967,0.9487,0.0001,5.9561,-0.3816,25.7302,2129.5118,0.0,0.0,0.0,2110.25,no_change,,0.0,0.0
SPX,2027-02-19,182,Put,5675.0,SPX270219P05675000,37.8,38.3,38.05,40.8,0.0,0.0,0.0,52.0,0.2981,-0.0529,0.0001,5.9565,-0.4675,-2.1852,38.0067,0.0,0.0,0.0,40.75,up,2026-08-20T15:01:50,0.0,0.0
SPX,2027-02-19,182,Call,5700.0,SPX270219C05700000,2104.4,2108.3,2106.3500000000004,0.0,0.0,0.0,0.0,0.0,0.2948,0.9475,0.0001,6.0682,-0.3884,25.801,2105.8616,0.0,0.0,0.0,2086.65002441406,no_change,,0.0,0.0
SPX,2027-02-19,182,Put,5700.0,SPX270219P05700000,38.6,39.2,38.900000000000006,41.63,0.0,0.0,0.0,583.0,0.2962,-0.0541,0.0001,6.0682,-0.4734,-2.2366,38.8112,0.0,0.0,0.0,41.6000003814697,up,2026-08-18T13:05:52,0.0,0.0
SPX,2027-02-19,182,Call,5725.0,SPX270219C05725000,2080.4,2084.9,2082.65,0.0,0.0,0.0,0.0,0.0,0.2928,0.9462,0.0001,6.1829,-0.3954,25.8703,2082.2322,0.0,0.0,0.0,2063.15002441406,no_change,,0.0,0.0
SPX,2027-02-19,182,Put,5725.0,SPX270219P05725000,39.4,40.0,39.7,41.85,0.0,0.0,0.0,56.0,0.2942,-0.0554,0.0001,6.1829,-0.4793,-2.2899,39.6363,0.0,0.0,0.0,42.5,up,2026-08-20T14:01:54,0.0,0.0
SPX,2027-02-19,182,Call,5750.0,SPX270219C05750000,2057.2,2061.0,2059.1,0.0,0.0,0.0,0.0,0.0,0.2907,0.9448,0.0001,6.3003,-0.4024,25.9378,2058.6244,0.0,0.0,0.0,2039.59997558594,no_change,,0.0,0.0
SPX,2027-02-19,182,Put,5750.0,SPX270219P05750000,40.2,40.8,40.5,41.16,0.0,0.0,0.0,260.0,0.2923,-0.0568,0.0001,6.3008,-0.4853,-2.345,40.483,0.0,0.0,0.0,43.3999996185303,down,2026-08-19T14:26:37,0.0,0.0
SPX,2027-02-19,182,Call,5775.0,SPX270219C05775000,2033.3,2037.7,2035.5,0.0,0.0,0.0,0.0,0.0,0.289,0.9434,0.0001,6.4203,-0.4094,26.0036,2035.0387,0.0,0.0,0.0,2016.04998779297,no_change,,0.0,0.0
SPX,2027-02-19,182,Put,5775.0,SPX270219P05775000,41.1,41.7,41.400000000000006,44.48,0.0,0.0,0.0,101.0,0.2903,-0.0582,0.0001,6.4203,-0.4914,-2.4015,41.3518,0.0,0.0,0.0,44.2999992370606,up,2026-08-11T15:15:09,0.0,0.0
SPX,2027-02-19,182,Call,5800.0,SPX270219C05800000,2010.1,2013.8,2011.9499999999998,1048.66,0.0,0.0,0.0,2.0,0.287,0.942,0.0001,6.5427,-0.4166,26.0676,2011.4761,0.0,0.0,0.0,1992.54998779297,up,2026-03-31T11:20:36,0.0,0.0
SPX,2027-02-19,182,Put,5800.0,SPX270219P05800000,42.0,42.6,42.3,46.0,0.0,0.0,0.0,1669.0,0.2883,-0.0596,0.0001,6.5427,-0.4975,-2.4601,42.2436,0.0,0.0,0.0,45.2999992370606,up,2026-08-18T09:31:43,0.0,0.0
SPX,2027-02-19,182,Call,5825.0,SPX270219C05825000,1986.2,1990.6,1988.4,0.0,0.0,0.0,0.0,0.0,0.2849,0.9406,0.0001,6.6674,-0.4238,26.1297,1987.9373,0.0,0.0,0.0,1969.15002441406,no_change,,0.0,0.0
SPX,2027-02-19,182,Put,5825.0,SPX270219P05825000,42.9,43.5,43.2,43.94,0.0,0.0,0.0,92.0,0.2864,-0.061,0.0001,6.6674,-0.5037,-2.5204,43.1593,0.0,0.0,0.0,46.2999992370606,no_change,2026-08-17T12:40:02,0.0,0.0
SPX,2027-02-19,182,Call,5850.0,SPX270219C05850000,1963.1,1966.8,1964.9499999999998,955.32,0.0,0.0,0.0,1.0,0.2834,0.9391,0.0001,6.7941,-0.431,26.19,1964.423,0.0,0.0,0.0,1945.69995117188,up,2026-03-30T14:47:18,0.0,0.0
SPX,2027-02-19,182,Put,5850.0,SPX270219P05850000,43.9,44.5,44.2,45.83,0.0,0.0,0.0,309.0,0.2845,-0.0625,0.0001,6.7941,-0.51,-2.5826,44.0995,0.0,0.0,0.0,47.25,down,2026-08-10T10:45:39,0.0,0.0
SPX,2027-02-19,182,Call,5875.0,SPX270219C05875000,1939.3,1943.6,1941.4499999999998,1343.7,0.0,0.0,0.0,6.0,0.2813,0.9376,0.0001,6.9228,-0.4384,26.2487,1940.934,0.0,0.0,0.0,1922.25,down,2026-02-19T11:24:59,0.0,0.0
SPX,2027-02-19,182,Put,5875.0,SPX270219P05875000,44.8,45.4,45.099999999999994,44.95,-3.35,-6.93582,1.0,204.0,0.2826,-0.064,0.0001,6.9228,-0.5163,-2.6465,45.0649,44.95,44.95,44.95,48.2999992370606,down,2026-08-21T13:23:42,0.0,0.0
SPX,2027-02-19,182,Call,5900.0,SPX270219C05900000,1916.2,1919.8,1918.0,1318.72,0.0,0.0,0.0,2.0,0.2794,0.936,0.0001,7.0532,-0.4458,26.3057,1917.4709,0.0,0.0,0.0,1898.85003662109,down,2026-03-04T10:28:29,0.0,0.0
SPX,2027-02-19,182,Put,5900.0,SPX270219P05900000,45.8,46.4,46.099999999999994,45.95,-3.4,-6.88956,1.0,1982.0,0.2807,-0.0656,0.0001,7.0532,-0.5227,-2.712,46.0563,45.95,45.95,45.95,49.3500003814697,down,2026-08-21T13:23:42,0.0,0.0
SPX,2027-02-19,182,Call,5925.0,SPX270219C05925000,1892.6,1896.6,1894.6,1134.9,0.0,0.0,0.0,1.0,0.2777,0.9344,0.0001,7.1854,-0.4533,26.3611,1894.0344,0.0,0.0,0.0,1875.44995117188,down,2026-03-13T12:25:38,0.0,0.0
SPX,2027-02-19,182,Put,5925.0,SPX270219P05925000,46.8,47.5,47.15,49.5,0.0,0.0,0.0,95.0,0.2788,-0.0672,0.0001,7.1854,-0.5292,-2.779,47.0743,0.0,0.0,0.0,50.4499988555908,down,2026-08-10T12:38:45,0.0,0.0
SPX,2027-02-19,182,Call,5950.0,SPX270219C05950000,1869.3,1872.9,1871.1,1214.75,0.0,0.0,0.0,5.0,0.2759,0.9327,0.0001,7.3195,-0.4609,26.4151,1870.6251,0.0,0.0,0.0,1852.20001220703,down,2026-03-05T13:18:59,0.0,0.0
SPX,2027-02-19,182,Put,5950.0,SPX270219P05950000,47.9,48.5,48.2,49.66,0.0,0.0,0.0,315.0,0.2769,-0.0689,0.0001,7.3195,-0.5358,-2.8475,48.1196,0.0,0.0,0.0,51.6000003814697,up,2026-08-17T13:13:27,0.0,0.0
SPX,2027-02-19,182,Call,5975.0,SPX270219C05975000,1845.6,1849.8,1847.6999999999998,1958.06,0.0,0.0,0.0,6.0,0.274,0.931,0.0001,7.4557,-0.4685,26.4676,1847.2436,0.0,0.0,0.0,1828.84997558594,down,2026-08-14T12:10:06,0.0,0.0
SPX,2027-02-19,182,Put,5975.0,SPX270219P05975000,49.0,49.6,49.3,49.62,0.0,0.0,0.0,179.0,0.2751,-0.0706,0.0001,7.4557,-0.5424,-2.9176,49.1925,0.0,0.0,0.0,52.75,up,2026-08-19T12:03:35,0.0,0.0
SPX,2027-02-19,182,Call,6000.0,SPX270219C06000000,1822.6,1826.2,1824.4,1826.76,21.16,1.17191,6.0,4127.0,0.273,0.9292,0.0001,7.5942,-0.4762,26.5184,1823.8905,1828.1,1828.1,1826.76,1805.59997558594,down,2026-08-21T14:55:32,0.0,0.0
SPX,2027-02-19,182,Put,6000.0,SPX270219P06000000,50.1,50.7,50.400000000000006,49.95,-3.95,-7.32839,6.0,4953.0,0.2732,-0.0723,0.0001,7.5942,-0.5491,-2.9892,50.2938,50.3,50.3,49.95,53.8999996185303,down,2026-08-21T14:55:32,0.0,0.0
SPX,2027-02-19,182,Call,6025.0,SPX270219C06025000,1799.0,1803.1,1801.05,1893.92,0.0,0.0,0.0,4.0,0.2703,0.9274,0.0001,7.7353,-0.4839,26.5676,1800.5663,0.0,0.0,0.0,1782.34997558594,up,2026-08-10T11:13:57,0.0,0.0
SPX,2027-02-19,182,Put,6025.0,SPX270219P06025000,51.2,51.8,51.5,54.95,0.0,0.0,0.0,233.0,0.2713,-0.0741,0.0001,7.7353,-0.5558,-3.0625,51.4242,0.0,0.0,0.0,55.1000003814697,up,2026-08-18T13:15:51,0.0,0.0
SPX,2027-02-19,182,Call,6050.0,SPX270219C06050000,1776.0,1779.5,1777.75,1353.94,0.0,0.0,0.0,1.0,0.2685,0.9256,0.0001,7.8794,-0.4918,26.6148,1777.272,0.0,0.0,0.0,1759.20001220703,down,2026-04-21T15:20:20,0.0,0.0
SPX,2027-02-19,182,Put,6050.0,SPX270219P06050000,52.2,53.0,52.6,51.96,-4.39,-7.7906,9.0,662.0,0.2695,-0.076,0.0001,7.8794,-0.5626,-3.1378,52.5843,51.96,51.96,51.96,56.3500003814697,no_change,2026-08-21T15:38:29,0.0,0.0
SPX,2027-02-19,182,Call,6075.0,SPX270219C06075000,1752.5,1756.6,1754.55,1707.54,0.0,0.0,0.0,1.0,0.2665,0.9237,0.0001,8.0268,-0.4996,26.6598,1754.0082,0.0,0.0,0.0,1735.95001220703,up,2026-08-03T15:52:43,0.0,0.0
SPX,2027-02-19,182,Put,6075.0,SPX270219P06075000,53.4,54.1,53.75,58.09,0.0,0.0,0.0,253.0,0.2675,-0.0779,0.0001,8.0268,-0.5695,-3.2152,53.775,0.0,0.0,0.0,57.6000003814697,up,2026-08-18T09:43:00,0.0,0.0
SPX,2027-02-19,182,Call,6100.0,SPX270219C06100000,1729.6,1733.0,1731.3,1777.53,0.0,0.0,0.0,62.0,0.2649,0.9218,0.0001,8.1774,-0.5076,26.7025,1730.7759,0.0,0.0,0.0,1712.84997558594,up,2026-08-19T13:15:18,0.0,0.0
SPX,2027-02-19,182,Put,6100.0,SPX270219P06100000,54.6,55.4,55.0,58.4,0.0,0.0,0.0,639.0,0.2658,-0.0798,0.0001,8.1774,-0.5764,-3.2951,54.9972,0.0,0.0,0.0,58.8999996185303,up,2026-08-20T14:06:16,0.0,0.0
SPX,2027-02-19,182,Call,6125.0,SPX270219C06125000,1706.1,1710.1,1708.1,1070.84,0.0,0.0,0.0,32.0,0.2631,0.9197,0.0001,8.3314,-0.5155,26.7425,1707.5762,0.0,0.0,0.0,1689.70001220703,up,2026-04-10T15:28:28,0.0,0.0
SPX,2027-02-19,182,Put,6125.0,SPX270219P06125000,56.0,56.6,56.3,56.56,0.0,0.0,0.0,168.0,0.2639,-0.0819,0.0001,8.3314,-0.5834,-3.3776,56.252,0.0,0.0,0.0,60.25,up,2026-08-19T12:03:35,0.0,0.0
SPX,2027-02-19,182,Call,6150.0,SPX270219C06150000,1683.2,1686.7,1684.95,869.36,0.0,0.0,0.0,27.0,0.2613,0.9177,0.0001,8.4885,-0.5236,26.7797,1684.4102,0.0,0.0,0.0,1666.65002441406,up,2026-04-07T11:30:53,0.0,0.0
SPX,2027-02-19,182,Put,6150.0,SPX270219P06150000,57.3,57.9,57.599999999999994,59.2,0.0,0.0,0.0,824.0,0.2621,-0.0839,0.0001,8.4885,-0.5904,-3.4628,57.5404,0.0,0.0,0.0,61.6000003814697,no_change,2026-08-20T12:49:21,0.0,0.0
SPX,2027-02-19,182,Call,6175.0,SPX270219C06175000,1659.8,1663.8,1661.8,983.28,0.0,0.0,0.0,2.0,0.2594,0.9156,0.0001,8.6485,-0.5317,26.8141,1661.279,0.0,0.0,0.0,1643.59997558594,down,2026-04-08T10:53:08,0.0,0.0
SPX,2027-02-19,182,Put,6175.0,SPX270219P06175000,58.5,59.3,58.9,62.7,0.0,0.0,0.0,1407.0,0.2603,-0.086,0.0001,8.6485,-0.5975,-3.5509,58.8638,0.0,0.0,0.0,63.0,down,2026-08-18T15:53:37,0.0,0.0
SPX,2027-02-19,182,Call,6200.0,SPX270219C06200000,1637.1,1640.4,1638.75,1715.93,0.0,0.0,0.0,69.0,0.2576,0.9134,0.0001,8.8111,-0.5398,26.8458,1638.1838,0.0,0.0,0.0,1620.65002441406,up,2026-08-05T11:52:34,0.0,0.0
SPX,2027-02-19,182,Put,6200.0,SPX270219P06200000,59.9,60.6,60.25,59.6,-4.85,-7.52521,18.0,1105.0,0.2585,-0.0882,0.0001,8.8111,-0.6047,-3.6418,60.223,59.53,59.6,59.19,64.4500007629394,up,2026-08-21T15:51:04,0.0,0.0
SPX,2027-02-19,182,Call,6225.0,SPX270219C06225000,1613.6,1617.6,1615.6,1644.46,0.0,0.0,0.0,1.0,0.2558,0.9112,0.0001,8.9758,-0.548,26.8747,1615.1256,0.0,0.0,0.0,1597.59997558594,down,2026-08-18T15:19:44,0.0,0.0
SPX,2027-02-19,182,Put,6225.0,SPX270219P06225000,61.3,62.0,61.65,62.05,0.0,0.0,0.0,358.0,0.2566,-0.0904,0.0001,8.9758,-0.6119,-3.7353,61.6193,0.0,0.0,0.0,65.8999977111816,up,2026-08-19T12:34:37,0.0,0.0
SPX,2027-02-19,182,Call,6250.0,SPX270219C06250000,1591.0,1594.3,1592.65,1638.14,0.0,0.0,0.0,19.0,0.2541,0.9088,0.0001,9.1425,-0.5563,26.9012,1592.1055,0.0,0.0,0.0,1574.75,up,2026-08-04T11:25:28,0.0,0.0
SPX,2027-02-19,182,Put,6250.0,SPX270219P06250000,62.7,63.5,63.1,64.62,-2.78,-4.12463,2.0,1453.0,0.2548,-0.0927,0.0001,9.1425,-0.6191,-3.8313,63.0536,64.62,64.62,64.62,67.3999977111816,down,2026-08-21T10:15:28,0.0,0.0
SPX,2027-02-19,182,Call,6275.0,SPX270219C06275000,1567.7,1571.6,1569.65,1225.96,0.0,0.0,0.0,10.0,0.2523,0.9065,0.0001,9.3109,-0.5646,26.9254,1569.1244,0.0,0.0,0.0,1551.79998779297,up,2026-04-27T09:36:35,0.0,0.0
SPX,2027-02-19,182,Put,6275.0,SPX270219P06275000,64.1,65.0,64.55,64.2,-4.75,-6.88905,43.0,1013.0,0.253,-0.0951,0.0001,9.3109,-0.6264,-3.9296,64.527,64.39,64.39,64.2,68.9500007629394,down,2026-08-21T14:04:21,0.0,0.0
SPX,2027-02-19,182,Call,6300.0,SPX270219C06300000,1545.1,1548.4,1546.75,1557.38,0.0,0.0,0.0,13.0,0.2504,0.9041,0.0001,9.4812,-0.5729,26.9475,1546.1832,0.0,0.0,0.0,1529.0,up,2026-08-20T12:36:48,0.0,0.0
SPX,2027-02-19,182,Put,6300.0,SPX270219P06300000,65.7,66.5,66.1,65.55,-4.95,-7.02128,161.0,1736.0,0.2512,-0.0975,0.0001,9.4812,-0.6337,-4.03,66.0402,67.4,67.4,65.3,70.5,no_change,2026-08-21T15:17:05,0.0,0.0
SPX,2027-02-19,182,Call,6325.0,SPX270219C06325000,1521.9,1525.7,1523.8000000000002,1428.05,0.0,0.0,0.0,10.0,0.2486,0.9016,0.0001,9.6536,-0.5812,26.9674,1523.2825,0.0,0.0,0.0,1506.14996337891,up,2026-06-17T15:08:29,0.0,0.0
SPX,2027-02-19,182,Put,6325.0,SPX270219P06325000,67.2,68.0,67.6,70.52,0.0,0.0,0.0,921.0,0.2494,-0.1,0.0001,9.6536,-0.641,-4.1326,67.594,0.0,0.0,0.0,72.2000007629394,no_change,2026-08-20T13:15:41,0.0,0.0
SPX,2027-02-19,182,Call,6350.0,SPX270219C06350000,1499.4,1502.6,1501.0,1508.63,25.18,1.6974,1.0,182.0,0.247,0.899,0.0001,9.8284,-0.5896,26.985,1500.4233,1508.63,1508.63,1508.63,1483.44995117188,down,2026-08-21T15:44:59,0.0,0.0
SPX,2027-02-19,182,Put,6350.0,SPX270219P06350000,68.8,69.5,69.15,68.57,-5.43,-7.33784,11.0,1160.0,0.2476,-0.1026,0.0001,9.8284,-0.6484,-4.2375,69.1893,69.8,69.8,67.67,74.0,up,2026-08-21T15:51:04,0.0,0.0
SPX,2027-02-19,182,Call,6375.0,SPX270219C06375000,1476.3,1480.1,1478.1999999999998,1016.6,0.0,0.0,0.0,5.0,0.2452,0.8964,0.0001,10.0063,-0.598,27.0001,1477.6066,0.0,0.0,0.0,1460.75,down,2026-04-15T12:05:05,0.0,0.0
SPX,2027-02-19,182,Put,6375.0,SPX270219P06375000,70.5,71.3,70.9,75.8,0.0,0.0,0.0,384.0,0.2459,-0.1052,0.0001,10.0063,-0.6558,-4.3449,70.827,0.0,0.0,0.0,75.6500015258789,up,2026-08-20T15:02:16,0.0,0.0
SPX,2027-02-19,182,Call,6400.0,SPX270219C06400000,1453.9,1457.0,1455.45,1528.77,0.0,0.0,0.0,86.0,0.2435,0.8936,0.0001,10.1876,-0.6065,27.0122,1454.8333,0.0,0.0,0.0,1438.10003662109,up,2026-08-12T11:06:33,0.0,0.0
SPX,2027-02-19,182,Put,6400.0,SPX270219P06400000,72.2,72.9,72.55000000000001,72.26,-5.14,-6.64082,28.0,823.0,0.2441,-0.1079,0.0001,10.1876,-0.6633,-4.4552,72.5083,72.32,72.36,72.23,77.3999977111816,down,2026-08-21T13:34:34,0.0,0.0
SPX,2027-02-19,182,Call,6425.0,SPX270219C06425000,1430.8,1434.5,1432.65,980.05,0.0,0.0,0.0,2.0,0.2415,0.8909,0.0001,10.3725,-0.6149,27.021,1432.1049,0.0,0.0,0.0,1415.40002441406,up,2026-04-15T12:08:43,0.0,0.0
SPX,2027-02-19,182,Put,6425.0,SPX270219P06425000,73.9,74.7,74.30000000000001,73.87,-5.38,-6.78864,6.0,216.0,0.2423,-0.1107,0.0001,10.3725,-0.6708,-4.569,74.2344,73.9,73.9,73.77,79.25,up,2026-08-21T13:50:51,0.0,0.0
SPX,2027-02-19,182,Call,6450.0,SPX270219C06450000,1408.5,1411.6,1410.05,1531.67,0.0,0.0,0.0,57.0,0.2399,0.888,0.0001,10.5613,-0.6234,27.026,1409.4228,0.0,0.0,0.0,1392.89996337891,down,2026-08-13T11:06:52,0.0,0.0
SPX,2027-02-19,182,Put,6450.0,SPX270219P06450000,75.7,76.4,76.05000000000001,75.65,-5.45,-6.7201,3.0,2077.0,0.2405,-0.1136,0.0001,10.5613,-0.6782,-4.6864,76.0068,76.38,76.38,75.65,81.1000022888184,down,2026-08-21T14:04:00,0.0,0.0
SPX,2027-02-19,182,Call,6475.0,SPX270219C06475000,1385.8,1389.2,1387.5,1507.42,0.0,0.0,0.0,6.0,0.2381,0.8851,0.0001,10.7536,-0.6319,27.027,1386.7888,0.0,0.0,0.0,1370.35003662109,down,2026-08-13T11:08:07,0.0,0.0
SPX,2027-02-19,182,Put,6475.0,SPX270219P06475000,77.5,78.3,77.9,82.56,0.0,0.0,0.0,406.0,0.2388,-0.1165,0.0001,10.7536,-0.6857,-4.808,77.8273,0.0,0.0,0.0,83.0499992370606,down,2026-08-18T14:32:02,0.0,0.0
SPX,2027-02-19,182,Call,6500.0,SPX270219C06500000,1363.3,1366.4,1364.85,1362.26,14.36,1.06536,2.0,243.0,0.2364,0.8821,0.0002,10.949,-0.6404,27.0238,1364.2047,1363.6,1363.6,1362.26,1347.89996337891,down,2026-08-21T14:29:58,0.0,0.0
SPX,2027-02-19,182,Put,6500.0,SPX270219P06500000,79.4,80.2,79.80000000000001,79.4,-5.6,-6.58824,139.0,2711.0,0.237,-0.1195,0.0002,10.949,-0.6932,-4.9337,79.6976,81.2,81.63,78.89,85.0,down,2026-08-21T15:58:48,0.0,0.0
SPX,2027-02-19,182,Call,6525.0,SPX270219C06525000,1340.4,1344.2,1342.3000000000002,1380.34,0.0,0.0,0.0,30.0,0.2353,0.879,0.0002,11.1469,-0.6489,27.0165,1341.6723,0.0,0.0,0.0,1325.5,up,2026-08-18T13:04:26,0.0,0.0
SPX,2027-02-19,182,Put,6525.0,SPX270219P06525000,81.3,82.1,81.69999999999999,87.2,0.0,0.0,0.0,271.0,0.2353,-0.1226,0.0002,11.1469,-0.7007,-5.0634,81.6197,0.0,0.0,0.0,87.0499992370606,up,2026-08-18T12:31:07,0.0,0.0
SPX,2027-02-19,182,Call,6550.0,SPX270219C06550000,1318.3,1321.4,1319.85,1140.61,0.0,0.0,0.0,10.0,0.2334,0.8758,0.0002,11.3468,-0.6574,27.0055,1319.1934,0.0,0.0,0.0,1303.10003662109,down,2026-07-23T12:29:45,0.0,0.0
SPX,2027-02-19,182,Put,6550.0,SPX270219P06550000,83.3,84.0,83.65,82.82,-6.28,-7.04826,10.0,600.0,0.2335,-0.1258,0.0002,11.3468,-0.7082,-5.1969,83.5952,82.82,82.82,82.82,89.1000022888184,up,2026-08-21T11:42:59,0.0,0.0
SPX,2027-02-19,182,Call,6575.0,SPX270219C06575000,1295.6,1299.3,1297.4499999999998,1305.9,25.05,1.95573,4.0,5.0,0.2316,0.8725,0.0002,11.5482,-0.6659,26.991,1296.7692,1306.26,1306.26,1305.9,1280.84997558594,down,2026-08-21T12:16:38,0.0,0.0
SPX,2027-02-19,182,Put,6575.0,SPX270219P06575000,85.2,86.1,85.65,87.35,0.0,0.0,0.0,332.0,0.2318,-0.1291,0.0002,11.5482,-0.7156,-5.334,85.6255,0.0,0.0,0.0,91.25,up,2026-08-19T09:47:55,0.0,0.0
SPX,2027-02-19,182,Call,6600.0,SPX270219C06600000,1273.6,1276.6,1275.1,734.73,0.0,0.0,0.0,348.0,0.2299,0.8691,0.0002,11.7509,-0.6743,26.9734,1274.4016,0.0,0.0,0.0,1258.60003662109,up,2026-04-13T14:30:21,0.0,0.0
SPX,2027-02-19,182,Put,6600.0,SPX270219P06600000,87.4,88.2,87.80000000000001,93.27,0.0,0.0,0.0,3501.0,0.23,-0.1325,0.0002,11.7509,-0.7231,-5.474,87.7124,0.0,0.0,0.0,93.4500007629394,no_change,2026-08-20T14:36:27,0.0,0.0
SPX,2027-02-19,182,Call,6625.0,SPX270219C06625000,1251.0,1254.6,1252.8,1125.31,0.0,0.0,0.0,31.0,0.2282,0.8656,0.0002,11.9552,-0.6828,26.9528,1252.0917,0.0,0.0,0.0,1236.45001220703,down,2026-07-17T11:15:01,0.0,0.0
SPX,2027-02-19,182,Put,6625.0,SPX270219P06625000,89.4,90.4,89.9,94.05,0.0,0.0,0.0,189.0,0.2283,-0.1359,0.0002,11.9552,-0.7306,-5.617,89.8569,0.0,0.0,0.0,95.75,up,2026-08-20T11:36:45,0.0,0.0
SPX,2027-02-19,182,Call,6650.0,SPX270219C06650000,1229.0,1232.1,1230.55,1226.66,12.41,1.02203,1.0,8.0,0.2263,0.8621,0.0002,12.1615,-0.6912,26.9293,1229.8409,1226.66,1226.66,1226.66,1214.25,down,2026-08-21T09:37:55,0.0,0.0
SPX,2027-02-19,182,Put,6650.0,SPX270219P06650000,91.7,92.5,92.1,91.5,-6.55,-6.68026,534.0,201.0,0.2265,-0.1395,0.0002,12.1615,-0.738,-5.7631,92.0606,94.65,94.65,91.5,98.0499992370606,down,2026-08-21T13:11:15,0.0,0.0
SPX,2027-02-19,182,Call,6675.0,SPX270219C06675000,1206.6,1210.1,1208.35,1082.76,0.0,0.0,0.0,356.0,0.2248,0.8584,0.0002,12.3705,-0.6996,26.9022,1207.6508,0.0,0.0,0.0,1192.20001220703,up,2026-07-17T11:16:10,0.0,0.0
SPX,2027-02-19,182,Put,6675.0,SPX270219P06675000,93.9,94.9,94.4,93.9,-6.55,-6.52066,4.0,3530.0,0.2247,-0.1432,0.0002,12.3705,-0.7454,-5.9127,94.325,93.9,93.9,93.9,100.450000762939,down,2026-08-21T14:03:15,0.0,0.0
SPX,2027-02-19,182,Call,6700.0,SPX270219C06700000,1184.8,1187.8,1186.3,1175.7,0.0,0.0,0.0,1629.0,0.223,0.8546,0.0002,12.5827,-0.708,26.8711,1185.5231,0.0,0.0,0.0,1170.29998779297,up,2026-08-20T14:21:35,0.0,0.0
SPX,2027-02-19,182,Put,6700.0,SPX270219P06700000,96.4,97.1,96.75,96.6,-6.25,-6.07681,1.0,1203.0,0.223,-0.1469,0.0002,12.5827,-0.7528,-6.0663,96.6518,96.6,96.6,96.6,102.849998474121,down,2026-08-21T14:28:00,0.0,0.0
SPX,2027-02-19,182,Call,6725.0,SPX270219C06725000,1162.5,1166.0,1164.25,1040.78,0.0,0.0,0.0,30.0,0.2212,0.8508,0.0002,12.7987,-0.7163,26.8351,1163.4602,0.0,0.0,0.0,1148.25,down,2026-07-17T11:14:08,0.0,0.0
SPX,2027-02-19,182,Put,6725.0,SPX270219P06725000,98.6,99.6,99.1,103.89,0.0,0.0,0.0,4348.0,0.2213,-0.1508,0.0002,12.7987,-0.7601,-6.2248,99.0433,0.0,0.0,0.0,105.400001525879,up,2026-08-20T14:01:54,0.0,0.0
SPX,2027-02-19,182,Call,6750.0,SPX270219C06750000,1140.8,1143.7,1142.25,1224.4,0.0,0.0,0.0,573.0,0.2195,0.8468,0.0002,13.0184,-0.7246,26.7935,1141.4646,0.0,0.0,0.0,1126.40002441406,up,2026-08-12T15:14:38,0.0,0.0
SPX,2027-02-19,182,Put,6750.0,SPX270219P06750000,101.2,102.0,101.6,100.79,-7.21,-6.67593,6.0,564.0,0.2195,-0.1548,0.0002,13.0184,-0.7674,-6.3888,101.5023,100.09,101.3,100.09,108.0,no_change,2026-08-21T15:18:07,0.0,0.0
SPX,2027-02-19,182,Call,6775.0,SPX270219C06775000,1118.9,1122.4,1120.65,1217.8,0.0,0.0,0.0,105.0,0.218,0.8427,0.0002,13.2415,-0.7328,26.7461,1119.5393,0.0,0.0,0.0,1104.70001220703,up,2026-08-04T15:23:52,0.0,0.0
SPX,2027-02-19,182,Put,6775.0,SPX270219P06775000,103.7,104.7,104.2,103.11,-7.49,-6.77215,16.0,1919.0,0.2178,-0.1589,0.0002,13.2415,-0.7746,-6.5588,104.0314,103.11,103.11,103.11,110.599998474121,down,2026-08-21T11:44:40,0.0,0.0
SPX,2027-02-19,182,Call,6800.0,SPX270219C06800000,1097.0,1100.0,1098.5,1102.22,19.32,1.7841,10.0,3193.0,0.216,0.8385,0.0002,13.4672,-0.741,26.6928,1097.6875,1095.05,1102.22,1091.76,1082.90002441406,up,2026-08-21T15:34:31,0.0,0.0
SPX,2027-02-19,182,Put,6800.0,SPX270219P06800000,106.3,107.2,106.75,105.7,-7.65,-6.74901,163.0,3181.0,0.216,-0.1631,0.0002,13.4672,-0.7817,-6.7346,106.6341,109.0,109.13,105.7,113.349998474121,down,2026-08-21T15:34:31,0.0,0.0
SPX,2027-02-19,182,Call,6825.0,SPX270219C06825000,1075.0,1078.4,1076.7,880.18,0.0,0.0,0.0,5436.0,0.2144,0.8342,0.0002,13.6945,-0.7491,26.6337,1075.9122,0.0,0.0,0.0,1061.34997558594,down,2026-07-27T13:05:56,0.0,0.0
SPX,2027-02-19,182,Put,6825.0,SPX270219P06825000,109.0,110.0,109.5,111.95,0.0,0.0,0.0,444.0,0.2144,-0.1674,0.0002,13.6945,-0.7888,-6.9161,109.3132,0.0,0.0,0.0,116.200000762939,up,2026-08-20T12:50:41,0.0,0.0
SPX,2027-02-19,182,Call,6850.0,SPX270219C06850000,1053.6,1056.5,1055.05,877.13,0.0,0.0,0.0,4229.0,0.2125,0.8297,0.0002,13.9226,-0.7571,26.5699,1054.2161,0.0,0.0,0.0,1039.75,down,2026-07-31T11:27:50,0.0,0.0
SPX,2027-02-19,182,Put,6850.0,SPX270219P06850000,111.8,112.6,112.19999999999999,110.39,-8.66,-7.27425,1.0,2023.0,0.2126,-0.1719,0.0002,13.9226,-0.7958,-7.1024,112.0716,110.39,110.39,110.39,119.049999237061,down,2026-08-21T11:41:44,0.0,0.0
SPX,2027-02-19,182,Call,6875.0,SPX270219C06875000,1031.9,1035.0,1033.45,841.35,0.0,0.0,0.0,3850.0,0.2109,0.8252,0.0002,14.151,-0.765,26.5017,1032.6019,0.0,0.0,0.0,1018.29998779297,down,2026-07-31T10:16:03,0.0,0.0
SPX,2027-02-19,182,Put,6875.0,SPX270219P06875000,114.6,115.6,115.1,114.86,-7.14,-5.85246,8.0,539.0,0.2108,-0.1764,0.0002,14.151,-0.8027,-7.2931,114.9119,114.77,114.86,114.77,122.0,up,2026-08-21T12:57:56,0.0,0.0
SPX,2027-02-19,182,Call,6900.0,SPX270219C06900000,1010.5,1013.3,1011.9,1020.01,23.11,2.31818,9.0,8785.0,0.2091,0.8204,0.0002,14.3799,-0.7729,26.4295,1011.0719,1004.57,1020.01,1004.57,996.900024414062,up,2026-08-21T11:06:23,0.0,0.0
SPX,2027-02-19,182,Put,6900.0,SPX270219P06900000,117.6,118.4,118.0,117.21,-7.84,-6.26949,24.0,3262.0,0.2091,-0.1812,0.0002,14.3799,-0.8096,-7.4878,117.8363,120.8,120.8,117.21,125.049999237061,down,2026-08-21T11:35:02,0.0,0.0
SPX,2027-02-19,182,Call,6925.0,SPX270219C06925000,989.0,992.0,990.5,838.88,0.0,0.0,0.0,669.0,0.2074,0.8156,0.0002,14.6098,-0.7806,26.3531,989.6284,0.0,0.0,0.0,975.549987792969,up,2026-07-28T11:44:55,0.0,0.0
SPX,2027-02-19,182,Put,6925.0,SPX270219P06925000,120.5,121.5,121.0,119.7,0.0,0.0,0.0,1175.0,0.2074,-0.186,0.0002,14.6098,-0.8163,-7.6867,120.8473,0.0,0.0,0.0,128.100002288818,up,2026-08-19T15:48:49,0.0,0.0
SPX,2027-02-19,182,Call,6950.0,SPX270219C06950000,967.7,970.5,969.1,776.42,0.0,0.0,0.0,2567.0,0.2056,0.8106,0.0002,14.8417,-0.7883,26.2719,968.2743,0.0,0.0,0.0,954.400024414062,up,2026-07-29T13:24:43,0.0,0.0
SPX,2027-02-19,182,Put,6950.0,SPX270219P06950000,123.6,124.5,124.05,122.7,-8.7,-6.62101,91.0,1624.0,0.2056,-0.191,0.0002,14.8417,-0.823,-7.8904,123.9478,122.53,122.7,122.46,131.400001525879,up,2026-08-21T15:30:22,0.0,0.0
SPX,2027-02-19,182,Call,6975.0,SPX270219C06975000,946.3,949.5,947.9,1025.12,0.0,0.0,0.0,533.0,0.204,0.8055,0.0002,15.0762,-0.7958,26.1845,947.0129,0.0,0.0,0.0,933.25,up,2026-08-04T13:01:14,0.0,0.0
SPX,2027-02-19,182,Put,6975.0,SPX270219P06975000,126.8,127.8,127.3,126.9,-7.85,-5.8256,65.0,222.0,0.204,-0.1961,0.0002,15.0762,-0.8295,-8.1003,127.1408,128.07,128.07,126.9,134.75,down,2026-08-21T14:25:44,0.0,0.0
SPX,2027-02-19,182,Call,7000.0,SPX270219C07000000,925.3,928.1,926.7,930.32,18.07,1.98082,14157.0,5025.0,0.2022,0.8002,0.0003,15.3138,-0.8032,26.0899,925.8483,923.41,946.93,921.4,912.25,up,2026-08-21T15:34:31,0.0,0.0
SPX,2027-02-19,182,Put,7000.0,SPX270219P07000000,130.1,131.0,130.55,129.94,-8.21,-5.94282,14189.0,5114.0,0.2022,-0.2014,0.0003,15.3138,-0.8359,-8.3174,130.4307,133.6,133.6,128.44,138.150001525879,up,2026-08-21T15:54:16,0.0,0.0
SPX,2027-02-19,182,Call,7025.0,SPX270219C07025000,904.2,907.1,905.6500000000001,908.87,0.0,0.0,0.0,68.0,0.2005,0.7948,0.0003,15.5542,-0.8104,25.9872,904.785,0.0,0.0,0.0,891.25,up,2026-08-04T09:49:12,0.0,0.0
SPX,2027-02-19,182,Put,7025.0,SPX270219P07025000,133.4,134.5,133.95,132.15,-9.45,-6.67373,9.0,388.0,0.2005,-0.2068,0.0003,15.5542,-0.8421,-8.5426,133.8219,136.67,136.67,132.15,141.600006103516,no_change,2026-08-21T11:45:42,0.0,0.0
SPX,2027-02-19,182,Call,7050.0,SPX270219C07050000,883.3,886.1,884.7,948.06,0.0,0.0,0.0,275.0,0.1988,0.7892,0.0003,15.7962,-0.8176,25.8761,883.8282,0.0,0.0,0.0,870.450012207031,up,2026-08-04T12:31:10,0.0,0.0
SPX,2027-02-19,182,Put,7050.0,SPX270219P07050000,136.9,137.9,137.4,138.25,-7.05,-4.85203,2.0,3730.0,0.1988,-0.2124,0.0003,15.7962,-0.8482,-8.7761,137.3194,138.25,138.25,138.25,145.299995422363,down,2026-08-21T11:21:10,0.0,0.0
SPX,2027-02-19,182,Call,7075.0,SPX270219C07075000,862.4,865.3,863.8499999999999,867.42,17.67,2.07944,1.0,477.0,0.1971,0.7835,0.0003,16.0386,-0.8245,25.7573,862.9826,867.42,867.42,867.42,849.75,down,2026-08-21T15:19:20,0.0,0.0
SPX,2027-02-19,182,Put,7075.0,SPX270219P07075000,140.5,141.6,141.05,140.1,-8.9,-5.97315,39.0,554.0,0.1971,-0.2181,0.0003,16.0387,-0.8542,-9.0175,140.9285,139.34,140.49,139.34,149.0,down,2026-08-21T15:17:31,0.0,0.0
SPX,2027-02-19,182,Call,7100.0,SPX270219C07100000,841.8,844.5,843.15,885.7,0.0,0.0,0.0,549.0,0.1954,0.7776,0.0003,16.2802,-0.8313,25.6318,842.2528,0.0,0.0,0.0,829.199981689453,down,2026-08-19T15:35:44,0.0,0.0
SPX,2027-02-19,182,Put,7100.0,SPX270219P07100000,144.2,145.2,144.7,144.22,-8.63,-5.64606,2.0,1443.0,0.1953,-0.224,0.0003,16.2802,-0.8599,-9.2654,144.6532,144.18,144.22,144.18,152.849998474121,up,2026-08-21T13:32:45,0.0,0.0
SPX,2027-02-19,182,Call,7125.0,SPX270219C07125000,820.9,824.0,822.45,784.42,0.0,0.0,0.0,167.0,0.1937,0.7715,0.0003,16.5201,-0.8379,25.5008,821.6431,0.0,0.0,0.0,808.699981689453,down,2026-07-14T13:48:46,0.0,0.0
SPX,2027-02-19,182,Put,7125.0,SPX270219P07125000,147.9,149.1,148.5,157.34,0.0,0.0,0.0,275.0,0.1937,-0.2301,0.0003,16.5201,-0.8655,-9.5189,148.4978,0.0,0.0,0.0,156.799995422363,up,2026-08-20T15:55:35,0.0,0.0
SPX,2027-02-19,182,Call,7150.0,SPX270219C07150000,800.7,803.3,802.0,796.06,7.66,0.971589,4.0,59.0,0.192,0.7652,0.0003,16.7584,-0.8443,25.3647,801.1568,795.46,796.06,795.23,788.399993896484,up,2026-08-21T10:20:49,0.0,0.0
SPX,2027-02-19,182,Put,7150.0,SPX270219P07150000,151.8,153.0,152.4,151.03,-9.82,-6.10507,16.0,940.0,0.192,-0.2364,0.0003,16.7584,-0.8709,-9.7775,152.4661,155.29,155.32,151.03,160.849998474121,down,2026-08-21T11:57:53,0.0,0.0
SPX,2027-02-19,182,Call,7175.0,SPX270219C07175000,780.2,783.2,781.7,774.53,6.43,0.83713,36.0,82.0,0.1903,0.7588,0.0003,16.9958,-0.8505,25.223,780.7979,775.53,775.61,773.9,768.100006103516,down,2026-08-21T10:21:07,0.0,0.0
SPX,2027-02-19,182,Put,7175.0,SPX270219P07175000,156.0,157.1,156.55,156.2,-8.8,-5.33333,36.0,469.0,0.1903,-0.2428,0.0003,16.9959,-0.8761,-10.0418,156.5617,158.6,159.4,154.2,165.0,up,2026-08-21T14:06:16,0.0,0.0
SPX,2027-02-19,182,Call,7200.0,SPX270219C07200000,760.1,762.7,761.4000000000001,766.97,18.92,2.52924,5.0,2728.0,0.1886,0.7522,0.0003,17.2336,-0.8564,25.074,760.571,769.62,769.62,766.97,748.050018310547,down,2026-08-21T12:36:10,0.0,0.0
SPX,2027-02-19,182,Put,7200.0,SPX270219P07200000,160.2,161.3,160.75,161.05,-8.45,-4.98525,28.0,848.0,0.1886,-0.2494,0.0003,17.2336,-0.8811,-10.3132,160.7892,164.15,164.15,159.9,169.5,up,2026-08-21T16:10:30,0.0,0.0
SPX,2027-02-19,182,Call,7225.0,SPX270219C07225000,739.8,742.8,741.3,835.92,0.0,0.0,0.0,437.0,0.187,0.7454,0.0003,17.4721,-0.8622,24.9158,740.4818,0.0,0.0,0.0,728.0,down,2026-08-10T11:17:23,0.0,0.0
SPX,2027-02-19,182,Put,7225.0,SPX270219P07225000,164.6,165.7,165.14999999999998,165.35,-8.65,-4.97126,8.0,903.0,0.1869,-0.2562,0.0003,17.4721,-0.8858,-10.5939,165.1546,167.14,167.14,164.13,174.0,up,2026-08-21T16:10:30,0.0,0.0
SPX,2027-02-19,182,Call,7250.0,SPX270219C07250000,720.2,722.4,721.3,792.08,0.0,0.0,0.0,458.0,0.1853,0.7384,0.0003,17.7113,-0.8677,24.747,720.5371,0.0,0.0,0.0,708.25,down,2026-08-06T11:09:59,0.0,0.0
SPX,2027-02-19,182,Put,7250.0,SPX270219P07250000,169.0,170.1,169.55,168.82,-9.78,-5.47592,2.0,1421.0,0.1852,-0.2632,0.0003,17.7113,-0.8903,-10.8852,169.6642,171.3,171.3,168.82,178.599998474121,down,2026-08-21T11:33:21,0.0,0.0
SPX,2027-02-19,182,Call,7275.0,SPX270219C07275000,700.4,702.6,701.5,795.14,0.0,0.0,0.0,111.0,0.1836,0.7312,0.0003,17.9499,-0.8729,24.5671,700.744,0.0,0.0,0.0,688.599975585938,down,2026-08-11T10:55:50,0.0,0.0
SPX,2027-02-19,182,Put,7275.0,SPX270219P07275000,173.7,174.8,174.25,183.2,0.0,0.0,0.0,1644.0,0.1836,-0.2704,0.0003,17.9499,-0.8945,-11.1876,174.3256,0.0,0.0,0.0,183.400001525879,no_change,2026-08-20T15:55:00,0.0,0.0
SPX,2027-02-19,182,Call,7300.0,SPX270219C07300000,680.7,682.9,681.8,783.59,0.0,0.0,0.0,1905.0,0.182,0.7238,0.0003,18.186,-0.8778,24.3774,681.1098,0.0,0.0,0.0,669.050018310547,down,2026-08-13T12:20:23,0.0,0.0
SPX,2027-02-19,182,Put,7300.0,SPX270219P07300000,178.3,179.6,178.95,182.4,-5.9,-3.1333,3.0,1325.0,0.182,-0.2778,0.0003,18.186,-0.8984,-11.4998,179.1459,182.4,182.4,182.4,188.300003051758,no_change,2026-08-21T10:20:09,0.0,0.0
SPX,2027-02-19,182,Call,7325.0,SPX270219C07325000,661.2,663.5,662.35,503.7,0.0,0.0,0.0,611.0,0.1804,0.7162,0.0004,18.4179,-0.8824,24.1796,661.641,0.0,0.0,0.0,649.649993896484,down,2026-07-31T10:16:03,0.0,0.0
SPX,2027-02-19,182,Put,7325.0,SPX270219P07325000,183.3,184.5,183.9,187.4,-6.0,-3.10238,3.0,190.0,0.1803,-0.2854,0.0004,18.4179,-0.902,-11.8201,184.1316,187.4,187.4,187.4,193.399993896484,no_change,2026-08-21T10:20:09,0.0,0.0
SPX,2027-02-19,182,Call,7350.0,SPX270219C07350000,641.9,644.2,643.05,732.95,0.0,0.0,0.0,2052.0,0.1787,0.7084,0.0004,18.6447,-0.8867,23.9758,642.3429,0.0,0.0,0.0,630.600006103516,down,2026-08-17T11:41:54,0.0,0.0
SPX,2027-02-19,182,Put,7350.0,SPX270219P07350000,188.4,189.7,189.05,186.2,-12.4,-6.24371,78.0,2637.0,0.1787,-0.2932,0.0004,18.6447,-0.9053,-12.1464,189.288,189.3,189.3,186.2,198.600006103516,no_change,2026-08-21T15:45:11,0.0,0.0
SPX,2027-02-19,182,Call,7375.0,SPX270219C07375000,622.8,625.0,623.9,712.34,0.0,0.0,0.0,211.0,0.1771,0.7003,0.0004,18.8665,-0.8907,23.7658,623.2205,0.0,0.0,0.0,611.549987792969,up,2026-08-07T11:10:17,0.0,0.0
SPX,2027-02-19,182,Put,7375.0,SPX270219P07375000,193.8,195.0,194.4,191.77,-12.33,-6.04116,16.0,451.0,0.1771,-0.3013,0.0004,18.8665,-0.9083,-12.4789,194.6201,191.77,191.77,191.77,204.100006103516,down,2026-08-21T11:44:40,0.0,0.0
SPX,2027-02-19,182,Call,7400.0,SPX270219C07400000,603.8,606.1,604.95,620.12,0.0,0.0,0.0,2904.0,0.1755,0.6921,0.0004,19.0843,-0.8943,23.5481,604.2797,0.0,0.0,0.0,592.799987792969,down,2026-08-20T11:30:48,0.0,0.0
SPX,2027-02-19,182,Put,7400.0,SPX270219P07400000,199.1,200.5,199.8,196.9,-12.85,-6.12634,35.0,1835.0,0.1754,-0.3095,0.0004,19.0843,-0.9109,-12.8191,200.1336,196.78,197.05,196.78,209.75,down,2026-08-21T11:46:50,0.0,0.0
SPX,2027-02-19,182,Call,7425.0,SPX270219C07425000,585.0,587.3,586.15,630.33,0.0,0.0,0.0,84.0,0.1739,0.6836,0.0004,19.2989,-0.8975,23.3197,585.5274,0.0,0.0,0.0,574.100006103516,up,2026-08-19T10:09:49,0.0,0.0
SPX,2027-02-19,182,Put,7425.0,SPX270219P07425000,204.8,206.1,205.45,205.3,-10.3,-4.77737,16.0,697.0,0.1738,-0.318,0.0004,19.2989,-0.9131,-13.17,205.836,205.88,205.88,205.3,215.600006103516,down,2026-08-21T11:03:32,0.0,0.0
SPX,2027-02-19,182,Call,7450.0,SPX270219C07450000,566.4,568.7,567.55,570.77,14.97,2.69342,1.0,4028.0,0.1723,0.6749,0.0004,19.5101,-0.9003,23.0782,566.9731,570.77,570.77,570.77,555.799987792969,down,2026-08-21T15:19:20,0.0,0.0
SPX,2027-02-19,182,Put,7450.0,SPX270219P07450000,210.7,212.0,211.35,210.91,-10.69,-4.82401,4.0,374.0,0.1722,-0.3267,0.0004,19.5101,-0.9149,-13.534,211.736,210.9,210.91,210.89,221.600006103516,up,2026-08-21T13:33:17,0.0,0.0
SPX,2027-02-19,182,Call,7475.0,SPX270219C07475000,548.0,550.4,549.2,425.57,0.0,0.0,0.0,217.0,0.1707,0.666,0.0004,19.7165,-0.9027,22.8231,548.6266,0.0,0.0,0.0,537.5,up,2026-07-31T11:39:18,0.0,0.0
SPX,2027-02-19,182,Put,7475.0,SPX270219P07475000,216.8,218.1,217.45,216.02,-11.88,-5.21281,8.0,494.0,0.1707,-0.3356,0.0004,19.7165,-0.9163,-13.9115,217.8441,216.92,217.34,216.02,227.899993896484,no_change,2026-08-21T15:26:47,0.0,0.0
SPX,2027-02-19,182,Call,7500.0,SPX270219C07500000,530.0,532.2,531.1,528.91,9.31,1.79176,3.0,4266.0,0.1691,0.6568,0.0004,19.9158,-0.9047,22.5568,530.4978,530.6,530.6,526.53,519.600006103516,up,2026-08-21T14:29:58,0.0,0.0
SPX,2027-02-19,182,Put,7500.0,SPX270219P07500000,223.0,224.4,223.7,224.44,-9.86,-4.20828,27.0,2082.0,0.1691,-0.3448,0.0004,19.9158,-0.9173,-14.3004,224.1697,227.75,227.75,222.1,234.300003051758,up,2026-08-21T14:29:58,0.0,0.0
SPX,2027-02-19,182,Call,7525.0,SPX270219C07525000,512.1,514.3,513.2,607.21,0.0,0.0,0.0,557.0,0.1676,0.6474,0.0004,20.1062,-0.9062,22.2823,512.5945,0.0,0.0,0.0,501.5,down,2026-08-14T14:36:26,0.0,0.0
SPX,2027-02-19,182,Put,7525.0,SPX270219P07525000,229.5,230.9,230.2,229.0,-12.05,-4.99896,29.0,185.0,0.1676,-0.3542,0.0004,20.1062,-0.9178,-14.6973,230.7209,233.56,233.56,226.86,241.050003051758,down,2026-08-21T15:11:57,0.0,0.0
SPX,2027-02-19,182,Call,7550.0,SPX270219C07550000,494.5,496.1,495.3,496.07,0.0,0.0,0.0,1530.0,0.166,0.6378,0.0004,20.2867,-0.9072,22.002,494.9234,0.0,0.0,0.0,484.050003051758,down,2026-08-20T13:29:07,0.0,0.0
SPX,2027-02-19,182,Put,7550.0,SPX270219P07550000,236.3,237.7,237.0,234.21,-13.69,-5.52239,2.0,391.0,0.166,-0.3638,0.0004,20.2867,-0.9178,-15.1002,237.5043,234.21,234.21,234.21,247.899993896484,down,2026-08-21T15:45:29,0.0,0.0
SPX,2027-02-19,182,Call,7575.0,SPX270219C07575000,477.1,478.7,477.9,567.46,0.0,0.0,0.0,168.0,0.1645,0.6279,0.0004,20.4575,-0.9077,21.7148,477.4912,0.0,0.0,0.0,466.699996948242,up,2026-08-04T15:52:06,0.0,0.0
SPX,2027-02-19,182,Put,7575.0,SPX270219P07575000,243.3,244.7,244.0,241.35,-13.8,-5.40858,1.0,166.0,0.1646,-0.3737,0.0004,20.4575,-0.9172,-15.5099,244.5265,241.35,241.35,241.35,255.150001525879,down,2026-08-21T12:00:34,0.0,0.0
SPX,2027-02-19,182,Call,7600.0,SPX270219C07600000,459.9,461.5,460.7,467.09,17.34,3.85548,5.0,1153.0,0.163,0.6178,0.0004,20.6192,-0.9077,21.417,460.3062,455.31,467.09,455.31,449.75,up,2026-08-21T11:06:23,0.0,0.0
SPX,2027-02-19,182,Put,7600.0,SPX270219P07600000,250.5,252.0,251.25,248.31,-14.19,-5.40571,19.0,3087.0,0.163,-0.3838,0.0004,20.6192,-0.9162,-15.9301,251.796,257.19,257.19,248.07,262.5,down,2026-08-21T15:45:29,0.0,0.0
SPX,2027-02-19,182,Call,7625.0,SPX270219C07625000,443.0,444.6,443.8,531.43,0.0,0.0,0.0,172.0,0.1616,0.6075,0.0004,20.7718,-0.9071,21.1048,443.3796,0.0,0.0,0.0,433.0,down,2026-08-11T10:55:50,0.0,0.0
SPX,2027-02-19,182,Put,7625.0,SPX270219P07625000,258.1,259.5,258.8,258.7,-11.55,-4.27382,35.0,2318.0,0.1616,-0.3941,0.0004,20.7718,-0.9147,-16.3648,259.3238,264.79,264.79,254.0,270.25,up,2026-08-21T14:24:43,0.0,0.0
SPX,2027-02-19,182,Call,7650.0,SPX270219C07650000,426.3,427.9,427.1,518.27,0.0,0.0,0.0,272.0,0.1601,0.5969,0.0004,20.914,-0.906,20.7774,426.7241,0.0,0.0,0.0,416.600006103516,up,2026-08-14T14:40:46,0.0,0.0
SPX,2027-02-19,182,Put,7650.0,SPX270219P07650000,265.9,267.3,266.6,266.6,-11.6,-4.16967,12.0,518.0,0.1601,-0.4047,0.0004,20.914,-0.9126,-16.8147,267.1229,270.14,270.14,265.15,278.200012207031,up,2026-08-21T13:56:42,0.0,0.0
SPX,2027-02-19,182,Call,7675.0,SPX270219C07675000,410.0,411.5,410.75,400.5,0.0,0.0,0.0,181.0,0.1588,0.5861,0.0004,21.0438,-0.9043,20.438,410.352,0.0,0.0,0.0,400.399993896484,down,2026-08-20T15:44:03,0.0,0.0
SPX,2027-02-19,182,Put,7675.0,SPX270219P07675000,273.9,275.4,274.65,273.0,-13.5,-4.71204,12.0,330.0,0.1587,-0.4155,0.0004,21.0438,-0.9098,-17.2766,275.2053,271.0,274.65,271.0,286.5,down,2026-08-21T15:10:01,0.0,0.0
SPX,2027-02-19,182,Call,7700.0,SPX270219C07700000,393.9,395.6,394.75,386.64,0.0,0.0,0.0,1052.0,0.1572,0.575,0.0005,21.1592,-0.9019,20.0916,394.2726,0.0,0.0,0.0,384.5,down,2026-08-20T15:37:31,0.0,0.0
SPX,2027-02-19,182,Put,7700.0,SPX270219P07700000,282.3,283.8,283.05,281.3,-13.7,-4.64407,14.0,1153.0,0.1572,-0.4266,0.0005,21.1592,-0.9065,-17.7455,283.5804,283.24,283.24,281.3,295.0,down,2026-08-21T15:10:01,0.0,0.0
SPX,2027-02-19,182,Call,7725.0,SPX270219C07725000,378.1,379.7,378.9,448.49,0.0,0.0,0.0,310.0,0.156,0.5638,0.0005,21.2596,-0.899,19.7408,378.4936,0.0,0.0,0.0,368.899993896484,down,2026-08-17T15:49:56,0.0,0.0
SPX,2027-02-19,182,Put,7725.0,SPX270219P07725000,291.0,292.5,291.75,288.0,-15.9,-5.23198,35.0,417.0,0.1559,-0.4378,0.0005,21.2596,-0.9025,-18.2188,292.2557,290.6,293.0,286.7,303.899993896484,down,2026-08-21T15:47:06,0.0,0.0
SPX,2027-02-19,182,Call,7750.0,SPX270219C07750000,362.7,364.3,363.5,364.14,0.0,0.0,0.0,847.0,0.1545,0.5523,0.0005,21.3448,-0.8954,19.3832,363.0222,0.0,0.0,0.0,353.650009155273,down,2026-08-20T13:29:07,0.0,0.0
SPX,2027-02-19,182,Put,7750.0,SPX270219P07750000,300.1,301.5,300.8,299.4,-13.65,-4.36033,47.0,257.0,0.1545,-0.4493,0.0005,21.3448,-0.898,-18.6989,301.2389,298.8,302.1,295.7,313.050003051758,down,2026-08-21T15:57:55,0.0,0.0
SPX,2027-02-19,182,Call,7775.0,SPX270219C07775000,347.6,349.1,348.35,343.1,0.0,0.0,0.0,499.0,0.1532,0.5406,0.0005,21.4145,-0.8912,19.0134,347.8695,0.0,0.0,0.0,338.699996948242,up,2026-08-20T14:22:27,0.0,0.0
SPX,2027-02-19,182,Put,7775.0,SPX270219P07775000,309.4,310.9,310.15,305.6,-17.0,-5.26969,44.0,282.0,0.1532,-0.4609,0.0005,21.4145,-0.8928,-19.1912,310.5408,308.8,312.0,304.6,322.600006103516,down,2026-08-21T15:48:00,0.0,0.0
SPX,2027-02-19,182,Call,7800.0,SPX270219C07800000,332.8,334.4,333.6,338.31,14.11,4.35225,5.0,1609.0,0.1519,0.5288,0.0005,21.4677,-0.8864,18.6281,333.0492,340.44,340.44,338.31,324.199996948242,down,2026-08-21T12:36:10,0.0,0.0
SPX,2027-02-19,182,Put,7800.0,SPX270219P07800000,319.0,320.5,319.75,315.6,-16.85,-5.06843,53.0,501.0,0.1519,-0.4728,0.0005,21.4677,-0.8869,-19.699,320.1748,317.1,320.68,314.4,332.449996948242,down,2026-08-21T15:47:38,0.0,0.0
SPX,2027-02-19,182,Call,7825.0,SPX270219C07825000,318.4,319.9,319.15,316.85,7.0,2.25916,7.0,344.0,0.1507,0.5167,0.0005,21.5031,-0.8808,18.23,318.5746,317.88,317.88,316.85,309.850006103516,down,2026-08-21T14:32:25,0.0,0.0
SPX,2027-02-19,182,Put,7825.0,SPX270219P07825000,329.1,330.6,329.85,328.38,-14.22,-4.15061,255.0,166.0,0.1507,-0.4849,0.0005,21.5031,-0.8803,-20.2196,330.1547,328.38,328.38,328.38,342.600006103516,no_change,2026-08-21T13:07:20,0.0,0.0
SPX,2027-02-19,182,Call,7850.0,SPX270219C07850000,304.3,305.8,305.05,300.8,4.85,1.63879,10.0,510.0,0.1494,0.5045,0.0005,21.5198,-0.8746,17.826,304.4562,300.8,300.8,300.8,295.949996948242,no_change,2026-08-21T10:20:21,0.0,0.0
SPX,2027-02-19,182,Put,7850.0,SPX270219P07850000,339.5,340.9,340.2,339.19,-13.96,-3.953,3.0,570.0,0.1493,-0.4971,0.0005,21.5198,-0.8731,-20.746,340.4907,344.23,344.23,339.19,353.150009155273,down,2026-08-21T11:02:15,0.0,0.0
SPX,2027-02-19,182,Call,7875.0,SPX270219C07875000,290.7,292.2,291.45,293.0,10.6,3.75354,4.0,563.0,0.1483,0.4921,0.0005,21.5176,-0.8677,17.4209,290.6997,294.6,294.6,293.0,282.399993896484,down,2026-08-21T15:13:14,0.0,0.0
SPX,2027-02-19,182,Put,7875.0,SPX270219P07875000,350.2,351.7,350.95,366.35,0.0,0.0,0.0,425.0,0.1482,-0.5095,0.0005,21.5176,-0.8652,-21.2736,351.1888,0.0,0.0,0.0,364.100006103516,up,2026-08-20T15:55:35,0.0,0.0
SPX,2027-02-19,182,Call,7900.0,SPX270219C07900000,277.4,278.7,278.04999999999995,288.5,0.0,0.0,0.0,346.0,0.1471,0.4796,0.0005,21.496,-0.8601,17.0124,277.3105,0.0,0.0,0.0,269.299987792969,down,2026-08-20T10:29:12,0.0,0.0
SPX,2027-02-19,182,Put,7900.0,SPX270219P07900000,361.3,362.6,361.95000000000005,362.04,0.0,0.0,0.0,214.0,0.147,-0.522,0.0005,21.496,-0.8566,-21.8046,362.2539,0.0,0.0,0.0,375.300003051758,down,2026-08-20T10:00:06,0.0,0.0
SPX,2027-02-19,182,Call,7925.0,SPX270219C07925000,264.3,265.7,265.0,267.88,11.43,4.45701,10.0,1549.0,0.146,0.4669,0.0005,21.4537,-0.8519,16.594,264.2965,275.55,275.7,266.82,256.449996948242,no_change,2026-08-21T15:42:43,0.0,0.0
SPX,2027-02-19,182,Put,7925.0,SPX270219P07925000,372.8,374.2,373.5,363.47,0.0,0.0,0.0,152.0,0.1459,-0.5347,0.0005,21.4537,-0.8474,-22.3456,373.6945,0.0,0.0,0.0,387.050003051758,up,2026-08-19T09:47:55,0.0,0.0
SPX,2027-02-19,182,Call,7950.0,SPX270219C07950000,251.8,253.1,252.45,255.13,11.08,4.54005,5.0,1195.0,0.1448,0.4542,0.0005,21.389,-0.843,16.1624,251.6688,255.59,255.59,254.22,244.050003051758,no_change,2026-08-21T15:42:43,0.0,0.0
SPX,2027-02-19,182,Put,7950.0,SPX270219P07950000,384.6,385.9,385.25,379.21,-19.79,-4.9599,2.0,360.0,0.1448,-0.5474,0.0005,21.389,-0.8374,-22.8996,385.5212,379.32,379.32,379.21,399.0,down,2026-08-21T11:58:09,0.0,0.0
SPX,2027-02-19,182,Call,7975.0,SPX270219C07975000,239.6,240.9,240.25,235.46,0.0,0.0,0.0,1016.0,0.1438,0.4413,0.0005,21.3019,-0.8334,15.7226,239.4366,0.0,0.0,0.0,232.049995422363,up,2026-08-20T14:22:27,0.0,0.0
SPX,2027-02-19,182,Put,7975.0,SPX270219P07975000,396.8,398.3,397.55,381.05,0.0,0.0,0.0,111.0,0.1438,-0.5602,0.0005,21.3019,-0.8269,-23.462,397.7435,0.0,0.0,0.0,411.449996948242,up,2026-08-19T14:35:30,0.0,0.0
SPX,2027-02-19,182,Call,8000.0,SPX270219C08000000,227.8,228.9,228.35000000000002,227.78,7.43,3.37191,14146.0,5490.0,0.1427,0.4284,0.0005,21.1938,-0.8231,15.2831,227.6035,226.4,241.08,224.96,220.349998474121,no_change,2026-08-21T14:48:03,0.0,0.0
SPX,2027-02-19,182,Put,8000.0,SPX270219P08000000,409.4,410.7,410.04999999999995,410.58,-13.62,-3.21075,14115.0,4714.0,0.1427,-0.5732,0.0005,21.1938,-0.8156,-24.0239,410.3649,413.85,413.85,400.59,424.199996948242,no_change,2026-08-21T14:48:03,0.0,0.0
SPX,2027-02-19,182,Call,8025.0,SPX270219C08025000,216.4,217.5,216.95,219.0,9.9,4.73458,15.0,144.0,0.1417,0.4155,0.0005,21.066,-0.8122,14.8475,216.1679,226.76,226.76,216.7,209.099998474121,up,2026-08-21T15:32:59,0.0,0.0
SPX,2027-02-19,182,Put,8025.0,SPX270219P08025000,422.4,423.9,423.15,409.12,0.0,0.0,0.0,46.0,0.1417,-0.5861,0.0005,21.066,-0.8037,-24.582,423.3838,0.0,0.0,0.0,437.449996948242,no_change,2026-08-19T13:38:55,0.0,0.0
SPX,2027-02-19,182,Call,8050.0,SPX270219C08050000,205.3,206.5,205.9,207.63,9.38,4.7314,1.0,475.0,0.1407,0.4026,0.0005,20.9174,-0.8007,14.4107,205.1285,207.63,207.63,207.63,198.25,down,2026-08-21T15:25:35,0.0,0.0
SPX,2027-02-19,182,Put,8050.0,SPX270219P08050000,435.7,437.1,436.4,401.43,0.0,0.0,0.0,45.0,0.1407,-0.599,0.0005,20.9174,-0.7912,-25.1413,436.7989,0.0,0.0,0.0,451.0,down,2026-08-13T09:30:02,0.0,0.0
SPX,2027-02-19,182,Call,8075.0,SPX270219C08075000,194.6,195.8,195.2,189.9,0.0,0.0,0.0,595.0,0.1399,0.3896,0.0005,20.7453,-0.7886,13.9661,194.4874,0.0,0.0,0.0,187.700004577637,down,2026-08-20T14:47:56,0.0,0.0
SPX,2027-02-19,182,Put,8075.0,SPX270219P08075000,449.4,451.0,450.2,451.01,-13.99,-3.0086,2.0,48.0,0.1398,-0.612,0.0005,20.7453,-0.7781,-25.7084,450.6122,448.72,451.01,448.72,465.0,up,2026-08-21T11:21:10,0.0,0.0
SPX,2027-02-19,182,Call,8100.0,SPX270219C08100000,184.4,185.4,184.9,186.48,8.83,4.97045,1.0,1602.0,0.1389,0.3767,0.0005,20.5485,-0.7759,13.5144,184.2474,186.48,186.48,186.48,177.650001525879,up,2026-08-21T15:25:35,0.0,0.0
SPX,2027-02-19,182,Put,8100.0,SPX270219P08100000,463.7,465.0,464.35,441.01,0.0,0.0,0.0,296.0,0.1389,-0.6249,0.0005,20.5485,-0.7644,-26.2826,464.8267,0.0,0.0,0.0,479.349990844727,down,2026-08-19T11:31:50,0.0,0.0
SPX,2027-02-19,182,Call,8125.0,SPX270219C08125000,174.4,175.6,175.0,176.75,8.8,5.23966,16.0,456.0,0.1381,0.3639,0.0005,20.3296,-0.7626,13.0642,174.407,176.17,176.75,176.12,167.949996948242,up,2026-08-21T15:36:29,0.0,0.0
SPX,2027-02-19,182,Put,8125.0,SPX270219P08125000,478.1,479.7,478.9,459.52,0.0,0.0,0.0,49.0,0.1381,-0.6377,0.0005,20.3296,-0.7501,-26.8552,479.4409,0.0,0.0,0.0,494.100006103516,down,2026-08-19T13:49:03,0.0,0.0
SPX,2027-02-19,182,Call,8150.0,SPX270219C08150000,165.0,166.0,165.5,167.7,9.05,5.70438,1.0,598.0,0.1372,0.3511,0.0005,20.0928,-0.7488,12.6228,164.9581,167.7,167.7,167.7,158.650001525879,down,2026-08-21T15:30:39,0.0,0.0
SPX,2027-02-19,182,Put,8150.0,SPX270219P08150000,492.8,494.7,493.75,484.6,0.0,0.0,0.0,44.0,0.1372,-0.6504,0.0005,20.0928,-0.7353,-27.4192,494.4464,0.0,0.0,0.0,508.950012207031,up,2026-08-18T09:32:06,0.0,0.0
SPX,2027-02-19,182,Call,8175.0,SPX270219C08175000,155.8,156.8,156.3,155.34,5.69,3.8022,16.0,200.0,0.1365,0.3385,0.0005,19.8395,-0.7345,12.1877,155.8907,156.04,163.42,155.19,149.650001525879,up,2026-08-21T14:41:54,0.0,0.0
SPX,2027-02-19,182,Put,8175.0,SPX270219P08175000,508.1,510.2,509.15,527.89,0.0,0.0,0.0,36.0,0.1364,-0.6631,0.0005,19.8395,-0.7199,-27.9767,509.8335,0.0,0.0,0.0,524.399993896484,up,2026-08-20T15:55:35,0.0,0.0
SPX,2027-02-19,182,Call,8200.0,SPX270219C08200000,147.1,148.2,147.64999999999998,148.38,7.23,5.12221,109.0,2007.0,0.1357,0.326,0.0005,19.5662,-0.7196,11.7514,147.1984,146.73,150.98,146.73,141.150001525879,down,2026-08-21T13:33:15,0.0,0.0
SPX,2027-02-19,182,Put,8200.0,SPX270219P08200000,523.8,525.8,524.8,471.84,0.0,0.0,0.0,85.0,0.1356,-0.6756,0.0005,19.5662,-0.7041,-28.5356,525.5957,0.0,0.0,0.0,540.349975585938,up,2026-08-13T13:03:59,0.0,0.0
SPX,2027-02-19,182,Call,8225.0,SPX270219C08225000,138.7,139.8,139.25,159.1,0.0,0.0,0.0,338.0,0.135,0.3136,0.0005,19.2699,-0.7043,11.3113,138.8782,0.0,0.0,0.0,133.049995422363,down,2026-08-19T15:07:02,0.0,0.0
SPX,2027-02-19,182,Put,8225.0,SPX270219P08225000,539.9,542.0,540.95,503.99,0.0,0.0,0.0,49.0,0.135,-0.688,0.0005,19.2699,-0.6878,-29.0981,541.7299,0.0,0.0,0.0,556.700012207031,down,2026-08-19T11:01:43,0.0,0.0
SPX,2027-02-19,182,Call,8250.0,SPX270219C08250000,130.7,131.7,131.2,129.52,4.27,3.40918,10.0,960.0,0.1342,0.3013,0.0005,18.9523,-0.6886,10.8747,130.9245,129.61,129.61,129.52,125.25,no_change,2026-08-21T10:26:03,0.0,0.0
SPX,2027-02-19,182,Put,8250.0,SPX270219P08250000,556.4,558.3,557.3499999999999,536.23,0.0,0.0,0.0,96.0,0.1342,-0.7002,0.0005,18.9523,-0.671,-29.6572,558.2307,0.0,0.0,0.0,573.600006103516,down,2026-08-04T13:36:09,0.0,0.0
SPX,2027-02-19,182,Call,8275.0,SPX270219C08275000,123.1,124.1,123.6,116.6,0.0,0.0,0.0,327.0,0.1336,0.2893,0.0005,18.6199,-0.6724,10.4499,123.3262,0.0,0.0,0.0,117.799999237061,no_change,2026-08-20T15:56:45,0.0,0.0
SPX,2027-02-19,182,Put,8275.0,SPX270219P08275000,573.2,575.3,574.25,561.08,0.0,0.0,0.0,17.0,0.1336,-0.7123,0.0005,18.6199,-0.6539,-30.2046,575.0869,0.0,0.0,0.0,590.149993896484,up,2026-08-18T14:32:02,0.0,0.0
SPX,2027-02-19,182,Call,8300.0,SPX270219C08300000,115.8,116.7,116.25,116.78,6.13,5.53999,104.0,2270.0,0.133,0.2774,0.0005,18.2766,-0.6559,10.0364,116.0697,113.1,116.78,113.1,110.650001525879,up,2026-08-21T11:00:32,0.0,0.0
SPX,2027-02-19,182,Put,8300.0,SPX270219P08300000,590.4,592.3,591.3499999999999,518.83,0.0,0.0,0.0,59.0,0.1329,-0.7241,0.0005,18.2766,-0.6364,-30.7405,592.2848,0.0,0.0,0.0,607.549987792969,down,2026-08-13T10:36:38,0.0,0.0
SPX,2027-02-19,182,Call,8325.0,SPX270219C08325000,108.8,109.8,109.3,109.0,5.15,4.95907,4.0,551.0,0.1324,0.2658,0.0005,17.9202,-0.6391,9.6269,109.145,109.0,109.0,109.0,103.850002288818,up,2026-08-21T14:06:16,0.0,0.0
SPX,2027-02-19,182,Put,8325.0,SPX270219P08325000,607.9,609.9,608.9,696.6,0.0,0.0,0.0,17.0,0.1324,-0.7358,0.0005,17.9202,-0.6185,-31.2725,609.8145,0.0,0.0,0.0,625.25,down,2026-07-16T10:54:49,0.0,0.0
SPX,2027-02-19,182,Call,8350.0,SPX270219C08350000,102.3,103.2,102.75,104.01,6.56,6.73166,32.0,729.0,0.1318,0.2544,0.0004,17.546,-0.622,9.2173,102.5462,102.02,104.01,102.02,97.4500007629394,up,2026-08-21T15:38:08,0.0,0.0
SPX,2027-02-19,182,Put,8350.0,SPX270219P08350000,625.8,627.6,626.7,580.4,0.0,0.0,0.0,14.0,0.1318,-0.7472,0.0004,17.546,-0.6004,-31.8046,627.6703,0.0,0.0,0.0,643.200012207031,down,2026-08-10T11:11:49,0.0,0.0
SPX,2027-02-19,182,Call,8375.0,SPX270219C08375000,95.9,96.9,96.4,97.4,6.15,6.73973,18.0,769.0,0.1312,0.2432,0.0004,17.1538,-0.6046,8.8132,96.2674,96.6,97.4,96.4,91.25,no_change,2026-08-21T11:29:55,0.0,0.0
SPX,2027-02-19,182,Put,8375.0,SPX270219P08375000,643.2,646.0,644.6,901.2,0.0,0.0,0.0,3.0,0.1313,-0.7584,0.0004,17.1538,-0.582,-32.3312,645.846,0.0,0.0,0.0,661.599975585938,up,2026-06-05T16:05:45,0.0,0.0
SPX,2027-02-19,182,Call,8400.0,SPX270219C08400000,90.0,90.9,90.45,95.69,10.19,11.9181,57.0,2458.0,0.1307,0.2323,0.0004,16.7504,-0.587,8.4226,90.2974,91.35,95.8,91.35,85.5,down,2026-08-21T11:48:02,0.0,0.0
SPX,2027-02-19,182,Put,8400.0,SPX270219P08400000,662.0,664.3,663.15,602.4,0.0,0.0,0.0,21.0,0.1307,-0.7693,0.0004,16.7504,-0.5634,-32.8443,664.3305,0.0,0.0,0.0,680.25,down,2026-08-17T11:34:04,0.0,0.0
SPX,2027-02-19,182,Call,8425.0,SPX270219C08425000,84.3,85.3,84.8,86.35,6.35,7.9375,6.0,192.0,0.1302,0.2216,0.0004,16.3419,-0.5692,8.0462,84.6225,85.44,86.35,85.44,80.0,up,2026-08-21T11:05:02,0.0,0.0
SPX,2027-02-19,182,Put,8425.0,SPX270219P08425000,680.4,683.3,681.8499999999999,0.0,0.0,0.0,0.0,0.0,0.1302,-0.78,0.0004,16.3419,-0.5446,-33.3432,683.1101,0.0,0.0,0.0,699.099975585938,no_change,,0.0,0.0
SPX,2027-02-19,182,Call,8450.0,SPX270219C08450000,79.0,79.9,79.45,79.38,4.53,6.05211,5.0,232.0,0.1297,0.2112,0.0004,15.9282,-0.5514,7.6773,79.2323,79.38,79.38,79.38,74.8499984741211,no_change,2026-08-21T16:12:37,0.0,0.0
SPX,2027-02-19,182,Put,8450.0,SPX270219P08450000,699.7,702.2,700.95,630.28,0.0,0.0,0.0,3.0,0.1297,-0.7904,0.0004,15.9282,-0.5258,-33.8346,702.1743,0.0,0.0,0.0,718.449981689453,down,2026-08-14T12:22:25,0.0,0.0
SPX,2027-02-19,182,Call,8475.0,SPX270219C08475000,73.9,74.8,74.35,73.77,3.92,5.61203,4.0,264.0,0.1293,0.2011,0.0004,15.5039,-0.5334,7.3114,74.1204,73.77,73.77,73.77,69.8499984741211,up,2026-08-21T09:45:00,0.0,0.0
SPX,2027-02-19,182,Put,8475.0,SPX270219P08475000,718.8,721.8,720.3,795.9,0.0,0.0,0.0,3.0,0.1293,-0.8005,0.0004,15.5039,-0.5068,-34.3229,721.5169,0.0,0.0,0.0,737.850006103516,down,2026-06-02T11:07:15,0.0,0.0
SPX,2027-02-19,182,Call,8500.0,SPX270219C08500000,69.0,70.1,69.55,74.15,0.0,0.0,0.0,1859.0,0.1288,0.1913,0.0004,15.0673,-0.5154,6.9527,69.2808,0.0,0.0,0.0,65.25,up,2026-08-20T11:17:46,0.0,0.0
SPX,2027-02-19,182,Put,8500.0,SPX270219P08500000,738.8,741.2,740.0,664.2,0.0,0.0,0.0,10.0,0.1288,-0.8103,0.0004,15.0673,-0.4878,-34.8042,741.1318,0.0,0.0,0.0,757.699981689453,up,2026-08-13T11:25:58,0.0,0.0
SPX,2027-02-19,182,Call,8525.0,SPX270219C08525000,64.5,65.4,64.95,65.6,4.7,7.71757,18.0,421.0,0.1285,0.1818,0.0004,14.6236,-0.4974,6.6082,64.7033,69.0,69.0,65.6,60.8999996185303,down,2026-08-21T15:13:01,0.0,0.0
SPX,2027-02-19,182,Put,8525.0,SPX270219P08525000,758.3,761.4,759.8499999999999,962.24,0.0,0.0,0.0,20.0,0.1285,-0.8198,0.0004,14.6236,-0.4688,-35.2712,761.0087,0.0,0.0,0.0,777.75,up,2026-06-05T14:24:22,0.0,0.0
SPX,2027-02-19,182,Call,8550.0,SPX270219C08550000,60.2,61.0,60.6,59.94,3.19,5.62115,8.0,162.0,0.128,0.1725,0.0004,14.1802,-0.4795,6.2792,60.3752,60.39,61.94,59.94,56.75,down,2026-08-21T14:41:54,0.0,0.0
SPX,2027-02-19,182,Put,8550.0,SPX270219P08550000,778.7,781.3,780.0,762.79,0.0,0.0,0.0,1.0,0.128,-0.8291,0.0004,14.1802,-0.4498,-35.7227,781.1351,0.0,0.0,0.0,798.149993896484,up,2026-08-18T15:19:44,0.0,0.0
SPX,2027-02-19,182,Call,8575.0,SPX270219C08575000,56.2,57.0,56.6,53.4,0.0,0.0,0.0,219.0,0.1277,0.1636,0.0004,13.7387,-0.4616,5.96,56.2862,0.0,0.0,0.0,52.8500003814697,no_change,2026-08-20T14:18:59,0.0,0.0
SPX,2027-02-19,182,Put,8575.0,SPX270219P08575000,798.8,801.9,800.3499999999999,872.55,0.0,0.0,0.0,1.0,0.1276,-0.838,0.0004,13.7387,-0.431,-36.1644,801.5006,0.0,0.0,0.0,818.649993896484,down,2026-08-03T11:27:21,0.0,0.0
SPX,2027-02-19,182,Call,8600.0,SPX270219C08600000,52.3,53.1,52.7,56.15,6.95,14.126,50.0,1169.0,0.1273,0.1549,0.0004,13.2949,-0.4439,5.646,52.4299,51.54,56.15,51.54,49.2000007629394,up,2026-08-21T12:02:18,0.0,0.0
SPX,2027-02-19,182,Put,8600.0,SPX270219P08600000,819.6,822.4,821.0,1541.2,0.0,0.0,0.0,20.0,0.1273,-0.8467,0.0004,13.2949,-0.4123,-36.6008,822.0987,0.0,0.0,0.0,839.400024414062,up,2026-03-03T14:37:27,0.0,0.0
SPX,2027-02-19,182,Call,8625.0,SPX270219C08625000,48.7,49.5,49.1,51.9,6.15,13.4426,10.0,242.0,0.1269,0.1466,0.0003,12.8455,-0.4264,5.3402,48.7998,51.9,51.9,51.9,45.75,no_change,2026-08-21T11:42:57,0.0,0.0
SPX,2027-02-19,182,Put,8625.0,SPX270219P08625000,840.2,843.4,841.8,766.93,0.0,0.0,0.0,1.0,0.127,-0.855,0.0003,12.8455,-0.3938,-37.0291,842.9232,0.0,0.0,0.0,860.399993896484,down,2026-08-13T11:59:49,0.0,0.0
SPX,2027-02-19,182,Call,8650.0,SPX270219C08650000,45.3,46.0,45.65,46.85,4.3,10.1058,22.0,862.0,0.1266,0.1386,0.0003,12.394,-0.4091,5.0487,45.3869,44.83,46.85,44.83,42.5500011444092,up,2026-08-21T13:13:30,0.0,0.0
SPX,2027-02-19,182,Put,8650.0,SPX270219P08650000,861.5,864.3,862.9,0.0,0.0,0.0,0.0,0.0,0.1265,-0.863,0.0003,12.394,-0.3754,-37.4431,863.9647,0.0,0.0,0.0,881.649993896484,no_change,,0.0,0.0
SPX,2027-02-19,182,Call,8675.0,SPX270219C08675000,42.1,42.8,42.45,50.6,0.0,0.0,0.0,84.0,0.1263,0.1309,0.0003,11.9472,-0.392,4.7727,42.1793,0.0,0.0,0.0,39.4499988555908,up,2026-08-19T15:04:08,0.0,0.0
SPX,2027-02-19,182,Put,8675.0,SPX270219P08675000,882.5,885.8,884.15,0.0,0.0,0.0,0.0,0.0,0.1263,-0.8707,0.0003,11.9472,-0.3574,-37.8416,885.2116,0.0,0.0,0.0,903.0,no_change,,0.0,0.0
SPX,2027-02-19,182,Call,8700.0,SPX270219C08700000,39.1,39.9,39.5,37.0,0.0,0.0,0.0,352.0,0.126,0.1235,0.0003,11.5083,-0.3752,4.5076,39.1671,0.0,0.0,0.0,36.5500011444092,down,2026-08-20T15:41:06,0.0,0.0
SPX,2027-02-19,182,Put,8700.0,SPX270219P08700000,904.2,907.0,905.6,0.0,0.0,0.0,0.0,0.0,0.1258,-0.8781,0.0003,11.5083,-0.3396,-38.2293,906.6538,0.0,0.0,0.0,924.549987792969,no_change,,0.0,0.0
SPX,2027-02-19,182,Call,8725.0,SPX270219C08725000,36.3,37.2,36.75,36.1,2.15,6.33285,7.0,75.0,0.1257,0.1164,0.0003,11.0744,-0.3588,4.2491,36.3434,36.35,36.35,36.1,33.9499988555908,down,2026-08-21T14:32:25,0.0,0.0
SPX,2027-02-19,182,Put,8725.0,SPX270219P08725000,925.5,928.9,927.2,0.0,0.0,0.0,0.0,0.0,0.1255,-0.8852,0.0003,11.0744,-0.3222,-38.6102,928.2846,0.0,0.0,0.0,946.349975585938,no_change,,0.0,0.0
SPX,2027-02-19,182,Call,8750.0,SPX270219C08750000,33.6,34.3,33.95,34.38,2.93,9.31637,2.0,14.0,0.1253,0.1096,0.0003,10.6422,-0.3427,3.9991,33.7022,34.38,34.38,34.38,31.4500007629394,no_change,2026-08-21T13:33:57,0.0,0.0
SPX,2027-02-19,182,Put,8750.0,SPX270219P08750000,947.6,950.5,949.05,0.0,0.0,0.0,0.0,0.0,0.1253,-0.892,0.0003,10.6422,-0.3051,-38.9827,950.0979,0.0,0.0,0.0,968.300018310547,no_change,,0.0,0.0
SPX,2027-02-19,182,Call,8775.0,SPX270219C08775000,31.1,31.8,31.450000000000003,29.85,0.0,0.0,0.0,15.0,0.125,0.1032,0.0003,10.2127,-0.327,3.7625,31.2348,0.0,0.0,0.0,29.0999994277954,no_change,2026-08-20T14:22:27,0.0,0.0
SPX,2027-02-19,182,Put,8775.0,SPX270219P08775000,969.2,972.7,970.95,0.0,0.0,0.0,0.0,0.0,0.1248,-0.8984,0.0003,10.2126,-0.2884,-39.3418,972.085,0.0,0.0,0.0,990.350006103516,no_change,,0.0,0.0
SPX,2027-02-19,182,Call,8800.0,SPX270219C08800000,28.8,29.5,29.15,29.6,2.7,10.0372,4.0,1964.0,0.1247,0.097,0.0002,9.7912,-0.3118,3.5404,28.9307,29.3,30.3,29.3,26.9000005722046,down,2026-08-21T15:15:17,0.0,0.0
SPX,2027-02-19,182,Put,8800.0,SPX270219P08800000,991.6,994.6,993.1,0.0,0.0,0.0,0.0,0.0,0.1247,-0.9046,0.0002,9.7912,-0.2721,-39.6864,994.2353,0.0,0.0,0.0,1012.60000610352,no_change,,0.0,0.0
SPX,2027-02-19,182,Call,8850.0,SPX270219C08850000,24.7,25.4,25.049999999999997,25.28,2.28,9.91304,9.0,12.0,0.1243,0.0856,0.0002,8.9824,-0.2825,3.1254,24.7774,25.2,25.28,25.2,23.0,no_change,2026-08-21T13:33:57,0.0,0.0
SPX,2027-02-19,182,Put,8850.0,SPX270219P08850000,1036.3,1039.3,1037.8,0.0,0.0,0.0,0.0,0.0,0.1242,-0.916,0.0002,8.9824,-0.2408,-40.3464,1038.991,0.0,0.0,0.0,1057.54998779297,no_change,,0.0,0.0
SPX,2027-02-19,182,Call,8900.0,SPX270219C08900000,21.0,21.6,21.3,25.4,0.0,0.0,0.0,1763.0,0.1239,0.0752,0.0002,8.207,-0.2552,2.7451,21.1873,0.0,0.0,0.0,19.6499996185303,down,2026-08-18T15:30:01,0.0,0.0
SPX,2027-02-19,182,Put,8900.0,SPX270219P08900000,1081.5,1084.6,1083.05,1381.6,0.0,0.0,0.0,2.0,0.1234,-0.9263,0.0002,8.207,-0.2115,-40.9716,1084.3099,0.0,0.0,0.0,1103.10003662109,up,2026-07-29T15:41:04,0.0,0.0
SPX,2027-02-19,182,Call,9000.0,SPX270219C09000000,15.2,15.8,15.5,16.0,1.8,12.6761,283.0,816.0,0.1232,0.0578,0.0002,6.79,-0.2064,2.1114,15.446,15.04,16.85,14.95,14.1999998092651,down,2026-08-21T13:13:30,0.0,0.0
SPX,2027-02-19,182,Put,9000.0,SPX270219P09000000,1173.4,1176.6,1175.0,1483.2,0.0,0.0,0.0,37.0,0.1226,-0.9438,0.0002,6.79,-0.1587,-42.0954,1176.3865,0.0,0.0,0.0,1195.29998779297,down,2026-07-29T15:40:09,0.0,0.0
SPX,2027-02-19,182,Call,9100.0,SPX270219C09100000,11.0,11.5,11.25,14.74,0.0,0.0,0.0,364.0,0.1227,0.0442,0.0001,5.5639,-0.1658,1.6154,11.2676,0.0,0.0,0.0,10.25,down,2026-08-19T12:54:17,0.0,0.0
SPX,2027-02-19,182,Put,9100.0,SPX270219P09100000,1266.9,1270.0,1268.45,1527.6,0.0,0.0,0.0,4.0,0.122,-0.9574,0.0001,5.5639,-0.1141,-43.0813,1270.0259,0.0,0.0,0.0,1289.15002441406,up,2026-07-29T15:21:08,0.0,0.0
SPX,2027-02-19,182,Call,9200.0,SPX270219C09200000,8.0,8.5,8.25,8.5,1.0,13.3333,1.0,654.0,0.123,0.0338,0.0001,4.5409,-0.133,1.2327,8.2713,8.5,8.5,8.5,7.5,down,2026-08-21T12:49:38,0.0,0.0
SPX,2027-02-19,182,Put,9200.0,SPX270219P09200000,1361.5,1365.0,1363.25,0.0,0.0,0.0,0.0,0.0,0.1217,-0.9678,0.0001,4.5409,-0.0772,-43.9539,1364.8476,0.0,0.0,0.0,1384.15002441406,no_change,,0.0,0.0
SPX,2027-02-19,182,Call,9300.0,SPX270219C09300000,5.9,6.4,6.15,8.1,0.0,0.0,0.0,498.0,0.1234,0.026,0.0001,3.7064,-0.107,0.9474,6.146,0.0,0.0,0.0,5.60000014305115,up,2026-08-19T10:05:40,0.0,0.0
SPX,2027-02-19,182,Put,9300.0,SPX270219P09300000,1457.2,1460.7,1458.95,1412.61,0.0,0.0,0.0,1.0,0.1218,-0.9756,0.0001,3.7064,-0.0472,-44.7292,1460.5402,0.0,0.0,0.0,1479.95001220703,up,2026-08-19T10:05:40,0.0,0.0
SPX,2027-02-19,182,Call,9400.0,SPX270219C09400000,4.4,4.8,4.6,7.63,0.0,0.0,0.0,458.0,0.1246,0.0202,0.0001,3.0391,-0.0869,0.7366,4.6499,0.0,0.0,0.0,4.25,no_change,2026-08-17T14:10:16,0.0,0.0
SPX,2027-02-19,182,Put,9400.0,SPX270219P09400000,1553.4,1556.9,1555.15,0.0,0.0,0.0,0.0,0.0,0.1224,-0.9814,0.0001,3.0391,-0.0232,-45.43,1556.862,0.0,0.0,0.0,1576.40002441406,no_change,,0.0,0.0
SPX,2027-02-19,182,Call,9500.0,SPX270219C09500000,3.4,3.8,3.5999999999999996,7.46,0.0,0.0,0.0,4.0,0.1263,0.016,0.0001,2.5151,-0.0716,0.5796,3.5947,0.0,0.0,0.0,3.29999995231628,down,2026-08-13T11:35:10,0.0,0.0
SPX,2027-02-19,182,Put,9500.0,SPX270219P09500000,1650.2,1653.9,1652.0500000000002,0.0,0.0,0.0,0.0,0.0,0.1234,-0.9856,0.0001,2.5151,-0.0038,-46.077,1653.6247,0.0,0.0,0.0,1672.40002441406,no_change,,0.0,0.0
SPX,2027-02-19,182,Call,9600.0,SPX270219C09600000,2.75,3.1,2.925,6.88,0.0,0.0,0.0,537.0,0.1283,0.0128,0.0,2.1045,-0.0599,0.4657,2.8464,0.0,0.0,0.0,2.72500002384186,up,2026-08-10T10:44:19,0.0,0.0
SPX,2027-02-19,182,Put,9600.0,SPX270219P09600000,1737.6,1761.5,1749.55,0.0,0.0,0.0,0.0,0.0,0.126,-0.9888,0.0,2.1045,0.0,-46.6808,1750.6943,0.0,0.0,0.0,1769.5,no_change,,0.0,0.0
SPX,2027-02-19,182,Call,9800.0,SPX270219C09800000,1.9,2.2,2.05,2.1,0.0,0.0,0.0,195.0,0.1328,0.0088,0.0,1.5308,-0.0441,0.3158,1.913,0.0,0.0,0.0,1.875,down,2026-08-20T10:02:39,0.0,0.0
SPX,2027-02-19,182,Put,9800.0,SPX270219P09800000,1932.3,1956.2,1944.25,2608.12,0.0,0.0,0.0,1.0,0.1295,-0.9928,0.0,1.5308,0.0,-47.8107,1945.3967,0.0,0.0,0.0,1964.64996337891,down,2026-02-20T10:03:06,0.0,0.0
SPX,2027-02-19,182,Call,10000.0,SPX270219C10000000,1.3,1.65,1.475,2.07,0.0,0.0,0.0,2299.0,0.1381,0.0064,0.0,1.166,-0.0344,0.2283,1.3896,0.0,0.0,0.0,1.35000002384186,no_change,2026-08-17T14:10:16,0.0,0.0
SPX,2027-02-19,182,Put,10000.0,SPX270219P10000000,2127.3,2151.2,2139.25,2799.92,0.0,0.0,0.0,2.0,0.1322,-0.9952,0.0,1.166,0.0,-48.8782,2140.5091,0.0,0.0,0.0,2159.84997558594,down,2026-02-20T10:03:06,0.0,0.0
SPX,2027-02-19,182,Call,10200.0,SPX270219C10200000,0.95,1.25,1.1,2.14,0.0,0.0,0.0,371.0,0.1433,0.0048,0.0,0.9209,-0.0279,0.1735,1.0682,0.0,0.0,0.0,1.02499997615814,up,2026-08-13T10:23:25,0.0,0.0
SPX,2027-02-19,182,Put,10200.0,SPX270219P10200000,2322.6,2346.4,2334.5,3241.53,0.0,0.0,0.0,2.0,0.1337,-0.9968,0.0,0.9214,0.0,-49.9127,2335.8241,0.0,0.0,0.0,2354.59997558594,up,2026-03-13T13:06:05,0.0,0.0
SPX,2027-02-19,182,Call,10400.0,SPX270219C10400000,0.7,1.0,0.85,1.39,0.0,0.0,0.0,437.0,0.149,0.0038,0.0,0.7481,-0.0234,0.1363,0.8552,0.0,0.0,0.0,0.799999982118606,down,2026-08-06T10:40:20,0.0,0.0
SPX,2027-02-19,182,Put,10400.0,SPX270219P10400000,2517.9,2541.6,2529.75,3228.47,0.0,0.0,0.0,1.0,0.1354,-0.9978,0.0,0.7484,0.0,-50.9299,2531.2468,0.0,0.0,0.0,2549.95007324219,down,2026-02-17T15:47:18,0.0,0.0
SPX,2027-02-19,182,Call,10600.0,SPX270219C10600000,0.55,0.85,0.7,0.75,0.0,0.0,0.0,116.0,0.1539,0.0031,0.0,0.6211,-0.0201,0.1104,0.7056,0.0,0.0,0.0,0.625,down,2026-08-19T10:18:18,0.0,0.0
SPX,2027-02-19,182,Put,10600.0,SPX270219P10600000,2713.3,2736.9,2725.1000000000004,3455.47,0.0,0.0,0.0,0.0,0.1286,-0.9985,0.0,0.6213,0.0,-51.9359,2726.7328,0.0,0.0,0.0,2745.40002441406,down,2026-03-05T11:27:20,0.0,0.0
SPX,2027-02-19,182,Call,10800.0,SPX270219C10800000,0.45,0.7,0.575,0.6,0.0,0.0,0.0,173.0,0.1593,0.0026,0.0,0.5244,-0.0176,0.0913,0.5951,0.0,0.0,0.0,0.524999991059303,down,2026-08-19T10:35:25,0.0,0.0
SPX,2027-02-19,182,Put,10800.0,SPX270219P10800000,2908.7,2932.3,2920.5,3647.97,0.0,0.0,0.0,0.0,0.0,-0.999,0.0,0.5246,0.0,-52.9349,2922.2581,0.0,0.0,0.0,2942.14990234375,down,2026-03-05T11:27:20,0.0,0.0
SPX,2027-02-19,182,Call,11000.0,SPX270219C11000000,0.35,0.6,0.475,0.78,0.0,0.0,0.0,541.0,0.1652,0.0022,0.0,0.4491,-0.0156,0.0766,0.5107,0.0,0.0,0.0,0.425000011920929,down,2026-08-07T13:53:47,0.0,0.0
SPX,2027-02-19,182,Put,11000.0,SPX270219P11000000,3104.2,3127.8,3116.0,0.0,0.0,0.0,0.0,0.0,0.0,-0.9994,0.0,0.4492,0.0,-53.9296,3117.8095,0.0,0.0,0.0,3136.89990234375,no_change,,0.0,0.0
SPX,2027-02-19,182,Call,11200.0,SPX270219C11200000,0.25,0.55,0.4,0.57,0.0,0.0,0.0,45.0,0.1704,0.0018,0.0,0.3888,-0.0139,0.0653,0.4444,0.0,0.0,0.0,0.375,no_change,2026-07-17T14:06:38,0.0,0.0
SPX,2027-02-19,182,Put,11200.0,SPX270219P11200000,3299.7,3323.3,3311.5,3466.85,0.0,0.0,0.0,7.0,0.0,-0.9998,0.0,0.389,0.0,-54.9208,3313.3789,0.0,0.0,0.0,3332.04992675781,down,2026-07-08T12:33:34,0.0,0.0
SPX,2027-02-19,182,Call,11400.0,SPX270219C11400000,0.2,0.5,0.35,0.46,0.0,0.0,0.0,153.0,0.176,0.0016,0.0,0.3397,-0.0125,0.0563,0.3905,0.0,0.0,0.0,0.324999995529652,no_change,2026-08-17T11:22:50,0.0,0.0
SPX,2027-02-19,182,Put,11400.0,SPX270219P11400000,3495.3,3518.8,3507.05,3581.87,0.0,0.0,0.0,1.0,0.0,-1.0,0.0,0.3398,0.0,-55.9097,3508.9609,0.0,0.0,0.0,3528.14990234375,down,2026-07-15T11:54:29,0.0,0.0
SPX,2027-02-19,182,Call,11600.0,SPX270219C11600000,0.15,0.45,0.3,0.5,0.0,0.0,0.0,85.0,0.181,0.0014,0.0,0.2991,-0.0114,0.0489,0.3461,0.0,0.0,0.0,0.275000005960464,no_change,2026-08-07T14:27:15,0.0,0.0
SPX,2027-02-19,182,Put,11600.0,SPX270219P11600000,3690.8,3714.4,3702.6000000000004,0.0,0.0,0.0,0.0,0.0,0.0,-1.0,0.0,0.2992,0.0,-56.897,3704.5522,0.0,0.0,0.0,3722.90002441406,no_change,,0.0,0.0
SPX,2027-02-19,182,Call,11800.0,SPX270219C11800000,0.15,0.4,0.275,0.63,0.0,0.0,0.0,19.0,0.1854,0.0012,0.0,0.2651,-0.0104,0.0428,0.3088,0.0,0.0,0.0,0.224999997764826,up,2026-06-29T13:21:14,0.0,0.0
SPX,2027-02-19,182,Put,11800.0,SPX270219P11800000,3886.3,3910.0,3898.15,4730.86,0.0,0.0,0.0,2.0,0.0,-1.0,0.0,0.2652,0.0,-57.8831,3900.1507,0.0,0.0,0.0,3918.45007324219,up,2026-03-18T09:36:25,0.0,0.0
SPX,2027-02-19,182,Call,12000.0,SPX270219C12000000,0.15,0.35,0.25,0.32,0.0,0.0,0.0,196.0,0.1907,0.0011,0.0,0.2361,-0.0095,0.0377,0.277,0.0,0.0,0.0,0.225000008940697,down,2026-08-13T16:13:48,0.0,0.0
SPX,2027-02-19,182,Put,12000.0,SPX270219P12000000,4081.9,4105.5,4093.7,3960.29,0.0,0.0,0.0,40.0,0.0,-1.0,0.0,0.2362,0.0,-58.8681,4095.7548,0.0,0.0,0.0,4113.64990234375,down,2026-08-13T16:13:48,0.0,0.0
SPX,2027-03-19,210,Call,200.0,SPX270319C00200000,7427.2,7451.0,7439.1,7441.48,27.1301,0.365914,1.0,59.0,0.0,1.0,0.0,0.0113,0.0,1.2716,7441.4056,7441.48,7441.48,7441.48,7414.34985351562,down,2026-08-21T11:14:35,0.0,0.0
SPX,2027-03-19,210,Put,200.0,SPX270319P00200000,0.0,0.05,0.025,0.1,0.0,0.0,0.0,47.0,1.3104,0.0,0.0,0.0113,-0.0036,-0.0027,0.1121,0.0,0.0,0.0,0.025000000372529,down,2026-04-22T10:58:54,0.0,0.0
SPX,2027-03-19,210,Call,400.0,SPX270319C00400000,7232.3,7256.1,7244.200000000001,7088.73,0.0,0.0,0.0,323.0,0.0,1.0,0.0,0.0215,0.0,2.39,7246.4875,0.0,0.0,0.0,7219.55004882812,up,2026-07-06T10:49:14,0.0,0.0
SPX,2027-03-19,210,Put,400.0,SPX270319P00400000,0.0,0.1,0.05,0.18,0.0,0.0,0.0,25.0,1.0971,-0.0001,0.0,0.0215,-0.0057,-0.005,0.1816,0.0,0.0,0.0,0.0500000007450581,no_change,2026-04-08T10:07:30,0.0,0.0
SPX,2027-03-19,210,Call,600.0,SPX270319C00600000,7037.4,7061.3,7049.35,6882.24,0.0,0.0,0.0,5.0,0.0,1.0,0.0,0.0333,0.0,3.5081,7051.5717,0.0,0.0,0.0,7024.80004882812,up,2026-07-02T09:38:34,0.0,0.0
SPX,2027-03-19,210,Put,600.0,SPX270319P00600000,0.05,0.2,0.125,0.14,0.0,0.0,0.0,11204.0,0.9865,-0.0001,0.0,0.0333,-0.0077,-0.0077,0.2534,0.0,0.0,0.0,0.125000001862645,up,2026-08-20T15:55:41,0.0,0.0
SPX,2027-03-19,210,Call,800.0,SPX270319C00800000,6842.6,6866.5,6854.55,0.0,0.0,0.0,0.0,0.0,0.0,1.0,0.0,0.0476,0.0,4.6254,6856.6681,0.0,0.0,0.0,6829.55004882812,no_change,,0.0,0.0
SPX,2027-03-19,210,Put,800.0,SPX270319P00800000,0.15,0.3,0.22499999999999998,0.23,0.0,0.0,0.0,2118.0,0.9253,-0.0002,0.0,0.0476,-0.01,-0.0111,0.3374,0.0,0.0,0.0,0.225000008940697,no_change,2026-08-20T16:08:40,0.0,0.0
SPX,2027-03-19,210,Call,1000.0,SPX270319C01000000,6647.9,6671.7,6659.799999999999,6663.96,0.0,0.0,0.0,2.0,0.0,1.0,0.0,0.0662,0.0,5.7418,6661.7891,0.0,0.0,0.0,6634.80004882812,up,2026-08-20T12:04:14,0.0,0.0
SPX,2027-03-19,210,Put,1000.0,SPX270319P01000000,0.3,0.45,0.375,0.38,0.005,1.33333,2.0,7956.0,0.8668,-0.0003,0.0,0.0662,-0.0128,-0.0156,0.446,0.38,0.38,0.38,0.375,up,2026-08-21T10:57:21,0.0,0.0
SPX,2027-03-19,210,Call,1200.0,SPX270319C01200000,6453.2,6477.1,6465.15,0.0,0.0,0.0,0.0,1.0,0.0,1.0,0.0,0.0915,0.0,6.8562,6466.9516,0.0,0.0,0.0,6440.85009765625,no_change,,0.0,0.0
SPX,2027-03-19,210,Put,1200.0,SPX270319P01200000,0.55,0.7,0.625,0.66,0.035,5.6,4.0,10698.0,0.8233,-0.0004,0.0,0.0915,-0.0165,-0.0218,0.5961,0.66,0.66,0.66,0.625,down,2026-08-21T10:57:21,0.0,0.0
SPX,2027-03-19,210,Call,1400.0,SPX270319C01400000,6258.6,6282.4,6270.5,5334.9,0.0,0.0,0.0,0.0,0.0,1.0,0.0,0.1256,0.0,7.9683,6272.1733,0.0,0.0,0.0,6245.75,down,2026-03-17T10:54:07,0.0,0.0
SPX,2027-03-19,210,Put,1400.0,SPX270319P01400000,0.8,1.0,0.9,0.9,-0.075,-7.69231,6.0,5827.0,0.782,-0.0006,0.0,0.1256,-0.0214,-0.0305,0.8054,0.9,0.9,0.9,0.975000023841858,up,2026-08-21T10:57:21,0.0,0.0
SPX,2027-03-19,210,Call,1600.0,SPX270319C01600000,6064.1,6087.9,6076.0,5759.6,0.0,0.0,0.0,2.0,0.0,1.0,0.0,0.1718,0.0,9.077,6077.4711,0.0,0.0,0.0,6051.35009765625,down,2026-06-26T10:02:32,0.0,0.0
SPX,2027-03-19,210,Put,1600.0,SPX270319P01600000,1.15,1.4,1.275,1.25,0.0,0.0,0.0,6525.0,0.7435,-0.0009,0.0,0.1718,-0.0277,-0.0426,1.0907,0.0,0.0,0.0,1.35000002384186,no_change,2026-08-19T10:48:15,0.0,0.0
SPX,2027-03-19,210,Call,1800.0,SPX270319C01800000,5869.7,5893.4,5881.549999999999,0.0,0.0,0.0,0.0,0.0,0.0,1.0,0.0,0.2307,0.0,10.1818,5882.8596,0.0,0.0,0.0,5856.9501953125,no_change,,0.0,0.0
SPX,2027-03-19,210,Put,1800.0,SPX270319P01800000,1.6,1.8,1.7000000000000002,1.72,-0.105,-5.75343,3.0,3536.0,0.7085,-0.0012,0.0,0.2307,-0.0356,-0.0585,1.4668,1.71,1.72,1.71,1.82500004768372,no_change,2026-08-21T13:48:18,0.0,0.0
SPX,2027-03-19,210,Call,2000.0,SPX270319C02000000,5675.3,5699.0,5687.15,5367.9,0.0,0.0,0.0,3.0,0.0,1.0,0.0,0.3057,0.0,11.2818,5688.3489,0.0,0.0,0.0,5662.64990234375,up,2026-06-26T09:56:59,0.0,0.0
SPX,2027-03-19,210,Put,2000.0,SPX270319P02000000,2.1,2.3,2.2,2.2,-0.125,-5.37635,6.0,4120.0,0.6762,-0.0016,0.0,0.3057,-0.0451,-0.0793,1.9438,2.21,2.21,2.2,2.32500004768372,down,2026-08-21T12:21:42,0.0,0.0
SPX,2027-03-19,210,Call,2200.0,SPX270319C02200000,5481.0,5504.7,5492.85,5175.5,0.0,0.0,0.0,2.0,0.5484,0.9997,0.0,0.3959,0.0,12.3766,5493.9485,0.0,0.0,0.0,5468.5,down,2026-06-26T09:57:01,0.0,0.0
SPX,2027-03-19,210,Put,2200.0,SPX270319P02200000,2.65,2.95,2.8,2.84,0.0,0.0,0.0,3522.0,0.6465,-0.0021,0.0,0.3959,-0.0562,-0.1052,2.531,0.0,0.0,0.0,2.97499990463257,up,2026-08-19T10:24:53,0.0,0.0
SPX,2027-03-19,210,Call,2400.0,SPX270319C02400000,5286.7,5310.5,5298.6,4983.3,0.0,0.0,0.0,2.0,0.5575,0.9991,0.0,0.5042,0.0,13.4657,5299.6619,0.0,0.0,0.0,5274.89990234375,down,2026-06-26T09:57:02,0.0,0.0
SPX,2027-03-19,210,Put,2400.0,SPX270319P02400000,3.3,3.6,3.45,3.55,0.0,0.0,0.0,3402.0,0.6188,-0.0028,0.0,0.5042,-0.0687,-0.1369,3.232,0.0,0.0,0.0,3.64999997615814,down,2026-08-19T09:53:12,0.0,0.0
SPX,2027-03-19,210,Call,2600.0,SPX270319C02600000,5092.6,5116.4,5104.5,0.0,0.0,0.0,0.0,0.0,0.5466,0.9983,0.0,0.6307,0.0,14.548,5105.495,0.0,0.0,0.0,5080.19995117188,no_change,,0.0,0.0
SPX,2027-03-19,210,Put,2600.0,SPX270319P02600000,4.1,4.4,4.25,4.2,-0.25,-5.61798,7.0,1883.0,0.5908,-0.0036,0.0,0.6307,-0.0825,-0.1754,4.0527,4.2,4.2,4.2,4.45000004768372,down,2026-08-21T14:14:34,0.0,0.0
SPX,2027-03-19,210,Call,2800.0,SPX270319C02800000,4898.5,4922.3,4910.4,0.0,0.0,0.0,0.0,0.0,0.5332,0.9974,0.0,0.775,0.0,15.624,4911.4496,0.0,0.0,0.0,4887.0,no_change,,0.0,0.0
SPX,2027-03-19,210,Put,2800.0,SPX270319P02800000,5.0,5.3,5.15,5.57,0.0,0.0,0.0,2029.0,0.5658,-0.0045,0.0,0.775,-0.0976,-0.22,4.9949,0.0,0.0,0.0,5.39999985694885,no_change,2026-08-18T11:59:53,0.0,0.0
SPX,2027-03-19,210,Call,2900.0,SPX270319C02900000,4801.5,4825.3,4813.4,0.0,0.0,0.0,0.0,0.0,0.5247,0.9968,0.0,0.8558,0.0,16.1591,4814.4731,0.0,0.0,0.0,4789.44995117188,no_change,,0.0,0.0
SPX,2027-03-19,210,Put,2900.0,SPX270319P02900000,5.4,5.7,5.550000000000001,5.7,0.0,0.0,0.0,912.0,0.5539,-0.005,0.0,0.8558,-0.1055,-0.2454,5.5122,0.0,0.0,0.0,5.89999985694885,down,2026-08-19T10:54:03,0.0,0.0
SPX,2027-03-19,210,Call,3000.0,SPX270319C03000000,4704.5,4728.4,4716.45,0.0,0.0,0.0,0.0,0.0,0.5169,0.9963,0.0,0.942,0.0,16.6918,4717.5289,0.0,0.0,0.0,4692.5,no_change,,0.0,0.0
SPX,2027-03-19,210,Put,3000.0,SPX270319P03000000,5.9,6.2,6.050000000000001,6.05,-0.4,-6.20155,2.0,3772.0,0.5418,-0.0056,0.0,0.942,-0.1137,-0.273,6.0618,6.08,6.08,6.05,6.45000004768372,down,2026-08-21T12:21:42,0.0,0.0
SPX,2027-03-19,210,Call,3100.0,SPX270319C03100000,4607.6,4631.5,4619.55,0.0,0.0,0.0,0.0,0.0,0.5082,0.9957,0.0,1.0329,0.0,17.2225,4620.618,0.0,0.0,0.0,4595.75,no_change,,0.0,0.0
SPX,2027-03-19,210,Put,3100.0,SPX270319P03100000,6.5,6.8,6.65,6.67,0.0,0.0,0.0,190.0,0.5302,-0.0062,0.0,1.0329,-0.1222,-0.3027,6.6447,0.0,0.0,0.0,7.04999995231628,down,2026-08-19T10:24:53,0.0,0.0
SPX,2027-03-19,210,Call,3200.0,SPX270319C03200000,4510.7,4534.6,4522.65,4524.83,25.9801,0.577484,1.0,13.0,0.499,0.995,0.0,1.1285,0.0,17.7513,4523.7408,4524.83,4524.83,4524.83,4498.84985351562,down,2026-08-21T11:14:35,0.0,0.0
SPX,2027-03-19,210,Put,3200.0,SPX270319P03200000,7.0,7.3,7.15,7.25,-0.4,-5.22876,1.0,3969.0,0.5189,-0.0068,0.0,1.1285,-0.1309,-0.3343,7.2613,7.25,7.25,7.25,7.65000009536743,down,2026-08-21T11:14:35,0.0,0.0
SPX,2027-03-19,210,Call,3300.0,SPX270319C03300000,4413.9,4437.8,4425.85,0.0,0.0,0.0,0.0,0.0,0.4904,0.9943,0.0,1.2299,0.0,18.278,4426.8977,0.0,0.0,0.0,4402.2001953125,no_change,,0.0,0.0
SPX,2027-03-19,210,Put,3300.0,SPX270319P03300000,7.7,7.9,7.800000000000001,8.1,0.0,0.0,0.0,4329.0,0.5072,-0.0075,0.0,1.2299,-0.1399,-0.368,7.912,0.0,0.0,0.0,8.30000019073486,up,2026-08-10T12:17:37,0.0,0.0
SPX,2027-03-19,210,Call,3400.0,SPX270319C03400000,4317.1,4341.0,4329.05,3929.34,0.0,0.0,0.0,4.0,0.4813,0.9936,0.0,1.3383,0.0,18.8022,4330.0898,0.0,0.0,0.0,4306.05004882812,up,2026-05-01T13:18:18,0.0,0.0
SPX,2027-03-19,210,Put,3400.0,SPX270319P03400000,8.3,8.6,8.45,8.43,-0.57,-6.33333,180.0,5049.0,0.497,-0.0083,0.0,1.3383,-0.1491,-0.4042,8.5979,8.47,8.47,8.43,9.0,down,2026-08-21T13:30:28,0.0,0.0
SPX,2027-03-19,210,Call,3500.0,SPX270319C03500000,4220.4,4244.2,4232.299999999999,3195.33,0.0,0.0,0.0,1.0,0.4718,0.9928,0.0,1.4543,0.0,19.3233,4233.3195,0.0,0.0,0.0,4209.55004882812,down,2026-03-19T11:53:56,0.0,0.0
SPX,2027-03-19,210,Put,3500.0,SPX270319P03500000,9.0,9.3,9.15,9.02,-0.78,-7.95919,400.0,3412.0,0.4862,-0.0091,0.0,1.4544,-0.1585,-0.4435,9.3221,9.02,9.02,9.02,9.80000019073486,down,2026-08-21T13:23:12,0.0,0.0
SPX,2027-03-19,210,Call,3600.0,SPX270319C03600000,4123.7,4147.5,4135.6,0.0,0.0,0.0,0.0,0.0,0.4628,0.9919,0.0,1.5771,0.0,19.8412,4136.5895,0.0,0.0,0.0,4112.19995117188,no_change,,0.0,0.0
SPX,2027-03-19,210,Put,3600.0,SPX270319P03600000,9.8,10.1,9.95,10.25,0.0,0.0,0.0,950.0,0.4754,-0.01,0.0,1.5771,-0.1682,-0.486,10.0852,0.0,0.0,0.0,10.5999999046326,down,2026-08-19T09:53:12,0.0,0.0
SPX,2027-03-19,210,Call,3700.0,SPX270319C03700000,4027.0,4050.9,4038.95,0.0,0.0,0.0,0.0,0.0,0.4535,0.9909,0.0,1.7059,0.0,20.3561,4039.9025,0.0,0.0,0.0,4016.25,no_change,,0.0,0.0
SPX,2027-03-19,210,Put,3700.0,SPX270319P03700000,10.6,10.9,10.75,11.4,0.0,0.0,0.0,2017.0,0.4651,-0.0109,0.0,1.706,-0.1781,-0.5315,10.8928,0.0,0.0,0.0,11.4499998092651,up,2026-08-20T14:56:06,0.0,0.0
SPX,2027-03-19,210,Call,3800.0,SPX270319C03800000,3930.4,3954.3,3942.3500000000004,0.0,0.0,0.0,0.0,0.0,0.4446,0.9899,0.0,1.8413,0.0,20.8682,3943.2609,0.0,0.0,0.0,3919.15002441406,no_change,,0.0,0.0
SPX,2027-03-19,210,Put,3800.0,SPX270319P03800000,11.4,11.8,11.600000000000001,11.56,-0.74,-6.01626,13101.0,13484.0,0.4549,-0.0119,0.0,1.8414,-0.1883,-0.5798,11.7451,11.81,11.81,11.56,12.3000001907349,down,2026-08-21T14:04:47,0.0,0.0
SPX,2027-03-19,210,Call,3850.0,SPX270319C03850000,3882.2,3906.0,3894.1,0.0,0.0,0.0,0.0,0.0,0.4406,0.9894,0.0,1.9119,0.0,21.1231,3894.9578,0.0,0.0,0.0,3871.55004882812,no_change,,0.0,0.0
SPX,2027-03-19,210,Put,3850.0,SPX270319P03850000,11.9,12.2,12.05,11.9,0.0,0.0,0.0,786.0,0.45,-0.0125,0.0,1.9119,-0.1935,-0.605,12.188,0.0,0.0,0.0,12.8000001907349,up,2026-08-14T10:37:35,0.0,0.0
SPX,2027-03-19,210,Call,3900.0,SPX270319C03900000,3833.9,3857.7,3845.8,0.0,0.0,0.0,0.0,0.0,0.436,0.9888,0.0,1.9849,0.0,21.3771,3846.6672,0.0,0.0,0.0,3822.65002441406,no_change,,0.0,0.0
SPX,2027-03-19,210,Put,3900.0,SPX270319P03900000,12.3,12.7,12.5,12.51,-0.79,-5.93985,6.0,1638.0,0.445,-0.013,0.0,1.9849,-0.1988,-0.6312,12.6443,12.56,12.56,12.47,13.3000001907349,up,2026-08-21T14:04:47,0.0,0.0
SPX,2027-03-19,210,Call,3950.0,SPX270319C03950000,3785.6,3809.5,3797.55,0.0,0.0,0.0,0.0,0.0,0.4318,0.9883,0.0,2.0605,0.0,21.6301,3798.3895,0.0,0.0,0.0,3774.5,no_change,,0.0,0.0
SPX,2027-03-19,210,Put,3950.0,SPX270319P03950000,12.8,13.2,13.0,12.8,0.0,0.0,0.0,484.0,0.4405,-0.0136,0.0,2.0605,-0.2041,-0.6584,13.1135,0.0,0.0,0.0,13.8000001907349,up,2026-08-13T14:45:56,0.0,0.0
SPX,2027-03-19,210,Call,4000.0,SPX270319C04000000,3737.4,3761.3,3749.3500000000004,3582.45,0.0,0.0,0.0,703.0,0.427,0.9877,0.0,2.1388,0.0,21.8819,3750.1255,0.0,0.0,0.0,3726.94995117188,down,2026-07-08T13:33:20,0.0,0.0
SPX,2027-03-19,210,Put,4000.0,SPX270319P04000000,13.3,13.6,13.45,13.32,-0.98,-6.85315,215.0,4195.0,0.4356,-0.0142,0.0,2.1388,-0.2095,-0.6867,13.5963,13.6,13.6,13.32,14.3000001907349,down,2026-08-21T14:55:32,0.0,0.0
SPX,2027-03-19,210,Call,4050.0,SPX270319C04050000,3689.2,3713.0,3701.1,0.0,0.0,0.0,0.0,0.0,0.4227,0.987,0.0,2.2198,0.0,22.1325,3701.8758,0.0,0.0,0.0,3678.09997558594,no_change,,0.0,0.0
SPX,2027-03-19,210,Put,4050.0,SPX270319P04050000,13.8,14.2,14.0,14.9,0.0,0.0,0.0,378.0,0.4307,-0.0148,0.0,2.22,-0.215,-0.7164,14.0947,0.0,0.0,0.0,14.9000000953674,up,2026-08-18T10:34:03,0.0,0.0
SPX,2027-03-19,210,Call,4100.0,SPX270319C04100000,3641.0,3664.8,3652.9,0.0,0.0,0.0,0.0,0.0,0.4184,0.9864,0.0,2.3036,0.0,22.3818,3653.6414,0.0,0.0,0.0,3630.5,no_change,,0.0,0.0
SPX,2027-03-19,210,Put,4100.0,SPX270319P04100000,14.3,14.7,14.5,15.11,0.0,0.0,0.0,1813.0,0.4256,-0.0154,0.0,2.3036,-0.2206,-0.7472,14.6061,0.0,0.0,0.0,15.4000000953674,up,2026-08-17T13:24:15,0.0,0.0
SPX,2027-03-19,210,Call,4150.0,SPX270319C04150000,3592.8,3616.7,3604.75,0.0,0.0,0.0,0.0,0.0,0.4139,0.9857,0.0,2.39,0.0,22.6297,3605.4232,0.0,0.0,0.0,3581.79992675781,no_change,,0.0,0.0
SPX,2027-03-19,210,Put,4150.0,SPX270319P04150000,14.9,15.2,15.05,16.13,0.0,0.0,0.0,1475.0,0.4209,-0.0161,0.0,2.39,-0.2262,-0.7795,15.1348,0.0,0.0,0.0,16.0000004768372,up,2026-08-18T11:06:39,0.0,0.0
SPX,2027-03-19,210,Call,4200.0,SPX270319C04200000,3544.7,3568.5,3556.6,0.0,0.0,0.0,0.0,0.0,0.4099,0.985,0.0,2.4787,0.0,22.8764,3557.222,0.0,0.0,0.0,3534.35009765625,no_change,,0.0,0.0
SPX,2027-03-19,210,Put,4200.0,SPX270319P04200000,15.4,15.8,15.600000000000001,15.4,-1.2,-7.22891,23.0,1411.0,0.4162,-0.0168,0.0,2.4787,-0.232,-0.8131,15.6805,15.5,15.5,15.4,16.5999994277954,no_change,2026-08-21T14:10:44,0.0,0.0
SPX,2027-03-19,210,Call,4250.0,SPX270319C04250000,3496.5,3520.4,3508.45,3301.95,0.0,0.0,0.0,65.0,0.4053,0.9843,0.0,2.5699,0.0,23.1217,3509.0387,0.0,0.0,0.0,3485.65002441406,up,2026-05-15T15:11:55,0.0,0.0
SPX,2027-03-19,210,Put,4250.0,SPX270319P04250000,16.0,16.4,16.2,16.77,0.0,0.0,0.0,1249.0,0.4114,-0.0175,0.0,2.5701,-0.2379,-0.848,16.2455,0.0,0.0,0.0,17.1999998092651,up,2026-08-11T10:23:44,0.0,0.0
SPX,2027-03-19,210,Call,4300.0,SPX270319C04300000,3448.4,3472.2,3460.3,2806.6,0.0,0.0,0.0,30.0,0.4011,0.9836,0.0,2.6634,0.0,23.3658,3460.8742,0.0,0.0,0.0,3437.59997558594,no_change,2026-01-07T10:02:52,0.0,0.0
SPX,2027-03-19,210,Put,4300.0,SPX270319P04300000,16.6,17.0,16.8,18.0,0.0,0.0,0.0,1599.0,0.4067,-0.0183,0.0,2.6636,-0.2438,-0.884,16.8279,0.0,0.0,0.0,17.9000005722046,no_change,2026-08-18T10:02:44,0.0,0.0
SPX,2027-03-19,210,Call,4350.0,SPX270319C04350000,3400.3,3424.1,3412.2,0.0,0.0,0.0,0.0,0.0,0.3968,0.9828,0.0,2.7594,-0.008,23.6087,3412.7293,0.0,0.0,0.0,3389.30004882812,no_change,,0.0,0.0
SPX,2027-03-19,210,Put,4350.0,SPX270319P04350000,17.2,17.6,17.4,17.7,0.0,0.0,0.0,1413.0,0.4022,-0.0191,0.0,2.7596,-0.2499,-0.9213,17.43,0.0,0.0,0.0,18.5,no_change,2026-08-17T11:35:55,0.0,0.0
SPX,2027-03-19,210,Call,4400.0,SPX270319C04400000,3352.2,3376.0,3364.1,0.0,0.0,0.0,0.0,3.0,0.3925,0.982,0.0,2.8584,-0.0176,23.8503,3364.6049,0.0,0.0,0.0,3342.55004882812,no_change,,0.0,0.0
SPX,2027-03-19,210,Put,4400.0,SPX270319P04400000,17.8,18.2,18.0,17.8,-1.4,-7.29167,230.0,883.0,0.3975,-0.0199,0.0,2.8586,-0.256,-0.9599,18.0526,18.24,18.24,17.8,19.1999998092651,no_change,2026-08-21T14:10:46,0.0,0.0
SPX,2027-03-19,210,Call,4450.0,SPX270319C04450000,3304.2,3328.0,3316.1,0.0,0.0,0.0,0.0,0.0,0.3881,0.9811,0.0,2.9607,-0.0274,24.0905,3316.5021,0.0,0.0,0.0,3294.54992675781,no_change,,0.0,0.0
SPX,2027-03-19,210,Put,4450.0,SPX270319P04450000,18.5,18.9,18.7,18.7,-1.2,-6.03015,19.0,963.0,0.393,-0.0207,0.0,2.9609,-0.2623,-1.0,18.6967,18.6,18.7,18.5,19.9000005722046,up,2026-08-21T15:59:41,0.0,0.0
SPX,2027-03-19,210,Call,4500.0,SPX270319C04500000,3256.1,3279.9,3268.0,3199.17,0.0,0.0,0.0,6.0,0.384,0.9802,0.0,3.0668,-0.0373,24.3291,3268.4219,0.0,0.0,0.0,3246.54992675781,up,2026-05-28T14:40:42,0.0,0.0
SPX,2027-03-19,210,Put,4500.0,SPX270319P04500000,19.2,19.6,19.4,19.26,-1.34,-6.50485,4.0,2870.0,0.3885,-0.0216,0.0,3.067,-0.2687,-1.0416,19.3635,19.25,19.26,19.25,20.5999994277954,up,2026-08-21T14:19:51,0.0,0.0
SPX,2027-03-19,210,Call,4550.0,SPX270319C04550000,3208.1,3231.9,3220.0,0.0,0.0,0.0,0.0,0.0,0.3798,0.9793,0.0,3.1771,-0.0473,24.5658,3220.3657,0.0,0.0,0.0,3198.54992675781,no_change,,0.0,0.0
SPX,2027-03-19,210,Put,4550.0,SPX270319P04550000,19.9,20.3,20.1,19.97,0.0,0.0,0.0,1531.0,0.384,-0.0225,0.0,3.1774,-0.2752,-1.0851,20.0543,0.0,0.0,0.0,21.3500003814697,down,2026-08-13T15:55:06,0.0,0.0
SPX,2027-03-19,210,Call,4600.0,SPX270319C04600000,3169.9,3175.1,3172.5,0.0,0.0,0.0,0.0,0.0,0.3757,0.9784,0.0,3.2918,-0.0574,24.8003,3172.3351,0.0,0.0,0.0,3150.65002441406,no_change,,0.0,0.0
SPX,2027-03-19,210,Put,4600.0,SPX270319P04600000,20.6,21.0,20.8,20.6,-1.5,-6.78733,21.0,1641.0,0.3795,-0.0235,0.0,3.2921,-0.2819,-1.1307,20.7708,20.7,20.7,20.6,22.0999994277954,no_change,2026-08-21T14:10:42,0.0,0.0
SPX,2027-03-19,210,Call,4625.0,SPX270319C04625000,3145.5,3151.6,3148.55,0.0,0.0,0.0,0.0,0.0,0.3739,0.9779,0.0,3.3508,-0.0625,24.9168,3148.33,0.0,0.0,0.0,3126.65002441406,no_change,,0.0,0.0
SPX,2027-03-19,210,Put,4625.0,SPX270319P04625000,21.0,21.4,21.2,21.0,-1.5,-6.66667,14.0,235.0,0.3774,-0.024,0.0,3.3511,-0.2853,-1.1544,21.1391,21.0,21.0,21.0,22.5,no_change,2026-08-21T14:10:34,0.0,0.0
SPX,2027-03-19,210,Call,4650.0,SPX270319C04650000,3121.9,3127.1,3124.5,3133.42,30.77,0.991732,2.0,31.0,0.3716,0.9774,0.0,3.411,-0.0676,25.0326,3124.3319,3133.89,3133.89,3133.42,3102.65002441406,down,2026-08-21T12:07:48,0.0,0.0
SPX,2027-03-19,210,Put,4650.0,SPX270319P04650000,21.3,21.8,21.55,21.4,-1.55,-6.75382,54.0,542.0,0.3752,-0.0245,0.0,3.4113,-0.2887,-1.1786,21.5146,21.4,21.4,21.3,22.9500007629395,up,2026-08-21T14:21:55,0.0,0.0
SPX,2027-03-19,210,Call,4675.0,SPX270319C04675000,3097.5,3103.6,3100.55,0.0,0.0,0.0,0.0,0.0,0.3697,0.9768,0.0,3.4722,-0.0728,25.1478,3100.3412,0.0,0.0,0.0,3078.69995117188,no_change,,0.0,0.0
SPX,2027-03-19,210,Put,4675.0,SPX270319P04675000,21.7,22.2,21.95,21.7,-1.65,-7.06638,21.0,291.0,0.373,-0.025,0.0,3.4725,-0.2921,-1.2035,21.8973,21.8,21.8,21.7,23.3500003814697,no_change,2026-08-21T14:10:40,0.0,0.0
SPX,2027-03-19,210,Call,4700.0,SPX270319C04700000,3074.0,3079.1,3076.55,3184.68,0.0,0.0,0.0,600.0,0.3674,0.9763,0.0,3.5345,-0.078,25.2624,3076.3579,0.0,0.0,0.0,3054.84997558594,no_change,2026-08-14T15:33:38,0.0,0.0
SPX,2027-03-19,210,Put,4700.0,SPX270319P04700000,22.1,22.6,22.35,22.1,-1.65,-6.94737,10.0,2824.0,0.3709,-0.0256,0.0,3.5348,-0.2956,-1.229,22.2876,22.37,22.42,22.1,23.75,no_change,2026-08-21T14:10:38,0.0,0.0
SPX,2027-03-19,210,Call,4725.0,SPX270319C04725000,3049.9,3055.6,3052.75,0.0,0.0,0.0,0.0,0.0,0.3655,0.9758,0.0,3.5978,-0.0833,25.3764,3052.3825,0.0,0.0,0.0,3030.89990234375,no_change,,0.0,0.0
SPX,2027-03-19,210,Put,4725.0,SPX270319P04725000,22.5,23.0,22.75,22.9,0.0,0.0,0.0,156.0,0.3687,-0.0261,0.0,3.5981,-0.2991,-1.2551,22.6857,0.0,0.0,0.0,24.1999998092651,up,2026-08-19T15:16:37,0.0,0.0
SPX,2027-03-19,210,Call,4750.0,SPX270319C04750000,3026.1,3031.1,3028.6,3136.73,0.0,0.0,0.0,600.0,0.3632,0.9752,0.0,3.6621,-0.0886,25.4898,3028.4151,0.0,0.0,0.0,3007.0,no_change,2026-08-14T15:33:38,0.0,0.0
SPX,2027-03-19,210,Put,4750.0,SPX270319P04750000,22.9,23.4,23.15,22.9,-1.7,-6.91057,3.0,419.0,0.3665,-0.0266,0.0,3.6624,-0.3027,-1.2818,23.0918,23.0,23.0,22.9,24.5999994277954,down,2026-08-21T15:41:38,0.0,0.0
SPX,2027-03-19,210,Call,4775.0,SPX270319C04775000,3001.7,3007.7,3004.7,0.0,0.0,0.0,0.0,0.0,0.3613,0.9746,0.0,3.7273,-0.0939,25.6026,3004.456,0.0,0.0,0.0,2983.0,no_change,,0.0,0.0
SPX,2027-03-19,210,Put,4775.0,SPX270319P04775000,23.3,23.8,23.55,23.41,0.0,0.0,0.0,331.0,0.3643,-0.0272,0.0,3.7277,-0.3063,-1.3091,23.5062,0.0,0.0,0.0,25.0499992370605,up,2026-08-14T15:17:32,0.0,0.0
SPX,2027-03-19,210,Call,4800.0,SPX270319C04800000,2978.2,2983.2,2980.7,0.0,0.0,0.0,0.0,0.0,0.3591,0.9741,0.0,3.7935,-0.0993,25.7149,2980.5055,0.0,0.0,0.0,2959.15002441406,no_change,,0.0,0.0
SPX,2027-03-19,210,Put,4800.0,SPX270319P04800000,23.8,24.2,24.0,23.7,-1.8,-7.05882,10.0,1974.0,0.362,-0.0278,0.0,3.7939,-0.3099,-1.337,23.9292,23.8,23.8,23.7,25.5,down,2026-08-21T14:10:38,0.0,0.0
SPX,2027-03-19,210,Call,4825.0,SPX270319C04825000,2954.2,2959.8,2957.0,0.0,0.0,0.0,0.0,0.0,0.3571,0.9735,0.0,3.8606,-0.1047,25.8265,2956.5636,0.0,0.0,0.0,2935.25,no_change,,0.0,0.0
SPX,2027-03-19,210,Put,4825.0,SPX270319P04825000,24.2,24.7,24.45,24.2,-1.75,-6.74374,19.0,293.0,0.3601,-0.0284,0.0,3.861,-0.3136,-1.3654,24.3609,24.3,24.3,24.2,25.9500007629395,no_change,2026-08-21T14:10:44,0.0,0.0
SPX,2027-03-19,210,Call,4850.0,SPX270319C04850000,2930.4,2935.4,2932.9,0.0,0.0,0.0,0.0,0.0,0.3549,0.9729,0.0,3.9288,-0.1102,25.9376,2932.6308,0.0,0.0,0.0,2911.39990234375,no_change,,0.0,0.0
SPX,2027-03-19,210,Put,4850.0,SPX270319P04850000,24.6,25.1,24.85,24.6,-1.95,-7.34463,1.0,494.0,0.3577,-0.029,0.0,3.9288,-0.3173,-1.3943,24.799,24.6,24.6,24.6,26.5500001907349,down,2026-08-21T15:33:03,0.0,0.0
SPX,2027-03-19,210,Call,4875.0,SPX270319C04875000,2906.1,2911.9,2909.0,2991.63,0.0,0.0,0.0,15.0,0.3529,0.9722,0.0,3.9979,-0.1157,26.048,2908.7072,0.0,0.0,0.0,2887.44995117188,down,2026-08-17T14:45:54,0.0,0.0
SPX,2027-03-19,210,Put,4875.0,SPX270319P04875000,25.1,25.6,25.35,26.61,0.0,0.0,0.0,494.0,0.3558,-0.0296,0.0,3.9983,-0.3211,-1.4241,25.2515,0.0,0.0,0.0,26.9500007629395,no_change,2026-08-17T15:03:25,0.0,0.0
SPX,2027-03-19,210,Call,4900.0,SPX270319C04900000,2882.6,2887.5,2885.05,2334.7,0.0,0.0,0.0,1.0,0.3506,0.9716,0.0,4.0681,-0.1213,26.158,2884.793,0.0,0.0,0.0,2863.60009765625,up,2026-04-16T15:54:50,0.0,0.0
SPX,2027-03-19,210,Put,4900.0,SPX270319P04900000,25.6,26.0,25.8,27.75,0.0,0.0,0.0,911.0,0.3535,-0.0302,0.0,4.0685,-0.3249,-1.4542,25.7108,0.0,0.0,0.0,27.4500007629395,no_change,2026-08-18T10:02:44,0.0,0.0
SPX,2027-03-19,210,Call,4925.0,SPX270319C04925000,2858.6,2864.1,2861.35,0.0,0.0,0.0,0.0,0.0,0.349,0.971,0.0,4.1394,-0.1269,26.2673,2860.8886,0.0,0.0,0.0,2839.70007324219,no_change,,0.0,0.0
SPX,2027-03-19,210,Put,4925.0,SPX270319P04925000,26.0,26.5,26.25,26.0,-1.95,-6.97675,7.0,239.0,0.3515,-0.0309,0.0,4.1398,-0.3288,-1.485,26.1799,26.1,26.1,26.0,27.9500007629395,no_change,2026-08-21T14:10:38,0.0,0.0
SPX,2027-03-19,210,Call,4950.0,SPX270319C04950000,2834.9,2839.7,2837.3,0.0,0.0,0.0,0.0,0.0,0.3466,0.9703,0.0,4.212,-0.1325,26.3761,2836.994,0.0,0.0,0.0,2815.94995117188,no_change,,0.0,0.0
SPX,2027-03-19,210,Put,4950.0,SPX270319P04950000,26.5,27.0,26.75,26.4,-2.05,-7.20563,16.0,675.0,0.3495,-0.0316,0.0,4.2122,-0.3327,-1.5163,26.6576,27.44,27.44,26.4,28.4500007629394,down,2026-08-21T14:10:44,0.0,0.0
SPX,2027-03-19,210,Call,4975.0,SPX270319C04975000,2810.6,2816.3,2813.45,0.0,0.0,0.0,0.0,0.0,0.3448,0.9696,0.0,4.2859,-0.1382,26.4842,2813.1097,0.0,0.0,0.0,2792.04992675781,no_change,,0.0,0.0
SPX,2027-03-19,210,Put,4975.0,SPX270319P04975000,27.0,27.5,27.25,26.9,-2.05,-7.08118,9.0,237.0,0.3474,-0.0322,0.0,4.2861,-0.3366,-1.5483,27.1468,27.0,27.0,26.9,28.9500007629394,down,2026-08-21T14:10:39,0.0,0.0
SPX,2027-03-19,210,Call,5000.0,SPX270319C05000000,2787.2,2792.0,2789.6,2716.3,0.0,0.0,0.0,2175.0,0.3427,0.9689,0.0,4.3612,-0.1439,26.5915,2789.2358,0.0,0.0,0.0,2768.25,up,2026-08-03T12:44:14,0.0,0.0
SPX,2027-03-19,210,Put,5000.0,SPX270319P05000000,27.5,28.0,27.75,27.4,-2.1,-7.11864,381.0,9522.0,0.3452,-0.0329,0.0,4.3612,-0.3406,-1.5809,27.6447,27.6,27.6,27.4,29.5,no_change,2026-08-21T15:26:54,0.0,0.0
SPX,2027-03-19,210,Call,5025.0,SPX270319C05025000,2762.9,2768.6,2765.75,0.0,0.0,0.0,0.0,0.0,0.3409,0.9682,0.0,4.4381,-0.1497,26.6982,2765.3728,0.0,0.0,0.0,2744.34997558594,no_change,,0.0,0.0
SPX,2027-03-19,210,Put,5025.0,SPX270319P05025000,28.0,28.5,28.25,27.9,-2.15,-7.15474,94.0,269.0,0.3431,-0.0336,0.0,4.4381,-0.3447,-1.6144,28.1551,28.25,28.25,27.9,30.0499992370606,no_change,2026-08-21T14:10:44,0.0,0.0
SPX,2027-03-19,210,Call,5050.0,SPX270319C05050000,2739.5,2744.3,2741.9,0.0,0.0,0.0,0.0,0.0,0.3387,0.9675,0.0,4.5166,-0.1555,26.804,2741.5208,0.0,0.0,0.0,2720.65002441406,no_change,,0.0,0.0
SPX,2027-03-19,210,Put,5050.0,SPX270319P05050000,28.5,29.0,28.75,28.6,-2.0,-6.53595,2.0,905.0,0.3411,-0.0344,0.0,4.5166,-0.3488,-1.6486,28.6766,28.6,28.6,28.6,30.5999994277954,no_change,2026-08-21T14:10:25,0.0,0.0
SPX,2027-03-19,210,Call,5075.0,SPX270319C05075000,2715.3,2720.9,2718.1000000000004,0.0,0.0,0.0,0.0,0.0,0.3369,0.9667,0.0,4.5968,-0.1614,26.909,2717.6802,0.0,0.0,0.0,2696.80004882812,no_change,,0.0,0.0
SPX,2027-03-19,210,Put,5075.0,SPX270319P05075000,29.0,29.6,29.3,31.14,0.0,0.0,0.0,774.0,0.3391,-0.0351,0.0,4.5973,-0.353,-1.684,29.2128,0.0,0.0,0.0,31.1499996185303,down,2026-08-20T15:30:41,0.0,0.0
SPX,2027-03-19,210,Call,5100.0,SPX270319C05100000,2692.1,2696.5,2694.3,2339.9,0.0,0.0,0.0,2.0,0.3347,0.966,0.0,4.6788,-0.1673,27.013,2693.8515,0.0,0.0,0.0,2673.05004882812,up,2026-05-05T09:47:55,0.0,0.0
SPX,2027-03-19,210,Put,5100.0,SPX270319P05100000,29.6,30.1,29.85,29.5,-2.15,-6.79305,2.0,2883.0,0.3371,-0.0359,0.0,4.6788,-0.3571,-1.7198,29.7543,29.5,29.5,29.5,31.6499996185303,down,2026-08-21T15:32:36,0.0,0.0
SPX,2027-03-19,210,Call,5125.0,SPX270319C05125000,2667.6,2673.2,2670.3999999999996,2784.3,0.0,0.0,0.0,6.0,0.3328,0.9652,0.0,4.7625,-0.1733,27.116,2670.035,0.0,0.0,0.0,2649.35009765625,up,2026-08-14T12:26:32,0.0,0.0
SPX,2027-03-19,210,Put,5125.0,SPX270319P05125000,30.1,30.7,30.4,30.48,0.0,0.0,0.0,279.0,0.3349,-0.0367,0.0,4.7625,-0.3614,-1.7569,30.3112,0.0,0.0,0.0,32.3499984741211,down,2026-08-12T14:45:00,0.0,0.0
SPX,2027-03-19,210,Call,5150.0,SPX270319C05150000,2644.3,2648.9,2646.6000000000004,0.0,0.0,0.0,0.0,0.0,0.3307,0.9644,0.0,4.848,-0.1794,27.2179,2646.2312,0.0,0.0,0.0,2625.55004882812,no_change,,0.0,0.0
SPX,2027-03-19,210,Put,5150.0,SPX270319P05150000,30.7,31.2,30.95,30.77,-2.18,-6.61609,2.0,776.0,0.3328,-0.0375,0.0,4.848,-0.3657,-1.795,30.8808,30.8,30.8,30.77,32.9500007629394,down,2026-08-21T14:19:51,0.0,0.0
SPX,2027-03-19,210,Call,5175.0,SPX270319C05175000,2620.1,2625.6,2622.85,2696.66,0.0,0.0,0.0,0.0,0.3289,0.9636,0.0,4.9352,-0.1854,27.3188,2622.4405,0.0,0.0,0.0,2601.85009765625,up,2026-08-12T15:51:50,0.0,0.0
SPX,2027-03-19,210,Put,5175.0,SPX270319P05175000,31.3,31.8,31.55,31.2,-2.4,-7.14286,7.0,451.0,0.3311,-0.0383,0.0,4.9352,-0.37,-1.8343,31.4635,31.4,31.4,31.2,33.6000003814697,down,2026-08-21T14:10:36,0.0,0.0
SPX,2027-03-19,210,Call,5200.0,SPX270319C05200000,2596.8,2601.4,2599.1000000000004,2354.23,0.0,0.0,0.0,0.0,0.3269,0.9627,0.0,5.0241,-0.1916,27.4186,2598.6632,0.0,0.0,0.0,2578.15002441406,up,2026-06-09T14:44:09,0.0,0.0
SPX,2027-03-19,210,Put,5200.0,SPX270319P05200000,31.9,32.4,32.15,31.6,-2.6,-7.60234,104.0,2199.0,0.3291,-0.0391,0.0,5.0241,-0.3744,-1.8746,32.0598,32.08,32.08,31.6,34.2000007629394,no_change,2026-08-21T15:17:05,0.0,0.0
SPX,2027-03-19,210,Call,5225.0,SPX270319C05225000,2572.6,2578.0,2575.3,0.0,0.0,0.0,0.0,0.0,0.325,0.9619,0.0,5.1146,-0.1978,27.5173,2574.9,0.0,0.0,0.0,2554.35009765625,no_change,,0.0,0.0
SPX,2027-03-19,210,Put,5225.0,SPX270319P05225000,32.5,33.0,32.75,35.35,0.0,0.0,0.0,1553.0,0.3271,-0.04,0.0,5.1146,-0.3789,-1.916,32.6699,0.0,0.0,0.0,34.8499984741211,up,2026-08-18T11:04:53,0.0,0.0
SPX,2027-03-19,210,Call,5250.0,SPX270319C05250000,2549.3,2553.9,2551.6000000000004,0.0,0.0,0.0,0.0,0.0,0.323,0.961,0.0,5.2066,-0.204,27.6149,2551.1511,0.0,0.0,0.0,2530.75,no_change,,0.0,0.0
SPX,2027-03-19,210,Put,5250.0,SPX270319P05250000,33.1,33.6,33.35,34.03,0.0,0.0,0.0,503.0,0.3249,-0.0409,0.0,5.2066,-0.3834,-1.9585,33.2945,0.0,0.0,0.0,35.5,down,2026-08-19T13:43:03,0.0,0.0
SPX,2027-03-19,210,Call,5275.0,SPX270319C05275000,2525.2,2530.5,2527.85,2432.51,0.0,0.0,0.0,6.0,0.3211,0.9601,0.0,5.3,-0.2103,27.7114,2527.4171,0.0,0.0,0.0,2507.0,up,2026-06-22T09:41:59,0.0,0.0
SPX,2027-03-19,210,Put,5275.0,SPX270319P05275000,33.8,34.3,34.05,33.81,0.0,0.0,0.0,922.0,0.3231,-0.0418,0.0,5.3,-0.388,-2.0021,33.934,0.0,0.0,0.0,36.2000007629394,up,2026-08-13T11:19:16,0.0,0.0
SPX,2027-03-19,210,Call,5300.0,SPX270319C05300000,2501.7,2505.9,2503.8,0.0,0.0,0.0,0.0,0.0,0.3182,0.9591,0.0,5.3948,-0.2167,27.8069,2503.6984,0.0,0.0,0.0,2483.40002441406,no_change,,0.0,0.0
SPX,2027-03-19,210,Put,5300.0,SPX270319P05300000,34.4,34.9,34.65,34.3,-2.6,-7.04607,16.0,2618.0,0.321,-0.0427,0.0,5.3948,-0.3926,-2.0467,34.5887,34.5,34.5,34.3,36.8999996185303,no_change,2026-08-21T14:10:50,0.0,0.0
SPX,2027-03-19,210,Call,5325.0,SPX270319C05325000,2477.8,2483.1,2480.45,0.0,0.0,0.0,0.0,0.0,0.3173,0.9582,0.0,5.491,-0.2231,27.9013,2479.9954,0.0,0.0,0.0,2459.69995117188,no_change,,0.0,0.0
SPX,2027-03-19,210,Put,5325.0,SPX270319P05325000,35.1,35.6,35.35,35.0,-2.6,-6.91489,10.0,406.0,0.3192,-0.0437,0.0,5.491,-0.3973,-2.0924,35.2592,35.2,35.2,35.0,37.6000003814697,down,2026-08-21T14:10:38,0.0,0.0
SPX,2027-03-19,210,Call,5350.0,SPX270319C05350000,2454.5,2459.0,2456.75,0.0,0.0,0.0,0.0,0.0,0.3153,0.9572,0.0,5.5886,-0.2296,27.9947,2456.3085,0.0,0.0,0.0,2436.09997558594,no_change,,0.0,0.0
SPX,2027-03-19,210,Put,5350.0,SPX270319P05350000,35.8,36.3,36.05,35.7,-2.6,-6.78851,5.0,377.0,0.3173,-0.0446,0.0,5.5886,-0.402,-2.139,35.9457,35.9,35.9,35.7,38.2999992370606,no_change,2026-08-21T14:10:35,0.0,0.0
SPX,2027-03-19,210,Call,5375.0,SPX270319C05375000,2430.5,2435.7,2433.1,0.0,0.0,0.0,0.0,0.0,0.3135,0.9562,0.0,5.6877,-0.2362,28.0872,2432.6381,0.0,0.0,0.0,2412.45007324219,no_change,,0.0,0.0
SPX,2027-03-19,210,Put,5375.0,SPX270319P05375000,36.5,37.0,36.75,36.6,-2.45,-6.27401,15.0,319.0,0.3153,-0.0456,0.0,5.6877,-0.4068,-2.1866,36.6488,36.6,36.6,36.4,39.0499992370606,no_change,2026-08-21T15:55:03,0.0,0.0
SPX,2027-03-19,210,Call,5400.0,SPX270319C05400000,2407.3,2411.7,2409.5,1965.86,0.0,0.0,0.0,1.0,0.3117,0.9552,0.0,5.7883,-0.2428,28.1787,2408.9845,0.0,0.0,0.0,2388.90002441406,up,2026-04-17T13:49:58,0.0,0.0
SPX,2027-03-19,210,Put,5400.0,SPX270319P05400000,37.2,37.7,37.45,37.1,-2.7,-6.78392,12.0,3413.0,0.3133,-0.0467,0.0,5.7883,-0.4117,-2.2352,37.3686,37.2,37.3,37.1,39.7999992370606,no_change,2026-08-21T14:10:41,0.0,0.0
SPX,2027-03-19,210,Call,5425.0,SPX270319C05425000,2383.2,2388.4,2385.8,0.0,0.0,0.0,0.0,0.0,0.3097,0.9542,0.0001,5.8907,-0.2494,28.2692,2385.3483,0.0,0.0,0.0,2365.25,no_change,,0.0,0.0
SPX,2027-03-19,210,Put,5425.0,SPX270319P05425000,37.9,38.5,38.2,37.9,-2.7,-6.65025,9.0,592.0,0.3113,-0.0477,0.0001,5.8907,-0.4166,-2.2848,38.1058,38.0,38.0,37.9,40.6000003814697,no_change,2026-08-21T14:10:35,0.0,0.0
SPX,2027-03-19,210,Call,5450.0,SPX270319C05450000,2360.0,2364.4,2362.2,0.0,0.0,0.0,0.0,0.0,0.3078,0.9531,0.0001,5.9948,-0.2561,28.3586,2361.7297,0.0,0.0,0.0,2341.69995117188,no_change,,0.0,0.0
SPX,2027-03-19,210,Put,5450.0,SPX270319P05450000,38.7,39.2,38.95,38.4,-3.0,-7.24638,11.0,495.0,0.3094,-0.0488,0.0001,5.9948,-0.4216,-2.3355,38.8607,38.7,38.7,38.4,41.3999996185303,down,2026-08-21T15:45:32,0.0,0.0
SPX,2027-03-19,210,Call,5475.0,SPX270319C05475000,2336.1,2341.2,2338.6499999999996,0.0,0.0,0.0,0.0,0.0,0.306,0.952,0.0001,6.1011,-0.2629,28.4468,2338.1292,0.0,0.0,0.0,2318.20007324219,no_change,,0.0,0.0
SPX,2027-03-19,210,Put,5475.0,SPX270319P05475000,39.4,40.0,39.7,39.46,-2.74,-6.49289,4.0,991.0,0.3076,-0.0499,0.0001,6.1011,-0.4266,-2.3874,39.6337,39.47,39.47,39.46,42.2000007629394,down,2026-08-21T13:31:46,0.0,0.0
SPX,2027-03-19,210,Call,5500.0,SPX270319C05500000,2312.9,2317.1,2315.0,2250.44,0.0,0.0,0.0,21.0,0.3041,0.9508,0.0001,6.2095,-0.2698,28.5338,2314.5474,0.0,0.0,0.0,2294.69995117188,up,2026-07-10T14:31:59,0.0,0.0
SPX,2027-03-19,210,Put,5500.0,SPX270319P05500000,40.2,40.8,40.5,40.1,-3.0,-6.96056,400.0,7708.0,0.3057,-0.051,0.0001,6.2095,-0.4318,-2.4405,40.4253,40.1,40.1,40.1,43.1000003814697,down,2026-08-21T15:38:47,0.0,0.0
SPX,2027-03-19,210,Call,5525.0,SPX270319C05525000,2289.0,2294.0,2291.5,2400.19,0.0,0.0,0.0,2.0,0.3022,0.9497,0.0001,6.3203,-0.2767,28.6194,2290.9847,0.0,0.0,0.0,2271.20007324219,up,2026-08-14T14:24:51,0.0,0.0
SPX,2027-03-19,210,Put,5525.0,SPX270319P05525000,41.0,41.6,41.3,41.0,-2.9,-6.60592,8.0,484.0,0.3037,-0.0522,0.0001,6.3203,-0.4369,-2.495,41.236,40.9,41.11,40.9,43.8999996185303,down,2026-08-21T15:40:23,0.0,0.0
SPX,2027-03-19,210,Call,5550.0,SPX270319C05550000,2265.8,2270.1,2267.95,2371.03,0.0,0.0,0.0,1.0,0.3005,0.9485,0.0001,6.4335,-0.2836,28.7035,2267.4416,0.0,0.0,0.0,2247.75,up,2026-08-14T13:49:19,0.0,0.0
SPX,2027-03-19,210,Put,5550.0,SPX270319P05550000,41.9,42.4,42.15,43.24,-1.56,-3.48214,2.0,546.0,0.3018,-0.0534,0.0001,6.4335,-0.4421,-2.551,42.0664,43.28,43.28,43.24,44.7999992370606,down,2026-08-21T10:01:14,0.0,0.0
SPX,2027-03-19,210,Call,5575.0,SPX270319C05575000,2242.2,2246.9,2244.55,0.0,0.0,0.0,0.0,0.0,0.2986,0.9473,0.0001,6.5492,-0.2906,28.786,2243.9189,0.0,0.0,0.0,2224.30004882812,no_change,,0.0,0.0
SPX,2027-03-19,210,Put,5575.0,SPX270319P05575000,42.7,43.3,43.0,45.52,0.0,0.0,0.0,5709.0,0.3,-0.0546,0.0001,6.5493,-0.4474,-2.6086,42.9172,0.0,0.0,0.0,45.7000007629394,down,2026-08-20T14:45:36,0.0,0.0
SPX,2027-03-19,210,Call,5600.0,SPX270319C05600000,2218.8,2223.0,2220.9,1588.15,0.0,0.0,0.0,3.0,0.2967,0.946,0.0001,6.6675,-0.2977,28.8667,2220.4172,0.0,0.0,0.0,2200.84997558594,down,2026-02-13T13:41:07,0.0,0.0
SPX,2027-03-19,210,Put,5600.0,SPX270319P05600000,43.6,44.1,43.85,43.61,-3.09,-6.6167,4.0,3170.0,0.2981,-0.0558,0.0001,6.6675,-0.4528,-2.668,43.7889,43.62,43.62,43.61,46.7000007629394,down,2026-08-21T14:47:52,0.0,0.0
SPX,2027-03-19,210,Call,5625.0,SPX270319C05625000,2195.0,2199.9,2197.45,0.0,0.0,0.0,0.0,0.0,0.295,0.9448,0.0001,6.7881,-0.3049,28.9457,2196.9371,0.0,0.0,0.0,2177.39990234375,no_change,,0.0,0.0
SPX,2027-03-19,210,Put,5625.0,SPX270319P05625000,44.5,45.0,44.75,45.5,0.0,0.0,0.0,148.0,0.2962,-0.0571,0.0001,6.7881,-0.4582,-2.7291,44.6823,0.0,0.0,0.0,47.6000003814697,no_change,2026-08-17T11:35:57,0.0,0.0
SPX,2027-03-19,210,Call,5650.0,SPX270319C05650000,2171.9,2176.1,2174.0,0.0,0.0,0.0,0.0,0.0,0.2933,0.9434,0.0001,6.9111,-0.3121,29.0228,2173.4794,0.0,0.0,0.0,2154.0,no_change,,0.0,0.0
SPX,2027-03-19,210,Put,5650.0,SPX270319P05650000,45.4,46.0,45.7,45.4,-3.2,-6.58436,9.0,940.0,0.2944,-0.0584,0.0001,6.9111,-0.4636,-2.7921,45.5981,45.4,45.4,45.3,48.6000003814697,up,2026-08-21T14:10:39,0.0,0.0
SPX,2027-03-19,210,Call,5675.0,SPX270319C05675000,2148.1,2153.0,2150.55,0.0,0.0,0.0,0.0,0.0,0.2914,0.9421,0.0001,7.0361,-0.3193,29.098,2150.0448,0.0,0.0,0.0,2130.69995117188,no_change,,0.0,0.0
SPX,2027-03-19,210,Put,5675.0,SPX270319P05675000,46.3,46.9,46.599999999999994,49.52,0.0,0.0,0.0,575.0,0.2926,-0.0598,0.0001,7.0361,-0.4692,-2.8569,46.5368,0.0,0.0,0.0,49.6000003814697,up,2026-08-18T15:46:23,0.0,0.0
SPX,2027-03-19,210,Call,5700.0,SPX270319C05700000,2125.1,2129.2,2127.1499999999996,2229.15,0.0,0.0,0.0,6.0,0.2895,0.9407,0.0001,7.1632,-0.3266,29.1715,2126.6339,0.0,0.0,0.0,2107.30004882812,up,2026-08-17T10:11:04,0.0,0.0
SPX,2027-03-19,210,Put,5700.0,SPX270319P05700000,47.3,47.9,47.599999999999994,50.65,0.0,0.0,0.0,4437.0,0.2907,-0.0612,0.0001,7.1632,-0.4748,-2.9236,47.4994,0.0,0.0,0.0,50.6000003814697,no_change,2026-08-20T15:45:10,0.0,0.0
SPX,2027-03-19,210,Call,5725.0,SPX270319C05725000,2101.4,2106.2,2103.8,0.0,0.0,0.0,0.0,0.0,0.2878,0.9393,0.0001,7.292,-0.334,29.2432,2103.2475,0.0,0.0,0.0,2084.0,no_change,,0.0,0.0
SPX,2027-03-19,210,Put,5725.0,SPX270319P05725000,48.2,48.9,48.55,49.39,0.0,0.0,0.0,436.0,0.2889,-0.0626,0.0001,7.292,-0.4804,-2.992,48.4865,0.0,0.0,0.0,51.6499996185303,up,2026-08-19T14:07:35,0.0,0.0
SPX,2027-03-19,210,Call,5750.0,SPX270319C05750000,2078.4,2082.5,2080.45,1958.76,0.0,0.0,0.0,43.0,0.2861,0.9378,0.0001,7.4225,-0.3415,29.3133,2079.8861,0.0,0.0,0.0,2060.70007324219,up,2026-06-30T12:16:19,0.0,0.0
SPX,2027-03-19,210,Put,5750.0,SPX270319P05750000,49.2,49.9,49.55,49.2,-3.55,-6.72986,20.0,1857.0,0.2871,-0.064,0.0001,7.4225,-0.4861,-3.0619,49.4985,51.14,51.15,49.2,52.75,no_change,2026-08-21T14:10:39,0.0,0.0
SPX,2027-03-19,210,Call,5775.0,SPX270319C05775000,2054.7,2059.4,2057.05,2168.1,0.0,0.0,0.0,2.0,0.2843,0.9363,0.0001,7.5548,-0.349,29.3818,2056.5504,0.0,0.0,0.0,2037.45001220703,down,2026-08-14T12:08:41,0.0,0.0
SPX,2027-03-19,210,Put,5775.0,SPX270319P05775000,50.3,50.9,50.599999999999994,53.9,0.0,0.0,0.0,1648.0,0.2853,-0.0655,0.0001,7.5548,-0.4919,-3.1335,50.5362,0.0,0.0,0.0,53.8500003814697,down,2026-08-18T15:53:23,0.0,0.0
SPX,2027-03-19,210,Call,5800.0,SPX270319C05800000,2031.8,2035.8,2033.8,2135.8,0.0,0.0,0.0,30.0,0.2824,0.9348,0.0001,7.6887,-0.3566,29.4488,2033.2408,0.0,0.0,0.0,2014.20001220703,up,2026-08-17T10:11:04,0.0,0.0
SPX,2027-03-19,210,Put,5800.0,SPX270319P05800000,51.3,52.0,51.65,51.3,-3.65,-6.6424,56.0,5690.0,0.2835,-0.067,0.0001,7.6887,-0.4977,-3.2066,51.6001,52.79,52.79,51.3,54.9499988555908,no_change,2026-08-21T14:10:35,0.0,0.0
SPX,2027-03-19,210,Call,5825.0,SPX270319C05825000,2008.1,2012.8,2010.4499999999998,0.0,0.0,0.0,0.0,0.0,0.2807,0.9332,0.0001,7.8245,-0.3642,29.5143,2009.958,0.0,0.0,0.0,1991.0,no_change,,0.0,0.0
SPX,2027-03-19,210,Put,5825.0,SPX270319P05825000,52.4,53.1,52.75,52.4,-3.7,-6.59537,5.0,445.0,0.2817,-0.0686,0.0001,7.8245,-0.5036,-3.2813,52.6908,52.5,52.5,52.4,56.1000003814697,no_change,2026-08-21T14:10:35,0.0,0.0
SPX,2027-03-19,210,Call,5850.0,SPX270319C05850000,1985.3,1989.2,1987.25,1282.14,0.0,0.0,0.0,2.0,0.2791,0.9316,0.0001,7.9624,-0.3719,29.5782,1986.7024,0.0,0.0,0.0,1967.85003662109,down,2026-04-08T13:26:33,0.0,0.0
SPX,2027-03-19,210,Put,5850.0,SPX270319P05850000,53.6,54.2,53.900000000000006,55.01,-2.34,-4.08021,24.0,850.0,0.28,-0.0702,0.0001,7.9624,-0.5095,-3.3574,53.8086,54.98,55.01,54.95,57.3500003814697,no_change,2026-08-21T10:36:59,0.0,0.0
SPX,2027-03-19,210,Call,5875.0,SPX270319C05875000,1961.7,1966.3,1964.0,0.0,0.0,0.0,0.0,0.0,0.2772,0.93,0.0001,8.1026,-0.3796,29.6405,1963.4747,0.0,0.0,0.0,1944.59997558594,no_change,,0.0,0.0
SPX,2027-03-19,210,Put,5875.0,SPX270319P05875000,54.7,55.4,55.05,55.05,0.0,0.0,0.0,335.0,0.2782,-0.0719,0.0001,8.1026,-0.5155,-3.4353,54.9544,0.0,0.0,0.0,58.5,down,2026-08-13T13:49:03,0.0,0.0
SPX,2027-03-19,210,Call,5900.0,SPX270319C05900000,1938.9,1942.8,1940.85,1826.35,0.0,0.0,0.0,208.0,0.2754,0.9283,0.0001,8.2454,-0.3874,29.7009,1940.2754,0.0,0.0,0.0,1921.54998779297,up,2026-06-22T14:00:41,0.0,0.0
SPX,2027-03-19,210,Put,5900.0,SPX270319P05900000,55.9,56.5,56.2,55.85,-3.85,-6.44891,86.0,1970.0,0.2764,-0.0736,0.0001,8.2454,-0.5216,-3.5149,56.1285,55.81,55.97,55.8,59.7000007629394,down,2026-08-21T14:49:47,0.0,0.0
SPX,2027-03-19,210,Call,5925.0,SPX270319C05925000,1915.4,1920.0,1917.7,933.84,0.0,0.0,0.0,1.0,0.2737,0.9266,0.0001,8.391,-0.3952,29.7593,1917.1053,0.0,0.0,0.0,1898.40002441406,up,2026-03-30T14:15:18,0.0,0.0
SPX,2027-03-19,210,Put,5925.0,SPX270319P05925000,57.1,57.7,57.400000000000006,56.9,-4.15,-6.79771,4.0,604.0,0.2747,-0.0753,0.0001,8.391,-0.5277,-3.5966,57.3319,56.9,57.0,56.9,61.0500011444092,down,2026-08-21T14:10:33,0.0,0.0
SPX,2027-03-19,210,Call,5950.0,SPX270319C05950000,1892.6,1896.4,1894.5,1211.0,0.0,0.0,0.0,23.0,0.2721,0.9248,0.0001,8.5398,-0.4031,29.8155,1893.9651,0.0,0.0,0.0,1875.45001220703,no_change,2026-04-08T09:30:05,0.0,0.0
SPX,2027-03-19,210,Put,5950.0,SPX270319P05950000,58.3,59.0,58.65,58.3,-4.0,-6.42054,7.0,2608.0,0.2729,-0.0771,0.0001,8.5398,-0.5339,-3.6805,58.5651,58.3,58.3,58.2,62.2999992370606,no_change,2026-08-21T14:10:29,0.0,0.0
SPX,2027-03-19,210,Call,5975.0,SPX270319C05975000,1869.2,1873.7,1871.45,1981.21,0.0,0.0,0.0,15.0,0.2703,0.923,0.0001,8.6916,-0.4111,29.8692,1870.8557,0.0,0.0,0.0,1852.34997558594,down,2026-08-14T12:09:13,0.0,0.0
SPX,2027-03-19,210,Put,5975.0,SPX270319P05975000,59.6,60.2,59.900000000000006,59.4,-4.2,-6.60377,12.0,1577.0,0.2712,-0.0789,0.0001,8.6916,-0.5401,-3.767,59.8292,59.6,59.6,59.4,63.6000003814697,no_change,2026-08-21T14:10:52,0.0,0.0
SPX,2027-03-19,210,Call,6000.0,SPX270319C06000000,1846.4,1850.2,1848.3000000000002,1848.32,18.92,1.03422,4.0,43580.0,0.2691,0.9211,0.0001,8.8465,-0.4191,29.9202,1847.778,1850.15,1851.11,1848.32,1829.40002441406,down,2026-08-21T16:03:04,0.0,0.0
SPX,2027-03-19,210,Put,6000.0,SPX270319P06000000,60.9,61.5,61.2,61.3,-3.7,-5.69231,16.0,46374.0,0.2694,-0.0808,0.0001,8.8465,-0.5463,-3.856,61.1249,61.65,61.65,60.75,65.0,up,2026-08-21T16:03:04,0.0,0.0
SPX,2027-03-19,210,Call,6025.0,SPX270319C06025000,1823.1,1827.5,1825.3,1671.0,0.0,0.0,0.0,400.0,0.2669,0.9192,0.0001,9.0044,-0.4271,29.9684,1824.7331,0.0,0.0,0.0,1806.39996337891,up,2026-05-20T12:55:58,0.0,0.0
SPX,2027-03-19,210,Put,6025.0,SPX270319P06025000,62.2,62.9,62.55,62.1,-4.35,-6.54628,7.0,291.0,0.2677,-0.0827,0.0001,9.0044,-0.5526,-3.9479,62.4534,63.82,63.9,62.1,66.4500007629394,no_change,2026-08-21T14:10:33,0.0,0.0
SPX,2027-03-19,210,Call,6050.0,SPX270319C06050000,1800.4,1804.2,1802.3000000000002,1010.08,0.0,0.0,0.0,7.0,0.2652,0.9172,0.0001,9.1649,-0.4352,30.0138,1801.7219,0.0,0.0,0.0,1783.5,up,2026-04-01T13:15:03,0.0,0.0
SPX,2027-03-19,210,Put,6050.0,SPX270319P06050000,63.4,64.2,63.8,63.5,-4.35,-6.4112,6.0,662.0,0.266,-0.0847,0.0001,9.1649,-0.559,-4.0426,63.8157,63.6,63.6,63.4,67.8499984741211,up,2026-08-21T14:10:36,0.0,0.0
SPX,2027-03-19,210,Call,6075.0,SPX270319C06075000,1777.2,1781.6,1779.4,0.0,0.0,0.0,0.0,0.0,0.2635,0.9152,0.0001,9.3279,-0.4433,30.0564,1778.7455,0.0,0.0,0.0,1760.65002441406,no_change,,0.0,0.0
SPX,2027-03-19,210,Put,6075.0,SPX270319P06075000,64.9,65.6,65.25,64.8,-4.55,-6.56092,9.0,266.0,0.2643,-0.0867,0.0001,9.3279,-0.5654,-4.14,65.2128,64.8,65.0,64.8,69.3499984741211,no_change,2026-08-21T14:10:44,0.0,0.0
SPX,2027-03-19,210,Call,6100.0,SPX270319C06100000,1754.5,1758.2,1756.35,1615.12,0.0,0.0,0.0,145.0,0.2619,0.9131,0.0001,9.4928,-0.4515,30.0964,1755.8049,0.0,0.0,0.0,1737.75,up,2026-07-20T10:36:10,0.0,0.0
SPX,2027-03-19,210,Put,6100.0,SPX270319P06100000,66.2,67.1,66.65,66.3,-4.5,-6.35593,5.0,10019.0,0.2626,-0.0888,0.0001,9.4928,-0.5718,-4.2402,66.6456,66.4,66.4,66.2,70.7999992370606,up,2026-08-21T14:10:34,0.0,0.0
SPX,2027-03-19,210,Call,6125.0,SPX270319C06125000,1731.4,1735.7,1733.5500000000002,1097.74,0.0,0.0,0.0,34.0,0.2602,0.911,0.0001,9.6596,-0.4597,30.1339,1732.9009,0.0,0.0,0.0,1714.94995117188,up,2026-04-10T15:28:28,0.0,0.0
SPX,2027-03-19,210,Put,6125.0,SPX270319P06125000,67.8,68.5,68.15,67.8,-4.65,-6.41822,8.0,330.0,0.2609,-0.0909,0.0001,9.6596,-0.5783,-4.3428,68.1151,67.8,67.8,67.7,72.4500007629394,up,2026-08-21T14:10:36,0.0,0.0
SPX,2027-03-19,210,Call,6150.0,SPX270319C06150000,1708.8,1712.4,1710.6,1647.35,0.0,0.0,0.0,28.0,0.2584,0.9088,0.0001,9.828,-0.4679,30.1691,1710.0344,0.0,0.0,0.0,1692.20001220703,down,2026-06-22T10:14:37,0.0,0.0
SPX,2027-03-19,210,Put,6150.0,SPX270319P06150000,69.3,70.0,69.65,73.86,0.0,0.0,0.0,1603.0,0.2592,-0.0931,0.0001,9.828,-0.5848,-4.4477,69.622,0.0,0.0,0.0,73.8999977111816,no_change,2026-08-20T15:09:45,0.0,0.0
SPX,2027-03-19,210,Call,6175.0,SPX270319C06175000,1685.7,1690.0,1687.85,1010.53,0.0,0.0,0.0,2.0,0.2568,0.9066,0.0001,9.9981,-0.4762,30.202,1687.2062,0.0,0.0,0.0,1669.39996337891,down,2026-04-08T10:53:08,0.0,0.0
SPX,2027-03-19,210,Put,6175.0,SPX270319P06175000,70.7,71.6,71.15,70.98,-4.62,-6.11111,63.0,2406.0,0.2574,-0.0953,0.0001,9.9981,-0.5913,-4.5548,71.1672,70.98,70.98,70.98,75.6000022888184,down,2026-08-21T13:12:55,0.0,0.0
SPX,2027-03-19,210,Call,6200.0,SPX270319C06200000,1663.2,1666.7,1664.95,1668.06,21.26,1.29099,1.0,547.0,0.2552,0.9043,0.0001,10.17,-0.4845,30.2329,1664.4168,1668.06,1668.06,1668.06,1646.79998779297,up,2026-08-21T12:20:37,0.0,0.0
SPX,2027-03-19,210,Put,6200.0,SPX270319P06200000,72.3,73.2,72.75,73.05,-4.15,-5.37565,2446.0,6338.0,0.2558,-0.0976,0.0001,10.17,-0.5979,-4.664,72.7513,71.84,73.05,71.84,77.2000007629394,up,2026-08-21T12:20:37,0.0,0.0
SPX,2027-03-19,210,Call,6225.0,SPX270319C06225000,1640.2,1644.4,1642.3000000000002,1162.22,0.0,0.0,0.0,29.0,0.2534,0.9019,0.0001,10.3441,-0.4929,30.2616,1641.667,0.0,0.0,0.0,1624.10003662109,up,2026-04-15T13:22:32,0.0,0.0
SPX,2027-03-19,210,Put,6225.0,SPX270319P06225000,73.9,74.8,74.35,73.6,-5.35,-6.77644,96.0,1287.0,0.2541,-0.0999,0.0001,10.3441,-0.6045,-4.7755,74.375,74.1,74.1,73.6,78.9500007629394,down,2026-08-21T15:33:19,0.0,0.0
SPX,2027-03-19,210,Call,6250.0,SPX270319C06250000,1617.8,1621.3,1619.55,1729.52,0.0,0.0,0.0,51.0,0.2518,0.8995,0.0001,10.5207,-0.5012,30.2879,1618.9577,0.0,0.0,0.0,1601.45001220703,up,2026-08-14T15:51:10,0.0,0.0
SPX,2027-03-19,210,Put,6250.0,SPX270319P06250000,75.7,76.5,76.1,75.6,-5.1,-6.3197,8.0,1749.0,0.2524,-0.1024,0.0001,10.5207,-0.6112,-4.8893,76.0392,76.63,76.63,75.6,80.7000007629394,no_change,2026-08-21T14:10:16,0.0,0.0
SPX,2027-03-19,210,Call,6275.0,SPX270319C06275000,1594.9,1598.9,1596.9,1530.43,0.0,0.0,0.0,53.0,0.2501,0.897,0.0001,10.7003,-0.5097,30.3114,1596.2896,0.0,0.0,0.0,1578.95001220703,up,2026-07-10T09:32:43,0.0,0.0
SPX,2027-03-19,210,Put,6275.0,SPX270319P06275000,77.4,78.1,77.75,77.4,-5.1,-6.18182,2.0,413.0,0.2508,-0.1048,0.0001,10.7003,-0.6178,-5.0058,77.7445,77.4,77.4,77.4,82.5,no_change,2026-08-21T14:10:33,0.0,0.0
SPX,2027-03-19,210,Call,6300.0,SPX270319C06300000,1572.5,1576.0,1574.25,1367.8,0.0,0.0,0.0,56.0,0.2486,0.8945,0.0001,10.8831,-0.5181,30.3319,1573.6639,0.0,0.0,0.0,1556.45001220703,down,2026-06-25T09:46:27,0.0,0.0
SPX,2027-03-19,210,Put,6300.0,SPX270319P06300000,79.0,79.9,79.45,83.5,0.0,0.0,0.0,4980.0,0.2491,-0.1074,0.0001,10.8831,-0.6245,-5.1254,79.4923,0.0,0.0,0.0,84.2999992370606,down,2026-08-18T15:22:45,0.0,0.0
SPX,2027-03-19,210,Call,6325.0,SPX270319C06325000,1549.7,1553.8,1551.75,1417.0,0.0,0.0,0.0,1114.0,0.2469,0.8919,0.0001,11.0694,-0.5265,30.3489,1551.0817,0.0,0.0,0.0,1533.90002441406,up,2026-05-20T12:55:58,0.0,0.0
SPX,2027-03-19,210,Put,6325.0,SPX270319P06325000,80.8,81.8,81.3,85.0,0.0,0.0,0.0,429.0,0.2475,-0.11,0.0001,11.0694,-0.6312,-5.2485,81.2835,0.0,0.0,0.0,86.1500015258789,no_change,2026-08-20T13:30:43,0.0,0.0
SPX,2027-03-19,210,Call,6350.0,SPX270319C06350000,1527.4,1530.9,1529.15,1325.3,0.0,0.0,0.0,84.0,0.2453,0.8892,0.0001,11.2591,-0.5349,30.3621,1528.5444,0.0,0.0,0.0,1511.54998779297,down,2026-06-24T15:28:31,0.0,0.0
SPX,2027-03-19,210,Put,6350.0,SPX270319P06350000,82.6,83.6,83.1,88.0,0.0,0.0,0.0,4286.0,0.2458,-0.1126,0.0001,11.2591,-0.6379,-5.3754,83.1197,0.0,0.0,0.0,88.1000022888184,down,2026-08-18T13:49:12,0.0,0.0
SPX,2027-03-19,210,Call,6375.0,SPX270319C06375000,1504.7,1508.7,1506.7,1381.0,0.0,0.0,0.0,1124.0,0.244,0.8865,0.0001,11.4521,-0.5434,30.3712,1506.0536,0.0,0.0,0.0,1489.09997558594,up,2026-05-20T13:29:43,0.0,0.0
SPX,2027-03-19,210,Put,6375.0,SPX270319P06375000,84.5,85.5,85.0,84.52,-5.58,-6.19312,2.0,1640.0,0.2442,-0.1154,0.0001,11.4521,-0.6446,-5.5064,85.0023,84.49,84.52,84.49,90.1000022888184,up,2026-08-21T13:31:46,0.0,0.0
SPX,2027-03-19,210,Call,6400.0,SPX270319C06400000,1482.5,1486.0,1484.25,1590.75,0.0,0.0,0.0,1024.0,0.2422,0.8837,0.0001,11.6478,-0.5518,30.3763,1483.6107,0.0,0.0,0.0,1466.79998779297,down,2026-08-14T15:57:42,0.0,0.0
SPX,2027-03-19,210,Put,6400.0,SPX270319P06400000,86.4,87.4,86.9,87.1,-5.0,-5.42888,405.0,8362.0,0.2425,-0.1182,0.0001,11.6478,-0.6513,-5.6414,86.9329,86.7,87.17,85.9,92.1000022888184,no_change,2026-08-21T15:59:40,0.0,0.0
SPX,2027-03-19,210,Call,6425.0,SPX270319C06425000,1459.9,1463.9,1461.9,1319.97,0.0,0.0,0.0,1140.0,0.2407,0.8808,0.0001,11.8458,-0.5603,30.3773,1461.2173,0.0,0.0,0.0,1444.5,up,2026-05-08T15:27:25,0.0,0.0
SPX,2027-03-19,210,Put,6425.0,SPX270319P06425000,88.4,89.5,88.95,88.68,-5.57,-5.90981,7.0,1563.0,0.2409,-0.121,0.0001,11.8458,-0.6581,-5.7805,88.9129,88.5,88.68,88.5,94.25,up,2026-08-21T14:11:48,0.0,0.0
SPX,2027-03-19,210,Call,6450.0,SPX270319C06450000,1438.0,1441.2,1439.6,1269.3,0.0,0.0,0.0,966.0,0.2389,0.8779,0.0001,12.0456,-0.5688,30.3747,1438.8749,0.0,0.0,0.0,1422.29998779297,no_change,2026-06-23T15:29:09,0.0,0.0
SPX,2027-03-19,210,Put,6450.0,SPX270319P06450000,90.6,91.4,91.0,92.66,0.0,0.0,0.0,4547.0,0.2392,-0.124,0.0001,12.0456,-0.6648,-5.9232,90.9439,0.0,0.0,0.0,96.2999992370606,down,2026-08-19T09:34:42,0.0,0.0
SPX,2027-03-19,210,Call,6475.0,SPX270319C06475000,1415.5,1419.3,1417.4,1360.4,0.0,0.0,0.0,701.0,0.2376,0.8748,0.0001,12.2467,-0.5772,30.3686,1416.5848,0.0,0.0,0.0,1400.04998779297,up,2026-06-22T10:18:29,0.0,0.0
SPX,2027-03-19,210,Put,6475.0,SPX270319P06475000,92.5,93.6,93.05,94.55,0.0,0.0,0.0,832.0,0.2376,-0.127,0.0001,12.2467,-0.6715,-6.0694,93.0274,0.0,0.0,0.0,98.5499992370606,down,2026-08-19T10:05:28,0.0,0.0
SPX,2027-03-19,210,Call,6500.0,SPX270319C06500000,1393.3,1396.7,1395.0,1442.85,0.0,0.0,0.0,4378.0,0.2359,0.8717,0.0001,12.449,-0.5857,30.3595,1394.3483,0.0,0.0,0.0,1378.0,up,2026-08-19T10:05:28,0.0,0.0
SPX,2027-03-19,210,Put,6500.0,SPX270319P06500000,94.8,95.7,95.25,94.6,-6.15,-6.10422,546.0,10857.0,0.236,-0.1301,0.0001,12.449,-0.6782,-6.2186,95.1642,98.03,98.15,94.6,100.75,no_change,2026-08-21T15:17:05,0.0,0.0
SPX,2027-03-19,210,Call,6525.0,SPX270319C06525000,1370.9,1374.9,1372.9,1420.84,0.0,0.0,0.0,704.0,0.2343,0.8686,0.0002,12.6527,-0.5941,30.3475,1372.1663,0.0,0.0,0.0,1355.90002441406,up,2026-08-19T10:05:28,0.0,0.0
SPX,2027-03-19,210,Put,6525.0,SPX270319P06525000,97.0,97.9,97.45,98.08,0.0,0.0,0.0,1012.0,0.2344,-0.1333,0.0002,12.6527,-0.6849,-6.3707,97.3557,0.0,0.0,0.0,103.049999237061,down,2026-08-19T14:00:17,0.0,0.0
SPX,2027-03-19,210,Call,6550.0,SPX270319C06550000,1349.1,1352.4,1350.75,1430.0,0.0,0.0,0.0,857.0,0.2326,0.8653,0.0002,12.858,-0.6025,30.3326,1350.04,0.0,0.0,0.0,1333.94995117188,up,2026-08-05T15:40:55,0.0,0.0
SPX,2027-03-19,210,Put,6550.0,SPX270319P06550000,99.1,100.1,99.6,99.2,-6.2,-5.88235,3.0,6609.0,0.2327,-0.1366,0.0002,12.858,-0.6916,-6.5257,99.6029,99.2,99.3,99.2,105.399997711182,down,2026-08-21T14:10:33,0.0,0.0
SPX,2027-03-19,210,Call,6575.0,SPX270319C06575000,1326.8,1330.7,1328.75,1337.87,25.92,1.97568,2.0,667.0,0.2311,0.862,0.0002,13.0654,-0.6109,30.3144,1327.9707,1337.99,1337.99,1337.87,1311.95001220703,down,2026-08-21T12:07:48,0.0,0.0
SPX,2027-03-19,210,Put,6575.0,SPX270319P06575000,101.4,102.5,101.95,101.4,-6.45,-5.98053,213.0,3174.0,0.2311,-0.1399,0.0002,13.0654,-0.6982,-6.6839,101.9069,102.39,102.42,101.4,107.849998474121,down,2026-08-21T14:10:46,0.0,0.0
SPX,2027-03-19,210,Call,6600.0,SPX270319C06600000,1305.2,1308.4,1306.8000000000002,1402.19,0.0,0.0,0.0,3820.0,0.2293,0.8585,0.0002,13.2756,-0.6193,30.2926,1305.9596,0.0,0.0,0.0,1290.05004882812,up,2026-08-11T10:51:50,0.0,0.0
SPX,2027-03-19,210,Put,6600.0,SPX270319P06600000,103.9,104.8,104.35,103.9,-6.35,-5.75964,34.0,5689.0,0.2294,-0.1433,0.0002,13.2757,-0.7049,-6.8459,104.2694,106.38,106.53,103.9,110.25,no_change,2026-08-21T14:10:47,0.0,0.0
SPX,2027-03-19,210,Call,6625.0,SPX270319C06625000,1282.9,1286.7,1284.8000000000002,1404.31,0.0,0.0,0.0,1869.0,0.2278,0.855,0.0002,13.4891,-0.6276,30.2663,1284.0086,0.0,0.0,0.0,1268.25,down,2026-08-14T10:27:22,0.0,0.0
SPX,2027-03-19,210,Put,6625.0,SPX270319P06625000,106.3,107.3,106.8,111.3,0.0,0.0,0.0,708.0,0.2279,-0.1469,0.0002,13.4891,-0.7115,-7.0122,106.6919,0.0,0.0,0.0,112.849998474121,up,2026-08-18T15:27:26,0.0,0.0
SPX,2027-03-19,210,Call,6650.0,SPX270319C06650000,1261.4,1264.5,1262.95,1322.77,0.0,0.0,0.0,2346.0,0.2262,0.8514,0.0002,13.7059,-0.6359,30.2351,1262.1196,0.0,0.0,0.0,1246.5,no_change,2026-08-11T15:09:58,0.0,0.0
SPX,2027-03-19,210,Put,6650.0,SPX270319P06650000,108.8,109.8,109.3,108.7,-6.7,-5.80589,119.0,2378.0,0.2262,-0.1505,0.0002,13.7059,-0.718,-7.1836,109.1763,111.26,111.47,108.65,115.399997711182,down,2026-08-21T14:10:35,0.0,0.0
SPX,2027-03-19,210,Call,6675.0,SPX270319C06675000,1239.2,1243.0,1241.1,1085.7,0.0,0.0,0.0,546.0,0.2246,0.8477,0.0002,13.926,-0.6442,30.1983,1240.295,0.0,0.0,0.0,1224.85003662109,down,2026-06-23T15:54:00,0.0,0.0
SPX,2027-03-19,210,Put,6675.0,SPX270319P06675000,111.4,112.4,111.9,111.12,-7.03,-5.95006,40.0,1193.0,0.2247,-0.1542,0.0002,13.926,-0.7246,-7.3605,111.7251,111.12,111.12,111.12,118.150001525879,down,2026-08-21T14:21:55,0.0,0.0
SPX,2027-03-19,210,Call,6700.0,SPX270319C06700000,1217.8,1221.0,1219.4,1308.7,0.0,0.0,0.0,6713.0,0.2228,0.8439,0.0002,14.149,-0.6524,30.1557,1218.5372,0.0,0.0,0.0,1203.25,up,2026-08-07T10:29:27,0.0,0.0
SPX,2027-03-19,210,Put,6700.0,SPX270319P06700000,114.0,115.0,114.5,113.5,-7.35,-6.08192,526.0,12449.0,0.223,-0.158,0.0002,14.149,-0.731,-7.5432,114.3408,117.0,117.48,113.4,120.849998474121,down,2026-08-21T15:13:06,0.0,0.0
SPX,2027-03-19,210,Call,6725.0,SPX270319C06725000,1195.9,1199.6,1197.75,1304.92,0.0,0.0,0.0,74.0,0.2215,0.84,0.0002,14.374,-0.6605,30.1074,1196.8489,0.0,0.0,0.0,1181.64996337891,up,2026-08-14T15:00:11,0.0,0.0
SPX,2027-03-19,210,Put,6725.0,SPX270319P06725000,116.7,117.7,117.2,116.7,-6.95,-5.6207,3.0,4354.0,0.2214,-0.1618,0.0002,14.3741,-0.7374,-7.7316,117.0259,116.7,116.9,116.7,123.650001525879,down,2026-08-21T14:10:31,0.0,0.0
SPX,2027-03-19,210,Call,6750.0,SPX270319C06750000,1174.5,1177.6,1176.05,1012.97,0.0,0.0,0.0,1471.0,0.2197,0.836,0.0002,14.6004,-0.6686,30.0538,1175.2324,0.0,0.0,0.0,1160.20001220703,up,2026-07-24T11:04:43,0.0,0.0
SPX,2027-03-19,210,Put,6750.0,SPX270319P06750000,119.5,120.4,119.95,119.45,-7.05,-5.57312,21.0,2174.0,0.2198,-0.1658,0.0002,14.6004,-0.7438,-7.9253,119.7828,119.7,119.7,119.4,126.5,down,2026-08-21T14:49:47,0.0,0.0
SPX,2027-03-19,210,Call,6775.0,SPX270319C06775000,1152.8,1156.3,1154.55,1194.02,0.0,0.0,0.0,1079.0,0.2182,0.8319,0.0002,14.8274,-0.6766,29.9955,1153.6899,0.0,0.0,0.0,1138.75,down,2026-08-19T13:22:34,0.0,0.0
SPX,2027-03-19,210,Put,6775.0,SPX270319P06775000,122.2,123.3,122.75,122.3,-7.2,-5.55985,1.0,1598.0,0.2182,-0.1699,0.0002,14.8274,-0.7501,-8.1237,122.6139,122.3,122.3,122.3,129.5,down,2026-08-21T14:10:29,0.0,0.0
SPX,2027-03-19,210,Call,6800.0,SPX270319C06800000,1131.6,1134.7,1133.15,1210.55,0.0,0.0,0.0,3744.0,0.2166,0.8277,0.0002,15.0546,-0.6846,29.933,1132.2237,0.0,0.0,0.0,1117.45001220703,down,2026-08-12T10:14:11,0.0,0.0
SPX,2027-03-19,210,Put,6800.0,SPX270319P06800000,125.1,126.2,125.65,125.1,-7.35,-5.54927,11.0,14145.0,0.2166,-0.1742,0.0002,15.0546,-0.7563,-8.3262,125.5211,128.88,128.88,125.1,132.450004577637,no_change,2026-08-21T14:10:47,0.0,0.0
SPX,2027-03-19,210,Call,6825.0,SPX270319C06825000,1110.0,1113.6,1111.8,1196.13,0.0,0.0,0.0,1218.0,0.2151,0.8234,0.0002,15.2822,-0.6925,29.8668,1110.8355,0.0,0.0,0.0,1096.25,down,2026-08-17T14:45:54,0.0,0.0
SPX,2027-03-19,210,Put,6825.0,SPX270319P06825000,128.2,129.2,128.7,131.05,-4.55,-3.35546,2.0,1650.0,0.2151,-0.1785,0.0002,15.2821,-0.7624,-8.5326,128.5061,130.89,131.05,130.89,135.599998474121,up,2026-08-21T09:45:58,0.0,0.0
SPX,2027-03-19,210,Call,6850.0,SPX270319C06850000,1088.9,1092.0,1090.45,881.47,0.0,0.0,0.0,3614.0,0.2134,0.819,0.0002,15.5104,-0.7003,29.7966,1089.527,0.0,0.0,0.0,1075.04998779297,up,2026-07-29T11:33:02,0.0,0.0
SPX,2027-03-19,210,Put,6850.0,SPX270319P06850000,131.2,132.3,131.75,131.7,0.0,0.0,0.0,2846.0,0.2134,-0.1829,0.0002,15.5104,-0.7685,-8.7429,131.5712,0.0,0.0,0.0,138.75,no_change,2026-08-19T10:50:05,0.0,0.0
SPX,2027-03-19,210,Call,6875.0,SPX270319C06875000,1067.5,1071.0,1069.25,858.4,0.0,0.0,0.0,374.0,0.2119,0.8144,0.0002,15.7401,-0.708,29.7219,1068.3004,0.0,0.0,0.0,1053.95001220703,down,2026-07-29T10:26:21,0.0,0.0
SPX,2027-03-19,210,Put,6875.0,SPX270319P06875000,134.4,135.4,134.9,133.3,0.0,0.0,0.0,586.0,0.2119,-0.1874,0.0002,15.7401,-0.7745,-8.9576,134.7182,0.0,0.0,0.0,142.099998474121,down,2026-08-19T15:39:56,0.0,0.0
SPX,2027-03-19,210,Call,6900.0,SPX270319C06900000,1046.7,1049.6,1048.15,1060.0,0.0,0.0,0.0,5338.0,0.2101,0.8098,0.0002,15.9719,-0.7156,29.6418,1047.1583,0.0,0.0,0.0,1032.95001220703,down,2026-08-20T11:26:16,0.0,0.0
SPX,2027-03-19,210,Put,6900.0,SPX270319P06900000,137.5,138.6,138.05,137.48,-7.97,-5.47955,93.0,9484.0,0.2102,-0.1921,0.0002,15.9719,-0.7804,-9.1778,137.9495,137.55,137.9,137.29,145.450004577637,no_change,2026-08-21T16:02:21,0.0,0.0
SPX,2027-03-19,210,Call,6925.0,SPX270319C06925000,1025.4,1028.9,1027.15,830.7,0.0,0.0,0.0,678.0,0.2087,0.805,0.0002,16.2064,-0.7231,29.5552,1026.1037,0.0,0.0,0.0,1012.04998779297,down,2026-07-29T10:12:51,0.0,0.0
SPX,2027-03-19,210,Put,6925.0,SPX270319P06925000,140.9,141.9,141.4,140.9,-8.0,-5.37273,2.0,772.0,0.2087,-0.1968,0.0002,16.2064,-0.7861,-9.4045,141.2682,140.9,140.9,140.9,148.900001525879,down,2026-08-21T14:24:47,0.0,0.0
SPX,2027-03-19,210,Call,6950.0,SPX270319C06950000,1004.6,1007.6,1006.1,818.28,0.0,0.0,0.0,636.0,0.2071,0.8001,0.0002,16.4434,-0.7305,29.4612,1005.14,0.0,0.0,0.0,991.25,down,2026-07-29T15:19:53,0.0,0.0
SPX,2027-03-19,210,Put,6950.0,SPX270319P06950000,144.3,145.4,144.85000000000002,143.51,-8.89,-5.83333,40.0,2285.0,0.2071,-0.2017,0.0002,16.4434,-0.7918,-9.6386,144.678,147.0,147.0,143.51,152.400001525879,down,2026-08-21T15:19:01,0.0,0.0
SPX,2027-03-19,210,Call,6975.0,SPX270319C06975000,983.6,987.0,985.3,937.63,0.0,0.0,0.0,1036.0,0.2055,0.7951,0.0002,16.6825,-0.7378,29.3592,984.2711,0.0,0.0,0.0,970.5,down,2026-08-03T12:47:48,0.0,0.0
SPX,2027-03-19,210,Put,6975.0,SPX270319P06975000,147.8,148.9,148.35000000000002,148.26,-7.79,-4.99199,7.0,1561.0,0.2055,-0.2068,0.0002,16.6825,-0.7973,-9.8807,148.1827,150.55,150.55,148.26,156.050003051758,down,2026-08-21T12:10:49,0.0,0.0
SPX,2027-03-19,210,Call,7000.0,SPX270319C07000000,963.0,966.0,964.5,964.43,14.53,1.52964,102.0,68265.0,0.2039,0.79,0.0002,16.9227,-0.7449,29.2494,963.5012,961.68,964.43,961.68,949.899993896484,up,2026-08-21T16:03:04,0.0,0.0
SPX,2027-03-19,210,Put,7000.0,SPX270319P07000000,151.4,152.5,151.95,152.26,-7.49,-4.68858,1913.0,72648.0,0.2039,-0.2119,0.0002,16.9228,-0.8027,-10.1306,151.7862,154.38,154.81,151.3,159.75,up,2026-08-21T16:03:04,0.0,0.0
SPX,2027-03-19,210,Call,7025.0,SPX270319C07025000,942.2,945.6,943.9000000000001,777.28,0.0,0.0,0.0,161.0,0.2024,0.7847,0.0002,17.1628,-0.7519,29.1326,942.834,0.0,0.0,0.0,929.349975585938,down,2026-07-27T10:52:21,0.0,0.0
SPX,2027-03-19,210,Put,7025.0,SPX270319P07025000,155.0,156.2,155.6,165.05,0.0,0.0,0.0,504.0,0.2024,-0.2172,0.0002,17.1628,-0.808,-10.3875,155.4924,0.0,0.0,0.0,163.599998474121,up,2026-08-20T15:58:38,0.0,0.0
SPX,2027-03-19,210,Call,7050.0,SPX270319C07050000,921.8,924.7,923.25,981.79,0.0,0.0,0.0,694.0,0.2007,0.7792,0.0003,17.4019,-0.7588,29.0095,922.2731,0.0,0.0,0.0,908.950012207031,up,2026-08-04T11:59:04,0.0,0.0
SPX,2027-03-19,210,Put,7050.0,SPX270319P07050000,158.9,160.0,159.45,160.22,-7.33,-4.37481,2.0,2641.0,0.2008,-0.2226,0.0003,17.4019,-0.8131,-10.6506,159.305,160.22,160.22,160.22,167.549995422363,up,2026-08-21T11:18:16,0.0,0.0
SPX,2027-03-19,210,Call,7075.0,SPX270319C07075000,901.3,904.6,902.95,861.75,0.0,0.0,0.0,1137.0,0.1993,0.7737,0.0003,17.6393,-0.7654,28.8814,901.8213,0.0,0.0,0.0,888.600006103516,up,2026-08-03T13:21:45,0.0,0.0
SPX,2027-03-19,210,Put,7075.0,SPX270319P07075000,162.8,163.9,163.35000000000002,160.7,0.0,0.0,0.0,807.0,0.1992,-0.2282,0.0003,17.6393,-0.8181,-10.9188,163.2266,0.0,0.0,0.0,171.550003051758,up,2026-08-19T15:36:59,0.0,0.0
SPX,2027-03-19,210,Call,7100.0,SPX270319C07100000,881.1,883.9,882.5,881.73,13.33,1.535,110.0,1548.0,0.1976,0.768,0.0003,17.8752,-0.772,28.7486,881.4816,886.09,886.09,881.73,868.400024414062,down,2026-08-21T13:56:11,0.0,0.0
SPX,2027-03-19,210,Put,7100.0,SPX270319P07100000,166.8,167.9,167.35000000000002,165.9,-9.85,-5.60455,14.0,5140.0,0.1976,-0.2339,0.0003,17.8752,-0.8229,-11.1918,167.2604,166.72,167.0,165.9,175.75,no_change,2026-08-21T15:10:59,0.0,0.0
SPX,2027-03-19,210,Call,7125.0,SPX270319C07125000,860.6,864.0,862.3,917.32,0.0,0.0,0.0,917.0,0.1961,0.7621,0.0003,18.1102,-0.7783,28.6105,861.2568,0.0,0.0,0.0,848.299987792969,up,2026-08-06T15:28:16,0.0,0.0
SPX,2027-03-19,210,Put,7125.0,SPX270319P07125000,170.9,172.0,171.45,169.9,-10.15,-5.63732,6.0,863.0,0.1961,-0.2397,0.0003,18.1102,-0.8275,-11.47,171.409,171.3,171.3,169.9,180.050003051758,down,2026-08-21T15:10:37,0.0,0.0
SPX,2027-03-19,210,Call,7150.0,SPX270319C07150000,840.8,843.5,842.15,836.41,8.11,0.979115,4.0,3736.0,0.1945,0.7561,0.0003,18.3452,-0.7845,28.4658,841.1504,835.91,836.41,835.68,828.299987792969,up,2026-08-21T10:20:49,0.0,0.0
SPX,2027-03-19,210,Put,7150.0,SPX270319P07150000,175.2,176.3,175.75,176.3,-8.1,-4.39263,24.0,2562.0,0.1945,-0.2457,0.0003,18.3452,-0.8319,-11.7548,175.6761,178.99,178.99,174.44,184.400001525879,no_change,2026-08-21T16:00:16,0.0,0.0
SPX,2027-03-19,210,Call,7175.0,SPX270319C07175000,820.6,823.9,822.25,815.28,6.88,0.851061,36.0,628.0,0.1931,0.75,0.0003,18.5807,-0.7905,28.3129,821.1666,816.38,816.46,814.65,808.400024414062,down,2026-08-21T10:21:07,0.0,0.0
SPX,2027-03-19,210,Put,7175.0,SPX270319P07175000,179.5,180.7,180.1,179.8,-9.15,-4.84255,70.0,850.0,0.193,-0.2519,0.0003,18.5807,-0.8362,-12.0478,180.0658,179.5,180.0,178.6,188.949996948242,down,2026-08-21T14:10:33,0.0,0.0
SPX,2027-03-19,210,Call,7200.0,SPX270319C07200000,801.3,803.3,802.3,801.31,12.56,1.59239,2.0,4284.0,0.1914,0.7437,0.0003,18.817,-0.7963,28.1503,801.3106,798.83,801.31,798.83,788.75,up,2026-08-21T10:56:33,0.0,0.0
SPX,2027-03-19,210,Put,7200.0,SPX270319P07200000,184.0,185.2,184.6,183.89,-9.61,-4.96641,20.0,8077.0,0.1914,-0.2582,0.0003,18.817,-0.8402,-12.3505,184.5831,183.89,183.89,183.89,193.5,down,2026-08-21T14:21:55,0.0,0.0
SPX,2027-03-19,210,Call,7225.0,SPX270319C07225000,781.6,783.6,782.6,824.81,0.0,0.0,0.0,718.0,0.19,0.7372,0.0003,19.0532,-0.8018,27.9772,781.5881,0.0,0.0,0.0,769.049987792969,up,2026-08-19T13:48:52,0.0,0.0
SPX,2027-03-19,210,Put,7225.0,SPX270319P07225000,188.7,189.8,189.25,192.34,-5.76,-2.90762,1.0,1163.0,0.1899,-0.2646,0.0003,19.0532,-0.844,-12.6637,189.2341,192.34,192.34,192.34,198.099998474121,down,2026-08-21T09:47:28,0.0,0.0
SPX,2027-03-19,210,Call,7250.0,SPX270319C07250000,762.0,764.0,763.0,792.19,0.0,0.0,0.0,2791.0,0.1884,0.7306,0.0003,19.288,-0.8071,27.794,762.0049,0.0,0.0,0.0,749.699981689453,down,2026-08-18T16:09:22,0.0,0.0
SPX,2027-03-19,210,Put,7250.0,SPX270319P07250000,193.4,194.6,194.0,202.04,0.0,0.0,0.0,2494.0,0.1883,-0.2713,0.0003,19.288,-0.8476,-12.987,194.0243,0.0,0.0,0.0,203.150001525879,up,2026-08-20T14:08:16,0.0,0.0
SPX,2027-03-19,210,Call,7275.0,SPX270319C07275000,742.5,744.6,743.55,776.9,0.0,0.0,0.0,216.0,0.1869,0.7238,0.0003,19.5199,-0.8122,27.6024,742.5663,0.0,0.0,0.0,730.299987792969,down,2026-08-18T15:32:23,0.0,0.0
SPX,2027-03-19,210,Put,7275.0,SPX270319P07275000,198.3,199.5,198.9,203.05,0.0,0.0,0.0,454.0,0.1868,-0.2781,0.0003,19.5199,-0.8509,-13.3187,198.9592,0.0,0.0,0.0,208.25,up,2026-08-20T13:12:29,0.0,0.0
SPX,2027-03-19,210,Call,7300.0,SPX270319C07300000,723.2,725.3,724.25,746.9,0.0,0.0,0.0,3126.0,0.1852,0.7168,0.0003,19.7475,-0.817,27.4039,723.277,0.0,0.0,0.0,711.25,up,2026-08-20T11:05:34,0.0,0.0
SPX,2027-03-19,210,Put,7300.0,SPX270319P07300000,203.4,204.6,204.0,203.7,-9.7,-4.54546,9.0,6222.0,0.1853,-0.285,0.0003,19.7475,-0.854,-13.6572,204.0433,203.6,204.0,203.21,213.400001525879,down,2026-08-21T15:55:29,0.0,0.0
SPX,2027-03-19,210,Call,7325.0,SPX270319C07325000,704.1,706.2,705.1500000000001,742.06,0.0,0.0,0.0,946.0,0.1838,0.7097,0.0003,19.9705,-0.8215,27.1999,704.1409,0.0,0.0,0.0,692.200012207031,down,2026-08-18T12:27:41,0.0,0.0
SPX,2027-03-19,210,Put,7325.0,SPX270319P07325000,208.6,209.8,209.2,212.69,-6.16,-2.81471,12.0,1624.0,0.1838,-0.2922,0.0003,19.9705,-0.8568,-14.0013,209.2807,212.69,212.69,212.69,218.849998474121,up,2026-08-21T10:17:25,0.0,0.0
SPX,2027-03-19,210,Call,7350.0,SPX270319C07350000,685.1,687.2,686.1500000000001,789.72,0.0,0.0,0.0,1660.0,0.1822,0.7024,0.0003,20.1891,-0.8258,26.9901,685.1619,0.0,0.0,0.0,673.149993896484,up,2026-08-14T11:39:26,0.0,0.0
SPX,2027-03-19,210,Put,7350.0,SPX270319P07350000,213.9,215.2,214.55,214.3,-9.95,-4.43701,6.0,2080.0,0.1823,-0.2995,0.0003,20.1891,-0.8593,-14.3512,214.6751,214.35,214.6,214.21,224.25,down,2026-08-21T14:24:47,0.0,0.0
SPX,2027-03-19,210,Call,7375.0,SPX270319C07375000,666.2,668.3,667.25,672.42,17.82,2.72228,7.0,773.0,0.1808,0.6949,0.0003,20.4042,-0.8297,26.773,666.3444,673.4,673.4,672.42,654.599975585938,down,2026-08-21T12:36:17,0.0,0.0
SPX,2027-03-19,210,Put,7375.0,SPX270319P07375000,219.4,220.7,220.05,219.8,-10.1,-4.39321,9.0,767.0,0.1808,-0.307,0.0003,20.4042,-0.8615,-14.7085,220.2311,219.69,220.22,219.69,229.899993896484,down,2026-08-21T14:49:47,0.0,0.0
SPX,2027-03-19,210,Call,7400.0,SPX270319C07400000,647.5,649.7,648.6,645.45,9.35,1.46989,1.0,4571.0,0.1793,0.6872,0.0003,20.6164,-0.8334,26.5458,647.6942,645.45,645.45,645.45,636.100006103516,down,2026-08-21T14:32:03,0.0,0.0
SPX,2027-03-19,210,Put,7400.0,SPX270319P07400000,225.1,226.4,225.75,226.58,-9.17,-3.88971,362.0,6588.0,0.1792,-0.3146,0.0003,20.6164,-0.8634,-15.0757,225.9543,226.0,226.58,225.9,235.75,up,2026-08-21T14:32:03,0.0,0.0
SPX,2027-03-19,210,Call,7425.0,SPX270319C07425000,629.0,631.2,630.1,726.16,0.0,0.0,0.0,913.0,0.1778,0.6794,0.0004,20.8256,-0.8367,26.3066,629.2182,0.0,0.0,0.0,617.75,down,2026-08-14T13:24:40,0.0,0.0
SPX,2027-03-19,210,Put,7425.0,SPX270319P07425000,231.0,232.2,231.6,232.0,-9.8,-4.05294,6.0,801.0,0.1778,-0.3225,0.0004,20.8256,-0.865,-15.455,231.8518,232.01,232.01,232.0,241.800003051758,down,2026-08-21T14:43:39,0.0,0.0
SPX,2027-03-19,210,Call,7450.0,SPX270319C07450000,610.7,612.8,611.75,659.06,0.0,0.0,0.0,1606.0,0.1763,0.6713,0.0004,21.031,-0.8396,26.0545,610.9246,0.0,0.0,0.0,599.550018310547,up,2026-08-19T09:57:44,0.0,0.0
SPX,2027-03-19,210,Put,7450.0,SPX270319P07450000,237.0,238.2,237.6,236.5,-11.45,-4.61787,2.0,3554.0,0.1763,-0.3305,0.0004,21.031,-0.8662,-15.8472,237.9317,236.5,236.5,236.5,247.949996948242,down,2026-08-21T13:16:50,0.0,0.0
SPX,2027-03-19,210,Call,7475.0,SPX270319C07475000,592.5,594.7,593.6,659.0,0.0,0.0,0.0,5162.0,0.1749,0.6631,0.0004,21.2308,-0.8422,25.791,592.8209,0.0,0.0,0.0,581.599975585938,down,2026-08-11T13:26:49,0.0,0.0
SPX,2027-03-19,210,Put,7475.0,SPX270319P07475000,243.3,244.5,243.9,254.8,0.0,0.0,0.0,6712.0,0.1748,-0.3388,0.0004,21.2308,-0.8671,-16.2508,244.2015,0.0,0.0,0.0,254.300003051758,up,2026-08-20T15:46:54,0.0,0.0
SPX,2027-03-19,210,Call,7500.0,SPX270319C07500000,574.6,576.8,575.7,606.22,0.0,0.0,0.0,10993.0,0.1734,0.6547,0.0004,21.4233,-0.8444,25.5184,574.9142,0.0,0.0,0.0,563.850006103516,down,2026-08-19T15:49:54,0.0,0.0
SPX,2027-03-19,210,Put,7500.0,SPX270319P07500000,249.7,250.9,250.3,250.58,-10.27,-3.93713,98.0,10181.0,0.1733,-0.3472,0.0004,21.4233,-0.8675,-16.6635,250.6681,249.86,250.91,249.78,260.849990844727,no_change,2026-08-21T12:52:43,0.0,0.0
SPX,2027-03-19,210,Call,7525.0,SPX270319C07525000,556.8,559.0,557.9,646.56,0.0,0.0,0.0,464.0,0.1719,0.6461,0.0004,21.6073,-0.8463,25.2397,557.2099,0.0,0.0,0.0,546.0,up,2026-08-17T12:35:52,0.0,0.0
SPX,2027-03-19,210,Put,7525.0,SPX270319P07525000,256.3,257.5,256.9,257.2,-10.5,-3.92231,98.0,829.0,0.1719,-0.3558,0.0004,21.6073,-0.8676,-17.0823,257.3372,256.48,257.52,256.4,267.700012207031,up,2026-08-21T12:52:43,0.0,0.0
SPX,2027-03-19,210,Call,7550.0,SPX270319C07550000,539.5,540.9,540.2,617.41,0.0,0.0,0.0,3403.0,0.1705,0.6373,0.0004,21.7826,-0.8477,24.9555,539.7129,0.0,0.0,0.0,528.649993896484,up,2026-08-12T14:35:04,0.0,0.0
SPX,2027-03-19,210,Put,7550.0,SPX270319P07550000,263.1,264.3,263.70000000000005,262.0,-12.6,-4.58849,15.0,2675.0,0.1704,-0.3646,0.0004,21.7826,-0.8673,-17.5066,264.2138,262.0,262.0,262.0,274.600006103516,down,2026-08-21T12:03:57,0.0,0.0
SPX,2027-03-19,210,Call,7575.0,SPX270319C07575000,522.2,523.6,522.9000000000001,590.53,0.0,0.0,0.0,330.0,0.1691,0.6283,0.0004,21.9496,-0.8487,24.664,522.4289,0.0,0.0,0.0,511.449981689453,no_change,2026-08-12T11:25:29,0.0,0.0
SPX,2027-03-19,210,Put,7575.0,SPX270319P07575000,270.2,271.4,270.79999999999995,284.0,0.0,0.0,0.0,408.0,0.1691,-0.3736,0.0004,21.9496,-0.8666,-17.9382,271.3031,0.0,0.0,0.0,281.949996948242,up,2026-08-20T15:59:02,0.0,0.0
SPX,2027-03-19,210,Call,7600.0,SPX270319C07600000,505.1,506.5,505.8,502.86,8.26,1.67004,12.0,8908.0,0.1676,0.6191,0.0004,22.1086,-0.8493,24.3616,505.3648,499.34,502.86,499.34,494.600006103516,up,2026-08-21T14:32:25,0.0,0.0
SPX,2027-03-19,210,Put,7600.0,SPX270319P07600000,277.4,278.7,278.04999999999995,277.7,-11.6,-4.00967,492.0,6072.0,0.1676,-0.3828,0.0004,22.1086,-0.8654,-18.3806,278.6125,284.0,284.0,277.44,289.299987792969,no_change,2026-08-21T14:49:37,0.0,0.0
SPX,2027-03-19,210,Call,7625.0,SPX270319C07625000,488.2,489.7,488.95,575.29,0.0,0.0,0.0,940.0,0.1663,0.6097,0.0004,22.2596,-0.8494,24.0454,488.53,0.0,0.0,0.0,477.800003051758,no_change,2026-08-17T10:49:19,0.0,0.0
SPX,2027-03-19,210,Put,7625.0,SPX270319P07625000,285.0,286.2,285.6,290.88,-6.12,-2.06061,2.0,1689.0,0.1662,-0.3921,0.0004,22.2596,-0.8638,-18.8369,286.1512,290.68,290.88,290.68,297.0,up,2026-08-21T09:53:34,0.0,0.0
SPX,2027-03-19,210,Call,7650.0,SPX270319C07650000,471.6,473.1,472.35,502.08,0.0,0.0,0.0,2074.0,0.1649,0.6002,0.0004,22.4015,-0.8491,23.7148,471.935,0.0,0.0,0.0,461.449996948242,up,2026-08-19T15:59:06,0.0,0.0
SPX,2027-03-19,210,Put,7650.0,SPX270319P07650000,292.7,294.0,293.35,291.9,-12.95,-4.24799,65.0,1906.0,0.1648,-0.4017,0.0004,22.4015,-0.8618,-19.3077,293.9297,297.47,297.47,290.9,304.849990844727,down,2026-08-21T15:19:54,0.0,0.0
SPX,2027-03-19,210,Call,7675.0,SPX270319C07675000,455.2,456.7,455.95,548.6,0.0,0.0,0.0,1701.0,0.1636,0.5904,0.0004,22.5325,-0.8483,23.3724,455.5894,0.0,0.0,0.0,445.25,up,2026-08-14T15:59:37,0.0,0.0
SPX,2027-03-19,210,Put,7675.0,SPX270319P07675000,300.7,302.0,301.35,301.19,-11.86,-3.78853,4.0,763.0,0.1635,-0.4114,0.0004,22.5325,-0.8592,-19.7901,301.9575,301.19,301.19,301.07,313.050003051758,up,2026-08-21T11:13:53,0.0,0.0
SPX,2027-03-19,210,Call,7700.0,SPX270319C07700000,439.1,440.6,439.85,443.6,14.25,3.31897,344.0,4285.0,0.1622,0.5805,0.0004,22.6513,-0.847,23.0227,439.5015,436.83,445.57,433.61,429.349990844727,up,2026-08-21T15:51:13,0.0,0.0
SPX,2027-03-19,210,Put,7700.0,SPX270319P07700000,309.0,310.3,309.65,310.96,-10.49,-3.26334,132.0,3444.0,0.1621,-0.4214,0.0004,22.6513,-0.8562,-20.28,310.243,315.08,315.09,305.3,321.449996948242,up,2026-08-21T14:32:23,0.0,0.0
SPX,2027-03-19,210,Call,7725.0,SPX270319C07725000,423.3,424.8,424.05,441.22,0.0,0.0,0.0,1043.0,0.1609,0.5704,0.0004,22.7569,-0.8451,22.6685,423.6772,0.0,0.0,0.0,413.649993896484,down,2026-08-20T09:41:03,0.0,0.0
SPX,2027-03-19,210,Put,7725.0,SPX270319P07725000,317.5,318.8,318.15,316.58,-13.62,-4.12478,205.0,1415.0,0.1609,-0.4315,0.0004,22.7569,-0.8526,-20.7742,318.7921,321.1,321.3,316.58,330.200012207031,down,2026-08-21T12:58:38,0.0,0.0
SPX,2027-03-19,210,Call,7750.0,SPX270319C07750000,407.8,409.2,408.5,401.9,0.0,0.0,0.0,4357.0,0.1596,0.5601,0.0004,22.8493,-0.8428,22.3092,408.1226,0.0,0.0,0.0,398.300003051758,up,2026-08-20T14:21:18,0.0,0.0
SPX,2027-03-19,210,Put,7750.0,SPX270319P07750000,326.3,327.6,326.95000000000005,325.5,-13.65,-4.02477,106.0,3221.0,0.1595,-0.4418,0.0004,22.8493,-0.8486,-21.2736,327.611,322.3,327.2,322.3,339.150009155273,no_change,2026-08-21T15:17:05,0.0,0.0
SPX,2027-03-19,210,Call,7775.0,SPX270319C07775000,392.5,394.1,393.3,420.0,0.0,0.0,0.0,261.0,0.1584,0.5496,0.0004,22.9282,-0.84,21.9407,392.8452,0.0,0.0,0.0,383.199996948242,down,2026-08-18T16:04:02,0.0,0.0
SPX,2027-03-19,210,Put,7775.0,SPX270319P07775000,335.4,336.8,336.1,335.63,-12.87,-3.69297,53.0,847.0,0.1582,-0.4523,0.0004,22.9282,-0.844,-21.7823,336.7071,336.11,336.11,335.63,348.5,down,2026-08-21T12:55:51,0.0,0.0
SPX,2027-03-19,210,Call,7800.0,SPX270319C07800000,377.5,379.1,378.3,375.4,6.95,1.88628,2.0,7397.0,0.157,0.5389,0.0004,22.9932,-0.8366,21.5585,377.8555,375.33,375.4,375.33,368.449996948242,up,2026-08-21T09:49:28,0.0,0.0
SPX,2027-03-19,210,Put,7800.0,SPX270319P07800000,344.8,346.2,345.5,346.12,-11.88,-3.31844,330.0,6198.0,0.157,-0.4629,0.0004,22.9932,-0.8389,-22.3045,346.0908,351.11,351.11,346.12,358.0,down,2026-08-21T14:43:39,0.0,0.0
SPX,2027-03-19,210,Call,7825.0,SPX270319C07825000,362.9,364.3,363.6,352.5,0.0,0.0,0.0,481.0,0.1559,0.5281,0.0004,23.0434,-0.8327,21.1616,363.1652,0.0,0.0,0.0,353.899993896484,no_change,2026-08-20T16:12:09,0.0,0.0
SPX,2027-03-19,210,Put,7825.0,SPX270319P07825000,354.5,355.9,355.2,370.43,0.0,0.0,0.0,621.0,0.1558,-0.4737,0.0004,23.0434,-0.8332,-22.8415,355.774,0.0,0.0,0.0,367.899993896484,no_change,2026-08-20T16:12:09,0.0,0.0
SPX,2027-03-19,210,Call,7850.0,SPX270319C07850000,348.5,350.1,349.3,347.61,0.0,0.0,0.0,2380.0,0.1546,0.5172,0.0004,23.0776,-0.8283,20.7539,348.7855,0.0,0.0,0.0,339.800003051758,down,2026-08-20T13:37:53,0.0,0.0
SPX,2027-03-19,210,Put,7850.0,SPX270319P07850000,364.5,365.9,365.2,363.4,-14.65,-3.87515,3.0,2056.0,0.1545,-0.4847,0.0004,23.0776,-0.8271,-23.3893,365.7678,365.64,365.64,363.4,378.050003051758,down,2026-08-21T15:59:30,0.0,0.0
SPX,2027-03-19,210,Call,7875.0,SPX270319C07875000,334.6,336.1,335.35,327.85,0.0,0.0,0.0,559.0,0.1535,0.5061,0.0004,23.0954,-0.8233,20.3415,334.7243,0.0,0.0,0.0,325.899993896484,down,2026-08-20T15:33:12,0.0,0.0
SPX,2027-03-19,210,Put,7875.0,SPX270319P07875000,374.8,376.2,375.5,366.3,0.0,0.0,0.0,750.0,0.1534,-0.4958,0.0004,23.0954,-0.8203,-23.9418,376.08,0.0,0.0,0.0,388.600006103516,up,2026-08-19T15:54:40,0.0,0.0
SPX,2027-03-19,210,Call,7900.0,SPX270319C07900000,321.0,322.2,321.6,321.82,9.47,3.03186,124.0,3716.0,0.1522,0.4949,0.0004,23.0965,-0.8177,19.9278,320.9867,323.0,326.58,321.82,312.349990844727,down,2026-08-21T14:04:55,0.0,0.0
SPX,2027-03-19,210,Put,7900.0,SPX270319P07900000,385.5,386.9,386.2,385.44,-13.96,-3.49524,124.0,3213.0,0.1522,-0.507,0.0004,23.0965,-0.813,-24.4956,386.7158,386.7,386.9,383.79,399.399993896484,up,2026-08-21T13:31:07,0.0,0.0
SPX,2027-03-19,210,Call,7925.0,SPX270319C07925000,307.6,309.0,308.3,300.7,0.0,0.0,0.0,635.0,0.1512,0.4835,0.0005,23.0806,-0.8116,19.5109,307.5775,0.0,0.0,0.0,299.199996948242,down,2026-08-20T15:40:50,0.0,0.0
SPX,2027-03-19,210,Put,7925.0,SPX270319P07925000,396.6,397.9,397.25,403.88,0.0,0.0,0.0,502.0,0.1511,-0.5183,0.0005,23.0806,-0.8052,-25.0526,397.68,0.0,0.0,0.0,410.550003051758,up,2026-08-20T13:27:51,0.0,0.0
SPX,2027-03-19,210,Call,7950.0,SPX270319C07950000,294.6,295.7,295.15,297.2,10.9,3.80719,23.0,2269.0,0.15,0.4721,0.0005,23.0466,-0.805,19.0851,294.5038,291.4,306.0,290.4,286.300003051758,up,2026-08-21T15:32:18,0.0,0.0
SPX,2027-03-19,210,Put,7950.0,SPX270319P07950000,407.9,409.2,408.54999999999995,395.3,0.0,0.0,0.0,837.0,0.15,-0.5298,0.0005,23.0466,-0.7968,-25.6185,408.9797,0.0,0.0,0.0,422.0,down,2026-08-19T14:05:51,0.0,0.0
SPX,2027-03-19,210,Call,7975.0,SPX270319C07975000,281.9,283.0,282.45,282.8,9.0,3.28707,75.0,521.0,0.149,0.4605,0.0005,22.9931,-0.7978,18.6466,281.7752,279.55,293.31,278.3,273.800003051758,down,2026-08-21T16:02:24,0.0,0.0
SPX,2027-03-19,210,Put,7975.0,SPX270319P07975000,419.6,420.9,420.25,416.96,-16.99,-3.9152,57.0,405.0,0.1489,-0.5413,0.0005,22.9931,-0.7879,-26.1971,420.6247,426.05,426.05,416.96,433.949996948242,down,2026-08-21T15:33:52,0.0,0.0
SPX,2027-03-19,210,Call,8000.0,SPX270319C08000000,269.6,270.7,270.15,271.3,9.7,3.70795,519.0,36595.0,0.1479,0.4489,0.0005,22.9195,-0.7901,18.1976,269.4011,279.58,282.15,268.41,261.600006103516,down,2026-08-21T15:54:51,0.0,0.0
SPX,2027-03-19,210,Put,8000.0,SPX270319P08000000,431.6,432.9,432.25,433.54,-12.46,-2.79372,182.0,33737.0,0.1479,-0.553,0.0005,22.9195,-0.7785,-26.7861,432.624,437.71,437.8,424.95,446.0,up,2026-08-21T14:36:43,0.0,0.0
SPX,2027-03-19,210,Call,8025.0,SPX270319C08025000,257.5,258.7,258.1,258.56,8.76,3.50681,9.0,2912.0,0.1469,0.4372,0.0005,22.8268,-0.7819,17.7453,257.3872,261.96,262.22,258.5,249.799995422363,up,2026-08-21T13:38:38,0.0,0.0
SPX,2027-03-19,210,Put,8025.0,SPX270319P08025000,443.9,445.3,444.6,440.47,0.0,0.0,0.0,97.0,0.1469,-0.5646,0.0005,22.8268,-0.7685,-27.3786,444.9835,0.0,0.0,0.0,458.600006103516,down,2026-08-18T15:27:26,0.0,0.0
SPX,2027-03-19,210,Call,8050.0,SPX270319C08050000,245.8,247.0,246.4,250.5,12.2,5.1196,43.0,2599.0,0.146,0.4255,0.0005,22.7162,-0.7731,17.2958,245.7345,250.2,250.5,250.2,238.299995422363,up,2026-08-21T12:58:24,0.0,0.0
SPX,2027-03-19,210,Put,8050.0,SPX270319P08050000,456.6,458.0,457.3,459.4,0.0,0.0,0.0,216.0,0.1459,-0.5764,0.0005,22.7162,-0.758,-27.9682,457.7042,0.0,0.0,0.0,471.449996948242,up,2026-08-18T10:12:24,0.0,0.0
SPX,2027-03-19,210,Call,8075.0,SPX270319C08075000,234.5,235.8,235.15,289.7,0.0,0.0,0.0,126.0,0.145,0.4138,0.0005,22.5882,-0.7638,16.8486,234.4417,0.0,0.0,0.0,227.200004577637,up,2026-08-17T15:54:49,0.0,0.0
SPX,2027-03-19,210,Put,8075.0,SPX270319P08075000,469.6,471.0,470.3,475.4,0.0,0.0,0.0,27.0,0.145,-0.5881,0.0005,22.5882,-0.747,-28.5554,470.785,0.0,0.0,0.0,484.75,up,2026-08-20T13:17:14,0.0,0.0
SPX,2027-03-19,210,Call,8100.0,SPX270319C08100000,223.7,224.7,224.2,223.48,7.08,3.27172,31.0,5872.0,0.144,0.402,0.0005,22.4411,-0.7541,16.398,223.5095,223.45,223.48,221.67,216.400001525879,up,2026-08-21T13:56:11,0.0,0.0
SPX,2027-03-19,210,Put,8100.0,SPX270319P08100000,482.9,484.4,483.65,483.75,-14.55,-2.91993,10.0,177.0,0.144,-0.5999,0.0005,22.4411,-0.7355,-29.1462,484.2262,483.75,483.75,483.75,498.300003051758,up,2026-08-21T13:56:11,0.0,0.0
SPX,2027-03-19,210,Call,8125.0,SPX270319C08125000,213.0,214.2,213.6,213.36,0.0,0.0,0.0,492.0,0.1432,0.3902,0.0005,22.2726,-0.7439,15.9389,212.9405,0.0,0.0,0.0,206.0,down,2026-08-20T13:50:48,0.0,0.0
SPX,2027-03-19,210,Put,8125.0,SPX270319P08125000,496.6,498.2,497.4,489.54,0.0,0.0,0.0,97.0,0.1431,-0.6116,0.0005,22.2726,-0.7236,-29.7454,498.0307,0.0,0.0,0.0,512.25,up,2026-08-18T10:39:48,0.0,0.0
SPX,2027-03-19,210,Call,8150.0,SPX270319C08150000,202.9,203.9,203.4,211.32,15.37,7.84384,32.0,2580.0,0.1423,0.3785,0.0005,22.0823,-0.7332,15.4733,202.7377,202.65,211.32,200.97,195.949996948242,up,2026-08-21T11:43:21,0.0,0.0
SPX,2027-03-19,210,Put,8150.0,SPX270319P08150000,510.7,512.3,511.5,511.57,-14.93,-2.83571,1.0,113.0,0.1423,-0.6233,0.0005,22.0823,-0.7111,-30.351,512.2013,511.57,511.57,511.57,526.5,up,2026-08-21T11:18:16,0.0,0.0
SPX,2027-03-19,210,Call,8175.0,SPX270319C08175000,192.9,194.1,193.5,195.68,9.53,5.11953,19.0,399.0,0.1415,0.3669,0.0005,21.8724,-0.722,15.0091,192.8995,196.05,196.05,195.68,186.150001525879,down,2026-08-21T15:02:57,0.0,0.0
SPX,2027-03-19,210,Put,8175.0,SPX270319P08175000,525.2,526.7,525.95,495.1,0.0,0.0,0.0,132.0,0.1415,-0.635,0.0005,21.8724,-0.6982,-30.9553,526.7365,0.0,0.0,0.0,541.200012207031,no_change,2026-08-17T14:02:24,0.0,0.0
SPX,2027-03-19,210,Call,8200.0,SPX270319C08200000,183.5,184.4,183.95,182.64,5.79,3.27396,65.0,8861.0,0.1407,0.3553,0.0005,21.6467,-0.7104,14.5528,183.4193,180.29,182.64,180.29,176.849998474121,up,2026-08-21T14:42:19,0.0,0.0
SPX,2027-03-19,210,Put,8200.0,SPX270319P08200000,540.1,541.5,540.8,554.63,0.0,0.0,0.0,1176.0,0.1406,-0.6466,0.0005,21.6467,-0.6849,-31.5517,541.6298,0.0,0.0,0.0,555.849975585938,up,2026-08-20T15:12:34,0.0,0.0
SPX,2027-03-19,210,Call,8225.0,SPX270319C08225000,174.2,175.3,174.75,176.09,8.34,4.97168,1.0,333.0,0.14,0.3438,0.0004,21.4064,-0.6984,14.1035,174.2888,176.09,176.09,176.09,167.75,up,2026-08-21T15:31:43,0.0,0.0
SPX,2027-03-19,210,Put,8225.0,SPX270319P08225000,555.2,557.4,556.3,503.0,0.0,0.0,0.0,99.0,0.1399,-0.6581,0.0004,21.4064,-0.6712,-32.1411,556.8728,0.0,0.0,0.0,571.299987792969,no_change,2026-08-13T15:52:26,0.0,0.0
SPX,2027-03-19,210,Call,8250.0,SPX270319C08250000,165.4,166.5,165.95,165.28,6.13,3.85171,2.0,1393.0,0.1392,0.3323,0.0004,21.1494,-0.686,13.6546,165.5018,165.28,165.28,165.28,159.150001525879,up,2026-08-21T09:45:00,0.0,0.0
SPX,2027-03-19,210,Put,8250.0,SPX270319P08250000,570.8,572.6,571.7,561.59,0.0,0.0,0.0,84.0,0.1391,-0.6695,0.0004,21.1494,-0.657,-32.7301,572.4593,0.0,0.0,0.0,586.899993896484,up,2026-08-18T15:28:18,0.0,0.0
SPX,2027-03-19,210,Call,8275.0,SPX270319C08275000,156.8,157.9,157.35000000000002,181.44,0.0,0.0,0.0,772.0,0.1385,0.321,0.0004,20.8726,-0.6733,13.2017,157.0551,0.0,0.0,0.0,150.75,down,2026-08-19T13:14:34,0.0,0.0
SPX,2027-03-19,210,Put,8275.0,SPX270319P08275000,586.6,588.8,587.7,530.4,0.0,0.0,0.0,32.0,0.1384,-0.6808,0.0004,20.8726,-0.6425,-33.3231,588.386,0.0,0.0,0.0,603.0,down,2026-08-13T15:52:26,0.0,0.0
SPX,2027-03-19,210,Call,8300.0,SPX270319C08300000,148.8,149.8,149.3,149.1,6.25,4.37522,4.0,6304.0,0.1378,0.3098,0.0004,20.5754,-0.6602,12.7478,148.9453,149.18,149.18,149.1,142.849998474121,down,2026-08-21T10:59:01,0.0,0.0
SPX,2027-03-19,210,Put,8300.0,SPX270319P08300000,602.9,604.6,603.75,593.53,0.0,0.0,0.0,643.0,0.1378,-0.692,0.0004,20.5754,-0.6277,-33.9171,604.6497,0.0,0.0,0.0,619.299987792969,down,2026-08-20T11:05:34,0.0,0.0
SPX,2027-03-19,210,Call,8325.0,SPX270319C08325000,141.0,141.9,141.45,139.2,4.05,2.99667,3.0,2269.0,0.1372,0.2988,0.0004,20.262,-0.6467,12.3012,141.1653,139.2,139.2,139.2,135.150001525879,down,2026-08-21T10:17:32,0.0,0.0
SPX,2027-03-19,210,Put,8325.0,SPX270319P08325000,619.4,621.5,620.45,766.17,0.0,0.0,0.0,8.0,0.1371,-0.703,0.0004,20.262,-0.6125,-34.5038,621.243,0.0,0.0,0.0,636.0,up,2026-07-27T09:33:53,0.0,0.0
SPX,2027-03-19,210,Call,8350.0,SPX270319C08350000,133.4,134.5,133.95,132.56,4.71,3.684,2.0,1180.0,0.1365,0.2879,0.0004,19.9373,-0.6329,11.8667,133.7037,133.19,133.19,132.56,127.850002288818,down,2026-08-21T09:48:41,0.0,0.0
SPX,2027-03-19,210,Put,8350.0,SPX270319P08350000,636.3,638.0,637.15,637.38,0.0,0.0,0.0,16.0,0.1365,-0.7139,0.0004,19.9373,-0.597,-35.0784,638.155,0.0,0.0,0.0,653.050018310547,up,2026-08-20T12:04:14,0.0,0.0
SPX,2027-03-19,210,Call,8375.0,SPX270319C08375000,126.2,127.2,126.7,147.96,0.0,0.0,0.0,286.0,0.136,0.2772,0.0004,19.6031,-0.6189,11.4414,126.5496,0.0,0.0,0.0,120.800003051758,up,2026-08-19T13:06:32,0.0,0.0
SPX,2027-03-19,210,Put,8375.0,SPX270319P08375000,653.5,655.6,654.55,636.8,0.0,0.0,0.0,4.0,0.1359,-0.7246,0.0004,19.6031,-0.5812,-35.6438,655.3743,0.0,0.0,0.0,670.400024414062,down,2026-08-06T11:46:33,0.0,0.0
SPX,2027-03-19,210,Call,8400.0,SPX270319C08400000,119.4,120.3,119.85,121.15,7.0,6.13228,380.0,9027.0,0.1354,0.2667,0.0004,19.2566,-0.6046,11.0186,119.695,118.2,121.15,118.2,114.149997711182,no_change,2026-08-21T11:39:53,0.0,0.0
SPX,2027-03-19,210,Put,8400.0,SPX270319P08400000,671.0,672.7,671.85,642.98,0.0,0.0,0.0,306.0,0.1353,-0.7352,0.0004,19.2566,-0.5652,-36.2067,672.8932,0.0,0.0,0.0,688.050018310547,down,2026-08-11T13:40:01,0.0,0.0
SPX,2027-03-19,210,Call,8425.0,SPX270319C08425000,112.8,113.7,113.25,115.19,7.34,6.80575,22.0,313.0,0.1349,0.2563,0.0004,18.8939,-0.5901,10.5954,113.1354,112.05,115.2,110.41,107.849998474121,up,2026-08-21T15:44:23,0.0,0.0
SPX,2027-03-19,210,Put,8425.0,SPX270319P08425000,688.8,690.9,689.8499999999999,674.0,0.0,0.0,0.0,11.0,0.1347,-0.7456,0.0004,18.8939,-0.5489,-36.77,690.7069,0.0,0.0,0.0,705.950012207031,up,2026-08-18T14:39:21,0.0,0.0
SPX,2027-03-19,210,Call,8450.0,SPX270319C08450000,106.5,107.4,106.95,108.15,6.5,6.39449,81.0,602.0,0.1343,0.2461,0.0004,18.5153,-0.5754,10.177,106.865,109.1,109.1,106.33,101.649997711182,down,2026-08-21T15:07:36,0.0,0.0
SPX,2027-03-19,210,Put,8450.0,SPX270319P08450000,706.3,709.0,707.65,679.6,0.0,0.0,0.0,35.0,0.1342,-0.7557,0.0004,18.5153,-0.5325,-37.3284,708.81,0.0,0.0,0.0,724.25,up,2026-08-19T14:57:13,0.0,0.0
SPX,2027-03-19,210,Call,8475.0,SPX270319C08475000,100.5,101.4,100.95,102.17,6.37,6.64927,30.0,454.0,0.1338,0.2362,0.0004,18.1259,-0.5604,9.7706,100.8748,101.43,105.44,100.83,95.8000030517578,up,2026-08-21T15:07:53,0.0,0.0
SPX,2027-03-19,210,Put,8475.0,SPX270319P08475000,724.5,727.5,726.0,697.3,0.0,0.0,0.0,2.0,0.1337,-0.7657,0.0004,18.1259,-0.5158,-37.875,727.1932,0.0,0.0,0.0,742.75,up,2026-08-19T14:57:13,0.0,0.0
SPX,2027-03-19,210,Call,8500.0,SPX270319C08500000,94.8,95.7,95.25,96.33,6.08,6.73684,192.0,9031.0,0.1333,0.2264,0.0004,17.7314,-0.5454,9.3781,95.1532,94.7,99.8,93.66,90.25,up,2026-08-21T15:07:25,0.0,0.0
SPX,2027-03-19,210,Put,8500.0,SPX270319P08500000,743.3,746.0,744.65,743.31,-18.19,-2.38871,1.0,1242.0,0.1332,-0.7754,0.0004,17.7314,-0.499,-38.4076,745.8451,743.31,743.31,743.31,761.5,up,2026-08-21T11:14:47,0.0,0.0
SPX,2027-03-19,210,Call,8525.0,SPX270319C08525000,89.4,90.3,89.85,89.83,4.88,5.74455,16.0,266.0,0.1329,0.2169,0.0004,17.3331,-0.5302,8.995,89.6903,91.63,91.76,89.83,84.9500007629394,down,2026-08-21T13:38:38,0.0,0.0
SPX,2027-03-19,210,Put,8525.0,SPX270319P08525000,762.1,765.1,763.6,1018.4,0.0,0.0,0.0,16.0,0.1328,-0.7849,0.0004,17.3331,-0.4821,-38.9308,764.7556,0.0,0.0,0.0,780.600006103516,up,2026-06-25T10:01:24,0.0,0.0
SPX,2027-03-19,210,Call,8550.0,SPX270319C08550000,84.2,85.1,84.65,83.96,4.01,5.01563,1.0,562.0,0.1325,0.2076,0.0004,16.9273,-0.515,8.6154,84.4797,83.96,83.96,83.96,79.9500007629394,up,2026-08-21T09:47:28,0.0,0.0
SPX,2027-03-19,210,Put,8550.0,SPX270319P08550000,781.4,784.1,782.75,1082.67,0.0,0.0,0.0,7.0,0.1323,-0.7942,0.0004,16.9273,-0.4651,-39.4505,783.9185,0.0,0.0,0.0,800.049987792969,up,2026-06-11T12:36:34,0.0,0.0
SPX,2027-03-19,210,Call,8575.0,SPX270319C08575000,79.3,80.1,79.69999999999999,80.1,4.95,6.58683,77.0,530.0,0.1321,0.1986,0.0004,16.5104,-0.4997,8.2393,79.5169,78.65,81.66,77.0,75.1499977111816,up,2026-08-21T15:18:10,0.0,0.0
SPX,2027-03-19,210,Put,8575.0,SPX270319P08575000,800.6,803.8,802.2,885.8,0.0,0.0,0.0,4.0,0.1318,-0.8033,0.0004,16.5104,-0.4481,-39.9667,803.3291,0.0,0.0,0.0,819.5,up,2026-05-29T10:00:49,0.0,0.0
SPX,2027-03-19,210,Call,8600.0,SPX270319C08600000,74.5,75.4,74.95,74.6,3.95,5.59094,2.0,2811.0,0.1316,0.1897,0.0004,16.0837,-0.4843,7.8724,74.7954,75.3,75.3,74.6,70.6500015258789,down,2026-08-21T13:49:25,0.0,0.0
SPX,2027-03-19,210,Put,8600.0,SPX270319P08600000,820.5,823.3,821.9,824.33,-15.02,-1.78948,1.0,29.0,0.1315,-0.8121,0.0004,16.0837,-0.431,-40.4736,822.9811,824.33,824.33,824.33,839.350006103516,up,2026-08-21T14:32:03,0.0,0.0
SPX,2027-03-19,210,Call,8625.0,SPX270319C08625000,70.1,71.0,70.55,79.6,0.0,0.0,0.0,73.0,0.1313,0.1811,0.0004,15.6528,-0.469,7.5202,70.3058,0.0,0.0,0.0,66.2999992370606,down,2026-08-18T15:06:32,0.0,0.0
SPX,2027-03-19,210,Put,8625.0,SPX270319P08625000,840.2,843.4,841.8,0.0,0.0,0.0,0.0,0.0,0.1311,-0.8207,0.0004,15.6528,-0.414,-40.9659,842.8649,0.0,0.0,0.0,859.399993896484,no_change,,0.0,0.0
SPX,2027-03-19,210,Call,8650.0,SPX270319C08650000,65.8,66.8,66.3,77.3,0.0,0.0,0.0,1140.0,0.1308,0.1728,0.0003,15.2232,-0.4537,7.1818,66.0375,0.0,0.0,0.0,62.25,down,2026-08-19T15:22:46,0.0,0.0
SPX,2027-03-19,210,Put,8650.0,SPX270319P08650000,860.5,863.3,861.9,0.0,0.0,0.0,0.0,0.0,0.1307,-0.8291,0.0003,15.2232,-0.3969,-41.4444,862.9702,0.0,0.0,0.0,879.649993896484,no_change,,0.0,0.0
SPX,2027-03-19,210,Call,8675.0,SPX270319C08675000,61.8,62.7,62.25,61.4,0.0,0.0,0.0,569.0,0.1305,0.1647,0.0003,14.795,-0.4385,6.8517,61.9827,0.0,0.0,0.0,58.3500003814697,no_change,2026-08-20T13:35:17,0.0,0.0
SPX,2027-03-19,210,Put,8675.0,SPX270319P08675000,880.6,884.0,882.3,0.0,0.0,0.0,0.0,4.0,0.1303,-0.8372,0.0003,14.795,-0.38,-41.9146,883.2888,0.0,0.0,0.0,900.150024414062,no_change,,0.0,0.0
SPX,2027-03-19,210,Call,8700.0,SPX270319C08700000,58.0,58.9,58.45,55.32,0.0,0.0,0.0,3345.0,0.1301,0.1568,0.0003,14.3644,-0.4233,6.5264,58.1362,0.0,0.0,0.0,54.6499996185303,down,2026-08-20T15:04:18,0.0,0.0
SPX,2027-03-19,210,Put,8700.0,SPX270319P08700000,901.3,904.3,902.8,993.5,0.0,0.0,0.0,43.0,0.1298,-0.845,0.0003,14.3644,-0.3631,-42.3801,903.8157,0.0,0.0,0.0,920.850006103516,down,2026-05-29T10:52:17,0.0,0.0
SPX,2027-03-19,210,Call,8725.0,SPX270319C08725000,54.4,55.3,54.849999999999994,55.47,4.27,8.33985,4.0,81.0,0.1298,0.1492,0.0003,13.9286,-0.4083,6.2079,54.4931,55.64,55.64,55.47,51.1999988555908,down,2026-08-21T11:13:23,0.0,0.0
SPX,2027-03-19,210,Put,8725.0,SPX270319P08725000,921.8,925.3,923.55,0.0,0.0,0.0,0.0,0.0,0.1295,-0.8526,0.0003,13.9286,-0.3464,-42.8386,924.546,0.0,0.0,0.0,941.700012207031,no_change,,0.0,0.0
SPX,2027-03-19,210,Call,8750.0,SPX270319C08750000,50.9,51.8,51.349999999999994,50.58,2.63,5.48488,4.0,44.0,0.1295,0.1419,0.0003,13.4897,-0.3935,5.9019,51.0461,50.87,50.87,50.58,47.9499988555908,down,2026-08-21T09:48:41,0.0,0.0
SPX,2027-03-19,210,Put,8750.0,SPX270319P08750000,943.0,946.0,944.5,900.33,0.0,0.0,0.0,1.0,0.1292,-0.86,0.0003,13.4897,-0.3298,-43.2847,945.4725,0.0,0.0,0.0,962.800018310547,down,2026-08-11T13:40:01,0.0,0.0
SPX,2027-03-19,210,Call,8775.0,SPX270319C08775000,47.7,48.6,48.150000000000006,48.95,4.15,9.26339,7.0,37.0,0.1291,0.1348,0.0003,13.0534,-0.3788,5.6108,47.7858,49.02,49.02,48.95,44.8000011444092,down,2026-08-21T09:30:35,0.0,0.0
SPX,2027-03-19,210,Put,8775.0,SPX270319P08775000,963.9,967.4,965.65,0.0,0.0,0.0,0.0,0.0,0.1289,-0.8671,0.0003,13.0534,-0.3133,-43.716,966.5857,0.0,0.0,0.0,984.0,no_change,,0.0,0.0
SPX,2027-03-19,210,Call,8800.0,SPX270319C08800000,44.6,45.3,44.95,45.4,3.5,8.35322,4.0,7469.0,0.1288,0.1279,0.0003,12.6236,-0.3643,5.3317,44.7034,46.4,46.4,45.3,41.8999996185303,up,2026-08-21T13:26:18,0.0,0.0
SPX,2027-03-19,210,Put,8800.0,SPX270319P08800000,985.3,988.4,986.8499999999999,1178.95,0.0,0.0,0.0,181.0,0.1284,-0.8739,0.0003,12.6236,-0.2971,-44.1351,987.8767,0.0,0.0,0.0,1005.5,no_change,2026-07-28T15:44:12,0.0,0.0
SPX,2027-03-19,210,Call,8850.0,SPX270319C08850000,39.0,39.8,39.4,39.86,3.36,9.20548,39.0,74.0,0.1282,0.115,0.0003,11.7784,-0.3361,4.7945,39.0479,40.4,40.4,39.8,36.5,up,2026-08-21T15:07:53,0.0,0.0
SPX,2027-03-19,210,Put,8850.0,SPX270319P08850000,1028.4,1031.5,1029.95,0.0,0.0,0.0,0.0,0.0,0.1278,-0.8869,0.0003,11.7784,-0.2654,-44.9525,1030.9681,0.0,0.0,0.0,1048.84997558594,no_change,,0.0,0.0
SPX,2027-03-19,210,Call,8900.0,SPX270319C08900000,33.9,34.7,34.3,34.7,2.9,9.1195,1112.0,3702.0,0.1276,0.1031,0.0002,10.9404,-0.309,4.2951,34.0347,33.55,36.07,33.33,31.7999992370606,no_change,2026-08-21T15:07:36,0.0,0.0
SPX,2027-03-19,210,Put,8900.0,SPX270319P08900000,1072.1,1075.3,1073.6999999999998,0.0,0.0,0.0,0.0,0.0,0.1272,-0.8988,0.0002,10.9404,-0.2348,-45.7321,1074.7018,0.0,0.0,0.0,1092.75,no_change,,0.0,0.0
SPX,2027-03-19,210,Call,9000.0,SPX270319C09000000,25.5,26.1,25.8,26.1,2.3,9.66387,44.0,5421.0,0.1267,0.0821,0.0002,9.3579,-0.2585,3.4267,25.6997,25.5,26.1,25.3,23.8000001907349,up,2026-08-21T13:26:18,0.0,0.0
SPX,2027-03-19,210,Put,9000.0,SPX270319P09000000,1161.1,1164.3,1162.6999999999998,1068.28,0.0,0.0,0.0,7.0,0.126,-0.9197,0.0002,9.3579,-0.1774,-47.1609,1163.8606,0.0,0.0,0.0,1182.20001220703,down,2026-08-14T12:05:11,0.0,0.0
SPX,2027-03-19,210,Call,9100.0,SPX270319C09100000,19.1,19.7,19.4,19.4,1.65,9.29577,1120.0,1378.0,0.1258,0.0648,0.0002,7.9035,-0.2139,2.7085,19.297,18.92,19.4,18.72,17.75,no_change,2026-08-21T13:34:53,0.0,0.0
SPX,2027-03-19,210,Put,9100.0,SPX270319P09100000,1252.0,1255.2,1253.6,0.0,0.0,0.0,0.0,0.0,0.1254,-0.937,0.0002,7.9035,-0.1259,-48.4394,1254.9517,0.0,0.0,0.0,1273.54998779297,no_change,,0.0,0.0
SPX,2027-03-19,210,Call,9200.0,SPX270319C09200000,14.2,14.8,14.5,14.52,1.32,10.0,307.0,3536.0,0.1253,0.0509,0.0001,6.6169,-0.1755,2.1212,14.4516,14.06,14.94,13.86,13.1999998092651,down,2026-08-21T15:32:09,0.0,0.0
SPX,2027-03-19,210,Put,9200.0,SPX270319P09200000,1344.5,1348.0,1346.25,0.0,0.0,0.0,0.0,0.0,0.1246,-0.951,0.0001,6.6169,-0.0806,-49.5872,1347.6001,0.0,0.0,0.0,1366.34997558594,no_change,,0.0,0.0
SPX,2027-03-19,210,Call,9300.0,SPX270319C09300000,10.5,11.1,10.8,11.0,1.15,11.6751,4.0,2058.0,0.1249,0.0398,0.0001,5.5038,-0.1433,1.6588,10.8355,11.0,11.0,11.0,9.85000038146973,down,2026-08-21T12:53:45,0.0,0.0
SPX,2027-03-19,210,Put,9300.0,SPX270319P09300000,1438.2,1441.8,1440.0,0.0,0.0,0.0,0.0,0.0,0.1241,-0.9621,0.0001,5.5038,-0.0414,-50.6099,1441.4778,0.0,0.0,0.0,1460.40002441406,no_change,,0.0,0.0
SPX,2027-03-19,210,Call,9400.0,SPX270319C09400000,7.9,8.4,8.15,8.4,1.0,13.5135,1993.0,4225.0,0.125,0.0311,0.0001,4.5609,-0.1169,1.2983,8.173,8.02,9.0,7.76,7.39999985694885,up,2026-08-21T15:47:29,0.0,0.0
SPX,2027-03-19,210,Put,9400.0,SPX270319P09400000,1532.9,1536.7,1534.8000000000002,0.0,0.0,0.0,0.0,0.0,0.1239,-0.9707,0.0001,4.5608,-0.0081,-51.5307,1536.3092,0.0,0.0,0.0,1555.40002441406,no_change,,0.0,0.0
SPX,2027-03-19,210,Call,9500.0,SPX270319C09500000,6.0,6.4,6.2,12.01,0.0,0.0,0.0,1793.0,0.1256,0.0245,0.0001,3.7845,-0.0957,1.0183,6.2282,0.0,0.0,0.0,5.65000009536743,no_change,2026-08-14T16:02:41,0.0,0.0
SPX,2027-03-19,210,Put,9500.0,SPX270319P09500000,1628.3,1632.3,1630.3,0.0,0.0,0.0,0.0,0.0,0.1247,-0.9774,0.0001,3.7845,0.0,-52.3711,1631.8582,0.0,0.0,0.0,1651.04998779297,no_change,,0.0,0.0
SPX,2027-03-19,210,Call,9600.0,SPX270319C09600000,4.7,5.1,4.9,6.18,0.0,0.0,0.0,2495.0,0.1266,0.0194,0.0001,3.1515,-0.079,0.8091,4.8174,0.0,0.0,0.0,4.39999985694885,no_change,2026-08-19T10:51:49,0.0,0.0
SPX,2027-03-19,210,Put,9600.0,SPX270319P09600000,1724.4,1728.4,1726.4,1811.97,0.0,0.0,0.0,1.0,0.1245,-0.9824,0.0001,3.1515,0.0,-53.1408,1727.9411,0.0,0.0,0.0,1747.20001220703,up,2026-07-15T11:54:29,0.0,0.0
SPX,2027-03-19,210,Call,9800.0,SPX270319C09800000,3.0,3.4,3.2,4.94,0.0,0.0,0.0,1735.0,0.1296,0.0128,0.0,2.2427,-0.0558,0.5294,3.0529,0.0,0.0,0.0,2.92499995231628,down,2026-08-17T14:14:28,0.0,0.0
SPX,2027-03-19,210,Put,9800.0,SPX270319P09800000,1907.6,1931.5,1919.55,1844.75,0.0,0.0,0.0,1.0,0.1244,-0.9891,0.0,2.2427,0.0,-54.5412,1921.1643,0.0,0.0,0.0,1940.29998779297,up,2026-08-17T16:12:48,0.0,0.0
SPX,2027-03-19,210,Call,10000.0,SPX270319C10000000,2.1,2.4,2.25,2.1,0.05,2.43902,1500.0,3402.0,0.1336,0.0089,0.0,1.6695,-0.0419,0.3689,2.1059,2.1,2.1,2.1,2.05000001192093,down,2026-08-21T10:50:51,0.0,0.0
SPX,2027-03-19,210,Put,10000.0,SPX270319P10000000,2101.6,2125.5,2113.55,2314.41,0.0,0.0,0.0,2.0,0.1257,-0.9929,0.0,1.6695,0.0,-55.8224,2115.2048,0.0,0.0,0.0,2134.60009765625,up,2026-06-23T10:53:10,0.0,0.0
SPX,2027-03-19,210,Call,10200.0,SPX270319C10200000,1.55,1.8,1.675,2.37,0.0,0.0,0.0,772.0,0.138,0.0066,0.0,1.2999,-0.0333,0.2738,1.5672,0.0,0.0,0.0,1.5,down,2026-08-17T14:14:28,0.0,0.0
SPX,2027-03-19,210,Put,10200.0,SPX270319P10200000,2295.9,2319.8,2307.8500000000004,3264.0,0.0,0.0,0.0,1.0,0.1248,-0.9952,0.0,1.3003,0.0,-57.0382,2309.6542,0.0,0.0,0.0,2329.14990234375,down,2026-04-01T13:42:48,0.0,0.0
SPX,2027-03-19,210,Call,10400.0,SPX270319C10400000,1.15,1.4,1.275,1.45,0.0,0.0,0.0,306.0,0.1424,0.0052,0.0,1.0518,-0.0277,0.2137,1.2378,0.0,0.0,0.0,1.14999997615814,no_change,2026-08-18T11:54:31,0.0,0.0
SPX,2027-03-19,210,Put,10400.0,SPX270319P10400000,2490.4,2514.3,2502.3500000000004,2390.04,0.0,0.0,0.0,23.0,0.1164,-0.9966,0.0,1.0518,0.0,-58.2191,2504.3119,0.0,0.0,0.0,2522.94995117188,down,2026-08-14T15:31:31,0.0,0.0
SPX,2027-03-19,210,Call,10600.0,SPX270319C10600000,0.85,1.15,1.0,1.65,0.0,0.0,0.0,538.0,0.1474,0.0042,0.0,0.8747,-0.0237,0.1729,1.0178,0.0,0.0,0.0,0.924999982118606,no_change,2026-08-14T11:05:57,0.0,0.0
SPX,2027-03-19,210,Put,10600.0,SPX270319P10600000,2685.1,2708.9,2697.0,3524.52,0.0,0.0,0.0,0.0,0.0,-0.9976,0.0,0.8747,0.0,-59.3807,2699.0796,0.0,0.0,0.0,2717.84997558594,up,2026-03-06T09:51:34,0.0,0.0
SPX,2027-03-19,210,Call,10800.0,SPX270319C10800000,0.65,0.95,0.8,1.4,0.0,0.0,0.0,244.0,0.1525,0.0035,0.0,0.7426,-0.0208,0.1431,0.8612,0.0,0.0,0.0,0.725000023841858,no_change,2026-08-07T11:14:21,0.0,0.0
SPX,2027-03-19,210,Put,10800.0,SPX270319P10800000,2879.8,2903.5,2891.65,2792.05,0.0,0.0,0.0,30.0,0.0,-0.9983,0.0,0.7429,0.0,-60.5312,2893.9108,0.0,0.0,0.0,2911.90002441406,up,2026-08-10T12:21:32,0.0,0.0
SPX,2027-03-19,210,Call,11000.0,SPX270319C11000000,0.55,0.8,0.675,0.9,0.0,0.0,0.0,994.0,0.1571,0.003,0.0,0.6403,-0.0186,0.1213,0.7437,0.0,0.0,0.0,0.625,down,2026-08-07T09:42:32,0.0,0.0
SPX,2027-03-19,210,Put,11000.0,SPX270319P11000000,3074.5,3098.2,3086.35,0.0,0.0,0.0,0.0,0.0,0.0,-0.9989,0.0,0.6405,0.0,-61.6737,3088.7809,0.0,0.0,0.0,3106.95007324219,no_change,,0.0,0.0
SPX,2027-03-19,210,Call,11200.0,SPX270319C11200000,0.45,0.7,0.575,0.91,0.0,0.0,0.0,99.0,0.1621,0.0026,0.0,0.5587,-0.0167,0.1042,0.6516,0.0,0.0,0.0,0.524999991059303,no_change,2026-08-10T11:06:36,0.0,0.0
SPX,2027-03-19,210,Put,11200.0,SPX270319P11200000,3269.3,3292.9,3281.1000000000004,3380.75,0.0,0.0,0.0,12.0,0.0,-0.9993,0.0,0.5589,0.0,-62.8117,3283.6764,0.0,0.0,0.0,3301.75,up,2026-06-30T15:26:32,0.0,0.0
SPX,2027-03-19,210,Call,11400.0,SPX270319C11400000,0.35,0.6,0.475,0.6,0.0,0.0,0.0,206.0,0.1671,0.0022,0.0,0.4924,-0.0152,0.0903,0.5775,0.0,0.0,0.0,0.425000011920929,no_change,2026-08-18T11:54:41,0.0,0.0
SPX,2027-03-19,210,Put,11400.0,SPX270319P11400000,3464.1,3487.7,3475.8999999999996,3361.92,0.0,0.0,0.0,23.0,0.0,-0.9996,0.0,0.4924,0.0,-63.9463,3478.5897,0.0,0.0,0.0,3496.19995117188,down,2026-08-14T15:31:31,0.0,0.0
SPX,2027-03-19,210,Call,11600.0,SPX270319C11600000,0.3,0.55,0.42500000000000004,0.6,0.0,0.0,0.0,83.0,0.1715,0.002,0.0,0.4369,-0.0139,0.0791,0.516,0.0,0.0,0.0,0.375,no_change,2026-08-17T13:46:49,0.0,0.0
SPX,2027-03-19,210,Put,11600.0,SPX270319P11600000,3659.0,3682.6,3670.8,3593.7,0.0,0.0,0.0,1.0,0.0,-0.9999,0.0,0.4371,0.0,-65.0783,3673.5159,0.0,0.0,0.0,3691.39990234375,up,2026-08-17T16:12:48,0.0,0.0
SPX,2027-03-19,210,Call,11800.0,SPX270319C11800000,0.25,0.5,0.375,0.6,0.0,0.0,0.0,242.0,0.1763,0.0017,0.0,0.3901,-0.0128,0.0699,0.4642,0.0,0.0,0.0,0.324999995529652,no_change,2026-08-07T11:14:32,0.0,0.0
SPX,2027-03-19,210,Put,11800.0,SPX270319P11800000,3853.8,3877.5,3865.65,3763.9,0.0,0.0,0.0,60.0,0.0,-1.0,0.0,0.3902,0.0,-66.2082,3868.4517,0.0,0.0,0.0,3886.05004882812,up,2026-08-10T12:21:32,0.0,0.0
SPXW,2027-03-31,222,Call,2800.0,SPXW270331C02800000,4900.4,4924.3,4912.35,0.0,0.0,0.0,0.0,0.0,0.513,0.9972,0.0,0.8311,0.0,16.3373,4913.4566,0.0,0.0,0.0,4889.0498046875,no_change,,0.0,0.0
SPXW,2027-03-31,222,Put,2800.0,SPXW270331P02800000,5.4,5.6,5.5,5.71,0.0,0.0,0.0,192.0,0.5556,-0.0047,0.0,0.8311,-0.0969,-0.2417,5.3038,0.0,0.0,0.0,5.84999990463257,no_change,2026-08-20T10:40:06,0.0,0.0
SPXW,2027-03-31,222,Call,3000.0,SPXW270331C03000000,4706.9,4730.7,4718.799999999999,0.0,0.0,0.0,0.0,0.0,0.5009,0.996,0.0,1.0117,0.0,17.4508,4719.8661,0.0,0.0,0.0,4695.64990234375,no_change,,0.0,0.0
SPXW,2027-03-31,222,Put,3000.0,SPXW270331P03000000,6.4,6.7,6.550000000000001,6.8,0.0,0.0,0.0,208.0,0.5324,-0.0058,0.0,1.0118,-0.1132,-0.3009,6.4607,0.0,0.0,0.0,6.95000004768372,down,2026-08-20T09:52:56,0.0,0.0
SPXW,2027-03-31,222,Call,3200.0,SPXW270331C03200000,4513.4,4537.3,4525.35,0.0,0.0,0.0,0.0,0.0,0.4847,0.9947,0.0,1.2122,0.0,18.5559,4526.4169,0.0,0.0,0.0,4502.35009765625,no_change,,0.0,0.0
SPXW,2027-03-31,222,Put,3200.0,SPXW270331P03200000,7.6,7.9,7.75,10.66,0.0,0.0,0.0,50.0,0.5098,-0.0072,0.0,1.2123,-0.1305,-0.3685,7.7588,0.0,0.0,0.0,8.25,up,2026-07-28T13:00:33,0.0,0.0
SPXW,2027-03-31,222,Call,3300.0,SPXW270331C03300000,4416.8,4440.6,4428.700000000001,0.0,0.0,0.0,0.0,0.0,0.4762,0.994,0.0,1.3221,0.0,19.1049,4429.7464,0.0,0.0,0.0,4405.80004882812,no_change,,0.0,0.0
SPXW,2027-03-31,222,Put,3300.0,SPXW270331P03300000,8.3,8.6,8.45,11.61,0.0,0.0,0.0,149.0,0.4984,-0.0079,0.0,1.3222,-0.1395,-0.4059,8.462,0.0,0.0,0.0,8.9500002861023,up,2026-07-28T11:40:49,0.0,0.0
SPXW,2027-03-31,222,Call,3400.0,SPXW270331C03400000,4320.1,4344.0,4332.05,3309.0,0.0,0.0,0.0,1.0,0.4682,0.9932,0.0,1.4398,0.0,19.6508,4333.1141,0.0,0.0,0.0,4309.64990234375,up,2026-03-23T12:13:27,0.0,0.0
SPXW,2027-03-31,222,Put,3400.0,SPXW270331P03400000,9.0,9.3,9.15,9.31,0.0,0.0,0.0,124.0,0.4881,-0.0087,0.0,1.4399,-0.1488,-0.4463,9.2034,0.0,0.0,0.0,9.75,down,2026-08-19T13:49:24,0.0,0.0
SPXW,2027-03-31,222,Call,3500.0,SPXW270331C03500000,4223.6,4247.4,4235.5,0.0,0.0,0.0,0.0,0.0,0.4596,0.9923,0.0,1.5646,0.0,20.1933,4236.5226,0.0,0.0,0.0,4213.14990234375,no_change,,0.0,0.0
SPXW,2027-03-31,222,Put,3500.0,SPXW270331P03500000,9.7,10.0,9.85,10.4,0.0,0.0,0.0,217.0,0.4776,-0.0096,0.0,1.5648,-0.1582,-0.4901,9.9856,0.0,0.0,0.0,10.5499997138977,down,2026-08-20T10:06:47,0.0,0.0
SPXW,2027-03-31,222,Call,3600.0,SPXW270331C03600000,4127.0,4150.9,4138.95,0.0,0.0,0.0,0.0,0.0,0.4514,0.9914,0.0,1.6958,0.0,20.7326,4139.9748,0.0,0.0,0.0,4116.30004882812,no_change,,0.0,0.0
SPXW,2027-03-31,222,Put,3600.0,SPXW270331P03600000,10.6,10.8,10.7,10.81,-0.59,-5.17544,12.0,152.0,0.4674,-0.0105,0.0,1.6959,-0.168,-0.5371,10.8115,10.88,10.9,10.81,11.4000000953674,down,2026-08-21T11:18:55,0.0,0.0
SPXW,2027-03-31,222,Call,3700.0,SPXW270331C03700000,4030.5,4054.4,4042.45,0.0,0.0,0.0,0.0,0.0,0.4428,0.9904,0.0,1.8332,0.0,21.269,4043.4728,0.0,0.0,0.0,4019.90002441406,no_change,,0.0,0.0
SPXW,2027-03-31,222,Put,3700.0,SPXW270331P03700000,11.4,11.7,11.55,12.01,0.0,0.0,0.0,297.0,0.4576,-0.0115,0.0,1.8334,-0.1779,-0.587,11.6832,0.0,0.0,0.0,12.3499999046326,no_change,2026-08-20T10:40:06,0.0,0.0
SPXW,2027-03-31,222,Call,3800.0,SPXW270331C03800000,3934.1,3958.0,3946.05,0.0,0.0,0.0,0.0,0.0,0.4345,0.9894,0.0,1.9784,0.0,21.8024,3947.0188,0.0,0.0,0.0,3923.60009765625,no_change,,0.0,0.0
SPXW,2027-03-31,222,Put,3800.0,SPXW270331P03800000,12.3,12.6,12.45,12.56,0.0,0.0,0.0,58.0,0.4477,-0.0126,0.0,1.9785,-0.1882,-0.64,12.603,0.0,0.0,0.0,13.25,no_change,2026-08-12T12:13:26,0.0,0.0
SPXW,2027-03-31,222,Call,3900.0,SPXW270331C03900000,3837.7,3861.6,3849.6499999999996,0.0,0.0,0.0,0.0,0.0,0.4264,0.9882,0.0,2.1334,0.0,22.3317,3850.6163,0.0,0.0,0.0,3827.30004882812,no_change,,0.0,0.0
SPXW,2027-03-31,222,Put,3900.0,SPXW270331P03900000,13.3,13.6,13.45,13.68,0.0,0.0,0.0,54.0,0.4381,-0.0137,0.0,2.1336,-0.1986,-0.697,13.5741,0.0,0.0,0.0,14.3499999046326,down,2026-08-19T13:49:24,0.0,0.0
SPXW,2027-03-31,222,Call,4000.0,SPXW270331C04000000,3741.4,3765.3,3753.3500000000004,0.0,0.0,0.0,0.0,0.0,0.418,0.987,0.0,2.2994,0.0,22.8562,3754.2702,0.0,0.0,0.0,3731.69995117188,no_change,,0.0,0.0
SPXW,2027-03-31,222,Put,4000.0,SPXW270331P04000000,14.4,14.6,14.5,14.65,0.0,0.0,0.0,411.0,0.4284,-0.0149,0.0,2.2996,-0.2094,-0.7588,14.6018,0.0,0.0,0.0,15.4500002861023,down,2026-08-19T12:25:28,0.0,0.0
SPXW,2027-03-31,222,Call,4100.0,SPXW270331C04100000,3645.2,3669.1,3657.1499999999996,0.0,0.0,0.0,0.0,0.0,0.4093,0.9856,0.0,2.4759,0.0,23.3753,3657.9871,0.0,0.0,0.0,3635.59997558594,no_change,,0.0,0.0
SPXW,2027-03-31,222,Put,4100.0,SPXW270331P04100000,15.5,15.7,15.6,15.73,-0.87,-5.24096,4.0,439.0,0.419,-0.0162,0.0,2.4761,-0.2205,-0.8261,15.6924,15.89,15.89,15.71,16.5999994277954,up,2026-08-21T11:18:55,0.0,0.0
SPXW,2027-03-31,222,Call,4200.0,SPXW270331C04200000,3549.0,3573.0,3561.0,3267.8,0.0,0.0,0.0,1.0,0.4012,0.9842,0.0,2.6619,0.0,23.8891,3561.7738,0.0,0.0,0.0,3538.84997558594,down,2026-06-26T09:58:17,0.0,0.0
SPXW,2027-03-31,222,Put,4200.0,SPXW270331P04200000,16.6,16.9,16.75,17.65,0.0,0.0,0.0,152.0,0.4099,-0.0177,0.0,2.6622,-0.2319,-0.8986,16.8529,0.0,0.0,0.0,17.8500003814697,up,2026-08-06T14:09:38,0.0,0.0
SPXW,2027-03-31,222,Call,4300.0,SPXW270331C04300000,3452.9,3476.9,3464.9,0.0,0.0,0.0,0.0,0.0,0.3928,0.9827,0.0,2.8577,-0.0117,24.398,3465.6368,0.0,0.0,0.0,3444.09997558594,no_change,,0.0,0.0
SPXW,2027-03-31,222,Put,4300.0,SPXW270331P04300000,17.9,18.2,18.049999999999997,18.86,0.0,0.0,0.0,133.0,0.4008,-0.0192,0.0,2.858,-0.2437,-0.9761,18.0897,0.0,0.0,0.0,19.1999998092651,up,2026-08-07T11:06:45,0.0,0.0
SPXW,2027-03-31,222,Call,4400.0,SPXW270331C04400000,3356.9,3380.9,3368.9,0.0,0.0,0.0,0.0,0.0,0.3846,0.981,0.0,3.0658,-0.0305,24.9013,3369.5831,0.0,0.0,0.0,3347.09997558594,no_change,,0.0,0.0
SPXW,2027-03-31,222,Put,4400.0,SPXW270331P04400000,19.2,19.5,19.35,19.23,0.0,0.0,0.0,65.0,0.3919,-0.0209,0.0,3.0661,-0.2559,-1.0592,19.4098,0.0,0.0,0.0,20.5999994277954,down,2026-08-14T09:56:10,0.0,0.0
SPXW,2027-03-31,222,Call,4500.0,SPXW270331C04500000,3261.0,3285.0,3273.0,3164.94,0.0,0.0,0.0,1.0,0.3764,0.9792,0.0,3.2896,-0.0497,25.3976,3273.6217,0.0,0.0,0.0,3251.55004882812,up,2026-07-09T14:46:30,0.0,0.0
SPXW,2027-03-31,222,Put,4500.0,SPXW270331P04500000,20.6,20.9,20.75,21.1,0.0,0.0,0.0,210.0,0.3831,-0.0227,0.0,3.2899,-0.2686,-1.1492,20.8221,0.0,0.0,0.0,22.0999994277954,down,2026-08-19T11:23:13,0.0,0.0
SPXW,2027-03-31,222,Call,4600.0,SPXW270331C04600000,3165.2,3189.2,3177.2,0.0,0.0,0.0,0.0,0.0,0.3683,0.9772,0.0,3.5308,-0.0694,25.8851,3177.7643,0.0,0.0,0.0,3155.45007324219,no_change,,0.0,0.0
SPXW,2027-03-31,222,Put,4600.0,SPXW270331P04600000,22.2,22.5,22.35,23.46,0.0,0.0,0.0,108.0,0.3743,-0.0247,0.0,3.5312,-0.2817,-1.2481,22.3387,0.0,0.0,0.0,23.75,down,2026-08-17T14:52:03,0.0,0.0
SPXW,2027-03-31,222,Call,4650.0,SPXW270331C04650000,3117.4,3141.4,3129.4,0.0,0.0,0.0,0.0,0.0,0.3645,0.9762,0.0,3.6577,-0.0794,26.1252,3129.8792,0.0,0.0,0.0,3108.09997558594,no_change,,0.0,0.0
SPXW,2027-03-31,222,Put,4650.0,SPXW270331P04650000,23.0,23.3,23.15,23.96,0.0,0.0,0.0,201.0,0.37,-0.0257,0.0,3.6581,-0.2885,-1.3012,23.1404,0.0,0.0,0.0,24.5999994277954,no_change,2026-08-11T10:12:49,0.0,0.0
SPXW,2027-03-31,222,Call,4700.0,SPXW270331C04700000,3069.5,3092.7,3081.1,0.0,0.0,0.0,0.0,0.0,0.3606,0.9751,0.0,3.7886,-0.0896,26.3628,3082.0255,0.0,0.0,0.0,3060.59997558594,no_change,,0.0,0.0
SPXW,2027-03-31,222,Put,4700.0,SPXW270331P04700000,23.8,24.1,23.950000000000003,25.09,0.0,0.0,0.0,240.0,0.3658,-0.0268,0.0,3.7889,-0.2954,-1.3567,23.9737,0.0,0.0,0.0,25.5,up,2026-08-20T13:46:58,0.0,0.0
SPXW,2027-03-31,222,Call,4750.0,SPXW270331C04750000,3021.8,3044.9,3033.3500000000004,0.0,0.0,0.0,0.0,0.0,0.3566,0.9739,0.0,3.9231,-0.0999,26.5981,3034.2052,0.0,0.0,0.0,3012.30004882812,no_change,,0.0,0.0
SPXW,2027-03-31,222,Put,4750.0,SPXW270331P04750000,24.7,25.0,24.85,26.88,0.0,0.0,0.0,36.0,0.3616,-0.028,0.0,3.9235,-0.3025,-1.4146,24.8403,0.0,0.0,0.0,26.4000005722046,up,2026-08-18T11:01:02,0.0,0.0
SPXW,2027-03-31,222,Call,4800.0,SPXW270331C04800000,2977.0,2998.0,2987.5,0.0,0.0,0.0,0.0,0.0,0.3525,0.9727,0.0,4.0614,-0.1104,26.8311,2986.42,0.0,0.0,0.0,2964.95007324219,no_change,,0.0,0.0
SPXW,2027-03-31,222,Put,4800.0,SPXW270331P04800000,25.6,25.9,25.75,25.39,0.0,0.0,0.0,474.0,0.3574,-0.0292,0.0,4.0618,-0.3097,-1.4748,25.7421,0.0,0.0,0.0,27.4000005722046,up,2026-08-13T10:01:28,0.0,0.0
SPXW,2027-03-31,222,Call,4850.0,SPXW270331C04850000,2929.2,2950.3,2939.75,0.0,0.0,0.0,0.0,0.0,0.3486,0.9715,0.0,4.2039,-0.1211,27.0618,2938.6718,0.0,0.0,0.0,2916.95007324219,no_change,,0.0,0.0
SPXW,2027-03-31,222,Put,4850.0,SPXW270331P04850000,26.5,26.9,26.7,31.71,0.0,0.0,0.0,125.0,0.3531,-0.0304,0.0,4.2041,-0.317,-1.5371,26.6796,0.0,0.0,0.0,28.4000005722046,no_change,2026-08-03T14:25:39,0.0,0.0
SPXW,2027-03-31,222,Call,4900.0,SPXW270331C04900000,2882.0,2902.6,2892.3,1934.49,0.0,0.0,0.0,1.0,0.3447,0.9702,0.0,4.3511,-0.1319,27.2901,2890.9624,0.0,0.0,0.0,2869.65002441406,up,2026-04-01T12:26:01,0.0,0.0
SPXW,2027-03-31,222,Put,4900.0,SPXW270331P04900000,27.5,27.9,27.7,29.95,0.0,0.0,0.0,52.0,0.3491,-0.0317,0.0,4.3514,-0.3246,-1.602,27.6576,0.0,0.0,0.0,29.4000005722046,up,2026-08-18T11:01:42,0.0,0.0
SPXW,2027-03-31,222,Call,4950.0,SPXW270331C04950000,2833.9,2854.9,2844.4,2931.84,0.0,0.0,0.0,0.0,0.3409,0.9688,0.0,4.5038,-0.1429,27.5157,2843.2939,0.0,0.0,0.0,2822.09997558594,up,2026-08-04T15:15:11,0.0,0.0
SPXW,2027-03-31,222,Put,4950.0,SPXW270331P04950000,28.5,28.9,28.7,31.1,0.0,0.0,0.0,32.0,0.345,-0.0331,0.0,4.5041,-0.3323,-1.6696,28.676,0.0,0.0,0.0,30.5,up,2026-08-18T11:01:42,0.0,0.0
SPXW,2027-03-31,222,Call,5000.0,SPXW270331C05000000,2783.3,2804.9,2794.1000000000004,2694.39,0.0,0.0,0.0,9.0,0.337,0.9674,0.0,4.6628,-0.154,27.738,2795.6686,0.0,0.0,0.0,2774.29992675781,up,2026-07-09T14:46:30,0.0,0.0
SPXW,2027-03-31,222,Put,5000.0,SPXW270331P05000000,29.6,29.9,29.75,30.33,0.0,0.0,0.0,53.0,0.341,-0.0345,0.0,4.6628,-0.3402,-1.7403,29.7353,0.0,0.0,0.0,31.5999994277954,up,2026-08-19T12:51:22,0.0,0.0
SPXW,2027-03-31,222,Call,5050.0,SPXW270331C05050000,2735.8,2759.5,2747.65,0.0,0.0,0.0,0.0,0.0,0.3331,0.9659,0.0,4.8285,-0.1654,27.9568,2748.0893,0.0,0.0,0.0,2726.75,no_change,,0.0,0.0
SPXW,2027-03-31,222,Put,5050.0,SPXW270331P05050000,30.7,31.1,30.9,31.53,0.0,0.0,0.0,36.0,0.3369,-0.036,0.0,4.8285,-0.3482,-1.8147,30.8427,0.0,0.0,0.0,32.75,down,2026-08-19T12:51:22,0.0,0.0
SPXW,2027-03-31,222,Call,5100.0,SPXW270331C05100000,2690.6,2712.3,2701.45,0.0,0.0,0.0,0.0,0.0,0.3293,0.9643,0.0,5.0012,-0.1769,28.1714,2700.559,0.0,0.0,0.0,2679.59997558594,no_change,,0.0,0.0
SPXW,2027-03-31,222,Put,5100.0,SPXW270331P05100000,31.9,32.2,32.05,33.59,0.0,0.0,0.0,411.0,0.3331,-0.0376,0.0,5.0012,-0.3565,-1.8933,31.9993,0.0,0.0,0.0,34.0,up,2026-08-17T13:25:29,0.0,0.0
SPXW,2027-03-31,222,Call,5150.0,SPXW270331C05150000,2640.8,2664.1,2652.45,0.0,0.0,0.0,0.0,0.0,0.3255,0.9626,0.0,5.1804,-0.1886,28.3816,2653.0812,0.0,0.0,0.0,2632.55004882812,no_change,,0.0,0.0
SPXW,2027-03-31,222,Put,5150.0,SPXW270331P05150000,33.1,33.4,33.25,36.03,0.0,0.0,0.0,103.0,0.3291,-0.0392,0.0,5.1804,-0.365,-1.9762,33.2083,0.0,0.0,0.0,35.25,down,2026-08-18T10:14:59,0.0,0.0
SPXW,2027-03-31,222,Call,5200.0,SPXW270331C05200000,2593.4,2616.8,2605.1000000000004,2384.6,0.0,0.0,0.0,1.0,0.3218,0.9609,0.0,5.3658,-0.2006,28.5874,2605.6593,0.0,0.0,0.0,2584.70007324219,down,2026-07-23T09:30:09,0.0,0.0
SPXW,2027-03-31,222,Put,5200.0,SPXW270331P05200000,34.3,34.7,34.5,34.22,0.0,0.0,0.0,56.0,0.3252,-0.041,0.0,5.3658,-0.3736,-2.0635,34.4732,0.0,0.0,0.0,36.6000003814697,down,2026-08-13T10:27:28,0.0,0.0
SPXW,2027-03-31,222,Call,5250.0,SPXW270331C05250000,2546.1,2569.5,2557.8,0.0,0.0,0.0,0.0,0.0,0.3181,0.9591,0.0,5.5567,-0.2127,28.7891,2558.2967,0.0,0.0,0.0,2537.69995117188,no_change,,0.0,0.0
SPXW,2027-03-31,222,Put,5250.0,SPXW270331P05250000,35.7,36.0,35.85,36.79,0.0,0.0,0.0,39.0,0.3213,-0.0428,0.0,5.5571,-0.3825,-2.1553,35.8006,0.0,0.0,0.0,38.0499992370606,down,2026-08-19T10:23:52,0.0,0.0
SPXW,2027-03-31,222,Call,5300.0,SPXW270331C05300000,2503.4,2522.8,2513.1000000000004,0.0,0.0,0.0,0.0,0.0,0.3144,0.9572,0.0,5.7531,-0.2251,28.9867,2510.9966,0.0,0.0,0.0,2490.34997558594,no_change,,0.0,0.0
SPXW,2027-03-31,222,Put,5300.0,SPXW270331P05300000,37.0,37.4,37.2,38.73,0.0,0.0,0.0,195.0,0.3174,-0.0447,0.0,5.7535,-0.3916,-2.2509,37.1875,0.0,0.0,0.0,39.4500007629394,down,2026-08-20T12:16:23,0.0,0.0
SPXW,2027-03-31,222,Call,5350.0,SPXW270331C05350000,2451.6,2473.2,2462.3999999999996,0.0,0.0,0.0,0.0,0.0,0.3108,0.9552,0.0,5.9553,-0.2377,29.1803,2463.762,0.0,0.0,0.0,2443.44995117188,no_change,,0.0,0.0
SPXW,2027-03-31,222,Put,5350.0,SPXW270331P05350000,38.5,38.9,38.7,40.28,0.0,0.0,0.0,38.0,0.3137,-0.0467,0.0,5.9558,-0.4009,-2.3504,38.64,0.0,0.0,0.0,41.0499992370606,up,2026-08-20T12:16:23,0.0,0.0
SPXW,2027-03-31,222,Call,5400.0,SPXW270331C05400000,2404.4,2426.2,2415.3,2220.0,0.0,0.0,0.0,81.0,0.3073,0.9531,0.0,6.1645,-0.2505,29.3698,2416.5962,0.0,0.0,0.0,2395.95007324219,no_change,2026-06-24T09:55:25,0.0,0.0
SPXW,2027-03-31,222,Put,5400.0,SPXW270331P05400000,40.0,40.4,40.2,40.23,0.0,0.0,0.0,25.0,0.31,-0.0488,0.0,6.165,-0.4104,-2.454,40.1612,0.0,0.0,0.0,42.6500015258789,down,2026-08-14T11:03:27,0.0,0.0
SPXW,2027-03-31,222,Call,5450.0,SPXW270331C05450000,2360.9,2381.3,2371.1000000000004,0.0,0.0,0.0,0.0,0.0,0.3036,0.9509,0.0001,6.3819,-0.2635,29.5546,2369.5024,0.0,0.0,0.0,2349.04992675781,no_change,,0.0,0.0
SPXW,2027-03-31,222,Put,5450.0,SPXW270331P05450000,41.6,42.0,41.8,42.87,0.0,0.0,0.0,12.0,0.3063,-0.051,0.0001,6.3819,-0.4202,-2.5622,41.7504,0.0,0.0,0.0,44.3499984741211,up,2026-08-17T12:48:45,0.0,0.0
SPXW,2027-03-31,222,Call,5500.0,SPXW270331C05500000,2310.4,2332.0,2321.2,2197.02,0.0,0.0,0.0,3.0,0.3001,0.9486,0.0001,6.6086,-0.2768,29.7336,2322.4848,0.0,0.0,0.0,2302.55004882812,up,2026-06-30T14:19:29,0.0,0.0
SPXW,2027-03-31,222,Put,5500.0,SPXW270331P05500000,43.1,43.6,43.35,45.9,0.0,0.0,0.0,109.0,0.3026,-0.0533,0.0001,6.609,-0.4301,-2.6766,43.4228,0.0,0.0,0.0,46.0499992370606,up,2026-08-20T14:14:53,0.0,0.0
SPXW,2027-03-31,222,Call,5525.0,SPXW270331C05525000,2289.8,2310.8,2300.3,0.0,0.0,0.0,0.0,0.0,0.2983,0.9474,0.0001,6.7256,-0.2835,29.8207,2299.006,0.0,0.0,0.0,2278.79992675781,no_change,,0.0,0.0
SPXW,2027-03-31,222,Put,5525.0,SPXW270331P05525000,44.1,44.5,44.3,45.8,0.0,0.0,0.0,16.0,0.3008,-0.0545,0.0001,6.7256,-0.4352,-2.7358,44.2842,0.0,0.0,0.0,47.0,down,2026-08-10T11:09:03,0.0,0.0
SPXW,2027-03-31,222,Call,5550.0,SPXW270331C05550000,2266.0,2287.4,2276.7,0.0,0.0,0.0,0.0,0.0,0.2966,0.9462,0.0001,6.845,-0.2902,29.906,2275.548,0.0,0.0,0.0,2255.75,no_change,,0.0,0.0
SPXW,2027-03-31,222,Put,5550.0,SPXW270331P05550000,45.0,45.4,45.2,46.91,0.0,0.0,0.0,491.0,0.299,-0.0557,0.0001,6.845,-0.4403,-2.7971,45.1696,0.0,0.0,0.0,47.9500007629394,up,2026-08-17T13:16:09,0.0,0.0
SPXW,2027-03-31,222,Call,5575.0,SPXW270331C05575000,2242.7,2264.0,2253.35,0.0,0.0,0.0,0.0,0.0,0.2949,0.9449,0.0001,6.9668,-0.2971,29.9896,2252.1115,0.0,0.0,0.0,2231.95007324219,no_change,,0.0,0.0
SPXW,2027-03-31,222,Put,5575.0,SPXW270331P05575000,45.9,46.3,46.099999999999994,45.6,0.0,0.0,0.0,135.0,0.2972,-0.057,0.0001,6.9668,-0.4455,-2.8601,46.0766,0.0,0.0,0.0,48.8999996185303,down,2026-08-13T10:25:28,0.0,0.0
SPXW,2027-03-31,222,Call,5600.0,SPXW270331C05600000,2216.6,2238.8,2227.7,2150.1,0.0,0.0,0.0,2.0,0.2932,0.9436,0.0001,7.0908,-0.3039,30.0713,2228.6973,0.0,0.0,0.0,2208.59997558594,up,2026-07-15T13:35:54,0.0,0.0
SPXW,2027-03-31,222,Put,5600.0,SPXW270331P05600000,46.8,47.2,47.0,47.12,0.0,0.0,0.0,344.0,0.2953,-0.0582,0.0001,7.0908,-0.4508,-2.925,47.0057,0.0,0.0,0.0,49.8499984741211,no_change,2026-08-13T15:46:36,0.0,0.0
SPXW,2027-03-31,222,Call,5605.0,SPXW270331C05605000,2214.6,2235.9,2225.25,0.0,0.0,0.0,0.0,0.0,0.2928,0.9434,0.0001,7.1158,-0.3053,30.0874,2224.0172,0.0,0.0,0.0,2204.0,no_change,,0.0,0.0
SPXW,2027-03-31,222,Put,5605.0,SPXW270331P05605000,47.0,47.4,47.2,50.92,0.0,0.0,0.0,17.0,0.295,-0.0585,0.0001,7.1158,-0.4518,-2.9382,47.1943,0.0,0.0,0.0,50.0499992370606,up,2026-08-18T11:16:25,0.0,0.0
SPXW,2027-03-31,222,Call,5610.0,SPXW270331C05610000,2209.7,2231.2,2220.45,2130.23,0.0,0.0,0.0,1.0,0.2924,0.9431,0.0001,7.141,-0.3067,30.1034,2219.338,0.0,0.0,0.0,2199.29992675781,down,2026-06-17T13:53:44,0.0,0.0
SPXW,2027-03-31,222,Put,5610.0,SPXW270331P05610000,47.2,47.6,47.400000000000006,47.81,0.0,0.0,0.0,16.0,0.2947,-0.0588,0.0001,7.141,-0.4529,-2.9515,47.3838,0.0,0.0,0.0,50.25,up,2026-08-13T12:19:59,0.0,0.0
SPXW,2027-03-31,222,Call,5615.0,SPXW270331C05615000,2205.7,2226.5,2216.1,2332.85,0.0,0.0,0.0,0.0,0.292,0.9429,0.0001,7.1662,-0.3081,30.1194,2214.6597,0.0,0.0,0.0,2194.65002441406,up,2026-08-13T14:33:01,0.0,0.0
SPXW,2027-03-31,222,Put,5615.0,SPXW270331P05615000,47.4,47.8,47.599999999999994,47.79,0.0,0.0,0.0,2.0,0.2942,-0.059,0.0001,7.1662,-0.4539,-2.9648,47.5742,0.0,0.0,0.0,50.4500007629394,up,2026-08-13T15:04:34,0.0,0.0
SPXW,2027-03-31,222,Call,5620.0,SPXW270331C05620000,2201.0,2221.9,2211.45,2328.1,0.0,0.0,0.0,1.0,0.2918,0.9426,0.0001,7.1915,-0.3095,30.1353,2209.9824,0.0,0.0,0.0,2190.0,up,2026-08-13T14:33:01,0.0,0.0
SPXW,2027-03-31,222,Put,5620.0,SPXW270331P05620000,47.4,48.0,47.7,51.2,0.0,0.0,0.0,3.0,0.2939,-0.0593,0.0001,7.1915,-0.455,-2.9783,47.7655,0.0,0.0,0.0,50.7000007629394,up,2026-08-18T14:05:52,0.0,0.0
SPXW,2027-03-31,222,Call,5625.0,SPXW270331C05625000,2195.9,2217.2,2206.55,0.0,0.0,0.0,0.0,0.0,0.2914,0.9423,0.0001,7.2169,-0.3109,30.1511,2205.306,0.0,0.0,0.0,2185.69995117188,no_change,,0.0,0.0
SPXW,2027-03-31,222,Put,5625.0,SPXW270331P05625000,47.6,48.2,47.900000000000006,69.8,0.0,0.0,0.0,2.0,0.2936,-0.0596,0.0001,7.2169,-0.4561,-2.9918,47.9578,0.0,0.0,0.0,50.8999996185303,down,2026-07-21T09:48:38,0.0,0.0
SPXW,2027-03-31,222,Call,5630.0,SPXW270331C05630000,2191.9,2212.5,2202.2,0.0,0.0,0.0,0.0,0.0,0.291,0.9421,0.0001,7.2423,-0.3123,30.1669,2200.6305,0.0,0.0,0.0,2180.65002441406,no_change,,0.0,0.0
SPXW,2027-03-31,222,Put,5630.0,SPXW270331P05630000,47.8,48.4,48.099999999999994,49.35,-1.75,-3.42466,4.0,20.0,0.2933,-0.0598,0.0001,7.2423,-0.4571,-3.0053,48.151,49.3,49.35,49.3,51.1000003814697,up,2026-08-21T09:43:40,0.0,0.0
SPXW,2027-03-31,222,Call,5635.0,SPXW270331C05635000,2187.5,2207.8,2197.65,0.0,0.0,0.0,0.0,0.0,0.2906,0.9418,0.0001,7.2678,-0.3137,30.1826,2195.956,0.0,0.0,0.0,2176.05004882812,no_change,,0.0,0.0
SPXW,2027-03-31,222,Put,5635.0,SPXW270331P05635000,48.0,48.6,48.3,72.06,0.0,0.0,0.0,9.0,0.2928,-0.0601,0.0001,7.2678,-0.4582,-3.0189,48.3452,0.0,0.0,0.0,51.2999992370606,up,2026-07-24T13:47:48,0.0,0.0
SPXW,2027-03-31,222,Call,5640.0,SPXW270331C05640000,2181.9,2203.2,2192.55,0.0,0.0,0.0,0.0,0.0,0.2904,0.9415,0.0001,7.2934,-0.3151,30.1982,2191.2824,0.0,0.0,0.0,2171.29992675781,no_change,,0.0,0.0
SPXW,2027-03-31,222,Put,5640.0,SPXW270331P05640000,48.2,48.8,48.5,74.62,0.0,0.0,0.0,3.0,0.2924,-0.0604,0.0001,7.2934,-0.4593,-3.0326,48.5403,0.0,0.0,0.0,51.5,up,2026-07-17T10:58:44,0.0,0.0
SPXW,2027-03-31,222,Call,5645.0,SPXW270331C05645000,2178.0,2198.5,2188.25,0.0,0.0,0.0,0.0,0.0,0.29,0.9412,0.0001,7.3191,-0.3165,30.2137,2186.6098,0.0,0.0,0.0,2167.20007324219,no_change,,0.0,0.0
SPXW,2027-03-31,222,Put,5645.0,SPXW270331P05645000,48.4,49.0,48.7,73.87,0.0,0.0,0.0,15.0,0.2921,-0.0606,0.0001,7.3191,-0.4603,-3.0464,48.7364,0.0,0.0,0.0,51.75,up,2026-07-24T14:27:15,0.0,0.0
SPXW,2027-03-31,222,Call,5650.0,SPXW270331C05650000,2174.8,2193.8,2184.3,0.0,0.0,0.0,0.0,0.0,0.2896,0.941,0.0001,7.3448,-0.3179,30.2292,2181.9382,0.0,0.0,0.0,2162.0,no_change,,0.0,0.0
SPXW,2027-03-31,222,Put,5650.0,SPXW270331P05650000,48.6,49.2,48.900000000000006,72.99,0.0,0.0,0.0,21.0,0.2917,-0.0609,0.0001,7.3448,-0.4614,-3.0603,48.9334,0.0,0.0,0.0,51.9500007629394,down,2026-07-24T14:12:06,0.0,0.0
SPXW,2027-03-31,222,Call,5655.0,SPXW270331C05655000,2168.3,2189.2,2178.75,0.0,0.0,0.0,0.0,0.0,0.2894,0.9407,0.0001,7.3706,-0.3193,30.2446,2177.2675,0.0,0.0,0.0,2157.75,no_change,,0.0,0.0
SPXW,2027-03-31,222,Put,5655.0,SPXW270331P05655000,48.8,49.4,49.099999999999994,84.19,0.0,0.0,0.0,44.0,0.2914,-0.0612,0.0001,7.3706,-0.4625,-3.0742,49.1315,0.0,0.0,0.0,52.1500015258789,up,2026-06-17T14:08:03,0.0,0.0
SPXW,2027-03-31,222,Call,5660.0,SPXW270331C05660000,2164.0,2184.5,2174.25,0.0,0.0,0.0,0.0,0.0,0.289,0.9404,0.0001,7.3965,-0.3207,30.2599,2172.5978,0.0,0.0,0.0,2152.70007324219,no_change,,0.0,0.0
SPXW,2027-03-31,222,Put,5660.0,SPXW270331P05660000,49.0,49.6,49.3,52.35,0.0,0.0,0.0,3.0,0.291,-0.0615,0.0001,7.3965,-0.4636,-3.0882,49.3304,0.0,0.0,0.0,52.3499984741211,down,2026-08-06T14:14:35,0.0,0.0
SPXW,2027-03-31,222,Call,5665.0,SPXW270331C05665000,2155.9,2177.7,2166.8,0.0,0.0,0.0,0.0,0.0,0.2886,0.9402,0.0001,7.4224,-0.3221,30.2752,2167.9291,0.0,0.0,0.0,2148.44995117188,no_change,,0.0,0.0
SPXW,2027-03-31,222,Put,5665.0,SPXW270331P05665000,49.2,49.8,49.5,49.54,0.0,0.0,0.0,5.0,0.2907,-0.0617,0.0001,7.4224,-0.4646,-3.1022,49.5304,0.0,0.0,0.0,52.5499992370606,up,2026-08-14T14:28:32,0.0,0.0
SPXW,2027-03-31,222,Call,5670.0,SPXW270331C05670000,2151.2,2172.9,2162.05,0.0,0.0,0.0,0.0,0.0,0.2883,0.9399,0.0001,7.4484,-0.3235,30.2904,2163.2614,0.0,0.0,0.0,2143.40002441406,no_change,,0.0,0.0
SPXW,2027-03-31,222,Put,5670.0,SPXW270331P05670000,49.4,50.0,49.7,49.57,0.0,0.0,0.0,8.0,0.2903,-0.062,0.0001,7.4484,-0.4657,-3.1164,49.7314,0.0,0.0,0.0,52.75,up,2026-08-14T10:50:35,0.0,0.0
SPXW,2027-03-31,222,Call,5675.0,SPXW270331C05675000,2149.4,2170.5,2159.95,0.0,0.0,0.0,0.0,0.0,0.2879,0.9396,0.0001,7.4745,-0.3249,30.3055,2158.5946,0.0,0.0,0.0,2138.89990234375,no_change,,0.0,0.0
SPXW,2027-03-31,222,Put,5675.0,SPXW270331P05675000,49.6,50.2,49.900000000000006,50.11,0.0,0.0,0.0,21.0,0.29,-0.0623,0.0001,7.4745,-0.4668,-3.1305,49.9333,0.0,0.0,0.0,52.9500007629394,up,2026-08-13T12:56:44,0.0,0.0
SPXW,2027-03-31,222,Call,5680.0,SPXW270331C05680000,2141.9,2164.0,2152.95,0.0,0.0,0.0,0.0,0.0,0.2875,0.9393,0.0001,7.5007,-0.3263,30.3207,2153.9289,0.0,0.0,0.0,2134.29992675781,no_change,,0.0,0.0
SPXW,2027-03-31,222,Put,5680.0,SPXW270331P05680000,49.8,50.4,50.099999999999994,70.57,0.0,0.0,0.0,33.0,0.2896,-0.0626,0.0001,7.5007,-0.4679,-3.1447,50.1362,0.0,0.0,0.0,53.2000007629394,down,2026-07-09T13:08:16,0.0,0.0
SPXW,2027-03-31,222,Call,5685.0,SPXW270331C05685000,2139.9,2161.2,2150.55,0.0,0.0,0.0,0.0,0.0,0.2873,0.939,0.0001,7.5269,-0.3278,30.3357,2149.2641,0.0,0.0,0.0,2129.60009765625,no_change,,0.0,0.0
SPXW,2027-03-31,222,Put,5685.0,SPXW270331P05685000,50.0,50.6,50.3,77.6,0.0,0.0,0.0,14.0,0.2892,-0.0629,0.0001,7.5269,-0.469,-3.159,50.3401,0.0,0.0,0.0,53.3999996185303,no_change,2026-07-02T11:57:11,0.0,0.0
SPXW,2027-03-31,222,Call,5690.0,SPXW270331C05690000,2132.6,2154.6,2143.6,0.0,0.0,0.0,0.0,0.0,0.2869,0.9387,0.0001,7.5532,-0.3292,30.3506,2144.6003,0.0,0.0,0.0,2125.0,no_change,,0.0,0.0
SPXW,2027-03-31,222,Put,5690.0,SPXW270331P05690000,50.2,50.8,50.5,92.0,0.0,0.0,0.0,3.0,0.2889,-0.0632,0.0001,7.5532,-0.4701,-3.1734,50.545,0.0,0.0,0.0,53.6500015258789,no_change,2026-06-17T15:39:20,0.0,0.0
SPXW,2027-03-31,222,Call,5695.0,SPXW270331C05695000,2127.9,2150.7,2139.3,0.0,0.0,0.0,0.0,0.0,0.2865,0.9385,0.0001,7.5795,-0.3306,30.3655,2139.9376,0.0,0.0,0.0,2120.59997558594,no_change,,0.0,0.0
SPXW,2027-03-31,222,Put,5695.0,SPXW270331P05695000,50.4,51.0,50.7,85.0,0.0,0.0,0.0,34.0,0.2885,-0.0634,0.0001,7.5795,-0.4712,-3.1879,50.751,0.0,0.0,0.0,53.8499984741211,down,2026-06-22T12:38:52,0.0,0.0
SPXW,2027-03-31,222,Call,5700.0,SPXW270331C05700000,2128.1,2147.2,2137.6499999999996,0.0,0.0,0.0,0.0,0.0,0.2862,0.9382,0.0001,7.6059,-0.332,30.3803,2135.2758,0.0,0.0,0.0,2115.95007324219,no_change,,0.0,0.0
SPXW,2027-03-31,222,Put,5700.0,SPXW270331P05700000,50.6,51.2,50.900000000000006,53.54,0.0,0.0,0.0,27.0,0.2882,-0.0637,0.0001,7.6059,-0.4723,-3.2024,50.9579,0.0,0.0,0.0,54.0499992370606,down,2026-08-10T09:30:02,0.0,0.0
SPXW,2027-03-31,222,Call,5705.0,SPXW270331C05705000,2118.6,2140.8,2129.7,0.0,0.0,0.0,0.0,0.0,0.2858,0.9379,0.0001,7.6324,-0.3335,30.395,2130.6151,0.0,0.0,0.0,2111.25,no_change,,0.0,0.0
SPXW,2027-03-31,222,Put,5705.0,SPXW270331P05705000,50.8,51.4,51.099999999999994,51.31,0.0,0.0,0.0,11.0,0.2878,-0.064,0.0001,7.6324,-0.4734,-3.2169,51.1659,0.0,0.0,0.0,54.2999992370606,down,2026-08-14T13:01:05,0.0,0.0
SPXW,2027-03-31,222,Call,5710.0,SPXW270331C05710000,2116.6,2137.9,2127.25,0.0,0.0,0.0,0.0,0.0,0.2856,0.9376,0.0001,7.6589,-0.3349,30.4097,2125.9554,0.0,0.0,0.0,2106.25,no_change,,0.0,0.0
SPXW,2027-03-31,222,Put,5710.0,SPXW270331P05710000,51.0,51.6,51.3,85.7,0.0,0.0,0.0,27.0,0.2874,-0.0643,0.0001,7.6589,-0.4745,-3.2316,51.3748,0.0,0.0,0.0,54.5,down,2026-06-18T15:15:33,0.0,0.0
SPXW,2027-03-31,222,Call,5715.0,SPXW270331C05715000,2114.2,2133.2,2123.7,0.0,0.0,0.0,0.0,0.0,0.2852,0.9373,0.0001,7.6855,-0.3363,30.4243,2121.2967,0.0,0.0,0.0,2101.75,no_change,,0.0,0.0
SPXW,2027-03-31,222,Put,5715.0,SPXW270331P05715000,51.2,51.8,51.5,53.31,0.0,0.0,0.0,5.0,0.2871,-0.0646,0.0001,7.6855,-0.4756,-3.2463,51.5848,0.0,0.0,0.0,54.7000007629394,up,2026-08-17T13:08:39,0.0,0.0
SPXW,2027-03-31,222,Call,5720.0,SPXW270331C05720000,2107.2,2128.6,2117.8999999999996,0.0,0.0,0.0,0.0,0.0,0.2849,0.937,0.0001,7.7122,-0.3378,30.4389,2116.6391,0.0,0.0,0.0,2096.94995117188,no_change,,0.0,0.0
SPXW,2027-03-31,222,Put,5720.0,SPXW270331P05720000,51.4,52.0,51.7,51.39,0.0,0.0,0.0,4.0,0.2868,-0.0649,0.0001,7.7122,-0.4767,-3.261,51.7959,0.0,0.0,0.0,54.9500007629394,up,2026-08-14T10:13:35,0.0,0.0
SPXW,2027-03-31,222,Call,5725.0,SPXW270331C05725000,2104.3,2123.9,2114.1000000000004,0.0,0.0,0.0,0.0,0.0,0.2845,0.9367,0.0001,7.7389,-0.3392,30.4534,2111.9824,0.0,0.0,0.0,2092.29992675781,no_change,,0.0,0.0
SPXW,2027-03-31,222,Put,5725.0,SPXW270331P05725000,51.8,52.2,52.0,52.3,0.0,0.0,0.0,21.0,0.2863,-0.0652,0.0001,7.7389,-0.4778,-3.2758,52.0079,0.0,0.0,0.0,55.1500015258789,down,2026-08-19T11:02:38,0.0,0.0
SPXW,2027-03-31,222,Call,5730.0,SPXW270331C05730000,2097.9,2119.3,2108.6000000000004,0.0,0.0,0.0,0.0,0.0,0.2842,0.9364,0.0001,7.7657,-0.3406,30.4678,2107.3269,0.0,0.0,0.0,2088.09997558594,no_change,,0.0,0.0
SPXW,2027-03-31,222,Put,5730.0,SPXW270331P05730000,52.0,52.5,52.25,54.06,0.0,0.0,0.0,29.0,0.2861,-0.0655,0.0001,7.7657,-0.4789,-3.2907,52.221,0.0,0.0,0.0,55.3999996185303,no_change,2026-08-10T13:25:42,0.0,0.0
SPXW,2027-03-31,222,Call,5735.0,SPXW270331C05735000,2095.6,2114.6,2105.1,0.0,0.0,0.0,0.0,0.0,0.2838,0.9361,0.0001,7.7926,-0.3421,30.4822,2102.6723,0.0,0.0,0.0,2083.45007324219,no_change,,0.0,0.0
SPXW,2027-03-31,222,Put,5735.0,SPXW270331P05735000,52.2,52.7,52.45,51.72,0.0,0.0,0.0,52.0,0.2857,-0.0658,0.0001,7.7926,-0.48,-3.3056,52.4352,0.0,0.0,0.0,55.6000003814697,down,2026-08-13T10:23:42,0.0,0.0
SPXW,2027-03-31,222,Call,5740.0,SPXW270331C05740000,2090.8,2109.9,2100.3500000000004,0.0,0.0,0.0,0.0,0.0,0.2834,0.9358,0.0001,7.8195,-0.3435,30.4965,2098.0188,0.0,0.0,0.0,2078.40002441406,no_change,,0.0,0.0
SPXW,2027-03-31,222,Put,5740.0,SPXW270331P05740000,52.3,52.9,52.599999999999994,86.5,0.0,0.0,0.0,14.0,0.2854,-0.0661,0.0001,7.8195,-0.4812,-3.3206,52.6503,0.0,0.0,0.0,55.8499984741211,down,2026-06-18T10:09:13,0.0,0.0
SPXW,2027-03-31,222,Call,5745.0,SPXW270331C05745000,2086.3,2105.3,2095.8,0.0,0.0,0.0,0.0,0.0,0.2831,0.9355,0.0001,7.8466,-0.345,30.5108,2093.3664,0.0,0.0,0.0,2073.75,no_change,,0.0,0.0
SPXW,2027-03-31,222,Put,5745.0,SPXW270331P05745000,52.5,53.1,52.8,52.4,-3.7,-6.59537,4.0,3.0,0.285,-0.0664,0.0001,7.8466,-0.4823,-3.3357,52.8666,52.49,52.49,52.4,56.1000003814697,down,2026-08-21T14:19:51,0.0,0.0
SPXW,2027-03-31,222,Call,5750.0,SPXW270331C05750000,2081.1,2100.6,2090.85,1217.54,0.0,0.0,0.0,1.0,0.2827,0.9352,0.0001,7.8736,-0.3464,30.525,2088.715,0.0,0.0,0.0,2069.5,down,2026-04-02T11:15:17,0.0,0.0
SPXW,2027-03-31,222,Put,5750.0,SPXW270331P05750000,52.7,53.3,53.0,54.64,0.0,0.0,0.0,27.0,0.2846,-0.0667,0.0001,7.8736,-0.4834,-3.3508,53.0838,0.0,0.0,0.0,56.2999992370606,up,2026-08-17T12:57:45,0.0,0.0
SPXW,2027-03-31,222,Call,5755.0,SPXW270331C05755000,2075.0,2096.0,2085.5,0.0,0.0,0.0,0.0,0.0,0.2824,0.9349,0.0001,7.9008,-0.3479,30.5392,2084.0646,0.0,0.0,0.0,2064.5,no_change,,0.0,0.0
SPXW,2027-03-31,222,Put,5755.0,SPXW270331P05755000,52.9,53.5,53.2,52.63,0.0,0.0,0.0,14.0,0.2844,-0.067,0.0001,7.9008,-0.4845,-3.366,53.3022,0.0,0.0,0.0,56.5,up,2026-08-13T09:54:46,0.0,0.0
SPXW,2027-03-31,222,Call,5760.0,SPXW270331C05760000,2072.2,2091.3,2081.75,0.0,0.0,0.0,0.0,0.0,0.2822,0.9346,0.0001,7.928,-0.3493,30.5532,2079.4153,0.0,0.0,0.0,2060.0,no_change,,0.0,0.0
SPXW,2027-03-31,222,Put,5760.0,SPXW270331P05760000,53.3,53.8,53.55,53.85,0.0,0.0,0.0,18.0,0.284,-0.0673,0.0001,7.928,-0.4856,-3.3812,53.5216,0.0,0.0,0.0,56.75,down,2026-08-19T10:58:43,0.0,0.0
SPXW,2027-03-31,222,Call,5765.0,SPXW270331C05765000,2065.4,2086.7,2076.05,0.0,0.0,0.0,0.0,0.0,0.2818,0.9343,0.0001,7.9553,-0.3508,30.5673,2074.7671,0.0,0.0,0.0,2055.20007324219,no_change,,0.0,0.0
SPXW,2027-03-31,222,Put,5765.0,SPXW270331P05765000,53.5,54.0,53.75,98.6,0.0,0.0,0.0,3.0,0.2836,-0.0676,0.0001,7.9553,-0.4868,-3.3965,53.7421,0.0,0.0,0.0,57.0,up,2026-06-23T11:12:15,0.0,0.0
SPXW,2027-03-31,222,Call,5770.0,SPXW270331C05770000,2060.7,2082.1,2071.3999999999996,0.0,0.0,0.0,0.0,0.0,0.2815,0.934,0.0001,7.9827,-0.3522,30.5812,2070.12,0.0,0.0,0.0,2050.94995117188,no_change,,0.0,0.0
SPXW,2027-03-31,222,Put,5770.0,SPXW270331P05770000,53.6,54.2,53.900000000000006,53.2,0.0,0.0,0.0,20.0,0.2832,-0.0679,0.0001,7.9827,-0.4879,-3.4118,53.9636,0.0,0.0,0.0,57.2000007629394,down,2026-08-13T10:25:51,0.0,0.0
SPXW,2027-03-31,222,Call,5775.0,SPXW270331C05775000,2053.5,2075.6,2064.55,0.0,0.0,0.0,0.0,0.0,0.2811,0.9337,0.0001,8.0102,-0.3537,30.5951,2065.4739,0.0,0.0,0.0,2045.94995117188,no_change,,0.0,0.0
SPXW,2027-03-31,222,Put,5775.0,SPXW270331P05775000,53.8,54.4,54.099999999999994,79.26,0.0,0.0,0.0,13.0,0.2829,-0.0682,0.0001,8.0102,-0.489,-3.4273,54.1862,0.0,0.0,0.0,57.4500007629394,down,2026-07-01T12:51:28,0.0,0.0
SPXW,2027-03-31,222,Call,5780.0,SPXW270331C05780000,2048.8,2070.8,2059.8,0.0,0.0,0.0,0.0,0.0,0.2808,0.9334,0.0001,8.0377,-0.3552,30.609,2060.8289,0.0,0.0,0.0,2041.29998779297,no_change,,0.0,0.0
SPXW,2027-03-31,222,Put,5780.0,SPXW270331P05780000,54.0,54.7,54.35,54.46,0.0,0.0,0.0,3.0,0.2826,-0.0685,0.0001,8.0377,-0.4902,-3.4427,54.4099,0.0,0.0,0.0,57.7000007629394,no_change,2026-08-13T13:52:50,0.0,0.0
SPXW,2027-03-31,222,Call,5785.0,SPXW270331C05785000,2044.2,2066.2,2055.2,0.0,0.0,0.0,0.0,0.0,0.2804,0.9331,0.0001,8.0654,-0.3566,30.6228,2056.185,0.0,0.0,0.0,2037.30004882812,no_change,,0.0,0.0
SPXW,2027-03-31,222,Put,5785.0,SPXW270331P05785000,54.4,54.9,54.65,89.8,0.0,0.0,0.0,15.0,0.2822,-0.0688,0.0001,8.0654,-0.4913,-3.4583,54.6347,0.0,0.0,0.0,57.8999996185303,down,2026-06-18T14:56:50,0.0,0.0
SPXW,2027-03-31,222,Call,5790.0,SPXW270331C05790000,2043.0,2063.5,2053.25,0.0,0.0,0.0,0.0,0.0,0.2801,0.9328,0.0001,8.0931,-0.3581,30.6365,2051.5422,0.0,0.0,0.0,2032.04998779297,no_change,,0.0,0.0
SPXW,2027-03-31,222,Put,5790.0,SPXW270331P05790000,54.6,55.1,54.85,54.3,0.0,0.0,0.0,6.0,0.2819,-0.0691,0.0001,8.0931,-0.4924,-3.4739,54.8605,0.0,0.0,0.0,58.2000007629394,down,2026-08-13T10:07:08,0.0,0.0
SPXW,2027-03-31,222,Call,5795.0,SPXW270331C05795000,2034.9,2056.9,2045.9,0.0,0.0,0.0,0.0,0.0,0.2798,0.9324,0.0001,8.1209,-0.3595,30.6501,2046.9004,0.0,0.0,0.0,2029.04998779297,no_change,,0.0,0.0
SPXW,2027-03-31,222,Put,5795.0,SPXW270331P05795000,54.7,55.3,55.0,85.0,0.0,0.0,0.0,81.0,0.2814,-0.0695,0.0001,8.1209,-0.4936,-3.4895,55.0875,0.0,0.0,0.0,58.3999996185303,down,2026-07-02T11:57:00,0.0,0.0
SPXW,2027-03-31,222,Call,5800.0,SPXW270331C05800000,2033.2,2054.2,2043.6999999999998,1968.27,0.0,0.0,0.0,10.0,0.2794,0.9321,0.0001,8.1488,-0.361,30.6637,2042.2598,0.0,0.0,0.0,2023.20001220703,no_change,2026-07-15T13:36:18,0.0,0.0
SPXW,2027-03-31,222,Put,5800.0,SPXW270331P05800000,54.9,55.6,55.25,56.39,-2.26,-3.85337,2.0,127.0,0.2812,-0.0698,0.0001,8.1488,-0.4947,-3.5053,55.3155,56.39,56.39,56.39,58.6500015258789,down,2026-08-21T10:06:17,0.0,0.0
SPXW,2027-03-31,222,Call,5805.0,SPXW270331C05805000,2030.4,2049.6,2040.0,0.0,0.0,0.0,0.0,0.0,0.2791,0.9318,0.0001,8.1767,-0.3625,30.6772,2037.6202,0.0,0.0,0.0,2018.20001220703,no_change,,0.0,0.0
SPXW,2027-03-31,222,Put,5805.0,SPXW270331P05805000,55.3,55.8,55.55,191.37,0.0,0.0,0.0,1.0,0.2809,-0.0701,0.0001,8.1767,-0.4959,-3.5211,55.5446,0.0,0.0,0.0,58.8999996185303,down,2026-04-08T15:39:33,0.0,0.0
SPXW,2027-03-31,222,Call,5810.0,SPXW270331C05810000,2024.3,2044.9,2034.6,0.0,0.0,0.0,0.0,0.0,0.2787,0.9315,0.0001,8.2048,-0.364,30.6907,2032.9818,0.0,0.0,0.0,2013.54998779297,no_change,,0.0,0.0
SPXW,2027-03-31,222,Put,5810.0,SPXW270331P05810000,55.4,56.0,55.7,57.31,0.0,0.0,0.0,3.0,0.2805,-0.0704,0.0001,8.2048,-0.497,-3.5369,55.7749,0.0,0.0,0.0,59.1000003814697,down,2026-08-12T11:29:12,0.0,0.0
SPXW,2027-03-31,222,Call,5815.0,SPXW270331C05815000,2016.4,2038.4,2027.4,0.0,0.0,0.0,0.0,0.0,0.2784,0.9312,0.0001,8.233,-0.3654,30.704,2028.3445,0.0,0.0,0.0,2009.34997558594,no_change,,0.0,0.0
SPXW,2027-03-31,222,Put,5815.0,SPXW270331P05815000,55.6,56.2,55.900000000000006,95.59,0.0,0.0,0.0,2.0,0.2801,-0.0707,0.0001,8.233,-0.4982,-3.5529,56.0062,0.0,0.0,0.0,59.3999996185303,up,2026-06-17T14:08:03,0.0,0.0
SPXW,2027-03-31,222,Call,5820.0,SPXW270331C05820000,2014.4,2035.7,2025.0500000000002,0.0,0.0,0.0,0.0,0.0,0.2781,0.9308,0.0001,8.2613,-0.3669,30.7174,2023.7083,0.0,0.0,0.0,2004.35003662109,no_change,,0.0,0.0
SPXW,2027-03-31,222,Put,5820.0,SPXW270331P05820000,55.9,56.5,56.2,58.73,0.0,0.0,0.0,24.0,0.2798,-0.0711,0.0001,8.2613,-0.4993,-3.5689,56.2387,0.0,0.0,0.0,59.6000003814697,down,2026-08-20T13:46:58,0.0,0.0
SPXW,2027-03-31,222,Call,5825.0,SPXW270331C05825000,2010.5,2031.0,2020.75,0.0,0.0,0.0,0.0,0.0,0.2777,0.9305,0.0001,8.2896,-0.3684,30.7306,2019.0732,0.0,0.0,0.0,2000.05004882812,no_change,,0.0,0.0
SPXW,2027-03-31,222,Put,5825.0,SPXW270331P05825000,56.1,56.7,56.400000000000006,59.47,0.0,0.0,0.0,5.0,0.2794,-0.0714,0.0001,8.2896,-0.5005,-3.585,56.4723,0.0,0.0,0.0,59.8999996185303,no_change,2026-08-07T11:57:39,0.0,0.0
SPXW,2027-03-31,222,Call,5830.0,SPXW270331C05830000,2002.5,2024.6,2013.55,0.0,0.0,0.0,0.0,0.0,0.2774,0.9302,0.0001,8.3181,-0.3699,30.7438,2014.4392,0.0,0.0,0.0,1995.09997558594,no_change,,0.0,0.0
SPXW,2027-03-31,222,Put,5830.0,SPXW270331P05830000,56.3,57.0,56.65,55.38,0.0,0.0,0.0,20.0,0.279,-0.0717,0.0001,8.3181,-0.5016,-3.6011,56.707,0.0,0.0,0.0,60.1000003814697,down,2026-08-13T10:57:02,0.0,0.0
SPXW,2027-03-31,222,Call,5835.0,SPXW270331C05835000,2002.7,2021.8,2012.25,0.0,0.0,0.0,0.0,0.0,0.2771,0.9299,0.0001,8.3467,-0.3714,30.7568,2009.8064,0.0,0.0,0.0,1990.45001220703,no_change,,0.0,0.0
SPXW,2027-03-31,222,Put,5835.0,SPXW270331P05835000,56.6,57.2,56.900000000000006,56.54,0.0,0.0,0.0,36.0,0.2788,-0.072,0.0001,8.3467,-0.5028,-3.6173,56.9429,0.0,0.0,0.0,60.3999996185303,up,2026-08-13T11:26:21,0.0,0.0
SPXW,2027-03-31,222,Call,5840.0,SPXW270331C05840000,1996.5,2017.1,2006.8,0.0,0.0,0.0,0.0,0.0,0.2768,0.9295,0.0001,8.3754,-0.3728,30.7699,2005.1747,0.0,0.0,0.0,1986.20001220703,no_change,,0.0,0.0
SPXW,2027-03-31,222,Put,5840.0,SPXW270331P05840000,56.8,57.4,57.099999999999994,61.03,0.0,0.0,0.0,26.0,0.2784,-0.0724,0.0001,8.3754,-0.5039,-3.6336,57.1798,0.0,0.0,0.0,60.6000003814697,down,2026-08-05T12:52:07,0.0,0.0
SPXW,2027-03-31,222,Call,5845.0,SPXW270331C05845000,1993.4,2012.5,2002.95,0.0,0.0,0.0,0.0,0.0,0.2764,0.9292,0.0001,8.4042,-0.3743,30.7828,2000.5441,0.0,0.0,0.0,1981.60003662109,no_change,,0.0,0.0
SPXW,2027-03-31,222,Put,5845.0,SPXW270331P05845000,57.0,57.7,57.35,62.28,0.0,0.0,0.0,4.0,0.278,-0.0727,0.0001,8.4042,-0.5051,-3.65,57.4179,0.0,0.0,0.0,60.8999996185303,down,2026-08-05T16:01:34,0.0,0.0
SPXW,2027-03-31,222,Call,5850.0,SPXW270331C05850000,1988.4,2007.9,1998.15,0.0,0.0,0.0,0.0,0.0,0.2761,0.9289,0.0001,8.433,-0.3758,30.7957,1995.9147,0.0,0.0,0.0,1976.59997558594,no_change,,0.0,0.0
SPXW,2027-03-31,222,Put,5850.0,SPXW270331P05850000,57.3,57.9,57.599999999999994,57.02,0.0,0.0,0.0,21.0,0.2777,-0.073,0.0001,8.433,-0.5063,-3.6665,57.6572,0.0,0.0,0.0,61.1000003814697,down,2026-08-13T11:17:02,0.0,0.0
SPXW,2027-03-31,222,Call,5855.0,SPXW270331C05855000,1984.1,2003.3,1993.6999999999998,0.0,0.0,0.0,0.0,0.0,0.2758,0.9285,0.0001,8.4621,-0.3773,30.8084,1991.2864,0.0,0.0,0.0,1972.34997558594,no_change,,0.0,0.0
SPXW,2027-03-31,222,Put,5855.0,SPXW270331P05855000,57.5,58.1,57.8,100.12,0.0,0.0,0.0,1.0,0.2773,-0.0734,0.0001,8.4621,-0.5074,-3.683,57.8976,0.0,0.0,0.0,61.3999996185303,up,2026-06-03T10:05:05,0.0,0.0
SPXW,2027-03-31,222,Call,5860.0,SPXW270331C05860000,1977.6,1998.6,1988.1,0.0,0.0,0.0,0.0,0.0,0.2753,0.9282,0.0001,8.4912,-0.3788,30.8212,1986.6593,0.0,0.0,0.0,1967.40002441406,no_change,,0.0,0.0
SPXW,2027-03-31,222,Put,5860.0,SPXW270331P05860000,57.8,58.4,58.099999999999994,82.7,0.0,0.0,0.0,67.0,0.277,-0.0737,0.0001,8.4912,-0.5086,-3.6996,58.1392,0.0,0.0,0.0,61.6000003814697,up,2026-07-28T13:14:28,0.0,0.0
SPXW,2027-03-31,222,Call,5865.0,SPXW270331C05865000,1970.1,1992.1,1981.1,0.0,0.0,0.0,0.0,0.0,0.275,0.9278,0.0001,8.5204,-0.3803,30.8338,1982.0334,0.0,0.0,0.0,1962.79998779297,no_change,,0.0,0.0
SPXW,2027-03-31,222,Put,5865.0,SPXW270331P05865000,58.1,58.6,58.35,113.5,0.0,0.0,0.0,51.0,0.2767,-0.074,0.0001,8.5204,-0.5098,-3.7163,58.3819,0.0,0.0,0.0,61.8999996185303,no_change,2026-06-05T14:28:08,0.0,0.0
SPXW,2027-03-31,222,Call,5870.0,SPXW270331C05870000,1968.3,1989.4,1978.85,0.0,0.0,0.0,0.0,0.0,0.2747,0.9275,0.0001,8.5498,-0.3818,30.8463,1977.4086,0.0,0.0,0.0,1958.60003662109,no_change,,0.0,0.0
SPXW,2027-03-31,222,Put,5870.0,SPXW270331P05870000,58.3,58.9,58.599999999999994,90.9,0.0,0.0,0.0,13.0,0.2763,-0.0744,0.0001,8.5498,-0.5109,-3.7331,58.6258,0.0,0.0,0.0,62.1000003814697,down,2026-07-17T11:15:00,0.0,0.0
SPXW,2027-03-31,222,Call,5875.0,SPXW270331C05875000,1965.2,1984.8,1975.0,0.0,0.0,0.0,0.0,0.0,0.2744,0.9272,0.0001,8.5793,-0.3833,30.8587,1972.785,0.0,0.0,0.0,1953.54998779297,no_change,,0.0,0.0
SPXW,2027-03-31,222,Put,5875.0,SPXW270331P05875000,58.5,59.1,58.8,58.57,0.0,0.0,0.0,59.0,0.2761,-0.0747,0.0001,8.5793,-0.5121,-3.75,58.8709,0.0,0.0,0.0,62.3999996185303,up,2026-08-14T10:51:19,0.0,0.0
SPXW,2027-03-31,222,Call,5880.0,SPXW270331C05880000,1961.1,1980.1,1970.6,0.0,0.0,0.0,0.0,0.0,0.2741,0.9268,0.0001,8.6089,-0.3848,30.8711,1968.1625,0.0,0.0,0.0,1948.95001220703,no_change,,0.0,0.0
SPXW,2027-03-31,222,Put,5880.0,SPXW270331P05880000,58.7,59.4,59.05,83.62,0.0,0.0,0.0,38.0,0.2756,-0.0751,0.0001,8.6089,-0.5133,-3.767,59.1171,0.0,0.0,0.0,62.7000007629394,up,2026-07-16T13:45:34,0.0,0.0
SPXW,2027-03-31,222,Call,5890.0,SPXW270331C05890000,1947.0,1969.0,1958.0,0.0,0.0,0.0,0.0,0.0,0.2734,0.9261,0.0001,8.6684,-0.3878,30.8955,1958.9212,0.0,0.0,0.0,1940.10003662109,no_change,,0.0,0.0
SPXW,2027-03-31,222,Put,5890.0,SPXW270331P05890000,59.2,59.9,59.55,59.63,0.0,0.0,0.0,10.0,0.2749,-0.0758,0.0001,8.6684,-0.5156,-3.8012,59.6132,0.0,0.0,0.0,63.2000007629394,no_change,2026-08-13T15:18:51,0.0,0.0
SPXW,2027-03-31,222,Call,5900.0,SPXW270331C05900000,1941.2,1961.7,1951.45,2013.83,0.0,0.0,0.0,15.0,0.2727,0.9254,0.0001,8.7284,-0.3908,30.9196,1949.6847,0.0,0.0,0.0,1930.89996337891,down,2026-08-07T10:05:15,0.0,0.0
SPXW,2027-03-31,222,Put,5900.0,SPXW270331P05900000,59.7,60.4,60.05,62.17,0.0,0.0,0.0,210.0,0.2742,-0.0764,0.0001,8.7284,-0.518,-3.8358,60.1141,0.0,0.0,0.0,63.7000007629394,up,2026-08-17T14:22:06,0.0,0.0
SPXW,2027-03-31,222,Call,5910.0,SPXW270331C05910000,1928.5,1950.5,1939.5,0.0,0.0,0.0,0.0,0.0,0.2721,0.9247,0.0001,8.789,-0.3939,30.9432,1940.4531,0.0,0.0,0.0,1921.70001220703,no_change,,0.0,0.0
SPXW,2027-03-31,222,Put,5910.0,SPXW270331P05910000,60.2,60.9,60.55,64.43,0.0,0.0,0.0,24.0,0.2736,-0.0772,0.0001,8.789,-0.5204,-3.8707,60.6198,0.0,0.0,0.0,64.2000007629394,down,2026-08-07T10:00:06,0.0,0.0
SPXW,2027-03-31,222,Call,5920.0,SPXW270331C05920000,1922.5,1943.2,1932.85,0.0,0.0,0.0,0.0,0.0,0.2714,0.924,0.0001,8.85,-0.3969,30.9664,1931.2264,0.0,0.0,0.0,1912.75,no_change,,0.0,0.0
SPXW,2027-03-31,222,Put,5920.0,SPXW270331P05920000,60.7,61.4,61.05,115.4,0.0,0.0,0.0,23.0,0.2729,-0.0779,0.0001,8.85,-0.5228,-3.9061,61.1305,0.0,0.0,0.0,64.7999992370606,down,2026-06-05T14:05:00,0.0,0.0
SPXW,2027-03-31,222,Call,5925.0,SPXW270331C05925000,1919.1,1938.6,1928.85,0.0,0.0,0.0,0.0,0.0,0.271,0.9237,0.0001,8.8807,-0.3984,30.9779,1926.6149,0.0,0.0,0.0,1907.94995117188,no_change,,0.0,0.0
SPXW,2027-03-31,222,Put,5925.0,SPXW270331P05925000,61.0,61.6,61.3,63.42,0.0,0.0,0.0,25.0,0.2726,-0.0782,0.0001,8.8807,-0.5239,-3.924,61.3876,0.0,0.0,0.0,65.1000022888184,down,2026-08-17T14:22:06,0.0,0.0
SPXW,2027-03-31,222,Call,5930.0,SPXW270331C05930000,1913.2,1934.0,1923.6,0.0,0.0,0.0,0.0,0.0,0.2707,0.9233,0.0001,8.9115,-0.3999,30.9893,1922.0046,0.0,0.0,0.0,1903.0,no_change,,0.0,0.0
SPXW,2027-03-31,222,Put,5930.0,SPXW270331P05930000,61.3,61.9,61.599999999999994,61.42,0.0,0.0,0.0,15.0,0.2721,-0.0786,0.0001,8.9115,-0.5251,-3.9419,61.6461,0.0,0.0,0.0,65.2999992370606,down,2026-08-13T15:33:38,0.0,0.0
SPXW,2027-03-31,222,Call,5940.0,SPXW270331C05940000,1903.8,1924.8,1914.3,0.0,0.0,0.0,0.0,0.0,0.2701,0.9226,0.0001,8.9735,-0.403,31.0117,1912.7879,0.0,0.0,0.0,1893.79998779297,no_change,,0.0,0.0
SPXW,2027-03-31,222,Put,5940.0,SPXW270331P05940000,61.8,62.4,62.099999999999994,89.5,0.0,0.0,0.0,8.0,0.2715,-0.0793,0.0001,8.9735,-0.5275,-3.9782,62.1667,0.0,0.0,0.0,65.8499984741211,up,2026-07-06T13:40:01,0.0,0.0
SPXW,2027-03-31,222,Call,5950.0,SPXW270331C05950000,1894.6,1915.6,1905.1,0.0,0.0,0.0,0.0,0.0,0.2694,0.9218,0.0001,9.036,-0.406,31.0336,1903.5763,0.0,0.0,0.0,1885.0,no_change,,0.0,0.0
SPXW,2027-03-31,222,Put,5950.0,SPXW270331P05950000,62.3,62.9,62.599999999999994,65.49,0.0,0.0,0.0,139.0,0.2709,-0.08,0.0001,9.036,-0.5299,-4.0148,62.6925,0.0,0.0,0.0,66.3999977111816,down,2026-08-07T11:50:27,0.0,0.0
SPXW,2027-03-31,222,Call,5960.0,SPXW270331C05960000,1886.6,1906.4,1896.5,0.0,0.0,0.0,0.0,0.0,0.2688,0.9211,0.0001,9.0989,-0.4091,31.0552,1894.3698,0.0,0.0,0.0,1875.45001220703,no_change,,0.0,0.0
SPXW,2027-03-31,222,Put,5960.0,SPXW270331P05960000,62.8,63.5,63.15,90.3,0.0,0.0,0.0,310.0,0.2702,-0.0808,0.0001,9.0989,-0.5323,-4.052,63.2233,0.0,0.0,0.0,67.0,up,2026-07-13T13:04:03,0.0,0.0
SPXW,2027-03-31,222,Call,5970.0,SPXW270331C05970000,1876.7,1897.2,1886.95,0.0,0.0,0.0,0.0,0.0,0.2681,0.9204,0.0001,9.1623,-0.4122,31.0762,1885.1686,0.0,0.0,0.0,1866.29998779297,no_change,,0.0,0.0
SPXW,2027-03-31,222,Put,5970.0,SPXW270331P05970000,63.4,64.0,63.7,67.19,0.0,0.0,0.0,7.0,0.2696,-0.0815,0.0001,9.1623,-0.5347,-4.0895,63.7595,0.0,0.0,0.0,67.5500030517578,up,2026-08-20T14:54:01,0.0,0.0
SPXW,2027-03-31,222,Call,5975.0,SPXW270331C05975000,1873.5,1892.6,1883.05,0.0,0.0,0.0,0.0,0.0,0.2678,0.92,0.0001,9.1942,-0.4137,31.0866,1880.5699,0.0,0.0,0.0,1862.10003662109,no_change,,0.0,0.0
SPXW,2027-03-31,222,Put,5975.0,SPXW270331P05975000,63.7,64.2,63.95,67.5,0.0,0.0,0.0,55.0,0.2692,-0.0819,0.0001,9.1942,-0.536,-4.1085,64.0295,0.0,0.0,0.0,67.8499984741211,up,2026-08-20T14:54:01,0.0,0.0
SPXW,2027-03-31,222,Call,5980.0,SPXW270331C05980000,1864.1,1886.1,1875.1,0.0,0.0,0.0,0.0,0.0,0.2674,0.9196,0.0001,9.2261,-0.4152,31.0968,1875.9726,0.0,0.0,0.0,1857.5,no_change,,0.0,0.0
SPXW,2027-03-31,222,Put,5980.0,SPXW270331P05980000,63.9,64.5,64.2,65.09,0.0,0.0,0.0,22.0,0.2688,-0.0823,0.0001,9.2261,-0.5372,-4.1275,64.3008,0.0,0.0,0.0,68.1000022888184,up,2026-08-17T12:30:32,0.0,0.0
SPXW,2027-03-31,222,Call,5990.0,SPXW270331C05990000,1854.9,1876.9,1865.9,0.0,0.0,0.0,0.0,0.0,0.2668,0.9188,0.0001,9.2904,-0.4183,31.117,1866.782,0.0,0.0,0.0,1847.95001220703,no_change,,0.0,0.0
SPXW,2027-03-31,222,Put,5990.0,SPXW270331P05990000,64.5,65.1,64.8,68.62,0.0,0.0,0.0,110.0,0.2682,-0.083,0.0001,9.2904,-0.5396,-4.166,64.8476,0.0,0.0,0.0,68.7000007629394,no_change,2026-08-20T14:40:47,0.0,0.0
SPXW,2027-03-31,222,Call,6000.0,SPXW270331C06000000,1850.4,1869.6,1860.0,1761.26,0.0,0.0,0.0,92.0,0.2662,0.9181,0.0001,9.355,-0.4214,31.1367,1857.5968,0.0,0.0,0.0,1838.85003662109,up,2026-07-01T12:47:39,0.0,0.0
SPXW,2027-03-31,222,Put,6000.0,SPXW270331P06000000,65.0,65.6,65.3,64.95,-4.35,-6.27706,6.0,222.0,0.2675,-0.0838,0.0001,9.355,-0.542,-4.2049,65.3997,66.46,66.46,64.95,69.2999992370606,down,2026-08-21T13:41:59,0.0,0.0
SPXW,2027-03-31,222,Call,6010.0,SPXW270331C06010000,1841.4,1860.4,1850.9,0.0,0.0,0.0,0.0,0.0,0.2655,0.9173,0.0001,9.42,-0.4245,31.156,1848.417,0.0,0.0,0.0,1829.64996337891,no_change,,0.0,0.0
SPXW,2027-03-31,222,Put,6010.0,SPXW270331P06010000,65.6,66.2,65.9,141.0,0.0,0.0,0.0,5.0,0.2668,-0.0846,0.0001,9.42,-0.5445,-4.2443,65.9573,0.0,0.0,0.0,69.8499984741211,down,2026-05-07T11:01:14,0.0,0.0
SPXW,2027-03-31,222,Call,6020.0,SPXW270331C06020000,1832.1,1851.3,1841.6999999999998,0.0,0.0,0.0,0.0,0.0,0.2648,0.9165,0.0001,9.4854,-0.4276,31.1748,1839.2428,0.0,0.0,0.0,1820.79998779297,no_change,,0.0,0.0
SPXW,2027-03-31,222,Put,6020.0,SPXW270331P06020000,66.1,66.7,66.4,66.17,0.0,0.0,0.0,14.0,0.266,-0.0854,0.0001,9.4854,-0.5469,-4.2841,66.5205,0.0,0.0,0.0,70.4499969482422,up,2026-08-14T10:20:00,0.0,0.0
SPXW,2027-03-31,222,Call,6025.0,SPXW270331C06025000,1827.5,1846.7,1837.1,0.0,0.0,0.0,0.0,0.0,0.2645,0.9161,0.0001,9.5182,-0.4292,31.1841,1834.6578,0.0,0.0,0.0,1816.54998779297,no_change,,0.0,0.0
SPXW,2027-03-31,222,Put,6025.0,SPXW270331P06025000,66.4,67.0,66.7,64.77,0.0,0.0,0.0,12.0,0.2658,-0.0858,0.0001,9.5182,-0.5482,-4.3041,66.8042,0.0,0.0,0.0,70.75,down,2026-08-13T11:00:55,0.0,0.0
SPXW,2027-03-31,222,Call,6030.0,SPXW270331C06030000,1823.0,1842.1,1832.55,0.0,0.0,0.0,0.0,0.0,0.2641,0.9157,0.0001,9.5511,-0.4307,31.1932,1830.0742,0.0,0.0,0.0,1811.79998779297,no_change,,0.0,0.0
SPXW,2027-03-31,222,Put,6030.0,SPXW270331P06030000,66.7,67.3,67.0,110.9,0.0,0.0,0.0,10.0,0.2655,-0.0862,0.0001,9.5511,-0.5494,-4.3243,67.0892,0.0,0.0,0.0,71.0500030517578,up,2026-06-22T12:15:04,0.0,0.0
SPXW,2027-03-31,222,Call,6040.0,SPXW270331C06040000,1813.7,1832.9,1823.3000000000002,0.0,0.0,0.0,0.0,0.0,0.2636,0.9149,0.0001,9.6172,-0.4338,31.2112,1820.9112,0.0,0.0,0.0,1802.65002441406,no_change,,0.0,0.0
SPXW,2027-03-31,222,Put,6040.0,SPXW270331P06040000,67.3,67.9,67.6,113.2,0.0,0.0,0.0,1.0,0.2647,-0.087,0.0001,9.6172,-0.5518,-4.365,67.6636,0.0,0.0,0.0,71.6500015258789,down,2026-06-18T09:44:57,0.0,0.0
SPXW,2027-03-31,222,Call,6050.0,SPXW270331C06050000,1804.2,1823.8,1814.0,0.0,0.0,0.0,0.0,0.0,0.2628,0.9141,0.0001,9.6835,-0.437,31.2287,1811.7539,0.0,0.0,0.0,1793.34997558594,no_change,,0.0,0.0
SPXW,2027-03-31,222,Put,6050.0,SPXW270331P06050000,67.8,68.5,68.15,69.63,0.0,0.0,0.0,143.0,0.2641,-0.0878,0.0001,9.6835,-0.5543,-4.4061,68.2437,0.0,0.0,0.0,72.25,down,2026-08-19T10:23:52,0.0,0.0
SPXW,2027-03-31,222,Call,6060.0,SPXW270331C06060000,1795.7,1814.6,1805.15,0.0,0.0,0.0,0.0,0.0,0.2622,0.9133,0.0001,9.7501,-0.4401,31.2458,1802.6024,0.0,0.0,0.0,1784.04998779297,no_change,,0.0,0.0
SPXW,2027-03-31,222,Put,6060.0,SPXW270331P06060000,68.4,69.0,68.7,71.74,0.0,0.0,0.0,27.0,0.2634,-0.0886,0.0001,9.7501,-0.5568,-4.4476,68.8296,0.0,0.0,0.0,72.8999977111816,down,2026-08-10T14:38:12,0.0,0.0
SPXW,2027-03-31,222,Call,6070.0,SPXW270331C06070000,1785.8,1805.5,1795.65,0.0,0.0,0.0,0.0,0.0,0.2615,0.9125,0.0001,9.817,-0.4432,31.2627,1793.4567,0.0,0.0,0.0,1775.34997558594,no_change,,0.0,0.0
SPXW,2027-03-31,222,Put,6070.0,SPXW270331P06070000,69.0,69.6,69.3,0.0,0.0,0.0,0.0,0.0,0.2627,-0.0894,0.0001,9.817,-0.5592,-4.4894,69.4212,0.0,0.0,0.0,73.5,no_change,,0.0,0.0
SPXW,2027-03-31,222,Call,6075.0,SPXW270331C06075000,1781.8,1800.9,1791.35,0.0,0.0,0.0,0.0,0.0,0.2613,0.912,0.0001,9.8506,-0.4448,31.2709,1788.8861,0.0,0.0,0.0,1770.79998779297,no_change,,0.0,0.0
SPXW,2027-03-31,222,Put,6075.0,SPXW270331P06075000,69.3,69.9,69.6,103.02,0.0,0.0,0.0,1.0,0.2624,-0.0898,0.0001,9.8506,-0.5605,-4.5105,69.7193,0.0,0.0,0.0,73.7999992370606,down,2026-07-01T10:06:40,0.0,0.0
SPXW,2027-03-31,222,Call,6080.0,SPXW270331C06080000,1772.5,1794.5,1783.5,0.0,0.0,0.0,0.0,0.0,0.2609,0.9116,0.0001,9.8842,-0.4464,31.279,1784.3169,0.0,0.0,0.0,1766.25,no_change,,0.0,0.0
SPXW,2027-03-31,222,Put,6080.0,SPXW270331P06080000,69.6,70.2,69.9,0.0,0.0,0.0,0.0,0.0,0.2621,-0.0903,0.0001,9.8842,-0.5617,-4.5316,70.0188,0.0,0.0,0.0,74.1000022888184,no_change,,0.0,0.0
SPXW,2027-03-31,222,Call,6090.0,SPXW270331C06090000,1766.7,1787.2,1776.95,0.0,0.0,0.0,0.0,0.0,0.2603,0.9108,0.0001,9.9517,-0.4495,31.295,1775.183,0.0,0.0,0.0,1757.15002441406,no_change,,0.0,0.0
SPXW,2027-03-31,222,Put,6090.0,SPXW270331P06090000,70.2,70.8,70.5,73.45,0.0,0.0,0.0,18.0,0.2614,-0.0911,0.0001,9.9517,-0.5642,-4.5743,70.6222,0.0,0.0,0.0,74.75,up,2026-08-10T09:34:24,0.0,0.0
SPXW,2027-03-31,222,Call,6100.0,SPXW270331C06100000,1759.3,1778.1,1768.6999999999998,0.0,0.0,0.0,0.0,0.0,0.2597,0.9099,0.0001,10.0193,-0.4527,31.3107,1766.055,0.0,0.0,0.0,1748.09997558594,no_change,,0.0,0.0
SPXW,2027-03-31,222,Put,6100.0,SPXW270331P06100000,70.8,71.4,71.1,72.0,0.0,0.0,0.0,74.0,0.2608,-0.092,0.0001,10.0193,-0.5667,-4.6173,71.2316,0.0,0.0,0.0,75.3999977111816,down,2026-08-19T11:46:41,0.0,0.0
SPXW,2027-03-31,222,Call,6125.0,SPXW270331C06125000,1736.4,1755.3,1745.85,0.0,0.0,0.0,0.0,0.0,0.258,0.9078,0.0001,10.1897,-0.4606,31.3483,1743.2615,0.0,0.0,0.0,1724.85003662109,no_change,,0.0,0.0
SPXW,2027-03-31,222,Put,6125.0,SPXW270331P06125000,72.4,73.0,72.7,72.7,-4.3,-5.58442,2.0,376.0,0.2592,-0.0941,0.0001,10.1897,-0.573,-4.7263,72.7815,72.7,72.7,72.7,77.0,down,2026-08-21T12:50:14,0.0,0.0
SPXW,2027-03-31,222,Call,6150.0,SPXW270331C06150000,1713.0,1732.5,1722.75,0.0,0.0,0.0,0.0,0.0,0.2564,0.9056,0.0001,10.3617,-0.4685,31.3838,1720.5061,0.0,0.0,0.0,1702.19995117188,no_change,,0.0,0.0
SPXW,2027-03-31,222,Put,6150.0,SPXW270331P06150000,73.9,74.6,74.25,78.4,0.0,0.0,0.0,44.0,0.2576,-0.0963,0.0001,10.3617,-0.5793,-4.8374,74.3695,0.0,0.0,0.0,78.7000007629394,down,2026-08-20T15:49:54,0.0,0.0
SPXW,2027-03-31,222,Call,6175.0,SPXW270331C06175000,1692.1,1704.4,1698.25,0.0,0.0,0.0,0.0,0.0,0.2548,0.9033,0.0001,10.5358,-0.4765,31.4171,1697.7896,0.0,0.0,0.0,1679.59997558594,no_change,,0.0,0.0
SPXW,2027-03-31,222,Put,6175.0,SPXW270331P06175000,75.6,76.2,75.9,79.75,0.0,0.0,0.0,15.0,0.2559,-0.0986,0.0001,10.5358,-0.5856,-4.9506,75.9964,0.0,0.0,0.0,80.3999977111816,down,2026-08-07T10:46:05,0.0,0.0
SPXW,2027-03-31,222,Call,6200.0,SPXW270331C06200000,1669.5,1681.7,1675.6,0.0,0.0,0.0,0.0,0.0,0.2532,0.901,0.0001,10.7121,-0.4845,31.4481,1675.1126,0.0,0.0,0.0,1656.95001220703,no_change,,0.0,0.0
SPXW,2027-03-31,222,Put,6200.0,SPXW270331P06200000,77.2,77.9,77.55000000000001,77.05,-5.05,-6.15104,1.0,86.0,0.2542,-0.1009,0.0001,10.7121,-0.592,-5.0662,77.6628,77.05,77.05,77.05,82.1000022888184,down,2026-08-21T13:41:59,0.0,0.0
SPXW,2027-03-31,222,Call,6205.0,SPXW270331C06205000,1664.9,1677.2,1671.0500000000002,0.0,0.0,0.0,0.0,0.0,0.2528,0.9005,0.0001,10.7477,-0.4861,31.454,1670.582,0.0,0.0,0.0,1652.45001220703,no_change,,0.0,0.0
SPXW,2027-03-31,222,Put,6205.0,SPXW270331P06205000,77.5,78.2,77.85,0.0,0.0,0.0,0.0,2.0,0.2539,-0.1014,0.0001,10.7477,-0.5932,-5.0896,78.0009,0.0,0.0,0.0,82.5,no_change,,0.0,0.0
SPXW,2027-03-31,222,Call,6210.0,SPXW270331C06210000,1660.4,1672.6,1666.5,0.0,0.0,0.0,0.0,0.0,0.2525,0.9,0.0001,10.7834,-0.4877,31.4598,1666.053,0.0,0.0,0.0,1647.95001220703,no_change,,0.0,0.0
SPXW,2027-03-31,222,Put,6210.0,SPXW270331P06210000,77.9,78.5,78.2,137.1,0.0,0.0,0.0,16.0,0.2536,-0.1019,0.0001,10.7834,-0.5945,-5.1131,78.3406,0.0,0.0,0.0,82.7999992370606,down,2026-06-23T12:55:10,0.0,0.0
SPXW,2027-03-31,222,Call,6215.0,SPXW270331C06215000,1655.9,1668.1,1662.0,0.0,0.0,0.0,0.0,0.0,0.2522,0.8995,0.0001,10.8193,-0.4893,31.4655,1661.5257,0.0,0.0,0.0,1643.45001220703,no_change,,0.0,0.0
SPXW,2027-03-31,222,Put,6215.0,SPXW270331P06215000,78.2,78.9,78.55000000000001,84.19,0.0,0.0,0.0,6.0,0.2532,-0.1024,0.0001,10.8193,-0.5958,-5.1367,78.682,0.0,0.0,0.0,83.2000007629394,down,2026-08-18T11:34:43,0.0,0.0
SPXW,2027-03-31,222,Call,6220.0,SPXW270331C06220000,1651.6,1663.6,1657.6,0.0,0.0,0.0,0.0,0.0,0.2519,0.8991,0.0001,10.8552,-0.4909,31.4711,1657.0,0.0,0.0,0.0,1638.95001220703,no_change,,0.0,0.0
SPXW,2027-03-31,222,Put,6220.0,SPXW270331P06220000,78.6,79.2,78.9,128.1,0.0,0.0,0.0,5.0,0.2529,-0.1028,0.0001,10.8552,-0.5971,-5.1604,79.025,0.0,0.0,0.0,83.5500030517578,down,2026-06-18T12:18:05,0.0,0.0
SPXW,2027-03-31,222,Call,6225.0,SPXW270331C06225000,1646.9,1659.0,1652.95,1564.29,0.0,0.0,0.0,10.0,0.2516,0.8986,0.0001,10.8913,-0.4925,31.4766,1652.476,0.0,0.0,0.0,1634.45001220703,up,2026-07-01T12:47:39,0.0,0.0
SPXW,2027-03-31,222,Put,6225.0,SPXW270331P06225000,78.9,79.6,79.25,82.47,0.0,0.0,0.0,73.0,0.2525,-0.1033,0.0001,10.8913,-0.5983,-5.1843,79.3696,0.0,0.0,0.0,83.8999977111816,down,2026-08-20T11:25:31,0.0,0.0
SPXW,2027-03-31,222,Call,6230.0,SPXW270331C06230000,1642.3,1654.5,1648.4,0.0,0.0,0.0,0.0,0.0,0.2513,0.8981,0.0001,10.9274,-0.4941,31.4819,1647.9535,0.0,0.0,0.0,1629.90002441406,no_change,,0.0,0.0
SPXW,2027-03-31,222,Put,6230.0,SPXW270331P06230000,79.3,79.9,79.6,270.62,0.0,0.0,0.0,25.0,0.2523,-0.1038,0.0001,10.9274,-0.5996,-5.2083,79.7159,0.0,0.0,0.0,84.2999992370606,down,2026-04-08T12:06:37,0.0,0.0
SPXW,2027-03-31,222,Call,6235.0,SPXW270331C06235000,1637.8,1650.0,1643.9,0.0,0.0,0.0,0.0,0.0,0.251,0.8976,0.0001,10.9637,-0.4957,31.4872,1643.4328,0.0,0.0,0.0,1625.40002441406,no_change,,0.0,0.0
SPXW,2027-03-31,222,Put,6235.0,SPXW270331P06235000,79.6,80.3,79.94999999999999,173.23,0.0,0.0,0.0,3.0,0.252,-0.1043,0.0001,10.9637,-0.6009,-5.2323,80.0638,0.0,0.0,0.0,84.6000022888184,down,2026-05-06T10:25:44,0.0,0.0
SPXW,2027-03-31,222,Call,6240.0,SPXW270331C06240000,1633.3,1645.5,1639.4,0.0,0.0,0.0,0.0,0.0,0.2506,0.8971,0.0001,11.0002,-0.4973,31.4923,1638.9137,0.0,0.0,0.0,1620.90002441406,no_change,,0.0,0.0
SPXW,2027-03-31,222,Put,6240.0,SPXW270331P06240000,79.9,80.6,80.25,115.4,0.0,0.0,0.0,29.0,0.2516,-0.1048,0.0001,11.0002,-0.6022,-5.2566,80.4134,0.0,0.0,0.0,85.0,down,2026-07-14T09:31:42,0.0,0.0
SPXW,2027-03-31,222,Call,6245.0,SPXW270331C06245000,1628.8,1640.9,1634.85,0.0,0.0,0.0,0.0,0.0,0.2504,0.8966,0.0001,11.0368,-0.4989,31.4973,1634.3963,0.0,0.0,0.0,1616.45001220703,no_change,,0.0,0.0
SPXW,2027-03-31,222,Put,6245.0,SPXW270331P06245000,80.3,81.0,80.65,0.0,0.0,0.0,0.0,2.0,0.2513,-0.1053,0.0001,11.0368,-0.6035,-5.2809,80.7646,0.0,0.0,0.0,85.3999977111816,no_change,,0.0,0.0
SPXW,2027-03-31,222,Call,6250.0,SPXW270331C06250000,1624.3,1636.4,1630.35,1674.8,0.0,0.0,0.0,15.0,0.25,0.8961,0.0001,11.0735,-0.5005,31.5021,1629.8806,0.0,0.0,0.0,1611.95001220703,down,2026-08-18T09:43:10,0.0,0.0
SPXW,2027-03-31,222,Put,6250.0,SPXW270331P06250000,80.6,81.3,80.94999999999999,86.56,0.0,0.0,0.0,309.0,0.251,-0.1058,0.0001,11.0735,-0.6047,-5.3053,81.1176,0.0,0.0,0.0,85.7000007629394,no_change,2026-08-06T13:46:16,0.0,0.0
SPXW,2027-03-31,222,Call,6255.0,SPXW270331C06255000,1619.8,1631.9,1625.85,0.0,0.0,0.0,0.0,0.0,0.2496,0.8956,0.0001,11.1103,-0.5021,31.5068,1625.3665,0.0,0.0,0.0,1607.40002441406,no_change,,0.0,0.0
SPXW,2027-03-31,222,Put,6255.0,SPXW270331P06255000,81.0,81.7,81.35,86.1,0.0,0.0,0.0,17.0,0.2506,-0.1062,0.0001,11.1103,-0.606,-5.3299,81.4722,0.0,0.0,0.0,86.1000022888184,down,2026-08-20T16:03:14,0.0,0.0
SPXW,2027-03-31,222,Call,6260.0,SPXW270331C06260000,1615.3,1627.4,1621.35,0.0,0.0,0.0,0.0,0.0,0.2493,0.8951,0.0001,11.1473,-0.5037,31.5114,1620.8542,0.0,0.0,0.0,1602.95001220703,no_change,,0.0,0.0
SPXW,2027-03-31,222,Put,6260.0,SPXW270331P06260000,81.4,82.0,81.7,175.91,0.0,0.0,0.0,3.0,0.2503,-0.1068,0.0001,11.1473,-0.6073,-5.3547,81.8286,0.0,0.0,0.0,86.5,down,2026-05-06T10:41:48,0.0,0.0
SPXW,2027-03-31,222,Call,6265.0,SPXW270331C06265000,1610.8,1622.9,1616.85,0.0,0.0,0.0,0.0,0.0,0.249,0.8946,0.0001,11.1844,-0.5053,31.5159,1616.3436,0.0,0.0,0.0,1598.45001220703,no_change,,0.0,0.0
SPXW,2027-03-31,222,Put,6265.0,SPXW270331P06265000,81.7,82.4,82.05000000000001,173.36,0.0,0.0,0.0,1.0,0.25,-0.1072,0.0001,11.1844,-0.6086,-5.3795,82.1866,0.0,0.0,0.0,86.8499984741211,down,2026-05-07T09:30:20,0.0,0.0
SPXW,2027-03-31,222,Call,6270.0,SPXW270331C06270000,1606.3,1618.4,1612.35,0.0,0.0,0.0,0.0,0.0,0.2487,0.8941,0.0001,11.2216,-0.507,31.5202,1611.8346,0.0,0.0,0.0,1593.95001220703,no_change,,0.0,0.0
SPXW,2027-03-31,222,Put,6270.0,SPXW270331P06270000,82.1,82.7,82.4,0.0,0.0,0.0,0.0,2.0,0.2496,-0.1078,0.0001,11.2216,-0.6099,-5.4045,82.5464,0.0,0.0,0.0,87.2000007629394,no_change,,0.0,0.0
SPXW,2027-03-31,222,Call,6275.0,SPXW270331C06275000,1602.0,1613.8,1607.9,840.86,0.0,0.0,0.0,1.0,0.2484,0.8936,0.0001,11.259,-0.5086,31.5244,1607.3275,0.0,0.0,0.0,1589.45001220703,up,2026-04-01T15:58:49,0.0,0.0
SPXW,2027-03-31,222,Put,6275.0,SPXW270331P06275000,82.4,83.1,82.75,81.43,0.0,0.0,0.0,7.0,0.2494,-0.1083,0.0001,11.259,-0.6112,-5.4297,82.9079,0.0,0.0,0.0,87.6000022888184,up,2026-08-14T10:14:50,0.0,0.0
SPXW,2027-03-31,222,Call,6280.0,SPXW270331C06280000,1597.3,1609.3,1603.3,1542.6,0.0,0.0,0.0,1.0,0.2481,0.8931,0.0001,11.2965,-0.5102,31.5284,1602.822,0.0,0.0,0.0,1585.0,down,2026-05-26T14:01:16,0.0,0.0
SPXW,2027-03-31,222,Put,6280.0,SPXW270331P06280000,82.8,83.5,83.15,117.8,0.0,0.0,0.0,9.0,0.249,-0.1088,0.0001,11.2965,-0.6124,-5.455,83.2712,0.0,0.0,0.0,88.0,up,2026-07-14T09:40:55,0.0,0.0
SPXW,2027-03-31,222,Call,6285.0,SPXW270331C06285000,1592.8,1604.8,1598.8,0.0,0.0,0.0,0.0,0.0,0.2478,0.8926,0.0001,11.3341,-0.5118,31.5322,1598.3184,0.0,0.0,0.0,1580.45001220703,no_change,,0.0,0.0
SPXW,2027-03-31,222,Put,6285.0,SPXW270331P06285000,83.2,83.8,83.5,82.8,0.0,0.0,0.0,18.0,0.2487,-0.1093,0.0001,11.3341,-0.6137,-5.4804,83.6362,0.0,0.0,0.0,88.3999977111816,down,2026-08-14T10:29:40,0.0,0.0
SPXW,2027-03-31,222,Call,6290.0,SPXW270331C06290000,1588.3,1600.3,1594.3,0.0,0.0,0.0,0.0,0.0,0.2474,0.8921,0.0001,11.3719,-0.5134,31.536,1593.8165,0.0,0.0,0.0,1576.0,no_change,,0.0,0.0
SPXW,2027-03-31,222,Put,6290.0,SPXW270331P06290000,83.5,84.2,83.85,117.88,0.0,0.0,0.0,4.0,0.2484,-0.1098,0.0001,11.3719,-0.615,-5.506,84.003,0.0,0.0,0.0,88.7000007629394,down,2026-07-06T14:47:57,0.0,0.0
SPXW,2027-03-31,222,Call,6295.0,SPXW270331C06295000,1583.8,1595.8,1589.8,0.0,0.0,0.0,0.0,0.0,0.2471,0.8916,0.0001,11.4098,-0.515,31.5395,1589.3163,0.0,0.0,0.0,1571.5,no_change,,0.0,0.0
SPXW,2027-03-31,222,Put,6295.0,SPXW270331P06295000,83.9,84.6,84.25,0.0,0.0,0.0,0.0,0.0,0.2481,-0.1103,0.0001,11.4098,-0.6163,-5.5318,84.3715,0.0,0.0,0.0,89.1000022888184,no_change,,0.0,0.0
SPXW,2027-03-31,222,Call,6300.0,SPXW270331C06300000,1579.3,1591.1,1585.1999999999998,729.8,0.0,0.0,0.0,2.0,0.2468,0.8911,0.0001,11.4479,-0.5166,31.5429,1584.818,0.0,0.0,0.0,1567.04998779297,up,2026-03-31T11:02:29,0.0,0.0
SPXW,2027-03-31,222,Put,6300.0,SPXW270331P06300000,84.3,84.9,84.6,89.2,0.0,0.0,0.0,742.0,0.2477,-0.1108,0.0001,11.4479,-0.6176,-5.5577,84.7418,0.0,0.0,0.0,89.5,up,2026-08-20T14:14:53,0.0,0.0
SPXW,2027-03-31,222,Call,6305.0,SPXW270331C06305000,1574.8,1586.6,1580.6999999999998,0.0,0.0,0.0,0.0,0.0,0.2465,0.8905,0.0001,11.486,-0.5182,31.5462,1580.3214,0.0,0.0,0.0,1562.60003662109,no_change,,0.0,0.0
SPXW,2027-03-31,222,Put,6305.0,SPXW270331P06305000,84.6,85.3,84.94999999999999,0.0,0.0,0.0,0.0,0.0,0.2474,-0.1114,0.0001,11.486,-0.6189,-5.5838,85.114,0.0,0.0,0.0,89.8999977111816,no_change,,0.0,0.0
SPXW,2027-03-31,222,Call,6310.0,SPXW270331C06310000,1570.3,1582.1,1576.1999999999998,0.0,0.0,0.0,0.0,0.0,0.2462,0.89,0.0001,11.5243,-0.5199,31.5492,1575.8266,0.0,0.0,0.0,1558.10003662109,no_change,,0.0,0.0
SPXW,2027-03-31,222,Put,6310.0,SPXW270331P06310000,85.0,85.7,85.35,87.27,0.0,0.0,0.0,4.0,0.247,-0.1119,0.0001,11.5243,-0.6202,-5.61,85.4879,0.0,0.0,0.0,90.2999992370606,up,2026-08-17T13:16:09,0.0,0.0
SPXW,2027-03-31,222,Call,6315.0,SPXW270331C06315000,1565.8,1577.6,1571.6999999999998,0.0,0.0,0.0,0.0,0.0,0.2458,0.8895,0.0001,11.5628,-0.5215,31.5522,1571.3337,0.0,0.0,0.0,1553.65002441406,no_change,,0.0,0.0
SPXW,2027-03-31,222,Put,6315.0,SPXW270331P06315000,85.4,86.1,85.75,119.7,0.0,0.0,0.0,3.0,0.2468,-0.1124,0.0001,11.5628,-0.6214,-5.6364,85.8636,0.0,0.0,0.0,90.7000007629394,down,2026-07-14T15:59:44,0.0,0.0
SPXW,2027-03-31,222,Call,6320.0,SPXW270331C06320000,1561.4,1573.1,1567.25,0.0,0.0,0.0,0.0,0.0,0.2455,0.889,0.0001,11.6013,-0.5231,31.555,1566.8426,0.0,0.0,0.0,1549.15002441406,no_change,,0.0,0.0
SPXW,2027-03-31,222,Put,6320.0,SPXW270331P06320000,85.8,86.4,86.1,95.15,0.0,0.0,0.0,12.0,0.2464,-0.1129,0.0001,11.6013,-0.6227,-5.6629,86.2412,0.0,0.0,0.0,91.1000022888184,down,2026-08-04T11:13:01,0.0,0.0
SPXW,2027-03-31,222,Call,6325.0,SPXW270331C06325000,1557.1,1568.6,1562.85,0.0,0.0,0.0,0.0,0.0,0.2452,0.8884,0.0001,11.64,-0.5247,31.5576,1562.3534,0.0,0.0,0.0,1544.70001220703,no_change,,0.0,0.0
SPXW,2027-03-31,222,Put,6325.0,SPXW270331P06325000,86.1,86.8,86.44999999999999,123.7,0.0,0.0,0.0,5.0,0.2461,-0.1135,0.0001,11.64,-0.624,-5.6896,86.6206,0.0,0.0,0.0,91.5,down,2026-07-06T13:35:06,0.0,0.0
SPXW,2027-03-31,222,Call,6330.0,SPXW270331C06330000,1552.4,1564.1,1558.25,1553.23,0.0,0.0,0.0,1.0,0.2449,0.8879,0.0001,11.6788,-0.5263,31.56,1557.866,0.0,0.0,0.0,1540.25,up,2026-06-03T12:08:30,0.0,0.0
SPXW,2027-03-31,222,Put,6330.0,SPXW270331P06330000,86.5,87.2,86.85,103.11,0.0,0.0,0.0,20.0,0.2458,-0.114,0.0001,11.6788,-0.6253,-5.7165,87.0019,0.0,0.0,0.0,91.8999977111816,down,2026-08-03T11:23:01,0.0,0.0
SPXW,2027-03-31,222,Call,6335.0,SPXW270331C06335000,1547.9,1559.7,1553.8000000000002,0.0,0.0,0.0,0.0,0.0,0.2446,0.8874,0.0001,11.7177,-0.5279,31.5623,1553.3804,0.0,0.0,0.0,1535.75,no_change,,0.0,0.0
SPXW,2027-03-31,222,Put,6335.0,SPXW270331P06335000,86.9,87.6,87.25,121.9,0.0,0.0,0.0,21.0,0.2455,-0.1145,0.0001,11.7177,-0.6266,-5.7436,87.3851,0.0,0.0,0.0,92.2999992370606,down,2026-07-13T10:24:05,0.0,0.0
SPXW,2027-03-31,222,Call,6340.0,SPXW270331C06340000,1543.4,1555.2,1549.3000000000002,0.0,0.0,0.0,0.0,0.0,0.2443,0.8868,0.0001,11.7567,-0.5296,31.5644,1548.8968,0.0,0.0,0.0,1531.29998779297,no_change,,0.0,0.0
SPXW,2027-03-31,222,Put,6340.0,SPXW270331P06340000,87.3,88.0,87.65,120.03,0.0,0.0,0.0,0.0,0.2452,-0.1151,0.0001,11.7567,-0.6279,-5.7708,87.7701,0.0,0.0,0.0,92.7000007629394,down,2026-07-10T13:09:20,0.0,0.0
SPXW,2027-03-31,222,Call,6345.0,SPXW270331C06345000,1539.0,1550.7,1544.85,1381.1,0.0,0.0,0.0,1.0,0.2439,0.8863,0.0001,11.7958,-0.5312,31.5663,1544.415,0.0,0.0,0.0,1526.84997558594,down,2026-06-23T12:01:46,0.0,0.0
SPXW,2027-03-31,222,Put,6345.0,SPXW270331P06345000,87.7,88.3,88.0,96.43,0.0,0.0,0.0,2.0,0.2448,-0.1156,0.0001,11.7958,-0.6292,-5.7981,88.157,0.0,0.0,0.0,93.1000022888184,down,2026-08-04T11:43:09,0.0,0.0
SPXW,2027-03-31,222,Call,6350.0,SPXW270331C06350000,1534.5,1546.2,1540.35,738.3,0.0,0.0,0.0,55.0,0.2436,0.8857,0.0001,11.8351,-0.5328,31.5681,1539.9351,0.0,0.0,0.0,1522.34997558594,no_change,2026-03-31T14:03:09,0.0,0.0
SPXW,2027-03-31,222,Put,6350.0,SPXW270331P06350000,88.1,88.7,88.4,90.57,0.0,0.0,0.0,39.0,0.2445,-0.1162,0.0001,11.8351,-0.6305,-5.8257,88.5458,0.0,0.0,0.0,93.5,down,2026-08-10T09:57:52,0.0,0.0
SPXW,2027-03-31,222,Call,6355.0,SPXW270331C06355000,1530.0,1541.7,1535.85,0.0,0.0,0.0,0.0,0.0,0.2433,0.8852,0.0001,11.8744,-0.5344,31.5698,1535.4572,0.0,0.0,0.0,1517.89996337891,no_change,,0.0,0.0
SPXW,2027-03-31,222,Put,6355.0,SPXW270331P06355000,88.4,89.1,88.75,0.0,0.0,0.0,0.0,0.0,0.2442,-0.1167,0.0001,11.8744,-0.6318,-5.8533,88.9365,0.0,0.0,0.0,93.8999977111816,no_change,,0.0,0.0
SPXW,2027-03-31,222,Call,6360.0,SPXW270331C06360000,1525.6,1537.2,1531.4,0.0,0.0,0.0,0.0,0.0,0.243,0.8846,0.0001,11.9138,-0.536,31.5712,1530.9811,0.0,0.0,0.0,1513.44995117188,no_change,,0.0,0.0
SPXW,2027-03-31,222,Put,6360.0,SPXW270331P06360000,88.8,89.5,89.15,87.02,0.0,0.0,0.0,14.0,0.2439,-0.1172,0.0001,11.9138,-0.633,-5.8812,89.3292,0.0,0.0,0.0,94.2999992370606,down,2026-08-13T11:04:52,0.0,0.0
SPXW,2027-03-31,222,Call,6365.0,SPXW270331C06365000,1521.1,1532.7,1526.9,0.0,0.0,0.0,0.0,0.0,0.2427,0.8841,0.0001,11.9533,-0.5376,31.5725,1526.507,0.0,0.0,0.0,1509.0,no_change,,0.0,0.0
SPXW,2027-03-31,222,Put,6365.0,SPXW270331P06365000,89.2,89.9,89.55000000000001,125.3,0.0,0.0,0.0,2.0,0.2435,-0.1178,0.0001,11.9533,-0.6343,-5.9092,89.7237,0.0,0.0,0.0,94.7000007629394,down,2026-07-06T15:23:08,0.0,0.0
SPXW,2027-03-31,222,Call,6370.0,SPXW270331C06370000,1516.6,1528.3,1522.4499999999998,0.0,0.0,0.0,0.0,0.0,0.2423,0.8835,0.0001,11.9929,-0.5392,31.5737,1522.0349,0.0,0.0,0.0,1504.55004882812,no_change,,0.0,0.0
SPXW,2027-03-31,222,Put,6370.0,SPXW270331P06370000,89.6,90.3,89.94999999999999,94.55,0.0,0.0,0.0,1.0,0.2432,-0.1184,0.0001,11.9929,-0.6356,-5.9374,90.1203,0.0,0.0,0.0,95.1000022888184,down,2026-08-05T09:30:02,0.0,0.0
SPXW,2027-03-31,222,Call,6375.0,SPXW270331C06375000,1512.2,1523.8,1518.0,1422.4,0.0,0.0,0.0,3.0,0.2421,0.883,0.0001,12.0326,-0.5409,31.5747,1517.5647,0.0,0.0,0.0,1500.10003662109,no_change,2026-06-22T12:09:06,0.0,0.0
SPXW,2027-03-31,222,Put,6375.0,SPXW270331P06375000,90.0,90.7,90.35,91.04,0.0,0.0,0.0,18.0,0.2429,-0.1189,0.0001,12.0326,-0.6369,-5.9657,90.5188,0.0,0.0,0.0,95.5499992370606,up,2026-08-17T12:48:45,0.0,0.0
SPXW,2027-03-31,222,Call,6380.0,SPXW270331C06380000,1507.7,1519.3,1513.5,0.0,0.0,0.0,0.0,0.0,0.2417,0.8824,0.0001,12.0724,-0.5425,31.5755,1513.0964,0.0,0.0,0.0,1495.60003662109,no_change,,0.0,0.0
SPXW,2027-03-31,222,Put,6380.0,SPXW270331P06380000,90.4,91.1,90.75,216.87,0.0,0.0,0.0,1.0,0.2426,-0.1195,0.0001,12.0724,-0.6382,-5.9942,90.9192,0.0,0.0,0.0,96.0,down,2026-04-30T11:11:38,0.0,0.0
SPXW,2027-03-31,222,Call,6385.0,SPXW270331C06385000,1503.2,1514.8,1509.0,0.0,0.0,0.0,0.0,0.0,0.2414,0.8819,0.0001,12.1122,-0.5441,31.5762,1508.6302,0.0,0.0,0.0,1491.20001220703,no_change,,0.0,0.0
SPXW,2027-03-31,222,Put,6385.0,SPXW270331P06385000,90.8,91.5,91.15,146.4,0.0,0.0,0.0,3.0,0.2423,-0.12,0.0001,12.1122,-0.6395,-6.0228,91.3216,0.0,0.0,0.0,96.3999977111816,down,2026-06-04T14:09:37,0.0,0.0
SPXW,2027-03-31,222,Call,6390.0,SPXW270331C06390000,1498.8,1510.4,1504.6,0.0,0.0,0.0,0.0,0.0,0.2411,0.8813,0.0001,12.1521,-0.5457,31.5767,1504.1659,0.0,0.0,0.0,1486.75,no_change,,0.0,0.0
SPXW,2027-03-31,222,Put,6390.0,SPXW270331P06390000,91.2,91.9,91.55000000000001,91.79,0.0,0.0,0.0,1093.0,0.2419,-0.1206,0.0001,12.1521,-0.6408,-6.0516,91.7261,0.0,0.0,0.0,96.7999992370606,up,2026-08-17T11:42:50,0.0,0.0
SPXW,2027-03-31,222,Call,6395.0,SPXW270331C06395000,1494.3,1505.9,1500.1,0.0,0.0,0.0,0.0,0.0,0.2408,0.8807,0.0001,12.1921,-0.5473,31.5771,1499.7037,0.0,0.0,0.0,1482.34997558594,no_change,,0.0,0.0
SPXW,2027-03-31,222,Put,6395.0,SPXW270331P06395000,91.6,92.3,91.94999999999999,94.43,0.0,0.0,0.0,5.0,0.2417,-0.1212,0.0001,12.1921,-0.6421,-6.0805,92.1325,0.0,0.0,0.0,97.2000007629394,down,2026-08-10T13:14:12,0.0,0.0
SPXW,2027-03-31,222,Call,6400.0,SPXW270331C06400000,1490.0,1501.5,1495.75,1280.9,0.0,0.0,0.0,7.0,0.2405,0.8802,0.0001,12.2321,-0.549,31.5774,1495.2434,0.0,0.0,0.0,1477.84997558594,up,2026-07-27T13:08:57,0.0,0.0
SPXW,2027-03-31,222,Put,6400.0,SPXW270331P06400000,92.0,92.7,92.35,93.5,0.0,0.0,0.0,727.0,0.2413,-0.1217,0.0001,12.2321,-0.6434,-6.1096,92.5409,0.0,0.0,0.0,97.6500015258789,up,2026-08-17T12:57:05,0.0,0.0
SPXW,2027-03-31,222,Call,6405.0,SPXW270331C06405000,1485.4,1497.0,1491.2,665.4,0.0,0.0,0.0,6.0,0.2401,0.8796,0.0001,12.2722,-0.5506,31.5774,1490.7852,0.0,0.0,0.0,1473.45001220703,up,2026-03-31T11:05:34,0.0,0.0
SPXW,2027-03-31,222,Put,6405.0,SPXW270331P06405000,92.4,93.1,92.75,99.04,0.0,0.0,0.0,292.0,0.241,-0.1223,0.0001,12.2722,-0.6446,-6.1388,92.9514,0.0,0.0,0.0,98.1000022888184,up,2026-08-18T11:16:25,0.0,0.0
SPXW,2027-03-31,222,Call,6410.0,SPXW270331C06410000,1481.2,1492.5,1486.85,0.0,0.0,0.0,0.0,0.0,0.2398,0.879,0.0001,12.3123,-0.5522,31.5774,1486.329,0.0,0.0,0.0,1469.04998779297,no_change,,0.0,0.0
SPXW,2027-03-31,222,Put,6410.0,SPXW270331P06410000,92.9,93.5,93.2,110.8,0.0,0.0,0.0,3.0,0.2407,-0.1229,0.0001,12.3123,-0.6459,-6.1682,93.3639,0.0,0.0,0.0,98.5,down,2026-08-03T13:46:05,0.0,0.0
SPXW,2027-03-31,222,Call,6415.0,SPXW270331C06415000,1476.5,1488.1,1482.3,0.0,0.0,0.0,0.0,0.0,0.2395,0.8784,0.0001,12.3525,-0.5538,31.5774,1481.8748,0.0,0.0,0.0,1464.59997558594,no_change,,0.0,0.0
SPXW,2027-03-31,222,Put,6415.0,SPXW270331P06415000,93.3,94.0,93.65,92.68,0.0,0.0,0.0,29.0,0.2404,-0.1235,0.0001,12.3525,-0.6472,-6.1976,93.7784,0.0,0.0,0.0,98.9500007629394,up,2026-08-13T15:04:34,0.0,0.0
SPXW,2027-03-31,222,Call,6420.0,SPXW270331C06420000,1472.1,1483.6,1477.85,0.0,0.0,0.0,0.0,0.0,0.2392,0.8778,0.0001,12.3928,-0.5554,31.577,1477.4227,0.0,0.0,0.0,1460.15002441406,no_change,,0.0,0.0
SPXW,2027-03-31,222,Put,6420.0,SPXW270331P06420000,93.7,94.4,94.05000000000001,111.85,0.0,0.0,0.0,5.0,0.24,-0.1241,0.0001,12.3928,-0.6485,-6.2272,94.1949,0.0,0.0,0.0,99.3999977111816,down,2026-08-03T13:41:09,0.0,0.0
SPXW,2027-03-31,222,Call,6425.0,SPXW270331C06425000,1467.6,1479.1,1473.35,1122.76,0.0,0.0,0.0,85.0,0.2389,0.8772,0.0001,12.4331,-0.557,31.5766,1472.9727,0.0,0.0,0.0,1455.70001220703,up,2026-04-24T10:51:49,0.0,0.0
SPXW,2027-03-31,222,Put,6425.0,SPXW270331P06425000,94.1,94.8,94.44999999999999,98.45,0.0,0.0,0.0,108.0,0.2397,-0.1246,0.0001,12.4331,-0.6498,-6.2569,94.6136,0.0,0.0,0.0,99.7999992370606,down,2026-08-05T15:26:08,0.0,0.0
SPXW,2027-03-31,222,Call,6430.0,SPXW270331C06430000,1463.2,1474.7,1468.95,0.0,0.0,0.0,0.0,0.0,0.2386,0.8767,0.0001,12.4734,-0.5586,31.576,1468.5247,0.0,0.0,0.0,1451.29998779297,no_change,,0.0,0.0
SPXW,2027-03-31,222,Put,6430.0,SPXW270331P06430000,94.5,95.2,94.85,107.62,0.0,0.0,0.0,28.0,0.2394,-0.1252,0.0001,12.4734,-0.6511,-6.2868,95.0343,0.0,0.0,0.0,100.25,down,2026-08-04T09:43:44,0.0,0.0
SPXW,2027-03-31,222,Call,6435.0,SPXW270331C06435000,1458.8,1470.2,1464.5,0.0,0.0,0.0,0.0,0.0,0.2382,0.8761,0.0001,12.5138,-0.5603,31.5753,1464.0788,0.0,0.0,0.0,1446.90002441406,no_change,,0.0,0.0
SPXW,2027-03-31,222,Put,6435.0,SPXW270331P06435000,94.9,95.6,95.25,142.37,0.0,0.0,0.0,19.0,0.2391,-0.1258,0.0001,12.5138,-0.6524,-6.3168,95.457,0.0,0.0,0.0,100.700000762939,up,2026-07-24T13:47:48,0.0,0.0
SPXW,2027-03-31,222,Call,6440.0,SPXW270331C06440000,1454.4,1465.8,1460.1,0.0,0.0,0.0,0.0,0.0,0.238,0.8755,0.0001,12.5543,-0.5619,31.5745,1459.6349,0.0,0.0,0.0,1442.40002441406,no_change,,0.0,0.0
SPXW,2027-03-31,222,Put,6440.0,SPXW270331P06440000,95.4,96.1,95.75,108.96,0.0,0.0,0.0,23.0,0.2388,-0.1264,0.0001,12.5543,-0.6537,-6.347,95.8819,0.0,0.0,0.0,101.150001525879,down,2026-08-04T09:49:00,0.0,0.0
SPXW,2027-03-31,222,Call,6445.0,SPXW270331C06445000,1450.0,1461.3,1455.65,0.0,0.0,0.0,0.0,0.0,0.2376,0.8749,0.0001,12.5948,-0.5635,31.5736,1455.1932,0.0,0.0,0.0,1438.0,no_change,,0.0,0.0
SPXW,2027-03-31,222,Put,6445.0,SPXW270331P06445000,95.8,96.5,96.15,113.6,0.0,0.0,0.0,20.0,0.2384,-0.127,0.0001,12.5948,-0.655,-6.3772,96.3088,0.0,0.0,0.0,101.600002288818,down,2026-08-03T13:25:31,0.0,0.0
SPXW,2027-03-31,222,Call,6450.0,SPXW270331C06450000,1445.5,1456.9,1451.2,1099.97,0.0,0.0,0.0,141.0,0.2373,0.8743,0.0001,12.6353,-0.5651,31.5725,1450.7536,0.0,0.0,0.0,1433.59997558594,up,2026-04-23T10:11:15,0.0,0.0
SPXW,2027-03-31,222,Put,6450.0,SPXW270331P06450000,96.2,96.9,96.55000000000001,98.35,-3.7,-3.62567,4.0,51.0,0.2382,-0.1276,0.0001,12.6353,-0.6562,-6.4076,96.7379,98.27,98.35,98.27,102.049999237061,up,2026-08-21T10:07:43,0.0,0.0
SPXW,2027-03-31,222,Call,6455.0,SPXW270331C06455000,1441.1,1452.5,1446.8,0.0,0.0,0.0,0.0,0.0,0.237,0.8737,0.0001,12.6759,-0.5667,31.5714,1446.316,0.0,0.0,0.0,1429.20001220703,no_change,,0.0,0.0
SPXW,2027-03-31,222,Put,6455.0,SPXW270331P06455000,96.6,97.3,96.94999999999999,155.4,0.0,0.0,0.0,3.0,0.2378,-0.1282,0.0001,12.6759,-0.6575,-6.4381,97.169,0.0,0.0,0.0,102.5,down,2026-06-04T15:22:56,0.0,0.0
SPXW,2027-03-31,222,Call,6460.0,SPXW270331C06460000,1436.7,1448.0,1442.35,613.78,0.0,0.0,0.0,1.0,0.2367,0.8731,0.0001,12.7165,-0.5683,31.5701,1441.8806,0.0,0.0,0.0,1424.79998779297,down,2026-03-27T15:22:45,0.0,0.0
SPXW,2027-03-31,222,Put,6460.0,SPXW270331P06460000,97.1,97.8,97.44999999999999,102.69,0.0,0.0,0.0,13.0,0.2375,-0.1288,0.0001,12.7165,-0.6588,-6.4687,97.6023,0.0,0.0,0.0,102.950000762939,down,2026-08-20T14:47:27,0.0,0.0
SPXW,2027-03-31,222,Call,6465.0,SPXW270331C06465000,1432.4,1443.6,1438.0,0.0,0.0,0.0,0.0,0.0,0.2364,0.8725,0.0001,12.7572,-0.57,31.5687,1437.4473,0.0,0.0,0.0,1420.35003662109,no_change,,0.0,0.0
SPXW,2027-03-31,222,Put,6465.0,SPXW270331P06465000,97.5,98.2,97.85,96.63,0.0,0.0,0.0,5.0,0.2372,-0.1294,0.0001,12.7572,-0.6601,-6.4994,98.0377,0.0,0.0,0.0,103.399997711182,up,2026-08-14T14:28:32,0.0,0.0
SPXW,2027-03-31,222,Call,6470.0,SPXW270331C06470000,1427.8,1439.1,1433.4499999999998,0.0,0.0,0.0,0.0,0.0,0.2361,0.8718,0.0001,12.7979,-0.5716,31.5672,1433.0162,0.0,0.0,0.0,1415.95001220703,no_change,,0.0,0.0
SPXW,2027-03-31,222,Put,6470.0,SPXW270331P06470000,97.9,98.7,98.30000000000001,97.21,0.0,0.0,0.0,14.0,0.2368,-0.13,0.0001,12.7979,-0.6614,-6.5302,98.4752,0.0,0.0,0.0,103.849998474121,up,2026-08-14T13:23:11,0.0,0.0
SPXW,2027-03-31,222,Call,6475.0,SPXW270331C06475000,1423.4,1434.6,1429.0,1348.2,0.0,0.0,0.0,94.0,0.2357,0.8712,0.0001,12.8387,-0.5732,31.5656,1428.5872,0.0,0.0,0.0,1411.54998779297,up,2026-06-22T10:39:49,0.0,0.0
SPXW,2027-03-31,222,Put,6475.0,SPXW270331P06475000,98.4,99.1,98.75,97.72,0.0,0.0,0.0,19.0,0.2364,-0.1307,0.0001,12.8387,-0.6627,-6.5611,98.9149,0.0,0.0,0.0,104.299999237061,up,2026-08-13T12:56:44,0.0,0.0
SPXW,2027-03-31,222,Call,6480.0,SPXW270331C06480000,1419.0,1430.2,1424.6,0.0,0.0,0.0,0.0,0.0,0.2354,0.8706,0.0001,12.8795,-0.5748,31.5638,1424.1603,0.0,0.0,0.0,1407.14996337891,no_change,,0.0,0.0
SPXW,2027-03-31,222,Put,6480.0,SPXW270331P06480000,98.8,99.5,99.15,194.32,0.0,0.0,0.0,13.0,0.2362,-0.1313,0.0001,12.8795,-0.664,-6.5922,99.3567,0.0,0.0,0.0,104.75,down,2026-05-13T14:25:36,0.0,0.0
SPXW,2027-03-31,222,Call,6485.0,SPXW270331C06485000,1414.6,1425.8,1420.1999999999998,0.0,0.0,0.0,0.0,0.0,0.2351,0.87,0.0001,12.9204,-0.5764,31.562,1419.7356,0.0,0.0,0.0,1402.75,no_change,,0.0,0.0
SPXW,2027-03-31,222,Put,6485.0,SPXW270331P06485000,99.3,100.0,99.65,104.29,0.0,0.0,0.0,24.0,0.2358,-0.1319,0.0001,12.9204,-0.6652,-6.6234,99.8007,0.0,0.0,0.0,105.200000762939,up,2026-08-06T10:24:56,0.0,0.0
SPXW,2027-03-31,222,Call,6490.0,SPXW270331C06490000,1410.3,1421.4,1415.85,0.0,0.0,0.0,0.0,0.0,0.2348,0.8694,0.0001,12.9613,-0.578,31.56,1415.313,0.0,0.0,0.0,1398.35003662109,no_change,,0.0,0.0
SPXW,2027-03-31,222,Put,6490.0,SPXW270331P06490000,99.7,100.4,100.05000000000001,99.9,0.0,0.0,0.0,35.0,0.2356,-0.1325,0.0001,12.9613,-0.6665,-6.6546,100.2468,0.0,0.0,0.0,105.700000762939,down,2026-08-19T11:17:11,0.0,0.0
SPXW,2027-03-31,222,Call,6495.0,SPXW270331C06495000,1405.7,1416.9,1411.3000000000002,0.0,0.0,0.0,0.0,0.0,0.2344,0.8687,0.0001,13.0023,-0.5796,31.558,1410.8926,0.0,0.0,0.0,1393.95001220703,no_change,,0.0,0.0
SPXW,2027-03-31,222,Put,6495.0,SPXW270331P06495000,100.2,100.9,100.55000000000001,0.0,0.0,0.0,0.0,15.0,0.2352,-0.1332,0.0001,13.0023,-0.6678,-6.686,100.6951,0.0,0.0,0.0,106.150001525879,no_change,,0.0,0.0
SPXW,2027-03-31,222,Call,6500.0,SPXW270331C06500000,1401.3,1412.5,1406.9,1328.8,0.0,0.0,0.0,112.0,0.2342,0.8681,0.0001,13.0434,-0.5812,31.5558,1406.4744,0.0,0.0,0.0,1389.54998779297,down,2026-06-05T12:23:11,0.0,0.0
SPXW,2027-03-31,222,Put,6500.0,SPXW270331P06500000,100.6,101.3,100.94999999999999,102.93,-3.67,-3.44278,1.0,388.0,0.235,-0.1338,0.0001,13.0434,-0.6691,-6.7175,101.1456,102.93,102.93,102.93,106.600002288818,down,2026-08-21T10:06:17,0.0,0.0
SPXW,2027-03-31,222,Call,6505.0,SPXW270331C06505000,1396.9,1408.1,1402.5,0.0,0.0,0.0,0.0,0.0,0.2338,0.8675,0.0001,13.0845,-0.5828,31.5535,1402.0584,0.0,0.0,0.0,1385.19995117188,no_change,,0.0,0.0
SPXW,2027-03-31,222,Put,6505.0,SPXW270331P06505000,101.1,101.8,101.44999999999999,106.04,0.0,0.0,0.0,8.0,0.2346,-0.1344,0.0001,13.0845,-0.6704,-6.7491,101.5982,0.0,0.0,0.0,107.100002288818,up,2026-08-06T11:09:18,0.0,0.0
SPXW,2027-03-31,222,Call,6510.0,SPXW270331C06510000,1392.5,1403.7,1398.1,657.0,0.0,0.0,0.0,1.0,0.2335,0.8668,0.0002,13.1257,-0.5844,31.551,1397.6446,0.0,0.0,0.0,1380.80004882812,up,2026-03-31T15:23:16,0.0,0.0
SPXW,2027-03-31,222,Put,6510.0,SPXW270331P06510000,101.5,102.2,101.85,101.27,0.0,0.0,0.0,20.0,0.2343,-0.135,0.0002,13.1257,-0.6716,-6.7809,102.0531,0.0,0.0,0.0,107.549999237061,up,2026-08-13T12:19:59,0.0,0.0
SPXW,2027-03-31,222,Call,6515.0,SPXW270331C06515000,1388.1,1399.3,1393.6999999999998,652.0,0.0,0.0,0.0,1.0,0.2332,0.8662,0.0002,13.167,-0.5861,31.5485,1393.233,0.0,0.0,0.0,1376.40002441406,up,2026-03-31T15:25:44,0.0,0.0
SPXW,2027-03-31,222,Put,6515.0,SPXW270331P06515000,102.0,102.7,102.35,161.9,0.0,0.0,0.0,4.0,0.234,-0.1357,0.0002,13.167,-0.6729,-6.8128,102.5102,0.0,0.0,0.0,108.049999237061,down,2026-06-18T13:42:23,0.0,0.0
SPXW,2027-03-31,222,Call,6520.0,SPXW270331C06520000,1383.7,1394.8,1389.25,656.0,0.0,0.0,0.0,1.0,0.2329,0.8656,0.0002,13.2084,-0.5877,31.5458,1388.8236,0.0,0.0,0.0,1372.0,up,2026-03-31T15:48:05,0.0,0.0
SPXW,2027-03-31,222,Put,6520.0,SPXW270331P06520000,102.4,103.1,102.75,102.09,0.0,0.0,0.0,1.0,0.2337,-0.1363,0.0002,13.2084,-0.6742,-6.8447,102.9694,0.0,0.0,0.0,108.5,up,2026-08-13T12:13:02,0.0,0.0
SPXW,2027-03-31,222,Call,6525.0,SPXW270331C06525000,1379.3,1390.4,1384.85,1037.47,0.0,0.0,0.0,10.0,0.2326,0.8649,0.0002,13.2498,-0.5893,31.543,1384.4164,0.0,0.0,0.0,1367.59997558594,up,2026-04-24T10:01:43,0.0,0.0
SPXW,2027-03-31,222,Put,6525.0,SPXW270331P06525000,102.9,103.6,103.25,107.98,0.0,0.0,0.0,220.0,0.2333,-0.137,0.0002,13.2498,-0.6755,-6.8769,103.4309,0.0,0.0,0.0,109.0,down,2026-08-06T10:09:57,0.0,0.0
SPXW,2027-03-31,222,Call,6530.0,SPXW270331C06530000,1374.9,1386.0,1380.45,1240.9,0.0,0.0,0.0,15.0,0.2323,0.8643,0.0002,13.2914,-0.5909,31.5401,1380.0114,0.0,0.0,0.0,1363.25,up,2026-06-24T12:06:02,0.0,0.0
SPXW,2027-03-31,222,Put,6530.0,SPXW270331P06530000,103.3,104.1,103.69999999999999,106.25,-3.25,-2.96804,2.0,72.0,0.233,-0.1376,0.0002,13.2914,-0.6768,-6.9091,103.8947,106.1,106.25,106.1,109.5,up,2026-08-21T09:43:40,0.0,0.0
SPXW,2027-03-31,222,Call,6535.0,SPXW270331C06535000,1370.5,1381.6,1376.05,0.0,0.0,0.0,0.0,0.0,0.232,0.8636,0.0002,13.333,-0.5925,31.537,1375.6087,0.0,0.0,0.0,1358.85003662109,no_change,,0.0,0.0
SPXW,2027-03-31,222,Put,6535.0,SPXW270331P06535000,103.8,104.5,104.15,144.7,0.0,0.0,0.0,9.0,0.2327,-0.1383,0.0002,13.333,-0.678,-6.9415,104.3606,0.0,0.0,0.0,109.950000762939,down,2026-07-21T13:00:07,0.0,0.0
SPXW,2027-03-31,222,Call,6540.0,SPXW270331C06540000,1366.1,1377.2,1371.65,0.0,0.0,0.0,0.0,0.0,0.2317,0.863,0.0002,13.3747,-0.5941,31.5338,1371.2083,0.0,0.0,0.0,1354.45001220703,no_change,,0.0,0.0
SPXW,2027-03-31,222,Put,6540.0,SPXW270331P06540000,104.3,105.0,104.65,158.19,0.0,0.0,0.0,3.0,0.2324,-0.1389,0.0002,13.3747,-0.6793,-6.974,104.8289,0.0,0.0,0.0,110.450000762939,up,2026-07-17T10:58:44,0.0,0.0
SPXW,2027-03-31,222,Call,6545.0,SPXW270331C06545000,1361.8,1372.8,1367.3,0.0,0.0,0.0,0.0,0.0,0.2314,0.8623,0.0002,13.4166,-0.5957,31.5304,1366.8101,0.0,0.0,0.0,1350.09997558594,no_change,,0.0,0.0
SPXW,2027-03-31,222,Put,6545.0,SPXW270331P06545000,104.7,105.5,105.1,166.0,0.0,0.0,0.0,29.0,0.2321,-0.1396,0.0002,13.4166,-0.6806,-7.0067,105.2993,0.0,0.0,0.0,110.950000762939,down,2026-06-18T13:41:18,0.0,0.0
SPXW,2027-03-31,222,Call,6550.0,SPXW270331C06550000,1357.4,1368.4,1362.9,1361.95,0.0,0.0,0.0,167.0,0.231,0.8616,0.0002,13.4585,-0.5973,31.527,1362.4142,0.0,0.0,0.0,1345.75,up,2026-05-28T11:46:04,0.0,0.0
SPXW,2027-03-31,222,Put,6550.0,SPXW270331P06550000,105.2,105.9,105.55000000000001,103.36,0.0,0.0,0.0,261.0,0.2318,-0.1403,0.0002,13.4585,-0.6818,-7.0395,105.7721,0.0,0.0,0.0,111.450000762939,down,2026-08-13T11:18:25,0.0,0.0
SPXW,2027-03-31,222,Call,6555.0,SPXW270331C06555000,1353.0,1364.0,1358.5,0.0,0.0,0.0,0.0,0.0,0.2307,0.861,0.0002,13.5006,-0.5989,31.5233,1358.0205,0.0,0.0,0.0,1341.35003662109,no_change,,0.0,0.0
SPXW,2027-03-31,222,Put,6555.0,SPXW270331P06555000,105.7,106.4,106.05000000000001,0.0,0.0,0.0,0.0,0.0,0.2314,-0.1409,0.0002,13.5006,-0.6831,-7.0725,106.2472,0.0,0.0,0.0,111.950000762939,no_change,,0.0,0.0
SPXW,2027-03-31,222,Call,6560.0,SPXW270331C06560000,1348.6,1359.6,1354.1,654.4,0.0,0.0,0.0,1.0,0.2304,0.8603,0.0002,13.5428,-0.6005,31.5195,1353.6292,0.0,0.0,0.0,1337.0,up,2026-04-01T10:03:06,0.0,0.0
SPXW,2027-03-31,222,Put,6560.0,SPXW270331P06560000,106.2,106.9,106.55000000000001,105.3,0.0,0.0,0.0,296.0,0.2311,-0.1416,0.0002,13.5428,-0.6844,-7.1056,106.7245,0.0,0.0,0.0,112.450000762939,down,2026-08-14T12:31:14,0.0,0.0
SPXW,2027-03-31,222,Call,6565.0,SPXW270331C06565000,1344.2,1355.2,1349.7,0.0,0.0,0.0,0.0,0.0,0.2301,0.8596,0.0002,13.5851,-0.6021,31.5155,1349.2402,0.0,0.0,0.0,1332.59997558594,no_change,,0.0,0.0
SPXW,2027-03-31,222,Put,6565.0,SPXW270331P06565000,106.6,107.4,107.0,105.16,0.0,0.0,0.0,12.0,0.2308,-0.1423,0.0002,13.5851,-0.6857,-7.1389,107.2042,0.0,0.0,0.0,112.950000762939,down,2026-08-13T15:33:38,0.0,0.0
SPXW,2027-03-31,222,Call,6570.0,SPXW270331C06570000,1339.9,1350.8,1345.35,648.47,0.0,0.0,0.0,0.0,0.2298,0.859,0.0002,13.6275,-0.6037,31.5114,1344.8535,0.0,0.0,0.0,1328.25,up,2026-03-26T10:45:53,0.0,0.0
SPXW,2027-03-31,222,Put,6570.0,SPXW270331P06570000,107.1,107.9,107.5,105.54,0.0,0.0,0.0,1.0,0.2304,-0.1429,0.0002,13.6275,-0.6869,-7.1724,107.6861,0.0,0.0,0.0,113.450000762939,up,2026-08-14T10:50:35,0.0,0.0
SPXW,2027-03-31,222,Call,6575.0,SPXW270331C06575000,1335.5,1346.4,1340.95,1179.9,0.0,0.0,0.0,483.0,0.2295,0.8583,0.0002,13.67,-0.6053,31.507,1340.4691,0.0,0.0,0.0,1323.90002441406,up,2026-06-25T12:13:32,0.0,0.0
SPXW,2027-03-31,222,Put,6575.0,SPXW270331P06575000,107.6,108.3,107.94999999999999,113.68,0.0,0.0,0.0,22.0,0.2302,-0.1436,0.0002,13.67,-0.6882,-7.206,108.1705,0.0,0.0,0.0,113.950000762939,up,2026-08-07T10:04:09,0.0,0.0
SPXW,2027-03-31,222,Call,6580.0,SPXW270331C06580000,1331.1,1342.1,1336.6,647.0,0.0,0.0,0.0,1.0,0.2292,0.8576,0.0002,13.7127,-0.6069,31.5025,1336.0871,0.0,0.0,0.0,1319.5,up,2026-04-01T10:49:54,0.0,0.0
SPXW,2027-03-31,222,Put,6580.0,SPXW270331P06580000,108.1,108.8,108.44999999999999,113.1,0.0,0.0,0.0,11.0,0.2299,-0.1443,0.0002,13.7127,-0.6895,-7.2398,108.6571,0.0,0.0,0.0,114.450000762939,down,2026-08-05T09:39:53,0.0,0.0
SPXW,2027-03-31,222,Call,6585.0,SPXW270331C06585000,1326.8,1337.7,1332.25,1253.3,0.0,0.0,0.0,26.0,0.2289,0.8569,0.0002,13.7555,-0.6085,31.4979,1331.7074,0.0,0.0,0.0,1315.20001220703,up,2026-07-02T09:39:29,0.0,0.0
SPXW,2027-03-31,222,Put,6585.0,SPXW270331P06585000,108.6,109.3,108.94999999999999,128.48,0.0,0.0,0.0,3.0,0.2296,-0.145,0.0002,13.7555,-0.6907,-7.2738,109.1462,0.0,0.0,0.0,114.950000762939,down,2026-08-03T13:22:28,0.0,0.0
SPXW,2027-03-31,222,Call,6590.0,SPXW270331C06590000,1322.3,1333.3,1327.8,755.14,0.0,0.0,0.0,2.0,0.2285,0.8562,0.0002,13.7984,-0.61,31.493,1327.3302,0.0,0.0,0.0,1310.84997558594,up,2026-04-08T09:30:06,0.0,0.0
SPXW,2027-03-31,222,Put,6590.0,SPXW270331P06590000,109.1,109.8,109.44999999999999,106.75,0.0,0.0,0.0,3.0,0.2292,-0.1457,0.0002,13.7984,-0.692,-7.308,109.6376,0.0,0.0,0.0,115.450000762939,up,2026-08-13T10:07:08,0.0,0.0
SPXW,2027-03-31,222,Call,6595.0,SPXW270331C06595000,1318.0,1328.9,1323.45,0.0,0.0,0.0,0.0,0.0,0.2283,0.8555,0.0002,13.8415,-0.6116,31.4879,1322.9553,0.0,0.0,0.0,1306.5,no_change,,0.0,0.0
SPXW,2027-03-31,222,Put,6595.0,SPXW270331P06595000,109.6,110.3,109.94999999999999,111.44,0.0,0.0,0.0,3.0,0.2289,-0.1464,0.0002,13.8415,-0.6932,-7.3424,110.1314,0.0,0.0,0.0,115.950000762939,up,2026-08-10T11:24:59,0.0,0.0
SPXW,2027-03-31,222,Call,6600.0,SPXW270331C06600000,1313.7,1324.5,1319.1,1219.11,0.0,0.0,0.0,181.0,0.2279,0.8548,0.0002,13.8847,-0.6132,31.4826,1318.5828,0.0,0.0,0.0,1302.09997558594,up,2026-07-22T14:15:33,0.0,0.0
SPXW,2027-03-31,222,Put,6600.0,SPXW270331P06600000,110.1,110.8,110.44999999999999,115.6,0.0,0.0,0.0,103.0,0.2286,-0.147,0.0002,13.8847,-0.6945,-7.377,110.6276,0.0,0.0,0.0,116.5,down,2026-08-18T12:48:57,0.0,0.0
SPXW,2027-03-31,222,Call,6605.0,SPXW270331C06605000,1309.3,1320.2,1314.75,737.1,0.0,0.0,0.0,3.0,0.2276,0.8541,0.0002,13.928,-0.6148,31.4772,1314.2128,0.0,0.0,0.0,1297.75,up,2026-04-08T09:30:22,0.0,0.0
SPXW,2027-03-31,222,Put,6605.0,SPXW270331P06605000,110.6,111.3,110.94999999999999,109.87,0.0,0.0,0.0,32.0,0.2283,-0.1478,0.0002,13.928,-0.6958,-7.4118,111.1263,0.0,0.0,0.0,117.0,up,2026-08-14T13:01:05,0.0,0.0
SPXW,2027-03-31,222,Call,6610.0,SPXW270331C06610000,1304.9,1315.8,1310.35,1225.6,0.0,0.0,0.0,1.0,0.2273,0.8534,0.0002,13.9715,-0.6164,31.4715,1309.8452,0.0,0.0,0.0,1293.45001220703,up,2026-06-30T13:03:13,0.0,0.0
SPXW,2027-03-31,222,Put,6610.0,SPXW270331P06610000,111.1,111.8,111.44999999999999,110.4,0.0,0.0,0.0,25.0,0.228,-0.1484,0.0002,13.9715,-0.697,-7.4468,111.6274,0.0,0.0,0.0,117.549999237061,up,2026-08-14T12:54:21,0.0,0.0
SPXW,2027-03-31,222,Call,6615.0,SPXW270331C06615000,1300.6,1311.4,1306.0,1235.4,0.0,0.0,0.0,1.0,0.227,0.8527,0.0002,14.0151,-0.618,31.4656,1305.4801,0.0,0.0,0.0,1289.09997558594,up,2026-07-01T12:22:54,0.0,0.0
SPXW,2027-03-31,222,Put,6615.0,SPXW270331P06615000,111.6,112.3,111.94999999999999,113.02,0.0,0.0,0.0,24.0,0.2277,-0.1492,0.0002,14.0151,-0.6983,-7.482,112.1309,0.0,0.0,0.0,118.049999237061,up,2026-08-17T13:08:39,0.0,0.0
SPXW,2027-03-31,222,Call,6620.0,SPXW270331C06620000,1296.2,1307.1,1301.65,617.86,0.0,0.0,0.0,1.0,0.2267,0.852,0.0002,14.0588,-0.6196,31.4595,1301.1175,0.0,0.0,0.0,1284.75,down,2026-04-07T15:33:11,0.0,0.0
SPXW,2027-03-31,222,Put,6620.0,SPXW270331P06620000,112.1,112.8,112.44999999999999,109.43,0.0,0.0,0.0,15.0,0.2273,-0.1499,0.0002,14.0588,-0.6995,-7.5174,112.6369,0.0,0.0,0.0,118.549999237061,up,2026-08-14T10:13:35,0.0,0.0
SPXW,2027-03-31,222,Call,6625.0,SPXW270331C06625000,1291.9,1302.7,1297.3000000000002,739.24,0.0,0.0,0.0,63.0,0.2264,0.8513,0.0002,14.1027,-0.6211,31.4532,1296.7573,0.0,0.0,0.0,1280.45001220703,down,2026-04-09T14:23:20,0.0,0.0
SPXW,2027-03-31,222,Put,6625.0,SPXW270331P06625000,112.6,113.3,112.94999999999999,115.3,-3.8,-3.1906,1.0,19.0,0.227,-0.1506,0.0002,14.1027,-0.7008,-7.553,113.1455,115.3,115.3,115.3,119.100002288818,up,2026-08-21T10:42:50,0.0,0.0
SPXW,2027-03-31,222,Call,6630.0,SPXW270331C06630000,1287.5,1298.3,1292.9,0.0,0.0,0.0,0.0,0.0,0.226,0.8506,0.0002,14.1466,-0.6227,31.4466,1292.3997,0.0,0.0,0.0,1276.10003662109,no_change,,0.0,0.0
SPXW,2027-03-31,222,Put,6630.0,SPXW270331P06630000,113.1,113.8,113.44999999999999,115.47,0.0,0.0,0.0,21.0,0.2268,-0.1513,0.0002,14.1466,-0.702,-7.5889,113.6565,0.0,0.0,0.0,119.650001525879,down,2026-08-10T13:25:42,0.0,0.0
SPXW,2027-03-31,222,Call,6635.0,SPXW270331C06635000,1283.2,1294.0,1288.6,0.0,0.0,0.0,0.0,0.0,0.2258,0.8499,0.0002,14.1908,-0.6243,31.4398,1288.0446,0.0,0.0,0.0,1271.79998779297,no_change,,0.0,0.0
SPXW,2027-03-31,222,Put,6635.0,SPXW270331P06635000,113.6,114.3,113.94999999999999,111.48,0.0,0.0,0.0,17.0,0.2264,-0.152,0.0002,14.1908,-0.7033,-7.625,114.1701,0.0,0.0,0.0,120.150001525879,up,2026-08-13T11:26:21,0.0,0.0
SPXW,2027-03-31,222,Call,6640.0,SPXW270331C06640000,1278.8,1289.6,1284.1999999999998,0.0,0.0,0.0,0.0,0.0,0.2254,0.8492,0.0002,14.235,-0.6259,31.4328,1283.692,0.0,0.0,0.0,1267.45001220703,no_change,,0.0,0.0
SPXW,2027-03-31,222,Put,6640.0,SPXW270331P06640000,114.1,114.9,114.5,113.05,0.0,0.0,0.0,15.0,0.2261,-0.1527,0.0002,14.235,-0.7045,-7.6613,114.6862,0.0,0.0,0.0,120.75,up,2026-08-13T11:45:53,0.0,0.0
SPXW,2027-03-31,222,Call,6645.0,SPXW270331C06645000,1274.6,1285.3,1279.9499999999998,0.0,0.0,0.0,0.0,0.0,0.2252,0.8484,0.0002,14.2793,-0.6274,31.4256,1279.342,0.0,0.0,0.0,1263.10003662109,no_change,,0.0,0.0
SPXW,2027-03-31,222,Put,6645.0,SPXW270331P06645000,114.6,115.4,115.0,114.45,-6.8,-5.60825,2.0,26.0,0.2258,-0.1535,0.0002,14.2793,-0.7058,-7.6979,115.205,114.53,114.53,114.45,121.25,down,2026-08-21T14:19:51,0.0,0.0
SPXW,2027-03-31,222,Call,6650.0,SPXW270331C06650000,1270.2,1280.9,1275.5500000000002,1280.04,0.0,0.0,0.0,11.0,0.2248,0.8477,0.0002,14.3238,-0.629,31.4181,1274.9947,0.0,0.0,0.0,1258.79998779297,up,2026-05-28T11:46:04,0.0,0.0
SPXW,2027-03-31,222,Put,6650.0,SPXW270331P06650000,115.2,115.9,115.55000000000001,116.08,0.0,0.0,0.0,403.0,0.2255,-0.1542,0.0002,14.3238,-0.707,-7.7347,115.7262,0.0,0.0,0.0,121.799999237061,up,2026-08-17T12:57:45,0.0,0.0
SPXW,2027-03-31,222,Call,6655.0,SPXW270331C06655000,1265.8,1276.6,1271.1999999999998,0.0,0.0,0.0,0.0,0.0,0.2245,0.847,0.0002,14.3683,-0.6306,31.4104,1270.6499,0.0,0.0,0.0,1254.5,no_change,,0.0,0.0
SPXW,2027-03-31,222,Put,6655.0,SPXW270331P06655000,115.7,116.4,116.05000000000001,120.47,0.0,0.0,0.0,18.0,0.2252,-0.1549,0.0002,14.3683,-0.7083,-7.7717,116.2501,0.0,0.0,0.0,122.349998474121,up,2026-08-06T14:21:51,0.0,0.0
SPXW,2027-03-31,222,Call,6660.0,SPXW270331C06660000,1261.4,1272.2,1266.8000000000002,0.0,0.0,0.0,0.0,0.0,0.2242,0.8462,0.0002,14.413,-0.6322,31.4025,1266.3077,0.0,0.0,0.0,1250.20001220703,no_change,,0.0,0.0
SPXW,2027-03-31,222,Put,6660.0,SPXW270331P06660000,116.2,117.0,116.6,115.85,0.0,0.0,0.0,13.0,0.2249,-0.1556,0.0002,14.413,-0.7095,-7.8089,116.7767,0.0,0.0,0.0,122.899997711182,down,2026-08-19T10:58:43,0.0,0.0
SPXW,2027-03-31,222,Call,6665.0,SPXW270331C06665000,1257.1,1267.9,1262.5,0.0,0.0,0.0,0.0,0.0,0.2239,0.8455,0.0002,14.4577,-0.6337,31.3944,1261.9682,0.0,0.0,0.0,1245.84997558594,no_change,,0.0,0.0
SPXW,2027-03-31,222,Put,6665.0,SPXW270331P06665000,116.7,117.5,117.1,171.0,0.0,0.0,0.0,15.0,0.2246,-0.1564,0.0002,14.4577,-0.7107,-7.8464,117.3059,0.0,0.0,0.0,123.450000762939,down,2026-06-30T12:52:39,0.0,0.0
SPXW,2027-03-31,222,Call,6670.0,SPXW270331C06670000,1252.8,1263.6,1258.1999999999998,0.0,0.0,0.0,0.0,0.0,0.2236,0.8448,0.0002,14.5025,-0.6353,31.386,1257.6314,0.0,0.0,0.0,1241.55004882812,no_change,,0.0,0.0
SPXW,2027-03-31,222,Put,6670.0,SPXW270331P06670000,117.3,118.0,117.65,113.75,0.0,0.0,0.0,11.0,0.2242,-0.1571,0.0002,14.5025,-0.712,-7.8841,117.8377,0.0,0.0,0.0,124.0,up,2026-08-13T10:25:51,0.0,0.0
SPXW,2027-03-31,222,Call,6675.0,SPXW270331C06675000,1248.5,1259.2,1253.85,600.02,0.0,0.0,0.0,1.0,0.2233,0.844,0.0002,14.5474,-0.6368,31.3774,1253.2972,0.0,0.0,0.0,1237.25,down,2026-03-24T15:26:54,0.0,0.0
SPXW,2027-03-31,222,Put,6675.0,SPXW270331P06675000,117.8,118.6,118.19999999999999,115.69,0.0,0.0,0.0,49.0,0.224,-0.1579,0.0002,14.5474,-0.7132,-7.922,118.3722,0.0,0.0,0.0,124.549999237061,up,2026-08-14T10:51:19,0.0,0.0
SPXW,2027-03-31,222,Call,6680.0,SPXW270331C06680000,1244.2,1254.9,1249.5500000000002,0.0,0.0,0.0,0.0,0.0,0.2229,0.8433,0.0002,14.5924,-0.6384,31.3686,1248.9658,0.0,0.0,0.0,1232.94995117188,no_change,,0.0,0.0
SPXW,2027-03-31,222,Put,6680.0,SPXW270331P06680000,118.3,119.1,118.69999999999999,125.35,0.0,0.0,0.0,5.0,0.2236,-0.1586,0.0002,14.5924,-0.7144,-7.9601,118.9094,0.0,0.0,0.0,125.150001525879,up,2026-08-20T15:11:26,0.0,0.0
SPXW,2027-03-31,222,Call,6685.0,SPXW270331C06685000,1239.9,1250.6,1245.25,586.0,0.0,0.0,0.0,42.0,0.2226,0.8425,0.0002,14.6375,-0.64,31.3595,1244.637,0.0,0.0,0.0,1228.65002441406,up,2026-04-01T11:50:30,0.0,0.0
SPXW,2027-03-31,222,Put,6685.0,SPXW270331P06685000,118.9,119.6,119.25,117.06,0.0,0.0,0.0,18.0,0.2233,-0.1594,0.0002,14.6375,-0.7157,-7.9985,119.4494,0.0,0.0,0.0,125.650001525879,no_change,2026-08-13T15:18:51,0.0,0.0
SPXW,2027-03-31,222,Call,6690.0,SPXW270331C06690000,1235.5,1246.2,1240.85,674.7,0.0,0.0,0.0,6.0,0.2224,0.8417,0.0002,14.6826,-0.6415,31.3502,1240.311,0.0,0.0,0.0,1224.34997558594,up,2026-04-08T09:50:44,0.0,0.0
SPXW,2027-03-31,222,Put,6690.0,SPXW270331P06690000,119.4,120.2,119.80000000000001,119.03,0.0,0.0,0.0,8.0,0.223,-0.1601,0.0002,14.6826,-0.7169,-8.0371,119.9921,0.0,0.0,0.0,126.25,up,2026-08-17T12:30:32,0.0,0.0
SPXW,2027-03-31,222,Call,6695.0,SPXW270331C06695000,1231.3,1241.9,1236.6,671.9,0.0,0.0,0.0,6.0,0.2221,0.841,0.0002,14.7278,-0.6431,31.3408,1235.9878,0.0,0.0,0.0,1220.05004882812,up,2026-04-08T09:34:53,0.0,0.0
SPXW,2027-03-31,222,Put,6695.0,SPXW270331P06695000,120.0,120.7,120.35,121.94,-4.86,-3.83281,12.0,22.0,0.2227,-0.1609,0.0002,14.7278,-0.7181,-8.0759,120.5375,121.94,121.94,121.94,126.799999237061,up,2026-08-21T10:48:38,0.0,0.0
SPXW,2027-03-31,222,Call,6700.0,SPXW270331C06700000,1226.9,1237.6,1232.25,1245.1,0.0,0.0,0.0,28.0,0.2218,0.8402,0.0002,14.773,-0.6446,31.3311,1231.6673,0.0,0.0,0.0,1215.75,up,2026-05-28T14:23:02,0.0,0.0
SPXW,2027-03-31,222,Put,6700.0,SPXW270331P06700000,120.5,121.3,120.9,128.27,0.0,0.0,0.0,201.0,0.2224,-0.1617,0.0002,14.773,-0.7193,-8.1149,121.0857,0.0,0.0,0.0,127.349998474121,up,2026-08-18T09:48:37,0.0,0.0
SPXW,2027-03-31,222,Call,6705.0,SPXW270331C06705000,1222.6,1233.2,1227.9,0.0,0.0,0.0,0.0,0.0,0.2214,0.8394,0.0002,14.8183,-0.6462,31.3212,1227.3497,0.0,0.0,0.0,1211.44995117188,no_change,,0.0,0.0
SPXW,2027-03-31,222,Put,6705.0,SPXW270331P06705000,121.1,121.8,121.44999999999999,120.74,0.0,0.0,0.0,6.0,0.2221,-0.1624,0.0002,14.8183,-0.7206,-8.1541,121.6367,0.0,0.0,0.0,127.950000762939,up,2026-08-14T11:40:44,0.0,0.0
SPXW,2027-03-31,222,Call,6710.0,SPXW270331C06710000,1218.3,1228.8,1223.55,1109.07,0.0,0.0,0.0,82.0,0.2211,0.8387,0.0002,14.8636,-0.6477,31.311,1223.0348,0.0,0.0,0.0,1207.15002441406,up,2026-07-17T14:03:47,0.0,0.0
SPXW,2027-03-31,222,Put,6710.0,SPXW270331P06710000,121.6,122.4,122.0,121.38,0.0,0.0,0.0,15.0,0.2217,-0.1632,0.0002,14.8636,-0.7218,-8.1935,122.1905,0.0,0.0,0.0,128.549995422363,up,2026-08-14T11:41:35,0.0,0.0
SPXW,2027-03-31,222,Call,6715.0,SPXW270331C06715000,1214.0,1224.6,1219.3,0.0,0.0,0.0,0.0,0.0,0.2208,0.8379,0.0002,14.9089,-0.6492,31.3007,1218.7227,0.0,0.0,0.0,1202.84997558594,no_change,,0.0,0.0
SPXW,2027-03-31,222,Put,6715.0,SPXW270331P06715000,122.2,122.9,122.55000000000001,127.45,0.0,0.0,0.0,10.0,0.2215,-0.164,0.0002,14.9089,-0.723,-8.2332,122.7472,0.0,0.0,0.0,129.150001525879,down,2026-08-05T09:36:26,0.0,0.0
SPXW,2027-03-31,222,Call,6720.0,SPXW270331C06720000,1209.7,1220.3,1215.0,0.0,0.0,0.0,0.0,0.0,0.2205,0.8371,0.0002,14.9543,-0.6508,31.2902,1214.4136,0.0,0.0,0.0,1198.60003662109,no_change,,0.0,0.0
SPXW,2027-03-31,222,Put,6720.0,SPXW270331P06720000,122.7,123.5,123.1,130.02,0.0,0.0,0.0,6.0,0.2211,-0.1648,0.0002,14.9543,-0.7242,-8.273,123.3067,0.0,0.0,0.0,129.699996948242,up,2026-08-06T12:34:13,0.0,0.0
SPXW,2027-03-31,222,Call,6725.0,SPXW270331C06725000,1205.4,1216.0,1210.7,0.0,0.0,0.0,0.0,0.0,0.2202,0.8363,0.0002,14.9997,-0.6523,31.2797,1210.1072,0.0,0.0,0.0,1194.29998779297,no_change,,0.0,0.0
SPXW,2027-03-31,222,Put,6725.0,SPXW270331P06725000,123.3,124.1,123.69999999999999,126.25,-4.0,-3.07102,1.0,9.0,0.2208,-0.1656,0.0002,14.9997,-0.7254,-8.3128,123.869,126.25,126.25,126.25,130.25,down,2026-08-21T10:42:50,0.0,0.0
SPXW,2027-03-31,222,Call,6730.0,SPXW270331C06730000,1201.1,1211.7,1206.4,0.0,0.0,0.0,0.0,0.0,0.2199,0.8355,0.0002,15.0451,-0.6538,31.2688,1205.8037,0.0,0.0,0.0,1190.04998779297,no_change,,0.0,0.0
SPXW,2027-03-31,222,Put,6730.0,SPXW270331P06730000,123.9,124.6,124.25,122.75,0.0,0.0,0.0,1.0,0.2205,-0.1664,0.0002,15.0451,-0.7266,-8.353,124.4342,0.0,0.0,0.0,130.849998474121,down,2026-08-19T15:32:04,0.0,0.0
SPXW,2027-03-31,222,Call,6735.0,SPXW270331C06735000,1196.9,1207.4,1202.15,670.8,0.0,0.0,0.0,6.0,0.2196,0.8348,0.0002,15.0905,-0.6554,31.2578,1201.5031,0.0,0.0,0.0,1185.75,down,2026-04-10T11:54:56,0.0,0.0
SPXW,2027-03-31,222,Put,6735.0,SPXW270331P06735000,124.4,125.2,124.80000000000001,124.85,0.0,0.0,0.0,10.0,0.2202,-0.1671,0.0002,15.0905,-0.7278,-8.3934,125.0023,0.0,0.0,0.0,131.450004577637,no_change,2026-08-19T14:28:40,0.0,0.0
SPXW,2027-03-31,222,Call,6740.0,SPXW270331C06740000,1192.5,1203.1,1197.8,0.0,0.0,0.0,0.0,0.0,0.2192,0.834,0.0002,15.136,-0.6569,31.2466,1197.2054,0.0,0.0,0.0,1181.5,no_change,,0.0,0.0
SPXW,2027-03-31,222,Put,6740.0,SPXW270331P06740000,125.0,125.8,125.4,131.35,0.0,0.0,0.0,29.0,0.2199,-0.1679,0.0002,15.136,-0.729,-8.4339,125.5733,0.0,0.0,0.0,132.049995422363,down,2026-08-04T14:18:49,0.0,0.0
SPXW,2027-03-31,222,Call,6745.0,SPXW270331C06745000,1188.2,1198.8,1193.5,0.0,0.0,0.0,0.0,0.0,0.2189,0.8332,0.0002,15.1814,-0.6584,31.2352,1192.9107,0.0,0.0,0.0,1177.20001220703,no_change,,0.0,0.0
SPXW,2027-03-31,222,Put,6745.0,SPXW270331P06745000,125.6,126.3,125.94999999999999,125.97,-6.68,-5.03581,9.0,27.0,0.2196,-0.1687,0.0002,15.1814,-0.7302,-8.4746,126.1472,125.97,125.97,125.97,132.650001525879,no_change,2026-08-21T12:55:22,0.0,0.0
SPXW,2027-03-31,222,Call,6750.0,SPXW270331C06750000,1184.0,1194.5,1189.25,979.94,0.0,0.0,0.0,126.0,0.2186,0.8324,0.0002,15.2269,-0.66,31.2236,1188.6188,0.0,0.0,0.0,1172.95001220703,up,2026-07-29T11:03:07,0.0,0.0
SPXW,2027-03-31,222,Put,6750.0,SPXW270331P06750000,126.2,126.9,126.55000000000001,125.06,0.0,0.0,0.0,112.0,0.2193,-0.1696,0.0002,15.2269,-0.7314,-8.5155,126.724,0.0,0.0,0.0,133.25,down,2026-08-14T11:29:32,0.0,0.0
SPXW,2027-03-31,222,Call,6755.0,SPXW270331C06755000,1179.8,1190.2,1185.0,0.0,0.0,0.0,0.0,0.0,0.2184,0.8315,0.0002,15.2724,-0.6615,31.2119,1184.3299,0.0,0.0,0.0,1168.65002441406,no_change,,0.0,0.0
SPXW,2027-03-31,222,Put,6755.0,SPXW270331P06755000,126.7,127.5,127.1,123.12,0.0,0.0,0.0,3.0,0.219,-0.1704,0.0002,15.2724,-0.7326,-8.5565,127.3038,0.0,0.0,0.0,133.849998474121,down,2026-08-13T10:04:22,0.0,0.0
SPXW,2027-03-31,222,Call,6760.0,SPXW270331C06760000,1175.4,1185.9,1180.65,1067.69,0.0,0.0,0.0,1.0,0.218,0.8307,0.0002,15.3178,-0.663,31.2001,1180.044,0.0,0.0,0.0,1164.45001220703,down,2026-07-17T13:53:52,0.0,0.0
SPXW,2027-03-31,222,Put,6760.0,SPXW270331P06760000,127.3,128.1,127.69999999999999,127.67,-6.78,-5.04277,9.0,22.0,0.2186,-0.1712,0.0002,15.3178,-0.7338,-8.5977,127.8866,127.67,127.67,127.67,134.450004577637,no_change,2026-08-21T12:55:22,0.0,0.0
SPXW,2027-03-31,222,Call,6765.0,SPXW270331C06765000,1171.2,1181.6,1176.4,0.0,0.0,0.0,0.0,0.0,0.2177,0.8299,0.0002,15.3633,-0.6645,31.1881,1175.761,0.0,0.0,0.0,1160.15002441406,no_change,,0.0,0.0
SPXW,2027-03-31,222,Put,6765.0,SPXW270331P06765000,127.9,128.7,128.3,128.0,-7.05,-5.22029,9.0,89.0,0.2183,-0.172,0.0002,15.3633,-0.735,-8.639,128.4723,128.0,128.0,128.0,135.049995422363,down,2026-08-21T13:02:56,0.0,0.0
SPXW,2027-03-31,222,Call,6770.0,SPXW270331C06770000,1166.8,1177.3,1172.05,0.0,0.0,0.0,0.0,0.0,0.2174,0.8291,0.0002,15.4088,-0.666,31.1759,1171.481,0.0,0.0,0.0,1155.95001220703,no_change,,0.0,0.0
SPXW,2027-03-31,222,Put,6770.0,SPXW270331P06770000,128.5,129.3,128.9,237.6,0.0,0.0,0.0,1.0,0.218,-0.1728,0.0002,15.4088,-0.7362,-8.6805,129.061,0.0,0.0,0.0,135.650001525879,up,2026-06-11T13:43:02,0.0,0.0
SPXW,2027-03-31,222,Call,6775.0,SPXW270331C06775000,1162.6,1173.1,1167.85,0.0,0.0,0.0,0.0,0.0,0.2171,0.8283,0.0002,15.4543,-0.6676,31.1636,1167.204,0.0,0.0,0.0,1151.70001220703,no_change,,0.0,0.0
SPXW,2027-03-31,222,Put,6775.0,SPXW270331P06775000,129.1,129.8,129.45,130.27,0.0,0.0,0.0,14.0,0.2177,-0.1736,0.0002,15.4543,-0.7374,-8.7221,129.6527,0.0,0.0,0.0,136.25,down,2026-08-10T10:10:23,0.0,0.0
SPXW,2027-03-31,222,Call,6780.0,SPXW270331C06780000,1158.3,1168.8,1163.55,431.41,0.0,0.0,0.0,2.0,0.2168,0.8274,0.0002,15.4998,-0.6691,31.1511,1162.9301,0.0,0.0,0.0,1147.40002441406,down,2026-03-30T13:02:13,0.0,0.0
SPXW,2027-03-31,222,Put,6780.0,SPXW270331P06780000,129.7,130.4,130.05,129.75,-7.15,-5.22279,9.0,125.0,0.2174,-0.1745,0.0002,15.4998,-0.7386,-8.7639,130.2474,129.75,129.75,129.75,136.900001525879,down,2026-08-21T13:02:56,0.0,0.0
SPXW,2027-03-31,222,Call,6785.0,SPXW270331C06785000,1154.0,1164.5,1159.25,1047.36,0.0,0.0,0.0,7.0,0.2165,0.8266,0.0002,15.5453,-0.6706,31.1385,1158.6591,0.0,0.0,0.0,1143.20001220703,up,2026-07-17T13:52:52,0.0,0.0
SPXW,2027-03-31,222,Put,6785.0,SPXW270331P06785000,130.3,131.0,130.65,195.6,0.0,0.0,0.0,41.0,0.217,-0.1753,0.0002,15.5453,-0.7397,-8.8058,130.8451,0.0,0.0,0.0,137.549995422363,up,2026-07-02T12:18:04,0.0,0.0
SPXW,2027-03-31,222,Call,6790.0,SPXW270331C06790000,1149.9,1160.2,1155.0500000000002,0.0,0.0,0.0,0.0,0.0,0.2162,0.8258,0.0002,15.5908,-0.6721,31.1258,1154.3912,0.0,0.0,0.0,1139.0,no_change,,0.0,0.0
SPXW,2027-03-31,222,Put,6790.0,SPXW270331P06790000,130.9,131.6,131.25,180.3,0.0,0.0,0.0,1.0,0.2168,-0.1761,0.0002,15.5908,-0.7409,-8.8478,131.4459,0.0,0.0,0.0,138.150001525879,down,2026-07-16T14:00:38,0.0,0.0
SPXW,2027-03-31,222,Call,6795.0,SPXW270331C06795000,1145.5,1156.0,1150.75,425.27,0.0,0.0,0.0,2.0,0.2159,0.8249,0.0002,15.6364,-0.6736,31.1129,1150.1263,0.0,0.0,0.0,1134.70001220703,down,2026-03-30T10:26:26,0.0,0.0
SPXW,2027-03-31,222,Put,6795.0,SPXW270331P06795000,131.5,132.2,131.85,130.15,0.0,0.0,0.0,3.0,0.2164,-0.177,0.0002,15.6364,-0.7421,-8.8901,132.0497,0.0,0.0,0.0,138.75,no_change,2026-08-17T09:59:47,0.0,0.0
SPXW,2027-03-31,222,Call,6800.0,SPXW270331C06800000,1141.4,1151.7,1146.5500000000002,953.12,0.0,0.0,0.0,33.0,0.2155,0.8241,0.0002,15.6819,-0.6751,31.0998,1145.8645,0.0,0.0,0.0,1130.5,down,2026-07-27T13:31:07,0.0,0.0
SPXW,2027-03-31,222,Put,6800.0,SPXW270331P06800000,132.1,132.9,132.5,135.38,-4.02,-2.88379,5.0,36.0,0.2162,-0.1778,0.0002,15.6819,-0.7432,-8.9324,132.6565,135.38,135.38,135.38,139.400001525879,no_change,2026-08-21T09:47:35,0.0,0.0
SPXW,2027-03-31,222,Call,6805.0,SPXW270331C06805000,1137.2,1147.4,1142.3000000000002,500.9,0.0,0.0,0.0,1.0,0.2153,0.8232,0.0002,15.7275,-0.6766,31.0866,1141.6058,0.0,0.0,0.0,1126.25,down,2026-04-07T14:42:02,0.0,0.0
SPXW,2027-03-31,222,Put,6805.0,SPXW270331P06805000,132.7,133.5,133.1,0.0,0.0,0.0,0.0,0.0,0.2158,-0.1787,0.0002,15.7275,-0.7444,-8.975,133.2665,0.0,0.0,0.0,140.049995422363,no_change,,0.0,0.0
SPXW,2027-03-31,222,Call,6810.0,SPXW270331C06810000,1132.9,1143.2,1138.0500000000002,501.1,0.0,0.0,0.0,1.0,0.2149,0.8224,0.0002,15.7732,-0.678,31.0733,1137.3501,0.0,0.0,0.0,1122.0,down,2026-04-07T15:18:56,0.0,0.0
SPXW,2027-03-31,222,Put,6810.0,SPXW270331P06810000,133.3,134.1,133.7,130.65,0.0,0.0,0.0,15.0,0.2155,-0.1795,0.0002,15.7732,-0.7456,-9.0176,133.8795,0.0,0.0,0.0,140.650001525879,down,2026-08-14T14:30:26,0.0,0.0
SPXW,2027-03-31,222,Call,6815.0,SPXW270331C06815000,1128.7,1138.9,1133.8000000000002,0.0,0.0,0.0,0.0,0.0,0.2147,0.8215,0.0002,15.8188,-0.6795,31.0598,1133.0976,0.0,0.0,0.0,1117.79998779297,no_change,,0.0,0.0
SPXW,2027-03-31,222,Put,6815.0,SPXW270331P06815000,133.9,134.7,134.3,225.71,0.0,0.0,0.0,10.0,0.2151,-0.1804,0.0002,15.8188,-0.7467,-9.0604,134.4957,0.0,0.0,0.0,141.300003051758,down,2026-06-25T14:18:01,0.0,0.0
SPXW,2027-03-31,222,Call,6820.0,SPXW270331C06820000,1124.5,1134.6,1129.55,615.4,0.0,0.0,0.0,13.0,0.2143,0.8207,0.0002,15.8645,-0.681,31.0461,1128.8482,0.0,0.0,0.0,1113.54998779297,up,2026-04-13T12:23:28,0.0,0.0
SPXW,2027-03-31,222,Put,6820.0,SPXW270331P06820000,134.5,135.3,134.9,409.6,0.0,0.0,0.0,1.0,0.2149,-0.1812,0.0002,15.8645,-0.7479,-9.1034,135.1149,0.0,0.0,0.0,141.950004577637,down,2026-04-09T14:08:02,0.0,0.0
SPXW,2027-03-31,222,Call,6825.0,SPXW270331C06825000,1120.2,1130.4,1125.3000000000002,1015.32,0.0,0.0,0.0,135.0,0.214,0.8198,0.0002,15.9103,-0.6825,31.0323,1124.6019,0.0,0.0,0.0,1109.35003662109,down,2026-07-17T13:53:46,0.0,0.0
SPXW,2027-03-31,222,Put,6825.0,SPXW270331P06825000,135.2,135.9,135.55,130.45,0.0,0.0,0.0,14.0,0.2146,-0.1821,0.0002,15.9103,-0.749,-9.1466,135.7373,0.0,0.0,0.0,142.599998474121,down,2026-08-13T10:50:01,0.0,0.0
SPXW,2027-03-31,222,Call,6830.0,SPXW270331C06830000,1116.0,1126.1,1121.05,1089.0,0.0,0.0,0.0,59.0,0.2137,0.8189,0.0002,15.9561,-0.684,31.0182,1120.3588,0.0,0.0,0.0,1105.14996337891,no_change,2026-08-03T14:53:26,0.0,0.0
SPXW,2027-03-31,222,Put,6830.0,SPXW270331P06830000,135.8,136.6,136.2,141.41,0.0,0.0,0.0,21.0,0.2143,-0.183,0.0002,15.9561,-0.7502,-9.1899,136.3629,0.0,0.0,0.0,143.25,down,2026-08-11T16:06:25,0.0,0.0
SPXW,2027-03-31,222,Call,6835.0,SPXW270331C06835000,1111.7,1121.9,1116.8000000000002,0.0,0.0,0.0,0.0,0.0,0.2134,0.8181,0.0002,16.002,-0.6854,31.004,1116.1188,0.0,0.0,0.0,1100.95001220703,no_change,,0.0,0.0
SPXW,2027-03-31,222,Put,6835.0,SPXW270331P06835000,136.4,137.2,136.8,249.8,0.0,0.0,0.0,5.0,0.2139,-0.1838,0.0002,16.002,-0.7513,-9.2334,136.9916,0.0,0.0,0.0,143.900001525879,no_change,2026-06-11T13:43:20,0.0,0.0
SPXW,2027-03-31,222,Call,6840.0,SPXW270331C06840000,1107.5,1117.7,1112.6,0.0,0.0,0.0,0.0,0.0,0.2131,0.8172,0.0002,16.0479,-0.6869,30.9897,1111.882,0.0,0.0,0.0,1096.75,no_change,,0.0,0.0
SPXW,2027-03-31,222,Put,6840.0,SPXW270331P06840000,137.0,137.8,137.4,182.4,0.0,0.0,0.0,69.0,0.2137,-0.1847,0.0002,16.0479,-0.7525,-9.2772,137.6235,0.0,0.0,0.0,144.549995422363,down,2026-07-10T14:25:23,0.0,0.0
SPXW,2027-03-31,222,Call,6845.0,SPXW270331C06845000,1103.3,1113.5,1108.4,1167.83,0.0,0.0,0.0,0.0,0.2128,0.8163,0.0002,16.0939,-0.6884,30.9751,1107.6485,0.0,0.0,0.0,1092.5,up,2026-08-11T14:31:14,0.0,0.0
SPXW,2027-03-31,222,Put,6845.0,SPXW270331P06845000,137.7,138.5,138.1,144.15,0.0,0.0,0.0,28.0,0.2134,-0.1856,0.0002,16.0939,-0.7536,-9.321,138.2586,0.0,0.0,0.0,145.199996948242,down,2026-08-11T14:31:14,0.0,0.0
SPXW,2027-03-31,222,Call,6850.0,SPXW270331C06850000,1099.1,1109.2,1104.15,1035.98,0.0,0.0,0.0,52.0,0.2125,0.8154,0.0002,16.14,-0.6898,30.9603,1103.4181,0.0,0.0,0.0,1088.30004882812,up,2026-06-22T15:53:44,0.0,0.0
SPXW,2027-03-31,222,Put,6850.0,SPXW270331P06850000,138.3,139.1,138.7,145.74,0.0,0.0,0.0,26.0,0.213,-0.1865,0.0002,16.14,-0.7548,-9.3651,138.8969,0.0,0.0,0.0,145.900001525879,up,2026-08-18T12:31:05,0.0,0.0
SPXW,2027-03-31,222,Call,6855.0,SPXW270331C06855000,1094.9,1105.0,1099.95,698.4,0.0,0.0,0.0,5.0,0.2122,0.8145,0.0002,16.1861,-0.6913,30.9453,1099.191,0.0,0.0,0.0,1084.09997558594,up,2026-04-15T10:40:00,0.0,0.0
SPXW,2027-03-31,222,Put,6855.0,SPXW270331P06855000,139.0,139.7,139.35,208.3,0.0,0.0,0.0,10.0,0.2128,-0.1874,0.0002,16.1861,-0.7559,-9.4094,139.5385,0.0,0.0,0.0,146.549995422363,down,2026-07-27T10:55:24,0.0,0.0
SPXW,2027-03-31,222,Call,6860.0,SPXW270331C06860000,1090.6,1100.8,1095.6999999999998,876.99,0.0,0.0,0.0,1.0,0.2119,0.8136,0.0002,16.2324,-0.6928,30.9301,1094.9671,0.0,0.0,0.0,1079.90002441406,down,2026-07-29T12:02:50,0.0,0.0
SPXW,2027-03-31,222,Put,6860.0,SPXW270331P06860000,139.6,140.4,140.0,140.2,-7.0,-4.75543,1.0,27.0,0.2124,-0.1883,0.0002,16.2324,-0.757,-9.454,140.1833,140.2,140.2,140.2,147.199996948242,up,2026-08-21T12:50:14,0.0,0.0
SPXW,2027-03-31,222,Call,6865.0,SPXW270331C06865000,1086.3,1096.6,1091.4499999999998,676.2,0.0,0.0,0.0,6.0,0.2115,0.8127,0.0002,16.2787,-0.6942,30.9147,1090.7466,0.0,0.0,0.0,1075.69995117188,up,2026-04-14T15:45:43,0.0,0.0
SPXW,2027-03-31,222,Put,6865.0,SPXW270331P06865000,140.3,141.0,140.65,214.0,0.0,0.0,0.0,17.0,0.2121,-0.1892,0.0002,16.2787,-0.7581,-9.4987,140.8315,0.0,0.0,0.0,147.900001525879,down,2026-07-24T15:32:43,0.0,0.0
SPXW,2027-03-31,222,Call,6870.0,SPXW270331C06870000,1082.0,1092.3,1087.15,1031.7,0.0,0.0,0.0,1.0,0.2112,0.8118,0.0002,16.3251,-0.6956,30.899,1086.5293,0.0,0.0,0.0,1071.5,up,2026-07-16T09:44:40,0.0,0.0
SPXW,2027-03-31,222,Put,6870.0,SPXW270331P06870000,140.9,141.7,141.3,186.88,0.0,0.0,0.0,49.0,0.2118,-0.1901,0.0002,16.3251,-0.7592,-9.5437,141.4829,0.0,0.0,0.0,148.549995422363,no_change,2026-07-16T11:36:02,0.0,0.0
SPXW,2027-03-31,222,Call,6875.0,SPXW270331C06875000,1078.0,1088.1,1083.05,573.79,0.0,0.0,0.0,110.0,0.2109,0.8109,0.0002,16.3717,-0.6971,30.8831,1082.3154,0.0,0.0,0.0,1067.35003662109,no_change,2026-04-09T14:42:35,0.0,0.0
SPXW,2027-03-31,222,Put,6875.0,SPXW270331P06875000,141.6,142.3,141.95,147.26,0.0,0.0,0.0,155.0,0.2115,-0.191,0.0002,16.3717,-0.7604,-9.589,142.1376,0.0,0.0,0.0,149.25,down,2026-08-20T13:45:53,0.0,0.0
SPXW,2027-03-31,222,Call,6880.0,SPXW270331C06880000,1073.8,1083.8,1078.8,999.36,0.0,0.0,0.0,20.0,0.2106,0.81,0.0002,16.4183,-0.6985,30.8669,1078.1048,0.0,0.0,0.0,1063.19995117188,down,2026-06-08T12:27:42,0.0,0.0
SPXW,2027-03-31,222,Put,6880.0,SPXW270331P06880000,142.2,143.0,142.6,242.43,0.0,0.0,0.0,15.0,0.2112,-0.1919,0.0002,16.4183,-0.7615,-9.6344,142.7957,0.0,0.0,0.0,149.950004577637,up,2026-06-08T09:31:50,0.0,0.0
SPXW,2027-03-31,222,Call,6885.0,SPXW270331C06885000,1069.6,1079.6,1074.6,0.0,0.0,0.0,0.0,0.0,0.2103,0.8091,0.0002,16.465,-0.7,30.8505,1073.8976,0.0,0.0,0.0,1059.0,no_change,,0.0,0.0
SPXW,2027-03-31,222,Put,6885.0,SPXW270331P06885000,142.9,143.7,143.3,310.58,0.0,0.0,0.0,19.0,0.2109,-0.1928,0.0002,16.465,-0.7626,-9.6802,143.4572,0.0,0.0,0.0,150.599998474121,up,2026-05-04T11:16:56,0.0,0.0
SPXW,2027-03-31,222,Call,6890.0,SPXW270331C06890000,1065.2,1075.4,1070.3000000000002,929.45,0.0,0.0,0.0,11.0,0.21,0.8081,0.0002,16.5118,-0.7014,30.8338,1069.6937,0.0,0.0,0.0,1054.85003662109,down,2026-07-31T12:34:38,0.0,0.0
SPXW,2027-03-31,222,Put,6890.0,SPXW270331P06890000,143.5,144.3,143.9,151.07,0.0,0.0,0.0,15.0,0.2106,-0.1938,0.0002,16.5118,-0.7637,-9.7262,144.122,0.0,0.0,0.0,151.300003051758,down,2026-08-20T15:52:10,0.0,0.0
SPXW,2027-03-31,222,Call,6895.0,SPXW270331C06895000,1061.0,1071.2,1066.1,0.0,0.0,0.0,0.0,0.0,0.2097,0.8072,0.0002,16.5588,-0.7028,30.8168,1065.4934,0.0,0.0,0.0,1050.64996337891,no_change,,0.0,0.0
SPXW,2027-03-31,222,Put,6895.0,SPXW270331P06895000,144.2,145.0,144.6,210.02,0.0,0.0,0.0,10.0,0.2103,-0.1947,0.0002,16.5588,-0.7648,-9.7725,144.7903,0.0,0.0,0.0,152.0,down,2026-07-29T15:12:27,0.0,0.0
SPXW,2027-03-31,222,Call,6900.0,SPXW270331C06900000,1057.0,1067.0,1062.0,853.93,0.0,0.0,0.0,279.0,0.2094,0.8063,0.0002,16.6058,-0.7042,30.7996,1061.2964,0.0,0.0,0.0,1046.45001220703,up,2026-07-29T10:48:00,0.0,0.0
SPXW,2027-03-31,222,Put,6900.0,SPXW270331P06900000,144.9,145.7,145.3,152.42,0.0,0.0,0.0,143.0,0.21,-0.1956,0.0002,16.6058,-0.7659,-9.8191,145.4621,0.0,0.0,0.0,152.699996948242,up,2026-08-20T15:52:10,0.0,0.0
SPXW,2027-03-31,222,Call,6905.0,SPXW270331C06905000,1052.9,1062.8,1057.85,668.2,0.0,0.0,0.0,6.0,0.2091,0.8054,0.0002,16.653,-0.7057,30.782,1057.103,0.0,0.0,0.0,1042.35003662109,up,2026-04-15T10:33:34,0.0,0.0
SPXW,2027-03-31,222,Put,6905.0,SPXW270331P06905000,145.6,146.3,145.95,224.09,0.0,0.0,0.0,11.0,0.2096,-0.1965,0.0002,16.653,-0.767,-9.8659,146.1373,0.0,0.0,0.0,153.400001525879,up,2026-07-29T11:32:39,0.0,0.0
SPXW,2027-03-31,222,Call,6910.0,SPXW270331C06910000,1048.7,1058.6,1053.65,957.83,0.0,0.0,0.0,0.0,0.2088,0.8044,0.0002,16.7002,-0.7071,30.7642,1052.913,0.0,0.0,0.0,1038.14996337891,up,2026-07-17T12:14:42,0.0,0.0
SPXW,2027-03-31,222,Put,6910.0,SPXW270331P06910000,146.2,147.0,146.6,225.51,0.0,0.0,0.0,35.0,0.2094,-0.1975,0.0002,16.7002,-0.7681,-9.9131,146.816,0.0,0.0,0.0,154.099998474121,down,2026-07-29T11:31:45,0.0,0.0
SPXW,2027-03-31,222,Call,6915.0,SPXW270331C06915000,1044.4,1054.5,1049.45,639.0,0.0,0.0,0.0,6.0,0.2085,0.8035,0.0002,16.7476,-0.7085,30.746,1048.7266,0.0,0.0,0.0,1033.95001220703,up,2026-04-14T14:09:02,0.0,0.0
SPXW,2027-03-31,222,Put,6915.0,SPXW270331P06915000,146.9,147.7,147.3,149.85,0.0,0.0,0.0,4.0,0.209,-0.1984,0.0002,16.7476,-0.7691,-9.9606,147.4983,0.0,0.0,0.0,154.800003051758,up,2026-08-10T09:34:24,0.0,0.0
SPXW,2027-03-31,222,Call,6920.0,SPXW270331C06920000,1040.3,1050.3,1045.3,448.5,0.0,0.0,0.0,54.0,0.2082,0.8025,0.0002,16.795,-0.7099,30.7276,1044.5437,0.0,0.0,0.0,1029.85003662109,up,2026-04-01T11:50:30,0.0,0.0
SPXW,2027-03-31,222,Put,6920.0,SPXW270331P06920000,147.6,148.4,148.0,152.31,0.0,0.0,0.0,12.0,0.2087,-0.1994,0.0002,16.795,-0.7702,-10.0083,148.1841,0.0,0.0,0.0,155.5,down,2026-08-06T10:10:36,0.0,0.0
SPXW,2027-03-31,222,Call,6925.0,SPXW270331C06925000,1036.2,1046.1,1041.15,635.8,0.0,0.0,0.0,50.0,0.2079,0.8016,0.0002,16.8425,-0.7113,30.7088,1040.3645,0.0,0.0,0.0,1025.69998168945,up,2026-04-14T15:45:43,0.0,0.0
SPXW,2027-03-31,222,Put,6925.0,SPXW270331P06925000,148.3,149.1,148.7,152.29,0.0,0.0,0.0,15.0,0.2084,-0.2003,0.0002,16.8425,-0.7713,-10.0564,148.8735,0.0,0.0,0.0,156.25,down,2026-08-06T10:57:49,0.0,0.0
SPXW,2027-03-31,222,Call,6930.0,SPXW270331C06930000,1031.9,1041.9,1036.9,927.13,0.0,0.0,0.0,10.0,0.2076,0.8006,0.0002,16.8901,-0.7127,30.6897,1036.1888,0.0,0.0,0.0,1021.54998779297,down,2026-07-17T11:17:04,0.0,0.0
SPXW,2027-03-31,222,Put,6930.0,SPXW270331P06930000,149.0,149.8,149.4,161.44,0.0,0.0,0.0,25.0,0.2082,-0.2013,0.0002,16.8901,-0.7724,-10.1048,149.5666,0.0,0.0,0.0,157.0,down,2026-08-04T11:20:36,0.0,0.0
SPXW,2027-03-31,222,Call,6935.0,SPXW270331C06935000,1027.8,1037.7,1032.75,676.3,0.0,0.0,0.0,270.0,0.2073,0.7996,0.0002,16.9378,-0.7141,30.6703,1032.0169,0.0,0.0,0.0,1017.39999389648,up,2026-04-16T14:22:57,0.0,0.0
SPXW,2027-03-31,222,Put,6935.0,SPXW270331P06935000,149.9,150.5,150.2,149.9,-7.8,-4.9461,6.0,360.0,0.2078,-0.2023,0.0002,16.9378,-0.7734,-10.1535,150.2633,149.9,149.9,149.9,157.699996948242,down,2026-08-21T16:14:57,0.0,0.0
SPXW,2027-03-31,222,Call,6940.0,SPXW270331C06940000,1023.7,1033.6,1028.65,874.52,0.0,0.0,0.0,6.0,0.207,0.7987,0.0002,16.9856,-0.7155,30.6506,1027.8486,0.0,0.0,0.0,1013.25,up,2026-07-28T11:30:47,0.0,0.0
SPXW,2027-03-31,222,Put,6940.0,SPXW270331P06940000,150.4,151.2,150.8,149.22,0.0,0.0,0.0,19.0,0.2075,-0.2032,0.0002,16.9856,-0.7745,-10.2025,150.9637,0.0,0.0,0.0,158.400001525879,down,2026-08-19T11:17:11,0.0,0.0
SPXW,2027-03-31,222,Call,6945.0,SPXW270331C06945000,1019.4,1029.4,1024.4,0.0,0.0,0.0,0.0,0.0,0.2066,0.7977,0.0002,17.0334,-0.7169,30.6306,1023.684,0.0,0.0,0.0,1009.10000610352,no_change,,0.0,0.0
SPXW,2027-03-31,222,Put,6945.0,SPXW270331P06945000,151.1,151.9,151.5,145.16,0.0,0.0,0.0,19.0,0.2072,-0.2042,0.0002,17.0334,-0.7755,-10.2518,151.6678,0.0,0.0,0.0,159.099998474121,up,2026-08-13T10:27:08,0.0,0.0
SPXW,2027-03-31,222,Call,6950.0,SPXW270331C06950000,1015.4,1025.2,1020.3,815.81,0.0,0.0,0.0,2.0,0.2064,0.7967,0.0002,17.0813,-0.7182,30.6103,1019.5232,0.0,0.0,0.0,1005.0,down,2026-07-29T11:51:15,0.0,0.0
SPXW,2027-03-31,222,Put,6950.0,SPXW270331P06950000,151.8,152.6,152.2,159.61,0.0,0.0,0.0,61.0,0.2069,-0.2052,0.0002,17.0813,-0.7766,-10.3015,152.3756,0.0,0.0,0.0,159.900001525879,down,2026-08-06T15:41:57,0.0,0.0
SPXW,2027-03-31,222,Call,6955.0,SPXW270331C06955000,1011.2,1021.1,1016.1500000000001,864.55,0.0,0.0,0.0,4.0,0.206,0.7957,0.0002,17.1292,-0.7196,30.5897,1015.3661,0.0,0.0,0.0,1000.89999389648,up,2026-07-23T10:46:22,0.0,0.0
SPXW,2027-03-31,222,Put,6955.0,SPXW270331P06955000,152.5,153.3,152.9,161.08,0.0,0.0,0.0,21.0,0.2066,-0.2062,0.0002,17.1292,-0.7776,-10.3514,153.0872,0.0,0.0,0.0,160.599998474121,down,2026-08-18T11:34:43,0.0,0.0
SPXW,2027-03-31,222,Call,6960.0,SPXW270331C06960000,1007.1,1016.9,1012.0,872.57,0.0,0.0,0.0,12.0,0.2058,0.7947,0.0002,17.1772,-0.721,30.5687,1011.2128,0.0,0.0,0.0,996.75,down,2026-07-27T09:58:50,0.0,0.0
SPXW,2027-03-31,222,Put,6960.0,SPXW270331P06960000,153.2,154.0,153.6,160.27,0.0,0.0,0.0,6.0,0.2063,-0.2072,0.0002,17.1772,-0.7787,-10.4017,153.8027,0.0,0.0,0.0,161.400001525879,up,2026-08-06T16:05:58,0.0,0.0
SPXW,2027-03-31,222,Call,6965.0,SPXW270331C06965000,1002.9,1012.8,1007.8499999999999,856.9,0.0,0.0,0.0,3.0,0.2054,0.7938,0.0002,17.2252,-0.7223,30.5475,1007.0634,0.0,0.0,0.0,992.649993896484,down,2026-07-23T10:46:22,0.0,0.0
SPXW,2027-03-31,222,Put,6965.0,SPXW270331P06965000,153.9,154.7,154.3,226.91,0.0,0.0,0.0,5.0,0.206,-0.2081,0.0002,17.2252,-0.7797,-10.4523,154.5219,0.0,0.0,0.0,162.099998474121,down,2026-07-20T16:02:58,0.0,0.0
SPXW,2027-03-31,222,Call,6970.0,SPXW270331C06970000,998.8,1008.6,1003.7,985.27,0.0,0.0,0.0,35.0,0.2052,0.7928,0.0002,17.2732,-0.7237,30.5259,1002.9178,0.0,0.0,0.0,988.5,up,2026-05-27T13:15:57,0.0,0.0
SPXW,2027-03-31,222,Put,6970.0,SPXW270331P06970000,154.7,155.5,155.1,163.98,0.0,0.0,0.0,3.0,0.2056,-0.2091,0.0002,17.2732,-0.7807,-10.5031,155.245,0.0,0.0,0.0,162.800003051758,down,2026-08-18T10:13:58,0.0,0.0
SPXW,2027-03-31,222,Call,6975.0,SPXW270331C06975000,994.5,1004.5,999.5,953.08,0.0,0.0,0.0,43.0,0.2049,0.7917,0.0002,17.3213,-0.725,30.504,998.7761,0.0,0.0,0.0,984.399993896484,down,2026-08-03T12:47:48,0.0,0.0
SPXW,2027-03-31,222,Put,6975.0,SPXW270331P06975000,155.4,156.2,155.8,157.28,0.0,0.0,0.0,32.0,0.2054,-0.2101,0.0002,17.3213,-0.7818,-10.5543,155.972,0.0,0.0,0.0,163.599998474121,down,2026-08-11T11:00:01,0.0,0.0
SPXW,2027-03-31,222,Call,6980.0,SPXW270331C06980000,990.5,1000.3,995.4,1054.81,0.0,0.0,0.0,3.0,0.2045,0.7907,0.0002,17.3693,-0.7264,30.4819,994.6384,0.0,0.0,0.0,980.300018310547,up,2026-08-11T15:09:25,0.0,0.0
SPXW,2027-03-31,222,Put,6980.0,SPXW270331P06980000,156.1,156.9,156.5,150.42,0.0,0.0,0.0,14.0,0.205,-0.2112,0.0002,17.3693,-0.7828,-10.6058,156.7029,0.0,0.0,0.0,164.400001525879,down,2026-08-13T10:04:01,0.0,0.0
SPXW,2027-03-31,222,Call,6985.0,SPXW270331C06985000,986.3,996.2,991.25,885.95,0.0,0.0,0.0,0.0,0.2042,0.7897,0.0002,17.4173,-0.7277,30.4595,990.5046,0.0,0.0,0.0,976.149993896484,down,2026-07-17T11:04:05,0.0,0.0
SPXW,2027-03-31,222,Put,6985.0,SPXW270331P06985000,156.9,157.7,157.3,162.0,0.0,0.0,0.0,35.0,0.2047,-0.2122,0.0002,17.4173,-0.7838,-10.6575,157.4378,0.0,0.0,0.0,165.099998474121,down,2026-08-05T09:39:39,0.0,0.0
SPXW,2027-03-31,222,Call,6990.0,SPXW270331C06990000,982.3,992.1,987.2,921.09,0.0,0.0,0.0,2.0,0.204,0.7887,0.0002,17.4654,-0.7291,30.4368,986.3747,0.0,0.0,0.0,972.050018310547,down,2026-06-22T15:25:50,0.0,0.0
SPXW,2027-03-31,222,Put,6990.0,SPXW270331P06990000,157.6,158.4,158.0,156.64,0.0,0.0,0.0,40.0,0.2044,-0.2132,0.0002,17.4654,-0.7848,-10.7095,158.1766,0.0,0.0,0.0,165.900001525879,up,2026-08-19T11:21:47,0.0,0.0
SPXW,2027-03-31,222,Call,6995.0,SPXW270331C06995000,978.0,988.0,983.0,0.0,0.0,0.0,0.0,0.0,0.2036,0.7877,0.0002,17.5134,-0.7304,30.4138,982.2489,0.0,0.0,0.0,967.949981689453,no_change,,0.0,0.0
SPXW,2027-03-31,222,Put,6995.0,SPXW270331P06995000,158.3,159.1,158.7,243.79,0.0,0.0,0.0,6.0,0.2041,-0.2142,0.0002,17.5134,-0.7858,-10.7618,158.9195,0.0,0.0,0.0,166.649993896484,down,2026-06-29T13:09:36,0.0,0.0
SPXW,2027-03-31,222,Call,7000.0,SPXW270331C07000000,974.1,983.8,978.95,1038.43,0.0,0.0,0.0,238.0,0.2033,0.7867,0.0002,17.5613,-0.7317,30.3907,978.1271,0.0,0.0,0.0,963.899993896484,down,2026-08-11T14:31:14,0.0,0.0
SPXW,2027-03-31,222,Put,7000.0,SPXW270331P07000000,159.1,159.9,159.5,161.76,-5.64,-3.36918,10.0,565.0,0.2038,-0.2152,0.0002,17.5613,-0.7868,-10.8143,159.6664,162.83,162.83,161.76,167.400001525879,down,2026-08-21T10:11:03,0.0,0.0
SPXW,2027-03-31,222,Call,7005.0,SPXW270331C07005000,969.9,979.7,974.8,0.0,0.0,0.0,0.0,0.0,0.203,0.7856,0.0002,17.6093,-0.733,30.3673,974.0093,0.0,0.0,0.0,959.799987792969,no_change,,0.0,0.0
SPXW,2027-03-31,222,Put,7005.0,SPXW270331P07005000,159.8,160.6,160.2,226.58,0.0,0.0,0.0,47.0,0.2035,-0.2163,0.0002,17.6093,-0.7878,-10.8669,160.4173,0.0,0.0,0.0,168.199996948242,down,2026-06-30T15:11:23,0.0,0.0
SPXW,2027-03-31,222,Call,7010.0,SPXW270331C07010000,965.8,975.6,970.7,822.27,0.0,0.0,0.0,57.0,0.2027,0.7846,0.0002,17.6572,-0.7344,30.3436,969.8956,0.0,0.0,0.0,955.700012207031,down,2026-07-23T10:48:22,0.0,0.0
SPXW,2027-03-31,222,Put,7010.0,SPXW270331P07010000,160.6,161.4,161.0,160.88,0.0,0.0,0.0,7.0,0.2032,-0.2173,0.0002,17.6572,-0.7888,-10.92,161.1722,0.0,0.0,0.0,169.0,down,2026-08-10T11:24:59,0.0,0.0
SPXW,2027-03-31,222,Call,7015.0,SPXW270331C07015000,961.7,971.5,966.6,869.71,0.0,0.0,0.0,1.0,0.2024,0.7836,0.0002,17.705,-0.7357,30.3197,965.786,0.0,0.0,0.0,951.600006103516,up,2026-07-08T09:58:22,0.0,0.0
SPXW,2027-03-31,222,Put,7015.0,SPXW270331P07015000,161.4,162.2,161.8,156.45,0.0,0.0,0.0,2.0,0.2029,-0.2184,0.0002,17.705,-0.7898,-10.9732,161.9313,0.0,0.0,0.0,169.800003051758,down,2026-08-13T15:33:38,0.0,0.0
SPXW,2027-03-31,222,Call,7020.0,SPXW270331C07020000,957.5,967.4,962.45,924.28,0.0,0.0,0.0,27.0,0.2021,0.7825,0.0002,17.7528,-0.737,30.2955,961.6805,0.0,0.0,0.0,947.600006103516,up,2026-08-03T13:27:25,0.0,0.0
SPXW,2027-03-31,222,Put,7020.0,SPXW270331P07020000,162.1,162.9,162.5,197.48,0.0,0.0,0.0,22.0,0.2026,-0.2194,0.0002,17.7528,-0.7907,-11.0267,162.6945,0.0,0.0,0.0,170.599998474121,down,2026-08-03T09:50:10,0.0,0.0
SPXW,2027-03-31,222,Call,7025.0,SPXW270331C07025000,953.6,963.3,958.45,962.22,0.0,0.0,0.0,134.0,0.2018,0.7814,0.0002,17.8005,-0.7383,30.2712,957.5791,0.0,0.0,0.0,943.5,down,2026-08-04T09:49:12,0.0,0.0
SPXW,2027-03-31,222,Put,7025.0,SPXW270331P07025000,162.9,163.7,163.3,164.03,-7.32,-4.27196,2.0,95.0,0.2023,-0.2204,0.0002,17.8005,-0.7917,-11.0804,163.4618,164.03,164.03,164.03,171.350006103516,no_change,2026-08-21T10:58:25,0.0,0.0
SPXW,2027-03-31,222,Call,7030.0,SPXW270331C07030000,949.3,959.2,954.25,828.36,0.0,0.0,0.0,29.0,0.2015,0.7804,0.0002,17.8482,-0.7396,30.2466,953.482,0.0,0.0,0.0,939.399993896484,down,2026-07-27T09:48:01,0.0,0.0
SPXW,2027-03-31,222,Put,7030.0,SPXW270331P07030000,163.7,164.5,164.1,160.07,0.0,0.0,0.0,52.0,0.202,-0.2215,0.0002,17.8482,-0.7927,-11.1343,164.2333,0.0,0.0,0.0,172.149993896484,up,2026-08-13T11:45:53,0.0,0.0
SPXW,2027-03-31,222,Call,7040.0,SPXW270331C07040000,941.3,951.0,946.15,857.19,0.0,0.0,0.0,2.0,0.2009,0.7782,0.0002,17.9433,-0.7421,30.1969,945.3002,0.0,0.0,0.0,931.299987792969,down,2026-07-17T12:21:02,0.0,0.0
SPXW,2027-03-31,222,Put,7040.0,SPXW270331P07040000,165.2,166.0,165.6,194.85,0.0,0.0,0.0,18.0,0.2014,-0.2236,0.0002,17.9433,-0.7946,-11.2426,165.7889,0.0,0.0,0.0,173.75,down,2026-08-03T10:44:08,0.0,0.0
SPXW,2027-03-31,222,Call,7050.0,SPXW270331C07050000,933.1,942.8,937.95,1001.41,0.0,0.0,0.0,170.0,0.2003,0.7761,0.0002,18.0382,-0.7447,30.1464,937.1353,0.0,0.0,0.0,923.150024414062,up,2026-08-04T12:31:10,0.0,0.0
SPXW,2027-03-31,222,Put,7050.0,SPXW270331P07050000,166.8,167.6,167.2,167.98,-7.42,-4.23033,2.0,544.0,0.2008,-0.2258,0.0002,18.0382,-0.7965,-11.3517,167.3614,167.98,167.98,167.98,175.400001525879,no_change,2026-08-21T10:58:25,0.0,0.0
SPXW,2027-03-31,222,Call,7060.0,SPXW270331C07060000,924.2,934.7,929.45,784.5,0.0,0.0,0.0,5.0,0.1997,0.7739,0.0002,18.1328,-0.7472,30.0952,928.9875,0.0,0.0,0.0,915.049987792969,up,2026-07-28T11:41:50,0.0,0.0
SPXW,2027-03-31,222,Put,7060.0,SPXW270331P07060000,168.4,169.2,168.8,161.77,0.0,0.0,0.0,22.0,0.2002,-0.228,0.0002,18.1328,-0.7983,-11.4615,168.951,0.0,0.0,0.0,177.0,down,2026-08-13T10:04:07,0.0,0.0
SPXW,2027-03-31,222,Call,7070.0,SPXW270331C07070000,916.9,926.6,921.75,771.98,0.0,0.0,0.0,6.0,0.1991,0.7717,0.0003,18.2272,-0.7497,30.0432,920.8569,0.0,0.0,0.0,907.049987792969,down,2026-07-31T11:07:03,0.0,0.0
SPXW,2027-03-31,222,Put,7070.0,SPXW270331P07070000,170.0,170.8,170.4,173.4,0.0,0.0,0.0,30.0,0.1996,-0.2302,0.0003,18.2272,-0.8002,-11.5721,170.5577,0.0,0.0,0.0,178.699996948242,down,2026-08-11T09:45:39,0.0,0.0
SPXW,2027-03-31,222,Call,7080.0,SPXW270331C07080000,908.8,918.5,913.65,307.16,0.0,0.0,0.0,37.0,0.1985,0.7695,0.0003,18.3214,-0.7522,29.9906,912.7437,0.0,0.0,0.0,898.950012207031,down,2026-03-27T11:29:15,0.0,0.0
SPXW,2027-03-31,222,Put,7080.0,SPXW270331P07080000,171.6,172.4,172.0,191.06,0.0,0.0,0.0,3.0,0.1989,-0.2324,0.0003,18.3214,-0.802,-11.6835,172.1819,0.0,0.0,0.0,180.300003051758,down,2026-08-04T09:52:03,0.0,0.0
SPXW,2027-03-31,222,Call,7090.0,SPXW270331C07090000,899.9,910.4,905.15,937.95,0.0,0.0,0.0,9.0,0.1979,0.7673,0.0003,18.4154,-0.7546,29.937,904.6481,0.0,0.0,0.0,890.899993896484,down,2026-08-18T15:46:55,0.0,0.0
SPXW,2027-03-31,222,Put,7090.0,SPXW270331P07090000,173.2,174.0,173.6,174.98,0.0,0.0,0.0,197.0,0.1983,-0.2346,0.0003,18.4154,-0.8038,-11.7956,173.8237,0.0,0.0,0.0,181.950004577637,down,2026-08-07T15:21:47,0.0,0.0
SPXW,2027-03-31,222,Call,7100.0,SPXW270331C07100000,891.9,902.3,897.0999999999999,926.64,0.0,0.0,0.0,106.0,0.1972,0.765,0.0003,18.5093,-0.757,29.8827,896.5703,0.0,0.0,0.0,882.899993896484,up,2026-08-18T16:10:32,0.0,0.0
SPXW,2027-03-31,222,Put,7100.0,SPXW270331P07100000,174.9,175.7,175.3,184.05,0.0,0.0,0.0,940.0,0.1977,-0.2369,0.0003,18.5093,-0.8055,-11.9086,175.4832,0.0,0.0,0.0,183.650001525879,up,2026-08-20T15:11:26,0.0,0.0
SPXW,2027-03-31,222,Call,7110.0,SPXW270331C07110000,884.6,894.2,889.4000000000001,742.3,0.0,0.0,0.0,29.0,0.1967,0.7627,0.0003,18.6032,-0.7594,29.8274,888.5104,0.0,0.0,0.0,874.899993896484,down,2026-07-29T14:52:41,0.0,0.0
SPXW,2027-03-31,222,Put,7110.0,SPXW270331P07110000,176.6,177.4,177.0,172.37,0.0,0.0,0.0,54.0,0.1971,-0.2392,0.0003,18.6032,-0.8073,-12.0225,177.1606,0.0,0.0,0.0,185.5,down,2026-08-14T12:03:53,0.0,0.0
SPXW,2027-03-31,222,Call,7120.0,SPXW270331C07120000,875.9,886.2,881.05,885.13,18.18,2.09701,1.0,10.0,0.1961,0.7604,0.0003,18.697,-0.7618,29.7711,880.4686,885.13,885.13,885.13,866.949981689453,down,2026-08-21T15:58:58,0.0,0.0
SPXW,2027-03-31,222,Put,7120.0,SPXW270331P07120000,178.3,179.1,178.7,177.79,-9.36,-5.00134,25.0,267.0,0.1965,-0.2415,0.0003,18.697,-0.809,-12.1375,178.8563,180.86,180.86,177.79,187.150001525879,down,2026-08-21T15:58:58,0.0,0.0
SPXW,2027-03-31,222,Call,7130.0,SPXW270331C07130000,868.6,878.2,873.4000000000001,867.61,0.0,0.0,0.0,21.0,0.1954,0.7581,0.0003,18.7909,-0.7641,29.7136,872.4453,0.0,0.0,0.0,858.949981689453,down,2026-08-20T14:02:51,0.0,0.0
SPXW,2027-03-31,222,Put,7130.0,SPXW270331P07130000,180.0,180.8,180.4,175.73,0.0,0.0,0.0,35.0,0.1959,-0.2438,0.0003,18.7909,-0.8107,-12.2536,180.5704,0.0,0.0,0.0,189.0,down,2026-08-13T12:15:07,0.0,0.0
SPXW,2027-03-31,222,Call,7140.0,SPXW270331C07140000,860.6,870.2,865.4000000000001,876.02,0.0,0.0,0.0,3.0,0.1948,0.7557,0.0003,18.8849,-0.7664,29.6549,864.4407,0.0,0.0,0.0,851.0,up,2026-06-16T10:04:26,0.0,0.0
SPXW,2027-03-31,222,Put,7140.0,SPXW270331P07140000,181.7,182.5,182.1,176.47,0.0,0.0,0.0,78.0,0.1953,-0.2462,0.0003,18.8849,-0.8123,-12.3709,182.3031,0.0,0.0,0.0,190.800003051758,up,2026-08-14T13:23:11,0.0,0.0
SPXW,2027-03-31,222,Call,7150.0,SPXW270331C07150000,852.4,862.1,857.25,864.21,0.0,0.0,0.0,95.0,0.1943,0.7534,0.0003,18.979,-0.7687,29.5948,856.4551,0.0,0.0,0.0,843.050018310547,up,2026-08-20T13:12:05,0.0,0.0
SPXW,2027-03-31,222,Put,7150.0,SPXW270331P07150000,183.5,184.3,183.9,186.65,-5.95,-3.0893,2.0,259.0,0.1947,-0.2485,0.0003,18.979,-0.8139,-12.4896,184.0548,186.59,186.65,186.59,192.599998474121,up,2026-08-21T10:07:43,0.0,0.0
SPXW,2027-03-31,222,Call,7160.0,SPXW270331C07160000,844.6,854.2,849.4000000000001,705.62,0.0,0.0,0.0,9.0,0.1937,0.751,0.0003,19.0733,-0.7709,29.5333,848.4887,0.0,0.0,0.0,835.149993896484,down,2026-07-29T15:02:53,0.0,0.0
SPXW,2027-03-31,222,Put,7160.0,SPXW270331P07160000,185.2,186.0,185.6,191.73,0.0,0.0,0.0,85.0,0.1941,-0.2509,0.0003,19.0733,-0.8155,-12.6097,185.8258,0.0,0.0,0.0,194.349998474121,up,2026-08-18T14:28:51,0.0,0.0
SPXW,2027-03-31,222,Call,7170.0,SPXW270331C07170000,836.7,846.2,841.45,722.84,0.0,0.0,0.0,93.0,0.1931,0.7486,0.0003,19.1676,-0.7731,29.4703,840.5418,0.0,0.0,0.0,827.300018310547,down,2026-06-24T09:42:56,0.0,0.0
SPXW,2027-03-31,222,Put,7170.0,SPXW270331P07170000,187.0,187.8,187.4,183.08,0.0,0.0,0.0,24.0,0.1935,-0.2533,0.0003,19.1676,-0.8171,-12.7314,187.6163,0.0,0.0,0.0,196.199996948242,up,2026-08-17T12:07:30,0.0,0.0
SPXW,2027-03-31,222,Call,7180.0,SPXW270331C07180000,828.8,838.3,833.55,807.0,0.0,0.0,0.0,15.0,0.1924,0.7461,0.0003,19.262,-0.7753,29.4057,832.6149,0.0,0.0,0.0,819.399993896484,down,2026-06-18T13:14:45,0.0,0.0
SPXW,2027-03-31,222,Put,7180.0,SPXW270331P07180000,188.8,189.6,189.2,183.34,0.0,0.0,0.0,36.0,0.1929,-0.2558,0.0003,19.262,-0.8186,-12.8547,189.4268,0.0,0.0,0.0,198.049995422363,up,2026-08-14T11:14:04,0.0,0.0
SPXW,2027-03-31,222,Call,7190.0,SPXW270331C07190000,820.9,830.4,825.65,858.22,0.0,0.0,0.0,122.0,0.1918,0.7436,0.0003,19.3565,-0.7775,29.3394,824.7083,0.0,0.0,0.0,811.549987792969,up,2026-08-18T15:36:44,0.0,0.0
SPXW,2027-03-31,222,Put,7190.0,SPXW270331P07190000,190.7,191.5,191.1,184.5,0.0,0.0,0.0,145.0,0.1923,-0.2582,0.0003,19.3565,-0.8201,-12.9796,191.2575,0.0,0.0,0.0,199.950004577637,down,2026-08-13T14:30:56,0.0,0.0
SPXW,2027-03-31,222,Call,7200.0,SPXW270331C07200000,813.0,822.5,817.75,817.01,13.26,1.64977,2.0,216.0,0.1913,0.7412,0.0003,19.4509,-0.7796,29.2715,816.8223,814.23,817.01,814.23,803.75,up,2026-08-21T10:56:33,0.0,0.0
SPXW,2027-03-31,222,Put,7200.0,SPXW270331P07200000,192.5,193.3,192.9,201.09,0.0,0.0,0.0,165.0,0.1917,-0.2608,0.0003,19.4509,-0.8216,-13.1061,193.1088,0.0,0.0,0.0,201.900001525879,up,2026-08-20T15:54:05,0.0,0.0
SPXW,2027-03-31,222,Call,7210.0,SPXW270331C07210000,805.2,814.6,809.9000000000001,797.71,0.0,0.0,0.0,17.0,0.1907,0.7386,0.0003,19.5453,-0.7817,29.2019,808.9572,0.0,0.0,0.0,795.950012207031,down,2026-08-20T14:34:23,0.0,0.0
SPXW,2027-03-31,222,Put,7210.0,SPXW270331P07210000,194.4,195.2,194.8,202.02,0.0,0.0,0.0,34.0,0.1911,-0.2633,0.0003,19.5453,-0.823,-13.2343,194.9812,0.0,0.0,0.0,203.75,down,2026-08-06T15:54:31,0.0,0.0
SPXW,2027-03-31,222,Call,7220.0,SPXW270331C07220000,797.3,806.7,802.0,247.8,0.0,0.0,0.0,4.0,0.1901,0.7361,0.0003,19.6394,-0.7837,29.1308,801.1135,0.0,0.0,0.0,788.149993896484,down,2026-03-27T10:18:36,0.0,0.0
SPXW,2027-03-31,222,Put,7220.0,SPXW270331P07220000,196.3,197.1,196.7,190.45,0.0,0.0,0.0,53.0,0.1905,-0.2658,0.0003,19.6394,-0.8244,-13.3641,196.8748,0.0,0.0,0.0,205.700004577637,down,2026-08-13T11:49:34,0.0,0.0
SPXW,2027-03-31,222,Call,7230.0,SPXW270331C07230000,789.5,798.8,794.15,661.0,0.0,0.0,0.0,9.0,0.1895,0.7335,0.0003,19.7333,-0.7857,29.0581,793.2914,0.0,0.0,0.0,780.400024414062,down,2026-07-31T12:11:43,0.0,0.0
SPXW,2027-03-31,222,Put,7230.0,SPXW270331P07230000,198.2,199.0,198.6,195.3,0.0,0.0,0.0,31.0,0.1899,-0.2684,0.0003,19.7333,-0.8257,-13.4954,198.7901,0.0,0.0,0.0,207.650001525879,down,2026-08-12T15:29:43,0.0,0.0
SPXW,2027-03-31,222,Call,7240.0,SPXW270331C07240000,781.7,791.0,786.35,742.3,0.0,0.0,0.0,13.0,0.1889,0.7309,0.0003,19.8268,-0.7877,28.9839,785.4914,0.0,0.0,0.0,772.599975585938,down,2026-06-22T15:50:59,0.0,0.0
SPXW,2027-03-31,222,Put,7240.0,SPXW270331P07240000,200.1,201.0,200.55,206.13,0.0,0.0,0.0,21.0,0.1893,-0.271,0.0003,19.8268,-0.8271,-13.6282,200.7274,0.0,0.0,0.0,209.650001525879,up,2026-08-20T13:23:27,0.0,0.0
SPXW,2027-03-31,222,Call,7250.0,SPXW270331C07250000,773.8,783.2,778.5,820.83,0.0,0.0,0.0,75.0,0.1883,0.7283,0.0003,19.9198,-0.7896,28.9086,777.7135,0.0,0.0,0.0,764.900024414062,down,2026-08-19T14:41:14,0.0,0.0
SPXW,2027-03-31,222,Put,7250.0,SPXW270331P07250000,202.1,202.9,202.5,207.1,0.0,0.0,0.0,53.0,0.1887,-0.2736,0.0003,19.9198,-0.8283,-13.7622,202.6869,0.0,0.0,0.0,211.650001525879,no_change,2026-08-20T10:34:27,0.0,0.0
SPXW,2027-03-31,222,Call,7260.0,SPXW270331C07260000,766.2,775.5,770.85,812.82,0.0,0.0,0.0,10.0,0.1877,0.7257,0.0003,20.0122,-0.7916,28.8319,769.9583,0.0,0.0,0.0,757.200012207031,up,2026-08-19T14:34:01,0.0,0.0
SPXW,2027-03-31,222,Put,7260.0,SPXW270331P07260000,204.1,204.9,204.5,200.41,0.0,0.0,0.0,224.0,0.1881,-0.2762,0.0003,20.0122,-0.8296,-13.8975,204.669,0.0,0.0,0.0,213.700004577637,no_change,2026-08-12T15:10:05,0.0,0.0
SPXW,2027-03-31,222,Call,7270.0,SPXW270331C07270000,758.5,767.8,763.15,227.9,0.0,0.0,0.0,6.0,0.1871,0.723,0.0003,20.104,-0.7934,28.7541,762.2259,0.0,0.0,0.0,749.5,down,2026-03-27T10:18:40,0.0,0.0
SPXW,2027-03-31,222,Put,7270.0,SPXW270331P07270000,206.1,206.9,206.5,211.11,0.0,0.0,0.0,40.0,0.1875,-0.2789,0.0003,20.104,-0.8308,-14.034,206.674,0.0,0.0,0.0,215.75,down,2026-08-06T14:05:02,0.0,0.0
SPXW,2027-03-31,222,Call,7280.0,SPXW270331C07280000,750.8,760.1,755.45,836.74,0.0,0.0,0.0,16.0,0.1865,0.7203,0.0003,20.1952,-0.7952,28.6753,754.5166,0.0,0.0,0.0,741.850006103516,no_change,2026-08-12T15:10:05,0.0,0.0
SPXW,2027-03-31,222,Put,7280.0,SPXW270331P07280000,208.1,208.9,208.5,210.32,0.0,0.0,0.0,60.0,0.1869,-0.2816,0.0003,20.1952,-0.832,-14.1713,208.7021,0.0,0.0,0.0,217.849998474121,down,2026-08-07T14:27:59,0.0,0.0
SPXW,2027-03-31,222,Call,7290.0,SPXW270331C07290000,743.1,752.3,747.7,805.9,0.0,0.0,0.0,7.0,0.1859,0.7176,0.0003,20.2856,-0.797,28.5957,746.8307,0.0,0.0,0.0,734.25,up,2026-08-19T11:23:17,0.0,0.0
SPXW,2027-03-31,222,Put,7290.0,SPXW270331P07290000,210.1,211.0,210.55,212.98,0.0,0.0,0.0,13.0,0.1863,-0.2843,0.0003,20.2856,-0.8331,-14.3096,210.7535,0.0,0.0,0.0,219.950004577637,up,2026-08-06T10:10:36,0.0,0.0
SPXW,2027-03-31,222,Call,7300.0,SPXW270331C07300000,735.4,744.6,740.0,740.14,0.0,0.0,0.0,87.0,0.1854,0.7149,0.0003,20.3753,-0.7988,28.5151,739.1683,0.0,0.0,0.0,726.600006103516,down,2026-08-20T13:53:09,0.0,0.0
SPXW,2027-03-31,222,Put,7300.0,SPXW270331P07300000,212.2,213.0,212.6,218.2,0.0,0.0,0.0,66.0,0.1857,-0.287,0.0003,20.3753,-0.8342,-14.4488,212.8285,0.0,0.0,0.0,222.099998474121,down,2026-08-20T13:53:09,0.0,0.0
SPXW,2027-03-31,222,Call,7305.0,SPXW270331C07305000,731.6,740.8,736.2,636.96,0.0,0.0,0.0,18.0,0.1851,0.7135,0.0003,20.4198,-0.7996,28.4746,735.346,0.0,0.0,0.0,722.800018310547,down,2026-07-02T13:47:12,0.0,0.0
SPXW,2027-03-31,222,Put,7305.0,SPXW270331P07305000,213.2,214.1,213.64999999999998,205.49,0.0,0.0,0.0,19.0,0.1854,-0.2884,0.0003,20.4198,-0.8347,-14.5187,213.8749,0.0,0.0,0.0,223.150001525879,down,2026-08-14T11:02:44,0.0,0.0
SPXW,2027-03-31,222,Call,7310.0,SPXW270331C07310000,727.8,737.0,732.4,548.95,0.0,0.0,0.0,1.0,0.1848,0.7121,0.0003,20.4642,-0.8005,28.4338,731.5297,0.0,0.0,0.0,719.0,up,2026-07-29T12:02:50,0.0,0.0
SPXW,2027-03-31,222,Put,7310.0,SPXW270331P07310000,214.3,215.1,214.7,206.46,0.0,0.0,0.0,9.0,0.1852,-0.2898,0.0003,20.4642,-0.8352,-14.5888,214.9272,0.0,0.0,0.0,224.25,down,2026-08-14T11:02:44,0.0,0.0
SPXW,2027-03-31,222,Call,7315.0,SPXW270331C07315000,724.0,733.1,728.55,768.6,0.0,0.0,0.0,6.0,0.1845,0.7107,0.0003,20.5085,-0.8013,28.3928,727.7194,0.0,0.0,0.0,715.199981689453,up,2026-08-18T12:49:28,0.0,0.0
SPXW,2027-03-31,222,Put,7315.0,SPXW270331P07315000,215.3,216.2,215.75,211.44,0.0,0.0,0.0,5.0,0.1848,-0.2912,0.0003,20.5085,-0.8357,-14.6591,215.9856,0.0,0.0,0.0,225.299995422363,down,2026-08-19T11:17:11,0.0,0.0
SPXW,2027-03-31,222,Call,7320.0,SPXW270331C07320000,720.2,729.3,724.75,688.4,0.0,0.0,0.0,7.0,0.1842,0.7093,0.0003,20.5525,-0.8021,28.3516,723.9151,0.0,0.0,0.0,711.450012207031,up,2026-07-16T09:44:40,0.0,0.0
SPXW,2027-03-31,222,Put,7320.0,SPXW270331P07320000,216.4,217.2,216.8,261.08,0.0,0.0,0.0,3.0,0.1846,-0.2926,0.0003,20.5525,-0.8362,-14.7297,217.05,0.0,0.0,0.0,226.450004577637,down,2026-08-03T09:50:02,0.0,0.0
SPXW,2027-03-31,222,Call,7325.0,SPXW270331C07325000,716.4,725.5,720.95,751.64,0.0,0.0,0.0,9.0,0.1839,0.7079,0.0003,20.5964,-0.8029,28.3101,720.1169,0.0,0.0,0.0,707.699981689453,down,2026-08-18T15:18:01,0.0,0.0
SPXW,2027-03-31,222,Put,7325.0,SPXW270331P07325000,217.5,218.3,217.9,219.77,0.0,0.0,0.0,137.0,0.1843,-0.294,0.0003,20.5964,-0.8367,-14.8004,218.1205,0.0,0.0,0.0,227.450004577637,no_change,2026-08-06T11:08:45,0.0,0.0
SPXW,2027-03-31,222,Call,7330.0,SPXW270331C07330000,712.6,721.7,717.1500000000001,670.41,0.0,0.0,0.0,55.0,0.1836,0.7065,0.0003,20.6401,-0.8038,28.2684,716.3247,0.0,0.0,0.0,703.899993896484,up,2026-07-06T10:08:01,0.0,0.0
SPXW,2027-03-31,222,Put,7330.0,SPXW270331P07330000,218.5,219.4,218.95,221.78,0.0,0.0,0.0,7.0,0.184,-0.2954,0.0003,20.6401,-0.8372,-14.8714,219.197,0.0,0.0,0.0,228.599998474121,up,2026-08-06T11:09:18,0.0,0.0
SPXW,2027-03-31,222,Call,7335.0,SPXW270331C07335000,708.8,717.9,713.3499999999999,771.29,0.0,0.0,0.0,5.0,0.1833,0.7051,0.0003,20.6837,-0.8045,28.2264,712.5387,0.0,0.0,0.0,700.149993896484,up,2026-08-19T11:23:21,0.0,0.0
SPXW,2027-03-31,222,Put,7335.0,SPXW270331P07335000,219.6,220.5,220.05,223.27,0.0,0.0,0.0,79.0,0.1836,-0.2968,0.0003,20.6837,-0.8377,-14.9427,220.2797,0.0,0.0,0.0,229.699996948242,down,2026-08-06T10:54:35,0.0,0.0
SPXW,2027-03-31,222,Call,7340.0,SPXW270331C07340000,704.6,714.1,709.35,663.57,0.0,0.0,0.0,4.0,0.183,0.7036,0.0003,20.7271,-0.8053,28.1842,708.7589,0.0,0.0,0.0,696.399993896484,up,2026-07-01T11:10:27,0.0,0.0
SPXW,2027-03-31,222,Put,7340.0,SPXW270331P07340000,220.7,221.6,221.14999999999998,324.3,0.0,0.0,0.0,1.0,0.1834,-0.2982,0.0003,20.7271,-0.8381,-15.0142,221.3685,0.0,0.0,0.0,230.849998474121,down,2026-06-03T10:01:06,0.0,0.0
SPXW,2027-03-31,222,Call,7345.0,SPXW270331C07345000,701.3,710.4,705.8499999999999,710.0,17.35,2.50487,2.0,27.0,0.1827,0.7022,0.0003,20.7704,-0.8061,28.1418,704.9853,709.36,710.0,709.36,692.649993896484,up,2026-08-21T15:37:57,0.0,0.0
SPXW,2027-03-31,222,Put,7345.0,SPXW270331P07345000,221.8,222.6,222.2,231.62,0.0,0.0,0.0,14.0,0.1831,-0.2997,0.0003,20.7704,-0.8386,-15.086,222.4636,0.0,0.0,0.0,231.950004577637,up,2026-08-18T10:13:58,0.0,0.0
SPXW,2027-03-31,222,Call,7350.0,SPXW270331C07350000,697.4,706.6,702.0,803.06,0.0,0.0,0.0,154.0,0.1826,0.7008,0.0003,20.8136,-0.8069,28.099,701.2179,0.0,0.0,0.0,689.0,down,2026-08-13T12:13:01,0.0,0.0
SPXW,2027-03-31,222,Put,7350.0,SPXW270331P07350000,222.9,223.7,223.3,215.97,0.0,0.0,0.0,361.0,0.1828,-0.3011,0.0003,20.8136,-0.839,-15.1582,223.5649,0.0,0.0,0.0,233.049995422363,down,2026-08-17T11:03:47,0.0,0.0
SPXW,2027-03-31,222,Call,7355.0,SPXW270331C07355000,693.8,702.8,698.3,819.18,0.0,0.0,0.0,3.0,0.1824,0.6993,0.0003,20.8566,-0.8076,28.0558,697.4567,0.0,0.0,0.0,685.199981689453,down,2026-08-14T10:13:49,0.0,0.0
SPXW,2027-03-31,222,Put,7355.0,SPXW270331P07355000,224.0,224.8,224.4,485.46,0.0,0.0,0.0,2.0,0.1825,-0.3026,0.0003,20.8566,-0.8394,-15.2306,224.6724,0.0,0.0,0.0,234.150001525879,down,2026-04-28T12:17:36,0.0,0.0
SPXW,2027-03-31,222,Call,7360.0,SPXW270331C07360000,689.6,699.1,694.35,612.18,0.0,0.0,0.0,2.0,0.1821,0.6979,0.0003,20.8996,-0.8084,28.0124,693.7019,0.0,0.0,0.0,681.700012207031,up,2026-05-06T15:13:31,0.0,0.0
SPXW,2027-03-31,222,Put,7360.0,SPXW270331P07360000,225.1,225.9,225.5,351.0,0.0,0.0,0.0,2.0,0.1822,-0.304,0.0003,20.8996,-0.8398,-15.3034,225.7863,0.0,0.0,0.0,235.349998474121,down,2026-06-24T10:44:46,0.0,0.0
SPXW,2027-03-31,222,Call,7365.0,SPXW270331C07365000,686.3,695.3,690.8,731.73,0.0,0.0,0.0,10.0,0.1818,0.6964,0.0003,20.9424,-0.8091,27.9686,689.9535,0.0,0.0,0.0,678.0,down,2026-08-19T14:45:52,0.0,0.0
SPXW,2027-03-31,222,Put,7365.0,SPXW270331P07365000,226.2,227.1,226.64999999999998,222.44,0.0,0.0,0.0,49.0,0.1819,-0.3055,0.0003,20.9424,-0.8402,-15.3765,226.9065,0.0,0.0,0.0,236.450004577637,up,2026-08-19T11:21:47,0.0,0.0
SPXW,2027-03-31,222,Call,7370.0,SPXW270331C07370000,686.3,687.2,686.75,710.46,0.0,0.0,0.0,5.0,0.1815,0.695,0.0003,20.9851,-0.8098,27.9244,686.2114,0.0,0.0,0.0,674.0,up,2026-05-14T10:45:24,0.0,0.0
SPXW,2027-03-31,222,Put,7370.0,SPXW270331P07370000,227.3,228.2,227.75,224.22,0.0,0.0,0.0,3.0,0.1816,-0.3069,0.0003,20.9851,-0.8406,-15.45,228.0332,0.0,0.0,0.0,237.599998474121,up,2026-08-10T11:24:59,0.0,0.0
SPXW,2027-03-31,222,Call,7375.0,SPXW270331C07375000,682.6,683.5,683.05,719.66,0.0,0.0,0.0,7.0,0.1812,0.6935,0.0003,21.0276,-0.8105,27.8798,682.4759,0.0,0.0,0.0,670.350006103516,down,2026-08-18T12:35:36,0.0,0.0
SPXW,2027-03-31,222,Put,7375.0,SPXW270331P07375000,228.5,229.3,228.9,221.61,0.0,0.0,0.0,19.0,0.1813,-0.3084,0.0003,21.0276,-0.841,-15.5239,229.1663,0.0,0.0,0.0,238.75,down,2026-08-17T10:56:04,0.0,0.0
SPXW,2027-03-31,222,Call,7380.0,SPXW270331C07380000,678.6,679.8,679.2,700.6,0.0,0.0,0.0,7.0,0.1809,0.692,0.0003,21.0701,-0.8112,27.8347,678.7468,0.0,0.0,0.0,666.75,up,2026-08-20T09:46:40,0.0,0.0
SPXW,2027-03-31,222,Put,7380.0,SPXW270331P07380000,229.6,230.4,230.0,238.71,0.0,0.0,0.0,106.0,0.181,-0.3099,0.0003,21.0701,-0.8414,-15.5983,230.3059,0.0,0.0,0.0,239.950004577637,up,2026-08-18T11:10:40,0.0,0.0
SPXW,2027-03-31,222,Call,7385.0,SPXW270331C07385000,675.1,676.0,675.55,544.78,0.0,0.0,0.0,10.0,0.1806,0.6905,0.0003,21.1125,-0.8119,27.7893,675.0243,0.0,0.0,0.0,663.0,down,2026-07-31T11:07:03,0.0,0.0
SPXW,2027-03-31,222,Put,7385.0,SPXW270331P07385000,230.7,231.6,231.14999999999998,306.01,0.0,0.0,0.0,2.0,0.1807,-0.3114,0.0003,21.1125,-0.8417,-15.673,231.4521,0.0,0.0,0.0,241.099998474121,up,2026-07-16T16:10:15,0.0,0.0
SPXW,2027-03-31,222,Call,7390.0,SPXW270331C07390000,671.4,672.3,671.8499999999999,730.96,0.0,0.0,0.0,15.0,0.1803,0.689,0.0003,21.1548,-0.8126,27.7434,671.3084,0.0,0.0,0.0,659.199981689453,down,2026-08-11T15:09:25,0.0,0.0
SPXW,2027-03-31,222,Put,7390.0,SPXW270331P07390000,231.9,232.7,232.3,241.9,0.0,0.0,0.0,16.0,0.1804,-0.3129,0.0003,21.1548,-0.8421,-15.7483,232.6049,0.0,0.0,0.0,242.25,up,2026-08-20T14:16:13,0.0,0.0
SPXW,2027-03-31,222,Call,7395.0,SPXW270331C07395000,667.7,668.6,668.1500000000001,689.4,0.0,0.0,0.0,4.0,0.18,0.6875,0.0003,21.1969,-0.8132,27.697,667.5992,0.0,0.0,0.0,655.700012207031,down,2026-08-20T09:46:40,0.0,0.0
SPXW,2027-03-31,222,Put,7395.0,SPXW270331P07395000,233.0,233.9,233.45,243.05,0.0,0.0,0.0,17.0,0.1802,-0.3144,0.0003,21.1969,-0.8424,-15.824,233.7643,0.0,0.0,0.0,243.400001525879,up,2026-08-20T14:16:13,0.0,0.0
SPXW,2027-03-31,222,Call,7400.0,SPXW270331C07400000,664.0,664.9,664.45,693.11,0.0,0.0,0.0,196.0,0.1798,0.686,0.0003,21.239,-0.8138,27.6501,663.8967,0.0,0.0,0.0,652.049987792969,down,2026-08-18T16:12:07,0.0,0.0
SPXW,2027-03-31,222,Put,7400.0,SPXW270331P07400000,234.2,235.1,234.64999999999998,237.81,0.0,0.0,0.0,135.0,0.1799,-0.3159,0.0003,21.239,-0.8427,-15.9002,234.9305,0.0,0.0,0.0,244.599998474121,no_change,2026-08-20T09:38:59,0.0,0.0
SPXW,2027-03-31,222,Call,7405.0,SPXW270331C07405000,660.3,661.2,660.75,532.07,0.0,0.0,0.0,7.0,0.1795,0.6845,0.0003,21.2809,-0.8145,27.6027,660.201,0.0,0.0,0.0,648.299987792969,down,2026-07-29T14:52:41,0.0,0.0
SPXW,2027-03-31,222,Put,7405.0,SPXW270331P07405000,235.4,236.2,235.8,235.02,0.0,0.0,0.0,11.0,0.1796,-0.3174,0.0003,21.2809,-0.843,-15.9769,236.1035,0.0,0.0,0.0,245.799995422363,up,2026-08-17T15:53:11,0.0,0.0
SPXW,2027-03-31,222,Call,7410.0,SPXW270331C07410000,656.6,657.5,657.05,528.0,0.0,0.0,0.0,3.0,0.1792,0.683,0.0003,21.3228,-0.8151,27.5548,656.5121,0.0,0.0,0.0,644.800018310547,up,2026-07-31T11:13:45,0.0,0.0
SPXW,2027-03-31,222,Put,7410.0,SPXW270331P07410000,236.5,237.4,236.95,239.97,0.0,0.0,0.0,19.0,0.1793,-0.3189,0.0003,21.3228,-0.8433,-16.0541,237.2833,0.0,0.0,0.0,247.0,up,2026-08-05T11:47:36,0.0,0.0
SPXW,2027-03-31,222,Call,7415.0,SPXW270331C07415000,652.9,653.8,653.3499999999999,162.4,0.0,0.0,0.0,2.0,0.1788,0.6815,0.0003,21.3645,-0.8157,27.5064,652.8302,0.0,0.0,0.0,641.0,up,2026-03-30T10:05:29,0.0,0.0
SPXW,2027-03-31,222,Put,7415.0,SPXW270331P07415000,237.7,238.6,238.14999999999998,387.7,0.0,0.0,0.0,2.0,0.179,-0.3204,0.0003,21.3645,-0.8436,-16.1318,238.4701,0.0,0.0,0.0,248.25,down,2026-06-09T10:18:30,0.0,0.0
SPXW,2027-03-31,222,Call,7420.0,SPXW270331C07420000,649.2,650.1,649.6500000000001,751.3,0.0,0.0,0.0,36.0,0.1786,0.6799,0.0003,21.406,-0.8163,27.4576,649.1552,0.0,0.0,0.0,637.199981689453,up,2026-08-14T11:34:53,0.0,0.0
SPXW,2027-03-31,222,Put,7420.0,SPXW270331P07420000,238.9,239.8,239.35000000000002,352.8,0.0,0.0,0.0,5.0,0.1786,-0.322,0.0003,21.406,-0.8439,-16.21,239.6638,0.0,0.0,0.0,249.400001525879,down,2026-07-29T11:16:37,0.0,0.0
SPXW,2027-03-31,222,Call,7425.0,SPXW270331C07425000,645.4,646.5,645.95,747.5,0.0,0.0,0.0,22.0,0.1783,0.6784,0.0003,21.4474,-0.8169,27.4081,645.4873,0.0,0.0,0.0,633.600006103516,up,2026-08-14T11:34:53,0.0,0.0
SPXW,2027-03-31,222,Put,7425.0,SPXW270331P07425000,240.1,241.0,240.55,236.22,0.0,0.0,0.0,212.0,0.1784,-0.3235,0.0003,21.4474,-0.8441,-16.2887,240.8645,0.0,0.0,0.0,250.700004577637,up,2026-08-19T16:11:36,0.0,0.0
SPXW,2027-03-31,222,Call,7430.0,SPXW270331C07430000,641.9,642.8,642.3499999999999,625.7,0.0,0.0,0.0,54.0,0.178,0.6768,0.0003,21.4886,-0.8175,27.3582,641.8264,0.0,0.0,0.0,630.099975585938,down,2026-07-15T15:15:07,0.0,0.0
SPXW,2027-03-31,222,Put,7430.0,SPXW270331P07430000,241.3,242.2,241.75,247.26,0.0,0.0,0.0,13.0,0.1781,-0.3251,0.0003,21.4886,-0.8444,-16.3679,242.0723,0.0,0.0,0.0,251.900001525879,up,2026-08-18T13:34:06,0.0,0.0
SPXW,2027-03-31,222,Call,7435.0,SPXW270331C07435000,638.2,639.2,638.7,729.6,0.0,0.0,0.0,4.0,0.1778,0.6753,0.0003,21.5297,-0.818,27.3078,638.1727,0.0,0.0,0.0,626.399993896484,up,2026-08-11T10:35:28,0.0,0.0
SPXW,2027-03-31,222,Put,7435.0,SPXW270331P07435000,242.5,243.4,242.95,244.7,0.0,0.0,0.0,36.0,0.1778,-0.3266,0.0003,21.5297,-0.8446,-16.4477,243.2873,0.0,0.0,0.0,253.150001525879,down,2026-08-06T09:48:27,0.0,0.0
SPXW,2027-03-31,222,Call,7440.0,SPXW270331C07440000,634.6,635.5,635.05,615.36,0.0,0.0,0.0,5.0,0.1774,0.6737,0.0003,21.5706,-0.8186,27.2569,634.5263,0.0,0.0,0.0,622.75,down,2026-08-03T14:59:30,0.0,0.0
SPXW,2027-03-31,222,Put,7440.0,SPXW270331P07440000,243.7,244.6,244.14999999999998,250.17,0.0,0.0,0.0,7.0,0.1775,-0.3282,0.0003,21.5706,-0.8448,-16.5279,244.5095,0.0,0.0,0.0,254.400001525879,down,2026-08-18T12:03:53,0.0,0.0
SPXW,2027-03-31,222,Call,7445.0,SPXW270331C07445000,630.9,631.9,631.4,550.9,0.0,0.0,0.0,7.0,0.1772,0.6721,0.0003,21.6113,-0.8191,27.2055,630.887,0.0,0.0,0.0,619.149993896484,up,2026-07-21T09:30:11,0.0,0.0
SPXW,2027-03-31,222,Put,7445.0,SPXW270331P07445000,245.0,245.8,245.4,233.77,0.0,0.0,0.0,11.0,0.1773,-0.3298,0.0003,21.6113,-0.845,-16.6086,245.739,0.0,0.0,0.0,255.650001525879,down,2026-08-14T10:38:43,0.0,0.0
SPXW,2027-03-31,222,Call,7450.0,SPXW270331C07450000,627.3,628.2,627.75,675.51,0.0,0.0,0.0,40.0,0.1768,0.6706,0.0003,21.6518,-0.8196,27.1537,627.2552,0.0,0.0,0.0,615.649993896484,up,2026-08-19T09:57:44,0.0,0.0
SPXW,2027-03-31,222,Put,7450.0,SPXW270331P07450000,246.2,247.0,246.6,246.21,-10.74,-4.1798,2.0,153.0,0.177,-0.3313,0.0003,21.6518,-0.8452,-16.6898,246.9758,246.21,246.21,246.21,256.949996948242,down,2026-08-21T11:01:19,0.0,0.0
SPXW,2027-03-31,222,Call,7455.0,SPXW270331C07455000,623.7,624.6,624.1500000000001,516.2,0.0,0.0,0.0,11.0,0.1766,0.669,0.0004,21.692,-0.8201,27.1014,623.6307,0.0,0.0,0.0,611.950012207031,no_change,2026-07-31T13:59:36,0.0,0.0
SPXW,2027-03-31,222,Put,7455.0,SPXW270331P07455000,247.4,248.3,247.85000000000002,363.9,0.0,0.0,0.0,2.0,0.1767,-0.3329,0.0004,21.692,-0.8454,-16.7714,248.22,0.0,0.0,0.0,258.149993896484,down,2026-07-29T11:16:45,0.0,0.0
SPXW,2027-03-31,222,Call,7460.0,SPXW270331C07460000,620.0,621.0,620.5,550.0,0.0,0.0,0.0,21.0,0.1763,0.6674,0.0004,21.732,-0.8206,27.0486,620.0136,0.0,0.0,0.0,608.350006103516,up,2026-07-17T10:00:45,0.0,0.0
SPXW,2027-03-31,222,Put,7460.0,SPXW270331P07460000,248.7,249.5,249.1,237.4,0.0,0.0,0.0,10.0,0.1764,-0.3345,0.0004,21.732,-0.8456,-16.8535,249.4716,0.0,0.0,0.0,259.449996948242,up,2026-08-14T14:30:26,0.0,0.0
SPXW,2027-03-31,222,Call,7465.0,SPXW270331C07465000,616.4,617.4,616.9,161.1,0.0,0.0,0.0,4.0,0.176,0.6658,0.0004,21.7718,-0.8211,26.9954,616.4041,0.0,0.0,0.0,604.75,up,2026-03-31T10:19:20,0.0,0.0
SPXW,2027-03-31,222,Put,7465.0,SPXW270331P07465000,249.9,250.8,250.35000000000002,240.37,0.0,0.0,0.0,14.0,0.1761,-0.3361,0.0004,21.7718,-0.8457,-16.9359,250.7307,0.0,0.0,0.0,260.699996948242,down,2026-08-13T12:15:07,0.0,0.0
SPXW,2027-03-31,222,Call,7470.0,SPXW270331C07470000,612.8,613.8,613.3,595.83,0.0,0.0,0.0,58.0,0.1757,0.6642,0.0004,21.8113,-0.8216,26.9422,612.802,0.0,0.0,0.0,601.199981689453,up,2026-08-03T15:00:54,0.0,0.0
SPXW,2027-03-31,222,Put,7470.0,SPXW270331P07470000,251.2,252.0,251.6,329.0,0.0,0.0,0.0,1.0,0.1758,-0.3377,0.0004,21.8113,-0.8458,-17.0185,251.9974,0.0,0.0,0.0,262.050003051758,down,2026-07-21T13:46:59,0.0,0.0
SPXW,2027-03-31,222,Call,7475.0,SPXW270331C07475000,609.2,610.2,609.7,608.94,11.24,1.88054,2.0,4.0,0.1754,0.6626,0.0004,21.8505,-0.822,26.8883,609.2076,608.39,608.94,608.39,597.700012207031,up,2026-08-21T14:22:30,0.0,0.0
SPXW,2027-03-31,222,Put,7475.0,SPXW270331P07475000,252.4,253.3,252.85000000000002,258.31,-5.04,-1.91381,30.0,15.0,0.1756,-0.3393,0.0004,21.8505,-0.846,-17.1017,253.2716,257.44,258.39,256.41,263.350006103516,up,2026-08-21T09:58:05,0.0,0.0
SPXW,2027-03-31,222,Call,7480.0,SPXW270331C07480000,605.6,606.6,606.1,579.34,0.0,0.0,0.0,67.0,0.1752,0.661,0.0004,21.8894,-0.8224,26.8342,605.6208,0.0,0.0,0.0,593.950012207031,up,2026-08-03T13:27:25,0.0,0.0
SPXW,2027-03-31,222,Put,7480.0,SPXW270331P07480000,253.7,254.6,254.14999999999998,242.21,0.0,0.0,0.0,9.0,0.1752,-0.3409,0.0004,21.8894,-0.8461,-17.1852,254.5535,0.0,0.0,0.0,264.600006103516,up,2026-08-14T15:21:30,0.0,0.0
SPXW,2027-03-31,222,Call,7485.0,SPXW270331C07485000,602.0,603.0,602.5,683.7,0.0,0.0,0.0,36.0,0.1749,0.6593,0.0004,21.928,-0.8229,26.7797,602.0416,0.0,0.0,0.0,590.399993896484,no_change,2026-08-04T14:00:52,0.0,0.0
SPXW,2027-03-31,222,Put,7485.0,SPXW270331P07485000,255.0,255.9,255.45,241.7,0.0,0.0,0.0,23.0,0.1749,-0.3426,0.0004,21.928,-0.8462,-17.269,255.843,0.0,0.0,0.0,265.899993896484,down,2026-08-13T15:28:28,0.0,0.0
SPXW,2027-03-31,222,Call,7490.0,SPXW270331C07490000,598.5,599.4,598.95,588.5,0.0,0.0,0.0,66.0,0.1746,0.6577,0.0004,21.9663,-0.8233,26.7249,598.4702,0.0,0.0,0.0,587.0,up,2026-07-10T12:16:15,0.0,0.0
SPXW,2027-03-31,222,Put,7490.0,SPXW270331P07490000,256.3,257.1,256.70000000000005,257.06,0.0,0.0,0.0,13.0,0.1746,-0.3442,0.0004,21.9663,-0.8462,-17.353,257.1403,0.0,0.0,0.0,267.25,up,2026-08-19T10:14:05,0.0,0.0
SPXW,2027-03-31,222,Call,7495.0,SPXW270331C07495000,594.9,595.8,595.3499999999999,580.4,0.0,0.0,0.0,13.0,0.1743,0.6561,0.0004,22.0043,-0.8237,26.6699,594.9066,0.0,0.0,0.0,583.600006103516,down,2026-06-18T13:01:12,0.0,0.0
SPXW,2027-03-31,222,Put,7495.0,SPXW270331P07495000,257.6,258.4,258.0,254.39,0.0,0.0,0.0,10.0,0.1744,-0.3458,0.0004,22.0043,-0.8463,-17.4374,258.4453,0.0,0.0,0.0,268.600006103516,up,2026-08-11T10:06:52,0.0,0.0
SPXW,2027-03-31,222,Call,7500.0,SPXW270331C07500000,591.3,592.3,591.8,632.73,0.0,0.0,0.0,87.0,0.174,0.6544,0.0004,22.0419,-0.824,26.6147,591.3507,0.0,0.0,0.0,580.0,down,2026-08-18T10:35:08,0.0,0.0
SPXW,2027-03-31,222,Put,7500.0,SPXW270331P07500000,258.9,259.7,259.29999999999995,262.08,-7.82,-2.89737,12.0,675.0,0.1741,-0.3475,0.0004,22.0419,-0.8464,-17.5219,259.7582,262.08,262.08,262.08,269.899993896484,up,2026-08-21T10:48:38,0.0,0.0
SPXW,2027-03-31,222,Call,7505.0,SPXW270331C07505000,587.8,588.7,588.25,607.2,0.0,0.0,0.0,7.0,0.1737,0.6528,0.0004,22.0792,-0.8244,26.5592,587.8027,0.0,0.0,0.0,576.350006103516,no_change,2026-05-26T12:46:08,0.0,0.0
SPXW,2027-03-31,222,Put,7505.0,SPXW270331P07505000,260.2,261.1,260.65,255.51,0.0,0.0,0.0,152.0,0.1737,-0.3491,0.0004,22.0792,-0.8464,-17.6067,261.0788,0.0,0.0,0.0,271.199996948242,up,2026-08-19T14:04:54,0.0,0.0
SPXW,2027-03-31,222,Call,7510.0,SPXW270331C07510000,584.2,585.2,584.7,642.25,0.0,0.0,0.0,8.0,0.1734,0.6511,0.0004,22.1162,-0.8248,26.5035,584.2626,0.0,0.0,0.0,572.800018310547,up,2026-06-01T11:17:45,0.0,0.0
SPXW,2027-03-31,222,Put,7510.0,SPXW270331P07510000,261.5,262.4,261.95,259.54,0.0,0.0,0.0,31.0,0.1736,-0.3508,0.0004,22.1162,-0.8464,-17.6917,262.4074,0.0,0.0,0.0,272.649993896484,up,2026-08-19T14:08:30,0.0,0.0
SPXW,2027-03-31,222,Call,7515.0,SPXW270331C07515000,580.7,581.6,581.1500000000001,663.6,0.0,0.0,0.0,10.0,0.1732,0.6494,0.0004,22.1528,-0.8251,26.4476,580.7303,0.0,0.0,0.0,569.399993896484,up,2026-08-07T12:22:49,0.0,0.0
SPXW,2027-03-31,222,Put,7515.0,SPXW270331P07515000,262.8,263.7,263.25,259.99,0.0,0.0,0.0,190.0,0.1732,-0.3525,0.0004,22.1528,-0.8464,-17.7769,263.7438,0.0,0.0,0.0,273.949996948242,down,2026-08-19T13:30:57,0.0,0.0
SPXW,2027-03-31,222,Call,7520.0,SPXW270331C07520000,577.0,578.1,577.55,577.0,11.1,1.96147,5.0,8.0,0.1729,0.6478,0.0004,22.1892,-0.8254,26.3915,577.2061,577.0,577.0,577.0,565.900024414062,up,2026-08-21T14:23:12,0.0,0.0
SPXW,2027-03-31,222,Put,7520.0,SPXW270331P07520000,264.2,265.0,264.6,275.55,0.0,0.0,0.0,47.0,0.1729,-0.3541,0.0004,22.1892,-0.8464,-17.8624,265.0882,0.0,0.0,0.0,275.300003051758,up,2026-08-20T15:11:26,0.0,0.0
SPXW,2027-03-31,222,Call,7525.0,SPXW270331C07525000,573.6,574.6,574.1,663.26,0.0,0.0,0.0,161.0,0.1726,0.6461,0.0004,22.2251,-0.8257,26.3352,573.6898,0.0,0.0,0.0,562.299987792969,down,2026-08-17T12:35:52,0.0,0.0
SPXW,2027-03-31,222,Put,7525.0,SPXW270331P07525000,265.5,266.4,265.95,258.64,0.0,0.0,0.0,189.0,0.1727,-0.3558,0.0004,22.2251,-0.8464,-17.948,266.4406,0.0,0.0,0.0,276.75,up,2026-08-19T11:15:12,0.0,0.0
SPXW,2027-03-31,222,Call,7530.0,SPXW270331C07530000,570.1,571.1,570.6,539.79,0.0,0.0,0.0,9.0,0.1723,0.6444,0.0004,22.2607,-0.826,26.2786,570.1815,0.0,0.0,0.0,558.800018310547,up,2026-06-30T15:25:14,0.0,0.0
SPXW,2027-03-31,222,Put,7530.0,SPXW270331P07530000,266.9,267.7,267.29999999999995,259.91,0.0,0.0,0.0,71.0,0.1724,-0.3575,0.0004,22.2607,-0.8464,-18.0338,267.801,0.0,0.0,0.0,278.149993896484,up,2026-08-19T10:57:25,0.0,0.0
SPXW,2027-03-31,222,Call,7535.0,SPXW270331C07535000,566.6,567.6,567.1,649.2,0.0,0.0,0.0,13.0,0.172,0.6427,0.0004,22.296,-0.8263,26.2219,566.6812,0.0,0.0,0.0,555.549987792969,up,2026-08-07T12:22:49,0.0,0.0
SPXW,2027-03-31,222,Put,7535.0,SPXW270331P07535000,268.2,269.1,268.65,264.06,0.0,0.0,0.0,86.0,0.1721,-0.3592,0.0004,22.296,-0.8463,-18.1199,269.1695,0.0,0.0,0.0,279.5,down,2026-08-19T10:37:38,0.0,0.0
SPXW,2027-03-31,222,Call,7540.0,SPXW270331C07540000,563.1,564.1,563.6,538.0,0.0,0.0,0.0,12.0,0.1718,0.641,0.0004,22.331,-0.8266,26.1649,563.1891,0.0,0.0,0.0,552.049987792969,up,2026-06-22T13:09:14,0.0,0.0
SPXW,2027-03-31,222,Put,7540.0,SPXW270331P07540000,269.6,270.5,270.05,267.29,0.0,0.0,0.0,9.0,0.1718,-0.3609,0.0004,22.331,-0.8462,-18.2062,270.546,0.0,0.0,0.0,280.899993896484,down,2026-08-19T15:56:02,0.0,0.0
SPXW,2027-03-31,222,Call,7545.0,SPXW270331C07545000,559.6,560.6,560.1,591.83,0.0,0.0,0.0,7.0,0.1715,0.6393,0.0004,22.3656,-0.8268,26.1077,559.7051,0.0,0.0,0.0,548.399993896484,down,2026-08-18T15:36:44,0.0,0.0
SPXW,2027-03-31,222,Put,7545.0,SPXW270331P07545000,271.0,271.8,271.4,259.15,0.0,0.0,0.0,64.0,0.1715,-0.3626,0.0004,22.3656,-0.8462,-18.2928,271.9307,0.0,0.0,0.0,282.300003051758,down,2026-08-13T11:50:26,0.0,0.0
SPXW,2027-03-31,222,Call,7550.0,SPXW270331C07550000,556.1,557.1,556.6,608.56,0.0,0.0,0.0,24.0,0.1712,0.6375,0.0004,22.3999,-0.827,26.0502,556.2293,0.0,0.0,0.0,545.099975585938,up,2026-08-19T11:27:48,0.0,0.0
SPXW,2027-03-31,222,Put,7550.0,SPXW270331P07550000,272.4,273.2,272.79999999999995,277.28,0.0,0.0,0.0,82.0,0.1712,-0.3644,0.0004,22.3999,-0.8461,-18.3796,273.3236,0.0,0.0,0.0,283.75,up,2026-08-18T14:29:47,0.0,0.0
SPXW,2027-03-31,222,Call,7555.0,SPXW270331C07555000,552.7,553.6,553.1500000000001,543.04,0.0,0.0,0.0,18.0,0.1709,0.6358,0.0004,22.4339,-0.8272,25.9924,552.7617,0.0,0.0,0.0,541.600006103516,down,2026-08-20T14:34:23,0.0,0.0
SPXW,2027-03-31,222,Put,7555.0,SPXW270331P07555000,273.7,274.6,274.15,278.77,0.0,0.0,0.0,74.0,0.171,-0.3661,0.0004,22.4339,-0.846,-18.4667,274.7247,0.0,0.0,0.0,285.100006103516,up,2026-08-18T14:28:51,0.0,0.0
SPXW,2027-03-31,222,Call,7560.0,SPXW270331C07560000,549.2,550.2,549.7,581.45,0.0,0.0,0.0,25.0,0.1706,0.6341,0.0004,22.4676,-0.8275,25.9342,549.3024,0.0,0.0,0.0,538.199981689453,up,2026-08-18T11:02:09,0.0,0.0
SPXW,2027-03-31,222,Put,7560.0,SPXW270331P07560000,275.1,276.0,275.55,264.34,0.0,0.0,0.0,13.0,0.1707,-0.3678,0.0004,22.4676,-0.8458,-18.5541,276.1341,0.0,0.0,0.0,286.600006103516,down,2026-08-17T12:07:30,0.0,0.0
SPXW,2027-03-31,222,Call,7565.0,SPXW270331C07565000,545.4,546.7,546.05,522.3,0.0,0.0,0.0,12.0,0.1703,0.6324,0.0004,22.501,-0.8276,25.8758,545.8515,0.0,0.0,0.0,534.799987792969,up,2026-06-22T13:09:14,0.0,0.0
SPXW,2027-03-31,222,Put,7565.0,SPXW270331P07565000,276.6,277.4,277.0,263.71,0.0,0.0,0.0,25.0,0.1704,-0.3696,0.0004,22.501,-0.8457,-18.6419,277.5518,0.0,0.0,0.0,288.0,up,2026-08-14T11:14:04,0.0,0.0
SPXW,2027-03-31,222,Call,7570.0,SPXW270331C07570000,542.3,543.3,542.8,574.13,0.0,0.0,0.0,18.0,0.1701,0.6306,0.0004,22.534,-0.8278,25.817,542.4089,0.0,0.0,0.0,531.199981689453,down,2026-08-18T15:46:55,0.0,0.0
SPXW,2027-03-31,222,Put,7570.0,SPXW270331P07570000,278.0,278.9,278.45,285.3,0.0,0.0,0.0,12.0,0.1702,-0.3713,0.0004,22.534,-0.8455,-18.7301,278.9779,0.0,0.0,0.0,289.449996948242,down,2026-08-18T14:05:52,0.0,0.0
SPXW,2027-03-31,222,Call,7575.0,SPXW270331C07575000,538.9,539.8,539.3499999999999,616.02,0.0,0.0,0.0,13.0,0.1698,0.6288,0.0004,22.5668,-0.828,25.7577,538.9747,0.0,0.0,0.0,528.0,down,2026-08-17T14:58:08,0.0,0.0
SPXW,2027-03-31,222,Put,7575.0,SPXW270331P07575000,279.4,280.3,279.85,267.42,0.0,0.0,0.0,44.0,0.1698,-0.373,0.0004,22.5668,-0.8454,-18.8186,280.4124,0.0,0.0,0.0,290.949996948242,down,2026-08-14T12:10:23,0.0,0.0
SPXW,2027-03-31,222,Call,7580.0,SPXW270331C07580000,535.4,536.4,535.9,574.71,0.0,0.0,0.0,25.0,0.1695,0.6271,0.0004,22.5993,-0.8281,25.6981,535.5491,0.0,0.0,0.0,524.399993896484,down,2026-08-19T14:34:01,0.0,0.0
SPXW,2027-03-31,222,Put,7580.0,SPXW270331P07580000,280.8,281.7,281.25,322.5,0.0,0.0,0.0,2.0,0.1696,-0.3748,0.0004,22.5993,-0.8452,-18.9076,281.8554,0.0,0.0,0.0,292.399993896484,down,2026-08-03T11:26:36,0.0,0.0
SPXW,2027-03-31,222,Call,7585.0,SPXW270331C07585000,532.0,533.0,532.5,512.4,0.0,0.0,0.0,46.0,0.1693,0.6253,0.0004,22.6314,-0.8282,25.638,532.132,0.0,0.0,0.0,521.200012207031,no_change,2026-06-22T13:27:42,0.0,0.0
SPXW,2027-03-31,222,Put,7585.0,SPXW270331P07585000,282.3,283.2,282.75,277.92,0.0,0.0,0.0,47.0,0.1693,-0.3766,0.0004,22.6314,-0.845,-18.997,283.307,0.0,0.0,0.0,293.899993896484,up,2026-08-19T11:45:15,0.0,0.0
SPXW,2027-03-31,222,Call,7590.0,SPXW270331C07590000,528.6,529.6,529.1,524.69,0.0,0.0,0.0,26.0,0.169,0.6235,0.0004,22.6633,-0.8283,25.5773,528.7236,0.0,0.0,0.0,517.800018310547,down,2026-08-20T14:02:51,0.0,0.0
SPXW,2027-03-31,222,Put,7590.0,SPXW270331P07590000,283.7,284.6,284.15,271.32,0.0,0.0,0.0,40.0,0.169,-0.3784,0.0004,22.6633,-0.8448,-19.087,284.7673,0.0,0.0,0.0,295.300003051758,down,2026-08-14T12:10:23,0.0,0.0
SPXW,2027-03-31,222,Call,7595.0,SPXW270331C07595000,525.2,526.1,525.6500000000001,182.08,0.0,0.0,0.0,7.0,0.1687,0.6218,0.0004,22.6949,-0.8284,25.5162,525.3238,0.0,0.0,0.0,514.399993896484,up,2026-04-08T11:25:37,0.0,0.0
SPXW,2027-03-31,222,Put,7595.0,SPXW270331P07595000,285.2,286.1,285.65,291.45,0.0,0.0,0.0,37.0,0.1687,-0.3801,0.0004,22.6949,-0.8445,-19.1774,286.2362,0.0,0.0,0.0,296.800003051758,up,2026-08-20T13:23:27,0.0,0.0
SPXW,2027-03-31,222,Call,7600.0,SPXW270331C07600000,521.8,522.8,522.3,513.59,0.0,0.0,0.0,220.0,0.1684,0.62,0.0004,22.7262,-0.8285,25.4546,521.9329,0.0,0.0,0.0,511.100006103516,down,2026-08-20T14:31:02,0.0,0.0
SPXW,2027-03-31,222,Put,7600.0,SPXW270331P07600000,286.7,287.6,287.15,282.07,0.0,0.0,0.0,109.0,0.1685,-0.3819,0.0004,22.7262,-0.8443,-19.2684,287.714,0.0,0.0,0.0,298.349990844727,down,2026-08-19T11:45:15,0.0,0.0
SPXW,2027-03-31,222,Call,7605.0,SPXW270331C07605000,518.4,519.4,518.9,508.92,0.0,0.0,0.0,7.0,0.1681,0.6182,0.0004,22.7571,-0.8286,25.3923,518.5508,0.0,0.0,0.0,507.600006103516,down,2026-06-18T14:40:26,0.0,0.0
SPXW,2027-03-31,222,Put,7605.0,SPXW270331P07605000,288.2,289.1,288.65,292.75,0.0,0.0,0.0,11.0,0.1682,-0.3837,0.0004,22.7571,-0.844,-19.3599,289.2006,0.0,0.0,0.0,299.899993896484,up,2026-08-06T13:38:03,0.0,0.0
SPXW,2027-03-31,222,Call,7610.0,SPXW270331C07610000,515.0,516.0,515.5,587.4,0.0,0.0,0.0,19.0,0.1678,0.6164,0.0004,22.7878,-0.8286,25.3296,515.1776,0.0,0.0,0.0,504.399993896484,up,2026-08-12T09:56:16,0.0,0.0
SPXW,2027-03-31,222,Put,7610.0,SPXW270331P07610000,289.7,290.5,290.1,420.9,0.0,0.0,0.0,8.0,0.1679,-0.3855,0.0004,22.7878,-0.8437,-19.452,290.6961,0.0,0.0,0.0,301.399993896484,down,2026-07-29T11:17:00,0.0,0.0
SPXW,2027-03-31,222,Call,7615.0,SPXW270331C07615000,511.7,512.6,512.15,323.94,0.0,0.0,0.0,7.0,0.1676,0.6145,0.0004,22.8181,-0.8286,25.2662,511.8135,0.0,0.0,0.0,501.199996948242,up,2026-04-20T10:17:41,0.0,0.0
SPXW,2027-03-31,222,Put,7615.0,SPXW270331P07615000,291.2,292.0,291.6,522.04,0.0,0.0,0.0,13.0,0.1677,-0.3874,0.0004,22.8181,-0.8434,-19.5447,292.2006,0.0,0.0,0.0,302.949996948242,down,2026-05-01T10:16:15,0.0,0.0
SPXW,2027-03-31,222,Call,7620.0,SPXW270331C07620000,508.3,509.3,508.8,562.62,0.0,0.0,0.0,14.0,0.1673,0.6127,0.0004,22.8481,-0.8286,25.2022,508.4584,0.0,0.0,0.0,497.600006103516,up,2026-08-19T11:23:17,0.0,0.0
SPXW,2027-03-31,222,Put,7620.0,SPXW270331P07620000,292.7,293.6,293.15,330.88,0.0,0.0,0.0,54.0,0.1674,-0.3892,0.0004,22.8481,-0.8431,-19.638,293.7142,0.0,0.0,0.0,304.5,down,2026-08-03T14:54:10,0.0,0.0
SPXW,2027-03-31,222,Call,7625.0,SPXW270331C07625000,505.0,505.9,505.45,619.88,0.0,0.0,0.0,10.0,0.1671,0.6109,0.0004,22.8777,-0.8286,25.1377,505.1126,0.0,0.0,0.0,494.349990844727,up,2026-08-13T15:28:18,0.0,0.0
SPXW,2027-03-31,222,Put,7625.0,SPXW270331P07625000,294.2,295.1,294.65,300.28,-5.77,-1.88531,2.0,142.0,0.1671,-0.391,0.0004,22.8777,-0.8428,-19.7318,295.237,299.98,300.28,299.98,306.050003051758,up,2026-08-21T09:53:34,0.0,0.0
SPXW,2027-03-31,222,Call,7630.0,SPXW270331C07630000,501.6,502.6,502.1,125.5,0.0,0.0,0.0,6.0,0.1668,0.6091,0.0004,22.907,-0.8286,25.0726,501.7759,0.0,0.0,0.0,491.150009155273,down,2026-04-02T10:25:26,0.0,0.0
SPXW,2027-03-31,222,Put,7630.0,SPXW270331P07630000,295.7,296.6,296.15,381.1,0.0,0.0,0.0,7.0,0.1669,-0.3928,0.0004,22.907,-0.8424,-19.8262,296.7691,0.0,0.0,0.0,307.600006103516,down,2026-07-06T12:00:44,0.0,0.0
SPXW,2027-03-31,222,Call,7635.0,SPXW270331C07635000,498.3,499.3,498.8,529.0,0.0,0.0,0.0,8.0,0.1665,0.6072,0.0004,22.936,-0.8286,25.0069,498.4486,0.0,0.0,0.0,487.849990844727,up,2026-08-04T10:11:41,0.0,0.0
SPXW,2027-03-31,222,Put,7635.0,SPXW270331P07635000,297.2,298.1,297.65,298.75,0.0,0.0,0.0,18.0,0.1666,-0.3947,0.0004,22.936,-0.842,-19.9212,298.3105,0.0,0.0,0.0,309.150009155273,down,2026-08-06T14:05:02,0.0,0.0
SPXW,2027-03-31,222,Call,7640.0,SPXW270331C07640000,495.0,495.9,495.45,533.45,0.0,0.0,0.0,11.0,0.1662,0.6054,0.0004,22.9646,-0.8285,24.9407,495.1307,0.0,0.0,0.0,484.399993896484,up,2026-08-18T12:49:28,0.0,0.0
SPXW,2027-03-31,222,Put,7640.0,SPXW270331P07640000,298.8,299.7,299.25,302.28,0.0,0.0,0.0,14.0,0.1663,-0.3965,0.0004,22.9646,-0.8417,-20.0168,299.8613,0.0,0.0,0.0,310.699996948242,up,2026-08-05T16:01:15,0.0,0.0
SPXW,2027-03-31,222,Call,7645.0,SPXW270331C07645000,491.7,492.6,492.15,121.7,0.0,0.0,0.0,6.0,0.166,0.6035,0.0004,22.9928,-0.8284,24.8739,491.8223,0.0,0.0,0.0,481.199996948242,down,2026-04-02T10:25:26,0.0,0.0
SPXW,2027-03-31,222,Put,7645.0,SPXW270331P07645000,300.4,301.3,300.85,296.46,0.0,0.0,0.0,13.0,0.166,-0.3984,0.0004,22.9928,-0.8412,-20.1129,301.4215,0.0,0.0,0.0,312.300003051758,down,2026-08-07T16:14:41,0.0,0.0
SPXW,2027-03-31,222,Call,7650.0,SPXW270331C07650000,488.4,489.4,488.9,519.13,0.0,0.0,0.0,298.0,0.1657,0.6017,0.0004,23.0206,-0.8284,24.8066,488.5235,0.0,0.0,0.0,477.949996948242,up,2026-08-19T15:59:06,0.0,0.0
SPXW,2027-03-31,222,Put,7650.0,SPXW270331P07650000,301.9,302.8,302.35,301.52,-12.38,-3.94393,2.0,145.0,0.1657,-0.4002,0.0004,23.0206,-0.8408,-20.2095,302.9914,301.52,301.52,301.52,313.899993896484,up,2026-08-21T11:01:19,0.0,0.0
SPXW,2027-03-31,222,Call,7655.0,SPXW270331C07655000,485.1,486.1,485.6,463.0,0.0,0.0,0.0,17.0,0.1655,0.5998,0.0004,23.048,-0.8282,24.7388,485.2343,0.0,0.0,0.0,474.800003051758,up,2026-08-03T13:29:37,0.0,0.0
SPXW,2027-03-31,222,Put,7655.0,SPXW270331P07655000,303.5,304.4,303.95,310.17,0.0,0.0,0.0,11.0,0.1655,-0.4021,0.0004,23.048,-0.8404,-20.3066,304.5708,0.0,0.0,0.0,315.5,up,2026-08-06T12:17:13,0.0,0.0
SPXW,2027-03-31,222,Call,7660.0,SPXW270331C07660000,481.8,482.8,482.3,535.42,0.0,0.0,0.0,10.0,0.1652,0.5979,0.0004,23.0749,-0.8281,24.6705,481.9548,0.0,0.0,0.0,471.449996948242,up,2026-08-19T11:23:21,0.0,0.0
SPXW,2027-03-31,222,Put,7660.0,SPXW270331P07660000,305.1,306.0,305.55,308.93,0.0,0.0,0.0,5.0,0.1653,-0.404,0.0004,23.0749,-0.8399,-20.4042,306.16,0.0,0.0,0.0,317.150009155273,down,2026-08-04T13:26:54,0.0,0.0
SPXW,2027-03-31,222,Call,7665.0,SPXW270331C07665000,478.5,479.5,479.0,565.63,0.0,0.0,0.0,13.0,0.1649,0.596,0.0004,23.1014,-0.828,24.602,478.685,0.0,0.0,0.0,468.299987792969,down,2026-08-11T10:55:46,0.0,0.0
SPXW,2027-03-31,222,Put,7665.0,SPXW270331P07665000,306.7,307.6,307.15,308.5,0.0,0.0,0.0,37.0,0.165,-0.4059,0.0004,23.1014,-0.8395,-20.502,307.7589,0.0,0.0,0.0,318.800003051758,up,2026-08-11T15:02:27,0.0,0.0
SPXW,2027-03-31,222,Call,7670.0,SPXW270331C07670000,475.3,476.3,475.8,468.52,0.0,0.0,0.0,54.0,0.1646,0.5941,0.0004,23.1275,-0.8278,24.5331,475.4251,0.0,0.0,0.0,465.199996948242,down,2026-08-20T14:05:48,0.0,0.0
SPXW,2027-03-31,222,Put,7670.0,SPXW270331P07670000,308.3,309.2,308.75,0.0,0.0,0.0,0.0,0.0,0.1647,-0.4078,0.0004,23.1275,-0.839,-20.6003,309.3677,0.0,0.0,0.0,320.449996948242,no_change,,0.0,0.0
SPXW,2027-03-31,222,Call,7675.0,SPXW270331C07675000,472.0,473.0,472.5,502.84,0.0,0.0,0.0,59.0,0.1644,0.5922,0.0004,23.1531,-0.8276,24.4637,472.175,0.0,0.0,0.0,461.849990844727,up,2026-08-18T15:22:33,0.0,0.0
SPXW,2027-03-31,222,Put,7675.0,SPXW270331P07675000,309.9,310.8,310.35,315.69,-6.36,-1.97485,1.0,169.0,0.1644,-0.4096,0.0004,23.1531,-0.8385,-20.699,310.9863,315.69,315.69,315.69,322.050003051758,down,2026-08-21T09:39:19,0.0,0.0
SPXW,2027-03-31,222,Call,7680.0,SPXW270331C07680000,468.8,469.8,469.3,580.95,0.0,0.0,0.0,4.0,0.1641,0.5903,0.0004,23.1783,-0.8274,24.394,468.9349,0.0,0.0,0.0,458.600006103516,down,2026-08-14T10:13:49,0.0,0.0
SPXW,2027-03-31,222,Put,7680.0,SPXW270331P07680000,311.5,312.4,311.95,288.63,0.0,0.0,0.0,2.0,0.1642,-0.4116,0.0004,23.1783,-0.8379,-20.798,312.6149,0.0,0.0,0.0,323.75,down,2026-08-13T10:34:55,0.0,0.0
SPXW,2027-03-31,222,Call,7685.0,SPXW270331C07685000,465.6,466.5,466.05,534.9,0.0,0.0,0.0,18.0,0.1639,0.5884,0.0004,23.203,-0.8272,24.3241,465.7048,0.0,0.0,0.0,455.449996948242,up,2026-08-12T12:20:48,0.0,0.0
SPXW,2027-03-31,222,Put,7685.0,SPXW270331P07685000,313.2,314.1,313.65,297.69,0.0,0.0,0.0,13.0,0.1639,-0.4135,0.0004,23.203,-0.8374,-20.8972,314.2535,0.0,0.0,0.0,325.399993896484,no_change,2026-08-14T12:10:42,0.0,0.0
SPXW,2027-03-31,222,Call,7690.0,SPXW270331C07690000,462.3,463.3,462.8,499.88,0.0,0.0,0.0,19.0,0.1636,0.5865,0.0004,23.2271,-0.827,24.2539,462.4847,0.0,0.0,0.0,452.399993896484,down,2026-08-19T14:45:52,0.0,0.0
SPXW,2027-03-31,222,Put,7690.0,SPXW270331P07690000,314.8,315.7,315.25,311.5,-15.6,-4.76919,1.0,31.0,0.1636,-0.4154,0.0004,23.2271,-0.8368,-20.9967,315.9021,311.5,311.5,311.5,327.100006103516,down,2026-08-21T11:50:07,0.0,0.0
SPXW,2027-03-31,222,Call,7695.0,SPXW270331C07695000,459.1,460.1,459.6,416.0,0.0,0.0,0.0,3.0,0.1634,0.5846,0.0004,23.2508,-0.8267,24.1836,459.2747,0.0,0.0,0.0,449.150009155273,down,2026-06-23T10:16:57,0.0,0.0
SPXW,2027-03-31,222,Put,7695.0,SPXW270331P07695000,316.5,317.4,316.95,319.37,0.0,0.0,0.0,1.0,0.1634,-0.4173,0.0004,23.2508,-0.8362,-21.0964,317.5608,0.0,0.0,0.0,328.75,down,2026-08-18T15:30:45,0.0,0.0
SPXW,2027-03-31,222,Call,7700.0,SPXW270331C07700000,455.9,456.9,456.4,465.0,19.15,4.29517,6.0,150.0,0.1631,0.5826,0.0004,23.274,-0.8264,24.113,456.0749,453.0,465.0,453.0,445.849990844727,no_change,2026-08-21T11:37:24,0.0,0.0
SPXW,2027-03-31,222,Put,7700.0,SPXW270331P07700000,318.1,319.1,318.6,323.89,-6.56,-1.98517,1.0,72.0,0.1632,-0.4192,0.0004,23.274,-0.8356,-21.1962,319.2296,323.89,323.89,323.89,330.449996948242,down,2026-08-21T09:39:19,0.0,0.0
SPXW,2027-03-31,222,Call,7705.0,SPXW270331C07705000,452.7,453.7,453.2,484.95,0.0,0.0,0.0,13.0,0.1628,0.5807,0.0004,23.2967,-0.8261,24.0423,452.8852,0.0,0.0,0.0,442.700012207031,down,2026-08-18T11:28:26,0.0,0.0
SPXW,2027-03-31,222,Put,7705.0,SPXW270331P07705000,319.8,320.7,320.25,309.69,0.0,0.0,0.0,2.0,0.1629,-0.4212,0.0004,23.2967,-0.835,-21.2963,320.9086,0.0,0.0,0.0,332.199996948242,no_change,2026-08-12T13:32:55,0.0,0.0
SPXW,2027-03-31,222,Call,7710.0,SPXW270331C07710000,449.6,450.5,450.05,521.7,0.0,0.0,0.0,27.0,0.1626,0.5788,0.0004,23.3188,-0.8258,23.9714,449.7058,0.0,0.0,0.0,439.550003051758,up,2026-06-04T16:13:10,0.0,0.0
SPXW,2027-03-31,222,Put,7710.0,SPXW270331P07710000,321.5,322.4,321.95,305.09,0.0,0.0,0.0,23.0,0.1625,-0.4231,0.0004,23.3188,-0.8344,-21.3965,322.5978,0.0,0.0,0.0,334.0,no_change,2026-08-14T12:10:42,0.0,0.0
SPXW,2027-03-31,222,Call,7715.0,SPXW270331C07715000,446.4,447.4,446.9,514.8,0.0,0.0,0.0,7.0,0.1623,0.5768,0.0004,23.3405,-0.8255,23.9004,446.5366,0.0,0.0,0.0,436.5,no_change,2026-08-07T09:41:03,0.0,0.0
SPXW,2027-03-31,222,Put,7715.0,SPXW270331P07715000,323.2,324.1,323.65,0.0,0.0,0.0,0.0,0.0,0.1623,-0.4251,0.0004,23.3405,-0.8337,-21.4968,324.2973,0.0,0.0,0.0,335.650009155273,no_change,,0.0,0.0
SPXW,2027-03-31,222,Call,7720.0,SPXW270331C07720000,443.2,444.2,443.7,499.78,0.0,0.0,0.0,17.0,0.162,0.5748,0.0004,23.3617,-0.8252,23.8292,443.3777,0.0,0.0,0.0,433.199996948242,up,2026-08-11T14:46:27,0.0,0.0
SPXW,2027-03-31,222,Put,7720.0,SPXW270331P07720000,324.9,325.8,325.35,399.9,0.0,0.0,0.0,69.0,0.1621,-0.427,0.0004,23.3617,-0.833,-21.5974,326.0071,0.0,0.0,0.0,337.399993896484,down,2026-07-10T13:33:34,0.0,0.0
SPXW,2027-03-31,222,Call,7725.0,SPXW270331C07725000,440.1,441.1,440.6,472.6,0.0,0.0,0.0,36.0,0.1618,0.5729,0.0004,23.3823,-0.8248,23.7578,440.2291,0.0,0.0,0.0,430.299987792969,down,2026-08-19T09:49:46,0.0,0.0
SPXW,2027-03-31,222,Put,7725.0,SPXW270331P07725000,326.6,327.6,327.1,333.0,0.0,0.0,0.0,181.0,0.1618,-0.429,0.0004,23.3823,-0.8324,-21.698,327.7272,0.0,0.0,0.0,339.150009155273,up,2026-08-20T13:58:27,0.0,0.0
SPXW,2027-03-31,222,Call,7730.0,SPXW270331C07730000,437.0,437.9,437.45,508.5,0.0,0.0,0.0,28.0,0.1616,0.5709,0.0004,23.4024,-0.8244,23.6862,437.0909,0.0,0.0,0.0,427.100006103516,up,2026-08-12T10:42:42,0.0,0.0
SPXW,2027-03-31,222,Put,7730.0,SPXW270331P07730000,328.4,329.3,328.85,320.12,0.0,0.0,0.0,163.0,0.1616,-0.431,0.0004,23.4024,-0.8316,-21.7989,329.4577,0.0,0.0,0.0,340.899993896484,up,2026-08-19T11:35:30,0.0,0.0
SPXW,2027-03-31,222,Call,7735.0,SPXW270331C07735000,433.8,434.8,434.3,517.0,0.0,0.0,0.0,13.0,0.1613,0.5689,0.0004,23.4221,-0.824,23.6145,433.9632,0.0,0.0,0.0,424.0,up,2026-08-10T11:26:03,0.0,0.0
SPXW,2027-03-31,222,Put,7735.0,SPXW270331P07735000,330.1,331.0,330.55,370.78,0.0,0.0,0.0,12.0,0.1614,-0.433,0.0004,23.4221,-0.8309,-21.9,331.1987,0.0,0.0,0.0,342.650009155273,down,2026-08-03T15:09:53,0.0,0.0
SPXW,2027-03-31,222,Call,7740.0,SPXW270331C07740000,430.7,431.7,431.2,505.0,0.0,0.0,0.0,8.0,0.161,0.5669,0.0004,23.4412,-0.8236,23.5425,430.846,0.0,0.0,0.0,420.800003051758,up,2026-08-12T14:36:04,0.0,0.0
SPXW,2027-03-31,222,Put,7740.0,SPXW270331P07740000,331.9,332.8,332.35,323.67,0.0,0.0,0.0,33.0,0.161,-0.435,0.0004,23.4412,-0.8302,-22.0012,332.9501,0.0,0.0,0.0,344.5,no_change,2026-08-19T14:41:23,0.0,0.0
SPXW,2027-03-31,222,Call,7745.0,SPXW270331C07745000,427.6,428.6,428.1,509.1,0.0,0.0,0.0,9.0,0.1608,0.5649,0.0004,23.4598,-0.8231,23.4703,427.7392,0.0,0.0,0.0,417.849990844727,no_change,2026-08-04T14:40:21,0.0,0.0
SPXW,2027-03-31,222,Put,7745.0,SPXW270331P07745000,333.6,334.5,334.05,333.18,0.0,0.0,0.0,2.0,0.1608,-0.4369,0.0004,23.4598,-0.8294,-22.1028,334.7121,0.0,0.0,0.0,346.300003051758,up,2026-08-19T10:15:05,0.0,0.0
SPXW,2027-03-31,222,Call,7750.0,SPXW270331C07750000,424.5,425.5,425.0,466.17,0.0,0.0,0.0,160.0,0.1605,0.5629,0.0004,23.4778,-0.8227,23.3978,424.6431,0.0,0.0,0.0,414.75,down,2026-08-19T10:06:12,0.0,0.0
SPXW,2027-03-31,222,Put,7750.0,SPXW270331P07750000,335.4,336.3,335.85,330.61,0.0,0.0,0.0,479.0,0.1606,-0.4389,0.0004,23.4778,-0.8286,-22.2046,336.4847,0.0,0.0,0.0,348.100006103516,up,2026-08-19T10:06:12,0.0,0.0
SPXW,2027-03-31,222,Call,7755.0,SPXW270331C07755000,421.4,422.4,421.9,490.6,0.0,0.0,0.0,44.0,0.1603,0.5609,0.0004,23.4954,-0.8222,23.325,421.5577,0.0,0.0,0.0,411.800003051758,no_change,2026-08-07T12:28:36,0.0,0.0
SPXW,2027-03-31,222,Put,7755.0,SPXW270331P07755000,337.2,338.1,337.65,332.1,-17.8,-5.08717,1.0,55.0,0.1602,-0.441,0.0004,23.4954,-0.8278,-22.3067,338.2679,332.1,332.1,332.1,349.899993896484,up,2026-08-21T11:52:44,0.0,0.0
SPXW,2027-03-31,222,Call,7760.0,SPXW270331C07760000,418.4,419.3,418.85,485.6,0.0,0.0,0.0,20.0,0.16,0.5589,0.0004,23.5125,-0.8217,23.2518,418.4829,0.0,0.0,0.0,408.75,down,2026-08-12T12:20:48,0.0,0.0
SPXW,2027-03-31,222,Put,7760.0,SPXW270331P07760000,339.0,339.9,339.45,332.69,0.0,0.0,0.0,14.0,0.16,-0.443,0.0004,23.5125,-0.827,-22.4092,340.0618,0.0,0.0,0.0,351.699996948242,up,2026-08-19T13:50:43,0.0,0.0
SPXW,2027-03-31,222,Call,7765.0,SPXW270331C07765000,415.3,416.3,415.8,486.0,0.0,0.0,0.0,16.0,0.1598,0.5569,0.0004,23.529,-0.8212,23.1782,415.419,0.0,0.0,0.0,405.600006103516,down,2026-08-11T11:41:02,0.0,0.0
SPXW,2027-03-31,222,Put,7765.0,SPXW270331P07765000,340.8,341.7,341.25,335.59,-17.96,-5.0799,1.0,13.0,0.1597,-0.445,0.0004,23.529,-0.8262,-22.5121,341.8666,335.59,335.59,335.59,353.550003051758,down,2026-08-21T11:52:44,0.0,0.0
SPXW,2027-03-31,222,Call,7770.0,SPXW270331C07770000,412.3,413.2,412.75,421.9,0.0,0.0,0.0,13.0,0.1595,0.5549,0.0004,23.545,-0.8207,23.1042,412.3659,0.0,0.0,0.0,402.700012207031,no_change,2026-08-20T12:25:05,0.0,0.0
SPXW,2027-03-31,222,Put,7770.0,SPXW270331P07770000,342.6,343.5,343.05,332.02,0.0,0.0,0.0,11.0,0.1596,-0.447,0.0004,23.545,-0.8253,-22.6155,343.6822,0.0,0.0,0.0,355.399993896484,up,2026-08-12T15:53:29,0.0,0.0
SPXW,2027-03-31,222,Call,7775.0,SPXW270331C07775000,409.2,410.2,409.7,443.85,0.0,0.0,0.0,133.0,0.1593,0.5528,0.0004,23.5605,-0.8201,23.0297,409.3238,0.0,0.0,0.0,399.700012207031,down,2026-08-19T09:50:14,0.0,0.0
SPXW,2027-03-31,222,Put,7775.0,SPXW270331P07775000,344.4,345.4,344.9,346.77,0.0,0.0,0.0,103.0,0.1593,-0.449,0.0004,23.5605,-0.8244,-22.7193,345.5087,0.0,0.0,0.0,357.300003051758,no_change,2026-08-18T14:19:39,0.0,0.0
SPXW,2027-03-31,222,Call,7780.0,SPXW270331C07780000,406.2,407.2,406.7,509.0,0.0,0.0,0.0,21.0,0.159,0.5508,0.0004,23.5755,-0.8195,22.9547,406.2927,0.0,0.0,0.0,396.75,up,2026-08-13T10:49:15,0.0,0.0
SPXW,2027-03-31,222,Put,7780.0,SPXW270331P07780000,346.3,347.2,346.75,333.41,0.0,0.0,0.0,16.0,0.159,-0.4511,0.0004,23.5755,-0.8235,-22.8236,347.3463,0.0,0.0,0.0,359.150009155273,up,2026-08-10T11:22:50,0.0,0.0
SPXW,2027-03-31,222,Call,7785.0,SPXW270331C07785000,403.2,404.2,403.7,443.5,0.0,0.0,0.0,7.0,0.1588,0.5488,0.0004,23.59,-0.819,22.8791,403.2727,0.0,0.0,0.0,393.600006103516,down,2026-08-19T10:18:09,0.0,0.0
SPXW,2027-03-31,222,Put,7785.0,SPXW270331P07785000,348.1,349.0,348.55,323.95,0.0,0.0,0.0,10.0,0.1588,-0.4531,0.0004,23.59,-0.8226,-22.9285,349.195,0.0,0.0,0.0,361.199996948242,down,2026-08-13T15:30:39,0.0,0.0
SPXW,2027-03-31,222,Call,7790.0,SPXW270331C07790000,400.2,401.2,400.7,365.08,0.0,0.0,0.0,3.0,0.1585,0.5467,0.0004,23.6039,-0.8183,22.803,400.2639,0.0,0.0,0.0,390.75,up,2026-05-07T10:28:17,0.0,0.0
SPXW,2027-03-31,222,Put,7790.0,SPXW270331P07790000,350.0,350.9,350.45,325.55,0.0,0.0,0.0,5.0,0.1586,-0.4552,0.0004,23.6039,-0.8217,-23.034,351.0549,0.0,0.0,0.0,362.949996948242,down,2026-08-13T15:30:39,0.0,0.0
SPXW,2027-03-31,222,Call,7795.0,SPXW270331C07795000,397.2,398.2,397.7,398.6,10.75,2.77169,4.0,8.0,0.1583,0.5447,0.0004,23.6172,-0.8177,22.7263,397.2664,398.6,398.6,398.6,387.849990844727,up,2026-08-21T11:20:59,0.0,0.0
SPXW,2027-03-31,222,Put,7795.0,SPXW270331P07795000,351.9,352.8,352.35,353.7,0.0,0.0,0.0,3.0,0.1582,-0.4572,0.0004,23.6172,-0.8207,-23.14,352.926,0.0,0.0,0.0,364.849990844727,down,2026-08-04T13:23:07,0.0,0.0
SPXW,2027-03-31,222,Call,7800.0,SPXW270331C07800000,394.2,395.2,394.7,395.6,10.75,2.7933,4.0,166.0,0.1581,0.5426,0.0004,23.63,-0.8171,22.649,394.2803,395.6,395.6,395.6,384.849990844727,down,2026-08-21T11:20:59,0.0,0.0
SPXW,2027-03-31,222,Put,7800.0,SPXW270331P07800000,353.7,354.7,354.2,345.48,0.0,0.0,0.0,157.0,0.158,-0.4593,0.0004,23.63,-0.8197,-23.2466,354.8086,0.0,0.0,0.0,366.75,down,2026-08-19T16:11:36,0.0,0.0
SPXW,2027-03-31,222,Call,7805.0,SPXW270331C07805000,391.2,392.2,391.7,159.03,0.0,0.0,0.0,1.0,0.1578,0.5405,0.0004,23.6423,-0.8164,22.571,391.3056,0.0,0.0,0.0,381.949996948242,down,2026-04-14T10:29:37,0.0,0.0
SPXW,2027-03-31,222,Put,7805.0,SPXW270331P07805000,355.6,356.6,356.1,332.1,0.0,0.0,0.0,7.0,0.1578,-0.4614,0.0004,23.6423,-0.8187,-23.3539,356.7026,0.0,0.0,0.0,368.700012207031,up,2026-08-14T10:52:00,0.0,0.0
SPXW,2027-03-31,222,Call,7810.0,SPXW270331C07810000,388.3,389.3,388.8,361.55,0.0,0.0,0.0,57.0,0.1576,0.5384,0.0004,23.6539,-0.8157,22.4925,388.3425,0.0,0.0,0.0,379.199996948242,down,2026-06-12T10:10:18,0.0,0.0
SPXW,2027-03-31,222,Put,7810.0,SPXW270331P07810000,357.6,358.5,358.05,344.8,0.0,0.0,0.0,44.0,0.1575,-0.4634,0.0004,23.6539,-0.8177,-23.4617,358.6082,0.0,0.0,0.0,370.800003051758,down,2026-08-12T16:12:32,0.0,0.0
SPXW,2027-03-31,222,Call,7815.0,SPXW270331C07815000,385.3,386.3,385.8,429.6,0.0,0.0,0.0,14.0,0.1573,0.5364,0.0004,23.665,-0.815,22.4134,385.3911,0.0,0.0,0.0,376.100006103516,down,2026-08-06T13:43:57,0.0,0.0
SPXW,2027-03-31,222,Put,7815.0,SPXW270331P07815000,359.5,360.4,359.95,361.76,0.0,0.0,0.0,14.0,0.1574,-0.4655,0.0004,23.665,-0.8167,-23.5701,360.5255,0.0,0.0,0.0,372.600006103516,up,2026-08-18T12:03:53,0.0,0.0
SPXW,2027-03-31,222,Call,7820.0,SPXW270331C07820000,382.4,383.4,382.9,468.97,0.0,0.0,0.0,12.0,0.1571,0.5343,0.0004,23.6755,-0.8143,22.3338,382.4514,0.0,0.0,0.0,373.200012207031,down,2026-08-14T15:19:41,0.0,0.0
SPXW,2027-03-31,222,Put,7820.0,SPXW270331P07820000,361.4,362.3,361.85,337.63,0.0,0.0,0.0,14.0,0.1571,-0.4676,0.0004,23.6755,-0.8156,-23.6791,362.4545,0.0,0.0,0.0,374.550003051758,up,2026-08-14T10:38:43,0.0,0.0
SPXW,2027-03-31,222,Call,7825.0,SPXW270331C07825000,379.5,380.5,380.0,407.03,0.0,0.0,0.0,38.0,0.1569,0.5322,0.0004,23.6854,-0.8135,22.2536,379.5235,0.0,0.0,0.0,370.349990844727,up,2026-08-18T14:10:12,0.0,0.0
SPXW,2027-03-31,222,Put,7825.0,SPXW270331P07825000,363.3,364.3,363.8,357.77,0.0,0.0,0.0,170.0,0.1568,-0.4697,0.0004,23.6854,-0.8146,-23.7886,364.3953,0.0,0.0,0.0,376.550003051758,up,2026-08-19T10:01:24,0.0,0.0
SPXW,2027-03-31,222,Call,7830.0,SPXW270331C07830000,376.6,377.6,377.1,420.61,0.0,0.0,0.0,35.0,0.1566,0.5301,0.0004,23.6947,-0.8128,22.1728,376.6076,0.0,0.0,0.0,367.5,up,2026-08-06T13:43:57,0.0,0.0
SPXW,2027-03-31,222,Put,7830.0,SPXW270331P07830000,365.3,366.2,365.75,351.1,0.0,0.0,0.0,9.0,0.1566,-0.4718,0.0004,23.6947,-0.8135,-23.8987,366.348,0.0,0.0,0.0,378.550003051758,down,2026-08-12T10:27:28,0.0,0.0
SPXW,2027-03-31,222,Call,7835.0,SPXW270331C07835000,373.7,374.7,374.2,370.2,0.0,0.0,0.0,12.0,0.1564,0.528,0.0004,23.7034,-0.812,22.0916,373.7037,0.0,0.0,0.0,364.399993896484,up,2026-07-16T11:20:10,0.0,0.0
SPXW,2027-03-31,222,Put,7835.0,SPXW270331P07835000,367.3,368.2,367.75,484.2,0.0,0.0,0.0,9.0,0.1564,-0.4739,0.0004,23.7034,-0.8124,-24.0092,368.3128,0.0,0.0,0.0,380.550003051758,down,2026-07-20T10:25:22,0.0,0.0
SPXW,2027-03-31,222,Call,7840.0,SPXW270331C07840000,370.8,371.8,371.3,428.0,0.0,0.0,0.0,52.0,0.1561,0.5259,0.0004,23.7115,-0.8112,22.01,370.8118,0.0,0.0,0.0,361.600006103516,up,2026-08-11T15:27:58,0.0,0.0
SPXW,2027-03-31,222,Put,7840.0,SPXW270331P07840000,369.3,370.2,369.75,369.3,0.0,0.0,0.0,8.0,0.1562,-0.476,0.0004,23.7115,-0.8112,-24.1202,370.2896,0.0,0.0,0.0,382.550003051758,up,2026-08-18T12:50:30,0.0,0.0
SPXW,2027-03-31,222,Call,7845.0,SPXW270331C07845000,367.9,368.9,368.4,416.6,0.0,0.0,0.0,23.0,0.1559,0.5238,0.0004,23.719,-0.8104,21.9283,367.932,0.0,0.0,0.0,358.899993896484,up,2026-08-06T15:39:03,0.0,0.0
SPXW,2027-03-31,222,Put,7845.0,SPXW270331P07845000,371.3,372.2,371.75,360.2,0.0,0.0,0.0,8.0,0.1559,-0.4781,0.0004,23.719,-0.8101,-24.2312,372.2785,0.0,0.0,0.0,384.449996948242,no_change,2026-08-05T10:00:10,0.0,0.0
SPXW,2027-03-31,222,Call,7850.0,SPXW270331C07850000,365.1,366.0,365.55,401.77,0.0,0.0,0.0,95.0,0.1557,0.5216,0.0004,23.7258,-0.8095,21.8459,365.0645,0.0,0.0,0.0,356.100006103516,up,2026-08-19T09:53:49,0.0,0.0
SPXW,2027-03-31,222,Put,7850.0,SPXW270331P07850000,373.3,374.2,373.75,373.89,0.0,0.0,0.0,88.0,0.1557,-0.4803,0.0004,23.7258,-0.8089,-24.3428,374.2796,0.0,0.0,0.0,386.600006103516,up,2026-08-18T10:34:39,0.0,0.0
SPXW,2027-03-31,222,Call,7855.0,SPXW270331C07855000,362.2,363.2,362.7,326.39,0.0,0.0,0.0,21.0,0.1554,0.5195,0.0004,23.732,-0.8086,21.7634,362.2092,0.0,0.0,0.0,353.199996948242,up,2026-05-19T09:41:53,0.0,0.0
SPXW,2027-03-31,222,Put,7855.0,SPXW270331P07855000,375.3,376.2,375.75,368.45,0.0,0.0,0.0,26.0,0.1554,-0.4824,0.0004,23.732,-0.8077,-24.4547,376.293,0.0,0.0,0.0,388.700012207031,up,2026-08-19T10:06:11,0.0,0.0
SPXW,2027-03-31,222,Call,7860.0,SPXW270331C07860000,359.4,360.4,359.9,408.51,0.0,0.0,0.0,27.0,0.1552,0.5174,0.0004,23.7376,-0.8078,21.6806,359.3662,0.0,0.0,0.0,350.5,down,2026-08-06T11:37:31,0.0,0.0
SPXW,2027-03-31,222,Put,7860.0,SPXW270331P07860000,377.3,378.2,377.75,370.64,0.0,0.0,0.0,4.0,0.1552,-0.4845,0.0004,23.7376,-0.8065,-24.5668,378.3187,0.0,0.0,0.0,390.75,down,2026-08-19T10:07:13,0.0,0.0
SPXW,2027-03-31,222,Call,7870.0,SPXW270331C07870000,353.7,354.7,354.2,311.6,0.0,0.0,0.0,64.0,0.1547,0.5131,0.0004,23.7468,-0.8059,21.5147,353.7173,0.0,0.0,0.0,344.849990844727,down,2026-07-17T10:03:59,0.0,0.0
SPXW,2027-03-31,222,Put,7870.0,SPXW270331P07870000,381.4,382.3,381.85,701.0,0.0,0.0,0.0,5.0,0.1547,-0.4888,0.0004,23.7468,-0.804,-24.7914,382.4071,0.0,0.0,0.0,394.899993896484,down,2026-04-30T12:56:42,0.0,0.0
SPXW,2027-03-31,222,Call,7875.0,SPXW270331C07875000,350.9,351.9,351.4,428.49,0.0,0.0,0.0,38.0,0.1545,0.5109,0.0004,23.7504,-0.805,21.4315,350.9114,0.0,0.0,0.0,342.150009155273,down,2026-08-17T12:41:09,0.0,0.0
SPXW,2027-03-31,222,Put,7875.0,SPXW270331P07875000,383.5,384.4,383.95,375.38,0.0,0.0,0.0,51.0,0.1545,-0.491,0.0004,23.7504,-0.8027,-24.9038,384.47,0.0,0.0,0.0,397.0,up,2026-08-19T15:46:20,0.0,0.0
SPXW,2027-03-31,222,Call,7880.0,SPXW270331C07880000,348.2,349.1,348.65,423.62,0.0,0.0,0.0,75.0,0.1543,0.5088,0.0004,23.7534,-0.804,21.3484,348.1181,0.0,0.0,0.0,339.349990844727,up,2026-08-04T13:21:31,0.0,0.0
SPXW,2027-03-31,222,Put,7880.0,SPXW270331P07880000,385.5,386.5,386.0,383.1,-16.05,-4.02105,2.0,6.0,0.1543,-0.4931,0.0004,23.7534,-0.8014,-25.0163,386.5453,383.1,383.1,383.1,399.150009155273,no_change,2026-08-21T15:36:34,0.0,0.0
SPXW,2027-03-31,222,Call,7890.0,SPXW270331C07890000,342.7,343.6,343.15,419.23,0.0,0.0,0.0,140.0,0.1538,0.5045,0.0004,23.7576,-0.802,21.1819,342.5689,0.0,0.0,0.0,333.949996948242,up,2026-08-04T13:28:57,0.0,0.0
SPXW,2027-03-31,222,Put,7890.0,SPXW270331P07890000,389.7,390.7,390.2,437.12,0.0,0.0,0.0,21.0,0.1538,-0.4974,0.0004,23.7576,-0.7988,-25.2414,390.7335,0.0,0.0,0.0,403.399993896484,down,2026-08-03T11:50:04,0.0,0.0
SPXW,2027-03-31,222,Call,7900.0,SPXW270331C07900000,337.3,338.1,337.70000000000005,371.44,0.0,0.0,0.0,157.0,0.1533,0.5001,0.0004,23.7591,-0.7999,21.0153,337.07,0.0,0.0,0.0,328.449996948242,up,2026-08-19T14:41:14,0.0,0.0
SPXW,2027-03-31,222,Put,7900.0,SPXW270331P07900000,394.0,394.9,394.45,391.66,-16.09,-3.94605,4.0,101.0,0.1533,-0.5018,0.0004,23.7591,-0.796,-25.4667,394.972,391.71,391.71,391.51,407.75,up,2026-08-21T15:36:07,0.0,0.0
SPXW,2027-03-31,222,Call,7910.0,SPXW270331C07910000,331.7,332.7,332.2,414.93,0.0,0.0,0.0,115.0,0.1529,0.4958,0.0004,23.7581,-0.7978,20.8484,331.6216,0.0,0.0,0.0,323.150009155273,down,2026-08-14T14:17:12,0.0,0.0
SPXW,2027-03-31,222,Put,7910.0,SPXW270331P07910000,398.3,399.2,398.75,427.54,0.0,0.0,0.0,70.0,0.1529,-0.5061,0.0004,23.7581,-0.7932,-25.6922,399.261,0.0,0.0,0.0,412.050003051758,down,2026-08-04T09:49:00,0.0,0.0
SPXW,2027-03-31,222,Call,7920.0,SPXW270331C07920000,326.3,327.3,326.8,318.62,0.0,0.0,0.0,365.0,0.1525,0.4914,0.0004,23.7544,-0.7956,20.6811,326.2241,0.0,0.0,0.0,317.849990844727,down,2026-08-20T14:34:23,0.0,0.0
SPXW,2027-03-31,222,Put,7920.0,SPXW270331P07920000,402.6,403.6,403.1,528.24,0.0,0.0,0.0,12.0,0.1525,-0.5105,0.0004,23.7544,-0.7903,-25.9181,403.6008,0.0,0.0,0.0,416.5,up,2026-07-31T09:59:24,0.0,0.0
SPXW,2027-03-31,222,Call,7925.0,SPXW270331C07925000,323.7,324.6,324.15,367.6,0.0,0.0,0.0,39.0,0.1523,0.4892,0.0004,23.7516,-0.7944,20.5972,323.5445,0.0,0.0,0.0,315.200012207031,up,2026-08-19T11:27:48,0.0,0.0
SPXW,2027-03-31,222,Put,7925.0,SPXW270331P07925000,404.8,405.8,405.3,408.24,0.0,0.0,0.0,12.0,0.1523,-0.5127,0.0004,23.7516,-0.7889,-26.0314,405.7899,0.0,0.0,0.0,418.700012207031,up,2026-08-18T11:09:36,0.0,0.0
SPXW,2027-03-31,222,Call,7930.0,SPXW270331C07930000,321.0,321.9,321.45,277.23,0.0,0.0,0.0,19.0,0.152,0.487,0.0004,23.7481,-0.7932,20.513,320.8777,0.0,0.0,0.0,312.399993896484,down,2026-07-17T11:04:05,0.0,0.0
SPXW,2027-03-31,222,Put,7930.0,SPXW270331P07930000,407.0,408.0,407.5,534.76,0.0,0.0,0.0,38.0,0.152,-0.5149,0.0004,23.7481,-0.7874,-26.1449,407.9918,0.0,0.0,0.0,420.949996948242,down,2026-07-28T12:14:57,0.0,0.0
SPXW,2027-03-31,222,Call,7940.0,SPXW270331C07940000,315.7,316.7,316.2,210.6,0.0,0.0,0.0,29.0,0.1516,0.4826,0.0004,23.739,-0.7909,20.3437,315.5829,0.0,0.0,0.0,307.349990844727,down,2026-07-29T11:16:25,0.0,0.0
SPXW,2027-03-31,222,Put,7940.0,SPXW270331P07940000,411.5,412.4,411.95,0.0,0.0,0.0,0.0,0.0,0.1515,-0.5193,0.0004,23.739,-0.7843,-26.3728,412.4344,0.0,0.0,0.0,425.449996948242,no_change,,0.0,0.0
SPXW,2027-03-31,222,Call,7950.0,SPXW270331C07950000,310.6,311.4,311.0,347.6,0.0,0.0,0.0,42.0,0.1512,0.4782,0.0004,23.7272,-0.7884,20.1728,310.3403,0.0,0.0,0.0,302.050003051758,down,2026-08-19T10:06:12,0.0,0.0
SPXW,2027-03-31,222,Put,7950.0,SPXW270331P07950000,416.0,416.9,416.45,406.84,0.0,0.0,0.0,232.0,0.1511,-0.5237,0.0004,23.7272,-0.7812,-26.6023,416.9291,0.0,0.0,0.0,430.050003051758,down,2026-08-19T10:06:12,0.0,0.0
SPXW,2027-03-31,222,Call,7960.0,SPXW270331C07960000,305.4,306.3,305.85,364.75,0.0,0.0,0.0,14.0,0.1507,0.4737,0.0004,23.7124,-0.7858,20.0001,305.1503,0.0,0.0,0.0,297.050003051758,down,2026-08-07T14:50:10,0.0,0.0
SPXW,2027-03-31,222,Put,7960.0,SPXW270331P07960000,420.5,421.5,421.0,403.4,0.0,0.0,0.0,10.0,0.1507,-0.5282,0.0004,23.7124,-0.778,-26.8336,421.4765,0.0,0.0,0.0,434.75,down,2026-08-05T10:00:10,0.0,0.0
SPXW,2027-03-31,222,Call,7970.0,SPXW270331C07970000,300.2,301.1,300.65,376.06,0.0,0.0,0.0,13.0,0.1503,0.4692,0.0004,23.6946,-0.7832,19.8253,300.0137,0.0,0.0,0.0,292.050003051758,down,2026-08-11T10:55:46,0.0,0.0
SPXW,2027-03-31,222,Put,7970.0,SPXW270331P07970000,425.1,426.1,425.6,0.0,0.0,0.0,0.0,0.0,0.1503,-0.5326,0.0004,23.6946,-0.7747,-27.0671,426.0772,0.0,0.0,0.0,439.299987792969,no_change,,0.0,0.0
SPXW,2027-03-31,222,Call,7975.0,SPXW270331C07975000,297.7,298.6,298.15,328.85,0.0,0.0,0.0,43.0,0.1501,0.467,0.0004,23.6845,-0.7819,19.7371,297.4655,0.0,0.0,0.0,289.449996948242,down,2026-08-19T14:34:01,0.0,0.0
SPXW,2027-03-31,222,Put,7975.0,SPXW270331P07975000,427.5,428.4,427.95,411.97,0.0,0.0,0.0,48.0,0.15,-0.5349,0.0004,23.6845,-0.7731,-27.1846,428.3977,0.0,0.0,0.0,441.700012207031,up,2026-08-19T10:47:57,0.0,0.0
SPXW,2027-03-31,222,Call,7980.0,SPXW270331C07980000,295.2,296.0,295.6,346.84,0.0,0.0,0.0,19.0,0.1499,0.4648,0.0004,23.6737,-0.7805,19.6484,294.931,0.0,0.0,0.0,287.0,no_change,2026-08-06T11:18:13,0.0,0.0
SPXW,2027-03-31,222,Put,7980.0,SPXW270331P07980000,429.8,430.8,430.3,410.22,0.0,0.0,0.0,7.0,0.1499,-0.5371,0.0004,23.6737,-0.7714,-27.3026,430.7318,0.0,0.0,0.0,444.100006103516,up,2026-08-17T13:33:12,0.0,0.0
SPXW,2027-03-31,222,Call,7990.0,SPXW270331C07990000,290.1,291.0,290.55,338.19,0.0,0.0,0.0,38.0,0.1495,0.4603,0.0004,23.6498,-0.7777,19.4696,289.9027,0.0,0.0,0.0,282.050003051758,down,2026-08-04T11:29:21,0.0,0.0
SPXW,2027-03-31,222,Put,7990.0,SPXW270331P07990000,434.5,435.5,435.0,405.1,0.0,0.0,0.0,39.0,0.1495,-0.5416,0.0004,23.6498,-0.7679,-27.54,435.4409,0.0,0.0,0.0,448.849990844727,down,2026-08-17T11:18:14,0.0,0.0
SPXW,2027-03-31,222,Call,8000.0,SPXW270331C08000000,285.1,286.1,285.6,291.5,14.35,5.1777,11.0,958.0,0.1491,0.4558,0.0004,23.6227,-0.7749,19.2891,284.9295,286.48,291.5,286.48,277.150009155273,up,2026-08-21T11:38:04,0.0,0.0
SPXW,2027-03-31,222,Put,8000.0,SPXW270331P08000000,439.3,440.2,439.75,451.3,0.0,0.0,0.0,107.0,0.149,-0.5461,0.0004,23.6227,-0.7644,-27.7792,440.2051,0.0,0.0,0.0,453.700012207031,down,2026-08-20T14:54:29,0.0,0.0
SPXW,2027-03-31,222,Call,8010.0,SPXW270331C08010000,280.2,281.1,280.65,311.8,0.0,0.0,0.0,78.0,0.1487,0.4513,0.0004,23.5926,-0.7719,19.1076,280.0116,0.0,0.0,0.0,272.349990844727,up,2026-08-18T12:49:28,0.0,0.0
SPXW,2027-03-31,222,Put,8010.0,SPXW270331P08010000,444.1,445.0,444.55,413.0,0.0,0.0,0.0,5.0,0.1487,-0.5506,0.0004,23.5926,-0.7608,-28.0193,445.0246,0.0,0.0,0.0,458.550003051758,up,2026-08-17T09:43:00,0.0,0.0
SPXW,2027-03-31,222,Call,8020.0,SPXW270331C08020000,275.4,276.3,275.85,301.91,0.0,0.0,0.0,38.0,0.1483,0.4468,0.0004,23.5595,-0.7689,18.9251,275.1495,0.0,0.0,0.0,267.5,down,2026-08-18T11:02:09,0.0,0.0
SPXW,2027-03-31,222,Put,8020.0,SPXW270331P08020000,449.0,449.9,449.45,460.84,0.0,0.0,0.0,13.0,0.1482,-0.5551,0.0004,23.5595,-0.7572,-28.2604,449.8999,0.0,0.0,0.0,463.5,down,2026-08-20T14:56:18,0.0,0.0
SPXW,2027-03-31,222,Call,8025.0,SPXW270331C08025000,272.9,273.9,273.4,267.2,0.0,0.0,0.0,414.0,0.1481,0.4445,0.0004,23.5419,-0.7674,18.8338,272.7394,0.0,0.0,0.0,265.150009155273,down,2026-08-20T14:05:48,0.0,0.0
SPXW,2027-03-31,222,Put,8025.0,SPXW270331P08025000,451.4,452.4,451.9,463.24,0.0,0.0,0.0,30.0,0.148,-0.5574,0.0004,23.5419,-0.7553,-28.3811,452.3584,0.0,0.0,0.0,465.949996948242,up,2026-08-20T14:56:18,0.0,0.0
SPXW,2027-03-31,222,Call,8030.0,SPXW270331C08030000,270.5,271.5,271.0,361.01,0.0,0.0,0.0,17.0,0.1479,0.4423,0.0004,23.5235,-0.7658,18.7425,270.3433,0.0,0.0,0.0,262.700012207031,up,2026-08-13T10:48:43,0.0,0.0
SPXW,2027-03-31,222,Put,8030.0,SPXW270331P08030000,453.9,454.8,454.35,432.9,0.0,0.0,0.0,1.0,0.1479,-0.5596,0.0004,23.5235,-0.7534,-28.5017,454.831,0.0,0.0,0.0,468.449996948242,down,2026-08-05T10:00:10,0.0,0.0
SPXW,2027-03-31,222,Call,8040.0,SPXW270331C08040000,265.8,266.8,266.3,267.08,9.03,3.49932,10.0,34.0,0.1474,0.4378,0.0004,23.4847,-0.7627,18.5601,265.593,267.08,267.08,267.08,258.050003051758,down,2026-08-21T10:59:07,0.0,0.0
SPXW,2027-03-31,222,Put,8040.0,SPXW270331P08040000,458.9,459.8,459.35,0.0,0.0,0.0,0.0,0.0,0.1475,-0.5641,0.0004,23.4847,-0.7496,-28.7427,459.8181,0.0,0.0,0.0,473.5,no_change,,0.0,0.0
SPXW,2027-03-31,222,Call,8050.0,SPXW270331C08050000,261.1,262.0,261.55,329.32,0.0,0.0,0.0,185.0,0.1471,0.4332,0.0004,23.4431,-0.7594,18.3783,260.8986,0.0,0.0,0.0,253.449996948242,down,2026-08-17T11:45:39,0.0,0.0
SPXW,2027-03-31,222,Put,8050.0,SPXW270331P08050000,463.9,464.9,464.4,439.92,0.0,0.0,0.0,19.0,0.147,-0.5687,0.0004,23.4431,-0.7457,-28.9831,464.861,0.0,0.0,0.0,478.600006103516,up,2026-08-17T14:18:13,0.0,0.0
SPXW,2027-03-31,222,Call,8060.0,SPXW270331C08060000,256.4,257.4,256.9,280.21,0.0,0.0,0.0,13.0,0.1468,0.4287,0.0004,23.3989,-0.7561,18.1971,256.26,0.0,0.0,0.0,248.849998474121,down,2026-08-18T15:52:50,0.0,0.0
SPXW,2027-03-31,222,Put,8060.0,SPXW270331P08060000,469.0,470.0,469.5,445.8,0.0,0.0,0.0,23.0,0.1467,-0.5732,0.0004,23.3989,-0.7417,-29.223,469.9598,0.0,0.0,0.0,483.75,down,2026-08-05T10:00:10,0.0,0.0
SPXW,2027-03-31,222,Call,8070.0,SPXW270331C08070000,251.8,252.8,252.3,320.88,0.0,0.0,0.0,250.0,0.1464,0.4241,0.0004,23.352,-0.7527,18.0164,251.6771,0.0,0.0,0.0,244.349998474121,down,2026-08-10T11:10:44,0.0,0.0
SPXW,2027-03-31,222,Put,8070.0,SPXW270331P08070000,474.1,475.1,474.6,602.5,0.0,0.0,0.0,13.0,0.1463,-0.5778,0.0004,23.352,-0.7377,-29.4622,475.1142,0.0,0.0,0.0,488.949996948242,down,2026-07-20T10:32:32,0.0,0.0
SPXW,2027-03-31,222,Call,8075.0,SPXW270331C08075000,249.6,250.5,250.05,277.28,0.0,0.0,0.0,4.0,0.1461,0.4219,0.0004,23.3276,-0.751,17.9262,249.4065,0.0,0.0,0.0,242.099998474121,down,2026-08-18T12:35:36,0.0,0.0
SPXW,2027-03-31,222,Put,8075.0,SPXW270331P08075000,476.7,477.7,477.2,464.86,0.0,0.0,0.0,20.0,0.1461,-0.58,0.0004,23.3276,-0.7356,-29.5818,477.7123,0.0,0.0,0.0,491.650009155273,down,2026-08-19T10:03:14,0.0,0.0
SPXW,2027-03-31,222,Call,8080.0,SPXW270331C08080000,247.3,248.2,247.75,258.9,0.0,0.0,0.0,31.0,0.146,0.4196,0.0004,23.3025,-0.7492,17.8361,247.1498,0.0,0.0,0.0,239.849998474121,down,2026-08-20T10:14:00,0.0,0.0
SPXW,2027-03-31,222,Put,8080.0,SPXW270331P08080000,479.3,480.3,479.8,461.14,0.0,0.0,0.0,20.0,0.1459,-0.5823,0.0004,23.3025,-0.7335,-29.7012,480.3243,0.0,0.0,0.0,494.25,down,2026-08-19T15:32:04,0.0,0.0
SPXW,2027-03-31,222,Call,8090.0,SPXW270331C08090000,242.8,243.8,243.3,239.37,0.0,0.0,0.0,81.0,0.1456,0.415,0.0004,23.2501,-0.7457,17.6556,242.6781,0.0,0.0,0.0,235.449996948242,down,2026-08-20T14:02:51,0.0,0.0
SPXW,2027-03-31,222,Put,8090.0,SPXW270331P08090000,484.6,485.5,485.05,485.49,0.0,0.0,0.0,40.0,0.1455,-0.5869,0.0004,23.2501,-0.7293,-29.9403,485.59,0.0,0.0,0.0,499.600006103516,up,2026-08-18T11:10:40,0.0,0.0
SPXW,2027-03-31,222,Call,8100.0,SPXW270331C08100000,238.4,239.3,238.85000000000002,238.91,7.81,3.37949,365.0,17648.0,0.1452,0.4105,0.0004,23.1949,-0.7421,17.4747,238.2621,241.35,251.21,235.25,231.099998474121,down,2026-08-21T16:11:33,0.0,0.0
SPXW,2027-03-31,222,Put,8100.0,SPXW270331P08100000,489.9,490.8,490.35,480.02,0.0,0.0,0.0,115.0,0.1452,-0.5914,0.0004,23.1949,-0.7251,-30.1799,490.9114,0.0,0.0,0.0,504.899993896484,up,2026-08-19T10:14:05,0.0,0.0
SPXW,2027-03-31,222,Call,8125.0,SPXW270331C08125000,227.6,228.5,228.05,230.0,9.6,4.35572,5.0,188.0,0.1443,0.3991,0.0004,23.043,-0.7327,17.0175,227.4667,229.38,230.0,229.38,220.400001525879,up,2026-08-21T15:37:57,0.0,0.0
SPXW,2027-03-31,222,Put,8125.0,SPXW270331P08125000,503.4,504.3,503.85,498.6,0.0,0.0,0.0,207.0,0.1443,-0.6028,0.0004,23.043,-0.7141,-30.7837,504.4594,0.0,0.0,0.0,518.600006103516,up,2026-08-18T14:44:41,0.0,0.0
SPXW,2027-03-31,222,Call,8150.0,SPXW270331C08150000,217.1,218.0,217.55,217.61,7.51,3.57449,368.0,17380.0,0.1435,0.3878,0.0004,22.8701,-0.723,16.5516,217.0233,220.35,229.33,214.1,210.099998474121,up,2026-08-21T16:11:33,0.0,0.0
SPXW,2027-03-31,222,Put,8150.0,SPXW270331P08150000,517.2,518.2,517.7,511.8,0.0,0.0,0.0,107.0,0.1434,-0.6142,0.0004,22.8701,-0.7027,-31.3961,518.3593,0.0,0.0,0.0,532.600006103516,up,2026-08-18T14:44:41,0.0,0.0
SPXW,2027-03-31,222,Call,8175.0,SPXW270331C08175000,206.9,207.9,207.4,204.8,4.7,2.34883,3.0,224.0,0.1426,0.3764,0.0004,22.6764,-0.7128,16.0812,206.9334,204.8,204.8,204.8,200.099998474121,up,2026-08-21T10:17:31,0.0,0.0
SPXW,2027-03-31,222,Put,8175.0,SPXW270331P08175000,531.4,532.4,531.9,487.79,0.0,0.0,0.0,11.0,0.1426,-0.6255,0.0004,22.6764,-0.6909,-32.0132,532.6129,0.0,0.0,0.0,546.75,up,2026-08-14T15:29:31,0.0,0.0
SPXW,2027-03-31,222,Call,8200.0,SPXW270331C08200000,197.1,198.0,197.55,205.7,15.2,7.979,2.0,992.0,0.1419,0.3651,0.0004,22.4649,-0.7022,15.614,197.1944,205.7,205.7,205.7,190.5,no_change,2026-08-21T11:42:23,0.0,0.0
SPXW,2027-03-31,222,Put,8200.0,SPXW270331P08200000,545.9,546.9,546.4,528.77,0.0,0.0,0.0,26.0,0.1417,-0.6367,0.0004,22.4649,-0.6786,-32.627,547.2172,0.0,0.0,0.0,561.549987792969,up,2026-08-19T13:50:43,0.0,0.0
SPXW,2027-03-31,222,Call,8225.0,SPXW270331C08225000,187.7,188.6,188.14999999999998,259.51,0.0,0.0,0.0,109.0,0.141,0.3539,0.0004,22.2386,-0.6912,15.155,187.7992,0.0,0.0,0.0,181.200004577637,up,2026-08-14T10:52:38,0.0,0.0
SPXW,2027-03-31,222,Put,8225.0,SPXW270331P08225000,560.8,561.7,561.25,507.1,0.0,0.0,0.0,37.0,0.141,-0.648,0.0004,22.2386,-0.666,-33.2326,562.1655,0.0,0.0,0.0,576.649993896484,down,2026-08-13T10:56:34,0.0,0.0
SPXW,2027-03-31,222,Call,8250.0,SPXW270331C08250000,178.5,179.4,178.95,181.9,0.0,0.0,0.0,374.0,0.1403,0.3428,0.0004,21.9981,-0.6798,14.7018,178.7401,0.0,0.0,0.0,172.200004577637,down,2026-08-20T13:14:58,0.0,0.0
SPXW,2027-03-31,222,Put,8250.0,SPXW270331P08250000,576.0,576.9,576.45,519.7,0.0,0.0,0.0,19.0,0.1402,-0.6591,0.0004,21.9981,-0.653,-33.8323,577.4498,0.0,0.0,0.0,591.950012207031,down,2026-08-13T10:57:29,0.0,0.0
SPXW,2027-03-31,222,Call,8275.0,SPXW270331C08275000,169.8,170.6,170.2,190.35,0.0,0.0,0.0,77.0,0.1396,0.3318,0.0004,21.7411,-0.6681,14.2481,170.0117,0.0,0.0,0.0,163.550003051758,down,2026-08-18T14:14:28,0.0,0.0
SPXW,2027-03-31,222,Put,8275.0,SPXW270331P08275000,591.6,592.5,592.05,0.0,0.0,0.0,0.0,0.0,0.1395,-0.6701,0.0004,21.7411,-0.6396,-34.4326,593.0648,0.0,0.0,0.0,607.549987792969,no_change,,0.0,0.0
SPXW,2027-03-31,222,Call,8300.0,SPXW270331C08300000,161.3,162.2,161.75,164.05,8.75,5.63426,5.0,2506.0,0.1389,0.3208,0.0004,21.4648,-0.6561,13.7903,161.611,161.65,164.05,161.65,155.299995422363,up,2026-08-21T15:58:58,0.0,0.0
SPXW,2027-03-31,222,Put,8300.0,SPXW270331P08300000,607.4,608.3,607.8499999999999,604.96,-18.59,-2.98131,1.0,36.0,0.1388,-0.6811,0.0004,21.4648,-0.626,-35.037,609.0076,604.96,604.96,604.96,623.549987792969,up,2026-08-21T15:58:58,0.0,0.0
SPXW,2027-03-31,222,Call,8325.0,SPXW270331C08325000,153.2,154.0,153.6,153.55,6.25,4.24304,4.0,479.0,0.1382,0.31,0.0004,21.169,-0.6437,13.3319,153.5349,153.55,153.55,153.55,147.299995422363,up,2026-08-21T09:37:58,0.0,0.0
SPXW,2027-03-31,222,Put,8325.0,SPXW270331P08325000,623.6,624.5,624.05,561.22,0.0,0.0,0.0,1.0,0.1381,-0.6919,0.0004,21.169,-0.6119,-35.6419,625.2748,0.0,0.0,0.0,640.75,down,2026-08-14T09:35:32,0.0,0.0
SPXW,2027-03-31,222,Call,8350.0,SPXW270331C08350000,145.4,146.2,145.8,165.32,0.0,0.0,0.0,1354.0,0.1376,0.2993,0.0004,20.8577,-0.631,12.8809,145.7761,0.0,0.0,0.0,139.700004577637,up,2026-08-19T15:36:03,0.0,0.0
SPXW,2027-03-31,222,Put,8350.0,SPXW270331P08350000,636.0,645.5,640.75,614.11,0.0,0.0,0.0,52.0,0.1376,-0.7026,0.0004,20.8577,-0.5976,-36.2395,641.8594,0.0,0.0,0.0,657.399993896484,down,2026-08-19T15:32:04,0.0,0.0
SPXW,2027-03-31,222,Call,8375.0,SPXW270331C08375000,137.9,138.7,138.3,187.89,0.0,0.0,0.0,7.0,0.137,0.2888,0.0004,20.5356,-0.618,12.4417,138.3242,0.0,0.0,0.0,132.349998474121,down,2026-08-17T10:06:26,0.0,0.0
SPXW,2027-03-31,222,Put,8375.0,SPXW270331P08375000,652.8,662.4,657.5999999999999,625.0,0.0,0.0,0.0,1.0,0.137,-0.7131,0.0004,20.5356,-0.583,-36.8253,658.7509,0.0,0.0,0.0,674.399993896484,down,2026-08-19T10:53:44,0.0,0.0
SPXW,2027-03-31,222,Call,8400.0,SPXW270331C08400000,130.7,131.6,131.14999999999998,132.08,6.73,5.36897,50.0,2632.0,0.1364,0.2784,0.0004,20.2044,-0.6048,12.0117,131.1686,128.87,134.44,128.87,125.349998474121,down,2026-08-21T15:06:00,0.0,0.0
SPXW,2027-03-31,222,Put,8400.0,SPXW270331P08400000,669.9,679.5,674.7,634.0,0.0,0.0,0.0,13.0,0.1364,-0.7235,0.0004,20.2044,-0.5681,-37.4019,675.9388,0.0,0.0,0.0,691.75,up,2026-08-12T13:22:41,0.0,0.0
SPXW,2027-03-31,222,Call,8425.0,SPXW270331C08425000,123.9,124.7,124.30000000000001,166.36,0.0,0.0,0.0,1.0,0.1358,0.2682,0.0004,19.8615,-0.5913,11.5843,124.302,0.0,0.0,0.0,118.650001525879,down,2026-08-12T09:42:12,0.0,0.0
SPXW,2027-03-31,222,Put,8425.0,SPXW270331P08425000,687.3,697.0,692.15,628.7,0.0,0.0,0.0,4.0,0.1358,-0.7337,0.0004,19.8615,-0.553,-37.9759,693.4156,0.0,0.0,0.0,709.299987792969,down,2026-08-14T10:27:45,0.0,0.0
SPXW,2027-03-31,222,Call,8450.0,SPXW270331C08450000,117.3,118.1,117.69999999999999,113.69,0.0,0.0,0.0,67.0,0.1353,0.2582,0.0004,19.5032,-0.5777,11.1565,117.7199,0.0,0.0,0.0,112.25,down,2026-08-20T15:10:49,0.0,0.0
SPXW,2027-03-31,222,Put,8450.0,SPXW270331P08450000,704.9,714.8,709.8499999999999,705.25,-21.95,-3.01843,2.0,7.0,0.1353,-0.7437,0.0004,19.5032,-0.5377,-38.5502,711.1768,705.35,705.35,705.25,727.200012207031,down,2026-08-21T15:36:34,0.0,0.0
SPXW,2027-03-31,222,Call,8475.0,SPXW270331C08475000,111.0,111.8,111.4,159.43,0.0,0.0,0.0,14.0,0.1348,0.2483,0.0004,19.1292,-0.5638,10.7322,111.4173,0.0,0.0,0.0,106.099998474121,up,2026-08-14T14:51:25,0.0,0.0
SPXW,2027-03-31,222,Put,8475.0,SPXW270331P08475000,722.9,732.9,727.9,664.94,0.0,0.0,0.0,7.0,0.1348,-0.7536,0.0004,19.1292,-0.5222,-39.1211,729.2176,0.0,0.0,0.0,745.399993896484,up,2026-08-14T14:30:26,0.0,0.0
SPXW,2027-03-31,222,Call,8500.0,SPXW270331C08500000,105.0,105.8,105.4,120.12,0.0,0.0,0.0,333.0,0.1343,0.2386,0.0004,18.7437,-0.5498,10.3186,105.3862,0.0,0.0,0.0,100.25,up,2026-08-18T11:02:09,0.0,0.0
SPXW,2027-03-31,222,Put,8500.0,SPXW270331P08500000,741.2,751.2,746.2,698.79,0.0,0.0,0.0,4.0,0.1344,-0.7633,0.0004,18.7437,-0.5065,-39.6813,747.53,0.0,0.0,0.0,763.850006103516,down,2026-08-10T14:59:18,0.0,0.0
SPXW,2027-03-31,222,Call,8550.0,SPXW270331C08550000,93.7,94.5,94.1,90.18,0.0,0.0,0.0,48.0,0.1334,0.2199,0.0004,17.9577,-0.5213,9.5297,94.0971,0.0,0.0,0.0,89.25,no_change,2026-08-20T14:14:03,0.0,0.0
SPXW,2027-03-31,222,Put,8550.0,SPXW270331P08550000,778.5,788.7,783.6,764.85,0.0,0.0,0.0,77.0,0.1334,-0.782,0.0004,17.9577,-0.4748,-40.7634,784.9276,0.0,0.0,0.0,801.550018310547,down,2026-08-18T10:26:00,0.0,0.0
SPXW,2027-03-31,222,Call,8600.0,SPXW270331C08600000,83.5,84.2,83.85,79.82,0.0,0.0,0.0,246.0,0.1326,0.202,0.0004,17.146,-0.4925,8.7627,83.7878,0.0,0.0,0.0,79.3499984741211,down,2026-08-20T15:54:05,0.0,0.0
SPXW,2027-03-31,222,Put,8600.0,SPXW270331P08600000,816.8,827.2,822.0,817.41,-22.89,-2.72403,4.0,36.0,0.1325,-0.7999,0.0004,17.146,-0.4427,-41.8235,823.3052,817.51,817.51,816.96,840.299987792969,no_change,2026-08-21T15:36:07,0.0,0.0
SPXW,2027-03-31,222,Call,8650.0,SPXW270331C08650000,74.2,74.9,74.55000000000001,71.39,0.0,0.0,0.0,25.0,0.1317,0.1849,0.0003,16.2966,-0.4635,8.025,74.4158,0.0,0.0,0.0,70.3499984741211,down,2026-08-20T15:10:49,0.0,0.0
SPXW,2027-03-31,222,Put,8650.0,SPXW270331P08650000,857.0,866.6,861.8,0.0,0.0,0.0,0.0,0.0,0.1317,-0.817,0.0003,16.2966,-0.4105,-42.8544,862.62,0.0,0.0,0.0,880.0,no_change,,0.0,0.0
SPXW,2027-03-31,222,Call,8700.0,SPXW270331C08700000,65.7,66.5,66.1,99.32,0.0,0.0,0.0,337.0,0.131,0.1688,0.0003,15.4419,-0.4346,7.3399,65.9141,0.0,0.0,0.0,62.1499996185303,up,2026-08-14T15:55:51,0.0,0.0
SPXW,2027-03-31,222,Put,8700.0,SPXW270331P08700000,897.2,907.1,902.1500000000001,842.2,0.0,0.0,0.0,14.0,0.131,-0.8331,0.0003,15.4419,-0.3783,-43.8327,902.8051,0.0,0.0,0.0,920.5,up,2026-08-17T14:26:31,0.0,0.0
SPXW,2027-03-31,222,Call,8750.0,SPXW270331C08750000,58.1,58.8,58.45,63.8,0.0,0.0,0.0,63.0,0.1303,0.1535,0.0003,14.5838,-0.4061,6.6814,58.2257,0.0,0.0,0.0,54.8500003814697,down,2026-08-20T10:43:12,0.0,0.0
SPXW,2027-03-31,222,Put,8750.0,SPXW270331P08750000,937.3,948.2,942.75,957.35,0.0,0.0,0.0,119.0,0.1303,-0.8484,0.0003,14.5838,-0.3465,-44.7844,943.8036,0.0,0.0,0.0,961.850006103516,up,2026-08-20T14:54:29,0.0,0.0
SPXW,2027-03-31,222,Call,8800.0,SPXW270331C08800000,51.3,51.9,51.599999999999994,51.99,3.74,7.7513,88.0,65.0,0.1296,0.1393,0.0003,13.7112,-0.378,6.06,51.3084,53.06,53.16,51.95,48.25,up,2026-08-21T15:06:00,0.0,0.0
SPXW,2027-03-31,222,Put,8800.0,SPXW270331P08800000,980.0,990.0,985.0,921.72,0.0,0.0,0.0,17.0,0.1296,-0.8626,0.0003,13.7112,-0.3151,-45.6989,985.573,0.0,0.0,0.0,1003.90002441406,up,2026-08-17T13:33:12,0.0,0.0
SPXW,2027-03-31,222,Call,8850.0,SPXW270331C08850000,45.1,45.6,45.35,56.3,0.0,0.0,0.0,5.0,0.129,0.1259,0.0003,12.8532,-0.3506,5.4906,45.0987,0.0,0.0,0.0,42.3500003814697,down,2026-08-19T09:55:48,0.0,0.0
SPXW,2027-03-31,222,Put,8850.0,SPXW270331P08850000,1022.2,1032.6,1027.4,0.0,0.0,0.0,0.0,0.0,0.1289,-0.876,0.0003,12.8532,-0.2844,-46.5615,1028.0502,0.0,0.0,0.0,1046.70001220703,no_change,,0.0,0.0
SPXW,2027-03-31,222,Call,8900.0,SPXW270331C08900000,39.6,40.1,39.85,72.1,0.0,0.0,0.0,381.0,0.1284,0.1135,0.0002,12.0123,-0.324,4.9499,39.5458,0.0,0.0,0.0,37.1000003814697,up,2026-08-13T10:42:43,0.0,0.0
SPXW,2027-03-31,222,Put,8900.0,SPXW270331P08900000,1065.4,1075.8,1070.6,0.0,0.0,0.0,0.0,0.0,0.1283,-0.8884,0.0002,12.0123,-0.2546,-47.3954,1071.1841,0.0,0.0,0.0,1090.15002441406,no_change,,0.0,0.0
SPXW,2027-03-31,222,Call,9000.0,SPXW270331C09000000,30.2,30.7,30.45,30.5,0.0,0.0,0.0,438.0,0.1273,0.0915,0.0002,10.3755,-0.2741,3.9974,30.2232,0.0,0.0,0.0,28.25,up,2026-08-20T13:25:10,0.0,0.0
SPXW,2027-03-31,222,Put,9000.0,SPXW270331P09000000,1146.4,1168.6,1157.5,1086.84,0.0,0.0,0.0,3.0,0.1271,-0.9104,0.0002,10.3755,-0.1982,-48.9341,1159.2351,0.0,0.0,0.0,1176.09997558594,up,2026-08-10T14:59:18,0.0,0.0
SPXW,2027-03-31,222,Call,9100.0,SPXW270331C09100000,22.8,23.3,23.05,29.23,0.0,0.0,0.0,158.0,0.1264,0.0731,0.0002,8.8606,-0.2292,3.1892,22.9441,0.0,0.0,0.0,21.4000005722046,up,2026-08-18T10:30:37,0.0,0.0
SPXW,2027-03-31,222,Put,9100.0,SPXW270331P09100000,1236.4,1258.7,1247.5500000000002,1200.81,0.0,0.0,0.0,1.0,0.1263,-0.9288,0.0002,8.8606,-0.1467,-50.3287,1249.3296,0.0,0.0,0.0,1266.65002441406,up,2026-08-11T15:04:48,0.0,0.0
SPXW,2027-03-31,222,Call,9200.0,SPXW270331C09200000,17.2,17.7,17.45,20.83,0.0,0.0,0.0,303.0,0.1258,0.0579,0.0001,7.4938,-0.1899,2.5294,17.346,0.0,0.0,0.0,16.0499997138977,up,2026-08-18T14:42:40,0.0,0.0
SPXW,2027-03-31,222,Put,9200.0,SPXW270331P09200000,1328.0,1350.8,1339.4,0.0,0.0,0.0,0.0,0.0,0.1255,-0.944,0.0001,7.4938,-0.1008,-51.5748,1341.1052,0.0,0.0,0.0,1360.0,no_change,,0.0,0.0
SPXW,2027-03-31,222,Call,9300.0,SPXW270331C09300000,12.9,13.3,13.100000000000001,15.96,0.0,0.0,0.0,622.0,0.1253,0.0457,0.0001,6.2843,-0.1564,1.9971,13.1078,0.0,0.0,0.0,12.0500001907349,up,2026-08-18T14:30:27,0.0,0.0
SPXW,2027-03-31,222,Put,9300.0,SPXW270331P09300000,1421.0,1443.1,1432.05,0.0,0.0,0.0,0.0,0.0,0.1249,-0.9562,0.0001,6.2843,-0.0607,-52.6935,1434.2406,0.0,0.0,0.0,1453.20001220703,no_change,,0.0,0.0
SPXW,2027-03-31,222,Call,9400.0,SPXW270331C09400000,9.7,10.1,9.899999999999999,9.9,0.0,0.0,0.0,1046.0,0.1251,0.036,0.0001,5.2506,-0.1284,1.5703,9.9379,0.0,0.0,0.0,9.09999990463257,no_change,2026-08-20T13:25:10,0.0,0.0
SPXW,2027-03-31,222,Put,9400.0,SPXW270331P09400000,1515.1,1538.8,1526.9499999999998,0.0,0.0,0.0,0.0,0.0,0.1244,-0.9659,0.0001,5.2506,-0.0262,-53.7066,1528.4443,0.0,0.0,0.0,1546.79998779297,no_change,,0.0,0.0
SPXW,2027-03-31,222,Call,9500.0,SPXW270331C09500000,7.4,7.7,7.550000000000001,7.0,0.0,0.0,0.0,43.0,0.1253,0.0285,0.0001,4.3793,-0.1056,1.2424,7.5941,0.0,0.0,0.0,6.90000009536743,down,2026-08-20T15:39:43,0.0,0.0
SPXW,2027-03-31,222,Put,9500.0,SPXW270331P09500000,1610.0,1633.7,1621.85,0.0,0.0,0.0,0.0,0.0,0.1244,-0.9734,0.0001,4.3793,0.0,-54.6209,1623.4742,0.0,0.0,0.0,1642.45001220703,no_change,,0.0,0.0
SPXW,2027-03-31,222,Call,9600.0,SPXW270331C09600000,5.7,5.9,5.800000000000001,7.06,0.0,0.0,0.0,1347.0,0.1257,0.0227,0.0001,3.6633,-0.0873,0.9866,5.8774,0.0,0.0,0.0,5.29999995231628,down,2026-08-18T14:30:27,0.0,0.0
SPXW,2027-03-31,222,Put,9600.0,SPXW270331P09600000,1705.6,1729.3,1717.4499999999998,0.0,0.0,0.0,0.0,0.0,0.1246,-0.9792,0.0001,3.6633,0.0,-55.463,1719.1311,0.0,0.0,0.0,1738.19995117188,no_change,,0.0,0.0
SPX,2027-04-16,238,Call,200.0,SPX270416C00200000,7425.3,7449.2,7437.25,7436.28,24.33,0.328254,3.0,75.0,0.0,1.0,0.0,0.0094,0.0,1.4491,7440.0391,7428.45,7436.34,7428.45,7411.94995117188,down,2026-08-21T14:48:59,0.0,0.0
SPX,2027-04-16,238,Put,200.0,SPX270416P00200000,0.0,0.05,0.025,0.2,0.0,0.0,0.0,20.0,1.232,0.0,0.0,0.0094,-0.0024,-0.0023,0.0825,0.0,0.0,0.0,0.025000000372529,up,2026-04-07T09:36:12,0.0,0.0
SPX,2027-04-16,238,Call,400.0,SPX270416C00400000,7231.1,7255.0,7243.05,7316.63,0.0,0.0,0.0,8.0,0.0,1.0,0.0,0.0197,0.0,2.7123,7245.7922,0.0,0.0,0.0,7217.75,down,2026-08-10T15:16:17,0.0,0.0
SPX,2027-04-16,238,Put,400.0,SPX270416P00400000,0.0,0.1,0.05,0.13,0.0,0.0,0.0,431.0,1.0316,-0.0001,0.0,0.0197,-0.0043,-0.0048,0.1499,0.0,0.0,0.0,0.0500000007450581,down,2026-05-18T14:06:06,0.0,0.0
SPX,2027-04-16,238,Call,600.0,SPX270416C00600000,7037.0,7060.9,7048.95,7123.57,0.0,0.0,0.0,2.0,0.0,1.0,0.0,0.0328,0.0,3.9749,7051.5571,0.0,0.0,0.0,7024.30004882812,up,2026-08-10T15:25:00,0.0,0.0
SPX,2027-04-16,238,Put,600.0,SPX270416P00600000,0.05,0.2,0.125,0.21,0.0,0.0,0.0,3511.0,0.9421,-0.0001,0.0,0.0328,-0.0062,-0.008,0.2292,0.0,0.0,0.0,0.125000001862645,up,2026-07-27T09:40:24,0.0,0.0
SPX,2027-04-16,238,Call,800.0,SPX270416C00800000,6842.9,6866.8,6854.85,0.0,0.0,0.0,0.0,0.0,0.0,1.0,0.0,0.0504,0.0,5.2362,6857.3483,0.0,0.0,0.0,6829.65014648438,no_change,,0.0,0.0
SPX,2027-04-16,238,Put,800.0,SPX270416P00800000,0.2,0.3,0.25,0.27,0.0,0.0,0.0,1217.0,0.8704,-0.0002,0.0,0.0504,-0.0088,-0.0125,0.3346,0.0,0.0,0.0,0.225000008940697,no_change,2026-08-05T10:43:19,0.0,0.0
SPX,2027-04-16,238,Call,1000.0,SPX270416C01000000,6648.8,6672.8,6660.8,0.0,0.0,0.0,0.0,0.0,0.0,1.0,0.0,0.0752,0.0,6.4955,6663.1834,0.0,0.0,0.0,6635.94995117188,no_change,,0.0,0.0
SPX,2027-04-16,238,Put,1000.0,SPX270416P01000000,0.4,0.5,0.45,0.47,0.02,4.44444,2.0,8530.0,0.8275,-0.0003,0.0,0.0753,-0.0121,-0.0189,0.4841,0.47,0.47,0.47,0.450000002980232,up,2026-08-21T10:56:42,0.0,0.0
SPX,2027-04-16,238,Call,1200.0,SPX270416C01200000,6454.9,6478.8,6466.85,0.0,0.0,0.0,0.0,0.0,0.0,1.0,0.0,0.1097,0.0,7.7519,6469.0823,0.0,0.0,0.0,6442.30004882812,no_change,,0.0,0.0
SPX,2027-04-16,238,Put,1200.0,SPX270416P01200000,0.65,0.75,0.7,0.7,-0.05,-6.66667,5.0,2096.0,0.7822,-0.0005,0.0,0.1097,-0.0167,-0.0282,0.6973,0.78,0.78,0.7,0.75,down,2026-08-21T15:05:51,0.0,0.0
SPX,2027-04-16,238,Call,1400.0,SPX270416C01400000,6261.1,6285.0,6273.05,5103.57,0.0,0.0,0.0,3.0,0.0,1.0,0.0,0.1568,0.0,9.0047,6275.0622,0.0,0.0,0.0,6248.05004882812,down,2026-03-20T15:18:35,0.0,0.0
SPX,2027-04-16,238,Put,1400.0,SPX270416P01400000,1.05,1.15,1.1,1.11,-0.115,-9.38776,6.0,578.0,0.7475,-0.0007,0.0,0.1568,-0.0226,-0.0412,0.9915,1.11,1.11,1.11,1.22500002384186,up,2026-08-21T10:56:42,0.0,0.0
SPX,2027-04-16,238,Call,1600.0,SPX270416C01600000,6067.3,6091.2,6079.25,0.0,0.0,0.0,0.0,0.0,0.0,1.0,0.0,0.2178,0.0,10.2528,6081.1388,0.0,0.0,0.0,6054.40014648438,no_change,,0.0,0.0
SPX,2027-04-16,238,Put,1600.0,SPX270416P01600000,1.5,1.75,1.625,1.57,0.0,0.0,0.0,5388.0,0.715,-0.001,0.0,0.2178,-0.0299,-0.0588,1.3825,0.0,0.0,0.0,1.69999998807907,up,2026-08-19T11:45:03,0.0,0.0
SPX,2027-04-16,238,Call,1800.0,SPX270416C01800000,5873.7,5897.5,5885.6,0.0,0.0,0.0,0.0,0.0,0.0,1.0,0.0,0.2952,0.0,11.4958,5887.3222,0.0,0.0,0.0,5860.85009765625,no_change,,0.0,0.0
SPX,2027-04-16,238,Put,1800.0,SPX270416P01800000,2.0,2.25,2.125,2.23,0.0,0.0,0.0,1378.0,0.682,-0.0014,0.0,0.2952,-0.0388,-0.0816,1.8802,0.0,0.0,0.0,2.27500009536743,up,2026-08-19T11:45:03,0.0,0.0
SPX,2027-04-16,238,Call,2000.0,SPX270416C02000000,5680.1,5703.9,5692.0,0.0,0.0,0.0,0.0,0.0,0.0,1.0,0.0,0.3891,0.0,12.7328,5693.6222,0.0,0.0,0.0,5667.40014648438,no_change,,0.0,0.0
SPX,2027-04-16,238,Put,2000.0,SPX270416P02000000,2.65,2.9,2.775,2.8,-0.15,-5.08474,27.0,1338.0,0.6516,-0.002,0.0,0.3891,-0.0491,-0.1104,2.4946,2.8,2.82,2.8,2.94999992847443,no_change,2026-08-21T10:55:52,0.0,0.0
SPX,2027-04-16,238,Call,2200.0,SPX270416C02200000,5486.6,5510.4,5498.5,0.0,0.0,0.0,0.0,0.0,0.5382,0.9997,0.0,0.5013,0.0,13.9635,5500.0425,0.0,0.0,0.0,5473.9501953125,no_change,,0.0,0.0
SPX,2027-04-16,238,Put,2200.0,SPX270416P02200000,3.3,3.6,3.45,3.56,-0.09,-2.46575,4.0,1065.0,0.6228,-0.0026,0.0,0.5014,-0.0608,-0.1454,3.2293,3.59,3.59,3.56,3.64999997615814,down,2026-08-21T09:36:58,0.0,0.0
SPX,2027-04-16,238,Call,2400.0,SPX270416C02400000,5293.2,5317.0,5305.1,0.0,0.0,0.0,0.0,0.0,0.5401,0.9989,0.0,0.6331,0.0,15.1866,5306.5893,0.0,0.0,0.0,5280.69995117188,no_change,,0.0,0.0
SPX,2027-04-16,238,Put,2400.0,SPX270416P02400000,4.1,4.5,4.3,4.37,0.0,0.0,0.0,476.0,0.5965,-0.0033,0.0,0.6331,-0.0737,-0.1881,4.0904,0.0,0.0,0.0,4.54999995231628,down,2026-08-19T09:59:36,0.0,0.0
SPX,2027-04-16,238,Call,2600.0,SPX270416C02600000,5099.9,5123.8,5111.85,0.0,0.0,0.0,0.0,0.0,0.53,0.998,0.0,0.783,0.0,16.4027,5113.2649,0.0,0.0,0.0,5087.75,no_change,,0.0,0.0
SPX,2027-04-16,238,Put,2600.0,SPX270416P02600000,5.0,5.4,5.2,5.3,0.0,0.0,0.0,265.0,0.5706,-0.0042,0.0,0.7831,-0.0877,-0.2378,5.0804,0.0,0.0,0.0,5.5,up,2026-08-20T09:30:07,0.0,0.0
SPX,2027-04-16,238,Call,2700.0,SPX270416C02700000,5003.3,5027.2,5015.25,0.0,0.0,0.0,0.0,0.0,0.5233,0.9975,0.0,0.8669,0.0,17.0075,5016.6515,0.0,0.0,0.0,4991.55004882812,no_change,,0.0,0.0
SPX,2027-04-16,238,Put,2700.0,SPX270416P02700000,5.5,5.9,5.7,5.8,0.0,0.0,0.0,531.0,0.5583,-0.0047,0.0,0.8669,-0.0952,-0.2659,5.6242,0.0,0.0,0.0,6.0,up,2026-08-12T11:53:11,0.0,0.0
SPX,2027-04-16,238,Call,2800.0,SPX270416C02800000,4906.7,4930.6,4918.65,0.0,0.0,0.0,0.0,0.0,0.5169,0.997,0.0,0.9565,0.0,17.6097,4920.0723,0.0,0.0,0.0,4895.0,no_change,,0.0,0.0
SPX,2027-04-16,238,Put,2800.0,SPX270416P02800000,6.1,6.4,6.25,6.09,0.0,0.0,0.0,97.0,0.5465,-0.0053,0.0,0.9566,-0.1028,-0.2965,6.2021,0.0,0.0,0.0,6.60000014305115,no_change,2026-08-14T10:12:32,0.0,0.0
SPX,2027-04-16,238,Call,2900.0,SPX270416C02900000,4810.1,4834.1,4822.1,0.0,0.0,0.0,0.0,0.0,0.5081,0.9964,0.0,1.051,0.0,18.2096,4823.5281,0.0,0.0,0.0,4797.80004882812,no_change,,0.0,0.0
SPX,2027-04-16,238,Put,2900.0,SPX270416P02900000,6.6,6.9,6.75,7.06,-0.14,-1.94445,2.0,160.0,0.5351,-0.0059,0.0,1.0511,-0.1107,-0.3295,6.8152,7.1,7.1,7.06,7.20000004768372,down,2026-08-21T09:53:32,0.0,0.0
SPX,2027-04-16,238,Call,3000.0,SPX270416C03000000,4713.6,4737.6,4725.6,4728.29,26.74,0.568748,1.0,1.0,0.4999,0.9958,0.0,1.1503,0.0,18.8075,4727.0196,4728.29,4728.29,4728.29,4701.55004882812,up,2026-08-21T11:11:16,0.0,0.0
SPX,2027-04-16,238,Put,3000.0,SPX270416P03000000,7.3,7.6,7.449999999999999,7.45,-0.35,-4.48718,8.0,52.0,0.5232,-0.0065,0.0,1.1504,-0.1189,-0.3645,7.4638,7.65,7.65,7.45,7.79999995231628,down,2026-08-21T11:11:16,0.0,0.0
SPX,2027-04-16,238,Call,3100.0,SPX270416C03100000,4617.2,4641.1,4629.15,0.0,0.0,0.0,0.0,0.0,0.4921,0.9951,0.0,1.2554,0.0,19.4031,4630.5468,0.0,0.0,0.0,4605.75,no_change,,0.0,0.0
SPX,2027-04-16,238,Put,3100.0,SPX270416P03100000,7.9,8.2,8.05,8.56,0.0,0.0,0.0,207.0,0.5125,-0.0072,0.0,1.2555,-0.1272,-0.4018,8.1483,0.0,0.0,0.0,8.5,down,2026-08-06T16:11:20,0.0,0.0
SPX,2027-04-16,238,Call,3200.0,SPX270416C03200000,4520.7,4544.7,4532.7,4531.43,21.98,0.487422,5.0,2.0,0.4837,0.9944,0.0,1.3677,0.0,19.9959,4534.111,4523.85,4533.78,4523.85,4509.44995117188,up,2026-08-21T14:48:59,0.0,0.0
SPX,2027-04-16,238,Put,3200.0,SPX270416P03200000,8.6,8.9,8.75,8.7,-0.6,-6.45161,3.0,112.0,0.5021,-0.0079,0.0,1.3678,-0.1358,-0.4419,8.8696,8.9,8.9,8.7,9.30000019073486,no_change,2026-08-21T14:48:59,0.0,0.0
SPX,2027-04-16,238,Call,3300.0,SPX270416C03300000,4424.4,4448.3,4436.35,4161.69,0.0,0.0,0.0,1.0,0.4748,0.9936,0.0,1.4877,0.0,20.5854,4437.714,0.0,0.0,0.0,4413.10009765625,up,2026-07-27T13:06:33,0.0,0.0
SPX,2027-04-16,238,Put,3300.0,SPX270416P03300000,9.3,9.6,9.45,9.66,0.0,0.0,0.0,89.0,0.4912,-0.0087,0.0,1.4878,-0.1446,-0.4852,9.6299,0.0,0.0,0.0,10.0500001907349,no_change,2026-08-12T09:36:20,0.0,0.0
SPX,2027-04-16,238,Call,3400.0,SPX270416C03400000,4328.0,4352.0,4340.0,4092.15,0.0,0.0,0.0,2.0,0.4664,0.9927,0.0,1.6146,0.0,21.1714,4341.3589,0.0,0.0,0.0,4316.25,up,2026-06-25T10:32:24,0.0,0.0
SPX,2027-04-16,238,Put,3400.0,SPX270416P03400000,10.1,10.4,10.25,10.67,-0.23,-2.11009,2.0,669.0,0.481,-0.0096,0.0,1.6148,-0.1536,-0.5321,10.4319,10.63,10.67,10.63,10.9000000953674,up,2026-08-21T09:36:58,0.0,0.0
SPX,2027-04-16,238,Call,3500.0,SPX270416C03500000,4231.8,4255.7,4243.75,3763.65,0.0,0.0,0.0,1.0,0.4576,0.9918,0.0,1.7477,0.0,21.7542,4245.0479,0.0,0.0,0.0,4220.05004882812,up,2026-04-27T13:22:13,0.0,0.0
SPX,2027-04-16,238,Put,3500.0,SPX270416P03500000,11.0,11.2,11.1,13.32,0.0,0.0,0.0,736.0,0.4706,-0.0105,0.0,1.7478,-0.1629,-0.5822,11.2782,0.0,0.0,0.0,11.75,up,2026-08-03T13:46:13,0.0,0.0
SPX,2027-04-16,238,Call,3600.0,SPX270416C03600000,4135.6,4159.5,4147.55,0.0,0.0,0.0,0.0,0.0,0.4491,0.9908,0.0,1.8872,0.0,22.3339,4148.7833,0.0,0.0,0.0,4124.05004882812,no_change,,0.0,0.0
SPX,2027-04-16,238,Put,3600.0,SPX270416P03600000,11.8,12.1,11.95,12.36,0.0,0.0,0.0,219.0,0.4606,-0.0114,0.0,1.8874,-0.1724,-0.6354,12.1708,0.0,0.0,0.0,12.75,up,2026-08-19T09:59:36,0.0,0.0
SPX,2027-04-16,238,Call,3700.0,SPX270416C03700000,4039.4,4063.3,4051.3500000000004,0.0,0.0,0.0,0.0,0.0,0.4402,0.9898,0.0,2.0348,0.0,22.9103,4052.5673,0.0,0.0,0.0,4028.5,no_change,,0.0,0.0
SPX,2027-04-16,238,Put,3700.0,SPX270416P03700000,12.8,13.1,12.95,14.0,0.0,0.0,0.0,133.0,0.4509,-0.0125,0.0,2.0349,-0.1822,-0.6918,13.1121,0.0,0.0,0.0,13.75,down,2026-08-05T09:41:05,0.0,0.0
SPX,2027-04-16,238,Call,3800.0,SPX270416C03800000,3943.3,3967.2,3955.25,0.0,0.0,0.0,0.0,0.0,0.4317,0.9887,0.0,2.1923,0.0,23.4825,3956.4035,0.0,0.0,0.0,3932.44995117188,no_change,,0.0,0.0
SPX,2027-04-16,238,Put,3800.0,SPX270416P03800000,13.8,14.1,13.95,14.98,0.0,0.0,0.0,125.0,0.441,-0.0136,0.0,2.1925,-0.1921,-0.7526,14.1055,0.0,0.0,0.0,14.75,up,2026-08-18T11:11:00,0.0,0.0
SPX,2027-04-16,238,Call,3850.0,SPX270416C03850000,3895.3,3919.2,3907.25,0.0,0.0,0.0,0.0,0.0,0.4276,0.9881,0.0,2.2752,0.0,23.7667,3908.3427,0.0,0.0,0.0,3883.95007324219,no_change,,0.0,0.0
SPX,2027-04-16,238,Put,3850.0,SPX270416P03850000,14.3,14.7,14.5,15.25,0.0,0.0,0.0,136.0,0.4366,-0.0142,0.0,2.2753,-0.1972,-0.7848,14.6233,0.0,0.0,0.0,15.3500003814697,up,2026-08-07T10:04:28,0.0,0.0
SPX,2027-04-16,238,Call,3900.0,SPX270416C03900000,3847.3,3871.2,3859.25,0.0,0.0,0.0,0.0,0.0,0.4234,0.9875,0.0,2.3607,0.0,24.0495,3860.297,0.0,0.0,0.0,3835.90002441406,no_change,,0.0,0.0
SPX,2027-04-16,238,Put,3900.0,SPX270416P03900000,14.8,15.2,15.0,15.3,0.0,0.0,0.0,314.0,0.4317,-0.0148,0.0,2.3609,-0.2024,-0.8184,15.1562,0.0,0.0,0.0,15.9500002861023,no_change,2026-08-19T10:08:43,0.0,0.0
SPX,2027-04-16,238,Call,3950.0,SPX270416C03950000,3799.3,3823.2,3811.25,0.0,0.0,0.0,0.0,0.0,0.4192,0.9868,0.0,2.4489,0.0,24.3309,3812.2672,0.0,0.0,0.0,3788.30004882812,no_change,,0.0,0.0
SPX,2027-04-16,238,Put,3950.0,SPX270416P03950000,15.4,15.8,15.600000000000001,20.93,0.0,0.0,0.0,73.0,0.4272,-0.0154,0.0,2.449,-0.2077,-0.8535,15.7051,0.0,0.0,0.0,16.5,down,2026-07-22T12:55:44,0.0,0.0
SPX,2027-04-16,238,Call,4000.0,SPX270416C04000000,3751.3,3775.2,3763.25,3342.83,0.0,0.0,0.0,7.0,0.4149,0.9862,0.0,2.5394,0.0,24.6109,3764.2542,0.0,0.0,0.0,3740.14990234375,up,2026-04-30T16:06:32,0.0,0.0
SPX,2027-04-16,238,Put,4000.0,SPX270416P04000000,16.0,16.3,16.15,16.91,0.0,0.0,0.0,160.0,0.4225,-0.0161,0.0,2.5396,-0.213,-0.8899,16.2707,0.0,0.0,0.0,17.0499992370605,up,2026-08-20T13:36:07,0.0,0.0
SPX,2027-04-16,238,Call,4050.0,SPX270416C04050000,3703.4,3727.2,3715.3,0.0,0.0,0.0,0.0,0.0,0.4105,0.9855,0.0,2.6323,0.0,24.8896,3716.2587,0.0,0.0,0.0,3692.25,no_change,,0.0,0.0
SPX,2027-04-16,238,Put,4050.0,SPX270416P04050000,16.5,17.0,16.75,17.49,0.0,0.0,0.0,74.0,0.4177,-0.0168,0.0,2.6325,-0.2184,-0.9277,16.8539,0.0,0.0,0.0,17.75,down,2026-08-07T11:21:33,0.0,0.0
SPX,2027-04-16,238,Call,4100.0,SPX270416C04100000,3655.4,3679.3,3667.3500000000004,0.0,0.0,0.0,0.0,0.0,0.4065,0.9848,0.0,2.7274,0.0,25.1669,3668.2816,0.0,0.0,0.0,3646.09997558594,no_change,,0.0,0.0
SPX,2027-04-16,238,Put,4100.0,SPX270416P04100000,17.2,17.5,17.35,17.52,0.0,0.0,0.0,60.0,0.4133,-0.0175,0.0,2.7276,-0.2239,-0.9668,17.4554,0.0,0.0,0.0,18.4000005722046,no_change,2026-08-12T10:12:04,0.0,0.0
SPX,2027-04-16,238,Call,4150.0,SPX270416C04150000,3607.5,3631.4,3619.45,0.0,0.0,0.0,0.0,0.0,0.4024,0.984,0.0,2.8249,-0.0031,25.443,3620.3237,0.0,0.0,0.0,3596.25,no_change,,0.0,0.0
SPX,2027-04-16,238,Put,4150.0,SPX270416P04150000,17.8,18.2,18.0,18.6,0.0,0.0,0.0,217.0,0.4089,-0.0182,0.0,2.8249,-0.2294,-1.007,18.0746,0.0,0.0,0.0,19.0499992370605,down,2026-08-10T09:34:58,0.0,0.0
SPX,2027-04-16,238,Call,4200.0,SPX270416C04200000,3559.6,3583.5,3571.55,3506.91,0.0,0.0,0.0,1.0,0.3982,0.9833,0.0,2.9251,-0.0118,25.7178,3572.3856,0.0,0.0,0.0,3548.55004882812,up,2026-06-04T11:27:07,0.0,0.0
SPX,2027-04-16,238,Put,4200.0,SPX270416P04200000,18.4,18.8,18.6,24.79,0.0,0.0,0.0,474.0,0.4042,-0.019,0.0,2.9251,-0.2351,-1.0487,18.7152,0.0,0.0,0.0,19.75,up,2026-07-28T12:51:41,0.0,0.0
SPX,2027-04-16,238,Call,4250.0,SPX270416C04250000,3511.8,3535.6,3523.7,0.0,0.0,0.0,0.0,0.0,0.394,0.9825,0.0,3.0284,-0.0206,25.9912,3524.4684,0.0,0.0,0.0,3501.34997558594,no_change,,0.0,0.0
SPX,2027-04-16,238,Put,4250.0,SPX270416P04250000,19.1,19.5,19.3,20.5,0.0,0.0,0.0,21.0,0.3999,-0.0198,0.0,3.0284,-0.2409,-1.0918,19.3765,0.0,0.0,0.0,20.4500007629395,down,2026-08-05T15:58:27,0.0,0.0
SPX,2027-04-16,238,Call,4300.0,SPX270416C04300000,3463.9,3487.8,3475.8500000000004,3412.46,0.0,0.0,0.0,1.0,0.3901,0.9816,0.0,3.1352,-0.0295,26.2629,3476.5729,0.0,0.0,0.0,3453.75,up,2026-06-04T11:27:07,0.0,0.0
SPX,2027-04-16,238,Put,4300.0,SPX270416P04300000,19.8,20.2,20.0,19.9,-1.3,-6.13207,14.0,718.0,0.3955,-0.0206,0.0,3.1352,-0.2468,-1.1364,20.0596,20.4,20.4,19.9,21.1999998092651,down,2026-08-21T11:52:27,0.0,0.0
SPX,2027-04-16,238,Call,4350.0,SPX270416C04350000,3416.1,3439.9,3428.0,0.0,0.0,0.0,0.0,0.0,0.3858,0.9808,0.0,3.2458,-0.0386,26.5329,3428.7004,0.0,0.0,0.0,3405.94995117188,no_change,,0.0,0.0
SPX,2027-04-16,238,Put,4350.0,SPX270416P04350000,20.5,21.0,20.75,21.41,0.0,0.0,0.0,42.0,0.391,-0.0215,0.0,3.2458,-0.2527,-1.1829,20.7657,0.0,0.0,0.0,21.9500007629395,down,2026-08-11T11:09:55,0.0,0.0
SPX,2027-04-16,238,Call,4400.0,SPX270416C04400000,3368.3,3392.1,3380.2,2317.94,0.0,0.0,0.0,1.0,0.3818,0.9799,0.0,3.3607,-0.0477,26.8008,3380.8522,0.0,0.0,0.0,3358.15002441406,down,2026-03-20T15:18:35,0.0,0.0
SPX,2027-04-16,238,Put,4400.0,SPX270416P04400000,21.3,21.7,21.5,25.3,0.0,0.0,0.0,143.0,0.3866,-0.0224,0.0,3.3607,-0.2588,-1.2315,21.4961,0.0,0.0,0.0,22.75,down,2026-08-03T12:44:49,0.0,0.0
SPX,2027-04-16,238,Call,4450.0,SPX270416C04450000,3329.9,3335.7,3332.8,0.0,0.0,0.0,0.0,0.0,0.3773,0.979,0.0,3.4798,-0.0569,27.0664,3333.0299,0.0,0.0,0.0,3310.40002441406,no_change,,0.0,0.0
SPX,2027-04-16,238,Put,4450.0,SPX270416P04450000,22.0,22.5,22.25,24.0,0.0,0.0,0.0,522.0,0.3823,-0.0233,0.0,3.4798,-0.265,-1.2823,22.2523,0.0,0.0,0.0,23.5499992370605,down,2026-08-05T12:03:31,0.0,0.0
SPX,2027-04-16,238,Call,4475.0,SPX270416C04475000,3305.8,3312.4,3309.1000000000004,0.0,0.0,0.0,0.0,0.0,0.3757,0.9785,0.0,3.541,-0.0616,27.1983,3309.1289,0.0,0.0,0.0,3287.15002441406,no_change,,0.0,0.0
SPX,2027-04-16,238,Put,4475.0,SPX270416P04475000,22.4,22.9,22.65,25.5,0.0,0.0,0.0,55.0,0.3802,-0.0238,0.0,3.5412,-0.2681,-1.3087,22.6418,0.0,0.0,0.0,23.9500007629395,down,2026-08-04T10:32:50,0.0,0.0
SPX,2027-04-16,238,Call,4500.0,SPX270416C04500000,3282.1,3287.9,3285.0,2294.67,0.0,0.0,0.0,1.0,0.3732,0.978,0.0,3.6033,-0.0663,27.3296,3285.2351,0.0,0.0,0.0,3262.65002441406,up,2026-04-06T13:10:29,0.0,0.0
SPX,2027-04-16,238,Put,4500.0,SPX270416P04500000,22.8,23.3,23.05,23.05,0.0,0.0,0.0,835.0,0.3781,-0.0243,0.0,3.6033,-0.2713,-1.3356,23.0361,0.0,0.0,0.0,24.3500003814697,up,2026-08-12T13:01:40,0.0,0.0
SPX,2027-04-16,238,Call,4525.0,SPX270416C04525000,3258.1,3264.6,3261.35,0.0,0.0,0.0,0.0,0.0,0.3716,0.9775,0.0,3.6666,-0.071,27.4602,3261.3486,0.0,0.0,0.0,3238.90002441406,no_change,,0.0,0.0
SPX,2027-04-16,238,Put,4525.0,SPX270416P04525000,23.2,23.7,23.45,25.3,0.0,0.0,0.0,19.0,0.3758,-0.0248,0.0,3.6666,-0.2745,-1.3632,23.4389,0.0,0.0,0.0,24.8000001907349,down,2026-08-05T12:03:31,0.0,0.0
SPX,2027-04-16,238,Call,4550.0,SPX270416C04550000,3234.7,3240.1,3237.3999999999996,0.0,0.0,0.0,0.0,0.0,0.3694,0.977,0.0,3.7308,-0.0758,27.5902,3237.4696,0.0,0.0,0.0,3214.95007324219,no_change,,0.0,0.0
SPX,2027-04-16,238,Put,4550.0,SPX270416P04550000,23.6,24.1,23.85,24.54,0.0,0.0,0.0,26.0,0.3738,-0.0253,0.0,3.7308,-0.2777,-1.3914,23.8492,0.0,0.0,0.0,25.1999998092651,no_change,2026-08-11T10:04:07,0.0,0.0
SPX,2027-04-16,238,Call,4575.0,SPX270416C04575000,3210.4,3216.8,3213.6000000000004,0.0,0.0,0.0,0.0,0.0,0.3675,0.9764,0.0,3.796,-0.0806,27.7196,3213.5984,0.0,0.0,0.0,3191.19995117188,no_change,,0.0,0.0
SPX,2027-04-16,238,Put,4575.0,SPX270416P04575000,24.1,24.6,24.35,25.7,0.0,0.0,0.0,17.0,0.3716,-0.0258,0.0,3.796,-0.281,-1.4202,24.2673,0.0,0.0,0.0,25.5500001907349,up,2026-08-20T15:45:28,0.0,0.0
SPX,2027-04-16,238,Call,4600.0,SPX270416C04600000,3187.0,3192.4,3189.7,0.0,0.0,0.0,0.0,0.0,0.3653,0.9759,0.0,3.8621,-0.0854,27.8483,3189.7353,0.0,0.0,0.0,3167.40002441406,no_change,,0.0,0.0
SPX,2027-04-16,238,Put,4600.0,SPX270416P04600000,24.5,25.0,24.75,24.7,-1.4,-5.36398,1.0,85.0,0.3696,-0.0264,0.0,3.8621,-0.2843,-1.4497,24.6935,24.7,24.7,24.7,26.0999994277954,down,2026-08-21T15:40:23,0.0,0.0
SPX,2027-04-16,238,Call,4625.0,SPX270416C04625000,3162.8,3169.1,3165.95,0.0,0.0,0.0,0.0,0.0,0.3636,0.9754,0.0,3.9292,-0.0902,27.9764,3165.8803,0.0,0.0,0.0,3143.44995117188,no_change,,0.0,0.0
SPX,2027-04-16,238,Put,4625.0,SPX270416P04625000,24.9,25.4,25.15,26.73,0.0,0.0,0.0,51.0,0.3675,-0.0269,0.0,3.9292,-0.2876,-1.4798,25.1278,0.0,0.0,0.0,26.5999994277954,no_change,2026-08-06T09:48:59,0.0,0.0
SPX,2027-04-16,238,Call,4650.0,SPX270416C04650000,3139.1,3144.7,3141.8999999999996,0.0,0.0,0.0,0.0,0.0,0.3613,0.9748,0.0,3.9971,-0.0951,28.104,3142.0338,0.0,0.0,0.0,3119.69995117188,no_change,,0.0,0.0
SPX,2027-04-16,238,Put,4650.0,SPX270416P04650000,25.4,25.9,25.65,25.63,0.0,0.0,0.0,67.0,0.3654,-0.0275,0.0,3.9975,-0.291,-1.5106,25.573,0.0,0.0,0.0,27.0499992370605,down,2026-08-12T14:22:08,0.0,0.0
SPX,2027-04-16,238,Call,4675.0,SPX270416C04675000,3115.1,3121.4,3118.25,0.0,0.0,0.0,0.0,0.0,0.3597,0.9742,0.0,4.066,-0.1001,28.231,3118.196,0.0,0.0,0.0,3095.90002441406,no_change,,0.0,0.0
SPX,2027-04-16,238,Put,4675.0,SPX270416P04675000,25.8,26.3,26.05,41.91,0.0,0.0,0.0,35.0,0.3634,-0.028,0.0,4.066,-0.2944,-1.5417,26.0221,0.0,0.0,0.0,27.5500001907349,down,2026-06-25T10:10:37,0.0,0.0
SPX,2027-04-16,238,Call,4700.0,SPX270416C04700000,3091.4,3097.0,3094.2,0.0,0.0,0.0,0.0,0.0,0.3575,0.9736,0.0,4.1358,-0.105,28.3574,3094.3671,0.0,0.0,0.0,3072.25,no_change,,0.0,0.0
SPX,2027-04-16,238,Put,4700.0,SPX270416P04700000,26.3,26.8,26.55,26.51,0.0,0.0,0.0,183.0,0.3611,-0.0286,0.0,4.1358,-0.2978,-1.5735,26.4824,0.0,0.0,0.0,28.0,no_change,2026-08-14T13:22:20,0.0,0.0
SPX,2027-04-16,238,Call,4725.0,SPX270416C04725000,3067.5,3073.7,3070.6,0.0,0.0,0.0,0.0,0.0,0.3555,0.973,0.0,4.2066,-0.11,28.4832,3070.5472,0.0,0.0,0.0,3048.40002441406,no_change,,0.0,0.0
SPX,2027-04-16,238,Put,4725.0,SPX270416P04725000,26.8,27.2,27.0,40.95,0.0,0.0,0.0,39.0,0.3591,-0.0292,0.0,4.207,-0.3013,-1.6061,26.9546,0.0,0.0,0.0,28.5,no_change,2026-07-23T12:04:38,0.0,0.0
SPX,2027-04-16,238,Call,4750.0,SPX270416C04750000,3043.9,3049.4,3046.65,0.0,0.0,0.0,0.0,0.0,0.3534,0.9724,0.0,4.2784,-0.1151,28.6084,3046.7367,0.0,0.0,0.0,3024.69995117188,no_change,,0.0,0.0
SPX,2027-04-16,238,Put,4750.0,SPX270416P04750000,27.3,27.7,27.5,29.64,0.0,0.0,0.0,105.0,0.3572,-0.0298,0.0,4.2784,-0.3048,-1.6389,27.4306,0.0,0.0,0.0,29.0,down,2026-08-18T10:11:39,0.0,0.0
SPX,2027-04-16,238,Call,4775.0,SPX270416C04775000,3020.0,3026.1,3023.05,0.0,0.0,0.0,0.0,0.0,0.3516,0.9718,0.0,4.3514,-0.1202,28.733,3022.9356,0.0,0.0,0.0,3000.84997558594,no_change,,0.0,0.0
SPX,2027-04-16,238,Put,4775.0,SPX270416P04775000,27.7,28.2,27.95,33.09,0.0,0.0,0.0,17.0,0.3551,-0.0305,0.0,4.3514,-0.3084,-1.6725,27.9188,0.0,0.0,0.0,29.5,down,2026-08-03T13:06:44,0.0,0.0
SPX,2027-04-16,238,Call,4800.0,SPX270416C04800000,2996.4,3001.8,2999.1000000000004,0.0,0.0,0.0,0.0,0.0,0.3496,0.9712,0.0,4.4256,-0.1253,28.857,2999.1444,0.0,0.0,0.0,2977.19995117188,no_change,,0.0,0.0
SPX,2027-04-16,238,Put,4800.0,SPX270416P04800000,28.2,28.7,28.45,29.03,0.0,0.0,0.0,55.0,0.3531,-0.0311,0.0,4.4256,-0.312,-1.7068,28.4169,0.0,0.0,0.0,30.0999994277954,down,2026-08-19T12:52:37,0.0,0.0
SPX,2027-04-16,238,Call,4825.0,SPX270416C04825000,2972.5,2978.5,2975.5,0.0,0.0,0.0,0.0,0.0,0.3479,0.9705,0.0,4.5011,-0.1304,28.9802,2975.3631,0.0,0.0,0.0,2953.34997558594,no_change,,0.0,0.0
SPX,2027-04-16,238,Put,4825.0,SPX270416P04825000,28.7,29.2,28.95,29.58,0.0,0.0,0.0,16.0,0.351,-0.0318,0.0,4.5016,-0.3156,-1.7419,28.9279,0.0,0.0,0.0,30.5999994277954,up,2026-08-19T12:52:37,0.0,0.0
SPX,2027-04-16,238,Call,4850.0,SPX270416C04850000,2948.6,2953.7,2951.1499999999996,0.0,0.0,0.0,0.0,0.0,0.3444,0.9699,0.0,4.5781,-0.1356,29.1028,2951.5921,0.0,0.0,0.0,2929.69995117188,no_change,,0.0,0.0
SPX,2027-04-16,238,Put,4850.0,SPX270416P04850000,29.3,29.8,29.55,31.71,0.0,0.0,0.0,516.0,0.349,-0.0324,0.0,4.5781,-0.3193,-1.7774,29.4432,0.0,0.0,0.0,31.1999998092651,up,2026-08-18T11:11:00,0.0,0.0
SPX,2027-04-16,238,Call,4875.0,SPX270416C04875000,2925.0,2931.0,2928.0,0.0,0.0,0.0,0.0,0.0,0.3439,0.9692,0.0,4.6565,-0.1409,29.2246,2927.8317,0.0,0.0,0.0,2905.90002441406,no_change,,0.0,0.0
SPX,2027-04-16,238,Put,4875.0,SPX270416P04875000,29.8,30.3,30.05,30.7,0.0,0.0,0.0,244.0,0.3471,-0.0331,0.0,4.6565,-0.323,-1.8138,29.9721,0.0,0.0,0.0,31.6999998092651,down,2026-08-12T11:01:29,0.0,0.0
SPX,2027-04-16,238,Call,4900.0,SPX270416C04900000,2901.4,2906.7,2904.05,0.0,0.0,0.0,0.0,0.0,0.3419,0.9685,0.0,4.7365,-0.1462,29.3455,2904.0822,0.0,0.0,0.0,2882.34997558594,no_change,,0.0,0.0
SPX,2027-04-16,238,Put,4900.0,SPX270416P04900000,30.3,30.9,30.6,31.18,0.0,0.0,0.0,45.0,0.3451,-0.0338,0.0,4.7365,-0.3268,-1.8512,30.5118,0.0,0.0,0.0,32.2999992370606,down,2026-08-19T12:52:17,0.0,0.0
SPX,2027-04-16,238,Call,4925.0,SPX270416C04925000,2877.2,2883.5,2880.35,0.0,0.0,0.0,0.0,0.0,0.3402,0.9678,0.0,4.8181,-0.1515,29.4655,2880.3438,0.0,0.0,0.0,2858.59997558594,no_change,,0.0,0.0
SPX,2027-04-16,238,Put,4925.0,SPX270416P04925000,30.9,31.4,31.15,31.78,0.0,0.0,0.0,22.0,0.3431,-0.0345,0.0,4.8181,-0.3305,-1.8894,31.0628,0.0,0.0,0.0,32.8999996185303,down,2026-08-19T12:52:17,0.0,0.0
SPX,2027-04-16,238,Call,4950.0,SPX270416C04950000,2854.0,2859.2,2856.6,0.0,0.0,0.0,0.0,0.0,0.3381,0.967,0.0,4.9015,-0.1568,29.5845,2856.617,0.0,0.0,0.0,2834.95007324219,no_change,,0.0,0.0
SPX,2027-04-16,238,Put,4950.0,SPX270416P04950000,31.5,32.0,31.75,33.07,0.0,0.0,0.0,73.0,0.3411,-0.0352,0.0,4.9015,-0.3344,-1.9286,31.6252,0.0,0.0,0.0,33.5,down,2026-08-07T10:29:04,0.0,0.0
SPX,2027-04-16,238,Call,4975.0,SPX270416C04975000,2830.2,2836.1,2833.1499999999996,0.0,0.0,0.0,0.0,0.0,0.3365,0.9663,0.0,4.9865,-0.1623,29.7025,2832.9021,0.0,0.0,0.0,2811.25,no_change,,0.0,0.0
SPX,2027-04-16,238,Put,4975.0,SPX270416P04975000,32.1,32.6,32.35,32.4,0.0,0.0,0.0,70.0,0.3392,-0.036,0.0,4.9865,-0.3383,-1.9688,32.1996,0.0,0.0,0.0,34.1000003814697,no_change,2026-08-19T15:26:26,0.0,0.0
SPX,2027-04-16,238,Call,5000.0,SPX270416C05000000,2806.6,2811.8,2809.2,2557.89,0.0,0.0,0.0,1516.0,0.3344,0.9655,0.0,5.0732,-0.1677,29.8195,2809.1996,0.0,0.0,0.0,2787.59997558594,down,2026-07-28T10:00:31,0.0,0.0
SPX,2027-04-16,238,Put,5000.0,SPX270416P05000000,32.6,33.2,32.900000000000006,34.32,0.0,0.0,0.0,2539.0,0.3373,-0.0367,0.0,5.0732,-0.3422,-2.0101,32.7864,0.0,0.0,0.0,34.7000007629394,up,2026-08-20T13:36:07,0.0,0.0
SPX,2027-04-16,238,Call,5025.0,SPX270416C05025000,2782.5,2788.7,2785.6,0.0,0.0,0.0,0.0,0.0,0.3326,0.9648,0.0,5.1615,-0.1732,29.9353,2785.5097,0.0,0.0,0.0,2764.0,no_change,,0.0,0.0
SPX,2027-04-16,238,Put,5025.0,SPX270416P05025000,33.2,33.8,33.5,35.99,0.0,0.0,0.0,222.0,0.3353,-0.0375,0.0,5.1615,-0.3462,-2.0524,33.3858,0.0,0.0,0.0,35.3500003814697,no_change,2026-08-18T12:00:13,0.0,0.0
SPX,2027-04-16,238,Call,5050.0,SPX270416C05050000,2759.3,2764.4,2761.8500000000004,0.0,0.0,0.0,0.0,0.0,0.3306,0.964,0.0,5.2514,-0.1788,30.05,2761.833,0.0,0.0,0.0,2740.34997558594,no_change,,0.0,0.0
SPX,2027-04-16,238,Put,5050.0,SPX270416P05050000,33.9,34.4,34.15,36.8,0.0,0.0,0.0,712.0,0.3334,-0.0383,0.0,5.2514,-0.3502,-2.096,33.9984,0.0,0.0,0.0,36.0,no_change,2026-08-18T11:38:11,0.0,0.0
SPX,2027-04-16,238,Call,5075.0,SPX270416C05075000,2735.2,2741.3,2738.25,0.0,0.0,0.0,0.0,0.0,0.329,0.9632,0.0,5.3428,-0.1844,30.1636,2738.1698,0.0,0.0,0.0,2716.80004882812,no_change,,0.0,0.0
SPX,2027-04-16,238,Put,5075.0,SPX270416P05075000,34.5,35.0,34.75,34.7,0.0,0.0,0.0,529.0,0.3314,-0.0391,0.0,5.3428,-0.3542,-2.1406,34.6245,0.0,0.0,0.0,36.7000007629394,down,2026-08-14T15:22:28,0.0,0.0
SPX,2027-04-16,238,Call,5100.0,SPX270416C05100000,2712.3,2717.1,2714.7,0.0,0.0,0.0,0.0,0.0,0.327,0.9623,0.0,5.4358,-0.19,30.276,2714.5206,0.0,0.0,0.0,2693.15002441406,no_change,,0.0,0.0
SPX,2027-04-16,238,Put,5100.0,SPX270416P05100000,35.1,35.6,35.35,36.0,0.0,0.0,0.0,845.0,0.3295,-0.04,0.0,5.4358,-0.3584,-2.1864,35.2646,0.0,0.0,0.0,37.3500003814697,down,2026-08-19T15:55:55,0.0,0.0
SPX,2027-04-16,238,Call,5125.0,SPX270416C05125000,2688.3,2694.0,2691.15,2804.07,0.0,0.0,0.0,2.0,0.3252,0.9615,0.0,5.53,-0.1957,30.3874,2690.8857,0.0,0.0,0.0,2669.55004882812,down,2026-08-14T12:27:23,0.0,0.0
SPX,2027-04-16,238,Put,5125.0,SPX270416P05125000,35.8,36.3,36.05,50.05,0.0,0.0,0.0,201.0,0.3276,-0.0408,0.0,5.53,-0.3625,-2.2332,35.919,0.0,0.0,0.0,38.0500011444092,up,2026-07-09T09:59:57,0.0,0.0
SPX,2027-04-16,238,Call,5150.0,SPX270416C05150000,2665.1,2669.9,2667.5,0.0,0.0,0.0,0.0,0.0,0.3234,0.9606,0.0,5.6256,-0.2014,30.4977,2667.2657,0.0,0.0,0.0,2646.05004882812,no_change,,0.0,0.0
SPX,2027-04-16,238,Put,5150.0,SPX270416P05150000,36.5,37.0,36.75,36.7,-2.05,-5.29032,4.0,249.0,0.3258,-0.0417,0.0,5.6256,-0.3667,-2.2812,36.5882,36.73,36.73,36.7,38.75,down,2026-08-21T16:02:06,0.0,0.0
SPX,2027-04-16,238,Call,5175.0,SPX270416C05175000,2640.8,2646.8,2643.8,0.0,0.0,0.0,0.0,0.0,0.3216,0.9597,0.0,5.7226,-0.2072,30.6069,2643.6607,0.0,0.0,0.0,2622.5,no_change,,0.0,0.0
SPX,2027-04-16,238,Put,5175.0,SPX270416P05175000,37.1,37.7,37.400000000000006,39.3,0.0,0.0,0.0,74.0,0.3239,-0.0426,0.0,5.7226,-0.371,-2.3302,37.2726,0.0,0.0,0.0,39.5,down,2026-08-06T14:31:09,0.0,0.0
SPX,2027-04-16,238,Call,5200.0,SPX270416C05200000,2617.7,2622.7,2620.2,0.0,0.0,0.0,0.0,0.0,0.3196,0.9588,0.0,5.8208,-0.213,30.7151,2620.0713,0.0,0.0,0.0,2598.89990234375,no_change,,0.0,0.0
SPX,2027-04-16,238,Put,5200.0,SPX270416P05200000,37.8,38.4,38.099999999999994,38.35,0.0,0.0,0.0,662.0,0.322,-0.0435,0.0,5.8208,-0.3753,-2.3801,37.9724,0.0,0.0,0.0,40.25,down,2026-08-12T13:01:40,0.0,0.0
SPX,2027-04-16,238,Call,5225.0,SPX270416C05225000,2593.7,2599.6,2596.6499999999996,0.0,0.0,0.0,0.0,0.0,0.3179,0.9578,0.0,5.9204,-0.2189,30.8224,2596.4978,0.0,0.0,0.0,2575.34997558594,no_change,,0.0,0.0
SPX,2027-04-16,238,Put,5225.0,SPX270416P05225000,38.5,39.1,38.8,40.92,0.0,0.0,0.0,25.0,0.3201,-0.0444,0.0,5.9204,-0.3797,-2.4311,38.6882,0.0,0.0,0.0,41.0,up,2026-08-07T10:22:33,0.0,0.0
SPX,2027-04-16,238,Call,5250.0,SPX270416C05250000,2570.6,2575.5,2573.05,0.0,0.0,0.0,0.0,0.0,0.316,0.9569,0.0,6.0215,-0.2249,30.9286,2572.9405,0.0,0.0,0.0,2551.94995117188,no_change,,0.0,0.0
SPX,2027-04-16,238,Put,5250.0,SPX270416P05250000,39.3,39.8,39.55,40.44,-1.31,-3.13772,4.0,1576.0,0.3183,-0.0454,0.0,6.0215,-0.3841,-2.4831,39.4202,40.42,40.44,40.42,41.75,up,2026-08-21T10:02:47,0.0,0.0
SPX,2027-04-16,238,Call,5275.0,SPX270416C05275000,2546.7,2552.5,2549.6,0.0,0.0,0.0,0.0,0.0,0.3144,0.9559,0.0,6.1241,-0.2308,31.0338,2549.3998,0.0,0.0,0.0,2528.34997558594,no_change,,0.0,0.0
SPX,2027-04-16,238,Put,5275.0,SPX270416P05275000,40.0,40.6,40.3,41.3,-1.25,-2.93772,4.0,1568.0,0.3164,-0.0464,0.0,6.1241,-0.3885,-2.5361,40.1688,41.29,41.3,41.29,42.5500011444092,up,2026-08-21T09:36:29,0.0,0.0
SPX,2027-04-16,238,Call,5300.0,SPX270416C05300000,2523.6,2528.4,2526.0,0.0,0.0,0.0,0.0,0.0,0.3124,0.9549,0.0,6.2284,-0.2369,31.138,2525.8761,0.0,0.0,0.0,2504.94995117188,no_change,,0.0,0.0
SPX,2027-04-16,238,Put,5300.0,SPX270416P05300000,40.7,41.3,41.0,42.68,0.0,0.0,0.0,978.0,0.3146,-0.0474,0.0,6.2284,-0.393,-2.5902,40.9344,0.0,0.0,0.0,43.3500003814697,no_change,2026-08-20T12:15:50,0.0,0.0
SPX,2027-04-16,238,Call,5325.0,SPX270416C05325000,2500.0,2505.4,2502.7,0.0,0.0,0.0,0.0,0.0,0.3108,0.9539,0.0,6.3346,-0.243,31.241,2502.3698,0.0,0.0,0.0,2481.54992675781,no_change,,0.0,0.0
SPX,2027-04-16,238,Put,5325.0,SPX270416P05325000,41.5,42.1,41.8,43.58,0.0,0.0,0.0,56.0,0.3127,-0.0484,0.0,6.3346,-0.3976,-2.6454,41.7173,0.0,0.0,0.0,44.2000007629394,no_change,2026-08-20T12:15:50,0.0,0.0
SPX,2027-04-16,238,Call,5350.0,SPX270416C05350000,2476.7,2481.5,2479.1,2254.76,0.0,0.0,0.0,22.0,0.3088,0.9528,0.0,6.4428,-0.2491,31.3428,2478.8813,0.0,0.0,0.0,2458.09997558594,down,2026-07-29T14:43:11,0.0,0.0
SPX,2027-04-16,238,Put,5350.0,SPX270416P05350000,42.3,42.9,42.599999999999994,45.2,0.0,0.0,0.0,89.0,0.3109,-0.0494,0.0,6.4428,-0.4022,-2.7018,42.5181,0.0,0.0,0.0,45.0500011444092,up,2026-08-18T15:53:51,0.0,0.0
SPX,2027-04-16,238,Call,5375.0,SPX270416C05375000,2452.8,2458.4,2455.6000000000004,0.0,0.0,0.0,0.0,1.0,0.3073,0.9518,0.0,6.5532,-0.2553,31.4433,2455.411,0.0,0.0,0.0,2434.69995117188,no_change,,0.0,0.0
SPX,2027-04-16,238,Put,5375.0,SPX270416P05375000,43.2,43.7,43.45,45.89,0.0,0.0,0.0,131.0,0.3091,-0.0505,0.0,6.5532,-0.4069,-2.7595,43.3372,0.0,0.0,0.0,45.9499988555908,down,2026-08-07T10:00:50,0.0,0.0
SPX,2027-04-16,238,Call,5400.0,SPX270416C05400000,2429.8,2434.6,2432.2,0.0,0.0,0.0,0.0,0.0,0.3053,0.9506,0.0001,6.6658,-0.2616,31.5423,2431.9596,0.0,0.0,0.0,2411.25,no_change,,0.0,0.0
SPX,2027-04-16,238,Put,5400.0,SPX270416P05400000,44.0,44.6,44.3,46.31,0.0,0.0,0.0,345.0,0.3073,-0.0516,0.0001,6.6658,-0.4116,-2.8188,44.175,0.0,0.0,0.0,46.8000011444092,no_change,2026-08-17T14:15:13,0.0,0.0
SPX,2027-04-16,238,Call,5425.0,SPX270416C05425000,2406.0,2411.5,2408.75,0.0,0.0,0.0,0.0,0.0,0.3037,0.9495,0.0001,6.7808,-0.2679,31.6397,2408.5274,0.0,0.0,0.0,2387.94995117188,no_change,,0.0,0.0
SPX,2027-04-16,238,Put,5425.0,SPX270416P05425000,44.9,45.4,45.15,45.0,0.0,0.0,0.0,55.0,0.3056,-0.0528,0.0001,6.7808,-0.4164,-2.8796,45.0321,0.0,0.0,0.0,47.6999988555908,down,2026-08-14T15:22:16,0.0,0.0
SPX,2027-04-16,238,Call,5450.0,SPX270416C05450000,2383.0,2387.7,2385.35,0.0,0.0,0.0,0.0,0.0,0.3018,0.9484,0.0001,6.8982,-0.2742,31.7354,2385.1152,0.0,0.0,0.0,2364.59997558594,no_change,,0.0,0.0
SPX,2027-04-16,238,Put,5450.0,SPX270416P05450000,45.7,46.3,46.0,46.96,0.0,0.0,0.0,28.0,0.3037,-0.0539,0.0001,6.8982,-0.4212,-2.942,45.9091,0.0,0.0,0.0,48.6499996185303,up,2026-08-12T09:50:47,0.0,0.0
SPX,2027-04-16,238,Call,5475.0,SPX270416C05475000,2359.2,2364.7,2361.95,0.0,0.0,0.0,0.0,0.0,0.3002,0.9472,0.0001,7.0179,-0.2806,31.8294,2361.7234,0.0,0.0,0.0,2341.14990234375,no_change,,0.0,0.0
SPX,2027-04-16,238,Put,5475.0,SPX270416P05475000,46.6,47.2,46.900000000000006,47.7,-1.9,-3.83065,11.0,2730.0,0.302,-0.0551,0.0001,7.0179,-0.4261,-3.0063,46.8067,47.7,47.7,47.7,49.6000003814697,no_change,2026-08-21T10:21:26,0.0,0.0
SPX,2027-04-16,238,Call,5500.0,SPX270416C05500000,2336.3,2340.9,2338.6000000000004,2209.28,0.0,0.0,0.0,34.0,0.2984,0.946,0.0001,7.1399,-0.2871,31.9215,2338.3528,0.0,0.0,0.0,2317.90002441406,down,2026-06-17T14:03:42,0.0,0.0
SPX,2027-04-16,238,Put,5500.0,SPX270416P05500000,47.5,48.1,47.8,49.98,0.0,0.0,0.0,1122.0,0.3002,-0.0563,0.0001,7.1399,-0.431,-3.0724,47.7254,0.0,0.0,0.0,50.5500011444092,down,2026-08-20T13:36:07,0.0,0.0
SPX,2027-04-16,238,Call,5525.0,SPX270416C05525000,2312.6,2318.0,2315.3,0.0,0.0,0.0,0.0,0.0,0.2968,0.9447,0.0001,7.264,-0.2936,32.0118,2315.0041,0.0,0.0,0.0,2294.59997558594,no_change,,0.0,0.0
SPX,2027-04-16,238,Put,5525.0,SPX270416P05525000,48.4,49.1,48.75,51.89,0.0,0.0,0.0,31.0,0.2984,-0.0576,0.0001,7.264,-0.436,-3.1403,48.6659,0.0,0.0,0.0,51.5500011444092,up,2026-08-18T13:37:35,0.0,0.0
SPX,2027-04-16,238,Call,5550.0,SPX270416C05550000,2289.7,2294.2,2291.95,0.0,0.0,0.0,0.0,0.0,0.295,0.9434,0.0001,7.3902,-0.3001,32.1002,2291.6778,0.0,0.0,0.0,2271.40002441406,no_change,,0.0,0.0
SPX,2027-04-16,238,Put,5550.0,SPX270416P05550000,49.4,50.0,49.7,52.7,0.0,0.0,0.0,45.0,0.2967,-0.0588,0.0001,7.3902,-0.441,-3.2102,49.629,0.0,0.0,0.0,52.5500011444092,up,2026-08-20T15:55:41,0.0,0.0
SPX,2027-04-16,238,Call,5575.0,SPX270416C05575000,2266.0,2271.3,2268.65,1842.6,0.0,0.0,0.0,1.0,0.2934,0.9422,0.0001,7.5183,-0.3068,32.1868,2268.3746,0.0,0.0,0.0,2248.19995117188,up,2026-04-28T09:33:02,0.0,0.0
SPX,2027-04-16,238,Put,5575.0,SPX270416P05575000,50.4,51.0,50.7,54.65,0.0,0.0,0.0,23.0,0.2949,-0.0601,0.0001,7.5183,-0.4461,-3.2818,50.615,0.0,0.0,0.0,53.6000003814697,no_change,2026-08-18T11:38:11,0.0,0.0
SPX,2027-04-16,238,Call,5600.0,SPX270416C05600000,2243.1,2247.6,2245.35,2181.65,0.0,0.0,0.0,12.0,0.2916,0.9408,0.0001,7.648,-0.3134,32.2715,2245.0951,0.0,0.0,0.0,2225.0,up,2026-05-28T10:42:36,0.0,0.0
SPX,2027-04-16,238,Put,5600.0,SPX270416P05600000,51.3,52.0,51.65,54.5,0.0,0.0,0.0,856.0,0.2932,-0.0614,0.0001,7.648,-0.4513,-3.3553,51.6249,0.0,0.0,0.0,54.6499996185303,up,2026-08-18T15:37:37,0.0,0.0
SPX,2027-04-16,238,Call,5625.0,SPX270416C05625000,2219.5,2224.8,2222.15,0.0,0.0,0.0,0.0,0.0,0.29,0.9394,0.0001,7.7794,-0.3201,32.3547,2221.8399,0.0,0.0,0.0,2201.69995117188,no_change,,0.0,0.0
SPX,2027-04-16,238,Put,5625.0,SPX270416P05625000,52.4,53.1,52.75,53.6,0.0,0.0,0.0,46.0,0.2915,-0.0628,0.0001,7.7794,-0.4565,-3.4303,52.659,0.0,0.0,0.0,55.6999988555908,up,2026-08-17T12:02:20,0.0,0.0
SPX,2027-04-16,238,Call,5650.0,SPX270416C05650000,2196.6,2201.1,2198.85,2118.05,0.0,0.0,0.0,0.0,0.2883,0.938,0.0001,7.9124,-0.3269,32.4362,2198.6096,0.0,0.0,0.0,2178.64990234375,up,2026-05-14T11:54:32,0.0,0.0
SPX,2027-04-16,238,Put,5650.0,SPX270416P05650000,53.5,54.1,53.8,56.95,0.0,0.0,0.0,325.0,0.2897,-0.0642,0.0001,7.9124,-0.4617,-3.507,53.7179,0.0,0.0,0.0,56.8999996185303,up,2026-08-06T13:58:11,0.0,0.0
SPX,2027-04-16,238,Call,5675.0,SPX270416C05675000,2173.1,2178.3,2175.7,2095.95,0.0,0.0,0.0,0.0,0.2867,0.9366,0.0001,8.047,-0.3337,32.5162,2175.4046,0.0,0.0,0.0,2155.45007324219,up,2026-05-14T11:54:32,0.0,0.0
SPX,2027-04-16,238,Put,5675.0,SPX270416P05675000,54.6,55.2,54.900000000000006,59.18,0.0,0.0,0.0,103.0,0.288,-0.0656,0.0001,8.047,-0.467,-3.5852,54.8021,0.0,0.0,0.0,58.0,up,2026-08-18T11:20:14,0.0,0.0
SPX,2027-04-16,238,Call,5700.0,SPX270416C05700000,2150.3,2154.7,2152.5,0.0,0.0,0.0,0.0,0.0,0.2849,0.9352,0.0001,8.1833,-0.3406,32.5947,2152.2254,0.0,0.0,0.0,2132.35009765625,no_change,,0.0,0.0
SPX,2027-04-16,238,Put,5700.0,SPX270416P05700000,55.6,56.4,56.0,57.41,0.0,0.0,0.0,214.0,0.2863,-0.0671,0.0001,8.1833,-0.4724,-3.665,55.9123,0.0,0.0,0.0,59.1499996185303,down,2026-08-19T10:27:17,0.0,0.0
SPX,2027-04-16,238,Call,5725.0,SPX270416C05725000,2126.8,2131.9,2129.3500000000004,0.0,0.0,0.0,0.0,0.0,0.2833,0.9336,0.0001,8.3215,-0.3475,32.6716,2129.0726,0.0,0.0,0.0,2109.29992675781,no_change,,0.0,0.0
SPX,2027-04-16,238,Put,5725.0,SPX270416P05725000,56.8,57.5,57.15,57.63,0.0,0.0,0.0,113.0,0.2846,-0.0686,0.0001,8.3215,-0.4778,-3.7463,57.0488,0.0,0.0,0.0,60.3500003814697,down,2026-08-17T10:36:56,0.0,0.0
SPX,2027-04-16,238,Call,5750.0,SPX270416C05750000,2104.1,2108.4,2106.25,0.0,0.0,0.0,0.0,0.0,0.2816,0.9321,0.0001,8.4618,-0.3545,32.7468,2105.9466,0.0,0.0,0.0,2086.25,no_change,,0.0,0.0
SPX,2027-04-16,238,Put,5750.0,SPX270416P05750000,57.9,58.7,58.3,58.85,0.0,0.0,0.0,103.0,0.2829,-0.0702,0.0001,8.4618,-0.4832,-3.8293,58.2121,0.0,0.0,0.0,61.5499992370606,up,2026-08-17T10:37:41,0.0,0.0
SPX,2027-04-16,238,Call,5775.0,SPX270416C05775000,2080.6,2085.7,2083.1499999999996,0.0,0.0,0.0,0.0,0.0,0.28,0.9305,0.0001,8.6045,-0.3615,32.8203,2082.8481,0.0,0.0,0.0,2063.20007324219,no_change,,0.0,0.0
SPX,2027-04-16,238,Put,5775.0,SPX270416P05775000,59.1,59.9,59.5,59.54,0.0,0.0,0.0,356.0,0.2813,-0.0717,0.0001,8.6045,-0.4887,-3.914,59.4028,0.0,0.0,0.0,62.8500003814697,down,2026-08-13T13:28:29,0.0,0.0
SPX,2027-04-16,238,Call,5800.0,SPX270416C05800000,2058.0,2062.2,2060.1,1636.9,0.0,0.0,0.0,2.0,0.2783,0.9289,0.0001,8.7499,-0.3686,32.8918,2059.7775,0.0,0.0,0.0,2040.20001220703,up,2026-04-22T12:27:28,0.0,0.0
SPX,2027-04-16,238,Put,5800.0,SPX270416P05800000,60.3,61.1,60.7,62.3,-1.8,-2.80811,2.0,213.0,0.2796,-0.0734,0.0001,8.7499,-0.4942,-4.0008,60.6216,62.28,62.3,62.28,64.1000003814697,up,2026-08-21T09:36:29,0.0,0.0
SPX,2027-04-16,238,Call,5825.0,SPX270416C05825000,2034.5,2039.6,2037.05,0.0,0.0,0.0,0.0,0.0,0.2767,0.9273,0.0001,8.898,-0.3757,32.9611,2036.7357,0.0,0.0,0.0,2017.25,no_change,,0.0,0.0
SPX,2027-04-16,238,Put,5825.0,SPX270416P05825000,61.6,62.3,61.95,62.72,0.0,0.0,0.0,138.0,0.2779,-0.075,0.0001,8.898,-0.4998,-4.0896,61.8691,0.0,0.0,0.0,65.4500007629394,down,2026-08-19T13:46:44,0.0,0.0
SPX,2027-04-16,238,Call,5850.0,SPX270416C05850000,2011.9,2016.2,2014.0500000000002,0.0,0.0,0.0,0.0,0.0,0.2751,0.9256,0.0001,9.0491,-0.3829,33.028,2013.7233,0.0,0.0,0.0,1994.29998779297,no_change,,0.0,0.0
SPX,2027-04-16,238,Put,5850.0,SPX270416P05850000,62.8,63.6,63.2,62.73,0.0,0.0,0.0,199.0,0.2762,-0.0767,0.0001,9.0491,-0.5055,-4.1809,63.1459,0.0,0.0,0.0,66.75,down,2026-08-14T14:15:02,0.0,0.0
SPX,2027-04-16,238,Call,5875.0,SPX270416C05875000,1988.6,1993.5,1991.05,2085.39,0.0,0.0,0.0,1.0,0.2735,0.9238,0.0001,9.2031,-0.3901,33.0924,1990.7412,0.0,0.0,0.0,1971.35003662109,up,2026-08-10T11:19:16,0.0,0.0
SPX,2027-04-16,238,Put,5875.0,SPX270416P05875000,64.1,64.9,64.5,64.52,0.0,0.0,0.0,44.0,0.2746,-0.0784,0.0001,9.2031,-0.5111,-4.2748,64.4531,0.0,0.0,0.0,68.1499977111816,no_change,2026-08-13T14:00:08,0.0,0.0
SPX,2027-04-16,238,Call,5900.0,SPX270416C05900000,1966.0,1970.2,1968.1,2062.59,0.0,0.0,0.0,3.0,0.2718,0.9221,0.0001,9.36,-0.3973,33.154,1967.7903,0.0,0.0,0.0,1948.5,up,2026-08-10T11:19:16,0.0,0.0
SPX,2027-04-16,238,Put,5900.0,SPX270416P05900000,65.5,66.3,65.9,69.17,0.0,0.0,0.0,393.0,0.273,-0.0802,0.0001,9.36,-0.5168,-4.3714,65.7915,0.0,0.0,0.0,69.5499992370606,no_change,2026-08-20T14:49:51,0.0,0.0
SPX,2027-04-16,238,Call,5925.0,SPX270416C05925000,1942.8,1947.6,1945.1999999999998,0.0,0.0,0.0,0.0,0.0,0.2703,0.9202,0.0001,9.5196,-0.4046,33.2128,1944.8715,0.0,0.0,0.0,1925.69995117188,no_change,,0.0,0.0
SPX,2027-04-16,238,Put,5925.0,SPX270416P05925000,66.9,67.6,67.25,71.34,0.0,0.0,0.0,33.0,0.2713,-0.082,0.0001,9.5196,-0.5226,-4.4709,67.162,0.0,0.0,0.0,70.9500007629394,down,2026-08-05T10:07:44,0.0,0.0
SPX,2027-04-16,238,Call,5950.0,SPX270416C05950000,1920.2,1924.3,1922.25,0.0,0.0,0.0,0.0,0.0,0.2686,0.9184,0.0001,9.6817,-0.4119,33.2687,1921.9858,0.0,0.0,0.0,1902.84997558594,no_change,,0.0,0.0
SPX,2027-04-16,238,Put,5950.0,SPX270416P05950000,68.3,69.0,68.65,69.1,0.0,0.0,0.0,157.0,0.2697,-0.0839,0.0001,9.6817,-0.5284,-4.5732,68.5656,0.0,0.0,0.0,72.4500007629394,up,2026-08-17T11:34:53,0.0,0.0
SPX,2027-04-16,238,Call,5975.0,SPX270416C05975000,1897.1,1901.9,1899.5,2008.14,0.0,0.0,0.0,1.0,0.2671,0.9165,0.0001,9.846,-0.4193,33.3218,1899.1339,0.0,0.0,0.0,1880.09997558594,down,2026-08-14T12:09:32,0.0,0.0
SPX,2027-04-16,238,Put,5975.0,SPX270416P05975000,69.7,70.5,70.1,71.26,-2.69,-3.63759,4.0,149.0,0.268,-0.0858,0.0001,9.846,-0.5342,-4.6783,70.003,71.24,71.26,71.24,73.9500007629394,up,2026-08-21T10:36:24,0.0,0.0
SPX,2027-04-16,238,Call,6000.0,SPX270416C06000000,1874.6,1878.6,1876.6,1920.21,0.0,0.0,0.0,729.0,0.2654,0.9145,0.0001,10.0121,-0.4267,33.3722,1876.317,0.0,0.0,0.0,1857.34997558594,down,2026-08-19T15:15:34,0.0,0.0
SPX,2027-04-16,238,Put,6000.0,SPX270416P06000000,71.2,71.9,71.55000000000001,73.47,-2.03,-2.68874,100.0,1653.0,0.2664,-0.0878,0.0001,10.0121,-0.5401,-4.786,71.4754,73.47,73.47,73.47,75.5,no_change,2026-08-21T09:57:27,0.0,0.0
SPX,2027-04-16,238,Call,6025.0,SPX270416C06025000,1851.5,1856.3,1853.9,1510.53,0.0,0.0,0.0,1.0,0.2638,0.9125,0.0001,10.1799,-0.4341,33.4203,1853.5356,0.0,0.0,0.0,1834.64996337891,up,2026-05-04T12:43:00,0.0,0.0
SPX,2027-04-16,238,Put,6025.0,SPX270416P06025000,72.7,73.5,73.1,75.73,0.0,0.0,0.0,55.0,0.2648,-0.0898,0.0001,10.1799,-0.546,-4.8962,72.9833,0.0,0.0,0.0,77.0499992370606,up,2026-08-20T11:26:41,0.0,0.0
SPX,2027-04-16,238,Call,6050.0,SPX270416C06050000,1829.2,1833.2,1831.2,0.0,0.0,0.0,0.0,0.0,0.2624,0.9105,0.0001,10.3492,-0.4416,33.466,1830.7906,0.0,0.0,0.0,1812.0,no_change,,0.0,0.0
SPX,2027-04-16,238,Put,6050.0,SPX270416P06050000,74.2,75.0,74.6,74.7,-4.0,-5.08259,2.0,55.0,0.2632,-0.0918,0.0001,10.3492,-0.552,-5.0088,74.5275,74.56,74.7,74.56,78.7000007629394,up,2026-08-21T16:02:40,0.0,0.0
SPX,2027-04-16,238,Call,6075.0,SPX270416C06075000,1806.1,1810.8,1808.4499999999998,0.0,0.0,0.0,0.0,0.0,0.2607,0.9084,0.0001,10.5202,-0.4491,33.5095,1808.0826,0.0,0.0,0.0,1789.40002441406,no_change,,0.0,0.0
SPX,2027-04-16,238,Put,6075.0,SPX270416P06075000,75.8,76.6,76.19999999999999,76.51,0.0,0.0,0.0,65.0,0.2616,-0.0939,0.0001,10.5202,-0.558,-5.1235,76.1088,0.0,0.0,0.0,80.2999992370606,down,2026-08-17T11:53:17,0.0,0.0
SPX,2027-04-16,238,Call,6100.0,SPX270416C06100000,1783.8,1787.8,1785.8,1142.62,0.0,0.0,0.0,1.0,0.2592,0.9062,0.0001,10.6928,-0.4566,33.5508,1785.4123,0.0,0.0,0.0,1766.79998779297,up,2026-04-13T11:49:07,0.0,0.0
SPX,2027-04-16,238,Put,6100.0,SPX270416P06100000,77.4,78.2,77.80000000000001,78.72,-3.23,-3.94143,4.0,797.0,0.26,-0.096,0.0001,10.6928,-0.564,-5.2404,77.7278,78.64,78.72,78.64,81.9500007629394,up,2026-08-21T10:24:04,0.0,0.0
SPX,2027-04-16,238,Call,6125.0,SPX270416C06125000,1760.9,1765.5,1763.2,1546.99,0.0,0.0,0.0,2.0,0.2575,0.904,0.0001,10.8674,-0.4642,33.59,1762.7802,0.0,0.0,0.0,1744.25,up,2026-05-07T15:46:56,0.0,0.0
SPX,2027-04-16,238,Put,6125.0,SPX270416P06125000,79.0,79.9,79.45,78.53,0.0,0.0,0.0,72.0,0.2584,-0.0982,0.0001,10.8674,-0.57,-5.3594,79.3851,0.0,0.0,0.0,83.7000007629394,up,2026-08-14T15:30:18,0.0,0.0
SPX,2027-04-16,238,Call,6150.0,SPX270416C06150000,1738.6,1742.5,1740.55,1527.83,0.0,0.0,0.0,3.0,0.256,0.9018,0.0001,11.0443,-0.4718,33.6268,1740.1872,0.0,0.0,0.0,1721.85003662109,up,2026-07-27T11:32:13,0.0,0.0
SPX,2027-04-16,238,Put,6150.0,SPX270416P06150000,80.7,81.5,81.1,83.03,-2.42,-2.83207,2.0,1046.0,0.2567,-0.1005,0.0001,11.0443,-0.5761,-5.4808,81.0812,82.94,83.03,82.94,85.4500007629394,up,2026-08-21T10:02:47,0.0,0.0
SPX,2027-04-16,238,Call,6175.0,SPX270416C06175000,1715.8,1720.3,1718.05,1459.76,0.0,0.0,0.0,1.0,0.2544,0.8995,0.0001,11.2239,-0.4794,33.6609,1717.6338,0.0,0.0,0.0,1699.34997558594,up,2026-07-29T12:04:57,0.0,0.0
SPX,2027-04-16,238,Put,6175.0,SPX270416P06175000,82.3,83.3,82.8,82.8,0.0,0.0,0.0,94.0,0.2552,-0.1028,0.0001,11.2239,-0.5821,-5.6049,82.8172,0.0,0.0,0.0,87.2999992370606,down,2026-08-19T15:44:52,0.0,0.0
SPX,2027-04-16,238,Call,6200.0,SPX270416C06200000,1693.6,1697.4,1695.5,1178.81,0.0,0.0,0.0,12.0,0.253,0.8971,0.0001,11.4065,-0.487,33.6921,1695.1211,0.0,0.0,0.0,1676.95001220703,up,2026-04-14T13:31:11,0.0,0.0
SPX,2027-04-16,238,Put,6200.0,SPX270416P06200000,84.2,85.0,84.6,83.75,-5.4,-6.05721,4.0,310.0,0.2536,-0.1052,0.0001,11.4065,-0.5882,-5.732,84.5938,83.72,83.75,83.72,89.1500015258789,up,2026-08-21T15:51:34,0.0,0.0
SPX,2027-04-16,238,Call,6225.0,SPX270416C06225000,1670.8,1675.3,1673.05,1190.62,0.0,0.0,0.0,1.0,0.2518,0.8947,0.0001,11.5923,-0.4947,33.7199,1672.65,0.0,0.0,0.0,1654.55004882812,down,2026-04-15T13:22:32,0.0,0.0
SPX,2027-04-16,238,Put,6225.0,SPX270416P06225000,85.9,87.0,86.45,86.4,0.0,0.0,0.0,82.0,0.2522,-0.1076,0.0001,11.5923,-0.5944,-5.8624,86.412,0.0,0.0,0.0,91.0499992370606,down,2026-08-19T15:53:27,0.0,0.0
SPX,2027-04-16,238,Call,6250.0,SPX270416C06250000,1648.9,1652.5,1650.7,1269.3,0.0,0.0,0.0,14.0,0.25,0.8922,0.0001,11.7813,-0.5023,33.744,1650.2218,0.0,0.0,0.0,1632.25,up,2026-04-28T10:55:05,0.0,0.0
SPX,2027-04-16,238,Put,6250.0,SPX270416P06250000,87.9,88.7,88.30000000000001,93.1,0.0,0.0,0.0,195.0,0.2505,-0.1101,0.0001,11.7813,-0.6005,-5.9965,88.2731,0.0,0.0,0.0,92.9500007629394,up,2026-08-18T13:46:51,0.0,0.0
SPX,2027-04-16,238,Call,6275.0,SPX270416C06275000,1626.1,1630.5,1628.3,0.0,0.0,0.0,0.0,0.0,0.2487,0.8897,0.0001,11.9735,-0.51,33.7641,1627.8377,0.0,0.0,0.0,1609.94995117188,no_change,,0.0,0.0
SPX,2027-04-16,238,Put,6275.0,SPX270416P06275000,89.8,90.7,90.25,90.92,0.0,0.0,0.0,154.0,0.2491,-0.1126,0.0001,11.9735,-0.6066,-6.1346,90.1782,0.0,0.0,0.0,95.0,down,2026-08-19T14:26:08,0.0,0.0
SPX,2027-04-16,238,Call,6300.0,SPX270416C06300000,1604.1,1607.8,1605.9499999999998,1497.63,0.0,0.0,0.0,14.0,0.2469,0.8871,0.0001,12.1685,-0.5177,33.7801,1605.4991,0.0,0.0,0.0,1587.75,up,2026-07-21T14:51:09,0.0,0.0
SPX,2027-04-16,238,Put,6300.0,SPX270416P06300000,91.6,92.6,92.1,93.11,0.0,0.0,0.0,1323.0,0.2475,-0.1152,0.0001,12.1685,-0.6128,-6.2768,92.1289,0.0,0.0,0.0,97.0,down,2026-08-19T11:50:55,0.0,0.0
SPX,2027-04-16,238,Call,6325.0,SPX270416C06325000,1581.5,1585.9,1583.7,1341.24,0.0,0.0,0.0,5.0,0.2456,0.8844,0.0001,12.3658,-0.5254,33.7921,1583.2073,0.0,0.0,0.0,1565.5,up,2026-07-29T12:52:10,0.0,0.0
SPX,2027-04-16,238,Put,6325.0,SPX270416P06325000,93.6,94.7,94.15,96.12,-2.98,-3.00706,1.0,135.0,0.246,-0.1178,0.0001,12.3658,-0.6189,-6.4231,94.1264,96.12,96.12,96.12,99.0999984741211,down,2026-08-21T09:40:30,0.0,0.0
SPX,2027-04-16,238,Call,6350.0,SPX270416C06350000,1559.6,1563.3,1561.4499999999998,1109.51,0.0,0.0,0.0,50.0,0.2439,0.8817,0.0001,12.5651,-0.533,33.8001,1560.9637,0.0,0.0,0.0,1543.45001220703,up,2026-04-15T16:14:14,0.0,0.0
SPX,2027-04-16,238,Put,6350.0,SPX270416P06350000,95.8,96.7,96.25,100.83,0.0,0.0,0.0,1880.0,0.2444,-0.1206,0.0001,12.5651,-0.6251,-6.5732,96.1721,0.0,0.0,0.0,101.25,up,2026-08-20T10:15:51,0.0,0.0
SPX,2027-04-16,238,Call,6375.0,SPX270416C06375000,1537.2,1541.4,1539.3000000000002,1161.87,0.0,0.0,0.0,2.0,0.2425,0.8789,0.0001,12.7659,-0.5407,33.8047,1538.7695,0.0,0.0,0.0,1521.29998779297,down,2026-04-22T09:42:13,0.0,0.0
SPX,2027-04-16,238,Put,6375.0,SPX270416P06375000,97.7,98.9,98.30000000000001,100.17,-3.23,-3.12379,2.0,92.0,0.2429,-0.1233,0.0001,12.7659,-0.6313,-6.7269,98.2672,100.17,100.17,100.17,103.400001525879,no_change,2026-08-21T10:21:32,0.0,0.0
SPX,2027-04-16,238,Call,6400.0,SPX270416C06400000,1515.3,1518.9,1517.1,1384.51,0.0,0.0,0.0,255.0,0.241,0.8761,0.0001,12.9679,-0.5484,33.8059,1516.6258,0.0,0.0,0.0,1499.25,up,2026-05-13T10:48:33,0.0,0.0
SPX,2027-04-16,238,Put,6400.0,SPX270416P06400000,100.0,100.9,100.45,103.55,0.0,0.0,0.0,3696.0,0.2412,-0.1262,0.0001,12.9679,-0.6374,-6.8839,100.4128,0.0,0.0,0.0,105.650001525879,up,2026-08-20T09:53:09,0.0,0.0
SPX,2027-04-16,238,Call,6425.0,SPX270416C06425000,1493.0,1497.2,1495.1,1300.91,0.0,0.0,0.0,14.0,0.2395,0.8732,0.0001,13.171,-0.5561,33.8041,1494.5336,0.0,0.0,0.0,1477.29998779297,no_change,2026-07-27T15:01:10,0.0,0.0
SPX,2027-04-16,238,Put,6425.0,SPX270416P06425000,102.2,103.3,102.75,108.8,0.0,0.0,0.0,171.0,0.2398,-0.1291,0.0001,13.171,-0.6436,-7.0439,102.6099,0.0,0.0,0.0,108.0,up,2026-08-18T10:55:01,0.0,0.0
SPX,2027-04-16,238,Call,6450.0,SPX270416C06450000,1471.2,1474.8,1473.0,1330.46,0.0,0.0,0.0,59.0,0.2378,0.8702,0.0001,13.3752,-0.5638,33.7995,1472.4939,0.0,0.0,0.0,1455.35003662109,up,2026-05-08T15:40:23,0.0,0.0
SPX,2027-04-16,238,Put,6450.0,SPX270416P06450000,104.3,105.4,104.85,109.83,0.0,0.0,0.0,2560.0,0.2382,-0.1321,0.0001,13.3752,-0.6497,-7.2067,104.8594,0.0,0.0,0.0,110.299999237061,up,2026-08-20T10:15:51,0.0,0.0
SPX,2027-04-16,238,Call,6475.0,SPX270416C06475000,1449.0,1453.2,1451.1,1352.59,0.0,0.0,0.0,148.0,0.2364,0.8671,0.0001,13.581,-0.5714,33.792,1450.5075,0.0,0.0,0.0,1433.5,up,2026-06-05T14:08:43,0.0,0.0
SPX,2027-04-16,238,Put,6475.0,SPX270416P06475000,106.6,107.8,107.19999999999999,112.3,0.0,0.0,0.0,887.0,0.2367,-0.1352,0.0001,13.581,-0.6558,-7.3725,107.1624,0.0,0.0,0.0,112.700000762939,up,2026-08-18T12:50:08,0.0,0.0
SPX,2027-04-16,238,Call,6500.0,SPX270416C06500000,1427.4,1430.8,1429.1,1432.67,20.92,1.48185,2.0,918.0,0.2348,0.864,0.0001,13.7888,-0.579,33.7812,1428.5755,1432.75,1432.75,1432.67,1411.75,down,2026-08-21T15:35:02,0.0,0.0
SPX,2027-04-16,238,Put,6500.0,SPX270416P06500000,109.1,110.1,109.6,109.67,-5.48,-4.75901,15.0,3737.0,0.2352,-0.1383,0.0001,13.7888,-0.6619,-7.5414,109.5196,111.7,111.7,109.29,115.150001525879,up,2026-08-21T12:19:11,0.0,0.0
SPX,2027-04-16,238,Call,6525.0,SPX270416C06525000,1405.2,1409.4,1407.3000000000002,1204.64,0.0,0.0,0.0,131.0,0.2334,0.8608,0.0002,13.9992,-0.5867,33.7669,1406.6991,0.0,0.0,0.0,1389.95001220703,up,2026-07-30T10:39:52,0.0,0.0
SPX,2027-04-16,238,Put,6525.0,SPX270416P06525000,111.5,112.6,112.05,111.96,-5.74,-4.87681,2.0,575.0,0.2337,-0.1415,0.0002,13.9992,-0.668,-7.714,111.9326,111.96,111.96,111.96,117.700000762939,down,2026-08-21T12:53:46,0.0,0.0
SPX,2027-04-16,238,Call,6550.0,SPX270416C06550000,1383.7,1387.3,1385.5,1265.35,0.0,0.0,0.0,864.0,0.2318,0.8575,0.0002,14.2124,-0.5942,33.7482,1384.8798,0.0,0.0,0.0,1368.25,up,2026-07-20T12:37:44,0.0,0.0
SPX,2027-04-16,238,Put,6550.0,SPX270416P06550000,114.0,115.0,114.5,119.85,0.0,0.0,0.0,2328.0,0.2321,-0.1448,0.0002,14.2124,-0.6741,-7.8909,114.4025,0.0,0.0,0.0,120.25,up,2026-08-18T13:34:57,0.0,0.0
SPX,2027-04-16,238,Call,6575.0,SPX270416C06575000,1361.7,1365.8,1363.75,1443.37,0.0,0.0,0.0,360.0,0.2304,0.8542,0.0002,14.4288,-0.6018,33.7247,1363.1191,0.0,0.0,0.0,1346.59997558594,down,2026-08-12T15:37:12,0.0,0.0
SPX,2027-04-16,238,Put,6575.0,SPX270416P06575000,116.5,117.6,117.05,115.28,-7.67,-6.23831,88.0,552.0,0.2307,-0.1481,0.0002,14.4288,-0.6801,-8.0727,116.931,117.2,117.34,115.28,122.950000762939,down,2026-08-21T15:48:08,0.0,0.0
SPX,2027-04-16,238,Call,6600.0,SPX270416C06600000,1340.0,1343.5,1341.75,1421.83,0.0,0.0,0.0,1147.0,0.2288,0.8507,0.0002,14.6483,-0.6093,33.6957,1341.419,0.0,0.0,0.0,1325.10003662109,no_change,2026-08-12T15:38:37,0.0,0.0
SPX,2027-04-16,238,Put,6600.0,SPX270416P06600000,119.1,120.1,119.6,118.28,-7.32,-5.82802,9.0,978.0,0.2291,-0.1516,0.0002,14.6483,-0.6861,-8.2598,119.5204,119.84,119.87,118.28,125.599998474121,down,2026-08-21T15:38:31,0.0,0.0
SPX,2027-04-16,238,Call,6625.0,SPX270416C06625000,1318.5,1322.5,1320.5,990.95,0.0,0.0,0.0,15.0,0.2274,0.8472,0.0002,14.8705,-0.6168,33.6612,1319.7817,0.0,0.0,0.0,1303.5,up,2026-04-23T10:49:40,0.0,0.0
SPX,2027-04-16,238,Put,6625.0,SPX270416P06625000,121.6,122.9,122.25,124.22,-4.18,-3.25545,12.0,204.0,0.2277,-0.1551,0.0002,14.8705,-0.6921,-8.4526,122.1723,124.22,124.22,124.22,128.400001525879,down,2026-08-21T10:24:59,0.0,0.0
SPX,2027-04-16,238,Call,6650.0,SPX270416C06650000,1297.2,1300.6,1298.9,1188.0,0.0,0.0,0.0,818.0,0.2258,0.8436,0.0002,15.0948,-0.6242,33.6209,1298.2093,0.0,0.0,0.0,1282.10003662109,up,2026-05-20T13:23:51,0.0,0.0
SPX,2027-04-16,238,Put,6650.0,SPX270416P06650000,124.5,125.6,125.05,126.63,-4.57,-3.48324,1.0,2204.0,0.2261,-0.1587,0.0002,15.0948,-0.698,-8.6511,124.8892,126.63,126.63,126.63,131.200004577637,up,2026-08-21T10:48:26,0.0,0.0
SPX,2027-04-16,238,Call,6675.0,SPX270416C06675000,1275.5,1279.4,1277.45,948.05,0.0,0.0,0.0,2.0,0.2244,0.8399,0.0002,15.3206,-0.6316,33.5752,1276.704,0.0,0.0,0.0,1260.75,up,2026-04-28T10:37:13,0.0,0.0
SPX,2027-04-16,238,Put,6675.0,SPX270416P06675000,127.3,128.5,127.9,127.35,-6.8,-5.06895,15.0,543.0,0.2246,-0.1624,0.0002,15.3206,-0.7038,-8.8551,127.6732,128.23,128.23,126.46,134.150001525879,no_change,2026-08-21T13:06:44,0.0,0.0
SPX,2027-04-16,238,Call,6700.0,SPX270416C06700000,1254.3,1257.7,1256.0,1362.7,0.0,0.0,0.0,34.0,0.2228,0.8362,0.0002,15.5472,-0.639,33.5247,1255.2676,0.0,0.0,0.0,1239.39996337891,no_change,2026-08-13T09:37:16,0.0,0.0
SPX,2027-04-16,238,Put,6700.0,SPX270416P06700000,130.1,131.2,130.64999999999998,130.15,-6.95,-5.06929,48.0,1339.0,0.2231,-0.1661,0.0002,15.5472,-0.7097,-9.0638,130.5261,133.11,133.11,130.15,137.099998474121,no_change,2026-08-21T13:06:44,0.0,0.0
SPX,2027-04-16,238,Call,6725.0,SPX270416C06725000,1232.7,1236.7,1234.7,1237.87,19.67,1.61468,1.0,5.0,0.2215,0.8323,0.0002,15.7741,-0.6463,33.4698,1233.902,1237.87,1237.87,1237.87,1218.19995117188,up,2026-08-21T15:57:03,0.0,0.0
SPX,2027-04-16,238,Put,6725.0,SPX270416P06725000,133.1,134.3,133.7,132.95,-7.2,-5.13735,1.0,2119.0,0.2216,-0.17,0.0002,15.7741,-0.7154,-9.2769,133.4497,132.95,132.95,132.95,140.150001525879,down,2026-08-21T15:57:03,0.0,0.0
SPX,2027-04-16,238,Call,6750.0,SPX270416C06750000,1211.7,1215.1,1213.4,1074.82,0.0,0.0,0.0,1108.0,0.22,0.8283,0.0002,16.0012,-0.6535,33.411,1212.6087,0.0,0.0,0.0,1197.05004882812,down,2026-07-20T15:51:09,0.0,0.0
SPX,2027-04-16,238,Put,6750.0,SPX270416P06750000,136.1,137.2,136.64999999999998,138.53,-4.72,-3.29494,6.0,1012.0,0.2201,-0.1739,0.0002,16.0012,-0.7211,-9.4939,136.4458,139.45,139.45,138.53,143.25,down,2026-08-21T10:06:27,0.0,0.0
SPX,2027-04-16,238,Call,6775.0,SPX270416C06775000,1190.3,1194.2,1192.25,1018.38,0.0,0.0,0.0,314.0,0.2185,0.8243,0.0002,16.2285,-0.6606,33.3486,1191.3892,0.0,0.0,0.0,1175.95001220703,up,2026-07-29T09:45:53,0.0,0.0
SPX,2027-04-16,238,Put,6775.0,SPX270416P06775000,139.1,140.4,139.75,142.12,-4.33,-2.95664,2.0,353.0,0.2187,-0.178,0.0002,16.2285,-0.7267,-9.7145,139.5155,141.98,142.12,141.98,146.449996948242,up,2026-08-21T10:36:24,0.0,0.0
SPX,2027-04-16,238,Call,6800.0,SPX270416C06800000,1169.4,1172.7,1171.0500000000002,943.76,0.0,0.0,0.0,1251.0,0.217,0.8201,0.0002,16.4566,-0.6677,33.2822,1170.2451,0.0,0.0,0.0,1154.94995117188,down,2026-07-29T12:08:25,0.0,0.0
SPX,2027-04-16,238,Put,6800.0,SPX270416P06800000,142.3,143.4,142.85000000000002,146.17,-3.53,-2.35805,100.0,5416.0,0.2171,-0.1821,0.0002,16.4566,-0.7323,-9.9391,142.6607,146.17,146.17,146.17,149.700004577637,no_change,2026-08-21T09:57:27,0.0,0.0
SPX,2027-04-16,238,Call,6825.0,SPX270416C06825000,1148.2,1152.0,1150.1,1192.69,0.0,0.0,0.0,389.0,0.2156,0.8159,0.0002,16.6861,-0.6747,33.2113,1149.1782,0.0,0.0,0.0,1134.09997558594,up,2026-08-19T15:15:34,0.0,0.0
SPX,2027-04-16,238,Put,6825.0,SPX270416P06825000,145.5,146.8,146.15,144.8,0.0,0.0,0.0,464.0,0.2157,-0.1864,0.0002,16.6861,-0.7378,-10.1682,145.883,0.0,0.0,0.0,153.050003051758,up,2026-08-19T15:43:37,0.0,0.0
SPX,2027-04-16,238,Call,6850.0,SPX270416C06850000,1127.5,1130.7,1129.1,955.67,0.0,0.0,0.0,1253.0,0.214,0.8116,0.0002,16.9176,-0.6817,33.135,1128.1904,0.0,0.0,0.0,1113.20001220703,up,2026-07-28T10:50:41,0.0,0.0
SPX,2027-04-16,238,Put,6850.0,SPX270416P06850000,148.8,150.0,149.4,153.35,0.0,0.0,0.0,309.0,0.2142,-0.1907,0.0002,16.9176,-0.7432,-10.4027,149.1846,0.0,0.0,0.0,156.5,up,2026-08-20T09:53:09,0.0,0.0
SPX,2027-04-16,238,Call,6875.0,SPX270416C06875000,1106.4,1110.1,1108.25,902.87,0.0,0.0,0.0,1343.0,0.2126,0.8071,0.0002,17.1515,-0.6885,33.0523,1107.2845,0.0,0.0,0.0,1092.5,up,2026-07-29T11:37:53,0.0,0.0
SPX,2027-04-16,238,Put,6875.0,SPX270416P06875000,152.2,153.5,152.85,151.8,0.0,0.0,0.0,222.0,0.2127,-0.1952,0.0002,17.1515,-0.7485,-10.6437,152.568,0.0,0.0,0.0,160.0,up,2026-08-19T15:55:24,0.0,0.0
SPX,2027-04-16,238,Call,6900.0,SPX270416C06900000,1085.8,1089.0,1087.4,1137.23,0.0,0.0,0.0,1743.0,0.2111,0.8026,0.0002,17.3877,-0.6952,32.9623,1086.4633,0.0,0.0,0.0,1071.79998779297,up,2026-08-19T12:49:12,0.0,0.0
SPX,2027-04-16,238,Put,6900.0,SPX270416P06900000,155.7,156.9,156.3,157.99,-5.61,-3.42909,2.0,1734.0,0.2112,-0.1997,0.0002,17.3877,-0.7537,-10.8919,156.036,157.98,157.99,157.98,163.599998474121,up,2026-08-21T10:24:04,0.0,0.0
SPX,2027-04-16,238,Call,6925.0,SPX270416C06925000,1064.9,1068.6,1066.75,1116.43,0.0,0.0,0.0,1129.0,0.2098,0.7979,0.0002,17.6258,-0.7019,32.8646,1065.7302,0.0,0.0,0.0,1051.20001220703,up,2026-08-19T12:49:12,0.0,0.0
SPX,2027-04-16,238,Put,6925.0,SPX270416P06925000,159.1,160.5,159.8,158.3,0.0,0.0,0.0,1115.0,0.2098,-0.2044,0.0002,17.6258,-0.7588,-11.1478,159.5922,0.0,0.0,0.0,167.25,down,2026-08-19T15:48:49,0.0,0.0
SPX,2027-04-16,238,Call,6950.0,SPX270416C06950000,1044.5,1047.7,1046.1,988.18,0.0,0.0,0.0,820.0,0.2081,0.7932,0.0002,17.865,-0.7084,32.7592,1045.0883,0.0,0.0,0.0,1030.70001220703,up,2026-08-03T11:05:36,0.0,0.0
SPX,2027-04-16,238,Put,6950.0,SPX270416P06950000,162.8,164.1,163.45,163.8,-7.2,-4.21053,1.0,267.0,0.2083,-0.2091,0.0002,17.865,-0.7638,-11.4114,163.2397,163.8,163.8,163.8,171.0,up,2026-08-21T10:57:16,0.0,0.0
SPX,2027-04-16,238,Call,6975.0,SPX270416C06975000,1023.8,1027.4,1025.6,857.46,0.0,0.0,0.0,40.0,0.2068,0.7883,0.0002,18.1042,-0.7148,32.6468,1024.541,0.0,0.0,0.0,1010.35000610352,up,2026-07-23T14:59:53,0.0,0.0
SPX,2027-04-16,238,Put,6975.0,SPX270416P06975000,166.6,167.9,167.25,167.6,-7.35,-4.2012,1.0,1025.0,0.2068,-0.214,0.0002,18.1042,-0.7687,-11.6821,166.9816,167.6,167.6,167.6,174.949996948242,down,2026-08-21T10:57:16,0.0,0.0
SPX,2027-04-16,238,Call,7000.0,SPX270416C07000000,1003.6,1006.7,1005.1500000000001,1008.26,18.26,1.84444,1.0,3586.0,0.2052,0.7833,0.0002,18.3425,-0.7211,32.5283,1004.0911,1008.26,1008.26,1008.26,990.0,down,2026-08-21T15:57:03,0.0,0.0
SPX,2027-04-16,238,Put,7000.0,SPX270416P07000000,170.5,171.7,171.1,170.34,-8.46,-4.73155,16.0,5254.0,0.2053,-0.219,0.0002,18.3425,-0.7735,-11.9588,170.821,174.2,174.2,169.49,178.800003051758,up,2026-08-21T15:57:03,0.0,0.0
SPX,2027-04-16,238,Call,7025.0,SPX270416C07025000,983.0,986.7,984.85,891.4,0.0,0.0,0.0,997.0,0.2038,0.7782,0.0002,18.5794,-0.7272,32.4046,983.7412,0.0,0.0,0.0,969.799987792969,down,2026-07-20T12:23:38,0.0,0.0
SPX,2027-04-16,238,Put,7025.0,SPX270416P07025000,174.3,175.7,175.0,174.99,-7.96,-4.35091,4.0,216.0,0.2039,-0.2241,0.0002,18.5794,-0.7781,-12.2407,174.7603,174.99,174.99,174.99,182.949996948242,down,2026-08-21T12:53:46,0.0,0.0
SPX,2027-04-16,238,Call,7050.0,SPX270416C07050000,963.0,966.1,964.55,812.0,0.0,0.0,0.0,1927.0,0.2024,0.773,0.0002,18.8148,-0.7333,32.2763,963.4935,0.0,0.0,0.0,949.699981689453,up,2026-07-24T10:12:28,0.0,0.0
SPX,2027-04-16,238,Put,7050.0,SPX270416P07050000,178.3,179.7,179.0,179.0,0.0,0.0,0.0,540.0,0.2024,-0.2293,0.0002,18.8148,-0.7826,-12.5272,178.8019,0.0,0.0,0.0,187.050003051758,down,2026-08-19T13:21:13,0.0,0.0
SPX,2027-04-16,238,Call,7075.0,SPX270416C07075000,942.7,946.3,944.5,1026.81,0.0,0.0,0.0,28.0,0.2009,0.7676,0.0002,19.0489,-0.7392,32.1432,943.3501,0.0,0.0,0.0,929.649993896484,up,2026-08-07T12:44:35,0.0,0.0
SPX,2027-04-16,238,Put,7075.0,SPX270416P07075000,182.4,183.8,183.10000000000002,180.6,0.0,0.0,0.0,332.0,0.201,-0.2346,0.0002,19.0489,-0.7869,-12.8185,182.9478,0.0,0.0,0.0,191.349998474121,down,2026-08-19T15:40:10,0.0,0.0
SPX,2027-04-16,238,Call,7100.0,SPX270416C07100000,923.0,925.9,924.45,972.08,0.0,0.0,0.0,3875.0,0.1994,0.7622,0.0002,19.2825,-0.7449,32.0047,923.3137,0.0,0.0,0.0,909.800018310547,up,2026-08-19T09:47:57,0.0,0.0
SPX,2027-04-16,238,Put,7100.0,SPX270416P07100000,186.7,188.1,187.39999999999998,185.8,0.0,0.0,0.0,1126.0,0.1995,-0.2401,0.0002,19.2825,-0.7911,-13.1153,187.2007,0.0,0.0,0.0,195.699996948242,down,2026-08-19T15:55:24,0.0,0.0
SPX,2027-04-16,238,Call,7125.0,SPX270416C07125000,902.7,906.3,904.5,984.66,0.0,0.0,0.0,647.0,0.1981,0.7565,0.0003,19.5162,-0.7504,31.8592,903.3871,0.0,0.0,0.0,890.0,no_change,2026-08-07T12:43:14,0.0,0.0
SPX,2027-04-16,238,Put,7125.0,SPX270416P07125000,191.1,192.4,191.75,190.1,0.0,0.0,0.0,340.0,0.1981,-0.2457,0.0003,19.5162,-0.7952,-13.419,191.5634,0.0,0.0,0.0,200.150001525879,up,2026-08-19T15:55:24,0.0,0.0
SPX,2027-04-16,238,Call,7150.0,SPX270416C07150000,883.2,886.2,884.7,973.37,0.0,0.0,0.0,2494.0,0.1965,0.7508,0.0003,19.7506,-0.7558,31.7053,883.5742,0.0,0.0,0.0,870.300018310547,down,2026-08-11T09:58:26,0.0,0.0
SPX,2027-04-16,238,Put,7150.0,SPX270416P07150000,195.7,196.9,196.3,193.2,0.0,0.0,0.0,3270.0,0.1966,-0.2514,0.0003,19.7506,-0.799,-13.7311,196.0399,0.0,0.0,0.0,204.849998474121,up,2026-08-19T15:40:10,0.0,0.0
SPX,2027-04-16,238,Call,7175.0,SPX270416C07175000,863.7,866.3,865.0,956.09,0.0,0.0,0.0,349.0,0.1951,0.745,0.0003,19.9854,-0.7611,31.5418,863.8792,0.0,0.0,0.0,850.75,down,2026-08-10T10:05:59,0.0,0.0
SPX,2027-04-16,238,Put,7175.0,SPX270416P07175000,200.0,201.5,200.75,204.17,-5.28,-2.52089,2.0,385.0,0.1952,-0.2573,0.0003,19.9854,-0.8028,-14.0528,200.6341,204.17,204.17,204.17,209.450004577637,no_change,2026-08-21T10:21:32,0.0,0.0
SPX,2027-04-16,238,Call,7200.0,SPX270416C07200000,844.2,846.7,845.45,938.58,0.0,0.0,0.0,2618.0,0.1937,0.739,0.0003,20.22,-0.7661,31.3682,844.3069,0.0,0.0,0.0,831.350006103516,no_change,2026-08-17T10:25:59,0.0,0.0
SPX,2027-04-16,238,Put,7200.0,SPX270416P07200000,204.7,206.2,205.45,208.29,-5.96,-2.7818,8.0,970.0,0.1937,-0.2633,0.0003,20.22,-0.8062,-14.3846,205.3512,208.61,208.61,208.29,214.25,down,2026-08-21T10:24:59,0.0,0.0
SPX,2027-04-16,238,Call,7225.0,SPX270416C07225000,824.7,827.3,826.0,868.01,0.0,0.0,0.0,28.0,0.1923,0.7328,0.0003,20.4531,-0.7709,31.185,824.8619,0.0,0.0,0.0,812.0,up,2026-08-19T13:48:52,0.0,0.0
SPX,2027-04-16,238,Put,7225.0,SPX270416P07225000,209.6,211.0,210.3,216.24,0.0,0.0,0.0,553.0,0.1923,-0.2694,0.0003,20.4531,-0.8096,-14.726,210.1954,0.0,0.0,0.0,219.25,down,2026-08-20T13:32:15,0.0,0.0
SPX,2027-04-16,238,Call,7250.0,SPX270416C07250000,805.4,808.0,806.7,913.51,0.0,0.0,0.0,863.0,0.1908,0.7266,0.0003,20.6835,-0.7755,30.9938,805.5485,0.0,0.0,0.0,792.799987792969,up,2026-08-13T12:31:52,0.0,0.0
SPX,2027-04-16,238,Put,7250.0,SPX270416P07250000,214.5,216.0,215.25,220.9,0.0,0.0,0.0,2602.0,0.1908,-0.2757,0.0003,20.6835,-0.8126,-15.0755,215.1713,0.0,0.0,0.0,224.349998474121,down,2026-08-18T15:12:02,0.0,0.0
SPX,2027-04-16,238,Call,7275.0,SPX270416C07275000,786.2,788.8,787.5,825.22,0.0,0.0,0.0,11.0,0.1894,0.7202,0.0003,20.9101,-0.7799,30.7959,786.3704,0.0,0.0,0.0,773.700012207031,down,2026-08-18T10:47:40,0.0,0.0
SPX,2027-04-16,238,Put,7275.0,SPX270416P07275000,219.6,221.1,220.35,224.65,0.0,0.0,0.0,548.0,0.1894,-0.2821,0.0003,20.9101,-0.8155,-15.4316,220.2824,0.0,0.0,0.0,229.599998474121,up,2026-08-20T09:53:09,0.0,0.0
SPX,2027-04-16,238,Call,7300.0,SPX270416C07300000,767.2,769.8,768.5,845.72,0.0,0.0,0.0,390.0,0.188,0.7136,0.0003,21.1324,-0.7841,30.5927,767.3306,0.0,0.0,0.0,754.799987792969,down,2026-08-05T13:24:47,0.0,0.0
SPX,2027-04-16,238,Put,7300.0,SPX270416P07300000,224.9,226.3,225.60000000000002,228.94,-5.91,-2.5165,2.0,865.0,0.188,-0.2887,0.0003,21.1324,-0.8182,-15.793,225.532,228.94,228.94,228.94,234.849998474121,up,2026-08-21T10:19:01,0.0,0.0
SPX,2027-04-16,238,Call,7325.0,SPX270416C07325000,748.2,750.8,749.5,779.54,0.0,0.0,0.0,194.0,0.1865,0.7069,0.0003,21.3505,-0.788,30.3841,748.4321,0.0,0.0,0.0,736.0,down,2026-08-18T15:18:01,0.0,0.0
SPX,2027-04-16,238,Put,7325.0,SPX270416P07325000,230.1,231.6,230.85,233.28,-7.02,-2.92135,2.0,312.0,0.1866,-0.2954,0.0003,21.3505,-0.8206,-16.1598,230.9227,233.28,233.28,233.28,240.300003051758,down,2026-08-21T10:48:26,0.0,0.0
SPX,2027-04-16,238,Call,7350.0,SPX270416C07350000,729.5,732.0,730.75,820.69,0.0,0.0,0.0,1212.0,0.1851,0.7,0.0003,21.5652,-0.7917,30.1691,729.6782,0.0,0.0,0.0,717.350006103516,down,2026-08-10T11:30:02,0.0,0.0
SPX,2027-04-16,238,Put,7350.0,SPX270416P07350000,235.6,237.1,236.35,234.06,-11.89,-4.83431,28.0,1133.0,0.1851,-0.3022,0.0003,21.5652,-0.8227,-16.5331,236.4581,240.25,240.25,233.39,245.949996948242,up,2026-08-21T15:38:31,0.0,0.0
SPX,2027-04-16,238,Call,7375.0,SPX270416C07375000,710.8,713.4,712.0999999999999,664.45,0.0,0.0,0.0,288.0,0.1837,0.693,0.0003,21.7771,-0.7952,29.9455,711.073,0.0,0.0,0.0,698.850006103516,down,2026-08-03T11:17:00,0.0,0.0
SPX,2027-04-16,238,Put,7375.0,SPX270416P07375000,241.3,242.8,242.05,244.25,0.0,0.0,0.0,489.0,0.1838,-0.3092,0.0003,21.7771,-0.8246,-16.9149,242.1422,0.0,0.0,0.0,251.849998474121,down,2026-08-20T11:01:14,0.0,0.0
SPX,2027-04-16,238,Call,7400.0,SPX270416C07400000,692.3,694.9,693.5999999999999,675.86,0.0,0.0,0.0,474.0,0.1822,0.6859,0.0003,21.9864,-0.7984,29.7111,692.6217,0.0,0.0,0.0,680.450012207031,up,2026-08-20T16:08:54,0.0,0.0
SPX,2027-04-16,238,Put,7400.0,SPX270416P07400000,247.0,248.6,247.8,260.07,0.0,0.0,0.0,726.0,0.1823,-0.3164,0.0003,21.9864,-0.8263,-17.3075,247.9802,0.0,0.0,0.0,257.650009155273,down,2026-08-20T16:08:54,0.0,0.0
SPX,2027-04-16,238,Call,7425.0,SPX270416C07425000,674.0,676.6,675.3,674.72,0.0,0.0,0.0,82.0,0.181,0.6786,0.0003,22.1927,-0.8012,29.4645,674.3305,0.0,0.0,0.0,662.300018310547,down,2026-08-20T13:34:09,0.0,0.0
SPX,2027-04-16,238,Put,7425.0,SPX270416P07425000,253.0,254.5,253.75,264.21,0.0,0.0,0.0,1399.0,0.1809,-0.3237,0.0003,22.1927,-0.8276,-17.7123,253.9783,0.0,0.0,0.0,263.849990844727,up,2026-08-20T15:55:27,0.0,0.0
SPX,2027-04-16,238,Call,7450.0,SPX270416C07450000,655.8,658.4,657.0999999999999,674.69,0.0,0.0,0.0,736.0,0.1794,0.6711,0.0003,22.395,-0.8038,29.2058,656.2058,0.0,0.0,0.0,644.25,down,2026-08-20T10:52:16,0.0,0.0
SPX,2027-04-16,238,Put,7450.0,SPX270416P07450000,259.1,260.6,259.85,259.97,-10.03,-3.71481,2.0,803.0,0.1795,-0.3312,0.0003,22.395,-0.8287,-18.1292,260.1429,259.97,259.97,259.97,270.0,down,2026-08-21T12:53:46,0.0,0.0
SPX,2027-04-16,238,Call,7475.0,SPX270416C07475000,637.8,640.5,639.15,637.59,11.09,1.77015,2.0,826.0,0.1781,0.6635,0.0003,22.5917,-0.8061,28.9369,638.2537,637.19,637.59,637.19,626.5,up,2026-08-21T14:22:30,0.0,0.0
SPX,2027-04-16,238,Put,7475.0,SPX270416P07475000,265.4,266.9,266.15,261.1,0.0,0.0,0.0,1060.0,0.1781,-0.3388,0.0003,22.5917,-0.8295,-18.5563,266.48,0.0,0.0,0.0,276.449996948242,down,2026-08-19T15:03:17,0.0,0.0
SPX,2027-04-16,238,Call,7500.0,SPX270416C07500000,619.9,622.5,621.2,638.62,0.0,0.0,0.0,1355.0,0.1767,0.6557,0.0003,22.7816,-0.8081,28.6602,620.4791,0.0,0.0,0.0,608.75,down,2026-08-20T10:52:16,0.0,0.0
SPX,2027-04-16,238,Put,7500.0,SPX270416P07500000,271.8,273.4,272.6,272.1,-10.9,-3.85159,5.0,1695.0,0.1767,-0.3466,0.0003,22.7816,-0.8299,-18.9913,272.9947,272.1,272.1,272.1,283.0,down,2026-08-21T13:46:58,0.0,0.0
SPX,2027-04-16,238,Call,7525.0,SPX270416C07525000,602.3,605.0,603.65,587.02,0.0,0.0,0.0,433.0,0.1754,0.6478,0.0003,22.9636,-0.8097,28.3778,602.8863,0.0,0.0,0.0,591.0,up,2026-08-03T15:26:44,0.0,0.0
SPX,2027-04-16,238,Put,7525.0,SPX270416P07525000,278.5,280.0,279.25,288.9,0.0,0.0,0.0,79.0,0.1754,-0.3545,0.0003,22.9636,-0.83,-19.4319,279.6913,0.0,0.0,0.0,289.850006103516,up,2026-08-20T14:56:56,0.0,0.0
SPX,2027-04-16,238,Call,7550.0,SPX270416C07550000,585.0,586.8,585.9,688.46,0.0,0.0,0.0,1050.0,0.174,0.6397,0.0004,23.1378,-0.811,28.0901,585.4791,0.0,0.0,0.0,573.75,no_change,2026-08-05T10:42:02,0.0,0.0
SPX,2027-04-16,238,Put,7550.0,SPX270416P07550000,285.3,286.8,286.05,280.6,0.0,0.0,0.0,520.0,0.174,-0.3626,0.0004,23.1378,-0.8298,-19.8778,286.5733,0.0,0.0,0.0,296.849990844727,up,2026-08-19T15:44:35,0.0,0.0
SPX,2027-04-16,238,Call,7575.0,SPX270416C07575000,567.8,569.6,568.7,664.3,0.0,0.0,0.0,260.0,0.1726,0.6314,0.0004,23.3045,-0.8119,27.7954,568.2617,0.0,0.0,0.0,556.600006103516,down,2026-08-14T15:59:40,0.0,0.0
SPX,2027-04-16,238,Put,7575.0,SPX270416P07575000,292.3,293.8,293.05,303.1,0.0,0.0,0.0,1569.0,0.1726,-0.3708,0.0004,23.3045,-0.8292,-20.3308,293.6452,0.0,0.0,0.0,303.949996948242,up,2026-08-20T15:23:26,0.0,0.0
SPX,2027-04-16,238,Call,7600.0,SPX270416C07600000,550.7,552.4,551.55,584.9,0.0,0.0,0.0,1429.0,0.1713,0.623,0.0004,23.4641,-0.8125,27.4906,551.2399,0.0,0.0,0.0,539.799987792969,down,2026-08-18T13:26:21,0.0,0.0
SPX,2027-04-16,238,Put,7600.0,SPX270416P07600000,299.7,301.1,300.4,309.8,0.0,0.0,0.0,2112.0,0.1713,-0.3793,0.0004,23.4641,-0.8282,-20.7937,300.9127,0.0,0.0,0.0,311.300003051758,up,2026-08-20T14:30:40,0.0,0.0
SPX,2027-04-16,238,Call,7625.0,SPX270416C07625000,533.8,535.7,534.75,629.1,0.0,0.0,0.0,271.0,0.17,0.6144,0.0004,23.6166,-0.8127,27.1729,534.4208,0.0,0.0,0.0,523.050018310547,down,2026-08-14T15:59:44,0.0,0.0
SPX,2027-04-16,238,Put,7625.0,SPX270416P07625000,307.0,308.5,307.75,303.2,0.0,0.0,0.0,414.0,0.17,-0.3878,0.0004,23.6166,-0.8269,-21.2697,308.3829,0.0,0.0,0.0,318.900009155273,up,2026-08-19T13:51:02,0.0,0.0
SPX,2027-04-16,238,Call,7650.0,SPX270416C07650000,517.2,518.9,518.05,551.0,0.0,0.0,0.0,584.0,0.1687,0.6057,0.0004,23.7612,-0.8125,26.8411,517.8131,0.0,0.0,0.0,506.699996948242,down,2026-08-18T13:26:21,0.0,0.0
SPX,2027-04-16,238,Put,7650.0,SPX270416P07650000,314.6,316.1,315.35,315.19,-11.46,-3.50834,2.0,944.0,0.1686,-0.3966,0.0004,23.7612,-0.8252,-21.7597,316.0643,315.24,315.24,315.19,326.649993896484,down,2026-08-21T11:13:16,0.0,0.0
SPX,2027-04-16,238,Call,7675.0,SPX270416C07675000,500.8,502.5,501.65,555.09,0.0,0.0,0.0,224.0,0.1674,0.5968,0.0004,23.8965,-0.812,26.4969,501.4246,0.0,0.0,0.0,490.350006103516,up,2026-08-19T11:23:40,0.0,0.0
SPX,2027-04-16,238,Put,7675.0,SPX270416P07675000,322.5,324.0,323.25,319.03,-15.72,-4.69604,90.0,515.0,0.1673,-0.4055,0.0004,23.8965,-0.8231,-22.2621,323.9653,322.95,323.14,319.03,334.75,down,2026-08-21T15:48:08,0.0,0.0
SPX,2027-04-16,238,Call,7700.0,SPX270416C07700000,484.7,486.3,485.5,516.7,0.0,0.0,0.0,2403.0,0.166,0.5877,0.0004,24.0214,-0.811,26.1436,485.2629,0.0,0.0,0.0,474.400009155273,down,2026-08-18T15:28:57,0.0,0.0
SPX,2027-04-16,238,Put,7700.0,SPX270416P07700000,330.6,332.1,331.35,330.8,-12.15,-3.54279,7.0,2211.0,0.166,-0.4146,0.0004,24.0214,-0.8206,-22.7737,332.0928,334.3,334.3,330.48,342.949996948242,up,2026-08-21T12:26:19,0.0,0.0
SPX,2027-04-16,238,Call,7725.0,SPX270416C07725000,468.7,470.5,469.6,469.7,0.0,0.0,0.0,807.0,0.1648,0.5785,0.0004,24.1347,-0.8096,25.785,469.3334,0.0,0.0,0.0,458.5,down,2026-08-20T13:34:09,0.0,0.0
SPX,2027-04-16,238,Put,7725.0,SPX270416P07725000,338.9,340.5,339.7,339.7,-11.85,-3.37079,2.0,241.0,0.1648,-0.4238,0.0004,24.1347,-0.8177,-23.2904,340.4526,339.7,339.7,339.7,351.550003051758,no_change,2026-08-21T14:15:37,0.0,0.0
SPX,2027-04-16,238,Call,7750.0,SPX270416C07750000,453.1,454.7,453.9,503.52,0.0,0.0,0.0,804.0,0.1635,0.5691,0.0004,24.2362,-0.8078,25.4223,453.641,0.0,0.0,0.0,443.099990844727,no_change,2026-08-19T10:40:49,0.0,0.0
SPX,2027-04-16,238,Put,7750.0,SPX270416P07750000,347.5,349.1,348.3,358.88,0.0,0.0,0.0,2803.0,0.1635,-0.4332,0.0004,24.2362,-0.8144,-23.8114,349.0495,0.0,0.0,0.0,360.25,down,2026-08-20T15:08:34,0.0,0.0
SPX,2027-04-16,238,Call,7775.0,SPX270416C07775000,437.5,439.4,438.45,440.77,12.92,3.01975,2.0,283.0,0.1623,0.5596,0.0004,24.3257,-0.8055,25.0534,438.1909,440.75,440.77,440.75,427.850006103516,up,2026-08-21T15:35:02,0.0,0.0
SPX,2027-04-16,238,Put,7775.0,SPX270416P07775000,356.5,357.9,357.2,354.37,-14.88,-4.02979,2.0,446.0,0.1623,-0.4427,0.0004,24.3257,-0.8106,-24.3385,357.8887,354.37,354.37,354.37,369.25,no_change,2026-08-21T15:37:36,0.0,0.0
SPX,2027-04-16,238,Call,7800.0,SPX270416C07800000,422.5,424.2,423.35,503.09,0.0,0.0,0.0,674.0,0.161,0.5499,0.0004,24.4031,-0.8029,24.6742,422.9903,0.0,0.0,0.0,412.800003051758,no_change,2026-08-17T11:45:08,0.0,0.0
SPX,2027-04-16,238,Put,7800.0,SPX270416P07800000,365.4,367.1,366.25,366.8,0.0,0.0,0.0,722.0,0.161,-0.4524,0.0004,24.4031,-0.8064,-24.8759,366.9773,0.0,0.0,0.0,378.5,down,2026-08-18T12:49:21,0.0,0.0
SPX,2027-04-16,238,Call,7825.0,SPX270416C07825000,407.4,409.3,408.35,489.67,0.0,0.0,0.0,483.0,0.1598,0.5401,0.0004,24.4679,-0.7998,24.2812,408.0485,0.0,0.0,0.0,398.050003051758,up,2026-08-17T11:11:46,0.0,0.0
SPX,2027-04-16,238,Put,7825.0,SPX270416P07825000,374.9,376.4,375.65,366.2,0.0,0.0,0.0,395.0,0.1598,-0.4622,0.0004,24.4679,-0.8018,-25.4271,376.3249,0.0,0.0,0.0,388.0,down,2026-08-19T10:50:15,0.0,0.0
SPX,2027-04-16,238,Call,7850.0,SPX270416C07850000,393.0,394.6,393.8,471.69,0.0,0.0,0.0,291.0,0.1587,0.5302,0.0004,24.5192,-0.7962,23.874,393.376,0.0,0.0,0.0,383.599990844727,down,2026-08-17T11:45:08,0.0,0.0
SPX,2027-04-16,238,Put,7850.0,SPX270416P07850000,384.5,386.1,385.3,375.3,0.0,0.0,0.0,371.0,0.1586,-0.4721,0.0004,24.5192,-0.7967,-25.9926,385.9416,0.0,0.0,0.0,397.800003051758,down,2026-08-19T10:50:15,0.0,0.0
SPX,2027-04-16,238,Call,7875.0,SPX270416C07875000,378.5,380.3,379.4,408.59,0.0,0.0,0.0,103.0,0.1575,0.5201,0.0004,24.5562,-0.7922,23.4562,378.9822,0.0,0.0,0.0,369.400009155273,down,2026-08-18T14:47:40,0.0,0.0
SPX,2027-04-16,238,Put,7875.0,SPX270416P07875000,394.3,396.0,395.15,397.1,0.0,0.0,0.0,57.0,0.1574,-0.4822,0.0004,24.5562,-0.7911,-26.5686,395.8372,0.0,0.0,0.0,407.949996948242,up,2026-08-18T12:37:08,0.0,0.0
SPX,2027-04-16,238,Call,7900.0,SPX270416C07900000,364.6,366.2,365.4,364.63,0.0,0.0,0.0,1146.0,0.1564,0.5098,0.0004,24.5783,-0.7877,23.0331,364.8745,0.0,0.0,0.0,355.5,down,2026-08-20T13:49:53,0.0,0.0
SPX,2027-04-16,238,Put,7900.0,SPX270416P07900000,404.6,406.2,405.4,411.07,0.0,0.0,0.0,123.0,0.1562,-0.4924,0.0004,24.5783,-0.7851,-27.1499,406.0188,0.0,0.0,0.0,418.25,up,2026-08-20T13:49:53,0.0,0.0
SPX,2027-04-16,238,Call,7925.0,SPX270416C07925000,350.9,352.5,351.7,367.08,0.0,0.0,0.0,258.0,0.1552,0.4995,0.0004,24.5854,-0.7828,22.6084,351.0581,0.0,0.0,0.0,341.900009155273,down,2026-08-20T11:07:51,0.0,0.0
SPX,2027-04-16,238,Put,7925.0,SPX270416P07925000,415.1,416.8,415.95000000000005,417.07,0.0,0.0,0.0,209.0,0.1551,-0.5028,0.0004,24.5854,-0.7786,-27.7328,416.4916,0.0,0.0,0.0,429.0,up,2026-08-18T13:47:31,0.0,0.0
SPX,2027-04-16,238,Call,7950.0,SPX270416C07950000,337.4,339.0,338.2,369.3,0.0,0.0,0.0,140.0,0.1541,0.4891,0.0004,24.5773,-0.7774,22.1811,337.5378,0.0,0.0,0.0,328.699996948242,down,2026-08-18T11:51:47,0.0,0.0
SPX,2027-04-16,238,Put,7950.0,SPX270416P07950000,425.9,427.6,426.75,400.33,0.0,0.0,0.0,188.0,0.154,-0.5132,0.0004,24.5773,-0.7718,-28.3183,427.2606,0.0,0.0,0.0,439.949996948242,up,2026-08-17T10:14:01,0.0,0.0
SPX,2027-04-16,238,Call,7975.0,SPX270416C07975000,324.2,325.9,325.04999999999995,362.8,0.0,0.0,0.0,46.0,0.1531,0.4785,0.0004,24.5531,-0.7716,21.7467,324.3198,0.0,0.0,0.0,315.599990844727,down,2026-08-19T10:21:01,0.0,0.0
SPX,2027-04-16,238,Put,7975.0,SPX270416P07975000,437.0,438.7,437.85,449.46,0.0,0.0,0.0,119.0,0.1529,-0.5237,0.0004,24.5531,-0.7644,-28.911,438.3319,0.0,0.0,0.0,451.199996948242,up,2026-08-20T14:43:47,0.0,0.0
SPX,2027-04-16,238,Call,8000.0,SPX270416C08000000,311.3,312.9,312.1,322.97,20.07,6.62595,200.0,2462.0,0.152,0.4679,0.0004,24.5117,-0.7653,21.3004,311.413,309.48,322.97,308.21,302.900009155273,up,2026-08-21T11:45:28,0.0,0.0
SPX,2027-04-16,238,Put,8000.0,SPX270416P08000000,448.4,450.1,449.25,454.49,-8.26,-1.78498,14.0,2197.0,0.1519,-0.5344,0.0004,24.5117,-0.7566,-29.5155,449.7144,454.12,454.49,454.12,462.75,up,2026-08-21T10:20:54,0.0,0.0
SPX,2027-04-16,238,Call,8025.0,SPX270416C08025000,298.8,300.4,299.6,335.3,0.0,0.0,0.0,119.0,0.151,0.4572,0.0004,24.4521,-0.7586,20.8417,298.827,0.0,0.0,0.0,290.549987792969,up,2026-08-19T09:56:32,0.0,0.0
SPX,2027-04-16,238,Put,8025.0,SPX270416P08025000,460.1,461.9,461.0,464.7,-10.0,-2.10659,2.0,62.0,0.1509,-0.5451,0.0004,24.4521,-0.7484,-30.1324,461.4177,464.7,464.7,464.7,474.699996948242,up,2026-08-21T10:48:26,0.0,0.0
SPX,2027-04-16,238,Call,8050.0,SPX270416C08050000,286.6,288.1,287.35,293.91,0.0,0.0,0.0,417.0,0.1499,0.4464,0.0004,24.3746,-0.7515,20.3753,286.5701,0.0,0.0,0.0,278.449996948242,no_change,2026-08-20T11:47:28,0.0,0.0
SPX,2027-04-16,238,Put,8050.0,SPX270416P08050000,472.2,473.9,473.04999999999995,473.09,-13.76,-2.82633,6.0,586.0,0.1499,-0.5558,0.0004,24.3746,-0.7397,-30.757,473.4501,478.27,478.27,473.09,486.850006103516,down,2026-08-21T10:57:47,0.0,0.0
SPX,2027-04-16,238,Call,8075.0,SPX270416C08075000,274.8,276.3,275.55,308.49,0.0,0.0,0.0,81.0,0.149,0.4356,0.0004,24.28,-0.7439,19.9082,274.6467,0.0,0.0,0.0,266.75,up,2026-08-19T14:02:09,0.0,0.0
SPX,2027-04-16,238,Put,8075.0,SPX270416P08075000,484.6,486.3,485.45000000000005,481.0,-18.45,-3.69406,14.0,50.0,0.1489,-0.5667,0.0004,24.28,-0.7306,-31.3823,485.8159,488.28,488.28,477.69,499.449996948242,up,2026-08-21T15:38:31,0.0,0.0
SPX,2027-04-16,238,Call,8100.0,SPX270416C08100000,263.3,264.7,264.0,296.13,0.0,0.0,0.0,1863.0,0.148,0.4248,0.0004,24.1695,-0.7359,19.444,263.0579,0.0,0.0,0.0,255.349998474121,down,2026-08-19T09:39:54,0.0,0.0
SPX,2027-04-16,238,Put,8100.0,SPX270416P08100000,497.2,499.0,498.1,500.18,0.0,0.0,0.0,385.0,0.1479,-0.5775,0.0004,24.1695,-0.7211,-32.0047,498.5165,0.0,0.0,0.0,512.350006103516,up,2026-08-20T10:07:09,0.0,0.0
SPX,2027-04-16,238,Call,8125.0,SPX270416C08125000,252.0,253.6,252.8,252.21,8.01,3.2801,2.0,108.0,0.1472,0.4139,0.0004,24.0429,-0.7275,18.9809,251.8043,253.22,253.22,252.21,244.199996948242,down,2026-08-21T10:06:53,0.0,0.0
SPX,2027-04-16,238,Put,8125.0,SPX270416P08125000,510.2,512.0,511.1,495.41,0.0,0.0,0.0,225.0,0.147,-0.5884,0.0004,24.0429,-0.7112,-32.6261,511.5522,0.0,0.0,0.0,525.550018310547,down,2026-08-19T11:57:06,0.0,0.0
SPX,2027-04-16,238,Call,8150.0,SPX270416C08150000,241.0,242.5,241.75,253.31,0.0,0.0,0.0,320.0,0.1462,0.403,0.0004,23.8986,-0.7188,18.513,240.888,0.0,0.0,0.0,233.549995422363,down,2026-08-20T09:53:55,0.0,0.0
SPX,2027-04-16,238,Put,8150.0,SPX270416P08150000,523.6,525.3,524.45,525.08,0.0,0.0,0.0,162.0,0.1462,-0.5993,0.0004,23.8986,-0.7009,-33.2522,524.9251,0.0,0.0,0.0,539.0,up,2026-08-20T12:35:19,0.0,0.0
SPX,2027-04-16,238,Call,8175.0,SPX270416C08175000,230.5,231.9,231.2,245.8,0.0,0.0,0.0,198.0,0.1454,0.3921,0.0004,23.7346,-0.7096,18.0365,230.3125,0.0,0.0,0.0,223.099998474121,down,2026-08-20T09:41:55,0.0,0.0
SPX,2027-04-16,238,Put,8175.0,SPX270416P08175000,537.3,539.0,538.15,550.28,0.0,0.0,0.0,337.0,0.1453,-0.6101,0.0004,23.7346,-0.6903,-33.8869,538.6389,0.0,0.0,0.0,552.950012207031,down,2026-08-20T15:08:34,0.0,0.0
SPX,2027-04-16,238,Call,8200.0,SPX270416C08200000,220.3,221.6,220.95,242.4,0.0,0.0,0.0,3146.0,0.1445,0.3813,0.0004,23.5506,-0.7001,17.5534,220.0812,0.0,0.0,0.0,213.0,down,2026-08-19T15:44:16,0.0,0.0
SPX,2027-04-16,238,Put,8200.0,SPX270416P08200000,551.3,553.0,552.15,548.27,-18.78,-3.31188,2.0,1043.0,0.1445,-0.621,0.0004,23.5506,-0.6792,-34.5282,552.6968,548.27,548.27,548.27,567.050018310547,no_change,2026-08-21T15:37:36,0.0,0.0
SPX,2027-04-16,238,Call,8225.0,SPX270416C08225000,210.3,211.7,211.0,212.49,9.19,4.52042,1.0,188.0,0.1437,0.3705,0.0004,23.3486,-0.6903,17.0706,210.1935,212.49,212.49,212.49,203.299995422363,up,2026-08-21T11:11:16,0.0,0.0
SPX,2027-04-16,238,Put,8225.0,SPX270416P08225000,565.4,567.3,566.3499999999999,565.35,-16.3,-2.80238,1.0,31.0,0.1436,-0.6318,0.0004,23.3486,-0.6679,-35.1692,567.0985,565.35,565.35,565.35,581.650024414062,up,2026-08-21T11:11:16,0.0,0.0
SPX,2027-04-16,238,Call,8250.0,SPX270416C08250000,200.7,202.1,201.39999999999998,233.2,0.0,0.0,0.0,162.0,0.1429,0.3597,0.0004,23.1316,-0.6801,16.5949,200.6447,0.0,0.0,0.0,193.849998474121,no_change,2026-08-19T09:30:23,0.0,0.0
SPX,2027-04-16,238,Put,8250.0,SPX270416P08250000,580.3,582.0,581.15,586.29,-9.96,-1.67044,5.0,26.0,0.1428,-0.6426,0.0004,23.1316,-0.6561,-35.8031,581.839,586.29,586.29,586.29,596.25,up,2026-08-21T09:38:57,0.0,0.0
SPX,2027-04-16,238,Call,8275.0,SPX270416C08275000,191.4,192.8,192.10000000000002,186.31,0.0,0.0,0.0,474.0,0.1422,0.349,0.0004,22.9015,-0.6696,16.1268,191.4275,0.0,0.0,0.0,184.650001525879,no_change,2026-08-20T15:37:14,0.0,0.0
SPX,2027-04-16,238,Put,8275.0,SPX270416P08275000,595.0,597.7,596.35,602.37,-9.03,-1.47694,2.0,19.0,0.1421,-0.6532,0.0004,22.9015,-0.6441,-36.4295,596.911,602.37,602.37,602.37,611.400024414062,up,2026-08-21T10:20:54,0.0,0.0
SPX,2027-04-16,238,Call,8300.0,SPX270416C08300000,182.4,183.6,183.0,189.76,13.81,7.84882,20.0,1572.0,0.1415,0.3384,0.0004,22.6572,-0.6588,15.6612,182.5355,189.76,189.76,189.76,175.949996948242,up,2026-08-21T11:43:36,0.0,0.0
SPX,2027-04-16,238,Put,8300.0,SPX270416P08300000,610.8,612.8,611.8,616.07,-10.88,-1.73538,1.0,184.0,0.1413,-0.6638,0.0004,22.6572,-0.6318,-37.0533,612.3084,616.07,616.07,616.07,626.949981689453,up,2026-08-21T10:48:26,0.0,0.0
SPX,2027-04-16,238,Call,8325.0,SPX270416C08325000,173.9,175.1,174.5,169.36,0.0,0.0,0.0,278.0,0.1408,0.3279,0.0004,22.3958,-0.6477,15.1925,173.9649,0.0,0.0,0.0,167.300003051758,down,2026-08-20T15:39:17,0.0,0.0
SPX,2027-04-16,238,Put,8325.0,SPX270416P08325000,626.0,628.7,627.35,626.98,-15.77,-2.45352,2.0,18.0,0.1406,-0.6744,0.0004,22.3958,-0.6191,-37.6802,628.027,632.52,632.52,626.98,642.75,down,2026-08-21T10:57:47,0.0,0.0
SPX,2027-04-16,238,Call,8350.0,SPX270416C08350000,165.6,166.9,166.25,190.1,0.0,0.0,0.0,219.0,0.1401,0.3175,0.0004,22.1156,-0.6363,14.7203,165.7126,0.0,0.0,0.0,159.349998474121,down,2026-08-19T13:07:34,0.0,0.0
SPX,2027-04-16,238,Put,8350.0,SPX270416P08350000,642.1,644.7,643.4000000000001,637.41,-21.84,-3.31286,1.0,27.0,0.14,-0.6848,0.0004,22.1156,-0.6062,-38.3106,644.0641,637.41,637.41,637.41,659.25,down,2026-08-21T15:38:31,0.0,0.0
SPX,2027-04-16,238,Call,8375.0,SPX270416C08375000,157.6,158.8,158.2,210.74,0.0,0.0,0.0,229.0,0.1394,0.3072,0.0004,21.8183,-0.6246,14.2508,157.7737,0.0,0.0,0.0,151.449996948242,down,2026-08-17T10:06:06,0.0,0.0
SPX,2027-04-16,238,Put,8375.0,SPX270416P08375000,658.3,660.9,659.5999999999999,648.51,-26.84,-3.97424,6.0,28.0,0.1393,-0.695,0.0004,21.8183,-0.593,-38.9384,660.4143,662.15,662.15,648.51,675.350006103516,down,2026-08-21T11:45:45,0.0,0.0
SPX,2027-04-16,238,Call,8400.0,SPX270416C08400000,149.9,151.1,150.5,164.9,0.0,0.0,0.0,3637.0,0.1388,0.2971,0.0004,21.5081,-0.6127,13.7908,150.1391,0.0,0.0,0.0,144.0,down,2026-08-19T15:53:12,0.0,0.0
SPX,2027-04-16,238,Put,8400.0,SPX270416P08400000,675.1,677.5,676.3,682.17,-10.33,-1.4917,1.0,142.0,0.1387,-0.7052,0.0004,21.5081,-0.5796,-39.5566,677.0692,682.17,682.17,682.17,692.5,up,2026-08-21T10:19:01,0.0,0.0
SPX,2027-04-16,238,Call,8425.0,SPX270416C08425000,142.5,143.7,143.1,138.74,0.0,0.0,0.0,665.0,0.1383,0.2871,0.0004,21.1888,-0.6006,13.3425,142.798,0.0,0.0,0.0,136.700004577637,down,2026-08-20T14:06:00,0.0,0.0
SPX,2027-04-16,238,Put,8425.0,SPX270416P08425000,691.8,694.4,693.0999999999999,659.57,0.0,0.0,0.0,36.0,0.1381,-0.7152,0.0004,21.1888,-0.566,-40.1631,694.0174,0.0,0.0,0.0,709.100006103516,up,2026-08-19T11:19:23,0.0,0.0
SPX,2027-04-16,238,Call,8450.0,SPX270416C08450000,135.4,136.7,136.05,135.51,5.66,4.35888,4.0,153.0,0.1377,0.2772,0.0004,20.8608,-0.5883,12.9018,135.7404,136.11,136.11,135.51,129.849998474121,down,2026-08-21T10:06:53,0.0,0.0
SPX,2027-04-16,238,Put,8450.0,SPX270416P08450000,709.1,711.6,710.35,669.05,0.0,0.0,0.0,98.0,0.1375,-0.7251,0.0004,20.8608,-0.5521,-40.762,711.2491,0.0,0.0,0.0,726.649993896484,up,2026-08-17T15:22:48,0.0,0.0
SPX,2027-04-16,238,Call,8475.0,SPX270416C08475000,128.6,129.7,129.14999999999998,143.3,0.0,0.0,0.0,436.0,0.1372,0.2675,0.0004,20.5211,-0.5758,12.4626,128.9594,0.0,0.0,0.0,123.149997711182,down,2026-08-18T14:59:24,0.0,0.0
SPX,2027-04-16,238,Put,8475.0,SPX270416P08475000,726.5,729.1,727.8,749.68,0.0,0.0,0.0,140.0,0.1369,-0.7348,0.0004,20.5211,-0.5381,-41.3594,728.7573,0.0,0.0,0.0,744.049987792969,up,2026-08-20T15:57:04,0.0,0.0
SPX,2027-04-16,238,Call,8500.0,SPX270416C08500000,122.1,123.3,122.69999999999999,127.63,10.83,9.27226,40.0,1393.0,0.1367,0.2579,0.0004,20.1666,-0.5631,12.0231,122.4501,127.63,127.63,127.63,116.800003051758,up,2026-08-21T11:43:36,0.0,0.0
SPX,2027-04-16,238,Put,8500.0,SPX270416P08500000,744.3,746.8,745.55,764.37,0.0,0.0,0.0,112.0,0.1365,-0.7444,0.0004,20.1666,-0.5238,-41.9572,746.5372,0.0,0.0,0.0,762.0,up,2026-08-20T15:55:27,0.0,0.0
SPX,2027-04-16,238,Call,8525.0,SPX270416C08525000,115.8,116.9,116.35,118.43,7.78,7.03118,1.0,146.0,0.1362,0.2485,0.0004,19.7975,-0.5502,11.5879,116.207,118.43,118.43,118.43,110.649997711182,down,2026-08-21T13:05:04,0.0,0.0
SPX,2027-04-16,238,Put,8525.0,SPX270416P08525000,762.0,765.1,763.55,689.4,0.0,0.0,0.0,18.0,0.136,-0.7538,0.0004,19.7975,-0.5094,-42.5506,764.5834,0.0,0.0,0.0,780.199981689453,down,2026-08-14T10:00:27,0.0,0.0
SPX,2027-04-16,238,Call,8550.0,SPX270416C08550000,109.8,110.9,110.35,128.5,0.0,0.0,0.0,12.0,0.1357,0.2393,0.0004,19.4182,-0.5372,11.1636,110.2218,0.0,0.0,0.0,104.900001525879,no_change,2026-08-19T10:26:31,0.0,0.0
SPX,2027-04-16,238,Put,8550.0,SPX270416P08550000,780.4,783.2,781.8,704.76,0.0,0.0,0.0,3.0,0.1355,-0.763,0.0004,19.4182,-0.4949,-43.1331,782.8875,0.0,0.0,0.0,798.649993896484,down,2026-08-13T11:03:04,0.0,0.0
SPX,2027-04-16,238,Call,8575.0,SPX270416C08575000,104.1,105.3,104.69999999999999,118.7,0.0,0.0,0.0,36.0,0.1352,0.2303,0.0004,19.0337,-0.524,10.7529,104.4842,0.0,0.0,0.0,99.2999992370606,down,2026-08-19T15:29:26,0.0,0.0
SPX,2027-04-16,238,Put,8575.0,SPX270416P08575000,798.7,801.9,800.3,0.0,0.0,0.0,0.0,0.0,0.135,-0.772,0.0004,19.0337,-0.4802,-43.702,801.4392,0.0,0.0,0.0,817.25,no_change,,0.0,0.0
SPX,2027-04-16,238,Call,8600.0,SPX270416C08600000,98.6,99.8,99.19999999999999,99.16,0.0,0.0,0.0,1537.0,0.1348,0.2214,0.0004,18.6459,-0.5108,10.3528,98.9846,0.0,0.0,0.0,93.9500007629394,no_change,2026-08-20T13:19:38,0.0,0.0
SPX,2027-04-16,238,Put,8600.0,SPX270416P08600000,817.7,820.6,819.1500000000001,773.66,0.0,0.0,0.0,19.0,0.1345,-0.7808,0.0004,18.6459,-0.4655,-44.2604,820.229,0.0,0.0,0.0,836.299987792969,up,2026-08-05T12:55:42,0.0,0.0
SPX,2027-04-16,238,Call,8625.0,SPX270416C08625000,93.3,94.4,93.85,107.4,0.0,0.0,0.0,10.0,0.1344,0.2128,0.0004,18.2528,-0.4975,9.9574,93.7166,0.0,0.0,0.0,88.8500022888184,down,2026-08-19T15:02:37,0.0,0.0
SPX,2027-04-16,238,Put,8625.0,SPX270416P08625000,836.5,839.8,838.15,0.0,0.0,0.0,0.0,0.0,0.1341,-0.7895,0.0004,18.2528,-0.4506,-44.814,839.2501,0.0,0.0,0.0,855.350006103516,no_change,,0.0,0.0
SPX,2027-04-16,238,Call,8650.0,SPX270416C08650000,88.4,89.4,88.9,88.12,0.0,0.0,0.0,1094.0,0.134,0.2043,0.0003,17.8504,-0.4841,9.5642,88.6755,0.0,0.0,0.0,84.0,no_change,2026-08-20T13:21:37,0.0,0.0
SPX,2027-04-16,238,Put,8650.0,SPX270416P08650000,856.0,858.9,857.45,808.7,0.0,0.0,0.0,10.0,0.1337,-0.798,0.0003,17.8504,-0.4357,-45.3653,858.4984,0.0,0.0,0.0,874.799987792969,down,2026-08-07T10:38:29,0.0,0.0
SPX,2027-04-16,238,Call,8675.0,SPX270416C08675000,83.5,84.6,84.05,99.07,0.0,0.0,0.0,50.0,0.1336,0.196,0.0003,17.4378,-0.4707,9.1767,83.8571,0.0,0.0,0.0,79.4000015258789,up,2026-08-19T14:02:09,0.0,0.0
SPX,2027-04-16,238,Put,8675.0,SPX270416P08675000,875.2,878.5,876.85,0.0,0.0,0.0,0.0,0.0,0.1333,-0.8062,0.0003,17.4378,-0.4208,-45.9111,877.9693,0.0,0.0,0.0,894.399993896484,no_change,,0.0,0.0
SPX,2027-04-16,238,Call,8700.0,SPX270416C08700000,79.0,80.0,79.5,91.8,0.0,0.0,0.0,790.0,0.1332,0.188,0.0003,17.018,-0.4573,8.8005,79.2546,0.0,0.0,0.0,75.0,down,2026-08-19T14:49:39,0.0,0.0
SPX,2027-04-16,238,Put,8700.0,SPX270416P08700000,895.1,898.1,896.6,1074.24,0.0,0.0,0.0,5.0,0.1329,-0.8143,0.0003,17.018,-0.4058,-46.4455,897.656,0.0,0.0,0.0,914.25,no_change,2026-06-29T14:54:45,0.0,0.0
SPX,2027-04-16,238,Call,8725.0,SPX270416C08725000,74.6,75.6,75.1,86.4,0.0,0.0,0.0,6.0,0.1328,0.1801,0.0003,16.5964,-0.4438,8.4387,74.859,0.0,0.0,0.0,70.75,down,2026-08-19T15:05:32,0.0,0.0
SPX,2027-04-16,238,Put,8725.0,SPX270416P08725000,914.8,918.1,916.45,0.0,0.0,0.0,0.0,0.0,0.1326,-0.8222,0.0003,16.5964,-0.3909,-46.9655,917.5498,0.0,0.0,0.0,934.349975585938,no_change,,0.0,0.0
SPX,2027-04-16,238,Call,8750.0,SPX270416C08750000,70.5,71.4,70.95,81.7,0.0,0.0,0.0,27.0,0.1325,0.1724,0.0003,16.1764,-0.4304,8.0889,70.6621,0.0,0.0,0.0,66.8000030517578,down,2026-08-19T15:22:16,0.0,0.0
SPX,2027-04-16,238,Put,8750.0,SPX270416P08750000,935.1,938.1,936.6,894.26,0.0,0.0,0.0,1.0,0.1322,-0.8299,0.0003,16.1764,-0.376,-47.4735,937.6421,0.0,0.0,0.0,954.600006103516,up,2026-08-11T13:40:51,0.0,0.0
SPX,2027-04-16,238,Call,8775.0,SPX270416C08775000,66.4,67.5,66.95,66.66,3.81,6.06205,2.0,0.0,0.1321,0.165,0.0003,15.757,-0.4171,7.7461,66.6576,66.95,66.95,66.66,62.8500003814697,down,2026-08-21T10:06:53,0.0,0.0
SPX,2027-04-16,238,Put,8775.0,SPX270416P08775000,955.2,958.7,956.95,0.0,0.0,0.0,0.0,0.0,0.1319,-0.8373,0.0003,15.757,-0.3611,-47.9746,957.9269,0.0,0.0,0.0,975.0,no_change,,0.0,0.0
SPX,2027-04-16,238,Call,8800.0,SPX270416C08800000,62.7,63.6,63.150000000000006,60.32,0.0,0.0,0.0,820.0,0.1318,0.1577,0.0003,15.3349,-0.4038,7.4074,62.8417,0.0,0.0,0.0,59.25,down,2026-08-20T14:06:00,0.0,0.0
SPX,2027-04-16,238,Put,8800.0,SPX270416P08800000,975.8,979.0,977.4,1155.84,0.0,0.0,0.0,23.0,0.1315,-0.8446,0.0003,15.3349,-0.3463,-48.4715,978.4002,0.0,0.0,0.0,995.649993896484,up,2026-06-29T15:23:29,0.0,0.0
SPX,2027-04-16,238,Call,8850.0,SPX270416C08850000,55.7,56.5,56.1,64.4,0.0,0.0,0.0,8.0,0.1312,0.1438,0.0003,14.4773,-0.3776,6.7544,55.7574,0.0,0.0,0.0,52.5499992370606,down,2026-08-19T16:00:23,0.0,0.0
SPX,2027-04-16,238,Put,8850.0,SPX270416P08850000,1017.4,1020.5,1018.95,0.0,0.0,0.0,0.0,0.0,0.1307,-0.8584,0.0003,14.4773,-0.317,-49.4409,1019.8946,0.0,0.0,0.0,1037.45001220703,no_change,,0.0,0.0
SPX,2027-04-16,238,Call,8900.0,SPX270416C08900000,49.3,50.2,49.75,56.83,0.0,0.0,0.0,636.0,0.1305,0.1308,0.0003,13.6245,-0.3519,6.1538,49.357,0.0,0.0,0.0,46.3999996185303,down,2026-08-18T13:58:06,0.0,0.0
SPX,2027-04-16,238,Put,8900.0,SPX270416P08900000,1059.5,1062.7,1061.1,0.0,0.0,0.0,0.0,0.0,0.1301,-0.8714,0.0003,13.6245,-0.2882,-50.3579,1062.0728,0.0,0.0,0.0,1079.89996337891,no_change,,0.0,0.0
SPX,2027-04-16,238,Call,9000.0,SPX270416C09000000,38.4,39.2,38.8,54.95,0.0,0.0,0.0,905.0,0.1294,0.1074,0.0002,11.9648,-0.3027,5.0514,38.4161,0.0,0.0,0.0,36.0500011444092,no_change,2026-08-17T15:33:53,0.0,0.0
SPX,2027-04-16,238,Put,9000.0,SPX270416P09000000,1145.6,1148.9,1147.25,1380.6,0.0,0.0,0.0,15.0,0.1288,-0.8949,0.0002,11.9648,-0.2329,-52.0933,1148.289,0.0,0.0,0.0,1166.55004882812,up,2026-07-28T10:00:31,0.0,0.0
SPX,2027-04-16,238,Call,9100.0,SPX270416C09100000,29.6,30.4,30.0,33.16,0.0,0.0,0.0,316.0,0.1284,0.0872,0.0002,10.38,-0.2573,4.1134,29.6712,0.0,0.0,0.0,27.6999998092651,down,2026-08-20T11:07:51,0.0,0.0
SPX,2027-04-16,238,Put,9100.0,SPX270416P09100000,1233.8,1237.3,1235.55,0.0,0.0,0.0,0.0,0.0,0.1277,-0.915,0.0002,10.38,-0.1814,-53.6642,1236.7013,0.0,0.0,0.0,1255.34997558594,no_change,,0.0,0.0
SPX,2027-04-16,238,Call,9200.0,SPX270416C09200000,22.7,23.4,23.049999999999997,26.6,0.0,0.0,0.0,477.0,0.1276,0.0703,0.0002,8.9061,-0.2164,3.313,22.786,0.0,0.0,0.0,21.1999998092651,up,2026-08-18T15:46:47,0.0,0.0
SPX,2027-04-16,238,Put,9200.0,SPX270416P09200000,1323.9,1327.5,1325.7,1529.22,0.0,0.0,0.0,24.0,0.127,-0.932,0.0002,8.906,-0.1345,-55.0974,1326.9733,0.0,0.0,0.0,1345.79998779297,no_change,2026-05-20T14:49:34,0.0,0.0
SPX,2027-04-16,238,Call,9300.0,SPX270416C09300000,17.3,18.0,17.65,20.9,0.0,0.0,0.0,489.0,0.1268,0.0562,0.0001,7.5818,-0.1806,2.6507,17.4389,0.0,0.0,0.0,16.0499997138977,down,2026-08-19T16:00:23,0.0,0.0
SPX,2027-04-16,238,Put,9300.0,SPX270416P09300000,1415.5,1419.3,1417.4,0.0,0.0,0.0,0.0,0.0,0.1261,-0.946,0.0001,7.5818,-0.0925,-56.3926,1418.7833,0.0,0.0,0.0,1437.80004882812,no_change,,0.0,0.0
SPX,2027-04-16,238,Call,9400.0,SPX270416C09400000,13.1,13.8,13.45,15.55,0.0,0.0,0.0,1460.0,0.1264,0.0449,0.0001,6.4065,-0.1499,2.117,13.3509,0.0,0.0,0.0,12.1999998092651,down,2026-08-18T15:23:40,0.0,0.0
SPX,2027-04-16,238,Put,9400.0,SPX270416P09400000,1508.3,1512.3,1510.3,1964.68,0.0,0.0,0.0,10.0,0.1258,-0.9574,0.0001,6.4065,-0.0558,-57.5591,1511.8525,0.0,0.0,0.0,1530.95001220703,down,2026-04-23T11:01:42,0.0,0.0
SPX,2027-04-16,238,Call,9500.0,SPX270416C09500000,10.0,10.6,10.3,19.69,0.0,0.0,0.0,159.0,0.1262,0.0358,0.0001,5.399,-0.1243,1.6845,10.2655,0.0,0.0,0.0,9.35000038146973,up,2026-08-10T11:46:35,0.0,0.0
SPX,2027-04-16,238,Put,9500.0,SPX270416P09500000,1602.2,1606.3,1604.25,0.0,0.0,0.0,0.0,0.0,0.1251,-0.9665,0.0001,5.399,-0.024,-58.6245,1605.9242,0.0,0.0,0.0,1625.20001220703,no_change,,0.0,0.0
SPX,2027-04-16,238,Call,9600.0,SPX270416C09600000,7.7,8.2,7.949999999999999,16.85,0.0,0.0,0.0,471.0,0.1263,0.0287,0.0001,4.5481,-0.1034,1.3503,7.9643,0.0,0.0,0.0,7.20000004768372,no_change,2026-08-14T09:57:58,0.0,0.0
SPX,2027-04-16,238,Put,9600.0,SPX270416P09600000,1697.0,1701.1,1699.05,0.0,0.0,0.0,0.0,0.0,0.1246,-0.9736,0.0001,4.5481,0.0,-59.5916,1700.7801,0.0,0.0,0.0,1720.15002441406,no_change,,0.0,0.0
SPX,2027-04-16,238,Call,9800.0,SPX270416C09800000,4.8,5.2,5.0,6.29,0.0,0.0,0.0,357.0,0.1279,0.0189,0.0001,3.2789,-0.0734,0.8903,5.0237,0.0,0.0,0.0,4.5,no_change,2026-08-19T13:08:36,0.0,0.0
SPX,2027-04-16,238,Put,9800.0,SPX270416P09800000,1888.1,1892.5,1890.3,0.0,0.0,0.0,0.0,0.0,0.1247,-0.9833,0.0001,3.2789,0.0,-61.3174,1892.1538,0.0,0.0,0.0,1911.55004882812,no_change,,0.0,0.0
SPX,2027-04-16,238,Call,10000.0,SPX270416C10000000,3.2,3.6,3.4000000000000004,4.14,0.0,0.0,0.0,396.0,0.1308,0.0133,0.0,2.4658,-0.0553,0.6248,3.4571,0.0,0.0,0.0,3.10000002384186,no_change,2026-08-19T13:08:36,0.0,0.0
SPX,2027-04-16,238,Put,10000.0,SPX270416P10000000,2070.8,2094.7,2082.75,2167.25,0.0,0.0,0.0,60.0,0.1229,-0.989,0.0,2.4658,0.0,-62.8486,2084.9015,0.0,0.0,0.0,2103.79992675781,down,2026-07-14T14:58:47,0.0,0.0
SPX,2027-05-21,273,Call,200.0,SPX270521C00200000,7414.9,7438.9,7426.9,7430.81,25.06,0.338386,1.0,287.0,0.0,1.0,0.0,0.0114,0.0,1.6872,7435.1895,7430.81,7430.81,7430.81,7405.75,down,2026-08-21T14:50:48,0.0,0.0
SPX,2027-05-21,273,Put,200.0,SPX270521P00200000,0.0,0.05,0.025,0.1,0.0,0.0,0.0,200.0,1.1515,0.0,0.0,0.0114,-0.0024,-0.003,0.0954,0.0,0.0,0.0,0.025000000372529,up,2026-06-03T09:44:15,0.0,0.0
SPX,2027-05-21,273,Call,400.0,SPX270521C00400000,7228.0,7252.0,7240.0,7311.33,0.0,0.0,0.0,6.0,0.0,1.0,0.0,0.0258,0.0,3.1289,7241.816,0.0,0.0,0.0,7212.5,up,2026-08-10T15:16:17,0.0,0.0
SPX,2027-05-21,273,Put,400.0,SPX270521P00400000,0.0,0.1,0.05,0.1,0.0,0.0,0.0,4.0,0.9644,-0.0001,0.0,0.0258,-0.0046,-0.0068,0.1932,0.0,0.0,0.0,0.0500000007450581,down,2026-06-09T13:33:19,0.0,0.0
SPX,2027-05-21,273,Call,600.0,SPX270521C00600000,7034.2,7058.2,7046.2,7118.97,0.0,0.0,0.0,1.0,0.0,1.0,0.0,0.0445,0.0,4.5694,7048.4615,0.0,0.0,0.0,7019.35009765625,down,2026-08-10T15:25:00,0.0,0.0
SPX,2027-05-21,273,Put,600.0,SPX270521P00600000,0.05,0.2,0.125,0.26,0.0,0.0,0.0,13.0,0.8809,-0.0002,0.0,0.0445,-0.0071,-0.0119,0.3101,0.0,0.0,0.0,0.125000001862645,no_change,2026-07-27T12:34:00,0.0,0.0
SPX,2027-05-21,273,Call,800.0,SPX270521C00800000,6840.6,6864.6,6852.6,0.0,0.0,0.0,0.0,0.0,0.0,1.0,0.0,0.0689,0.0,6.0081,6855.1378,0.0,0.0,0.0,6826.5,no_change,,0.0,0.0
SPX,2027-05-21,273,Put,800.0,SPX270521P00800000,0.25,0.35,0.3,0.3,0.0,0.0,0.0,817.0,0.8318,-0.0003,0.0,0.0689,-0.01,-0.0187,0.4577,0.0,0.0,0.0,0.325000002980232,down,2026-08-17T15:37:24,0.0,0.0
SPX,2027-05-21,273,Call,1000.0,SPX270521C01000000,6648.7,6672.7,6660.7,0.0,0.0,0.0,0.0,0.0,0.0,1.0,0.0,0.1016,0.0,7.4442,6661.8641,0.0,0.0,0.0,6633.85009765625,no_change,,0.0,0.0
SPX,2027-05-21,273,Put,1000.0,SPX270521P01000000,0.5,0.6,0.55,0.59,0.015,2.6087,7.0,1686.0,0.7868,-0.0004,0.0,0.1016,-0.0137,-0.0281,0.6554,0.56,0.59,0.56,0.574999988079071,up,2026-08-21T11:03:53,0.0,0.0
SPX,2027-05-21,273,Call,1200.0,SPX270521C01200000,6450.7,6474.7,6462.7,0.0,0.0,0.0,0.0,0.0,0.0,1.0,0.0,0.1457,0.0,8.8767,6468.6627,0.0,0.0,0.0,6440.30004882812,no_change,,0.0,0.0
SPX,2027-05-21,273,Put,1200.0,SPX270521P01200000,0.85,0.95,0.8999999999999999,0.9,-0.075,-7.6923,3.0,69.0,0.748,-0.0006,0.0,0.1457,-0.0185,-0.0412,0.9254,1.0,1.0,0.9,0.974999964237213,down,2026-08-21T15:17:34,0.0,0.0
SPX,2027-05-21,273,Call,1400.0,SPX270521C01400000,6262.1,6286.1,6274.1,0.0,0.0,0.0,0.0,0.0,0.0,1.0,0.0,0.2044,0.0,10.3043,6275.557,0.0,0.0,0.0,6247.59985351562,no_change,,0.0,0.0
SPX,2027-05-21,273,Put,1400.0,SPX270521P01400000,1.3,1.6,1.4500000000000002,1.39,-0.11,-7.33333,6.0,77.0,0.7178,-0.0009,0.0,0.2044,-0.0246,-0.0591,1.2911,1.39,1.39,1.39,1.5,up,2026-08-21T11:03:53,0.0,0.0
SPX,2027-05-21,273,Call,1600.0,SPX270521C01600000,6063.8,6087.8,6075.8,0.0,0.0,0.0,0.0,0.0,0.0,1.0,0.0,0.28,0.0,11.726,6082.566,0.0,0.0,0.0,6055.0,no_change,,0.0,0.0
SPX,2027-05-21,273,Put,1600.0,SPX270521P01600000,1.85,2.15,2.0,3.13,0.0,0.0,0.0,62.0,0.6841,-0.0013,0.0,0.28,-0.0321,-0.0829,1.7709,0.0,0.0,0.0,2.125,up,2026-07-29T16:09:59,0.0,0.0
SPX,2027-05-21,273,Call,1800.0,SPX270521C01800000,5876.3,5900.3,5888.3,0.0,0.0,0.0,0.0,0.0,0.0,1.0,0.0,0.3751,0.0,13.1405,5889.706,0.0,0.0,0.0,5862.44995117188,no_change,,0.0,0.0
SPX,2027-05-21,273,Put,1800.0,SPX270521P01800000,2.5,2.8,2.65,2.61,-0.19,-6.78572,4.0,314.0,0.6537,-0.0017,0.0,0.375,-0.0412,-0.114,2.3816,2.63,2.63,2.61,2.80000007152557,down,2026-08-21T13:47:03,0.0,0.0
SPX,2027-05-21,273,Call,2000.0,SPX270521C02000000,5685.0,5709.0,5697.0,5504.34,0.0,0.0,0.0,88.0,0.0,1.0,0.0,0.4902,0.0,14.5475,5696.9868,0.0,0.0,0.0,5669.30004882812,down,2026-06-22T15:46:40,0.0,0.0
SPX,2027-05-21,273,Put,2000.0,SPX270521P02000000,3.3,3.6,3.45,3.61,0.01,0.277777,1.0,1144.0,0.6242,-0.0023,0.0,0.49,-0.0517,-0.1524,3.1332,3.61,3.61,3.61,3.60000002384186,up,2026-08-21T10:53:52,0.0,0.0
SPX,2027-05-21,273,Call,2200.0,SPX270521C02200000,5492.1,5516.1,5504.1,0.0,0.0,0.0,0.0,0.0,0.5158,0.9995,0.0,0.6282,0.0,15.9452,5504.4164,0.0,0.0,0.0,5477.30004882812,no_change,,0.0,0.0
SPX,2027-05-21,273,Put,2200.0,SPX270521P02200000,4.1,4.5,4.3,4.49,0.0,0.0,0.0,112.0,0.5978,-0.0031,0.0,0.628,-0.0636,-0.2002,4.0337,0.0,0.0,0.0,4.54999995231628,no_change,2026-08-06T13:24:18,0.0,0.0
SPX,2027-05-21,273,Call,2400.0,SPX270521C02400000,5299.2,5323.1,5311.15,0.0,0.0,0.0,0.0,0.0,0.5189,0.9986,0.0,0.7867,0.0,17.3343,5311.9997,0.0,0.0,0.0,5286.60009765625,no_change,,0.0,0.0
SPX,2027-05-21,273,Put,2400.0,SPX270521P02400000,5.1,5.5,5.3,5.24,0.0,0.0,0.0,170.0,0.5725,-0.004,0.0,0.7868,-0.0768,-0.2568,5.0908,0.0,0.0,0.0,5.54999995231628,no_change,2026-08-12T13:05:24,0.0,0.0
SPX,2027-05-21,273,Call,2600.0,SPX270521C02600000,5107.1,5131.1,5119.1,0.0,0.0,0.0,0.0,0.0,0.509,0.9976,0.0,0.9714,0.0,18.7127,5119.7378,0.0,0.0,0.0,5093.25,no_change,,0.0,0.0
SPX,2027-05-21,273,Put,2600.0,SPX270521P02600000,6.2,6.6,6.4,6.7,0.0,0.0,0.0,294.0,0.5488,-0.005,0.0,0.9715,-0.0911,-0.3239,6.3003,0.0,0.0,0.0,6.75,no_change,2026-08-20T11:56:41,0.0,0.0
SPX,2027-05-21,273,Call,2800.0,SPX270521C02800000,4915.2,4939.2,4927.2,0.0,0.0,0.0,0.0,0.0,0.4968,0.9964,0.0,1.1788,0.0,20.0799,4927.6377,0.0,0.0,0.0,4901.10009765625,no_change,,0.0,0.0
SPX,2027-05-21,273,Put,2800.0,SPX270521P02800000,7.5,7.9,7.7,7.8,0.0,0.0,0.0,714.0,0.5262,-0.0062,0.0,1.1788,-0.1063,-0.4022,7.6717,0.0,0.0,0.0,8.10000014305115,down,2026-08-12T11:53:16,0.0,0.0
SPX,2027-05-21,273,Call,2900.0,SPX270521C02900000,4814.0,4837.9,4825.95,0.0,0.0,0.0,0.0,0.0,0.4891,0.9957,0.0,1.2912,0.0,20.7597,4831.6486,0.0,0.0,0.0,4805.5,no_change,,0.0,0.0
SPX,2027-05-21,273,Put,2900.0,SPX270521P02900000,8.2,8.6,8.399999999999999,8.4,0.0,0.0,0.0,370.0,0.5152,-0.0069,0.0,1.2913,-0.1143,-0.4452,8.4183,0.0,0.0,0.0,8.85000038146973,down,2026-08-13T11:58:35,0.0,0.0
SPX,2027-05-21,273,Call,3000.0,SPX270521C03000000,4724.2,4748.2,4736.2,0.0,0.0,0.0,0.0,0.0,0.4817,0.995,0.0,1.4113,0.0,21.4363,4735.7004,0.0,0.0,0.0,4709.64990234375,no_change,,0.0,0.0
SPX,2027-05-21,273,Put,3000.0,SPX270521P03000000,9.0,9.3,9.15,9.4,0.0,0.0,0.0,197.0,0.5042,-0.0076,0.0,1.4114,-0.1225,-0.4914,9.2059,0.0,0.0,0.0,9.64999961853027,up,2026-08-20T12:09:52,0.0,0.0
SPX,2027-05-21,273,Call,3100.0,SPX270521C03100000,4627.9,4651.9,4639.9,0.0,0.0,0.0,0.0,0.0,0.4737,0.9942,0.0,1.5394,0.0,22.109,4639.7951,0.0,0.0,0.0,4613.89990234375,no_change,,0.0,0.0
SPX,2027-05-21,273,Put,3100.0,SPX270521P03100000,9.8,10.1,9.95,9.87,0.0,0.0,0.0,50.0,0.4939,-0.0084,0.0,1.5396,-0.1309,-0.5414,10.0363,0.0,0.0,0.0,10.4499998092651,no_change,2026-08-12T13:05:24,0.0,0.0
SPX,2027-05-21,273,Call,3200.0,SPX270521C03200000,4532.3,4556.3,4544.3,4540.81,23.2099,0.513766,1.0,69.0,0.4637,0.9934,0.0,1.6748,0.0,22.7779,4543.9349,4540.81,4540.81,4540.81,4517.60009765625,down,2026-08-21T14:50:48,0.0,0.0
SPX,2027-05-21,273,Put,3200.0,SPX270521P03200000,10.6,11.0,10.8,10.7,-0.65,-5.72688,5.0,134.0,0.484,-0.0092,0.0,1.6749,-0.1396,-0.5953,10.9119,11.02,11.02,10.7,11.3500003814697,down,2026-08-21T14:50:48,0.0,0.0
SPX,2027-05-21,273,Call,3300.0,SPX270521C03300000,4436.9,4460.9,4448.9,4171.89,0.0,0.0,0.0,1.0,0.4578,0.9925,0.0,1.8164,0.0,23.4432,4448.1219,0.0,0.0,0.0,4422.09985351562,down,2026-07-27T13:06:33,0.0,0.0
SPX,2027-05-21,273,Put,3300.0,SPX270521P03300000,11.5,11.9,11.7,11.67,-0.63,-5.12195,1.0,95.0,0.4741,-0.0101,0.0,1.8165,-0.1484,-0.6528,11.8345,11.67,11.67,11.67,12.3000001907349,down,2026-08-21T14:07:08,0.0,0.0
SPX,2027-05-21,273,Call,3400.0,SPX270521C03400000,4340.5,4364.5,4352.5,4083.81,0.0,0.0,0.0,1.0,0.4496,0.9915,0.0,1.9644,0.0,24.1051,4352.3573,0.0,0.0,0.0,4326.5,up,2026-05-08T10:37:43,0.0,0.0
SPX,2027-05-21,273,Put,3400.0,SPX270521P03400000,12.5,12.8,12.65,12.57,-0.73,-5.48872,1.0,142.0,0.464,-0.0111,0.0,1.9645,-0.1574,-0.7136,12.8057,12.57,12.57,12.57,13.3000001907349,down,2026-08-21T14:07:08,0.0,0.0
SPX,2027-05-21,273,Call,3500.0,SPX270521C03500000,4241.0,4265.0,4253.0,0.0,0.0,0.0,0.0,0.0,0.4416,0.9905,0.0,2.1207,0.0,24.7634,4256.643,0.0,0.0,0.0,4230.85009765625,no_change,,0.0,0.0
SPX,2027-05-21,273,Put,3500.0,SPX270521P03500000,13.5,13.8,13.65,14.3,0.0,0.0,0.0,118.0,0.4547,-0.0121,0.0,2.1208,-0.1666,-0.7781,13.8271,0.0,0.0,0.0,14.4000000953674,no_change,2026-08-20T14:14:30,0.0,0.0
SPX,2027-05-21,273,Call,3600.0,SPX270521C03600000,4149.4,4173.4,4161.4,0.0,0.0,0.0,0.0,0.0,0.4336,0.9894,0.0,2.2871,0.0,25.417,4160.982,0.0,0.0,0.0,4135.40014648438,no_change,,0.0,0.0
SPX,2027-05-21,273,Put,3600.0,SPX270521P03600000,14.5,14.9,14.7,14.84,0.0,0.0,0.0,258.0,0.4452,-0.0132,0.0,2.2871,-0.1761,-0.8472,14.9008,0.0,0.0,0.0,15.5,down,2026-08-19T14:30:29,0.0,0.0
SPX,2027-05-21,273,Call,3700.0,SPX270521C03700000,4053.4,4077.4,4065.4,0.0,0.0,0.0,0.0,0.0,0.4255,0.9882,0.0,2.4643,0.0,26.065,4065.379,0.0,0.0,0.0,4039.90002441406,no_change,,0.0,0.0
SPX,2027-05-21,273,Put,3700.0,SPX270521P03700000,15.7,16.1,15.9,16.16,-0.54,-3.23353,4.0,103.0,0.436,-0.0144,0.0,2.4643,-0.1857,-0.922,16.0335,16.14,16.16,16.14,16.6999998092651,up,2026-08-21T10:10:25,0.0,0.0
SPX,2027-05-21,273,Call,3800.0,SPX270521C03800000,3958.7,3982.7,3970.7,3689.92,0.0,0.0,0.0,20.0,0.4174,0.987,0.0,2.6514,0.0,26.707,3969.8399,0.0,0.0,0.0,3944.59997558594,no_change,2026-05-20T10:11:59,0.0,0.0
SPX,2027-05-21,273,Put,3800.0,SPX270521P03800000,16.9,17.3,17.1,17.04,0.0,0.0,0.0,140.0,0.4269,-0.0156,0.0,2.6516,-0.1957,-1.0028,17.2313,0.0,0.0,0.0,17.9500007629395,no_change,2026-08-13T15:17:02,0.0,0.0
SPX,2027-05-21,273,Call,3900.0,SPX270521C03900000,3858.8,3882.8,3870.8,0.0,0.0,0.0,0.0,0.0,0.4096,0.9856,0.0,2.8474,0.0,27.3434,3874.3705,0.0,0.0,0.0,3849.20007324219,no_change,,0.0,0.0
SPX,2027-05-21,273,Put,3900.0,SPX270521P03900000,18.1,18.6,18.35,18.34,0.0,0.0,0.0,114.0,0.4181,-0.017,0.0,2.8475,-0.2058,-1.0891,18.4971,0.0,0.0,0.0,19.3000001907349,up,2026-08-12T13:01:29,0.0,0.0
SPX,2027-05-21,273,Call,4000.0,SPX270521C04000000,3764.0,3788.0,3776.0,3645.33,0.0,0.0,0.0,5.0,0.4016,0.9842,0.0,3.0528,0.0,27.9745,3778.9764,0.0,0.0,0.0,3753.84997558594,up,2026-05-14T12:26:04,0.0,0.0
SPX,2027-05-21,273,Put,4000.0,SPX270521P04000000,19.5,19.9,19.7,20.1,-0.65,-3.13253,2.0,153.0,0.4091,-0.0184,0.0,3.053,-0.2163,-1.1809,19.8395,20.14,20.14,20.1,20.75,down,2026-08-21T10:16:15,0.0,0.0
SPX,2027-05-21,273,Call,4100.0,SPX270521C04100000,3672.6,3696.6,3684.6,0.0,0.0,0.0,0.0,0.0,0.3938,0.9826,0.0,3.2702,0.0,28.5995,3683.6638,0.0,0.0,0.0,3659.0,no_change,,0.0,0.0
SPX,2027-05-21,273,Put,4100.0,SPX270521P04100000,20.9,21.4,21.15,21.37,0.0,0.0,0.0,180.0,0.4007,-0.02,0.0,3.2704,-0.2271,-1.2787,21.2627,0.0,0.0,0.0,22.25,up,2026-08-19T14:30:29,0.0,0.0
SPX,2027-05-21,273,Call,4200.0,SPX270521C04200000,3577.7,3601.7,3589.7,0.0,0.0,0.0,0.0,0.0,0.3858,0.9809,0.0,3.5026,0.0,29.2169,3588.4408,0.0,0.0,0.0,3565.35009765625,no_change,,0.0,0.0
SPX,2027-05-21,273,Put,4200.0,SPX270521P04200000,22.5,23.0,22.75,22.9,0.0,0.0,0.0,130.0,0.3922,-0.0217,0.0,3.5028,-0.2382,-1.3841,22.7756,0.0,0.0,0.0,23.8500003814697,down,2026-08-19T15:07:38,0.0,0.0
SPX,2027-05-21,273,Call,4250.0,SPX270521C04250000,3524.5,3548.5,3536.5,0.0,0.0,0.0,0.0,0.0,0.382,0.98,0.0,3.6249,0.0,29.5221,3540.8662,0.0,0.0,0.0,3517.94995117188,no_change,,0.0,0.0
SPX,2027-05-21,273,Put,4250.0,SPX270521P04250000,23.3,23.8,23.55,24.84,0.0,0.0,0.0,159.0,0.388,-0.0226,0.0,3.6252,-0.2438,-1.4402,23.5689,0.0,0.0,0.0,24.75,down,2026-08-18T14:27:45,0.0,0.0
SPX,2027-05-21,273,Call,4300.0,SPX270521C04300000,3489.2,3495.5,3492.35,3376.2,0.0,0.0,0.0,2.0,0.3766,0.9791,0.0,3.7514,0.0,29.8248,3493.3183,0.0,0.0,0.0,3470.45007324219,down,2026-07-16T15:59:59,0.0,0.0
SPX,2027-05-21,273,Put,4300.0,SPX270521P04300000,24.1,24.6,24.35,26.05,0.0,0.0,0.0,803.0,0.3838,-0.0235,0.0,3.7514,-0.2496,-1.4988,24.3869,0.0,0.0,0.0,25.5999994277954,up,2026-08-18T11:35:59,0.0,0.0
SPX,2027-05-21,273,Call,4350.0,SPX270521C04350000,3441.8,3448.0,3444.9,0.0,0.0,0.0,0.0,0.0,0.3728,0.9781,0.0,3.8817,0.0,30.1249,3445.7988,0.0,0.0,0.0,3423.04992675781,no_change,,0.0,0.0
SPX,2027-05-21,273,Put,4350.0,SPX270521P04350000,25.0,25.5,25.25,25.2,0.0,0.0,0.0,132.0,0.3797,-0.0245,0.0,3.882,-0.2555,-1.5602,25.2374,0.0,0.0,0.0,26.5499992370605,down,2026-08-13T13:07:34,0.0,0.0
SPX,2027-05-21,273,Call,4400.0,SPX270521C04400000,3394.4,3400.5,3397.45,0.0,0.0,0.0,0.0,0.0,0.3693,0.9771,0.0,4.0157,0.0,30.4224,3398.3094,0.0,0.0,0.0,3375.54992675781,no_change,,0.0,0.0
SPX,2027-05-21,273,Put,4400.0,SPX270521P04400000,25.9,26.4,26.15,26.06,0.0,0.0,0.0,61.0,0.3757,-0.0255,0.0,4.016,-0.2615,-1.6241,26.1159,0.0,0.0,0.0,27.4500007629395,down,2026-08-14T10:14:29,0.0,0.0
SPX,2027-05-21,273,Call,4450.0,SPX270521C04450000,3347.0,3353.1,3350.05,0.0,0.0,0.0,0.0,0.0,0.3655,0.9761,0.0,4.1532,0.0,30.7174,3350.8517,0.0,0.0,0.0,3328.29992675781,no_change,,0.0,0.0
SPX,2027-05-21,273,Put,4450.0,SPX270521P04450000,26.8,27.3,27.05,27.2,0.0,0.0,0.0,89.0,0.3716,-0.0265,0.0,4.1532,-0.2676,-1.6903,27.0238,0.0,0.0,0.0,28.4500007629394,down,2026-08-17T09:48:32,0.0,0.0
SPX,2027-05-21,273,Call,4500.0,SPX270521C04500000,3299.6,3305.6,3302.6,2893.42,0.0,0.0,0.0,1.0,0.3617,0.975,0.0,4.2941,-0.0046,31.01,3303.4274,0.0,0.0,0.0,3281.04992675781,up,2026-04-30T15:42:03,0.0,0.0
SPX,2027-05-21,273,Put,4500.0,SPX270521P04500000,27.7,28.3,28.0,28.47,0.0,0.0,0.0,90.0,0.3677,-0.0276,0.0,4.2944,-0.2738,-1.7593,27.9699,0.0,0.0,0.0,29.4500007629394,down,2026-08-19T12:53:19,0.0,0.0
SPX,2027-05-21,273,Call,4550.0,SPX270521C04550000,3252.3,3258.3,3255.3,0.0,0.0,0.0,0.0,0.0,0.358,0.9738,0.0,4.4387,-0.0149,31.3002,3256.0381,0.0,0.0,0.0,3233.70007324219,no_change,,0.0,0.0
SPX,2027-05-21,273,Put,4550.0,SPX270521P04550000,28.7,29.3,29.0,29.47,-0.98,-3.21839,2.0,138.0,0.3636,-0.0288,0.0,4.4387,-0.2801,-1.8303,28.9459,29.53,29.53,29.47,30.4500007629394,down,2026-08-21T10:10:25,0.0,0.0
SPX,2027-05-21,273,Call,4600.0,SPX270521C04600000,3205.0,3210.9,3207.95,0.0,0.0,0.0,0.0,0.0,0.3544,0.9727,0.0,4.5875,-0.0254,31.5879,3208.6855,0.0,0.0,0.0,3186.44995117188,no_change,,0.0,0.0
SPX,2027-05-21,273,Put,4600.0,SPX270521P04600000,29.7,30.3,30.0,30.58,0.0,0.0,0.0,353.0,0.3598,-0.0299,0.0,4.5875,-0.2866,-1.904,29.9612,0.0,0.0,0.0,31.5499992370606,down,2026-08-19T09:45:28,0.0,0.0
SPX,2027-05-21,273,Call,4650.0,SPX270521C04650000,3157.8,3163.6,3160.7,3268.27,0.0,0.0,0.0,1.0,0.3508,0.9714,0.0,4.7412,-0.036,31.8729,3161.3713,0.0,0.0,0.0,3139.19995117188,up,2026-08-14T15:25:46,0.0,0.0
SPX,2027-05-21,273,Put,4650.0,SPX270521P04650000,30.8,31.4,31.1,31.7,0.0,0.0,0.0,62.0,0.3558,-0.0312,0.0,4.7412,-0.2932,-1.9804,31.0148,0.0,0.0,0.0,32.6500015258789,down,2026-08-12T11:01:58,0.0,0.0
SPX,2027-05-21,273,Call,4700.0,SPX270521C04700000,3110.6,3116.4,3113.5,2900.16,0.0,0.0,0.0,4.0,0.3472,0.9702,0.0,4.9004,-0.0466,32.1548,3114.0976,0.0,0.0,0.0,3091.94995117188,up,2026-05-11T15:06:48,0.0,0.0
SPX,2027-05-21,273,Put,4700.0,SPX270521P04700000,31.9,32.5,32.2,32.4,0.0,0.0,0.0,561.0,0.3521,-0.0325,0.0,4.9008,-0.2999,-2.0601,32.1121,0.0,0.0,0.0,33.8499984741211,up,2026-08-19T15:43:49,0.0,0.0
SPX,2027-05-21,273,Call,4750.0,SPX270521C04750000,3063.4,3069.1,3066.25,0.0,0.0,0.0,0.0,0.0,0.3436,0.9688,0.0,5.0657,-0.0575,32.433,3066.8667,0.0,0.0,0.0,3044.80004882812,no_change,,0.0,0.0
SPX,2027-05-21,273,Put,4750.0,SPX270521P04750000,33.1,33.6,33.35,34.03,0.0,0.0,0.0,71.0,0.3482,-0.0338,0.0,5.0657,-0.3068,-2.143,33.2459,0.0,0.0,0.0,35.0499992370606,down,2026-08-19T12:53:51,0.0,0.0
SPX,2027-05-21,273,Call,4800.0,SPX270521C04800000,3016.3,3022.0,3019.15,0.0,0.0,0.0,0.0,0.0,0.3401,0.9674,0.0,5.2374,-0.0685,32.7073,3019.6812,0.0,0.0,0.0,2997.84997558594,no_change,,0.0,0.0
SPX,2027-05-21,273,Put,4800.0,SPX270521P04800000,34.3,34.8,34.55,35.75,0.0,0.0,0.0,99.0,0.3444,-0.0352,0.0,5.2374,-0.3138,-2.2302,34.4282,0.0,0.0,0.0,36.2999992370606,down,2026-08-20T12:14:15,0.0,0.0
SPX,2027-05-21,273,Call,4850.0,SPX270521C04850000,2969.3,2974.8,2972.05,0.0,0.0,0.0,0.0,0.0,0.3365,0.966,0.0,5.4155,-0.0796,32.977,2972.544,0.0,0.0,0.0,2950.70007324219,no_change,,0.0,0.0
SPX,2027-05-21,273,Put,4850.0,SPX270521P04850000,35.5,36.1,35.8,37.1,0.0,0.0,0.0,156.0,0.3406,-0.0366,0.0,5.4155,-0.3209,-2.3217,35.6589,0.0,0.0,0.0,37.6000003814697,up,2026-08-20T12:14:15,0.0,0.0
SPX,2027-05-21,273,Call,4900.0,SPX270521C04900000,2922.3,2927.8,2925.05,0.0,0.0,0.0,0.0,0.0,0.333,0.9644,0.0,5.5996,-0.0909,33.2422,2925.4582,0.0,0.0,0.0,2903.79992675781,no_change,,0.0,0.0
SPX,2027-05-21,273,Put,4900.0,SPX270521P04900000,36.8,37.4,37.099999999999994,38.33,0.0,0.0,0.0,211.0,0.337,-0.0382,0.0,5.5996,-0.3282,-2.4179,36.9409,0.0,0.0,0.0,39.0,no_change,2026-08-20T12:13:54,0.0,0.0
SPX,2027-05-21,273,Call,4925.0,SPX270521C04925000,2898.2,2904.7,2901.45,0.0,0.0,0.0,0.0,0.0,0.3312,0.9637,0.0,5.6937,-0.0966,33.3731,2901.9356,0.0,0.0,0.0,2879.14990234375,no_change,,0.0,0.0
SPX,2027-05-21,273,Put,4925.0,SPX270521P04925000,37.4,38.1,37.75,39.08,0.0,0.0,0.0,67.0,0.3352,-0.0389,0.0,5.6937,-0.3319,-2.4678,37.6022,0.0,0.0,0.0,39.6500015258789,no_change,2026-08-20T12:13:54,0.0,0.0
SPX,2027-05-21,273,Call,4950.0,SPX270521C04950000,2875.3,2880.7,2878.0,0.0,0.0,0.0,0.0,0.0,0.3295,0.9629,0.0,5.7892,-0.1023,33.5028,2878.427,0.0,0.0,0.0,2856.84997558594,no_change,,0.0,0.0
SPX,2027-05-21,273,Put,4950.0,SPX270521P04950000,38.1,38.7,38.400000000000006,44.57,0.0,0.0,0.0,89.0,0.3334,-0.0398,0.0,5.7892,-0.3357,-2.5188,38.2775,0.0,0.0,0.0,40.3999996185303,up,2026-08-03T15:40:19,0.0,0.0
SPX,2027-05-21,273,Call,4975.0,SPX270521C04975000,2851.3,2857.7,2854.5,0.0,0.0,0.0,0.0,0.0,0.3277,0.962,0.0,5.886,-0.1081,33.6314,2854.9328,0.0,0.0,0.0,2833.34997558594,no_change,,0.0,0.0
SPX,2027-05-21,273,Put,4975.0,SPX270521P04975000,38.8,39.4,39.099999999999994,48.4,0.0,0.0,0.0,111.0,0.3315,-0.0406,0.0,5.886,-0.3395,-2.5708,38.9672,0.0,0.0,0.0,41.1000003814697,down,2026-07-31T15:57:42,0.0,0.0
SPX,2027-05-21,273,Call,5000.0,SPX270521C05000000,2828.4,2833.8,2831.1000000000004,2606.0,0.0,0.0,0.0,13.0,0.3262,0.9612,0.0,5.984,-0.1139,33.759,2831.4533,0.0,0.0,0.0,2810.04992675781,down,2026-06-11T15:50:21,0.0,0.0
SPX,2027-05-21,273,Put,5000.0,SPX270521P05000000,39.5,40.1,39.8,41.28,0.0,0.0,0.0,2105.0,0.3297,-0.0414,0.0,5.984,-0.3433,-2.6239,39.6716,0.0,0.0,0.0,41.8499984741211,down,2026-08-20T12:14:40,0.0,0.0
SPX,2027-05-21,273,Call,5025.0,SPX270521C05025000,2804.4,2810.8,2807.6000000000004,0.0,0.0,0.0,0.0,0.0,0.3243,0.9603,0.0,6.0832,-0.1198,33.8855,2807.9889,0.0,0.0,0.0,2786.59997558594,no_change,,0.0,0.0
SPX,2027-05-21,273,Put,5025.0,SPX270521P05025000,40.2,40.9,40.55,42.08,0.0,0.0,0.0,24.0,0.328,-0.0423,0.0,6.0832,-0.3472,-2.6781,40.3912,0.0,0.0,0.0,42.6000003814697,up,2026-08-20T12:14:40,0.0,0.0
SPX,2027-05-21,273,Call,5050.0,SPX270521C05050000,2781.5,2786.9,2784.2,2391.6,0.0,0.0,0.0,1.0,0.3226,0.9595,0.0,6.1838,-0.1257,34.011,2784.54,0.0,0.0,0.0,2763.25,up,2026-04-30T16:04:56,0.0,0.0
SPX,2027-05-21,273,Put,5050.0,SPX270521P05050000,41.0,41.6,41.3,42.78,0.0,0.0,0.0,138.0,0.326,-0.0431,0.0,6.1838,-0.3511,-2.7333,41.1261,0.0,0.0,0.0,43.3999996185303,down,2026-08-17T13:13:44,0.0,0.0
SPX,2027-05-21,273,Call,5075.0,SPX270521C05075000,2757.6,2763.9,2760.75,0.0,0.0,0.0,0.0,0.0,0.3208,0.9586,0.0,6.2857,-0.1317,34.1355,2761.1068,0.0,0.0,0.0,2739.80004882812,no_change,,0.0,0.0
SPX,2027-05-21,273,Put,5075.0,SPX270521P05075000,41.7,42.4,42.05,43.36,0.0,0.0,0.0,48.0,0.3243,-0.044,0.0,6.2857,-0.3551,-2.7895,41.8769,0.0,0.0,0.0,44.2000007629394,no_change,2026-08-11T10:57:23,0.0,0.0
SPX,2027-05-21,273,Call,5100.0,SPX270521C05100000,2734.8,2740.0,2737.4,2522.2,0.0,0.0,0.0,5.0,0.3193,0.9577,0.0,6.389,-0.1377,34.2589,2737.6898,0.0,0.0,0.0,2716.5,down,2026-06-11T15:46:29,0.0,0.0
SPX,2027-05-21,273,Put,5100.0,SPX270521P05100000,42.5,43.1,42.8,43.46,-1.54,-3.42222,4.0,268.0,0.3225,-0.0449,0.0,6.389,-0.3591,-2.8468,42.6438,43.46,43.46,43.46,45.0,no_change,2026-08-21T10:39:43,0.0,0.0
SPX,2027-05-21,273,Call,5125.0,SPX270521C05125000,2710.8,2717.1,2713.95,0.0,0.0,0.0,0.0,0.0,0.3175,0.9567,0.0,6.4939,-0.1437,34.3813,2714.2892,0.0,0.0,0.0,2693.05004882812,no_change,,0.0,0.0
SPX,2027-05-21,273,Put,5125.0,SPX270521P05125000,43.3,43.9,43.599999999999994,45.08,0.0,0.0,0.0,131.0,0.3208,-0.0459,0.0,6.4939,-0.3632,-2.9051,43.4272,0.0,0.0,0.0,45.7999992370606,down,2026-08-20T12:12:49,0.0,0.0
SPX,2027-05-21,273,Call,5150.0,SPX270521C05150000,2688.0,2693.2,2690.6,0.0,0.0,0.0,0.0,0.0,0.3159,0.9558,0.0,6.6005,-0.1498,34.5025,2690.9054,0.0,0.0,0.0,2669.75,no_change,,0.0,0.0
SPX,2027-05-21,273,Put,5150.0,SPX270521P05150000,44.1,44.7,44.400000000000006,46.4,0.0,0.0,0.0,394.0,0.319,-0.0468,0.0,6.6005,-0.3673,-2.9646,44.2273,0.0,0.0,0.0,46.6500015258789,up,2026-08-20T14:56:07,0.0,0.0
SPX,2027-05-21,273,Call,5175.0,SPX270521C05175000,2664.2,2670.3,2667.25,0.0,0.0,0.0,0.0,0.0,0.3141,0.9548,0.0,6.709,-0.1559,34.6225,2667.5389,0.0,0.0,0.0,2646.40002441406,no_change,,0.0,0.0
SPX,2027-05-21,273,Put,5175.0,SPX270521P05175000,44.9,45.5,45.2,46.91,0.0,0.0,0.0,155.0,0.3173,-0.0478,0.0,6.709,-0.3714,-3.0252,45.0447,0.0,0.0,0.0,47.5,down,2026-08-07T10:31:02,0.0,0.0
SPX,2027-05-21,273,Call,5200.0,SPX270521C05200000,2641.4,2646.5,2643.95,2408.7,0.0,0.0,0.0,1.0,0.3125,0.9538,0.0,6.8194,-0.1621,34.7412,2644.19,0.0,0.0,0.0,2623.25,up,2026-05-20T10:14:17,0.0,0.0
SPX,2027-05-21,273,Put,5200.0,SPX270521P05200000,45.7,46.4,46.05,47.63,0.0,0.0,0.0,2165.0,0.3155,-0.0488,0.0,6.8194,-0.3756,-3.0872,45.8797,0.0,0.0,0.0,48.3999996185303,up,2026-08-20T12:13:28,0.0,0.0
SPX,2027-05-21,273,Call,5225.0,SPX270521C05225000,2617.5,2623.6,2620.55,0.0,0.0,0.0,0.0,0.0,0.3109,0.9528,0.0,6.932,-0.1683,34.8585,2620.8592,0.0,0.0,0.0,2599.95007324219,no_change,,0.0,0.0
SPX,2027-05-21,273,Put,5225.0,SPX270521P05225000,46.6,47.2,46.900000000000006,48.58,0.0,0.0,0.0,186.0,0.3138,-0.0498,0.0,6.932,-0.3798,-3.1506,46.7328,0.0,0.0,0.0,49.2999992370606,up,2026-08-20T12:13:28,0.0,0.0
SPX,2027-05-21,273,Call,5250.0,SPX270521C05250000,2594.8,2599.9,2597.3500000000004,0.0,0.0,0.0,0.0,0.0,0.3093,0.9517,0.0,7.0468,-0.1746,34.9742,2597.5469,0.0,0.0,0.0,2576.69995117188,no_change,,0.0,0.0
SPX,2027-05-21,273,Put,5250.0,SPX270521P05250000,47.4,48.1,47.75,47.4,-2.8,-5.57769,3.0,479.0,0.3121,-0.0509,0.0,7.0468,-0.3841,-3.2156,47.6045,47.4,47.4,47.4,50.2000007629394,down,2026-08-21T15:40:23,0.0,0.0
SPX,2027-05-21,273,Call,5275.0,SPX270521C05275000,2571.0,2577.0,2574.0,0.0,0.0,0.0,0.0,0.0,0.3076,0.9507,0.0,7.1638,-0.1809,35.0883,2574.2537,0.0,0.0,0.0,2553.44995117188,no_change,,0.0,0.0
SPX,2027-05-21,273,Put,5275.0,SPX270521P05275000,48.3,49.0,48.65,48.6,0.0,0.0,0.0,115.0,0.3104,-0.052,0.0,7.1638,-0.3884,-3.2822,48.4952,0.0,0.0,0.0,51.1499996185303,down,2026-08-14T15:22:23,0.0,0.0
SPX,2027-05-21,273,Call,5300.0,SPX270521C05300000,2548.3,2553.3,2550.8,0.0,0.0,0.0,0.0,0.0,0.306,0.9496,0.0,7.2831,-0.1872,35.2006,2550.9802,0.0,0.0,0.0,2530.19995117188,no_change,,0.0,0.0
SPX,2027-05-21,273,Put,5300.0,SPX270521P05300000,49.2,49.9,49.55,51.7,0.0,0.0,0.0,480.0,0.3086,-0.053,0.0,7.2831,-0.3928,-3.3506,49.4056,0.0,0.0,0.0,52.1000003814697,down,2026-08-17T15:23:31,0.0,0.0
SPX,2027-05-21,273,Call,5325.0,SPX270521C05325000,2524.5,2530.5,2527.5,0.0,0.0,0.0,0.0,0.0,0.3043,0.9484,0.0,7.4046,-0.1936,35.3111,2527.7268,0.0,0.0,0.0,2507.0,no_change,,0.0,0.0
SPX,2027-05-21,273,Put,5325.0,SPX270521P05325000,50.2,50.8,50.5,52.87,0.0,0.0,0.0,22.0,0.307,-0.0542,0.0,7.4046,-0.3972,-3.4208,50.3362,0.0,0.0,0.0,53.1000003814697,down,2026-08-20T14:47:58,0.0,0.0
SPX,2027-05-21,273,Call,5350.0,SPX270521C05350000,2501.9,2506.8,2504.3500000000004,0.0,0.0,0.0,0.0,0.0,0.3027,0.9473,0.0001,7.5282,-0.2001,35.4197,2504.4943,0.0,0.0,0.0,2483.95007324219,no_change,,0.0,0.0
SPX,2027-05-21,273,Put,5350.0,SPX270521P05350000,51.1,51.8,51.45,51.77,0.0,0.0,0.0,94.0,0.3053,-0.0553,0.0001,7.5282,-0.4017,-3.4929,51.2875,0.0,0.0,0.0,54.1000003814697,no_change,2026-08-19T14:50:51,0.0,0.0
SPX,2027-05-21,273,Call,5375.0,SPX270521C05375000,2478.2,2484.0,2481.1,0.0,0.0,0.0,0.0,0.0,0.3011,0.9461,0.0001,7.6539,-0.2066,35.5264,2481.2831,0.0,0.0,0.0,2460.65002441406,no_change,,0.0,0.0
SPX,2027-05-21,273,Put,5375.0,SPX270521P05375000,52.1,52.8,52.45,53.1,0.0,0.0,0.0,36.0,0.3036,-0.0565,0.0001,7.6539,-0.4062,-3.5669,52.2603,0.0,0.0,0.0,55.1000003814697,down,2026-08-19T10:39:49,0.0,0.0
SPX,2027-05-21,273,Call,5400.0,SPX270521C05400000,2455.5,2460.4,2457.95,0.0,0.0,0.0,0.0,0.0,0.2995,0.9449,0.0001,7.7815,-0.2131,35.6312,2458.094,0.0,0.0,0.0,2437.65002441406,no_change,,0.0,0.0
SPX,2027-05-21,273,Put,5400.0,SPX270521P05400000,53.0,53.8,53.4,54.6,0.0,0.0,0.0,87.0,0.3019,-0.0577,0.0001,7.7815,-0.4107,-3.6428,53.255,0.0,0.0,0.0,56.1499996185303,down,2026-08-12T11:17:19,0.0,0.0
SPX,2027-05-21,273,Call,5425.0,SPX270521C05425000,2431.9,2437.7,2434.8,0.0,0.0,0.0,0.0,0.0,0.2979,0.9437,0.0001,7.9108,-0.2197,35.7341,2434.9274,0.0,0.0,0.0,2414.5,no_change,,0.0,0.0
SPX,2027-05-21,273,Put,5425.0,SPX270521P05425000,54.1,54.8,54.45,57.2,0.0,0.0,0.0,94.0,0.3002,-0.0589,0.0001,7.9108,-0.4153,-3.7206,54.2723,0.0,0.0,0.0,57.2000007629394,no_change,2026-08-06T13:29:47,0.0,0.0
SPX,2027-05-21,273,Call,5450.0,SPX270521C05450000,2409.0,2414.1,2411.55,0.0,0.0,0.0,0.0,0.0,0.2963,0.9425,0.0001,8.0418,-0.2263,35.8352,2411.7839,0.0,0.0,0.0,2391.44995117188,no_change,,0.0,0.0
SPX,2027-05-21,273,Put,5450.0,SPX270521P05450000,55.1,55.8,55.45,57.71,0.0,0.0,0.0,66.0,0.2985,-0.0601,0.0001,8.0418,-0.4199,-3.8001,55.3128,0.0,0.0,0.0,58.2999992370606,down,2026-08-17T15:19:15,0.0,0.0
SPX,2027-05-21,273,Call,5475.0,SPX270521C05475000,2385.7,2391.4,2388.55,0.0,0.0,0.0,0.0,0.0,0.2947,0.9412,0.0001,8.1743,-0.233,35.9347,2388.6641,0.0,0.0,0.0,2368.39990234375,no_change,,0.0,0.0
SPX,2027-05-21,273,Put,5475.0,SPX270521P05475000,56.2,56.9,56.55,59.4,0.0,0.0,0.0,10.0,0.2969,-0.0614,0.0001,8.1743,-0.4246,-3.8813,56.3769,0.0,0.0,0.0,59.3999996185303,no_change,2026-08-06T13:29:47,0.0,0.0
SPX,2027-05-21,273,Call,5500.0,SPX270521C05500000,2363.1,2367.9,2365.5,2450.22,0.0,0.0,0.0,6.0,0.2932,0.9399,0.0001,8.3083,-0.2397,36.0325,2365.5685,0.0,0.0,0.0,2345.34997558594,up,2026-08-05T11:24:53,0.0,0.0
SPX,2027-05-21,273,Put,5500.0,SPX270521P05500000,57.2,58.0,57.6,59.45,0.0,0.0,0.0,372.0,0.2953,-0.0627,0.0001,8.3083,-0.4293,-3.9643,57.4652,0.0,0.0,0.0,60.5500011444092,no_change,2026-08-20T10:03:45,0.0,0.0
SPX,2027-05-21,273,Call,5525.0,SPX270521C05525000,2339.6,2345.2,2342.3999999999996,0.0,0.0,0.0,0.0,0.0,0.2914,0.9386,0.0001,8.4438,-0.2464,36.1287,2342.4975,0.0,0.0,0.0,2322.25,no_change,,0.0,0.0
SPX,2027-05-21,273,Put,5525.0,SPX270521P05525000,58.3,59.1,58.7,80.04,0.0,0.0,0.0,11.0,0.2937,-0.064,0.0001,8.4438,-0.4341,-4.0487,58.5781,0.0,0.0,0.0,61.6499996185303,down,2026-07-09T10:58:20,0.0,0.0
SPX,2027-05-21,273,Call,5550.0,SPX270521C05550000,2317.0,2321.7,2319.35,0.0,0.0,0.0,0.0,0.0,0.2902,0.9372,0.0001,8.5809,-0.2532,36.2234,2319.4515,0.0,0.0,0.0,2299.39990234375,no_change,,0.0,0.0
SPX,2027-05-21,273,Put,5550.0,SPX270521P05550000,59.5,60.2,59.85,62.16,0.0,0.0,0.0,107.0,0.2921,-0.0654,0.0001,8.5809,-0.4389,-4.1348,59.7161,0.0,0.0,0.0,62.8500003814697,up,2026-08-10T16:11:27,0.0,0.0
SPX,2027-05-21,273,Call,5575.0,SPX270521C05575000,2293.6,2299.1,2296.35,0.0,0.0,0.0,0.0,0.0,0.2884,0.9358,0.0001,8.7197,-0.2601,36.3164,2296.4311,0.0,0.0,0.0,2276.34997558594,no_change,,0.0,0.0
SPX,2027-05-21,273,Put,5575.0,SPX270521P05575000,60.6,61.4,61.0,63.4,0.0,0.0,0.0,25.0,0.2905,-0.0668,0.0001,8.7197,-0.4438,-4.2224,60.8796,0.0,0.0,0.0,64.1000003814697,no_change,2026-08-17T15:23:12,0.0,0.0
SPX,2027-05-21,273,Call,5600.0,SPX270521C05600000,2270.8,2275.7,2273.25,1834.1,0.0,0.0,0.0,1.0,0.287,0.9344,0.0001,8.8605,-0.267,36.4079,2273.4367,0.0,0.0,0.0,2253.89990234375,up,2026-04-17T15:50:57,0.0,0.0
SPX,2027-05-21,273,Put,5600.0,SPX270521P05600000,61.8,62.6,62.2,65.3,0.0,0.0,0.0,130.0,0.2889,-0.0682,0.0001,8.8605,-0.4487,-4.3116,62.0691,0.0,0.0,0.0,65.3499984741211,up,2026-08-20T15:00:33,0.0,0.0
SPX,2027-05-21,273,Call,5625.0,SPX270521C05625000,2247.6,2253.1,2250.35,0.0,0.0,0.0,0.0,0.0,0.2853,0.9329,0.0001,9.0035,-0.2739,36.4976,2250.4687,0.0,0.0,0.0,2230.5,no_change,,0.0,0.0
SPX,2027-05-21,273,Put,5625.0,SPX270521P05625000,63.0,63.8,63.4,64.22,0.0,0.0,0.0,32.0,0.2873,-0.0697,0.0001,9.0035,-0.4536,-4.4027,63.2851,0.0,0.0,0.0,66.5999984741211,down,2026-08-12T09:30:14,0.0,0.0
SPX,2027-05-21,273,Call,5650.0,SPX270521C05650000,2225.2,2229.8,2227.5,2135.73,0.0,0.0,0.0,1.0,0.2838,0.9314,0.0001,9.1488,-0.2808,36.5853,2227.5277,0.0,0.0,0.0,2207.75,down,2026-06-05T10:26:42,0.0,0.0
SPX,2027-05-21,273,Put,5650.0,SPX270521P05650000,64.3,65.0,64.65,68.18,0.0,0.0,0.0,797.0,0.2856,-0.0712,0.0001,9.1488,-0.4586,-4.4956,64.5279,0.0,0.0,0.0,67.9000015258789,down,2026-08-18T13:57:23,0.0,0.0
SPX,2027-05-21,273,Call,5675.0,SPX270521C05675000,2201.8,2207.2,2204.5,0.0,0.0,0.0,0.0,0.0,0.2822,0.9299,0.0001,9.2966,-0.2878,36.671,2204.6143,0.0,0.0,0.0,2184.75,no_change,,0.0,0.0
SPX,2027-05-21,273,Put,5675.0,SPX270521P05675000,65.5,66.3,65.9,66.56,0.0,0.0,0.0,13.0,0.284,-0.0727,0.0001,9.2966,-0.4636,-4.5906,65.7984,0.0,0.0,0.0,69.25,up,2026-08-17T10:37:38,0.0,0.0
SPX,2027-05-21,273,Call,5700.0,SPX270521C05700000,2179.5,2184.0,2181.75,1749.93,0.0,0.0,0.0,1.0,0.2807,0.9283,0.0001,9.4472,-0.2949,36.7544,2181.7291,0.0,0.0,0.0,2162.05004882812,up,2026-04-17T15:50:57,0.0,0.0
SPX,2027-05-21,273,Put,5700.0,SPX270521P05700000,66.8,67.6,67.19999999999999,66.3,-4.3,-6.09065,1.0,265.0,0.2825,-0.0743,0.0001,9.4472,-0.4686,-4.6879,67.0972,66.3,66.3,66.3,70.5999984741211,down,2026-08-21T15:38:05,0.0,0.0
SPX,2027-05-21,273,Call,5725.0,SPX270521C05725000,2156.2,2161.5,2158.85,0.0,0.0,0.0,0.0,0.0,0.2791,0.9267,0.0001,9.6005,-0.302,36.8352,2158.8728,0.0,0.0,0.0,2139.25,no_change,,0.0,0.0
SPX,2027-05-21,273,Put,5725.0,SPX270521P05725000,68.2,68.9,68.55000000000001,71.02,0.0,0.0,0.0,10.0,0.2809,-0.0759,0.0001,9.6005,-0.4738,-4.7878,68.4248,0.0,0.0,0.0,71.9500007629394,up,2026-08-17T15:09:58,0.0,0.0
SPX,2027-05-21,273,Call,5750.0,SPX270521C05750000,2133.8,2138.3,2136.05,0.0,0.0,0.0,0.0,0.0,0.2776,0.9251,0.0001,9.7566,-0.3091,36.9134,2136.0462,0.0,0.0,0.0,2116.5,no_change,,0.0,0.0
SPX,2027-05-21,273,Put,5750.0,SPX270521P05750000,69.5,70.3,69.9,69.83,0.0,0.0,0.0,38.0,0.2794,-0.0775,0.0001,9.7566,-0.4789,-4.8903,69.7822,0.0,0.0,0.0,73.4000015258789,down,2026-08-13T14:34:54,0.0,0.0
SPX,2027-05-21,273,Call,5775.0,SPX270521C05775000,2110.6,2115.8,2113.2,0.0,0.0,0.0,0.0,0.0,0.2761,0.9234,0.0001,9.9154,-0.3162,36.9887,2113.2501,0.0,0.0,0.0,2093.80004882812,no_change,,0.0,0.0
SPX,2027-05-21,273,Put,5775.0,SPX270521P05775000,70.9,71.7,71.30000000000001,74.4,0.0,0.0,0.0,30.0,0.2777,-0.0792,0.0001,9.9154,-0.484,-4.9957,71.17,0.0,0.0,0.0,74.7999992370606,down,2026-08-18T15:43:37,0.0,0.0
SPX,2027-05-21,273,Call,5800.0,SPX270521C05800000,2088.3,2092.7,2090.5,0.0,0.0,0.0,0.0,0.0,0.2748,0.9217,0.0001,10.0767,-0.3234,37.0612,2090.4854,0.0,0.0,0.0,2071.09997558594,no_change,,0.0,0.0
SPX,2027-05-21,273,Put,5800.0,SPX270521P05800000,72.3,73.1,72.69999999999999,75.3,0.0,0.0,0.0,35.0,0.2763,-0.0809,0.0001,10.0767,-0.4892,-5.1039,72.5891,0.0,0.0,0.0,76.2999992370606,up,2026-08-17T15:22:27,0.0,0.0
SPX,2027-05-21,273,Call,5825.0,SPX270521C05825000,2065.2,2070.3,2067.75,0.0,0.0,0.0,0.0,0.0,0.2731,0.9199,0.0001,10.2402,-0.3307,37.1308,2067.7528,0.0,0.0,0.0,2048.44995117188,no_change,,0.0,0.0
SPX,2027-05-21,273,Put,5825.0,SPX270521P05825000,73.8,74.5,74.15,74.33,0.0,0.0,0.0,20.0,0.2747,-0.0827,0.0001,10.2402,-0.4945,-5.2149,74.0405,0.0,0.0,0.0,77.7999992370606,down,2026-08-19T14:34:41,0.0,0.0
SPX,2027-05-21,273,Call,5850.0,SPX270521C05850000,2042.9,2047.2,2045.0500000000002,0.0,0.0,0.0,0.0,0.0,0.2717,0.9182,0.0001,10.4057,-0.3379,37.1976,2045.0532,0.0,0.0,0.0,2025.84997558594,no_change,,0.0,0.0
SPX,2027-05-21,273,Put,5850.0,SPX270521P05850000,75.2,76.0,75.6,76.48,0.0,0.0,0.0,272.0,0.2732,-0.0844,0.0001,10.4057,-0.4998,-5.3288,75.5248,0.0,0.0,0.0,79.2999992370606,down,2026-08-19T13:50:30,0.0,0.0
SPX,2027-05-21,273,Call,5875.0,SPX270521C05875000,2019.8,2024.9,2022.35,0.0,0.0,0.0,0.0,0.0,0.2701,0.9163,0.0001,10.573,-0.3452,37.2617,2022.3874,0.0,0.0,0.0,2003.20001220703,no_change,,0.0,0.0
SPX,2027-05-21,273,Put,5875.0,SPX270521P05875000,76.7,77.5,77.1,79.11,0.0,0.0,0.0,116.0,0.2716,-0.0863,0.0001,10.573,-0.505,-5.4454,77.0429,0.0,0.0,0.0,80.9000015258789,up,2026-08-17T13:13:44,0.0,0.0
SPX,2027-05-21,273,Call,5900.0,SPX270521C05900000,1997.7,2001.9,1999.8000000000002,1934.0,0.0,0.0,0.0,1.0,0.2687,0.9145,0.0001,10.7418,-0.3525,37.3235,1999.756,0.0,0.0,0.0,1980.70001220703,up,2026-05-27T15:16:36,0.0,0.0
SPX,2027-05-21,273,Put,5900.0,SPX270521P05900000,78.3,79.1,78.69999999999999,77.79,-4.71,-5.70909,6.0,227.0,0.27,-0.0881,0.0001,10.7418,-0.5104,-5.5643,78.5955,79.87,79.87,77.79,82.5,down,2026-08-21T15:37:52,0.0,0.0
SPX,2027-05-21,273,Call,5925.0,SPX270521C05925000,1974.7,1979.7,1977.2,0.0,0.0,0.0,0.0,0.0,0.2672,0.9126,0.0001,10.912,-0.3599,37.3828,1977.1597,0.0,0.0,0.0,1958.10003662109,no_change,,0.0,0.0
SPX,2027-05-21,273,Put,5925.0,SPX270521P05925000,79.9,80.7,80.30000000000001,84.86,0.0,0.0,0.0,49.0,0.2686,-0.09,0.0001,10.912,-0.5157,-5.6857,80.1831,0.0,0.0,0.0,84.2000007629394,up,2026-08-18T11:08:05,0.0,0.0
SPX,2027-05-21,273,Call,5950.0,SPX270521C05950000,1952.6,1956.8,1954.6999999999998,0.0,0.0,0.0,0.0,0.0,0.2657,0.9106,0.0001,11.0837,-0.3672,37.4399,1954.5991,0.0,0.0,0.0,1935.70001220703,no_change,,0.0,0.0
SPX,2027-05-21,273,Put,5950.0,SPX270521P05950000,81.5,82.3,81.9,83.18,-2.72,-3.16647,4.0,157.0,0.267,-0.092,0.0001,11.0837,-0.5211,-5.8093,81.8064,83.26,83.26,83.18,85.9000015258789,down,2026-08-21T10:42:48,0.0,0.0
SPX,2027-05-21,273,Call,5975.0,SPX270521C05975000,1929.6,1934.6,1932.1,0.0,0.0,0.0,0.0,0.0,0.2642,0.9086,0.0001,11.257,-0.3746,37.4949,1932.0748,0.0,0.0,0.0,1913.25,no_change,,0.0,0.0
SPX,2027-05-21,273,Put,5975.0,SPX270521P05975000,83.1,83.9,83.5,83.16,0.0,0.0,0.0,46.0,0.2655,-0.094,0.0001,11.257,-0.5265,-5.935,83.466,0.0,0.0,0.0,87.5999984741211,up,2026-08-13T15:17:06,0.0,0.0
SPX,2027-05-21,273,Call,6000.0,SPX270521C06000000,1907.4,1911.8,1909.6,1904.8,13.95,0.737765,1.0,11602.0,0.2631,0.9066,0.0001,11.432,-0.382,37.5477,1909.5872,1904.8,1904.8,1904.8,1890.84997558594,down,2026-08-21T10:55:12,0.0,0.0
SPX,2027-05-21,273,Put,6000.0,SPX270521P06000000,84.7,85.6,85.15,85.8,-3.55,-3.97314,1.0,11689.0,0.264,-0.096,0.0001,11.432,-0.532,-6.0629,85.1623,85.8,85.8,85.8,89.3499984741211,down,2026-08-21T10:55:12,0.0,0.0
SPX,2027-05-21,273,Call,6025.0,SPX270521C06025000,1884.7,1889.6,1887.15,0.0,0.0,0.0,0.0,0.0,0.2613,0.9045,0.0001,11.609,-0.3895,37.5981,1887.137,0.0,0.0,0.0,1868.45001220703,no_change,,0.0,0.0
SPX,2027-05-21,273,Put,6025.0,SPX270521P06025000,86.4,87.3,86.85,89.57,0.0,0.0,0.0,25.0,0.2625,-0.0981,0.0001,11.609,-0.5374,-6.1931,86.8961,0.0,0.0,0.0,91.1499977111816,up,2026-08-20T11:27:48,0.0,0.0
SPX,2027-05-21,273,Call,6050.0,SPX270521C06050000,1862.8,1866.9,1864.85,1681.8,0.0,0.0,0.0,3.0,0.2599,0.9024,0.0001,11.7884,-0.397,37.6461,1864.7248,0.0,0.0,0.0,1846.10003662109,up,2026-05-18T12:03:19,0.0,0.0
SPX,2027-05-21,273,Put,6050.0,SPX270521P06050000,88.3,89.2,88.75,90.66,-2.34,-2.51613,4.0,252.0,0.2611,-0.1003,0.0001,11.7884,-0.5429,-6.3259,88.6678,90.65,90.66,90.65,93.0,up,2026-08-21T10:00:24,0.0,0.0
SPX,2027-05-21,273,Call,6075.0,SPX270521C06075000,1840.0,1844.8,1842.4,0.0,0.0,0.0,0.0,0.0,0.2588,0.9002,0.0001,11.9705,-0.4044,37.6912,1842.3514,0.0,0.0,0.0,1823.85003662109,no_change,,0.0,0.0
SPX,2027-05-21,273,Put,6075.0,SPX270521P06075000,90.1,90.9,90.5,92.2,0.0,0.0,0.0,218.0,0.2596,-0.1024,0.0001,11.9705,-0.5484,-6.4615,90.4783,0.0,0.0,0.0,94.8500022888184,down,2026-08-12T11:02:34,0.0,0.0
SPX,2027-05-21,273,Call,6100.0,SPX270521C06100000,1817.9,1822.2,1820.0500000000002,1791.38,0.0,0.0,0.0,1.0,0.2572,0.8979,0.0001,12.1555,-0.4119,37.733,1820.0176,0.0,0.0,0.0,1801.60003662109,down,2026-06-04T10:28:58,0.0,0.0
SPX,2027-05-21,273,Put,6100.0,SPX270521P06100000,91.9,92.8,92.35,94.17,-2.63,-2.71694,1.0,697.0,0.2581,-0.1047,0.0001,12.1555,-0.5539,-6.6003,92.3285,94.17,94.17,94.17,96.7999992370606,down,2026-08-21T09:40:30,0.0,0.0
SPX,2027-05-21,273,Call,6125.0,SPX270521C06125000,1795.4,1800.2,1797.8000000000002,0.0,0.0,0.0,0.0,0.0,0.256,0.8957,0.0001,12.3434,-0.4194,37.7714,1797.7244,0.0,0.0,0.0,1779.35003662109,no_change,,0.0,0.0
SPX,2027-05-21,273,Put,6125.0,SPX270521P06125000,93.8,94.8,94.3,94.28,0.0,0.0,0.0,32.0,0.2567,-0.1069,0.0001,12.3434,-0.5594,-6.7427,94.2191,0.0,0.0,0.0,98.75,down,2026-08-19T14:51:01,0.0,0.0
SPX,2027-05-21,273,Call,6150.0,SPX270521C06150000,1773.4,1777.6,1775.5,0.0,0.0,0.0,0.0,0.0,0.2545,0.8934,0.0001,12.5344,-0.427,37.8059,1775.4728,0.0,0.0,0.0,1757.20001220703,no_change,,0.0,0.0
SPX,2027-05-21,273,Put,6150.0,SPX270521P06150000,95.7,96.6,96.15,98.24,-2.56,-2.53968,1.0,40.0,0.2552,-0.1093,0.0001,12.5344,-0.565,-6.8889,96.1514,98.24,98.24,98.24,100.799999237061,up,2026-08-21T09:56:59,0.0,0.0
SPX,2027-05-21,273,Call,6175.0,SPX270521C06175000,1751.0,1755.7,1753.35,0.0,0.0,0.0,0.0,0.0,0.2531,0.891,0.0001,12.7282,-0.4345,37.8364,1753.2641,0.0,0.0,0.0,1735.09997558594,no_change,,0.0,0.0
SPX,2027-05-21,273,Put,6175.0,SPX270521P06175000,97.7,98.7,98.2,99.47,-3.38,-3.28634,5.0,92.0,0.2537,-0.1116,0.0001,12.7282,-0.5705,-7.0391,98.1267,100.19,100.19,99.41,102.850002288818,up,2026-08-21T10:29:51,0.0,0.0
SPX,2027-05-21,273,Call,6200.0,SPX270521C06200000,1729.1,1733.2,1731.15,1598.97,0.0,0.0,0.0,9.0,0.2516,0.8885,0.0001,12.9244,-0.442,37.8628,1731.0994,0.0,0.0,0.0,1713.0,down,2026-07-20T11:51:41,0.0,0.0
SPX,2027-05-21,273,Put,6200.0,SPX270521P06200000,99.7,100.6,100.15,105.05,0.0,0.0,0.0,759.0,0.2522,-0.1141,0.0001,12.9244,-0.576,-7.1933,100.1459,0.0,0.0,0.0,104.900001525879,no_change,2026-08-20T15:32:11,0.0,0.0
SPX,2027-05-21,273,Call,6225.0,SPX270521C06225000,1706.8,1711.4,1709.1,0.0,0.0,0.0,0.0,0.0,0.2502,0.8861,0.0001,13.1228,-0.4496,37.8852,1708.9799,0.0,0.0,0.0,1691.0,no_change,,0.0,0.0
SPX,2027-05-21,273,Put,6225.0,SPX270521P06225000,101.6,102.8,102.19999999999999,105.94,0.0,0.0,0.0,26.0,0.2509,-0.1165,0.0001,13.1228,-0.5816,-7.3516,102.2103,0.0,0.0,0.0,107.049999237061,no_change,2026-08-20T12:07:48,0.0,0.0
SPX,2027-05-21,273,Call,6250.0,SPX270521C06250000,1685.0,1689.0,1687.0,1663.1,0.0,0.0,0.0,27.0,0.2487,0.8835,0.0001,13.3229,-0.4571,37.9037,1686.9067,0.0,0.0,0.0,1669.0,down,2026-06-04T10:27:41,0.0,0.0
SPX,2027-05-21,273,Put,6250.0,SPX270521P06250000,103.9,104.9,104.4,107.79,0.0,0.0,0.0,110.0,0.2494,-0.1191,0.0001,13.3229,-0.5872,-7.5138,104.3211,0.0,0.0,0.0,109.25,up,2026-08-20T11:23:09,0.0,0.0
SPX,2027-05-21,273,Call,6275.0,SPX270521C06275000,1662.8,1667.3,1665.05,1581.04,0.0,0.0,0.0,1.0,0.2473,0.8809,0.0001,13.5242,-0.4647,37.9189,1664.881,0.0,0.0,0.0,1647.09997558594,down,2026-06-05T11:51:20,0.0,0.0
SPX,2027-05-21,273,Put,6275.0,SPX270521P06275000,106.0,107.1,106.55,106.95,0.0,0.0,0.0,48.0,0.248,-0.1217,0.0001,13.5242,-0.5927,-7.6793,106.4792,0.0,0.0,0.0,111.5,up,2026-08-19T10:39:49,0.0,0.0
SPX,2027-05-21,273,Call,6300.0,SPX270521C06300000,1641.0,1645.0,1643.0,0.0,0.0,0.0,0.0,0.0,0.2458,0.8783,0.0001,13.7267,-0.4722,37.9306,1642.9036,0.0,0.0,0.0,1625.25,no_change,,0.0,0.0
SPX,2027-05-21,273,Put,6300.0,SPX270521P06300000,108.2,109.2,108.7,108.35,0.0,0.0,0.0,1001.0,0.2465,-0.1243,0.0001,13.7267,-0.5983,-7.8482,108.6857,0.0,0.0,0.0,113.799999237061,down,2026-08-19T15:06:14,0.0,0.0
SPX,2027-05-21,273,Call,6325.0,SPX270521C06325000,1618.7,1623.4,1621.0500000000002,0.0,0.0,0.0,0.0,0.0,0.2445,0.8756,0.0001,13.9301,-0.4797,37.9395,1620.9754,0.0,0.0,0.0,1603.45001220703,no_change,,0.0,0.0
SPX,2027-05-21,273,Put,6325.0,SPX270521P06325000,110.5,111.5,111.0,109.73,-6.37,-5.48665,8.0,94.0,0.2451,-0.127,0.0001,13.9301,-0.6038,-8.0201,110.9415,110.05,110.11,109.73,116.099998474121,no_change,2026-08-21T15:02:38,0.0,0.0
SPX,2027-05-21,273,Call,6350.0,SPX270521C06350000,1597.3,1601.2,1599.25,1199.55,0.0,0.0,0.0,4.0,0.2431,0.8728,0.0001,14.1345,-0.4873,37.9456,1599.0971,0.0,0.0,0.0,1581.59997558594,down,2026-04-21T13:51:16,0.0,0.0
SPX,2027-05-21,273,Put,6350.0,SPX270521P06350000,112.8,113.7,113.25,116.89,0.0,0.0,0.0,143.0,0.2436,-0.1298,0.0001,14.1346,-0.6093,-8.1947,113.2472,0.0,0.0,0.0,118.5,up,2026-08-20T11:23:09,0.0,0.0
SPX,2027-05-21,273,Call,6375.0,SPX270521C06375000,1575.3,1579.7,1577.5,1460.3,0.0,0.0,0.0,1.0,0.2417,0.87,0.0001,14.3403,-0.4948,37.9487,1577.2696,0.0,0.0,0.0,1559.95001220703,up,2026-05-21T13:25:40,0.0,0.0
SPX,2027-05-21,273,Put,6375.0,SPX270521P06375000,115.1,116.2,115.65,119.01,0.0,0.0,0.0,81.0,0.2422,-0.1326,0.0001,14.3403,-0.6149,-8.3722,115.6036,0.0,0.0,0.0,121.0,no_change,2026-08-20T10:56:31,0.0,0.0
SPX,2027-05-21,273,Call,6400.0,SPX270521C06400000,1553.7,1557.6,1555.65,1453.11,0.0,0.0,0.0,29.0,0.2402,0.8671,0.0001,14.5478,-0.5023,37.9489,1555.4937,0.0,0.0,0.0,1538.25,up,2026-07-21T13:45:36,0.0,0.0
SPX,2027-05-21,273,Put,6400.0,SPX270521P06400000,117.5,118.5,118.0,119.85,-3.6,-2.91616,3.0,243.0,0.2408,-0.1355,0.0001,14.5478,-0.6204,-8.5528,118.0116,119.85,119.85,119.85,123.450000762939,up,2026-08-21T10:40:36,0.0,0.0
SPX,2027-05-21,273,Call,6425.0,SPX270521C06425000,1531.9,1536.2,1534.0500000000002,1486.06,0.0,0.0,0.0,4.0,0.2389,0.8642,0.0001,14.7575,-0.5098,37.9455,1533.7703,0.0,0.0,0.0,1516.65002441406,up,2026-05-27T11:09:00,0.0,0.0
SPX,2027-05-21,273,Put,6425.0,SPX270521P06425000,120.0,121.1,120.55,119.26,0.0,0.0,0.0,38.0,0.2394,-0.1384,0.0001,14.7575,-0.6259,-8.7368,120.4721,0.0,0.0,0.0,126.049999237061,down,2026-08-17T10:14:54,0.0,0.0
SPX,2027-05-21,273,Call,6450.0,SPX270521C06450000,1510.4,1514.3,1512.35,1344.47,0.0,0.0,0.0,5.0,0.2375,0.8611,0.0001,14.9697,-0.5172,37.9381,1512.1006,0.0,0.0,0.0,1495.04998779297,no_change,2026-05-20T10:09:38,0.0,0.0
SPX,2027-05-21,273,Put,6450.0,SPX270521P06450000,122.5,123.5,123.0,122.9,0.0,0.0,0.0,161.0,0.2379,-0.1415,0.0001,14.9697,-0.6314,-8.9249,122.9864,0.0,0.0,0.0,128.650001525879,up,2026-08-19T15:50:06,0.0,0.0
SPX,2027-05-21,273,Call,6475.0,SPX270521C06475000,1488.7,1492.9,1490.8000000000002,1574.88,0.0,0.0,0.0,2.0,0.2363,0.8581,0.0001,15.1847,-0.5247,37.9262,1490.486,0.0,0.0,0.0,1473.54998779297,up,2026-08-17T14:57:40,0.0,0.0
SPX,2027-05-21,273,Put,6475.0,SPX270521P06475000,125.0,126.2,125.6,131.07,0.0,0.0,0.0,27.0,0.2366,-0.1445,0.0001,15.1847,-0.6368,-9.1175,125.5557,0.0,0.0,0.0,131.300003051758,up,2026-08-20T15:09:15,0.0,0.0
SPX,2027-05-21,273,Call,6500.0,SPX270521C06500000,1467.3,1471.1,1469.1999999999998,1276.0,0.0,0.0,0.0,18.0,0.2348,0.8549,0.0001,15.4025,-0.5321,37.9092,1468.928,0.0,0.0,0.0,1452.14996337891,up,2026-07-29T14:02:34,0.0,0.0
SPX,2027-05-21,273,Put,6500.0,SPX270521P06500000,127.7,128.8,128.25,129.81,-4.24,-3.163,5.0,1387.0,0.2351,-0.1477,0.0001,15.4025,-0.6422,-9.3152,128.1815,129.81,129.81,129.81,134.050003051758,down,2026-08-21T10:25:32,0.0,0.0
SPX,2027-05-21,273,Call,6525.0,SPX270521C06525000,1445.7,1449.9,1447.8000000000002,1411.66,0.0,0.0,0.0,1.0,0.2334,0.8517,0.0001,15.6231,-0.5394,37.8867,1447.4282,0.0,0.0,0.0,1430.75,up,2026-05-27T10:40:41,0.0,0.0
SPX,2027-05-21,273,Put,6525.0,SPX270521P06525000,130.4,131.5,130.95,130.28,-6.52,-4.76608,21.0,742.0,0.2338,-0.1509,0.0001,15.6231,-0.6476,-9.5184,130.8657,129.75,130.28,129.75,136.800003051758,up,2026-08-21T13:51:29,0.0,0.0
SPX,2027-05-21,273,Call,6550.0,SPX270521C06550000,1424.5,1428.2,1426.35,1376.41,0.0,0.0,0.0,38.0,0.232,0.8484,0.0001,15.8459,-0.5468,37.8586,1425.9886,0.0,0.0,0.0,1409.45001220703,down,2026-05-27T11:54:04,0.0,0.0
SPX,2027-05-21,273,Put,6550.0,SPX270521P06550000,133.0,134.2,133.6,132.85,0.0,0.0,0.0,73.0,0.2323,-0.1542,0.0001,15.8459,-0.653,-9.7272,133.61,0.0,0.0,0.0,139.650001525879,down,2026-08-19T14:02:33,0.0,0.0
SPX,2027-05-21,273,Call,6575.0,SPX270521C06575000,1402.9,1407.1,1405.0,1495.14,0.0,0.0,0.0,14.0,0.2307,0.8451,0.0002,16.0705,-0.5541,37.825,1404.611,0.0,0.0,0.0,1388.15002441406,down,2026-08-17T13:20:35,0.0,0.0
SPX,2027-05-21,273,Put,6575.0,SPX270521P06575000,135.9,137.2,136.55,141.94,0.0,0.0,0.0,514.0,0.231,-0.1575,0.0002,16.0705,-0.6583,-9.9415,136.4162,0.0,0.0,0.0,142.600006103516,no_change,2026-08-18T12:51:20,0.0,0.0
SPX,2027-05-21,273,Call,6600.0,SPX270521C06600000,1381.8,1385.6,1383.6999999999998,1479.83,0.0,0.0,0.0,53.0,0.2291,0.8416,0.0002,16.2962,-0.5614,37.7862,1383.297,0.0,0.0,0.0,1367.04998779297,up,2026-08-17T11:38:52,0.0,0.0
SPX,2027-05-21,273,Put,6600.0,SPX270521P06600000,138.9,139.9,139.4,141.77,-3.83,-2.63049,1.0,2024.0,0.2295,-0.161,0.0002,16.2962,-0.6636,-10.161,139.2862,141.77,141.77,141.77,145.599998474121,down,2026-08-21T10:18:23,0.0,0.0
SPX,2027-05-21,273,Call,6625.0,SPX270521C06625000,1360.2,1364.6,1362.4,1430.83,0.0,0.0,0.0,4.0,0.2278,0.8381,0.0002,16.5225,-0.5686,37.7428,1362.0482,0.0,0.0,0.0,1345.89996337891,up,2026-08-11T14:01:17,0.0,0.0
SPX,2027-05-21,273,Put,6625.0,SPX270521P06625000,141.7,143.0,142.35,143.4,0.0,0.0,0.0,236.0,0.2282,-0.1645,0.0002,16.5225,-0.6688,-10.385,142.2213,0.0,0.0,0.0,148.650001525879,down,2026-08-19T09:33:11,0.0,0.0
SPX,2027-05-21,273,Call,6650.0,SPX270521C06650000,1339.4,1343.2,1341.3000000000002,0.0,0.0,0.0,0.0,0.0,0.2265,0.8346,0.0002,16.749,-0.5758,37.6952,1340.866,0.0,0.0,0.0,1324.90002441406,no_change,,0.0,0.0
SPX,2027-05-21,273,Put,6650.0,SPX270521P06650000,144.8,145.9,145.35000000000002,147.81,-3.89,-2.56427,8.0,313.0,0.2268,-0.168,0.0002,16.749,-0.674,-10.6133,145.2231,147.05,147.81,147.05,151.699996948242,up,2026-08-21T10:13:36,0.0,0.0
SPX,2027-05-21,273,Call,6675.0,SPX270521C06675000,1318.2,1322.3,1320.25,1266.06,0.0,0.0,0.0,2.0,0.2252,0.8309,0.0002,16.9755,-0.5829,37.6439,1319.7518,0.0,0.0,0.0,1303.84997558594,down,2026-07-14T15:27:04,0.0,0.0
SPX,2027-05-21,273,Put,6675.0,SPX270521P06675000,147.9,149.1,148.5,150.83,-4.12,-2.65892,10.0,141.0,0.2254,-0.1717,0.0002,16.9755,-0.6791,-10.8454,148.2928,151.28,151.28,150.83,154.949996948242,down,2026-08-21T10:36:50,0.0,0.0
SPX,2027-05-21,273,Call,6700.0,SPX270521C06700000,1297.4,1301.1,1299.25,1083.58,0.0,0.0,0.0,106.0,0.2236,0.8272,0.0002,17.2022,-0.59,37.589,1298.7067,0.0,0.0,0.0,1283.0,up,2026-07-29T10:57:22,0.0,0.0
SPX,2027-05-21,273,Put,6700.0,SPX270521P06700000,151.0,152.2,151.6,149.88,-8.32,-5.25917,37.0,1423.0,0.224,-0.1754,0.0002,17.2022,-0.6842,-11.0809,151.4315,151.9,151.9,149.88,158.200004577637,down,2026-08-21T15:47:12,0.0,0.0
SPX,2027-05-21,273,Call,6725.0,SPX270521C06725000,1276.3,1280.3,1278.3,0.0,0.0,0.0,0.0,0.0,0.2225,0.8234,0.0002,17.4295,-0.597,37.5303,1277.7318,0.0,0.0,0.0,1262.15002441406,no_change,,0.0,0.0
SPX,2027-05-21,273,Put,6725.0,SPX270521P06725000,154.2,155.5,154.85,155.04,-6.46,-4.0,5.0,167.0,0.2227,-0.1792,0.0002,17.4295,-0.6892,-11.3203,154.6407,155.04,155.04,155.04,161.5,no_change,2026-08-21T11:03:02,0.0,0.0
SPX,2027-05-21,273,Call,6750.0,SPX270521C06750000,1255.6,1259.2,1257.4,1310.17,0.0,0.0,0.0,5.0,0.221,0.8195,0.0002,17.6579,-0.6039,37.4674,1256.8286,0.0,0.0,0.0,1241.34997558594,up,2026-08-06T15:28:03,0.0,0.0
SPX,2027-05-21,273,Put,6750.0,SPX270521P06750000,157.5,158.7,158.1,157.79,-7.06,-4.28268,32.0,526.0,0.2212,-0.1831,0.0002,17.6579,-0.6942,-11.5639,157.9213,161.25,161.25,157.78,164.849998474121,down,2026-08-21T12:16:09,0.0,0.0
SPX,2027-05-21,273,Call,6775.0,SPX270521C06775000,1234.4,1238.6,1236.5,0.0,0.0,0.0,0.0,0.0,0.2198,0.8155,0.0002,17.888,-0.6108,37.3995,1235.9986,0.0,0.0,0.0,1220.65002441406,no_change,,0.0,0.0
SPX,2027-05-21,273,Put,6775.0,SPX270521P06775000,160.7,162.2,161.45,159.74,0.0,0.0,0.0,44.0,0.2199,-0.1871,0.0002,17.888,-0.6991,-11.8125,161.2752,0.0,0.0,0.0,168.349998474121,down,2026-08-19T12:13:47,0.0,0.0
SPX,2027-05-21,273,Call,6800.0,SPX270521C06800000,1214.3,1217.6,1215.9499999999998,1050.37,0.0,0.0,0.0,18.0,0.2183,0.8114,0.0002,18.12,-0.6176,37.3257,1215.2438,0.0,0.0,0.0,1200.10003662109,up,2026-07-24T10:56:11,0.0,0.0
SPX,2027-05-21,273,Put,6800.0,SPX270521P06800000,164.3,165.6,164.95,163.33,-8.52,-4.95781,3.0,865.0,0.2186,-0.1911,0.0002,18.12,-0.7039,-12.067,164.7043,163.7,163.7,163.32,171.849998474121,up,2026-08-21T15:37:52,0.0,0.0
SPX,2027-05-21,273,Call,6825.0,SPX270521C06825000,1193.3,1197.2,1195.25,927.04,0.0,0.0,0.0,2.0,0.217,0.8073,0.0002,18.3542,-0.6243,37.2451,1194.5663,0.0,0.0,0.0,1179.54998779297,down,2026-05-04T12:27:42,0.0,0.0
SPX,2027-05-21,273,Put,6825.0,SPX270521P06825000,167.8,169.1,168.45,168.22,0.0,0.0,0.0,167.0,0.2172,-0.1953,0.0002,18.3542,-0.7086,-12.3283,168.2108,0.0,0.0,0.0,175.550003051758,down,2026-08-19T13:53:52,0.0,0.0
SPX,2027-05-21,273,Call,6850.0,SPX270521C06850000,1172.9,1176.4,1174.65,1026.93,0.0,0.0,0.0,32.0,0.2155,0.8031,0.0002,18.5902,-0.6309,37.1572,1173.9689,0.0,0.0,0.0,1159.10003662109,up,2026-07-28T12:57:08,0.0,0.0
SPX,2027-05-21,273,Put,6850.0,SPX270521P06850000,171.3,172.7,172.0,174.81,-4.39,-2.44978,2.0,245.0,0.2158,-0.1995,0.0002,18.5902,-0.7133,-12.5969,171.7973,174.87,174.87,174.81,179.199996948242,down,2026-08-21T10:42:48,0.0,0.0
SPX,2027-05-21,273,Call,6875.0,SPX270521C06875000,1152.3,1156.2,1154.25,1207.12,0.0,0.0,0.0,2.0,0.2142,0.7988,0.0002,18.8277,-0.6375,37.0618,1153.4541,0.0,0.0,0.0,1138.69995117188,up,2026-08-06T15:28:03,0.0,0.0
SPX,2027-05-21,273,Put,6875.0,SPX270521P06875000,175.1,176.4,175.75,177.99,-5.06,-2.76427,2.0,254.0,0.2144,-0.2038,0.0002,18.8277,-0.7178,-12.873,175.4665,177.82,177.99,177.82,183.050003051758,up,2026-08-21T10:29:51,0.0,0.0
SPX,2027-05-21,273,Call,6900.0,SPX270521C06900000,1132.3,1135.5,1133.9,971.6,0.0,0.0,0.0,5.0,0.2128,0.7943,0.0002,19.0657,-0.6439,36.9592,1133.0247,0.0,0.0,0.0,1118.44995117188,up,2026-07-30T15:38:10,0.0,0.0
SPX,2027-05-21,273,Put,6900.0,SPX270521P06900000,178.7,180.1,179.39999999999998,178.25,-8.7,-4.65365,6.0,880.0,0.2131,-0.2083,0.0002,19.0657,-0.7223,-13.1563,179.2209,182.31,182.31,178.25,186.949996948242,down,2026-08-21T15:16:14,0.0,0.0
SPX,2027-05-21,273,Call,6925.0,SPX270521C06925000,1111.7,1115.5,1113.6,1003.62,0.0,0.0,0.0,1.0,0.2116,0.7898,0.0002,19.3034,-0.6502,36.8502,1112.683,0.0,0.0,0.0,1098.19995117188,up,2026-07-20T11:13:05,0.0,0.0
SPX,2027-05-21,273,Put,6925.0,SPX270521P06925000,182.7,184.0,183.35,183.1,-7.8,-4.08591,22.0,56.0,0.2118,-0.2128,0.0002,19.3034,-0.7266,-13.4459,183.0631,183.6,183.6,182.7,190.900001525879,up,2026-08-21T11:05:54,0.0,0.0
SPX,2027-05-21,273,Call,6950.0,SPX270521C06950000,1091.5,1095.0,1093.25,1170.78,0.0,0.0,0.0,6.0,0.2102,0.7852,0.0002,19.5401,-0.6565,36.7353,1092.4311,0.0,0.0,0.0,1078.15002441406,up,2026-08-05T15:02:15,0.0,0.0
SPX,2027-05-21,273,Put,6950.0,SPX270521P06950000,186.5,188.0,187.25,194.38,0.0,0.0,0.0,85.0,0.2103,-0.2174,0.0002,19.5401,-0.7309,-13.7415,186.9952,0.0,0.0,0.0,194.949996948242,up,2026-08-20T14:47:58,0.0,0.0
SPX,2027-05-21,273,Call,6975.0,SPX270521C06975000,1071.1,1075.1,1073.1,916.01,0.0,0.0,0.0,3.0,0.2089,0.7805,0.0002,19.7753,-0.6626,36.6158,1072.2712,0.0,0.0,0.0,1058.09997558594,up,2026-07-31T10:48:47,0.0,0.0
SPX,2027-05-21,273,Put,6975.0,SPX270521P06975000,190.5,192.0,191.25,189.2,0.0,0.0,0.0,57.0,0.209,-0.2221,0.0002,19.7753,-0.735,-14.0418,191.0191,0.0,0.0,0.0,199.099998474121,down,2026-08-19T14:02:33,0.0,0.0
SPX,2027-05-21,273,Call,7000.0,SPX270521C07000000,1051.4,1054.8,1053.1,1050.57,12.37,1.19148,3.0,12875.0,0.2075,0.7757,0.0002,20.0091,-0.6686,36.4918,1052.2046,1049.39,1052.44,1049.39,1038.20001220703,down,2026-08-21T14:38:31,0.0,0.0
SPX,2027-05-21,273,Put,7000.0,SPX270521P07000000,194.7,196.1,195.39999999999998,195.5,-7.9,-3.88397,3.0,11988.0,0.2076,-0.2269,0.0002,20.0091,-0.7391,-14.3464,195.1365,196.79,196.79,194.85,203.399993896484,up,2026-08-21T14:38:31,0.0,0.0
SPX,2027-05-21,273,Call,7025.0,SPX270521C07025000,1031.4,1035.1,1033.25,1070.65,0.0,0.0,0.0,27.0,0.2062,0.7708,0.0002,20.2416,-0.6745,36.3634,1032.2331,0.0,0.0,0.0,1018.35000610352,up,2026-08-18T10:49:05,0.0,0.0
SPX,2027-05-21,273,Put,7025.0,SPX270521P07025000,199.0,200.3,199.65,208.14,0.0,0.0,0.0,100.0,0.2063,-0.2318,0.0002,20.2416,-0.743,-14.6555,199.3489,0.0,0.0,0.0,207.599998474121,up,2026-08-18T11:35:59,0.0,0.0
SPX,2027-05-21,273,Call,7050.0,SPX270521C07050000,1011.6,1015.0,1013.3,1018.97,20.37,2.03986,4.0,58.0,0.2048,0.7658,0.0002,20.4736,-0.6803,36.2299,1012.3586,1011.32,1020.22,1011.32,998.600006103516,down,2026-08-21T12:23:44,0.0,0.0
SPX,2027-05-21,273,Put,7050.0,SPX270521P07050000,203.3,204.6,203.95,203.35,0.0,0.0,0.0,144.0,0.2049,-0.2368,0.0002,20.4736,-0.7467,-14.9697,203.6584,0.0,0.0,0.0,212.050003051758,up,2026-08-19T14:12:48,0.0,0.0
SPX,2027-05-21,273,Call,7075.0,SPX270521C07075000,991.5,995.4,993.45,1074.66,0.0,0.0,0.0,12.0,0.2036,0.7607,0.0002,20.7055,-0.6859,36.09,992.5832,0.0,0.0,0.0,979.0,up,2026-08-07T12:44:35,0.0,0.0
SPX,2027-05-21,273,Put,7075.0,SPX270521P07075000,207.7,209.0,208.35,206.6,-9.95,-4.59478,2.0,259.0,0.2036,-0.2419,0.0002,20.7055,-0.7504,-15.2903,208.0669,206.6,206.6,206.6,216.549995422363,down,2026-08-21T15:32:36,0.0,0.0
SPX,2027-05-21,273,Call,7100.0,SPX270521C07100000,972.3,975.5,973.9,1002.74,0.0,0.0,0.0,512.0,0.2022,0.7555,0.0002,20.9379,-0.6914,35.9425,972.9097,0.0,0.0,0.0,959.449981689453,down,2026-08-18T15:13:34,0.0,0.0
SPX,2027-05-21,273,Put,7100.0,SPX270521P07100000,212.1,213.5,212.8,216.42,-4.78,-2.16094,10.0,500.0,0.2023,-0.2471,0.0002,20.9379,-0.7539,-15.6185,212.5772,216.42,216.42,216.42,221.200004577637,no_change,2026-08-21T10:04:30,0.0,0.0
SPX,2027-05-21,273,Call,7125.0,SPX270521C07125000,952.6,956.2,954.4000000000001,1033.21,0.0,0.0,0.0,41.0,0.2009,0.7502,0.0002,21.1706,-0.6967,35.786,953.3413,0.0,0.0,0.0,939.949981689453,no_change,2026-08-07T12:43:14,0.0,0.0
SPX,2027-05-21,273,Put,7125.0,SPX270521P07125000,216.7,218.2,217.45,215.12,-10.93,-4.83521,28.0,141.0,0.201,-0.2524,0.0002,21.1706,-0.7572,-15.9556,217.1928,220.67,220.67,215.12,226.050003051758,down,2026-08-21T15:47:12,0.0,0.0
SPX,2027-05-21,273,Call,7150.0,SPX270521C07150000,934.0,936.5,935.25,938.25,17.6,1.91169,1.0,414.0,0.1994,0.7448,0.0002,21.4035,-0.7019,35.6201,933.8817,938.25,938.25,938.25,920.649993896484,down,2026-08-21T11:00:44,0.0,0.0
SPX,2027-05-21,273,Put,7150.0,SPX270521P07150000,221.4,222.9,222.15,222.04,-8.76,-3.79549,1.0,505.0,0.1996,-0.2578,0.0002,21.4035,-0.7604,-16.3023,221.9171,222.04,222.04,222.04,230.799995422363,down,2026-08-21T11:00:44,0.0,0.0
SPX,2027-05-21,273,Call,7175.0,SPX270521C07175000,914.7,917.3,916.0,918.87,17.47,1.9381,1.0,6.0,0.1983,0.7392,0.0002,21.6355,-0.7069,35.4447,914.5347,918.87,918.87,918.87,901.399993896484,up,2026-08-21T11:00:44,0.0,0.0
SPX,2027-05-21,273,Put,7175.0,SPX270521P07175000,226.2,227.7,226.95,227.19,-8.51,-3.61052,11.0,282.0,0.1983,-0.2634,0.0002,21.6355,-0.7634,-16.6584,226.754,226.96,227.19,226.96,235.699996948242,no_change,2026-08-21T11:03:02,0.0,0.0
SPX,2027-05-21,273,Call,7200.0,SPX270521C07200000,895.4,897.9,896.65,976.09,0.0,0.0,0.0,1187.0,0.1969,0.7336,0.0002,21.8657,-0.7118,35.2606,895.3035,0.0,0.0,0.0,882.350006103516,up,2026-08-07T12:42:15,0.0,0.0
SPX,2027-05-21,273,Put,7200.0,SPX270521P07200000,231.3,232.6,231.95,228.11,0.0,0.0,0.0,3912.0,0.1969,-0.269,0.0002,21.8657,-0.7663,-17.0231,231.7068,0.0,0.0,0.0,240.849998474121,down,2026-08-19T12:07:55,0.0,0.0
SPX,2027-05-21,273,Call,7225.0,SPX270521C07225000,876.3,879.0,877.65,975.89,0.0,0.0,0.0,517.0,0.1956,0.7278,0.0003,22.0931,-0.7164,35.0695,876.1916,0.0,0.0,0.0,863.350006103516,up,2026-08-14T14:33:18,0.0,0.0
SPX,2027-05-21,273,Put,7225.0,SPX270521P07225000,236.2,237.7,236.95,235.59,0.0,0.0,0.0,191.0,0.1956,-0.2748,0.0003,22.0931,-0.769,-17.395,236.7788,0.0,0.0,0.0,245.950004577637,down,2026-08-17T14:43:16,0.0,0.0
SPX,2027-05-21,273,Call,7250.0,SPX270521C07250000,857.3,859.8,858.55,899.16,0.0,0.0,0.0,98.0,0.1941,0.7219,0.0003,22.3168,-0.7209,34.8724,857.2013,0.0,0.0,0.0,844.449981689453,down,2026-08-19T14:50:30,0.0,0.0
SPX,2027-05-21,273,Put,7250.0,SPX270521P07250000,241.4,242.9,242.15,241.51,-9.69,-3.85749,60.0,202.0,0.1942,-0.2807,0.0003,22.3168,-0.7715,-17.7727,241.9724,241.71,241.81,241.51,251.200004577637,down,2026-08-21T12:16:09,0.0,0.0
SPX,2027-05-21,273,Call,7275.0,SPX270521C07275000,838.4,841.1,839.75,920.16,0.0,0.0,0.0,134.0,0.1929,0.7159,0.0003,22.5366,-0.7252,34.6704,838.3351,0.0,0.0,0.0,825.700012207031,up,2026-08-17T13:54:39,0.0,0.0
SPX,2027-05-21,273,Put,7275.0,SPX270521P07275000,246.7,248.2,247.45,253.86,0.0,0.0,0.0,123.0,0.1929,-0.2867,0.0003,22.5366,-0.7738,-18.1554,247.2901,0.0,0.0,0.0,256.649993896484,no_change,2026-08-20T11:39:04,0.0,0.0
SPX,2027-05-21,273,Call,7300.0,SPX270521C07300000,819.7,822.1,820.9000000000001,854.79,0.0,0.0,0.0,617.0,0.1915,0.7098,0.0003,22.7527,-0.7293,34.4633,819.595,0.0,0.0,0.0,807.0,down,2026-08-18T10:55:05,0.0,0.0
SPX,2027-05-21,273,Put,7300.0,SPX270521P07300000,252.1,253.6,252.85,261.52,0.0,0.0,0.0,948.0,0.1916,-0.2928,0.0003,22.7527,-0.7759,-18.5432,252.7339,0.0,0.0,0.0,262.299987792969,up,2026-08-20T15:09:15,0.0,0.0
SPX,2027-05-21,273,Call,7325.0,SPX270521C07325000,801.0,803.7,802.35,882.13,0.0,0.0,0.0,86.0,0.1903,0.7036,0.0003,22.9657,-0.7332,34.2502,800.9835,0.0,0.0,0.0,788.5,up,2026-08-17T13:54:30,0.0,0.0
SPX,2027-05-21,273,Put,7325.0,SPX270521P07325000,257.8,259.1,258.45000000000005,257.69,-10.06,-3.75724,14.0,110.0,0.1903,-0.299,0.0003,22.9657,-0.7778,-18.937,258.3063,261.08,261.08,257.69,267.75,down,2026-08-21T13:51:29,0.0,0.0
SPX,2027-05-21,273,Call,7350.0,SPX270521C07350000,782.5,784.9,783.7,862.68,0.0,0.0,0.0,1221.0,0.1889,0.6972,0.0003,23.176,-0.7368,34.0292,782.5038,0.0,0.0,0.0,770.149993896484,down,2026-08-17T13:55:07,0.0,0.0
SPX,2027-05-21,273,Put,7350.0,SPX270521P07350000,263.3,264.8,264.05,267.82,-5.73,-2.09468,4.0,806.0,0.1889,-0.3054,0.0003,23.176,-0.7794,-19.3387,264.0105,266.45,267.82,266.45,273.550003051758,up,2026-08-21T10:13:36,0.0,0.0
SPX,2027-05-21,273,Call,7375.0,SPX270521C07375000,764.1,766.8,765.45,844.31,0.0,0.0,0.0,991.0,0.1876,0.6907,0.0003,23.384,-0.7403,33.7983,764.1597,0.0,0.0,0.0,751.899993896484,down,2026-08-17T13:48:30,0.0,0.0
SPX,2027-05-21,273,Put,7375.0,SPX270521P07375000,269.1,270.6,269.85,273.37,-6.18,-2.2107,2.0,361.0,0.1876,-0.3119,0.0003,23.384,-0.7809,-19.7503,269.8504,273.37,273.37,273.37,279.550003051758,up,2026-08-21T10:18:23,0.0,0.0
SPX,2027-05-21,273,Call,7400.0,SPX270521C07400000,745.9,748.3,747.0999999999999,752.54,18.74,2.55383,1.0,5682.0,0.1863,0.6841,0.0003,23.5896,-0.7435,33.5561,745.956,752.54,752.54,752.54,733.799987792969,down,2026-08-21T15:46:16,0.0,0.0
SPX,2027-05-21,273,Put,7400.0,SPX270521P07400000,275.2,276.5,275.85,272.99,-12.66,-4.432,1.0,1451.0,0.1863,-0.3185,0.0003,23.5896,-0.7821,-20.1732,275.8306,272.99,272.99,272.99,285.650009155273,down,2026-08-21T15:46:16,0.0,0.0
SPX,2027-05-21,273,Call,7425.0,SPX270521C07425000,727.7,730.4,729.05,845.9,0.0,0.0,0.0,846.0,0.185,0.6774,0.0003,23.7919,-0.7464,33.3023,727.8977,0.0,0.0,0.0,715.799987792969,up,2026-08-13T10:11:27,0.0,0.0
SPX,2027-05-21,273,Put,7425.0,SPX270521P07425000,281.1,282.6,281.85,273.98,0.0,0.0,0.0,469.0,0.185,-0.3252,0.0003,23.7919,-0.7831,-20.6077,281.9562,0.0,0.0,0.0,291.800003051758,up,2026-08-17T12:45:44,0.0,0.0
SPX,2027-05-21,273,Call,7450.0,SPX270521C07450000,709.8,712.2,711.0,802.32,0.0,0.0,0.0,2728.0,0.1836,0.6705,0.0003,23.9899,-0.7492,33.0376,709.9899,0.0,0.0,0.0,698.0,down,2026-08-17T09:56:36,0.0,0.0
SPX,2027-05-21,273,Put,7450.0,SPX270521P07450000,287.5,288.8,288.15,287.6,-10.45,-3.50612,24.0,1104.0,0.1837,-0.3321,0.0003,23.9899,-0.7838,-21.0531,288.2323,292.06,292.06,287.1,298.050003051758,up,2026-08-21T11:05:54,0.0,0.0
SPX,2027-05-21,273,Call,7475.0,SPX270521C07475000,691.9,694.6,693.25,734.7,0.0,0.0,0.0,1113.0,0.1824,0.6635,0.0003,24.1824,-0.7516,32.7645,692.2368,0.0,0.0,0.0,680.299987792969,down,2026-08-18T10:07:05,0.0,0.0
SPX,2027-05-21,273,Put,7475.0,SPX270521P07475000,293.7,295.2,294.45,299.51,0.0,0.0,0.0,113.0,0.1824,-0.3391,0.0003,24.1824,-0.7843,-21.5068,294.6631,0.0,0.0,0.0,304.599990844727,down,2026-08-18T13:40:16,0.0,0.0
SPX,2027-05-21,273,Call,7500.0,SPX270521C07500000,674.3,676.7,675.5,746.75,0.0,0.0,0.0,7079.0,0.181,0.6564,0.0003,24.3683,-0.7538,32.4848,674.6422,0.0,0.0,0.0,662.850006103516,down,2026-08-12T10:48:48,0.0,0.0
SPX,2027-05-21,273,Put,7500.0,SPX270521P07500000,300.3,301.7,301.0,313.7,0.0,0.0,0.0,2207.0,0.181,-0.3462,0.0003,24.3683,-0.7845,-21.9673,301.2524,0.0,0.0,0.0,311.399993896484,up,2026-08-20T16:13:51,0.0,0.0
SPX,2027-05-21,273,Call,7525.0,SPX270521C07525000,656.8,659.5,658.15,663.77,18.72,2.9021,2.0,71.0,0.1798,0.6491,0.0003,24.5473,-0.7557,32.2,657.209,663.79,663.79,663.77,645.049987792969,down,2026-08-21T11:05:00,0.0,0.0
SPX,2027-05-21,273,Put,7525.0,SPX270521P07525000,307.1,308.4,307.75,312.06,-6.04,-1.89877,5.0,179.0,0.1798,-0.3535,0.0003,24.5473,-0.7844,-22.4327,308.0032,312.06,312.06,312.06,318.099990844727,no_change,2026-08-21T10:04:30,0.0,0.0
SPX,2027-05-21,273,Call,7550.0,SPX270521C07550000,639.7,641.4,640.55,732.28,0.0,0.0,0.0,1933.0,0.1785,0.6417,0.0003,24.7194,-0.7573,31.9101,639.9403,0.0,0.0,0.0,628.0,up,2026-08-10T10:31:33,0.0,0.0
SPX,2027-05-21,273,Put,7550.0,SPX270521P07550000,314.0,315.2,314.6,311.6,-13.4,-4.12308,130.0,963.0,0.1785,-0.3609,0.0003,24.7194,-0.784,-22.9034,314.9184,311.31,311.6,311.31,325.0,up,2026-08-21T15:47:26,0.0,0.0
SPX,2027-05-21,273,Call,7575.0,SPX270521C07575000,622.5,624.4,623.45,623.0,12.1,1.98069,2.0,1189.0,0.1772,0.6342,0.0003,24.8848,-0.7587,31.6132,622.8395,623.0,623.0,623.0,610.899993896484,down,2026-08-21T10:08:53,0.0,0.0
SPX,2027-05-21,273,Put,7575.0,SPX270521P07575000,320.8,322.3,321.55,325.91,-6.34,-1.9082,7.0,113.0,0.1772,-0.3684,0.0003,24.8848,-0.7834,-23.3809,322.0014,324.4,325.91,324.4,332.25,up,2026-08-21T10:36:50,0.0,0.0
SPX,2027-05-21,273,Call,7600.0,SPX270521C07600000,605.5,607.4,606.45,707.41,0.0,0.0,0.0,1821.0,0.1759,0.6266,0.0003,25.0441,-0.7597,31.3068,605.911,0.0,0.0,0.0,594.200012207031,down,2026-08-13T12:58:52,0.0,0.0
SPX,2027-05-21,273,Put,7600.0,SPX270521P07600000,328.2,329.5,328.85,339.6,0.0,0.0,0.0,1345.0,0.1759,-0.376,0.0003,25.0441,-0.7824,-23.868,329.257,0.0,0.0,0.0,339.5,no_change,2026-08-20T15:32:11,0.0,0.0
SPX,2027-05-21,273,Call,7625.0,SPX270521C07625000,588.7,590.5,589.6,622.72,0.0,0.0,0.0,19.0,0.1747,0.6188,0.0003,25.197,-0.7604,30.9883,589.1609,0.0,0.0,0.0,577.450012207031,down,2026-08-18T10:55:05,0.0,0.0
SPX,2027-05-21,273,Put,7625.0,SPX270521P07625000,335.4,336.9,336.15,336.14,-10.86,-3.12968,5.0,925.0,0.1746,-0.3838,0.0003,25.197,-0.7812,-24.3672,336.6908,336.14,336.14,336.14,347.0,no_change,2026-08-21T11:03:02,0.0,0.0
SPX,2027-05-21,273,Call,7650.0,SPX270521C07650000,572.1,574.0,573.05,578.37,17.27,3.07788,3.0,545.0,0.1734,0.6108,0.0003,25.3431,-0.7608,30.6563,572.5959,578.37,578.37,578.37,561.100006103516,no_change,2026-08-21T11:06:57,0.0,0.0
SPX,2027-05-21,273,Put,7650.0,SPX270521P07650000,343.0,344.4,343.7,341.1,-13.65,-3.84778,2.0,132.0,0.1734,-0.3918,0.0003,25.3431,-0.7796,-24.8799,344.3097,341.52,341.52,341.1,354.75,down,2026-08-21T15:32:22,0.0,0.0
SPX,2027-05-21,273,Call,7675.0,SPX270521C07675000,555.7,557.5,556.6,593.89,0.0,0.0,0.0,18.0,0.1722,0.6028,0.0003,25.4815,-0.7609,30.3117,556.2228,0.0,0.0,0.0,544.799987792969,down,2026-08-19T14:50:30,0.0,0.0
SPX,2027-05-21,273,Put,7675.0,SPX270521P07675000,350.9,352.2,351.54999999999995,349.02,-13.78,-3.79824,1.0,119.0,0.1722,-0.3998,0.0003,25.4815,-0.7777,-25.4052,352.1205,349.02,349.02,349.02,362.800003051758,down,2026-08-21T15:22:35,0.0,0.0
SPX,2027-05-21,273,Call,7700.0,SPX270521C07700000,539.5,541.3,540.4,524.78,0.0,0.0,0.0,1595.0,0.1709,0.5946,0.0003,25.611,-0.7607,29.9574,540.0477,0.0,0.0,0.0,529.100006103516,down,2026-08-20T16:14:54,0.0,0.0
SPX,2027-05-21,273,Put,7700.0,SPX270521P07700000,358.7,360.2,359.45,358.8,-11.95,-3.2232,2.0,1882.0,0.1709,-0.408,0.0003,25.611,-0.7755,-25.9402,360.1294,358.89,358.89,358.8,370.75,down,2026-08-21T12:46:12,0.0,0.0
SPX,2027-05-21,273,Call,7725.0,SPX270521C07725000,523.5,525.3,524.4,556.2,0.0,0.0,0.0,20.0,0.1697,0.5863,0.0004,25.7306,-0.7601,29.5964,524.0759,0.0,0.0,0.0,512.899993896484,down,2026-08-19T09:49:46,0.0,0.0
SPX,2027-05-21,273,Put,7725.0,SPX270521P07725000,366.9,368.4,367.65,377.9,0.0,0.0,0.0,277.0,0.1697,-0.4163,0.0004,25.7306,-0.7729,-26.4818,368.3415,0.0,0.0,0.0,379.149993896484,up,2026-08-20T14:56:55,0.0,0.0
SPX,2027-05-21,273,Call,7750.0,SPX270521C07750000,507.7,509.6,508.65,513.64,16.24,3.26498,3.0,525.0,0.1685,0.5779,0.0004,25.8399,-0.7592,29.2312,508.3114,513.64,513.64,513.64,497.400009155273,no_change,2026-08-21T11:06:57,0.0,0.0
SPX,2027-05-21,273,Put,7750.0,SPX270521P07750000,375.4,376.8,376.1,374.63,-13.17,-3.39608,30.0,393.0,0.1684,-0.4247,0.0004,25.8399,-0.77,-27.0278,376.7609,374.83,375.08,374.61,387.799987792969,down,2026-08-21T12:16:09,0.0,0.0
SPX,2027-05-21,273,Call,7775.0,SPX270521C07775000,492.2,494.0,493.1,527.1,0.0,0.0,0.0,121.0,0.1673,0.5693,0.0004,25.9386,-0.7579,28.8616,492.7581,0.0,0.0,0.0,481.900009155273,down,2026-08-19T09:50:14,0.0,0.0
SPX,2027-05-21,273,Put,7775.0,SPX270521P07775000,384.0,385.5,384.75,380.1,-16.45,-4.14828,1.0,342.0,0.1672,-0.4333,0.0004,25.9386,-0.7667,-27.5781,385.3914,380.1,380.1,380.1,396.550003051758,down,2026-08-21T11:44:45,0.0,0.0
SPX,2027-05-21,273,Call,7800.0,SPX270521C07800000,476.8,478.7,477.75,516.6,0.0,0.0,0.0,1265.0,0.1661,0.5606,0.0004,26.0269,-0.7563,28.485,477.4207,0.0,0.0,0.0,466.850006103516,up,2026-08-19T14:05:30,0.0,0.0
SPX,2027-05-21,273,Put,7800.0,SPX270521P07800000,392.9,394.3,393.6,388.1,0.0,0.0,0.0,1702.0,0.166,-0.442,0.0004,26.0269,-0.7631,-28.1354,394.238,0.0,0.0,0.0,405.5,up,2026-08-19T09:31:59,0.0,0.0
SPX,2027-05-21,273,Call,7825.0,SPX270521C07825000,461.7,463.7,462.7,454.2,0.0,0.0,0.0,153.0,0.1649,0.5518,0.0004,26.1044,-0.7543,28.0977,462.3059,0.0,0.0,0.0,451.699996948242,down,2026-08-20T15:20:10,0.0,0.0
SPX,2027-05-21,273,Put,7825.0,SPX270521P07825000,401.9,403.4,402.65,405.8,-8.9,-2.14613,3.0,226.0,0.1649,-0.4508,0.0004,26.1044,-0.7592,-28.7033,403.3072,405.7,405.8,405.7,414.699996948242,no_change,2026-08-21T10:07:59,0.0,0.0
SPX,2027-05-21,273,Call,7850.0,SPX270521C07850000,446.9,448.8,447.85,484.62,0.0,0.0,0.0,559.0,0.1638,0.5428,0.0004,26.1707,-0.752,27.697,447.4217,0.0,0.0,0.0,437.099990844727,up,2026-08-19T09:53:49,0.0,0.0
SPX,2027-05-21,273,Put,7850.0,SPX270521P07850000,411.2,412.7,411.95,418.07,0.0,0.0,0.0,283.0,0.1637,-0.4598,0.0004,26.1707,-0.7548,-29.2848,412.6067,0.0,0.0,0.0,424.100006103516,down,2026-08-20T13:55:19,0.0,0.0
SPX,2027-05-21,273,Call,7875.0,SPX270521C07875000,432.3,434.2,433.25,426.48,0.0,0.0,0.0,521.0,0.1627,0.5338,0.0004,26.2251,-0.7492,27.2824,432.7765,0.0,0.0,0.0,422.549987792969,up,2026-08-20T15:08:15,0.0,0.0
SPX,2027-05-21,273,Put,7875.0,SPX270521P07875000,420.8,422.3,421.55,421.16,-12.74,-2.93616,4.0,295.0,0.1626,-0.4688,0.0004,26.2251,-0.7501,-29.88,422.1456,421.5,421.5,420.51,433.900009155273,up,2026-08-21T14:24:57,0.0,0.0
SPX,2027-05-21,273,Call,7900.0,SPX270521C07900000,417.9,419.8,418.85,423.0,14.55,3.56225,1.0,507.0,0.1615,0.5246,0.0004,26.2668,-0.7462,26.8572,418.3788,423.0,423.0,423.0,408.449996948242,up,2026-08-21T15:46:16,0.0,0.0
SPX,2027-05-21,273,Put,7900.0,SPX270521P07900000,430.6,432.1,431.35,427.1,-16.7,-3.76296,80.0,260.0,0.1614,-0.478,0.0004,26.2668,-0.745,-30.4859,431.9318,429.78,429.79,427.1,443.800003051758,down,2026-08-21T15:46:16,0.0,0.0
SPX,2027-05-21,273,Call,7925.0,SPX270521C07925000,403.8,405.9,404.85,418.6,0.0,0.0,0.0,144.0,0.1605,0.5153,0.0004,26.2955,-0.7427,26.4257,404.2351,0.0,0.0,0.0,394.400009155273,down,2026-08-20T10:41:56,0.0,0.0
SPX,2027-05-21,273,Put,7925.0,SPX270521P07925000,440.6,442.2,441.4,452.55,0.0,0.0,0.0,164.0,0.1603,-0.4873,0.0004,26.2955,-0.7396,-31.0981,441.9719,0.0,0.0,0.0,454.050003051758,down,2026-08-20T15:29:03,0.0,0.0
SPX,2027-05-21,273,Call,7950.0,SPX270521C07950000,390.3,391.9,391.1,416.1,0.0,0.0,0.0,1403.0,0.1593,0.506,0.0004,26.3109,-0.7389,25.9919,390.3501,0.0,0.0,0.0,380.800003051758,down,2026-08-18T15:15:30,0.0,0.0
SPX,2027-05-21,273,Put,7950.0,SPX270521P07950000,450.8,452.6,451.70000000000005,455.23,0.0,0.0,0.0,163.0,0.1592,-0.4966,0.0004,26.3109,-0.7338,-31.7126,452.2709,0.0,0.0,0.0,464.5,down,2026-08-18T11:41:29,0.0,0.0
SPX,2027-05-21,273,Call,7975.0,SPX270521C07975000,376.7,378.3,377.5,367.7,0.0,0.0,0.0,130.0,0.1583,0.4965,0.0004,26.3129,-0.7347,25.5562,376.7281,0.0,0.0,0.0,367.300003051758,down,2026-08-20T15:45:16,0.0,0.0
SPX,2027-05-21,273,Put,7975.0,SPX270521P07975000,461.5,463.2,462.35,428.19,0.0,0.0,0.0,19.0,0.1581,-0.5061,0.0004,26.3129,-0.7276,-32.329,462.8328,0.0,0.0,0.0,475.25,down,2026-08-13T10:47:14,0.0,0.0
SPX,2027-05-21,273,Call,8000.0,SPX270521C08000000,363.3,364.9,364.1,361.94,7.74,2.18521,4.0,4402.0,0.1572,0.4869,0.0004,26.3011,-0.7301,25.1156,363.3739,368.64,368.64,361.94,354.199996948242,down,2026-08-21T14:38:31,0.0,0.0
SPX,2027-05-21,273,Put,8000.0,SPX270521P08000000,472.3,474.0,473.15,473.82,-12.43,-2.5563,2.0,1286.0,0.157,-0.5157,0.0004,26.3011,-0.7211,-32.9502,473.6626,472.71,473.82,472.71,486.25,up,2026-08-21T14:38:31,0.0,0.0
SPX,2027-05-21,273,Call,8025.0,SPX270521C08025000,350.4,351.9,351.15,348.5,0.0,0.0,0.0,181.0,0.1562,0.4773,0.0004,26.2746,-0.7252,24.6657,350.2943,0.0,0.0,0.0,341.25,no_change,2026-08-20T13:46:05,0.0,0.0
SPX,2027-05-21,273,Put,8025.0,SPX270521P08025000,483.4,485.2,484.29999999999995,484.57,0.0,0.0,0.0,140.0,0.1561,-0.5253,0.0004,26.2746,-0.7141,-33.5808,484.7668,0.0,0.0,0.0,497.549987792969,down,2026-08-20T13:03:19,0.0,0.0
SPX,2027-05-21,273,Call,8050.0,SPX270521C08050000,337.5,339.2,338.35,366.6,0.0,0.0,0.0,380.0,0.1552,0.4676,0.0004,26.2324,-0.7199,24.2035,337.4973,0.0,0.0,0.0,328.75,down,2026-08-18T13:31:50,0.0,0.0
SPX,2027-05-21,273,Put,8050.0,SPX270521P08050000,494.8,496.6,495.70000000000005,474.75,0.0,0.0,0.0,467.0,0.155,-0.535,0.0004,26.2323,-0.7069,-34.2238,496.1538,0.0,0.0,0.0,509.100006103516,down,2026-08-11T10:46:14,0.0,0.0
SPX,2027-05-21,273,Call,8075.0,SPX270521C08075000,325.2,326.8,326.0,314.0,0.0,0.0,0.0,88.0,0.1542,0.4578,0.0004,26.1739,-0.7143,23.7295,324.9915,0.0,0.0,0.0,316.350006103516,no_change,2026-08-20T15:58:45,0.0,0.0
SPX,2027-05-21,273,Put,8075.0,SPX270521P08075000,506.5,508.3,507.4,494.29,0.0,0.0,0.0,3.0,0.1541,-0.5448,0.0004,26.1739,-0.6993,-34.8784,507.8319,0.0,0.0,0.0,520.899993896484,up,2026-08-11T14:03:13,0.0,0.0
SPX,2027-05-21,273,Call,8100.0,SPX270521C08100000,313.0,314.5,313.75,345.96,0.0,0.0,0.0,5452.0,0.1532,0.448,0.0004,26.0996,-0.7083,23.2493,312.7835,0.0,0.0,0.0,304.300003051758,down,2026-08-19T12:57:12,0.0,0.0
SPX,2027-05-21,273,Put,8100.0,SPX270521P08100000,518.5,520.3,519.4,531.02,0.0,0.0,0.0,386.0,0.1531,-0.5546,0.0004,26.0995,-0.6913,-35.5394,519.8078,0.0,0.0,0.0,533.049987792969,up,2026-08-20T15:09:15,0.0,0.0
SPX,2027-05-21,273,Call,8125.0,SPX270521C08125000,301.1,302.6,301.85,333.46,0.0,0.0,0.0,321.0,0.1523,0.4381,0.0004,26.0101,-0.7019,22.7683,300.8771,0.0,0.0,0.0,292.549987792969,up,2026-08-19T12:57:12,0.0,0.0
SPX,2027-05-21,273,Put,8125.0,SPX270521P08125000,530.8,532.6,531.7,530.44,-15.06,-2.76077,16.0,62.0,0.1521,-0.5645,0.0004,26.0101,-0.6829,-36.201,532.0854,536.42,536.42,530.44,545.5,down,2026-08-21T13:51:29,0.0,0.0
SPX,2027-05-21,273,Call,8150.0,SPX270521C08150000,289.5,291.0,290.25,280.7,0.0,0.0,0.0,452.0,0.1513,0.4282,0.0004,25.9065,-0.6953,22.2899,289.2738,0.0,0.0,0.0,281.149993896484,up,2026-08-20T15:47:05,0.0,0.0
SPX,2027-05-21,273,Put,8150.0,SPX270521P08150000,543.3,545.1,544.2,522.5,0.0,0.0,0.0,229.0,0.1512,-0.5744,0.0004,25.9065,-0.6743,-36.8602,544.6659,0.0,0.0,0.0,558.25,down,2026-08-19T12:13:47,0.0,0.0
SPX,2027-05-21,273,Call,8175.0,SPX270521C08175000,278.2,279.7,278.95,309.89,0.0,0.0,0.0,224.0,0.1504,0.4182,0.0004,25.7885,-0.6882,21.8125,277.9742,0.0,0.0,0.0,269.950012207031,up,2026-08-19T13:14:34,0.0,0.0
SPX,2027-05-21,273,Put,8175.0,SPX270521P08175000,556.2,558.0,557.1,538.0,0.0,0.0,0.0,73.0,0.1503,-0.5844,0.0004,25.7885,-0.6653,-37.5182,557.5503,0.0,0.0,0.0,571.25,no_change,2026-08-19T11:29:41,0.0,0.0
SPX,2027-05-21,273,Call,8200.0,SPX270521C08200000,267.2,268.7,267.95,265.6,6.35,2.44937,3.0,1722.0,0.1495,0.4083,0.0004,25.655,-0.6809,21.3313,266.9805,265.6,265.6,265.6,259.25,down,2026-08-21T10:49:49,0.0,0.0
SPX,2027-05-21,273,Put,8200.0,SPX270521P08200000,569.3,571.1,570.2,582.24,0.0,0.0,0.0,70.0,0.1494,-0.5943,0.0004,25.655,-0.656,-38.1801,570.7405,0.0,0.0,0.0,584.600006103516,up,2026-08-20T14:47:58,0.0,0.0
SPX,2027-05-21,273,Call,8225.0,SPX270521C08225000,256.5,258.0,257.25,262.29,13.74,5.52806,6.0,348.0,0.1487,0.3984,0.0004,25.5043,-0.6733,20.842,256.296,262.38,262.47,261.64,248.549995422363,down,2026-08-21T12:16:58,0.0,0.0
SPX,2027-05-21,273,Put,8225.0,SPX270521P08225000,582.8,584.6,583.7,579.87,0.0,0.0,0.0,74.0,0.1486,-0.6042,0.0004,25.5043,-0.6464,-38.8501,584.24,0.0,0.0,0.0,598.25,up,2026-08-18T12:19:41,0.0,0.0
SPX,2027-05-21,273,Call,8250.0,SPX270521C08250000,246.1,247.5,246.8,248.0,9.6,4.02684,2.0,909.0,0.1479,0.3884,0.0004,25.3355,-0.6654,20.3444,245.9244,248.0,248.0,248.0,238.400001525879,down,2026-08-21T15:32:59,0.0,0.0
SPX,2027-05-21,273,Put,8250.0,SPX270521P08250000,596.4,598.3,597.3499999999999,574.48,0.0,0.0,0.0,142.0,0.1477,-0.6142,0.0004,25.3355,-0.6365,-39.5284,598.0522,0.0,0.0,0.0,612.050018310547,down,2026-08-17T16:11:53,0.0,0.0
SPX,2027-05-21,273,Call,8275.0,SPX270521C08275000,236.0,237.4,236.7,275.86,0.0,0.0,0.0,66.0,0.1471,0.3785,0.0004,25.1496,-0.6572,19.8437,235.8671,0.0,0.0,0.0,228.349998474121,down,2026-08-19T11:10:15,0.0,0.0
SPX,2027-05-21,273,Put,8275.0,SPX270521P08275000,610.5,612.4,611.45,577.83,0.0,0.0,0.0,30.0,0.147,-0.6241,0.0004,25.1496,-0.6263,-40.2098,612.1789,0.0,0.0,0.0,626.349975585938,up,2026-08-17T13:05:37,0.0,0.0
SPX,2027-05-21,273,Call,8300.0,SPX270521C08300000,226.2,227.6,226.89999999999998,222.75,3.9,1.78204,3.0,1321.0,0.1463,0.3687,0.0004,24.9487,-0.6487,19.3463,226.1224,222.75,222.75,222.75,218.849998474121,down,2026-08-21T10:40:36,0.0,0.0
SPX,2027-05-21,273,Put,8300.0,SPX270521P08300000,624.9,626.7,625.8,578.99,0.0,0.0,0.0,187.0,0.1462,-0.6339,0.0004,24.9487,-0.6158,-40.8879,626.618,0.0,0.0,0.0,640.799987792969,up,2026-08-13T13:28:28,0.0,0.0
SPX,2027-05-21,273,Call,8325.0,SPX270521C08325000,216.8,218.1,217.45,219.77,10.42,4.97731,5.0,367.0,0.1456,0.3588,0.0004,24.7354,-0.6399,18.8563,216.685,214.6,219.77,214.6,209.349998474121,up,2026-08-21T11:12:07,0.0,0.0
SPX,2027-05-21,273,Put,8325.0,SPX270521P08325000,639.5,641.4,640.45,742.0,0.0,0.0,0.0,16.0,0.1454,-0.6438,0.0004,24.7354,-0.605,-41.5585,641.3646,0.0,0.0,0.0,655.5,up,2026-06-01T11:08:19,0.0,0.0
SPX,2027-05-21,273,Call,8350.0,SPX270521C08350000,207.6,209.0,208.3,220.44,0.0,0.0,0.0,1255.0,0.1448,0.3491,0.0004,24.5102,-0.6309,18.3724,207.5495,0.0,0.0,0.0,200.449996948242,up,2026-08-20T11:07:51,0.0,0.0
SPX,2027-05-21,273,Put,8350.0,SPX270521P08350000,654.4,656.6,655.5,628.8,0.0,0.0,0.0,18.0,0.1447,-0.6535,0.0004,24.5102,-0.594,-42.2231,656.413,0.0,0.0,0.0,670.600006103516,no_change,2026-08-07T10:20:47,0.0,0.0
SPX,2027-05-21,273,Call,8375.0,SPX270521C08375000,198.7,200.1,199.39999999999998,234.8,0.0,0.0,0.0,145.0,0.1442,0.3394,0.0004,24.2718,-0.6217,17.8895,198.7111,0.0,0.0,0.0,191.75,up,2026-08-19T10:57:00,0.0,0.0
SPX,2027-05-21,273,Put,8375.0,SPX270521P08375000,669.7,672.1,670.9000000000001,876.7,0.0,0.0,0.0,4.0,0.144,-0.6632,0.0004,24.2718,-0.5828,-42.8868,671.7585,0.0,0.0,0.0,686.0,down,2026-05-21T12:57:05,0.0,0.0
SPX,2027-05-21,273,Call,8400.0,SPX270521C08400000,190.1,191.4,190.75,189.31,6.06,3.30696,21.0,489.0,0.1435,0.3298,0.0004,24.0178,-0.6122,17.403,190.1669,186.86,189.31,186.86,183.25,up,2026-08-21T14:21:29,0.0,0.0
SPX,2027-05-21,273,Put,8400.0,SPX270521P08400000,685.2,687.5,686.35,699.22,0.0,0.0,0.0,277.0,0.1433,-0.6728,0.0004,24.0178,-0.5713,-43.554,687.3983,0.0,0.0,0.0,701.950012207031,up,2026-08-20T15:09:15,0.0,0.0
SPX,2027-05-21,273,Call,8425.0,SPX270521C08425000,181.8,183.2,182.5,180.15,5.0,2.8547,7.0,506.0,0.1429,0.3203,0.0004,23.7468,-0.6025,16.9128,181.9148,180.72,180.72,180.15,175.150001525879,down,2026-08-21T14:32:25,0.0,0.0
SPX,2027-05-21,273,Put,8425.0,SPX270521P08425000,701.1,703.6,702.35,700.43,-17.37,-2.4199,7.0,3.0,0.1427,-0.6823,0.0004,23.7468,-0.5596,-44.2249,703.33,706.5,706.5,700.43,717.800018310547,down,2026-08-21T13:51:29,0.0,0.0
SPX,2027-05-21,273,Call,8450.0,SPX270521C08450000,173.8,174.9,174.35000000000002,174.5,7.25,4.33483,103.0,388.0,0.1423,0.3108,0.0004,23.4603,-0.5926,16.4244,173.9505,174.37,174.5,172.2,167.25,no_change,2026-08-21T15:19:41,0.0,0.0
SPX,2027-05-21,273,Put,8450.0,SPX270521P08450000,717.3,719.5,718.4,707.29,0.0,0.0,0.0,10.0,0.142,-0.6918,0.0004,23.4603,-0.5477,-44.8939,719.5497,0.0,0.0,0.0,734.299987792969,up,2026-08-18T15:29:38,0.0,0.0
SPX,2027-05-21,273,Call,8475.0,SPX270521C08475000,166.0,167.2,166.6,167.62,7.97,4.99217,21.0,142.0,0.1417,0.3015,0.0004,23.1616,-0.5824,15.944,166.2672,165.15,169.13,164.35,159.650001525879,down,2026-08-21T15:43:02,0.0,0.0
SPX,2027-05-21,273,Put,8475.0,SPX270521P08475000,733.7,736.1,734.9000000000001,740.52,-10.18,-1.35607,1.0,3.0,0.1415,-0.7011,0.0004,23.1616,-0.5356,-45.555,736.0503,740.52,740.52,740.52,750.700012207031,up,2026-08-21T10:18:23,0.0,0.0
SPX,2027-05-21,273,Call,8500.0,SPX270521C08500000,158.6,159.9,159.25,160.98,8.58,5.62993,200.0,2678.0,0.1411,0.2923,0.0004,22.8542,-0.5721,15.4748,158.8558,165.45,165.45,157.94,152.399993896484,up,2026-08-21T15:50:20,0.0,0.0
SPX,2027-05-21,273,Put,8500.0,SPX270521P08500000,750.5,752.7,751.6,717.5,0.0,0.0,0.0,319.0,0.1409,-0.7103,0.0004,22.8542,-0.5233,-46.2049,752.8228,0.0,0.0,0.0,767.599975585938,down,2026-08-19T12:13:47,0.0,0.0
SPX,2027-05-21,273,Call,8525.0,SPX270521C08525000,151.4,152.7,152.05,170.6,0.0,0.0,0.0,171.0,0.1405,0.2832,0.0004,22.5393,-0.5617,15.0146,151.7074,0.0,0.0,0.0,145.450004577637,up,2026-08-19T14:49:35,0.0,0.0
SPX,2027-05-21,273,Put,8525.0,SPX270521P08525000,767.5,769.9,768.7,874.8,0.0,0.0,0.0,2.0,0.1404,-0.7194,0.0004,22.5393,-0.5109,-46.8458,769.8584,0.0,0.0,0.0,784.800018310547,up,2026-07-15T12:33:42,0.0,0.0
SPX,2027-05-21,273,Call,8550.0,SPX270521C08550000,144.5,145.7,145.1,140.45,0.0,0.0,0.0,855.0,0.14,0.2743,0.0004,22.2152,-0.551,14.558,144.8152,0.0,0.0,0.0,138.650001525879,no_change,2026-08-20T14:51:54,0.0,0.0
SPX,2027-05-21,273,Put,8550.0,SPX270521P08550000,784.7,786.9,785.8,734.45,0.0,0.0,0.0,106.0,0.1398,-0.7283,0.0004,22.2152,-0.4982,-47.4831,787.1501,0.0,0.0,0.0,802.099975585938,up,2026-08-17T12:45:44,0.0,0.0
SPX,2027-05-21,273,Call,8575.0,SPX270521C08575000,137.9,139.0,138.45,156.35,0.0,0.0,0.0,64.0,0.1395,0.2654,0.0004,21.8791,-0.5402,14.1011,138.1746,0.0,0.0,0.0,132.099998474121,down,2026-08-19T14:43:32,0.0,0.0
SPX,2027-05-21,273,Put,8575.0,SPX270521P08575000,802.3,804.6,803.45,731.66,0.0,0.0,0.0,47.0,0.1393,-0.7372,0.0004,21.8791,-0.4855,-48.1207,804.6934,0.0,0.0,0.0,819.799987792969,down,2026-08-13T10:10:01,0.0,0.0
SPX,2027-05-21,273,Call,8600.0,SPX270521C08600000,131.5,132.6,132.05,127.5,0.0,0.0,0.0,1424.0,0.139,0.2567,0.0004,21.5293,-0.5293,13.6449,131.7816,0.0,0.0,0.0,125.850002288818,up,2026-08-20T15:29:21,0.0,0.0
SPX,2027-05-21,273,Put,8600.0,SPX270521P08600000,820.1,822.4,821.25,807.8,0.0,0.0,0.0,105.0,0.1388,-0.7459,0.0004,21.5293,-0.4726,-48.7576,822.4843,0.0,0.0,0.0,837.700012207031,up,2026-08-18T15:40:33,0.0,0.0
SPX,2027-05-21,273,Call,8625.0,SPX270521C08625000,125.4,126.5,125.95,141.0,0.0,0.0,0.0,179.0,0.1386,0.2482,0.0004,21.1674,-0.5183,13.1943,125.6306,0.0,0.0,0.0,119.900001525879,down,2026-08-19T15:06:36,0.0,0.0
SPX,2027-05-21,273,Put,8625.0,SPX270521P08625000,837.2,840.8,839.0,0.0,0.0,0.0,0.0,0.0,0.1383,-0.7544,0.0004,21.1674,-0.4596,-49.3888,840.5173,0.0,0.0,0.0,855.849975585938,no_change,,0.0,0.0
SPX,2027-05-21,273,Call,8650.0,SPX270521C08650000,119.5,120.5,120.0,127.78,0.0,0.0,0.0,680.0,0.1381,0.2398,0.0003,20.7974,-0.5071,12.7553,119.7143,0.0,0.0,0.0,114.199996948242,no_change,2026-08-20T10:24:00,0.0,0.0
SPX,2027-05-21,273,Put,8650.0,SPX270521P08650000,855.8,858.8,857.3,856.32,0.0,0.0,0.0,95.0,0.1378,-0.7628,0.0003,20.7974,-0.4464,-50.0085,858.7848,0.0,0.0,0.0,874.25,down,2026-08-20T12:09:26,0.0,0.0
SPX,2027-05-21,273,Call,8675.0,SPX270521C08675000,113.8,114.9,114.35,0.0,0.0,0.0,0.0,0.0,0.1377,0.2316,0.0003,20.4232,-0.4959,12.3293,114.0236,0.0,0.0,0.0,108.599998474121,no_change,,0.0,0.0
SPX,2027-05-21,273,Put,8675.0,SPX270521P08675000,873.9,877.5,875.7,0.0,0.0,0.0,0.0,0.0,0.1374,-0.771,0.0003,20.4232,-0.4332,-50.6152,877.278,0.0,0.0,0.0,892.849975585938,no_change,,0.0,0.0
SPX,2027-05-21,273,Call,8700.0,SPX270521C08700000,108.3,109.4,108.85,110.31,0.0,0.0,0.0,1634.0,0.1372,0.2234,0.0003,20.0463,-0.4846,11.9131,108.5506,0.0,0.0,0.0,103.300003051758,down,2026-08-20T13:09:38,0.0,0.0
SPX,2027-05-21,273,Put,8700.0,SPX270521P08700000,892.9,896.0,894.45,868.83,0.0,0.0,0.0,19.0,0.1369,-0.7792,0.0003,20.0463,-0.4199,-51.2121,895.989,0.0,0.0,0.0,911.75,down,2026-08-06T12:41:21,0.0,0.0
SPX,2027-05-21,273,Call,8725.0,SPX270521C08725000,103.1,104.2,103.65,152.3,0.0,0.0,0.0,47.0,0.1368,0.2155,0.0003,19.6648,-0.4732,11.5017,103.2898,0.0,0.0,0.0,98.2000007629394,up,2026-08-13T15:51:47,0.0,0.0
SPX,2027-05-21,273,Put,8725.0,SPX270521P08725000,911.5,915.2,913.35,0.0,0.0,0.0,0.0,0.0,0.1366,-0.7871,0.0003,19.6648,-0.4065,-51.8042,914.9121,0.0,0.0,0.0,930.799987792969,no_change,,0.0,0.0
SPX,2027-05-21,273,Call,8750.0,SPX270521C08750000,98.1,99.1,98.6,93.78,0.0,0.0,0.0,489.0,0.1364,0.2077,0.0003,19.2755,-0.4618,11.0924,98.2372,0.0,0.0,0.0,93.4500007629394,up,2026-08-20T14:36:06,0.0,0.0
SPX,2027-05-21,273,Put,8750.0,SPX270521P08750000,931.0,934.1,932.55,891.43,0.0,0.0,0.0,11.0,0.1361,-0.7949,0.0003,19.2755,-0.3931,-52.3942,934.0435,0.0,0.0,0.0,950.100006103516,up,2026-08-11T13:47:54,0.0,0.0
SPX,2027-05-21,273,Call,8775.0,SPX270521C08775000,93.3,94.3,93.8,88.8,0.0,0.0,0.0,7.0,0.1361,0.2001,0.0003,18.8768,-0.4503,10.687,93.3893,0.0,0.0,0.0,88.5999984741211,down,2026-08-20T15:44:03,0.0,0.0
SPX,2027-05-21,273,Put,8775.0,SPX270521P08775000,950.0,953.7,951.85,950.12,0.0,0.0,0.0,2.0,0.1358,-0.8025,0.0003,18.8768,-0.3796,-52.9803,953.3794,0.0,0.0,0.0,969.550018310547,up,2026-08-20T12:09:26,0.0,0.0
SPX,2027-05-21,273,Call,8800.0,SPX270521C08800000,88.7,89.7,89.2,87.74,3.49,4.14243,159.0,367.0,0.1357,0.1927,0.0003,18.4706,-0.4388,10.2907,88.7407,88.5,88.5,87.74,84.25,down,2026-08-21T14:30:21,0.0,0.0
SPX,2027-05-21,273,Put,8800.0,SPX270521P08800000,969.8,973.0,971.4,1149.08,0.0,0.0,0.0,59.0,0.1354,-0.8099,0.0003,18.4706,-0.3661,-53.5573,972.9147,0.0,0.0,0.0,989.25,up,2026-07-28T15:45:19,0.0,0.0
SPX,2027-05-21,273,Call,8850.0,SPX270521C08850000,80.0,80.9,80.45,82.72,0.0,0.0,0.0,161.0,0.135,0.1783,0.0003,17.6517,-0.4158,9.5376,80.0128,0.0,0.0,0.0,75.7999992370606,down,2026-08-20T12:06:23,0.0,0.0
SPX,2027-05-21,273,Put,8850.0,SPX270521P08850000,1009.4,1012.5,1010.95,0.0,0.0,0.0,0.0,0.0,0.1346,-0.8243,0.0003,17.6517,-0.3392,-54.6717,1012.5547,0.0,0.0,0.0,1029.20001220703,no_change,,0.0,0.0
SPX,2027-05-21,273,Call,8900.0,SPX270521C08900000,72.0,72.9,72.45,74.34,6.24,9.163,8.0,456.0,0.1344,0.1646,0.0003,16.8365,-0.393,8.8223,72.0001,71.77,74.38,71.77,68.0999984741211,down,2026-08-21T12:16:58,0.0,0.0
SPX,2027-05-21,273,Put,8900.0,SPX270521P08900000,1049.7,1053.1,1051.4,1229.03,0.0,0.0,0.0,25.0,0.134,-0.838,0.0003,16.8365,-0.3124,-55.7484,1052.9098,0.0,0.0,0.0,1069.84997558594,down,2026-06-29T15:21:18,0.0,0.0
SPX,2027-05-21,273,Call,9000.0,SPX270521C09000000,58.0,58.9,58.45,57.56,2.86,5.22852,4.0,540.0,0.1332,0.1394,0.0002,15.1754,-0.3482,7.4735,57.984,57.55,57.56,57.55,54.6999988555908,up,2026-08-21T10:24:15,0.0,0.0
SPX,2027-05-21,273,Put,9000.0,SPX270521P09000000,1132.4,1135.9,1134.15,1073.32,0.0,0.0,0.0,11.0,0.1326,-0.8632,0.0002,15.1754,-0.2597,-57.82,1135.6294,0.0,0.0,0.0,1153.04998779297,down,2026-08-17T13:37:05,0.0,0.0
SPX,2027-05-21,273,Call,9100.0,SPX270521C09100000,46.3,47.1,46.7,43.84,0.0,0.0,0.0,397.0,0.132,0.117,0.0002,13.5516,-0.3053,6.2865,46.3626,0.0,0.0,0.0,43.5,up,2026-08-20T14:36:06,0.0,0.0
SPX,2027-05-21,273,Put,9100.0,SPX270521P09100000,1217.4,1220.9,1219.15,0.0,0.0,0.0,0.0,0.0,0.1314,-0.8856,0.0002,13.5516,-0.2088,-59.7298,1220.7437,0.0,0.0,0.0,1238.54998779297,no_change,,0.0,0.0
SPX,2027-05-21,273,Call,9200.0,SPX270521C09200000,36.7,37.5,37.1,35.06,0.0,0.0,0.0,306.0,0.131,0.0974,0.0002,11.9684,-0.265,5.2385,36.842,0.0,0.0,0.0,34.4499988555908,no_change,2026-08-20T15:08:15,0.0,0.0
SPX,2027-05-21,273,Put,9200.0,SPX270521P09200000,1304.3,1308.1,1306.1999999999998,0.0,0.0,0.0,0.0,0.0,0.1302,-0.9052,0.0002,11.9684,-0.1606,-61.5006,1307.9587,0.0,0.0,0.0,1326.09997558594,no_change,,0.0,0.0
SPX,2027-05-21,273,Call,9300.0,SPX270521C09300000,28.9,29.6,29.25,28.64,1.64,6.07407,162.0,248.0,0.13,0.0805,0.0002,10.4882,-0.228,4.3287,29.1164,28.96,29.01,28.64,27.0,down,2026-08-21T14:30:21,0.0,0.0
SPX,2027-05-21,273,Put,9300.0,SPX270521P09300000,1393.1,1397.0,1395.05,1518.21,0.0,0.0,0.0,3.0,0.1291,-0.9221,0.0002,10.4882,-0.1156,-63.1331,1396.9688,0.0,0.0,0.0,1415.35003662109,up,2026-05-27T13:40:32,0.0,0.0
SPX,2027-05-21,273,Call,9400.0,SPX270521C09400000,22.6,23.4,23.0,23.19,2.09,9.90522,303.0,468.0,0.1293,0.0661,0.0001,9.1075,-0.1946,3.5613,22.9238,22.88,24.25,22.58,21.0999994277954,up,2026-08-21T15:50:20,0.0,0.0
SPX,2027-05-21,273,Put,9400.0,SPX270521P09400000,1483.4,1487.4,1485.4,0.0,0.0,0.0,0.0,0.0,0.1279,-0.9365,0.0001,9.1075,-0.0743,-64.6232,1487.5119,0.0,0.0,0.0,1506.0,no_change,,0.0,0.0
SPX,2027-05-21,273,Call,9500.0,SPX270521C09500000,17.7,18.3,18.0,18.4,1.9,11.5152,2.0,371.0,0.1286,0.054,0.0001,7.8615,-0.1651,2.9061,18.0075,18.34,18.4,18.34,16.5,up,2026-08-21T12:31:00,0.0,0.0
SPX,2027-05-21,273,Put,9500.0,SPX270521P09500000,1574.9,1579.1,1577.0,0.0,0.0,0.0,0.0,0.0,0.1269,-0.9486,0.0001,7.8615,-0.0368,-66.0012,1579.3313,0.0,0.0,0.0,1598.0,no_change,,0.0,0.0
SPX,2027-05-21,273,Call,9600.0,SPX270521C09600000,13.8,14.4,14.100000000000001,15.4,0.0,0.0,0.0,1197.0,0.1282,0.044,0.0001,6.7468,-0.1395,2.3721,14.1435,0.0,0.0,0.0,12.8500003814697,no_change,2026-08-20T10:24:00,0.0,0.0
SPX,2027-05-21,273,Put,9600.0,SPX270521P09600000,1667.6,1672.0,1669.8,0.0,0.0,0.0,0.0,0.0,0.1261,-0.9586,0.0001,6.7467,-0.0033,-67.258,1672.2029,0.0,0.0,0.0,1691.0,no_change,,0.0,0.0
SPX,2027-05-21,273,Call,9800.0,SPX270521C09800000,8.6,9.1,8.85,8.1,0.0,0.0,0.0,909.0,0.1282,0.0292,0.0001,4.9306,-0.0992,1.5729,8.8074,0.0,0.0,0.0,8.0,no_change,2026-08-20T14:32:48,0.0,0.0
SPX,2027-05-21,273,Put,9800.0,SPX270521P09800000,1855.4,1860.1,1857.75,0.0,0.0,0.0,0.0,0.0,0.1247,-0.9734,0.0001,4.9306,0.0,-69.5027,1860.3382,0.0,0.0,0.0,1879.34997558594,no_change,,0.0,0.0
SPX,2027-05-21,273,Call,10000.0,SPX270521C10000000,5.5,5.9,5.7,6.8,0.0,0.0,0.0,1523.0,0.1294,0.0197,0.0001,3.6148,-0.0713,1.0588,5.6531,0.0,0.0,0.0,5.20000004768372,down,2026-08-19T15:07:21,0.0,0.0
SPX,2027-05-21,273,Put,10000.0,SPX270521P10000000,2045.6,2050.5,2048.05,0.0,0.0,0.0,0.0,0.0,0.1236,-0.9829,0.0001,3.6148,0.0,-71.4624,2050.6552,0.0,0.0,0.0,2069.94995117188,no_change,,0.0,0.0
SPX,2027-05-21,273,Call,10200.0,SPX270521C10200000,3.8,4.2,4.0,4.0,0.4,11.1111,4.0,414.0,0.1316,0.0137,0.0,2.704,-0.0528,0.7363,3.8139,4.02,4.02,4.0,3.60000002384186,down,2026-08-21T12:31:00,0.0,0.0
SPX,2027-05-21,273,Put,10200.0,SPX270521P10200000,2221.4,2259.9,2240.65,2494.19,0.0,0.0,0.0,98.0,0.1209,-0.9889,0.0,2.704,0.0,-73.2304,2242.2874,0.0,0.0,0.0,2262.0,up,2026-06-26T15:26:34,0.0,0.0
SPX,2027-05-21,273,Call,10400.0,SPX270521C10400000,2.75,3.2,2.975,5.03,0.0,0.0,0.0,360.0,0.135,0.01,0.0,2.0886,-0.0409,0.5357,2.7364,0.0,0.0,0.0,2.70000004768372,up,2026-08-07T10:52:38,0.0,0.0
SPX,2027-05-21,273,Put,10400.0,SPX270521P10400000,2413.6,2451.9,2432.75,2356.24,0.0,0.0,0.0,1.0,0.1179,-0.9926,0.0,2.0886,0.0,-74.8765,2434.6813,0.0,0.0,0.0,2454.44995117188,down,2026-08-12T12:31:44,0.0,0.0
SPX,2027-05-21,273,Call,10600.0,SPX270521C10600000,2.0,2.4,2.2,2.25,0.225,11.1111,2.0,327.0,0.1382,0.0077,0.0,1.6727,-0.0332,0.4113,2.0899,2.25,2.25,2.25,2.02500003576279,down,2026-08-21T15:50:02,0.0,0.0
SPX,2027-05-21,273,Put,10600.0,SPX270521P10600000,2606.6,2644.8,2625.7,2528.31,0.0,0.0,0.0,1.0,0.1066,-0.9949,0.0,1.6727,0.0,-76.4464,2627.5062,0.0,0.0,0.0,2646.34997558594,up,2026-08-17T12:52:11,0.0,0.0
SPX,2027-05-21,273,Call,10800.0,SPX270521C10800000,1.6,1.9,1.75,2.98,0.0,0.0,0.0,124.0,0.1419,0.0062,0.0,1.3863,-0.028,0.3285,1.685,0.0,0.0,0.0,1.57499998807907,no_change,2026-08-07T12:11:53,0.0,0.0
SPX,2027-05-21,273,Put,10800.0,SPX270521P10800000,2799.3,2837.4,2818.3500000000004,0.0,0.0,0.0,0.0,0.0,0.0,-0.9964,0.0,1.3863,0.0,-77.9747,2820.5726,0.0,0.0,0.0,2839.95007324219,no_change,,0.0,0.0
SPX,2027-05-21,273,Call,11000.0,SPX270521C11000000,1.2,1.55,1.375,1.4,0.0,0.0,0.0,65.0,0.1456,0.0051,0.0,1.1806,-0.0245,0.273,1.416,0.0,0.0,0.0,1.25,down,2026-08-18T15:35:42,0.0,0.0
SPX,2027-05-21,273,Put,11000.0,SPX270521P11000000,2992.4,3030.2,3011.3,0.0,0.0,0.0,0.0,0.0,0.0,-0.9975,0.0,1.181,0.0,-79.4756,3013.7755,0.0,0.0,0.0,3033.05004882812,no_change,,0.0,0.0
SPX,2027-05-21,273,Call,11200.0,SPX270521C11200000,0.95,1.3,1.125,1.9,0.0,0.0,0.0,133.0,0.1494,0.0044,0.0,1.027,-0.0219,0.2327,1.2266,0.0,0.0,0.0,1.0,no_change,2026-08-13T10:01:09,0.0,0.0
SPX,2027-05-21,273,Put,11200.0,SPX270521P11200000,3185.0,3223.3,3204.15,0.0,0.0,0.0,0.0,0.0,0.0,-0.9982,0.0,1.0273,0.0,-80.9616,3207.0573,0.0,0.0,0.0,3225.64990234375,no_change,,0.0,0.0
SPX,2027-05-21,273,Call,11400.0,SPX270521C11400000,0.75,1.1,0.925,1.35,0.0,0.0,0.0,153.0,0.1532,0.0038,0.0,0.9077,-0.0199,0.2018,1.0854,0.0,0.0,0.0,0.849999994039536,down,2026-08-12T09:42:39,0.0,0.0
SPX,2027-05-21,273,Put,11400.0,SPX270521P11400000,3378.7,3416.5,3397.6,0.0,0.0,0.0,0.0,0.0,0.0,-0.9988,0.0,0.9079,0.0,-82.438,3400.3874,0.0,0.0,0.0,3419.19995117188,no_change,,0.0,0.0
SPX,2027-05-21,273,Call,11600.0,SPX270521C11600000,0.6,0.95,0.7749999999999999,1.19,0.0,0.0,0.0,216.0,0.157,0.0034,0.0,0.8112,-0.0183,0.1778,0.9748,0.0,0.0,0.0,0.700000017881394,up,2026-08-10T12:47:44,0.0,0.0
SPX,2027-05-21,273,Put,11600.0,SPX270521P11600000,3571.3,3609.8,3590.55,0.0,0.0,0.0,0.0,0.0,0.0,-0.9992,0.0,0.8115,0.0,-83.9075,3593.748,0.0,0.0,0.0,3612.44995117188,no_change,,0.0,0.0
SPX,2027-05-21,273,Call,11800.0,SPX270521C11800000,0.5,0.8,0.65,1.2,0.0,0.0,0.0,25.0,0.1606,0.003,0.0,0.7311,-0.017,0.1586,0.8845,0.0,0.0,0.0,0.599999994039536,down,2026-07-07T10:01:25,0.0,0.0
SPX,2027-05-21,273,Put,11800.0,SPX270521P11800000,3764.8,3803.0,3783.9,0.0,0.0,0.0,0.0,0.0,0.0,-0.9996,0.0,0.7313,0.0,-85.3723,3787.129,0.0,0.0,0.0,3805.64990234375,no_change,,0.0,0.0
SPX,2027-05-21,273,Call,12000.0,SPX270521C12000000,0.45,0.7,0.575,0.51,0.0,0.0,0.0,121.0,0.1641,0.0027,0.0,0.6634,-0.0159,0.1423,0.8085,0.0,0.0,0.0,0.524999991059303,down,2026-08-20T15:33:49,0.0,0.0
SPX,2027-05-21,273,Put,12000.0,SPX270521P12000000,3957.9,3996.3,3977.1000000000004,4118.99,0.0,0.0,0.0,93.0,0.0,-0.9999,0.0,0.6635,0.0,-86.8341,3980.5244,0.0,0.0,0.0,3998.75,no_change,2026-07-20T11:37:20,0.0,0.0
SPX,2027-06-17,300,Call,200.0,SPX270617C00200000,7408.1,7446.0,7427.05,7427.71,24.8099,0.335137,2.0,387.0,0.0,1.0,0.0,0.0157,0.0,1.8927,7429.9837,7428.11,7428.11,7427.71,7402.90014648438,down,2026-08-21T14:51:14,0.0,0.0
SPX,2027-06-17,300,Put,200.0,SPX270617P00200000,0.0,0.05,0.025,0.05,0.0,0.0,0.0,332.0,1.1478,-0.0001,0.0,0.0158,-0.003,-0.0045,0.1363,0.0,0.0,0.0,0.025000000372529,no_change,2026-08-13T09:47:08,0.0,0.0
SPX,2027-06-17,300,Call,400.0,SPX270617C00400000,7215.4,7253.4,7234.4,7248.94,0.0,0.0,0.0,12.0,0.0,1.0,0.0,0.0345,0.0,3.4755,7237.3104,0.0,0.0,0.0,7210.75,down,2026-08-20T09:48:28,0.0,0.0
SPX,2027-06-17,300,Put,400.0,SPX270617P00400000,0.0,0.15,0.075,0.07,0.0,0.0,0.0,575.0,0.9453,-0.0001,0.0,0.0345,-0.0055,-0.0099,0.263,0.0,0.0,0.0,0.0750000029802322,down,2026-08-04T12:13:27,0.0,0.0
SPX,2027-06-17,300,Call,600.0,SPX270617C00600000,7022.8,7060.8,7041.8,5718.8,0.0,0.0,0.0,1.0,0.0,1.0,0.0,0.058,0.0,5.0568,7044.6572,0.0,0.0,0.0,7017.64990234375,down,2025-07-30T09:30:11,0.0,0.0
SPX,2027-06-17,300,Put,600.0,SPX270617P00600000,0.1,0.25,0.175,0.17,-0.005,-2.85714,639.0,639.0,0.8615,-0.0002,0.0,0.058,-0.0082,-0.0168,0.4103,0.25,0.26,0.17,0.175000000745058,down,2026-08-21T15:59:44,0.0,0.0
SPX,2027-06-17,300,Call,800.0,SPX270617C00800000,6830.3,6868.3,6849.3,0.0,0.0,0.0,0.0,0.0,0.0,1.0,0.0,0.0881,0.0,6.636,6852.0388,0.0,0.0,0.0,6824.64990234375,no_change,,0.0,0.0
SPX,2027-06-17,300,Put,800.0,SPX270617P00800000,0.3,0.4,0.35,0.4,0.05,14.2857,105.0,4244.0,0.8041,-0.0004,0.0,0.0881,-0.0114,-0.0258,0.5925,0.45,0.45,0.4,0.349999994039536,no_change,2026-08-21T14:05:52,0.0,0.0
SPX,2027-06-17,300,Call,1000.0,SPX270617C01000000,6638.1,6676.1,6657.1,6722.97,0.0,0.0,0.0,4.0,0.0,1.0,0.0,0.1272,0.0,8.2121,6659.4753,0.0,0.0,0.0,6632.60009765625,up,2026-08-04T13:53:56,0.0,0.0
SPX,2027-06-17,300,Put,1000.0,SPX270617P01000000,0.6,0.7,0.6499999999999999,0.65,-0.025,-3.70371,13.0,2945.0,0.7623,-0.0005,0.0,0.1272,-0.0153,-0.0379,0.8295,0.67,0.67,0.65,0.675000011920929,no_change,2026-08-21T11:56:57,0.0,0.0
SPX,2027-06-17,300,Call,1200.0,SPX270617C01200000,6445.8,6483.8,6464.8,5419.2,0.0,0.0,0.0,2.0,0.0,1.0,0.0,0.1794,0.0,9.7837,6466.9912,0.0,0.0,0.0,6440.34985351562,down,2025-11-18T11:44:51,0.0,0.0
SPX,2027-06-17,300,Put,1200.0,SPX270617P01200000,1.0,1.1,1.05,1.05,-0.1,-8.69565,3.0,3808.0,0.7246,-0.0007,0.0,0.1794,-0.0202,-0.0545,1.146,1.21,1.21,1.05,1.14999997615814,down,2026-08-21T15:06:15,0.0,0.0
SPX,2027-06-17,300,Call,1400.0,SPX270617C01400000,6253.6,6291.6,6272.6,0.0,0.0,0.0,0.0,0.0,0.0,1.0,0.0,0.2468,0.0,11.3499,6274.6109,0.0,0.0,0.0,6248.10009765625,no_change,,0.0,0.0
SPX,2027-06-17,300,Put,1400.0,SPX270617P01400000,1.5,1.8,1.65,1.6,-0.125,-7.24638,6.0,1802.0,0.6944,-0.001,0.0,0.2468,-0.0264,-0.0766,1.5663,1.6,1.6,1.6,1.72500002384186,no_change,2026-08-21T11:02:31,0.0,0.0
SPX,2027-06-17,300,Call,1600.0,SPX270617C01600000,6061.5,6099.6,6080.55,0.0,0.0,0.0,0.0,0.0,0.0,1.0,0.0,0.3339,0.0,12.9086,6082.3553,0.0,0.0,0.0,6056.0,no_change,,0.0,0.0
SPX,2027-06-17,300,Put,1600.0,SPX270617P01600000,2.15,2.4,2.275,2.36,0.0,0.0,0.0,1925.0,0.6623,-0.0014,0.0,0.3339,-0.0339,-0.106,2.1113,0.0,0.0,0.0,2.39999997615814,up,2026-08-07T12:06:55,0.0,0.0
SPX,2027-06-17,300,Call,1800.0,SPX270617C01800000,5869.3,5907.3,5888.3,0.0,0.0,0.0,0.0,0.0,0.0,1.0,0.0,0.4406,0.0,14.4595,5890.2426,0.0,0.0,0.0,5864.15014648438,no_change,,0.0,0.0
SPX,2027-06-17,300,Put,1800.0,SPX270617P01800000,2.85,3.2,3.0250000000000004,3.02,0.0,0.0,0.0,1094.0,0.633,-0.002,0.0,0.4406,-0.0429,-0.1433,2.7991,0.0,0.0,0.0,3.14999997615814,no_change,2026-08-20T10:00:12,0.0,0.0
SPX,2027-06-17,300,Call,2000.0,SPX270617C02000000,5677.4,5715.5,5696.45,5538.64,0.0,0.0,0.0,8.0,0.0,1.0,0.0,0.5715,0.0,16.0009,5698.2836,0.0,0.0,0.0,5672.69995117188,down,2026-06-17T14:00:37,0.0,0.0
SPX,2027-06-17,300,Put,2000.0,SPX270617P02000000,3.7,4.0,3.85,4.14,0.0,0.0,0.0,714.0,0.6058,-0.0026,0.0,0.5712,-0.0533,-0.19,3.6376,0.0,0.0,0.0,4.10000014305115,up,2026-08-20T10:00:12,0.0,0.0
SPX,2027-06-17,300,Call,2200.0,SPX270617C02200000,5485.7,5523.8,5504.75,4492.4,0.0,0.0,0.0,7.0,0.4398,0.9994,0.0,0.725,0.0,17.5319,5506.49,0.0,0.0,0.0,5481.10009765625,no_change,2025-11-18T11:44:51,0.0,0.0
SPX,2027-06-17,300,Put,2200.0,SPX270617P02200000,4.7,5.0,4.85,5.01,0.0,0.0,0.0,460.0,0.5795,-0.0034,0.0,0.7246,-0.065,-0.2471,4.6437,0.0,0.0,0.0,5.10000014305115,down,2026-08-11T14:36:33,0.0,0.0
SPX,2027-06-17,300,Call,2400.0,SPX270617C02400000,5294.1,5332.2,5313.15,0.0,0.0,0.0,0.0,0.0,0.4794,0.9985,0.0,0.904,0.0,19.0524,5314.8648,0.0,0.0,0.0,5289.05004882812,no_change,,0.0,0.0
SPX,2027-06-17,300,Put,2400.0,SPX270617P02400000,5.8,6.2,6.0,5.96,0.0,0.0,0.0,1280.0,0.5556,-0.0044,0.0,0.9035,-0.078,-0.3148,5.8185,0.0,0.0,0.0,6.29999995231628,no_change,2026-08-17T09:57:45,0.0,0.0
SPX,2027-06-17,300,Call,2500.0,SPX270617C02500000,5198.4,5236.5,5217.45,0.0,0.0,0.0,0.0,0.0,0.4876,0.998,0.0,1.0042,0.0,19.8076,5219.1175,0.0,0.0,0.0,5193.34985351562,no_change,,0.0,0.0
SPX,2027-06-17,300,Put,2500.0,SPX270617P02500000,6.5,6.8,6.65,6.83,0.0,0.0,0.0,237.0,0.5444,-0.0049,0.0,1.0043,-0.0849,-0.354,6.4764,0.0,0.0,0.0,6.95000004768372,no_change,2026-08-07T14:03:26,0.0,0.0
SPX,2027-06-17,300,Call,2600.0,SPX270617C02600000,5102.7,5140.8,5121.75,0.0,0.0,0.0,0.0,0.0,0.4808,0.9974,0.0,1.1103,0.0,20.5596,5123.4152,0.0,0.0,0.0,5097.85009765625,no_change,,0.0,0.0
SPX,2027-06-17,300,Put,2600.0,SPX270617P02600000,7.1,7.5,7.3,7.2,-0.45,-5.88235,1.0,202.0,0.5326,-0.0055,0.0,1.1104,-0.0921,-0.396,7.1745,7.2,7.2,7.2,7.65000009536743,down,2026-08-21T11:39:51,0.0,0.0
SPX,2027-06-17,300,Call,2700.0,SPX270617C02700000,5006.8,5045.4,5026.1,0.0,0.0,0.0,0.0,0.0,0.4761,0.9967,0.0,1.222,0.0,21.3088,5027.758,0.0,0.0,0.0,5002.30004882812,no_change,,0.0,0.0
SPX,2027-06-17,300,Put,2700.0,SPX270617P02700000,7.8,8.2,8.0,8.01,0.0,0.0,0.0,774.0,0.5216,-0.0061,0.0,1.2221,-0.0995,-0.4409,7.9176,0.0,0.0,0.0,8.40000009536743,no_change,2026-08-12T09:43:02,0.0,0.0
SPX,2027-06-17,300,Call,2800.0,SPX270617C02800000,4911.4,4949.6,4930.5,0.0,0.0,0.0,0.0,0.0,0.4718,0.996,0.0,1.3406,0.0,22.055,4932.1457,0.0,0.0,0.0,4907.19995117188,no_change,,0.0,0.0
SPX,2027-06-17,300,Put,2800.0,SPX270617P02800000,8.6,8.9,8.75,8.9,0.0,0.0,0.0,1275.0,0.5113,-0.0068,0.0,1.3407,-0.1072,-0.4888,8.7056,0.0,0.0,0.0,9.19999980926514,down,2026-08-12T11:53:59,0.0,0.0
SPX,2027-06-17,300,Call,2900.0,SPX270617C02900000,4815.9,4854.1,4835.0,0.0,0.0,0.0,0.0,0.0,0.4672,0.9953,0.0,1.4675,0.0,22.7975,4836.5788,0.0,0.0,0.0,4811.05004882812,no_change,,0.0,0.0
SPX,2027-06-17,300,Put,2900.0,SPX270617P02900000,9.4,9.8,9.600000000000001,9.4,0.0,0.0,0.0,1020.0,0.501,-0.0075,0.0,1.4676,-0.1151,-0.5404,9.5391,0.0,0.0,0.0,10.0,no_change,2026-08-12T14:39:47,0.0,0.0
SPX,2027-06-17,300,Call,3000.0,SPX270617C03000000,4720.4,4758.6,4739.5,4619.4,0.0,0.0,0.0,5.0,0.4608,0.9945,0.0,1.603,0.0,23.5356,4741.0593,0.0,0.0,0.0,4716.14990234375,no_change,2026-06-16T14:31:29,0.0,0.0
SPX,2027-06-17,300,Put,3000.0,SPX270617P03000000,10.2,10.6,10.399999999999999,10.69,0.0,0.0,0.0,1275.0,0.4908,-0.0083,0.0,1.603,-0.1232,-0.5964,10.4193,0.0,0.0,0.0,10.9000000953674,no_change,2026-08-07T14:03:26,0.0,0.0
SPX,2027-06-17,300,Call,3100.0,SPX270617C03100000,4624.9,4663.2,4644.049999999999,0.0,0.0,0.0,0.0,0.0,0.4545,0.9937,0.0,1.7457,0.0,24.2694,4645.5894,0.0,0.0,0.0,4620.60009765625,no_change,,0.0,0.0
SPX,2027-06-17,300,Put,3100.0,SPX270617P03100000,11.1,11.5,11.3,11.3,0.0,0.0,0.0,1693.0,0.4812,-0.0092,0.0,1.7458,-0.1315,-0.6567,11.3504,0.0,0.0,0.0,11.8500003814697,down,2026-08-14T11:11:35,0.0,0.0
SPX,2027-06-17,300,Call,3200.0,SPX270617C03200000,4529.3,4568.0,4548.65,4550.01,24.76,0.547152,2.0,63.0,0.4457,0.9928,0.0,1.8949,0.0,24.9994,4550.1707,4549.76,4550.01,4549.76,4525.25,up,2026-08-21T14:51:14,0.0,0.0
SPX,2027-06-17,300,Put,3200.0,SPX270617P03200000,12.1,12.5,12.3,12.15,-0.7,-5.44747,2.0,136.0,0.4714,-0.0101,0.0,1.8946,-0.14,-0.7207,12.327,12.15,12.15,12.15,12.8500003814697,no_change,2026-08-21T14:51:14,0.0,0.0
SPX,2027-06-17,300,Call,3300.0,SPX270617C03300000,4434.1,4472.4,4453.25,0.0,0.0,0.0,0.0,0.0,0.44,0.9918,0.0,2.0511,0.0,25.7257,4454.8044,0.0,0.0,0.0,4430.19995117188,no_change,,0.0,0.0
SPX,2027-06-17,300,Put,3300.0,SPX270617P03300000,13.1,13.5,13.3,13.2,0.0,0.0,0.0,89.0,0.4618,-0.011,0.0,2.0511,-0.1487,-0.7887,13.3651,0.0,0.0,0.0,13.9499998092651,down,2026-08-12T12:43:14,0.0,0.0
SPX,2027-06-17,300,Call,3400.0,SPX270617C03400000,4338.6,4377.3,4357.950000000001,4374.14,0.0,0.0,0.0,9.0,0.4332,0.9908,0.0,2.2163,0.0,26.4477,4359.4918,0.0,0.0,0.0,4334.40014648438,down,2026-08-20T09:48:28,0.0,0.0
SPX,2027-06-17,300,Put,3400.0,SPX270617P03400000,14.2,14.6,14.399999999999999,14.8,0.0,0.0,0.0,754.0,0.4526,-0.0121,0.0,2.2163,-0.1577,-0.8608,14.4529,0.0,0.0,0.0,15.0500001907349,up,2026-08-20T09:48:28,0.0,0.0
SPX,2027-06-17,300,Call,3500.0,SPX270617C03500000,4243.4,4282.2,4262.799999999999,3865.96,0.0,0.0,0.0,2.0,0.426,0.9897,0.0,2.3923,0.0,27.1643,4264.2363,0.0,0.0,0.0,4239.30004882812,up,2026-05-05T10:37:18,0.0,0.0
SPX,2027-06-17,300,Put,3500.0,SPX270617P03500000,15.3,15.7,15.5,15.55,-0.7,-4.30769,16.0,1079.0,0.4433,-0.0132,0.0,2.392,-0.1668,-0.9381,15.5937,15.8,15.8,15.55,16.25,no_change,2026-08-21T11:22:16,0.0,0.0
SPX,2027-06-17,300,Call,3600.0,SPX270617C03600000,4148.2,4187.0,4167.6,3884.74,0.0,0.0,0.0,1.0,0.4188,0.9885,0.0,2.5791,0.0,27.8747,4169.0424,0.0,0.0,0.0,4143.94995117188,up,2026-06-26T15:48:30,0.0,0.0
SPX,2027-06-17,300,Put,3600.0,SPX270617P03600000,16.5,16.9,16.7,17.0,0.0,0.0,0.0,6410.0,0.4341,-0.0144,0.0,2.5791,-0.1761,-1.0219,16.8041,0.0,0.0,0.0,17.5499992370605,no_change,2026-08-19T12:36:10,0.0,0.0
SPX,2027-06-17,300,Call,3650.0,SPX270617C03650000,4100.9,4139.2,4120.049999999999,0.0,0.0,0.0,0.0,0.0,0.4151,0.9879,0.0,2.6762,0.0,28.2275,4121.4704,0.0,0.0,0.0,4096.84985351562,no_change,,0.0,0.0
SPX,2027-06-17,300,Put,3650.0,SPX270617P03650000,17.1,17.5,17.3,17.23,0.0,0.0,0.0,372.0,0.4299,-0.015,0.0,2.676,-0.1809,-1.0661,17.4288,0.0,0.0,0.0,18.1499996185303,down,2026-08-13T10:19:46,0.0,0.0
SPX,2027-06-17,300,Call,3700.0,SPX270617C03700000,4053.1,4092.0,4072.55,0.0,0.0,0.0,0.0,0.0,0.4115,0.9872,0.0,2.7756,0.0,28.5788,4073.9158,0.0,0.0,0.0,4049.39990234375,no_change,,0.0,0.0
SPX,2027-06-17,300,Put,3700.0,SPX270617P03700000,17.8,18.2,18.0,18.15,0.0,0.0,0.0,1105.0,0.4254,-0.0156,0.0,2.7754,-0.1857,-1.1119,18.0745,0.0,0.0,0.0,18.8500003814697,down,2026-08-17T10:21:23,0.0,0.0
SPX,2027-06-17,300,Call,3750.0,SPX270617C03750000,4005.8,4044.2,4025.0,0.0,0.0,0.0,0.0,0.0,0.4078,0.9866,0.0,2.8771,0.0,28.9286,4026.3794,0.0,0.0,0.0,4001.20007324219,no_change,,0.0,0.0
SPX,2027-06-17,300,Put,3750.0,SPX270617P03750000,18.4,18.9,18.65,18.63,0.0,0.0,0.0,185.0,0.4211,-0.0163,0.0,2.8772,-0.1906,-1.1593,18.7428,0.0,0.0,0.0,19.5499992370605,up,2026-08-13T14:13:36,0.0,0.0
SPX,2027-06-17,300,Call,3800.0,SPX270617C03800000,3958.3,3996.7,3977.5,2909.6,0.0,0.0,0.0,1.0,0.4041,0.9859,0.0,2.9808,0.0,29.277,3978.8617,0.0,0.0,0.0,3953.79992675781,up,2025-08-28T12:24:00,0.0,0.0
SPX,2027-06-17,300,Put,3800.0,SPX270617P03800000,19.1,19.6,19.35,19.32,-0.93,-4.59259,13701.0,12535.0,0.4167,-0.017,0.0,2.9808,-0.1955,-1.2078,19.4239,19.2,19.32,19.2,20.25,up,2026-08-21T15:59:42,0.0,0.0
SPX,2027-06-17,300,Call,3850.0,SPX270617C03850000,3910.8,3949.2,3930.0,0.0,0.0,0.0,0.0,0.0,0.4004,0.9852,0.0,3.0869,0.0,29.624,3931.3634,0.0,0.0,0.0,3906.95007324219,no_change,,0.0,0.0
SPX,2027-06-17,300,Put,3850.0,SPX270617P03850000,19.8,20.3,20.05,20.37,0.0,0.0,0.0,248.0,0.4126,-0.0177,0.0,3.0872,-0.2005,-1.258,20.1272,0.0,0.0,0.0,21.0499992370605,up,2026-08-10T10:20:56,0.0,0.0
SPX,2027-06-17,300,Call,3900.0,SPX270617C03900000,3863.4,3901.8,3882.6000000000004,0.0,0.0,0.0,0.0,0.0,0.3969,0.9844,0.0,3.1959,0.0,29.9695,3883.8851,0.0,0.0,0.0,3858.94995117188,no_change,,0.0,0.0
SPX,2027-06-17,300,Put,3900.0,SPX270617P03900000,20.6,21.0,20.8,20.8,0.0,0.0,0.0,416.0,0.4084,-0.0184,0.0,3.1961,-0.2056,-1.3095,20.8491,0.0,0.0,0.0,21.75,down,2026-08-13T11:52:14,0.0,0.0
SPX,2027-06-17,300,Call,3950.0,SPX270617C03950000,3815.9,3854.4,3835.15,0.0,0.0,0.0,0.0,0.0,0.3933,0.9836,0.0,3.308,0.0,30.3134,3836.4276,0.0,0.0,0.0,3811.40002441406,no_change,,0.0,0.0
SPX,2027-06-17,300,Put,3950.0,SPX270617P03950000,21.3,21.8,21.55,22.24,0.0,0.0,0.0,278.0,0.404,-0.0192,0.0,3.3082,-0.2108,-1.3627,21.5918,0.0,0.0,0.0,22.5499992370605,no_change,2026-08-07T10:19:36,0.0,0.0
SPX,2027-06-17,300,Call,4000.0,SPX270617C04000000,3768.5,3807.0,3787.75,3827.67,0.0,0.0,0.0,31.0,0.3894,0.9828,0.0,3.4236,0.0,30.6554,3788.9919,0.0,0.0,0.0,3765.65002441406,no_change,2026-08-04T11:56:57,0.0,0.0
SPX,2027-06-17,300,Put,4000.0,SPX270617P04000000,22.1,22.5,22.3,22.27,-1.08,-4.62527,1.0,6294.0,0.3998,-0.02,0.0,3.4236,-0.2159,-1.4176,22.3516,22.27,22.27,22.27,23.3500003814697,down,2026-08-21T15:59:42,0.0,0.0
SPX,2027-06-17,300,Call,4050.0,SPX270617C04050000,3721.1,3759.6,3740.35,0.0,0.0,0.0,0.0,0.0,0.3859,0.982,0.0,3.5432,0.0,30.9952,3741.5791,0.0,0.0,0.0,3716.69995117188,no_change,,0.0,0.0
SPX,2027-06-17,300,Put,4050.0,SPX270617P04050000,22.9,23.3,23.1,22.8,-1.35,-5.59006,39.0,255.0,0.3958,-0.0208,0.0,3.5432,-0.2212,-1.4749,23.142,22.8,22.8,22.8,24.1499996185303,down,2026-08-21T15:29:23,0.0,0.0
SPX,2027-06-17,300,Call,4100.0,SPX270617C04100000,3673.5,3712.1,3692.8,3733.47,0.0,0.0,0.0,4.0,0.3822,0.9812,0.0,3.6668,0.0,31.3326,3694.1904,0.0,0.0,0.0,3670.25,no_change,2026-08-04T11:56:57,0.0,0.0
SPX,2027-06-17,300,Put,4100.0,SPX270617P04100000,23.7,24.1,23.9,25.1,0.0,0.0,0.0,1176.0,0.3917,-0.0217,0.0,3.6668,-0.2266,-1.5345,23.9535,0.0,0.0,0.0,25.0499992370605,up,2026-08-18T15:54:09,0.0,0.0
SPX,2027-06-17,300,Call,4150.0,SPX270617C04150000,3626.1,3665.1,3645.6,0.0,0.0,0.0,0.0,0.0,0.3785,0.9803,0.0,3.7945,0.0,31.6675,3646.8274,0.0,0.0,0.0,3623.10009765625,no_change,,0.0,0.0
SPX,2027-06-17,300,Put,4150.0,SPX270617P04150000,24.5,25.0,24.75,25.28,0.0,0.0,0.0,541.0,0.3876,-0.0226,0.0,3.7945,-0.232,-1.5966,24.7905,0.0,0.0,0.0,25.9500007629395,no_change,2026-08-17T12:13:06,0.0,0.0
SPX,2027-06-17,300,Call,4200.0,SPX270617C04200000,3579.1,3617.7,3598.3999999999996,3369.74,0.0,0.0,0.0,1.0,0.375,0.9794,0.0,3.9262,0.0,31.9997,3599.4915,0.0,0.0,0.0,3575.80004882812,up,2026-05-11T15:20:32,0.0,0.0
SPX,2027-06-17,300,Put,4200.0,SPX270617P04200000,25.4,25.9,25.65,25.6,-1.25,-4.65549,2.0,2450.0,0.3836,-0.0235,0.0,3.9262,-0.2376,-1.6615,25.6548,25.6,25.6,25.6,26.8500003814697,no_change,2026-08-21T15:40:23,0.0,0.0
SPX,2027-06-17,300,Call,4225.0,SPX270617C04225000,3571.0,3579.3,3575.15,2405.21,0.0,0.0,0.0,1.0,0.376,0.9789,0.0,3.9934,0.0,32.1648,3575.8342,0.0,0.0,0.0,3552.15002441406,down,2025-08-20T10:54:53,0.0,0.0
SPX,2027-06-17,300,Put,4225.0,SPX270617P04225000,25.9,26.4,26.15,26.93,0.0,0.0,0.0,295.0,0.3816,-0.024,0.0,3.9934,-0.2404,-1.695,26.0976,0.0,0.0,0.0,27.3500003814697,up,2026-08-20T12:15:15,0.0,0.0
SPX,2027-06-17,300,Call,4250.0,SPX270617C04250000,3548.0,3554.9,3551.45,0.0,0.0,0.0,0.0,0.0,0.3739,0.9784,0.0,4.0615,0.0,32.3292,3552.1844,0.0,0.0,0.0,3528.65002441406,no_change,,0.0,0.0
SPX,2027-06-17,300,Put,4250.0,SPX270617P04250000,26.3,26.8,26.55,27.5,0.0,0.0,0.0,403.0,0.3796,-0.0245,0.0,4.0615,-0.2432,-1.7291,26.5479,0.0,0.0,0.0,27.8000001907349,up,2026-08-17T13:15:14,0.0,0.0
SPX,2027-06-17,300,Call,4275.0,SPX270617C04275000,3523.8,3532.0,3527.9,0.0,0.0,0.0,0.0,0.0,0.3721,0.9779,0.0,4.1304,0.0,32.4929,3528.5422,0.0,0.0,0.0,3505.0,no_change,,0.0,0.0
SPX,2027-06-17,300,Put,4275.0,SPX270617P04275000,26.8,27.2,27.0,27.36,0.0,0.0,0.0,174.0,0.3774,-0.025,0.0,4.1304,-0.246,-1.7639,27.0057,0.0,0.0,0.0,28.25,down,2026-08-19T13:54:22,0.0,0.0
SPX,2027-06-17,300,Call,4300.0,SPX270617C04300000,3500.8,3507.6,3504.2,0.0,0.0,0.0,0.0,0.0,0.3702,0.9774,0.0,4.2002,0.0,32.656,3504.9077,0.0,0.0,0.0,3481.44995117188,no_change,,0.0,0.0
SPX,2027-06-17,300,Put,4300.0,SPX270617P04300000,27.3,27.8,27.55,27.47,0.0,0.0,0.0,894.0,0.3756,-0.0255,0.0,4.2006,-0.2489,-1.7995,27.4735,0.0,0.0,0.0,28.8000001907349,down,2026-08-14T14:01:10,0.0,0.0
SPX,2027-06-17,300,Call,4325.0,SPX270617C04325000,3476.6,3484.7,3480.6499999999996,3194.39,0.0,0.0,0.0,2.0,0.3685,0.9769,0.0,4.2709,0.0,32.8185,3481.2813,0.0,0.0,0.0,3457.80004882812,up,2026-07-29T12:52:55,0.0,0.0
SPX,2027-06-17,300,Put,4325.0,SPX270617P04325000,27.7,28.2,27.95,28.1,0.0,0.0,0.0,194.0,0.3736,-0.026,0.0,4.2709,-0.2518,-1.8353,27.945,0.0,0.0,0.0,29.25,down,2026-08-19T15:06:04,0.0,0.0
SPX,2027-06-17,300,Call,4350.0,SPX270617C04350000,3453.6,3460.3,3456.95,0.0,0.0,0.0,0.0,0.0,0.3664,0.9764,0.0,4.3423,0.0,32.9803,3457.663,0.0,0.0,0.0,3434.34997558594,no_change,,0.0,0.0
SPX,2027-06-17,300,Put,4350.0,SPX270617P04350000,28.2,28.7,28.45,29.3,0.0,0.0,0.0,121.0,0.3717,-0.0265,0.0,4.3423,-0.2547,-1.872,28.4268,0.0,0.0,0.0,29.75,down,2026-08-07T10:34:42,0.0,0.0
SPX,2027-06-17,300,Call,4375.0,SPX270617C04375000,3429.4,3437.5,3433.45,0.0,0.0,0.0,0.0,0.0,0.3648,0.9758,0.0,4.4147,-0.0031,33.1416,3434.0531,0.0,0.0,0.0,3410.60009765625,no_change,,0.0,0.0
SPX,2027-06-17,300,Put,4375.0,SPX270617P04375000,28.7,29.2,28.95,28.69,0.0,0.0,0.0,155.0,0.3698,-0.027,0.0,4.4147,-0.2577,-1.9094,28.9169,0.0,0.0,0.0,30.3000001907349,up,2026-08-13T11:04:08,0.0,0.0
SPX,2027-06-17,300,Call,4400.0,SPX270617C04400000,3406.1,3413.1,3409.6,0.0,0.0,0.0,0.0,0.0,0.3629,0.9753,0.0,4.4879,-0.0078,33.3022,3410.4518,0.0,0.0,0.0,3387.09997558594,no_change,,0.0,0.0
SPX,2027-06-17,300,Put,4400.0,SPX270617P04400000,29.2,29.7,29.45,29.45,0.0,0.0,0.0,647.0,0.3678,-0.0276,0.0,4.4879,-0.2606,-1.9473,29.4157,0.0,0.0,0.0,30.8500003814697,down,2026-08-14T10:04:52,0.0,0.0
SPX,2027-06-17,300,Call,4425.0,SPX270617C04425000,3382.3,3390.3,3386.3,0.0,0.0,0.0,0.0,0.0,0.3612,0.9747,0.0,4.562,-0.0126,33.4622,3386.8592,0.0,0.0,0.0,3363.59997558594,no_change,,0.0,0.0
SPX,2027-06-17,300,Put,4425.0,SPX270617P04425000,29.7,30.2,29.95,30.85,0.0,0.0,0.0,179.0,0.366,-0.0281,0.0,4.5624,-0.2636,-1.986,29.9257,0.0,0.0,0.0,31.3500003814697,up,2026-08-06T15:11:14,0.0,0.0
SPX,2027-06-17,300,Call,4450.0,SPX270617C04450000,3359.3,3366.0,3362.65,0.0,0.0,0.0,0.0,0.0,0.3591,0.9742,0.0,4.6372,-0.0175,33.6215,3363.2756,0.0,0.0,0.0,3340.0,no_change,,0.0,0.0
SPX,2027-06-17,300,Put,4450.0,SPX270617P04450000,30.3,30.8,30.55,30.9,0.0,0.0,0.0,331.0,0.364,-0.0287,0.0,4.6376,-0.2667,-2.0252,30.4422,0.0,0.0,0.0,31.9000005722046,down,2026-08-12T11:17:06,0.0,0.0
SPX,2027-06-17,300,Call,4475.0,SPX270617C04475000,3335.2,3343.1,3339.1499999999996,0.0,0.0,0.0,0.0,0.0,0.3576,0.9736,0.0,4.7134,-0.0223,33.7802,3339.7011,0.0,0.0,0.0,3316.5,no_change,,0.0,0.0
SPX,2027-06-17,300,Put,4475.0,SPX270617P04475000,30.8,31.3,31.05,31.93,0.0,0.0,0.0,175.0,0.362,-0.0293,0.0,4.7134,-0.2697,-2.0648,30.9652,0.0,0.0,0.0,32.5,down,2026-08-07T11:10:34,0.0,0.0
SPX,2027-06-17,300,Call,4500.0,SPX270617C04500000,3312.3,3318.8,3315.55,2093.81,0.0,0.0,0.0,1.0,0.3556,0.973,0.0,4.7908,-0.0272,33.9382,3316.136,0.0,0.0,0.0,3293.0,down,2025-07-16T12:16:31,0.0,0.0
SPX,2027-06-17,300,Put,4500.0,SPX270617P04500000,31.3,31.8,31.55,31.9,0.0,0.0,0.0,3630.0,0.3601,-0.0299,0.0,4.7912,-0.2728,-2.1055,31.5029,0.0,0.0,0.0,33.0499992370606,down,2026-08-19T14:00:52,0.0,0.0
SPX,2027-06-17,300,Call,4525.0,SPX270617C04525000,3288.2,3296.0,3292.1,0.0,0.0,0.0,0.0,0.0,0.3539,0.9724,0.0,4.8694,-0.0321,34.0955,3292.5805,0.0,0.0,0.0,3269.40002441406,no_change,,0.0,0.0
SPX,2027-06-17,300,Put,4525.0,SPX270617P04525000,31.9,32.3,32.099999999999994,33.32,0.0,0.0,0.0,264.0,0.3581,-0.0304,0.0,4.8698,-0.2759,-2.1468,32.0475,0.0,0.0,0.0,33.6000003814697,no_change,2026-08-20T13:44:17,0.0,0.0
SPX,2027-06-17,300,Call,4550.0,SPX270617C04550000,3265.2,3271.7,3268.45,0.0,0.0,0.0,0.0,0.0,0.3521,0.9718,0.0,4.9494,-0.0371,34.252,3269.0348,0.0,0.0,0.0,3246.09997558594,no_change,,0.0,0.0
SPX,2027-06-17,300,Put,4550.0,SPX270617P04550000,32.4,33.0,32.7,32.42,0.0,0.0,0.0,432.0,0.3564,-0.0311,0.0,4.9498,-0.279,-2.1888,32.602,0.0,0.0,0.0,34.25,no_change,2026-08-13T10:45:43,0.0,0.0
SPX,2027-06-17,300,Call,4575.0,SPX270617C04575000,3241.2,3248.9,3245.05,0.0,0.0,0.0,0.0,0.0,0.3504,0.9712,0.0,5.0308,-0.042,34.4076,3245.4993,0.0,0.0,0.0,3222.5,no_change,,0.0,0.0
SPX,2027-06-17,300,Put,4575.0,SPX270617P04575000,33.0,33.5,33.25,34.16,0.0,0.0,0.0,996.0,0.3544,-0.0317,0.0,5.0308,-0.2822,-2.2315,33.1637,0.0,0.0,0.0,34.7999992370606,no_change,2026-08-10T13:48:07,0.0,0.0
SPX,2027-06-17,300,Call,4600.0,SPX270617C04600000,3217.9,3224.7,3221.3,3002.69,0.0,0.0,0.0,5.0,0.3484,0.9705,0.0,5.1136,-0.047,34.5624,3221.9741,0.0,0.0,0.0,3199.0,up,2026-05-11T15:20:32,0.0,0.0
SPX,2027-06-17,300,Put,4600.0,SPX270617P04600000,33.6,34.1,33.85,35.7,0.0,0.0,0.0,2516.0,0.3525,-0.0323,0.0,5.1136,-0.2854,-2.2753,33.7386,0.0,0.0,0.0,35.3499984741211,up,2026-08-20T15:59:56,0.0,0.0
SPX,2027-06-17,300,Call,4625.0,SPX270617C04625000,3194.2,3201.8,3198.0,0.0,0.0,0.0,0.0,0.0,0.347,0.9699,0.0,5.1979,-0.0521,34.7162,3198.4596,0.0,0.0,0.0,3175.5,no_change,,0.0,0.0
SPX,2027-06-17,300,Put,4625.0,SPX270617P04625000,34.2,34.7,34.45,34.55,-1.45,-4.02778,8.0,468.0,0.3508,-0.033,0.0,5.1979,-0.2886,-2.32,34.3242,35.05,35.08,34.49,36.0,no_change,2026-08-21T11:22:16,0.0,0.0
SPX,2027-06-17,300,Call,4650.0,SPX270617C04650000,3171.3,3177.6,3174.45,3281.15,0.0,0.0,0.0,3.0,0.3451,0.9692,0.0,5.2839,-0.0571,34.8689,3174.9562,0.0,0.0,0.0,3152.09997558594,up,2026-08-14T15:26:14,0.0,0.0
SPX,2027-06-17,300,Put,4650.0,SPX270617P04650000,34.8,35.3,35.05,34.85,0.0,0.0,0.0,2344.0,0.3489,-0.0336,0.0,5.2839,-0.2919,-2.3658,34.9208,0.0,0.0,0.0,36.6500015258789,down,2026-08-13T11:24:12,0.0,0.0
SPX,2027-06-17,300,Call,4675.0,SPX270617C04675000,3147.3,3154.8,3151.05,0.0,0.0,0.0,0.0,0.0,0.3435,0.9686,0.0,5.3713,-0.0622,35.0206,3151.464,0.0,0.0,0.0,3128.69995117188,no_change,,0.0,0.0
SPX,2027-06-17,300,Put,4675.0,SPX270617P04675000,35.4,35.9,35.65,35.8,0.0,0.0,0.0,234.0,0.3471,-0.0343,0.0,5.3713,-0.2952,-2.4127,35.5287,0.0,0.0,0.0,37.2999992370606,down,2026-08-19T15:06:02,0.0,0.0
SPX,2027-06-17,300,Call,4700.0,SPX270617C04700000,3124.4,3130.7,3127.55,0.0,0.0,0.0,0.0,0.0,0.3416,0.9679,0.0,5.4604,-0.0673,35.1711,3127.9836,0.0,0.0,0.0,3105.19995117188,no_change,,0.0,0.0
SPX,2027-06-17,300,Put,4700.0,SPX270617P04700000,36.0,36.6,36.3,36.32,0.0,0.0,0.0,3788.0,0.3452,-0.035,0.0,5.4604,-0.2985,-2.4606,36.1483,0.0,0.0,0.0,37.9500007629394,no_change,2026-08-13T14:44:13,0.0,0.0
SPX,2027-06-17,300,Call,4725.0,SPX270617C04725000,3100.4,3107.9,3104.15,0.0,0.0,0.0,0.0,0.0,0.3399,0.9672,0.0,5.551,-0.0725,35.3204,3104.5152,0.0,0.0,0.0,3081.80004882812,no_change,,0.0,0.0
SPX,2027-06-17,300,Put,4725.0,SPX270617P04725000,36.5,37.2,36.85,37.06,0.0,0.0,0.0,708.0,0.3435,-0.0357,0.0,5.551,-0.3019,-2.5098,36.78,0.0,0.0,0.0,38.6000003814697,down,2026-08-13T14:13:36,0.0,0.0
SPX,2027-06-17,300,Call,4750.0,SPX270617C04750000,3077.2,3083.7,3080.45,0.0,0.0,0.0,0.0,0.0,0.3382,0.9664,0.0,5.6431,-0.0777,35.4686,3081.0593,0.0,0.0,0.0,3058.40002441406,no_change,,0.0,0.0
SPX,2027-06-17,300,Put,4750.0,SPX270617P04750000,37.3,37.9,37.599999999999994,39.0,0.0,0.0,0.0,650.0,0.3416,-0.0364,0.0,5.6431,-0.3053,-2.5601,37.4242,0.0,0.0,0.0,39.2999992370606,up,2026-08-07T16:02:15,0.0,0.0
SPX,2027-06-17,300,Call,4775.0,SPX270617C04775000,3053.6,3061.0,3057.3,3173.87,0.0,0.0,0.0,1.0,0.3364,0.9657,0.0,5.7366,-0.0829,35.6156,3057.6161,0.0,0.0,0.0,3035.04992675781,up,2026-08-05T09:30:08,0.0,0.0
SPX,2027-06-17,300,Put,4775.0,SPX270617P04775000,37.9,38.5,38.2,38.89,0.0,0.0,0.0,340.0,0.3399,-0.0372,0.0,5.7366,-0.3087,-2.6117,38.0811,0.0,0.0,0.0,40.0,down,2026-08-10T10:20:56,0.0,0.0
SPX,2027-06-17,300,Call,4800.0,SPX270617C04800000,3030.4,3036.9,3033.65,2800.6,0.0,0.0,0.0,1.0,0.3346,0.965,0.0,5.8315,-0.0882,35.7614,3034.1862,0.0,0.0,0.0,3011.75,up,2026-06-25T10:44:00,0.0,0.0
SPX,2027-06-17,300,Put,4800.0,SPX270617P04800000,38.6,39.2,38.900000000000006,39.0,0.0,0.0,0.0,3382.0,0.338,-0.0379,0.0,5.8315,-0.3122,-2.6644,38.7512,0.0,0.0,0.0,40.7000007629394,no_change,2026-08-19T15:27:50,0.0,0.0
SPX,2027-06-17,300,Call,4825.0,SPX270617C04825000,3006.9,3014.1,3010.5,3127.32,0.0,0.0,0.0,1.0,0.3331,0.9642,0.0,5.9277,-0.0935,35.9061,3010.7698,0.0,0.0,0.0,2988.34997558594,up,2026-08-05T09:30:08,0.0,0.0
SPX,2027-06-17,300,Put,4825.0,SPX270617P04825000,39.3,39.9,39.599999999999994,41.16,0.0,0.0,0.0,1224.0,0.3362,-0.0387,0.0,5.9277,-0.3157,-2.7183,39.4349,0.0,0.0,0.0,41.3999996185303,up,2026-08-20T14:15:11,0.0,0.0
SPX,2027-06-17,300,Call,4850.0,SPX270617C04850000,2984.0,2990.1,2987.05,1852.71,0.0,0.0,0.0,3.0,0.3313,0.9634,0.0,6.0251,-0.0988,36.0495,2987.3674,0.0,0.0,0.0,2964.95007324219,down,2026-03-27T14:29:13,0.0,0.0
SPX,2027-06-17,300,Put,4850.0,SPX270617P04850000,40.0,40.6,40.3,40.95,0.0,0.0,0.0,1358.0,0.3344,-0.0394,0.0,6.0251,-0.3192,-2.7733,40.1325,0.0,0.0,0.0,42.1000003814697,no_change,2026-08-19T12:55:52,0.0,0.0
SPX,2027-06-17,300,Call,4875.0,SPX270617C04875000,2960.1,2967.3,2963.7,0.0,0.0,0.0,0.0,0.0,0.3298,0.9626,0.0,6.1238,-0.1042,36.192,2963.9792,0.0,0.0,0.0,2941.59997558594,no_change,,0.0,0.0
SPX,2027-06-17,300,Put,4875.0,SPX270617P04875000,40.7,41.3,41.0,40.5,-2.4,-5.5944,1.0,408.0,0.3327,-0.0402,0.0,6.1238,-0.3228,-2.8294,40.8444,40.5,40.5,40.5,42.8999996185303,down,2026-08-21T15:35:44,0.0,0.0
SPX,2027-06-17,300,Call,4900.0,SPX270617C04900000,2937.3,2943.3,2940.3,2874.78,0.0,0.0,0.0,2.0,0.3279,0.9618,0.0,6.2237,-0.1096,36.3332,2940.6056,0.0,0.0,0.0,2918.29992675781,up,2026-06-15T15:17:27,0.0,0.0
SPX,2027-06-17,300,Put,4900.0,SPX270617P04900000,41.4,42.0,41.7,41.57,0.0,0.0,0.0,1561.0,0.331,-0.0411,0.0,6.2237,-0.3264,-2.8867,41.5709,0.0,0.0,0.0,43.6500015258789,down,2026-08-14T10:04:09,0.0,0.0
SPX,2027-06-17,300,Call,4925.0,SPX270617C04925000,2913.5,2920.6,2917.05,0.0,0.0,0.0,0.0,0.0,0.3263,0.961,0.0,6.3248,-0.1151,36.4735,2917.247,0.0,0.0,0.0,2895.05004882812,no_change,,0.0,0.0
SPX,2027-06-17,300,Put,4925.0,SPX270617P04925000,42.2,42.8,42.5,41.96,0.0,0.0,0.0,377.0,0.3292,-0.0419,0.0,6.3248,-0.33,-2.945,42.3124,0.0,0.0,0.0,44.3999996185303,no_change,2026-08-13T09:48:15,0.0,0.0
SPX,2027-06-17,300,Call,4950.0,SPX270617C04950000,2890.4,2896.6,2893.5,2980.24,0.0,0.0,0.0,0.0,0.3245,0.9601,0.0,6.4271,-0.1206,36.6126,2893.9036,0.0,0.0,0.0,2871.75,up,2026-08-04T15:15:11,0.0,0.0
SPX,2027-06-17,300,Put,4950.0,SPX270617P04950000,42.9,43.5,43.2,42.73,0.0,0.0,0.0,1302.0,0.3275,-0.0427,0.0,6.4271,-0.3337,-3.0044,43.0691,0.0,0.0,0.0,45.25,down,2026-08-13T10:00:42,0.0,0.0
SPX,2027-06-17,300,Call,4975.0,SPX270617C04975000,2866.9,2873.9,2870.4,0.0,0.0,0.0,0.0,0.0,0.323,0.9592,0.0,6.5308,-0.1261,36.7508,2870.5759,0.0,0.0,0.0,2848.44995117188,no_change,,0.0,0.0
SPX,2027-06-17,300,Put,4975.0,SPX270617P04975000,43.7,44.3,44.0,46.1,0.0,0.0,0.0,852.0,0.3257,-0.0436,0.0,6.5308,-0.3374,-3.0647,43.8414,0.0,0.0,0.0,46.0,up,2026-08-20T15:56:45,0.0,0.0
SPX,2027-06-17,300,Call,5000.0,SPX270617C05000000,2843.8,2849.9,2846.8500000000004,2878.37,0.0,0.0,0.0,1816.0,0.3212,0.9584,0.0,6.636,-0.1316,36.8878,2847.2641,0.0,0.0,0.0,2825.15002441406,down,2026-08-18T13:20:48,0.0,0.0
SPX,2027-06-17,300,Put,5000.0,SPX270617P05000000,44.5,45.1,44.8,44.5,-2.35,-5.01601,5.0,7837.0,0.324,-0.0445,0.0,6.636,-0.3412,-3.1262,44.6297,44.3,44.5,44.3,46.8499984741211,up,2026-08-21T15:59:28,0.0,0.0
SPX,2027-06-17,300,Call,5025.0,SPX270617C05025000,2820.3,2827.3,2823.8,2365.85,0.0,0.0,0.0,2.0,0.3196,0.9575,0.0,6.7427,-0.1372,37.0238,2823.9686,0.0,0.0,0.0,2802.0,up,2026-04-17T12:34:32,0.0,0.0
SPX,2027-06-17,300,Put,5025.0,SPX270617P05025000,45.3,45.9,45.599999999999994,45.13,0.0,0.0,0.0,203.0,0.3223,-0.0454,0.0,6.7427,-0.345,-3.1888,45.4343,0.0,0.0,0.0,47.7000007629394,down,2026-08-13T10:00:42,0.0,0.0
SPX,2027-06-17,300,Call,5050.0,SPX270617C05050000,2797.6,2803.4,2800.5,1735.78,0.0,0.0,0.0,3.0,0.318,0.9565,0.0,6.8511,-0.1429,37.1585,2800.6897,0.0,0.0,0.0,2778.80004882812,up,2026-03-27T11:39:21,0.0,0.0
SPX,2027-06-17,300,Put,5050.0,SPX270617P05050000,46.1,46.7,46.400000000000006,47.02,-1.58,-3.25103,8.0,495.0,0.3207,-0.0463,0.0,6.8511,-0.3488,-3.2526,46.2555,47.41,47.41,47.02,48.6000003814697,down,2026-08-21T10:43:27,0.0,0.0
SPX,2027-06-17,300,Call,5075.0,SPX270617C05075000,2773.9,2780.7,2777.3,1694.52,0.0,0.0,0.0,3.0,0.3165,0.9556,0.0,6.9613,-0.1486,37.292,2777.4278,0.0,0.0,0.0,2755.55004882812,up,2025-08-07T12:58:51,0.0,0.0
SPX,2027-06-17,300,Put,5075.0,SPX270617P05075000,46.9,47.6,47.25,47.2,0.0,0.0,0.0,166.0,0.3189,-0.0473,0.0,6.9613,-0.3527,-3.3176,47.0936,0.0,0.0,0.0,49.4499988555908,down,2026-08-13T16:02:50,0.0,0.0
SPX,2027-06-17,300,Call,5100.0,SPX270617C05100000,2751.1,2756.8,2753.95,2878.26,0.0,0.0,0.0,2.0,0.3147,0.9546,0.0,7.0735,-0.1543,37.4241,2754.1834,0.0,0.0,0.0,2732.39990234375,up,2026-08-13T15:02:15,0.0,0.0
SPX,2027-06-17,300,Put,5100.0,SPX270617P05100000,47.8,48.4,48.099999999999994,48.3,-2.05,-4.0715,42.0,3899.0,0.3173,-0.0482,0.0,7.0735,-0.3566,-3.384,47.9493,48.3,48.3,48.3,50.3499984741211,no_change,2026-08-21T10:56:02,0.0,0.0
SPX,2027-06-17,300,Call,5125.0,SPX270617C05125000,2727.5,2734.2,2730.85,1747.7,0.0,0.0,0.0,1.0,0.3132,0.9536,0.0,7.1877,-0.16,37.5548,2730.9568,0.0,0.0,0.0,2709.20007324219,down,2025-08-29T15:34:26,0.0,0.0
SPX,2027-06-17,300,Put,5125.0,SPX270617P05125000,48.7,49.3,49.0,50.45,0.0,0.0,0.0,777.0,0.3156,-0.0492,0.0,7.1877,-0.3606,-3.4519,48.8227,0.0,0.0,0.0,51.25,up,2026-08-17T13:17:38,0.0,0.0
SPX,2027-06-17,300,Call,5150.0,SPX270617C05150000,2704.2,2709.8,2707.0,1932.49,0.0,0.0,0.0,1.0,0.3106,0.9526,0.0,7.3041,-0.1658,37.6838,2707.7485,0.0,0.0,0.0,2686.0,up,2025-09-22T12:30:27,0.0,0.0
SPX,2027-06-17,300,Put,5150.0,SPX270617P05150000,49.5,50.2,49.85,50.69,0.0,0.0,0.0,933.0,0.3139,-0.0502,0.0,7.3041,-0.3646,-3.5214,49.7145,0.0,0.0,0.0,52.2000007629394,up,2026-08-17T11:39:30,0.0,0.0
SPX,2027-06-17,300,Call,5175.0,SPX270617C05175000,2681.1,2687.8,2684.45,1819.26,0.0,0.0,0.0,1.0,0.31,0.9516,0.0,7.4227,-0.1717,37.8111,2684.559,0.0,0.0,0.0,2662.90002441406,up,2025-09-11T15:13:31,0.0,0.0
SPX,2027-06-17,300,Put,5175.0,SPX270617P05175000,50.5,51.1,50.8,51.2,0.0,0.0,0.0,337.0,0.3123,-0.0513,0.0,7.4227,-0.3686,-3.5926,50.6252,0.0,0.0,0.0,53.1000003814697,up,2026-08-12T12:44:30,0.0,0.0
SPX,2027-06-17,300,Call,5200.0,SPX270617C05200000,2658.2,2664.0,2661.1,2505.68,0.0,0.0,0.0,11.0,0.3083,0.9506,0.0,7.5434,-0.1776,37.9366,2661.389,0.0,0.0,0.0,2639.84997558594,down,2026-06-08T10:54:54,0.0,0.0
SPX,2027-06-17,300,Put,5200.0,SPX270617P05200000,51.4,52.0,51.7,51.15,-2.95,-5.45287,200.0,2769.0,0.3106,-0.0523,0.0,7.5434,-0.3727,-3.6656,51.5551,51.4,51.41,51.15,54.1000003814697,down,2026-08-21T15:01:10,0.0,0.0
SPX,2027-06-17,300,Call,5225.0,SPX270617C05225000,2634.9,2641.5,2638.2,0.0,0.0,0.0,0.0,0.0,0.3068,0.9495,0.0,7.6664,-0.1835,38.0603,2638.2388,0.0,0.0,0.0,2616.65002441406,no_change,,0.0,0.0
SPX,2027-06-17,300,Put,5225.0,SPX270617P05225000,52.3,53.0,52.65,54.64,0.0,0.0,0.0,179.0,0.309,-0.0534,0.0,7.6664,-0.3768,-3.7405,52.505,0.0,0.0,0.0,55.1000003814697,no_change,2026-08-20T13:44:17,0.0,0.0
SPX,2027-06-17,300,Call,5250.0,SPX270617C05250000,2611.9,2617.7,2614.8,1680.95,0.0,0.0,0.0,7.0,0.3051,0.9484,0.0,7.7914,-0.1894,38.1819,2615.1091,0.0,0.0,0.0,2593.59997558594,down,2026-04-06T13:58:00,0.0,0.0
SPX,2027-06-17,300,Put,5250.0,SPX270617P05250000,53.3,54.0,53.65,54.41,-1.69,-3.01248,4.0,926.0,0.3073,-0.0545,0.0,7.7914,-0.381,-3.8174,53.4754,54.43,54.43,54.41,56.1000003814697,down,2026-08-21T10:39:40,0.0,0.0
SPX,2027-06-17,300,Call,5275.0,SPX270617C05275000,2588.7,2595.2,2591.95,2450.63,0.0,0.0,0.0,6.0,0.3036,0.9472,0.0,7.9184,-0.1954,38.3017,2592.0005,0.0,0.0,0.0,2570.59997558594,down,2026-06-17T14:58:29,0.0,0.0
SPX,2027-06-17,300,Put,5275.0,SPX270617P05275000,54.3,55.0,54.65,55.47,0.0,0.0,0.0,213.0,0.3057,-0.0556,0.0,7.9184,-0.3852,-3.8961,54.4669,0.0,0.0,0.0,57.1499996185303,up,2026-08-17T10:53:47,0.0,0.0
SPX,2027-06-17,300,Call,5300.0,SPX270617C05300000,2566.1,2571.5,2568.8,2508.91,0.0,0.0,0.0,7.0,0.302,0.9461,0.0,8.0473,-0.2015,38.4195,2568.9135,0.0,0.0,0.0,2547.65002441406,up,2026-06-16T09:55:57,0.0,0.0
SPX,2027-06-17,300,Put,5300.0,SPX270617P05300000,55.3,56.0,55.65,55.4,-2.9,-4.97427,34.0,3373.0,0.304,-0.0568,0.0,8.0473,-0.3894,-3.9769,55.4799,55.52,55.52,55.4,58.2999992370606,down,2026-08-21T14:45:49,0.0,0.0
SPX,2027-06-17,300,Call,5325.0,SPX270617C05325000,2542.6,2549.0,2545.8,0.0,0.0,0.0,0.0,0.0,0.3006,0.9449,0.0001,8.1778,-0.2076,38.5353,2545.8487,0.0,0.0,0.0,2524.5,no_change,,0.0,0.0
SPX,2027-06-17,300,Put,5325.0,SPX270617P05325000,56.3,57.0,56.65,60.05,0.0,0.0,0.0,458.0,0.3025,-0.0579,0.0001,8.1778,-0.3937,-4.0595,56.5153,0.0,0.0,0.0,59.2999992370606,down,2026-08-18T10:07:51,0.0,0.0
SPX,2027-06-17,300,Call,5350.0,SPX270617C05350000,2519.7,2525.4,2522.55,0.0,0.0,0.0,0.0,0.0,0.2989,0.9437,0.0001,8.31,-0.2137,38.6493,2522.8067,0.0,0.0,0.0,2501.65002441406,no_change,,0.0,0.0
SPX,2027-06-17,300,Put,5350.0,SPX270617P05350000,57.4,58.1,57.75,57.2,-3.2,-5.29801,13.0,176.0,0.3008,-0.0591,0.0001,8.31,-0.398,-4.1441,57.5733,57.8,57.9,57.2,60.3999996185303,no_change,2026-08-21T15:59:30,0.0,0.0
SPX,2027-06-17,300,Call,5375.0,SPX270617C05375000,2496.6,2503.0,2499.8,0.0,0.0,0.0,0.0,0.0,0.2975,0.9425,0.0001,8.4436,-0.2198,38.7617,2499.7879,0.0,0.0,0.0,2478.64990234375,no_change,,0.0,0.0
SPX,2027-06-17,300,Put,5375.0,SPX270617P05375000,58.5,59.2,58.85,58.6,0.0,0.0,0.0,123.0,0.2993,-0.0603,0.0001,8.4436,-0.4024,-4.2302,58.6545,0.0,0.0,0.0,61.5500011444092,down,2026-08-19T15:59:30,0.0,0.0
SPX,2027-06-17,300,Call,5400.0,SPX270617C05400000,2474.1,2479.4,2476.75,1571.42,0.0,0.0,0.0,6.0,0.2958,0.9413,0.0001,8.5787,-0.2261,38.8722,2476.7928,0.0,0.0,0.0,2455.75,down,2026-03-20T09:51:36,0.0,0.0
SPX,2027-06-17,300,Put,5400.0,SPX270617P05400000,59.6,60.3,59.95,62.7,0.0,0.0,0.0,3624.0,0.2977,-0.0616,0.0001,8.5787,-0.4068,-4.3182,59.7595,0.0,0.0,0.0,62.6499996185303,up,2026-08-20T15:59:30,0.0,0.0
SPX,2027-06-17,300,Call,5425.0,SPX270617C05425000,2450.7,2457.0,2453.85,0.0,0.0,0.0,0.0,0.0,0.2944,0.94,0.0001,8.7153,-0.2323,38.9811,2453.8219,0.0,0.0,0.0,2432.80004882812,no_change,,0.0,0.0
SPX,2027-06-17,300,Put,5425.0,SPX270617P05425000,60.7,61.4,61.05,63.8,0.0,0.0,0.0,409.0,0.2961,-0.0629,0.0001,8.7153,-0.4112,-4.4078,60.8887,0.0,0.0,0.0,63.9000015258789,no_change,2026-08-18T15:59:30,0.0,0.0
SPX,2027-06-17,300,Call,5450.0,SPX270617C05450000,2428.2,2433.4,2430.8,0.0,0.0,0.0,0.0,0.0,0.2928,0.9387,0.0001,8.8534,-0.2386,39.0885,2430.8756,0.0,0.0,0.0,2409.94995117188,no_change,,0.0,0.0
SPX,2027-06-17,300,Put,5450.0,SPX270617P05450000,61.9,62.5,62.2,65.54,0.0,0.0,0.0,894.0,0.2946,-0.0642,0.0001,8.8534,-0.4157,-4.499,62.0425,0.0,0.0,0.0,65.0999984741211,down,2026-08-18T10:36:21,0.0,0.0
SPX,2027-06-17,300,Call,5475.0,SPX270617C05475000,2404.9,2411.1,2408.0,0.0,0.0,0.0,0.0,0.0,0.2914,0.9374,0.0001,8.9931,-0.2449,39.1942,2407.9544,0.0,0.0,0.0,2387.05004882812,no_change,,0.0,0.0
SPX,2027-06-17,300,Put,5475.0,SPX270617P05475000,63.0,63.7,63.35,64.29,0.0,0.0,0.0,182.0,0.293,-0.0655,0.0001,8.9931,-0.4202,-4.5918,63.2213,0.0,0.0,0.0,66.2999992370606,up,2026-08-19T13:41:54,0.0,0.0
SPX,2027-06-17,300,Call,5500.0,SPX270617C05500000,2382.2,2387.6,2384.8999999999996,2306.88,0.0,0.0,0.0,550.0,0.2898,0.936,0.0001,9.1347,-0.2513,39.2983,2385.0586,0.0,0.0,0.0,2364.25,up,2026-07-15T11:18:52,0.0,0.0
SPX,2027-06-17,300,Put,5500.0,SPX270617P05500000,64.2,64.9,64.55000000000001,63.92,-3.63,-5.3738,1.0,4775.0,0.2914,-0.0669,0.0001,9.1347,-0.4248,-4.6862,64.4257,63.92,63.92,63.92,67.5499992370606,down,2026-08-21T15:17:28,0.0,0.0
SPX,2027-06-17,300,Call,5525.0,SPX270617C05525000,2359.2,2365.3,2362.25,2240.22,0.0,0.0,0.0,2.0,0.2883,0.9346,0.0001,9.2783,-0.2577,39.4006,2362.1888,0.0,0.0,0.0,2341.45007324219,up,2026-06-17T14:22:48,0.0,0.0
SPX,2027-06-17,300,Put,5525.0,SPX270617P05525000,65.5,66.2,65.85,66.2,0.0,0.0,0.0,175.0,0.2899,-0.0683,0.0001,9.2783,-0.4294,-4.7824,65.6559,0.0,0.0,0.0,68.75,up,2026-08-17T11:32:07,0.0,0.0
SPX,2027-06-17,300,Call,5550.0,SPX270617C05550000,2336.8,2341.9,2339.3500000000004,1733.19,0.0,0.0,0.0,1.0,0.2868,0.9332,0.0001,9.424,-0.2641,39.501,2339.3454,0.0,0.0,0.0,2318.59997558594,up,2026-02-06T14:36:27,0.0,0.0
SPX,2027-06-17,300,Put,5550.0,SPX270617P05550000,66.7,67.4,67.05000000000001,69.3,0.0,0.0,0.0,1070.0,0.2884,-0.0697,0.0001,9.424,-0.434,-4.8806,66.9126,0.0,0.0,0.0,70.0499992370606,up,2026-08-20T13:56:23,0.0,0.0
SPX,2027-06-17,300,Call,5575.0,SPX270617C05575000,2313.6,2319.6,2316.6,1536.0,0.0,0.0,0.0,2.0,0.2854,0.9317,0.0001,9.5722,-0.2706,39.5994,2316.529,0.0,0.0,0.0,2295.79992675781,down,2025-10-17T11:16:18,0.0,0.0
SPX,2027-06-17,300,Put,5575.0,SPX270617P05575000,68.0,68.7,68.35,69.68,-1.77,-2.47726,2.0,621.0,0.2868,-0.0711,0.0001,9.5722,-0.4387,-4.9807,68.1963,69.77,69.77,69.68,71.4500007629394,down,2026-08-21T09:38:17,0.0,0.0
SPX,2027-06-17,300,Call,5600.0,SPX270617C05600000,2291.2,2296.2,2293.7,2090.2,0.0,0.0,0.0,10.0,0.2838,0.9302,0.0001,9.723,-0.2771,39.6955,2293.7402,0.0,0.0,0.0,2273.25,down,2026-07-31T11:09:39,0.0,0.0
SPX,2027-06-17,300,Put,5600.0,SPX270617P05600000,69.3,70.0,69.65,68.8,-3.95,-5.42955,1.0,4200.0,0.2853,-0.0726,0.0001,9.723,-0.4434,-5.0832,69.5075,68.8,68.8,68.8,72.75,down,2026-08-21T15:32:35,0.0,0.0
SPX,2027-06-17,300,Call,5625.0,SPX270617C05625000,2268.1,2274.0,2271.05,0.0,0.0,0.0,0.0,0.0,0.2824,0.9287,0.0001,9.8764,-0.2836,39.7891,2270.9795,0.0,0.0,0.0,2250.44995117188,no_change,,0.0,0.0
SPX,2027-06-17,300,Put,5625.0,SPX270617P05625000,70.6,71.4,71.0,72.96,0.0,0.0,0.0,306.0,0.2838,-0.0741,0.0001,9.8764,-0.4481,-5.1881,70.8469,0.0,0.0,0.0,74.1500015258789,down,2026-08-20T10:53:51,0.0,0.0
SPX,2027-06-17,300,Call,5650.0,SPX270617C05650000,2245.5,2250.7,2248.1,1494.13,0.0,0.0,0.0,5.0,0.2808,0.9272,0.0001,10.0326,-0.2902,39.88,2248.2477,0.0,0.0,0.0,2227.79992675781,down,2025-10-16T12:47:37,0.0,0.0
SPX,2027-06-17,300,Put,5650.0,SPX270617P05650000,72.0,72.7,72.35,73.24,-2.36,-3.12169,2.0,904.0,0.2822,-0.0757,0.0001,10.0326,-0.4529,-5.2957,72.2152,73.32,73.32,73.24,75.5999984741211,down,2026-08-21T10:43:27,0.0,0.0
SPX,2027-06-17,300,Call,5675.0,SPX270617C05675000,2222.7,2228.5,2225.6,1469.29,0.0,0.0,0.0,1.0,0.2795,0.9256,0.0001,10.1913,-0.2968,39.9681,2225.5456,0.0,0.0,0.0,2205.15002441406,up,2025-11-19T14:59:28,0.0,0.0
SPX,2027-06-17,300,Put,5675.0,SPX270617P05675000,73.2,74.1,73.65,78.28,0.0,0.0,0.0,658.0,0.2808,-0.0773,0.0001,10.1913,-0.4577,-5.4061,73.6132,0.0,0.0,0.0,77.0999984741211,up,2026-08-18T11:01:37,0.0,0.0
SPX,2027-06-17,300,Call,5700.0,SPX270617C05700000,2200.2,2205.3,2202.75,2007.11,0.0,0.0,0.0,15.0,0.2779,0.924,0.0001,10.3526,-0.3035,40.0534,2202.874,0.0,0.0,0.0,2182.65002441406,down,2026-07-29T15:01:54,0.0,0.0
SPX,2027-06-17,300,Put,5700.0,SPX270617P05700000,74.8,75.5,75.15,75.22,0.0,0.0,0.0,7869.0,0.2793,-0.0789,0.0001,10.3526,-0.4626,-5.5194,75.0416,0.0,0.0,0.0,78.5499992370606,down,2026-08-19T13:50:15,0.0,0.0
SPX,2027-06-17,300,Call,5725.0,SPX270617C05725000,2177.4,2183.2,2180.3,1782.09,0.0,0.0,0.0,0.0,0.2766,0.9223,0.0001,10.5162,-0.3102,40.1356,2180.2336,0.0,0.0,0.0,2160.0,up,2026-04-24T11:55:30,0.0,0.0
SPX,2027-06-17,300,Put,5725.0,SPX270617P05725000,76.1,77.0,76.55,80.68,0.0,0.0,0.0,584.0,0.2778,-0.0806,0.0001,10.5162,-0.4674,-5.6356,76.5012,0.0,0.0,0.0,80.0999984741211,no_change,2026-08-18T12:09:42,0.0,0.0
SPX,2027-06-17,300,Call,5750.0,SPX270617C05750000,2155.0,2160.1,2157.55,2251.17,0.0,0.0,0.0,52.0,0.275,0.9206,0.0001,10.682,-0.3169,40.215,2157.6252,0.0,0.0,0.0,2137.55004882812,up,2026-08-04T15:21:35,0.0,0.0
SPX,2027-06-17,300,Put,5750.0,SPX270617P05750000,77.6,78.5,78.05,77.2,-4.45,-5.45009,1.0,3946.0,0.2764,-0.0822,0.0001,10.682,-0.4724,-5.7548,77.9929,77.2,77.2,77.2,81.6500015258789,down,2026-08-21T15:35:43,0.0,0.0
SPX,2027-06-17,300,Call,5775.0,SPX270617C05775000,2132.3,2138.0,2135.15,1786.63,0.0,0.0,0.0,2.0,0.2736,0.9189,0.0001,10.8495,-0.3236,40.2916,2135.0496,0.0,0.0,0.0,2115.0,up,2026-04-30T15:17:55,0.0,0.0
SPX,2027-06-17,300,Put,5775.0,SPX270617P05775000,79.1,80.0,79.55,80.42,-2.78,-3.34135,200.0,1493.0,0.2749,-0.084,0.0001,10.8495,-0.4773,-5.8767,79.5174,80.42,80.42,80.42,83.2000007629394,no_change,2026-08-21T10:53:44,0.0,0.0
SPX,2027-06-17,300,Call,5800.0,SPX270617C05800000,2109.9,2114.9,2112.4,2025.25,0.0,0.0,0.0,54.0,0.2722,0.9171,0.0001,11.0187,-0.3304,40.3655,2112.5074,0.0,0.0,0.0,2092.55004882812,up,2026-05-14T13:10:58,0.0,0.0
SPX,2027-06-17,300,Put,5800.0,SPX270617P05800000,80.6,81.6,81.1,80.32,-4.48,-5.28302,2.0,5213.0,0.2734,-0.0857,0.0001,11.0187,-0.4823,-6.0014,81.0753,80.3,80.32,80.3,84.7999992370606,up,2026-08-21T15:51:50,0.0,0.0
SPX,2027-06-17,300,Call,5825.0,SPX270617C05825000,2087.3,2092.9,2090.1000000000004,1927.0,0.0,0.0,0.0,2.0,0.2708,0.9153,0.0001,11.1893,-0.3372,40.4369,2089.9994,0.0,0.0,0.0,2070.0,up,2026-06-17T15:34:20,0.0,0.0
SPX,2027-06-17,300,Put,5825.0,SPX270617P05825000,82.2,83.1,82.65,83.95,0.0,0.0,0.0,156.0,0.2719,-0.0875,0.0001,11.1893,-0.4872,-6.1285,82.6673,0.0,0.0,0.0,86.5,down,2026-08-19T10:28:43,0.0,0.0
SPX,2027-06-17,300,Call,5850.0,SPX270617C05850000,2065.0,2069.9,2067.45,1844.4,0.0,0.0,0.0,48.0,0.2693,0.9135,0.0001,11.3613,-0.344,40.5059,2067.5261,0.0,0.0,0.0,2047.70001220703,up,2026-07-28T10:06:51,0.0,0.0
SPX,2027-06-17,300,Put,5850.0,SPX270617P05850000,83.8,84.8,84.3,85.52,-2.63,-2.98355,2.0,3113.0,0.2705,-0.0894,0.0001,11.3613,-0.4923,-6.258,84.2941,85.51,85.52,85.51,88.1500015258789,up,2026-08-21T10:39:40,0.0,0.0
SPX,2027-06-17,300,Call,5875.0,SPX270617C05875000,2042.4,2047.9,2045.15,1504.62,0.0,0.0,0.0,3.0,0.2679,0.9116,0.0001,11.5347,-0.3508,40.5728,2045.088,0.0,0.0,0.0,2025.29998779297,up,2026-02-03T10:38:21,0.0,0.0
SPX,2027-06-17,300,Put,5875.0,SPX270617P05875000,85.5,86.4,85.95,88.67,0.0,0.0,0.0,164.0,0.269,-0.0912,0.0001,11.5347,-0.4973,-6.3897,85.9561,0.0,0.0,0.0,89.9000015258789,up,2026-08-17T13:50:10,0.0,0.0
SPX,2027-06-17,300,Call,5900.0,SPX270617C05900000,2020.2,2025.0,2022.6,1901.76,0.0,0.0,0.0,268.0,0.2665,0.9097,0.0001,11.7096,-0.3577,40.6374,2022.6857,0.0,0.0,0.0,2003.04998779297,down,2026-07-22T15:33:08,0.0,0.0
SPX,2027-06-17,300,Put,5900.0,SPX270617P05900000,87.2,88.1,87.65,87.44,-4.11,-4.48935,2.0,2285.0,0.2676,-0.0932,0.0001,11.7096,-0.5024,-6.5236,87.6539,87.44,87.44,87.44,91.5499992370606,no_change,2026-08-21T12:38:36,0.0,0.0
SPX,2027-06-17,300,Call,5925.0,SPX270617C05925000,1997.7,2003.1,2000.4,1788.2,0.0,0.0,0.0,7.0,0.2651,0.9077,0.0001,11.8862,-0.3646,40.6998,2000.3197,0.0,0.0,0.0,1980.75,up,2026-05-06T14:36:37,0.0,0.0
SPX,2027-06-17,300,Put,5925.0,SPX270617P05925000,88.8,89.8,89.3,89.48,0.0,0.0,0.0,643.0,0.2661,-0.0951,0.0001,11.8862,-0.5075,-6.6597,89.3879,0.0,0.0,0.0,93.4500007629394,up,2026-08-14T13:10:34,0.0,0.0
SPX,2027-06-17,300,Call,5950.0,SPX270617C05950000,1975.5,1980.3,1977.9,1708.68,0.0,0.0,0.0,7.0,0.2638,0.9057,0.0001,12.0649,-0.3715,40.7598,1977.9905,0.0,0.0,0.0,1958.5,down,2026-06-11T10:53:10,0.0,0.0
SPX,2027-06-17,300,Put,5950.0,SPX270617P05950000,90.6,91.6,91.1,94.46,0.0,0.0,0.0,680.0,0.2647,-0.0971,0.0001,12.0649,-0.5126,-6.7982,91.1588,0.0,0.0,0.0,95.2999992370606,up,2026-08-20T14:03:20,0.0,0.0
SPX,2027-06-17,300,Call,5975.0,SPX270617C05975000,1953.1,1958.5,1955.8,1806.69,0.0,0.0,0.0,6.0,0.2625,0.9037,0.0001,12.2458,-0.3785,40.8172,1955.6988,0.0,0.0,0.0,1936.25,up,2026-05-11T11:44:41,0.0,0.0
SPX,2027-06-17,300,Put,5975.0,SPX270617P05975000,92.4,93.4,92.9,97.67,0.0,0.0,0.0,518.0,0.2632,-0.0992,0.0001,12.2458,-0.5177,-6.9393,92.9672,0.0,0.0,0.0,97.1499977111816,down,2026-08-18T10:46:53,0.0,0.0
SPX,2027-06-17,300,Call,6000.0,SPX270617C06000000,1931.0,1935.7,1933.35,1967.77,0.0,0.0,0.0,46757.0,0.261,0.9016,0.0001,12.4292,-0.3854,40.8717,1933.4452,0.0,0.0,0.0,1914.04998779297,down,2026-08-18T14:30:27,0.0,0.0
SPX,2027-06-17,300,Put,6000.0,SPX270617P06000000,94.4,95.3,94.85,96.5,-2.55,-2.57446,1.0,55116.0,0.2618,-0.1012,0.0001,12.4292,-0.5229,-7.0833,94.8136,96.5,96.5,96.5,99.0499992370606,down,2026-08-21T09:43:00,0.0,0.0
SPX,2027-06-17,300,Call,6025.0,SPX270617C06025000,1908.7,1914.0,1911.35,1187.48,0.0,0.0,0.0,13.0,0.2599,0.8995,0.0001,12.6155,-0.3924,40.923,1911.2305,0.0,0.0,0.0,1891.89996337891,down,2026-03-16T14:01:05,0.0,0.0
SPX,2027-06-17,300,Put,6025.0,SPX270617P06025000,96.1,97.1,96.6,96.4,-4.55,-4.50718,102.0,1244.0,0.2604,-0.1034,0.0001,12.6155,-0.528,-7.2306,96.699,96.7,96.9,95.8,100.950000762939,down,2026-08-21T15:55:30,0.0,0.0
SPX,2027-06-17,300,Call,6050.0,SPX270617C06050000,1886.7,1891.3,1889.0,1891.69,0.0,0.0,0.0,10.0,0.2582,0.8973,0.0001,12.8046,-0.3994,40.9707,1889.0556,0.0,0.0,0.0,1869.79998779297,up,2026-06-04T15:15:19,0.0,0.0
SPX,2027-06-17,300,Put,6050.0,SPX270617P06050000,98.1,99.1,98.6,99.5,0.0,0.0,0.0,576.0,0.259,-0.1056,0.0001,12.8046,-0.5332,-7.3814,98.6242,0.0,0.0,0.0,103.0,up,2026-08-17T12:53:50,0.0,0.0
SPX,2027-06-17,300,Call,6075.0,SPX270617C06075000,1864.2,1869.6,1866.9,1343.1,0.0,0.0,0.0,2.0,0.2572,0.8951,0.0001,12.9966,-0.4064,41.0146,1866.9215,0.0,0.0,0.0,1847.84997558594,up,2025-12-11T13:33:00,0.0,0.0
SPX,2027-06-17,300,Put,6075.0,SPX270617P06075000,100.0,101.1,100.55,101.0,0.0,0.0,0.0,227.0,0.2577,-0.1078,0.0001,12.9966,-0.5384,-7.5361,100.5902,0.0,0.0,0.0,105.049999237061,up,2026-08-19T10:54:44,0.0,0.0
SPX,2027-06-17,300,Call,6100.0,SPX270617C06100000,1842.5,1847.1,1844.8,1736.79,0.0,0.0,0.0,565.0,0.2554,0.8928,0.0001,13.1914,-0.4134,41.0544,1844.8292,0.0,0.0,0.0,1825.79998779297,up,2026-06-30T15:41:57,0.0,0.0
SPX,2027-06-17,300,Put,6100.0,SPX270617P06100000,102.1,103.1,102.6,105.44,0.0,0.0,0.0,2804.0,0.2563,-0.11,0.0001,13.1914,-0.5436,-7.6948,102.598,0.0,0.0,0.0,107.099998474121,up,2026-08-20T11:29:14,0.0,0.0
SPX,2027-06-17,300,Call,6125.0,SPX270617C06125000,1820.1,1825.5,1822.8,1342.15,0.0,0.0,0.0,24.0,0.2543,0.8905,0.0001,13.3885,-0.4204,41.09,1822.78,0.0,0.0,0.0,1803.89996337891,up,2026-02-02T12:43:57,0.0,0.0
SPX,2027-06-17,300,Put,6125.0,SPX270617P06125000,104.1,105.1,104.6,109.4,0.0,0.0,0.0,431.0,0.2549,-0.1123,0.0001,13.3886,-0.5488,-7.8576,104.6488,0.0,0.0,0.0,109.25,up,2026-08-20T15:56:45,0.0,0.0
SPX,2027-06-17,300,Call,6150.0,SPX270617C06150000,1798.5,1803.1,1800.8,1286.0,0.0,0.0,0.0,6.0,0.2527,0.8882,0.0001,13.5878,-0.4274,41.1216,1800.7747,0.0,0.0,0.0,1781.95001220703,up,2025-12-11T13:33:00,0.0,0.0
SPX,2027-06-17,300,Put,6150.0,SPX270617P06150000,106.2,107.2,106.7,106.2,-5.2,-4.66786,1.0,602.0,0.2534,-0.1147,0.0001,13.5878,-0.554,-8.0246,106.7437,106.2,106.2,106.2,111.400001525879,down,2026-08-21T15:55:00,0.0,0.0
SPX,2027-06-17,300,Call,6175.0,SPX270617C06175000,1776.2,1781.5,1778.85,1799.45,0.0,0.0,0.0,6.0,0.2515,0.8857,0.0001,13.7888,-0.4344,41.1492,1778.8146,0.0,0.0,0.0,1760.04998779297,up,2026-06-02T15:20:49,0.0,0.0
SPX,2027-06-17,300,Put,6175.0,SPX270617P06175000,108.3,109.4,108.85,112.4,0.0,0.0,0.0,294.0,0.2521,-0.1171,0.0001,13.7888,-0.5592,-8.1955,108.8836,0.0,0.0,0.0,113.599998474121,up,2026-08-20T12:02:33,0.0,0.0
SPX,2027-06-17,300,Call,6200.0,SPX270617C06200000,1754.9,1759.1,1757.0,1841.41,0.0,0.0,0.0,341.0,0.25,0.8833,0.0001,13.9911,-0.4414,41.1733,1756.9006,0.0,0.0,0.0,1738.20001220703,up,2026-08-10T13:42:07,0.0,0.0
SPX,2027-06-17,300,Put,6200.0,SPX270617P06200000,110.5,111.5,111.0,109.9,-6.0,-5.17688,2446.0,8314.0,0.2507,-0.1196,0.0001,13.9911,-0.5645,-8.3699,111.0697,109.94,109.94,109.9,115.900001525879,down,2026-08-21T15:46:25,0.0,0.0
SPX,2027-06-17,300,Call,6225.0,SPX270617C06225000,1732.5,1737.7,1735.1,1556.6,0.0,0.0,0.0,6.0,0.2489,0.8808,0.0001,14.1945,-0.4484,41.1939,1735.0336,0.0,0.0,0.0,1716.5,up,2026-06-23T09:46:33,0.0,0.0
SPX,2027-06-17,300,Put,6225.0,SPX270617P06225000,112.7,113.8,113.25,118.8,0.0,0.0,0.0,370.0,0.2494,-0.1221,0.0001,14.1945,-0.5697,-8.5479,113.3027,0.0,0.0,0.0,118.199996948242,down,2026-08-18T10:07:51,0.0,0.0
SPX,2027-06-17,300,Call,6250.0,SPX270617C06250000,1711.1,1715.5,1713.3,1797.29,0.0,0.0,0.0,394.0,0.2473,0.8782,0.0001,14.3988,-0.4554,41.2115,1713.2143,0.0,0.0,0.0,1694.75,no_change,2026-08-10T13:41:21,0.0,0.0
SPX,2027-06-17,300,Put,6250.0,SPX270617P06250000,115.0,116.1,115.55,116.2,0.0,0.0,0.0,1334.0,0.248,-0.1246,0.0001,14.3988,-0.5749,-8.7288,115.5835,0.0,0.0,0.0,120.549999237061,down,2026-08-19T14:24:46,0.0,0.0
SPX,2027-06-17,300,Call,6275.0,SPX270617C06275000,1689.2,1694.1,1691.65,1554.66,0.0,0.0,0.0,27.0,0.2462,0.8756,0.0001,14.604,-0.4624,41.2262,1691.4435,0.0,0.0,0.0,1673.09997558594,up,2026-05-11T11:09:04,0.0,0.0
SPX,2027-06-17,300,Put,6275.0,SPX270617P06275000,117.4,118.4,117.9,116.19,0.0,0.0,0.0,3183.0,0.2467,-0.1273,0.0001,14.604,-0.5801,-8.9127,117.9128,0.0,0.0,0.0,123.0,down,2026-08-13T14:57:18,0.0,0.0
SPX,2027-06-17,300,Call,6300.0,SPX270617C06300000,1667.7,1672.0,1669.85,1584.5,0.0,0.0,0.0,1881.0,0.2447,0.8729,0.0001,14.8104,-0.4694,41.238,1669.7219,0.0,0.0,0.0,1651.44995117188,down,2026-07-06T10:47:34,0.0,0.0
SPX,2027-06-17,300,Put,6300.0,SPX270617P06300000,119.7,120.8,120.25,123.2,-2.2,-1.75439,63.0,4716.0,0.2453,-0.1299,0.0001,14.8104,-0.5853,-9.0993,120.2912,123.2,123.2,123.2,125.400001525879,no_change,2026-08-21T09:58:50,0.0,0.0
SPX,2027-06-17,300,Call,6325.0,SPX270617C06325000,1645.6,1650.7,1648.15,1732.61,0.0,0.0,0.0,40.0,0.2434,0.8702,0.0001,15.0182,-0.4764,41.2469,1648.0501,0.0,0.0,0.0,1629.90002441406,down,2026-08-10T13:42:07,0.0,0.0
SPX,2027-06-17,300,Put,6325.0,SPX270617P06325000,122.1,123.2,122.65,123.9,-4.05,-3.1653,4.0,783.0,0.2439,-0.1327,0.0001,15.0182,-0.5905,-9.289,122.7195,123.99,123.99,123.9,127.949996948242,down,2026-08-21T10:22:52,0.0,0.0
SPX,2027-06-17,300,Call,6350.0,SPX270617C06350000,1624.4,1628.7,1626.5500000000002,1682.6,0.0,0.0,0.0,205.0,0.2419,0.8674,0.0001,15.2277,-0.4834,41.2526,1626.4289,0.0,0.0,0.0,1608.39996337891,down,2026-08-06T14:26:32,0.0,0.0
SPX,2027-06-17,300,Put,6350.0,SPX270617P06350000,124.7,125.7,125.2,130.83,0.0,0.0,0.0,2249.0,0.2426,-0.1354,0.0001,15.2277,-0.5957,-9.4818,125.1984,0.0,0.0,0.0,130.5,down,2026-08-18T12:00:15,0.0,0.0
SPX,2027-06-17,300,Call,6375.0,SPX270617C06375000,1602.5,1607.5,1605.0,1434.4,0.0,0.0,0.0,41.0,0.2409,0.8646,0.0001,15.4395,-0.4904,41.2545,1604.8594,0.0,0.0,0.0,1586.90002441406,up,2026-06-29T11:51:25,0.0,0.0
SPX,2027-06-17,300,Put,6375.0,SPX270617P06375000,127.1,128.3,127.7,128.68,0.0,0.0,0.0,1414.0,0.2413,-0.1383,0.0001,15.4395,-0.6008,-9.6784,127.7289,0.0,0.0,0.0,133.100006103516,down,2026-08-19T13:41:54,0.0,0.0
SPX,2027-06-17,300,Call,6400.0,SPX270617C06400000,1581.4,1585.5,1583.45,1615.56,0.0,0.0,0.0,513.0,0.2394,0.8617,0.0001,15.6538,-0.4973,41.2522,1583.3424,0.0,0.0,0.0,1565.60003662109,up,2026-08-04T11:00:13,0.0,0.0
SPX,2027-06-17,300,Put,6400.0,SPX270617P06400000,129.8,130.8,130.3,129.3,0.0,0.0,0.0,4605.0,0.2399,-0.1412,0.0001,15.6538,-0.606,-9.8793,130.312,0.0,0.0,0.0,135.799995422363,down,2026-08-17T11:05:04,0.0,0.0
SPX,2027-06-17,300,Call,6425.0,SPX270617C06425000,1559.6,1564.5,1562.05,1421.3,0.0,0.0,0.0,24.0,0.2382,0.8587,0.0001,15.8707,-0.5043,41.2451,1561.8794,0.0,0.0,0.0,1544.09997558594,up,2026-06-29T15:59:44,0.0,0.0
SPX,2027-06-17,300,Put,6425.0,SPX270617P06425000,132.3,133.5,132.9,134.6,-3.95,-2.85096,4.0,1446.0,0.2386,-0.1442,0.0001,15.8707,-0.6111,-10.0848,132.9491,134.6,134.6,134.6,138.550003051758,no_change,2026-08-21T10:22:31,0.0,0.0
SPX,2027-06-17,300,Call,6450.0,SPX270617C06450000,1538.5,1542.7,1540.6,1481.47,0.0,0.0,0.0,73.0,0.2367,0.8557,0.0001,16.0904,-0.5112,41.2328,1540.4718,0.0,0.0,0.0,1522.90002441406,up,2026-07-10T09:34:35,0.0,0.0
SPX,2027-06-17,300,Put,6450.0,SPX270617P06450000,135.1,136.2,135.64999999999998,135.3,-6.05,-4.28015,154.0,1180.0,0.2372,-0.1472,0.0001,16.0904,-0.6162,-10.2957,135.6416,137.6,137.78,135.3,141.349998474121,no_change,2026-08-21T11:30:49,0.0,0.0
SPX,2027-06-17,300,Call,6475.0,SPX270617C06475000,1516.9,1521.7,1519.3000000000002,1633.17,0.0,0.0,0.0,148.0,0.2355,0.8526,0.0001,16.3125,-0.518,41.215,1519.1211,0.0,0.0,0.0,1501.64996337891,up,2026-08-14T10:56:32,0.0,0.0
SPX,2027-06-17,300,Put,6475.0,SPX270617P06475000,137.7,139.0,138.35,140.58,-3.62,-2.5104,4.0,260.0,0.2359,-0.1502,0.0001,16.3125,-0.6213,-10.512,138.391,140.58,140.58,140.58,144.199996948242,no_change,2026-08-21T10:20:25,0.0,0.0
SPX,2027-06-17,300,Call,6500.0,SPX270617C06500000,1496.0,1500.1,1498.05,1502.07,21.62,1.46037,24.0,1429.0,0.2341,0.8495,0.0001,16.5366,-0.5249,41.1916,1497.829,1501.77,1502.07,1501.77,1480.45001220703,up,2026-08-21T15:36:45,0.0,0.0
SPX,2027-06-17,300,Put,6500.0,SPX270617P06500000,140.6,141.8,141.2,141.5,-5.55,-3.77423,47.0,10311.0,0.2346,-0.1534,0.0001,16.5366,-0.6263,-10.734,141.1989,143.0,143.0,141.5,147.050003051758,no_change,2026-08-21T11:22:02,0.0,0.0
SPX,2027-06-17,300,Call,6525.0,SPX270617C06525000,1474.5,1479.2,1476.85,1601.86,0.0,0.0,0.0,28.0,0.2329,0.8463,0.0001,16.7623,-0.5317,41.1626,1476.597,0.0,0.0,0.0,1459.34997558594,down,2026-08-13T15:30:15,0.0,0.0
SPX,2027-06-17,300,Put,6525.0,SPX270617P06525000,143.4,144.7,144.05,144.0,-6.1,-4.06396,8.0,1020.0,0.2332,-0.1566,0.0001,16.7623,-0.6313,-10.9614,144.067,145.74,145.76,143.6,150.100006103516,no_change,2026-08-21T15:59:30,0.0,0.0
SPX,2027-06-17,300,Call,6550.0,SPX270617C06550000,1453.7,1457.7,1455.7,1565.55,0.0,0.0,0.0,52.0,0.2315,0.843,0.0001,16.9889,-0.5385,41.1286,1455.4267,0.0,0.0,0.0,1438.35003662109,down,2026-08-14T11:10:28,0.0,0.0
SPX,2027-06-17,300,Put,6550.0,SPX270617P06550000,146.4,147.6,147.0,146.2,0.0,0.0,0.0,672.0,0.2319,-0.1599,0.0001,16.9889,-0.6363,-11.194,146.9968,0.0,0.0,0.0,153.050003051758,down,2026-08-19T15:59:30,0.0,0.0
SPX,2027-06-17,300,Call,6575.0,SPX270617C06575000,1432.3,1436.9,1434.6,1430.85,13.5,0.952483,2.0,390.0,0.2303,0.8397,0.0001,17.216,-0.5452,41.0901,1434.3194,1431.08,1431.08,1430.85,1417.34997558594,down,2026-08-21T14:35:35,0.0,0.0
SPX,2027-06-17,300,Put,6575.0,SPX270617P06575000,149.4,150.7,150.05,148.99,-7.21,-4.61588,4.0,894.0,0.2306,-0.1632,0.0001,17.2161,-0.6412,-11.4311,149.9895,148.68,148.99,148.68,156.199996948242,up,2026-08-21T11:57:08,0.0,0.0
SPX,2027-06-17,300,Call,6600.0,SPX270617C06600000,1411.7,1415.6,1413.65,1508.7,0.0,0.0,0.0,1683.0,0.2288,0.8363,0.0002,17.4433,-0.5519,41.0473,1413.2764,0.0,0.0,0.0,1396.40002441406,up,2026-08-17T10:40:19,0.0,0.0
SPX,2027-06-17,300,Put,6600.0,SPX270617P06600000,152.4,153.7,153.05,154.55,0.0,0.0,0.0,7177.0,0.2293,-0.1666,0.0002,17.4433,-0.6461,-11.6723,153.0466,0.0,0.0,0.0,159.349998474121,no_change,2026-08-19T10:29:16,0.0,0.0
SPX,2027-06-17,300,Call,6625.0,SPX270617C06625000,1390.3,1395.0,1392.65,1500.35,0.0,0.0,0.0,15.0,0.2277,0.8328,0.0002,17.6705,-0.5585,41.0009,1392.2986,0.0,0.0,0.0,1375.54998779297,down,2026-08-14T12:06:24,0.0,0.0
SPX,2027-06-17,300,Put,6625.0,SPX270617P06625000,155.6,156.8,156.2,163.43,0.0,0.0,0.0,1455.0,0.228,-0.1701,0.0002,17.6705,-0.6509,-11.9172,156.1689,0.0,0.0,0.0,162.600006103516,no_change,2026-08-18T11:35:17,0.0,0.0
SPX,2027-06-17,300,Call,6650.0,SPX270617C06650000,1369.8,1373.8,1371.8,1497.37,0.0,0.0,0.0,526.0,0.2263,0.8292,0.0002,17.8978,-0.5651,40.951,1371.3872,0.0,0.0,0.0,1354.75,down,2026-08-14T10:09:56,0.0,0.0
SPX,2027-06-17,300,Put,6650.0,SPX270617P06650000,158.8,160.0,159.4,161.26,0.0,0.0,0.0,1329.0,0.2267,-0.1736,0.0002,17.8978,-0.6557,-12.1657,159.3574,0.0,0.0,0.0,165.849998474121,up,2026-08-17T15:10:01,0.0,0.0
SPX,2027-06-17,300,Call,6675.0,SPX270617C06675000,1348.6,1353.3,1350.9499999999998,1118.7,0.0,0.0,0.0,73.0,0.2252,0.8256,0.0002,18.1256,-0.5716,40.8974,1350.543,0.0,0.0,0.0,1334.04998779297,up,2026-06-11T13:17:28,0.0,0.0
SPX,2027-06-17,300,Put,6675.0,SPX270617P06675000,161.9,163.3,162.60000000000002,166.9,0.0,0.0,0.0,479.0,0.2254,-0.1772,0.0002,18.1256,-0.6605,-12.4179,162.6135,0.0,0.0,0.0,169.300003051758,up,2026-08-18T15:29:01,0.0,0.0
SPX,2027-06-17,300,Call,6700.0,SPX270617C06700000,1328.3,1332.2,1330.25,1430.84,0.0,0.0,0.0,1162.0,0.2237,0.8219,0.0002,18.3543,-0.5781,40.8396,1329.7674,0.0,0.0,0.0,1313.45001220703,no_change,2026-08-05T10:44:46,0.0,0.0
SPX,2027-06-17,300,Put,6700.0,SPX270617P06700000,165.5,166.7,166.1,163.7,0.0,0.0,0.0,7505.0,0.224,-0.1809,0.0002,18.3544,-0.6652,-12.6741,165.9378,0.0,0.0,0.0,172.699996948242,no_change,2026-08-17T10:18:55,0.0,0.0
SPX,2027-06-17,300,Call,6725.0,SPX270617C06725000,1307.2,1311.8,1309.5,1432.03,0.0,0.0,0.0,87.0,0.2225,0.8182,0.0002,18.5845,-0.5846,40.777,1309.0615,0.0,0.0,0.0,1292.84997558594,down,2026-08-13T15:02:05,0.0,0.0
SPX,2027-06-17,300,Put,6725.0,SPX270617P06725000,168.8,170.1,169.45,167.14,0.0,0.0,0.0,729.0,0.2228,-0.1847,0.0002,18.5845,-0.6698,-12.9352,169.332,0.0,0.0,0.0,176.25,up,2026-08-14T13:09:47,0.0,0.0
SPX,2027-06-17,300,Call,6750.0,SPX270617C06750000,1287.0,1290.9,1288.95,1377.4,0.0,0.0,0.0,502.0,0.2211,0.8143,0.0002,18.8164,-0.5909,40.7088,1288.427,0.0,0.0,0.0,1272.35003662109,up,2026-08-10T15:49:46,0.0,0.0
SPX,2027-06-17,300,Put,6750.0,SPX270617P06750000,172.4,173.5,172.95,172.4,-7.4,-4.11569,62.0,5746.0,0.2215,-0.1885,0.0002,18.8164,-0.6743,-13.202,172.7976,172.4,172.4,172.4,179.800003051758,no_change,2026-08-21T11:29:40,0.0,0.0
SPX,2027-06-17,300,Call,6775.0,SPX270617C06775000,1266.1,1270.7,1268.4,1088.76,0.0,0.0,0.0,218.0,0.22,0.8104,0.0002,19.0503,-0.5972,40.6341,1267.8658,0.0,0.0,0.0,1251.94995117188,down,2026-07-23T11:47:02,0.0,0.0
SPX,2027-06-17,300,Put,6775.0,SPX270617P06775000,175.7,177.1,176.39999999999998,171.9,0.0,0.0,0.0,592.0,0.2202,-0.1924,0.0002,19.0503,-0.6788,-13.4752,176.3365,0.0,0.0,0.0,183.5,down,2026-08-13T15:59:32,0.0,0.0
SPX,2027-06-17,300,Call,6800.0,SPX270617C06800000,1246.1,1249.8,1247.9499999999998,1325.47,0.0,0.0,0.0,6667.0,0.2186,0.8064,0.0002,19.286,-0.6034,40.5523,1247.3802,0.0,0.0,0.0,1231.59997558594,up,2026-08-05T12:46:41,0.0,0.0
SPX,2027-06-17,300,Put,6800.0,SPX270617P06800000,179.5,180.7,180.1,178.0,-9.15,-4.88913,18.0,24932.0,0.2189,-0.1964,0.0002,19.286,-0.6832,-13.7556,179.9509,179.3,179.4,178.0,187.150001525879,down,2026-08-21T15:45:48,0.0,0.0
SPX,2027-06-17,300,Call,6825.0,SPX270617C06825000,1225.3,1229.8,1227.55,1276.96,0.0,0.0,0.0,13.0,0.2174,0.8024,0.0002,19.5233,-0.6096,40.4631,1226.9723,0.0,0.0,0.0,1211.34997558594,no_change,2026-08-06T14:03:10,0.0,0.0
SPX,2027-06-17,300,Put,6825.0,SPX270617P06825000,183.0,184.4,183.7,184.7,0.0,0.0,0.0,689.0,0.2176,-0.2005,0.0002,19.5233,-0.6876,-14.0432,183.6431,0.0,0.0,0.0,191.050003051758,down,2026-08-19T13:23:47,0.0,0.0
SPX,2027-06-17,300,Call,6850.0,SPX270617C06850000,1205.4,1209.2,1207.3000000000002,1302.64,0.0,0.0,0.0,1204.0,0.216,0.7982,0.0002,19.7613,-0.6156,40.3667,1206.6445,0.0,0.0,0.0,1191.20001220703,no_change,2026-08-17T11:52:42,0.0,0.0
SPX,2027-06-17,300,Put,6850.0,SPX270617P06850000,187.0,188.2,187.6,195.57,0.0,0.0,0.0,1956.0,0.2163,-0.2046,0.0002,19.7613,-0.6918,-14.3382,187.4154,0.0,0.0,0.0,194.899993896484,no_change,2026-08-20T16:05:25,0.0,0.0
SPX,2027-06-17,300,Call,6875.0,SPX270617C06875000,1185.1,1189.3,1187.1999999999998,1006.09,0.0,0.0,0.0,282.0,0.2149,0.794,0.0002,19.9993,-0.6216,40.2633,1186.3991,0.0,0.0,0.0,1171.04998779297,up,2026-07-29T15:12:13,0.0,0.0
SPX,2027-06-17,300,Put,6875.0,SPX270617P06875000,190.7,192.1,191.39999999999998,191.2,-7.75,-3.89545,3.0,1015.0,0.2151,-0.2089,0.0002,19.9993,-0.696,-14.6401,191.27,190.7,191.2,190.7,198.949996948242,up,2026-08-21T15:59:30,0.0,0.0
SPX,2027-06-17,300,Call,6900.0,SPX270617C06900000,1165.1,1168.7,1166.9,1200.58,0.0,0.0,0.0,2794.0,0.2135,0.7897,0.0002,20.2367,-0.6275,40.1542,1166.238,0.0,0.0,0.0,1151.0,down,2026-08-19T15:59:55,0.0,0.0
SPX,2027-06-17,300,Put,6900.0,SPX270617P06900000,194.8,196.0,195.4,194.6,-8.35,-4.11431,303.0,7296.0,0.2137,-0.2132,0.0002,20.2367,-0.7001,-14.9478,195.2091,199.07,199.07,193.65,202.949996948242,up,2026-08-21T15:54:37,0.0,0.0
SPX,2027-06-17,300,Call,6925.0,SPX270617C06925000,1144.7,1149.0,1146.85,1238.47,0.0,0.0,0.0,334.0,0.2123,0.7853,0.0002,20.4729,-0.6333,40.0397,1146.163,0.0,0.0,0.0,1131.04998779297,down,2026-08-11T10:29:34,0.0,0.0
SPX,2027-06-17,300,Put,6925.0,SPX270617P06925000,198.7,200.1,199.39999999999998,208.3,0.0,0.0,0.0,1103.0,0.2125,-0.2176,0.0002,20.4729,-0.7041,-15.2607,199.2341,0.0,0.0,0.0,207.150001525879,down,2026-08-20T15:59:30,0.0,0.0
SPX,2027-06-17,300,Call,6950.0,SPX270617C06950000,1125.1,1128.8,1126.9499999999998,1225.03,0.0,0.0,0.0,657.0,0.2111,0.7808,0.0002,20.7076,-0.639,39.9208,1126.1756,0.0,0.0,0.0,1111.25,down,2026-08-17T11:31:26,0.0,0.0
SPX,2027-06-17,300,Put,6950.0,SPX270617P06950000,203.0,204.2,203.6,207.32,-3.93,-1.86036,1.0,3058.0,0.2112,-0.2221,0.0002,20.7076,-0.708,-15.5782,203.3467,207.32,207.32,207.32,211.25,down,2026-08-21T09:57:34,0.0,0.0
SPX,2027-06-17,300,Call,6975.0,SPX270617C06975000,1104.9,1109.2,1107.0500000000002,1196.92,0.0,0.0,0.0,326.0,0.2098,0.7762,0.0002,20.9408,-0.6445,39.7977,1106.277,0.0,0.0,0.0,1091.5,down,2026-08-11T10:34:47,0.0,0.0
SPX,2027-06-17,300,Put,6975.0,SPX270617P06975000,207.1,208.4,207.75,217.03,0.0,0.0,0.0,1039.0,0.21,-0.2267,0.0002,20.9408,-0.7117,-15.8998,207.5483,0.0,0.0,0.0,215.600006103516,up,2026-08-20T16:11:56,0.0,0.0
SPX,2027-06-17,300,Call,7000.0,SPX270617C07000000,1085.5,1089.1,1087.3,1092.34,20.49,1.91165,3.0,62099.0,0.2084,0.7715,0.0002,21.1731,-0.65,39.6701,1086.4687,1094.64,1094.64,1092.34,1071.84997558594,down,2026-08-21T12:46:01,0.0,0.0
SPX,2027-06-17,300,Put,7000.0,SPX270617P07000000,211.5,212.7,212.1,211.82,-8.23,-3.74006,5.0,68253.0,0.2086,-0.2313,0.0002,21.1731,-0.7154,-16.226,211.8401,211.88,211.88,211.22,220.050003051758,up,2026-08-21T12:46:01,0.0,0.0
SPX,2027-06-17,300,Call,7025.0,SPX270617C07025000,1065.7,1069.7,1067.7,1137.28,0.0,0.0,0.0,79.0,0.2073,0.7668,0.0002,21.4048,-0.6554,39.5372,1066.7524,0.0,0.0,0.0,1052.25,up,2026-08-07T09:33:42,0.0,0.0
SPX,2027-06-17,300,Put,7025.0,SPX270617P07025000,215.7,217.1,216.39999999999998,224.2,0.0,0.0,0.0,366.0,0.2074,-0.2361,0.0002,21.4048,-0.719,-16.5574,216.2238,0.0,0.0,0.0,224.5,down,2026-08-20T15:45:05,0.0,0.0
SPX,2027-06-17,300,Call,7050.0,SPX270617C07050000,1046.2,1049.8,1048.0,1082.94,0.0,0.0,0.0,870.0,0.2059,0.7619,0.0002,21.6366,-0.6606,39.3979,1047.13,0.0,0.0,0.0,1032.79998779297,down,2026-08-18T14:36:51,0.0,0.0
SPX,2027-06-17,300,Put,7050.0,SPX270617P07050000,220.2,221.6,220.89999999999998,223.9,-5.3,-2.31239,1.0,871.0,0.2061,-0.2409,0.0002,21.6366,-0.7224,-16.8952,220.7015,223.9,223.9,223.9,229.199996948242,down,2026-08-21T09:30:02,0.0,0.0
SPX,2027-06-17,300,Call,7075.0,SPX270617C07075000,1026.5,1030.5,1028.5,1060.43,0.0,0.0,0.0,230.0,0.2047,0.757,0.0002,21.8687,-0.6657,39.2508,1027.6039,0.0,0.0,0.0,1013.40002441406,down,2026-08-18T11:37:04,0.0,0.0
SPX,2027-06-17,300,Put,7075.0,SPX270617P07075000,224.8,226.2,225.5,229.01,0.0,0.0,0.0,885.0,0.2048,-0.2459,0.0002,21.8687,-0.7257,-17.2408,225.2754,0.0,0.0,0.0,233.900001525879,down,2026-08-20T12:39:12,0.0,0.0
SPX,2027-06-17,300,Call,7100.0,SPX270617C07100000,1007.3,1010.8,1009.05,1069.1,0.0,0.0,0.0,5168.0,0.2034,0.752,0.0002,22.1012,-0.6707,39.095,1008.177,0.0,0.0,0.0,994.150024414062,up,2026-08-19T11:10:47,0.0,0.0
SPX,2027-06-17,300,Put,7100.0,SPX270617P07100000,229.6,230.8,230.2,229.7,-8.95,-3.75026,10.0,5041.0,0.2035,-0.2509,0.0002,22.1012,-0.7289,-17.5951,229.9486,229.7,229.7,229.7,238.650001525879,up,2026-08-21T14:45:31,0.0,0.0
SPX,2027-06-17,300,Call,7125.0,SPX270617C07125000,988.7,991.0,989.85,984.74,9.84,1.00933,2.0,655.0,0.2022,0.7468,0.0002,22.3337,-0.6756,38.9299,988.8525,983.76,984.74,983.76,974.899993896484,up,2026-08-21T10:33:49,0.0,0.0
SPX,2027-06-17,300,Put,7125.0,SPX270617P07125000,234.3,235.6,234.95,234.2,-9.4,-3.85878,60.0,764.0,0.2023,-0.256,0.0002,22.3337,-0.7319,-17.9588,234.7242,237.33,237.33,233.2,243.599998474121,up,2026-08-21T15:55:33,0.0,0.0
SPX,2027-06-17,300,Call,7150.0,SPX270617C07150000,969.5,971.8,970.65,1010.03,0.0,0.0,0.0,564.0,0.2009,0.7416,0.0002,22.5654,-0.6803,38.7555,969.6335,0.0,0.0,0.0,955.799987792969,down,2026-08-19T13:36:43,0.0,0.0
SPX,2027-06-17,300,Put,7150.0,SPX270617P07150000,239.1,240.5,239.8,250.1,0.0,0.0,0.0,1343.0,0.201,-0.2612,0.0002,22.5654,-0.7348,-18.3317,239.6052,0.0,0.0,0.0,248.450004577637,up,2026-08-20T15:56:54,0.0,0.0
SPX,2027-06-17,300,Call,7175.0,SPX270617C07175000,950.4,952.7,951.55,1066.3,0.0,0.0,0.0,226.0,0.1998,0.7363,0.0002,22.7954,-0.6848,38.5725,950.5231,0.0,0.0,0.0,936.700012207031,up,2026-08-14T10:23:36,0.0,0.0
SPX,2027-06-17,300,Put,7175.0,SPX270617P07175000,244.1,245.5,244.8,255.0,0.0,0.0,0.0,673.0,0.1998,-0.2666,0.0002,22.7954,-0.7376,-18.7133,244.595,0.0,0.0,0.0,253.700004577637,down,2026-08-20T16:11:45,0.0,0.0
SPX,2027-06-17,300,Call,7200.0,SPX270617C07200000,931.4,933.8,932.5999999999999,931.4,13.45,1.46522,2.0,4878.0,0.1984,0.7308,0.0002,23.0229,-0.6892,38.3825,931.524,931.4,931.4,931.4,917.950012207031,down,2026-08-21T10:09:19,0.0,0.0
SPX,2027-06-17,300,Put,7200.0,SPX270617P07200000,249.4,250.6,250.0,252.3,-6.5,-2.51159,2.0,5634.0,0.1985,-0.272,0.0002,23.0229,-0.7402,-19.1018,249.696,252.3,252.3,252.3,258.799987792969,down,2026-08-21T10:09:55,0.0,0.0
SPX,2027-06-17,300,Call,7225.0,SPX270617C07225000,912.5,914.9,913.7,952.35,0.0,0.0,0.0,166.0,0.1973,0.7253,0.0002,23.247,-0.6934,38.1864,912.6387,0.0,0.0,0.0,899.050018310547,down,2026-08-18T12:23:01,0.0,0.0
SPX,2027-06-17,300,Put,7225.0,SPX270617P07225000,254.4,255.7,255.05,258.05,-6.15,-2.32778,2.0,580.0,0.1973,-0.2775,0.0002,23.247,-0.7426,-19.4964,254.9106,258.15,258.15,258.05,264.199996948242,down,2026-08-21T10:22:31,0.0,0.0
SPX,2027-06-17,300,Call,7250.0,SPX270617C07250000,893.8,896.1,894.95,933.91,0.0,0.0,0.0,624.0,0.1959,0.7197,0.0002,23.4674,-0.6975,37.9854,893.8687,0.0,0.0,0.0,880.5,down,2026-08-19T13:32:03,0.0,0.0
SPX,2027-06-17,300,Put,7250.0,SPX270617P07250000,259.7,261.1,260.4,263.86,-5.74,-2.12908,2.0,1031.0,0.196,-0.2832,0.0002,23.4674,-0.7449,-19.8959,260.2407,263.55,263.86,263.55,269.600006103516,up,2026-08-21T10:13:41,0.0,0.0
SPX,2027-06-17,300,Call,7275.0,SPX270617C07275000,875.1,877.4,876.25,872.08,0.0,0.0,0.0,161.0,0.1947,0.714,0.0002,23.6843,-0.7014,37.7796,875.216,0.0,0.0,0.0,861.850006103516,down,2026-08-20T14:00:00,0.0,0.0
SPX,2027-06-17,300,Put,7275.0,SPX270617P07275000,265.1,266.5,265.8,269.56,-5.64,-2.04942,2.0,361.0,0.1948,-0.2889,0.0002,23.6843,-0.747,-20.3002,265.6881,269.51,269.56,269.51,275.199996948242,up,2026-08-21T10:20:25,0.0,0.0
SPX,2027-06-17,300,Call,7300.0,SPX270617C07300000,856.5,858.9,857.7,871.8,0.0,0.0,0.0,4242.0,0.1934,0.7081,0.0003,23.8979,-0.7051,37.5684,856.6826,0.0,0.0,0.0,843.550018310547,down,2026-08-20T10:03:55,0.0,0.0
SPX,2027-06-17,300,Put,7300.0,SPX270617P07300000,270.8,272.0,271.4,270.5,-10.25,-3.65093,1.0,5641.0,0.1934,-0.2948,0.0003,23.8979,-0.7489,-20.7099,271.2548,270.5,270.5,270.5,280.75,down,2026-08-21T15:54:33,0.0,0.0
SPX,2027-06-17,300,Call,7325.0,SPX270617C07325000,838.1,840.4,839.25,918.43,0.0,0.0,0.0,118.0,0.1922,0.7022,0.0003,24.1089,-0.7086,37.3504,838.2709,0.0,0.0,0.0,825.049987792969,up,2026-08-17T13:54:30,0.0,0.0
SPX,2027-06-17,300,Put,7325.0,SPX270617P07325000,276.3,277.7,277.0,279.92,-6.68,-2.33078,2.0,275.0,0.1922,-0.3007,0.0003,24.1089,-0.7506,-21.1265,276.9431,279.98,279.98,279.92,286.600006103516,down,2026-08-21T10:22:34,0.0,0.0
SPX,2027-06-17,300,Call,7350.0,SPX270617C07350000,819.8,822.1,820.95,899.23,0.0,0.0,0.0,3174.0,0.1909,0.6961,0.0003,24.3176,-0.712,37.1235,819.9838,0.0,0.0,0.0,807.0,down,2026-08-17T13:55:07,0.0,0.0
SPX,2027-06-17,300,Put,7350.0,SPX270617P07350000,282.2,283.4,282.79999999999995,280.65,-11.8,-4.03488,27.0,2645.0,0.1909,-0.3068,0.0003,24.3176,-0.7521,-21.5519,282.7562,280.65,280.65,280.65,292.449996948242,down,2026-08-21T15:30:02,0.0,0.0
SPX,2027-06-17,300,Call,7375.0,SPX270617C07375000,801.5,803.9,802.7,881.01,0.0,0.0,0.0,619.0,0.1897,0.6899,0.0003,24.5242,-0.7151,36.8863,801.8252,0.0,0.0,0.0,788.950012207031,down,2026-08-17T13:48:30,0.0,0.0
SPX,2027-06-17,300,Put,7375.0,SPX270617P07375000,288.0,289.3,288.65,286.23,-12.22,-4.09449,2.0,1199.0,0.1898,-0.3129,0.0003,24.5242,-0.7535,-21.9876,288.6975,285.71,286.23,285.71,298.449996948242,up,2026-08-21T11:57:08,0.0,0.0
SPX,2027-06-17,300,Call,7400.0,SPX270617C07400000,783.5,785.9,784.7,804.99,0.0,0.0,0.0,6546.0,0.1884,0.6836,0.0003,24.7281,-0.718,36.6378,783.7993,0.0,0.0,0.0,771.049987792969,up,2026-08-20T09:38:06,0.0,0.0
SPX,2027-06-17,300,Put,7400.0,SPX270617P07400000,294.1,295.4,294.75,295.27,-9.28,-3.04712,10.0,14048.0,0.1884,-0.3192,0.0003,24.7281,-0.7546,-22.4347,294.7718,294.2,295.27,294.11,304.550003051758,up,2026-08-21T14:32:26,0.0,0.0
SPX,2027-06-17,300,Call,7425.0,SPX270617C07425000,765.5,767.9,766.7,841.28,0.0,0.0,0.0,1235.0,0.1872,0.6773,0.0003,24.9288,-0.7208,36.378,765.9104,0.0,0.0,0.0,753.100006103516,up,2026-08-12T10:44:26,0.0,0.0
SPX,2027-06-17,300,Put,7425.0,SPX270617P07425000,300.2,301.5,300.85,310.5,0.0,0.0,0.0,1310.0,0.1872,-0.3256,0.0003,24.9288,-0.7555,-22.8929,300.9829,0.0,0.0,0.0,310.449996948242,down,2026-08-20T15:45:04,0.0,0.0
SPX,2027-06-17,300,Call,7450.0,SPX270617C07450000,747.7,750.1,748.9000000000001,790.32,0.0,0.0,0.0,2860.0,0.186,0.6708,0.0003,25.125,-0.7233,36.1086,748.1628,0.0,0.0,0.0,735.600006103516,down,2026-08-18T10:08:33,0.0,0.0
SPX,2027-06-17,300,Put,7450.0,SPX270617P07450000,306.5,307.8,307.15,313.54,0.0,0.0,0.0,2033.0,0.186,-0.3321,0.0003,25.125,-0.7562,-23.361,307.3353,0.0,0.0,0.0,317.300003051758,up,2026-08-18T10:08:33,0.0,0.0
SPX,2027-06-17,300,Call,7475.0,SPX270617C07475000,730.0,732.5,731.25,817.14,0.0,0.0,0.0,1686.0,0.1848,0.6642,0.0003,25.3158,-0.7255,35.8309,730.5599,0.0,0.0,0.0,717.949981689453,down,2026-08-11T10:34:47,0.0,0.0
SPX,2027-06-17,300,Put,7475.0,SPX270617P07475000,312.8,314.2,313.5,326.3,0.0,0.0,0.0,283.0,0.1848,-0.3387,0.0003,25.3158,-0.7567,-23.8371,313.8325,0.0,0.0,0.0,323.850006103516,up,2026-08-20T15:57:39,0.0,0.0
SPX,2027-06-17,300,Call,7500.0,SPX270617C07500000,712.5,715.0,713.75,716.69,15.99,2.28201,11.0,9467.0,0.1834,0.6574,0.0003,25.5004,-0.7276,35.5475,713.1048,710.26,716.69,710.26,700.699981689453,no_change,2026-08-21T15:31:02,0.0,0.0
SPX,2027-06-17,300,Put,7500.0,SPX270617P07500000,319.5,320.8,320.15,318.7,-11.75,-3.55576,322.0,9752.0,0.1834,-0.3454,0.0003,25.5004,-0.7569,-24.3191,320.4775,317.6,319.58,317.48,330.449996948242,no_change,2026-08-21T15:55:21,0.0,0.0
SPX,2027-06-17,300,Call,7525.0,SPX270617C07525000,695.1,697.6,696.35,806.83,0.0,0.0,0.0,601.0,0.1823,0.6506,0.0003,25.6785,-0.7294,35.2592,695.7998,0.0,0.0,0.0,683.100006103516,up,2026-08-13T11:02:15,0.0,0.0
SPX,2027-06-17,300,Put,7525.0,SPX270617P07525000,326.2,327.5,326.85,339.5,0.0,0.0,0.0,265.0,0.1822,-0.3523,0.0003,25.6785,-0.7569,-24.8059,327.2727,0.0,0.0,0.0,337.449996948242,up,2026-08-20T16:11:35,0.0,0.0
SPX,2027-06-17,300,Call,7550.0,SPX270617C07550000,678.1,679.7,678.9000000000001,667.86,0.0,0.0,0.0,1785.0,0.181,0.6436,0.0003,25.8502,-0.7309,34.9659,678.6475,0.0,0.0,0.0,666.100006103516,down,2026-08-20T14:10:58,0.0,0.0
SPX,2027-06-17,300,Put,7550.0,SPX270617P07550000,333.1,334.4,333.75,343.9,0.0,0.0,0.0,2183.0,0.181,-0.3592,0.0003,25.8502,-0.7566,-25.2978,334.2203,0.0,0.0,0.0,344.300003051758,down,2026-08-20T15:45:06,0.0,0.0
SPX,2027-06-17,300,Call,7575.0,SPX270617C07575000,661.1,662.7,661.9000000000001,693.57,0.0,0.0,0.0,358.0,0.1799,0.6365,0.0003,26.0158,-0.7322,34.6658,661.6509,0.0,0.0,0.0,649.100006103516,down,2026-08-18T11:37:04,0.0,0.0
SPX,2027-06-17,300,Put,7575.0,SPX270617P07575000,340.2,341.4,340.79999999999995,343.66,-7.94,-2.25825,100.0,1150.0,0.1798,-0.3663,0.0003,26.0158,-0.7561,-25.7963,341.3237,343.66,343.66,343.66,351.600006103516,no_change,2026-08-21T10:53:44,0.0,0.0
SPX,2027-06-17,300,Call,7600.0,SPX270617C07600000,644.2,645.8,645.0,633.7,0.0,0.0,0.0,6007.0,0.1786,0.6294,0.0003,26.1756,-0.7332,34.3565,644.8137,0.0,0.0,0.0,632.5,down,2026-08-20T15:35:45,0.0,0.0
SPX,2027-06-17,300,Put,7600.0,SPX270617P07600000,347.4,348.7,348.04999999999995,346.1,-12.8,-3.56645,30.0,11913.0,0.1785,-0.3735,0.0003,26.1756,-0.7554,-26.3041,348.5867,351.8,351.8,345.4,358.899993896484,down,2026-08-21T15:13:34,0.0,0.0
SPX,2027-06-17,300,Call,7625.0,SPX270617C07625000,627.4,629.1,628.25,665.35,0.0,0.0,0.0,613.0,0.1774,0.622,0.0003,26.3296,-0.734,34.0357,628.1411,0.0,0.0,0.0,615.799987792969,down,2026-08-18T12:23:01,0.0,0.0
SPX,2027-06-17,300,Put,7625.0,SPX270617P07625000,354.7,356.0,355.35,352.7,-13.75,-3.75222,8.0,147.0,0.1774,-0.3808,0.0003,26.3296,-0.7544,-26.8235,356.0142,359.2,359.2,352.7,366.449996948242,down,2026-08-21T15:08:36,0.0,0.0
SPX,2027-06-17,300,Call,7650.0,SPX270617C07650000,610.9,612.6,611.75,660.95,0.0,0.0,0.0,881.0,0.1762,0.6146,0.0003,26.4773,-0.7345,33.7018,611.6386,0.0,0.0,0.0,599.449981689453,down,2026-08-19T10:50:58,0.0,0.0
SPX,2027-06-17,300,Put,7650.0,SPX270617P07650000,362.1,363.6,362.85,360.9,-13.2,-3.52847,5.0,886.0,0.1761,-0.3882,0.0003,26.4773,-0.7531,-27.3559,363.6117,361.4,361.4,360.6,374.100006103516,up,2026-08-21T15:10:32,0.0,0.0
SPX,2027-06-17,300,Call,7675.0,SPX270617C07675000,594.5,596.2,595.35,592.2,0.0,0.0,0.0,729.0,0.175,0.6071,0.0003,26.6182,-0.7348,33.3553,595.3123,0.0,0.0,0.0,583.200012207031,down,2026-08-20T14:00:00,0.0,0.0
SPX,2027-06-17,300,Put,7675.0,SPX270617P07675000,370.0,371.3,370.65,360.3,0.0,0.0,0.0,516.0,0.175,-0.3958,0.0003,26.6182,-0.7515,-27.901,371.3854,0.0,0.0,0.0,382.050003051758,down,2026-08-19T10:59:36,0.0,0.0
SPX,2027-06-17,300,Call,7700.0,SPX270617C07700000,578.3,580.1,579.2,577.5,10.2,1.79799,1570.0,4556.0,0.1738,0.5994,0.0003,26.751,-0.7347,32.9984,579.1676,575.81,582.55,575.81,567.299987792969,down,2026-08-21T14:45:32,0.0,0.0
SPX,2027-06-17,300,Put,7700.0,SPX270617P07700000,377.9,379.3,378.6,378.55,-11.45,-2.9359,1572.0,6527.0,0.1737,-0.4034,0.0003,26.751,-0.7496,-28.4564,379.3409,382.75,382.75,377.4,390.0,up,2026-08-21T14:45:32,0.0,0.0
SPX,2027-06-17,300,Call,7725.0,SPX270617C07725000,562.4,564.1,563.25,590.1,0.0,0.0,0.0,674.0,0.1727,0.5917,0.0003,26.8751,-0.7343,32.6338,563.2093,0.0,0.0,0.0,551.350006103516,no_change,2026-08-18T15:16:16,0.0,0.0
SPX,2027-06-17,300,Put,7725.0,SPX270617P07725000,385.9,387.4,386.65,385.5,-12.85,-3.22581,7.0,748.0,0.1726,-0.4112,0.0003,26.8751,-0.7475,-29.0194,387.4826,383.75,386.4,383.75,398.350006103516,down,2026-08-21T14:03:58,0.0,0.0
SPX,2027-06-17,300,Call,7750.0,SPX270617C07750000,546.6,548.3,547.45,559.95,0.0,0.0,0.0,3359.0,0.1714,0.5838,0.0003,26.9897,-0.7337,32.2646,547.4411,0.0,0.0,0.0,535.799987792969,down,2026-08-20T10:27:37,0.0,0.0
SPX,2027-06-17,300,Put,7750.0,SPX270617P07750000,394.3,395.7,395.0,390.3,-16.4,-4.03246,42.0,2102.0,0.1714,-0.4191,0.0003,26.9897,-0.745,-29.5872,395.8145,393.4,393.8,390.0,406.699996948242,no_change,2026-08-21T15:49:14,0.0,0.0
SPX,2027-06-17,300,Call,7775.0,SPX270617C07775000,531.0,532.8,531.9,528.09,7.84,1.50697,15.0,660.0,0.1703,0.5758,0.0003,27.0947,-0.7327,31.8913,531.8662,529.67,529.67,528.09,520.25,down,2026-08-21T10:31:11,0.0,0.0
SPX,2027-06-17,300,Put,7775.0,SPX270617P07775000,402.8,404.2,403.5,400.09,-15.26,-3.67401,9.0,2347.0,0.1703,-0.4271,0.0003,27.0947,-0.7423,-30.159,404.3397,401.73,401.76,399.76,415.350006103516,down,2026-08-21T15:39:14,0.0,0.0
SPX,2027-06-17,300,Call,7800.0,SPX270617C07800000,515.6,517.4,516.5,521.4,16.35,3.2373,721.0,6319.0,0.1692,0.5677,0.0003,27.1899,-0.7315,31.5129,516.4884,518.08,523.98,512.74,505.050003051758,down,2026-08-21T15:59:29,0.0,0.0
SPX,2027-06-17,300,Put,7800.0,SPX270617P07800000,411.5,412.9,412.2,409.33,-14.87,-3.50542,58.0,6777.0,0.1691,-0.4352,0.0003,27.1899,-0.7392,-30.736,413.0619,411.2,411.2,409.0,424.199996948242,up,2026-08-21T15:30:02,0.0,0.0
SPX,2027-06-17,300,Call,7825.0,SPX270617C07825000,500.4,502.3,501.35,527.4,0.0,0.0,0.0,5397.0,0.1681,0.5595,0.0003,27.2754,-0.7299,31.1262,501.3121,0.0,0.0,0.0,489.950012207031,up,2026-08-18T15:16:18,0.0,0.0
SPX,2027-06-17,300,Put,7825.0,SPX270617P07825000,420.3,421.9,421.1,418.0,-15.25,-3.51991,15.0,4677.0,0.168,-0.4434,0.0003,27.2754,-0.7359,-31.3212,421.9857,419.72,421.69,418.0,433.25,down,2026-08-21T15:42:44,0.0,0.0
SPX,2027-06-17,300,Call,7850.0,SPX270617C07850000,485.5,487.3,486.4,488.57,13.32,2.80274,24.0,2119.0,0.1668,0.5512,0.0003,27.3508,-0.7281,30.7279,486.3436,488.42,488.57,488.36,475.25,up,2026-08-21T15:36:45,0.0,0.0
SPX,2027-06-17,300,Put,7850.0,SPX270617P07850000,429.5,431.0,430.25,427.21,0.0,0.0,0.0,2123.0,0.1668,-0.4517,0.0003,27.3508,-0.7322,-31.918,431.1174,0.0,0.0,0.0,442.550003051758,up,2026-08-19T09:42:08,0.0,0.0
SPX,2027-06-17,300,Call,7875.0,SPX270617C07875000,470.8,472.6,471.70000000000005,497.3,0.0,0.0,0.0,779.0,0.1658,0.5427,0.0004,27.4157,-0.7259,30.316,471.5903,0.0,0.0,0.0,460.599990844727,no_change,2026-08-18T15:16:20,0.0,0.0
SPX,2027-06-17,300,Put,7875.0,SPX270617P07875000,438.9,440.4,439.65,438.3,-13.85,-3.06314,9.0,3603.0,0.1658,-0.4601,0.0004,27.4157,-0.7282,-32.5285,440.4641,439.2,439.2,438.1,452.149993896484,up,2026-08-21T14:05:11,0.0,0.0
SPX,2027-06-17,300,Call,7900.0,SPX270617C07900000,456.3,458.1,457.20000000000005,461.46,15.16,3.39682,4.0,4875.0,0.1647,0.5342,0.0004,27.4695,-0.7234,29.8909,457.0597,461.13,461.51,461.13,446.300003051758,down,2026-08-21T15:59:30,0.0,0.0
SPX,2027-06-17,300,Put,7900.0,SPX270617P07900000,448.4,450.0,449.2,447.5,-14.35,-3.10707,2.0,2633.0,0.1646,-0.4687,0.0004,27.4695,-0.7239,-33.152,450.0335,447.85,447.85,447.5,461.849990844727,down,2026-08-21T15:56:56,0.0,0.0
SPX,2027-06-17,300,Call,7925.0,SPX270617C07925000,442.1,443.8,442.95000000000005,440.45,8.25,1.90884,2.0,921.0,0.1636,0.5256,0.0004,27.5115,-0.7206,29.4561,442.7585,440.38,440.45,440.38,432.199996948242,up,2026-08-21T14:35:35,0.0,0.0
SPX,2027-06-17,300,Put,7925.0,SPX270617P07925000,458.2,459.9,459.04999999999995,455.2,-16.65,-3.52867,255.0,2125.0,0.1636,-0.4773,0.0004,27.5115,-0.7193,-33.7854,459.8325,456.75,459.1,455.2,471.850006103516,down,2026-08-21T15:08:16,0.0,0.0
SPX,2027-06-17,300,Call,7950.0,SPX270617C07950000,428.1,429.8,428.95000000000005,433.4,15.1,3.60985,52.0,1722.0,0.1626,0.5168,0.0004,27.5414,-0.7174,29.0156,428.6927,426.7,433.4,426.7,418.300003051758,up,2026-08-21T15:45:08,0.0,0.0
SPX,2027-06-17,300,Put,7950.0,SPX270617P07950000,468.3,469.9,469.1,469.68,-12.27,-2.54591,51.0,1144.0,0.1625,-0.486,0.0004,27.5414,-0.7144,-34.4245,469.8666,464.2,469.68,464.2,481.949996948242,no_change,2026-08-21T14:45:28,0.0,0.0
SPX,2027-06-17,300,Call,7975.0,SPX270617C07975000,414.5,415.9,415.2,419.1,14.5,3.58379,20.0,215.0,0.1616,0.508,0.0004,27.559,-0.714,28.5727,414.8661,418.43,419.6,416.86,404.599990844727,down,2026-08-21T15:46:14,0.0,0.0
SPX,2027-06-17,300,Put,7975.0,SPX270617P07975000,478.6,480.3,479.45000000000005,478.8,-13.65,-2.77185,38.0,173.0,0.1614,-0.4948,0.0004,27.559,-0.7091,-35.0658,480.1401,478.57,479.74,474.0,492.449996948242,up,2026-08-21T14:06:22,0.0,0.0
SPX,2027-06-17,300,Call,8000.0,SPX270617C08000000,401.1,402.4,401.75,404.2,12.9,3.2967,1010.0,36291.0,0.1605,0.4991,0.0004,27.5643,-0.7102,28.128,401.2824,402.11,412.7,395.7,391.300003051758,down,2026-08-21T15:57:43,0.0,0.0
SPX,2027-06-17,300,Put,8000.0,SPX270617P08000000,489.3,490.8,490.05,484.74,-18.41,-3.65895,546.0,33728.0,0.1603,-0.5037,0.0004,27.5643,-0.7035,-35.7091,490.6565,492.64,496.47,484.74,503.150009155273,down,2026-08-21T15:49:56,0.0,0.0
SPX,2027-06-17,300,Call,8025.0,SPX270617C08025000,387.7,389.1,388.4,389.66,11.51,3.04377,68.0,403.0,0.1595,0.4902,0.0004,27.5569,-0.7061,27.6788,387.946,386.7,392.1,386.7,378.149993896484,down,2026-08-21T15:54:59,0.0,0.0
SPX,2027-06-17,300,Put,8025.0,SPX270617P08025000,500.0,501.6,500.8,499.19,-14.91,-2.90022,253.0,413.0,0.1594,-0.5127,0.0004,27.5569,-0.6976,-36.3568,501.4202,499.7,500.79,495.8,514.100006103516,up,2026-08-21T15:54:59,0.0,0.0
SPX,2027-06-17,300,Call,8050.0,SPX270617C08050000,374.6,376.1,375.35,379.2,13.9,3.80509,7.0,965.0,0.1585,0.4811,0.0004,27.5359,-0.7017,27.2209,374.8626,374.8,379.2,374.8,365.300003051758,up,2026-08-21T15:45:07,0.0,0.0
SPX,2027-06-17,300,Put,8050.0,SPX270617P08050000,510.9,512.7,511.8,508.0,-17.2,-3.27495,1.0,381.0,0.1583,-0.5218,0.0004,27.5359,-0.6914,-37.0132,512.4368,508.0,508.0,508.0,525.200012207031,up,2026-08-21T11:35:12,0.0,0.0
SPX,2027-06-17,300,Call,8075.0,SPX270617C08075000,361.8,363.4,362.6,365.9,13.25,3.75727,10.0,379.0,0.1575,0.472,0.0004,27.5007,-0.697,26.7512,362.0394,360.9,366.3,360.8,352.649993896484,down,2026-08-21T15:46:30,0.0,0.0
SPX,2027-06-17,300,Put,8075.0,SPX270617P08075000,522.3,524.0,523.15,514.33,0.0,0.0,0.0,755.0,0.1574,-0.5309,0.0004,27.5007,-0.6849,-37.6815,523.7138,0.0,0.0,0.0,536.75,no_change,2026-08-19T15:50:52,0.0,0.0
SPX,2027-06-17,300,Call,8100.0,SPX270617C08100000,349.5,350.8,350.15,352.3,12.0,3.5263,507.0,7335.0,0.1565,0.4628,0.0004,27.4505,-0.692,26.2693,349.4843,349.5,352.3,347.57,340.300003051758,up,2026-08-21T15:40:27,0.0,0.0
SPX,2027-06-17,300,Put,8100.0,SPX270617P08100000,534.1,535.6,534.85,553.41,0.0,0.0,0.0,3097.0,0.1564,-0.54,0.0004,27.4505,-0.6781,-38.3618,535.2586,0.0,0.0,0.0,548.350006103516,up,2026-08-20T15:57:40,0.0,0.0
SPX,2027-06-17,300,Call,8125.0,SPX270617C08125000,337.1,338.7,337.9,341.0,12.8,3.90006,10.0,248.0,0.1556,0.4536,0.0004,27.3854,-0.6866,25.7791,337.2038,339.1,341.4,339.1,328.199996948242,down,2026-08-21T15:46:30,0.0,0.0
SPX,2027-06-17,300,Put,8125.0,SPX270617P08125000,545.7,547.5,546.6,543.45,0.0,0.0,0.0,432.0,0.1555,-0.5493,0.0004,27.3854,-0.6709,-39.0506,547.0782,0.0,0.0,0.0,560.449981689453,down,2026-08-18T14:29:19,0.0,0.0
SPX,2027-06-17,300,Call,8150.0,SPX270617C08150000,325.3,326.6,325.95000000000005,329.0,12.7,4.01517,1.0,3551.0,0.1546,0.4443,0.0004,27.306,-0.681,25.2858,325.2026,329.0,329.0,329.0,316.300003051758,down,2026-08-21T15:46:31,0.0,0.0
SPX,2027-06-17,300,Put,8150.0,SPX270617P08150000,557.9,559.6,558.75,564.33,-8.27,-1.44429,100.0,1895.0,0.1545,-0.5585,0.0004,27.306,-0.6635,-39.7424,559.1772,566.54,566.54,564.28,572.599975585938,up,2026-08-21T10:01:50,0.0,0.0
SPX,2027-06-17,300,Call,8175.0,SPX270617C08175000,313.5,314.9,314.2,317.3,12.5,4.10105,3.0,202.0,0.1538,0.435,0.0004,27.2131,-0.6751,24.794,313.4829,317.5,317.5,317.3,304.800003051758,down,2026-08-21T15:46:26,0.0,0.0
SPX,2027-06-17,300,Put,8175.0,SPX270617P08175000,570.3,572.0,571.15,566.59,-18.66,-3.18838,6.0,54.0,0.1537,-0.5678,0.0004,27.2131,-0.6558,-40.4328,571.5575,566.07,566.59,566.07,585.25,up,2026-08-21T15:39:14,0.0,0.0
SPX,2027-06-17,300,Call,8200.0,SPX270617C08200000,302.2,303.5,302.85,306.0,12.55,4.27671,3.0,10109.0,0.1529,0.4257,0.0004,27.1071,-0.6689,24.3043,302.046,304.3,306.0,304.3,293.449996948242,up,2026-08-21T15:45:53,0.0,0.0
SPX,2027-06-17,300,Put,8200.0,SPX270617P08200000,582.9,584.7,583.8,583.57,0.0,0.0,0.0,940.0,0.1527,-0.5772,0.0004,27.1071,-0.6478,-41.121,584.2206,0.0,0.0,0.0,598.0,up,2026-08-18T15:59:41,0.0,0.0
SPX,2027-06-17,300,Call,8225.0,SPX270617C08225000,290.9,292.5,291.7,294.8,12.25,4.33552,3.0,272.0,0.152,0.4163,0.0004,26.9875,-0.6624,23.8137,290.8931,293.5,294.8,293.5,282.549987792969,up,2026-08-21T15:45:51,0.0,0.0
SPX,2027-06-17,300,Put,8225.0,SPX270617P08225000,595.9,597.6,596.75,582.97,0.0,0.0,0.0,33.0,0.1519,-0.5865,0.0004,26.9875,-0.6395,-41.8101,597.1679,0.0,0.0,0.0,611.149993896484,up,2026-08-19T13:08:55,0.0,0.0
SPX,2027-06-17,300,Call,8250.0,SPX270617C08250000,280.0,281.5,280.75,282.41,10.66,3.92272,6.0,981.0,0.1512,0.407,0.0004,26.8529,-0.6556,23.3174,280.027,282.2,282.41,282.2,271.75,no_change,2026-08-21T15:43:09,0.0,0.0
SPX,2027-06-17,300,Put,8250.0,SPX270617P08250000,608.9,610.8,609.8499999999999,610.65,-13.75,-2.20212,8.0,380.0,0.151,-0.5959,0.0004,26.8529,-0.6309,-42.5049,610.4018,606.57,610.65,605.64,624.400024414062,up,2026-08-21T14:37:55,0.0,0.0
SPX,2027-06-17,300,Call,8275.0,SPX270617C08275000,269.6,270.9,270.25,273.1,11.75,4.49588,1.0,1886.0,0.1504,0.3976,0.0004,26.702,-0.6486,22.8124,269.4513,273.1,273.1,273.1,261.350006103516,down,2026-08-21T11:33:47,0.0,0.0
SPX,2027-06-17,300,Put,8275.0,SPX270617P08275000,622.5,624.3,623.4,617.81,0.0,0.0,0.0,9.0,0.1502,-0.6052,0.0004,26.702,-0.6221,-43.2084,623.9262,0.0,0.0,0.0,638.199981689453,down,2026-08-18T14:32:57,0.0,0.0
SPX,2027-06-17,300,Call,8300.0,SPX270617C08300000,259.3,260.5,259.9,264.1,12.95,5.15628,3.0,4000.0,0.1496,0.3883,0.0004,26.5342,-0.6414,22.2998,259.1694,261.6,264.1,261.6,251.150001525879,up,2026-08-21T11:36:11,0.0,0.0
SPX,2027-06-17,300,Put,8300.0,SPX270617P08300000,636.3,638.1,637.2,634.59,0.0,0.0,0.0,252.0,0.1494,-0.6146,0.0004,26.5342,-0.6131,-43.9196,637.7443,0.0,0.0,0.0,652.0,up,2026-08-18T14:04:04,0.0,0.0
SPX,2027-06-17,300,Call,8325.0,SPX270617C08325000,249.3,250.6,249.95,251.2,9.95,4.12435,3.0,410.0,0.1488,0.379,0.0004,26.351,-0.6339,21.7851,249.1822,251.0,251.2,251.0,241.25,no_change,2026-08-21T15:07:40,0.0,0.0
SPX,2027-06-17,300,Put,8325.0,SPX270617P08325000,650.4,652.1,651.25,664.31,0.0,0.0,0.0,112.0,0.1487,-0.6239,0.0004,26.351,-0.6038,-44.6328,651.8572,0.0,0.0,0.0,666.300018310547,up,2026-08-20T15:30:20,0.0,0.0
SPX,2027-06-17,300,Call,8350.0,SPX270617C08350000,239.5,241.0,240.25,250.0,0.0,0.0,0.0,1012.0,0.148,0.3697,0.0004,26.1541,-0.6261,21.2742,239.4882,0.0,0.0,0.0,231.800003051758,down,2026-08-20T11:10:15,0.0,0.0
SPX,2027-06-17,300,Put,8350.0,SPX270617P08350000,664.6,666.4,665.5,648.98,0.0,0.0,0.0,51.0,0.1478,-0.6332,0.0004,26.1541,-0.5942,-45.3422,666.2632,0.0,0.0,0.0,680.75,down,2026-08-04T12:57:25,0.0,0.0
SPX,2027-06-17,300,Call,8375.0,SPX270617C08375000,230.1,231.5,230.8,267.6,0.0,0.0,0.0,356.0,0.1474,0.3604,0.0004,25.9457,-0.6182,20.7705,230.0829,0.0,0.0,0.0,222.400001525879,up,2026-08-19T10:56:40,0.0,0.0
SPX,2027-06-17,300,Put,8375.0,SPX270617P08375000,679.4,681.1,680.25,856.7,0.0,0.0,0.0,11.0,0.1472,-0.6424,0.0004,25.9457,-0.5844,-46.0444,680.958,0.0,0.0,0.0,695.050018310547,down,2026-06-05T12:52:12,0.0,0.0
SPX,2027-06-17,300,Call,8400.0,SPX270617C08400000,220.9,222.0,221.45,224.8,11.4,5.34208,24.0,8896.0,0.1466,0.3512,0.0004,25.7264,-0.61,20.2726,220.9615,222.1,224.8,221.9,213.400001525879,up,2026-08-21T12:21:04,0.0,0.0
SPX,2027-06-17,300,Put,8400.0,SPX270617P08400000,694.2,696.3,695.25,686.81,0.0,0.0,0.0,1509.0,0.1465,-0.6516,0.0004,25.7264,-0.5745,-46.7409,695.9367,0.0,0.0,0.0,710.149993896484,down,2026-08-18T14:49:56,0.0,0.0
SPX,2027-06-17,300,Call,8425.0,SPX270617C08425000,212.0,213.3,212.65,215.6,10.9,5.32487,26.0,599.0,0.146,0.3421,0.0004,25.4949,-0.6016,19.7758,212.12,212.82,215.6,209.99,204.699996948242,up,2026-08-21T15:59:30,0.0,0.0
SPX,2027-06-17,300,Put,8425.0,SPX270617P08425000,709.4,711.9,710.65,839.97,0.0,0.0,0.0,7.0,0.1457,-0.6607,0.0004,25.4949,-0.5643,-47.4362,711.1953,0.0,0.0,0.0,725.5,down,2026-06-18T15:33:35,0.0,0.0
SPX,2027-06-17,300,Call,8450.0,SPX270617C08450000,203.4,204.8,204.10000000000002,204.12,7.87,4.01019,3.0,551.0,0.1453,0.333,0.0004,25.2492,-0.593,19.2758,203.5558,204.12,204.12,204.12,196.25,up,2026-08-21T10:06:48,0.0,0.0
SPX,2027-06-17,300,Put,8450.0,SPX270617P08450000,724.9,727.0,725.95,715.62,0.0,0.0,0.0,42.0,0.1451,-0.6698,0.0004,25.2492,-0.5539,-48.1348,726.7312,0.0,0.0,0.0,741.099975585938,up,2026-08-18T15:29:01,0.0,0.0
SPX,2027-06-17,300,Call,8475.0,SPX270617C08475000,195.1,196.2,195.64999999999998,196.62,8.62,4.58511,24.0,1155.0,0.1447,0.3241,0.0004,24.9878,-0.5843,18.7716,195.2671,193.64,198.44,193.3,188.0,down,2026-08-21T15:43:02,0.0,0.0
SPX,2027-06-17,300,Put,8475.0,SPX270617P08475000,740.6,743.1,741.85,844.0,0.0,0.0,0.0,1.0,0.1445,-0.6788,0.0004,24.9878,-0.5434,-48.8374,742.5425,0.0,0.0,0.0,757.0,down,2026-07-22T10:05:06,0.0,0.0
SPX,2027-06-17,300,Call,8500.0,SPX270617C08500000,187.0,188.1,187.55,190.36,10.26,5.69683,48.0,16468.0,0.1441,0.3152,0.0004,24.7114,-0.5753,18.2674,187.2506,186.84,190.6,186.82,180.100006103516,up,2026-08-21T15:59:30,0.0,0.0
SPX,2027-06-17,300,Put,8500.0,SPX270617P08500000,756.7,759.0,757.85,754.7,-18.45,-2.38634,2.0,1562.0,0.1438,-0.6877,0.0004,24.7114,-0.5326,-49.5402,758.6261,755.15,755.15,754.7,773.149993896484,down,2026-08-21T15:56:56,0.0,0.0
SPX,2027-06-17,300,Call,8525.0,SPX270617C08525000,179.2,180.5,179.85,202.31,0.0,0.0,0.0,242.0,0.1436,0.3064,0.0004,24.4227,-0.5662,17.7691,179.501,0.0,0.0,0.0,172.400001525879,down,2026-08-19T13:08:29,0.0,0.0
SPX,2027-06-17,300,Put,8525.0,SPX270617P08525000,773.0,775.4,774.2,708.27,0.0,0.0,0.0,20.0,0.1433,-0.6965,0.0004,24.4227,-0.5217,-50.237,774.9766,0.0,0.0,0.0,789.549987792969,up,2026-08-13T10:19:33,0.0,0.0
SPX,2027-06-17,300,Call,8550.0,SPX270617C08550000,171.8,172.8,172.3,174.4,9.3,5.63295,52.0,1019.0,0.1429,0.2977,0.0004,24.1249,-0.5569,17.2811,172.0104,171.4,174.7,171.3,165.099998474121,down,2026-08-21T15:59:30,0.0,0.0
SPX,2027-06-17,300,Put,8550.0,SPX270617P08550000,789.5,791.6,790.55,779.4,0.0,0.0,0.0,61.0,0.1427,-0.7052,0.0004,24.1249,-0.5106,-50.9235,791.5861,0.0,0.0,0.0,806.300018310547,up,2026-08-18T14:16:56,0.0,0.0
SPX,2027-06-17,300,Call,8575.0,SPX270617C08575000,164.5,165.7,165.1,165.71,7.71,4.87975,2.0,371.0,0.1424,0.289,0.0004,23.82,-0.5475,16.8034,164.7708,165.71,165.71,165.71,158.0,no_change,2026-08-21T15:43:09,0.0,0.0
SPX,2027-06-17,300,Put,8575.0,SPX270617P08575000,806.4,808.7,807.55,794.82,0.0,0.0,0.0,10.0,0.1422,-0.7138,0.0004,23.82,-0.4994,-51.5998,808.4465,0.0,0.0,0.0,823.25,up,2026-08-18T14:33:24,0.0,0.0
SPX,2027-06-17,300,Call,8600.0,SPX270617C08600000,157.5,158.7,158.1,161.0,9.9,6.55195,102.0,7134.0,0.1418,0.2806,0.0003,23.5077,-0.538,16.3318,157.7746,156.74,161.0,156.74,151.100006103516,no_change,2026-08-21T15:59:30,0.0,0.0
SPX,2027-06-17,300,Put,8600.0,SPX270617P08600000,823.5,825.5,824.5,825.83,-14.67,-1.74539,6.0,1395.0,0.1416,-0.7223,0.0003,23.5077,-0.488,-52.2699,825.5504,832.45,832.87,825.65,840.5,up,2026-08-21T14:38:16,0.0,0.0
SPX,2027-06-17,300,Call,8625.0,SPX270617C08625000,150.5,151.9,151.2,151.2,0.0,0.0,0.0,644.0,0.1414,0.2722,0.0003,23.1857,-0.5283,15.8615,151.017,0.0,0.0,0.0,144.5,down,2026-08-20T13:23:18,0.0,0.0
SPX,2027-06-17,300,Put,8625.0,SPX270617P08625000,840.8,843.2,842.0,787.7,0.0,0.0,0.0,89.0,0.1411,-0.7307,0.0003,23.1857,-0.4766,-52.9387,842.8928,0.0,0.0,0.0,857.849975585938,down,2026-08-17T12:10:20,0.0,0.0
SPX,2027-06-17,300,Call,8650.0,SPX270617C08650000,144.2,145.2,144.7,147.6,9.5,6.87907,72.0,2801.0,0.1409,0.2639,0.0003,22.8516,-0.5185,15.3904,144.494,146.6,147.6,144.2,138.100006103516,no_change,2026-08-21T15:59:30,0.0,0.0
SPX,2027-06-17,300,Put,8650.0,SPX270617P08650000,858.4,860.4,859.4,844.2,0.0,0.0,0.0,39.0,0.1406,-0.739,0.0003,22.8516,-0.465,-53.6083,860.4698,0.0,0.0,0.0,875.600006103516,up,2026-08-18T14:29:19,0.0,0.0
SPX,2027-06-17,300,Call,8675.0,SPX270617C08675000,137.9,138.9,138.4,141.2,9.2,6.9697,122.0,220.0,0.1405,0.2558,0.0003,22.505,-0.5086,14.9212,138.2016,136.72,141.2,136.66,132.0,no_change,2026-08-21T15:59:30,0.0,0.0
SPX,2027-06-17,300,Put,8675.0,SPX270617P08675000,876.2,878.6,877.4000000000001,862.21,0.0,0.0,0.0,6.0,0.1402,-0.7471,0.0003,22.505,-0.4532,-54.276,878.2776,0.0,0.0,0.0,893.5,up,2026-08-18T14:27:11,0.0,0.0
SPX,2027-06-17,300,Call,8700.0,SPX270617C08700000,131.8,132.8,132.3,130.16,5.77,4.57755,572.0,10243.0,0.14,0.2478,0.0003,22.1479,-0.4986,14.4591,132.1344,133.02,133.02,130.14,126.049999237061,up,2026-08-21T14:34:43,0.0,0.0
SPX,2027-06-17,300,Put,8700.0,SPX270617P08700000,893.3,896.5,894.9,909.64,0.0,0.0,0.0,143.0,0.1397,-0.7551,0.0003,22.1479,-0.4414,-54.9366,896.3104,0.0,0.0,0.0,911.75,up,2026-08-20T15:30:20,0.0,0.0
SPX,2027-06-17,300,Call,8725.0,SPX270617C08725000,126.0,127.0,126.5,129.1,8.65,7.1814,44.0,276.0,0.1396,0.2399,0.0003,21.7842,-0.4884,14.0088,126.2851,125.8,129.2,125.8,120.450000762939,down,2026-08-21T15:59:30,0.0,0.0
SPX,2027-06-17,300,Put,8725.0,SPX270617P08725000,911.3,915.1,913.2,899.7,0.0,0.0,0.0,28.0,0.1393,-0.763,0.0003,21.7842,-0.4295,-55.5855,914.5612,0.0,0.0,0.0,930.050018310547,down,2026-08-18T15:01:13,0.0,0.0
SPX,2027-06-17,300,Call,8750.0,SPX270617C08750000,120.3,121.3,120.8,123.4,8.45,7.35102,88.0,2239.0,0.1391,0.2321,0.0003,21.4171,-0.4783,13.5709,120.6457,120.3,123.4,120.3,114.950000762939,no_change,2026-08-21T15:59:30,0.0,0.0
SPX,2027-06-17,300,Put,8750.0,SPX270617P08750000,929.9,933.3,931.5999999999999,903.12,0.0,0.0,0.0,62.0,0.1388,-0.7707,0.0003,21.4171,-0.4175,-56.2219,933.022,0.0,0.0,0.0,948.649993896484,up,2026-08-19T11:42:32,0.0,0.0
SPX,2027-06-17,300,Call,8775.0,SPX270617C08775000,114.9,115.9,115.4,117.9,8.25,7.52394,65.0,274.0,0.1388,0.2245,0.0003,21.0474,-0.468,13.1422,115.2095,115.2,117.9,115.2,109.649997711182,up,2026-08-21T15:59:30,0.0,0.0
SPX,2027-06-17,300,Put,8775.0,SPX270617P08775000,948.4,952.0,950.2,933.28,0.0,0.0,0.0,49.0,0.1384,-0.7783,0.0003,21.0474,-0.4055,-56.8492,951.6857,0.0,0.0,0.0,967.399993896484,up,2026-08-18T14:28:46,0.0,0.0
SPX,2027-06-17,300,Call,8800.0,SPX270617C08800000,109.7,110.7,110.2,112.3,7.8,7.46411,66.0,8357.0,0.1383,0.217,0.0003,20.6734,-0.4577,12.7179,109.9712,109.6,112.6,109.6,104.5,down,2026-08-21T15:59:30,0.0,0.0
SPX,2027-06-17,300,Put,8800.0,SPX270617P08800000,967.4,970.8,969.0999999999999,945.5,0.0,0.0,0.0,217.0,0.138,-0.7858,0.0003,20.6734,-0.3934,-57.472,970.5475,0.0,0.0,0.0,986.5,up,2026-08-19T10:11:53,0.0,0.0
SPX,2027-06-17,300,Call,8850.0,SPX270617C08850000,99.9,100.9,100.4,111.1,0.0,0.0,0.0,614.0,0.1376,0.2025,0.0003,19.9023,-0.437,11.8766,100.0749,0.0,0.0,0.0,95.0499992370606,no_change,2026-08-18T15:29:15,0.0,0.0
SPX,2027-06-17,300,Put,8850.0,SPX270617P08850000,1005.7,1009.2,1007.45,978.32,0.0,0.0,0.0,12.0,0.1372,-0.8003,0.0003,19.9023,-0.3691,-58.7103,1008.8514,0.0,0.0,0.0,1025.05001831055,up,2026-08-19T13:08:55,0.0,0.0
SPX,2027-06-17,300,Call,8900.0,SPX270617C08900000,90.9,91.7,91.30000000000001,90.22,4.07,4.72432,46.0,3430.0,0.1369,0.1886,0.0003,19.103,-0.4162,11.066,90.9249,91.89,92.15,90.22,86.1499977111816,down,2026-08-21T14:25:18,0.0,0.0
SPX,2027-06-17,300,Put,8900.0,SPX270617P08900000,1044.8,1048.3,1046.55,1060.0,0.0,0.0,0.0,195.0,0.1365,-0.8142,0.0003,19.103,-0.3447,-59.918,1047.9015,0.0,0.0,0.0,1064.39996337891,up,2026-08-20T14:07:58,0.0,0.0
SPX,2027-06-17,300,Call,8950.0,SPX270617C08950000,82.4,83.3,82.85,82.36,4.21,5.38708,12.0,1355.0,0.1362,0.1753,0.0003,18.3003,-0.3955,10.3048,82.4723,81.62,82.46,81.44,78.1499977111816,down,2026-08-21T10:11:17,0.0,0.0
SPX,2027-06-17,300,Put,8950.0,SPX270617P08950000,1084.5,1088.1,1086.3,1014.8,0.0,0.0,0.0,10.0,0.1358,-0.8276,0.0003,18.3003,-0.3204,-61.0762,1087.649,0.0,0.0,0.0,1104.45001220703,down,2026-08-17T10:13:49,0.0,0.0
SPX,2027-06-17,300,Call,9000.0,SPX270617C09000000,74.7,75.5,75.1,76.08,5.53,7.83841,400.0,9275.0,0.1356,0.1626,0.0003,17.4989,-0.3749,9.5717,74.675,74.5,76.08,73.6,70.5499992370606,up,2026-08-21T13:02:25,0.0,0.0
SPX,2027-06-17,300,Put,9000.0,SPX270617P09000000,1124.9,1128.5,1126.7,1091.62,0.0,0.0,0.0,244.0,0.1351,-0.8403,0.0003,17.4989,-0.2961,-62.2063,1128.0519,0.0,0.0,0.0,1145.15002441406,up,2026-08-19T14:40:56,0.0,0.0
SPX,2027-06-17,300,Call,9050.0,SPX270617C09050000,67.6,68.3,67.94999999999999,68.1,4.4,6.90738,150.0,417.0,0.135,0.1505,0.0002,16.684,-0.3545,8.8593,67.5066,68.1,68.1,68.1,63.6999988555908,no_change,2026-08-21T11:30:49,0.0,0.0
SPX,2027-06-17,300,Put,9050.0,SPX270617P09050000,1165.9,1169.6,1167.75,1117.35,0.0,0.0,0.0,1.0,0.1344,-0.8524,0.0002,16.684,-0.2721,-63.3158,1169.0837,0.0,0.0,0.0,1186.45001220703,down,2026-08-11T13:48:20,0.0,0.0
SPX,2027-06-17,300,Call,9100.0,SPX270617C09100000,61.0,61.7,61.35,62.19,4.74,8.25066,690.0,3236.0,0.1344,0.139,0.0002,15.8641,-0.3344,8.1914,60.9324,61.69,62.19,60.64,57.4499988555908,up,2026-08-21T13:02:25,0.0,0.0
SPX,2027-06-17,300,Put,9100.0,SPX270617P09100000,1207.5,1211.3,1209.4,1188.45,0.0,0.0,0.0,21.0,0.1337,-0.8638,0.0002,15.8641,-0.2485,-64.3808,1210.7097,0.0,0.0,0.0,1228.29998779297,up,2026-08-18T14:16:56,0.0,0.0
SPX,2027-06-17,300,Call,9200.0,SPX270617C09200000,49.3,50.1,49.7,48.78,2.38,5.12931,77.0,7727.0,0.1333,0.118,0.0002,14.2692,-0.2956,6.967,49.4037,48.6,48.78,48.6,46.3999996185303,up,2026-08-21T14:45:34,0.0,0.0
SPX,2027-06-17,300,Put,9200.0,SPX270617P09200000,1292.3,1296.1,1294.1999999999998,1426.74,0.0,0.0,0.0,1.0,0.1326,-0.8849,0.0002,14.2692,-0.2024,-66.3992,1295.5812,0.0,0.0,0.0,1313.59997558594,up,2026-06-22T14:14:31,0.0,0.0
SPX,2027-06-17,300,Call,9300.0,SPX270617C09300000,39.6,40.4,40.0,39.9,2.65,7.11409,26.0,2576.0,0.1322,0.0994,0.0002,12.7075,-0.259,5.8747,39.8375,39.9,39.9,39.9,37.25,down,2026-08-21T15:29:23,0.0,0.0
SPX,2027-06-17,300,Put,9300.0,SPX270617P09300000,1378.9,1382.9,1380.9,1299.78,0.0,0.0,0.0,3.0,0.1314,-0.9035,0.0002,12.7075,-0.1586,-68.2857,1382.4153,0.0,0.0,0.0,1400.70001220703,down,2026-08-17T11:01:16,0.0,0.0
SPX,2027-06-17,300,Call,9400.0,SPX270617C09400000,31.7,32.4,32.05,31.7,2.0,6.73401,124.0,7929.0,0.1313,0.0832,0.0002,11.2412,-0.2251,4.9206,31.9643,32.7,32.8,31.7,29.6999998092651,no_change,2026-08-21T15:55:09,0.0,0.0
SPX,2027-06-17,300,Put,9400.0,SPX270617P09400000,1467.2,1471.4,1469.3000000000002,1362.42,0.0,0.0,0.0,2.0,0.1303,-0.9197,0.0002,11.2412,-0.1175,-70.0339,1470.9424,0.0,0.0,0.0,1489.5,down,2026-08-13T15:47:13,0.0,0.0
SPX,2027-06-17,300,Call,9500.0,SPX270617C09500000,25.3,25.9,25.6,25.9,2.3,9.74577,438.0,11542.0,0.1306,0.0692,0.0001,9.8596,-0.1943,4.1003,25.5587,26.8,26.8,25.69,23.5999994277954,no_change,2026-08-21T15:50:22,0.0,0.0
SPX,2027-06-17,300,Put,9500.0,SPX270617P09500000,1557.0,1561.4,1559.2,1532.57,0.0,0.0,0.0,45.0,0.1295,-0.9336,0.0001,9.8596,-0.0795,-71.6482,1560.937,0.0,0.0,0.0,1579.65002441406,down,2026-08-18T14:18:32,0.0,0.0
SPX,2027-06-17,300,Call,9600.0,SPX270617C09600000,20.0,20.7,20.35,20.4,0.0,0.0,0.0,5288.0,0.1299,0.0574,0.0001,8.6051,-0.1668,3.3953,20.3876,0.0,0.0,0.0,18.6999998092651,down,2026-08-20T13:15:38,0.0,0.0
SPX,2027-06-17,300,Put,9600.0,SPX270617P09600000,1648.0,1652.5,1650.25,1538.81,0.0,0.0,0.0,1.0,0.1285,-0.9455,0.0001,8.6051,-0.0448,-73.1474,1652.1662,0.0,0.0,0.0,1671.0,up,2026-08-14T10:18:12,0.0,0.0
SPX,2027-06-17,300,Call,9800.0,SPX270617C09800000,12.6,13.2,12.899999999999999,16.85,0.0,0.0,0.0,6040.0,0.1293,0.0391,0.0001,6.4602,-0.1215,2.3139,12.9815,0.0,0.0,0.0,11.8500003814697,up,2026-08-19T10:48:30,0.0,0.0
SPX,2027-06-17,300,Put,9800.0,SPX270617P09800000,1833.1,1837.9,1835.5,2416.13,0.0,0.0,0.0,0.0,0.1271,-0.9638,0.0001,6.4602,0.0,-75.817,1837.5607,0.0,0.0,0.0,1856.64996337891,down,2025-10-29T10:15:37,0.0,0.0
SPX,2027-06-17,300,Call,10000.0,SPX270617C10000000,8.1,8.6,8.35,8.5,0.85,11.1111,88.0,8489.0,0.1294,0.0267,0.0001,4.8176,-0.0885,1.581,8.3916,8.37,8.5,8.1,7.65000009536743,up,2026-08-21T15:48:26,0.0,0.0
SPX,2027-06-17,300,Put,10000.0,SPX270617P10000000,2021.0,2026.2,2023.6,2272.85,0.0,0.0,0.0,9.0,0.1263,-0.9761,0.0001,4.8176,0.0,-78.1381,2025.7713,0.0,0.0,0.0,2045.09997558594,up,2026-06-26T15:48:30,0.0,0.0
SPX,2027-06-17,300,Call,10200.0,SPX270617C10200000,5.5,5.9,5.7,7.21,0.0,0.0,0.0,1850.0,0.1307,0.0186,0.0,3.6224,-0.0655,1.1024,5.6123,0.0,0.0,0.0,5.15000009536743,up,2026-08-19T10:37:50,0.0,0.0
SPX,2027-06-17,300,Put,10200.0,SPX270617P10200000,2210.9,2216.3,2213.6000000000004,2316.23,0.0,0.0,0.0,23.0,0.1258,-0.9842,0.0,3.6224,0.0,-80.2049,2215.7926,0.0,0.0,0.0,2235.34997558594,up,2026-06-16T16:13:45,0.0,0.0
SPX,2027-06-17,300,Call,10400.0,SPX270617C10400000,3.9,4.3,4.1,4.2,0.0,0.0,0.0,3872.0,0.133,0.0135,0.0,2.7863,-0.0501,0.7955,3.9479,0.0,0.0,0.0,3.70000004768372,down,2026-08-20T12:23:57,0.0,0.0
SPX,2027-06-17,300,Put,10400.0,SPX270617P10400000,2386.1,2424.6,2405.35,2463.03,0.0,0.0,0.0,3.0,0.1211,-0.9894,0.0,2.7863,0.0,-82.1,2406.9288,0.0,0.0,0.0,2425.85009765625,down,2026-07-10T13:44:00,0.0,0.0
SPX,2027-06-17,300,Call,10600.0,SPX270617C10600000,2.9,3.3,3.0999999999999996,3.77,0.0,0.0,0.0,798.0,0.136,0.0102,0.0,2.2132,-0.04,0.5991,2.9452,0.0,0.0,0.0,2.82500004768372,up,2026-08-18T10:09:55,0.0,0.0
SPX,2027-06-17,300,Put,10600.0,SPX270617P10600000,2577.9,2616.2,2597.05,2599.43,-20.77,-0.792686,2.0,236.0,0.1171,-0.9927,0.0,2.2132,0.0,-83.8846,2598.7266,2599.55,2599.55,2599.43,2620.19995117188,down,2026-08-21T14:38:16,0.0,0.0
SPX,2027-06-17,300,Call,10800.0,SPX270617C10800000,2.25,2.6,2.425,2.75,0.0,0.0,0.0,2707.0,0.1392,0.0081,0.0,1.8185,-0.0333,0.4745,2.3275,0.0,0.0,0.0,2.19999992847443,down,2026-08-18T12:15:55,0.0,0.0
SPX,2027-06-17,300,Put,10800.0,SPX270617P10800000,2769.9,2808.2,2789.05,2689.6,0.0,0.0,0.0,27.0,0.0,-0.9948,0.0,1.8185,0.0,-85.5974,2790.9096,0.0,0.0,0.0,2812.15002441406,down,2026-08-17T12:10:20,0.0,0.0
SPX,2027-06-17,300,Call,11000.0,SPX270617C11000000,1.75,2.05,1.9,1.9,0.2,11.7647,1.0,474.0,0.1425,0.0067,0.0,1.5414,-0.0288,0.3895,1.9307,1.9,1.9,1.9,1.69999998807907,down,2026-08-21T12:06:19,0.0,0.0
SPX,2027-06-17,300,Put,11000.0,SPX270617P11000000,2961.9,3000.1,2981.0,0.0,0.0,0.0,0.0,0.0,0.0,-0.9962,0.0,1.5414,0.0,-87.2706,2983.3133,0.0,0.0,0.0,3004.15002441406,no_change,,0.0,0.0
SPX,2027-06-17,300,Call,11200.0,SPX270617C11200000,1.35,1.7,1.525,1.54,0.0,0.0,0.0,335.0,0.1458,0.0057,0.0,1.3385,-0.0257,0.3306,1.6616,0.0,0.0,0.0,1.375,down,2026-08-20T12:11:57,0.0,0.0
SPX,2027-06-17,300,Put,11200.0,SPX270617P11200000,3153.9,3192.3,3173.1000000000004,3346.69,0.0,0.0,0.0,6.0,0.0,-0.9972,0.0,1.339,0.0,-88.9176,3175.8453,0.0,0.0,0.0,3196.89990234375,up,2026-06-29T13:35:38,0.0,0.0
SPX,2027-06-17,300,Call,11400.0,SPX270617C11400000,1.05,1.4,1.225,1.24,0.0,0.0,0.0,665.0,0.1492,0.0049,0.0,1.1842,-0.0234,0.2877,1.4682,0.0,0.0,0.0,1.09999999403954,up,2026-08-20T12:11:57,0.0,0.0
SPX,2027-06-17,300,Put,11400.0,SPX270617P11400000,3346.7,3384.8,3365.75,3452.29,0.0,0.0,0.0,160.0,0.0,-0.9979,0.0,1.1842,0.0,-90.5488,3368.4519,0.0,0.0,0.0,3389.20007324219,up,2026-07-16T13:40:57,0.0,0.0
SPXW,2027-06-30,313,Call,3000.0,SPXW270630C03000000,4723.3,4761.6,4742.450000000001,0.0,0.0,0.0,0.0,0.0,0.4535,0.9944,0.0,1.6831,0.0,24.2677,4744.1735,0.0,0.0,0.0,4719.2001953125,no_change,,0.0,0.0
SPXW,2027-06-30,313,Put,3000.0,SPXW270630P03000000,10.9,11.2,11.05,11.8,0.0,0.0,0.0,66.0,0.4849,-0.0086,0.0,1.6832,-0.122,-0.6365,10.8677,0.0,0.0,0.0,11.5499997138977,up,2026-08-18T10:12:15,0.0,0.0
SPXW,2027-06-30,313,Call,3200.0,SPXW270630C03200000,4532.5,4571.3,4551.9,0.0,0.0,0.0,0.0,0.0,0.4501,0.9926,0.0,1.9897,0.0,25.7733,4553.6335,0.0,0.0,0.0,4528.40014648438,no_change,,0.0,0.0
SPXW,2027-06-30,313,Put,3200.0,SPXW270630P03200000,12.8,13.2,13.0,14.74,0.0,0.0,0.0,4.0,0.4656,-0.0104,0.0,1.9898,-0.1389,-0.7699,12.8889,0.0,0.0,0.0,13.6500000953674,down,2026-08-04T11:35:36,0.0,0.0
SPXW,2027-06-30,313,Call,3400.0,SPXW270630C03400000,4342.2,4381.1,4361.65,0.0,0.0,0.0,0.0,0.0,0.4253,0.9906,0.0,2.3313,0.0,27.2611,4363.3374,0.0,0.0,0.0,4338.25,no_change,,0.0,0.0
SPXW,2027-06-30,313,Put,3400.0,SPXW270630P03400000,15.0,15.4,15.2,15.5,0.0,0.0,0.0,8.0,0.4471,-0.0125,0.0,2.3315,-0.1567,-0.921,15.1539,0.0,0.0,0.0,15.9500002861023,down,2026-08-11T10:16:53,0.0,0.0
SPXW,2027-06-30,313,Call,3600.0,SPXW270630C03600000,4152.5,4190.8,4171.65,4281.84,0.0,0.0,0.0,0.0,0.4158,0.9882,0.0,2.7176,0.0,28.7243,4173.3032,0.0,0.0,0.0,4147.80004882812,down,2026-08-14T12:29:32,0.0,0.0
SPXW,2027-06-30,313,Put,3600.0,SPXW270630P03600000,17.5,17.8,17.65,17.77,0.0,0.0,0.0,24.0,0.4293,-0.0149,0.0,2.7178,-0.1755,-1.0968,17.6809,0.0,0.0,0.0,18.5500001907349,down,2026-08-19T14:30:55,0.0,0.0
SPXW,2027-06-30,313,Call,3800.0,SPXW270630C03800000,3962.7,4001.1,3981.8999999999996,0.0,0.0,0.0,0.0,0.0,0.4036,0.9854,0.0,3.1421,0.0,30.1621,3983.5638,0.0,0.0,0.0,3958.05004882812,no_change,,0.0,0.0
SPXW,2027-06-30,313,Put,3800.0,SPXW270630P03800000,20.3,20.6,20.450000000000003,20.31,0.0,0.0,0.0,52.0,0.4122,-0.0176,0.0,3.1423,-0.1953,-1.2979,20.5026,0.0,0.0,0.0,21.4499998092651,up,2026-08-14T13:33:22,0.0,0.0
SPXW,2027-06-30,313,Call,3900.0,SPXW270630C03900000,3868.0,3906.4,3887.2,0.0,0.0,0.0,0.0,0.0,0.3916,0.9839,0.0,3.3702,0.0,30.8719,3888.8143,0.0,0.0,0.0,3864.0,no_change,,0.0,0.0
SPXW,2027-06-30,313,Put,3900.0,SPXW270630P03900000,21.8,22.1,21.950000000000003,29.19,0.0,0.0,0.0,1.0,0.4038,-0.0192,0.0,3.3704,-0.2055,-1.4075,22.0338,0.0,0.0,0.0,23.0500001907349,down,2026-07-08T13:55:46,0.0,0.0
SPXW,2027-06-30,313,Call,4000.0,SPXW270630C04000000,3773.3,3811.8,3792.55,0.0,0.0,0.0,0.0,0.0,0.3896,0.9822,0.0,3.6126,0.0,31.5739,3794.1522,0.0,0.0,0.0,3770.75,no_change,,0.0,0.0
SPXW,2027-06-30,313,Put,4000.0,SPXW270630P04000000,23.4,23.8,23.6,24.14,0.0,0.0,0.0,4.0,0.3958,-0.0208,0.0,3.6129,-0.216,-1.525,23.6523,0.0,0.0,0.0,24.6499996185303,down,2026-08-11T15:23:46,0.0,0.0
SPXW,2027-06-30,313,Call,4100.0,SPXW270630C04100000,3678.5,3717.0,3697.75,0.0,0.0,0.0,0.0,0.0,0.3778,0.9805,0.0,3.871,0.0,32.2663,3699.5859,0.0,0.0,0.0,3674.89990234375,no_change,,0.0,0.0
SPXW,2027-06-30,313,Put,4100.0,SPXW270630P04100000,25.1,25.5,25.3,25.36,0.0,0.0,0.0,49.0,0.3877,-0.0226,0.0,3.8713,-0.2268,-1.6521,25.3666,0.0,0.0,0.0,26.4499998092651,down,2026-08-19T14:30:55,0.0,0.0
SPXW,2027-06-30,313,Call,4200.0,SPXW270630C04200000,3584.0,3622.6,3603.3,0.0,0.0,0.0,0.0,0.0,0.3745,0.9786,0.0,4.1444,0.0,32.9479,3605.1264,0.0,0.0,0.0,3583.75,no_change,,0.0,0.0
SPXW,2027-06-30,313,Put,4200.0,SPXW270630P04200000,26.9,27.3,27.1,27.96,0.0,0.0,0.0,52.0,0.3797,-0.0244,0.0,4.1447,-0.2379,-1.7899,27.1878,0.0,0.0,0.0,28.3500003814697,no_change,2026-08-07T14:03:52,0.0,0.0
SPXW,2027-06-30,313,Call,4300.0,SPXW270630C04300000,3489.8,3528.4,3509.1000000000004,0.0,0.0,0.0,0.0,0.0,0.3629,0.9766,0.0,4.431,0.0,33.6193,3510.7852,0.0,0.0,0.0,3486.45007324219,no_change,,0.0,0.0
SPXW,2027-06-30,313,Put,4300.0,SPXW270630P04300000,28.8,29.3,29.05,30.53,0.0,0.0,0.0,2.0,0.3721,-0.0265,0.0,4.4313,-0.2493,-1.938,29.1273,0.0,0.0,0.0,30.3500003814697,down,2026-08-05T12:15:37,0.0,0.0
SPXW,2027-06-30,313,Call,4400.0,SPXW270630C04400000,3396.0,3434.6,3415.3,3438.46,0.0,0.0,0.0,3.0,0.3588,0.9744,0.0,4.7311,-0.0186,34.2809,3416.5736,0.0,0.0,0.0,3394.09997558594,no_change,2026-08-18T14:05:32,0.0,0.0
SPXW,2027-06-30,313,Put,4400.0,SPXW270630P04400000,30.9,31.3,31.1,32.7,0.0,0.0,0.0,7.0,0.3644,-0.0286,0.0,4.7314,-0.261,-2.0959,31.1965,0.0,0.0,0.0,32.5500011444092,no_change,2026-08-18T14:05:32,0.0,0.0
SPXW,2027-06-30,313,Call,4500.0,SPXW270630C04500000,3301.8,3340.5,3321.15,3344.91,0.0,0.0,0.0,2.0,0.3539,0.972,0.0,5.0483,-0.0377,34.9319,3322.5036,0.0,0.0,0.0,3301.30004882812,no_change,2026-08-18T14:05:32,0.0,0.0
SPXW,2027-06-30,313,Put,4500.0,SPXW270630P04500000,33.1,33.6,33.35,35.05,0.0,0.0,0.0,21.0,0.3569,-0.031,0.0,5.0487,-0.2732,-2.2644,33.4072,0.0,0.0,0.0,34.8500003814697,no_change,2026-08-18T14:05:32,0.0,0.0
SPXW,2027-06-30,313,Call,4600.0,SPXW270630C04600000,3208.1,3246.6,3227.35,0.0,0.0,0.0,0.0,0.0,0.3425,0.9695,0.0,5.3875,-0.0571,35.5692,3228.5901,0.0,0.0,0.0,3205.34997558594,no_change,,0.0,0.0
SPXW,2027-06-30,313,Put,4600.0,SPXW270630P04600000,35.5,36.0,35.75,35.45,0.0,0.0,0.0,43.0,0.3496,-0.0336,0.0,5.3877,-0.2857,-2.4464,35.7717,0.0,0.0,0.0,37.3999996185303,up,2026-08-13T10:05:53,0.0,0.0
SPXW,2027-06-30,313,Call,4700.0,SPXW270630C04700000,3114.3,3153.1,3133.7,0.0,0.0,0.0,0.0,0.0,0.3372,0.9667,0.0,5.7506,-0.077,36.1894,3134.8527,0.0,0.0,0.0,3114.45007324219,no_change,,0.0,0.0
SPXW,2027-06-30,313,Put,4700.0,SPXW270630P04700000,38.0,38.6,38.3,38.44,0.0,0.0,0.0,37.0,0.3424,-0.0363,0.0,5.7511,-0.2987,-2.6458,38.3179,0.0,0.0,0.0,40.1000003814697,down,2026-08-13T13:18:46,0.0,0.0
SPXW,2027-06-30,313,Call,4800.0,SPXW270630C04800000,3020.7,3059.7,3040.2,0.0,0.0,0.0,0.0,0.0,0.3313,0.9637,0.0,6.1356,-0.0974,36.791,3041.3142,0.0,0.0,0.0,3020.65002441406,no_change,,0.0,0.0
SPXW,2027-06-30,313,Put,4800.0,SPXW270630P04800000,40.8,41.3,41.05,40.83,-2.12,-4.93597,10.0,104.0,0.3354,-0.0393,0.0,6.1356,-0.3122,-2.8633,41.0564,40.83,40.83,40.83,42.9500007629394,down,2026-08-21T11:39:28,0.0,0.0
SPXW,2027-06-30,313,Call,4900.0,SPXW270630C04900000,2927.4,2966.3,2946.8500000000004,0.0,0.0,0.0,0.0,0.0,0.3252,0.9605,0.0,6.5398,-0.1183,37.3753,2947.9977,0.0,0.0,0.0,2926.05004882812,no_change,,0.0,0.0
SPXW,2027-06-30,313,Put,4900.0,SPXW270630P04900000,43.8,44.3,44.05,43.91,0.0,0.0,0.0,31.0,0.3284,-0.0425,0.0,6.5398,-0.3262,-3.0986,44.0203,0.0,0.0,0.0,46.0499992370606,down,2026-08-14T13:33:22,0.0,0.0
SPXW,2027-06-30,313,Call,5000.0,SPXW270630C05000000,2834.2,2873.1,2853.6499999999996,0.0,0.0,0.0,0.0,0.0,0.3187,0.957,0.0,6.9655,-0.1398,37.9425,2854.9247,0.0,0.0,0.0,2834.19995117188,no_change,,0.0,0.0
SPXW,2027-06-30,313,Put,5000.0,SPXW270630P05000000,47.0,47.6,47.3,46.98,-2.47,-4.99495,10.0,30.0,0.3217,-0.046,0.0,6.9655,-0.3408,-3.3508,47.2279,46.98,46.98,46.98,49.4500007629394,down,2026-08-21T11:39:28,0.0,0.0
SPXW,2027-06-30,313,Call,5100.0,SPXW270630C05100000,2741.4,2780.3,2760.8500000000004,0.0,0.0,0.0,0.0,0.0,0.3119,0.9531,0.0,7.4198,-0.1618,38.4891,2762.1187,0.0,0.0,0.0,2741.40002441406,no_change,,0.0,0.0
SPXW,2027-06-30,313,Put,5100.0,SPXW270630P05100000,50.4,51.1,50.75,50.4,-2.7,-5.08475,9.0,18.0,0.315,-0.0499,0.0,7.4198,-0.356,-3.6236,50.7023,51.7,51.8,50.2,53.1000003814697,no_change,2026-08-21T11:46:02,0.0,0.0
SPXW,2027-06-30,313,Call,5200.0,SPXW270630C05200000,2648.9,2687.9,2668.4,0.0,0.0,0.0,0.0,0.0,0.3049,0.949,0.0,7.9079,-0.1845,39.0088,2669.6092,0.0,0.0,0.0,2649.34997558594,no_change,,0.0,0.0
SPXW,2027-06-30,313,Put,5200.0,SPXW270630P05200000,54.2,54.9,54.55,55.3,0.0,0.0,0.0,11.0,0.3086,-0.054,0.0,7.9079,-0.3717,-3.9233,54.4733,0.0,0.0,0.0,57.0499992370606,no_change,2026-08-17T12:40:01,0.0,0.0
SPXW,2027-06-30,313,Call,5250.0,SPXW270630C05250000,2602.7,2641.7,2622.2,0.0,0.0,0.0,0.0,0.0,0.3033,0.9468,0.0,8.1639,-0.196,39.2572,2623.4767,0.0,0.0,0.0,2602.69995117188,no_change,,0.0,0.0
SPXW,2027-06-30,313,Put,5250.0,SPXW270630P05250000,56.2,56.9,56.55,56.75,0.0,0.0,0.0,55.0,0.3054,-0.0562,0.0,8.1639,-0.3798,-4.0847,56.481,0.0,0.0,0.0,59.1500015258789,down,2026-08-19T15:43:38,0.0,0.0
SPXW,2027-06-30,313,Call,5300.0,SPXW270630C05300000,2556.6,2595.7,2576.1499999999996,0.0,0.0,0.0,0.0,0.0,0.2978,0.9445,0.0,8.4268,-0.2078,39.4979,2577.4317,0.0,0.0,0.0,2556.80004882812,no_change,,0.0,0.0
SPXW,2027-06-30,313,Put,5300.0,SPXW270630P05300000,58.3,59.0,58.65,90.62,0.0,0.0,0.0,2.0,0.3022,-0.0586,0.0,8.4268,-0.3881,-4.2537,58.5763,0.0,0.0,0.0,61.3499984741211,up,2026-06-23T13:08:05,0.0,0.0
SPXW,2027-06-30,313,Call,5350.0,SPXW270630C05350000,2510.7,2549.8,2530.25,0.0,0.0,0.0,0.0,0.0,0.2959,0.942,0.0001,8.6957,-0.2196,39.7316,2531.4786,0.0,0.0,0.0,2511.09997558594,no_change,,0.0,0.0
SPXW,2027-06-30,313,Put,5350.0,SPXW270630P05350000,60.5,61.2,60.85,63.32,0.0,0.0,0.0,2.0,0.2991,-0.061,0.0001,8.6957,-0.3965,-4.4298,60.7634,0.0,0.0,0.0,63.6000003814697,up,2026-08-06T11:40:30,0.0,0.0
SPXW,2027-06-30,313,Call,5400.0,SPXW270630C05400000,2464.8,2503.9,2484.3500000000004,0.0,0.0,0.0,0.0,0.0,0.2939,0.9395,0.0001,8.9704,-0.2316,39.9586,2485.6212,0.0,0.0,0.0,2465.19995117188,no_change,,0.0,0.0
SPXW,2027-06-30,313,Put,5400.0,SPXW270630P05400000,62.8,63.5,63.15,65.27,0.0,0.0,0.0,6.0,0.296,-0.0635,0.0001,8.9704,-0.4051,-4.6124,63.0463,0.0,0.0,0.0,66.0,down,2026-08-11T11:44:57,0.0,0.0
SPXW,2027-06-30,313,Call,5450.0,SPXW270630C05450000,2419.0,2458.2,2438.6,0.0,0.0,0.0,0.0,0.0,0.2918,0.9369,0.0001,9.2516,-0.2438,40.1792,2439.8632,0.0,0.0,0.0,2419.40002441406,no_change,,0.0,0.0
SPXW,2027-06-30,313,Put,5450.0,SPXW270630P05450000,65.2,65.9,65.55000000000001,68.08,0.0,0.0,0.0,600.0,0.2929,-0.0661,0.0001,9.2516,-0.4138,-4.8016,65.4285,0.0,0.0,0.0,68.4499969482422,up,2026-08-05T15:57:34,0.0,0.0
SPXW,2027-06-30,313,Call,5500.0,SPXW270630C05500000,2373.3,2412.5,2392.9,0.0,0.0,0.0,0.0,0.0,0.2862,0.9342,0.0001,9.5406,-0.2562,40.3929,2394.208,0.0,0.0,0.0,2374.30004882812,no_change,,0.0,0.0
SPXW,2027-06-30,313,Put,5500.0,SPXW270630P05500000,67.7,68.4,68.05000000000001,70.58,0.0,0.0,0.0,3.0,0.2898,-0.0689,0.0001,9.5406,-0.4227,-4.9977,67.9136,0.0,0.0,0.0,71.0500030517578,up,2026-08-05T15:57:24,0.0,0.0
SPXW,2027-06-30,313,Call,5550.0,SPXW270630C05550000,2327.7,2366.9,2347.3,0.0,0.0,0.0,0.0,0.0,0.2839,0.9313,0.0001,9.839,-0.2686,40.5984,2348.6599,0.0,0.0,0.0,2328.25,no_change,,0.0,0.0
SPXW,2027-06-30,313,Put,5550.0,SPXW270630P05550000,70.3,71.0,70.65,73.49,0.0,0.0,0.0,44.0,0.2868,-0.0717,0.0001,9.839,-0.4317,-5.2019,70.5057,0.0,0.0,0.0,73.7999992370606,down,2026-08-05T15:58:32,0.0,0.0
SPXW,2027-06-30,313,Call,5600.0,SPXW270630C05600000,2282.3,2321.5,2301.9,0.0,0.0,0.0,0.0,0.0,0.2815,0.9283,0.0001,10.1477,-0.2812,40.7942,2303.2237,0.0,0.0,0.0,2283.25,no_change,,0.0,0.0
SPXW,2027-06-30,313,Put,5600.0,SPXW270630P05600000,73.0,73.7,73.35,74.43,0.0,0.0,0.0,4.0,0.2838,-0.0747,0.0001,10.1477,-0.4409,-5.4158,73.2097,0.0,0.0,0.0,76.6000022888184,down,2026-08-19T11:55:46,0.0,0.0
SPXW,2027-06-30,313,Call,5650.0,SPXW270630C05650000,2236.8,2276.1,2256.45,0.0,0.0,0.0,0.0,0.0,0.2789,0.9252,0.0001,10.467,-0.294,40.979,2257.9051,0.0,0.0,0.0,2237.25,no_change,,0.0,0.0
SPXW,2027-06-30,313,Put,5650.0,SPXW270630P05650000,75.8,76.5,76.15,77.18,-2.37,-2.97926,12.0,15.0,0.281,-0.0778,0.0001,10.467,-0.4502,-5.6408,76.0314,77.59,77.62,77.17,79.5499992370606,up,2026-08-21T10:09:54,0.0,0.0
SPXW,2027-06-30,313,Call,5700.0,SPXW270630C05700000,2191.6,2230.9,2211.25,0.0,0.0,0.0,0.0,0.0,0.2762,0.922,0.0001,10.7958,-0.3069,41.152,2212.7102,0.0,0.0,0.0,2192.40002441406,no_change,,0.0,0.0
SPXW,2027-06-30,313,Put,5700.0,SPXW270630P05700000,78.7,79.4,79.05000000000001,83.64,0.0,0.0,0.0,778.0,0.278,-0.0811,0.0001,10.7958,-0.4596,-5.8774,78.9767,0.0,0.0,0.0,82.6000022888184,down,2026-08-18T11:37:10,0.0,0.0
SPXW,2027-06-30,313,Call,5750.0,SPXW270630C05750000,2146.3,2185.6,2165.95,0.0,0.0,0.0,0.0,0.0,0.2735,0.9186,0.0001,11.1323,-0.3199,41.3137,2167.6452,0.0,0.0,0.0,2147.65002441406,no_change,,0.0,0.0
SPXW,2027-06-30,313,Put,5750.0,SPXW270630P05750000,81.7,82.5,82.1,86.5,0.0,0.0,0.0,32.0,0.2751,-0.0845,0.0001,11.1323,-0.4692,-6.1255,82.052,0.0,0.0,0.0,85.7999992370606,down,2026-08-04T12:37:02,0.0,0.0
SPXW,2027-06-30,313,Call,5800.0,SPXW270630C05800000,2101.4,2140.7,2121.05,0.0,0.0,0.0,0.0,111.0,0.2706,0.915,0.0001,11.475,-0.333,41.4651,2122.7156,0.0,0.0,0.0,2102.65002441406,no_change,,0.0,0.0
SPXW,2027-06-30,313,Put,5800.0,SPXW270630P05800000,84.9,85.6,85.25,88.78,0.0,0.0,0.0,23.0,0.2722,-0.088,0.0001,11.475,-0.4789,-6.3838,85.2626,0.0,0.0,0.0,89.1000022888184,down,2026-08-20T14:38:44,0.0,0.0
SPXW,2027-06-30,313,Call,5850.0,SPXW270630C05850000,2056.6,2095.9,2076.25,1857.26,0.0,0.0,0.0,0.0,0.2676,0.9114,0.0001,11.8232,-0.3462,41.6073,2077.9261,0.0,0.0,0.0,2057.84997558594,down,2026-07-27T14:08:27,0.0,0.0
SPXW,2027-06-30,313,Put,5850.0,SPXW270630P05850000,88.3,89.0,88.65,88.95,0.0,0.0,0.0,36.0,0.2694,-0.0917,0.0001,11.8232,-0.4886,-6.6514,88.6133,0.0,0.0,0.0,92.5499992370606,up,2026-08-17T11:44:48,0.0,0.0
SPXW,2027-06-30,313,Call,5900.0,SPXW270630C05900000,2011.9,2051.3,2031.6000000000001,2115.93,0.0,0.0,0.0,2.0,0.2646,0.9075,0.0001,12.1779,-0.3595,41.7405,2033.2806,0.0,0.0,0.0,2013.0,down,2026-08-11T09:51:46,0.0,0.0
SPXW,2027-06-30,313,Put,5900.0,SPXW270630P05900000,91.7,92.5,92.1,95.84,0.0,0.0,0.0,291.0,0.2666,-0.0955,0.0001,12.1779,-0.4985,-6.9278,92.1081,0.0,0.0,0.0,96.1500015258789,up,2026-08-20T14:05:45,0.0,0.0
SPXW,2027-06-30,313,Call,5950.0,SPXW270630C05950000,1981.2,1995.3,1988.25,0.0,0.0,0.0,0.0,0.0,0.2614,0.9035,0.0001,12.541,-0.3729,41.8638,1988.7837,0.0,0.0,0.0,1968.64996337891,no_change,,0.0,0.0
SPXW,2027-06-30,313,Put,5950.0,SPXW270630P05950000,95.3,96.1,95.69999999999999,95.63,0.0,0.0,0.0,210.0,0.2637,-0.0995,0.0001,12.541,-0.5085,-7.2143,95.7514,0.0,0.0,0.0,99.8999977111816,down,2026-08-17T10:32:51,0.0,0.0
SPXW,2027-06-30,313,Call,6000.0,SPXW270630C06000000,1936.9,1950.9,1943.9,2027.06,0.0,0.0,0.0,3.0,0.2606,0.8993,0.0001,12.9145,-0.3864,41.9749,1944.4405,0.0,0.0,0.0,1924.45001220703,down,2026-08-11T09:51:46,0.0,0.0
SPXW,2027-06-30,313,Put,6000.0,SPXW270630P06000000,99.1,99.8,99.44999999999999,104.47,0.0,0.0,0.0,277.0,0.261,-0.1037,0.0001,12.9145,-0.5185,-7.5129,99.5484,0.0,0.0,0.0,103.799999237061,up,2026-08-20T15:57:29,0.0,0.0
SPXW,2027-06-30,313,Call,6050.0,SPXW270630C06050000,1892.8,1906.8,1899.8,0.0,0.0,0.0,0.0,0.0,0.2573,0.895,0.0001,13.2994,-0.3999,42.0713,1900.2578,0.0,0.0,0.0,1880.40002441406,no_change,,0.0,0.0
SPXW,2027-06-30,313,Put,6050.0,SPXW270630P06050000,103.0,103.8,103.4,106.12,0.0,0.0,0.0,7.0,0.2582,-0.108,0.0001,13.2994,-0.5286,-7.8263,103.5059,0.0,0.0,0.0,107.899997711182,up,2026-08-20T11:30:56,0.0,0.0
SPXW,2027-06-30,313,Call,6100.0,SPXW270630C06100000,1848.9,1862.7,1855.8000000000002,0.0,0.0,0.0,0.0,0.0,0.2538,0.8905,0.0001,13.6945,-0.4135,42.1514,1856.2435,0.0,0.0,0.0,1836.54998779297,no_change,,0.0,0.0
SPXW,2027-06-30,313,Put,6100.0,SPXW270630P06100000,107.1,107.9,107.5,104.76,0.0,0.0,0.0,74.0,0.2555,-0.1125,0.0001,13.6945,-0.5387,-8.1558,107.6319,0.0,0.0,0.0,112.150001525879,down,2026-08-13T10:04:45,0.0,0.0
SPXW,2027-06-30,313,Call,6150.0,SPXW270630C06150000,1805.1,1818.8,1811.9499999999998,0.0,0.0,0.0,0.0,0.0,0.2525,0.8858,0.0001,14.0974,-0.4271,42.2156,1812.406,0.0,0.0,0.0,1792.84997558594,no_change,,0.0,0.0
SPXW,2027-06-30,313,Put,6150.0,SPXW270630P06150000,111.4,112.2,111.80000000000001,114.8,0.0,0.0,0.0,2.0,0.2527,-0.1172,0.0001,14.0974,-0.5488,-8.5014,111.9347,0.0,0.0,0.0,116.549999237061,down,2026-08-11T15:17:40,0.0,0.0
SPXW,2027-06-30,313,Call,6200.0,SPXW270630C06200000,1761.5,1775.1,1768.3,0.0,0.0,0.0,0.0,0.0,0.2489,0.8809,0.0001,14.5053,-0.4406,42.2656,1768.7526,0.0,0.0,0.0,1749.39996337891,no_change,,0.0,0.0
SPXW,2027-06-30,313,Put,6200.0,SPXW270630P06200000,115.8,116.6,116.19999999999999,115.1,0.0,0.0,0.0,8.0,0.2501,-0.1222,0.0001,14.5053,-0.5589,-8.8611,116.4215,0.0,0.0,0.0,121.200000762939,down,2026-08-17T09:43:54,0.0,0.0
SPXW,2027-06-30,313,Call,6250.0,SPXW270630C06250000,1718.2,1731.6,1724.9,0.0,0.0,0.0,0.0,0.0,0.2473,0.8758,0.0001,14.9169,-0.4542,42.3034,1725.2892,0.0,0.0,0.0,1706.09997558594,no_change,,0.0,0.0
SPXW,2027-06-30,313,Put,6250.0,SPXW270630P06250000,120.5,121.3,120.9,120.54,-5.51,-4.37128,2.0,953.0,0.2474,-0.1272,0.0001,14.9169,-0.5691,-9.233,121.0983,120.54,120.54,120.54,126.049999237061,down,2026-08-21T12:58:57,0.0,0.0
SPXW,2027-06-30,313,Call,6300.0,SPXW270630C06300000,1675.0,1688.2,1681.6,0.0,0.0,0.0,0.0,0.0,0.2434,0.8705,0.0001,15.3331,-0.4678,42.3299,1682.021,0.0,0.0,0.0,1663.04998779297,no_change,,0.0,0.0
SPXW,2027-06-30,313,Put,6300.0,SPXW270630P06300000,125.3,126.1,125.69999999999999,121.88,0.0,0.0,0.0,57.0,0.2447,-0.1326,0.0001,15.3331,-0.5792,-9.6163,125.9704,0.0,0.0,0.0,131.049995422363,down,2026-08-13T10:35:34,0.0,0.0
SPXW,2027-06-30,313,Call,6325.0,SPXW270630C06325000,1653.5,1666.6,1660.05,0.0,0.0,0.0,0.0,0.0,0.2425,0.8677,0.0001,15.5438,-0.4745,42.3383,1660.4618,0.0,0.0,0.0,1641.54998779297,no_change,,0.0,0.0
SPXW,2027-06-30,313,Put,6325.0,SPXW270630P06325000,127.8,128.6,128.2,127.59,-6.06,-4.53423,4.0,2.0,0.2434,-0.1353,0.0001,15.5438,-0.5842,-9.8127,128.4813,127.61,127.61,127.59,133.650001525879,down,2026-08-21T12:00:06,0.0,0.0
SPXW,2027-06-30,313,Call,6350.0,SPXW270630C06350000,1632.0,1645.1,1638.55,0.0,0.0,0.0,0.0,0.0,0.2415,0.8649,0.0001,15.7566,-0.4813,42.343,1638.9536,0.0,0.0,0.0,1620.14996337891,no_change,,0.0,0.0
SPXW,2027-06-30,313,Put,6350.0,SPXW270630P06350000,130.4,131.2,130.8,130.78,-5.47,-4.01468,8.0,1.0,0.2421,-0.1381,0.0001,15.7566,-0.5892,-10.0129,131.0432,130.07,130.82,130.07,136.25,down,2026-08-21T12:10:22,0.0,0.0
SPXW,2027-06-30,313,Call,6375.0,SPXW270630C06375000,1610.6,1623.6,1617.1,0.0,0.0,0.0,0.0,0.0,0.2405,0.8621,0.0001,15.972,-0.488,42.3434,1617.4974,0.0,0.0,0.0,1598.79998779297,no_change,,0.0,0.0
SPXW,2027-06-30,313,Put,6375.0,SPXW270630P06375000,133.0,133.8,133.4,139.72,0.0,0.0,0.0,1.0,0.2408,-0.1409,0.0001,15.972,-0.5942,-10.2174,133.6571,0.0,0.0,0.0,138.950004577637,down,2026-08-18T10:21:27,0.0,0.0
SPXW,2027-06-30,313,Call,6400.0,SPXW270630C06400000,1589.3,1602.0,1595.65,0.0,0.0,0.0,0.0,0.0,0.2395,0.8592,0.0001,16.1899,-0.4947,42.339,1596.0944,0.0,0.0,0.0,1577.54998779297,no_change,,0.0,0.0
SPXW,2027-06-30,313,Put,6400.0,SPXW270630P06400000,135.6,136.5,136.05,131.63,0.0,0.0,0.0,36.0,0.2395,-0.1438,0.0001,16.1899,-0.5992,-10.4266,136.3243,0.0,0.0,0.0,141.700004577637,down,2026-08-13T10:35:34,0.0,0.0
SPXW,2027-06-30,313,Call,6425.0,SPXW270630C06425000,1568.0,1580.6,1574.3,0.0,0.0,0.0,0.0,0.0,0.2365,0.8562,0.0001,16.4105,-0.5014,42.3294,1574.746,0.0,0.0,0.0,1556.29998779297,no_change,,0.0,0.0
SPXW,2027-06-30,313,Put,6425.0,SPXW270630P06425000,138.3,139.2,138.75,139.96,0.0,0.0,0.0,6.0,0.2382,-0.1468,0.0001,16.4105,-0.6042,-10.641,139.046,0.0,0.0,0.0,144.5,up,2026-08-19T09:47:45,0.0,0.0
SPXW,2027-06-30,313,Call,6450.0,SPXW270630C06450000,1546.7,1559.3,1553.0,0.0,0.0,0.0,0.0,0.0,0.2354,0.8532,0.0001,16.6334,-0.508,42.3144,1553.4536,0.0,0.0,0.0,1535.10003662109,no_change,,0.0,0.0
SPXW,2027-06-30,313,Put,6450.0,SPXW270630P06450000,141.1,142.0,141.55,140.37,-6.98,-4.73702,10.0,11.0,0.2369,-0.1498,0.0001,16.6334,-0.6091,-10.861,141.8237,144.28,144.28,140.37,147.349998474121,down,2026-08-21T11:46:19,0.0,0.0
SPXW,2027-06-30,313,Call,6455.0,SPXW270630C06455000,1542.5,1555.1,1548.8,0.0,0.0,0.0,0.0,0.0,0.2359,0.8526,0.0001,16.6782,-0.5094,42.3107,1549.2019,0.0,0.0,0.0,1530.84997558594,no_change,,0.0,0.0
SPXW,2027-06-30,313,Put,6455.0,SPXW270630P06455000,141.7,142.5,142.1,140.79,0.0,0.0,0.0,4.0,0.2366,-0.1504,0.0001,16.6782,-0.6101,-10.9056,142.3861,0.0,0.0,0.0,147.950004577637,down,2026-08-17T10:09:33,0.0,0.0
SPXW,2027-06-30,313,Call,6460.0,SPXW270630C06460000,1538.3,1550.8,1544.55,0.0,0.0,0.0,0.0,0.0,0.2364,0.852,0.0001,16.7231,-0.5107,42.3068,1544.9526,0.0,0.0,0.0,1526.65002441406,no_change,,0.0,0.0
SPXW,2027-06-30,313,Put,6460.0,SPXW270630P06460000,142.2,143.1,142.64999999999998,143.93,0.0,0.0,0.0,2.0,0.2364,-0.151,0.0001,16.7231,-0.6111,-10.9505,142.9508,0.0,0.0,0.0,148.549995422363,down,2026-08-19T10:04:40,0.0,0.0
SPXW,2027-06-30,313,Call,6465.0,SPXW270630C06465000,1534.0,1546.6,1540.3,0.0,0.0,0.0,0.0,0.0,0.2351,0.8514,0.0001,16.7681,-0.512,42.3027,1540.7056,0.0,0.0,0.0,1522.44995117188,no_change,,0.0,0.0
SPXW,2027-06-30,313,Put,6465.0,SPXW270630P06465000,142.8,143.6,143.2,0.0,0.0,0.0,0.0,0.0,0.2361,-0.1517,0.0001,16.7681,-0.612,-10.9956,143.5178,0.0,0.0,0.0,149.099998474121,no_change,,0.0,0.0
SPXW,2027-06-30,313,Call,6470.0,SPXW270630C06470000,1529.8,1542.3,1536.05,0.0,0.0,0.0,0.0,0.0,0.2356,0.8508,0.0001,16.8132,-0.5133,42.2983,1536.461,0.0,0.0,0.0,1518.15002441406,no_change,,0.0,0.0
SPXW,2027-06-30,313,Put,6470.0,SPXW270630P06470000,143.4,144.2,143.8,147.15,0.0,0.0,0.0,38.0,0.2358,-0.1523,0.0001,16.8132,-0.613,-11.0409,144.0872,0.0,0.0,0.0,149.700004577637,down,2026-08-20T13:13:25,0.0,0.0
SPXW,2027-06-30,313,Call,6475.0,SPXW270630C06475000,1525.6,1538.1,1531.85,0.0,0.0,0.0,0.0,0.0,0.2343,0.8501,0.0001,16.8583,-0.5147,42.2938,1532.2186,0.0,0.0,0.0,1513.94995117188,no_change,,0.0,0.0
SPXW,2027-06-30,313,Put,6475.0,SPXW270630P06475000,143.9,144.8,144.35000000000002,148.52,0.0,0.0,0.0,8.0,0.2356,-0.1529,0.0001,16.8583,-0.614,-11.0864,144.6589,0.0,0.0,0.0,150.299995422363,up,2026-08-20T13:49:05,0.0,0.0
SPXW,2027-06-30,313,Call,6480.0,SPXW270630C06480000,1521.3,1533.9,1527.6,0.0,0.0,0.0,0.0,0.0,0.2348,0.8495,0.0001,16.9034,-0.516,42.289,1527.9787,0.0,0.0,0.0,1509.75,no_change,,0.0,0.0
SPXW,2027-06-30,313,Put,6480.0,SPXW270630P06480000,144.5,145.4,144.95,146.89,0.0,0.0,0.0,2.0,0.2353,-0.1535,0.0001,16.9034,-0.615,-11.1322,145.2329,0.0,0.0,0.0,150.900001525879,up,2026-08-05T15:40:45,0.0,0.0
SPXW,2027-06-30,313,Call,6485.0,SPXW270630C06485000,1517.1,1529.6,1523.35,0.0,0.0,0.0,0.0,0.0,0.2334,0.8489,0.0001,16.9486,-0.5173,42.284,1523.7411,0.0,0.0,0.0,1505.55004882812,no_change,,0.0,0.0
SPXW,2027-06-30,313,Put,6485.0,SPXW270630P06485000,145.1,145.9,145.5,146.5,0.0,0.0,0.0,9.0,0.235,-0.1542,0.0001,16.9486,-0.616,-11.1781,145.8094,0.0,0.0,0.0,151.5,up,2026-08-19T09:44:37,0.0,0.0
SPXW,2027-06-30,313,Call,6490.0,SPXW270630C06490000,1512.9,1525.4,1519.15,0.0,0.0,0.0,0.0,0.0,0.2339,0.8482,0.0001,16.9939,-0.5186,42.2788,1519.5059,0.0,0.0,0.0,1501.29998779297,no_change,,0.0,0.0
SPXW,2027-06-30,313,Put,6490.0,SPXW270630P06490000,145.7,146.5,146.1,0.0,0.0,0.0,0.0,0.0,0.2348,-0.1548,0.0001,16.9939,-0.6169,-11.2243,146.3882,0.0,0.0,0.0,152.049995422363,no_change,,0.0,0.0
SPXW,2027-06-30,313,Call,6495.0,SPXW270630C06495000,1508.6,1521.1,1514.85,0.0,0.0,0.0,0.0,0.0,0.2344,0.8476,0.0001,17.0392,-0.5199,42.2734,1515.2731,0.0,0.0,0.0,1497.10003662109,no_change,,0.0,0.0
SPXW,2027-06-30,313,Put,6495.0,SPXW270630P06495000,146.2,147.1,146.64999999999998,144.72,0.0,0.0,0.0,7.0,0.2345,-0.1554,0.0001,17.0392,-0.6179,-11.2707,146.9694,0.0,0.0,0.0,152.650001525879,down,2026-08-17T11:19:03,0.0,0.0
SPXW,2027-06-30,313,Call,6500.0,SPXW270630C06500000,1504.4,1516.9,1510.65,1441.19,0.0,0.0,0.0,12.0,0.2331,0.847,0.0001,17.0846,-0.5212,42.2678,1511.0427,0.0,0.0,0.0,1492.89996337891,up,2026-07-09T15:06:10,0.0,0.0
SPXW,2027-06-30,313,Put,6500.0,SPXW270630P06500000,146.8,147.7,147.25,146.8,-6.5,-4.24005,44.0,29.0,0.2343,-0.156,0.0001,17.0846,-0.6189,-11.3172,147.553,146.78,146.84,146.78,153.299995422363,down,2026-08-21T12:30:21,0.0,0.0
SPXW,2027-06-30,313,Call,6505.0,SPXW270630C06505000,1500.2,1512.7,1506.45,0.0,0.0,0.0,0.0,0.0,0.2336,0.8464,0.0001,17.1299,-0.5226,42.262,1506.8146,0.0,0.0,0.0,1488.70001220703,no_change,,0.0,0.0
SPXW,2027-06-30,313,Put,6505.0,SPXW270630P06505000,147.4,148.3,147.85000000000002,150.74,0.0,0.0,0.0,2.0,0.234,-0.1567,0.0001,17.1299,-0.6198,-11.364,148.139,0.0,0.0,0.0,153.900001525879,down,2026-08-06T10:52:13,0.0,0.0
SPXW,2027-06-30,313,Call,6510.0,SPXW270630C06510000,1496.0,1508.4,1502.2,0.0,0.0,0.0,0.0,0.0,0.2323,0.8457,0.0001,17.1754,-0.5239,42.256,1502.5891,0.0,0.0,0.0,1484.5,no_change,,0.0,0.0
SPXW,2027-06-30,313,Put,6510.0,SPXW270630P06510000,148.0,148.9,148.45,150.25,0.0,0.0,0.0,6.0,0.2338,-0.1573,0.0001,17.1754,-0.6208,-11.411,148.7275,0.0,0.0,0.0,154.5,up,2026-08-19T10:26:02,0.0,0.0
SPXW,2027-06-30,313,Call,6515.0,SPXW270630C06515000,1491.8,1504.2,1498.0,0.0,0.0,0.0,0.0,0.0,0.2327,0.8451,0.0001,17.2208,-0.5252,42.2498,1498.3659,0.0,0.0,0.0,1480.29998779297,no_change,,0.0,0.0
SPXW,2027-06-30,313,Put,6515.0,SPXW270630P06515000,148.6,149.5,149.05,147.76,-7.34,-4.73243,8.0,2.0,0.2335,-0.158,0.0001,17.2208,-0.6218,-11.4582,149.3184,147.55,147.8,147.49,155.099998474121,down,2026-08-21T11:55:39,0.0,0.0
SPXW,2027-06-30,313,Call,6520.0,SPXW270630C06520000,1487.6,1500.0,1493.8,0.0,0.0,0.0,0.0,0.0,0.2332,0.8444,0.0001,17.2663,-0.5265,42.2433,1494.1452,0.0,0.0,0.0,1476.10003662109,no_change,,0.0,0.0
SPXW,2027-06-30,313,Put,6520.0,SPXW270630P06520000,149.2,150.1,149.64999999999998,0.0,0.0,0.0,0.0,0.0,0.2332,-0.1586,0.0001,17.2663,-0.6227,-11.5056,149.9117,0.0,0.0,0.0,155.75,no_change,,0.0,0.0
SPXW,2027-06-30,313,Call,6525.0,SPXW270630C06525000,1483.3,1495.8,1489.55,0.0,0.0,0.0,0.0,0.0,0.2319,0.8438,0.0001,17.3117,-0.5278,42.2367,1489.927,0.0,0.0,0.0,1471.89996337891,no_change,,0.0,0.0
SPXW,2027-06-30,313,Put,6525.0,SPXW270630P06525000,149.8,150.6,150.2,149.69,-6.66,-4.25967,4.0,2.0,0.233,-0.1592,0.0001,17.3117,-0.6237,-11.5532,150.5075,149.69,149.69,149.69,156.349998474121,no_change,2026-08-21T14:14:26,0.0,0.0
SPXW,2027-06-30,313,Call,6530.0,SPXW270630C06530000,1479.4,1491.6,1485.5,0.0,0.0,0.0,0.0,0.0,0.2323,0.8431,0.0001,17.3572,-0.5291,42.23,1485.7112,0.0,0.0,0.0,1467.75,no_change,,0.0,0.0
SPXW,2027-06-30,313,Put,6530.0,SPXW270630P06530000,150.4,151.2,150.8,0.0,0.0,0.0,0.0,0.0,0.2327,-0.1599,0.0001,17.3572,-0.6246,-11.6009,151.1057,0.0,0.0,0.0,156.950004577637,no_change,,0.0,0.0
SPXW,2027-06-30,313,Call,6535.0,SPXW270630C06535000,1475.2,1487.3,1481.25,0.0,0.0,0.0,0.0,0.0,0.231,0.8425,0.0001,17.4028,-0.5304,42.2232,1481.4979,0.0,0.0,0.0,1463.54998779297,no_change,,0.0,0.0
SPXW,2027-06-30,313,Put,6535.0,SPXW270630P06535000,151.0,151.8,151.4,207.6,0.0,0.0,0.0,1.0,0.2324,-0.1605,0.0001,17.4028,-0.6256,-11.6486,151.7064,0.0,0.0,0.0,157.549995422363,down,2026-07-17T11:22:01,0.0,0.0
SPXW,2027-06-30,313,Call,6540.0,SPXW270630C06540000,1471.0,1483.1,1477.05,0.0,0.0,0.0,0.0,0.0,0.2315,0.8418,0.0001,17.4483,-0.5317,42.2161,1477.2871,0.0,0.0,0.0,1459.34997558594,no_change,,0.0,0.0
SPXW,2027-06-30,313,Put,6540.0,SPXW270630P06540000,151.6,152.5,152.05,152.52,0.0,0.0,0.0,5.0,0.2322,-0.1612,0.0001,17.4483,-0.6266,-11.6967,152.3096,0.0,0.0,0.0,158.200004577637,down,2026-08-12T11:26:53,0.0,0.0
SPXW,2027-06-30,313,Call,6545.0,SPXW270630C06545000,1466.8,1478.9,1472.85,0.0,0.0,0.0,0.0,0.0,0.2319,0.8412,0.0001,17.4938,-0.533,42.2088,1473.0787,0.0,0.0,0.0,1455.15002441406,no_change,,0.0,0.0
SPXW,2027-06-30,313,Put,6545.0,SPXW270630P06545000,152.2,153.1,152.64999999999998,0.0,0.0,0.0,0.0,0.0,0.2319,-0.1618,0.0001,17.4938,-0.6275,-11.745,152.9153,0.0,0.0,0.0,158.849998474121,no_change,,0.0,0.0
SPXW,2027-06-30,313,Call,6550.0,SPXW270630C06550000,1462.3,1474.7,1468.5,1284.02,0.0,0.0,0.0,10.0,0.2306,0.8405,0.0001,17.5394,-0.5343,42.2014,1468.8729,0.0,0.0,0.0,1450.95001220703,up,2026-06-26T11:28:19,0.0,0.0
SPXW,2027-06-30,313,Put,6550.0,SPXW270630P06550000,152.8,153.7,153.25,154.8,0.0,0.0,0.0,8.0,0.2317,-0.1625,0.0001,17.5394,-0.6285,-11.7934,153.5235,0.0,0.0,0.0,159.450004577637,down,2026-08-05T15:42:32,0.0,0.0
SPXW,2027-06-30,313,Call,6555.0,SPXW270630C06555000,1458.1,1470.5,1464.3,0.0,0.0,0.0,0.0,0.0,0.2311,0.8399,0.0001,17.5849,-0.5356,42.1937,1464.6695,0.0,0.0,0.0,1446.79998779297,no_change,,0.0,0.0
SPXW,2027-06-30,313,Put,6555.0,SPXW270630P06555000,153.4,154.3,153.85000000000002,0.0,0.0,0.0,0.0,0.0,0.2314,-0.1632,0.0001,17.5849,-0.6294,-11.842,154.1341,0.0,0.0,0.0,160.099998474121,no_change,,0.0,0.0
SPXW,2027-06-30,313,Call,6560.0,SPXW270630C06560000,1454.1,1466.3,1460.1999999999998,0.0,0.0,0.0,0.0,0.0,0.2298,0.8392,0.0001,17.6304,-0.5369,42.186,1460.4687,0.0,0.0,0.0,1442.59997558594,no_change,,0.0,0.0
SPXW,2027-06-30,313,Put,6560.0,SPXW270630P06560000,154.0,154.9,154.45,0.0,0.0,0.0,0.0,0.0,0.2312,-0.1638,0.0001,17.6304,-0.6304,-11.8908,154.7473,0.0,0.0,0.0,160.700004577637,no_change,,0.0,0.0
SPXW,2027-06-30,313,Call,6565.0,SPXW270630C06565000,1449.8,1462.1,1455.9499999999998,1327.29,0.0,0.0,0.0,1.0,0.2302,0.8385,0.0001,17.676,-0.5382,42.1781,1456.2704,0.0,0.0,0.0,1438.5,down,2026-07-17T11:18:08,0.0,0.0
SPXW,2027-06-30,313,Put,6565.0,SPXW270630P06565000,154.6,155.5,155.05,198.2,0.0,0.0,0.0,1.0,0.2309,-0.1645,0.0001,17.676,-0.6313,-11.9396,155.3631,0.0,0.0,0.0,161.349998474121,down,2026-07-09T14:48:01,0.0,0.0
SPXW,2027-06-30,313,Call,6570.0,SPXW270630C06570000,1445.6,1457.9,1451.75,0.0,0.0,0.0,0.0,0.0,0.2306,0.8379,0.0001,17.7215,-0.5395,42.17,1452.0746,0.0,0.0,0.0,1434.29998779297,no_change,,0.0,0.0
SPXW,2027-06-30,313,Put,6570.0,SPXW270630P06570000,155.3,156.1,155.7,0.0,0.0,0.0,0.0,0.0,0.2306,-0.1652,0.0001,17.7215,-0.6323,-11.9887,155.9813,0.0,0.0,0.0,162.0,no_change,,0.0,0.0
SPXW,2027-06-30,313,Call,6575.0,SPXW270630C06575000,1441.4,1453.7,1447.5500000000002,0.0,0.0,0.0,0.0,0.0,0.2294,0.8372,0.0001,17.7671,-0.5408,42.1618,1447.8814,0.0,0.0,0.0,1430.09997558594,no_change,,0.0,0.0
SPXW,2027-06-30,313,Put,6575.0,SPXW270630P06575000,155.9,156.7,156.3,175.02,0.0,0.0,0.0,4.0,0.2304,-0.1658,0.0001,17.7671,-0.6332,-12.0379,156.6021,0.0,0.0,0.0,162.650001525879,up,2026-08-03T15:56:41,0.0,0.0
SPXW,2027-06-30,313,Call,6580.0,SPXW270630C06580000,1437.3,1449.5,1443.4,1315.84,0.0,0.0,0.0,1.0,0.2298,0.8365,0.0001,17.8126,-0.5421,42.1534,1443.6907,0.0,0.0,0.0,1425.90002441406,down,2026-07-17T11:17:45,0.0,0.0
SPXW,2027-06-30,313,Put,6580.0,SPXW270630P06580000,156.5,157.4,156.95,199.24,0.0,0.0,0.0,1.0,0.2302,-0.1665,0.0001,17.8126,-0.6342,-12.0872,157.2254,0.0,0.0,0.0,163.25,down,2026-07-06T14:51:24,0.0,0.0
SPXW,2027-06-30,313,Call,6585.0,SPXW270630C06585000,1433.1,1445.3,1439.1999999999998,0.0,0.0,0.0,0.0,0.0,0.2285,0.8358,0.0001,17.8581,-0.5434,42.1449,1439.5025,0.0,0.0,0.0,1421.75,no_change,,0.0,0.0
SPXW,2027-06-30,313,Put,6585.0,SPXW270630P06585000,157.1,158.0,157.55,211.9,0.0,0.0,0.0,2.0,0.2299,-0.1672,0.0001,17.8581,-0.6351,-12.1366,157.8513,0.0,0.0,0.0,163.900001525879,up,2026-07-20T10:24:10,0.0,0.0
SPXW,2027-06-30,313,Call,6590.0,SPXW270630C06590000,1428.9,1441.2,1435.0500000000002,0.0,0.0,0.0,0.0,0.0,0.2289,0.8352,0.0001,17.9037,-0.5446,42.1363,1435.3169,0.0,0.0,0.0,1417.59997558594,no_change,,0.0,0.0
SPXW,2027-06-30,313,Put,6590.0,SPXW270630P06590000,157.8,158.6,158.2,165.53,0.0,0.0,0.0,3.0,0.2296,-0.1679,0.0001,17.9037,-0.6361,-12.1863,158.4797,0.0,0.0,0.0,164.549995422363,down,2026-08-18T11:37:10,0.0,0.0
SPXW,2027-06-30,313,Call,6595.0,SPXW270630C06595000,1424.7,1437.0,1430.85,0.0,0.0,0.0,0.0,0.0,0.2293,0.8345,0.0002,17.9492,-0.5459,42.1275,1431.1339,0.0,0.0,0.0,1413.45001220703,no_change,,0.0,0.0
SPXW,2027-06-30,313,Put,6595.0,SPXW270630P06595000,158.4,159.3,158.85000000000002,202.7,0.0,0.0,0.0,1.0,0.2294,-0.1685,0.0002,17.9492,-0.637,-12.236,159.1107,0.0,0.0,0.0,165.200004577637,down,2026-07-09T14:48:01,0.0,0.0
SPXW,2027-06-30,313,Call,6600.0,SPXW270630C06600000,1420.8,1432.8,1426.8,0.0,0.0,0.0,0.0,0.0,0.228,0.8338,0.0002,17.9947,-0.5472,42.1186,1426.9535,0.0,0.0,0.0,1409.30004882812,no_change,,0.0,0.0
SPXW,2027-06-30,313,Put,6600.0,SPXW270630P06600000,159.0,159.9,159.45,164.97,0.0,0.0,0.0,30.0,0.2291,-0.1692,0.0002,17.9947,-0.6379,-12.2859,159.7443,0.0,0.0,0.0,165.849998474121,down,2026-08-20T14:05:45,0.0,0.0
SPXW,2027-06-30,313,Call,6605.0,SPXW270630C06605000,1416.5,1428.6,1422.55,0.0,0.0,0.0,0.0,0.0,0.2284,0.8331,0.0002,18.0402,-0.5485,42.1096,1422.7756,0.0,0.0,0.0,1405.14996337891,no_change,,0.0,0.0
SPXW,2027-06-30,313,Put,6605.0,SPXW270630P06605000,159.7,160.5,160.1,165.79,0.0,0.0,0.0,14.0,0.2288,-0.1699,0.0002,18.0402,-0.6389,-12.3359,160.3804,0.0,0.0,0.0,166.549995422363,up,2026-08-04T12:42:09,0.0,0.0
SPXW,2027-06-30,313,Call,6610.0,SPXW270630C06610000,1412.2,1424.4,1418.3000000000002,0.0,0.0,0.0,0.0,0.0,0.2272,0.8324,0.0002,18.0858,-0.5498,42.1004,1418.6003,0.0,0.0,0.0,1400.95001220703,no_change,,0.0,0.0
SPXW,2027-06-30,313,Put,6610.0,SPXW270630P06610000,160.3,161.2,160.75,211.2,0.0,0.0,0.0,8.0,0.2286,-0.1706,0.0002,18.0858,-0.6398,-12.3861,161.0192,0.0,0.0,0.0,167.200004577637,down,2026-07-28T16:06:31,0.0,0.0
SPXW,2027-06-30,313,Call,6615.0,SPXW270630C06615000,1408.1,1420.3,1414.1999999999998,1290.41,0.0,0.0,0.0,1.0,0.2276,0.8317,0.0002,18.1313,-0.551,42.0911,1414.4276,0.0,0.0,0.0,1396.85003662109,up,2026-07-17T11:18:42,0.0,0.0
SPXW,2027-06-30,313,Put,6615.0,SPXW270630P06615000,160.9,161.8,161.35000000000002,179.83,0.0,0.0,0.0,1.0,0.2283,-0.1713,0.0002,18.1313,-0.6407,-12.4364,161.6605,0.0,0.0,0.0,167.849998474121,down,2026-08-03T12:29:56,0.0,0.0
SPXW,2027-06-30,313,Call,6620.0,SPXW270630C06620000,1403.9,1416.1,1410.0,0.0,0.0,0.0,0.0,0.0,0.228,0.831,0.0002,18.1769,-0.5523,42.0816,1410.2575,0.0,0.0,0.0,1392.69995117188,no_change,,0.0,0.0
SPXW,2027-06-30,313,Put,6620.0,SPXW270630P06620000,161.6,162.5,162.05,0.0,0.0,0.0,0.0,0.0,0.2281,-0.172,0.0002,18.1769,-0.6417,-12.4868,162.3044,0.0,0.0,0.0,168.5,no_change,,0.0,0.0
SPXW,2027-06-30,313,Call,6625.0,SPXW270630C06625000,1399.8,1411.9,1405.85,0.0,0.0,0.0,0.0,0.0,0.2267,0.8303,0.0002,18.2224,-0.5536,42.072,1406.09,0.0,0.0,0.0,1388.59997558594,no_change,,0.0,0.0
SPXW,2027-06-30,313,Put,6625.0,SPXW270630P06625000,162.2,163.1,162.64999999999998,0.0,0.0,0.0,0.0,0.0,0.2278,-0.1727,0.0002,18.2224,-0.6426,-12.5374,162.9509,0.0,0.0,0.0,169.200004577637,no_change,,0.0,0.0
SPXW,2027-06-30,313,Call,6630.0,SPXW270630C06630000,1395.6,1407.8,1401.6999999999998,0.0,0.0,0.0,0.0,0.0,0.2271,0.8296,0.0002,18.268,-0.5549,42.0622,1401.9251,0.0,0.0,0.0,1384.40002441406,no_change,,0.0,0.0
SPXW,2027-06-30,313,Put,6630.0,SPXW270630P06630000,162.9,163.8,163.35000000000002,160.89,0.0,0.0,0.0,2.0,0.2276,-0.1734,0.0002,18.268,-0.6435,-12.5881,163.6,0.0,0.0,0.0,169.849998474121,no_change,2026-08-17T10:16:04,0.0,0.0
SPXW,2027-06-30,313,Call,6635.0,SPXW270630C06635000,1391.5,1403.6,1397.55,0.0,0.0,0.0,0.0,0.0,0.2275,0.8289,0.0002,18.3136,-0.5561,42.0523,1397.7628,0.0,0.0,0.0,1380.30004882812,no_change,,0.0,0.0
SPXW,2027-06-30,313,Put,6635.0,SPXW270630P06635000,163.5,164.4,163.95,161.0,0.0,0.0,0.0,2.0,0.2273,-0.1741,0.0002,18.3136,-0.6444,-12.639,164.2518,0.0,0.0,0.0,170.5,down,2026-08-13T13:35:01,0.0,0.0
SPXW,2027-06-30,313,Call,6640.0,SPXW270630C06640000,1387.3,1399.4,1393.35,0.0,0.0,0.0,0.0,0.0,0.2262,0.8282,0.0002,18.3592,-0.5574,42.0423,1393.6032,0.0,0.0,0.0,1376.14996337891,no_change,,0.0,0.0
SPXW,2027-06-30,313,Put,6640.0,SPXW270630P06640000,164.2,165.1,164.64999999999998,160.1,0.0,0.0,0.0,25.0,0.2271,-0.1748,0.0002,18.3592,-0.6454,-12.69,164.9062,0.0,0.0,0.0,171.200004577637,down,2026-08-14T10:10:15,0.0,0.0
SPXW,2027-06-30,313,Call,6645.0,SPXW270630C06645000,1383.4,1395.2,1389.3000000000002,0.0,0.0,0.0,0.0,0.0,0.2266,0.8275,0.0002,18.4049,-0.5587,42.0321,1389.4462,0.0,0.0,0.0,1372.0,no_change,,0.0,0.0
SPXW,2027-06-30,313,Put,6645.0,SPXW270630P06645000,164.8,165.7,165.25,160.7,0.0,0.0,0.0,17.0,0.2268,-0.1755,0.0002,18.4049,-0.6463,-12.7411,165.5632,0.0,0.0,0.0,171.900001525879,down,2026-08-14T10:10:15,0.0,0.0
SPXW,2027-06-30,313,Call,6650.0,SPXW270630C06650000,1379.0,1391.1,1385.05,0.0,0.0,0.0,0.0,0.0,0.2253,0.8268,0.0002,18.4506,-0.5599,42.0218,1385.2918,0.0,0.0,0.0,1367.90002441406,no_change,,0.0,0.0
SPXW,2027-06-30,313,Put,6650.0,SPXW270630P06650000,165.5,166.4,165.95,168.02,0.0,0.0,0.0,10.0,0.2266,-0.1762,0.0002,18.4506,-0.6472,-12.7925,166.2229,0.0,0.0,0.0,172.549995422363,down,2026-08-07T10:40:17,0.0,0.0
SPXW,2027-06-30,313,Call,6655.0,SPXW270630C06655000,1374.9,1387.0,1380.95,0.0,0.0,0.0,0.0,0.0,0.2257,0.8261,0.0002,18.4963,-0.5612,42.0113,1381.1401,0.0,0.0,0.0,1363.75,no_change,,0.0,0.0
SPXW,2027-06-30,313,Put,6655.0,SPXW270630P06655000,166.2,167.0,166.6,0.0,0.0,0.0,0.0,0.0,0.2263,-0.1769,0.0002,18.4963,-0.6481,-12.8439,166.8852,0.0,0.0,0.0,173.25,no_change,,0.0,0.0
SPXW,2027-06-30,313,Call,6660.0,SPXW270630C06660000,1370.7,1382.8,1376.75,0.0,0.0,0.0,0.0,0.0,0.2261,0.8254,0.0002,18.542,-0.5624,42.0006,1376.991,0.0,0.0,0.0,1359.64996337891,no_change,,0.0,0.0
SPXW,2027-06-30,313,Put,6660.0,SPXW270630P06660000,166.8,167.7,167.25,170.51,0.0,0.0,0.0,2.0,0.226,-0.1776,0.0002,18.542,-0.649,-12.8956,167.5501,0.0,0.0,0.0,173.900001525879,down,2026-08-07T10:09:32,0.0,0.0
SPXW,2027-06-30,313,Call,6665.0,SPXW270630C06665000,1366.7,1378.6,1372.65,0.0,0.0,0.0,0.0,0.0,0.2248,0.8247,0.0002,18.5878,-0.5637,41.9898,1372.8446,0.0,0.0,0.0,1355.54998779297,no_change,,0.0,0.0
SPXW,2027-06-30,313,Put,6665.0,SPXW270630P06665000,167.5,168.4,167.95,0.0,0.0,0.0,0.0,0.0,0.2258,-0.1784,0.0002,18.5878,-0.6499,-12.9474,168.2178,0.0,0.0,0.0,174.599998474121,no_change,,0.0,0.0
SPXW,2027-06-30,313,Call,6670.0,SPXW270630C06670000,1362.5,1374.5,1368.5,0.0,0.0,0.0,0.0,0.0,0.2252,0.8239,0.0002,18.6336,-0.5649,41.9788,1368.7009,0.0,0.0,0.0,1351.40002441406,no_change,,0.0,0.0
SPXW,2027-06-30,313,Put,6670.0,SPXW270630P06670000,168.2,169.1,168.64999999999998,217.92,0.0,0.0,0.0,2.0,0.2256,-0.1791,0.0002,18.6336,-0.6508,-12.9994,168.8881,0.0,0.0,0.0,175.299995422363,up,2026-07-07T09:54:59,0.0,0.0
SPXW,2027-06-30,313,Call,6675.0,SPXW270630C06675000,1358.5,1370.4,1364.45,0.0,0.0,0.0,0.0,0.0,0.2239,0.8232,0.0002,18.6795,-0.5662,41.9676,1364.5599,0.0,0.0,0.0,1347.25,no_change,,0.0,0.0
SPXW,2027-06-30,313,Put,6675.0,SPXW270630P06675000,168.8,169.7,169.25,171.7,0.0,0.0,0.0,153.0,0.2253,-0.1798,0.0002,18.6795,-0.6518,-13.0515,169.5611,0.0,0.0,0.0,176.0,down,2026-08-05T09:39:37,0.0,0.0
SPXW,2027-06-30,313,Call,6680.0,SPXW270630C06680000,1354.2,1366.2,1360.2,0.0,0.0,0.0,0.0,0.0,0.2243,0.8225,0.0002,18.7254,-0.5674,41.9562,1360.4216,0.0,0.0,0.0,1343.20001220703,no_change,,0.0,0.0
SPXW,2027-06-30,313,Put,6680.0,SPXW270630P06680000,169.5,170.4,169.95,221.88,0.0,0.0,0.0,4.0,0.225,-0.1805,0.0002,18.7254,-0.6527,-13.1039,170.2368,0.0,0.0,0.0,176.700004577637,down,2026-07-01T10:23:25,0.0,0.0
SPXW,2027-06-30,313,Call,6685.0,SPXW270630C06685000,1350.1,1362.1,1356.1,0.0,0.0,0.0,0.0,0.0,0.2246,0.8218,0.0002,18.7714,-0.5687,41.9446,1356.286,0.0,0.0,0.0,1339.04998779297,no_change,,0.0,0.0
SPXW,2027-06-30,313,Put,6685.0,SPXW270630P06685000,170.2,171.1,170.64999999999998,0.0,0.0,0.0,0.0,0.0,0.2247,-0.1813,0.0002,18.7714,-0.6536,-13.1564,170.9152,0.0,0.0,0.0,177.400001525879,no_change,,0.0,0.0
SPXW,2027-06-30,313,Call,6690.0,SPXW270630C06690000,1346.0,1358.0,1352.0,0.0,0.0,0.0,0.0,0.0,0.2234,0.821,0.0002,18.8175,-0.5699,41.9329,1352.153,0.0,0.0,0.0,1334.95001220703,no_change,,0.0,0.0
SPXW,2027-06-30,313,Put,6690.0,SPXW270630P06690000,170.9,171.8,171.35000000000002,165.57,0.0,0.0,0.0,10.0,0.2245,-0.182,0.0002,18.8175,-0.6545,-13.2091,171.5963,0.0,0.0,0.0,178.099998474121,up,2026-08-13T10:20:40,0.0,0.0
SPXW,2027-06-30,313,Call,6695.0,SPXW270630C06695000,1342.0,1353.8,1347.9,0.0,0.0,0.0,0.0,0.0,0.2237,0.8203,0.0002,18.8636,-0.5712,41.9209,1348.0229,0.0,0.0,0.0,1330.90002441406,no_change,,0.0,0.0
SPXW,2027-06-30,313,Put,6695.0,SPXW270630P06695000,171.6,172.5,172.05,239.5,0.0,0.0,0.0,14.0,0.2243,-0.1827,0.0002,18.8636,-0.6554,-13.2621,172.2802,0.0,0.0,0.0,178.799995422363,up,2026-07-02T13:04:16,0.0,0.0
SPXW,2027-06-30,313,Call,6700.0,SPXW270630C06700000,1337.9,1349.7,1343.8000000000002,0.0,0.0,0.0,0.0,0.0,0.2241,0.8196,0.0002,18.9097,-0.5724,41.9088,1343.8955,0.0,0.0,0.0,1326.75,no_change,,0.0,0.0
SPXW,2027-06-30,313,Put,6700.0,SPXW270630P06700000,172.3,173.1,172.7,179.26,0.0,0.0,0.0,7.0,0.224,-0.1835,0.0002,18.9097,-0.6562,-13.3152,172.9668,0.0,0.0,0.0,179.5,down,2026-08-20T14:38:44,0.0,0.0
SPXW,2027-06-30,313,Call,6705.0,SPXW270630C06705000,1333.8,1345.6,1339.6999999999998,0.0,0.0,0.0,0.0,0.0,0.2228,0.8188,0.0002,18.956,-0.5736,41.8964,1339.7708,0.0,0.0,0.0,1322.70001220703,no_change,,0.0,0.0
SPXW,2027-06-30,313,Put,6705.0,SPXW270630P06705000,172.9,173.8,173.35000000000002,220.9,0.0,0.0,0.0,6.0,0.2237,-0.1842,0.0002,18.956,-0.6571,-13.3686,173.6561,0.0,0.0,0.0,180.200004577637,down,2026-07-09T15:09:27,0.0,0.0
SPXW,2027-06-30,313,Call,6710.0,SPXW270630C06710000,1329.7,1341.5,1335.6,0.0,0.0,0.0,0.0,0.0,0.2231,0.8181,0.0002,19.0023,-0.5749,41.8838,1335.6489,0.0,0.0,0.0,1318.54998779297,no_change,,0.0,0.0
SPXW,2027-06-30,313,Put,6710.0,SPXW270630P06710000,173.6,174.5,174.05,241.2,0.0,0.0,0.0,4.0,0.2235,-0.185,0.0002,19.0023,-0.658,-13.4222,174.3483,0.0,0.0,0.0,180.950004577637,up,2026-07-02T13:03:10,0.0,0.0
SPXW,2027-06-30,313,Call,6715.0,SPXW270630C06715000,1325.6,1337.3,1331.4499999999998,0.0,0.0,0.0,0.0,0.0,0.2219,0.8173,0.0002,19.0487,-0.5761,41.8709,1331.5298,0.0,0.0,0.0,1314.45001220703,no_change,,0.0,0.0
SPXW,2027-06-30,313,Put,6715.0,SPXW270630P06715000,174.3,175.2,174.75,0.0,0.0,0.0,0.0,0.0,0.2232,-0.1857,0.0002,19.0487,-0.6589,-13.476,175.0432,0.0,0.0,0.0,181.650001525879,no_change,,0.0,0.0
SPXW,2027-06-30,313,Call,6720.0,SPXW270630C06720000,1321.5,1333.2,1327.35,0.0,0.0,0.0,0.0,0.0,0.2222,0.8166,0.0002,19.0951,-0.5774,41.8578,1327.4135,0.0,0.0,0.0,1310.40002441406,no_change,,0.0,0.0
SPXW,2027-06-30,313,Put,6720.0,SPXW270630P06720000,175.0,175.9,175.45,0.0,0.0,0.0,0.0,0.0,0.223,-0.1865,0.0002,19.0951,-0.6598,-13.53,175.7409,0.0,0.0,0.0,182.400001525879,no_change,,0.0,0.0
SPXW,2027-06-30,313,Call,6725.0,SPXW270630C06725000,1317.4,1329.1,1323.25,0.0,0.0,0.0,0.0,0.0,0.2226,0.8158,0.0002,19.1416,-0.5786,41.8445,1323.3,0.0,0.0,0.0,1306.29998779297,no_change,,0.0,0.0
SPXW,2027-06-30,313,Put,6725.0,SPXW270630P06725000,175.7,176.6,176.14999999999998,175.64,0.0,0.0,0.0,4.0,0.2227,-0.1872,0.0002,19.1416,-0.6607,-13.5843,176.4414,0.0,0.0,0.0,183.099998474121,up,2026-08-12T09:59:06,0.0,0.0
SPXW,2027-06-30,313,Call,6730.0,SPXW270630C06730000,1313.3,1325.0,1319.15,0.0,0.0,0.0,0.0,0.0,0.2213,0.8151,0.0002,19.1882,-0.5798,41.8309,1319.1893,0.0,0.0,0.0,1302.20001220703,no_change,,0.0,0.0
SPXW,2027-06-30,313,Put,6730.0,SPXW270630P06730000,176.4,177.3,176.85000000000002,175.9,0.0,0.0,0.0,8.0,0.2225,-0.188,0.0002,19.1882,-0.6616,-13.6389,177.1447,0.0,0.0,0.0,183.799995422363,down,2026-08-12T12:00:48,0.0,0.0
SPXW,2027-06-30,313,Call,6735.0,SPXW270630C06735000,1309.2,1320.9,1315.0500000000002,1203.3,0.0,0.0,0.0,23.0,0.2216,0.8143,0.0002,19.2349,-0.581,41.8171,1315.0814,0.0,0.0,0.0,1298.15002441406,up,2026-07-17T11:06:50,0.0,0.0
SPXW,2027-06-30,313,Put,6735.0,SPXW270630P06735000,177.1,178.0,177.55,0.0,0.0,0.0,0.0,0.0,0.2222,-0.1887,0.0002,19.2349,-0.6624,-13.6937,177.8509,0.0,0.0,0.0,184.549995422363,no_change,,0.0,0.0
SPXW,2027-06-30,313,Call,6740.0,SPXW270630C06740000,1305.1,1316.8,1310.9499999999998,0.0,0.0,0.0,0.0,0.0,0.222,0.8135,0.0002,19.2817,-0.5822,41.803,1310.9764,0.0,0.0,0.0,1294.04998779297,no_change,,0.0,0.0
SPXW,2027-06-30,313,Put,6740.0,SPXW270630P06740000,177.9,178.8,178.35000000000002,0.0,0.0,0.0,0.0,0.0,0.222,-0.1895,0.0002,19.2817,-0.6633,-13.7487,178.5599,0.0,0.0,0.0,185.299995422363,no_change,,0.0,0.0
SPXW,2027-06-30,313,Call,6745.0,SPXW270630C06745000,1301.0,1312.7,1306.85,0.0,0.0,0.0,0.0,0.0,0.2207,0.8128,0.0002,19.3285,-0.5834,41.7886,1306.8743,0.0,0.0,0.0,1289.95001220703,no_change,,0.0,0.0
SPXW,2027-06-30,313,Put,6745.0,SPXW270630P06745000,178.6,179.5,179.05,180.49,0.0,0.0,0.0,3.0,0.2217,-0.1902,0.0002,19.3285,-0.6642,-13.8041,179.2718,0.0,0.0,0.0,186.0,down,2026-08-05T09:36:50,0.0,0.0
SPXW,2027-06-30,313,Call,6750.0,SPXW270630C06750000,1296.9,1308.6,1302.75,1303.15,17.25,1.34148,1.0,1.0,0.221,0.812,0.0002,19.3754,-0.5847,41.774,1302.775,1303.15,1303.15,1303.15,1285.89996337891,up,2026-08-21T16:00:57,0.0,0.0
SPXW,2027-06-30,313,Put,6750.0,SPXW270630P06750000,179.3,180.2,179.75,180.16,-6.59,-3.52878,1.0,67.0,0.2214,-0.191,0.0002,19.3754,-0.665,-13.8597,179.9866,180.16,180.16,180.16,186.75,up,2026-08-21T16:00:57,0.0,0.0
SPXW,2027-06-30,313,Call,6755.0,SPXW270630C06755000,1292.9,1304.5,1298.7,0.0,0.0,0.0,0.0,0.0,0.2214,0.8112,0.0002,19.4224,-0.5859,41.7591,1298.6787,0.0,0.0,0.0,1281.84997558594,no_change,,0.0,0.0
SPXW,2027-06-30,313,Put,6755.0,SPXW270630P06755000,180.0,180.9,180.45,0.0,0.0,0.0,0.0,0.0,0.2212,-0.1918,0.0002,19.4224,-0.6659,-13.9156,180.7043,0.0,0.0,0.0,187.5,no_change,,0.0,0.0
SPXW,2027-06-30,313,Call,6760.0,SPXW270630C06760000,1288.8,1300.4,1294.6,0.0,0.0,0.0,0.0,0.0,0.2201,0.8105,0.0002,19.4694,-0.5871,41.7439,1294.5853,0.0,0.0,0.0,1277.75,no_change,,0.0,0.0
SPXW,2027-06-30,313,Put,6760.0,SPXW270630P06760000,180.7,181.6,181.14999999999998,0.0,0.0,0.0,0.0,0.0,0.221,-0.1926,0.0002,19.4694,-0.6668,-13.9717,181.4249,0.0,0.0,0.0,188.25,no_change,,0.0,0.0
SPXW,2027-06-30,313,Call,6765.0,SPXW270630C06765000,1284.7,1296.4,1290.5500000000002,1177.79,0.0,0.0,0.0,1.0,0.2204,0.8097,0.0002,19.5166,-0.5883,41.7284,1290.4948,0.0,0.0,0.0,1273.70001220703,down,2026-07-17T13:53:52,0.0,0.0
SPXW,2027-06-30,313,Put,6765.0,SPXW270630P06765000,181.5,182.3,181.9,0.0,0.0,0.0,0.0,0.0,0.2207,-0.1933,0.0002,19.5166,-0.6676,-14.0282,182.1484,0.0,0.0,0.0,189.0,no_change,,0.0,0.0
SPXW,2027-06-30,313,Call,6770.0,SPXW270630C06770000,1280.6,1292.2,1286.4,0.0,0.0,0.0,0.0,0.0,0.2192,0.8089,0.0002,19.5637,-0.5895,41.7127,1286.4072,0.0,0.0,0.0,1269.65002441406,no_change,,0.0,0.0
SPXW,2027-06-30,313,Put,6770.0,SPXW270630P06770000,182.2,183.1,182.64999999999998,233.3,0.0,0.0,0.0,2.0,0.2204,-0.1941,0.0002,19.5637,-0.6685,-14.0849,182.8749,0.0,0.0,0.0,189.75,up,2026-07-22T14:05:02,0.0,0.0
SPXW,2027-06-30,313,Call,6775.0,SPXW270630C06775000,1276.5,1288.1,1282.3,0.0,0.0,0.0,0.0,0.0,0.2195,0.8081,0.0002,19.611,-0.5907,41.6967,1282.3227,0.0,0.0,0.0,1265.60003662109,no_change,,0.0,0.0
SPXW,2027-06-30,313,Put,6775.0,SPXW270630P06775000,182.9,183.8,183.35000000000002,186.17,-4.33,-2.27297,2.0,0.0,0.2202,-0.1949,0.0002,19.611,-0.6693,-14.1419,183.6044,186.17,186.17,186.17,190.5,no_change,2026-08-21T10:16:19,0.0,0.0
SPXW,2027-06-30,313,Call,6780.0,SPXW270630C06780000,1272.5,1284.1,1278.3,0.0,0.0,0.0,0.0,0.0,0.2198,0.8073,0.0002,19.6583,-0.5919,41.6803,1278.2411,0.0,0.0,0.0,1261.5,no_change,,0.0,0.0
SPXW,2027-06-30,313,Put,6780.0,SPXW270630P06780000,183.7,184.5,184.1,249.4,0.0,0.0,0.0,14.0,0.22,-0.1957,0.0002,19.6583,-0.6702,-14.1992,184.3368,0.0,0.0,0.0,191.25,up,2026-07-29T09:56:39,0.0,0.0
SPXW,2027-06-30,313,Call,6785.0,SPXW270630C06785000,1268.6,1280.0,1274.3,1162.11,0.0,0.0,0.0,4.0,0.2186,0.8066,0.0002,19.7057,-0.5931,41.6637,1274.1625,0.0,0.0,0.0,1257.5,down,2026-07-17T13:52:52,0.0,0.0
SPXW,2027-06-30,313,Put,6785.0,SPXW270630P06785000,184.4,185.3,184.85000000000002,250.4,0.0,0.0,0.0,14.0,0.2197,-0.1965,0.0002,19.7057,-0.671,-14.2568,185.0722,0.0,0.0,0.0,192.0,up,2026-07-29T09:56:39,0.0,0.0
SPXW,2027-06-30,313,Call,6790.0,SPXW270630C06790000,1264.3,1276.0,1270.15,0.0,0.0,0.0,0.0,0.0,0.2188,0.8058,0.0002,19.7531,-0.5943,41.6468,1270.087,0.0,0.0,0.0,1253.44995117188,no_change,,0.0,0.0
SPXW,2027-06-30,313,Put,6790.0,SPXW270630P06790000,185.1,186.0,185.55,187.7,0.0,0.0,0.0,40.0,0.2194,-0.1973,0.0002,19.7531,-0.6719,-14.3147,185.8107,0.0,0.0,0.0,192.799995422363,down,2026-08-11T13:45:53,0.0,0.0
SPXW,2027-06-30,313,Call,6795.0,SPXW270630C06795000,1260.3,1271.8,1266.05,0.0,0.0,0.0,0.0,0.0,0.2192,0.805,0.0002,19.8006,-0.5954,41.6296,1266.0144,0.0,0.0,0.0,1249.39996337891,no_change,,0.0,0.0
SPXW,2027-06-30,313,Put,6795.0,SPXW270630P06795000,185.9,186.8,186.35000000000002,0.0,0.0,0.0,0.0,0.0,0.2192,-0.1981,0.0002,19.8006,-0.6727,-14.3728,186.5522,0.0,0.0,0.0,193.5,no_change,,0.0,0.0
SPXW,2027-06-30,313,Call,6800.0,SPXW270630C06800000,1256.2,1267.8,1262.0,1072.98,0.0,0.0,0.0,2.0,0.2179,0.8042,0.0002,19.8481,-0.5966,41.6121,1261.945,0.0,0.0,0.0,1245.34997558594,up,2026-07-27T13:13:24,0.0,0.0
SPXW,2027-06-30,313,Put,6800.0,SPXW270630P06800000,186.6,187.5,187.05,189.87,-4.43,-2.27998,2.0,9.0,0.2189,-0.1989,0.0002,19.8481,-0.6736,-14.4313,187.2968,189.87,189.87,189.87,194.299995422363,no_change,2026-08-21T10:16:19,0.0,0.0
SPXW,2027-06-30,313,Call,6805.0,SPXW270630C06805000,1252.2,1263.8,1258.0,0.0,0.0,0.0,0.0,0.0,0.2182,0.8034,0.0002,19.8956,-0.5978,41.5943,1257.8786,0.0,0.0,0.0,1241.29998779297,no_change,,0.0,0.0
SPXW,2027-06-30,313,Put,6805.0,SPXW270630P06805000,187.4,188.3,187.85000000000002,186.6,0.0,0.0,0.0,11.0,0.2187,-0.1997,0.0002,19.8956,-0.6744,-14.4901,188.0444,0.0,0.0,0.0,195.099998474121,down,2026-08-12T12:07:34,0.0,0.0
SPXW,2027-06-30,313,Call,6810.0,SPXW270630C06810000,1248.1,1259.7,1253.9,0.0,0.0,0.0,0.0,0.0,0.2185,0.8026,0.0002,19.9432,-0.599,41.5763,1253.8153,0.0,0.0,0.0,1237.25,no_change,,0.0,0.0
SPXW,2027-06-30,313,Put,6810.0,SPXW270630P06810000,188.1,189.0,188.55,270.05,0.0,0.0,0.0,2.0,0.2184,-0.2005,0.0002,19.9432,-0.6752,-14.5491,188.7951,0.0,0.0,0.0,195.849998474121,down,2026-06-26T09:56:55,0.0,0.0
SPXW,2027-06-30,313,Call,6815.0,SPXW270630C06815000,1244.1,1255.6,1249.85,0.0,0.0,0.0,0.0,0.0,0.2172,0.8018,0.0002,19.9908,-0.6002,41.5579,1249.7551,0.0,0.0,0.0,1233.25,no_change,,0.0,0.0
SPXW,2027-06-30,313,Put,6815.0,SPXW270630P06815000,188.9,189.8,189.35000000000002,194.64,0.0,0.0,0.0,10.0,0.2182,-0.2013,0.0002,19.9908,-0.6761,-14.6084,189.5489,0.0,0.0,0.0,196.599998474121,down,2026-08-18T13:30:08,0.0,0.0
SPXW,2027-06-30,313,Call,6820.0,SPXW270630C06820000,1240.0,1251.5,1245.75,1135.22,0.0,0.0,0.0,1.0,0.2175,0.801,0.0002,20.0384,-0.6013,41.5393,1245.698,0.0,0.0,0.0,1229.25,down,2026-07-17T13:53:46,0.0,0.0
SPXW,2027-06-30,313,Put,6820.0,SPXW270630P06820000,189.6,190.5,190.05,241.6,0.0,0.0,0.0,1.0,0.2179,-0.2021,0.0002,20.0384,-0.6769,-14.668,190.3059,0.0,0.0,0.0,197.400001525879,down,2026-07-21T16:00:36,0.0,0.0
SPXW,2027-06-30,313,Call,6825.0,SPXW270630C06825000,1236.0,1247.5,1241.75,0.0,0.0,0.0,0.0,0.0,0.2178,0.8001,0.0002,20.0861,-0.6025,41.5204,1241.6441,0.0,0.0,0.0,1225.20001220703,no_change,,0.0,0.0
SPXW,2027-06-30,313,Put,6825.0,SPXW270630P06825000,190.4,191.3,190.85000000000002,198.61,0.0,0.0,0.0,8.0,0.2177,-0.2029,0.0002,20.0861,-0.6777,-14.7279,191.066,0.0,0.0,0.0,198.200004577637,down,2026-08-18T11:13:30,0.0,0.0
SPXW,2027-06-30,313,Call,6830.0,SPXW270630C06830000,1232.0,1243.4,1237.7,1041.29,0.0,0.0,0.0,1.0,0.2166,0.7993,0.0002,20.1337,-0.6036,41.5012,1237.5933,0.0,0.0,0.0,1221.15002441406,up,2026-07-29T13:16:19,0.0,0.0
SPXW,2027-06-30,313,Put,6830.0,SPXW270630P06830000,191.2,192.1,191.64999999999998,0.0,0.0,0.0,0.0,1.0,0.2174,-0.2037,0.0002,20.1337,-0.6785,-14.7881,191.8292,0.0,0.0,0.0,199.0,no_change,,0.0,0.0
SPXW,2027-06-30,313,Call,6835.0,SPXW270630C06835000,1227.9,1239.4,1233.65,0.0,0.0,0.0,0.0,0.0,0.2168,0.7985,0.0002,20.1814,-0.6048,41.4817,1233.5457,0.0,0.0,0.0,1217.15002441406,no_change,,0.0,0.0
SPXW,2027-06-30,313,Put,6835.0,SPXW270630P06835000,191.9,192.8,192.35000000000002,243.52,0.0,0.0,0.0,4.0,0.2172,-0.2045,0.0002,20.1814,-0.6793,-14.8485,192.5956,0.0,0.0,0.0,199.75,down,2026-07-21T14:51:05,0.0,0.0
SPXW,2027-06-30,313,Call,6840.0,SPXW270630C06840000,1223.9,1235.4,1229.65,1287.17,0.0,0.0,0.0,1.0,0.2171,0.7977,0.0002,20.229,-0.606,41.462,1229.5013,0.0,0.0,0.0,1213.10003662109,up,2026-08-11T15:01:46,0.0,0.0
SPXW,2027-06-30,313,Put,6840.0,SPXW270630P06840000,192.7,193.6,193.14999999999998,191.7,0.0,0.0,0.0,35.0,0.2169,-0.2054,0.0002,20.229,-0.6802,-14.9092,193.3653,0.0,0.0,0.0,200.549995422363,down,2026-08-12T12:20:06,0.0,0.0
SPXW,2027-06-30,313,Call,6845.0,SPXW270630C06845000,1219.9,1231.3,1225.6,0.0,0.0,0.0,0.0,0.0,0.2159,0.7968,0.0002,20.2766,-0.6071,41.442,1225.46,0.0,0.0,0.0,1209.10003662109,no_change,,0.0,0.0
SPXW,2027-06-30,313,Put,6845.0,SPXW270630P06845000,193.5,194.4,193.95,191.4,0.0,0.0,0.0,5.0,0.2167,-0.2062,0.0002,20.2766,-0.681,-14.9702,194.1381,0.0,0.0,0.0,201.349998474121,down,2026-08-10T12:20:19,0.0,0.0
SPXW,2027-06-30,313,Call,6850.0,SPXW270630C06850000,1215.8,1227.3,1221.55,0.0,0.0,0.0,0.0,0.0,0.2162,0.796,0.0002,20.3243,-0.6083,41.4218,1221.4221,0.0,0.0,0.0,1205.10003662109,no_change,,0.0,0.0
SPXW,2027-06-30,313,Put,6850.0,SPXW270630P06850000,194.3,195.2,194.75,193.61,0.0,0.0,0.0,99.0,0.2164,-0.207,0.0002,20.3243,-0.6818,-15.0314,194.9141,0.0,0.0,0.0,202.150001525879,up,2026-08-17T13:09:03,0.0,0.0
SPXW,2027-06-30,313,Call,6855.0,SPXW270630C06855000,1211.8,1223.2,1217.5,1055.14,0.0,0.0,0.0,1.0,0.2149,0.7952,0.0002,20.3719,-0.6094,41.4013,1217.3873,0.0,0.0,0.0,1201.10003662109,down,2026-07-28T11:22:55,0.0,0.0
SPXW,2027-06-30,313,Put,6855.0,SPXW270630P06855000,195.0,195.9,195.45,193.87,0.0,0.0,0.0,23.0,0.2162,-0.2078,0.0002,20.3719,-0.6826,-15.0928,195.6934,0.0,0.0,0.0,202.950004577637,down,2026-08-19T14:02:19,0.0,0.0
SPXW,2027-06-30,313,Call,6860.0,SPXW270630C06860000,1207.8,1219.2,1213.5,0.0,0.0,0.0,0.0,0.0,0.2152,0.7944,0.0002,20.4194,-0.6106,41.3805,1213.3558,0.0,0.0,0.0,1197.10003662109,no_change,,0.0,0.0
SPXW,2027-06-30,313,Put,6860.0,SPXW270630P06860000,195.8,196.7,196.25,197.9,0.0,0.0,0.0,30.0,0.2159,-0.2087,0.0002,20.4194,-0.6834,-15.1546,196.4759,0.0,0.0,0.0,203.75,up,2026-08-11T13:58:40,0.0,0.0
SPXW,2027-06-30,313,Call,6870.0,SPXW270630C06870000,1199.8,1211.2,1205.5,0.0,0.0,0.0,0.0,0.0,0.2142,0.7927,0.0002,20.5145,-0.6128,41.3387,1205.3025,0.0,0.0,0.0,1189.10003662109,no_change,,0.0,0.0
SPXW,2027-06-30,313,Put,6870.0,SPXW270630P06870000,197.4,198.3,197.85000000000002,196.1,0.0,0.0,0.0,11.0,0.2154,-0.2103,0.0002,20.5145,-0.6849,-15.2783,198.0506,0.0,0.0,0.0,205.400001525879,down,2026-08-12T12:11:12,0.0,0.0
SPXW,2027-06-30,313,Call,6875.0,SPXW270630C06875000,1195.8,1207.2,1201.5,1042.1,0.0,0.0,0.0,1.0,0.2145,0.7918,0.0002,20.562,-0.614,41.3173,1201.2808,0.0,0.0,0.0,1185.10003662109,up,2026-07-31T11:45:13,0.0,0.0
SPXW,2027-06-30,313,Put,6875.0,SPXW270630P06875000,198.2,199.1,198.64999999999998,198.9,0.0,0.0,0.0,4.0,0.2152,-0.2112,0.0002,20.562,-0.6857,-15.3407,198.843,0.0,0.0,0.0,206.200004577637,down,2026-08-19T14:08:09,0.0,0.0
SPXW,2027-06-30,313,Call,6880.0,SPXW270630C06880000,1191.8,1203.1,1197.4499999999998,0.0,0.0,0.0,0.0,0.0,0.2147,0.791,0.0002,20.6094,-0.6151,41.2956,1197.2624,0.0,0.0,0.0,1181.15002441406,no_change,,0.0,0.0
SPXW,2027-06-30,313,Put,6880.0,SPXW270630P06880000,199.0,199.9,199.45,199.93,0.0,0.0,0.0,660.0,0.2149,-0.212,0.0002,20.6094,-0.6865,-15.4033,199.6386,0.0,0.0,0.0,207.0,down,2026-08-19T13:41:49,0.0,0.0
SPXW,2027-06-30,313,Call,6890.0,SPXW270630C06890000,1183.8,1195.1,1189.4499999999998,0.0,0.0,0.0,0.0,0.0,0.2137,0.7893,0.0002,20.7041,-0.6173,41.2518,1189.2355,0.0,0.0,0.0,1173.15002441406,no_change,,0.0,0.0
SPXW,2027-06-30,313,Put,6890.0,SPXW270630P06890000,200.6,201.5,201.05,201.91,0.0,0.0,0.0,33.0,0.2144,-0.2137,0.0002,20.7041,-0.6881,-15.5291,201.2397,0.0,0.0,0.0,208.700004577637,up,2026-08-19T13:40:01,0.0,0.0
SPXW,2027-06-30,313,Call,6900.0,SPXW270630C06900000,1175.8,1187.1,1181.4499999999998,1040.19,0.0,0.0,0.0,60.0,0.2128,0.7876,0.0002,20.7986,-0.6196,41.2073,1181.222,0.0,0.0,0.0,1165.20001220703,up,2026-07-31T12:37:32,0.0,0.0
SPXW,2027-06-30,313,Put,6900.0,SPXW270630P06900000,202.2,203.1,202.64999999999998,197.1,0.0,0.0,0.0,801.0,0.2139,-0.2154,0.0002,20.7986,-0.6896,-15.6556,202.8542,0.0,0.0,0.0,210.299995422363,up,2026-08-14T10:16:19,0.0,0.0
SPXW,2027-06-30,313,Call,6910.0,SPXW270630C06910000,1167.8,1179.1,1173.4499999999998,1019.36,0.0,0.0,0.0,27.0,0.2132,0.7858,0.0002,20.8928,-0.6218,41.162,1173.2218,0.0,0.0,0.0,1157.25,up,2026-07-31T11:56:16,0.0,0.0
SPXW,2027-06-30,313,Put,6910.0,SPXW270630P06910000,203.8,204.8,204.3,200.8,0.0,0.0,0.0,37.0,0.2134,-0.2172,0.0002,20.8928,-0.6911,-15.7828,204.4822,0.0,0.0,0.0,212.0,up,2026-08-17T12:29:42,0.0,0.0
SPXW,2027-06-30,313,Call,6920.0,SPXW270630C06920000,1159.9,1171.1,1165.5,1260.4,0.0,0.0,0.0,1.0,0.2122,0.7841,0.0002,20.9868,-0.624,41.116,1165.2352,0.0,0.0,0.0,1149.29998779297,up,2026-08-04T15:45:01,0.0,0.0
SPXW,2027-06-30,313,Put,6920.0,SPXW270630P06920000,205.5,206.4,205.95,201.7,0.0,0.0,0.0,37.0,0.2129,-0.2189,0.0002,20.9868,-0.6926,-15.9107,206.1236,0.0,0.0,0.0,213.700004577637,down,2026-08-17T09:55:58,0.0,0.0
SPXW,2027-06-30,313,Call,6925.0,SPXW270630C06925000,1155.8,1167.1,1161.4499999999998,0.0,0.0,0.0,0.0,0.0,0.2124,0.7832,0.0002,21.0337,-0.6251,41.0928,1161.247,0.0,0.0,0.0,1145.35003662109,no_change,,0.0,0.0
SPXW,2027-06-30,313,Put,6925.0,SPXW270630P06925000,206.3,207.2,206.75,289.66,0.0,0.0,0.0,10.0,0.2126,-0.2198,0.0002,21.0337,-0.6934,-15.9749,206.9494,0.0,0.0,0.0,214.5,down,2026-07-23T12:07:56,0.0,0.0
SPXW,2027-06-30,313,Call,6930.0,SPXW270630C06930000,1151.9,1163.1,1157.5,0.0,0.0,0.0,0.0,0.0,0.2112,0.7823,0.0002,21.0806,-0.6262,41.0694,1157.2621,0.0,0.0,0.0,1141.40002441406,no_change,,0.0,0.0
SPXW,2027-06-30,313,Put,6930.0,SPXW270630P06930000,207.1,208.1,207.6,206.3,0.0,0.0,0.0,36.0,0.2124,-0.2207,0.0002,21.0806,-0.6942,-16.0393,207.7786,0.0,0.0,0.0,215.400001525879,up,2026-08-19T11:21:16,0.0,0.0
SPXW,2027-06-30,313,Call,6940.0,SPXW270630C06940000,1143.9,1155.2,1149.5500000000002,0.0,0.0,0.0,0.0,0.0,0.2117,0.7806,0.0002,21.1741,-0.6283,41.0221,1149.3027,0.0,0.0,0.0,1133.5,no_change,,0.0,0.0
SPXW,2027-06-30,313,Put,6940.0,SPXW270630P06940000,208.8,209.7,209.25,207.3,0.0,0.0,0.0,41.0,0.2119,-0.2224,0.0002,21.1741,-0.6956,-16.1685,209.4472,0.0,0.0,0.0,217.099998474121,down,2026-08-12T12:18:20,0.0,0.0
SPXW,2027-06-30,313,Call,6950.0,SPXW270630C06950000,1136.1,1147.2,1141.65,1103.58,0.0,0.0,0.0,0.0,0.2107,0.7788,0.0002,21.2675,-0.6305,40.9742,1141.357,0.0,0.0,0.0,1125.59997558594,down,2026-07-10T11:28:43,0.0,0.0
SPXW,2027-06-30,313,Put,6950.0,SPXW270630P06950000,210.5,211.4,210.95,208.9,0.0,0.0,0.0,84.0,0.2114,-0.2242,0.0002,21.2675,-0.6971,-16.2984,211.1296,0.0,0.0,0.0,218.799995422363,up,2026-08-12T12:18:20,0.0,0.0
SPXW,2027-06-30,313,Call,6960.0,SPXW270630C06960000,1128.1,1139.3,1133.6999999999998,0.0,0.0,0.0,0.0,0.0,0.2111,0.777,0.0002,21.3606,-0.6326,40.9256,1133.4252,0.0,0.0,0.0,1117.75,no_change,,0.0,0.0
SPXW,2027-06-30,313,Put,6960.0,SPXW270630P06960000,212.2,213.1,212.64999999999998,207.1,0.0,0.0,0.0,28.0,0.2109,-0.226,0.0002,21.3606,-0.6985,-16.429,212.8257,0.0,0.0,0.0,220.599998474121,down,2026-08-14T10:21:05,0.0,0.0
SPXW,2027-06-30,313,Call,6970.0,SPXW270630C06970000,1120.3,1131.4,1125.85,1050.68,0.0,0.0,0.0,1.0,0.2101,0.7752,0.0002,21.4536,-0.6347,40.8763,1125.5072,0.0,0.0,0.0,1109.85003662109,down,2026-07-01T15:29:58,0.0,0.0
SPXW,2027-06-30,313,Put,6970.0,SPXW270630P06970000,213.9,214.8,214.35000000000002,210.7,0.0,0.0,0.0,30.0,0.2104,-0.2278,0.0002,21.4536,-0.7,-16.5602,214.5358,0.0,0.0,0.0,222.299995422363,down,2026-08-17T12:33:24,0.0,0.0
SPXW,2027-06-30,313,Call,6975.0,SPXW270630C06975000,1116.3,1127.4,1121.85,0.0,0.0,0.0,0.0,0.0,0.2103,0.7743,0.0002,21.5,-0.6358,40.8513,1121.5534,0.0,0.0,0.0,1105.95001220703,no_change,,0.0,0.0
SPXW,2027-06-30,313,Put,6975.0,SPXW270630P06975000,214.8,215.7,215.25,209.89,0.0,0.0,0.0,47.0,0.2101,-0.2288,0.0002,21.5,-0.7007,-16.6261,215.3961,0.0,0.0,0.0,223.200004577637,up,2026-08-14T11:05:21,0.0,0.0
SPXW,2027-06-30,313,Call,6980.0,SPXW270630C06980000,1112.3,1123.5,1117.9,960.45,0.0,0.0,0.0,16.0,0.209,0.7734,0.0002,21.5464,-0.6368,40.8262,1117.6032,0.0,0.0,0.0,1102.0,down,2026-07-31T11:17:17,0.0,0.0
SPXW,2027-06-30,313,Put,6980.0,SPXW270630P06980000,215.7,216.6,216.14999999999998,208.6,0.0,0.0,0.0,24.0,0.2099,-0.2297,0.0002,21.5464,-0.7014,-16.6922,216.2599,0.0,0.0,0.0,224.150001525879,down,2026-08-14T10:10:15,0.0,0.0
SPXW,2027-06-30,313,Call,6990.0,SPXW270630C06990000,1104.5,1115.6,1110.05,0.0,0.0,0.0,0.0,0.0,0.2094,0.7715,0.0002,21.6391,-0.6389,40.7754,1109.7133,0.0,0.0,0.0,1094.19995117188,no_change,,0.0,0.0
SPXW,2027-06-30,313,Put,6990.0,SPXW270630P06990000,217.4,218.3,217.85000000000002,220.43,-5.47,-2.42143,1.0,89.0,0.2094,-0.2315,0.0002,21.6391,-0.7028,-16.825,217.998,220.43,220.43,220.43,225.900001525879,up,2026-08-21T10:30:22,0.0,0.0
SPXW,2027-06-30,313,Call,7000.0,SPXW270630C07000000,1096.6,1107.7,1102.15,1102.82,16.47,1.51608,1.0,46.0,0.2084,0.7697,0.0002,21.7318,-0.641,40.7237,1101.8375,1102.82,1102.82,1102.82,1086.35003662109,down,2026-08-21T16:00:57,0.0,0.0
SPXW,2027-06-30,313,Put,7000.0,SPXW270630P07000000,219.2,220.1,219.64999999999998,220.08,-7.62,-3.34651,2.0,122.0,0.2089,-0.2334,0.0002,21.7318,-0.7041,-16.9586,219.7503,222.23,222.23,220.08,227.700004577637,down,2026-08-21T16:00:57,0.0,0.0
SPXW,2027-06-30,313,Call,7010.0,SPXW270630C07010000,1088.8,1099.9,1094.35,0.0,0.0,0.0,0.0,0.0,0.2074,0.7678,0.0002,21.8244,-0.643,40.6711,1093.9761,0.0,0.0,0.0,1078.54998779297,no_change,,0.0,0.0
SPXW,2027-06-30,313,Put,7010.0,SPXW270630P07010000,220.9,221.8,221.35000000000002,221.3,0.0,0.0,0.0,29.0,0.2084,-0.2352,0.0002,21.8244,-0.7055,-17.0932,221.5169,0.0,0.0,0.0,229.5,up,2026-08-17T14:47:04,0.0,0.0
SPXW,2027-06-30,313,Call,7020.0,SPXW270630C07020000,1081.1,1092.0,1086.55,0.0,0.0,0.0,0.0,0.0,0.2077,0.7659,0.0002,21.9171,-0.6451,40.6175,1086.1291,0.0,0.0,0.0,1070.75,no_change,,0.0,0.0
SPXW,2027-06-30,313,Put,7020.0,SPXW270630P07020000,222.7,223.6,223.14999999999998,227.3,0.0,0.0,0.0,26.0,0.2079,-0.2371,0.0002,21.9171,-0.7068,-17.2287,223.298,0.0,0.0,0.0,231.299995422363,down,2026-08-06T15:50:00,0.0,0.0
SPXW,2027-06-30,313,Call,7025.0,SPXW270630C07025000,1077.0,1088.1,1082.55,0.0,0.0,0.0,0.0,0.0,0.2079,0.765,0.0002,21.9634,-0.6461,40.5903,1082.211,0.0,0.0,0.0,1066.85003662109,no_change,,0.0,0.0
SPXW,2027-06-30,313,Put,7025.0,SPXW270630P07025000,223.6,224.5,224.05,224.52,0.0,0.0,0.0,14.0,0.2077,-0.238,0.0002,21.9634,-0.7075,-17.2969,224.1939,0.0,0.0,0.0,232.299995422363,up,2026-08-19T13:39:39,0.0,0.0
SPXW,2027-06-30,313,Call,7030.0,SPXW270630C07030000,1073.3,1084.2,1078.75,0.0,0.0,0.0,0.0,0.0,0.2067,0.764,0.0002,22.0098,-0.6471,40.5628,1078.2967,0.0,0.0,0.0,1062.95001220703,no_change,,0.0,0.0
SPXW,2027-06-30,313,Put,7030.0,SPXW270630P07030000,224.5,225.4,224.95,224.38,-8.82,-3.78216,1.0,16.0,0.2074,-0.239,0.0002,22.0098,-0.7082,-17.3653,225.0936,224.38,224.38,224.38,233.200004577637,up,2026-08-21T12:58:57,0.0,0.0
SPXW,2027-06-30,313,Call,7040.0,SPXW270630C07040000,1065.5,1076.4,1070.95,0.0,0.0,0.0,0.0,0.0,0.207,0.7621,0.0002,22.1025,-0.6491,40.507,1070.4789,0.0,0.0,0.0,1055.25,no_change,,0.0,0.0
SPXW,2027-06-30,313,Put,7040.0,SPXW270630P07040000,226.3,227.2,226.75,225.21,0.0,0.0,0.0,4.0,0.2069,-0.2409,0.0002,22.1025,-0.7095,-17.5031,226.9039,0.0,0.0,0.0,235.050003051758,down,2026-08-19T10:53:42,0.0,0.0
SPXW,2027-06-30,313,Call,7050.0,SPXW270630C07050000,1057.7,1068.6,1063.15,1068.42,20.92,1.99714,4.0,4.0,0.206,0.7602,0.0002,22.1953,-0.651,40.4499,1062.676,1061.22,1070.07,1061.19,1047.5,down,2026-08-21T12:23:44,0.0,0.0
SPXW,2027-06-30,313,Put,7050.0,SPXW270630P07050000,228.1,229.1,228.6,296.54,0.0,0.0,0.0,174.0,0.2064,-0.2428,0.0002,22.1953,-0.7108,-17.6421,228.729,0.0,0.0,0.0,236.900001525879,down,2026-07-07T10:53:33,0.0,0.0
SPXW,2027-06-30,313,Call,7060.0,SPXW270630C07060000,1049.8,1060.8,1055.3,0.0,0.0,0.0,0.0,0.0,0.2049,0.7583,0.0002,22.2881,-0.653,40.3915,1054.8882,0.0,0.0,0.0,1039.70001220703,no_change,,0.0,0.0
SPXW,2027-06-30,313,Put,7060.0,SPXW270630P07060000,230.0,230.9,230.45,291.13,0.0,0.0,0.0,24.0,0.2059,-0.2448,0.0002,22.2881,-0.712,-17.7825,230.5693,0.0,0.0,0.0,238.799995422363,down,2026-07-06T10:03:14,0.0,0.0
SPXW,2027-06-30,313,Call,7070.0,SPXW270630C07070000,1042.2,1053.0,1047.6,0.0,0.0,0.0,0.0,0.0,0.2052,0.7563,0.0002,22.381,-0.6549,40.3318,1047.1156,0.0,0.0,0.0,1032.0,no_change,,0.0,0.0
SPXW,2027-06-30,313,Put,7070.0,SPXW270630P07070000,231.9,232.8,232.35000000000002,311.2,0.0,0.0,0.0,11.0,0.2054,-0.2467,0.0002,22.381,-0.7133,-17.9242,232.4247,0.0,0.0,0.0,240.700004577637,down,2026-07-27T14:52:35,0.0,0.0
SPXW,2027-06-30,313,Call,7075.0,SPXW270630C07075000,1038.3,1049.1,1043.6999999999998,1040.66,0.0,0.0,0.0,2.0,0.2054,0.7554,0.0002,22.4274,-0.6559,40.3014,1043.2351,0.0,0.0,0.0,1028.19998168945,up,2026-08-20T13:45:50,0.0,0.0
SPXW,2027-06-30,313,Put,7075.0,SPXW270630P07075000,232.8,233.7,233.25,292.3,0.0,0.0,0.0,2.0,0.2052,-0.2477,0.0002,22.4274,-0.7139,-17.9955,233.3582,0.0,0.0,0.0,241.700004577637,down,2026-07-15T12:57:47,0.0,0.0
SPXW,2027-06-30,313,Call,7080.0,SPXW270630C07080000,1034.5,1045.3,1039.9,880.5,0.0,0.0,0.0,3.0,0.2042,0.7544,0.0002,22.4739,-0.6568,40.2706,1039.3584,0.0,0.0,0.0,1024.29998779297,up,2026-07-24T14:34:33,0.0,0.0
SPXW,2027-06-30,313,Put,7080.0,SPXW270630P07080000,233.7,234.7,234.2,225.5,0.0,0.0,0.0,4.0,0.2049,-0.2487,0.0002,22.4739,-0.7145,-18.0673,234.2955,0.0,0.0,0.0,242.599998474121,down,2026-08-14T10:10:15,0.0,0.0
SPXW,2027-06-30,313,Call,7090.0,SPXW270630C07090000,1026.7,1037.5,1032.1,875.31,0.0,0.0,0.0,11.0,0.2045,0.7524,0.0002,22.5669,-0.6587,40.208,1031.6168,0.0,0.0,0.0,1016.64999389648,up,2026-07-24T16:10:22,0.0,0.0
SPXW,2027-06-30,313,Put,7090.0,SPXW270630P07090000,235.6,236.6,236.1,231.07,0.0,0.0,0.0,71.0,0.2044,-0.2506,0.0002,22.5669,-0.7157,-18.2118,236.182,0.0,0.0,0.0,244.599998474121,up,2026-08-17T10:22:13,0.0,0.0
SPXW,2027-06-30,313,Call,7100.0,SPXW270630C07100000,1019.0,1029.8,1024.4,1073.81,0.0,0.0,0.0,2.0,0.2034,0.7504,0.0002,22.6599,-0.6606,40.1439,1023.8909,0.0,0.0,0.0,1008.94998168945,down,2026-08-19T09:33:16,0.0,0.0
SPXW,2027-06-30,313,Put,7100.0,SPXW270630P07100000,237.5,238.5,238.0,237.65,-8.85,-3.59026,80.0,136.0,0.2039,-0.2526,0.0002,22.6599,-0.7169,-18.3579,238.0842,237.65,237.65,237.65,246.5,up,2026-08-21T12:18:02,0.0,0.0
SPXW,2027-06-30,313,Call,7110.0,SPXW270630C07110000,1011.3,1022.1,1016.7,1054.88,0.0,0.0,0.0,1.0,0.2036,0.7484,0.0002,22.7528,-0.6625,40.0783,1016.1811,0.0,0.0,0.0,1001.29998779297,down,2026-08-19T14:16:18,0.0,0.0
SPXW,2027-06-30,313,Put,7110.0,SPXW270630P07110000,239.4,240.4,239.9,238.1,0.0,0.0,0.0,16.0,0.2034,-0.2546,0.0002,22.7528,-0.718,-18.5054,240.0024,0.0,0.0,0.0,248.550003051758,down,2026-08-12T11:33:24,0.0,0.0
SPXW,2027-06-30,313,Call,7120.0,SPXW270630C07120000,1003.5,1014.4,1008.95,0.0,0.0,0.0,0.0,0.0,0.2026,0.7464,0.0002,22.8456,-0.6643,40.0113,1008.4874,0.0,0.0,0.0,993.649993896484,no_change,,0.0,0.0
SPXW,2027-06-30,313,Put,7120.0,SPXW270630P07120000,241.4,242.3,241.85000000000002,305.68,0.0,0.0,0.0,4.0,0.2029,-0.2566,0.0002,22.8456,-0.7192,-18.6544,241.9368,0.0,0.0,0.0,250.5,up,2026-07-07T09:54:59,0.0,0.0
SPXW,2027-06-30,313,Call,7125.0,SPXW270630C07125000,999.7,1010.5,1005.1,1000.09,10.24,1.0345,2.0,29.0,0.2027,0.7454,0.0002,22.892,-0.6652,39.9772,1004.6467,999.41,1000.09,999.41,989.850006103516,up,2026-08-21T10:33:49,0.0,0.0
SPXW,2027-06-30,313,Put,7125.0,SPXW270630P07125000,242.4,243.3,242.85000000000002,241.33,-10.17,-4.04374,2.0,127.0,0.2027,-0.2577,0.0002,22.892,-0.7197,-18.7294,242.9101,241.32,241.33,241.32,251.5,up,2026-08-21T12:00:06,0.0,0.0
SPXW,2027-06-30,313,Call,7130.0,SPXW270630C07130000,995.8,1006.7,1001.25,1069.94,0.0,0.0,0.0,6.0,0.2015,0.7443,0.0002,22.9383,-0.6661,39.9428,1000.8101,0.0,0.0,0.0,986.050018310547,down,2026-08-12T11:19:13,0.0,0.0
SPXW,2027-06-30,313,Put,7130.0,SPXW270630P07130000,243.3,244.3,243.8,300.35,0.0,0.0,0.0,8.0,0.2024,-0.2587,0.0002,22.9383,-0.7203,-18.8048,243.8875,0.0,0.0,0.0,252.5,down,2026-07-10T10:50:39,0.0,0.0
SPXW,2027-06-30,313,Call,7140.0,SPXW270630C07140000,988.4,999.0,993.7,1042.68,0.0,0.0,0.0,5.0,0.2017,0.7423,0.0002,23.0307,-0.6679,39.8729,993.1494,0.0,0.0,0.0,978.399993896484,up,2026-08-06T14:01:55,0.0,0.0
SPXW,2027-06-30,313,Put,7140.0,SPXW270630P07140000,245.3,246.2,245.75,336.41,0.0,0.0,0.0,7.0,0.2019,-0.2607,0.0002,23.0307,-0.7214,-18.9566,245.8548,0.0,0.0,0.0,254.5,up,2026-07-27T10:43:19,0.0,0.0
SPXW,2027-06-30,313,Call,7150.0,SPXW270630C07150000,980.7,991.4,986.05,1025.28,0.0,0.0,0.0,1.0,0.2006,0.7402,0.0002,23.1229,-0.6696,39.8017,985.5054,0.0,0.0,0.0,970.849975585938,down,2026-08-19T13:36:43,0.0,0.0
SPXW,2027-06-30,313,Put,7150.0,SPXW270630P07150000,247.3,248.2,247.75,241.66,0.0,0.0,0.0,4.0,0.2014,-0.2628,0.0002,23.1229,-0.7225,-19.1098,247.8389,0.0,0.0,0.0,256.5,up,2026-08-17T12:19:13,0.0,0.0
SPXW,2027-06-30,313,Call,7160.0,SPXW270630C07160000,973.0,983.8,978.4,1014.96,0.0,0.0,0.0,1.0,0.2008,0.7381,0.0002,23.2148,-0.6714,39.7291,977.8783,0.0,0.0,0.0,963.25,up,2026-08-18T12:40:52,0.0,0.0
SPXW,2027-06-30,313,Put,7160.0,SPXW270630P07160000,249.3,250.2,249.75,311.4,0.0,0.0,0.0,1.0,0.2009,-0.2649,0.0002,23.2148,-0.7235,-19.2643,249.8399,0.0,0.0,0.0,258.600006103516,up,2026-07-15T12:57:40,0.0,0.0
SPXW,2027-06-30,313,Call,7170.0,SPXW270630C07170000,965.5,976.0,970.75,0.0,0.0,0.0,0.0,0.0,0.1998,0.736,0.0002,23.3062,-0.6731,39.6556,970.2683,0.0,0.0,0.0,955.75,no_change,,0.0,0.0
SPXW,2027-06-30,313,Put,7170.0,SPXW270630P07170000,251.3,252.3,251.8,252.5,0.0,0.0,0.0,9.0,0.2004,-0.267,0.0002,23.3062,-0.7245,-19.4198,251.8579,0.0,0.0,0.0,260.650009155273,down,2026-08-11T15:37:39,0.0,0.0
SPXW,2027-06-30,313,Call,7175.0,SPXW270630C07175000,961.7,972.2,966.95,1083.33,0.0,0.0,0.0,63.0,0.1998,0.735,0.0002,23.3518,-0.6739,39.6185,966.4698,0.0,0.0,0.0,951.950012207031,down,2026-08-13T15:57:26,0.0,0.0
SPXW,2027-06-30,313,Put,7175.0,SPXW270630P07175000,252.3,253.3,252.8,250.1,0.0,0.0,0.0,11.0,0.2002,-0.268,0.0002,23.3518,-0.725,-19.4978,252.8734,0.0,0.0,0.0,261.699996948242,down,2026-08-12T10:33:23,0.0,0.0
SPXW,2027-06-30,313,Call,7180.0,SPXW270630C07180000,958.0,968.4,963.2,962.05,0.0,0.0,0.0,3.0,0.2,0.7339,0.0002,23.3973,-0.6748,39.581,962.6755,0.0,0.0,0.0,948.150024414062,down,2026-08-20T13:35:50,0.0,0.0
SPXW,2027-06-30,313,Put,7180.0,SPXW270630P07180000,253.4,254.3,253.85000000000002,316.0,0.0,0.0,0.0,6.0,0.2,-0.2691,0.0002,23.3973,-0.7255,-19.5764,253.8932,0.0,0.0,0.0,262.699996948242,down,2026-07-15T12:57:53,0.0,0.0
SPXW,2027-06-30,313,Call,7190.0,SPXW270630C07190000,950.2,960.9,955.55,822.99,0.0,0.0,0.0,1.0,0.1988,0.7318,0.0002,23.4879,-0.6764,39.5052,955.1001,0.0,0.0,0.0,940.650024414062,up,2026-07-31T12:44:45,0.0,0.0
SPXW,2027-06-30,313,Put,7190.0,SPXW270630P07190000,255.4,256.4,255.89999999999998,0.0,0.0,0.0,0.0,0.0,0.1995,-0.2712,0.0002,23.4879,-0.7265,-19.7341,255.9458,0.0,0.0,0.0,264.800003051758,no_change,,0.0,0.0
SPXW,2027-06-30,313,Call,7200.0,SPXW270630C07200000,942.8,953.3,948.05,1036.79,0.0,0.0,0.0,81.0,0.199,0.7297,0.0002,23.5779,-0.6781,39.4285,947.5422,0.0,0.0,0.0,933.150024414062,down,2026-08-17T12:54:43,0.0,0.0
SPXW,2027-06-30,313,Put,7200.0,SPXW270630P07200000,257.5,258.4,257.95,255.0,-11.95,-4.47649,1.0,163.0,0.199,-0.2734,0.0002,23.5779,-0.7275,-19.8927,258.016,255.0,255.0,255.0,266.949996948242,down,2026-08-21T11:52:45,0.0,0.0
SPXW,2027-06-30,313,Call,7210.0,SPXW270630C07210000,935.3,945.7,940.5,943.02,0.0,0.0,0.0,3.0,0.1979,0.7275,0.0002,23.6674,-0.6797,39.351,940.002,0.0,0.0,0.0,925.700012207031,up,2026-08-20T13:21:42,0.0,0.0
SPXW,2027-06-30,313,Put,7210.0,SPXW270630P07210000,259.6,260.5,260.05,0.0,0.0,0.0,0.0,0.0,0.1985,-0.2755,0.0002,23.6674,-0.7284,-20.0522,260.1037,0.0,0.0,0.0,269.100006103516,no_change,,0.0,0.0
SPXW,2027-06-30,313,Call,7220.0,SPXW270630C07220000,927.8,938.2,933.0,931.89,0.0,0.0,0.0,2.0,0.198,0.7253,0.0002,23.7563,-0.6813,39.2727,932.4794,0.0,0.0,0.0,918.200012207031,down,2026-08-20T13:34:49,0.0,0.0
SPXW,2027-06-30,313,Put,7220.0,SPXW270630P07220000,261.7,262.6,262.15,261.86,-9.34,-3.44395,4.0,9.0,0.198,-0.2777,0.0002,23.7563,-0.7293,-20.2124,262.2092,260.29,262.04,260.29,271.199996948242,down,2026-08-21T12:10:22,0.0,0.0
SPXW,2027-06-30,313,Call,7225.0,SPXW270630C07225000,924.1,934.4,929.25,977.91,0.0,0.0,0.0,5.0,0.1968,0.7242,0.0002,23.8005,-0.6821,39.2333,928.7248,0.0,0.0,0.0,914.449981689453,up,2026-08-19T10:33:50,0.0,0.0
SPXW,2027-06-30,313,Put,7225.0,SPXW270630P07225000,262.7,263.7,263.2,257.26,0.0,0.0,0.0,3.0,0.1977,-0.2788,0.0002,23.8005,-0.7297,-20.2928,263.2687,0.0,0.0,0.0,272.300003051758,up,2026-08-17T10:38:35,0.0,0.0
SPXW,2027-06-30,313,Call,7230.0,SPXW270630C07230000,920.2,930.7,925.45,0.0,0.0,0.0,0.0,0.0,0.1969,0.7231,0.0002,23.8446,-0.6829,39.1936,924.9747,0.0,0.0,0.0,910.75,no_change,,0.0,0.0
SPXW,2027-06-30,313,Put,7230.0,SPXW270630P07230000,263.8,264.7,264.25,257.68,0.0,0.0,0.0,5.0,0.1975,-0.2799,0.0002,23.8446,-0.7302,-20.3734,264.3326,0.0,0.0,0.0,273.399993896484,down,2026-08-10T10:32:32,0.0,0.0
SPXW,2027-06-30,313,Call,7240.0,SPXW270630C07240000,912.7,923.2,917.95,995.02,0.0,0.0,0.0,1.0,0.197,0.7209,0.0002,23.9324,-0.6844,39.1139,917.488,0.0,0.0,0.0,903.299987792969,up,2026-08-05T13:11:57,0.0,0.0
SPXW,2027-06-30,313,Put,7240.0,SPXW270630P07240000,265.9,266.9,266.4,266.22,0.0,0.0,0.0,8.0,0.197,-0.2821,0.0002,23.9324,-0.731,-20.5351,266.4739,0.0,0.0,0.0,275.600006103516,up,2026-08-19T09:47:45,0.0,0.0
SPXW,2027-06-30,313,Call,7250.0,SPXW270630C07250000,905.4,915.7,910.55,949.71,0.0,0.0,0.0,7.0,0.1959,0.7187,0.0002,24.0196,-0.6859,39.0334,910.0193,0.0,0.0,0.0,895.850006103516,down,2026-08-19T13:38:53,0.0,0.0
SPXW,2027-06-30,313,Put,7250.0,SPXW270630P07250000,268.1,269.0,268.55,266.14,-11.66,-4.19727,2.0,85.0,0.1965,-0.2843,0.0002,24.0196,-0.7318,-20.6976,268.6333,266.27,266.27,266.14,277.800003051758,down,2026-08-21T11:46:19,0.0,0.0
SPXW,2027-06-30,313,Call,7255.0,SPXW270630C07255000,901.7,912.0,906.85,0.0,0.0,0.0,0.0,0.0,0.196,0.7176,0.0002,24.063,-0.6867,38.9928,906.2918,0.0,0.0,0.0,892.149993896484,no_change,,0.0,0.0
SPXW,2027-06-30,313,Put,7255.0,SPXW270630P07255000,269.2,270.1,269.65,266.8,-12.1,-4.33847,79.0,48.0,0.1962,-0.2854,0.0002,24.063,-0.7322,-20.7791,269.7198,269.3,269.3,266.8,278.899993896484,down,2026-08-21T15:48:50,0.0,0.0
SPXW,2027-06-30,313,Call,7260.0,SPXW270630C07260000,897.9,908.2,903.05,0.0,0.0,0.0,0.0,3.0,0.196,0.7165,0.0002,24.1063,-0.6874,38.9521,902.5688,0.0,0.0,0.0,888.449981689453,no_change,,0.0,0.0
SPXW,2027-06-30,313,Put,7260.0,SPXW270630P07260000,270.3,271.2,270.75,270.7,-9.3,-3.32143,26.0,2.0,0.196,-0.2866,0.0002,24.1063,-0.7326,-20.8608,270.8109,271.5,271.5,270.7,280.0,down,2026-08-21T11:29:36,0.0,0.0
SPXW,2027-06-30,313,Call,7265.0,SPXW270630C07265000,894.1,904.5,899.3,0.0,0.0,0.0,0.0,0.0,0.1961,0.7154,0.0002,24.1494,-0.6881,38.9112,898.8505,0.0,0.0,0.0,884.75,no_change,,0.0,0.0
SPXW,2027-06-30,313,Put,7265.0,SPXW270630P07265000,271.3,272.3,271.8,281.71,0.0,0.0,0.0,61.0,0.1957,-0.2877,0.0002,24.1494,-0.733,-20.9427,271.9065,0.0,0.0,0.0,281.100006103516,down,2026-08-04T11:24:17,0.0,0.0
SPXW,2027-06-30,313,Call,7270.0,SPXW270630C07270000,890.5,900.8,895.65,788.06,0.0,0.0,0.0,1.0,0.1949,0.7142,0.0002,24.1924,-0.6889,38.87,895.1367,0.0,0.0,0.0,881.100006103516,up,2026-07-02T13:44:02,0.0,0.0
SPXW,2027-06-30,313,Put,7270.0,SPXW270630P07270000,272.4,273.4,272.9,277.2,0.0,0.0,0.0,24.0,0.1955,-0.2888,0.0002,24.1924,-0.7334,-21.0248,273.0067,0.0,0.0,0.0,282.25,down,2026-08-20T13:13:25,0.0,0.0
SPXW,2027-06-30,313,Call,7275.0,SPXW270630C07275000,886.8,897.1,891.95,927.18,0.0,0.0,0.0,3.0,0.1949,0.7131,0.0002,24.2353,-0.6896,38.8287,891.4275,0.0,0.0,0.0,877.399993896484,up,2026-08-18T12:30:20,0.0,0.0
SPXW,2027-06-30,313,Put,7275.0,SPXW270630P07275000,273.5,274.5,274.0,279.79,0.0,0.0,0.0,7.0,0.1952,-0.2899,0.0002,24.2353,-0.7338,-21.1072,274.1116,0.0,0.0,0.0,283.349990844727,up,2026-08-20T13:49:05,0.0,0.0
SPXW,2027-06-30,313,Call,7280.0,SPXW270630C07280000,883.0,893.4,888.2,716.97,0.0,0.0,0.0,2.0,0.195,0.712,0.0002,24.2781,-0.6903,38.7871,887.7229,0.0,0.0,0.0,873.699981689453,down,2026-07-29T13:16:19,0.0,0.0
SPXW,2027-06-30,313,Put,7280.0,SPXW270630P07280000,274.6,275.6,275.1,273.43,0.0,0.0,0.0,2.0,0.195,-0.2911,0.0002,24.2781,-0.7342,-21.1897,275.221,0.0,0.0,0.0,284.5,down,2026-08-05T15:40:45,0.0,0.0
SPXW,2027-06-30,313,Call,7285.0,SPXW270630C07285000,879.4,889.7,884.55,926.74,0.0,0.0,0.0,1.0,0.195,0.7108,0.0002,24.3207,-0.691,38.7452,884.023,0.0,0.0,0.0,870.050018310547,up,2026-08-19T14:30:45,0.0,0.0
SPXW,2027-06-30,313,Put,7285.0,SPXW270630P07285000,275.8,276.7,276.25,275.55,0.0,0.0,0.0,7.0,0.1947,-0.2922,0.0002,24.3207,-0.7345,-21.2725,276.3351,0.0,0.0,0.0,285.600006103516,up,2026-08-19T09:44:37,0.0,0.0
SPXW,2027-06-30,313,Call,7290.0,SPXW270630C07290000,875.7,886.0,880.85,0.0,0.0,0.0,0.0,0.0,0.1938,0.7097,0.0002,24.3633,-0.6917,38.7032,880.3277,0.0,0.0,0.0,866.399993896484,no_change,,0.0,0.0
SPXW,2027-06-30,313,Put,7290.0,SPXW270630P07290000,276.9,277.8,277.35,274.35,0.0,0.0,0.0,16.0,0.1945,-0.2934,0.0002,24.3633,-0.7349,-21.3556,277.4539,0.0,0.0,0.0,286.75,up,2026-08-11T10:27:52,0.0,0.0
SPXW,2027-06-30,313,Call,7295.0,SPXW270630C07295000,872.1,882.3,877.2,0.0,0.0,0.0,0.0,0.0,0.1939,0.7085,0.0002,24.4057,-0.6924,38.6608,876.6371,0.0,0.0,0.0,862.699981689453,no_change,,0.0,0.0
SPXW,2027-06-30,313,Put,7295.0,SPXW270630P07295000,278.0,279.0,278.5,270.09,0.0,0.0,0.0,76.0,0.1943,-0.2945,0.0002,24.4057,-0.7352,-21.4389,278.5773,0.0,0.0,0.0,287.899993896484,down,2026-08-17T11:19:03,0.0,0.0
SPXW,2027-06-30,313,Call,7300.0,SPXW270630C07300000,868.3,878.6,873.45,876.85,17.8,2.07206,4.0,38.0,0.1939,0.7074,0.0002,24.4481,-0.6931,38.6182,872.9513,876.17,876.85,876.13,859.049987792969,up,2026-08-21T15:42:13,0.0,0.0
SPXW,2027-06-30,313,Put,7300.0,SPXW270630P07300000,279.1,280.1,279.6,278.9,-10.15,-3.5115,22.0,124.0,0.194,-0.2957,0.0002,24.4481,-0.7356,-21.5224,279.7055,278.86,278.9,278.73,289.050003051758,up,2026-08-21T12:30:21,0.0,0.0
SPXW,2027-06-30,313,Call,7305.0,SPXW270630C07305000,864.7,874.9,869.8,0.0,0.0,0.0,0.0,0.0,0.1939,0.7062,0.0002,24.4903,-0.6938,38.5753,869.2701,0.0,0.0,0.0,855.399993896484,no_change,,0.0,0.0
SPXW,2027-06-30,313,Put,7305.0,SPXW270630P07305000,280.2,281.2,280.7,280.93,0.0,0.0,0.0,9.0,0.1938,-0.2968,0.0002,24.4903,-0.7359,-21.6063,280.8383,0.0,0.0,0.0,290.199996948242,up,2026-08-06T10:52:13,0.0,0.0
SPXW,2027-06-30,313,Call,7310.0,SPXW270630C07310000,860.9,871.2,866.05,0.0,0.0,0.0,0.0,0.0,0.1927,0.705,0.0002,24.5325,-0.6944,38.5321,865.5937,0.0,0.0,0.0,851.75,no_change,,0.0,0.0
SPXW,2027-06-30,313,Put,7310.0,SPXW270630P07310000,281.4,282.3,281.85,282.35,0.0,0.0,0.0,28.0,0.1935,-0.298,0.0002,24.5325,-0.7362,-21.6905,281.976,0.0,0.0,0.0,291.349990844727,up,2026-08-19T10:26:02,0.0,0.0
SPXW,2027-06-30,313,Call,7315.0,SPXW270630C07315000,857.2,867.5,862.35,969.23,0.0,0.0,0.0,1.0,0.1928,0.7039,0.0002,24.5745,-0.6951,38.4886,861.9221,0.0,0.0,0.0,848.100006103516,no_change,2026-08-13T14:03:57,0.0,0.0
SPXW,2027-06-30,313,Put,7315.0,SPXW270630P07315000,282.5,283.5,283.0,280.27,-12.23,-4.1812,4.0,14.0,0.1933,-0.2991,0.0002,24.5745,-0.7365,-21.775,283.1184,279.75,280.3,279.75,292.5,down,2026-08-21T11:55:39,0.0,0.0
SPXW,2027-06-30,313,Call,7320.0,SPXW270630C07320000,853.6,863.9,858.75,898.67,0.0,0.0,0.0,3.0,0.1928,0.7027,0.0003,24.6165,-0.6958,38.4448,858.2552,0.0,0.0,0.0,844.450012207031,down,2026-08-18T10:24:57,0.0,0.0
SPXW,2027-06-30,313,Put,7320.0,SPXW270630P07320000,283.7,284.6,284.15,367.8,0.0,0.0,0.0,1.0,0.193,-0.3003,0.0003,24.6165,-0.7369,-21.8598,284.2655,0.0,0.0,0.0,293.699996948242,down,2026-07-24T13:33:34,0.0,0.0
SPXW,2027-06-30,313,Call,7325.0,SPXW270630C07325000,850.0,860.2,855.1,863.79,22.94,2.72819,2.0,3.0,0.1928,0.7015,0.0003,24.6584,-0.6964,38.4006,854.5932,864.88,864.88,863.79,840.850006103516,down,2026-08-21T12:06:30,0.0,0.0
SPXW,2027-06-30,313,Put,7325.0,SPXW270630P07325000,284.8,285.8,285.3,284.98,-9.87,-3.34746,2.0,2.0,0.1928,-0.3015,0.0003,24.6584,-0.7372,-21.945,285.4176,284.98,284.98,284.98,294.849990844727,no_change,2026-08-21T14:14:26,0.0,0.0
SPXW,2027-06-30,313,Call,7330.0,SPXW270630C07330000,846.4,856.5,851.45,0.0,0.0,0.0,0.0,0.0,0.1928,0.7004,0.0003,24.7002,-0.6971,38.356,850.9361,0.0,0.0,0.0,837.199981689453,no_change,,0.0,0.0
SPXW,2027-06-30,313,Put,7330.0,SPXW270630P07330000,286.0,286.9,286.45,365.26,0.0,0.0,0.0,18.0,0.1925,-0.3027,0.0003,24.7002,-0.7375,-22.0305,286.5744,0.0,0.0,0.0,296.050003051758,down,2026-07-28T12:33:00,0.0,0.0
SPXW,2027-06-30,313,Call,7335.0,SPXW270630C07335000,842.7,852.9,847.8,950.96,0.0,0.0,0.0,14.0,0.1916,0.6992,0.0003,24.7419,-0.6977,38.311,847.2838,0.0,0.0,0.0,833.600006103516,up,2026-08-14T11:20:32,0.0,0.0
SPXW,2027-06-30,313,Put,7335.0,SPXW270630P07335000,287.1,288.1,287.6,0.0,0.0,0.0,0.0,0.0,0.1923,-0.3038,0.0003,24.7419,-0.7378,-22.1164,287.7362,0.0,0.0,0.0,297.199996948242,no_change,,0.0,0.0
SPXW,2027-06-30,313,Call,7340.0,SPXW270630C07340000,839.1,849.2,844.1500000000001,0.0,0.0,0.0,0.0,0.0,0.1916,0.698,0.0003,24.7835,-0.6983,38.2657,843.6364,0.0,0.0,0.0,830.0,no_change,,0.0,0.0
SPXW,2027-06-30,313,Put,7340.0,SPXW270630P07340000,288.3,289.2,288.75,292.13,0.0,0.0,0.0,1.0,0.192,-0.305,0.0003,24.7835,-0.738,-22.2027,288.9028,0.0,0.0,0.0,298.399993896484,down,2026-08-04T12:48:38,0.0,0.0
SPXW,2027-06-30,313,Call,7345.0,SPXW270630C07345000,835.3,845.6,840.45,735.8,0.0,0.0,0.0,11.0,0.1917,0.6968,0.0003,24.8251,-0.6989,38.22,839.994,0.0,0.0,0.0,826.5,no_change,2026-07-31T15:27:05,0.0,0.0
SPXW,2027-06-30,313,Put,7345.0,SPXW270630P07345000,289.4,290.4,289.9,351.14,0.0,0.0,0.0,7.0,0.1918,-0.3062,0.0003,24.8251,-0.7383,-22.2894,290.0744,0.0,0.0,0.0,299.600006103516,down,2026-07-31T09:32:31,0.0,0.0
SPXW,2027-06-30,313,Call,7350.0,SPXW270630C07350000,836.1,837.3,836.7,917.73,0.0,0.0,0.0,491.0,0.1914,0.6956,0.0003,24.8666,-0.6996,38.1738,836.3565,0.0,0.0,0.0,822.900024414062,down,2026-08-07T12:22:22,0.0,0.0
SPXW,2027-06-30,313,Put,7350.0,SPXW270630P07350000,290.6,291.6,291.1,281.5,0.0,0.0,0.0,43.0,0.1915,-0.3074,0.0003,24.8666,-0.7386,-22.3766,291.251,0.0,0.0,0.0,300.800003051758,down,2026-08-14T13:22:28,0.0,0.0
SPXW,2027-06-30,313,Call,7355.0,SPXW270630C07355000,832.6,833.7,833.1500000000001,889.87,0.0,0.0,0.0,53.0,0.1911,0.6944,0.0003,24.908,-0.7002,38.1273,832.7241,0.0,0.0,0.0,819.149993896484,down,2026-08-11T15:01:46,0.0,0.0
SPXW,2027-06-30,313,Put,7355.0,SPXW270630P07355000,291.8,292.7,292.25,365.4,0.0,0.0,0.0,1.0,0.1913,-0.3086,0.0003,24.908,-0.7388,-22.4641,292.4325,0.0,0.0,0.0,302.0,down,2026-07-31T09:45:45,0.0,0.0
SPXW,2027-06-30,313,Call,7360.0,SPXW270630C07360000,829.0,830.0,829.5,674.84,0.0,0.0,0.0,4.0,0.1909,0.6932,0.0003,24.9492,-0.7008,38.0803,829.0966,0.0,0.0,0.0,815.600006103516,up,2026-07-27T12:58:14,0.0,0.0
SPXW,2027-06-30,313,Put,7360.0,SPXW270630P07360000,293.0,293.9,293.45,362.6,0.0,0.0,0.0,3.0,0.191,-0.3098,0.0003,24.9492,-0.7391,-22.5521,293.6191,0.0,0.0,0.0,303.199996948242,down,2026-07-31T09:40:19,0.0,0.0
SPXW,2027-06-30,313,Call,7365.0,SPXW270630C07365000,825.2,826.5,825.85,940.5,0.0,0.0,0.0,1.0,0.1907,0.692,0.0003,24.9905,-0.7014,38.0328,825.4743,0.0,0.0,0.0,812.0,no_change,2026-08-13T15:00:36,0.0,0.0
SPXW,2027-06-30,313,Put,7365.0,SPXW270630P07365000,294.1,295.1,294.6,290.65,0.0,0.0,0.0,5.0,0.1908,-0.311,0.0003,24.9905,-0.7393,-22.6405,294.8108,0.0,0.0,0.0,304.399993896484,up,2026-08-19T11:21:16,0.0,0.0
SPXW,2027-06-30,313,Call,7370.0,SPXW270630C07370000,821.7,822.8,822.25,841.2,0.0,0.0,0.0,3.0,0.1904,0.6908,0.0003,25.0316,-0.7019,37.985,821.857,0.0,0.0,0.0,808.350006103516,down,2026-08-20T09:40:05,0.0,0.0
SPXW,2027-06-30,313,Put,7370.0,SPXW270630P07370000,295.3,296.3,295.8,291.56,0.0,0.0,0.0,7.0,0.1906,-0.3122,0.0003,25.0316,-0.7396,-22.7293,296.0076,0.0,0.0,0.0,305.600006103516,down,2026-08-19T14:02:19,0.0,0.0
SPXW,2027-06-30,313,Call,7375.0,SPXW270630C07375000,818.1,819.2,818.6500000000001,897.09,0.0,0.0,0.0,21.0,0.1902,0.6896,0.0003,25.0726,-0.7025,37.9366,818.2449,0.0,0.0,0.0,804.800018310547,up,2026-08-07T10:47:18,0.0,0.0
SPXW,2027-06-30,313,Put,7375.0,SPXW270630P07375000,296.5,297.5,297.0,288.64,0.0,0.0,0.0,9.0,0.1903,-0.3134,0.0003,25.0726,-0.7398,-22.8186,297.2095,0.0,0.0,0.0,306.849990844727,down,2026-08-10T10:22:03,0.0,0.0
SPXW,2027-06-30,313,Call,7380.0,SPXW270630C07380000,814.5,815.5,815.0,741.16,0.0,0.0,0.0,3.0,0.1899,0.6884,0.0003,25.1135,-0.7031,37.8878,814.638,0.0,0.0,0.0,801.299987792969,up,2026-06-30T10:27:01,0.0,0.0
SPXW,2027-06-30,313,Put,7380.0,SPXW270630P07380000,297.7,298.7,298.2,283.0,0.0,0.0,0.0,14.0,0.1901,-0.3147,0.0003,25.1135,-0.74,-22.9084,298.4166,0.0,0.0,0.0,308.050003051758,down,2026-08-13T10:25:23,0.0,0.0
SPXW,2027-06-30,313,Call,7385.0,SPXW270630C07385000,810.9,812.0,811.45,926.5,0.0,0.0,0.0,2.0,0.1897,0.6871,0.0003,25.1543,-0.7036,37.8386,811.0362,0.0,0.0,0.0,797.700012207031,up,2026-08-13T15:38:04,0.0,0.0
SPXW,2027-06-30,313,Put,7385.0,SPXW270630P07385000,298.9,299.9,299.4,291.66,0.0,0.0,0.0,322.0,0.1898,-0.3159,0.0003,25.1543,-0.7403,-22.9986,299.6288,0.0,0.0,0.0,309.25,no_change,2026-08-10T12:27:58,0.0,0.0
SPXW,2027-06-30,313,Call,7390.0,SPXW270630C07390000,807.3,808.3,807.8,0.0,0.0,0.0,0.0,0.0,0.1894,0.6859,0.0003,25.195,-0.7042,37.7889,807.4397,0.0,0.0,0.0,794.0,no_change,,0.0,0.0
SPXW,2027-06-30,313,Put,7390.0,SPXW270630P07390000,300.1,301.1,300.6,299.27,0.0,0.0,0.0,55.0,0.1896,-0.3171,0.0003,25.195,-0.7405,-23.0893,300.8464,0.0,0.0,0.0,310.5,down,2026-08-19T13:41:49,0.0,0.0
SPXW,2027-06-30,313,Call,7395.0,SPXW270630C07395000,803.7,804.8,804.25,0.0,0.0,0.0,0.0,0.0,0.1892,0.6847,0.0003,25.2356,-0.7047,37.7388,803.8485,0.0,0.0,0.0,790.399993896484,no_change,,0.0,0.0
SPXW,2027-06-30,313,Put,7395.0,SPXW270630P07395000,301.4,302.3,301.85,300.94,0.0,0.0,0.0,14.0,0.1893,-0.3183,0.0003,25.2356,-0.7407,-23.1804,302.0691,0.0,0.0,0.0,311.75,up,2026-08-19T13:40:01,0.0,0.0
SPXW,2027-06-30,313,Call,7400.0,SPXW270630C07400000,800.1,801.2,800.6500000000001,862.9,0.0,0.0,0.0,363.0,0.189,0.6834,0.0003,25.276,-0.7053,37.6882,800.2626,0.0,0.0,0.0,787.0,down,2026-08-19T11:00:01,0.0,0.0
SPXW,2027-06-30,313,Put,7400.0,SPXW270630P07400000,302.6,303.6,303.1,289.1,0.0,0.0,0.0,91.0,0.1891,-0.3196,0.0003,25.276,-0.7409,-23.2719,303.2972,0.0,0.0,0.0,312.949996948242,no_change,2026-08-14T10:05:20,0.0,0.0
SPXW,2027-06-30,313,Call,7405.0,SPXW270630C07405000,796.5,797.5,797.0,859.2,0.0,0.0,0.0,5.0,0.1887,0.6822,0.0003,25.3164,-0.7058,37.6372,796.682,0.0,0.0,0.0,783.549987792969,down,2026-08-19T11:00:02,0.0,0.0
SPXW,2027-06-30,313,Put,7405.0,SPXW270630P07405000,303.8,304.8,304.3,0.0,0.0,0.0,0.0,0.0,0.1888,-0.3208,0.0003,25.3164,-0.741,-23.3639,304.5307,0.0,0.0,0.0,314.25,no_change,,0.0,0.0
SPXW,2027-06-30,313,Call,7410.0,SPXW270630C07410000,792.9,794.1,793.5,0.0,0.0,0.0,0.0,0.0,0.1884,0.681,0.0003,25.3565,-0.7063,37.5858,793.1068,0.0,0.0,0.0,780.0,no_change,,0.0,0.0
SPXW,2027-06-30,313,Put,7410.0,SPXW270630P07410000,305.0,306.0,305.5,404.8,0.0,0.0,0.0,9.0,0.1886,-0.3221,0.0003,25.3565,-0.7412,-23.4563,305.7695,0.0,0.0,0.0,315.5,down,2026-07-24T10:10:09,0.0,0.0
SPXW,2027-06-30,313,Call,7415.0,SPXW270630C07415000,789.3,790.4,789.8499999999999,0.0,0.0,0.0,0.0,0.0,0.1882,0.6797,0.0003,25.3966,-0.7068,37.5339,789.537,0.0,0.0,0.0,776.450012207031,no_change,,0.0,0.0
SPXW,2027-06-30,313,Put,7415.0,SPXW270630P07415000,306.3,307.2,306.75,0.0,0.0,0.0,0.0,0.0,0.1883,-0.3233,0.0003,25.3966,-0.7414,-23.5492,307.0137,0.0,0.0,0.0,316.75,no_change,,0.0,0.0
SPXW,2027-06-30,313,Call,7420.0,SPXW270630C07420000,785.8,786.9,786.3499999999999,649.78,0.0,0.0,0.0,32.0,0.188,0.6785,0.0003,25.4364,-0.7073,37.4816,785.9726,0.0,0.0,0.0,772.800018310547,down,2026-07-31T11:17:17,0.0,0.0
SPXW,2027-06-30,313,Put,7420.0,SPXW270630P07420000,307.5,308.5,308.0,401.99,0.0,0.0,0.0,1.0,0.1881,-0.3246,0.0003,25.4364,-0.7415,-23.6424,308.2634,0.0,0.0,0.0,318.050003051758,down,2026-07-27T10:23:53,0.0,0.0
SPXW,2027-06-30,313,Call,7425.0,SPXW270630C07425000,782.2,783.3,782.75,622.6,0.0,0.0,0.0,5.0,0.1877,0.6772,0.0003,25.4761,-0.7078,37.4289,782.4137,0.0,0.0,0.0,769.199981689453,down,2026-07-30T12:43:10,0.0,0.0
SPXW,2027-06-30,313,Put,7425.0,SPXW270630P07425000,308.8,309.7,309.25,306.05,0.0,0.0,0.0,45.0,0.1878,-0.3258,0.0003,25.4761,-0.7417,-23.7361,309.5185,0.0,0.0,0.0,319.300003051758,down,2026-08-05T14:36:10,0.0,0.0
SPXW,2027-06-30,313,Call,7430.0,SPXW270630C07430000,778.6,779.7,779.1500000000001,870.55,0.0,0.0,0.0,2.0,0.1875,0.676,0.0003,25.5156,-0.7083,37.3758,778.8603,0.0,0.0,0.0,765.700012207031,up,2026-08-17T10:31:57,0.0,0.0
SPXW,2027-06-30,313,Put,7430.0,SPXW270630P07430000,310.0,311.0,310.5,380.0,0.0,0.0,0.0,24.0,0.1876,-0.3271,0.0003,25.5156,-0.7418,-23.8301,310.7792,0.0,0.0,0.0,320.550003051758,down,2026-07-21T12:59:20,0.0,0.0
SPXW,2027-06-30,313,Call,7435.0,SPXW270630C07435000,775.1,776.1,775.6,0.0,0.0,0.0,0.0,0.0,0.1872,0.6747,0.0003,25.5549,-0.7088,37.3224,775.3125,0.0,0.0,0.0,762.050018310547,no_change,,0.0,0.0
SPXW,2027-06-30,313,Put,7435.0,SPXW270630P07435000,311.3,312.2,311.75,417.2,0.0,0.0,0.0,16.0,0.1873,-0.3283,0.0003,25.5549,-0.742,-23.9246,312.0453,0.0,0.0,0.0,321.849990844727,up,2026-07-29T11:08:09,0.0,0.0
SPXW,2027-06-30,313,Call,7440.0,SPXW270630C07440000,771.5,772.6,772.05,592.97,0.0,0.0,0.0,3.0,0.187,0.6734,0.0003,25.594,-0.7093,37.2685,771.7702,0.0,0.0,0.0,758.649993896484,down,2026-07-30T09:41:05,0.0,0.0
SPXW,2027-06-30,313,Put,7440.0,SPXW270630P07440000,312.5,313.5,313.0,346.43,0.0,0.0,0.0,5.0,0.1871,-0.3296,0.0003,25.594,-0.7421,-24.0194,313.3171,0.0,0.0,0.0,323.150009155273,down,2026-08-03T11:39:32,0.0,0.0
SPXW,2027-06-30,313,Call,7445.0,SPXW270630C07445000,768.0,769.1,768.55,659.13,0.0,0.0,0.0,1.0,0.1868,0.6721,0.0003,25.633,-0.7097,37.2146,768.2335,0.0,0.0,0.0,755.149993896484,up,2026-07-31T09:33:16,0.0,0.0
SPXW,2027-06-30,313,Put,7445.0,SPXW270630P07445000,313.8,314.8,314.3,310.01,0.0,0.0,0.0,3.0,0.1869,-0.3309,0.0003,25.633,-0.7422,-24.1142,314.5944,0.0,0.0,0.0,324.449996948242,down,2026-08-05T10:57:29,0.0,0.0
SPXW,2027-06-30,313,Call,7450.0,SPXW270630C07450000,764.5,765.5,765.0,828.58,0.0,0.0,0.0,1015.0,0.1865,0.6709,0.0003,25.6717,-0.7102,37.1603,764.7023,0.0,0.0,0.0,751.649993896484,down,2026-08-06T11:03:01,0.0,0.0
SPXW,2027-06-30,313,Put,7450.0,SPXW270630P07450000,315.1,316.0,315.55,318.5,-7.25,-2.22563,14.0,491.0,0.1866,-0.3322,0.0003,25.6717,-0.7423,-24.2095,315.8773,319.3,319.3,318.5,325.75,down,2026-08-21T09:46:34,0.0,0.0
SPXW,2027-06-30,313,Call,7455.0,SPXW270630C07455000,760.8,762.0,761.4,583.13,0.0,0.0,0.0,2.0,0.1863,0.6696,0.0003,25.7102,-0.7106,37.1056,761.1769,0.0,0.0,0.0,748.0,down,2026-07-30T09:41:05,0.0,0.0
SPXW,2027-06-30,313,Put,7455.0,SPXW270630P07455000,316.3,317.3,316.8,425.5,0.0,0.0,0.0,2.0,0.1864,-0.3334,0.0003,25.7102,-0.7424,-24.3053,317.1658,0.0,0.0,0.0,327.050003051758,up,2026-07-30T09:41:05,0.0,0.0
SPXW,2027-06-30,313,Call,7460.0,SPXW270630C07460000,757.4,758.5,757.95,644.98,0.0,0.0,0.0,1.0,0.186,0.6683,0.0003,25.7485,-0.7111,37.0505,757.6571,0.0,0.0,0.0,744.75,up,2026-06-29T09:58:36,0.0,0.0
SPXW,2027-06-30,313,Put,7460.0,SPXW270630P07460000,317.6,318.6,318.1,302.15,0.0,0.0,0.0,4.0,0.1861,-0.3347,0.0003,25.7485,-0.7425,-24.4013,318.46,0.0,0.0,0.0,328.349990844727,down,2026-08-13T10:50:04,0.0,0.0
SPXW,2027-06-30,313,Call,7465.0,SPXW270630C07465000,753.9,754.9,754.4,0.0,0.0,0.0,0.0,0.0,0.1858,0.667,0.0003,25.7866,-0.7115,36.9952,754.1429,0.0,0.0,0.0,741.199981689453,no_change,,0.0,0.0
SPXW,2027-06-30,313,Put,7465.0,SPXW270630P07465000,318.9,319.9,319.4,407.29,0.0,0.0,0.0,16.0,0.1859,-0.336,0.0003,25.7866,-0.7426,-24.4976,319.7599,0.0,0.0,0.0,329.650009155273,up,2026-07-01T15:57:41,0.0,0.0
SPXW,2027-06-30,313,Call,7470.0,SPXW270630C07470000,750.4,751.5,750.95,0.0,0.0,0.0,0.0,0.0,0.1855,0.6657,0.0003,25.8244,-0.7119,36.9397,750.6345,0.0,0.0,0.0,737.549987792969,no_change,,0.0,0.0
SPXW,2027-06-30,313,Put,7470.0,SPXW270630P07470000,320.2,321.2,320.7,319.1,-11.85,-3.5806,1.0,8.0,0.1856,-0.3373,0.0003,25.8244,-0.7427,-24.5941,321.0656,319.1,319.1,319.1,330.949996948242,down,2026-08-21T11:34:47,0.0,0.0
SPXW,2027-06-30,313,Call,7475.0,SPXW270630C07475000,746.9,747.9,747.4,637.54,0.0,0.0,0.0,129.0,0.1853,0.6644,0.0003,25.862,-0.7123,36.8839,747.1319,0.0,0.0,0.0,734.0,up,2026-07-31T09:32:31,0.0,0.0
SPXW,2027-06-30,313,Put,7475.0,SPXW270630P07475000,321.5,322.5,322.0,320.46,0.0,0.0,0.0,42.0,0.1854,-0.3386,0.0003,25.862,-0.7427,-24.6908,322.3769,0.0,0.0,0.0,332.349990844727,down,2026-08-19T13:39:39,0.0,0.0
SPXW,2027-06-30,313,Call,7480.0,SPXW270630C07480000,743.3,744.4,743.8499999999999,628.34,0.0,0.0,0.0,123.0,0.185,0.6631,0.0003,25.8994,-0.7127,36.8279,743.6349,0.0,0.0,0.0,730.800018310547,up,2026-07-31T12:36:07,0.0,0.0
SPXW,2027-06-30,313,Put,7480.0,SPXW270630P07480000,322.8,323.8,323.3,311.21,0.0,0.0,0.0,14.0,0.1852,-0.3399,0.0003,25.8994,-0.7428,-24.7878,323.694,0.0,0.0,0.0,333.650009155273,down,2026-08-14T15:21:30,0.0,0.0
SPXW,2027-06-30,313,Call,7485.0,SPXW270630C07485000,739.8,740.9,740.3499999999999,621.03,0.0,0.0,0.0,12.0,0.1848,0.6618,0.0003,25.9365,-0.7131,36.7717,740.1438,0.0,0.0,0.0,727.25,down,2026-07-31T12:44:09,0.0,0.0
SPXW,2027-06-30,313,Put,7485.0,SPXW270630P07485000,324.1,325.1,324.6,319.94,0.0,0.0,0.0,12.0,0.1849,-0.3412,0.0003,25.9365,-0.7428,-24.8849,325.0168,0.0,0.0,0.0,334.949996948242,down,2026-08-19T10:53:42,0.0,0.0
SPXW,2027-06-30,313,Call,7490.0,SPXW270630C07490000,736.4,737.5,736.95,617.87,0.0,0.0,0.0,8.0,0.1846,0.6605,0.0003,25.9733,-0.7135,36.7153,736.6584,0.0,0.0,0.0,723.600006103516,up,2026-07-31T12:44:45,0.0,0.0
SPXW,2027-06-30,313,Put,7490.0,SPXW270630P07490000,325.4,326.4,325.9,331.0,-5.35,-1.5906,26.0,13.0,0.1846,-0.3425,0.0003,25.9733,-0.7429,-24.9823,326.3455,331.9,331.9,331.0,336.349990844727,down,2026-08-21T09:59:23,0.0,0.0
SPXW,2027-06-30,313,Call,7495.0,SPXW270630C07495000,732.9,733.9,733.4,615.41,0.0,0.0,0.0,3.0,0.1843,0.6592,0.0003,26.0099,-0.7139,36.6587,733.1788,0.0,0.0,0.0,720.299987792969,down,2026-07-31T12:49:31,0.0,0.0
SPXW,2027-06-30,313,Put,7495.0,SPXW270630P07495000,326.8,327.8,327.3,330.2,-7.45,-2.20643,96.0,8.0,0.1844,-0.3439,0.0003,26.0099,-0.7429,-25.0799,327.68,331.9,331.9,330.2,337.650009155273,no_change,2026-08-21T10:47:00,0.0,0.0
SPXW,2027-06-30,313,Call,7500.0,SPXW270630C07500000,729.4,730.5,729.95,727.66,0.0,0.0,0.0,1075.0,0.1841,0.6578,0.0003,26.0463,-0.7142,36.6019,729.7051,0.0,0.0,0.0,716.850006103516,up,2026-08-20T13:45:50,0.0,0.0
SPXW,2027-06-30,313,Put,7500.0,SPXW270630P07500000,328.1,329.1,328.6,340.92,0.0,0.0,0.0,300.0,0.1842,-0.3452,0.0003,26.0463,-0.7429,-25.1776,329.0202,0.0,0.0,0.0,339.050003051758,up,2026-08-20T16:00:23,0.0,0.0
SPXW,2027-06-30,313,Call,7505.0,SPXW270630C07505000,725.9,727.0,726.45,677.93,0.0,0.0,0.0,1.0,0.1839,0.6565,0.0003,26.0824,-0.7146,36.545,726.2372,0.0,0.0,0.0,713.199981689453,down,2026-07-01T15:12:54,0.0,0.0
SPXW,2027-06-30,313,Put,7505.0,SPXW270630P07505000,329.4,330.4,329.9,325.26,0.0,0.0,0.0,205.0,0.1839,-0.3465,0.0003,26.0824,-0.7429,-25.2756,330.3664,0.0,0.0,0.0,340.349990844727,up,2026-08-19T14:04:54,0.0,0.0
SPXW,2027-06-30,313,Call,7510.0,SPXW270630C07510000,722.4,723.5,722.95,0.0,0.0,0.0,0.0,0.0,0.1836,0.6552,0.0003,26.1182,-0.7149,36.4878,722.7752,0.0,0.0,0.0,709.950012207031,no_change,,0.0,0.0
SPXW,2027-06-30,313,Put,7510.0,SPXW270630P07510000,330.8,331.8,331.3,337.6,0.0,0.0,0.0,51.0,0.1836,-0.3478,0.0003,26.1182,-0.7429,-25.3737,331.7184,0.0,0.0,0.0,341.75,up,2026-08-20T13:21:32,0.0,0.0
SPXW,2027-06-30,313,Call,7515.0,SPXW270630C07515000,719.0,720.0,719.5,0.0,0.0,0.0,0.0,0.0,0.1833,0.6538,0.0003,26.1538,-0.7153,36.4304,719.319,0.0,0.0,0.0,706.399993896484,no_change,,0.0,0.0
SPXW,2027-06-30,313,Put,7515.0,SPXW270630P07515000,332.1,333.1,332.6,329.89,0.0,0.0,0.0,100.0,0.1834,-0.3492,0.0003,26.1538,-0.7429,-25.472,333.0763,0.0,0.0,0.0,343.150009155273,down,2026-08-19T13:30:57,0.0,0.0
SPXW,2027-06-30,313,Call,7520.0,SPXW270630C07520000,715.5,716.6,716.05,705.22,0.0,0.0,0.0,3.0,0.1831,0.6525,0.0003,26.1892,-0.7156,36.3729,715.8688,0.0,0.0,0.0,703.049987792969,up,2026-07-10T13:36:35,0.0,0.0
SPXW,2027-06-30,313,Put,7520.0,SPXW270630P07520000,333.5,334.5,334.0,327.06,0.0,0.0,0.0,16.0,0.1832,-0.3505,0.0003,26.1892,-0.7429,-25.5706,334.4401,0.0,0.0,0.0,344.550003051758,up,2026-08-12T12:19:36,0.0,0.0
SPXW,2027-06-30,313,Call,7525.0,SPXW270630C07525000,712.1,713.1,712.6,768.18,0.0,0.0,0.0,1435.0,0.1829,0.6512,0.0003,26.2243,-0.7159,36.3152,712.4245,0.0,0.0,0.0,699.649993896484,down,2026-08-11T15:06:49,0.0,0.0
SPXW,2027-06-30,313,Put,7525.0,SPXW270630P07525000,334.8,335.8,335.3,330.97,0.0,0.0,0.0,307.0,0.1829,-0.3519,0.0003,26.2243,-0.7429,-25.6692,335.8098,0.0,0.0,0.0,345.849990844727,up,2026-08-19T12:35:24,0.0,0.0
SPXW,2027-06-30,313,Call,7530.0,SPXW270630C07530000,708.6,709.7,709.1500000000001,760.4,0.0,0.0,0.0,10.0,0.1826,0.6498,0.0003,26.2591,-0.7162,36.2573,708.9861,0.0,0.0,0.0,696.150024414062,up,2026-08-06T14:37:36,0.0,0.0
SPXW,2027-06-30,313,Put,7530.0,SPXW270630P07530000,336.2,337.2,336.7,330.21,0.0,0.0,0.0,26.0,0.1827,-0.3532,0.0003,26.2591,-0.7428,-25.7681,337.1854,0.0,0.0,0.0,347.25,down,2026-08-19T10:57:25,0.0,0.0
SPXW,2027-06-30,313,Call,7535.0,SPXW270630C07535000,705.2,706.2,705.7,741.58,0.0,0.0,0.0,8.0,0.1824,0.6485,0.0003,26.2937,-0.7165,36.1991,705.5537,0.0,0.0,0.0,692.850006103516,down,2026-08-19T14:16:18,0.0,0.0
SPXW,2027-06-30,313,Put,7535.0,SPXW270630P07535000,337.6,338.5,338.05,334.01,0.0,0.0,0.0,30.0,0.1824,-0.3546,0.0003,26.2937,-0.7428,-25.8672,338.5671,0.0,0.0,0.0,348.650009155273,down,2026-08-19T10:37:38,0.0,0.0
SPXW,2027-06-30,313,Call,7540.0,SPXW270630C07540000,701.7,702.8,702.25,642.8,0.0,0.0,0.0,10.0,0.1821,0.6471,0.0003,26.328,-0.7168,36.1408,702.1273,0.0,0.0,0.0,689.399993896484,up,2026-07-22T13:55:23,0.0,0.0
SPXW,2027-06-30,313,Put,7540.0,SPXW270630P07540000,338.9,339.9,339.4,337.24,0.0,0.0,0.0,9.0,0.1822,-0.3559,0.0003,26.328,-0.7428,-25.9666,339.9547,0.0,0.0,0.0,350.050003051758,down,2026-08-19T15:56:02,0.0,0.0
SPXW,2027-06-30,313,Call,7545.0,SPXW270630C07545000,698.3,699.4,698.8499999999999,677.4,0.0,0.0,0.0,4.0,0.1819,0.6458,0.0003,26.3622,-0.7171,36.0822,698.7069,0.0,0.0,0.0,686.0,down,2026-07-10T11:18:13,0.0,0.0
SPXW,2027-06-30,313,Put,7545.0,SPXW270630P07545000,340.3,341.3,340.8,321.91,0.0,0.0,0.0,13.0,0.182,-0.3573,0.0003,26.3622,-0.7427,-26.0661,341.3483,0.0,0.0,0.0,351.5,down,2026-08-13T10:30:32,0.0,0.0
SPXW,2027-06-30,313,Call,7550.0,SPXW270630C07550000,694.9,696.0,695.45,776.51,0.0,0.0,0.0,22.0,0.1817,0.6444,0.0003,26.396,-0.7174,36.0234,695.2926,0.0,0.0,0.0,682.600006103516,down,2026-08-10T15:46:57,0.0,0.0
SPXW,2027-06-30,313,Put,7550.0,SPXW270630P07550000,341.7,342.7,342.2,337.57,0.0,0.0,0.0,532.0,0.1817,-0.3586,0.0003,26.396,-0.7426,-26.1659,342.748,0.0,0.0,0.0,352.949996948242,up,2026-08-19T12:35:24,0.0,0.0
SPXW,2027-06-30,313,Call,7560.0,SPXW270630C07560000,688.1,689.1,688.6,724.39,0.0,0.0,0.0,5.0,0.1812,0.6416,0.0003,26.463,-0.7179,35.9049,688.4821,0.0,0.0,0.0,675.899993896484,down,2026-08-19T14:16:18,0.0,0.0
SPXW,2027-06-30,313,Put,7560.0,SPXW270630P07560000,344.5,345.5,345.0,337.4,0.0,0.0,0.0,11.0,0.1812,-0.3614,0.0003,26.463,-0.7425,-26.3663,345.5655,0.0,0.0,0.0,355.75,up,2026-08-19T12:08:01,0.0,0.0
SPXW,2027-06-30,313,Call,7570.0,SPXW270630C07570000,681.3,682.3,681.8,681.13,0.0,0.0,0.0,2.0,0.1807,0.6389,0.0003,26.5292,-0.7184,35.7852,681.6961,0.0,0.0,0.0,669.25,down,2026-08-20T13:34:49,0.0,0.0
SPXW,2027-06-30,313,Put,7570.0,SPXW270630P07570000,347.3,348.3,347.8,346.7,0.0,0.0,0.0,28.0,0.1808,-0.3641,0.0003,26.5292,-0.7422,-26.568,348.4076,0.0,0.0,0.0,358.650009155273,down,2026-08-04T14:33:08,0.0,0.0
SPXW,2027-06-30,313,Call,7575.0,SPXW270630C07575000,677.9,679.0,678.45,748.03,0.0,0.0,0.0,1631.0,0.1805,0.6375,0.0003,26.5619,-0.7186,35.7249,678.3123,0.0,0.0,0.0,665.700012207031,down,2026-08-12T13:59:45,0.0,0.0
SPXW,2027-06-30,313,Put,7575.0,SPXW270630P07575000,348.7,349.7,349.2,339.68,0.0,0.0,0.0,4.0,0.1805,-0.3655,0.0003,26.5619,-0.7421,-26.6693,349.8378,0.0,0.0,0.0,360.050003051758,down,2026-08-12T13:59:45,0.0,0.0
SPXW,2027-06-30,313,Call,7580.0,SPXW270630C07580000,674.5,675.6,675.05,575.38,0.0,0.0,0.0,1.0,0.1802,0.6361,0.0003,26.5944,-0.7188,35.6642,674.9348,0.0,0.0,0.0,662.200012207031,up,2026-06-29T11:51:53,0.0,0.0
SPXW,2027-06-30,313,Put,7580.0,SPXW270630P07580000,350.2,351.2,350.7,439.3,0.0,0.0,0.0,24.0,0.1803,-0.3669,0.0003,26.5944,-0.742,-26.771,351.2743,0.0,0.0,0.0,361.550003051758,up,2026-07-28T12:03:45,0.0,0.0
SPXW,2027-06-30,313,Call,7590.0,SPXW270630C07590000,667.7,668.9,668.3,667.9,0.0,0.0,0.0,11.0,0.1798,0.6333,0.0003,26.6587,-0.7192,35.5416,668.1985,0.0,0.0,0.0,655.600006103516,up,2026-08-20T13:35:50,0.0,0.0
SPXW,2027-06-30,313,Put,7590.0,SPXW270630P07590000,353.0,354.0,353.5,346.4,0.0,0.0,0.0,11.0,0.1798,-0.3697,0.0003,26.6587,-0.7417,-26.9755,354.1661,0.0,0.0,0.0,364.449996948242,no_change,2026-08-11T10:27:52,0.0,0.0
SPXW,2027-06-30,313,Call,7600.0,SPXW270630C07600000,661.0,662.1,661.55,652.97,0.0,0.0,0.0,75.0,0.1793,0.6305,0.0003,26.7221,-0.7196,35.4173,661.4876,0.0,0.0,0.0,649.0,down,2026-08-20T14:07:18,0.0,0.0
SPXW,2027-06-30,313,Put,7600.0,SPXW270630P07600000,355.9,356.9,356.4,341.29,0.0,0.0,0.0,37.0,0.1793,-0.3725,0.0003,26.7221,-0.7414,-27.1817,357.0832,0.0,0.0,0.0,367.449996948242,down,2026-08-13T14:09:09,0.0,0.0
SPXW,2027-06-30,313,Call,7625.0,SPXW270630C07625000,644.3,645.5,644.9,679.97,0.0,0.0,0.0,18.0,0.1781,0.6234,0.0003,26.8768,-0.7204,35.0984,644.8231,0.0,0.0,0.0,632.5,up,2026-08-18T12:40:52,0.0,0.0
SPXW,2027-06-30,313,Put,7625.0,SPXW270630P07625000,363.3,364.3,363.8,360.51,0.0,0.0,0.0,59.0,0.1781,-0.3797,0.0003,26.8768,-0.7404,-27.7055,364.4889,0.0,0.0,0.0,374.949996948242,down,2026-08-19T14:08:09,0.0,0.0
SPXW,2027-06-30,313,Call,7650.0,SPXW270630C07650000,627.8,628.9,628.3499999999999,674.19,0.0,0.0,0.0,71.0,0.1769,0.6161,0.0003,27.0254,-0.7209,34.7666,628.3245,0.0,0.0,0.0,616.25,up,2026-08-19T10:33:50,0.0,0.0
SPXW,2027-06-30,313,Put,7650.0,SPXW270630P07650000,370.8,371.8,371.3,364.4,0.0,0.0,0.0,116.0,0.1769,-0.3869,0.0003,27.0254,-0.7392,-28.2421,372.0604,0.0,0.0,0.0,382.600006103516,down,2026-08-19T14:02:19,0.0,0.0
SPXW,2027-06-30,313,Call,7675.0,SPXW270630C07675000,611.5,612.6,612.05,643.46,0.0,0.0,0.0,64.0,0.1757,0.6088,0.0003,27.1675,-0.7211,34.4223,611.9975,0.0,0.0,0.0,599.75,up,2026-08-18T14:15:43,0.0,0.0
SPXW,2027-06-30,313,Put,7675.0,SPXW270630P07675000,378.5,379.6,379.05,372.91,0.0,0.0,0.0,145.0,0.1758,-0.3942,0.0003,27.1675,-0.7377,-28.7913,379.8035,0.0,0.0,0.0,390.5,up,2026-08-19T14:36:01,0.0,0.0
SPXW,2027-06-30,313,Call,7700.0,SPXW270630C07700000,595.3,596.4,595.8499999999999,609.75,26.05,4.46291,1.0,50.0,0.1746,0.6014,0.0003,27.3019,-0.7211,34.0675,595.8476,609.75,609.75,609.75,583.700012207031,down,2026-08-21T11:51:26,0.0,0.0
SPXW,2027-06-30,313,Put,7700.0,SPXW270630P07700000,386.4,387.5,386.95,387.52,-10.98,-2.75533,25.0,438.0,0.1746,-0.4017,0.0003,27.3019,-0.736,-29.351,387.7237,387.1,387.52,384.39,398.5,up,2026-08-21T16:11:49,0.0,0.0
SPXW,2027-06-30,313,Call,7725.0,SPXW270630C07725000,579.3,580.4,579.8499999999999,676.16,0.0,0.0,0.0,23.0,0.1734,0.5938,0.0003,27.4278,-0.7208,33.7046,579.8795,0.0,0.0,0.0,568.0,up,2026-08-13T12:34:01,0.0,0.0
SPXW,2027-06-30,313,Put,7725.0,SPXW270630P07725000,394.5,395.5,395.0,397.26,0.0,0.0,0.0,136.0,0.1735,-0.4092,0.0003,27.4278,-0.734,-29.9188,395.8257,0.0,0.0,0.0,406.75,up,2026-08-18T13:05:35,0.0,0.0
SPXW,2027-06-30,313,Call,7750.0,SPXW270630C07750000,563.5,564.6,564.05,602.31,0.0,0.0,0.0,123.0,0.1723,0.5861,0.0003,27.5448,-0.7202,33.3367,564.0968,0.0,0.0,0.0,552.25,up,2026-08-19T14:30:45,0.0,0.0
SPXW,2027-06-30,313,Put,7750.0,SPXW270630P07750000,402.8,403.8,403.3,398.86,0.0,0.0,0.0,1046.0,0.1723,-0.4169,0.0003,27.5448,-0.7316,-30.4915,404.1132,0.0,0.0,0.0,415.150009155273,down,2026-08-19T13:41:49,0.0,0.0
SPXW,2027-06-30,313,Call,7775.0,SPXW270630C07775000,547.9,549.1,548.5,583.31,0.0,0.0,0.0,74.0,0.1711,0.5784,0.0003,27.6523,-0.7193,32.9649,548.503,0.0,0.0,0.0,537.0,down,2026-08-18T10:11:02,0.0,0.0
SPXW,2027-06-30,313,Put,7775.0,SPXW270630P07775000,411.2,412.3,411.75,407.62,0.0,0.0,0.0,90.0,0.1712,-0.4246,0.0003,27.6523,-0.7291,-31.0682,412.5895,0.0,0.0,0.0,423.75,up,2026-08-19T13:40:01,0.0,0.0
SPXW,2027-06-30,313,Call,7800.0,SPXW270630C07800000,532.6,533.7,533.1500000000001,571.57,0.0,0.0,0.0,180.0,0.17,0.5705,0.0003,27.7504,-0.7182,32.5883,533.1013,0.0,0.0,0.0,521.850006103516,down,2026-08-18T10:37:36,0.0,0.0
SPXW,2027-06-30,313,Put,7800.0,SPXW270630P07800000,419.9,421.0,420.45,413.4,0.0,0.0,0.0,210.0,0.17,-0.4325,0.0003,27.7504,-0.7262,-31.6496,421.2579,0.0,0.0,0.0,432.550003051758,down,2026-08-19T12:43:21,0.0,0.0
SPXW,2027-06-30,313,Call,7825.0,SPXW270630C07825000,517.4,518.5,517.95,517.7,10.95,2.16083,2.0,147.0,0.1689,0.5625,0.0003,27.8391,-0.7168,32.2044,517.896,515.1,517.7,515.1,506.75,up,2026-08-21T14:49:45,0.0,0.0
SPXW,2027-06-30,313,Put,7825.0,SPXW270630P07825000,428.8,429.8,429.3,434.11,0.0,0.0,0.0,155.0,0.1689,-0.4405,0.0003,27.8391,-0.7231,-32.2384,430.1227,0.0,0.0,0.0,441.550003051758,down,2026-08-18T10:57:02,0.0,0.0
SPXW,2027-06-30,313,Call,7850.0,SPXW270630C07850000,502.4,503.5,502.95,597.33,0.0,0.0,0.0,61.0,0.1678,0.5544,0.0003,27.9181,-0.7151,31.8098,502.8926,0.0,0.0,0.0,491.849990844727,up,2026-08-14T11:01:55,0.0,0.0
SPXW,2027-06-30,313,Put,7850.0,SPXW270630P07850000,437.9,438.9,438.4,433.05,0.0,0.0,0.0,59.0,0.1678,-0.4486,0.0003,27.9181,-0.7197,-32.8379,439.1895,0.0,0.0,0.0,450.799987792969,down,2026-08-19T13:39:39,0.0,0.0
SPXW,2027-06-30,313,Call,7855.0,SPXW270630C07855000,499.3,500.6,499.95000000000005,512.39,0.0,0.0,0.0,31.0,0.1676,0.5528,0.0003,27.9327,-0.7148,31.7293,499.9168,0.0,0.0,0.0,488.75,down,2026-08-20T09:30:11,0.0,0.0
SPXW,2027-06-30,313,Put,7855.0,SPXW270630P07855000,439.7,440.8,440.25,434.75,0.0,0.0,0.0,21.0,0.1676,-0.4502,0.0003,27.9327,-0.719,-32.9593,441.0276,0.0,0.0,0.0,452.650009155273,up,2026-08-19T10:06:11,0.0,0.0
SPXW,2027-06-30,313,Call,7860.0,SPXW270630C07860000,496.5,497.6,497.05,576.36,0.0,0.0,0.0,25.0,0.1674,0.5512,0.0003,27.9469,-0.7144,31.6484,496.9493,0.0,0.0,0.0,486.0,up,2026-08-17T10:21:41,0.0,0.0
SPXW,2027-06-30,313,Put,7860.0,SPXW270630P07860000,441.6,442.6,442.1,431.92,0.0,0.0,0.0,27.0,0.1673,-0.4519,0.0003,27.9469,-0.7182,-33.0812,442.8742,0.0,0.0,0.0,454.550003051758,down,2026-08-19T10:53:42,0.0,0.0
SPXW,2027-06-30,313,Call,7865.0,SPXW270630C07865000,493.5,494.6,494.05,485.0,0.0,0.0,0.0,8.0,0.1672,0.5495,0.0003,27.9607,-0.714,31.5668,493.9903,0.0,0.0,0.0,483.050003051758,down,2026-07-16T10:53:43,0.0,0.0
SPXW,2027-06-30,313,Put,7865.0,SPXW270630P07865000,443.4,444.5,443.95,436.78,0.0,0.0,0.0,53.0,0.1672,-0.4535,0.0003,27.9607,-0.7175,-33.2037,444.7292,0.0,0.0,0.0,456.5,down,2026-08-04T13:53:57,0.0,0.0
SPXW,2027-06-30,313,Call,7870.0,SPXW270630C07870000,490.6,491.7,491.15,584.5,0.0,0.0,0.0,6.0,0.1669,0.5479,0.0003,27.9741,-0.7136,31.4848,491.0398,0.0,0.0,0.0,480.150009155273,up,2026-08-05T10:37:47,0.0,0.0
SPXW,2027-06-30,313,Put,7870.0,SPXW270630P07870000,445.3,446.3,445.8,443.38,-15.02,-3.27661,2.0,6.0,0.1669,-0.4552,0.0003,27.9741,-0.7167,-33.3268,446.5928,443.38,443.38,443.38,458.399993896484,no_change,2026-08-21T15:41:50,0.0,0.0
SPXW,2027-06-30,313,Call,7875.0,SPXW270630C07875000,487.5,488.8,488.15,487.18,0.0,0.0,0.0,529.0,0.1667,0.5462,0.0003,27.9871,-0.7131,31.4021,488.0979,0.0,0.0,0.0,477.25,down,2026-08-20T13:37:34,0.0,0.0
SPXW,2027-06-30,313,Put,7875.0,SPXW270630P07875000,447.2,448.2,447.7,435.6,0.0,0.0,0.0,11.0,0.1667,-0.4568,0.0003,27.9871,-0.716,-33.4504,448.4649,0.0,0.0,0.0,460.299987792969,down,2026-08-07T13:31:24,0.0,0.0
SPXW,2027-06-30,313,Call,7880.0,SPXW270630C07880000,484.7,485.9,485.29999999999995,564.7,0.0,0.0,0.0,14.0,0.1665,0.5446,0.0003,27.9996,-0.7127,31.319,485.1646,0.0,0.0,0.0,474.349990844727,up,2026-08-07T11:32:40,0.0,0.0
SPXW,2027-06-30,313,Put,7880.0,SPXW270630P07880000,449.0,450.1,449.55,435.8,0.0,0.0,0.0,54.0,0.1665,-0.4584,0.0003,27.9996,-0.7152,-33.5745,450.3456,0.0,0.0,0.0,462.150009155273,up,2026-08-07T16:00:49,0.0,0.0
SPXW,2027-06-30,313,Call,7885.0,SPXW270630C07885000,481.8,482.9,482.35,384.8,0.0,0.0,0.0,8.0,0.1663,0.5429,0.0003,28.0117,-0.7123,31.2353,482.2401,0.0,0.0,0.0,471.5,up,2026-07-31T12:44:45,0.0,0.0
SPXW,2027-06-30,313,Put,7885.0,SPXW270630P07885000,450.9,452.0,451.45,451.8,0.0,0.0,0.0,8.0,0.1662,-0.4601,0.0003,28.0117,-0.7144,-33.6992,452.2351,0.0,0.0,0.0,464.100006103516,up,2026-08-18T12:50:08,0.0,0.0
SPXW,2027-06-30,313,Call,7890.0,SPXW270630C07890000,478.9,480.0,479.45,382.88,0.0,0.0,0.0,1.0,0.1661,0.5413,0.0003,28.0234,-0.7118,31.1511,479.3242,0.0,0.0,0.0,468.600006103516,down,2026-07-31T12:49:31,0.0,0.0
SPXW,2027-06-30,313,Put,7890.0,SPXW270630P07890000,452.8,453.9,453.35,438.62,0.0,0.0,0.0,232.0,0.166,-0.4618,0.0003,28.0234,-0.7136,-33.8244,454.1333,0.0,0.0,0.0,466.0,no_change,2026-08-11T10:33:17,0.0,0.0
SPXW,2027-06-30,313,Call,7895.0,SPXW270630C07895000,476.0,477.1,476.55,467.0,0.0,0.0,0.0,16.0,0.1658,0.5396,0.0003,28.0346,-0.7113,31.0663,476.4172,0.0,0.0,0.0,465.75,down,2026-07-16T11:05:36,0.0,0.0
SPXW,2027-06-30,313,Put,7895.0,SPXW270630P07895000,454.8,455.8,455.3,0.0,0.0,0.0,0.0,0.0,0.1658,-0.4634,0.0003,28.0346,-0.7128,-33.9501,456.0403,0.0,0.0,0.0,468.0,no_change,,0.0,0.0
SPXW,2027-06-30,313,Call,7900.0,SPXW270630C07900000,473.1,474.3,473.70000000000005,548.31,0.0,0.0,0.0,50.0,0.1656,0.538,0.0003,28.0454,-0.7109,30.9811,473.5191,0.0,0.0,0.0,462.849990844727,up,2026-08-10T13:16:53,0.0,0.0
SPXW,2027-06-30,313,Put,7900.0,SPXW270630P07900000,456.7,457.7,457.2,436.7,0.0,0.0,0.0,20.0,0.1656,-0.4651,0.0003,28.0454,-0.712,-34.0762,457.9562,0.0,0.0,0.0,469.899993896484,up,2026-08-17T09:57:43,0.0,0.0
SPXW,2027-06-30,313,Call,7905.0,SPXW270630C07905000,470.2,471.4,470.79999999999995,0.0,0.0,0.0,0.0,0.0,0.1654,0.5363,0.0003,28.0558,-0.7104,30.8955,470.6298,0.0,0.0,0.0,460.0,no_change,,0.0,0.0
SPXW,2027-06-30,313,Put,7905.0,SPXW270630P07905000,458.6,459.7,459.15,0.0,0.0,0.0,0.0,0.0,0.1655,-0.4667,0.0003,28.0558,-0.7111,-34.2029,459.8809,0.0,0.0,0.0,471.899993896484,no_change,,0.0,0.0
SPXW,2027-06-30,313,Call,7910.0,SPXW270630C07910000,467.4,468.5,467.95,466.97,0.0,0.0,0.0,1.0,0.1652,0.5346,0.0003,28.0656,-0.7099,30.8094,467.7496,0.0,0.0,0.0,457.150009155273,down,2026-08-20T13:34:49,0.0,0.0
SPXW,2027-06-30,313,Put,7910.0,SPXW270630P07910000,460.5,461.6,461.05,0.0,0.0,0.0,0.0,0.0,0.1652,-0.4684,0.0003,28.0656,-0.7103,-34.33,461.8147,0.0,0.0,0.0,473.699996948242,no_change,,0.0,0.0
SPXW,2027-06-30,313,Call,7915.0,SPXW270630C07915000,464.5,465.6,465.05,533.2,0.0,0.0,0.0,20.0,0.165,0.5329,0.0003,28.0751,-0.7094,30.7228,464.8783,0.0,0.0,0.0,454.299987792969,down,2026-08-11T11:20:25,0.0,0.0
SPXW,2027-06-30,313,Put,7915.0,SPXW270630P07915000,462.5,463.6,463.05,0.0,0.0,0.0,0.0,0.0,0.165,-0.4701,0.0003,28.0751,-0.7094,-34.4575,463.7575,0.0,0.0,0.0,475.799987792969,no_change,,0.0,0.0
SPXW,2027-06-30,313,Call,7920.0,SPXW270630C07920000,461.5,462.8,462.15,459.58,8.08,1.78959,6.0,83.0,0.1648,0.5312,0.0003,28.084,-0.7088,30.6362,462.0161,467.46,467.46,459.58,451.5,no_change,2026-08-21T14:38:56,0.0,0.0
SPXW,2027-06-30,313,Put,7920.0,SPXW270630P07920000,464.5,465.5,465.0,454.22,0.0,0.0,0.0,124.0,0.1647,-0.4718,0.0003,28.084,-0.7086,-34.5851,465.7093,0.0,0.0,0.0,477.799987792969,down,2026-08-19T15:19:11,0.0,0.0
SPXW,2027-06-30,313,Call,7925.0,SPXW270630C07925000,458.8,459.9,459.35,443.05,0.0,0.0,0.0,20.0,0.1646,0.5296,0.0003,28.0925,-0.7083,30.5492,459.163,0.0,0.0,0.0,448.700012207031,down,2026-08-03T14:19:38,0.0,0.0
SPXW,2027-06-30,313,Put,7925.0,SPXW270630P07925000,466.4,467.5,466.95,459.67,0.0,0.0,0.0,24.0,0.1646,-0.4734,0.0003,28.0925,-0.7077,-34.713,467.6702,0.0,0.0,0.0,479.799987792969,up,2026-08-19T10:20:34,0.0,0.0
SPXW,2027-06-30,313,Call,7930.0,SPXW270630C07930000,456.0,457.1,456.55,0.0,0.0,0.0,0.0,0.0,0.1644,0.5279,0.0003,28.1006,-0.7077,30.4617,456.319,0.0,0.0,0.0,445.949996948242,no_change,,0.0,0.0
SPXW,2027-06-30,313,Put,7930.0,SPXW270630P07930000,468.4,469.5,468.95,0.0,0.0,0.0,0.0,0.0,0.1644,-0.4751,0.0003,28.1006,-0.7068,-34.8415,469.6403,0.0,0.0,0.0,481.799987792969,no_change,,0.0,0.0
SPXW,2027-06-30,313,Call,7935.0,SPXW270630C07935000,453.0,454.3,453.65,524.2,0.0,0.0,0.0,5.0,0.1642,0.5262,0.0003,28.1081,-0.7072,30.374,453.4842,0.0,0.0,0.0,443.300003051758,up,2026-08-07T15:24:32,0.0,0.0
SPXW,2027-06-30,313,Put,7935.0,SPXW270630P07935000,470.4,471.4,470.9,461.2,0.0,0.0,0.0,8.0,0.1642,-0.4768,0.0003,28.1081,-0.7059,-34.9702,471.6195,0.0,0.0,0.0,483.799987792969,up,2026-08-11T13:56:03,0.0,0.0
SPXW,2027-06-30,313,Call,7940.0,SPXW270630C07940000,450.3,451.5,450.9,0.0,0.0,0.0,0.0,0.0,0.164,0.5245,0.0003,28.1152,-0.7066,30.2861,450.6587,0.0,0.0,0.0,440.149993896484,no_change,,0.0,0.0
SPXW,2027-06-30,313,Put,7940.0,SPXW270630P07940000,472.4,473.4,472.9,0.0,0.0,0.0,0.0,0.0,0.1639,-0.4785,0.0003,28.1152,-0.705,-35.099,473.608,0.0,0.0,0.0,485.800003051758,no_change,,0.0,0.0
SPXW,2027-06-30,313,Call,7945.0,SPXW270630C07945000,447.5,448.7,448.1,0.0,0.0,0.0,0.0,0.0,0.1638,0.5228,0.0004,28.1218,-0.706,30.1981,447.8424,0.0,0.0,0.0,437.5,no_change,,0.0,0.0
SPXW,2027-06-30,313,Put,7945.0,SPXW270630P07945000,474.4,475.4,474.9,465.9,0.0,0.0,0.0,8.0,0.1638,-0.4802,0.0004,28.1218,-0.704,-35.2281,475.6057,0.0,0.0,0.0,487.899993896484,up,2026-08-11T14:12:03,0.0,0.0
SPXW,2027-06-30,313,Call,7950.0,SPXW270630C07950000,444.7,445.9,445.29999999999995,422.5,0.0,0.0,0.0,103.0,0.1635,0.5211,0.0004,28.128,-0.7054,30.1099,445.0353,0.0,0.0,0.0,434.75,down,2026-07-16T14:10:42,0.0,0.0
SPXW,2027-06-30,313,Put,7950.0,SPXW270630P07950000,476.4,477.5,476.95,465.84,0.0,0.0,0.0,9.0,0.1636,-0.4819,0.0004,28.128,-0.7031,-35.3572,477.6127,0.0,0.0,0.0,489.899993896484,down,2026-08-17T16:09:32,0.0,0.0
SPXW,2027-06-30,313,Call,7955.0,SPXW270630C07955000,441.9,443.1,442.5,437.0,0.0,0.0,0.0,8.0,0.1634,0.5194,0.0004,28.1337,-0.7048,30.0216,442.2376,0.0,0.0,0.0,432.0,up,2026-07-16T10:43:17,0.0,0.0
SPXW,2027-06-30,313,Put,7955.0,SPXW270630P07955000,478.4,479.5,478.95,0.0,0.0,0.0,0.0,0.0,0.1633,-0.4836,0.0004,28.1337,-0.7021,-35.4865,479.629,0.0,0.0,0.0,492.0,no_change,,0.0,0.0
SPXW,2027-06-30,313,Call,7960.0,SPXW270630C07960000,439.0,440.3,439.65,380.8,0.0,0.0,0.0,19.0,0.1631,0.5177,0.0004,28.1389,-0.7042,29.9331,439.4492,0.0,0.0,0.0,429.200012207031,no_change,2026-07-02T13:02:25,0.0,0.0
SPXW,2027-06-30,313,Put,7960.0,SPXW270630P07960000,480.4,481.5,480.95,0.0,0.0,0.0,0.0,0.0,0.1631,-0.4853,0.0004,28.1389,-0.7012,-35.6159,481.6546,0.0,0.0,0.0,494.0,no_change,,0.0,0.0
SPXW,2027-06-30,313,Call,7965.0,SPXW270630C07965000,436.4,437.5,436.95,491.5,0.0,0.0,0.0,8.0,0.1629,0.516,0.0004,28.1436,-0.7036,29.8446,436.6702,0.0,0.0,0.0,426.5,down,2026-08-11T14:12:03,0.0,0.0
SPXW,2027-06-30,313,Put,7965.0,SPXW270630P07965000,482.5,483.6,483.05,0.0,0.0,0.0,0.0,0.0,0.1629,-0.487,0.0004,28.1436,-0.7002,-35.7454,483.6896,0.0,0.0,0.0,496.0,no_change,,0.0,0.0
SPXW,2027-06-30,313,Call,7970.0,SPXW270630C07970000,433.6,434.8,434.20000000000005,331.91,0.0,0.0,0.0,16.0,0.1627,0.5143,0.0004,28.1479,-0.7029,29.756,433.9006,0.0,0.0,0.0,423.75,down,2026-07-31T11:17:17,0.0,0.0
SPXW,2027-06-30,313,Put,7970.0,SPXW270630P07970000,484.5,485.6,485.05,0.0,0.0,0.0,0.0,0.0,0.1626,-0.4888,0.0004,28.1479,-0.6992,-35.875,485.734,0.0,0.0,0.0,498.200012207031,no_change,,0.0,0.0
SPXW,2027-06-30,313,Call,7975.0,SPXW270630C07975000,430.9,432.0,431.45,512.91,0.0,0.0,0.0,7.0,0.1625,0.5125,0.0004,28.1516,-0.7022,29.6674,431.1404,0.0,0.0,0.0,421.0,up,2026-08-14T14:04:40,0.0,0.0
SPXW,2027-06-30,313,Put,7975.0,SPXW270630P07975000,486.6,487.7,487.15,465.44,0.0,0.0,0.0,24.0,0.1625,-0.4905,0.0004,28.1516,-0.6982,-36.0046,487.7879,0.0,0.0,0.0,500.299987792969,up,2026-08-17T12:35:04,0.0,0.0
SPXW,2027-06-30,313,Call,7980.0,SPXW270630C07980000,428.1,429.3,428.70000000000005,490.11,0.0,0.0,0.0,10.0,0.1623,0.5108,0.0004,28.1549,-0.7016,29.5787,428.3897,0.0,0.0,0.0,418.399993896484,up,2026-08-12T14:09:15,0.0,0.0
SPXW,2027-06-30,313,Put,7980.0,SPXW270630P07980000,488.7,489.7,489.2,488.39,-13.96,-2.77894,2.0,249.0,0.1623,-0.4922,0.0004,28.1549,-0.6972,-36.1343,489.8511,487.82,488.39,487.82,502.349990844727,up,2026-08-21T12:15:03,0.0,0.0
SPXW,2027-06-30,313,Call,7985.0,SPXW270630C07985000,425.4,426.5,425.95,0.0,0.0,0.0,0.0,0.0,0.1621,0.5091,0.0004,28.1578,-0.7009,29.4899,425.6484,0.0,0.0,0.0,415.600006103516,no_change,,0.0,0.0
SPXW,2027-06-30,313,Put,7985.0,SPXW270630P07985000,490.7,491.8,491.25,485.22,0.0,0.0,0.0,1.0,0.1621,-0.4939,0.0004,28.1578,-0.6962,-36.264,491.9239,0.0,0.0,0.0,504.5,up,2026-08-11T15:00:38,0.0,0.0
SPXW,2027-06-30,313,Call,7990.0,SPXW270630C07990000,422.7,423.8,423.25,0.0,0.0,0.0,0.0,0.0,0.1619,0.5074,0.0004,28.1601,-0.7002,29.4011,422.9166,0.0,0.0,0.0,412.949996948242,no_change,,0.0,0.0
SPXW,2027-06-30,313,Put,7990.0,SPXW270630P07990000,492.8,493.9,493.35,474.07,0.0,0.0,0.0,28.0,0.1618,-0.4956,0.0004,28.1601,-0.6951,-36.3938,494.0061,0.0,0.0,0.0,506.550003051758,down,2026-08-12T14:06:32,0.0,0.0
SPXW,2027-06-30,313,Call,7995.0,SPXW270630C07995000,420.0,421.1,420.55,0.0,0.0,0.0,0.0,0.0,0.1617,0.5056,0.0004,28.162,-0.6995,29.3122,420.1943,0.0,0.0,0.0,410.200012207031,no_change,,0.0,0.0
SPXW,2027-06-30,313,Put,7995.0,SPXW270630P07995000,494.9,496.0,495.45,0.0,0.0,0.0,0.0,0.0,0.1616,-0.4974,0.0004,28.162,-0.6941,-36.5237,496.0979,0.0,0.0,0.0,508.700012207031,no_change,,0.0,0.0
SPXW,2027-06-30,313,Call,8000.0,SPXW270630C08000000,417.3,418.4,417.85,454.02,0.0,0.0,0.0,163.0,0.1615,0.5039,0.0004,28.1633,-0.6988,29.2232,417.4816,0.0,0.0,0.0,407.600006103516,up,2026-08-19T10:23:49,0.0,0.0
SPXW,2027-06-30,313,Put,8000.0,SPXW270630P08000000,497.0,498.1,497.55,472.92,0.0,0.0,0.0,73.0,0.1614,-0.4991,0.0004,28.1633,-0.693,-36.6536,498.1992,0.0,0.0,0.0,510.849990844727,down,2026-08-14T13:27:35,0.0,0.0
SPXW,2027-06-30,313,Call,8005.0,SPXW270630C08005000,414.6,415.7,415.15,0.0,0.0,0.0,0.0,0.0,0.1612,0.5022,0.0004,28.1642,-0.6981,29.1341,414.7785,0.0,0.0,0.0,404.699996948242,no_change,,0.0,0.0
SPXW,2027-06-30,313,Put,8005.0,SPXW270630P08005000,499.2,500.2,499.7,0.0,0.0,0.0,0.0,0.0,0.1613,-0.5008,0.0004,28.1642,-0.6919,-36.7837,500.3101,0.0,0.0,0.0,512.950012207031,no_change,,0.0,0.0
SPXW,2027-06-30,313,Call,8010.0,SPXW270630C08010000,411.9,413.0,412.45,0.0,0.0,0.0,0.0,0.0,0.1611,0.5004,0.0004,28.1646,-0.6973,29.0449,412.085,0.0,0.0,0.0,402.200012207031,no_change,,0.0,0.0
SPXW,2027-06-30,313,Put,8010.0,SPXW270630P08010000,501.3,502.4,501.85,0.0,0.0,0.0,0.0,0.0,0.1611,-0.5026,0.0004,28.1646,-0.6908,-36.9139,502.4306,0.0,0.0,0.0,515.100006103516,no_change,,0.0,0.0
SPXW,2027-06-30,313,Call,8015.0,SPXW270630C08015000,409.2,410.3,409.75,0.0,0.0,0.0,0.0,0.0,0.1609,0.4987,0.0004,28.1645,-0.6966,28.9555,409.4011,0.0,0.0,0.0,399.550003051758,no_change,,0.0,0.0
SPXW,2027-06-30,313,Put,8015.0,SPXW270630P08015000,503.4,504.5,503.95,493.47,0.0,0.0,0.0,77.0,0.1608,-0.5043,0.0004,28.1645,-0.6898,-37.0443,504.5608,0.0,0.0,0.0,517.299987792969,no_change,2026-08-19T10:39:43,0.0,0.0
SPXW,2027-06-30,313,Call,8020.0,SPXW270630C08020000,406.4,407.7,407.04999999999995,483.6,0.0,0.0,0.0,50.0,0.1607,0.4969,0.0004,28.164,-0.6958,28.8659,406.727,0.0,0.0,0.0,397.0,no_change,2026-08-17T11:26:43,0.0,0.0
SPXW,2027-06-30,313,Put,8020.0,SPXW270630P08020000,505.6,506.6,506.1,577.63,0.0,0.0,0.0,1.0,0.1607,-0.5061,0.0004,28.164,-0.6886,-37.1748,506.7006,0.0,0.0,0.0,519.5,up,2026-07-10T13:39:52,0.0,0.0
SPXW,2027-06-30,313,Call,8025.0,SPXW270630C08025000,403.9,405.0,404.45,402.11,0.0,0.0,0.0,77.0,0.1605,0.4952,0.0004,28.1629,-0.695,28.7761,404.0625,0.0,0.0,0.0,394.349990844727,up,2026-08-20T13:45:50,0.0,0.0
SPXW,2027-06-30,313,Put,8025.0,SPXW270630P08025000,507.7,508.8,508.25,628.8,0.0,0.0,0.0,8.0,0.1604,-0.5078,0.0004,28.1629,-0.6875,-37.3056,508.8502,0.0,0.0,0.0,521.700012207031,up,2026-06-22T14:37:22,0.0,0.0
SPXW,2027-06-30,313,Call,8030.0,SPXW270630C08030000,401.1,402.4,401.75,0.0,0.0,0.0,0.0,0.0,0.1603,0.4934,0.0004,28.1613,-0.6942,28.686,401.4078,0.0,0.0,0.0,391.699996948242,no_change,,0.0,0.0
SPXW,2027-06-30,313,Put,8030.0,SPXW270630P08030000,509.9,511.0,510.45,515.4,-8.45,-1.61306,8.0,0.0,0.1603,-0.5096,0.0004,28.1613,-0.6864,-37.4367,511.0095,515.4,515.4,515.4,523.850006103516,down,2026-08-21T09:44:26,0.0,0.0
SPXW,2027-06-30,313,Call,8035.0,SPXW270630C08035000,398.6,399.7,399.15,0.0,0.0,0.0,0.0,0.0,0.1601,0.4917,0.0004,28.1592,-0.6934,28.5956,398.7629,0.0,0.0,0.0,389.050003051758,no_change,,0.0,0.0
SPXW,2027-06-30,313,Put,8035.0,SPXW270630P08035000,512.1,513.1,512.6,0.0,0.0,0.0,0.0,0.0,0.1601,-0.5113,0.0004,28.1592,-0.6852,-37.568,513.1787,0.0,0.0,0.0,526.0,no_change,,0.0,0.0
SPXW,2027-06-30,313,Call,8040.0,SPXW270630C08040000,396.0,397.1,396.55,0.0,0.0,0.0,0.0,0.0,0.1599,0.4899,0.0004,28.1565,-0.6926,28.5049,396.1279,0.0,0.0,0.0,386.5,no_change,,0.0,0.0
SPXW,2027-06-30,313,Put,8040.0,SPXW270630P08040000,514.2,515.3,514.75,0.0,0.0,0.0,0.0,0.0,0.1599,-0.5131,0.0004,28.1565,-0.6841,-37.6997,515.3577,0.0,0.0,0.0,528.25,no_change,,0.0,0.0
SPXW,2027-06-30,313,Call,8045.0,SPXW270630C08045000,393.4,394.5,393.95,0.0,0.0,0.0,0.0,0.0,0.1597,0.4882,0.0004,28.1534,-0.6918,28.4139,393.5028,0.0,0.0,0.0,383.899993896484,no_change,,0.0,0.0
SPXW,2027-06-30,313,Put,8045.0,SPXW270630P08045000,516.4,517.5,516.95,0.0,0.0,0.0,0.0,0.0,0.1597,-0.5149,0.0004,28.1534,-0.6829,-37.8317,517.5466,0.0,0.0,0.0,530.5,no_change,,0.0,0.0
SPXW,2027-06-30,313,Call,8050.0,SPXW270630C08050000,390.8,391.9,391.35,301.03,0.0,0.0,0.0,56.0,0.1595,0.4864,0.0004,28.1497,-0.691,28.3224,390.8876,0.0,0.0,0.0,381.299987792969,down,2026-07-28T11:40:01,0.0,0.0
SPXW,2027-06-30,313,Put,8050.0,SPXW270630P08050000,518.6,519.7,519.1500000000001,648.6,0.0,0.0,0.0,7.0,0.1595,-0.5166,0.0004,28.1497,-0.6818,-37.9642,519.7454,0.0,0.0,0.0,532.700012207031,up,2026-06-22T15:44:18,0.0,0.0
SPXW,2027-06-30,313,Call,8055.0,SPXW270630C08055000,388.2,389.3,388.75,440.34,0.0,0.0,0.0,1.0,0.1593,0.4846,0.0004,28.1455,-0.6901,28.2305,388.2824,0.0,0.0,0.0,378.799987792969,up,2026-08-06T11:04:39,0.0,0.0
SPXW,2027-06-30,313,Put,8055.0,SPXW270630P08055000,520.9,521.9,521.4,499.07,0.0,0.0,0.0,1.0,0.1593,-0.5184,0.0004,28.1455,-0.6806,-38.097,521.9543,0.0,0.0,0.0,535.0,down,2026-08-12T14:13:27,0.0,0.0
SPXW,2027-06-30,313,Call,8060.0,SPXW270630C08060000,385.6,386.7,386.15,291.2,0.0,0.0,0.0,9.0,0.1591,0.4829,0.0004,28.1407,-0.6893,28.1382,385.6873,0.0,0.0,0.0,376.300003051758,down,2026-07-29T14:57:25,0.0,0.0
SPXW,2027-06-30,313,Put,8060.0,SPXW270630P08060000,523.1,524.2,523.6500000000001,0.0,0.0,0.0,0.0,0.0,0.159,-0.5202,0.0004,28.1407,-0.6794,-38.2303,524.1732,0.0,0.0,0.0,537.200012207031,no_change,,0.0,0.0
SPXW,2027-06-30,313,Call,8065.0,SPXW270630C08065000,383.0,384.1,383.55,0.0,0.0,0.0,0.0,0.0,0.1589,0.4811,0.0004,28.1354,-0.6884,28.0454,383.1024,0.0,0.0,0.0,373.700012207031,no_change,,0.0,0.0
SPXW,2027-06-30,313,Put,8065.0,SPXW270630P08065000,525.3,526.4,525.8499999999999,501.7,0.0,0.0,0.0,8.0,0.1589,-0.5219,0.0004,28.1354,-0.6782,-38.3641,526.4022,0.0,0.0,0.0,539.5,down,2026-08-10T10:53:56,0.0,0.0
SPXW,2027-06-30,313,Call,8070.0,SPXW270630C08070000,380.5,381.6,381.05,245.45,0.0,0.0,0.0,18.0,0.1587,0.4793,0.0004,28.1295,-0.6875,27.9521,380.5276,0.0,0.0,0.0,371.150009155273,down,2026-07-29T15:47:38,0.0,0.0
SPXW,2027-06-30,313,Put,8070.0,SPXW270630P08070000,527.6,528.6,528.1,514.98,0.0,0.0,0.0,51.0,0.1587,-0.5237,0.0004,28.1295,-0.6769,-38.4983,528.6415,0.0,0.0,0.0,541.75,up,2026-08-04T13:53:57,0.0,0.0
SPXW,2027-06-30,313,Call,8075.0,SPXW270630C08075000,377.9,379.0,378.45,379.98,0.0,0.0,0.0,18.0,0.1585,0.4775,0.0004,28.123,-0.6866,27.8583,377.963,0.0,0.0,0.0,368.550003051758,up,2026-08-20T13:21:42,0.0,0.0
SPXW,2027-06-30,313,Put,8075.0,SPXW270630P08075000,529.8,530.9,530.3499999999999,661.0,0.0,0.0,0.0,35.0,0.1585,-0.5255,0.0004,28.123,-0.6757,-38.6331,530.8909,0.0,0.0,0.0,544.0,up,2026-06-22T15:44:37,0.0,0.0
SPXW,2027-06-30,313,Call,8080.0,SPXW270630C08080000,375.4,376.5,375.95,0.0,0.0,0.0,0.0,0.0,0.1583,0.4758,0.0004,28.116,-0.6858,27.764,375.4087,0.0,0.0,0.0,366.100006103516,no_change,,0.0,0.0
SPXW,2027-06-30,313,Put,8080.0,SPXW270630P08080000,532.1,533.2,532.6500000000001,530.0,0.0,0.0,0.0,17.0,0.1583,-0.5273,0.0004,28.116,-0.6745,-38.7684,533.1507,0.0,0.0,0.0,546.299987792969,up,2026-08-18T12:50:28,0.0,0.0
SPXW,2027-06-30,313,Call,8085.0,SPXW270630C08085000,372.8,373.9,373.35,443.41,0.0,0.0,0.0,54.0,0.1582,0.474,0.0004,28.1084,-0.6848,27.6693,372.8648,0.0,0.0,0.0,363.600006103516,down,2026-08-10T11:49:06,0.0,0.0
SPXW,2027-06-30,313,Put,8085.0,SPXW270630P08085000,534.4,535.4,534.9,540.0,-8.65,-1.5766,8.0,0.0,0.1581,-0.529,0.0004,28.1084,-0.6732,-38.9041,535.4207,540.0,540.0,540.0,548.649993896484,down,2026-08-21T09:44:26,0.0,0.0
SPXW,2027-06-30,313,Call,8090.0,SPXW270630C08090000,370.3,371.4,370.85,424.94,0.0,0.0,0.0,4.0,0.158,0.4722,0.0004,28.1002,-0.6839,27.574,370.3312,0.0,0.0,0.0,361.100006103516,down,2026-08-12T11:19:13,0.0,0.0
SPXW,2027-06-30,313,Put,8090.0,SPXW270630P08090000,536.6,537.7,537.1500000000001,0.0,0.0,0.0,0.0,0.0,0.158,-0.5308,0.0004,28.1002,-0.6719,-39.0403,537.7012,0.0,0.0,0.0,550.850006103516,no_change,,0.0,0.0
SPXW,2027-06-30,313,Call,8095.0,SPXW270630C08095000,367.8,368.9,368.35,396.69,0.0,0.0,0.0,0.0,0.1578,0.4704,0.0004,28.0915,-0.683,27.4782,367.8082,0.0,0.0,0.0,358.600006103516,down,2026-08-19T14:16:18,0.0,0.0
SPXW,2027-06-30,313,Put,8095.0,SPXW270630P08095000,538.9,540.0,539.45,529.3,0.0,0.0,0.0,47.0,0.1578,-0.5326,0.0004,28.0915,-0.6706,-39.1771,539.9922,0.0,0.0,0.0,553.149993896484,no_change,2026-08-19T09:44:54,0.0,0.0
SPXW,2027-06-30,313,Call,8100.0,SPXW270630C08100000,365.3,366.4,365.85,398.79,0.0,0.0,0.0,127.0,0.1576,0.4686,0.0004,28.0821,-0.682,27.382,365.2956,0.0,0.0,0.0,356.100006103516,down,2026-08-18T10:19:22,0.0,0.0
SPXW,2027-06-30,313,Put,8100.0,SPXW270630P08100000,541.2,542.3,541.75,540.43,0.0,0.0,0.0,41.0,0.1576,-0.5344,0.0004,28.0821,-0.6694,-39.3143,542.2937,0.0,0.0,0.0,555.599975585938,up,2026-08-18T15:47:09,0.0,0.0
SPXW,2027-06-30,313,Call,8105.0,SPXW270630C08105000,362.8,363.9,363.35,0.0,0.0,0.0,0.0,0.0,0.1574,0.4668,0.0004,28.0722,-0.6811,27.2854,362.7936,0.0,0.0,0.0,353.650009155273,no_change,,0.0,0.0
SPXW,2027-06-30,313,Put,8105.0,SPXW270630P08105000,543.6,544.6,544.1,541.0,0.0,0.0,0.0,14.0,0.1573,-0.5362,0.0004,28.0722,-0.6681,-39.4519,544.6057,0.0,0.0,0.0,557.899993896484,up,2026-08-18T12:50:28,0.0,0.0
SPXW,2027-06-30,313,Call,8110.0,SPXW270630C08110000,360.3,361.4,360.85,0.0,0.0,0.0,0.0,0.0,0.1572,0.465,0.0004,28.0617,-0.6801,27.1883,360.3022,0.0,0.0,0.0,351.100006103516,no_change,,0.0,0.0
SPXW,2027-06-30,313,Put,8110.0,SPXW270630P08110000,545.9,547.0,546.45,518.7,0.0,0.0,0.0,8.0,0.1571,-0.538,0.0004,28.0617,-0.6667,-39.59,546.9283,0.0,0.0,0.0,560.299987792969,up,2026-08-14T12:58:43,0.0,0.0
SPXW,2027-06-30,313,Call,8115.0,SPXW270630C08115000,357.8,359.0,358.4,386.45,0.0,0.0,0.0,1.0,0.157,0.4633,0.0004,28.0506,-0.6791,27.0908,357.8215,0.0,0.0,0.0,348.75,down,2026-08-19T14:16:18,0.0,0.0
SPXW,2027-06-30,313,Put,8115.0,SPXW270630P08115000,548.2,549.3,548.75,0.0,0.0,0.0,0.0,0.0,0.157,-0.5398,0.0004,28.0506,-0.6654,-39.7284,549.2616,0.0,0.0,0.0,562.700012207031,no_change,,0.0,0.0
SPXW,2027-06-30,313,Call,8120.0,SPXW270630C08120000,355.4,356.5,355.95,0.0,0.0,0.0,0.0,0.0,0.1568,0.4615,0.0004,28.0389,-0.6781,26.993,355.3515,0.0,0.0,0.0,346.299987792969,no_change,,0.0,0.0
SPXW,2027-06-30,313,Put,8120.0,SPXW270630P08120000,550.6,551.7,551.1500000000001,0.0,0.0,0.0,0.0,0.0,0.1568,-0.5416,0.0004,28.0389,-0.6641,-39.8672,551.6057,0.0,0.0,0.0,565.0,no_change,,0.0,0.0
SPXW,2027-06-30,313,Call,8125.0,SPXW270630C08125000,352.9,354.0,353.45,354.96,11.06,3.21605,2.0,7.0,0.1567,0.4597,0.0004,28.0266,-0.6771,26.8949,352.8923,355.04,355.04,354.96,343.899993896484,down,2026-08-21T15:24:21,0.0,0.0
SPXW,2027-06-30,313,Put,8125.0,SPXW270630P08125000,552.9,554.0,553.45,520.57,0.0,0.0,0.0,1.0,0.1566,-0.5434,0.0004,28.0266,-0.6627,-40.0063,553.9604,0.0,0.0,0.0,567.550018310547,down,2026-08-14T10:39:31,0.0,0.0
SPXW,2027-06-30,313,Call,8130.0,SPXW270630C08130000,350.5,351.6,351.05,341.02,0.0,0.0,0.0,26.0,0.1564,0.4579,0.0004,28.0138,-0.6761,26.7968,350.4438,0.0,0.0,0.0,341.5,down,2026-08-20T16:00:23,0.0,0.0
SPXW,2027-06-30,313,Put,8130.0,SPXW270630P08130000,555.3,556.4,555.8499999999999,0.0,0.0,0.0,0.0,0.0,0.1564,-0.5452,0.0004,28.0138,-0.6614,-40.1453,556.326,0.0,0.0,0.0,569.949981689453,no_change,,0.0,0.0
SPXW,2027-06-30,313,Call,8135.0,SPXW270630C08135000,348.0,349.1,348.55,311.26,0.0,0.0,0.0,1.0,0.1563,0.4561,0.0004,28.0005,-0.6751,26.6983,348.0061,0.0,0.0,0.0,339.100006103516,up,2026-07-22T14:42:29,0.0,0.0
SPXW,2027-06-30,313,Put,8135.0,SPXW270630P08135000,557.7,558.8,558.25,0.0,0.0,0.0,0.0,0.0,0.1562,-0.547,0.0004,28.0005,-0.66,-40.2848,558.7023,0.0,0.0,0.0,572.350006103516,no_change,,0.0,0.0
SPXW,2027-06-30,313,Call,8140.0,SPXW270630C08140000,345.6,346.7,346.15,345.35,0.0,0.0,0.0,4.0,0.1561,0.4543,0.0004,27.9865,-0.674,26.5995,345.5792,0.0,0.0,0.0,336.700012207031,up,2026-08-20T13:35:50,0.0,0.0
SPXW,2027-06-30,313,Put,8140.0,SPXW270630P08140000,560.1,561.1,560.6,568.1,0.0,0.0,0.0,8.0,0.156,-0.5488,0.0004,27.9865,-0.6586,-40.4245,561.0895,0.0,0.0,0.0,574.700012207031,up,2026-08-20T13:36:37,0.0,0.0
SPXW,2027-06-30,313,Call,8145.0,SPXW270630C08145000,343.2,344.3,343.75,372.28,0.0,0.0,0.0,2.0,0.1559,0.4525,0.0004,27.972,-0.673,26.5007,343.1632,0.0,0.0,0.0,334.299987792969,up,2026-08-18T12:40:52,0.0,0.0
SPXW,2027-06-30,313,Put,8145.0,SPXW270630P08145000,562.5,563.5,563.0,0.0,0.0,0.0,0.0,0.0,0.1558,-0.5506,0.0004,27.972,-0.6572,-40.5643,563.4875,0.0,0.0,0.0,577.0,no_change,,0.0,0.0
SPXW,2027-06-30,313,Call,8150.0,SPXW270630C08150000,340.8,341.9,341.35,415.36,0.0,0.0,0.0,177.0,0.1557,0.4506,0.0004,27.9569,-0.6719,26.4019,340.7582,0.0,0.0,0.0,331.899993896484,down,2026-08-14T14:04:40,0.0,0.0
SPXW,2027-06-30,313,Put,8150.0,SPXW270630P08150000,564.9,566.0,565.45,532.23,0.0,0.0,0.0,10.0,0.1556,-0.5524,0.0004,27.9569,-0.6558,-40.7042,565.8964,0.0,0.0,0.0,579.450012207031,up,2026-08-13T12:09:05,0.0,0.0
SPXW,2027-06-30,313,Call,8155.0,SPXW270630C08155000,338.4,339.5,338.95,420.64,0.0,0.0,0.0,1.0,0.1556,0.4488,0.0004,27.9413,-0.6709,26.303,338.364,0.0,0.0,0.0,329.550003051758,down,2026-08-14T10:59:23,0.0,0.0
SPXW,2027-06-30,313,Put,8155.0,SPXW270630P08155000,567.3,568.4,567.8499999999999,0.0,0.0,0.0,0.0,0.0,0.1555,-0.5542,0.0004,27.9413,-0.6544,-40.844,568.3163,0.0,0.0,0.0,582.0,no_change,,0.0,0.0
SPXW,2027-06-30,313,Call,8160.0,SPXW270630C08160000,336.0,337.1,336.55,363.78,0.0,0.0,0.0,2.0,0.1554,0.447,0.0004,27.9252,-0.6698,26.2041,335.9807,0.0,0.0,0.0,327.100006103516,up,2026-08-18T12:33:48,0.0,0.0
SPXW,2027-06-30,313,Put,8160.0,SPXW270630P08160000,569.7,570.8,570.25,0.0,0.0,0.0,0.0,0.0,0.1553,-0.556,0.0004,27.9252,-0.653,-40.9838,570.747,0.0,0.0,0.0,584.450012207031,no_change,,0.0,0.0
SPXW,2027-06-30,313,Call,8165.0,SPXW270630C08165000,333.7,334.8,334.25,366.71,0.0,0.0,0.0,9.0,0.1552,0.4452,0.0004,27.9085,-0.6687,26.1053,333.6083,0.0,0.0,0.0,324.949996948242,up,2026-08-19T14:01:56,0.0,0.0
SPXW,2027-06-30,313,Put,8165.0,SPXW270630P08165000,572.2,573.2,572.7,580.4,0.0,0.0,0.0,7.0,0.1551,-0.5578,0.0004,27.9085,-0.6515,-41.1236,573.1887,0.0,0.0,0.0,586.700012207031,up,2026-08-20T13:38:16,0.0,0.0
SPXW,2027-06-30,313,Call,8170.0,SPXW270630C08170000,331.3,332.4,331.85,329.23,6.73,2.08682,6.0,71.0,0.155,0.4434,0.0004,27.8913,-0.6676,26.0065,331.2469,336.21,336.21,329.23,322.5,no_change,2026-08-21T14:38:56,0.0,0.0
SPXW,2027-06-30,313,Put,8170.0,SPXW270630P08170000,574.6,575.7,575.1500000000001,0.0,0.0,0.0,0.0,0.0,0.1549,-0.5596,0.0004,27.8913,-0.6501,-41.2634,575.6413,0.0,0.0,0.0,589.200012207031,no_change,,0.0,0.0
SPXW,2027-06-30,313,Call,8175.0,SPXW270630C08175000,329.0,330.1,329.55,366.32,0.0,0.0,0.0,5.0,0.1548,0.4416,0.0004,27.8736,-0.6664,25.9079,328.8964,0.0,0.0,0.0,320.100006103516,up,2026-08-19T10:33:50,0.0,0.0
SPXW,2027-06-30,313,Put,8175.0,SPXW270630P08175000,577.1,578.2,577.6500000000001,578.4,0.0,0.0,0.0,8.0,0.1548,-0.5614,0.0004,27.8736,-0.6486,-41.403,578.1048,0.0,0.0,0.0,591.850006103516,up,2026-08-20T12:56:53,0.0,0.0
SPXW,2027-06-30,313,Call,8180.0,SPXW270630C08180000,326.6,327.7,327.15,381.44,0.0,0.0,0.0,5.0,0.1547,0.4398,0.0004,27.8554,-0.6653,25.8093,326.5568,0.0,0.0,0.0,317.899993896484,up,2026-08-12T12:38:36,0.0,0.0
SPXW,2027-06-30,313,Put,8180.0,SPXW270630P08180000,579.6,580.6,580.1,0.0,0.0,0.0,0.0,0.0,0.1546,-0.5632,0.0004,27.8554,-0.6471,-41.5426,580.5793,0.0,0.0,0.0,594.350006103516,no_change,,0.0,0.0
SPXW,2027-06-30,313,Call,8185.0,SPXW270630C08185000,324.3,325.4,324.85,388.49,0.0,0.0,0.0,1.0,0.1545,0.438,0.0004,27.8367,-0.6642,25.7108,324.2282,0.0,0.0,0.0,315.550003051758,down,2026-08-05T11:41:16,0.0,0.0
SPXW,2027-06-30,313,Put,8185.0,SPXW270630P08185000,582.0,583.1,582.55,583.3,0.0,0.0,0.0,7.0,0.1544,-0.5651,0.0004,27.8367,-0.6457,-41.682,583.0647,0.0,0.0,0.0,596.700012207031,up,2026-08-20T12:56:53,0.0,0.0
SPXW,2027-06-30,313,Call,8190.0,SPXW270630C08190000,322.0,323.1,322.55,254.7,0.0,0.0,0.0,7.0,0.1543,0.4362,0.0004,27.8175,-0.663,25.6124,321.9106,0.0,0.0,0.0,313.149993896484,up,2026-07-31T15:32:57,0.0,0.0
SPXW,2027-06-30,313,Put,8190.0,SPXW270630P08190000,584.5,585.6,585.05,738.12,0.0,0.0,0.0,2.0,0.1542,-0.5669,0.0004,27.8175,-0.6442,-41.8214,585.5611,0.0,0.0,0.0,599.200012207031,down,2026-07-24T16:10:22,0.0,0.0
SPXW,2027-06-30,313,Call,8195.0,SPXW270630C08195000,319.7,320.8,320.25,349.73,0.0,0.0,0.0,10.0,0.1541,0.4343,0.0004,27.7978,-0.6619,25.5142,319.6039,0.0,0.0,0.0,311.0,down,2026-08-18T09:55:11,0.0,0.0
SPXW,2027-06-30,313,Put,8195.0,SPXW270630P08195000,587.0,588.1,587.55,0.0,0.0,0.0,0.0,0.0,0.154,-0.5687,0.0004,27.7978,-0.6427,-41.9606,588.0684,0.0,0.0,0.0,601.950012207031,no_change,,0.0,0.0
SPXW,2027-06-30,313,Call,8200.0,SPXW270630C08200000,317.4,318.5,317.95,401.9,0.0,0.0,0.0,112.0,0.1539,0.4325,0.0004,27.7776,-0.6607,25.416,317.3082,0.0,0.0,0.0,308.899993896484,up,2026-08-13T13:18:47,0.0,0.0
SPXW,2027-06-30,313,Put,8200.0,SPXW270630P08200000,589.6,590.6,590.1,557.45,0.0,0.0,0.0,5.0,0.1538,-0.5705,0.0004,27.7776,-0.6411,-42.0997,590.5867,0.0,0.0,0.0,604.25,up,2026-08-14T11:58:03,0.0,0.0
SPXW,2027-06-30,313,Call,8225.0,SPXW270630C08225000,306.1,307.1,306.6,338.31,0.0,0.0,0.0,144.0,0.1531,0.4234,0.0004,27.6687,-0.6547,24.9255,305.9942,0.0,0.0,0.0,297.600006103516,up,2026-08-18T10:37:36,0.0,0.0
SPXW,2027-06-30,313,Put,8225.0,SPXW270630P08225000,602.3,603.4,602.8499999999999,602.39,0.0,0.0,0.0,1.0,0.153,-0.5796,0.0004,27.6687,-0.6334,-42.7951,603.3429,0.0,0.0,0.0,617.299987792969,down,2026-08-04T11:25:36,0.0,0.0
SPXW,2027-06-30,313,Call,8250.0,SPXW270630C08250000,295.0,296.1,295.55,364.99,0.0,0.0,0.0,59.0,0.1522,0.4143,0.0004,27.5462,-0.6484,24.4326,294.9559,0.0,0.0,0.0,286.75,up,2026-08-14T13:32:48,0.0,0.0
SPXW,2027-06-30,313,Put,8250.0,SPXW270630P08250000,615.3,616.4,615.8499999999999,581.51,0.0,0.0,0.0,59.0,0.1522,-0.5887,0.0004,27.5462,-0.6254,-43.4929,616.3747,0.0,0.0,0.0,630.5,down,2026-08-14T11:25:28,0.0,0.0
SPXW,2027-06-30,313,Call,8275.0,SPXW270630C08275000,284.2,285.3,284.75,286.05,10.0,3.62253,8.0,281.0,0.1514,0.4052,0.0004,27.4088,-0.6419,23.9328,284.1959,287.3,288.2,285.53,276.050003051758,down,2026-08-21T15:42:13,0.0,0.0
SPXW,2027-06-30,313,Put,8275.0,SPXW270630P08275000,628.6,629.6,629.1,586.84,0.0,0.0,0.0,145.0,0.1514,-0.5978,0.0004,27.4088,-0.6172,-44.1975,629.6848,0.0,0.0,0.0,643.900024414062,up,2026-08-14T10:19:34,0.0,0.0
SPXW,2027-06-30,313,Call,8300.0,SPXW270630C08300000,273.7,274.8,274.25,328.85,0.0,0.0,0.0,46.0,0.1506,0.3961,0.0004,27.2553,-0.6352,23.4243,273.7175,0.0,0.0,0.0,265.650009155273,down,2026-08-17T14:41:22,0.0,0.0
SPXW,2027-06-30,313,Put,8300.0,SPXW270630P08300000,642.1,643.2,642.6500000000001,647.0,-10.55,-1.60444,6.0,3.0,0.1505,-0.607,0.0004,27.2553,-0.6087,-44.9109,643.2766,647.0,647.0,647.0,657.549987792969,up,2026-08-21T09:40:28,0.0,0.0
SPXW,2027-06-30,313,Call,8325.0,SPXW270630C08325000,263.5,264.5,264.0,263.17,7.62,2.9818,22.0,62.0,0.1498,0.387,0.0004,27.0856,-0.6282,22.9094,263.5234,262.06,263.17,261.95,255.550003051758,up,2026-08-21T09:50:53,0.0,0.0
SPXW,2027-06-30,313,Put,8325.0,SPXW270630P08325000,655.9,657.0,656.45,790.8,0.0,0.0,0.0,3.0,0.1497,-0.6161,0.0004,27.0856,-0.6,-45.6306,657.1525,0.0,0.0,0.0,671.5,down,2026-07-30T15:13:05,0.0,0.0
SPXW,2027-06-30,313,Call,8350.0,SPXW270630C08350000,253.5,254.6,254.05,283.33,0.0,0.0,0.0,485.0,0.1491,0.3779,0.0004,26.9011,-0.621,22.3933,253.6139,0.0,0.0,0.0,245.75,up,2026-08-19T14:02:59,0.0,0.0
SPXW,2027-06-30,313,Put,8350.0,SPXW270630P08350000,670.0,671.1,670.55,642.89,0.0,0.0,0.0,14.0,0.1489,-0.6251,0.0004,26.9011,-0.5911,-46.3516,671.3131,0.0,0.0,0.0,685.600006103516,up,2026-08-17T15:29:30,0.0,0.0
SPXW,2027-06-30,313,Call,8375.0,SPXW270630C08375000,243.8,244.9,244.35000000000002,245.51,9.31,3.94158,8.0,40.0,0.1483,0.3688,0.0004,26.704,-0.6136,21.882,243.9866,242.21,247.5,242.08,236.199996948242,down,2026-08-21T11:23:13,0.0,0.0
SPXW,2027-06-30,313,Put,8375.0,SPXW270630P08375000,684.4,685.4,684.9,0.0,0.0,0.0,0.0,3.0,0.1482,-0.6342,0.0004,26.704,-0.5819,-47.0678,685.756,0.0,0.0,0.0,700.399993896484,no_change,,0.0,0.0
SPXW,2027-06-30,313,Call,8400.0,SPXW270630C08400000,234.4,235.5,234.95,261.87,0.0,0.0,0.0,21.0,0.1476,0.3598,0.0004,26.4958,-0.6059,21.3776,234.6375,0.0,0.0,0.0,226.949996948242,down,2026-08-19T14:04:47,0.0,0.0
SPXW,2027-06-30,313,Put,8400.0,SPXW270630P08400000,699.0,700.1,699.55,692.81,0.0,0.0,0.0,67.0,0.1475,-0.6432,0.0004,26.4958,-0.5726,-47.777,700.477,0.0,0.0,0.0,715.199981689453,down,2026-08-18T15:50:15,0.0,0.0
SPXW,2027-06-30,313,Call,8425.0,SPXW270630C08425000,225.3,226.3,225.8,222.31,4.41,2.02387,2.0,28.0,0.1469,0.3509,0.0004,26.2769,-0.598,20.8784,225.562,222.4,222.4,222.31,217.899993896484,down,2026-08-21T10:44:23,0.0,0.0
SPXW,2027-06-30,313,Put,8425.0,SPXW270630P08425000,713.9,715.0,714.45,671.1,0.0,0.0,0.0,11.0,0.1468,-0.6521,0.0004,26.2769,-0.563,-48.4811,715.4716,0.0,0.0,0.0,730.099975585938,down,2026-08-14T12:53:15,0.0,0.0
SPXW,2027-06-30,313,Call,8450.0,SPXW270630C08450000,216.4,217.4,216.9,245.4,0.0,0.0,0.0,29.0,0.1462,0.342,0.0004,26.046,-0.59,20.3797,216.7567,0.0,0.0,0.0,209.25,down,2026-08-19T10:35:14,0.0,0.0
SPXW,2027-06-30,313,Put,8450.0,SPXW270630P08450000,729.1,730.2,729.6500000000001,930.0,0.0,0.0,0.0,6.0,0.1461,-0.661,0.0004,26.046,-0.5532,-49.1847,730.7365,0.0,0.0,0.0,745.600006103516,up,2026-06-24T09:41:41,0.0,0.0
SPXW,2027-06-30,313,Call,8475.0,SPXW270630C08475000,207.9,208.8,208.35000000000002,214.51,13.71,6.82769,2.0,63.0,0.1456,0.3332,0.0004,25.801,-0.5818,19.8774,208.2197,214.44,214.51,214.44,200.799995422363,up,2026-08-21T12:03:56,0.0,0.0
SPXW,2027-06-30,313,Put,8475.0,SPXW270630P08475000,744.6,745.6,745.1,693.6,0.0,0.0,0.0,6.0,0.1454,-0.6699,0.0004,25.801,-0.5433,-49.8919,746.2695,0.0,0.0,0.0,761.199981689453,down,2026-08-14T10:40:15,0.0,0.0
SPXW,2027-06-30,313,Call,8500.0,SPXW270630C08500000,199.5,200.5,200.0,206.64,13.99,7.26187,10.0,88.0,0.145,0.3244,0.0004,25.5407,-0.5734,19.371,199.9493,209.41,209.57,206.64,192.650001525879,down,2026-08-21T12:01:56,0.0,0.0
SPXW,2027-06-30,313,Put,8500.0,SPXW270630P08500000,760.3,761.5,760.9,713.72,0.0,0.0,0.0,10.0,0.1448,-0.6786,0.0004,25.5407,-0.5332,-50.6031,762.0693,0.0,0.0,0.0,776.850006103516,up,2026-08-17T11:57:21,0.0,0.0
SPXW,2027-06-30,313,Call,8525.0,SPXW270630C08525000,191.5,192.5,192.0,197.07,12.32,6.66847,4.0,35.0,0.1444,0.3157,0.0004,25.2659,-0.5648,18.8646,191.9428,196.79,197.25,196.79,184.75,up,2026-08-21T12:05:06,0.0,0.0
SPXW,2027-06-30,313,Put,8525.0,SPXW270630P08525000,776.3,777.4,776.8499999999999,0.0,0.0,0.0,0.0,0.0,0.1442,-0.6873,0.0004,25.2659,-0.5229,-51.3144,778.1329,0.0,0.0,0.0,793.199981689453,no_change,,0.0,0.0
SPXW,2027-06-30,313,Call,8550.0,SPXW270630C08550000,183.7,184.7,184.2,213.63,0.0,0.0,0.0,148.0,0.1438,0.3071,0.0004,24.9791,-0.5561,18.3639,184.1954,0.0,0.0,0.0,177.099998474121,down,2026-08-19T12:09:14,0.0,0.0
SPXW,2027-06-30,313,Put,8550.0,SPXW270630P08550000,792.6,793.6,793.1,752.87,0.0,0.0,0.0,1.0,0.1436,-0.6959,0.0004,24.9791,-0.5124,-52.0199,794.4556,0.0,0.0,0.0,810.0,up,2026-08-12T15:41:48,0.0,0.0
SPXW,2027-06-30,313,Call,8575.0,SPXW270630C08575000,176.2,177.1,176.64999999999998,185.88,0.0,0.0,0.0,30.0,0.1432,0.2986,0.0003,24.6834,-0.5472,17.8733,176.7001,0.0,0.0,0.0,169.75,down,2026-08-20T11:07:58,0.0,0.0
SPXW,2027-06-30,313,Put,8575.0,SPXW270630P08575000,804.3,815.3,809.8,789.8,0.0,0.0,0.0,1.0,0.1429,-0.7044,0.0003,24.6834,-0.5018,-52.7154,811.0304,0.0,0.0,0.0,826.649993896484,up,2026-08-06T13:22:20,0.0,0.0
SPXW,2027-06-30,313,Call,8600.0,SPXW270630C08600000,168.9,169.9,169.4,163.68,0.0,0.0,0.0,137.0,0.1427,0.2902,0.0003,24.3807,-0.5382,17.3928,169.4492,0.0,0.0,0.0,162.599998474121,no_change,2026-08-20T15:39:44,0.0,0.0
SPXW,2027-06-30,313,Put,8600.0,SPXW270630P08600000,821.0,832.1,826.55,815.63,0.0,0.0,0.0,4.0,0.1428,-0.7128,0.0003,24.3807,-0.4911,-53.4008,827.8497,0.0,0.0,0.0,843.600006103516,up,2026-08-18T15:47:09,0.0,0.0
SPXW,2027-06-30,313,Call,8625.0,SPXW270630C08625000,161.9,162.8,162.35000000000002,156.73,0.0,0.0,0.0,59.0,0.1422,0.2819,0.0003,24.071,-0.5291,16.9185,162.4363,0.0,0.0,0.0,155.75,no_change,2026-08-20T15:39:44,0.0,0.0
SPXW,2027-06-30,313,Put,8625.0,SPXW270630P08625000,838.0,849.2,843.6,0.0,0.0,0.0,0.0,0.0,0.1415,-0.7211,0.0003,24.071,-0.4802,-54.0799,844.9069,0.0,0.0,0.0,860.699981689453,no_change,,0.0,0.0
SPXW,2027-06-30,313,Call,8650.0,SPXW270630C08650000,155.1,156.1,155.6,168.49,0.0,0.0,0.0,100.0,0.1417,0.2737,0.0003,23.752,-0.5198,16.4459,155.6565,0.0,0.0,0.0,149.099998474121,down,2026-08-19T15:57:11,0.0,0.0
SPXW,2027-06-30,313,Put,8650.0,SPXW270630P08650000,855.2,866.6,860.9000000000001,856.48,-21.62,-2.46213,2.0,13.0,0.1413,-0.7293,0.0003,23.752,-0.4692,-54.7574,862.1972,856.48,856.48,856.48,878.100006103516,no_change,2026-08-21T15:41:50,0.0,0.0
SPXW,2027-06-30,313,Call,8675.0,SPXW270630C08675000,148.6,149.5,149.05,169.42,0.0,0.0,0.0,270.0,0.1412,0.2656,0.0003,23.4214,-0.5104,15.9725,149.1065,0.0,0.0,0.0,142.700004577637,down,2026-08-18T09:58:49,0.0,0.0
SPXW,2027-06-30,313,Put,8675.0,SPXW270630P08675000,872.6,884.1,878.35,838.1,0.0,0.0,0.0,4.0,0.141,-0.7374,0.0003,23.4214,-0.4581,-55.4356,879.7173,0.0,0.0,0.0,895.700012207031,down,2026-08-07T10:23:47,0.0,0.0
SPXW,2027-06-30,313,Call,8700.0,SPXW270630C08700000,142.3,143.2,142.75,146.77,0.0,0.0,0.0,22.0,0.1407,0.2577,0.0003,23.0786,-0.501,15.5003,142.7827,0.0,0.0,0.0,136.550003051758,up,2026-08-20T12:10:56,0.0,0.0
SPXW,2027-06-30,313,Put,8700.0,SPXW270630P08700000,890.3,901.9,896.0999999999999,867.67,0.0,0.0,0.0,99.0,0.1406,-0.7453,0.0003,23.0786,-0.447,-56.1127,897.4636,0.0,0.0,0.0,913.549987792969,up,2026-08-19T15:19:11,0.0,0.0
SPXW,2027-06-30,313,Call,8725.0,SPXW270630C08725000,136.2,137.1,136.64999999999998,144.18,0.0,0.0,0.0,554.0,0.1403,0.2498,0.0003,22.7251,-0.4914,15.034,136.6804,0.0,0.0,0.0,130.599998474121,down,2026-08-20T11:07:58,0.0,0.0
SPXW,2027-06-30,313,Put,8725.0,SPXW270630P08725000,909.3,919.8,914.55,869.71,0.0,0.0,0.0,8.0,0.1402,-0.7532,0.0003,22.7251,-0.4357,-56.7839,915.4315,0.0,0.0,0.0,931.700012207031,up,2026-08-17T15:29:30,0.0,0.0
SPXW,2027-06-30,313,Call,8750.0,SPXW270630C08750000,130.3,131.2,130.75,124.94,0.0,0.0,0.0,102.0,0.1399,0.2421,0.0003,22.3646,-0.4818,14.5787,130.7931,0.0,0.0,0.0,124.900001525879,down,2026-08-20T14:34:22,0.0,0.0
SPXW,2027-06-30,313,Put,8750.0,SPXW270630P08750000,927.5,938.0,932.75,870.87,0.0,0.0,0.0,5.0,0.1397,-0.7609,0.0003,22.3646,-0.4243,-57.444,933.6143,0.0,0.0,0.0,950.0,up,2026-08-14T13:27:35,0.0,0.0
SPXW,2027-06-30,313,Call,8755.0,SPXW270630C08755000,129.2,130.1,129.64999999999998,141.36,0.0,0.0,0.0,74.0,0.1398,0.2406,0.0003,22.2919,-0.4798,14.4891,129.6408,0.0,0.0,0.0,123.799999237061,up,2026-08-18T14:07:35,0.0,0.0
SPXW,2027-06-30,313,Put,8755.0,SPXW270630P08755000,931.1,941.7,936.4000000000001,0.0,0.0,0.0,0.0,0.0,0.1393,-0.7624,0.0003,22.2919,-0.422,-57.5746,937.276,0.0,0.0,0.0,953.649993896484,no_change,,0.0,0.0
SPXW,2027-06-30,313,Call,8760.0,SPXW270630C08760000,128.0,128.9,128.45,130.01,0.0,0.0,0.0,5.0,0.1397,0.2391,0.0003,22.2191,-0.4779,14.4001,128.4967,0.0,0.0,0.0,122.599998474121,down,2026-08-20T13:09:38,0.0,0.0
SPXW,2027-06-30,313,Put,8760.0,SPXW270630P08760000,934.8,945.4,940.0999999999999,0.0,0.0,0.0,0.0,0.0,0.1389,-0.7639,0.0003,22.2191,-0.4197,-57.7046,940.9459,0.0,0.0,0.0,957.350006103516,no_change,,0.0,0.0
SPXW,2027-06-30,313,Call,8765.0,SPXW270630C08765000,126.9,127.8,127.35,170.61,0.0,0.0,0.0,40.0,0.1396,0.2376,0.0003,22.1462,-0.4759,14.3115,127.3608,0.0,0.0,0.0,121.5,down,2026-08-04T14:55:11,0.0,0.0
SPXW,2027-06-30,313,Put,8765.0,SPXW270630P08765000,938.4,949.1,943.75,0.0,0.0,0.0,0.0,0.0,0.1399,-0.7654,0.0003,22.1462,-0.4174,-57.8341,944.6241,0.0,0.0,0.0,961.050018310547,no_change,,0.0,0.0
SPXW,2027-06-30,313,Call,8770.0,SPXW270630C08770000,125.8,126.7,126.25,171.22,0.0,0.0,0.0,134.0,0.1396,0.2361,0.0003,22.0732,-0.474,14.2234,126.233,0.0,0.0,0.0,120.400001525879,down,2026-08-04T15:08:31,0.0,0.0
SPXW,2027-06-30,313,Put,8770.0,SPXW270630P08770000,942.1,952.7,947.4000000000001,898.85,0.0,0.0,0.0,1.0,0.1395,-0.767,0.0003,22.0732,-0.4151,-57.9632,948.3103,0.0,0.0,0.0,964.75,up,2026-08-17T13:33:26,0.0,0.0
SPXW,2027-06-30,313,Call,8775.0,SPXW270630C08775000,124.7,125.6,125.15,167.01,0.0,0.0,0.0,351.0,0.1395,0.2346,0.0003,22.0002,-0.472,14.1358,125.1133,0.0,0.0,0.0,119.400001525879,up,2026-08-05T11:21:10,0.0,0.0
SPXW,2027-06-30,313,Put,8775.0,SPXW270630P08775000,945.8,956.4,951.0999999999999,891.54,0.0,0.0,0.0,32.0,0.1391,-0.7685,0.0003,22.0002,-0.4128,-58.0918,952.0046,0.0,0.0,0.0,968.449981689453,down,2026-08-17T12:35:04,0.0,0.0
SPXW,2027-06-30,313,Call,8780.0,SPXW270630C08780000,123.6,124.5,124.05,154.51,0.0,0.0,0.0,7.0,0.1394,0.233,0.0003,21.927,-0.4701,14.0486,124.0017,0.0,0.0,0.0,118.299999237061,up,2026-08-12T14:09:15,0.0,0.0
SPXW,2027-06-30,313,Put,8780.0,SPXW270630P08780000,949.5,960.2,954.85,950.29,-21.96,-2.25868,2.0,240.0,0.1387,-0.77,0.0003,21.927,-0.4106,-58.22,955.707,949.22,950.29,949.22,972.25,up,2026-08-21T12:15:03,0.0,0.0
SPXW,2027-06-30,313,Call,8785.0,SPXW270630C08785000,122.5,123.3,122.9,0.0,0.0,0.0,0.0,0.0,0.1393,0.2316,0.0003,21.8537,-0.4681,13.9617,122.898,0.0,0.0,0.0,117.200000762939,no_change,,0.0,0.0
SPXW,2027-06-30,313,Put,8785.0,SPXW270630P08785000,953.2,963.8,958.5,927.02,0.0,0.0,0.0,1.0,0.1397,-0.7715,0.0003,21.8537,-0.4082,-58.3478,959.4173,0.0,0.0,0.0,975.949981689453,up,2026-08-11T15:00:38,0.0,0.0
SPXW,2027-06-30,313,Call,8790.0,SPXW270630C08790000,121.4,122.3,121.85,0.0,0.0,0.0,0.0,0.0,0.1392,0.2301,0.0003,21.7804,-0.4662,13.8752,121.8022,0.0,0.0,0.0,116.099998474121,no_change,,0.0,0.0
SPXW,2027-06-30,313,Put,8790.0,SPXW270630P08790000,956.9,967.6,962.25,910.47,0.0,0.0,0.0,0.0,0.1392,-0.773,0.0003,21.7804,-0.406,-58.4753,963.1356,0.0,0.0,0.0,979.699981689453,up,2026-08-12T14:06:32,0.0,0.0
SPXW,2027-06-30,313,Call,8795.0,SPXW270630C08795000,120.3,121.2,120.75,124.6,0.0,0.0,0.0,0.0,0.1392,0.2286,0.0003,21.7069,-0.4642,13.789,120.7143,0.0,0.0,0.0,115.099998474121,up,2026-07-09T14:48:00,0.0,0.0
SPXW,2027-06-30,313,Put,8795.0,SPXW270630P08795000,960.6,971.2,965.9000000000001,0.0,0.0,0.0,0.0,0.0,0.1388,-0.7744,0.0003,21.7069,-0.4036,-58.6025,966.8617,0.0,0.0,0.0,983.449981689453,no_change,,0.0,0.0
SPXW,2027-06-30,313,Call,8800.0,SPXW270630C08800000,119.2,120.1,119.65,120.3,6.3,5.52632,10.0,24.0,0.1391,0.2271,0.0003,21.6334,-0.4623,13.7031,119.6342,120.3,120.3,120.3,114.0,down,2026-08-21T15:02:43,0.0,0.0
SPXW,2027-06-30,313,Put,8800.0,SPXW270630P08800000,964.3,975.1,969.7,0.0,0.0,0.0,0.0,0.0,0.1384,-0.7759,0.0003,21.6334,-0.4013,-58.7294,970.5957,0.0,0.0,0.0,987.199981689453,no_change,,0.0,0.0
SPXW,2027-06-30,313,Call,8805.0,SPXW270630C08805000,118.2,119.0,118.6,0.0,0.0,0.0,0.0,0.0,0.139,0.2256,0.0003,21.5597,-0.4603,13.6173,118.562,0.0,0.0,0.0,113.0,no_change,,0.0,0.0
SPXW,2027-06-30,313,Put,8805.0,SPXW270630P08805000,968.1,978.8,973.45,0.0,0.0,0.0,0.0,0.0,0.1394,-0.7774,0.0003,21.5597,-0.399,-58.8561,974.3375,0.0,0.0,0.0,991.0,no_change,,0.0,0.0
SPXW,2027-06-30,313,Call,8810.0,SPXW270630C08810000,117.1,118.0,117.55,0.0,0.0,0.0,0.0,0.0,0.1389,0.2242,0.0003,21.4858,-0.4583,13.5318,117.4976,0.0,0.0,0.0,112.0,no_change,,0.0,0.0
SPXW,2027-06-30,313,Put,8810.0,SPXW270630P08810000,971.8,982.6,977.2,0.0,0.0,0.0,0.0,0.0,0.1389,-0.7789,0.0003,21.4858,-0.3967,-58.9826,978.087,0.0,0.0,0.0,994.800018310547,no_change,,0.0,0.0
SPXW,2027-06-30,313,Call,8815.0,SPXW270630C08815000,116.1,116.9,116.5,154.1,0.0,0.0,0.0,84.0,0.1389,0.2227,0.0003,21.4118,-0.4564,13.4464,116.4409,0.0,0.0,0.0,110.900001525879,up,2026-08-10T12:19:34,0.0,0.0
SPXW,2027-06-30,313,Put,8815.0,SPXW270630P08815000,975.5,986.2,980.85,0.0,0.0,0.0,0.0,0.0,0.1385,-0.7803,0.0003,21.4118,-0.3944,-59.109,981.8443,0.0,0.0,0.0,998.549987792969,no_change,,0.0,0.0
SPXW,2027-06-30,313,Call,8820.0,SPXW270630C08820000,115.0,115.9,115.45,144.9,0.0,0.0,0.0,2.0,0.1388,0.2212,0.0003,21.3375,-0.4544,13.3611,115.3919,0.0,0.0,0.0,109.900001525879,down,2026-08-04T11:55:05,0.0,0.0
SPXW,2027-06-30,313,Put,8820.0,SPXW270630P08820000,979.3,990.1,984.7,0.0,0.0,0.0,0.0,0.0,0.138,-0.7818,0.0003,21.3375,-0.3921,-59.2352,985.6094,0.0,0.0,0.0,1002.35000610352,no_change,,0.0,0.0
SPXW,2027-06-30,313,Call,8825.0,SPXW270630C08825000,113.9,114.8,114.35,149.04,0.0,0.0,0.0,1.0,0.1387,0.2198,0.0003,21.2631,-0.4524,13.276,114.3506,0.0,0.0,0.0,108.900001525879,up,2026-08-05T13:38:13,0.0,0.0
SPXW,2027-06-30,313,Put,8825.0,SPXW270630P08825000,983.1,993.8,988.45,0.0,0.0,0.0,0.0,0.0,0.139,-0.7833,0.0003,21.2631,-0.3898,-59.3614,989.3821,0.0,0.0,0.0,1006.14999389648,no_change,,0.0,0.0
SPXW,2027-06-30,313,Call,8830.0,SPXW270630C08830000,113.0,113.8,113.4,141.77,0.0,0.0,0.0,11.0,0.1386,0.2183,0.0003,21.1884,-0.4505,13.1909,113.317,0.0,0.0,0.0,107.900001525879,down,2026-08-04T11:44:18,0.0,0.0
SPXW,2027-06-30,313,Put,8830.0,SPXW270630P08830000,986.8,997.7,992.25,0.0,0.0,0.0,0.0,0.0,0.1386,-0.7847,0.0003,21.1884,-0.3875,-59.4874,993.1625,0.0,0.0,0.0,1009.95001220703,no_change,,0.0,0.0
SPXW,2027-06-30,313,Call,8835.0,SPXW270630C08835000,111.9,112.8,112.35,141.21,0.0,0.0,0.0,37.0,0.1385,0.2169,0.0003,21.1134,-0.4485,13.1058,112.291,0.0,0.0,0.0,106.900001525879,down,2026-08-06T10:44:01,0.0,0.0
SPXW,2027-06-30,313,Put,8835.0,SPXW270630P08835000,990.6,1001.5,996.05,0.0,0.0,0.0,0.0,0.0,0.1381,-0.7862,0.0003,21.1134,-0.3852,-59.6134,996.9506,0.0,0.0,0.0,1013.75,no_change,,0.0,0.0
SPXW,2027-06-30,313,Call,8840.0,SPXW270630C08840000,110.9,111.8,111.35,121.47,0.0,0.0,0.0,2.0,0.1385,0.2154,0.0003,21.0381,-0.4465,13.0209,111.2726,0.0,0.0,0.0,105.900001525879,down,2026-07-10T13:36:35,0.0,0.0
SPXW,2027-06-30,313,Put,8840.0,SPXW270630P08840000,994.4,1005.3,999.8499999999999,0.0,0.0,0.0,0.0,0.0,0.1377,-0.7876,0.0003,21.0381,-0.3829,-59.7394,1000.7462,0.0,0.0,0.0,1017.54998779297,no_change,,0.0,0.0
SPXW,2027-06-30,313,Call,8845.0,SPXW270630C08845000,109.9,110.8,110.35,144.85,0.0,0.0,0.0,3.0,0.1384,0.214,0.0003,20.9626,-0.4446,12.936,110.2619,0.0,0.0,0.0,105.0,up,2026-08-10T15:59:04,0.0,0.0
SPXW,2027-06-30,313,Put,8845.0,SPXW270630P08845000,998.2,1009.1,1003.6500000000001,0.0,0.0,0.0,0.0,0.0,0.1387,-0.789,0.0003,20.9626,-0.3805,-59.8652,1004.5495,0.0,0.0,0.0,1021.45001220703,no_change,,0.0,0.0
SPXW,2027-06-30,313,Call,8850.0,SPXW270630C08850000,108.9,109.8,109.35,122.12,0.0,0.0,0.0,4.0,0.1383,0.2126,0.0003,20.8867,-0.4426,12.8512,109.2587,0.0,0.0,0.0,104.0,up,2026-08-18T11:28:12,0.0,0.0
SPXW,2027-06-30,313,Put,8850.0,SPXW270630P08850000,1002.0,1012.9,1007.45,0.0,0.0,0.0,0.0,0.0,0.1382,-0.7904,0.0003,20.8867,-0.3782,-59.991,1008.3604,0.0,0.0,0.0,1025.24996948242,no_change,,0.0,0.0
SPXW,2027-06-30,313,Call,8855.0,SPXW270630C08855000,107.9,108.8,108.35,86.7,0.0,0.0,0.0,9.0,0.1383,0.2112,0.0003,20.8105,-0.4406,12.7664,108.2631,0.0,0.0,0.0,103.0,down,2026-08-03T09:56:34,0.0,0.0
SPXW,2027-06-30,313,Put,8855.0,SPXW270630P08855000,1005.8,1016.7,1011.25,0.0,0.0,0.0,0.0,0.0,0.1377,-0.7919,0.0003,20.8105,-0.3759,-60.1167,1012.1788,0.0,0.0,0.0,1029.09997558594,no_change,,0.0,0.0
SPXW,2027-06-30,313,Call,8860.0,SPXW270630C08860000,106.9,107.8,107.35,0.0,0.0,0.0,0.0,1.0,0.1382,0.2097,0.0003,20.7339,-0.4386,12.6818,107.275,0.0,0.0,0.0,102.099998474121,no_change,,0.0,0.0
SPXW,2027-06-30,313,Put,8860.0,SPXW270630P08860000,1009.6,1020.5,1015.05,959.02,0.0,0.0,0.0,1.0,0.1372,-0.7933,0.0003,20.7339,-0.3736,-60.2424,1016.0047,0.0,0.0,0.0,1032.95001220703,up,2026-08-12T14:13:27,0.0,0.0
SPXW,2027-06-30,313,Call,8865.0,SPXW270630C08865000,106.0,106.8,106.4,123.39,0.0,0.0,0.0,2.0,0.1381,0.2083,0.0003,20.657,-0.4367,12.5972,106.2944,0.0,0.0,0.0,101.099998474121,down,2026-08-19T09:43:16,0.0,0.0
SPXW,2027-06-30,313,Put,8865.0,SPXW270630P08865000,1013.4,1024.4,1018.9000000000001,0.0,0.0,0.0,0.0,0.0,0.1382,-0.7947,0.0003,20.657,-0.3713,-60.3679,1019.8381,0.0,0.0,0.0,1036.80004882812,no_change,,0.0,0.0
SPXW,2027-06-30,313,Call,8870.0,SPXW270630C08870000,105.0,105.8,105.4,0.0,0.0,0.0,0.0,0.0,0.138,0.2069,0.0003,20.5798,-0.4347,12.5128,105.3213,0.0,0.0,0.0,100.200000762939,no_change,,0.0,0.0
SPXW,2027-06-30,313,Put,8870.0,SPXW270630P08870000,1017.3,1028.1,1022.6999999999999,0.0,0.0,0.0,0.0,0.0,0.1377,-0.7961,0.0003,20.5798,-0.3689,-60.4932,1023.6791,0.0,0.0,0.0,1040.69995117188,no_change,,0.0,0.0
SPXW,2027-06-30,313,Call,8875.0,SPXW270630C08875000,104.0,104.9,104.45,141.92,0.0,0.0,0.0,5.0,0.138,0.2055,0.0003,20.5022,-0.4327,12.4286,104.3556,0.0,0.0,0.0,99.25,up,2026-08-10T10:33:00,0.0,0.0
SPXW,2027-06-30,313,Put,8875.0,SPXW270630P08875000,1021.1,1032.1,1026.6,995.6,0.0,0.0,0.0,1.0,0.1372,-0.7975,0.0003,20.5022,-0.3666,-60.6184,1027.5274,0.0,0.0,0.0,1044.59997558594,up,2026-08-19T09:44:54,0.0,0.0
SPXW,2027-06-30,313,Call,8880.0,SPXW270630C08880000,103.1,103.9,103.5,150.57,0.0,0.0,0.0,4.0,0.1379,0.2041,0.0003,20.4243,-0.4307,12.3449,103.3974,0.0,0.0,0.0,98.2999992370606,no_change,2026-08-13T10:18:07,0.0,0.0
SPXW,2027-06-30,313,Put,8880.0,SPXW270630P08880000,1025.0,1035.9,1030.45,995.37,0.0,0.0,0.0,1.0,0.1382,-0.7989,0.0003,20.4243,-0.3643,-60.7431,1031.3832,0.0,0.0,0.0,1048.5,up,2026-08-11T15:05:32,0.0,0.0
SPXW,2027-06-30,313,Call,8885.0,SPXW270630C08885000,102.1,103.0,102.55,72.65,0.0,0.0,0.0,1.0,0.1378,0.2028,0.0003,20.3461,-0.4288,12.2612,102.4465,0.0,0.0,0.0,97.4000015258789,up,2026-07-27T10:06:52,0.0,0.0
SPXW,2027-06-30,313,Put,8885.0,SPXW270630P08885000,1028.8,1039.8,1034.3,0.0,0.0,0.0,0.0,0.0,0.1377,-0.8003,0.0003,20.3461,-0.362,-60.8678,1035.2463,0.0,0.0,0.0,1052.35003662109,no_change,,0.0,0.0
SPXW,2027-06-30,313,Call,8890.0,SPXW270630C08890000,101.2,102.0,101.6,129.3,0.0,0.0,0.0,1.0,0.1377,0.2014,0.0003,20.2675,-0.4268,12.1778,101.5029,0.0,0.0,0.0,96.5,down,2026-08-11T12:45:18,0.0,0.0
SPXW,2027-06-30,313,Put,8890.0,SPXW270630P08890000,1032.7,1043.7,1038.2,0.0,0.0,0.0,0.0,0.0,0.1372,-0.8017,0.0003,20.2675,-0.3596,-60.9921,1039.1168,0.0,0.0,0.0,1056.25,no_change,,0.0,0.0
SPXW,2027-06-30,313,Call,8895.0,SPXW270630C08895000,100.3,101.1,100.69999999999999,0.0,0.0,0.0,0.0,0.0,0.1377,0.2,0.0003,20.1888,-0.4248,12.0948,100.5666,0.0,0.0,0.0,95.5999984741211,no_change,,0.0,0.0
SPXW,2027-06-30,313,Put,8895.0,SPXW270630P08895000,1036.5,1047.6,1042.05,0.0,0.0,0.0,0.0,0.0,0.1367,-0.803,0.0003,20.1888,-0.3573,-61.1161,1042.9945,0.0,0.0,0.0,1060.14996337891,no_change,,0.0,0.0
SPXW,2027-06-30,313,Call,8900.0,SPXW270630C08900000,99.4,100.2,99.80000000000001,112.18,0.0,0.0,0.0,62.0,0.1376,0.1986,0.0003,20.1097,-0.4228,12.0122,99.6376,0.0,0.0,0.0,94.7000007629394,up,2026-08-18T12:59:09,0.0,0.0
SPXW,2027-06-30,313,Put,8900.0,SPXW270630P08900000,1040.4,1051.5,1045.95,0.0,0.0,0.0,0.0,0.0,0.1377,-0.8044,0.0003,20.1097,-0.355,-61.2397,1046.8795,0.0,0.0,0.0,1064.04998779297,no_change,,0.0,0.0
SPXW,2027-06-30,313,Call,8905.0,SPXW270630C08905000,98.4,99.3,98.85,56.09,0.0,0.0,0.0,1.0,0.1375,0.1973,0.0003,20.0305,-0.4208,11.9301,98.7158,0.0,0.0,0.0,93.7999992370606,down,2026-07-30T11:20:11,0.0,0.0
SPXW,2027-06-30,313,Put,8905.0,SPXW270630P08905000,1044.3,1055.4,1049.85,0.0,0.0,0.0,0.0,0.0,0.1372,-0.8058,0.0003,20.0305,-0.3527,-61.3628,1050.7717,0.0,0.0,0.0,1068.04998779297,no_change,,0.0,0.0
SPXW,2027-06-30,313,Call,8910.0,SPXW270630C08910000,97.5,98.3,97.9,60.1,0.0,0.0,0.0,2.0,0.1375,0.1959,0.0003,19.951,-0.4188,11.8484,97.8011,0.0,0.0,0.0,92.9000015258789,down,2026-07-30T10:42:16,0.0,0.0
SPXW,2027-06-30,313,Put,8910.0,SPXW270630P08910000,1048.2,1059.2,1053.7,0.0,0.0,0.0,0.0,0.0,0.1366,-0.8071,0.0003,19.951,-0.3503,-61.4855,1054.671,0.0,0.0,0.0,1071.95001220703,no_change,,0.0,0.0
SPXW,2027-06-30,313,Call,8915.0,SPXW270630C08915000,96.6,97.4,97.0,65.8,0.0,0.0,0.0,3.0,0.1374,0.1946,0.0003,19.8714,-0.4169,11.7672,96.8935,0.0,0.0,0.0,92.0,down,2026-07-23T14:51:00,0.0,0.0
SPXW,2027-06-30,313,Put,8915.0,SPXW270630P08915000,1052.1,1063.2,1057.65,0.0,0.0,0.0,0.0,0.0,0.1376,-0.8085,0.0003,19.8714,-0.348,-61.6076,1058.5775,0.0,0.0,0.0,1075.85003662109,no_change,,0.0,0.0
SPXW,2027-06-30,313,Call,8920.0,SPXW270630C08920000,95.7,96.5,96.1,128.99,0.0,0.0,0.0,1.0,0.1373,0.1932,0.0003,19.7917,-0.4149,11.6865,95.9929,0.0,0.0,0.0,91.1500015258789,down,2026-08-05T14:12:11,0.0,0.0
SPXW,2027-06-30,313,Put,8920.0,SPXW270630P08920000,1056.0,1067.1,1061.55,0.0,0.0,0.0,0.0,0.0,0.1371,-0.8098,0.0003,19.7917,-0.3457,-61.7293,1062.4909,0.0,0.0,0.0,1079.79998779297,no_change,,0.0,0.0
SPXW,2027-06-30,313,Call,8925.0,SPXW270630C08925000,94.9,95.7,95.30000000000001,105.52,0.0,0.0,0.0,4.0,0.1373,0.1919,0.0003,19.7119,-0.4129,11.6063,95.0994,0.0,0.0,0.0,90.2999992370606,up,2026-07-10T14:18:11,0.0,0.0
SPXW,2027-06-30,313,Put,8925.0,SPXW270630P08925000,1059.9,1071.0,1065.45,1016.08,0.0,0.0,0.0,1.0,0.1365,-0.8112,0.0003,19.7119,-0.3434,-61.8504,1066.4114,0.0,0.0,0.0,1083.75,up,2026-08-05T15:46:22,0.0,0.0
SPXW,2027-06-30,313,Call,8930.0,SPXW270630C08930000,94.0,94.8,94.4,95.65,6.2,6.93125,8.0,30.0,0.1372,0.1905,0.0003,19.632,-0.4109,11.5267,94.2128,95.25,95.65,95.23,89.4500007629394,up,2026-08-21T12:21:04,0.0,0.0
SPXW,2027-06-30,313,Put,8930.0,SPXW270630P08930000,1063.8,1075.0,1069.4,0.0,0.0,0.0,0.0,0.0,0.1375,-0.8125,0.0003,19.632,-0.341,-61.9711,1070.3388,0.0,0.0,0.0,1087.70001220703,no_change,,0.0,0.0
SPXW,2027-06-30,313,Call,8935.0,SPXW270630C08935000,93.1,93.9,93.5,0.0,0.0,0.0,0.0,0.0,0.1371,0.1892,0.0003,19.5521,-0.4089,11.4476,93.333,0.0,0.0,0.0,88.5999984741211,no_change,,0.0,0.0
SPXW,2027-06-30,313,Put,8935.0,SPXW270630P08935000,1067.7,1078.9,1073.3000000000002,0.0,0.0,0.0,0.0,0.0,0.137,-0.8138,0.0003,19.5521,-0.3387,-62.0911,1074.2731,0.0,0.0,0.0,1091.70001220703,no_change,,0.0,0.0
SPXW,2027-06-30,313,Call,8940.0,SPXW270630C08940000,92.2,93.0,92.6,118.58,0.0,0.0,0.0,4.0,0.1371,0.1879,0.0003,19.4722,-0.407,11.369,92.4602,0.0,0.0,0.0,87.75,down,2026-08-17T15:57:03,0.0,0.0
SPXW,2027-06-30,313,Put,8940.0,SPXW270630P08940000,1071.7,1082.8,1077.25,0.0,0.0,0.0,0.0,0.0,0.1364,-0.8152,0.0003,19.4722,-0.3364,-62.2107,1078.2142,0.0,0.0,0.0,1095.59997558594,no_change,,0.0,0.0
SPXW,2027-06-30,313,Call,8945.0,SPXW270630C08945000,91.4,92.1,91.75,64.51,0.0,0.0,0.0,23.0,0.137,0.1866,0.0003,19.3922,-0.405,11.291,91.594,0.0,0.0,0.0,86.9000015258789,up,2026-07-31T16:00:34,0.0,0.0
SPXW,2027-06-30,313,Put,8945.0,SPXW270630P08945000,1075.6,1086.8,1081.1999999999998,0.0,0.0,0.0,0.0,0.0,0.1374,-0.8165,0.0003,19.3922,-0.3341,-62.3297,1082.1622,0.0,0.0,0.0,1099.59997558594,no_change,,0.0,0.0
SPXW,2027-06-30,313,Call,8950.0,SPXW270630C08950000,90.5,91.3,90.9,91.25,5.15,5.98142,36.0,10.0,0.1369,0.1852,0.0003,19.3124,-0.403,11.2135,90.7346,89.38,92.05,89.38,86.0999984741211,up,2026-08-21T15:02:43,0.0,0.0
SPXW,2027-06-30,313,Put,8950.0,SPXW270630P08950000,1079.6,1090.8,1085.1999999999998,0.0,0.0,0.0,0.0,0.0,0.1369,-0.8178,0.0003,19.3124,-0.3317,-62.4482,1086.1168,0.0,0.0,0.0,1103.59997558594,no_change,,0.0,0.0
SPXW,2027-06-30,313,Call,8955.0,SPXW270630C08955000,89.7,90.4,90.05000000000001,0.0,0.0,0.0,0.0,0.0,0.1369,0.1839,0.0003,19.2326,-0.401,11.1364,89.8819,0.0,0.0,0.0,85.25,no_change,,0.0,0.0
SPXW,2027-06-30,313,Put,8955.0,SPXW270630P08955000,1083.5,1094.7,1089.1,0.0,0.0,0.0,0.0,0.0,0.1363,-0.8191,0.0003,19.2326,-0.3294,-62.5662,1090.0781,0.0,0.0,0.0,1107.59997558594,no_change,,0.0,0.0
SPXW,2027-06-30,313,Call,8960.0,SPXW270630C08960000,88.9,89.6,89.25,87.13,2.68,3.17347,12.0,0.0,0.1368,0.1826,0.0003,19.1528,-0.399,11.0599,89.0359,88.1,88.1,87.1,84.4500007629394,up,2026-08-21T10:44:23,0.0,0.0
SPXW,2027-06-30,313,Put,8960.0,SPXW270630P08960000,1087.5,1098.7,1093.1,0.0,0.0,0.0,0.0,0.0,0.1373,-0.8204,0.0003,19.1528,-0.3271,-62.6837,1094.0461,0.0,0.0,0.0,1111.59997558594,no_change,,0.0,0.0
SPXW,2027-06-30,313,Call,8965.0,SPXW270630C08965000,88.0,88.8,88.4,0.0,0.0,0.0,0.0,0.0,0.1367,0.1813,0.0003,19.0731,-0.3971,10.9838,88.1964,0.0,0.0,0.0,83.6500015258789,no_change,,0.0,0.0
SPXW,2027-06-30,313,Put,8965.0,SPXW270630P08965000,1091.4,1102.7,1097.0500000000002,0.0,0.0,0.0,0.0,0.0,0.1367,-0.8217,0.0003,19.0731,-0.3248,-62.8008,1098.0206,0.0,0.0,0.0,1115.59997558594,no_change,,0.0,0.0
SPXW,2027-06-30,313,Call,8970.0,SPXW270630C08970000,87.2,87.9,87.55000000000001,86.96,4.11,4.96077,44.0,41.0,0.1367,0.18,0.0003,18.9935,-0.3951,10.908,87.3635,86.38,86.96,86.38,82.8499984741211,up,2026-08-21T09:50:53,0.0,0.0
SPXW,2027-06-30,313,Put,8970.0,SPXW270630P08970000,1095.4,1106.7,1101.0500000000002,0.0,0.0,0.0,0.0,0.0,0.1361,-0.823,0.0003,18.9935,-0.3225,-62.9175,1102.0017,0.0,0.0,0.0,1119.65002441406,no_change,,0.0,0.0
SPXW,2027-06-30,313,Call,8975.0,SPXW270630C08975000,86.4,87.1,86.75,110.81,0.0,0.0,0.0,3.0,0.1366,0.1788,0.0003,18.914,-0.3931,10.8327,86.537,0.0,0.0,0.0,82.0499992370606,up,2026-08-12T16:10:38,0.0,0.0
SPXW,2027-06-30,313,Put,8975.0,SPXW270630P08975000,1099.4,1110.7,1105.0500000000002,0.0,0.0,0.0,0.0,0.0,0.1371,-0.8243,0.0003,18.914,-0.3201,-63.0338,1105.9893,0.0,0.0,0.0,1123.65002441406,no_change,,0.0,0.0
SPXW,2027-06-30,313,Call,8980.0,SPXW270630C08980000,85.6,86.3,85.94999999999999,118.61,0.0,0.0,0.0,4.0,0.1366,0.1775,0.0003,18.8345,-0.3912,10.7577,85.7171,0.0,0.0,0.0,81.25,down,2026-08-13T09:41:26,0.0,0.0
SPXW,2027-06-30,313,Put,8980.0,SPXW270630P08980000,1103.4,1114.7,1109.0500000000002,0.0,0.0,0.0,0.0,0.0,0.1365,-0.8255,0.0003,18.8345,-0.3178,-63.1498,1109.9834,0.0,0.0,0.0,1127.65002441406,no_change,,0.0,0.0
SPXW,2027-06-30,313,Call,8985.0,SPXW270630C08985000,84.8,85.5,85.15,0.0,0.0,0.0,0.0,0.0,0.1365,0.1762,0.0003,18.7551,-0.3892,10.683,84.9036,0.0,0.0,0.0,80.4500007629394,no_change,,0.0,0.0
SPXW,2027-06-30,313,Put,8985.0,SPXW270630P08985000,1107.4,1118.7,1113.0500000000002,0.0,0.0,0.0,0.0,0.0,0.1359,-0.8268,0.0003,18.7551,-0.3155,-63.2654,1113.9839,0.0,0.0,0.0,1131.65002441406,no_change,,0.0,0.0
SPXW,2027-06-30,313,Call,8990.0,SPXW270630C08990000,83.9,84.7,84.30000000000001,127.33,0.0,0.0,0.0,41.0,0.1364,0.175,0.0003,18.6758,-0.3872,10.6086,84.0965,0.0,0.0,0.0,79.7000007629394,down,2026-08-05T10:30:50,0.0,0.0
SPXW,2027-06-30,313,Put,8990.0,SPXW270630P08990000,1111.4,1122.7,1117.0500000000002,0.0,0.0,0.0,0.0,0.0,0.1369,-0.8281,0.0003,18.6758,-0.3132,-63.3808,1117.9908,0.0,0.0,0.0,1135.70001220703,no_change,,0.0,0.0
SPXW,2027-06-30,313,Call,8995.0,SPXW270630C08995000,83.2,83.9,83.55000000000001,97.95,0.0,0.0,0.0,5.0,0.1364,0.1737,0.0003,18.5964,-0.3852,10.5344,83.2957,0.0,0.0,0.0,78.9000015258789,up,2026-08-19T10:35:14,0.0,0.0
SPXW,2027-06-30,313,Put,8995.0,SPXW270630P08995000,1115.4,1126.7,1121.0500000000002,0.0,0.0,0.0,0.0,0.0,0.1363,-0.8293,0.0003,18.5964,-0.3109,-63.4959,1122.0041,0.0,0.0,0.0,1139.75,no_change,,0.0,0.0
SPXW,2027-06-30,313,Call,9000.0,SPXW270630C09000000,82.4,83.1,82.75,78.56,0.0,0.0,0.0,17.0,0.1363,0.1724,0.0003,18.5171,-0.3833,10.4605,82.5013,0.0,0.0,0.0,78.1500015258789,no_change,2026-08-20T14:11:24,0.0,0.0
SPXW,2027-06-30,313,Put,9000.0,SPXW270630P09000000,1119.4,1130.7,1125.0500000000002,1106.86,0.0,0.0,0.0,4.0,0.1357,-0.8306,0.0003,18.5171,-0.3086,-63.6109,1126.0237,0.0,0.0,0.0,1143.79998779297,down,2026-08-18T15:50:15,0.0,0.0
SPXW,2027-06-30,313,Call,9005.0,SPXW270630C09005000,81.6,82.3,81.94999999999999,101.06,0.0,0.0,0.0,41.0,0.1362,0.1712,0.0003,18.4378,-0.3813,10.3867,81.7133,0.0,0.0,0.0,77.4000015258789,up,2026-08-19T11:06:27,0.0,0.0
SPXW,2027-06-30,313,Put,9005.0,SPXW270630P09005000,1123.4,1134.8,1129.1,0.0,0.0,0.0,0.0,0.0,0.1367,-0.8318,0.0003,18.4378,-0.3063,-63.7256,1130.0497,0.0,0.0,0.0,1147.89996337891,no_change,,0.0,0.0
SPXW,2027-06-30,313,Call,9010.0,SPXW270630C09010000,80.8,81.5,81.15,77.1,0.0,0.0,0.0,22.0,0.1362,0.17,0.0003,18.3585,-0.3794,10.3131,80.9315,0.0,0.0,0.0,76.6500015258789,up,2026-08-20T14:32:25,0.0,0.0
SPXW,2027-06-30,313,Put,9010.0,SPXW270630P09010000,1127.4,1138.8,1133.1,0.0,0.0,0.0,0.0,0.0,0.1361,-0.8331,0.0003,18.3585,-0.304,-63.8402,1134.082,0.0,0.0,0.0,1151.89996337891,no_change,,0.0,0.0
SPXW,2027-06-30,313,Call,9015.0,SPXW270630C09015000,80.0,80.7,80.35,106.14,0.0,0.0,0.0,54.0,0.1361,0.1687,0.0003,18.2791,-0.3774,10.2397,80.1561,0.0,0.0,0.0,75.9000015258789,up,2026-08-05T12:20:40,0.0,0.0
SPXW,2027-06-30,313,Put,9015.0,SPXW270630P09015000,1131.4,1142.8,1137.1,1090.35,0.0,0.0,0.0,2.0,0.1354,-0.8343,0.0003,18.2791,-0.3016,-63.9546,1138.1205,0.0,0.0,0.0,1156.0,down,2026-08-07T14:48:01,0.0,0.0
SPXW,2027-06-30,313,Call,9020.0,SPXW270630C09020000,79.3,80.0,79.65,115.5,0.0,0.0,0.0,14.0,0.136,0.1675,0.0003,18.1996,-0.3754,10.1664,79.3869,0.0,0.0,0.0,75.1500015258789,up,2026-08-13T10:54:35,0.0,0.0
SPXW,2027-06-30,313,Put,9020.0,SPXW270630P09020000,1135.5,1146.9,1141.2,0.0,0.0,0.0,0.0,0.0,0.1365,-0.8355,0.0003,18.1996,-0.2994,-64.0689,1142.1653,0.0,0.0,0.0,1160.0,no_change,,0.0,0.0
SPXW,2027-06-30,313,Call,9025.0,SPXW270630C09025000,78.5,79.2,78.85,81.66,0.0,0.0,0.0,16.0,0.136,0.1663,0.0003,18.1201,-0.3735,10.0932,78.6239,0.0,0.0,0.0,74.4000015258789,down,2026-08-20T11:34:18,0.0,0.0
SPXW,2027-06-30,313,Put,9025.0,SPXW270630P09025000,1139.5,1150.9,1145.2,0.0,0.0,0.0,0.0,0.0,0.1358,-0.8368,0.0003,18.1201,-0.297,-64.183,1146.2164,0.0,0.0,0.0,1164.10003662109,no_change,,0.0,0.0
SPXW,2027-06-30,313,Call,9030.0,SPXW270630C09030000,77.8,78.4,78.1,115.82,0.0,0.0,0.0,53.0,0.1359,0.165,0.0003,18.0404,-0.3715,10.0202,77.8671,0.0,0.0,0.0,73.7000007629394,down,2026-08-05T10:51:03,0.0,0.0
SPXW,2027-06-30,313,Put,9030.0,SPXW270630P09030000,1143.6,1155.0,1149.3,0.0,0.0,0.0,0.0,0.0,0.1351,-0.838,0.0003,18.0404,-0.2948,-64.297,1150.2737,0.0,0.0,0.0,1168.20001220703,no_change,,0.0,0.0
SPXW,2027-06-30,313,Call,9035.0,SPXW270630C09035000,77.0,77.7,77.35,0.0,0.0,0.0,0.0,0.0,0.1359,0.1638,0.0003,17.9606,-0.3696,9.9473,77.1166,0.0,0.0,0.0,72.9500007629394,no_change,,0.0,0.0
SPXW,2027-06-30,313,Put,9035.0,SPXW270630P09035000,1147.6,1159.1,1153.35,0.0,0.0,0.0,0.0,0.0,0.1362,-0.8392,0.0003,17.9606,-0.2924,-64.4109,1154.3371,0.0,0.0,0.0,1172.34997558594,no_change,,0.0,0.0
SPXW,2027-06-30,313,Call,9040.0,SPXW270630C09040000,76.3,76.9,76.6,94.6,0.0,0.0,0.0,13.0,0.1358,0.1626,0.0003,17.8807,-0.3676,9.8745,76.3722,0.0,0.0,0.0,72.25,no_change,2026-08-11T14:44:01,0.0,0.0
SPXW,2027-06-30,313,Put,9040.0,SPXW270630P09040000,1151.7,1163.1,1157.4,0.0,0.0,0.0,0.0,0.0,0.1355,-0.8404,0.0003,17.8807,-0.2902,-64.5246,1158.4068,0.0,0.0,0.0,1176.44995117188,no_change,,0.0,0.0
SPXW,2027-06-30,313,Call,9045.0,SPXW270630C09045000,75.6,76.2,75.9,0.0,0.0,0.0,0.0,0.0,0.1358,0.1614,0.0003,17.8006,-0.3657,9.802,75.6339,0.0,0.0,0.0,71.5499992370606,no_change,,0.0,0.0
SPXW,2027-06-30,313,Put,9045.0,SPXW270630P09045000,1155.8,1167.2,1161.5,0.0,0.0,0.0,0.0,0.0,0.1348,-0.8416,0.0003,17.8006,-0.2879,-64.6382,1162.4826,0.0,0.0,0.0,1180.5,no_change,,0.0,0.0
SPXW,2027-06-30,313,Call,9050.0,SPXW270630C09050000,74.8,75.5,75.15,71.16,0.0,0.0,0.0,679.0,0.1357,0.1602,0.0002,17.7203,-0.3637,9.7296,74.9018,0.0,0.0,0.0,70.8499984741211,no_change,2026-08-20T14:11:24,0.0,0.0
SPXW,2027-06-30,313,Put,9050.0,SPXW270630P09050000,1159.8,1171.3,1165.55,0.0,0.0,0.0,0.0,0.0,0.1359,-0.8428,0.0002,17.7203,-0.2856,-64.7515,1166.5645,0.0,0.0,0.0,1184.65002441406,no_change,,0.0,0.0
SPXW,2027-06-30,313,Call,9075.0,SPXW270630C09075000,71.3,71.9,71.6,74.18,6.78,10.0593,140.0,5.0,0.1354,0.1543,0.0002,17.3166,-0.354,9.3718,71.3321,71.8,74.22,71.5,67.4000015258789,down,2026-08-21T12:03:56,0.0,0.0
SPXW,2027-06-30,313,Put,9075.0,SPXW270630P09075000,1180.2,1191.8,1186.0,0.0,0.0,0.0,0.0,0.0,0.1359,-0.8487,0.0002,17.3166,-0.2742,-65.3142,1187.0648,0.0,0.0,0.0,1205.29998779297,no_change,,0.0,0.0
SPXW,2027-06-30,313,Call,9100.0,SPXW270630C09100000,67.9,68.5,68.2,70.97,6.87,10.7176,20.0,40.0,0.1351,0.1486,0.0002,16.91,-0.3444,9.0234,67.9105,72.23,72.3,70.97,64.1000003814697,down,2026-08-21T12:01:56,0.0,0.0
SPXW,2027-06-30,313,Put,9100.0,SPXW270630P09100000,1200.7,1212.5,1206.6,1149.1,0.0,0.0,0.0,0.0,0.134,-0.8544,0.0002,16.91,-0.2628,-65.8674,1207.7134,0.0,0.0,0.0,1226.04998779297,down,2026-08-06T10:15:04,0.0,0.0
SPXW,2027-06-30,313,Call,9125.0,SPXW270630C09125000,64.6,65.2,64.9,66.96,6.01,9.86054,8.0,83.0,0.1348,0.143,0.0002,16.5034,-0.3349,8.6875,64.6317,66.87,67.05,66.87,60.9499988555908,down,2026-08-21T12:05:06,0.0,0.0
SPXW,2027-06-30,313,Put,9125.0,SPXW270630P09125000,1221.5,1233.3,1227.4,0.0,0.0,0.0,0.0,0.0,0.1338,-0.86,0.0002,16.5034,-0.2516,-66.4082,1228.5047,0.0,0.0,0.0,1246.95001220703,no_change,,0.0,0.0
SPXW,2027-06-30,313,Call,9150.0,SPXW270630C09150000,61.4,62.0,61.7,61.9,3.95,6.81622,10.0,143.0,0.1345,0.1376,0.0002,16.1,-0.3255,8.3642,61.49,61.9,61.9,61.9,57.9499988555908,down,2026-08-21T15:02:43,0.0,0.0
SPXW,2027-06-30,313,Put,9150.0,SPXW270630P09150000,1242.4,1254.2,1248.3000000000002,0.0,0.0,0.0,0.0,0.0,0.1335,-0.8654,0.0002,16.1,-0.2404,-66.9363,1249.4331,0.0,0.0,0.0,1268.0,no_change,,0.0,0.0
SPXW,2027-06-30,313,Call,9175.0,SPXW270630C09175000,58.4,58.9,58.65,80.43,0.0,0.0,0.0,8.0,0.1342,0.1323,0.0002,15.7016,-0.3161,8.0512,58.4803,0.0,0.0,0.0,55.0500011444092,down,2026-08-07T12:55:25,0.0,0.0
SPXW,2027-06-30,313,Put,9175.0,SPXW270630P09175000,1263.4,1275.3,1269.35,0.0,0.0,0.0,0.0,0.0,0.1332,-0.8707,0.0002,15.7016,-0.2294,-67.4542,1270.4935,0.0,0.0,0.0,1289.14996337891,no_change,,0.0,0.0
SPXW,2027-06-30,313,Call,9200.0,SPXW270630C09200000,55.5,56.0,55.75,77.38,0.0,0.0,0.0,86.0,0.134,0.1272,0.0002,15.3078,-0.3069,7.7451,55.5987,0.0,0.0,0.0,52.25,up,2026-08-17T13:10:38,0.0,0.0
SPXW,2027-06-30,313,Put,9200.0,SPXW270630P09200000,1284.5,1296.5,1290.5,0.0,0.0,0.0,0.0,0.0,0.1328,-0.8758,0.0002,15.3078,-0.2184,-67.9652,1291.682,0.0,0.0,0.0,1310.45001220703,no_change,,0.0,0.0
SPXW,2027-06-30,313,Call,9225.0,SPXW270630C09225000,52.7,53.2,52.95,81.4,0.0,0.0,0.0,346.0,0.1337,0.1222,0.0002,14.9169,-0.2978,7.4439,52.8422,0.0,0.0,0.0,49.6000003814697,up,2026-08-13T10:02:44,0.0,0.0
SPXW,2027-06-30,313,Put,9225.0,SPXW270630P09225000,1305.8,1317.8,1311.8,1285.09,0.0,0.0,0.0,1.0,0.1323,-0.8808,0.0002,14.9169,-0.2076,-68.4712,1312.9957,0.0,0.0,0.0,1331.90002441406,down,2026-08-04T11:25:36,0.0,0.0
SPXW,2027-06-30,313,Call,9250.0,SPXW270630C09250000,50.1,50.6,50.35,52.7,0.0,0.0,0.0,61.0,0.1335,0.1174,0.0002,14.5268,-0.2888,7.1483,50.2081,0.0,0.0,0.0,47.0500011444092,down,2026-08-20T11:10:59,0.0,0.0
SPXW,2027-06-30,313,Put,9250.0,SPXW270630P09250000,1327.1,1339.2,1333.15,0.0,0.0,0.0,0.0,0.0,0.1338,-0.8857,0.0002,14.5268,-0.1969,-68.9717,1334.4317,0.0,0.0,0.0,1353.45001220703,no_change,,0.0,0.0
SPXW,2027-06-30,313,Call,9275.0,SPXW270630C09275000,47.5,48.0,47.75,50.05,0.0,0.0,0.0,232.0,0.1332,0.1127,0.0002,14.1371,-0.28,6.8606,47.693,0.0,0.0,0.0,44.6499996185303,down,2026-08-20T11:10:59,0.0,0.0
SPXW,2027-06-30,313,Put,9275.0,SPXW270630P09275000,1348.6,1360.8,1354.6999999999998,0.0,0.0,0.0,0.0,0.0,0.1332,-0.8904,0.0002,14.1371,-0.1863,-69.4643,1355.9867,0.0,0.0,0.0,1375.09997558594,no_change,,0.0,0.0
SPXW,2027-06-30,313,Call,9300.0,SPXW270630C09300000,45.1,45.6,45.35,42.42,0.0,0.0,0.0,79.0,0.133,0.1081,0.0002,13.7491,-0.2713,6.5838,45.2924,0.0,0.0,0.0,42.3500003814697,down,2026-08-20T14:34:22,0.0,0.0
SPXW,2027-06-30,313,Put,9300.0,SPXW270630P09300000,1370.2,1382.4,1376.3000000000002,0.0,0.0,0.0,0.0,0.0,0.1325,-0.8949,0.0002,13.7491,-0.1759,-69.9459,1377.6562,0.0,0.0,0.0,1396.84997558594,no_change,,0.0,0.0
SPXW,2027-06-30,313,Call,9400.0,SPXW270630C09400000,36.3,36.9,36.599999999999994,38.4,4.25,12.4451,9.0,218.0,0.1321,0.0914,0.0002,12.2561,-0.238,5.5788,36.7417,36.4,38.4,36.2,34.1499996185303,up,2026-08-21T11:47:01,0.0,0.0
SPXW,2027-06-30,313,Put,9400.0,SPXW270630P09400000,1444.7,1484.2,1464.45,0.0,0.0,0.0,0.0,0.0,0.1309,-0.9116,0.0002,12.2561,-0.1358,-71.7703,1465.386,0.0,0.0,0.0,1483.59997558594,no_change,,0.0,0.0
SPXW,2027-06-30,313,Call,9600.0,SPXW270630C09600000,23.5,23.9,23.7,27.2,0.0,0.0,0.0,319.0,0.1306,0.0643,0.0001,9.5517,-0.1799,3.932,23.9709,0.0,0.0,0.0,22.0,down,2026-08-19T15:30:00,0.0,0.0
SPXW,2027-06-30,313,Put,9600.0,SPXW270630P09600000,1624.0,1663.3,1643.65,0.0,0.0,0.0,0.0,0.0,0.1296,-0.9387,0.0001,9.5517,-0.0638,-75.056,1645.1762,0.0,0.0,0.0,1664.09997558594,no_change,,0.0,0.0
SPX,2027-07-16,329,Call,3100.0,SPX270716C03100000,4633.8,4671.9,4652.85,0.0,0.0,0.0,0.0,0.0,0.4435,0.9932,0.0,1.9835,0.0,26.3713,4655.3697,0.0,0.0,0.0,4629.85009765625,no_change,,0.0,0.0
SPX,2027-07-16,329,Put,3100.0,SPX270716P03100000,12.6,13.1,12.85,13.15,0.0,0.0,0.0,1231.0,0.4692,-0.0101,0.0,1.9836,-0.1332,-0.7936,12.9517,0.0,0.0,0.0,13.4000000953674,down,2026-08-20T10:44:29,0.0,0.0
SPX,2027-07-16,329,Call,3200.0,SPX270716C03200000,4538.6,4576.9,4557.75,0.0,0.0,0.0,0.0,0.0,0.437,0.9923,0.0,2.1401,0.0,27.1652,4560.3191,0.0,0.0,0.0,4535.05004882812,no_change,,0.0,0.0
SPX,2027-07-16,329,Put,3200.0,SPX270716P03200000,13.7,14.2,13.95,13.95,0.0,0.0,0.0,11.0,0.4598,-0.011,0.0,2.1402,-0.1409,-0.8645,13.9661,0.0,0.0,0.0,14.5500001907349,up,2026-08-12T09:55:31,0.0,0.0
SPX,2027-07-16,329,Call,3300.0,SPX270716C03300000,4443.9,4482.2,4463.049999999999,0.0,0.0,0.0,0.0,0.0,0.4303,0.9913,0.0,2.3079,0.0,27.9536,4465.3409,0.0,0.0,0.0,4440.19995117188,no_change,,0.0,0.0
SPX,2027-07-16,329,Put,3300.0,SPX270716P03300000,14.8,15.3,15.05,15.1,0.0,0.0,0.0,25.0,0.4507,-0.012,0.0,2.3081,-0.149,-0.941,15.0528,0.0,0.0,0.0,15.8000001907349,up,2026-08-12T09:55:39,0.0,0.0
SPX,2027-07-16,329,Call,3400.0,SPX270716C03400000,4349.1,4387.4,4368.25,4415.99,0.0,0.0,0.0,1.0,0.4234,0.9902,0.0,2.4884,0.0,28.7354,4370.4384,0.0,0.0,0.0,4345.25,up,2026-08-11T15:07:40,0.0,0.0
SPX,2027-07-16,329,Put,3400.0,SPX270716P03400000,16.0,16.5,16.25,16.5,0.0,0.0,0.0,78.0,0.4418,-0.0131,0.0,2.4884,-0.1574,-1.0242,16.2141,0.0,0.0,0.0,17.0,up,2026-08-19T11:58:25,0.0,0.0
SPX,2027-07-16,329,Call,3500.0,SPX270716C03500000,4254.1,4292.9,4273.5,0.0,0.0,0.0,0.0,0.0,0.4162,0.989,0.0,2.6811,0.0,29.5097,4275.6155,0.0,0.0,0.0,4250.0,no_change,,0.0,0.0
SPX,2027-07-16,329,Put,3500.0,SPX270716P03500000,17.3,17.8,17.55,17.8,-0.55,-2.99728,1.0,220.0,0.4333,-0.0142,0.0,2.6813,-0.1662,-1.1149,17.4573,17.8,17.8,17.8,18.3500003814697,down,2026-08-21T10:18:45,0.0,0.0
SPX,2027-07-16,329,Call,3600.0,SPX270716C03600000,4159.4,4198.3,4178.85,4289.74,0.0,0.0,0.0,0.0,0.4094,0.9878,0.0,2.8847,0.0,30.2766,4180.8767,0.0,0.0,0.0,4155.44995117188,up,2026-08-14T12:29:32,0.0,0.0
SPX,2027-07-16,329,Put,3600.0,SPX270716P03600000,18.6,19.1,18.85,19.21,0.0,0.0,0.0,36.0,0.4243,-0.0155,0.0,2.8847,-0.1753,-1.2128,18.782,0.0,0.0,0.0,19.75,no_change,2026-08-10T13:18:23,0.0,0.0
SPX,2027-07-16,329,Call,3700.0,SPX270716C03700000,4064.8,4103.7,4084.25,0.0,0.0,0.0,0.0,0.0,0.4024,0.9864,0.0,3.0984,0.0,31.0368,4086.2256,0.0,0.0,0.0,4062.19995117188,no_change,,0.0,0.0
SPX,2027-07-16,329,Put,3700.0,SPX270716P03700000,20.0,20.5,20.25,20.43,0.0,0.0,0.0,160.0,0.4158,-0.0168,0.0,3.0984,-0.1847,-1.3175,20.1958,0.0,0.0,0.0,21.25,up,2026-08-12T09:54:48,0.0,0.0
SPX,2027-07-16,329,Call,3800.0,SPX270716C03800000,3970.5,4009.0,3989.75,0.0,0.0,0.0,0.0,0.0,0.3953,0.985,0.0,3.3232,0.0,31.7903,3991.6655,0.0,0.0,0.0,3966.45007324219,no_change,,0.0,0.0
SPX,2027-07-16,329,Put,3800.0,SPX270716P03800000,21.5,22.0,21.75,22.78,0.0,0.0,0.0,378.0,0.4074,-0.0183,0.0,3.3235,-0.1944,-1.429,21.7021,0.0,0.0,0.0,22.8000001907349,down,2026-08-18T13:21:16,0.0,0.0
SPX,2027-07-16,329,Call,3900.0,SPX270716C03900000,3875.8,3914.1,3894.95,0.0,0.0,0.0,0.0,0.0,0.3846,0.9834,0.0,3.5622,0.0,32.5361,3897.2002,0.0,0.0,0.0,3873.65002441406,no_change,,0.0,0.0
SPX,2027-07-16,329,Put,3900.0,SPX270716P03900000,23.1,23.6,23.35,23.45,0.0,0.0,0.0,20.0,0.3993,-0.0199,0.0,3.5622,-0.2044,-1.548,23.3,0.0,0.0,0.0,24.4500007629395,down,2026-08-13T12:50:45,0.0,0.0
SPX,2027-07-16,329,Call,4000.0,SPX270716C04000000,3781.5,3820.0,3800.75,3736.6,0.0,0.0,0.0,4.0,0.3777,0.9817,0.0,3.8174,0.0,33.2722,3802.8362,0.0,0.0,0.0,3779.44995117188,up,2026-08-03T15:47:34,0.0,0.0
SPX,2027-07-16,329,Put,4000.0,SPX270716P04000000,24.8,25.3,25.05,25.54,0.0,0.0,0.0,48.0,0.3913,-0.0216,0.0,3.8174,-0.2148,-1.6768,25.0008,0.0,0.0,0.0,26.1999998092651,up,2026-08-10T10:04:47,0.0,0.0
SPX,2027-07-16,329,Call,4100.0,SPX270716C04100000,3687.5,3726.1,3706.8,0.0,0.0,0.0,0.0,0.0,0.3713,0.9799,0.0,4.089,0.0,33.9972,3708.5823,0.0,0.0,0.0,3684.65002441406,no_change,,0.0,0.0
SPX,2027-07-16,329,Put,4100.0,SPX270716P04100000,26.6,27.1,26.85,26.6,0.0,0.0,0.0,131.0,0.3833,-0.0234,0.0,4.089,-0.2254,-1.8168,26.8117,0.0,0.0,0.0,28.0999994277954,down,2026-08-13T09:59:57,0.0,0.0
SPX,2027-07-16,329,Call,4200.0,SPX270716C04200000,3608.7,3616.2,3612.45,0.0,0.0,0.0,0.0,0.0,0.3671,0.9779,0.0,4.375,0.0,34.7108,3614.4484,0.0,0.0,0.0,3590.75,no_change,,0.0,0.0
SPX,2027-07-16,329,Put,4200.0,SPX270716P04200000,28.5,29.0,28.75,28.9,0.0,0.0,0.0,65.0,0.3756,-0.0253,0.0,4.375,-0.2364,-1.968,28.7426,0.0,0.0,0.0,30.0999994277954,down,2026-08-19T15:05:50,0.0,0.0
SPX,2027-07-16,329,Call,4300.0,SPX270716C04300000,3514.8,3522.2,3518.5,0.0,0.0,0.0,0.0,0.0,0.3603,0.9758,0.0,4.6742,-0.0099,35.414,3520.4444,0.0,0.0,0.0,3496.84997558594,no_change,,0.0,0.0
SPX,2027-07-16,329,Put,4300.0,SPX270716P04300000,30.6,31.1,30.85,32.56,0.0,0.0,0.0,25.0,0.3681,-0.0274,0.0,4.6742,-0.2478,-2.1298,30.8034,0.0,0.0,0.0,32.25,up,2026-08-18T11:55:27,0.0,0.0
SPX,2027-07-16,329,Call,4400.0,SPX270716C04400000,3421.1,3428.3,3424.7,3475.14,0.0,0.0,0.0,1.0,0.3536,0.9736,0.0,4.9887,-0.0282,36.1068,3426.5799,0.0,0.0,0.0,3403.15002441406,down,2026-08-11T15:07:40,0.0,0.0
SPX,2027-07-16,329,Put,4400.0,SPX270716P04400000,32.8,33.3,33.05,33.11,0.0,0.0,0.0,20.0,0.3607,-0.0297,0.0,4.9887,-0.2595,-2.3019,33.0038,0.0,0.0,0.0,34.5,down,2026-08-12T13:00:25,0.0,0.0
SPX,2027-07-16,329,Call,4500.0,SPX270716C04500000,3327.5,3334.6,3331.05,3251.86,0.0,0.0,0.0,3.0,0.3468,0.9711,0.0,5.3232,-0.0468,36.7871,3332.8665,0.0,0.0,0.0,3308.84997558594,up,2026-08-03T12:13:20,0.0,0.0
SPX,2027-07-16,329,Put,4500.0,SPX270716P04500000,35.1,35.7,35.400000000000006,35.6,0.0,0.0,0.0,589.0,0.3533,-0.0321,0.0,5.3232,-0.2716,-2.4866,35.3552,0.0,0.0,0.0,36.9500007629394,no_change,2026-08-19T15:28:12,0.0,0.0
SPX,2027-07-16,329,Call,4550.0,SPX270716C04550000,3280.8,3287.8,3284.3,0.0,0.0,0.0,0.0,0.0,0.3437,0.9698,0.0,5.4991,-0.0563,37.1213,3286.0712,0.0,0.0,0.0,3262.89990234375,no_change,,0.0,0.0
SPX,2027-07-16,329,Put,4550.0,SPX270716P04550000,36.3,36.9,36.599999999999994,37.02,0.0,0.0,0.0,26.0,0.3496,-0.0334,0.0,5.4991,-0.2778,-2.5848,36.5923,0.0,0.0,0.0,38.25,up,2026-08-17T10:14:52,0.0,0.0
SPX,2027-07-16,329,Call,4600.0,SPX270716C04600000,3234.1,3241.1,3237.6,0.0,0.0,0.0,0.0,0.0,0.3404,0.9685,0.0,5.6811,-0.0659,37.4511,3239.3199,0.0,0.0,0.0,3216.25,no_change,,0.0,0.0
SPX,2027-07-16,329,Put,4600.0,SPX270716P04600000,37.6,38.2,37.900000000000006,38.9,0.0,0.0,0.0,36.0,0.3461,-0.0347,0.0,5.6811,-0.2841,-2.6874,37.8734,0.0,0.0,0.0,39.6500015258789,down,2026-08-20T10:44:29,0.0,0.0
SPX,2027-07-16,329,Call,4650.0,SPX270716C04650000,3187.5,3194.4,3190.95,3297.71,0.0,0.0,0.0,4.0,0.3372,0.9671,0.0,5.8688,-0.0756,37.7762,3192.6153,0.0,0.0,0.0,3169.65002441406,down,2026-08-14T15:26:49,0.0,0.0
SPX,2027-07-16,329,Put,4650.0,SPX270716P04650000,39.0,39.5,39.25,39.8,0.0,0.0,0.0,19.0,0.3427,-0.0361,0.0,5.8688,-0.2905,-2.7948,39.2012,0.0,0.0,0.0,41.0,down,2026-08-12T09:55:39,0.0,0.0
SPX,2027-07-16,329,Call,4700.0,SPX270716C04700000,3140.9,3147.7,3144.3,0.0,0.0,0.0,0.0,0.0,0.3338,0.9657,0.0,6.0618,-0.0854,38.0964,3145.9601,0.0,0.0,0.0,3123.05004882812,no_change,,0.0,0.0
SPX,2027-07-16,329,Put,4700.0,SPX270716P04700000,40.3,40.9,40.599999999999994,41.59,0.0,0.0,0.0,313.0,0.3391,-0.0376,0.0,6.0618,-0.297,-2.907,40.5784,0.0,0.0,0.0,42.3999996185303,up,2026-08-10T15:05:12,0.0,0.0
SPX,2027-07-16,329,Call,4750.0,SPX270716C04750000,3094.4,3101.1,3097.75,0.0,0.0,0.0,0.0,0.0,0.3306,0.9642,0.0,6.2596,-0.0953,38.412,3099.357,0.0,0.0,0.0,3076.59997558594,no_change,,0.0,0.0
SPX,2027-07-16,329,Put,4750.0,SPX270716P04750000,41.8,42.4,42.099999999999994,41.5,-2.4,-5.46697,3.0,84.0,0.3357,-0.0391,0.0,6.2596,-0.3037,-3.0239,42.0078,41.5,41.5,41.5,43.8999996185303,down,2026-08-21T15:25:48,0.0,0.0
SPX,2027-07-16,329,Call,4800.0,SPX270716C04800000,3047.9,3054.6,3051.25,2818.77,0.0,0.0,0.0,1.0,0.3275,0.9626,0.0,6.4621,-0.1053,38.7233,3052.8087,0.0,0.0,0.0,3030.15002441406,no_change,2026-07-27T10:54:24,0.0,0.0
SPX,2027-07-16,329,Put,4800.0,SPX270716P04800000,43.2,43.9,43.55,45.1,0.0,0.0,0.0,257.0,0.3323,-0.0407,0.0,6.4621,-0.3105,-3.145,43.4918,0.0,0.0,0.0,45.5,up,2026-08-17T15:19:28,0.0,0.0
SPX,2027-07-16,329,Call,4850.0,SPX270716C04850000,3001.5,3008.1,3004.8,2773.27,0.0,0.0,0.0,1.0,0.3243,0.961,0.0,6.6692,-0.1155,39.0304,3006.3176,0.0,0.0,0.0,2983.75,no_change,2026-07-27T10:54:24,0.0,0.0
SPX,2027-07-16,329,Put,4850.0,SPX270716P04850000,44.8,45.4,45.099999999999994,45.96,-1.14,-2.42038,1.0,868.0,0.3289,-0.0423,0.0,6.6692,-0.3174,-3.2705,45.0331,45.96,45.96,45.96,47.1000003814697,down,2026-08-21T09:38:11,0.0,0.0
SPX,2027-07-16,329,Call,4900.0,SPX270716C04900000,2955.2,2961.7,2958.45,0.0,0.0,0.0,0.0,0.0,0.3212,0.9593,0.0,6.8814,-0.1258,39.3332,2959.8862,0.0,0.0,0.0,2937.34997558594,no_change,,0.0,0.0
SPX,2027-07-16,329,Put,4900.0,SPX270716P04900000,46.4,47.0,46.7,48.86,0.0,0.0,0.0,97.0,0.3255,-0.044,0.0,6.8814,-0.3244,-3.4001,46.6341,0.0,0.0,0.0,48.7999992370606,up,2026-08-18T13:21:16,0.0,0.0
SPX,2027-07-16,329,Call,4950.0,SPX270716C04950000,2908.9,2915.3,2912.1000000000004,0.0,0.0,0.0,0.0,0.0,0.3181,0.9575,0.0,7.0997,-0.1362,39.6315,2913.517,0.0,0.0,0.0,2891.14990234375,no_change,,0.0,0.0
SPX,2027-07-16,329,Put,4950.0,SPX270716P04950000,48.0,48.7,48.35,49.78,0.0,0.0,0.0,21.0,0.3224,-0.0458,0.0,7.0997,-0.3315,-3.5343,48.2974,0.0,0.0,0.0,50.5,down,2026-08-07T11:03:54,0.0,0.0
SPX,2027-07-16,329,Call,5000.0,SPX270716C05000000,2862.7,2869.0,2865.85,2667.05,0.0,0.0,0.0,4.0,0.315,0.9556,0.0,7.3251,-0.1468,39.9246,2867.2131,0.0,0.0,0.0,2845.0,down,2026-07-24T12:47:24,0.0,0.0
SPX,2027-07-16,329,Put,5000.0,SPX270716P05000000,49.8,50.5,50.15,50.32,0.0,0.0,0.0,69.0,0.319,-0.0476,0.0,7.3251,-0.3388,-3.6736,50.0259,0.0,0.0,0.0,52.3500003814697,up,2026-08-12T13:00:25,0.0,0.0
SPX,2027-07-16,329,Call,5050.0,SPX270716C05050000,2816.5,2822.8,2819.65,0.0,0.0,0.0,0.0,0.0,0.312,0.9537,0.0,7.5584,-0.1574,40.2117,2820.9776,0.0,0.0,0.0,2798.90002441406,no_change,,0.0,0.0
SPX,2027-07-16,329,Put,5050.0,SPX270716P05050000,51.6,52.3,51.95,54.0,0.0,0.0,0.0,19.0,0.3158,-0.0495,0.0,7.5588,-0.3462,-3.8192,51.8257,0.0,0.0,0.0,54.25,no_change,2026-08-11T15:54:49,0.0,0.0
SPX,2027-07-16,329,Call,5100.0,SPX270716C05100000,2770.5,2776.6,2773.55,2888.62,0.0,0.0,0.0,2.0,0.3089,0.9517,0.0,7.8001,-0.1682,40.4919,2774.8145,0.0,0.0,0.0,2752.84997558594,up,2026-08-14T10:41:25,0.0,0.0
SPX,2027-07-16,329,Put,5100.0,SPX270716P05100000,53.4,54.2,53.8,56.1,0.0,0.0,0.0,162.0,0.3125,-0.0515,0.0,7.8001,-0.3538,-3.9713,53.6921,0.0,0.0,0.0,56.25,up,2026-08-20T15:50:00,0.0,0.0
SPX,2027-07-16,329,Call,5150.0,SPX270716C05150000,2724.5,2730.6,2727.55,0.0,0.0,0.0,0.0,0.0,0.3059,0.9496,0.0,8.05,-0.1792,40.7645,2728.728,0.0,0.0,0.0,2706.79992675781,no_change,,0.0,0.0
SPX,2027-07-16,329,Put,5150.0,SPX270716P05150000,55.4,56.1,55.75,56.53,0.0,0.0,0.0,42.0,0.3094,-0.0536,0.0,8.05,-0.3614,-4.1311,55.638,0.0,0.0,0.0,58.2999992370606,down,2026-08-10T12:20:28,0.0,0.0
SPX,2027-07-16,329,Call,5200.0,SPX270716C05200000,2678.6,2684.6,2681.6,0.0,0.0,0.0,0.0,0.0,0.303,0.9475,0.0,8.3075,-0.1903,41.0293,2682.7225,0.0,0.0,0.0,2660.90002441406,no_change,,0.0,0.0
SPX,2027-07-16,329,Put,5200.0,SPX270716P05200000,57.4,58.2,57.8,60.92,0.0,0.0,0.0,261.0,0.3062,-0.0558,0.0,8.3075,-0.3692,-4.2988,57.6649,0.0,0.0,0.0,60.3999996185303,down,2026-08-18T11:55:27,0.0,0.0
SPX,2027-07-16,329,Call,5250.0,SPX270716C05250000,2632.7,2638.7,2635.7,0.0,0.0,0.0,0.0,0.0,0.3,0.9452,0.0,8.5717,-0.2015,41.2864,2636.8026,0.0,0.0,0.0,2615.25,no_change,,0.0,0.0
SPX,2027-07-16,329,Put,5250.0,SPX270716P05250000,59.6,60.3,59.95,59.76,0.0,0.0,0.0,228.0,0.3031,-0.058,0.0,8.5721,-0.3772,-4.4744,59.781,0.0,0.0,0.0,62.5500011444092,down,2026-08-14T09:41:07,0.0,0.0
SPX,2027-07-16,329,Call,5300.0,SPX270716C05300000,2587.0,2592.9,2589.95,0.0,0.0,0.0,0.0,0.0,0.2971,0.9429,0.0001,8.8417,-0.2129,41.5363,2590.9725,0.0,0.0,0.0,2569.55004882812,no_change,,0.0,0.0
SPX,2027-07-16,329,Put,5300.0,SPX270716P05300000,61.8,62.6,62.2,62.95,0.0,0.0,0.0,51.0,0.3001,-0.0604,0.0001,8.8417,-0.3853,-4.6567,61.9797,0.0,0.0,0.0,64.8499984741211,up,2026-08-10T10:55:00,0.0,0.0
SPX,2027-07-16,329,Call,5325.0,SPX270716C05325000,2563.5,2570.5,2567.0,0.0,0.0,0.0,0.0,0.0,0.2956,0.9416,0.0001,8.9789,-0.2187,41.6587,2568.0922,0.0,0.0,0.0,2546.75,no_change,,0.0,0.0
SPX,2027-07-16,329,Put,5325.0,SPX270716P05325000,62.9,63.7,63.3,64.23,0.0,0.0,0.0,4.0,0.2986,-0.0616,0.0001,8.9789,-0.3894,-4.7505,63.1157,0.0,0.0,0.0,66.1000022888184,no_change,2026-08-12T10:39:42,0.0,0.0
SPX,2027-07-16,329,Call,5350.0,SPX270716C05350000,2541.4,2547.1,2544.25,0.0,0.0,0.0,0.0,0.0,0.2942,0.9404,0.0001,9.1174,-0.2244,41.7795,2545.2359,0.0,0.0,0.0,2523.94995117188,no_change,,0.0,0.0
SPX,2027-07-16,329,Put,5350.0,SPX270716P05350000,64.1,64.9,64.5,67.61,0.0,0.0,0.0,91.0,0.297,-0.0629,0.0001,9.1174,-0.3936,-4.8459,64.2755,0.0,0.0,0.0,67.25,down,2026-08-18T10:42:13,0.0,0.0
SPX,2027-07-16,329,Call,5375.0,SPX270716C05375000,2518.0,2524.8,2521.4,2422.98,0.0,0.0,0.0,1.0,0.2927,0.9391,0.0001,9.2576,-0.2303,41.8987,2522.4038,0.0,0.0,0.0,2501.19995117188,up,2026-08-03T09:59:15,0.0,0.0
SPX,2027-07-16,329,Put,5375.0,SPX270716P05375000,65.3,66.0,65.65,65.98,0.0,0.0,0.0,91.0,0.2955,-0.0641,0.0001,9.2576,-0.3978,-4.943,65.4596,0.0,0.0,0.0,68.5499992370606,down,2026-08-14T13:09:05,0.0,0.0
SPX,2027-07-16,329,Call,5400.0,SPX270716C05400000,2495.8,2501.5,2498.65,0.0,0.0,0.0,0.0,0.0,0.2913,0.9378,0.0001,9.3994,-0.2361,42.0162,2499.5964,0.0,0.0,0.0,2478.44995117188,no_change,,0.0,0.0
SPX,2027-07-16,329,Put,5400.0,SPX270716P05400000,66.5,67.3,66.9,66.82,-3.03,-4.33786,1.0,45.0,0.294,-0.0654,0.0001,9.3994,-0.402,-5.0417,66.6685,66.82,66.82,66.82,69.8499984741211,down,2026-08-21T12:05:41,0.0,0.0
SPX,2027-07-16,329,Call,5425.0,SPX270716C05425000,2472.5,2479.2,2475.85,0.0,0.0,0.0,0.0,0.0,0.2898,0.9365,0.0001,9.5431,-0.242,42.132,2476.8143,0.0,0.0,0.0,2455.80004882812,no_change,,0.0,0.0
SPX,2027-07-16,329,Put,5425.0,SPX270716P05425000,67.7,68.5,68.1,68.02,-3.13,-4.39916,1.0,58.0,0.2926,-0.0668,0.0001,9.5436,-0.4062,-5.1425,67.9069,68.02,68.02,68.02,71.1500015258789,down,2026-08-21T12:05:41,0.0,0.0
SPX,2027-07-16,329,Call,5450.0,SPX270716C05450000,2450.4,2456.0,2453.2,0.0,0.0,0.0,0.0,0.0,0.2885,0.9352,0.0001,9.6889,-0.2479,42.2459,2454.0578,0.0,0.0,0.0,2432.94995117188,no_change,,0.0,0.0
SPX,2027-07-16,329,Put,5450.0,SPX270716P05450000,69.0,69.8,69.4,69.0,0.0,0.0,0.0,14.0,0.291,-0.0681,0.0001,9.6889,-0.4105,-5.2444,69.1623,0.0,0.0,0.0,72.4000015258789,down,2026-08-14T15:36:24,0.0,0.0
SPX,2027-07-16,329,Call,5475.0,SPX270716C05475000,2427.1,2433.7,2430.3999999999996,0.0,0.0,0.0,0.0,0.0,0.2871,0.9338,0.0001,9.8369,-0.2539,42.3578,2431.3275,0.0,0.0,0.0,2410.5,no_change,,0.0,0.0
SPX,2027-07-16,329,Put,5475.0,SPX270716P05475000,70.3,71.1,70.69999999999999,70.69,0.0,0.0,0.0,6.0,0.2896,-0.0695,0.0001,9.8369,-0.4148,-5.3488,70.4482,0.0,0.0,0.0,73.75,up,2026-08-14T10:52:03,0.0,0.0
SPX,2027-07-16,329,Call,5500.0,SPX270716C05500000,2405.0,2410.6,2407.8,2496.9,0.0,0.0,0.0,7.0,0.2856,0.9324,0.0001,9.9873,-0.2599,42.4675,2408.624,0.0,0.0,0.0,2387.75,up,2026-08-07T11:41:05,0.0,0.0
SPX,2027-07-16,329,Put,5500.0,SPX270716P05500000,71.6,72.4,72.0,75.6,0.0,0.0,0.0,67.0,0.288,-0.0709,0.0001,9.9873,-0.4192,-5.4553,71.7609,0.0,0.0,0.0,75.1500015258789,down,2026-08-18T11:55:52,0.0,0.0
SPX,2027-07-16,329,Call,5525.0,SPX270716C05525000,2381.8,2388.4,2385.1000000000004,0.0,0.0,0.0,0.0,0.0,0.2842,0.9309,0.0001,10.1403,-0.2659,42.5748,2385.9479,0.0,0.0,0.0,2365.20007324219,no_change,,0.0,0.0
SPX,2027-07-16,329,Put,5525.0,SPX270716P05525000,72.8,73.8,73.3,93.2,0.0,0.0,0.0,5.0,0.2866,-0.0723,0.0001,10.1403,-0.4236,-5.5642,73.1009,0.0,0.0,0.0,76.5499992370606,down,2026-07-30T16:01:00,0.0,0.0
SPX,2027-07-16,329,Call,5550.0,SPX270716C05550000,2359.8,2365.2,2362.5,0.0,0.0,0.0,0.0,0.0,0.2829,0.9295,0.0001,10.2958,-0.272,42.6795,2363.2998,0.0,0.0,0.0,2342.55004882812,no_change,,0.0,0.0
SPX,2027-07-16,329,Put,5550.0,SPX270716P05550000,74.3,75.1,74.69999999999999,74.5,0.0,0.0,0.0,165.0,0.2851,-0.0738,0.0001,10.2958,-0.428,-5.6757,74.4691,0.0,0.0,0.0,77.9500007629394,up,2026-08-14T15:22:23,0.0,0.0
SPX,2027-07-16,329,Call,5575.0,SPX270716C05575000,2336.6,2343.1,2339.85,0.0,0.0,0.0,0.0,0.0,0.2814,0.928,0.0001,10.454,-0.278,42.7814,2340.6805,0.0,0.0,0.0,2320.09997558594,no_change,,0.0,0.0
SPX,2027-07-16,329,Put,5575.0,SPX270716P05575000,75.7,76.5,76.1,76.8,0.0,0.0,0.0,4.0,0.2837,-0.0753,0.0001,10.4541,-0.4324,-5.79,75.866,0.0,0.0,0.0,79.4500007629394,down,2026-08-12T11:17:32,0.0,0.0
SPX,2027-07-16,329,Call,5600.0,SPX270716C05600000,2314.7,2320.0,2317.35,0.0,0.0,0.0,0.0,0.0,0.28,0.9265,0.0001,10.6148,-0.2842,42.8805,2318.0908,0.0,0.0,0.0,2297.5,no_change,,0.0,0.0
SPX,2027-07-16,329,Put,5600.0,SPX270716P05600000,77.0,78.0,77.5,78.02,0.0,0.0,0.0,18.0,0.2822,-0.0768,0.0001,10.6148,-0.4369,-5.9072,77.2925,0.0,0.0,0.0,80.9500007629394,up,2026-08-17T11:32:36,0.0,0.0
SPX,2027-07-16,329,Call,5625.0,SPX270716C05625000,2291.6,2298.0,2294.8,0.0,0.0,0.0,0.0,0.0,0.2787,0.9249,0.0001,10.778,-0.2903,42.9766,2295.5314,0.0,0.0,0.0,2275.09997558594,no_change,,0.0,0.0
SPX,2027-07-16,329,Put,5625.0,SPX270716P05625000,78.6,79.5,79.05,80.5,0.0,0.0,0.0,22.0,0.2809,-0.0784,0.0001,10.778,-0.4414,-6.0274,78.7492,0.0,0.0,0.0,82.4500007629394,no_change,2026-08-12T11:17:29,0.0,0.0
SPX,2027-07-16,329,Call,5650.0,SPX270716C05650000,2269.7,2275.0,2272.35,0.0,0.0,0.0,0.0,0.0,0.2774,0.9233,0.0001,10.9433,-0.2965,43.0697,2273.003,0.0,0.0,0.0,2252.59997558594,no_change,,0.0,0.0
SPX,2027-07-16,329,Put,5650.0,SPX270716P05650000,79.9,80.9,80.4,81.2,0.0,0.0,0.0,172.0,0.2793,-0.0799,0.0001,10.9433,-0.446,-6.1505,80.2371,0.0,0.0,0.0,84.0,no_change,2026-08-12T11:17:32,0.0,0.0
SPX,2027-07-16,329,Call,5675.0,SPX270716C05675000,2246.6,2252.9,2249.75,0.0,0.0,0.0,0.0,0.0,0.2759,0.9217,0.0001,11.1107,-0.3027,43.1598,2250.5066,0.0,0.0,0.0,2230.30004882812,no_change,,0.0,0.0
SPX,2027-07-16,329,Put,5675.0,SPX270716P05675000,81.6,82.5,82.05,83.5,0.0,0.0,0.0,375.0,0.278,-0.0816,0.0001,11.1107,-0.4505,-6.2766,81.7569,0.0,0.0,0.0,85.5999984741211,no_change,2026-08-12T11:17:29,0.0,0.0
SPX,2027-07-16,329,Call,5700.0,SPX270716C05700000,2224.8,2230.0,2227.4,0.0,0.0,0.0,0.0,0.0,0.2746,0.92,0.0001,11.2798,-0.3089,43.2471,2228.0427,0.0,0.0,0.0,2207.69995117188,no_change,,0.0,0.0
SPX,2027-07-16,329,Put,5700.0,SPX270716P05700000,83.0,84.0,83.5,87.1,0.0,0.0,0.0,59.0,0.2766,-0.0832,0.0001,11.2798,-0.4551,-6.4055,83.3092,0.0,0.0,0.0,87.2000007629394,up,2026-08-20T15:50:18,0.0,0.0
SPX,2027-07-16,329,Call,5725.0,SPX270716C05725000,2201.8,2208.0,2204.9,0.0,0.0,0.0,0.0,0.0,0.2732,0.9183,0.0001,11.4504,-0.3152,43.3318,2205.6122,0.0,0.0,0.0,2185.45007324219,no_change,,0.0,0.0
SPX,2027-07-16,329,Put,5725.0,SPX270716P05725000,84.6,85.6,85.1,84.8,0.0,0.0,0.0,173.0,0.2752,-0.0849,0.0001,11.4504,-0.4598,-6.5371,84.8949,0.0,0.0,0.0,88.8499984741211,down,2026-08-14T15:22:23,0.0,0.0
SPX,2027-07-16,329,Call,5750.0,SPX270716C05750000,2180.0,2185.2,2182.6,0.0,0.0,0.0,0.0,0.0,0.2719,0.9166,0.0001,11.6225,-0.3215,43.4138,2183.2155,0.0,0.0,0.0,2163.05004882812,no_change,,0.0,0.0
SPX,2027-07-16,329,Put,5750.0,SPX270716P05750000,86.2,87.3,86.75,89.32,0.0,0.0,0.0,600.0,0.2738,-0.0866,0.0001,11.6225,-0.4644,-6.6713,86.5144,0.0,0.0,0.0,90.5,down,2026-08-05T14:09:47,0.0,0.0
SPX,2027-07-16,329,Call,5775.0,SPX270716C05775000,2157.2,2163.3,2160.25,0.0,0.0,0.0,0.0,0.0,0.2705,0.9148,0.0001,11.796,-0.3278,43.4935,2160.8534,0.0,0.0,0.0,2140.90002441406,no_change,,0.0,0.0
SPX,2027-07-16,329,Put,5775.0,SPX270716P05775000,88.0,88.9,88.45,90.25,0.0,0.0,0.0,1001.0,0.2724,-0.0884,0.0001,11.796,-0.4691,-6.8078,88.1685,0.0,0.0,0.0,92.2000007629394,no_change,2026-08-17T14:31:48,0.0,0.0
SPX,2027-07-16,329,Call,5800.0,SPX270716C05800000,2135.4,2140.5,2137.95,0.0,0.0,0.0,0.0,0.0,0.2694,0.913,0.0001,11.9708,-0.3342,43.5709,2138.5263,0.0,0.0,0.0,2118.59997558594,no_change,,0.0,0.0
SPX,2027-07-16,329,Put,5800.0,SPX270716P05800000,89.5,90.6,90.05,92.55,0.0,0.0,0.0,406.0,0.271,-0.0902,0.0001,11.9708,-0.4738,-6.9466,89.8576,0.0,0.0,0.0,93.9500007629394,no_change,2026-08-20T11:28:46,0.0,0.0
SPX,2027-07-16,329,Call,5825.0,SPX270716C05825000,2112.6,2118.6,2115.6,0.0,0.0,0.0,0.0,0.0,0.2683,0.9112,0.0001,12.1471,-0.3405,43.6461,2116.2348,0.0,0.0,0.0,2096.45007324219,no_change,,0.0,0.0
SPX,2027-07-16,329,Put,5825.0,SPX270716P05825000,91.4,92.3,91.85,94.02,0.0,0.0,0.0,3.0,0.2696,-0.0921,0.0001,12.1471,-0.4785,-7.0877,91.5823,0.0,0.0,0.0,95.75,down,2026-08-07T09:39:23,0.0,0.0
SPX,2027-07-16,329,Call,5850.0,SPX270716C05850000,2090.9,2095.9,2093.4,0.0,0.0,0.0,0.0,0.0,0.2668,0.9093,0.0001,12.3251,-0.3469,43.719,2093.9793,0.0,0.0,0.0,2074.15002441406,no_change,,0.0,0.0
SPX,2027-07-16,329,Put,5850.0,SPX270716P05850000,93.0,94.1,93.55,92.57,-5.03,-5.15369,4.0,16.0,0.2682,-0.0939,0.0001,12.3251,-0.4833,-7.231,93.343,92.64,92.64,92.57,97.5999984741211,down,2026-08-21T15:33:05,0.0,0.0
SPX,2027-07-16,329,Call,5875.0,SPX270716C05875000,2068.2,2074.2,2071.2,2076.96,24.91,1.21391,1.0,0.0,0.2656,0.9074,0.0001,12.505,-0.3533,43.7895,2071.7604,2076.96,2076.96,2076.96,2052.05004882812,up,2026-08-21T12:45:58,0.0,0.0
SPX,2027-07-16,329,Put,5875.0,SPX270716P05875000,94.8,95.9,95.35,95.16,-4.24,-4.26559,1.0,8.0,0.2668,-0.0958,0.0001,12.505,-0.4881,-7.3768,95.1404,95.16,95.16,95.16,99.4000015258789,down,2026-08-21T12:45:58,0.0,0.0
SPX,2027-07-16,329,Call,5900.0,SPX270716C05900000,2046.6,2051.5,2049.05,2125.31,0.0,0.0,0.0,4.0,0.2641,0.9055,0.0001,12.6871,-0.3598,43.8573,2049.5787,0.0,0.0,0.0,2029.95001220703,up,2026-08-12T12:49:45,0.0,0.0
SPX,2027-07-16,329,Put,5900.0,SPX270716P05900000,96.6,97.7,97.15,98.17,0.0,0.0,0.0,548.0,0.2654,-0.0978,0.0001,12.6871,-0.4929,-7.5251,96.9748,0.0,0.0,0.0,101.299999237061,up,2026-08-19T10:05:54,0.0,0.0
SPX,2027-07-16,329,Call,5925.0,SPX270716C05925000,2024.0,2029.8,2026.9,0.0,0.0,0.0,0.0,0.0,0.263,0.9035,0.0001,12.8717,-0.3662,43.9223,2027.4348,0.0,0.0,0.0,2007.95001220703,no_change,,0.0,0.0
SPX,2027-07-16,329,Put,5925.0,SPX270716P05925000,98.5,99.6,99.05,101.4,0.0,0.0,0.0,8.0,0.2642,-0.0998,0.0001,12.8717,-0.4977,-7.6764,98.8472,0.0,0.0,0.0,103.25,up,2026-08-06T14:36:10,0.0,0.0
SPX,2027-07-16,329,Call,5950.0,SPX270716C05950000,2002.4,2007.3,2004.85,2109.45,0.0,0.0,0.0,3.0,0.2614,0.9014,0.0001,13.0589,-0.3727,43.984,2005.3296,0.0,0.0,0.0,1985.90002441406,up,2026-08-14T13:18:48,0.0,0.0
SPX,2027-07-16,329,Put,5950.0,SPX270716P05950000,100.4,101.5,100.95,101.36,0.0,0.0,0.0,240.0,0.2628,-0.1018,0.0001,13.0589,-0.5025,-7.831,100.7581,0.0,0.0,0.0,105.25,up,2026-08-17T10:53:00,0.0,0.0
SPX,2027-07-16,329,Call,5975.0,SPX270716C05975000,1979.9,1985.6,1982.75,0.0,0.0,0.0,0.0,0.0,0.2603,0.8994,0.0001,13.249,-0.3792,44.0421,1983.2637,0.0,0.0,0.0,1964.0,no_change,,0.0,0.0
SPX,2027-07-16,329,Put,5975.0,SPX270716P05975000,102.3,103.5,102.9,102.76,0.0,0.0,0.0,19.0,0.2614,-0.1039,0.0001,13.249,-0.5074,-7.9891,102.7084,0.0,0.0,0.0,107.25,no_change,2026-08-17T11:17:51,0.0,0.0
SPX,2027-07-16,329,Call,6000.0,SPX270716C06000000,1958.4,1963.2,1960.8000000000002,2022.08,0.0,0.0,0.0,101.0,0.2589,0.8972,0.0001,13.4418,-0.3856,44.0964,1961.2381,0.0,0.0,0.0,1941.95001220703,down,2026-08-11T15:23:57,0.0,0.0
SPX,2027-07-16,329,Put,6000.0,SPX270716P06000000,104.3,105.4,104.85,108.5,0.0,0.0,0.0,2095.0,0.2601,-0.106,0.0001,13.4418,-0.5122,-8.151,104.6991,0.0,0.0,0.0,109.350002288818,up,2026-08-18T15:50:16,0.0,0.0
SPX,2027-07-16,329,Call,6025.0,SPX270716C06025000,1936.0,1941.6,1938.8,0.0,0.0,0.0,0.0,0.0,0.2577,0.8951,0.0001,13.6373,-0.3922,44.1466,1939.2538,0.0,0.0,0.0,1920.14996337891,no_change,,0.0,0.0
SPX,2027-07-16,329,Put,6025.0,SPX270716P06025000,106.2,107.4,106.80000000000001,109.17,0.0,0.0,0.0,8.0,0.2588,-0.1082,0.0001,13.6373,-0.5171,-8.317,106.731,0.0,0.0,0.0,111.400001525879,up,2026-08-06T15:03:17,0.0,0.0
SPX,2027-07-16,329,Call,6050.0,SPX270716C06050000,1914.5,1919.3,1916.9,0.0,0.0,0.0,0.0,0.0,0.2562,0.8929,0.0001,13.8353,-0.3987,44.1926,1917.3119,0.0,0.0,0.0,1898.19995117188,no_change,,0.0,0.0
SPX,2027-07-16,329,Put,6050.0,SPX270716P06050000,108.4,109.5,108.95,110.85,0.0,0.0,0.0,18.0,0.2574,-0.1104,0.0001,13.8354,-0.522,-8.4872,108.8053,0.0,0.0,0.0,113.549999237061,up,2026-08-19T10:14:42,0.0,0.0
SPX,2027-07-16,329,Call,6075.0,SPX270716C06075000,1892.2,1897.8,1895.0,0.0,0.0,0.0,0.0,0.0,0.2551,0.8906,0.0001,14.0355,-0.4052,44.2345,1895.4133,0.0,0.0,0.0,1876.54998779297,no_change,,0.0,0.0
SPX,2027-07-16,329,Put,6075.0,SPX270716P06075000,110.5,111.7,111.1,110.0,-5.7,-4.92653,8.0,100.0,0.2561,-0.1126,0.0001,14.0355,-0.5268,-8.6616,110.9229,112.8,112.8,110.0,115.699996948242,down,2026-08-21T14:59:56,0.0,0.0
SPX,2027-07-16,329,Call,6100.0,SPX270716C06100000,1870.6,1875.5,1873.05,1808.53,0.0,0.0,0.0,4.0,0.2538,0.8884,0.0001,14.2375,-0.4117,44.2723,1873.5591,0.0,0.0,0.0,1854.59997558594,up,2026-08-03T11:51:39,0.0,0.0
SPX,2027-07-16,329,Put,6100.0,SPX270716P06100000,112.7,113.8,113.25,115.86,0.0,0.0,0.0,87.0,0.2547,-0.1149,0.0001,14.2375,-0.5317,-8.84,113.0848,0.0,0.0,0.0,118.049999237061,up,2026-08-20T13:08:23,0.0,0.0
SPX,2027-07-16,329,Call,6125.0,SPX270716C06125000,1848.6,1854.1,1851.35,0.0,0.0,0.0,0.0,0.0,0.2526,0.886,0.0001,14.4409,-0.4183,44.3062,1851.7501,0.0,0.0,0.0,1832.95001220703,no_change,,0.0,0.0
SPX,2027-07-16,329,Put,6125.0,SPX270716P06125000,115.0,116.1,115.55,114.8,-5.4,-4.49251,32.0,387.0,0.2535,-0.1172,0.0001,14.4409,-0.5366,-9.0224,115.2921,114.26,114.8,114.26,120.199996948242,up,2026-08-21T11:50:06,0.0,0.0
SPX,2027-07-16,329,Call,6150.0,SPX270716C06150000,1827.4,1831.9,1829.65,0.0,0.0,0.0,0.0,0.0,0.2511,0.8836,0.0001,14.6455,-0.4248,44.3368,1829.9872,0.0,0.0,0.0,1811.25,no_change,,0.0,0.0
SPX,2027-07-16,329,Put,6150.0,SPX270716P06150000,117.3,118.2,117.75,117.43,-5.17,-4.21696,92.0,121.0,0.2521,-0.1196,0.0001,14.6455,-0.5416,-9.208,117.5455,117.39,117.53,117.25,122.599998474121,down,2026-08-21T12:08:12,0.0,0.0
SPX,2027-07-16,329,Call,6175.0,SPX270716C06175000,1805.2,1810.6,1807.9,1796.9,0.0,0.0,0.0,0.0,0.25,0.8812,0.0001,14.8509,-0.4314,44.3639,1808.2712,0.0,0.0,0.0,1789.60003662109,up,2026-08-04T09:44:00,0.0,0.0
SPX,2027-07-16,329,Put,6175.0,SPX270716P06175000,119.4,120.6,120.0,120.18,-4.77,-3.81753,4.0,162.0,0.2508,-0.1221,0.0001,14.8509,-0.5464,-9.3971,119.8457,119.83,120.18,119.83,124.950000762939,up,2026-08-21T12:19:33,0.0,0.0
SPX,2027-07-16,329,Call,6200.0,SPX270716C06200000,1784.0,1788.5,1786.25,1773.8,0.0,0.0,0.0,4.0,0.2486,0.8787,0.0001,15.0573,-0.4379,44.3881,1786.6027,0.0,0.0,0.0,1768.0,up,2026-08-04T09:44:59,0.0,0.0
SPX,2027-07-16,329,Put,6200.0,SPX270716P06200000,121.7,122.9,122.30000000000001,126.48,0.0,0.0,0.0,99.0,0.2495,-0.1245,0.0001,15.0573,-0.5514,-9.5891,122.1933,0.0,0.0,0.0,127.400001525879,up,2026-08-18T15:05:09,0.0,0.0
SPX,2027-07-16,329,Call,6225.0,SPX270716C06225000,1762.0,1767.3,1764.65,1699.2,0.0,0.0,0.0,1.0,0.2474,0.8762,0.0001,15.2646,-0.4444,44.4095,1764.9824,0.0,0.0,0.0,1746.5,down,2026-07-13T10:57:51,0.0,0.0
SPX,2027-07-16,329,Put,6225.0,SPX270716P06225000,124.1,125.4,124.75,127.3,0.0,0.0,0.0,53.0,0.2482,-0.1271,0.0001,15.2646,-0.5563,-9.784,124.5892,0.0,0.0,0.0,129.849998474121,up,2026-08-17T15:23:25,0.0,0.0
SPX,2027-07-16,329,Call,6250.0,SPX270716C06250000,1740.9,1745.3,1743.1,1637.9,0.0,0.0,0.0,2.0,0.246,0.8736,0.0001,15.473,-0.451,44.4279,1743.4107,0.0,0.0,0.0,1725.0,up,2026-07-21T14:01:22,0.0,0.0
SPX,2027-07-16,329,Put,6250.0,SPX270716P06250000,126.5,127.7,127.1,132.69,0.0,0.0,0.0,106.0,0.2469,-0.1296,0.0001,15.473,-0.5612,-9.9817,127.0337,0.0,0.0,0.0,132.399993896484,down,2026-08-18T10:54:34,0.0,0.0
SPX,2027-07-16,329,Call,6275.0,SPX270716C06275000,1718.9,1724.2,1721.5500000000002,1656.36,0.0,0.0,0.0,2.0,0.2449,0.871,0.0001,15.683,-0.4575,44.4433,1721.8884,0.0,0.0,0.0,1703.65002441406,up,2026-07-13T11:10:18,0.0,0.0
SPX,2027-07-16,329,Put,6275.0,SPX270716P06275000,129.1,130.3,129.7,130.69,0.0,0.0,0.0,73.0,0.2456,-0.1323,0.0001,15.683,-0.566,-10.1826,129.5276,0.0,0.0,0.0,134.949996948242,up,2026-08-17T13:05:17,0.0,0.0
SPX,2027-07-16,329,Call,6300.0,SPX270716C06300000,1697.7,1702.3,1700.0,0.0,0.0,0.0,0.0,0.0,0.2435,0.8683,0.0001,15.8947,-0.464,44.4553,1700.4161,0.0,0.0,0.0,1682.15002441406,no_change,,0.0,0.0
SPX,2027-07-16,329,Put,6300.0,SPX270716P06300000,131.7,132.8,132.25,137.14,0.0,0.0,0.0,283.0,0.2443,-0.135,0.0001,15.8947,-0.5709,-10.3868,132.0715,0.0,0.0,0.0,137.600006103516,down,2026-08-20T14:14:22,0.0,0.0
SPX,2027-07-16,329,Call,6325.0,SPX270716C06325000,1676.1,1681.3,1678.6999999999998,1604.62,0.0,0.0,0.0,1.0,0.2424,0.8656,0.0001,16.1087,-0.4705,44.4634,1678.9947,0.0,0.0,0.0,1660.89996337891,up,2026-07-06T13:29:20,0.0,0.0
SPX,2027-07-16,329,Put,6325.0,SPX270716P06325000,134.3,135.4,134.85000000000002,133.6,-6.6,-4.70756,8.0,64.0,0.2431,-0.1377,0.0001,16.1087,-0.5758,-10.5949,134.6662,134.31,134.31,133.38,140.200004577637,up,2026-08-21T15:40:24,0.0,0.0
SPX,2027-07-16,329,Call,6350.0,SPX270716C06350000,1655.2,1659.5,1657.35,1552.22,0.0,0.0,0.0,1.0,0.241,0.8628,0.0001,16.3251,-0.477,44.4672,1657.6251,0.0,0.0,0.0,1639.54998779297,up,2026-07-21T15:48:42,0.0,0.0
SPX,2027-07-16,329,Put,6350.0,SPX270716P06350000,136.8,138.0,137.4,138.47,0.0,0.0,0.0,231.0,0.2417,-0.1405,0.0001,16.3251,-0.5806,-10.8074,137.313,0.0,0.0,0.0,142.949996948242,down,2026-08-19T10:05:54,0.0,0.0
SPX,2027-07-16,329,Call,6375.0,SPX270716C06375000,1633.5,1638.6,1636.05,0.0,0.0,0.0,0.0,0.0,0.2399,0.8599,0.0001,16.544,-0.4835,44.4661,1636.3086,0.0,0.0,0.0,1618.34997558594,no_change,,0.0,0.0
SPX,2027-07-16,329,Put,6375.0,SPX270716P06375000,139.5,140.8,140.15,141.03,0.0,0.0,0.0,141.0,0.2405,-0.1433,0.0001,16.544,-0.5855,-11.0248,140.0126,0.0,0.0,0.0,145.700004577637,up,2026-08-19T14:08:48,0.0,0.0
SPX,2027-07-16,329,Call,6400.0,SPX270716C06400000,1612.7,1616.9,1614.8000000000002,1424.04,0.0,0.0,0.0,1.0,0.2385,0.857,0.0001,16.7655,-0.4899,44.4596,1615.0463,0.0,0.0,0.0,1597.15002441406,down,2026-07-23T13:36:00,0.0,0.0
SPX,2027-07-16,329,Put,6400.0,SPX270716P06400000,142.2,143.5,142.85,148.2,0.0,0.0,0.0,833.0,0.2392,-0.1462,0.0001,16.7655,-0.5903,-11.2474,142.7666,0.0,0.0,0.0,148.600006103516,down,2026-08-18T12:45:42,0.0,0.0
SPX,2027-07-16,329,Call,6425.0,SPX270716C06425000,1591.1,1596.1,1593.6,1485.56,0.0,0.0,0.0,1.0,0.2374,0.8541,0.0001,16.9893,-0.4963,44.4477,1593.8397,0.0,0.0,0.0,1576.09997558594,up,2026-07-21T11:31:05,0.0,0.0
SPX,2027-07-16,329,Put,6425.0,SPX270716P06425000,144.9,146.3,145.60000000000002,151.74,0.0,0.0,0.0,108.0,0.238,-0.1492,0.0001,16.9893,-0.5951,-11.4756,145.5762,0.0,0.0,0.0,151.5,up,2026-08-18T11:05:34,0.0,0.0
SPX,2027-07-16,329,Call,6450.0,SPX270716C06450000,1570.2,1574.6,1572.4,0.0,0.0,0.0,0.0,0.0,0.236,0.8511,0.0001,17.215,-0.5027,44.4301,1572.6902,0.0,0.0,0.0,1555.0,no_change,,0.0,0.0
SPX,2027-07-16,329,Put,6450.0,SPX270716P06450000,147.9,149.1,148.5,153.93,0.0,0.0,0.0,117.0,0.2367,-0.1522,0.0001,17.215,-0.5998,-11.7094,148.4428,0.0,0.0,0.0,154.449996948242,down,2026-08-18T10:51:52,0.0,0.0
SPX,2027-07-16,329,Call,6475.0,SPX270716C06475000,1549.0,1553.8,1551.4,1364.42,0.0,0.0,0.0,0.0,0.2349,0.848,0.0001,17.4421,-0.5091,44.4071,1551.5991,0.0,0.0,0.0,1534.09997558594,down,2026-07-23T13:36:00,0.0,0.0
SPX,2027-07-16,329,Put,6475.0,SPX270716P06475000,150.9,152.2,151.55,152.0,0.0,0.0,0.0,194.0,0.2355,-0.1552,0.0001,17.4421,-0.6045,-11.9486,151.368,0.0,0.0,0.0,157.450004577637,down,2026-08-19T15:50:23,0.0,0.0
SPX,2027-07-16,329,Call,6500.0,SPX270716C06500000,1528.4,1532.5,1530.45,1536.09,23.04,1.52275,2.0,63.0,0.2336,0.8449,0.0001,17.67,-0.5154,44.379,1530.5677,1535.54,1536.09,1535.54,1513.05004882812,up,2026-08-21T15:38:25,0.0,0.0
SPX,2027-07-16,329,Put,6500.0,SPX270716P06500000,153.8,155.1,154.45,154.52,-6.03,-3.75584,2.0,475.0,0.2342,-0.1584,0.0001,17.67,-0.6092,-12.193,154.3528,154.04,154.52,154.04,160.550003051758,up,2026-08-21T12:19:11,0.0,0.0
SPX,2027-07-16,329,Call,6525.0,SPX270716C06525000,1507.0,1511.8,1509.4,1440.22,0.0,0.0,0.0,3.0,0.2324,0.8417,0.0001,17.8984,-0.5217,44.3465,1509.5972,0.0,0.0,0.0,1492.35003662109,up,2026-08-03T10:39:20,0.0,0.0
SPX,2027-07-16,329,Put,6525.0,SPX270716P06525000,156.7,158.2,157.45,157.15,0.0,0.0,0.0,34.0,0.233,-0.1615,0.0001,17.8984,-0.6139,-12.4417,157.3985,0.0,0.0,0.0,163.650001525879,up,2026-08-19T14:38:28,0.0,0.0
SPX,2027-07-16,329,Call,6550.0,SPX270716C06550000,1486.6,1490.6,1488.6,1576.1,0.0,0.0,0.0,5.0,0.2311,0.8385,0.0001,18.1268,-0.528,44.3097,1488.6885,0.0,0.0,0.0,1471.39996337891,up,2026-08-07T11:41:05,0.0,0.0
SPX,2027-07-16,329,Put,6550.0,SPX270716P06550000,160.0,161.2,160.6,165.42,0.0,0.0,0.0,143.0,0.2316,-0.1648,0.0001,18.1268,-0.6185,-12.6947,160.506,0.0,0.0,0.0,166.849998474121,no_change,2026-08-18T14:33:30,0.0,0.0
SPX,2027-07-16,329,Call,6575.0,SPX270716C06575000,1465.4,1470.1,1467.75,1559.35,0.0,0.0,0.0,15.0,0.2299,0.8352,0.0001,18.3552,-0.5342,44.2693,1467.8426,0.0,0.0,0.0,1450.75,up,2026-08-17T13:07:37,0.0,0.0
SPX,2027-07-16,329,Put,6575.0,SPX270716P06575000,163.2,164.5,163.85,159.49,0.0,0.0,0.0,34.0,0.2304,-0.1681,0.0001,18.3552,-0.6231,-12.9514,163.6763,0.0,0.0,0.0,170.099998474121,down,2026-08-14T09:38:55,0.0,0.0
SPX,2027-07-16,329,Call,6600.0,SPX270716C06600000,1444.8,1449.0,1446.9,1437.08,7.03,0.491592,2.0,46.0,0.2286,0.8318,0.0001,18.5836,-0.5404,44.2254,1447.0602,1436.78,1437.08,1436.78,1430.04998779297,up,2026-08-21T10:37:35,0.0,0.0
SPX,2027-07-16,329,Put,6600.0,SPX270716P06600000,166.3,167.6,166.95,164.99,0.0,0.0,0.0,805.0,0.2292,-0.1714,0.0001,18.5836,-0.6276,-13.2115,166.91,0.0,0.0,0.0,173.449996948242,up,2026-08-17T11:32:36,0.0,0.0
SPX,2027-07-16,329,Call,6625.0,SPX270716C06625000,1423.9,1428.6,1426.25,1520.9,0.0,0.0,0.0,9.0,0.2275,0.8284,0.0002,18.8123,-0.5465,44.1779,1426.342,0.0,0.0,0.0,1409.45001220703,down,2026-08-17T10:39:47,0.0,0.0
SPX,2027-07-16,329,Put,6625.0,SPX270716P06625000,169.5,171.0,170.25,170.67,0.0,0.0,0.0,73.0,0.228,-0.1749,0.0002,18.8123,-0.6321,-13.4752,170.208,0.0,0.0,0.0,176.849998474121,up,2026-08-19T13:44:49,0.0,0.0
SPX,2027-07-16,329,Call,6650.0,SPX270716C06650000,1403.5,1407.6,1405.55,1296.62,0.0,0.0,0.0,1.0,0.2262,0.8249,0.0002,19.0417,-0.5526,44.1265,1405.689,0.0,0.0,0.0,1388.84997558594,down,2026-07-17T12:14:31,0.0,0.0
SPX,2027-07-16,329,Put,6650.0,SPX270716P06650000,173.0,174.3,173.65,178.55,0.0,0.0,0.0,172.0,0.2267,-0.1784,0.0002,19.0418,-0.6366,-13.7428,173.5713,0.0,0.0,0.0,180.299995422363,down,2026-08-18T13:05:15,0.0,0.0
SPX,2027-07-16,329,Call,6675.0,SPX270716C06675000,1382.7,1387.4,1385.0500000000002,0.0,0.0,0.0,0.0,0.0,0.225,0.8213,0.0002,19.2723,-0.5586,44.0706,1385.1022,0.0,0.0,0.0,1368.45001220703,no_change,,0.0,0.0
SPX,2027-07-16,329,Put,6675.0,SPX270716P06675000,176.5,177.9,177.2,178.62,0.0,0.0,0.0,133.0,0.2255,-0.182,0.0002,19.2723,-0.641,-14.0149,177.0007,0.0,0.0,0.0,183.849998474121,down,2026-08-19T10:26:37,0.0,0.0
SPX,2027-07-16,329,Call,6700.0,SPX270716C06700000,1362.6,1366.6,1364.6,1179.16,0.0,0.0,0.0,2.0,0.2238,0.8177,0.0002,19.5044,-0.5646,44.0094,1364.5829,0.0,0.0,0.0,1348.04998779297,down,2026-07-23T11:25:46,0.0,0.0
SPX,2027-07-16,329,Put,6700.0,SPX270716P06700000,179.9,181.3,180.60000000000002,181.6,0.0,0.0,0.0,926.0,0.2242,-0.1856,0.0002,19.5044,-0.6453,-14.2924,180.4975,0.0,0.0,0.0,187.400001525879,down,2026-08-19T09:36:01,0.0,0.0
SPX,2027-07-16,329,Call,6725.0,SPX270716C06725000,1341.8,1346.5,1344.15,0.0,0.0,0.0,0.0,0.0,0.2226,0.814,0.0002,19.7383,-0.5705,43.9422,1344.1325,0.0,0.0,0.0,1327.75,no_change,,0.0,0.0
SPX,2027-07-16,329,Put,6725.0,SPX270716P06725000,183.5,185.0,184.25,187.2,0.0,0.0,0.0,361.0,0.223,-0.1893,0.0002,19.7383,-0.6496,-14.5758,184.0633,0.0,0.0,0.0,191.099998474121,up,2026-08-06T15:36:32,0.0,0.0
SPX,2027-07-16,329,Call,6750.0,SPX270716C06750000,1321.7,1325.8,1323.75,1253.06,0.0,0.0,0.0,1.0,0.2214,0.8102,0.0002,19.9739,-0.5763,43.8682,1323.7528,0.0,0.0,0.0,1307.40002441406,up,2026-07-01T12:31:25,0.0,0.0
SPX,2027-07-16,329,Put,6750.0,SPX270716P06750000,187.2,188.5,187.85,186.24,-8.56,-4.39425,2.0,183.0,0.2218,-0.193,0.0002,19.9739,-0.6538,-14.866,187.6999,186.13,186.24,186.13,194.799995422363,up,2026-08-21T15:33:05,0.0,0.0
SPX,2027-07-16,329,Call,6775.0,SPX270716C06775000,1301.2,1305.8,1303.5,1088.9,0.0,0.0,0.0,2.0,0.2202,0.8064,0.0002,20.2112,-0.5821,43.787,1303.4458,0.0,0.0,0.0,1287.25,up,2026-07-29T11:52:58,0.0,0.0
SPX,2027-07-16,329,Put,6775.0,SPX270716P06775000,190.7,192.4,191.55,198.67,0.0,0.0,0.0,251.0,0.2206,-0.1969,0.0002,20.2112,-0.6579,-15.1634,191.409,0.0,0.0,0.0,198.649993896484,down,2026-08-18T11:32:33,0.0,0.0
SPX,2027-07-16,329,Call,6800.0,SPX270716C06800000,1281.4,1285.2,1283.3000000000002,1120.27,0.0,0.0,0.0,30.0,0.219,0.8025,0.0002,20.4494,-0.5878,43.6986,1283.2133,0.0,0.0,0.0,1267.09997558594,down,2026-07-31T11:04:14,0.0,0.0
SPX,2027-07-16,329,Put,6800.0,SPX270716P06800000,194.7,196.0,195.35,195.88,-6.62,-3.26914,2.0,412.0,0.2193,-0.2008,0.0002,20.4494,-0.662,-15.4681,195.1928,195.92,195.92,195.88,202.5,down,2026-08-21T11:17:06,0.0,0.0
SPX,2027-07-16,329,Call,6825.0,SPX270716C06825000,1260.9,1265.4,1263.15,0.0,0.0,0.0,0.0,0.0,0.2178,0.7985,0.0002,20.688,-0.5934,43.6033,1263.0573,0.0,0.0,0.0,1247.15002441406,no_change,,0.0,0.0
SPX,2027-07-16,329,Put,6825.0,SPX270716P06825000,198.6,200.0,199.3,199.55,0.0,0.0,0.0,26.0,0.2181,-0.2047,0.0002,20.688,-0.666,-15.7797,199.053,0.0,0.0,0.0,206.5,up,2026-08-19T14:08:48,0.0,0.0
SPX,2027-07-16,329,Call,6850.0,SPX270716C06850000,1241.1,1245.1,1243.1,1164.5,0.0,0.0,0.0,1.0,0.2166,0.7944,0.0002,20.9263,-0.599,43.5016,1242.9798,0.0,0.0,0.0,1227.14996337891,up,2026-08-03T09:57:20,0.0,0.0
SPX,2027-07-16,329,Put,6850.0,SPX270716P06850000,202.5,203.8,203.15,203.4,0.0,0.0,0.0,79.0,0.2169,-0.2088,0.0002,20.9263,-0.6699,-16.0976,202.9916,0.0,0.0,0.0,210.549995422363,down,2026-08-19T10:29:28,0.0,0.0
SPX,2027-07-16,329,Call,6875.0,SPX270716C06875000,1220.9,1225.4,1223.15,1320.75,0.0,0.0,0.0,3.0,0.2154,0.7903,0.0002,21.1638,-0.6045,43.3943,1222.9819,0.0,0.0,0.0,1207.29998779297,up,2026-08-13T09:44:38,0.0,0.0
SPX,2027-07-16,329,Put,6875.0,SPX270716P06875000,206.5,208.0,207.25,205.5,-9.25,-4.30733,6.0,84.0,0.2157,-0.2129,0.0002,21.1638,-0.6737,-16.4211,207.01,205.5,205.5,205.5,214.75,down,2026-08-21T15:32:21,0.0,0.0
SPX,2027-07-16,329,Call,6900.0,SPX270716C06900000,1201.5,1205.2,1203.35,1313.97,0.0,0.0,0.0,31.0,0.2142,0.7861,0.0002,21.3998,-0.6098,43.2822,1203.0654,0.0,0.0,0.0,1187.5,up,2026-08-14T10:41:25,0.0,0.0
SPX,2027-07-16,329,Put,6900.0,SPX270716P06900000,210.6,212.0,211.3,215.31,-3.54,-1.61755,250.0,340.0,0.2144,-0.2171,0.0002,21.3998,-0.6775,-16.7494,211.1096,215.31,215.31,215.31,218.849998474121,no_change,2026-08-21T10:01:39,0.0,0.0
SPX,2027-07-16,329,Call,6925.0,SPX270716C06925000,1181.3,1185.6,1183.4499999999998,1039.9,0.0,0.0,0.0,6.0,0.213,0.7818,0.0002,21.6344,-0.6151,43.166,1183.2312,0.0,0.0,0.0,1167.84997558594,down,2026-06-29T11:38:56,0.0,0.0
SPX,2027-07-16,329,Put,6925.0,SPX270716P06925000,214.6,216.3,215.45,213.22,-10.03,-4.49272,2.0,245.0,0.2133,-0.2214,0.0002,21.6344,-0.6811,-17.0819,215.2916,212.97,213.22,212.97,223.25,up,2026-08-21T11:42:41,0.0,0.0
SPX,2027-07-16,329,Call,6950.0,SPX270716C06950000,1161.7,1165.7,1163.7,1097.1,0.0,0.0,0.0,10.0,0.2117,0.7775,0.0002,21.8677,-0.6203,43.0456,1163.4804,0.0,0.0,0.0,1148.09997558594,down,2026-08-03T10:32:43,0.0,0.0
SPX,2027-07-16,329,Put,6950.0,SPX270716P06950000,219.1,220.5,219.8,215.47,0.0,0.0,0.0,217.0,0.212,-0.2258,0.0002,21.8677,-0.6846,-17.4185,219.5571,0.0,0.0,0.0,227.549995422363,up,2026-08-14T13:09:21,0.0,0.0
SPX,2027-07-16,329,Call,6975.0,SPX270716C06975000,1141.9,1146.3,1144.1,1186.39,0.0,0.0,0.0,2.0,0.2106,0.773,0.0002,22.1,-0.6254,42.9208,1143.8143,0.0,0.0,0.0,1128.65002441406,down,2026-08-19T14:38:04,0.0,0.0
SPX,2027-07-16,329,Put,6975.0,SPX270716P06975000,223.5,225.0,224.25,224.26,-7.79,-3.35704,2.0,119.0,0.2108,-0.2302,0.0002,22.1,-0.6881,-17.7596,223.9072,223.61,224.26,223.61,232.050003051758,up,2026-08-21T12:19:33,0.0,0.0
SPX,2027-07-16,329,Call,7000.0,SPX270716C07000000,1122.5,1126.4,1124.45,1221.16,0.0,0.0,0.0,267.0,0.2093,0.7685,0.0002,22.3318,-0.6304,42.7908,1124.234,0.0,0.0,0.0,1109.14996337891,up,2026-08-13T09:44:38,0.0,0.0
SPX,2027-07-16,329,Put,7000.0,SPX270716P07000000,227.9,229.3,228.60000000000002,227.81,-8.74,-3.69478,46.0,801.0,0.2096,-0.2347,0.0002,22.3318,-0.6914,-18.1058,228.3431,227.48,228.0,227.32,236.549995422363,down,2026-08-21T12:08:12,0.0,0.0
SPX,2027-07-16,329,Call,7025.0,SPX270716C07025000,1103.0,1107.2,1105.1,1097.72,0.0,0.0,0.0,3.0,0.2082,0.7639,0.0002,22.5637,-0.6353,42.6544,1104.7414,0.0,0.0,0.0,1089.79998779297,down,2026-08-20T14:03:42,0.0,0.0
SPX,2027-07-16,329,Put,7025.0,SPX270716P07025000,232.4,233.9,233.15,231.35,-9.85,-4.08375,14.0,15.0,0.2084,-0.2393,0.0002,22.5637,-0.6947,-18.4584,232.8668,230.81,231.35,230.81,241.199996948242,up,2026-08-21T11:50:06,0.0,0.0
SPX,2027-07-16,329,Call,7050.0,SPX270716C07050000,1084.0,1087.6,1085.8,1127.58,0.0,0.0,0.0,6.0,0.207,0.7593,0.0002,22.7958,-0.64,42.5106,1085.3386,0.0,0.0,0.0,1070.5,down,2026-08-19T14:33:05,0.0,0.0
SPX,2027-07-16,329,Put,7050.0,SPX270716P07050000,237.1,238.4,237.75,243.49,0.0,0.0,0.0,153.0,0.2072,-0.244,0.0002,22.7958,-0.6978,-18.8184,237.4801,0.0,0.0,0.0,245.900001525879,up,2026-08-20T13:29:05,0.0,0.0
SPX,2027-07-16,329,Call,7075.0,SPX270716C07075000,1064.3,1068.5,1066.4,1105.41,0.0,0.0,0.0,24.0,0.2058,0.7545,0.0002,23.0281,-0.6447,42.3583,1066.0279,0.0,0.0,0.0,1051.39996337891,up,2026-08-19T14:19:27,0.0,0.0
SPX,2027-07-16,329,Put,7075.0,SPX270716P07075000,241.8,243.3,242.55,241.66,0.0,0.0,0.0,146.0,0.206,-0.2488,0.0002,23.0281,-0.7008,-19.187,242.1856,0.0,0.0,0.0,250.75,up,2026-08-19T13:44:49,0.0,0.0
SPX,2027-07-16,329,Call,7100.0,SPX270716C07100000,1045.3,1049.1,1047.1999999999998,1084.85,0.0,0.0,0.0,81.0,0.2046,0.7496,0.0002,23.2605,-0.6492,42.1969,1046.812,0.0,0.0,0.0,1032.25,down,2026-08-18T12:52:34,0.0,0.0
SPX,2027-07-16,329,Put,7100.0,SPX270716P07100000,246.6,248.0,247.3,244.9,-10.75,-4.20497,1.0,728.0,0.2047,-0.2536,0.0002,23.2605,-0.7037,-19.5646,246.986,244.9,244.9,244.9,255.649993896484,down,2026-08-21T15:38:21,0.0,0.0
SPX,2027-07-16,329,Call,7125.0,SPX270716C07125000,1027.1,1030.0,1028.55,1123.58,0.0,0.0,0.0,25.0,0.2035,0.7447,0.0002,23.4923,-0.6536,42.0265,1027.6939,0.0,0.0,0.0,1013.25,no_change,2026-08-17T12:18:41,0.0,0.0
SPX,2027-07-16,329,Put,7125.0,SPX270716P07125000,251.5,253.0,252.25,250.1,-10.6,-4.06598,4.0,197.0,0.2036,-0.2585,0.0002,23.4923,-0.7065,-19.9512,251.884,251.72,251.72,249.96,260.699996948242,up,2026-08-21T15:40:24,0.0,0.0
SPX,2027-07-16,329,Call,7150.0,SPX270716C07150000,1008.1,1010.9,1009.5,1101.38,0.0,0.0,0.0,35.0,0.2022,0.7397,0.0002,23.7226,-0.6579,41.8475,1008.676,0.0,0.0,0.0,994.350006103516,no_change,2026-08-10T10:14:28,0.0,0.0
SPX,2027-07-16,329,Put,7150.0,SPX270716P07150000,256.5,257.9,257.2,256.47,0.0,0.0,0.0,78.0,0.2023,-0.2636,0.0002,23.7227,-0.7091,-20.3465,256.8824,0.0,0.0,0.0,265.75,up,2026-08-19T14:08:48,0.0,0.0
SPX,2027-07-16,329,Call,7175.0,SPX270716C07175000,989.2,992.1,990.6500000000001,1031.39,0.0,0.0,0.0,11.0,0.201,0.7346,0.0002,23.9507,-0.662,41.6614,989.7609,0.0,0.0,0.0,975.599975585938,down,2026-08-19T10:22:27,0.0,0.0
SPX,2027-07-16,329,Put,7175.0,SPX270716P07175000,261.3,263.2,262.25,269.7,0.0,0.0,0.0,185.0,0.2012,-0.2687,0.0002,23.9507,-0.7116,-20.7488,261.9835,0.0,0.0,0.0,271.0,down,2026-08-20T14:49:02,0.0,0.0
SPX,2027-07-16,329,Call,7200.0,SPX270716C07200000,970.4,973.2,971.8,1002.4,0.0,0.0,0.0,179.0,0.1998,0.7294,0.0002,24.1758,-0.666,41.4689,970.9506,0.0,0.0,0.0,956.899993896484,up,2026-08-19T16:05:50,0.0,0.0
SPX,2027-07-16,329,Put,7200.0,SPX270716P07200000,266.8,268.2,267.5,267.25,0.0,0.0,0.0,70.0,0.1999,-0.2739,0.0002,24.1758,-0.714,-21.1575,267.1894,0.0,0.0,0.0,276.25,down,2026-08-19T09:36:01,0.0,0.0
SPX,2027-07-16,329,Call,7225.0,SPX270716C07225000,951.7,954.6,953.1500000000001,992.18,0.0,0.0,0.0,12.0,0.1986,0.7241,0.0002,24.3975,-0.6698,41.2715,952.2469,0.0,0.0,0.0,938.300018310547,up,2026-08-19T13:40:53,0.0,0.0
SPX,2027-07-16,329,Put,7225.0,SPX270716P07225000,271.9,273.7,272.79999999999995,281.34,0.0,0.0,0.0,170.0,0.1988,-0.2792,0.0002,24.3975,-0.7162,-21.5712,272.5019,0.0,0.0,0.0,281.699996948242,up,2026-08-18T11:28:07,0.0,0.0
SPX,2027-07-16,329,Call,7250.0,SPX270716C07250000,933.1,935.9,934.5,1037.66,0.0,0.0,0.0,83.0,0.1974,0.7187,0.0002,24.6157,-0.6735,41.0695,933.6513,0.0,0.0,0.0,919.799987792969,up,2026-08-13T12:31:52,0.0,0.0
SPX,2027-07-16,329,Put,7250.0,SPX270716P07250000,277.4,278.9,278.15,286.0,0.0,0.0,0.0,357.0,0.1975,-0.2845,0.0002,24.6157,-0.7182,-21.9894,277.9224,0.0,0.0,0.0,287.300003051758,down,2026-08-20T14:49:46,0.0,0.0
SPX,2027-07-16,329,Call,7275.0,SPX270716C07275000,914.6,917.5,916.05,950.83,0.0,0.0,0.0,21.0,0.1962,0.7133,0.0002,24.8307,-0.677,40.8626,915.1653,0.0,0.0,0.0,901.5,up,2026-08-18T12:30:20,0.0,0.0
SPX,2027-07-16,329,Put,7275.0,SPX270716P07275000,282.9,284.6,283.75,292.5,0.0,0.0,0.0,604.0,0.1964,-0.29,0.0002,24.8307,-0.7201,-22.4124,283.4527,0.0,0.0,0.0,292.75,no_change,2026-08-20T15:45:06,0.0,0.0
SPX,2027-07-16,329,Call,7300.0,SPX270716C07300000,896.2,899.0,897.6,924.92,0.0,0.0,0.0,103.0,0.195,0.7077,0.0002,25.0429,-0.6804,40.65,896.7909,0.0,0.0,0.0,883.150024414062,up,2026-08-18T15:56:00,0.0,0.0
SPX,2027-07-16,329,Put,7300.0,SPX270716P07300000,288.5,290.0,289.25,289.67,-8.98,-3.00687,502.0,2134.0,0.1951,-0.2956,0.0002,25.0429,-0.7218,-22.8413,289.0945,289.97,290.03,289.67,298.650009155273,no_change,2026-08-21T14:43:11,0.0,0.0
SPX,2027-07-16,329,Call,7325.0,SPX270716C07325000,877.9,880.9,879.4,887.74,22.69,2.62297,2.0,6.0,0.1939,0.702,0.0002,25.2528,-0.6836,40.4298,878.5304,888.68,888.68,887.74,865.049987792969,down,2026-08-21T12:06:30,0.0,0.0
SPX,2027-07-16,329,Put,7325.0,SPX270716P07325000,294.4,296.0,295.2,295.1,-9.25,-3.03927,4.0,153.0,0.194,-0.3012,0.0002,25.2528,-0.7234,-23.2777,294.8502,295.2,295.2,295.1,304.350006103516,no_change,2026-08-21T16:01:44,0.0,0.0
SPX,2027-07-16,329,Call,7350.0,SPX270716C07350000,859.7,862.6,861.1500000000001,904.25,0.0,0.0,0.0,344.0,0.1926,0.6963,0.0002,25.4606,-0.6867,40.2006,860.3867,0.0,0.0,0.0,847.0,down,2026-08-19T14:01:46,0.0,0.0
SPX,2027-07-16,329,Put,7350.0,SPX270716P07350000,300.2,301.6,300.9,301.0,-9.4,-3.02835,3.0,118.0,0.1927,-0.307,0.0002,25.4606,-0.7248,-23.7232,300.7226,301.1,301.1,301.0,310.400009155273,no_change,2026-08-21T16:01:42,0.0,0.0
SPX,2027-07-16,329,Call,7375.0,SPX270716C07375000,841.7,844.7,843.2,919.98,0.0,0.0,0.0,60.0,0.1915,0.6904,0.0003,25.6663,-0.6895,39.9608,842.3633,0.0,0.0,0.0,829.099975585938,down,2026-08-05T14:24:40,0.0,0.0
SPX,2027-07-16,329,Put,7375.0,SPX270716P07375000,306.1,307.8,306.95000000000005,315.0,0.0,0.0,0.0,32.0,0.1916,-0.3128,0.0003,25.6663,-0.726,-24.1792,306.7155,0.0,0.0,0.0,316.300003051758,no_change,2026-08-20T14:49:24,0.0,0.0
SPX,2027-07-16,329,Call,7400.0,SPX270716C07400000,823.7,826.6,825.1500000000001,932.86,0.0,0.0,0.0,1982.0,0.1903,0.6844,0.0003,25.8694,-0.6922,39.71,824.4642,0.0,0.0,0.0,811.299987792969,up,2026-08-13T14:30:57,0.0,0.0
SPX,2027-07-16,329,Put,7400.0,SPX270716P07400000,312.2,313.7,312.95,320.42,0.0,0.0,0.0,2191.0,0.1904,-0.3188,0.0003,25.8694,-0.7271,-24.6462,312.8325,0.0,0.0,0.0,322.649993896484,up,2026-08-18T11:31:43,0.0,0.0
SPX,2027-07-16,329,Call,7425.0,SPX270716C07425000,805.9,809.0,807.45,888.62,0.0,0.0,0.0,1118.0,0.1892,0.6784,0.0003,26.0693,-0.6947,39.4484,806.6931,0.0,0.0,0.0,793.649993896484,up,2026-08-11T09:49:41,0.0,0.0
SPX,2027-07-16,329,Put,7425.0,SPX270716P07425000,318.4,320.0,319.2,328.4,0.0,0.0,0.0,444.0,0.1892,-0.3249,0.0003,26.0693,-0.7279,-25.1241,319.0777,0.0,0.0,0.0,328.949996948242,no_change,2026-08-20T14:59:16,0.0,0.0
SPX,2027-07-16,329,Call,7450.0,SPX270716C07450000,788.2,791.2,789.7,879.07,0.0,0.0,0.0,3438.0,0.1879,0.6723,0.0003,26.2649,-0.697,39.1776,789.0538,0.0,0.0,0.0,776.050018310547,down,2026-08-17T11:02:49,0.0,0.0
SPX,2027-07-16,329,Put,7450.0,SPX270716P07450000,324.7,326.3,325.5,335.1,0.0,0.0,0.0,148.0,0.188,-0.331,0.0003,26.2649,-0.7286,-25.6111,325.4545,0.0,0.0,0.0,335.450012207031,up,2026-08-20T15:45:04,0.0,0.0
SPX,2027-07-16,329,Call,7475.0,SPX270716C07475000,770.7,773.8,772.25,765.68,0.0,0.0,0.0,568.0,0.1868,0.666,0.0003,26.4554,-0.6991,38.899,771.5492,0.0,0.0,0.0,758.699981689453,down,2026-08-20T14:03:42,0.0,0.0
SPX,2027-07-16,329,Put,7475.0,SPX270716P07475000,331.3,332.8,332.05,329.3,-12.7,-3.71345,28.0,62.0,0.1868,-0.3372,0.0003,26.4554,-0.729,-26.1059,331.9662,329.3,329.3,329.3,342.0,no_change,2026-08-21T15:50:38,0.0,0.0
SPX,2027-07-16,329,Call,7500.0,SPX270716C07500000,753.2,756.2,754.7,791.3,0.0,0.0,0.0,7280.0,0.1856,0.6596,0.0003,26.64,-0.701,38.6148,754.1822,0.0,0.0,0.0,741.350006103516,down,2026-08-18T12:52:34,0.0,0.0
SPX,2027-07-16,329,Put,7500.0,SPX270716P07500000,337.8,339.4,338.6,348.1,0.0,0.0,0.0,1302.0,0.1856,-0.3436,0.0003,26.64,-0.7293,-26.6064,338.6153,0.0,0.0,0.0,348.800003051758,up,2026-08-20T14:33:20,0.0,0.0
SPX,2027-07-16,329,Call,7525.0,SPX270716C07525000,735.9,739.1,737.5,805.43,0.0,0.0,0.0,1125.0,0.1844,0.6532,0.0003,26.8187,-0.7026,38.3259,736.9546,0.0,0.0,0.0,724.199981689453,down,2026-08-12T10:20:47,0.0,0.0
SPX,2027-07-16,329,Put,7525.0,SPX270716P07525000,344.4,346.2,345.29999999999995,332.54,0.0,0.0,0.0,88.0,0.1845,-0.35,0.0003,26.8187,-0.7293,-27.1115,345.404,0.0,0.0,0.0,355.649993896484,no_change,2026-08-13T13:44:35,0.0,0.0
SPX,2027-07-16,329,Call,7550.0,SPX270716C07550000,718.8,721.8,720.3,759.26,0.0,0.0,0.0,3484.0,0.1832,0.6466,0.0003,26.9913,-0.7041,38.0321,719.869,0.0,0.0,0.0,707.099975585938,down,2026-08-19T14:33:05,0.0,0.0
SPX,2027-07-16,329,Put,7550.0,SPX270716P07550000,351.4,353.0,352.2,362.0,0.0,0.0,0.0,523.0,0.1832,-0.3566,0.0003,26.9913,-0.7292,-27.6215,352.3346,0.0,0.0,0.0,362.549987792969,up,2026-08-20T14:58:52,0.0,0.0
SPX,2027-07-16,329,Call,7575.0,SPX270716C07575000,702.2,704.4,703.3,742.82,0.0,0.0,0.0,673.0,0.1821,0.64,0.0003,27.1582,-0.7054,37.732,702.9279,0.0,0.0,0.0,690.149993896484,down,2026-08-19T10:22:27,0.0,0.0
SPX,2027-07-16,329,Put,7575.0,SPX270716P07575000,358.5,360.1,359.3,359.3,-10.45,-2.82623,1.0,77.0,0.1821,-0.3633,0.0003,27.1582,-0.7288,-28.1378,359.4096,359.3,359.3,359.3,369.75,up,2026-08-21T16:01:41,0.0,0.0
SPX,2027-07-16,329,Call,7600.0,SPX270716C07600000,685.3,687.6,686.45,729.88,0.0,0.0,0.0,1448.0,0.1808,0.6332,0.0003,27.3196,-0.7064,37.4235,686.1346,0.0,0.0,0.0,673.549987792969,down,2026-08-19T10:21:03,0.0,0.0
SPX,2027-07-16,329,Put,7600.0,SPX270716P07600000,365.6,367.2,366.4,373.96,0.0,0.0,0.0,627.0,0.1809,-0.37,0.0003,27.3196,-0.7282,-28.6625,366.6326,0.0,0.0,0.0,377.049987792969,up,2026-08-18T11:19:45,0.0,0.0
SPX,2027-07-16,329,Call,7625.0,SPX270716C07625000,668.6,670.9,669.75,698.59,0.0,0.0,0.0,293.0,0.1798,0.6264,0.0003,27.4757,-0.7072,37.1041,669.4934,0.0,0.0,0.0,656.800018310547,up,2026-08-19T16:05:50,0.0,0.0
SPX,2027-07-16,329,Put,7625.0,SPX270716P07625000,373.0,374.6,373.8,382.7,0.0,0.0,0.0,95.0,0.1797,-0.3769,0.0003,27.4757,-0.7274,-29.1981,374.0077,0.0,0.0,0.0,384.600006103516,up,2026-08-20T14:49:24,0.0,0.0
SPX,2027-07-16,329,Call,7650.0,SPX270716C07650000,652.1,654.4,653.25,696.4,0.0,0.0,0.0,217.0,0.1786,0.6194,0.0003,27.6262,-0.7078,36.7724,653.0093,0.0,0.0,0.0,640.700012207031,up,2026-08-19T10:21:02,0.0,0.0
SPX,2027-07-16,329,Put,7650.0,SPX270716P07650000,380.3,382.1,381.20000000000005,375.5,0.0,0.0,0.0,84.0,0.1786,-0.3839,0.0003,27.6262,-0.7263,-29.7462,381.5397,0.0,0.0,0.0,392.099990844727,up,2026-08-19T14:38:28,0.0,0.0
SPX,2027-07-16,329,Call,7675.0,SPX270716C07675000,635.8,638.1,636.95,646.18,0.0,0.0,0.0,72.0,0.1775,0.6123,0.0003,27.7705,-0.7081,36.4279,636.6876,0.0,0.0,0.0,624.25,down,2026-08-20T12:12:25,0.0,0.0
SPX,2027-07-16,329,Put,7675.0,SPX270716P07675000,388.1,389.7,388.9,387.67,-12.28,-3.07038,20.0,51.0,0.1774,-0.3909,0.0003,27.7705,-0.725,-30.3068,389.2342,387.58,387.67,387.58,399.949996948242,up,2026-08-21T15:57:40,0.0,0.0
SPX,2027-07-16,329,Call,7700.0,SPX270716C07700000,619.6,621.9,620.75,650.5,0.0,0.0,0.0,496.0,0.1763,0.6052,0.0003,27.9078,-0.7082,36.072,620.5335,0.0,0.0,0.0,608.450012207031,down,2026-08-19T15:49:55,0.0,0.0
SPX,2027-07-16,329,Put,7700.0,SPX270716P07700000,395.9,397.6,396.75,396.97,-10.93,-2.67958,26.0,1128.0,0.1763,-0.3981,0.0003,27.9078,-0.7234,-30.879,397.0963,396.6,396.97,393.4,407.900009155273,up,2026-08-21T16:11:49,0.0,0.0
SPX,2027-07-16,329,Call,7725.0,SPX270716C07725000,603.6,605.9,604.75,639.4,0.0,0.0,0.0,13.0,0.1752,0.5979,0.0003,28.0373,-0.708,35.7075,604.5516,0.0,0.0,0.0,592.549987792969,down,2026-08-18T12:47:37,0.0,0.0
SPX,2027-07-16,329,Put,7725.0,SPX270716P07725000,403.9,405.6,404.75,405.1,-11.0,-2.6436,4.0,60.0,0.1752,-0.4054,0.0003,28.0373,-0.7216,-31.4597,405.1306,404.9,405.1,404.8,416.100006103516,up,2026-08-21T16:01:47,0.0,0.0
SPX,2027-07-16,329,Call,7750.0,SPX270716C07750000,587.8,590.1,588.95,624.62,0.0,0.0,0.0,634.0,0.174,0.5905,0.0003,28.1583,-0.7076,35.3369,588.7456,0.0,0.0,0.0,576.950012207031,down,2026-08-18T12:54:54,0.0,0.0
SPX,2027-07-16,329,Put,7750.0,SPX270716P07750000,412.0,413.8,412.9,409.45,-14.9,-3.51125,3.0,1276.0,0.174,-0.4128,0.0003,28.1583,-0.7196,-32.0465,413.3408,410.6,410.6,409.45,424.350006103516,down,2026-08-21T15:44:52,0.0,0.0
SPX,2027-07-16,329,Call,7775.0,SPX270716C07775000,572.2,574.5,573.35,614.4,0.0,0.0,0.0,214.0,0.173,0.583,0.0003,28.2704,-0.707,34.9622,573.1187,0.0,0.0,0.0,561.399993896484,up,2026-08-19T14:02:27,0.0,0.0
SPX,2027-07-16,329,Put,7775.0,SPX270716P07775000,420.5,422.2,421.35,418.4,-14.5,-3.3495,84.0,339.0,0.1729,-0.4202,0.0003,28.2704,-0.7173,-32.6375,421.7301,418.0,418.44,418.0,432.899993896484,down,2026-08-21T15:41:31,0.0,0.0
SPX,2027-07-16,329,Call,7800.0,SPX270716C07800000,556.7,559.1,557.9000000000001,584.0,0.0,0.0,0.0,695.0,0.1718,0.5754,0.0003,28.3734,-0.706,34.5833,557.6737,0.0,0.0,0.0,546.200012207031,no_change,2026-08-18T15:15:30,0.0,0.0
SPX,2027-07-16,329,Put,7800.0,SPX270716P07800000,429.0,430.7,429.85,427.0,-14.5,-3.28426,5.0,542.0,0.1718,-0.4278,0.0003,28.3734,-0.7147,-33.2326,430.3013,427.5,427.5,427.0,441.5,down,2026-08-21T15:41:23,0.0,0.0
SPX,2027-07-16,329,Call,7825.0,SPX270716C07825000,541.5,543.8,542.65,568.6,0.0,0.0,0.0,138.0,0.1708,0.5678,0.0003,28.4675,-0.7048,34.1986,542.4143,0.0,0.0,0.0,531.0,up,2026-08-18T15:16:48,0.0,0.0
SPX,2027-07-16,329,Put,7825.0,SPX270716P07825000,437.7,439.5,438.6,445.47,0.0,0.0,0.0,123.0,0.1707,-0.4355,0.0003,28.4675,-0.7119,-33.8335,439.0581,0.0,0.0,0.0,450.449996948242,up,2026-08-20T13:29:05,0.0,0.0
SPX,2027-07-16,329,Call,7850.0,SPX270716C07850000,526.4,528.8,527.5999999999999,553.3,0.0,0.0,0.0,532.0,0.1696,0.56,0.0003,28.5524,-0.7034,33.805,527.345,0.0,0.0,0.0,516.149993896484,no_change,2026-08-18T15:15:30,0.0,0.0
SPX,2027-07-16,329,Put,7850.0,SPX270716P07850000,446.5,448.5,447.5,445.1,-14.4,-3.13384,4.0,177.0,0.1696,-0.4432,0.0003,28.5524,-0.7088,-34.4434,448.0051,445.1,445.1,445.1,459.5,up,2026-08-21T15:06:57,0.0,0.0
SPX,2027-07-16,329,Call,7875.0,SPX270716C07875000,511.6,514.0,512.8,516.04,14.69,2.93009,2.0,16.0,0.1686,0.5521,0.0003,28.6279,-0.7017,33.3995,512.4713,515.64,516.04,515.64,501.349990844727,up,2026-08-21T15:38:25,0.0,0.0
SPX,2027-07-16,329,Put,7875.0,SPX270716P07875000,455.7,457.6,456.65,449.78,0.0,0.0,0.0,183.0,0.1685,-0.4511,0.0003,28.6279,-0.7055,-35.065,457.1475,0.0,0.0,0.0,468.849990844727,up,2026-08-19T15:46:20,0.0,0.0
SPX,2027-07-16,329,Call,7900.0,SPX270716C07900000,496.9,499.3,498.1,523.4,0.0,0.0,0.0,479.0,0.1675,0.5442,0.0003,28.6936,-0.6997,32.9807,497.8,0.0,0.0,0.0,486.899993896484,up,2026-08-18T15:16:48,0.0,0.0
SPX,2027-07-16,329,Put,7900.0,SPX270716P07900000,465.0,467.0,466.0,470.2,0.0,0.0,0.0,87.0,0.1674,-0.4591,0.0003,28.6936,-0.7018,-35.7002,466.4924,0.0,0.0,0.0,478.449996948242,up,2026-08-20T11:27:04,0.0,0.0
SPX,2027-07-16,329,Call,7925.0,SPX270716C07925000,482.5,484.9,483.7,478.19,0.0,0.0,0.0,48.0,0.1665,0.5361,0.0003,28.7488,-0.6974,32.549,483.3377,0.0,0.0,0.0,472.5,down,2026-08-20T14:03:42,0.0,0.0
SPX,2027-07-16,329,Put,7925.0,SPX270716P07925000,474.6,476.6,475.6,478.4,0.0,0.0,0.0,24.0,0.1664,-0.4671,0.0003,28.7488,-0.6979,-36.348,476.0464,0.0,0.0,0.0,488.0,down,2026-08-20T10:41:56,0.0,0.0
SPX,2027-07-16,329,Call,7950.0,SPX270716C07950000,468.3,470.7,469.5,462.88,4.33,0.94428,2.0,334.0,0.1654,0.528,0.0003,28.7931,-0.6949,32.1078,469.0905,463.18,463.18,462.88,458.550003051758,down,2026-08-21T10:37:35,0.0,0.0
SPX,2027-07-16,329,Put,7950.0,SPX270716P07950000,484.3,486.3,485.3,485.5,-12.3,-2.47087,1.0,409.0,0.1653,-0.4753,0.0003,28.7931,-0.6938,-37.0055,485.8153,485.5,485.5,485.5,497.800003051758,down,2026-08-21T16:01:41,0.0,0.0
SPX,2027-07-16,329,Call,7975.0,SPX270716C07975000,454.3,456.7,455.5,531.2,0.0,0.0,0.0,41.0,0.1645,0.5198,0.0003,28.8262,-0.6921,31.6606,455.0633,0.0,0.0,0.0,444.600006103516,down,2026-08-17T10:39:47,0.0,0.0
SPX,2027-07-16,329,Put,7975.0,SPX270716P07975000,494.4,496.4,495.4,492.3,-15.75,-3.10009,5.0,44.0,0.1643,-0.4835,0.0003,28.8262,-0.6893,-37.6689,495.8043,492.7,492.7,492.3,508.050003051758,down,2026-08-21T15:07:10,0.0,0.0
SPX,2027-07-16,329,Call,8000.0,SPX270716C08000000,440.6,442.6,441.6,475.86,0.0,0.0,0.0,2660.0,0.1634,0.5114,0.0003,28.8479,-0.689,31.2108,441.2597,0.0,0.0,0.0,430.850006103516,no_change,2026-08-19T13:31:58,0.0,0.0
SPX,2027-07-16,329,Put,8000.0,SPX270716P08000000,504.5,506.6,505.55,509.95,0.0,0.0,0.0,505.0,0.1632,-0.4918,0.0003,28.8479,-0.6846,-38.3349,506.017,0.0,0.0,0.0,518.5,down,2026-08-20T12:24:50,0.0,0.0
SPX,2027-07-16,329,Call,8025.0,SPX270716C08025000,427.4,429.4,428.4,426.7,9.15,2.19135,1.0,121.0,0.1624,0.5031,0.0003,28.8581,-0.6856,30.7593,427.683,426.7,426.7,426.7,417.550003051758,down,2026-08-21T10:55:55,0.0,0.0
SPX,2027-07-16,329,Put,8025.0,SPX270716P08025000,515.0,517.1,516.05,516.2,-12.95,-2.44732,3.0,7.0,0.1623,-0.5002,0.0003,28.8581,-0.6796,-39.0027,516.4565,516.2,516.2,516.1,529.149993896484,up,2026-08-21T16:01:44,0.0,0.0
SPX,2027-07-16,329,Call,8050.0,SPX270716C08050000,414.1,416.1,415.1,447.39,0.0,0.0,0.0,551.0,0.1614,0.4946,0.0003,28.8565,-0.682,30.3041,414.3367,0.0,0.0,0.0,404.449996948242,down,2026-08-19T14:33:05,0.0,0.0
SPX,2027-07-16,329,Put,8050.0,SPX270716P08050000,525.6,527.7,526.6500000000001,529.1,-10.6,-1.96405,1.0,43.0,0.1612,-0.5086,0.0003,28.8565,-0.6743,-39.6741,527.1263,529.1,529.1,529.1,539.699981689453,up,2026-08-21T10:55:25,0.0,0.0
SPX,2027-07-16,329,Call,8075.0,SPX270716C08075000,401.0,403.1,402.05,391.4,0.0,0.0,0.0,127.0,0.1605,0.4861,0.0003,28.8426,-0.6781,29.8416,401.2252,0.0,0.0,0.0,391.399993896484,down,2026-08-20T15:54:36,0.0,0.0
SPX,2027-07-16,329,Put,8075.0,SPX270716P08075000,536.6,538.7,537.6500000000001,529.56,0.0,0.0,0.0,6.0,0.1603,-0.5172,0.0003,28.8426,-0.6688,-40.3528,538.0311,0.0,0.0,0.0,550.900024414062,down,2026-08-19T10:03:14,0.0,0.0
SPX,2027-07-16,329,Call,8100.0,SPX270716C08100000,388.3,389.9,389.1,411.8,0.0,0.0,0.0,3132.0,0.1594,0.4775,0.0004,28.8157,-0.6739,29.3682,388.3546,0.0,0.0,0.0,378.75,no_change,2026-08-18T15:15:30,0.0,0.0
SPX,2027-07-16,329,Put,8100.0,SPX270716P08100000,547.7,549.8,548.75,562.2,0.0,0.0,0.0,123.0,0.1593,-0.5257,0.0004,28.8157,-0.663,-41.0425,549.1767,0.0,0.0,0.0,562.100006103516,up,2026-08-20T15:02:17,0.0,0.0
SPX,2027-07-16,329,Call,8125.0,SPX270716C08125000,375.6,377.6,376.6,406.97,0.0,0.0,0.0,33.0,0.1586,0.4689,0.0004,28.775,-0.6695,28.8825,375.7317,0.0,0.0,0.0,366.25,up,2026-08-19T13:40:53,0.0,0.0
SPX,2027-07-16,329,Put,8125.0,SPX270716P08125000,559.0,561.3,560.15,573.7,0.0,0.0,0.0,33.0,0.1584,-0.5344,0.0004,28.775,-0.6569,-41.7444,560.5699,0.0,0.0,0.0,573.75,up,2026-08-20T15:02:17,0.0,0.0
SPX,2027-07-16,329,Call,8150.0,SPX270716C08150000,363.3,365.3,364.3,399.5,0.0,0.0,0.0,822.0,0.1576,0.4602,0.0004,28.7203,-0.6648,28.3864,363.3624,0.0,0.0,0.0,354.100006103516,down,2026-08-19T10:21:03,0.0,0.0
SPX,2027-07-16,329,Put,8150.0,SPX270716P08150000,570.6,572.8,571.7,556.14,0.0,0.0,0.0,7.0,0.1574,-0.5431,0.0004,28.7203,-0.6506,-42.4567,572.2169,0.0,0.0,0.0,585.449981689453,down,2026-08-06T14:18:14,0.0,0.0
SPX,2027-07-16,329,Call,8175.0,SPX270716C08175000,351.2,353.2,352.2,350.8,8.7,2.54311,2.0,187.0,0.1567,0.4514,0.0004,28.652,-0.6598,27.8844,351.2521,350.7,350.8,350.7,342.100006103516,up,2026-08-21T14:02:34,0.0,0.0
SPX,2027-07-16,329,Put,8175.0,SPX270716P08175000,582.5,584.9,583.7,580.0,-17.6,-2.94511,2.0,28.0,0.1566,-0.5518,0.0004,28.652,-0.644,-43.1749,584.1227,579.97,580.0,579.97,597.599975585938,up,2026-08-21T15:41:31,0.0,0.0
SPX,2027-07-16,329,Call,8200.0,SPX270716C08200000,339.4,341.0,340.2,364.5,0.0,0.0,0.0,2291.0,0.1558,0.4427,0.0004,28.5706,-0.6546,27.3815,339.4033,0.0,0.0,0.0,330.350006103516,down,2026-08-19T16:01:33,0.0,0.0
SPX,2027-07-16,329,Put,8200.0,SPX270716P08200000,595.2,596.9,596.05,592.15,-17.65,-2.89439,84.0,705.0,0.1556,-0.5606,0.0004,28.5706,-0.6371,-43.894,596.2902,591.5,592.15,591.5,609.800018310547,up,2026-08-21T15:41:23,0.0,0.0
SPX,2027-07-16,329,Call,8225.0,SPX270716C08225000,327.7,329.8,328.75,361.11,0.0,0.0,0.0,262.0,0.1549,0.4339,0.0004,28.477,-0.6491,26.8806,327.8175,0.0,0.0,0.0,318.949996948242,down,2026-08-18T10:02:35,0.0,0.0
SPX,2027-07-16,329,Put,8225.0,SPX270716P08225000,607.0,609.5,608.25,606.02,0.0,0.0,0.0,21.0,0.1548,-0.5694,0.0004,28.477,-0.63,-44.6112,608.7205,0.0,0.0,0.0,622.5,up,2026-08-18T14:58:13,0.0,0.0
SPX,2027-07-16,329,Call,8250.0,SPX270716C08250000,316.4,318.4,317.4,308.6,0.0,0.0,0.0,393.0,0.154,0.4251,0.0004,28.371,-0.6434,26.381,316.4953,0.0,0.0,0.0,307.75,up,2026-08-20T15:53:42,0.0,0.0
SPX,2027-07-16,329,Put,8250.0,SPX270716P08250000,619.6,622.0,620.8,616.58,0.0,0.0,0.0,106.0,0.1539,-0.5782,0.0004,28.371,-0.6226,-45.327,621.4146,0.0,0.0,0.0,635.199981689453,up,2026-08-18T14:42:40,0.0,0.0
SPX,2027-07-16,329,Call,8275.0,SPX270716C08275000,305.3,307.4,306.35,333.26,0.0,0.0,0.0,19.0,0.1532,0.4162,0.0004,28.252,-0.6375,25.8792,305.4382,0.0,0.0,0.0,296.800003051758,up,2026-08-18T12:10:46,0.0,0.0
SPX,2027-07-16,329,Put,8275.0,SPX270716P08275000,632.6,635.0,633.8,0.0,0.0,0.0,0.0,0.0,0.1531,-0.587,0.0004,28.252,-0.615,-46.045,634.3737,0.0,0.0,0.0,648.299987792969,no_change,,0.0,0.0
SPX,2027-07-16,329,Call,8300.0,SPX270716C08300000,294.8,296.2,295.5,317.8,0.0,0.0,0.0,1789.0,0.1524,0.4074,0.0004,28.1188,-0.6313,25.3709,294.6488,0.0,0.0,0.0,286.199996948242,down,2026-08-19T16:03:10,0.0,0.0
SPX,2027-07-16,329,Put,8300.0,SPX270716P08300000,645.8,648.1,646.95,613.08,0.0,0.0,0.0,53.0,0.1522,-0.5959,0.0004,28.1188,-0.6072,-46.7696,647.6005,0.0,0.0,0.0,661.600006103516,down,2026-08-17T12:38:19,0.0,0.0
SPX,2027-07-16,329,Call,8325.0,SPX270716C08325000,284.2,285.6,284.9,287.5,11.8,4.28002,10.0,394.0,0.1516,0.3986,0.0004,27.9701,-0.6249,24.8538,284.1302,294.35,294.38,282.65,275.699996948242,down,2026-08-21T15:44:15,0.0,0.0
SPX,2027-07-16,329,Put,8325.0,SPX270716P08325000,659.2,661.7,660.45,0.0,0.0,0.0,0.0,0.0,0.1514,-0.6047,0.0004,27.9701,-0.5992,-47.5029,661.098,0.0,0.0,0.0,675.299987792969,no_change,,0.0,0.0
SPX,2027-07-16,329,Call,8350.0,SPX270716C08350000,273.7,275.7,274.7,303.85,0.0,0.0,0.0,362.0,0.1508,0.3897,0.0004,27.8058,-0.6182,24.3292,273.8852,0.0,0.0,0.0,265.699996948242,up,2026-08-18T10:24:36,0.0,0.0
SPX,2027-07-16,329,Put,8350.0,SPX270716P08350000,673.0,675.3,674.15,655.12,0.0,0.0,0.0,3.0,0.1506,-0.6135,0.0004,27.8058,-0.5909,-48.2438,674.8693,0.0,0.0,0.0,689.200012207031,up,2026-08-06T14:08:16,0.0,0.0
SPX,2027-07-16,329,Call,8375.0,SPX270716C08375000,263.7,265.7,264.7,291.37,0.0,0.0,0.0,669.0,0.1502,0.3809,0.0004,27.6269,-0.6114,23.8025,263.9149,0.0,0.0,0.0,255.75,up,2026-08-19T14:00:35,0.0,0.0
SPX,2027-07-16,329,Put,8375.0,SPX270716P08375000,687.0,689.3,688.15,807.7,0.0,0.0,0.0,1.0,0.1499,-0.6223,0.0004,27.6269,-0.5824,-48.9867,688.9152,0.0,0.0,0.0,703.350006103516,down,2026-06-18T13:41:18,0.0,0.0
SPX,2027-07-16,329,Call,8400.0,SPX270716C08400000,254.0,255.9,254.95,289.54,0.0,0.0,0.0,376.0,0.1494,0.3721,0.0004,27.4352,-0.6044,23.279,254.2178,0.0,0.0,0.0,246.199996948242,down,2026-08-19T10:43:39,0.0,0.0
SPX,2027-07-16,329,Put,8400.0,SPX270716P08400000,701.2,703.6,702.4000000000001,677.88,0.0,0.0,0.0,110.0,0.1491,-0.6311,0.0004,27.4352,-0.5738,-49.7264,703.2343,0.0,0.0,0.0,717.649993896484,up,2026-08-19T11:23:56,0.0,0.0
SPX,2027-07-16,329,Call,8425.0,SPX270716C08425000,244.8,246.1,245.45,246.4,9.55,4.03209,23.0,161.0,0.1487,0.3634,0.0004,27.2326,-0.5971,22.7621,244.7904,245.7,246.6,245.7,236.849998474121,down,2026-08-21T15:40:44,0.0,0.0
SPX,2027-07-16,329,Put,8425.0,SPX270716P08425000,715.8,718.1,716.95,0.0,0.0,0.0,0.0,0.0,0.1485,-0.6399,0.0004,27.2326,-0.5649,-50.4595,717.823,0.0,0.0,0.0,732.399993896484,no_change,,0.0,0.0
SPX,2027-07-16,329,Call,8450.0,SPX270716C08450000,235.4,237.2,236.3,312.14,0.0,0.0,0.0,15.0,0.1479,0.3547,0.0004,27.0197,-0.5897,22.2512,235.6284,0.0,0.0,0.0,227.800003051758,down,2026-08-13T15:27:29,0.0,0.0
SPX,2027-07-16,329,Put,8450.0,SPX270716P08450000,730.5,732.8,731.65,713.11,0.0,0.0,0.0,3.0,0.1477,-0.6486,0.0004,27.0197,-0.5558,-51.1867,732.6773,0.0,0.0,0.0,747.25,down,2026-08-06T12:32:01,0.0,0.0
SPX,2027-07-16,329,Call,8475.0,SPX270716C08475000,226.4,228.2,227.3,264.24,0.0,0.0,0.0,107.0,0.1473,0.346,0.0004,26.7957,-0.5821,21.7422,226.7285,0.0,0.0,0.0,219.0,down,2026-08-11T14:52:01,0.0,0.0
SPX,2027-07-16,329,Put,8475.0,SPX270716P08475000,745.6,748.5,747.05,913.42,0.0,0.0,0.0,3.0,0.1471,-0.6572,0.0004,26.7957,-0.5465,-51.9119,747.7936,0.0,0.0,0.0,762.450012207031,down,2026-07-27T15:06:04,0.0,0.0
SPX,2027-07-16,329,Call,8500.0,SPX270716C08500000,217.7,219.5,218.6,240.42,0.0,0.0,0.0,743.0,0.1466,0.3374,0.0003,26.5588,-0.5743,21.2306,218.0885,0.0,0.0,0.0,210.550003051758,no_change,2026-08-19T14:49:52,0.0,0.0
SPX,2027-07-16,329,Put,8500.0,SPX270716P08500000,760.9,763.6,762.25,774.2,0.0,0.0,0.0,41.0,0.1464,-0.6658,0.0003,26.5588,-0.5371,-52.6397,763.1698,0.0,0.0,0.0,777.899993896484,up,2026-08-20T14:08:12,0.0,0.0
SPX,2027-07-16,329,Call,8525.0,SPX270716C08525000,209.4,210.9,210.15,211.1,8.85,4.37577,23.0,236.0,0.1461,0.3289,0.0003,26.3074,-0.5663,20.7145,209.7071,210.3,211.1,210.3,202.25,up,2026-08-21T15:41:19,0.0,0.0
SPX,2027-07-16,329,Put,8525.0,SPX270716P08525000,776.5,779.3,777.9,757.68,0.0,0.0,0.0,1.0,0.1458,-0.6744,0.0003,26.3074,-0.5275,-53.372,778.8046,0.0,0.0,0.0,793.650024414062,down,2026-08-06T12:30:40,0.0,0.0
SPX,2027-07-16,329,Call,8550.0,SPX270716C08550000,201.1,202.9,202.0,209.4,0.0,0.0,0.0,932.0,0.1454,0.3204,0.0003,26.0414,-0.5582,20.1963,201.5825,0.0,0.0,0.0,194.25,no_change,2026-08-20T10:03:46,0.0,0.0
SPX,2027-07-16,329,Put,8550.0,SPX270716P08550000,792.4,795.0,793.7,769.28,0.0,0.0,0.0,8.0,0.1451,-0.6828,0.0003,26.0414,-0.5178,-54.1065,794.6962,0.0,0.0,0.0,809.600006103516,up,2026-08-06T15:00:25,0.0,0.0
SPX,2027-07-16,329,Call,8575.0,SPX270716C08575000,193.3,195.0,194.15,192.46,6.06,3.25107,2.0,123.0,0.1449,0.3121,0.0003,25.7625,-0.55,19.6806,193.711,193.11,193.11,192.46,186.400001525879,down,2026-08-21T09:48:45,0.0,0.0
SPX,2027-07-16,329,Put,8575.0,SPX270716P08575000,808.5,811.4,809.95,0.0,0.0,0.0,0.0,0.0,0.1446,-0.6912,0.0003,25.7625,-0.5079,-54.8384,810.841,0.0,0.0,0.0,825.899993896484,no_change,,0.0,0.0
SPX,2027-07-16,329,Call,8600.0,SPX270716C08600000,185.6,187.3,186.45,186.4,7.45,4.16317,4.0,1049.0,0.1443,0.3038,0.0003,25.4735,-0.5416,19.1733,186.0872,186.4,186.4,186.4,178.950004577637,down,2026-08-21T15:27:02,0.0,0.0
SPX,2027-07-16,329,Put,8600.0,SPX270716P08600000,824.9,827.4,826.15,776.88,0.0,0.0,0.0,7.0,0.144,-0.6995,0.0003,25.4735,-0.4979,-55.5619,827.2333,0.0,0.0,0.0,842.350006103516,down,2026-08-17T11:01:53,0.0,0.0
SPX,2027-07-16,329,Call,8625.0,SPX270716C08625000,178.2,179.9,179.05,193.6,0.0,0.0,0.0,377.0,0.1438,0.2956,0.0003,25.1771,-0.533,18.6765,178.704,0.0,0.0,0.0,171.75,up,2026-08-18T15:21:53,0.0,0.0
SPX,2027-07-16,329,Put,8625.0,SPX270716P08625000,841.5,844.1,842.8,812.26,0.0,0.0,0.0,1.0,0.1435,-0.7077,0.0003,25.1771,-0.4877,-56.275,843.8663,0.0,0.0,0.0,859.100006103516,up,2026-08-06T14:19:48,0.0,0.0
SPX,2027-07-16,329,Call,8650.0,SPX270716C08650000,171.2,172.7,171.95,173.35,8.6,5.22003,4.0,365.0,0.1432,0.2874,0.0003,24.8742,-0.5244,18.1882,171.5546,173.09,173.35,173.09,164.75,no_change,2026-08-21T15:44:15,0.0,0.0
SPX,2027-07-16,329,Put,8650.0,SPX270716P08650000,858.3,860.9,859.5999999999999,828.09,0.0,0.0,0.0,7.0,0.1429,-0.7158,0.0003,24.8742,-0.4774,-56.9795,860.7331,0.0,0.0,0.0,876.050018310547,down,2026-08-06T14:18:14,0.0,0.0
SPX,2027-07-16,329,Call,8675.0,SPX270716C08675000,164.1,165.8,164.95,171.23,13.38,8.4764,2.0,683.0,0.1428,0.2794,0.0003,24.5635,-0.5156,17.704,164.6337,171.25,171.25,171.23,157.849998474121,down,2026-08-21T11:57:08,0.0,0.0
SPX,2027-07-16,329,Put,8675.0,SPX270716P08675000,875.4,878.0,876.7,1038.8,0.0,0.0,0.0,1.0,0.1424,-0.7238,0.0003,24.5635,-0.467,-57.6799,877.8285,0.0,0.0,0.0,893.300018310547,up,2026-07-17T15:27:40,0.0,0.0
SPX,2027-07-16,329,Call,8700.0,SPX270716C08700000,157.7,158.8,158.25,159.0,7.7,5.08923,24.0,2359.0,0.1422,0.2715,0.0003,24.243,-0.5067,17.22,157.9375,161.0,161.0,158.1,151.299995422363,up,2026-08-21T15:42:31,0.0,0.0
SPX,2027-07-16,329,Put,8700.0,SPX270716P08700000,892.8,895.3,894.05,848.27,0.0,0.0,0.0,27.0,0.1419,-0.7318,0.0003,24.243,-0.4565,-58.3802,895.1484,0.0,0.0,0.0,910.75,down,2026-08-07T12:04:02,0.0,0.0
SPX,2027-07-16,329,Call,8725.0,SPX270716C08725000,151.0,152.7,151.85,199.95,0.0,0.0,0.0,30.0,0.1418,0.2637,0.0003,23.9108,-0.4978,16.7352,151.463,0.0,0.0,0.0,145.0,up,2026-08-14T14:54:17,0.0,0.0
SPX,2027-07-16,329,Put,8725.0,SPX270716P08725000,910.3,913.1,911.7,0.0,0.0,0.0,0.0,0.0,0.1414,-0.7396,0.0003,23.9108,-0.4459,-59.0812,912.6901,0.0,0.0,0.0,928.399993896484,no_change,,0.0,0.0
SPX,2027-07-16,329,Call,8750.0,SPX270716C08750000,144.8,146.4,145.60000000000002,157.7,0.0,0.0,0.0,726.0,0.1413,0.256,0.0003,23.5668,-0.4887,16.2528,145.2067,0.0,0.0,0.0,139.0,down,2026-08-18T15:21:59,0.0,0.0
SPX,2027-07-16,329,Put,8750.0,SPX270716P08750000,928.1,930.5,929.3,0.0,0.0,0.0,0.0,0.0,0.1409,-0.7473,0.0003,23.5669,-0.4352,-59.7798,930.4501,0.0,0.0,0.0,946.299987792969,no_change,,0.0,0.0
SPX,2027-07-16,329,Call,8775.0,SPX270716C08775000,138.8,140.4,139.60000000000002,142.02,9.02,6.78195,2.0,1.0,0.1409,0.2484,0.0003,23.2136,-0.4795,15.778,139.1637,142.34,142.34,142.02,133.0,down,2026-08-21T12:31:17,0.0,0.0
SPX,2027-07-16,329,Put,8775.0,SPX270716P08775000,944.8,948.8,946.8,912.42,0.0,0.0,0.0,2.0,0.1405,-0.7548,0.0003,23.2136,-0.4244,-60.4708,948.4233,0.0,0.0,0.0,964.450012207031,up,2026-08-11T15:29:36,0.0,0.0
SPX,2027-07-16,329,Call,8800.0,SPX270716C08800000,133.0,134.2,133.6,131.4,4.0,3.13972,250.0,270.0,0.1405,0.2409,0.0003,22.8543,-0.4703,15.3148,133.3274,131.4,131.4,131.4,127.400001525879,no_change,2026-08-21T10:01:39,0.0,0.0
SPX,2027-07-16,329,Put,8800.0,SPX270716P08800000,963.2,966.7,964.95,922.43,0.0,0.0,0.0,2.0,0.14,-0.7623,0.0003,22.8543,-0.4135,-61.1503,966.6032,0.0,0.0,0.0,982.75,up,2026-08-12T11:11:17,0.0,0.0
SPX,2027-07-16,329,Call,8850.0,SPX270716C08850000,122.0,123.4,122.7,134.4,0.0,0.0,0.0,130.0,0.1397,0.2264,0.0003,22.1271,-0.4517,14.4217,122.2482,0.0,0.0,0.0,116.700000762939,up,2026-08-18T15:26:21,0.0,0.0
SPX,2027-07-16,329,Put,8850.0,SPX270716P08850000,1000.1,1003.7,1001.9000000000001,0.0,0.0,0.0,0.0,0.0,0.1392,-0.7769,0.0003,22.1271,-0.3916,-62.4758,1003.5564,0.0,0.0,0.0,1019.95001220703,no_change,,0.0,0.0
SPX,2027-07-16,329,Call,8900.0,SPX270716C08900000,111.8,112.9,112.35,112.6,5.9,5.52952,28.0,416.0,0.1389,0.2123,0.0003,21.3835,-0.4329,13.5493,111.9269,112.37,112.9,110.7,106.700000762939,down,2026-08-21T15:41:48,0.0,0.0
SPX,2027-07-16,329,Put,8900.0,SPX270716P08900000,1037.8,1041.4,1039.6,1004.5,0.0,0.0,0.0,4.0,0.1384,-0.791,0.0003,21.3835,-0.3696,-63.7807,1041.2675,0.0,0.0,0.0,1058.0,down,2026-08-06T14:05:03,0.0,0.0
SPX,2027-07-16,329,Call,8950.0,SPX270716C08950000,102.3,103.5,102.9,115.8,0.0,0.0,0.0,34.0,0.1382,0.1988,0.0003,20.61,-0.4141,12.6902,102.3372,0.0,0.0,0.0,97.4000015258789,down,2026-08-19T13:55:25,0.0,0.0
SPX,2027-07-16,329,Put,8950.0,SPX270716P08950000,1076.2,1079.9,1078.0500000000002,997.3,0.0,0.0,0.0,2.0,0.1376,-0.8045,0.0003,20.61,-0.3474,-65.0723,1079.7102,0.0,0.0,0.0,1096.75,down,2026-08-13T15:48:52,0.0,0.0
SPX,2027-07-16,329,Call,9000.0,SPX270716C09000000,93.5,94.6,94.05,95.16,6.31,7.10185,1.0,413.0,0.1375,0.1858,0.0003,19.8173,-0.3952,11.8718,93.4444,95.16,95.16,95.16,88.8500022888184,down,2026-08-21T12:45:58,0.0,0.0
SPX,2027-07-16,329,Put,9000.0,SPX270716P09000000,1115.3,1119.1,1117.1999999999998,1113.06,-23.09,-2.0323,1.0,6.0,0.137,-0.8175,0.0003,19.8173,-0.3253,-66.3231,1118.8498,1113.06,1113.06,1113.06,1136.15002441406,up,2026-08-21T12:45:58,0.0,0.0
SPX,2027-07-16,329,Call,9050.0,SPX270716C09050000,85.3,86.4,85.85,101.96,0.0,0.0,0.0,267.0,0.1369,0.1733,0.0003,19.0268,-0.3764,11.0991,85.2028,0.0,0.0,0.0,80.9500007629394,down,2026-08-19T10:44:19,0.0,0.0
SPX,2027-07-16,329,Put,9050.0,SPX270716P09050000,1155.1,1158.9,1157.0,1122.98,0.0,0.0,0.0,1.0,0.1363,-0.83,0.0003,19.0268,-0.3032,-67.5283,1158.6406,0.0,0.0,0.0,1176.25,down,2026-08-06T12:30:40,0.0,0.0
SPX,2027-07-16,329,Call,9100.0,SPX270716C09100000,77.6,78.8,78.19999999999999,78.56,4.96,6.73913,24.0,392.0,0.1363,0.1614,0.0002,18.2352,-0.3578,10.3486,77.5785,77.48,78.56,77.18,73.5999984741211,up,2026-08-21T15:57:40,0.0,0.0
SPX,2027-07-16,329,Put,9100.0,SPX270716P09100000,1195.4,1199.4,1197.4,0.0,0.0,0.0,0.0,0.0,0.1356,-0.8419,0.0002,18.2352,-0.2813,-68.7112,1199.0487,0.0,0.0,0.0,1216.90002441406,no_change,,0.0,0.0
SPX,2027-07-16,329,Call,9200.0,SPX270716C09200000,64.1,65.3,64.69999999999999,64.21,3.61,5.9571,6.0,388.0,0.1352,0.1393,0.0002,16.6239,-0.3213,8.9398,64.0761,66.12,66.12,64.19,60.6000003814697,up,2026-08-21T13:39:25,0.0,0.0
SPX,2027-07-16,329,Put,9200.0,SPX270716P09200000,1277.9,1281.9,1279.9,1425.85,0.0,0.0,0.0,4.0,0.1344,-0.864,0.0002,16.6239,-0.2383,-70.9849,1281.6112,0.0,0.0,0.0,1300.0,down,2026-07-17T10:40:52,0.0,0.0
SPX,2027-07-16,329,Call,9300.0,SPX270716C09300000,52.7,53.8,53.25,54.08,0.0,0.0,0.0,157.0,0.1341,0.1195,0.0002,15.0572,-0.2863,7.6848,52.662,0.0,0.0,0.0,49.6000003814697,up,2026-08-20T11:46:14,0.0,0.0
SPX,2027-07-16,329,Put,9300.0,SPX270716P09300000,1362.4,1366.5,1364.45,1543.24,0.0,0.0,0.0,2.0,0.1331,-0.8838,0.0002,15.0572,-0.1968,-73.1048,1366.2618,0.0,0.0,0.0,1385.0,no_change,2026-06-29T15:21:54,0.0,0.0
SPX,2027-07-16,329,Call,9400.0,SPX270716C09400000,42.9,43.9,43.4,42.63,2.28,5.65056,6.0,474.0,0.1331,0.1018,0.0002,13.5221,-0.2533,6.5557,43.1071,43.31,43.34,42.55,40.3500003814697,up,2026-08-21T14:08:29,0.0,0.0
SPX,2027-07-16,329,Put,9400.0,SPX270716P09400000,1448.6,1452.9,1450.75,0.0,0.0,0.0,0.0,0.0,0.132,-0.9014,0.0002,13.5221,-0.1572,-75.0988,1452.7717,0.0,0.0,0.0,1471.70001220703,no_change,,0.0,0.0
SPX,2027-07-16,329,Call,9500.0,SPX270716C09500000,34.9,35.8,35.349999999999994,35.83,3.13,9.57186,41.0,917.0,0.1323,0.0864,0.0002,12.0778,-0.2227,5.5694,35.1607,34.78,35.83,34.78,32.7000007629394,no_change,2026-08-21T12:59:08,0.0,0.0
SPX,2027-07-16,329,Put,9500.0,SPX270716P09500000,1536.5,1540.9,1538.7,1434.85,0.0,0.0,0.0,2.0,0.1308,-0.9169,0.0002,12.0778,-0.1201,-76.9501,1540.8902,0.0,0.0,0.0,1560.10003662109,down,2026-08-13T15:48:52,0.0,0.0
SPX,2027-07-16,329,Call,9600.0,SPX270716C09600000,28.2,28.9,28.549999999999997,28.64,2.29,8.6907,20.0,294.0,0.1315,0.073,0.0001,10.7115,-0.1947,4.7041,28.6171,28.66,28.66,28.64,26.3500003814697,down,2026-08-21T15:57:40,0.0,0.0
SPX,2027-07-16,329,Put,9600.0,SPX270716P09600000,1625.7,1630.3,1628.0,0.0,0.0,0.0,0.0,0.0,0.1299,-0.9303,0.0001,10.7115,-0.0855,-78.6803,1630.4114,0.0,0.0,0.0,1649.75,no_change,,0.0,0.0
SPX,2027-07-16,329,Call,9700.0,SPX270716C09700000,22.8,23.5,23.15,25.05,0.0,0.0,0.0,152.0,0.1309,0.0614,0.0001,9.4621,-0.1695,3.9639,23.2584,0.0,0.0,0.0,21.25,no_change,2026-08-20T10:47:23,0.0,0.0
SPX,2027-07-16,329,Put,9700.0,SPX270716P09700000,1716.1,1720.9,1718.5,0.0,0.0,0.0,0.0,0.0,0.1289,-0.9418,0.0001,9.4621,-0.0537,-80.2854,1721.1175,0.0,0.0,0.0,1740.59997558594,no_change,,0.0,0.0
SPX,2027-07-16,329,Call,9800.0,SPX270716C09800000,18.4,19.0,18.7,23.19,0.0,0.0,0.0,355.0,0.1305,0.0516,0.0001,8.3178,-0.147,3.3273,18.9094,0.0,0.0,0.0,17.0999994277954,up,2026-08-19T09:32:18,0.0,0.0
SPX,2027-07-16,329,Put,9800.0,SPX270716P09800000,1807.5,1812.5,1810.0,0.0,0.0,0.0,0.0,0.0,0.128,-0.9517,0.0001,8.3178,-0.0247,-81.787,1812.8333,0.0,0.0,0.0,1832.40002441406,no_change,,0.0,0.0
SPX,2027-07-16,329,Call,10000.0,SPX270716C10000000,12.1,12.7,12.399999999999999,12.04,0.74,6.54867,84.0,356.0,0.1302,0.0363,0.0001,6.3859,-0.1102,2.3423,12.5705,12.42,12.49,12.04,11.3000001907349,down,2026-08-21T14:08:29,0.0,0.0
SPX,2027-07-16,329,Put,10000.0,SPX270716P10000000,1992.9,1998.3,1995.6,0.0,0.0,0.0,0.0,0.0,0.1263,-0.9669,0.0001,6.3859,0.0,-84.5018,1998.624,0.0,0.0,0.0,2018.39996337891,no_change,,0.0,0.0
SPX,2027-07-16,329,Call,10200.0,SPX270716C10200000,8.2,8.7,8.45,8.21,0.51,6.62338,1.0,566.0,0.1309,0.0258,0.0001,4.8928,-0.0828,1.6597,8.5032,8.21,8.21,8.21,7.70000004768372,up,2026-08-21T09:41:09,0.0,0.0
SPX,2027-07-16,329,Put,10200.0,SPX270716P10200000,2180.7,2186.4,2183.55,2189.5,-17.2,-0.779442,1.0,9.0,0.1249,-0.9775,0.0001,4.8928,0.0,-86.9142,2186.6864,2189.5,2189.5,2189.5,2206.69995117188,up,2026-08-21T09:41:09,0.0,0.0
SPX,2027-07-16,329,Call,10400.0,SPX270716C10400000,5.8,6.1,5.949999999999999,5.64,0.14,2.54545,62.0,274.0,0.1324,0.0186,0.0,3.7746,-0.0631,1.1971,5.9128,5.72,5.72,5.58,5.5,up,2026-08-21T10:36:33,0.0,0.0
SPX,2027-07-16,329,Put,10400.0,SPX270716P10400000,2370.1,2376.1,2373.1,0.0,0.0,0.0,0.0,0.0,0.1235,-0.9847,0.0,3.7746,0.0,-89.1066,2376.2257,0.0,0.0,0.0,2396.5,no_change,,0.0,0.0
SPX,2027-07-16,329,Call,10600.0,SPX270716C10600000,4.2,4.6,4.4,3.99,0.0,0.0,0.0,280.0,0.1348,0.0137,0.0,2.9554,-0.0491,0.8834,4.2574,0.0,0.0,0.0,4.10000014305115,no_change,2026-08-20T15:47:56,0.0,0.0
SPX,2027-07-16,329,Put,10600.0,SPX270716P10600000,2545.0,2584.1,2564.55,2466.18,0.0,0.0,0.0,3.0,0.1289,-0.9895,0.0,2.9554,0.0,-91.1502,2566.6998,0.0,0.0,0.0,2587.15002441406,down,2026-08-17T11:01:53,0.0,0.0
SPX,2027-07-16,329,Call,10800.0,SPX270716C10800000,3.2,3.7,3.45,3.26,0.085,2.67716,1.0,348.0,0.1377,0.0104,0.0,2.3595,-0.0392,0.6691,3.1826,3.26,3.26,3.26,3.17500007152557,up,2026-08-21T09:31:01,0.0,0.0
SPX,2027-07-16,329,Put,10800.0,SPX270716P10800000,2736.7,2775.1,2755.8999999999996,2644.95,0.0,0.0,0.0,0.0,0.1287,-0.9928,0.0,2.3595,0.0,-93.0943,2757.7547,0.0,0.0,0.0,2777.0,down,2026-08-13T11:44:03,0.0,0.0
SPX,2027-07-16,329,Call,11000.0,SPX270716C11000000,2.5,2.9,2.7,2.6,0.125,5.0505,2.0,395.0,0.1406,0.0082,0.0,1.9228,-0.0322,0.524,2.4693,2.73,2.73,2.6,2.47500002384186,down,2026-08-21T14:06:02,0.0,0.0
SPX,2027-07-16,329,Put,11000.0,SPX270716P11000000,2928.0,2966.3,2947.15,2838.29,0.0,0.0,0.0,1.0,0.1237,-0.9951,0.0,1.9233,0.0,-94.9691,2949.1716,0.0,0.0,0.0,2968.69995117188,up,2026-08-14T15:31:31,0.0,0.0
SPX,2027-07-16,329,Call,11200.0,SPX270716C11200000,2.0,2.35,2.175,2.02,0.02,0.999997,124.0,113.0,0.1435,0.0066,0.0,1.6008,-0.0271,0.4202,1.9828,2.06,2.06,2.02,2.00000005960464,down,2026-08-21T10:36:33,0.0,0.0
SPX,2027-07-16,329,Put,11200.0,SPX270716P11200000,3118.9,3157.7,3138.3,0.0,0.0,0.0,0.0,0.0,0.1224,-0.9967,0.0,1.6011,0.0,-96.8028,3140.8146,0.0,0.0,0.0,3160.0,no_change,,0.0,0.0
SPX,2027-07-16,329,Call,11400.0,SPX270716C11400000,1.55,1.9,1.725,1.61,0.0,0.0,0.0,33.0,0.1466,0.0054,0.0,1.3583,-0.0234,0.3467,1.6409,0.0,0.0,0.0,1.60000002384186,down,2026-08-20T15:45:46,0.0,0.0
SPX,2027-07-16,329,Put,11400.0,SPX270716P11400000,3311.2,3349.3,3330.25,0.0,0.0,0.0,0.0,0.0,0.0,-0.9978,0.0,1.3583,0.0,-98.6062,3332.6018,0.0,0.0,0.0,3351.5,no_change,,0.0,0.0
SPX,2027-07-16,329,Call,11600.0,SPX270716C11600000,1.3,1.6,1.4500000000000002,1.5,0.2,15.3846,47.0,279.0,0.1496,0.0046,0.0,1.1708,-0.0205,0.2919,1.3904,1.5,1.5,1.5,1.30000001192093,up,2026-08-21T11:40:02,0.0,0.0
SPX,2027-07-16,329,Put,11600.0,SPX270716P11600000,3502.2,3541.0,3521.6,0.0,0.0,0.0,0.0,0.0,0.0,-0.9987,0.0,1.1712,0.0,-100.3908,3524.4816,0.0,0.0,0.0,3543.20007324219,no_change,,0.0,0.0
SPX,2027-07-16,329,Call,11800.0,SPX270716C11800000,1.0,1.35,1.175,1.12,0.02,1.81818,3.0,896.0,0.1525,0.0039,0.0,1.0241,-0.0183,0.2495,1.2027,1.12,1.12,1.12,1.10000002384186,up,2026-08-21T09:31:01,0.0,0.0
SPX,2027-07-16,329,Put,11800.0,SPX270716P11800000,3694.0,3732.3,3713.15,0.0,0.0,0.0,0.0,0.0,0.0,-0.9993,0.0,1.0243,0.0,-102.1631,3716.4232,0.0,0.0,0.0,3735.59997558594,no_change,,0.0,0.0
SPX,2027-07-16,329,Call,12000.0,SPX270716C12000000,0.8,1.15,0.975,0.96,0.06,6.66667,3.0,638.0,0.1554,0.0034,0.0,0.9056,-0.0165,0.2168,1.0565,0.96,0.96,0.96,0.900000005960464,down,2026-08-21T11:42:40,0.0,0.0
SPX,2027-07-16,329,Put,12000.0,SPX270716P12000000,3885.8,3924.1,3904.95,3794.42,0.0,0.0,0.0,1.0,0.0,-0.9998,0.0,0.9057,0.0,-103.9256,3908.4065,0.0,0.0,0.0,3926.90002441406,up,2026-08-14T15:31:31,0.0,0.0
SPX,2027-07-16,329,Call,12200.0,SPX270716C12200000,0.65,0.95,0.8,1.5,0.0,0.0,0.0,5.0,0.158,0.003,0.0,0.8075,-0.015,0.1906,0.9387,0.0,0.0,0.0,0.725000023841858,no_change,2026-08-05T14:54:33,0.0,0.0
SPX,2027-07-16,329,Put,12200.0,SPX270716P12200000,4077.7,4116.0,4096.85,0.0,0.0,0.0,0.0,0.0,0.0,-1.0,0.0,0.8077,0.0,-105.6815,4100.4185,0.0,0.0,0.0,4119.84985351562,no_change,,0.0,0.0
SPX,2027-07-16,329,Call,12400.0,SPX270716C12400000,0.55,0.85,0.7,0.68,0.0,0.0,0.0,10.0,0.1614,0.0027,0.0,0.7253,-0.0138,0.1688,0.8415,0.0,0.0,0.0,0.625,no_change,2026-08-20T11:44:38,0.0,0.0
SPX,2027-07-16,329,Put,12400.0,SPX270716P12400000,4269.6,4307.9,4288.75,0.0,0.0,0.0,0.0,0.0,0.0,-1.0,0.0,0.7255,0.0,-107.4332,4292.4509,0.0,0.0,0.0,4311.0,no_change,,0.0,0.0
SPX,2027-07-16,329,Call,12600.0,SPX270716C12600000,0.45,0.7,0.575,1.2,0.0,0.0,0.0,7.0,0.1643,0.0024,0.0,0.6552,-0.0127,0.1503,0.7597,0.0,0.0,0.0,0.524999991059303,up,2026-08-04T13:22:38,0.0,0.0
SPX,2027-07-16,329,Put,12600.0,SPX270716P12600000,4462.0,4499.8,4480.9,4367.05,0.0,0.0,0.0,0.0,0.0,-1.0,0.0,0.6554,0.0,-109.1816,4484.4987,0.0,0.0,0.0,4502.60009765625,up,2026-08-13T11:44:03,0.0,0.0
SPX,2027-07-16,329,Call,12800.0,SPX270716C12800000,0.35,0.65,0.5,1.1,0.0,0.0,0.0,5.0,0.1667,0.0022,0.0,0.5946,-0.0117,0.1346,0.6895,0.0,0.0,0.0,0.425000011920929,down,2026-08-05T09:30:02,0.0,0.0
SPX,2027-07-16,329,Put,12800.0,SPX270716P12800000,4653.9,4691.9,4672.9,0.0,0.0,0.0,0.0,0.0,0.0,-1.0,0.0,0.5947,0.0,-110.9271,4676.5581,0.0,0.0,0.0,4694.30004882812,no_change,,0.0,0.0
SPX,2027-07-16,329,Call,13000.0,SPX270716C13000000,0.3,0.55,0.42500000000000004,0.65,0.0,0.0,0.0,4.0,0.1693,0.0019,0.0,0.5413,-0.0109,0.1214,0.6283,0.0,0.0,0.0,0.375,down,2026-08-07T09:30:02,0.0,0.0
SPX,2027-07-16,329,Put,13000.0,SPX270716P13000000,4845.5,4883.7,4864.6,4780.0,0.0,0.0,0.0,1.0,0.0,-1.0,0.0,0.5415,0.0,-112.6701,4868.6265,0.0,0.0,0.0,4885.69995117188,down,2026-08-12T10:50:02,0.0,0.0
SPX,2027-07-16,329,Call,13200.0,SPX270716C13200000,0.25,0.5,0.375,0.45,0.125,38.4615,2.0,13.0,0.1713,0.0018,0.0,0.4943,-0.0101,0.1099,0.5744,0.4,0.45,0.4,0.324999995529652,up,2026-08-21T12:50:13,0.0,0.0
SPX,2027-07-16,329,Put,13200.0,SPX270716P13200000,5037.4,5076.1,5056.75,5061.54,-16.5599,-0.326103,1.0,14.0,0.0,-1.0,0.0,0.4945,0.0,-114.4115,5060.7022,5061.54,5061.54,5061.54,5078.09985351562,up,2026-08-21T09:41:09,0.0,0.0
SPX,2027-08-20,364,Call,3100.0,SPX270820C03100000,4643.0,4681.3,4662.15,4385.66,0.0,0.0,0.0,1.0,0.4321,0.9926,0.0,2.2584,0.0,28.9978,4665.0753,0.0,0.0,0.0,4637.85009765625,down,2026-07-27T13:09:02,0.0,0.0
SPX,2027-08-20,364,Put,3100.0,SPX270820P03100000,14.6,15.1,14.85,15.0,0.0,0.0,0.0,482.0,0.4572,-0.0111,0.0,2.2585,-0.1333,-0.968,14.77,0.0,0.0,0.0,15.4499998092651,down,2026-08-19T13:20:09,0.0,0.0
SPX,2027-08-20,364,Call,3200.0,SPX270820C03200000,4548.4,4587.2,4567.799999999999,0.0,0.0,0.0,0.0,0.0,0.4258,0.9916,0.0,2.4417,0.0,29.8617,4570.6409,0.0,0.0,0.0,4543.10009765625,no_change,,0.0,0.0
SPX,2027-08-20,364,Put,3200.0,SPX270820P03200000,15.8,16.3,16.05,20.3,0.0,0.0,0.0,2.0,0.4484,-0.0121,0.0,2.4417,-0.1414,-1.0567,15.9802,0.0,0.0,0.0,16.75,no_change,2026-07-31T10:05:40,0.0,0.0
SPX,2027-08-20,364,Call,3300.0,SPX270820C03300000,4454.1,4492.9,4473.5,0.0,0.0,0.0,0.0,0.0,0.4192,0.9905,0.0,2.6373,0.0,30.7182,4476.2794,0.0,0.0,0.0,4449.05004882812,no_change,,0.0,0.0
SPX,2027-08-20,364,Put,3300.0,SPX270820P03300000,17.1,17.6,17.35,17.6,0.0,0.0,0.0,78.0,0.4395,-0.0132,0.0,2.6373,-0.1497,-1.1529,17.2641,0.0,0.0,0.0,18.0999994277954,up,2026-08-13T15:55:24,0.0,0.0
SPX,2027-08-20,364,Call,3400.0,SPX270820C03400000,4360.1,4398.4,4379.25,0.0,0.0,0.0,0.0,0.0,0.4126,0.9893,0.0,2.844,0.0,31.567,4381.995,0.0,0.0,0.0,4354.89990234375,no_change,,0.0,0.0
SPX,2027-08-20,364,Put,3400.0,SPX270820P03400000,18.4,18.9,18.65,19.34,0.0,0.0,0.0,63.0,0.4311,-0.0144,0.0,2.844,-0.1583,-1.2567,18.6251,0.0,0.0,0.0,19.4500007629395,up,2026-08-17T14:56:59,0.0,0.0
SPX,2027-08-20,364,Call,3500.0,SPX270820C03500000,4265.9,4304.4,4285.15,0.0,0.0,0.0,0.0,0.0,0.4061,0.988,0.0,3.0604,0.0,32.4087,4287.7917,0.0,0.0,0.0,4260.64990234375,no_change,,0.0,0.0
SPX,2027-08-20,364,Put,3500.0,SPX270820P03500000,19.9,20.4,20.15,20.3,0.0,0.0,0.0,5.0,0.4226,-0.0157,0.0,3.0604,-0.1671,-1.3678,20.0672,0.0,0.0,0.0,20.9500007629395,up,2026-08-12T11:18:32,0.0,0.0
SPX,2027-08-20,364,Call,3600.0,SPX270820C03600000,4171.6,4210.5,4191.05,0.0,0.0,0.0,0.0,0.0,0.3996,0.9866,0.0,3.2864,0.0,33.2437,4193.6727,0.0,0.0,0.0,4166.84985351562,no_change,,0.0,0.0
SPX,2027-08-20,364,Put,3600.0,SPX270820P03600000,21.4,21.9,21.65,22.44,0.0,0.0,0.0,6.0,0.4144,-0.017,0.0,3.2866,-0.1762,-1.4856,21.5953,0.0,0.0,0.0,22.5999994277954,up,2026-08-17T14:56:59,0.0,0.0
SPX,2027-08-20,364,Call,3700.0,SPX270820C03700000,4077.8,4116.3,4097.05,0.0,0.0,0.0,0.0,0.0,0.3928,0.9852,0.0,3.5243,0.0,34.0716,4099.6418,0.0,0.0,0.0,4072.94995117188,no_change,,0.0,0.0
SPX,2027-08-20,364,Put,3700.0,SPX270820P03700000,23.0,23.5,23.25,22.9,0.0,0.0,0.0,108.0,0.4061,-0.0185,0.0,3.5243,-0.1855,-1.6103,23.2082,0.0,0.0,0.0,24.25,down,2026-08-13T10:58:03,0.0,0.0
SPX,2027-08-20,364,Call,3800.0,SPX270820C03800000,3983.9,4022.4,4003.15,0.0,0.0,0.0,0.0,0.0,0.386,0.9836,0.0,3.777,0.0,34.8907,4005.7041,0.0,0.0,0.0,3980.84997558594,no_change,,0.0,0.0
SPX,2027-08-20,364,Put,3800.0,SPX270820P03800000,24.7,25.2,24.95,25.8,0.0,0.0,0.0,88.0,0.3982,-0.0201,0.0,3.777,-0.1951,-1.7439,24.916,0.0,0.0,0.0,26.0,no_change,2026-08-20T13:49:34,0.0,0.0
SPX,2027-08-20,364,Call,3900.0,SPX270820C03900000,3890.2,3928.7,3909.45,0.0,0.0,0.0,0.0,0.0,0.3793,0.9819,0.0,4.0459,0.0,35.699,3911.8677,0.0,0.0,0.0,3886.04992675781,no_change,,0.0,0.0
SPX,2027-08-20,364,Put,3900.0,SPX270820P03900000,26.5,27.0,26.75,27.15,0.0,0.0,0.0,146.0,0.3904,-0.0218,0.0,4.0459,-0.2049,-1.8884,26.725,0.0,0.0,0.0,27.9000005722046,up,2026-08-19T11:57:39,0.0,0.0
SPX,2027-08-20,364,Call,4000.0,SPX270820C04000000,3796.5,3835.1,3815.8,3908.22,0.0,0.0,0.0,3.0,0.3727,0.9801,0.0,4.3299,0.0,36.4955,3818.1428,0.0,0.0,0.0,3793.69995117188,up,2026-08-10T10:27:09,0.0,0.0
SPX,2027-08-20,364,Put,4000.0,SPX270820P04000000,28.4,28.9,28.65,28.8,0.0,0.0,0.0,74.0,0.3827,-0.0236,0.0,4.3299,-0.215,-2.0445,28.6455,0.0,0.0,0.0,29.9000005722046,down,2026-08-14T12:43:31,0.0,0.0
SPX,2027-08-20,364,Call,4100.0,SPX270820C04100000,3717.9,3726.4,3722.15,0.0,0.0,0.0,0.0,0.0,0.3665,0.9781,0.0,4.6272,0.0,37.2807,3724.5399,0.0,0.0,0.0,3700.25,no_change,,0.0,0.0
SPX,2027-08-20,364,Put,4100.0,SPX270820P04100000,30.4,31.0,30.7,32.5,0.0,0.0,0.0,30.0,0.3752,-0.0255,0.0,4.6272,-0.2254,-2.212,30.6881,0.0,0.0,0.0,32.0,down,2026-08-18T09:55:50,0.0,0.0
SPX,2027-08-20,364,Call,4200.0,SPX270820C04200000,3624.6,3632.9,3628.75,0.0,0.0,0.0,0.0,0.0,0.3599,0.9761,0.0,4.9377,0.0,38.0553,3631.0693,0.0,0.0,0.0,3606.90002441406,no_change,,0.0,0.0
SPX,2027-08-20,364,Put,4200.0,SPX270820P04200000,32.6,33.2,32.900000000000006,42.88,0.0,0.0,0.0,3.0,0.3679,-0.0276,0.0,4.9377,-0.2361,-2.3901,32.863,0.0,0.0,0.0,34.2999992370606,up,2026-07-27T10:25:24,0.0,0.0
SPX,2027-08-20,364,Call,4300.0,SPX270820C04300000,3531.5,3539.6,3535.55,0.0,0.0,0.0,0.0,0.0,0.3534,0.9738,0.0,5.2649,0.0,38.8186,3537.7416,0.0,0.0,0.0,3513.79992675781,no_change,,0.0,0.0
SPX,2027-08-20,364,Put,4300.0,SPX270820P04300000,34.9,35.5,35.2,36.91,0.0,0.0,0.0,37.0,0.3607,-0.0298,0.0,5.2649,-0.2471,-2.5796,35.1808,0.0,0.0,0.0,36.7000007629394,down,2026-08-18T10:25:11,0.0,0.0
SPX,2027-08-20,364,Call,4400.0,SPX270820C04400000,3438.5,3446.4,3442.45,0.0,0.0,0.0,0.0,0.0,0.347,0.9714,0.0,5.6133,0.0,39.5674,3444.5704,0.0,0.0,0.0,3420.75,no_change,,0.0,0.0
SPX,2027-08-20,364,Put,4400.0,SPX270820P04400000,37.4,38.0,37.7,39.13,0.0,0.0,0.0,4.0,0.3537,-0.0322,0.0,5.6133,-0.2585,-2.7834,37.655,0.0,0.0,0.0,39.2999992370606,up,2026-08-17T14:56:59,0.0,0.0
SPX,2027-08-20,364,Call,4500.0,SPX270820C04500000,3345.6,3353.4,3349.5,0.0,0.0,0.0,0.0,0.0,0.3407,0.9688,0.0,5.9851,0.0,40.2983,3351.5731,0.0,0.0,0.0,3328.0,no_change,,0.0,0.0
SPX,2027-08-20,364,Put,4500.0,SPX270820P04500000,40.1,40.7,40.400000000000006,40.6,0.0,0.0,0.0,272.0,0.3468,-0.0348,0.0,5.9853,-0.2703,-3.0054,40.305,0.0,0.0,0.0,42.0499992370606,no_change,2026-08-19T15:28:10,0.0,0.0
SPX,2027-08-20,364,Call,4550.0,SPX270820C04550000,3299.3,3307.0,3303.15,0.0,0.0,0.0,0.0,0.0,0.3375,0.9674,0.0,6.1793,-0.0082,40.6563,3305.1461,0.0,0.0,0.0,3281.59997558594,no_change,,0.0,0.0
SPX,2027-08-20,364,Put,4550.0,SPX270820P04550000,41.5,42.1,41.8,41.31,0.0,0.0,0.0,7.0,0.3434,-0.0362,0.0,6.1796,-0.2763,-3.1238,41.7009,0.0,0.0,0.0,43.5499992370606,up,2026-08-13T10:02:22,0.0,0.0
SPX,2027-08-20,364,Call,4600.0,SPX270820C04600000,3253.0,3260.6,3256.8,0.0,0.0,0.0,0.0,0.0,0.3345,0.966,0.0,6.3785,-0.0183,41.0094,3258.7706,0.0,0.0,0.0,3235.44995117188,no_change,,0.0,0.0
SPX,2027-08-20,364,Put,4600.0,SPX270820P04600000,42.9,43.6,43.25,42.7,0.0,0.0,0.0,5.0,0.34,-0.0377,0.0,6.3785,-0.2824,-3.2469,43.1461,0.0,0.0,0.0,45.0499992370606,down,2026-08-13T10:58:03,0.0,0.0
SPX,2027-08-20,364,Call,4650.0,SPX270820C04650000,3206.8,3214.3,3210.55,3317.01,0.0,0.0,0.0,11.0,0.3314,0.9645,0.0,6.5823,-0.0284,41.3578,3212.4492,0.0,0.0,0.0,3189.19995117188,down,2026-08-14T15:27:09,0.0,0.0
SPX,2027-08-20,364,Put,4650.0,SPX270820P04650000,44.4,45.0,44.7,45.9,0.0,0.0,0.0,4.0,0.3366,-0.0391,0.0,6.5823,-0.2887,-3.3748,44.6474,0.0,0.0,0.0,46.6000003814697,up,2026-08-11T13:57:56,0.0,0.0
SPX,2027-08-20,364,Call,4700.0,SPX270820C04700000,3160.6,3168.1,3164.35,0.0,0.0,0.0,0.0,0.0,0.3283,0.963,0.0,6.7906,-0.0387,41.7017,3166.1842,0.0,0.0,0.0,3143.09997558594,no_change,,0.0,0.0
SPX,2027-08-20,364,Put,4700.0,SPX270820P04700000,46.0,46.7,46.35,46.95,0.0,0.0,0.0,204.0,0.3334,-0.0407,0.0,6.7906,-0.295,-3.5072,46.2051,0.0,0.0,0.0,48.2999992370606,down,2026-08-19T11:57:39,0.0,0.0
SPX,2027-08-20,364,Call,4750.0,SPX270820C04750000,3114.5,3121.9,3118.2,0.0,0.0,0.0,0.0,0.0,0.3253,0.9614,0.0,7.0037,-0.0492,42.0413,3119.9782,0.0,0.0,0.0,3096.95007324219,no_change,,0.0,0.0
SPX,2027-08-20,364,Put,4750.0,SPX270820P04750000,47.6,48.2,47.900000000000006,49.56,0.0,0.0,0.0,6.0,0.3301,-0.0423,0.0,7.0037,-0.3015,-3.644,47.8219,0.0,0.0,0.0,50.0,up,2026-08-20T13:38:03,0.0,0.0
SPX,2027-08-20,364,Call,4800.0,SPX270820C04800000,3068.5,3075.7,3072.1,0.0,0.0,0.0,0.0,0.0,0.3223,0.9597,0.0,7.2222,-0.0597,42.3764,3073.8335,0.0,0.0,0.0,3050.84997558594,no_change,,0.0,0.0
SPX,2027-08-20,364,Put,4800.0,SPX270820P04800000,49.3,49.9,49.599999999999994,52.6,0.0,0.0,0.0,404.0,0.3269,-0.044,0.0,7.2222,-0.3081,-3.7852,49.4999,0.0,0.0,0.0,51.7000007629394,up,2026-08-18T09:55:50,0.0,0.0
SPX,2027-08-20,364,Call,4850.0,SPX270820C04850000,3022.5,3029.6,3026.05,0.0,0.0,0.0,0.0,0.0,0.3193,0.958,0.0,7.4472,-0.0703,42.7065,3027.7528,0.0,0.0,0.0,3004.94995117188,no_change,,0.0,0.0
SPX,2027-08-20,364,Put,4850.0,SPX270820P04850000,51.1,51.8,51.45,51.89,0.0,0.0,0.0,10.0,0.3237,-0.0457,0.0,7.4472,-0.3148,-3.9315,51.2419,0.0,0.0,0.0,53.5500011444092,down,2026-08-12T09:37:10,0.0,0.0
SPX,2027-08-20,364,Call,4900.0,SPX270820C04900000,2976.6,2983.6,2980.1,0.0,0.0,0.0,0.0,0.0,0.3163,0.9562,0.0,7.6795,-0.0811,43.0308,2981.7389,0.0,0.0,0.0,2959.05004882812,no_change,,0.0,0.0
SPX,2027-08-20,364,Put,4900.0,SPX270820P04900000,52.9,53.5,53.2,54.4,0.0,0.0,0.0,207.0,0.3206,-0.0475,0.0,7.6795,-0.3217,-4.0835,53.0508,0.0,0.0,0.0,55.3999996185303,up,2026-08-20T13:13:56,0.0,0.0
SPX,2027-08-20,364,Call,4950.0,SPX270820C04950000,2930.7,2937.7,2934.2,0.0,0.0,0.0,0.0,0.0,0.3134,0.9543,0.0,7.9198,-0.092,43.3486,2935.7953,0.0,0.0,0.0,2913.15002441406,no_change,,0.0,0.0
SPX,2027-08-20,364,Put,4950.0,SPX270820P04950000,54.8,55.4,55.099999999999994,54.9,-2.3,-4.02098,18.0,33.0,0.3174,-0.0494,0.0,7.9198,-0.3286,-4.2421,54.9299,54.6,54.9,54.6,57.2000007629394,no_change,2026-08-21T15:40:23,0.0,0.0
SPX,2027-08-20,364,Call,5000.0,SPX270820C05000000,2884.9,2891.9,2888.4,2900.16,0.0,0.0,0.0,21.0,0.3105,0.9524,0.0,8.1684,-0.103,43.6589,2889.9256,0.0,0.0,0.0,2867.55004882812,down,2026-08-20T12:44:48,0.0,0.0
SPX,2027-08-20,364,Put,5000.0,SPX270820P05000000,56.7,57.3,57.0,59.3,0.0,0.0,0.0,313.0,0.3144,-0.0513,0.0,8.1684,-0.3357,-4.4082,56.883,0.0,0.0,0.0,59.4500007629394,up,2026-08-20T15:53:49,0.0,0.0
SPX,2027-08-20,364,Call,5050.0,SPX270820C05050000,2839.2,2846.1,2842.6499999999996,0.0,0.0,0.0,0.0,0.0,0.3077,0.9503,0.0,8.4248,-0.1141,43.9612,2844.1341,0.0,0.0,0.0,2821.84997558594,no_change,,0.0,0.0
SPX,2027-08-20,364,Put,5050.0,SPX270820P05050000,58.8,59.5,59.15,61.5,0.0,0.0,0.0,33.0,0.3113,-0.0533,0.0,8.4248,-0.3429,-4.5822,58.9141,0.0,0.0,0.0,61.5500011444092,up,2026-08-17T15:38:36,0.0,0.0
SPX,2027-08-20,364,Call,5100.0,SPX270820C05100000,2793.6,2800.4,2797.0,0.0,0.0,0.0,0.0,0.0,0.3048,0.9482,0.0,8.6883,-0.1254,44.2555,2798.4248,0.0,0.0,0.0,2776.25,no_change,,0.0,0.0
SPX,2027-08-20,364,Put,5100.0,SPX270820P05100000,60.9,61.5,61.2,64.3,0.0,0.0,0.0,776.0,0.3083,-0.0555,0.0,8.6883,-0.3503,-4.7643,61.0275,0.0,0.0,0.0,63.75,up,2026-08-20T15:59:56,0.0,0.0
SPX,2027-08-20,364,Call,5150.0,SPX270820C05150000,2748.1,2754.8,2751.45,0.0,0.0,0.0,0.0,0.0,0.3021,0.946,0.0,8.958,-0.1368,44.5419,2752.8019,0.0,0.0,0.0,2730.75,no_change,,0.0,0.0
SPX,2027-08-20,364,Put,5150.0,SPX270820P05150000,63.1,63.9,63.5,82.9,0.0,0.0,0.0,2.0,0.3054,-0.0576,0.0,8.958,-0.3577,-4.9542,63.2274,0.0,0.0,0.0,66.0499992370606,up,2026-07-30T11:45:03,0.0,0.0
SPX,2027-08-20,364,Call,5200.0,SPX270820C05200000,2702.7,2709.2,2705.95,0.0,0.0,0.0,0.0,0.0,0.2992,0.9437,0.0,9.2333,-0.1483,44.8212,2707.2691,0.0,0.0,0.0,2685.34997558594,no_change,,0.0,0.0
SPX,2027-08-20,364,Put,5200.0,SPX270820P05200000,65.4,66.0,65.7,68.18,0.0,0.0,0.0,84.0,0.3023,-0.0599,0.0,9.2333,-0.3653,-5.1513,65.5173,0.0,0.0,0.0,68.4000015258789,up,2026-08-20T15:43:59,0.0,0.0
SPX,2027-08-20,364,Call,5250.0,SPX270820C05250000,2657.3,2663.8,2660.55,0.0,0.0,0.0,0.0,0.0,0.2964,0.9413,0.0,9.5141,-0.16,45.0937,2661.8299,0.0,0.0,0.0,2640.09997558594,no_change,,0.0,0.0
SPX,2027-08-20,364,Put,5250.0,SPX270820P05250000,67.6,68.6,68.1,72.15,0.0,0.0,0.0,11.0,0.2995,-0.0623,0.0,9.5141,-0.373,-5.3552,67.9008,0.0,0.0,0.0,70.9500007629394,up,2026-08-18T09:36:17,0.0,0.0
SPX,2027-08-20,364,Call,5300.0,SPX270820C05300000,2612.1,2618.5,2615.3,0.0,0.0,0.0,0.0,0.0,0.2937,0.9389,0.0001,9.8011,-0.1717,45.3594,2616.4873,0.0,0.0,0.0,2594.90002441406,no_change,,0.0,0.0
SPX,2027-08-20,364,Put,5300.0,SPX270820P05300000,70.2,70.9,70.55000000000001,73.23,0.0,0.0,0.0,5.0,0.2965,-0.0648,0.0001,9.8011,-0.3809,-5.5658,70.3809,0.0,0.0,0.0,73.5499992370606,up,2026-08-20T15:43:59,0.0,0.0
SPX,2027-08-20,364,Call,5325.0,SPX270820C05325000,2588.8,2596.4,2592.6000000000004,0.0,0.0,0.0,0.0,0.0,0.2922,0.9376,0.0001,9.9473,-0.1777,45.4897,2593.8533,0.0,0.0,0.0,2572.34997558594,no_change,,0.0,0.0
SPX,2027-08-20,364,Put,5325.0,SPX270820P05325000,71.5,72.2,71.85,73.47,0.0,0.0,0.0,2.0,0.2951,-0.0661,0.0001,9.9473,-0.3849,-5.6737,71.6583,0.0,0.0,0.0,74.8499984741211,down,2026-08-20T13:10:40,0.0,0.0
SPX,2027-08-20,364,Call,5350.0,SPX270820C05350000,2566.9,2573.2,2570.05,2349.06,0.0,0.0,0.0,22.0,0.2909,0.9363,0.0001,10.0956,-0.1836,45.618,2571.2447,0.0,0.0,0.0,2549.69995117188,down,2026-07-29T14:43:11,0.0,0.0
SPX,2027-08-20,364,Put,5350.0,SPX270820P05350000,72.8,73.5,73.15,76.04,0.0,0.0,0.0,6.0,0.2936,-0.0674,0.0001,10.0956,-0.3888,-5.7836,72.9611,0.0,0.0,0.0,76.2000007629394,up,2026-08-18T13:16:13,0.0,0.0
SPX,2027-08-20,364,Call,5375.0,SPX270820C05375000,2543.7,2551.2,2547.45,0.0,0.0,0.0,0.0,0.0,0.2895,0.935,0.0001,10.246,-0.1896,45.7441,2548.662,0.0,0.0,0.0,2527.30004882812,no_change,,0.0,0.0
SPX,2027-08-20,364,Put,5375.0,SPX270820P05375000,74.2,74.9,74.55000000000001,74.4,-3.15,-4.06189,30.0,28.0,0.2922,-0.0687,0.0001,10.246,-0.3929,-5.8956,74.2898,75.5,75.5,73.7,77.5499992370606,up,2026-08-21T15:57:38,0.0,0.0
SPX,2027-08-20,364,Call,5400.0,SPX270820C05400000,2521.9,2528.1,2525.0,0.0,0.0,0.0,0.0,0.0,0.2883,0.9336,0.0001,10.3988,-0.1956,45.868,2526.1058,0.0,0.0,0.0,2504.80004882812,no_change,,0.0,0.0
SPX,2027-08-20,364,Put,5400.0,SPX270820P05400000,75.3,76.4,75.85,76.2,-2.75,-3.48322,10.0,48.0,0.2909,-0.07,0.0001,10.3988,-0.3969,-6.0099,75.6449,75.82,76.2,75.1,78.9500007629394,no_change,2026-08-21T15:59:39,0.0,0.0
SPX,2027-08-20,364,Call,5425.0,SPX270820C05425000,2498.7,2506.1,2502.3999999999996,0.0,0.0,0.0,0.0,0.0,0.2869,0.9322,0.0001,10.5541,-0.2017,45.9894,2503.5766,0.0,0.0,0.0,2482.35009765625,no_change,,0.0,0.0
SPX,2027-08-20,364,Put,5425.0,SPX270820P05425000,76.9,77.6,77.25,77.17,-3.28,-4.07707,1.0,6.0,0.2894,-0.0714,0.0001,10.5541,-0.401,-6.1267,77.027,77.17,77.17,77.17,80.4500007629394,down,2026-08-21T12:06:36,0.0,0.0
SPX,2027-08-20,364,Call,5450.0,SPX270820C05450000,2476.9,2483.1,2480.0,0.0,0.0,0.0,0.0,0.0,0.2856,0.9308,0.0001,10.7119,-0.2078,46.1081,2481.075,0.0,0.0,0.0,2459.90002441406,no_change,,0.0,0.0
SPX,2027-08-20,364,Put,5450.0,SPX270820P05450000,78.3,79.0,78.65,81.37,0.0,0.0,0.0,10.0,0.288,-0.0728,0.0001,10.7119,-0.4051,-6.2462,78.4368,0.0,0.0,0.0,81.9000015258789,up,2026-08-20T13:38:03,0.0,0.0
SPX,2027-08-20,364,Call,5475.0,SPX270820C05475000,2453.8,2461.1,2457.45,0.0,0.0,0.0,0.0,0.0,0.2842,0.9294,0.0001,10.8722,-0.2139,46.224,2458.6016,0.0,0.0,0.0,2437.5,no_change,,0.0,0.0
SPX,2027-08-20,364,Put,5475.0,SPX270820P05475000,79.7,80.5,80.1,79.7,-3.65,-4.37912,1.0,23.0,0.2866,-0.0743,0.0001,10.8722,-0.4093,-6.3684,79.8748,79.7,79.7,79.7,83.3499984741211,down,2026-08-21T11:39:07,0.0,0.0
SPX,2027-08-20,364,Call,5500.0,SPX270820C05500000,2432.1,2438.2,2435.1499999999996,0.0,0.0,0.0,0.0,0.0,0.283,0.9279,0.0001,11.0349,-0.22,46.3369,2436.1573,0.0,0.0,0.0,2415.15002441406,no_change,,0.0,0.0
SPX,2027-08-20,364,Put,5500.0,SPX270820P05500000,81.2,82.1,81.65,81.23,-3.67,-4.32273,300.0,76.0,0.2853,-0.0757,0.0001,11.0349,-0.4134,-6.4937,81.3418,81.3,81.3,81.23,84.8999977111816,no_change,2026-08-21T12:14:00,0.0,0.0
SPX,2027-08-20,364,Call,5525.0,SPX270820C05525000,2409.1,2416.3,2412.7,0.0,0.0,0.0,0.0,0.0,0.2815,0.9264,0.0001,11.1999,-0.2262,46.4468,2413.7425,0.0,0.0,0.0,2392.80004882812,no_change,,0.0,0.0
SPX,2027-08-20,364,Put,5525.0,SPX270820P05525000,82.7,83.6,83.15,86.4,0.0,0.0,0.0,4.0,0.284,-0.0772,0.0001,11.1999,-0.4176,-6.622,82.8384,0.0,0.0,0.0,86.5,down,2026-08-04T15:00:56,0.0,0.0
SPX,2027-08-20,364,Call,5550.0,SPX270820C05550000,2387.4,2393.4,2390.4,0.0,0.0,0.0,0.0,0.0,0.2803,0.9249,0.0001,11.3669,-0.2323,46.5537,2391.3582,0.0,0.0,0.0,2370.5,no_change,,0.0,0.0
SPX,2027-08-20,364,Put,5550.0,SPX270820P05550000,84.2,85.1,84.65,86.81,0.0,0.0,0.0,3.0,0.2826,-0.0788,0.0001,11.3669,-0.4218,-6.7532,84.3655,0.0,0.0,0.0,88.0999984741211,down,2026-08-05T10:24:36,0.0,0.0
SPX,2027-08-20,364,Call,5575.0,SPX270820C05575000,2364.4,2371.5,2367.95,0.0,0.0,0.0,0.0,0.0,0.279,0.9234,0.0001,11.5359,-0.2385,46.6577,2369.0049,0.0,0.0,0.0,2348.20007324219,no_change,,0.0,0.0
SPX,2027-08-20,364,Put,5575.0,SPX270820P05575000,85.6,86.7,86.15,96.22,0.0,0.0,0.0,3.0,0.2812,-0.0803,0.0001,11.5359,-0.4261,-6.8875,85.9235,0.0,0.0,0.0,89.7000007629394,down,2026-08-03T11:18:17,0.0,0.0
SPX,2027-08-20,364,Call,5600.0,SPX270820C05600000,2342.8,2348.7,2345.75,0.0,0.0,0.0,0.0,0.0,0.2777,0.9218,0.0001,11.7066,-0.2448,46.7587,2346.6833,0.0,0.0,0.0,2325.90002441406,no_change,,0.0,0.0
SPX,2027-08-20,364,Put,5600.0,SPX270820P05600000,87.3,88.1,87.69999999999999,90.24,0.0,0.0,0.0,25.0,0.2798,-0.0819,0.0001,11.7066,-0.4304,-7.0246,87.5133,0.0,0.0,0.0,91.3500022888184,up,2026-08-17T15:15:29,0.0,0.0
SPX,2027-08-20,364,Call,5625.0,SPX270820C05625000,2319.9,2326.9,2323.4,0.0,0.0,0.0,0.0,0.0,0.2764,0.9202,0.0001,11.8787,-0.251,46.8571,2324.3941,0.0,0.0,0.0,2303.75,no_change,,0.0,0.0
SPX,2027-08-20,364,Put,5625.0,SPX270820P05625000,88.8,89.9,89.35,91.79,0.0,0.0,0.0,3.0,0.2785,-0.0835,0.0001,11.8787,-0.4347,-7.1644,89.1355,0.0,0.0,0.0,93.0,down,2026-08-17T15:15:29,0.0,0.0
SPX,2027-08-20,364,Call,5650.0,SPX270820C05650000,2298.3,2304.1,2301.2,2413.93,0.0,0.0,0.0,1.0,0.2753,0.9185,0.0001,12.0522,-0.2573,46.9529,2302.1377,0.0,0.0,0.0,2281.55004882812,up,2026-08-13T13:41:33,0.0,0.0
SPX,2027-08-20,364,Put,5650.0,SPX270820P05650000,90.6,91.6,91.1,91.48,0.0,0.0,0.0,5.0,0.2772,-0.0851,0.0001,12.0522,-0.439,-7.3068,90.7904,0.0,0.0,0.0,94.75,up,2026-08-14T12:58:50,0.0,0.0
SPX,2027-08-20,364,Call,5675.0,SPX270820C05675000,2275.5,2282.4,2278.95,0.0,0.0,0.0,0.0,0.0,0.2742,0.9168,0.0001,12.2269,-0.2636,47.0462,2279.9147,0.0,0.0,0.0,2259.39990234375,no_change,,0.0,0.0
SPX,2027-08-20,364,Put,5675.0,SPX270820P05675000,92.3,93.1,92.69999999999999,103.3,0.0,0.0,0.0,88.0,0.2758,-0.0868,0.0001,12.2269,-0.4433,-7.4516,92.4788,0.0,0.0,0.0,96.4500007629394,down,2026-08-03T15:50:50,0.0,0.0
SPX,2027-08-20,364,Call,5700.0,SPX270820C05700000,2254.0,2259.7,2256.85,0.0,0.0,0.0,0.0,0.0,0.2727,0.9151,0.0001,12.4029,-0.2699,47.1373,2257.7256,0.0,0.0,0.0,2237.25,no_change,,0.0,0.0
SPX,2027-08-20,364,Put,5700.0,SPX270820P05700000,94.0,94.8,94.4,97.11,0.0,0.0,0.0,111.0,0.2745,-0.0885,0.0001,12.4029,-0.4477,-7.5988,94.201,0.0,0.0,0.0,98.25,down,2026-08-20T11:12:47,0.0,0.0
SPX,2027-08-20,364,Call,5725.0,SPX270820C05725000,2231.3,2238.1,2234.7,0.0,0.0,0.0,0.0,0.0,0.2717,0.9134,0.0001,12.5803,-0.2763,47.2261,2235.5708,0.0,0.0,0.0,2215.19995117188,no_change,,0.0,0.0
SPX,2027-08-20,364,Put,5725.0,SPX270820P05725000,95.6,96.6,96.1,97.6,-2.5,-2.4975,15.0,1.0,0.2731,-0.0903,0.0001,12.5803,-0.452,-7.7481,95.9576,97.6,97.6,97.6,100.099998474121,no_change,2026-08-21T10:13:27,0.0,0.0
SPX,2027-08-20,364,Call,5750.0,SPX270820C05750000,2209.8,2215.4,2212.6000000000004,2338.07,0.0,0.0,0.0,2.0,0.2702,0.9116,0.0001,12.7592,-0.2826,47.3126,2213.4508,0.0,0.0,0.0,2193.19995117188,up,2026-08-14T09:57:16,0.0,0.0
SPX,2027-08-20,364,Put,5750.0,SPX270820P05750000,97.4,98.4,97.9,97.09,0.0,0.0,0.0,2.0,0.2718,-0.0921,0.0001,12.7592,-0.4564,-7.8998,97.749,0.0,0.0,0.0,101.950000762939,down,2026-08-14T09:57:16,0.0,0.0
SPX,2027-08-20,364,Call,5775.0,SPX270820C05775000,2187.2,2193.9,2190.55,0.0,0.0,0.0,0.0,0.0,0.2691,0.9098,0.0001,12.9398,-0.289,47.3968,2191.366,0.0,0.0,0.0,2171.20007324219,no_change,,0.0,0.0
SPX,2027-08-20,364,Put,5775.0,SPX270820P05775000,99.2,100.2,99.7,100.55,0.0,0.0,0.0,5.0,0.2705,-0.0939,0.0001,12.9398,-0.4609,-8.0538,99.5756,0.0,0.0,0.0,103.850002288818,down,2026-08-19T09:45:17,0.0,0.0
SPX,2027-08-20,364,Call,5800.0,SPX270820C05800000,2165.8,2171.3,2168.55,2252.42,0.0,0.0,0.0,1.0,0.2676,0.9079,0.0001,13.1224,-0.2954,47.4784,2169.3169,0.0,0.0,0.0,2149.09997558594,up,2026-08-12T09:49:04,0.0,0.0
SPX,2027-08-20,364,Put,5800.0,SPX270820P05800000,101.0,102.1,101.55,100.55,0.0,0.0,0.0,21.0,0.2692,-0.0957,0.0001,13.1224,-0.4653,-8.2103,101.4378,0.0,0.0,0.0,105.75,up,2026-08-14T09:38:02,0.0,0.0
SPX,2027-08-20,364,Call,5825.0,SPX270820C05825000,2143.2,2149.8,2146.5,0.0,0.0,0.0,0.0,0.0,0.2666,0.9061,0.0001,13.3073,-0.3018,47.5572,2147.3041,0.0,0.0,0.0,2127.19995117188,no_change,,0.0,0.0
SPX,2027-08-20,364,Put,5825.0,SPX270820P05825000,103.1,104.0,103.55,103.1,-4.55,-4.22666,3.0,1.0,0.2679,-0.0976,0.0001,13.3073,-0.4697,-8.3697,103.3363,103.1,103.1,103.1,107.649997711182,no_change,2026-08-21T15:40:23,0.0,0.0
SPX,2027-08-20,364,Call,5850.0,SPX270820C05850000,2121.8,2127.3,2124.55,0.0,0.0,0.0,0.0,0.0,0.2652,0.9041,0.0001,13.4946,-0.3083,47.6329,2125.3281,0.0,0.0,0.0,2105.34997558594,no_change,,0.0,0.0
SPX,2027-08-20,364,Put,5850.0,SPX270820P05850000,104.8,106.0,105.4,105.0,-4.8,-4.37158,4.0,262.0,0.2666,-0.0995,0.0001,13.4946,-0.4742,-8.5322,105.2717,107.1,107.1,104.7,109.799999237061,up,2026-08-21T13:29:48,0.0,0.0
SPX,2027-08-20,364,Call,5875.0,SPX270820C05875000,2099.4,2105.9,2102.65,0.0,0.0,0.0,0.0,0.0,0.2641,0.9022,0.0001,13.6844,-0.3147,47.7052,2103.3898,0.0,0.0,0.0,2083.40002441406,no_change,,0.0,0.0
SPX,2027-08-20,364,Put,5875.0,SPX270820P05875000,106.8,108.0,107.4,107.47,0.0,0.0,0.0,25.0,0.2654,-0.1015,0.0001,13.6844,-0.4787,-8.6981,107.2447,0.0,0.0,0.0,111.699996948242,down,2026-08-19T14:48:45,0.0,0.0
SPX,2027-08-20,364,Call,5900.0,SPX270820C05900000,2078.1,2083.5,2080.8,2136.22,0.0,0.0,0.0,1.0,0.2626,0.9002,0.0001,13.877,-0.3212,47.7738,2081.4898,0.0,0.0,0.0,2061.54992675781,down,2026-08-19T12:02:15,0.0,0.0
SPX,2027-08-20,364,Put,5900.0,SPX270820P05900000,109.0,110.0,109.5,111.52,0.0,0.0,0.0,1487.0,0.264,-0.1035,0.0001,13.877,-0.4832,-8.8677,109.2561,0.0,0.0,0.0,113.799999237061,no_change,2026-08-20T12:51:12,0.0,0.0
SPX,2027-08-20,364,Call,5925.0,SPX270820C05925000,2055.7,2062.1,2058.8999999999996,0.0,0.0,0.0,0.0,0.0,0.2616,0.8982,0.0001,14.0721,-0.3276,47.8383,2059.629,0.0,0.0,0.0,2039.94995117188,no_change,,0.0,0.0
SPX,2027-08-20,364,Put,5925.0,SPX270820P05925000,110.9,112.1,111.5,113.76,0.0,0.0,0.0,155.0,0.2628,-0.1055,0.0001,14.0721,-0.4877,-9.0413,111.3068,0.0,0.0,0.0,115.900001525879,up,2026-08-20T13:03:19,0.0,0.0
SPX,2027-08-20,364,Call,5950.0,SPX270820C05950000,2034.5,2039.8,2037.15,2030.68,12.58,0.623357,1.0,22.0,0.2602,0.8961,0.0001,14.2697,-0.3341,47.8988,2037.8084,2030.68,2030.68,2030.68,2018.10003662109,down,2026-08-21T10:16:50,0.0,0.0
SPX,2027-08-20,364,Put,5950.0,SPX270820P05950000,113.0,114.1,113.55,113.21,-4.64,-3.93721,5.0,251.0,0.2615,-0.1076,0.0001,14.2697,-0.4922,-9.219,113.3975,115.52,115.52,113.2,117.849998474121,up,2026-08-21T13:30:04,0.0,0.0
SPX,2027-08-20,364,Call,5975.0,SPX270820C05975000,2012.2,2018.5,2015.35,0.0,0.0,0.0,0.0,0.0,0.2591,0.894,0.0001,14.4696,-0.3405,47.9551,2016.0289,0.0,0.0,0.0,1996.5,no_change,,0.0,0.0
SPX,2027-08-20,364,Put,5975.0,SPX270820P05975000,115.0,116.3,115.65,115.92,0.0,0.0,0.0,42.0,0.2603,-0.1097,0.0001,14.4696,-0.4967,-9.4009,115.5294,0.0,0.0,0.0,120.25,down,2026-08-19T14:49:25,0.0,0.0
SPX,2027-08-20,364,Call,6000.0,SPX270820C06000000,1991.0,1996.3,1993.65,1991.6,16.9,0.855826,3.0,125.0,0.2577,0.8918,0.0001,14.6713,-0.347,48.0072,1994.2913,2006.75,2006.75,1991.6,1974.70001220703,down,2026-08-21T14:24:25,0.0,0.0
SPX,2027-08-20,364,Put,6000.0,SPX270820P06000000,117.3,118.4,117.85,117.2,-5.3,-4.32653,3.0,161.0,0.259,-0.1118,0.0001,14.6713,-0.5012,-9.5869,117.7031,117.47,117.47,117.2,122.5,down,2026-08-21T14:24:25,0.0,0.0
SPX,2027-08-20,364,Call,6025.0,SPX270820C06025000,1968.8,1975.0,1971.9,0.0,0.0,0.0,0.0,0.0,0.2567,0.8897,0.0001,14.8746,-0.3535,48.0554,1972.5966,0.0,0.0,0.0,1953.25,no_change,,0.0,0.0
SPX,2027-08-20,364,Put,6025.0,SPX270820P06025000,119.4,120.7,120.05000000000001,123.42,0.0,0.0,0.0,5.0,0.2578,-0.114,0.0001,14.8746,-0.5057,-9.777,119.9198,0.0,0.0,0.0,124.75,down,2026-08-11T14:42:02,0.0,0.0
SPX,2027-08-20,364,Call,6050.0,SPX270820C06050000,1947.8,1952.9,1950.35,0.0,0.0,0.0,0.0,0.0,0.2553,0.8874,0.0001,15.0792,-0.36,48.0997,1950.9455,0.0,0.0,0.0,1931.60003662109,no_change,,0.0,0.0
SPX,2027-08-20,364,Put,6050.0,SPX270820P06050000,121.8,122.9,122.35,121.44,0.0,0.0,0.0,2.0,0.2564,-0.1162,0.0001,15.0792,-0.5102,-9.9708,122.1801,0.0,0.0,0.0,127.149997711182,up,2026-08-10T10:21:45,0.0,0.0
SPX,2027-08-20,364,Call,6075.0,SPX270820C06075000,1925.7,1931.8,1928.75,0.0,0.0,0.0,0.0,0.0,0.2542,0.8852,0.0001,15.2848,-0.3665,48.1408,1929.3388,0.0,0.0,0.0,1910.15002441406,no_change,,0.0,0.0
SPX,2027-08-20,364,Put,6075.0,SPX270820P06075000,124.0,125.2,124.6,123.0,0.0,0.0,0.0,14.0,0.2552,-0.1185,0.0001,15.2848,-0.5147,-10.1678,124.4847,0.0,0.0,0.0,129.449996948242,down,2026-08-17T09:31:06,0.0,0.0
SPX,2027-08-20,364,Call,6100.0,SPX270820C06100000,1904.7,1909.7,1907.2,1944.44,0.0,0.0,0.0,3.0,0.2528,0.8828,0.0001,15.4912,-0.373,48.1786,1907.7771,0.0,0.0,0.0,1888.60003662109,up,2026-08-19T15:42:42,0.0,0.0
SPX,2027-08-20,364,Put,6100.0,SPX270820P06100000,126.5,127.5,127.0,130.1,-1.85,-1.40204,115.0,7.0,0.254,-0.1208,0.0001,15.4912,-0.5192,-10.3683,126.8344,130.1,130.1,130.1,131.949996948242,no_change,2026-08-21T09:55:54,0.0,0.0
SPX,2027-08-20,364,Call,6125.0,SPX270820C06125000,1882.7,1888.7,1885.7,0.0,0.0,0.0,0.0,0.0,0.2518,0.8805,0.0001,15.6984,-0.3794,48.2134,1886.261,0.0,0.0,0.0,1867.25,no_change,,0.0,0.0
SPX,2027-08-20,364,Put,6125.0,SPX270820P06125000,128.9,130.0,129.45,134.0,0.0,0.0,0.0,29.0,0.2527,-0.1232,0.0001,15.6984,-0.5238,-10.5716,129.2296,0.0,0.0,0.0,134.449996948242,no_change,2026-08-20T14:26:21,0.0,0.0
SPX,2027-08-20,364,Call,6150.0,SPX270820C06150000,1861.8,1866.7,1864.25,0.0,0.0,0.0,0.0,0.0,0.2504,0.8781,0.0001,15.9064,-0.3859,48.2454,1864.791,0.0,0.0,0.0,1845.79998779297,no_change,,0.0,0.0
SPX,2027-08-20,364,Put,6150.0,SPX270820P06150000,131.2,132.3,131.75,137.77,0.0,0.0,0.0,8.0,0.2515,-0.1256,0.0001,15.9064,-0.5283,-10.7778,131.671,0.0,0.0,0.0,136.949996948242,up,2026-08-18T10:22:01,0.0,0.0
SPX,2027-08-20,364,Call,6175.0,SPX270820C06175000,1839.9,1845.8,1842.85,1590.36,0.0,0.0,0.0,1.0,0.2494,0.8756,0.0001,16.1156,-0.3924,48.2746,1843.3677,0.0,0.0,0.0,1824.54998779297,up,2026-07-29T12:04:57,0.0,0.0
SPX,2027-08-20,364,Put,6175.0,SPX270820P06175000,133.6,134.9,134.25,135.1,0.0,0.0,0.0,11.0,0.2503,-0.128,0.0001,16.1156,-0.5328,-10.9868,134.159,0.0,0.0,0.0,139.449996948242,down,2026-08-12T10:13:10,0.0,0.0
SPX,2027-08-20,364,Call,6200.0,SPX270820C06200000,1819.0,1823.9,1821.45,0.0,0.0,0.0,0.0,0.0,0.248,0.8732,0.0001,16.326,-0.3988,48.3007,1821.9916,0.0,0.0,0.0,1803.14996337891,no_change,,0.0,0.0
SPX,2027-08-20,364,Put,6200.0,SPX270820P06200000,136.3,137.4,136.85000000000002,139.0,-3.05,-2.14713,20.0,54.0,0.249,-0.1305,0.0001,16.326,-0.5373,-11.1989,136.6942,139.0,139.0,139.0,142.050003051758,down,2026-08-21T09:41:13,0.0,0.0
SPX,2027-08-20,364,Call,6225.0,SPX270820C06225000,1797.2,1803.0,1800.1,0.0,0.0,0.0,0.0,0.0,0.247,0.8706,0.0001,16.5382,-0.4053,48.3234,1800.6632,0.0,0.0,0.0,1782.0,no_change,,0.0,0.0
SPX,2027-08-20,364,Put,6225.0,SPX270820P06225000,138.9,140.1,139.5,138.0,0.0,0.0,0.0,6.0,0.2478,-0.133,0.0001,16.5382,-0.5418,-11.4143,139.2773,0.0,0.0,0.0,144.799995422363,down,2026-08-13T11:58:56,0.0,0.0
SPX,2027-08-20,364,Call,6250.0,SPX270820C06250000,1776.5,1781.3,1778.9,0.0,0.0,0.0,0.0,0.0,0.2456,0.868,0.0001,16.7524,-0.4117,48.3424,1779.3835,0.0,0.0,0.0,1760.75,no_change,,0.0,0.0
SPX,2027-08-20,364,Put,6250.0,SPX270820P06250000,141.5,142.6,142.05,146.48,0.0,0.0,0.0,9.0,0.2466,-0.1356,0.0001,16.7524,-0.5462,-11.6335,141.9089,0.0,0.0,0.0,147.449996948242,up,2026-08-18T13:16:13,0.0,0.0
SPX,2027-08-20,364,Call,6275.0,SPX270820C06275000,1754.8,1760.5,1757.65,0.0,0.0,0.0,0.0,0.0,0.2446,0.8654,0.0001,16.9688,-0.4182,48.3572,1758.1532,0.0,0.0,0.0,1739.54998779297,no_change,,0.0,0.0
SPX,2027-08-20,364,Put,6275.0,SPX270820P06275000,144.2,145.4,144.8,159.6,0.0,0.0,0.0,1.0,0.2454,-0.1383,0.0001,16.9688,-0.5507,-11.8569,144.59,0.0,0.0,0.0,150.150001525879,down,2026-08-03T15:53:13,0.0,0.0
SPX,2027-08-20,364,Call,6300.0,SPX270820C06300000,1734.2,1738.9,1736.5500000000002,0.0,0.0,0.0,0.0,0.0,0.2433,0.8627,0.0001,17.1876,-0.4246,48.3671,1736.9733,0.0,0.0,0.0,1718.45001220703,no_change,,0.0,0.0
SPX,2027-08-20,364,Put,6300.0,SPX270820P06300000,146.9,148.0,147.45,146.69,-6.31,-4.12418,4.0,311.0,0.2441,-0.1409,0.0001,17.1876,-0.5552,-12.0851,147.3215,146.71,146.71,146.69,153.0,down,2026-08-21T14:23:14,0.0,0.0
SPX,2027-08-20,364,Call,6325.0,SPX270820C06325000,1712.6,1718.2,1715.4,0.0,0.0,0.0,0.0,0.0,0.2422,0.86,0.0001,17.4088,-0.431,48.372,1715.845,0.0,0.0,0.0,1697.5,no_change,,0.0,0.0
SPX,2027-08-20,364,Put,6325.0,SPX270820P06325000,149.5,150.9,150.2,190.11,0.0,0.0,0.0,2.0,0.243,-0.1437,0.0001,17.4088,-0.5596,-12.3185,150.1045,0.0,0.0,0.0,155.900001525879,down,2026-07-30T14:25:48,0.0,0.0
SPX,2027-08-20,364,Call,6350.0,SPX270820C06350000,1692.1,1696.7,1694.4,1727.94,0.0,0.0,0.0,3.0,0.2409,0.8572,0.0001,17.6322,-0.4373,48.3713,1694.7694,0.0,0.0,0.0,1676.5,up,2026-08-18T12:19:06,0.0,0.0
SPX,2027-08-20,364,Put,6350.0,SPX270820P06350000,152.6,153.6,153.1,152.3,-6.5,-4.0932,7.0,16.0,0.2417,-0.1464,0.0001,17.6322,-0.564,-12.5573,152.9403,152.3,152.3,152.3,158.799995422363,no_change,2026-08-21T15:40:23,0.0,0.0
SPX,2027-08-20,364,Call,6375.0,SPX270820C06375000,1670.6,1676.1,1673.35,1660.4,0.0,0.0,0.0,1.0,0.2398,0.8544,0.0001,17.8575,-0.4437,48.3652,1673.7479,0.0,0.0,0.0,1655.65002441406,down,2026-08-20T14:08:29,0.0,0.0
SPX,2027-08-20,364,Put,6375.0,SPX270820P06375000,155.4,156.7,156.05,161.4,0.0,0.0,0.0,4.0,0.2406,-0.1492,0.0001,17.8575,-0.5684,-12.8016,155.8301,0.0,0.0,0.0,161.849998474121,up,2026-08-20T14:08:29,0.0,0.0
SPX,2027-08-20,364,Call,6400.0,SPX270820C06400000,1650.2,1654.7,1652.45,0.0,0.0,0.0,0.0,0.0,0.2386,0.8515,0.0001,18.0843,-0.45,48.3536,1652.7816,0.0,0.0,0.0,1634.75,no_change,,0.0,0.0
SPX,2027-08-20,364,Put,6400.0,SPX270820P06400000,158.4,159.5,158.95,158.1,-6.7,-4.06553,5.0,13.0,0.2393,-0.1521,0.0001,18.0843,-0.5727,-13.0514,158.7752,158.1,158.1,158.1,164.799995422363,down,2026-08-21T13:47:35,0.0,0.0
SPX,2027-08-20,364,Call,6425.0,SPX270820C06425000,1628.8,1634.2,1631.5,0.0,0.0,0.0,0.0,0.0,0.2375,0.8486,0.0001,18.3122,-0.4563,48.3367,1631.8718,0.0,0.0,0.0,1614.0,no_change,,0.0,0.0
SPX,2027-08-20,364,Put,6425.0,SPX270820P06425000,161.1,162.6,161.85,167.5,0.0,0.0,0.0,18.0,0.2381,-0.155,0.0001,18.3122,-0.577,-13.3064,161.7768,0.0,0.0,0.0,167.950004577637,up,2026-08-20T15:42:08,0.0,0.0
SPX,2027-08-20,364,Call,6450.0,SPX270820C06450000,1608.5,1613.0,1610.75,1732.8,0.0,0.0,0.0,1.0,0.2362,0.8456,0.0001,18.5406,-0.4625,48.3152,1611.0195,0.0,0.0,0.0,1593.20001220703,up,2026-08-13T10:07:22,0.0,0.0
SPX,2027-08-20,364,Put,6450.0,SPX270820P06450000,164.4,165.6,165.0,165.0,0.0,0.0,0.0,278.0,0.2369,-0.158,0.0001,18.5406,-0.5813,-13.5661,164.8359,0.0,0.0,0.0,171.0,up,2026-08-19T15:53:40,0.0,0.0
SPX,2027-08-20,364,Call,6475.0,SPX270820C06475000,1587.3,1592.6,1589.9499999999998,1701.2,0.0,0.0,0.0,1.0,0.2352,0.8426,0.0001,18.7692,-0.4688,48.2892,1590.2257,0.0,0.0,0.0,1572.55004882812,down,2026-08-14T10:56:46,0.0,0.0
SPX,2027-08-20,364,Put,6475.0,SPX270820P06475000,167.3,168.8,168.05,167.7,-6.65,-3.81417,2.0,34.0,0.2357,-0.1611,0.0001,18.7692,-0.5856,-13.8303,167.9535,167.1,167.7,167.1,174.349998474121,up,2026-08-21T15:57:31,0.0,0.0
SPX,2027-08-20,364,Call,6500.0,SPX270820C06500000,1567.0,1571.5,1569.25,1569.48,17.58,1.1328,1.0,11.0,0.2339,0.8395,0.0001,18.9978,-0.475,48.2594,1569.4913,1569.48,1569.48,1569.48,1551.90002441406,down,2026-08-21T13:42:49,0.0,0.0
SPX,2027-08-20,364,Put,6500.0,SPX270820P06500000,170.7,171.9,171.3,170.82,-6.68,-3.76338,2.0,21.0,0.2345,-0.1642,0.0001,18.9978,-0.5898,-14.0982,171.1303,174.6,174.6,170.82,177.5,down,2026-08-21T13:42:49,0.0,0.0
SPX,2027-08-20,364,Call,6525.0,SPX270820C06525000,1545.9,1551.2,1548.5500000000002,1633.46,0.0,0.0,0.0,2.0,0.2328,0.8364,0.0001,19.2263,-0.4811,48.2261,1548.8169,0.0,0.0,0.0,1531.34997558594,up,2026-08-10T15:29:55,0.0,0.0
SPX,2027-08-20,364,Put,6525.0,SPX270820P06525000,174.0,175.2,174.6,174.2,-6.7,-3.7037,23.0,12.0,0.2334,-0.1673,0.0001,19.2263,-0.594,-14.3697,174.3674,176.5,176.5,172.9,180.900001525879,up,2026-08-21T15:55:29,0.0,0.0
SPX,2027-08-20,364,Call,6550.0,SPX270820C06550000,1525.8,1530.2,1528.0,0.0,0.0,0.0,0.0,0.0,0.2315,0.8332,0.0001,19.4548,-0.4872,48.1894,1528.2033,0.0,0.0,0.0,1510.75,no_change,,0.0,0.0
SPX,2027-08-20,364,Put,6550.0,SPX270820P06550000,177.3,178.4,177.85000000000002,177.5,-6.7,-3.63735,7.0,48.0,0.2322,-0.1705,0.0001,19.4548,-0.5982,-14.6446,177.6651,177.0,177.6,176.1,184.200004577637,down,2026-08-21T15:55:29,0.0,0.0
SPX,2027-08-20,364,Call,6575.0,SPX270820C06575000,1504.9,1510.0,1507.45,1611.41,0.0,0.0,0.0,10.0,0.2305,0.8299,0.0001,19.6837,-0.4933,48.1491,1507.6511,0.0,0.0,0.0,1490.39996337891,down,2026-08-14T15:27:09,0.0,0.0
SPX,2027-08-20,364,Put,6575.0,SPX270820P06575000,180.5,181.9,181.2,185.9,0.0,0.0,0.0,86.0,0.231,-0.1737,0.0001,19.6837,-0.6023,-14.9231,181.0243,0.0,0.0,0.0,187.75,no_change,2026-08-18T14:58:58,0.0,0.0
SPX,2027-08-20,364,Call,6600.0,SPX270820C06600000,1484.9,1489.2,1487.0500000000002,1512.9,0.0,0.0,0.0,4.0,0.2292,0.8266,0.0001,19.9133,-0.4993,48.1049,1487.1611,0.0,0.0,0.0,1469.89996337891,down,2026-08-18T15:57:21,0.0,0.0
SPX,2027-08-20,364,Put,6600.0,SPX270820P06600000,184.0,185.2,184.6,189.0,0.0,0.0,0.0,279.0,0.2298,-0.1771,0.0001,19.9133,-0.6063,-15.2055,184.4457,0.0,0.0,0.0,191.25,no_change,2026-08-20T12:04:06,0.0,0.0
SPX,2027-08-20,364,Call,6625.0,SPX270820C06625000,1464.0,1469.1,1466.55,0.0,0.0,0.0,0.0,0.0,0.2282,0.8232,0.0001,20.144,-0.5053,48.0561,1466.7343,0.0,0.0,0.0,1449.60003662109,no_change,,0.0,0.0
SPX,2027-08-20,364,Put,6625.0,SPX270820P06625000,187.4,188.9,188.15,185.94,0.0,0.0,0.0,24.0,0.2287,-0.1804,0.0001,20.144,-0.6103,-15.4925,187.9301,0.0,0.0,0.0,194.75,up,2026-08-17T11:54:24,0.0,0.0
SPX,2027-08-20,364,Call,6650.0,SPX270820C06650000,1444.2,1448.4,1446.3000000000002,1527.4,0.0,0.0,0.0,2.0,0.227,0.8198,0.0001,20.3762,-0.5112,48.002,1446.3718,0.0,0.0,0.0,1429.29998779297,down,2026-08-17T14:19:22,0.0,0.0
SPX,2027-08-20,364,Put,6650.0,SPX270820P06650000,190.8,192.3,191.55,196.38,0.0,0.0,0.0,29.0,0.2274,-0.1839,0.0001,20.3762,-0.6143,-15.7847,191.4789,0.0,0.0,0.0,198.400001525879,down,2026-08-18T13:04:50,0.0,0.0
SPX,2027-08-20,364,Call,6675.0,SPX270820C06675000,1423.5,1428.5,1426.0,0.0,0.0,0.0,0.0,0.0,0.2259,0.8163,0.0002,20.6099,-0.5171,47.9419,1426.0748,0.0,0.0,0.0,1409.20001220703,no_change,,0.0,0.0
SPX,2027-08-20,364,Put,6675.0,SPX270820P06675000,194.6,196.1,195.35,268.1,0.0,0.0,0.0,3.0,0.2263,-0.1874,0.0002,20.6099,-0.6182,-16.083,195.0934,0.0,0.0,0.0,202.199996948242,up,2026-07-29T15:43:35,0.0,0.0
SPX,2027-08-20,364,Call,6700.0,SPX270820C06700000,1403.5,1407.9,1405.7,1443.76,0.0,0.0,0.0,10.0,0.2247,0.8128,0.0002,20.8454,-0.5229,47.8752,1405.8452,0.0,0.0,0.0,1389.05004882812,up,2026-08-18T12:50:14,0.0,0.0
SPX,2027-08-20,364,Put,6700.0,SPX270820P06700000,198.1,199.6,198.85,202.39,0.0,0.0,0.0,404.0,0.2251,-0.1909,0.0002,20.8454,-0.6221,-16.3878,198.7751,0.0,0.0,0.0,205.900001525879,no_change,2026-08-20T10:49:37,0.0,0.0
SPX,2027-08-20,364,Call,6725.0,SPX270820C06725000,1383.1,1388.2,1385.65,0.0,0.0,0.0,0.0,0.0,0.2236,0.8092,0.0002,21.0822,-0.5287,47.8015,1385.6842,0.0,0.0,0.0,1369.0,no_change,,0.0,0.0
SPX,2027-08-20,364,Put,6725.0,SPX270820P06725000,201.9,203.5,202.7,202.32,-7.43,-3.54231,2.0,3.0,0.224,-0.1945,0.0002,21.0822,-0.6259,-16.6998,202.5256,202.35,202.35,202.32,209.75,down,2026-08-21T13:30:04,0.0,0.0
SPX,2027-08-20,364,Call,6750.0,SPX270820C06750000,1363.5,1367.7,1365.6,1437.45,0.0,0.0,0.0,4.0,0.2224,0.8055,0.0002,21.3202,-0.5344,47.7207,1365.594,0.0,0.0,0.0,1349.10003662109,up,2026-08-07T10:20:40,0.0,0.0
SPX,2027-08-20,364,Put,6750.0,SPX270820P06750000,205.9,207.2,206.55,214.4,0.0,0.0,0.0,241.0,0.2228,-0.1982,0.0002,21.3202,-0.6296,-17.0188,206.3467,0.0,0.0,0.0,213.650001525879,up,2026-08-18T09:36:17,0.0,0.0
SPX,2027-08-20,364,Call,6775.0,SPX270820C06775000,1343.1,1348.1,1345.6,1229.37,0.0,0.0,0.0,1.0,0.2213,0.8018,0.0002,21.5585,-0.54,47.6329,1345.576,0.0,0.0,0.0,1329.14996337891,up,2026-07-17T11:08:48,0.0,0.0
SPX,2027-08-20,364,Put,6775.0,SPX270820P06775000,209.8,211.3,210.55,217.8,0.0,0.0,0.0,31.0,0.2217,-0.2019,0.0002,21.5585,-0.6333,-17.3447,210.24,0.0,0.0,0.0,217.75,up,2026-08-20T10:18:02,0.0,0.0
SPX,2027-08-20,364,Call,6800.0,SPX270820C06800000,1323.6,1327.8,1325.6999999999998,1206.62,0.0,0.0,0.0,2.0,0.22,0.798,0.0002,21.7967,-0.5456,47.5386,1325.6319,0.0,0.0,0.0,1309.34997558594,up,2026-07-17T11:11:21,0.0,0.0
SPX,2027-08-20,364,Put,6800.0,SPX270820P06800000,213.8,215.1,214.45,220.3,0.0,0.0,0.0,618.0,0.2205,-0.2057,0.0002,21.7967,-0.6369,-17.6772,214.2073,0.0,0.0,0.0,221.699996948242,up,2026-08-20T13:33:39,0.0,0.0
SPX,2027-08-20,364,Call,6825.0,SPX270820C06825000,1303.4,1308.3,1305.85,1142.13,0.0,0.0,0.0,1.0,0.219,0.7941,0.0002,22.0342,-0.551,47.4389,1305.7631,0.0,0.0,0.0,1289.64996337891,down,2026-07-23T10:52:41,0.0,0.0
SPX,2027-08-20,364,Put,6825.0,SPX270820P06825000,217.6,219.3,218.45,223.5,0.0,0.0,0.0,3.0,0.2193,-0.2096,0.0002,22.0342,-0.6404,-18.015,218.2499,0.0,0.0,0.0,225.850006103516,no_change,2026-08-20T13:55:49,0.0,0.0
SPX,2027-08-20,364,Call,6850.0,SPX270820C06850000,1283.8,1288.2,1286.0,0.0,0.0,0.0,0.0,0.0,0.2178,0.7902,0.0002,22.2705,-0.5564,47.3341,1285.9708,0.0,0.0,0.0,1269.95001220703,no_change,,0.0,0.0
SPX,2027-08-20,364,Put,6850.0,SPX270820P06850000,221.9,223.3,222.60000000000002,223.16,-6.89,-2.995,5.0,122.0,0.2182,-0.2135,0.0002,22.2705,-0.6438,-18.3581,222.3689,224.81,225.1,223.15,230.049995422363,up,2026-08-21T11:16:58,0.0,0.0
SPX,2027-08-20,364,Call,6875.0,SPX270820C06875000,1264.0,1268.8,1266.4,1061.4,0.0,0.0,0.0,6.0,0.2167,0.7862,0.0002,22.5055,-0.5618,47.225,1266.256,0.0,0.0,0.0,1250.30004882812,down,2026-07-29T10:38:04,0.0,0.0
SPX,2027-08-20,364,Put,6875.0,SPX270820P06875000,226.1,227.7,226.89999999999998,224.58,0.0,0.0,0.0,3.0,0.2171,-0.2175,0.0002,22.5055,-0.6472,-18.7053,226.5655,0.0,0.0,0.0,234.400001525879,down,2026-08-10T09:51:45,0.0,0.0
SPX,2027-08-20,364,Call,6900.0,SPX270820C06900000,1244.8,1248.8,1246.8,1255.51,0.0,0.0,0.0,3.0,0.2156,0.7821,0.0002,22.739,-0.567,47.1119,1246.6197,0.0,0.0,0.0,1230.79998779297,down,2026-08-20T12:27:12,0.0,0.0
SPX,2027-08-20,364,Put,6900.0,SPX270820P06900000,230.4,231.8,231.10000000000002,230.3,-8.55,-3.57965,66.0,390.0,0.2158,-0.2216,0.0002,22.739,-0.6505,-19.0566,230.8405,233.5,233.7,228.7,238.849998474121,down,2026-08-21T15:58:23,0.0,0.0
SPX,2027-08-20,364,Call,6925.0,SPX270820C06925000,1224.9,1229.6,1227.25,0.0,0.0,0.0,0.0,0.0,0.2144,0.778,0.0002,22.9715,-0.5722,46.9947,1227.0627,0.0,0.0,0.0,1211.35003662109,no_change,,0.0,0.0
SPX,2027-08-20,364,Put,6925.0,SPX270820P06925000,234.9,236.3,235.60000000000002,234.9,-8.3,-3.41283,59.0,213.0,0.2147,-0.2257,0.0002,22.9715,-0.6537,-19.412,235.1949,233.9,235.1,233.4,243.200004577637,up,2026-08-21T15:58:52,0.0,0.0
SPX,2027-08-20,364,Call,6950.0,SPX270820C06950000,1205.8,1209.8,1207.8,1154.64,0.0,0.0,0.0,2.0,0.2133,0.7738,0.0002,23.2032,-0.5773,46.8729,1207.5862,0.0,0.0,0.0,1192.0,up,2026-08-03T12:00:14,0.0,0.0
SPX,2027-08-20,364,Put,6950.0,SPX270820P06950000,239.2,240.6,239.89999999999998,241.85,-6.0,-2.42082,6.0,201.0,0.2135,-0.2299,0.0002,23.2032,-0.6568,-19.772,239.6297,243.0,243.0,241.85,247.849998474121,down,2026-08-21T10:47:24,0.0,0.0
SPX,2027-08-20,364,Call,6975.0,SPX270820C06975000,1186.1,1190.8,1188.4499999999998,1230.09,0.0,0.0,0.0,2.0,0.2122,0.7695,0.0002,23.4345,-0.5823,46.7456,1188.1911,0.0,0.0,0.0,1172.70001220703,down,2026-08-19T14:38:04,0.0,0.0
SPX,2027-08-20,364,Put,6975.0,SPX270820P06975000,243.7,245.3,244.5,242.5,0.0,0.0,0.0,126.0,0.2124,-0.2342,0.0002,23.4345,-0.6598,-20.1374,244.146,0.0,0.0,0.0,252.349998474121,down,2026-08-19T15:43:41,0.0,0.0
SPX,2027-08-20,364,Call,7000.0,SPX270820C07000000,1167.2,1171.1,1169.15,1173.78,20.28,1.75813,6.0,178.0,0.211,0.7651,0.0002,23.666,-0.5871,46.6118,1168.8793,1164.57,1187.8,1164.57,1153.5,down,2026-08-21T15:00:21,0.0,0.0
SPX,2027-08-20,364,Put,7000.0,SPX270820P07000000,248.3,249.7,249.0,247.47,-9.58,-3.7269,11.0,594.0,0.2113,-0.2385,0.0002,23.666,-0.6627,-20.5094,248.7456,252.41,252.41,246.52,257.050003051758,down,2026-08-21T15:00:21,0.0,0.0
SPX,2027-08-20,364,Call,7025.0,SPX270820C07025000,1147.6,1152.3,1149.9499999999998,1181.57,0.0,0.0,0.0,2.0,0.2099,0.7607,0.0002,23.8977,-0.592,46.4704,1149.6525,0.0,0.0,0.0,1134.45001220703,down,2026-08-18T13:37:25,0.0,0.0
SPX,2027-08-20,364,Put,7025.0,SPX270820P07025000,253.0,254.6,253.8,247.5,0.0,0.0,0.0,14.0,0.2101,-0.2429,0.0002,23.8977,-0.6656,-20.889,253.4302,0.0,0.0,0.0,261.850006103516,down,2026-08-13T15:52:07,0.0,0.0
SPX,2027-08-20,364,Call,7050.0,SPX270820C07050000,1128.9,1132.8,1130.85,1248.65,0.0,0.0,0.0,1.0,0.2088,0.7562,0.0002,24.1296,-0.5966,46.3206,1130.513,0.0,0.0,0.0,1115.40002441406,up,2026-08-13T10:06:48,0.0,0.0
SPX,2027-08-20,364,Put,7050.0,SPX270820P07050000,257.7,259.2,258.45,261.0,-5.75,-2.15558,2.0,24.0,0.209,-0.2474,0.0002,24.1296,-0.6683,-21.277,258.202,261.0,261.0,261.0,266.75,up,2026-08-21T10:12:27,0.0,0.0
SPX,2027-08-20,364,Call,7075.0,SPX270820C07075000,1109.5,1114.1,1111.8,1150.46,0.0,0.0,0.0,7.0,0.2077,0.7517,0.0002,24.3615,-0.6012,46.1619,1111.4629,0.0,0.0,0.0,1096.45001220703,up,2026-08-19T14:19:27,0.0,0.0
SPX,2027-08-20,364,Put,7075.0,SPX270820P07075000,262.6,264.2,263.4,262.58,-9.07,-3.33885,2.0,7.0,0.2079,-0.252,0.0002,24.3615,-0.6709,-21.6738,263.0633,262.52,262.58,262.52,271.649993896484,up,2026-08-21T14:23:14,0.0,0.0
SPX,2027-08-20,364,Call,7100.0,SPX270820C07100000,1092.1,1094.9,1093.5,1187.06,0.0,0.0,0.0,18.0,0.2065,0.747,0.0002,24.5927,-0.6057,45.9944,1092.5048,0.0,0.0,0.0,1077.64996337891,up,2026-08-17T12:17:18,0.0,0.0
SPX,2027-08-20,364,Put,7100.0,SPX270820P07100000,267.5,269.0,268.25,267.94,-8.76,-3.16588,5.0,52.0,0.2067,-0.2566,0.0002,24.5927,-0.6734,-22.0795,268.0166,267.94,267.94,267.94,276.699996948242,down,2026-08-21T14:11:45,0.0,0.0
SPX,2027-08-20,364,Call,7125.0,SPX270820C07125000,1073.2,1076.2,1074.7,1168.48,0.0,0.0,0.0,23.0,0.2054,0.7423,0.0002,24.8225,-0.61,45.8186,1073.641,0.0,0.0,0.0,1058.84997558594,no_change,2026-08-17T12:18:41,0.0,0.0
SPX,2027-08-20,364,Put,7125.0,SPX270820P07125000,272.6,274.2,273.4,270.15,0.0,0.0,0.0,31.0,0.2056,-0.2614,0.0002,24.8225,-0.6758,-22.4935,273.064,0.0,0.0,0.0,281.850006103516,up,2026-08-19T11:15:25,0.0,0.0
SPX,2027-08-20,364,Call,7150.0,SPX270820C07150000,1054.5,1057.2,1055.85,1146.38,0.0,0.0,0.0,23.0,0.2043,0.7375,0.0002,25.0502,-0.6143,45.6358,1054.8733,0.0,0.0,0.0,1040.19995117188,no_change,2026-08-10T10:14:28,0.0,0.0
SPX,2027-08-20,364,Put,7150.0,SPX270820P07150000,277.7,279.2,278.45,283.5,0.0,0.0,0.0,67.0,0.2044,-0.2661,0.0002,25.0502,-0.6781,-22.9144,278.2077,0.0,0.0,0.0,287.049987792969,no_change,2026-08-18T14:25:12,0.0,0.0
SPX,2027-08-20,364,Call,7175.0,SPX270820C07175000,1035.8,1038.8,1037.3,1135.06,0.0,0.0,0.0,11.0,0.2031,0.7326,0.0002,25.2751,-0.6184,45.4467,1036.2036,0.0,0.0,0.0,1021.60000610352,up,2026-08-14T15:11:28,0.0,0.0
SPX,2027-08-20,364,Put,7175.0,SPX270820P07175000,282.9,284.6,283.75,277.7,0.0,0.0,0.0,44.0,0.2033,-0.271,0.0002,25.2751,-0.6802,-23.3417,283.4494,0.0,0.0,0.0,292.449996948242,down,2026-08-17T12:00:53,0.0,0.0
SPX,2027-08-20,364,Call,7200.0,SPX270820C07200000,1017.2,1020.0,1018.6,1107.82,0.0,0.0,0.0,3.0,0.2019,0.7277,0.0002,25.4969,-0.6224,45.2528,1017.6333,0.0,0.0,0.0,1003.14999389648,down,2026-08-17T11:50:35,0.0,0.0
SPX,2027-08-20,364,Put,7200.0,SPX270820P07200000,288.3,289.8,289.05,297.3,0.0,0.0,0.0,20.0,0.2021,-0.276,0.0002,25.4969,-0.6822,-23.7739,288.7905,0.0,0.0,0.0,297.900009155273,up,2026-08-20T15:08:59,0.0,0.0
SPX,2027-08-20,364,Call,7225.0,SPX270820C07225000,998.8,1001.8,1000.3,1113.34,0.0,0.0,0.0,1.0,0.2009,0.7227,0.0002,25.7155,-0.6262,45.0543,999.1638,0.0,0.0,0.0,984.850006103516,down,2026-08-13T10:08:30,0.0,0.0
SPX,2027-08-20,364,Put,7225.0,SPX270820P07225000,293.7,295.3,294.5,287.05,0.0,0.0,0.0,9.0,0.201,-0.281,0.0002,25.7155,-0.6841,-24.2105,294.2323,0.0,0.0,0.0,303.399993896484,up,2026-08-14T11:09:30,0.0,0.0
SPX,2027-08-20,364,Call,7250.0,SPX270820C07250000,980.4,983.1,981.75,1019.81,0.0,0.0,0.0,2.0,0.1998,0.7176,0.0002,25.931,-0.6299,44.8513,980.7962,0.0,0.0,0.0,966.549987792969,down,2026-08-19T13:38:53,0.0,0.0
SPX,2027-08-20,364,Put,7250.0,SPX270820P07250000,299.2,300.8,300.0,308.68,0.0,0.0,0.0,569.0,0.1998,-0.2861,0.0002,25.931,-0.6859,-24.6516,299.7761,0.0,0.0,0.0,309.149993896484,down,2026-08-20T15:14:05,0.0,0.0
SPX,2027-08-20,364,Call,7275.0,SPX270820C07275000,962.1,965.2,963.6500000000001,962.08,0.0,0.0,0.0,2.0,0.1986,0.7124,0.0002,26.1437,-0.6335,44.6431,962.5318,0.0,0.0,0.0,948.449981689453,down,2026-08-20T13:51:40,0.0,0.0
SPX,2027-08-20,364,Put,7275.0,SPX270820P07275000,305.0,306.5,305.75,304.8,-9.95,-3.16124,21.0,9.0,0.1988,-0.2913,0.0002,26.1437,-0.6875,-25.098,305.4231,308.2,309.3,302.6,314.75,up,2026-08-21T15:59:31,0.0,0.0
SPX,2027-08-20,364,Call,7300.0,SPX270820C07300000,944.0,946.7,945.35,944.1,0.0,0.0,0.0,29.0,0.1975,0.7071,0.0002,26.354,-0.6369,44.4283,944.3727,0.0,0.0,0.0,930.300018310547,down,2026-08-20T13:51:40,0.0,0.0
SPX,2027-08-20,364,Put,7300.0,SPX270820P07300000,310.7,312.1,311.4,310.6,-10.05,-3.13426,9.0,132.0,0.1976,-0.2966,0.0002,26.354,-0.6889,-25.551,311.1753,308.8,310.6,308.2,320.649993896484,up,2026-08-21T15:59:32,0.0,0.0
SPX,2027-08-20,364,Call,7325.0,SPX270820C07325000,925.9,928.9,927.4,966.35,0.0,0.0,0.0,1.0,0.1964,0.7017,0.0002,26.5624,-0.6402,44.2054,926.321,0.0,0.0,0.0,912.350006103516,up,2026-08-19T13:58:55,0.0,0.0
SPX,2027-08-20,364,Put,7325.0,SPX270820P07325000,316.4,318.0,317.2,316.4,-10.15,-3.10825,11.0,126.0,0.1965,-0.3019,0.0002,26.5624,-0.6903,-26.0121,317.0351,317.8,317.86,314.2,326.550003051758,up,2026-08-21T15:59:32,0.0,0.0
SPX,2027-08-20,364,Call,7350.0,SPX270820C07350000,907.9,910.6,909.25,990.7,0.0,0.0,0.0,5.0,0.1952,0.6963,0.0002,26.7689,-0.6434,43.9729,908.3795,0.0,0.0,0.0,894.550018310547,up,2026-08-10T15:50:34,0.0,0.0
SPX,2027-08-20,364,Put,7350.0,SPX270820P07350000,322.3,323.9,323.1,331.8,0.0,0.0,0.0,145.0,0.1953,-0.3074,0.0002,26.7689,-0.6915,-26.4827,323.0048,0.0,0.0,0.0,332.549987792969,up,2026-08-20T14:48:05,0.0,0.0
SPX,2027-08-20,364,Call,7375.0,SPX270820C07375000,890.0,893.1,891.55,985.67,0.0,0.0,0.0,65.0,0.1941,0.6908,0.0002,26.9732,-0.6464,43.73,890.5512,0.0,0.0,0.0,876.800018310547,up,2026-08-14T13:32:40,0.0,0.0
SPX,2027-08-20,364,Put,7375.0,SPX270820P07375000,328.6,330.0,329.3,329.4,-9.45,-2.78885,7.0,333.0,0.1942,-0.3129,0.0002,26.9733,-0.6925,-26.9639,329.088,329.3,329.4,329.1,338.850006103516,up,2026-08-21T16:01:52,0.0,0.0
SPX,2027-08-20,364,Call,7400.0,SPX270820C07400000,872.3,875.1,873.7,900.18,0.0,0.0,0.0,192.0,0.193,0.6852,0.0002,27.175,-0.6492,43.4762,872.8396,0.0,0.0,0.0,859.200012207031,down,2026-08-18T15:18:47,0.0,0.0
SPX,2027-08-20,364,Put,7400.0,SPX270820P07400000,334.6,336.2,335.4,339.3,-5.5,-1.59512,34.0,233.0,0.1931,-0.3185,0.0002,27.175,-0.6934,-27.4558,335.2876,339.3,339.3,339.3,344.799987792969,down,2026-08-21T09:40:56,0.0,0.0
SPX,2027-08-20,364,Call,7425.0,SPX270820C07425000,854.7,857.8,856.25,936.02,0.0,0.0,0.0,1.0,0.1919,0.6795,0.0002,27.3735,-0.6518,43.2124,855.2477,0.0,0.0,0.0,841.699981689453,up,2026-08-11T09:49:41,0.0,0.0
SPX,2027-08-20,364,Put,7425.0,SPX270820P07425000,340.9,342.5,341.7,345.3,0.0,0.0,0.0,190.0,0.192,-0.3242,0.0002,27.3735,-0.694,-27.9578,341.6071,0.0,0.0,0.0,351.5,down,2026-08-18T14:44:42,0.0,0.0
SPX,2027-08-20,364,Call,7450.0,SPX270820C07450000,837.1,840.0,838.55,927.07,0.0,0.0,0.0,5.0,0.1907,0.6737,0.0002,27.5678,-0.6543,42.9401,837.7787,0.0,0.0,0.0,824.350006103516,down,2026-08-17T11:02:49,0.0,0.0
SPX,2027-08-20,364,Put,7450.0,SPX270820P07450000,347.1,348.9,348.0,338.71,0.0,0.0,0.0,102.0,0.1908,-0.33,0.0002,27.5678,-0.6946,-28.4683,348.0495,0.0,0.0,0.0,357.950012207031,up,2026-08-17T09:57:53,0.0,0.0
SPX,2027-08-20,364,Call,7475.0,SPX270820C07475000,819.7,822.9,821.3,836.71,0.0,0.0,0.0,501.0,0.1897,0.6679,0.0002,27.7573,-0.6566,42.6606,820.4349,0.0,0.0,0.0,807.049987792969,up,2026-08-20T10:38:47,0.0,0.0
SPX,2027-08-20,364,Put,7475.0,SPX270820P07475000,353.8,355.4,354.6,359.2,0.0,0.0,0.0,17.0,0.1897,-0.3358,0.0002,27.7573,-0.6949,-28.986,354.6171,0.0,0.0,0.0,364.699996948242,up,2026-08-20T10:38:47,0.0,0.0
SPX,2027-08-20,364,Call,7500.0,SPX270820C07500000,802.5,805.3,803.9,802.29,12.39,1.56855,4.0,568.0,0.1885,0.6619,0.0003,27.9413,-0.6588,42.3758,803.2186,807.58,807.58,802.29,789.899993896484,down,2026-08-21T14:20:49,0.0,0.0
SPX,2027-08-20,364,Put,7500.0,SPX270820P07500000,360.4,362.0,361.2,360.44,-10.91,-2.93793,4.0,367.0,0.1886,-0.3418,0.0003,27.9413,-0.6951,-29.5089,361.3121,360.35,360.44,360.35,371.350006103516,up,2026-08-21T14:20:49,0.0,0.0
SPX,2027-08-20,364,Call,7525.0,SPX270820C07525000,785.3,788.5,786.9,877.1,0.0,0.0,0.0,503.0,0.1875,0.6558,0.0003,28.1198,-0.6607,42.0865,786.1314,0.0,0.0,0.0,772.950012207031,no_change,2026-08-17T11:29:15,0.0,0.0
SPX,2027-08-20,364,Put,7525.0,SPX270820P07525000,367.2,368.8,368.0,364.0,0.0,0.0,0.0,7.0,0.1875,-0.3478,0.0003,28.1198,-0.6951,-30.0364,368.1363,0.0,0.0,0.0,378.300003051758,up,2026-08-19T14:51:54,0.0,0.0
SPX,2027-08-20,364,Call,7550.0,SPX270820C07550000,768.3,771.2,769.75,664.22,0.0,0.0,0.0,1.0,0.1863,0.6497,0.0003,28.2927,-0.6625,41.7925,769.1753,0.0,0.0,0.0,755.850006103516,up,2026-07-24T12:15:50,0.0,0.0
SPX,2027-08-20,364,Put,7550.0,SPX270820P07550000,374.0,375.7,374.85,383.8,0.0,0.0,0.0,7.0,0.1863,-0.3539,0.0003,28.2927,-0.6949,-30.5686,375.0915,0.0,0.0,0.0,385.300003051758,up,2026-08-20T14:49:31,0.0,0.0
SPX,2027-08-20,364,Call,7575.0,SPX270820C07575000,751.7,753.8,752.75,838.02,0.0,0.0,0.0,805.0,0.1852,0.6435,0.0003,28.4603,-0.6641,41.4927,752.3524,0.0,0.0,0.0,739.0,up,2026-08-10T11:16:46,0.0,0.0
SPX,2027-08-20,364,Put,7575.0,SPX270820P07575000,381.1,382.7,381.9,388.11,0.0,0.0,0.0,11.0,0.1852,-0.3602,0.0003,28.4603,-0.6945,-31.1066,382.18,0.0,0.0,0.0,392.5,down,2026-08-20T13:55:49,0.0,0.0
SPX,2027-08-20,364,Call,7600.0,SPX270820C07600000,735.0,737.1,736.05,734.74,12.19,1.68708,4.0,1098.0,0.1841,0.6372,0.0003,28.6229,-0.6655,41.185,735.6653,737.06,737.06,734.74,722.549987792969,down,2026-08-21T14:20:49,0.0,0.0
SPX,2027-08-20,364,Put,7600.0,SPX270820P07600000,388.2,389.9,389.04999999999995,388.6,-11.15,-2.78924,204.0,219.0,0.1841,-0.3665,0.0003,28.6229,-0.694,-31.6525,389.4043,388.37,388.74,386.6,399.75,no_change,2026-08-21T15:59:40,0.0,0.0
SPX,2027-08-20,364,Call,7625.0,SPX270820C07625000,718.4,720.5,719.45,717.93,11.93,1.6898,1.0,804.0,0.183,0.6308,0.0003,28.7806,-0.6667,40.8673,719.1177,717.93,717.93,717.93,706.0,down,2026-08-21T09:38:09,0.0,0.0
SPX,2027-08-20,364,Put,7625.0,SPX270820P07625000,395.6,397.2,396.4,400.75,-6.45,-1.58399,1.0,81.0,0.183,-0.3729,0.0003,28.7806,-0.6932,-32.2084,396.768,400.75,400.75,400.75,407.199996948242,down,2026-08-21T09:38:09,0.0,0.0
SPX,2027-08-20,364,Call,7650.0,SPX270820C07650000,701.9,704.1,703.0,706.75,16.95,2.45724,370.0,685.0,0.1819,0.6243,0.0003,28.9332,-0.6677,40.5379,702.7136,701.57,708.83,699.67,689.799987792969,no_change,2026-08-21T15:44:24,0.0,0.0
SPX,2027-08-20,364,Put,7650.0,SPX270820P07650000,403.1,404.7,403.9,406.9,-7.85,-1.89271,3.0,13.0,0.1819,-0.3793,0.0003,28.9332,-0.6922,-32.7759,404.2753,408.14,408.14,406.9,414.75,down,2026-08-21T10:10:42,0.0,0.0
SPX,2027-08-20,364,Call,7675.0,SPX270820C07675000,685.7,687.8,686.75,686.73,13.18,1.95679,1085.0,1007.0,0.1809,0.6178,0.0003,29.0803,-0.6685,40.1962,686.4575,686.72,690.35,686.72,673.550018310547,down,2026-08-21T16:03:23,0.0,0.0
SPX,2027-08-20,364,Put,7675.0,SPX270820P07675000,410.8,412.3,411.55,410.1,-12.4,-2.93491,112.0,16.0,0.1808,-0.3859,0.0003,29.0803,-0.6911,-33.3558,411.9306,414.3,416.2,407.1,422.5,no_change,2026-08-21T15:57:17,0.0,0.0
SPX,2027-08-20,364,Call,7700.0,SPX270820C07700000,669.5,671.7,670.6,673.0,15.45,2.34963,176.0,3559.0,0.1798,0.6111,0.0003,29.2214,-0.6691,39.8427,670.3539,669.55,675.39,669.35,657.550018310547,no_change,2026-08-21T15:28:35,0.0,0.0
SPX,2027-08-20,364,Put,7700.0,SPX270820P07700000,418.5,420.1,419.3,417.3,-13.2,-3.0662,74.0,458.0,0.1797,-0.3926,0.0003,29.2214,-0.6897,-33.9475,419.7383,422.2,422.2,414.8,430.5,down,2026-08-21T15:58:20,0.0,0.0
SPX,2027-08-20,364,Call,7725.0,SPX270820C07725000,653.6,655.8,654.7,699.23,0.0,0.0,0.0,1548.0,0.1787,0.6043,0.0003,29.3556,-0.6695,39.4797,654.4072,0.0,0.0,0.0,641.599975585938,no_change,2026-08-19T12:10:34,0.0,0.0
SPX,2027-08-20,364,Put,7725.0,SPX270820P07725000,426.4,428.0,427.2,429.9,0.0,0.0,0.0,94.0,0.1787,-0.3993,0.0003,29.3556,-0.6881,-34.5486,427.7029,0.0,0.0,0.0,438.449996948242,down,2026-08-18T13:31:57,0.0,0.0
SPX,2027-08-20,364,Call,7750.0,SPX270820C07750000,637.8,640.0,638.9,636.21,10.01,1.59853,4.0,3206.0,0.1776,0.5975,0.0003,29.4823,-0.6696,39.1092,638.6205,636.21,636.21,636.21,626.200012207031,down,2026-08-21T09:39:14,0.0,0.0
SPX,2027-08-20,364,Put,7750.0,SPX270820P07750000,434.5,436.1,435.3,435.3,-11.45,-2.56295,1.0,294.0,0.1776,-0.4062,0.0003,29.4823,-0.6863,-35.1573,435.8276,435.3,435.3,435.3,446.75,down,2026-08-21T16:01:43,0.0,0.0
SPX,2027-08-20,364,Call,7775.0,SPX270820C07775000,622.1,624.3,623.2,633.75,0.0,0.0,0.0,1762.0,0.1766,0.5906,0.0003,29.601,-0.6696,38.7339,622.9971,0.0,0.0,0.0,610.649993896484,down,2026-08-20T09:30:08,0.0,0.0
SPX,2027-08-20,364,Put,7775.0,SPX270820P07775000,442.9,444.4,443.65,443.7,-11.5,-2.52636,7.0,88.0,0.1765,-0.4131,0.0003,29.601,-0.6842,-35.7708,444.1157,442.29,443.7,441.19,455.199996948242,up,2026-08-21T16:01:44,0.0,0.0
SPX,2027-08-20,364,Call,7800.0,SPX270820C07800000,606.7,608.9,607.8,606.25,10.85,1.8223,131.0,1232.0,0.1755,0.5836,0.0003,29.7116,-0.6693,38.3547,607.5395,604.67,608.86,604.67,595.400024414062,up,2026-08-21T14:45:14,0.0,0.0
SPX,2027-08-20,364,Put,7800.0,SPX270820P07800000,451.2,452.8,452.0,451.9,-11.8,-2.54475,4.0,852.0,0.1754,-0.4201,0.0003,29.7116,-0.682,-36.3881,452.5693,452.49,452.49,451.9,463.699996948242,down,2026-08-21T16:01:44,0.0,0.0
SPX,2027-08-20,364,Call,7825.0,SPX270820C07825000,591.4,593.6,592.5,617.9,0.0,0.0,0.0,159.0,0.1745,0.5765,0.0003,29.8138,-0.6688,37.9713,592.25,0.0,0.0,0.0,580.199981689453,down,2026-08-18T15:17:18,0.0,0.0
SPX,2027-08-20,364,Put,7825.0,SPX270820P07825000,459.7,461.5,460.6,443.57,0.0,0.0,0.0,49.0,0.1744,-0.4272,0.0003,29.8138,-0.6795,-37.0097,461.1912,0.0,0.0,0.0,472.349990844727,up,2026-08-17T12:25:48,0.0,0.0
SPX,2027-08-20,364,Call,7850.0,SPX270820C07850000,576.3,578.5,577.4,577.43,12.13,2.14577,49.0,5.0,0.1734,0.5693,0.0003,29.9078,-0.668,37.5818,577.1319,576.36,577.43,576.36,565.299987792969,up,2026-08-21T16:03:23,0.0,0.0
SPX,2027-08-20,364,Put,7850.0,SPX270820P07850000,468.5,470.3,469.4,473.54,0.0,0.0,0.0,103.0,0.1733,-0.4344,0.0003,29.9078,-0.6768,-37.6374,469.9845,0.0,0.0,0.0,481.350006103516,no_change,2026-08-18T10:44:20,0.0,0.0
SPX,2027-08-20,364,Call,7875.0,SPX270820C07875000,561.4,563.6,562.5,626.49,0.0,0.0,0.0,1.0,0.1724,0.562,0.0003,29.9934,-0.6671,37.1832,562.1893,0.0,0.0,0.0,550.449981689453,down,2026-08-17T16:07:12,0.0,0.0
SPX,2027-08-20,364,Put,7875.0,SPX270820P07875000,477.6,479.2,478.4,478.3,-12.1,-2.46737,8.0,7.0,0.1723,-0.4416,0.0003,29.9934,-0.6739,-38.2742,478.9534,478.0,478.3,477.5,490.399993896484,up,2026-08-21T16:01:44,0.0,0.0
SPX,2027-08-20,364,Call,7900.0,SPX270820C07900000,546.6,548.9,547.75,544.62,0.0,0.0,0.0,539.0,0.1713,0.5547,0.0003,30.0704,-0.6659,36.773,547.4271,0.0,0.0,0.0,535.950012207031,down,2026-08-20T13:38:40,0.0,0.0
SPX,2027-08-20,364,Put,7900.0,SPX270820P07900000,486.6,488.4,487.5,495.33,0.0,0.0,0.0,23.0,0.1713,-0.449,0.0003,30.0704,-0.6708,-38.9225,488.1024,0.0,0.0,0.0,499.800003051758,up,2026-08-20T13:38:40,0.0,0.0
SPX,2027-08-20,364,Call,7925.0,SPX270820C07925000,532.1,534.4,533.25,575.32,0.0,0.0,0.0,7.0,0.1704,0.5472,0.0003,30.1384,-0.6645,36.3499,532.851,0.0,0.0,0.0,521.449981689453,down,2026-08-19T09:46:02,0.0,0.0
SPX,2027-08-20,364,Put,7925.0,SPX270820P07925000,495.9,497.8,496.85,489.57,0.0,0.0,0.0,32.0,0.1703,-0.4564,0.0003,30.1384,-0.6674,-39.5838,497.4377,0.0,0.0,0.0,509.100006103516,up,2026-08-19T09:46:02,0.0,0.0
SPX,2027-08-20,364,Call,7950.0,SPX270820C07950000,517.7,520.0,518.85,549.14,0.0,0.0,0.0,35.0,0.1693,0.5397,0.0003,30.197,-0.6628,35.9143,518.4667,0.0,0.0,0.0,507.349990844727,down,2026-08-18T12:19:06,0.0,0.0
SPX,2027-08-20,364,Put,7950.0,SPX270820P07950000,505.6,507.3,506.45000000000005,506.7,-12.25,-2.36054,19.0,62.0,0.1692,-0.4639,0.0003,30.197,-0.6637,-40.2576,506.9648,506.3,506.7,505.6,518.950012207031,up,2026-08-21T16:01:49,0.0,0.0
SPX,2027-08-20,364,Call,7975.0,SPX270820C07975000,503.6,505.9,504.75,509.03,15.88,3.22012,80.0,32.0,0.1684,0.5321,0.0003,30.2455,-0.6609,35.4689,504.2796,509.03,509.03,509.03,493.149993896484,no_change,2026-08-21T13:07:20,0.0,0.0
SPX,2027-08-20,364,Put,7975.0,SPX270820P07975000,515.1,517.1,516.1,512.9,-15.8,-2.98846,462.0,14.0,0.1682,-0.4715,0.0003,30.2455,-0.6599,-40.9412,516.6891,514.65,514.65,512.9,528.699981689453,down,2026-08-21T15:07:33,0.0,0.0
SPX,2027-08-20,364,Call,8000.0,SPX270820C08000000,489.6,491.9,490.75,490.6,11.3,2.3576,7.0,402.0,0.1674,0.5245,0.0003,30.2838,-0.6588,35.0167,490.2942,494.31,505.59,490.6,479.300003051758,down,2026-08-21T14:03:14,0.0,0.0
SPX,2027-08-20,364,Put,8000.0,SPX270820P08000000,525.2,527.0,526.1,525.5,-13.2,-2.45035,7.0,143.0,0.1672,-0.4792,0.0003,30.2838,-0.6558,-41.6316,526.615,524.53,525.7,519.61,538.700012207031,down,2026-08-21T14:00:30,0.0,0.0
SPX,2027-08-20,364,Call,8025.0,SPX270820C08025000,475.9,478.2,477.04999999999995,491.57,0.0,0.0,0.0,25.0,0.1665,0.5168,0.0003,30.3118,-0.6564,34.5613,476.5136,0.0,0.0,0.0,465.75,down,2026-08-20T10:38:47,0.0,0.0
SPX,2027-08-20,364,Put,8025.0,SPX270820P08025000,535.3,537.2,536.25,536.1,-12.95,-2.35862,2.0,4.0,0.1663,-0.4869,0.0003,30.3118,-0.6514,-42.3251,536.7457,535.8,536.1,535.8,549.050018310547,up,2026-08-21T14:00:23,0.0,0.0
SPX,2027-08-20,364,Call,8050.0,SPX270820C08050000,462.7,464.6,463.65,465.2,12.9,2.85209,140.0,56.0,0.1655,0.509,0.0003,30.3293,-0.6538,34.1042,462.9407,465.2,465.2,465.2,452.300003051758,no_change,2026-08-21T15:28:35,0.0,0.0
SPX,2027-08-20,364,Put,8050.0,SPX270820P08050000,545.6,547.6,546.6,543.2,-16.25,-2.90464,22.0,0.0,0.1653,-0.4947,0.0003,30.3293,-0.6469,-43.0204,547.0842,546.4,546.4,543.2,559.450012207031,down,2026-08-21T15:07:32,0.0,0.0
SPX,2027-08-20,364,Call,8075.0,SPX270820C08075000,449.3,451.0,450.15,455.03,15.98,3.63968,14.0,294.0,0.1646,0.5011,0.0003,30.3362,-0.6509,33.6445,449.5782,455.03,455.03,455.03,439.050003051758,up,2026-08-21T13:04:35,0.0,0.0
SPX,2027-08-20,364,Put,8075.0,SPX270820P08075000,556.2,558.1,557.1500000000001,553.6,-16.65,-2.91977,9.0,241.0,0.1644,-0.5026,0.0003,30.3362,-0.6421,-43.7183,557.6331,554.4,554.4,553.6,570.25,down,2026-08-21T15:07:38,0.0,0.0
SPX,2027-08-20,364,Call,8100.0,SPX270820C08100000,436.2,438.3,437.25,440.0,13.9,3.26214,1.0,404.0,0.1636,0.4932,0.0003,30.3321,-0.6479,33.1796,436.4296,440.0,440.0,440.0,426.100006103516,down,2026-08-21T11:00:53,0.0,0.0
SPX,2027-08-20,364,Put,8100.0,SPX270820P08100000,566.8,568.9,567.8499999999999,576.7,0.0,0.0,0.0,33.0,0.1634,-0.5105,0.0003,30.3321,-0.637,-44.4214,568.3958,0.0,0.0,0.0,581.349975585938,up,2026-08-20T10:17:37,0.0,0.0
SPX,2027-08-20,364,Call,8125.0,SPX270820C08125000,423.3,425.4,424.35,422.33,8.98,2.1725,1.0,8.0,0.1627,0.4852,0.0003,30.3164,-0.6446,32.7058,423.4994,422.33,422.33,422.33,413.349990844727,up,2026-08-21T14:24:25,0.0,0.0
SPX,2027-08-20,364,Put,8125.0,SPX270820P08125000,577.7,580.0,578.85,578.28,-14.02,-2.36705,1.0,25.0,0.1625,-0.5185,0.0003,30.3164,-0.6318,-45.1334,579.377,578.28,578.28,578.28,592.300018310547,down,2026-08-21T14:24:25,0.0,0.0
SPX,2027-08-20,364,Call,8150.0,SPX270820C08150000,410.6,412.7,411.65,401.6,0.0,0.0,0.0,386.0,0.1618,0.4772,0.0003,30.2885,-0.641,32.2206,410.7931,0.0,0.0,0.0,400.899993896484,down,2026-08-20T15:52:24,0.0,0.0
SPX,2027-08-20,364,Put,8150.0,SPX270820P08150000,588.9,591.2,590.05,563.18,0.0,0.0,0.0,50.0,0.1615,-0.5265,0.0003,30.2885,-0.6263,-45.8568,590.582,0.0,0.0,0.0,603.5,down,2026-08-14T13:05:04,0.0,0.0
SPX,2027-08-20,364,Call,8175.0,SPX270820C08175000,398.2,400.3,399.25,424.5,0.0,0.0,0.0,23.0,0.1609,0.4691,0.0003,30.248,-0.6373,31.7236,398.3162,0.0,0.0,0.0,388.550003051758,down,2026-08-18T13:52:33,0.0,0.0
SPX,2027-08-20,364,Put,8175.0,SPX270820P08175000,600.3,602.6,601.45,573.78,0.0,0.0,0.0,1.0,0.1607,-0.5346,0.0003,30.248,-0.6205,-46.5919,602.0166,0.0,0.0,0.0,615.199981689453,up,2026-08-17T10:14:16,0.0,0.0
SPX,2027-08-20,364,Call,8200.0,SPX270820C08200000,386.2,387.7,386.95,385.95,9.55,2.5372,21.0,232.0,0.16,0.461,0.0003,30.1946,-0.6333,31.2175,386.0744,385.95,385.95,385.95,376.399993896484,up,2026-08-21T09:41:35,0.0,0.0
SPX,2027-08-20,364,Put,8200.0,SPX270820P08200000,612.0,614.3,613.15,609.94,-16.86,-2.68986,4.0,399.0,0.1598,-0.5427,0.0003,30.1946,-0.6146,-47.3362,613.6859,611.09,611.09,609.88,626.800018310547,up,2026-08-21T15:42:26,0.0,0.0
SPX,2027-08-20,364,Call,8225.0,SPX270820C08225000,374.2,375.8,375.0,375.96,11.41,3.12989,8.0,238.0,0.1591,0.4528,0.0003,30.1288,-0.629,30.706,374.0709,372.8,376.24,372.8,364.550003051758,down,2026-08-21T15:24:21,0.0,0.0
SPX,2027-08-20,364,Put,8225.0,SPX270820P08225000,623.9,626.2,625.05,619.77,0.0,0.0,0.0,7.0,0.1589,-0.5509,0.0003,30.1288,-0.6084,-48.0859,625.594,0.0,0.0,0.0,639.100006103516,down,2026-08-19T09:52:43,0.0,0.0
SPX,2027-08-20,364,Call,8250.0,SPX270820C08250000,362.2,364.3,363.25,375.5,0.0,0.0,0.0,655.0,0.1582,0.4446,0.0003,30.0512,-0.6246,30.1941,362.3085,0.0,0.0,0.0,352.850006103516,no_change,2026-08-20T10:51:38,0.0,0.0
SPX,2027-08-20,364,Put,8250.0,SPX270820P08250000,636.0,638.4,637.2,634.08,0.0,0.0,0.0,3.0,0.158,-0.5591,0.0003,30.0512,-0.602,-48.836,637.7429,0.0,0.0,0.0,651.350006103516,up,2026-08-18T12:41:37,0.0,0.0
SPX,2027-08-20,364,Call,8275.0,SPX270820C08275000,350.7,352.8,351.75,353.2,11.7,3.42606,2.0,20.0,0.1574,0.4364,0.0003,29.9624,-0.6199,29.6839,350.788,360.08,360.08,353.2,341.5,down,2026-08-21T15:07:28,0.0,0.0
SPX,2027-08-20,364,Put,8275.0,SPX270820P08275000,648.4,650.8,649.5999999999999,644.6,-19.3,-2.90706,1.0,0.0,0.1572,-0.5673,0.0003,29.9624,-0.5953,-49.5843,650.1337,644.6,644.6,644.6,663.899993896484,down,2026-08-21T12:03:16,0.0,0.0
SPX,2027-08-20,364,Call,8300.0,SPX270820C08300000,339.7,341.2,340.45,343.96,13.61,4.11987,748.0,2128.0,0.1566,0.4282,0.0003,29.8623,-0.615,29.175,339.5099,339.83,343.96,339.83,330.350006103516,up,2026-08-21T15:45:15,0.0,0.0
SPX,2027-08-20,364,Put,8300.0,SPX270820P08300000,661.1,663.4,662.25,629.26,0.0,0.0,0.0,103.0,0.1564,-0.5755,0.0003,29.8623,-0.5885,-50.3313,662.767,0.0,0.0,0.0,676.649993896484,down,2026-08-17T09:42:46,0.0,0.0
SPX,2027-08-20,364,Call,8325.0,SPX270820C08325000,328.3,330.5,329.4,317.5,0.0,0.0,0.0,27.0,0.1558,0.4199,0.0003,29.7504,-0.61,28.6643,328.4756,0.0,0.0,0.0,319.399993896484,down,2026-08-20T15:57:06,0.0,0.0
SPX,2027-08-20,364,Put,8325.0,SPX270820P08325000,673.9,676.2,675.05,636.35,0.0,0.0,0.0,6.0,0.1556,-0.5838,0.0003,29.7504,-0.5814,-51.0802,675.644,0.0,0.0,0.0,689.600006103516,up,2026-08-13T13:26:59,0.0,0.0
SPX,2027-08-20,364,Call,8350.0,SPX270820C08350000,317.7,319.7,318.7,325.15,0.0,0.0,0.0,165.0,0.155,0.4116,0.0003,29.6256,-0.6047,28.1478,317.6869,0.0,0.0,0.0,308.800003051758,up,2026-08-20T12:00:01,0.0,0.0
SPX,2027-08-20,364,Put,8350.0,SPX270820P08350000,687.0,689.3,688.15,649.32,0.0,0.0,0.0,38.0,0.1547,-0.592,0.0003,29.6256,-0.5742,-51.835,688.7667,0.0,0.0,0.0,702.850006103516,up,2026-08-13T12:43:46,0.0,0.0
SPX,2027-08-20,364,Call,8375.0,SPX270820C08375000,307.2,308.7,307.95,305.97,7.67,2.57124,105.0,7.0,0.1543,0.4034,0.0003,29.4869,-0.5992,27.6228,307.1468,305.97,305.97,305.97,298.300003051758,down,2026-08-21T14:44:47,0.0,0.0
SPX,2027-08-20,364,Put,8375.0,SPX270820P08375000,700.3,702.6,701.45,660.16,0.0,0.0,0.0,1.0,0.154,-0.6003,0.0003,29.4869,-0.5668,-52.5982,702.138,0.0,0.0,0.0,716.300018310547,down,2026-08-13T14:17:53,0.0,0.0
SPX,2027-08-20,364,Call,8400.0,SPX270820C08400000,296.8,298.5,297.65,296.55,8.4,2.91515,12.0,744.0,0.1534,0.3951,0.0003,29.3337,-0.5935,27.0896,296.8579,296.55,296.55,296.55,288.149993896484,down,2026-08-21T09:42:22,0.0,0.0
SPX,2027-08-20,364,Put,8400.0,SPX270820P08400000,713.8,716.2,715.0,695.2,0.0,0.0,0.0,110.0,0.1532,-0.6085,0.0003,29.3337,-0.5591,-53.3695,715.7605,0.0,0.0,0.0,729.900024414062,up,2026-08-19T11:26:09,0.0,0.0
SPX,2027-08-20,364,Call,8425.0,SPX270820C08425000,286.5,288.7,287.6,280.15,0.0,0.0,0.0,80.0,0.1528,0.3869,0.0003,29.1667,-0.5877,26.5519,286.8219,0.0,0.0,0.0,278.199996948242,down,2026-08-20T15:11:20,0.0,0.0
SPX,2027-08-20,364,Put,8425.0,SPX270820P08425000,727.7,730.0,728.85,689.45,0.0,0.0,0.0,76.0,0.1525,-0.6168,0.0003,29.1667,-0.5513,-54.1454,729.6358,0.0,0.0,0.0,744.049987792969,up,2026-08-14T13:32:40,0.0,0.0
SPX,2027-08-20,364,Call,8450.0,SPX270820C08450000,276.8,278.9,277.85,295.86,0.0,0.0,0.0,60.0,0.152,0.3787,0.0003,28.9871,-0.5816,26.0147,277.0384,0.0,0.0,0.0,268.649993896484,down,2026-08-18T15:53:47,0.0,0.0
SPX,2027-08-20,364,Put,8450.0,SPX270820P08450000,741.7,744.0,742.85,738.49,0.0,0.0,0.0,102.0,0.1517,-0.625,0.0003,28.9871,-0.5433,-54.9208,743.7637,0.0,0.0,0.0,758.099975585938,no_change,2026-08-18T10:44:20,0.0,0.0
SPX,2027-08-20,364,Call,8475.0,SPX270820C08475000,267.2,269.3,268.25,291.84,0.0,0.0,0.0,50.0,0.1513,0.3705,0.0003,28.7967,-0.5754,25.4825,267.5053,0.0,0.0,0.0,259.050003051758,down,2026-08-18T12:25:21,0.0,0.0
SPX,2027-08-20,364,Put,8475.0,SPX270820P08475000,756.1,758.3,757.2,0.0,0.0,0.0,0.0,0.0,0.151,-0.6332,0.0003,28.7967,-0.5351,-55.6911,758.1419,0.0,0.0,0.0,772.600006103516,no_change,,0.0,0.0
SPX,2027-08-20,364,Call,8500.0,SPX270820C08500000,257.9,259.9,258.9,260.62,10.62,4.248,2.0,980.0,0.1506,0.3623,0.0003,28.5967,-0.569,24.9567,258.2192,258.74,260.62,258.74,250.0,up,2026-08-21T15:00:21,0.0,0.0
SPX,2027-08-20,364,Put,8500.0,SPX270820P08500000,770.7,772.9,771.8,766.81,-20.49,-2.60257,2.0,4.0,0.1503,-0.6413,0.0003,28.5967,-0.5267,-56.4551,772.7672,771.13,771.13,766.81,787.300018310547,down,2026-08-21T15:00:21,0.0,0.0
SPX,2027-08-20,364,Call,8525.0,SPX270820C08525000,248.8,250.5,249.65,247.9,6.9,2.86307,22.0,94.0,0.15,0.3542,0.0003,28.3871,-0.5624,24.4354,249.1768,258.36,258.44,247.9,241.0,down,2026-08-21T14:45:14,0.0,0.0
SPX,2027-08-20,364,Put,8525.0,SPX270820P08525000,785.4,788.4,786.9,0.0,0.0,0.0,0.0,0.0,0.1497,-0.6494,0.0003,28.3871,-0.5182,-57.2146,787.6361,0.0,0.0,0.0,802.199981689453,no_change,,0.0,0.0
SPX,2027-08-20,364,Call,8550.0,SPX270820C08550000,240.2,241.5,240.85,241.2,8.85,3.80891,16.0,133.0,0.1493,0.3461,0.0003,28.1669,-0.5557,23.9144,240.3755,240.3,248.1,238.7,232.350006103516,down,2026-08-21T15:55:00,0.0,0.0
SPX,2027-08-20,364,Put,8550.0,SPX270820P08550000,800.4,803.2,801.8,793.66,0.0,0.0,0.0,4.0,0.149,-0.6575,0.0003,28.1669,-0.5095,-57.9737,802.7462,0.0,0.0,0.0,817.399993896484,up,2026-08-18T15:18:47,0.0,0.0
SPX,2027-08-20,364,Call,8575.0,SPX270820C08575000,231.5,233.1,232.3,234.6,10.75,4.80232,28.0,27.0,0.1487,0.3381,0.0003,27.9344,-0.5489,23.3901,231.814,232.0,237.1,230.2,223.850006103516,up,2026-08-21T15:59:01,0.0,0.0
SPX,2027-08-20,364,Put,8575.0,SPX270820P08575000,815.7,818.5,817.1,0.0,0.0,0.0,0.0,0.0,0.1484,-0.6656,0.0003,27.9344,-0.5007,-58.7362,818.0961,0.0,0.0,0.0,832.850006103516,no_change,,0.0,0.0
SPX,2027-08-20,364,Call,8600.0,SPX270820C08600000,223.2,224.6,223.89999999999998,226.5,10.8,5.00696,9.0,411.0,0.1481,0.3301,0.0003,27.6884,-0.5419,22.8612,223.4914,224.7,227.5,224.4,215.699996948242,up,2026-08-21T15:59:32,0.0,0.0
SPX,2027-08-20,364,Put,8600.0,SPX270820P08600000,831.2,834.0,832.6,803.39,0.0,0.0,0.0,1.0,0.1478,-0.6735,0.0003,27.6884,-0.4917,-59.5033,833.6848,0.0,0.0,0.0,848.5,down,2026-08-11T13:50:56,0.0,0.0
SPX,2027-08-20,364,Call,8625.0,SPX270820C08625000,215.1,216.5,215.8,218.1,10.35,4.98195,63.0,272.0,0.1476,0.3222,0.0003,27.429,-0.5347,22.3302,215.4061,216.6,219.3,216.0,207.75,up,2026-08-21T15:59:32,0.0,0.0
SPX,2027-08-20,364,Put,8625.0,SPX270820P08625000,847.0,849.9,848.45,836.96,0.0,0.0,0.0,2.0,0.1472,-0.6814,0.0003,27.429,-0.4826,-60.2725,849.5109,0.0,0.0,0.0,864.5,down,2026-08-18T15:24:51,0.0,0.0
SPX,2027-08-20,364,Call,8650.0,SPX270820C08650000,207.1,209.0,208.05,200.92,0.0,0.0,0.0,160.0,0.147,0.3144,0.0003,27.1577,-0.5274,21.8014,207.5553,0.0,0.0,0.0,200.050003051758,down,2026-08-20T15:40:32,0.0,0.0
SPX,2027-08-20,364,Put,8650.0,SPX270820P08650000,863.0,865.8,864.4,863.92,-16.68,-1.89416,1.0,4.0,0.1466,-0.6893,0.0003,27.1577,-0.4734,-61.0394,865.5715,863.92,863.92,863.92,880.600006103516,up,2026-08-21T14:13:23,0.0,0.0
SPX,2027-08-20,364,Call,8675.0,SPX270820C08675000,199.5,201.3,200.4,193.27,0.0,0.0,0.0,38.0,0.1464,0.3066,0.0003,26.877,-0.52,21.2804,199.9343,0.0,0.0,0.0,192.449996948242,up,2026-08-20T15:41:09,0.0,0.0
SPX,2027-08-20,364,Put,8675.0,SPX270820P08675000,879.3,882.3,880.8,0.0,0.0,0.0,0.0,0.0,0.1461,-0.697,0.0003,26.877,-0.464,-61.7987,881.8618,0.0,0.0,0.0,897.0,no_change,,0.0,0.0
SPX,2027-08-20,364,Call,8700.0,SPX270820C08700000,192.0,193.9,192.95,191.36,6.16,3.32614,3.0,1058.0,0.1459,0.2989,0.0003,26.5892,-0.5125,20.7691,192.5373,191.19,191.39,191.19,185.199996948242,down,2026-08-21T14:23:27,0.0,0.0
SPX,2027-08-20,364,Put,8700.0,SPX270820P08700000,895.7,898.5,897.1,896.58,-17.02,-1.86296,1.0,4.0,0.1455,-0.7047,0.0003,26.5892,-0.4545,-62.5481,898.3762,896.58,896.58,896.58,913.600006103516,up,2026-08-21T14:13:23,0.0,0.0
SPX,2027-08-20,364,Call,8750.0,SPX270820C08750000,178.1,179.4,178.75,180.3,8.95,5.22323,95.0,337.0,0.1449,0.2838,0.0003,25.9948,-0.4972,19.7692,178.3932,178.5,186.3,176.1,171.349998474121,down,2026-08-21T15:59:35,0.0,0.0
SPX,2027-08-20,364,Put,8750.0,SPX270820P08750000,929.4,932.1,930.75,950.85,0.0,0.0,0.0,2.0,0.1444,-0.7199,0.0003,25.9948,-0.4352,-64.0244,932.0548,0.0,0.0,0.0,947.5,up,2026-08-20T16:04:55,0.0,0.0
SPX,2027-08-20,364,Call,8800.0,SPX270820C08800000,164.8,166.1,165.45,167.5,9.15,5.77834,100.0,882.0,0.1439,0.269,0.0003,25.3665,-0.4814,18.7752,165.0896,163.7,167.6,163.7,158.349998474121,up,2026-08-21T15:59:32,0.0,0.0
SPX,2027-08-20,364,Put,8800.0,SPX270820P08800000,963.9,966.7,965.3,959.1,-23.2,-2.3618,1.0,3.0,0.1435,-0.7347,0.0003,25.3665,-0.4156,-65.4947,966.574,959.1,959.1,959.1,982.299987792969,up,2026-08-21T15:41:58,0.0,0.0
SPX,2027-08-20,364,Call,8850.0,SPX270820C08850000,152.3,153.8,153.05,166.3,0.0,0.0,0.0,30.0,0.143,0.2546,0.0003,24.6958,-0.4653,17.7851,152.6045,0.0,0.0,0.0,146.150001525879,up,2026-08-19T15:59:35,0.0,0.0
SPX,2027-08-20,364,Put,8850.0,SPX270820P08850000,998.3,1002.0,1000.15,0.0,0.0,0.0,0.0,0.0,0.1425,-0.7491,0.0003,24.6958,-0.3956,-66.9612,1001.9115,0.0,0.0,0.0,1017.89999389648,no_change,,0.0,0.0
SPX,2027-08-20,364,Call,8900.0,SPX270820C08900000,140.6,142.0,141.3,141.9,6.85,5.0722,24.0,539.0,0.1422,0.2405,0.0003,23.9957,-0.449,16.829,140.9046,146.86,146.86,141.9,135.049995422363,down,2026-08-21T15:40:41,0.0,0.0
SPX,2027-08-20,364,Put,8900.0,SPX270820P08900000,1034.4,1038.2,1036.3000000000002,992.42,0.0,0.0,0.0,1.0,0.1417,-0.7631,0.0003,23.9957,-0.3753,-68.3936,1038.0343,0.0,0.0,0.0,1054.29998779297,down,2026-08-04T15:59:17,0.0,0.0
SPX,2027-08-20,364,Call,8950.0,SPX270820C08950000,129.7,131.1,130.39999999999998,132.5,8.1,6.51126,304.0,1121.0,0.1415,0.2269,0.0003,23.2839,-0.4324,15.9149,129.9449,131.0,132.5,130.6,124.399997711182,no_change,2026-08-21T15:48:36,0.0,0.0
SPX,2027-08-20,364,Put,8950.0,SPX270820P08950000,1071.2,1075.1,1073.15,1019.96,0.0,0.0,0.0,10.0,0.1409,-0.7767,0.0003,23.2839,-0.3548,-69.7841,1074.8973,0.0,0.0,0.0,1091.45001220703,down,2026-08-10T16:05:01,0.0,0.0
SPX,2027-08-20,364,Call,9000.0,SPX270820C09000000,119.6,120.9,120.25,122.1,7.6,6.63755,32.0,2015.0,0.1407,0.2138,0.0003,22.5562,-0.4158,15.0186,119.6908,120.3,122.1,120.3,114.5,no_change,2026-08-21T15:49:38,0.0,0.0
SPX,2027-08-20,364,Put,9000.0,SPX270820P09000000,1108.7,1112.7,1110.7,1111.91,0.0,0.0,0.0,3.0,0.1401,-0.7899,0.0003,22.5562,-0.3342,-71.1567,1112.466,0.0,0.0,0.0,1129.35003662109,up,2026-08-20T12:19:03,0.0,0.0
SPX,2027-08-20,364,Call,9050.0,SPX270820C09050000,110.1,111.4,110.75,111.0,6.0,5.71429,11.0,815.0,0.14,0.2011,0.0003,21.8007,-0.399,14.1343,110.1203,110.8,111.0,110.8,105.0,up,2026-08-21T15:41:07,0.0,0.0
SPX,2027-08-20,364,Put,9050.0,SPX270820P09050000,1147.0,1151.0,1149.0,0.0,0.0,0.0,0.0,0.0,0.1394,-0.8026,0.0003,21.8007,-0.3135,-72.5174,1150.7183,0.0,0.0,0.0,1167.90002441406,no_change,,0.0,0.0
SPX,2027-08-20,364,Call,9100.0,SPX270820C09100000,101.2,102.5,101.85,96.28,0.0,0.0,0.0,108.0,0.1394,0.1889,0.0003,21.0262,-0.3822,13.2873,101.204,0.0,0.0,0.0,96.4500007629394,down,2026-08-20T15:44:23,0.0,0.0
SPX,2027-08-20,364,Put,9100.0,SPX270820P09100000,1185.9,1189.9,1187.9,0.0,0.0,0.0,0.0,0.0,0.1387,-0.8148,0.0003,21.0262,-0.2928,-73.8408,1189.6247,0.0,0.0,0.0,1207.04998779297,no_change,,0.0,0.0
SPX,2027-08-20,364,Call,9200.0,SPX270820C09200000,85.3,86.5,85.9,81.13,0.0,0.0,0.0,402.0,0.1382,0.1659,0.0002,19.4803,-0.349,11.7117,85.1806,0.0,0.0,0.0,81.0,down,2026-08-20T15:43:59,0.0,0.0
SPX,2027-08-20,364,Put,9200.0,SPX270820P09200000,1265.4,1269.6,1267.5,0.0,0.0,0.0,0.0,0.0,0.1374,-0.8378,0.0002,19.4803,-0.2517,-76.3691,1269.2467,0.0,0.0,0.0,1287.29998779297,no_change,,0.0,0.0
SPX,2027-08-20,364,Call,9300.0,SPX270820C09300000,71.5,72.7,72.1,70.88,3.18,4.69719,4.0,70.0,0.1371,0.1449,0.0002,17.9079,-0.3164,10.2344,71.3929,70.87,70.88,70.87,67.7000007629394,up,2026-08-21T14:23:27,0.0,0.0
SPX,2027-08-20,364,Put,9300.0,SPX270820P09300000,1347.2,1351.5,1349.35,0.0,0.0,0.0,0.0,2.0,0.1362,-0.8588,0.0002,17.9079,-0.2113,-78.7991,1351.1044,0.0,0.0,0.0,1369.60003662109,no_change,,0.0,0.0
SPX,2027-08-20,364,Call,9400.0,SPX270820C09400000,59.6,60.7,60.150000000000006,61.13,4.83,8.57904,1.0,170.0,0.136,0.1258,0.0002,16.3653,-0.285,8.9186,59.603,61.13,61.13,61.13,56.3000011444092,up,2026-08-21T12:45:05,0.0,0.0
SPX,2027-08-20,364,Put,9400.0,SPX270820P09400000,1430.8,1435.3,1433.05,0.0,0.0,0.0,0.0,2.0,0.135,-0.8778,0.0002,16.3653,-0.172,-81.0676,1434.96,0.0,0.0,0.0,1453.84997558594,no_change,,0.0,0.0
SPX,2027-08-20,364,Call,9500.0,SPX270820C09500000,49.5,50.5,50.0,50.78,4.13,8.85316,1.0,72.0,0.1351,0.1088,0.0002,14.857,-0.2552,7.7089,49.5962,50.78,50.78,50.78,46.6499996185303,up,2026-08-21T12:45:05,0.0,0.0
SPX,2027-08-20,364,Put,9500.0,SPX270820P09500000,1516.2,1520.9,1518.5500000000002,0.0,0.0,0.0,0.0,0.0,0.134,-0.8949,0.0002,14.857,-0.1343,-83.23,1520.5987,0.0,0.0,0.0,1539.70001220703,no_change,,0.0,0.0
SPX,2027-08-20,364,Call,9600.0,SPX270820C09600000,40.9,41.6,41.25,41.9,3.45,8.9727,1.0,388.0,0.1343,0.0936,0.0002,13.4122,-0.2272,6.6536,41.1593,41.9,41.9,41.9,38.4499988555908,down,2026-08-21T15:59:43,0.0,0.0
SPX,2027-08-20,364,Put,9600.0,SPX270820P09600000,1603.1,1608.0,1605.55,0.0,0.0,0.0,0.0,0.0,0.1329,-0.91,0.0002,13.4122,-0.0985,-85.238,1607.8072,0.0,0.0,0.0,1627.14996337891,no_change,,0.0,0.0
SPX,2027-08-20,364,Call,9700.0,SPX270820C09700000,33.8,34.7,34.25,34.68,0.0,0.0,0.0,291.0,0.1336,0.0803,0.0001,12.0502,-0.2014,5.7024,34.0929,0.0,0.0,0.0,31.6499996185303,no_change,2026-08-20T13:03:19,0.0,0.0
SPX,2027-08-20,364,Put,9700.0,SPX270820P09700000,1691.3,1696.4,1693.85,1621.56,0.0,0.0,0.0,15.0,0.1319,-0.9234,0.0001,12.0502,-0.0649,-87.1419,1696.3863,0.0,0.0,0.0,1715.85003662109,down,2026-08-07T10:33:06,0.0,0.0
SPX,2027-08-20,364,Call,9800.0,SPX270820C09800000,27.7,28.6,28.15,32.43,0.0,0.0,0.0,72.0,0.133,0.0687,0.0001,10.7716,-0.1778,4.887,28.2141,0.0,0.0,0.0,26.0,up,2026-08-19T14:41:44,0.0,0.0
SPX,2027-08-20,364,Put,9800.0,SPX270820P09800000,1780.8,1786.0,1783.4,1709.26,0.0,0.0,0.0,15.0,0.131,-0.935,0.0001,10.7716,-0.0334,-88.91,1786.153,0.0,0.0,0.0,1805.70001220703,down,2026-08-07T10:33:06,0.0,0.0
SPX,2027-08-20,364,Call,10000.0,SPX270820C10000000,18.8,19.6,19.200000000000003,19.4,0.0,0.0,0.0,165.0,0.1322,0.05,0.0001,8.5293,-0.1375,3.5566,19.3425,0.0,0.0,0.0,17.5999994277954,down,2026-08-20T11:47:22,0.0,0.0
SPX,2027-08-20,364,Put,10000.0,SPX270820P10000000,1962.6,1968.3,1965.4499999999998,1887.46,0.0,0.0,0.0,1.0,0.1293,-0.9537,0.0001,8.5293,0.0,-92.1458,1968.5722,0.0,0.0,0.0,1988.29998779297,down,2026-08-10T09:30:06,0.0,0.0
SPX,2027-08-20,364,Call,10200.0,SPX270820C10200000,12.9,13.5,13.2,12.79,0.69,5.70248,1.0,806.0,0.1322,0.0364,0.0001,6.7063,-0.106,2.585,13.3734,12.79,12.79,12.79,12.0999999046326,down,2026-08-21T10:16:10,0.0,0.0
SPX,2027-08-20,364,Put,10200.0,SPX270820P10200000,2147.5,2153.5,2150.5,2159.58,-14.27,-0.656438,1.0,17.0,0.1279,-0.9673,0.0001,6.7063,0.0,-95.0228,2153.894,2159.58,2159.58,2159.58,2173.84997558594,up,2026-08-21T10:16:10,0.0,0.0
SPX,2027-08-20,364,Call,10400.0,SPX270820C10400000,9.0,9.6,9.3,9.25,0.0,0.0,0.0,217.0,0.1329,0.0267,0.0001,5.272,-0.082,1.8941,9.4023,0.0,0.0,0.0,8.59999990463257,no_change,2026-08-20T11:45:01,0.0,0.0
SPX,2027-08-20,364,Put,10400.0,SPX270820P10400000,2334.5,2340.9,2337.7,0.0,0.0,0.0,0.0,0.0,0.1264,-0.977,0.0001,5.272,0.0,-97.6191,2341.2138,0.0,0.0,0.0,2361.40002441406,no_change,,0.0,0.0
SPX,2027-08-20,364,Call,10600.0,SPX270820C10600000,6.6,7.0,6.8,7.69,0.0,0.0,0.0,20.0,0.1344,0.0198,0.0,4.1697,-0.0642,1.4102,6.7704,0.0,0.0,0.0,6.25,down,2026-08-19T14:54:34,0.0,0.0
SPX,2027-08-20,364,Put,10600.0,SPX270820P10600000,2523.0,2529.7,2526.35,0.0,0.0,0.0,0.0,0.0,0.125,-0.9838,0.0,4.1697,0.0,-100.0084,2529.8729,0.0,0.0,0.0,2550.30004882812,no_change,,0.0,0.0
SPX,2027-08-20,364,Call,10800.0,SPX270820C10800000,4.9,5.4,5.15,4.71,0.0,0.0,0.0,8.0,0.1364,0.0151,0.0,3.3394,-0.0512,1.0674,5.0176,0.0,0.0,0.0,4.75,up,2026-08-20T15:37:41,0.0,0.0
SPX,2027-08-20,364,Put,10800.0,SPX270820P10800000,2697.2,2736.4,2716.8,0.0,0.0,0.0,0.0,0.0,0.1235,-0.9886,0.0,3.3394,0.0,-102.2566,2719.4109,0.0,0.0,0.0,2740.05004882812,no_change,,0.0,0.0
SPX,2027-08-20,364,Call,11000.0,SPX270820C11000000,3.8,4.3,4.05,3.68,0.0,0.0,0.0,51.0,0.139,0.0117,0.0,2.7156,-0.0416,0.8286,3.8344,0.0,0.0,0.0,3.70000004768372,up,2026-08-20T15:39:17,0.0,0.0
SPX,2027-08-20,364,Put,11000.0,SPX270820P11000000,2887.9,2926.3,2907.1000000000004,2806.15,0.0,0.0,0.0,0.0,0.1186,-0.992,0.0,2.7156,0.0,-104.4009,2909.5186,0.0,0.0,0.0,2929.85009765625,down,2026-08-10T11:45:17,0.0,0.0
SPX,2027-08-20,364,Call,11200.0,SPX270820C11200000,3.0,3.5,3.25,4.95,0.0,0.0,0.0,78.0,0.1417,0.0093,0.0,2.247,-0.0346,0.6582,3.0239,0.0,0.0,0.0,3.0,up,2026-08-07T10:38:05,0.0,0.0
SPX,2027-08-20,364,Put,11200.0,SPX270820P11200000,3077.6,3116.6,3097.1,0.0,0.0,0.0,0.0,0.0,0.094,-0.9943,0.0,2.247,0.0,-106.4767,3099.999,0.0,0.0,0.0,3119.05004882812,no_change,,0.0,0.0
SPX,2027-08-20,364,Call,11400.0,SPX270820C11400000,2.45,2.8,2.625,3.87,0.0,0.0,0.0,159.0,0.1443,0.0076,0.0,1.8918,-0.0295,0.5363,2.455,0.0,0.0,0.0,2.39999997615814,down,2026-08-17T10:59:12,0.0,0.0
SPX,2027-08-20,364,Put,11400.0,SPX270820P11400000,3268.8,3307.1,3287.95,0.0,0.0,0.0,0.0,0.0,0.0,-0.9961,0.0,1.8918,0.0,-108.504,3290.721,0.0,0.0,0.0,3310.55004882812,no_change,,0.0,0.0
SPX,2027-08-20,364,Call,11600.0,SPX270820C11600000,2.0,2.3,2.15,2.43,0.0,0.0,0.0,23.0,0.147,0.0063,0.0,1.6203,-0.0256,0.4453,2.0474,0.0,0.0,0.0,1.94999992847443,up,2026-08-19T14:54:34,0.0,0.0
SPX,2027-08-20,364,Put,11600.0,SPX270820P11600000,3458.9,3497.3,3478.1000000000004,3379.18,0.0,0.0,0.0,0.0,0.0,-0.9973,0.0,1.6203,0.0,-110.5004,3481.6044,0.0,0.0,0.0,3500.59997558594,down,2026-08-10T11:40:12,0.0,0.0
SPX,2027-08-20,364,Call,11800.0,SPX270820C11800000,1.6,1.95,1.775,1.67,0.0,0.0,0.0,148.0,0.1499,0.0054,0.0,1.4084,-0.0226,0.3785,1.7473,0.0,0.0,0.0,1.64999997615814,down,2026-08-20T15:37:41,0.0,0.0
SPX,2027-08-20,364,Put,11800.0,SPX270820P11800000,3650.3,3688.5,3669.4,0.0,0.0,0.0,0.0,0.0,0.0,-0.9983,0.0,1.4086,0.0,-112.4725,3672.5954,0.0,0.0,0.0,3690.90002441406,no_change,,0.0,0.0
SPX,2027-08-20,364,Call,12000.0,SPX270820C12000000,1.35,1.65,1.5,1.41,0.0,0.0,0.0,267.0,0.1526,0.0047,0.0,1.2408,-0.0202,0.3269,1.5206,0.0,0.0,0.0,1.375,up,2026-08-20T15:39:17,0.0,0.0
SPX,2027-08-20,364,Put,12000.0,SPX270820P12000000,3840.8,3878.9,3859.8500000000004,3755.7,0.0,0.0,0.0,0.0,0.0,-0.999,0.0,1.241,0.0,-114.4296,3863.6595,0.0,0.0,0.0,3883.90002441406,down,2026-08-10T11:45:17,0.0,0.0
SPX,2027-08-20,364,Call,12200.0,SPX270820C12200000,1.1,1.45,1.275,1.94,0.0,0.0,0.0,71.0,0.1558,0.0041,0.0,1.1062,-0.0184,0.2858,1.3451,0.0,0.0,0.0,1.17499995231628,down,2026-08-10T10:11:54,0.0,0.0
SPX,2027-08-20,364,Put,12200.0,SPX270820P12200000,4031.4,4069.8,4050.6000000000004,0.0,0.0,0.0,0.0,0.0,0.0,-0.9996,0.0,1.1062,0.0,-116.3762,4054.7747,0.0,0.0,0.0,4074.59997558594,no_change,,0.0,0.0
SPX,2027-08-20,364,Call,12400.0,SPX270820C12400000,0.95,1.25,1.1,1.23,0.0,0.0,0.0,9.0,0.1584,0.0036,0.0,0.9952,-0.0169,0.2532,1.2055,0.0,0.0,0.0,1.0,no_change,2026-08-18T14:26:55,0.0,0.0
SPX,2027-08-20,364,Put,12400.0,SPX270820P12400000,4223.6,4260.9,4242.25,0.0,0.0,0.0,0.0,0.0,0.0,-1.0,0.0,0.9952,0.0,-118.3142,4245.926,0.0,0.0,0.0,4265.75,no_change,,0.0,0.0
SPX,2027-08-20,364,Call,12600.0,SPX270820C12600000,0.8,1.1,0.9500000000000001,1.6,0.0,0.0,0.0,7.0,0.1616,0.0033,0.0,0.9021,-0.0156,0.2268,1.0913,0.0,0.0,0.0,0.875,up,2026-08-13T12:19:01,0.0,0.0
SPX,2027-08-20,364,Put,12600.0,SPX270820P12600000,4414.6,4451.9,4433.25,0.0,0.0,0.0,0.0,0.0,0.0,-1.0,0.0,0.9021,0.0,-120.246,4437.1027,0.0,0.0,0.0,4456.75,no_change,,0.0,0.0
SPX,2027-08-20,364,Call,12800.0,SPX270820C12800000,0.7,0.95,0.825,1.5,0.0,0.0,0.0,10.0,0.1644,0.0029,0.0,0.8229,-0.0145,0.2046,0.9957,0.0,0.0,0.0,0.774999976158142,up,2026-08-04T13:26:11,0.0,0.0
SPX,2027-08-20,364,Put,12800.0,SPX270820P12800000,4605.1,4643.1,4624.1,0.0,0.0,0.0,0.0,0.0,0.0,-1.0,0.0,0.8229,0.0,-122.1735,4628.298,0.0,0.0,0.0,4647.69995117188,no_change,,0.0,0.0
SPX,2027-08-20,364,Call,13000.0,SPX270820C13000000,0.6,0.85,0.725,1.15,0.0,0.0,0.0,9.0,0.1672,0.0027,0.0,0.7546,-0.0136,0.1855,0.9142,0.0,0.0,0.0,0.675000011920929,down,2026-08-10T11:36:34,0.0,0.0
SPX,2027-08-20,364,Put,13000.0,SPX270820P13000000,4796.2,4834.2,4815.2,4725.9,0.0,0.0,0.0,1.0,0.0,-1.0,0.0,0.7546,0.0,-124.0981,4819.5074,0.0,0.0,0.0,4838.40014648438,down,2026-08-12T10:46:09,0.0,0.0
SPX,2027-08-20,364,Call,13200.0,SPX270820C13200000,0.5,0.8,0.65,0.65,0.05,8.33333,1.0,19.0,0.1702,0.0024,0.0,0.6951,-0.0127,0.1689,0.8437,0.65,0.65,0.65,0.599999994039536,down,2026-08-21T10:16:27,0.0,0.0
SPX,2027-08-20,364,Put,13200.0,SPX270820P13200000,4986.8,5024.9,5005.85,5014.19,-15.61,-0.310351,1.0,22.0,0.0,-1.0,0.0,0.6951,0.0,-126.0201,5010.7278,5014.19,5014.19,5014.19,5029.80004882812,up,2026-08-21T10:16:10,0.0,0.0
SPX,2027-09-17,392,Call,400.0,SPX270917C00400000,7203.3,7241.3,7222.3,7223.24,0.0,0.0,0.0,33.0,0.0,1.0,0.0,0.0394,0.0,4.5911,7227.9135,0.0,0.0,0.0,7198.40014648438,down,2026-08-20T12:21:29,0.0,0.0
SPX,2027-09-17,392,Put,400.0,SPX270917P00400000,0.0,0.2,0.1,0.1,0.0,0.0,0.0,543.0,0.846,-0.0001,0.0,0.0394,-0.0042,-0.0128,0.2615,0.0,0.0,0.0,0.100000001490116,down,2026-07-22T15:04:24,0.0,0.0
SPX,2027-09-17,392,Call,600.0,SPX270917C00600000,7013.2,7051.3,7032.25,0.0,0.0,0.0,0.0,0.0,0.0,1.0,0.0,0.0714,0.0,6.625,7037.4778,0.0,0.0,0.0,7007.55004882812,no_change,,0.0,0.0
SPX,2027-09-17,392,Put,600.0,SPX270917P00600000,0.15,0.4,0.275,0.26,0.0,0.0,0.0,544.0,0.7825,-0.0002,0.0,0.0714,-0.0068,-0.0236,0.4501,0.0,0.0,0.0,0.25,up,2026-08-05T10:57:11,0.0,0.0
SPX,2027-09-17,392,Call,800.0,SPX270917C00800000,6822.8,6860.9,6841.85,0.0,0.0,0.0,0.0,0.0,0.0,1.0,0.0,0.1163,0.0,8.654,6847.1197,0.0,0.0,0.0,6817.14990234375,no_change,,0.0,0.0
SPX,2027-09-17,392,Put,800.0,SPX270917P00800000,0.45,0.7,0.575,0.52,0.0,0.0,0.0,56.0,0.7356,-0.0004,0.0,0.1163,-0.0102,-0.0394,0.7164,0.0,0.0,0.0,0.574999988079071,no_change,2026-08-14T15:17:26,0.0,0.0
SPX,2027-09-17,392,Call,1000.0,SPX270917C01000000,6632.8,6670.9,6651.85,0.0,0.0,0.0,0.0,0.0,0.0,1.0,0.0,0.1794,0.0,10.6758,6656.8729,0.0,0.0,0.0,6627.44995117188,no_change,,0.0,0.0
SPX,2027-09-17,392,Put,1000.0,SPX270917P01000000,0.9,1.15,1.025,1.02,0.0,0.0,0.0,86.0,0.6975,-0.0006,0.0,0.1795,-0.0148,-0.0624,1.094,0.0,0.0,0.0,1.04999998211861,up,2026-08-10T12:21:36,0.0,0.0
SPX,2027-09-17,392,Call,1200.0,SPX270917C01200000,6442.9,6481.0,6461.95,0.0,0.0,0.0,0.0,0.0,0.0,1.0,0.0,0.2637,0.0,12.6887,6466.7698,0.0,0.0,0.0,6437.75,no_change,,0.0,0.0
SPX,2027-09-17,392,Put,1200.0,SPX270917P01200000,1.5,1.75,1.625,1.59,0.0,0.0,0.0,25.0,0.663,-0.001,0.0,0.2637,-0.0206,-0.0943,1.6152,0.0,0.0,0.0,1.67499995231628,no_change,2026-08-06T15:22:11,0.0,0.0
SPX,2027-09-17,392,Call,1400.0,SPX270917C01400000,6253.2,6291.3,6272.25,0.0,0.0,0.0,0.0,0.0,0.0,1.0,0.0,0.3739,0.0,14.6901,6276.835,0.0,0.0,0.0,6248.0,no_change,,0.0,0.0
SPX,2027-09-17,392,Put,1400.0,SPX270917P01400000,2.25,2.55,2.4,2.22,0.0,0.0,0.0,516.0,0.6337,-0.0014,0.0,0.3739,-0.0279,-0.1376,2.3049,0.0,0.0,0.0,2.47499990463257,no_change,2026-08-14T10:29:05,0.0,0.0
SPX,2027-09-17,392,Call,1600.0,SPX270917C01600000,6063.7,6101.8,6082.75,0.0,0.0,0.0,0.0,0.0,0.0,1.0,0.0,0.51,0.0,16.6797,6087.0865,0.0,0.0,0.0,6058.34985351562,no_change,,0.0,0.0
SPX,2027-09-17,392,Put,1600.0,SPX270917P01600000,3.1,3.5,3.3,3.27,-0.18,-5.21739,2.0,445.0,0.6064,-0.002,0.0,0.5098,-0.0365,-0.1927,3.1793,3.27,3.27,3.27,3.44999992847443,no_change,2026-08-21T13:48:18,0.0,0.0
SPX,2027-09-17,392,Call,1800.0,SPX270917C01800000,5874.3,5912.4,5893.35,0.0,0.0,0.0,0.0,0.0,0.0,1.0,0.0,0.6759,0.0,18.6546,5897.5356,0.0,0.0,0.0,5868.25,no_change,,0.0,0.0
SPX,2027-09-17,392,Put,1800.0,SPX270917P01800000,4.2,4.6,4.4,4.35,0.0,0.0,0.0,285.0,0.5811,-0.0027,0.0,0.6759,-0.0464,-0.2626,4.2543,0.0,0.0,0.0,4.60000014305115,no_change,2026-08-13T10:20:08,0.0,0.0
SPX,2027-09-17,392,Call,2000.0,SPX270917C02000000,5685.1,5723.2,5704.15,0.0,0.0,0.0,0.0,0.0,0.0,1.0,0.0,0.8688,0.0,20.6157,5708.189,0.0,0.0,0.0,5679.40014648438,no_change,,0.0,0.0
SPX,2027-09-17,392,Put,2000.0,SPX270917P02000000,5.5,5.9,5.7,5.54,0.0,0.0,0.0,788.0,0.5572,-0.0036,0.0,0.8688,-0.0575,-0.3462,5.5322,0.0,0.0,0.0,5.89999985694885,no_change,2026-08-14T15:17:26,0.0,0.0
SPX,2027-09-17,392,Call,2200.0,SPX270917C02200000,5496.1,5534.2,5515.15,0.0,0.0,0.0,0.0,0.0,0.4061,0.9992,0.0,1.0946,0.0,22.5598,5519.0488,0.0,0.0,0.0,5490.55004882812,no_change,,0.0,0.0
SPX,2027-09-17,392,Put,2200.0,SPX270917P02200000,7.0,7.3,7.15,7.22,0.0,0.0,0.0,465.0,0.535,-0.0047,0.0,1.0945,-0.0696,-0.4468,7.015,0.0,0.0,0.0,7.45000004768372,down,2026-08-19T10:09:05,0.0,0.0
SPX,2027-09-17,392,Call,2300.0,SPX270917C02300000,5401.6,5439.8,5420.700000000001,0.0,0.0,0.0,0.0,0.0,0.4304,0.9986,0.0,1.2176,0.0,23.5256,5424.5583,0.0,0.0,0.0,5396.0,no_change,,0.0,0.0
SPX,2027-09-17,392,Put,2300.0,SPX270917P02300000,7.8,8.1,7.949999999999999,8.3,0.0,0.0,0.0,283.0,0.5248,-0.0052,0.0,1.2175,-0.076,-0.5034,7.837,0.0,0.0,0.0,8.30000019073486,up,2026-08-20T14:05:44,0.0,0.0
SPX,2027-09-17,392,Call,2400.0,SPX270917C02400000,5307.3,5345.5,5326.4,0.0,0.0,0.0,0.0,0.0,0.4394,0.998,0.0,1.3474,0.0,24.4877,5330.1204,0.0,0.0,0.0,5301.44995117188,no_change,,0.0,0.0
SPX,2027-09-17,392,Put,2400.0,SPX270917P02400000,8.6,9.0,8.8,8.8,0.0,0.0,0.0,38.0,0.514,-0.0059,0.0,1.3474,-0.0826,-0.5637,8.7114,0.0,0.0,0.0,9.15000009536743,up,2026-08-17T10:30:23,0.0,0.0
SPX,2027-09-17,392,Call,2500.0,SPX270917C02500000,5212.9,5251.2,5232.049999999999,5067.76,0.0,0.0,0.0,1.0,0.442,0.9973,0.0,1.4857,0.0,25.4455,5235.7344,0.0,0.0,0.0,5207.14990234375,up,2026-06-30T13:23:59,0.0,0.0
SPX,2027-09-17,392,Put,2500.0,SPX270917P02500000,9.5,9.9,9.7,9.86,0.0,0.0,0.0,99.0,0.5039,-0.0066,0.0,1.4858,-0.0895,-0.6283,9.6387,0.0,0.0,0.0,10.0999999046326,down,2026-08-10T10:03:58,0.0,0.0
SPX,2027-09-17,392,Call,2600.0,SPX270917C02600000,5118.6,5156.9,5137.75,0.0,0.0,0.0,0.0,0.0,0.4415,0.9965,0.0,1.6337,0.0,26.398,5141.4017,0.0,0.0,0.0,5113.19995117188,no_change,,0.0,0.0
SPX,2027-09-17,392,Put,2600.0,SPX270917P02600000,10.5,10.9,10.7,10.6,-0.5,-4.5045,1.0,109.0,0.4944,-0.0073,0.0,1.6338,-0.0965,-0.6982,10.6182,10.6,10.6,10.6,11.0999999046326,down,2026-08-21T15:46:03,0.0,0.0
SPX,2027-09-17,392,Call,2700.0,SPX270917C02700000,5024.4,5062.7,5043.549999999999,0.0,0.0,0.0,0.0,0.0,0.4391,0.9957,0.0,1.7902,0.0,27.3449,5047.124,0.0,0.0,0.0,5018.80004882812,no_change,,0.0,0.0
SPX,2027-09-17,392,Put,2700.0,SPX270917P02700000,11.5,11.9,11.7,11.84,0.0,0.0,0.0,39.0,0.4847,-0.0081,0.0,1.7903,-0.1037,-0.7737,11.6527,0.0,0.0,0.0,12.0999999046326,up,2026-08-19T10:09:05,0.0,0.0
SPX,2027-09-17,392,Call,2800.0,SPX270917C02800000,4930.2,4968.5,4949.35,0.0,0.0,0.0,0.0,0.0,0.4354,0.9949,0.0,1.9537,0.0,28.2868,4952.9032,0.0,0.0,0.0,4924.84985351562,no_change,,0.0,0.0
SPX,2027-09-17,392,Put,2800.0,SPX270917P02800000,12.5,13.0,12.75,13.21,0.0,0.0,0.0,176.0,0.4754,-0.009,0.0,1.9539,-0.1111,-0.8543,12.7445,0.0,0.0,0.0,13.1999998092651,up,2026-08-17T14:56:59,0.0,0.0
SPX,2027-09-17,392,Call,2900.0,SPX270917C02900000,4836.1,4874.4,4855.25,0.0,0.0,0.0,0.0,0.0,0.4312,0.994,0.0,2.1242,0.0,29.2241,4858.7398,0.0,0.0,0.0,4830.84985351562,no_change,,0.0,0.0
SPX,2027-09-17,392,Put,2900.0,SPX270917P02900000,13.7,14.1,13.899999999999999,14.14,0.0,0.0,0.0,58.0,0.466,-0.0099,0.0,2.1245,-0.1186,-0.9394,13.8939,0.0,0.0,0.0,14.4000000953674,no_change,2026-08-07T13:03:58,0.0,0.0
SPX,2027-09-17,392,Call,3000.0,SPX270917C03000000,4741.8,4780.6,4761.200000000001,0.0,0.0,0.0,0.0,0.0,0.426,0.993,0.0,2.3035,0.0,30.1565,4764.6347,0.0,0.0,0.0,4737.25,no_change,,0.0,0.0
SPX,2027-09-17,392,Put,3000.0,SPX270917P03000000,14.8,15.3,15.05,14.8,0.0,0.0,0.0,254.0,0.4571,-0.0108,0.0,2.3038,-0.1264,-1.0293,15.1015,0.0,0.0,0.0,15.6999998092651,down,2026-08-13T10:58:33,0.0,0.0
SPX,2027-09-17,392,Call,3100.0,SPX270917C03100000,4647.8,4686.6,4667.200000000001,0.0,0.0,0.0,0.0,0.0,0.4205,0.992,0.0,2.4936,0.0,31.0829,4670.5899,0.0,0.0,0.0,4642.69995117188,no_change,,0.0,0.0
SPX,2027-09-17,392,Put,3100.0,SPX270917P03100000,16.1,16.6,16.35,16.22,0.0,0.0,0.0,96.0,0.4482,-0.0119,0.0,2.494,-0.1342,-1.1253,16.3695,0.0,0.0,0.0,17.0,down,2026-08-13T10:12:00,0.0,0.0
SPX,2027-09-17,392,Call,3200.0,SPX270917C03200000,4553.8,4592.7,4573.25,0.0,0.0,0.0,0.0,0.0,0.4147,0.9909,0.0,2.6951,0.0,32.0021,4576.6094,0.0,0.0,0.0,4548.60009765625,no_change,,0.0,0.0
SPX,2027-09-17,392,Put,3200.0,SPX270917P03200000,17.4,17.9,17.65,17.59,0.0,0.0,0.0,212.0,0.4395,-0.013,0.0,2.6951,-0.1423,-1.2284,17.6983,0.0,0.0,0.0,18.3500003814697,down,2026-08-13T10:17:57,0.0,0.0
SPX,2027-09-17,392,Call,3300.0,SPX270917C03300000,4460.3,4498.6,4479.450000000001,0.0,0.0,0.0,0.0,0.0,0.4086,0.9897,0.0,2.9068,0.0,32.9136,4482.6984,0.0,0.0,0.0,4455.0,no_change,,0.0,0.0
SPX,2027-09-17,392,Put,3300.0,SPX270917P03300000,18.8,19.3,19.05,19.49,0.0,0.0,0.0,212.0,0.4311,-0.0142,0.0,2.9068,-0.1505,-1.3393,19.0994,0.0,0.0,0.0,19.8000001907349,up,2026-08-07T12:07:38,0.0,0.0
SPX,2027-09-17,392,Call,3400.0,SPX270917C03400000,4366.5,4404.9,4385.7,4388.04,0.0,0.0,0.0,27.0,0.4027,0.9884,0.0,3.1275,0.0,33.818,4388.8617,0.0,0.0,0.0,4361.35009765625,down,2026-08-20T12:21:29,0.0,0.0
SPX,2027-09-17,392,Put,3400.0,SPX270917P03400000,20.3,20.8,20.55,20.47,-0.88,-4.12178,60.0,265.0,0.4228,-0.0154,0.0,3.1275,-0.1589,-1.4572,20.5749,20.59,20.59,20.47,21.3500003814697,down,2026-08-21T13:30:28,0.0,0.0
SPX,2027-09-17,392,Call,3500.0,SPX270917C03500000,4272.8,4311.2,4292.0,0.0,0.0,0.0,0.0,0.0,0.3965,0.9871,0.0,3.3573,0.0,34.7159,4295.1039,0.0,0.0,0.0,4267.44995117188,no_change,,0.0,0.0
SPX,2027-09-17,392,Put,3500.0,SPX270917P03500000,21.8,22.3,22.05,22.59,0.0,0.0,0.0,106.0,0.4147,-0.0168,0.0,3.3574,-0.1674,-1.5818,22.1301,0.0,0.0,0.0,22.9000005722046,no_change,2026-08-07T13:23:49,0.0,0.0
SPX,2027-09-17,392,Call,3600.0,SPX270917C03600000,4179.2,4217.6,4198.4,0.0,0.0,0.0,0.0,0.0,0.3904,0.9857,0.0,3.5988,0.0,35.6065,4201.43,0.0,0.0,0.0,4174.14990234375,no_change,,0.0,0.0
SPX,2027-09-17,392,Put,3600.0,SPX270917P03600000,23.5,24.0,23.75,23.89,0.0,0.0,0.0,122.0,0.4066,-0.0182,0.0,3.5988,-0.1762,-1.7134,23.7676,0.0,0.0,0.0,24.6499996185303,up,2026-08-10T10:51:47,0.0,0.0
SPX,2027-09-17,392,Call,3700.0,SPX270917C03700000,4085.7,4124.2,4104.95,0.0,0.0,0.0,0.0,0.0,0.3842,0.9841,0.0,3.8548,0.0,36.4882,4107.8467,0.0,0.0,0.0,4080.60009765625,no_change,,0.0,0.0
SPX,2027-09-17,392,Put,3700.0,SPX270917P03700000,25.2,25.7,25.45,26.11,0.0,0.0,0.0,29.0,0.3987,-0.0197,0.0,3.855,-0.1852,-1.8543,25.4981,0.0,0.0,0.0,26.4499998092651,down,2026-08-07T09:33:27,0.0,0.0
SPX,2027-09-17,392,Call,3800.0,SPX270917C03800000,3992.3,4030.8,4011.55,0.0,0.0,0.0,0.0,0.0,0.3779,0.9825,0.0,4.1268,0.0,37.3587,4014.3634,0.0,0.0,0.0,3988.84997558594,no_change,,0.0,0.0
SPX,2027-09-17,392,Put,3800.0,SPX270917P03800000,27.0,27.6,27.3,27.94,0.0,0.0,0.0,24.0,0.3911,-0.0214,0.0,4.1271,-0.1945,-2.0062,27.3273,0.0,0.0,0.0,28.3500003814697,down,2026-08-07T10:35:00,0.0,0.0
SPX,2027-09-17,392,Call,3850.0,SPX270917C03850000,3945.6,3984.2,3964.8999999999996,0.0,0.0,0.0,0.0,0.0,0.3748,0.9816,0.0,4.2686,0.0,37.7894,3967.6629,0.0,0.0,0.0,3940.94995117188,no_change,,0.0,0.0
SPX,2027-09-17,392,Put,3850.0,SPX270917P03850000,28.0,28.6,28.3,29.9,0.0,0.0,0.0,16.0,0.3874,-0.0222,0.0,4.2689,-0.1992,-2.0867,28.2829,0.0,0.0,0.0,29.3500003814697,up,2026-08-18T09:56:13,0.0,0.0
SPX,2027-09-17,392,Call,3900.0,SPX270917C03900000,3898.7,3937.3,3918.0,0.0,0.0,0.0,0.0,0.0,0.3715,0.9808,0.0,4.414,0.0,38.217,3920.9918,0.0,0.0,0.0,3896.15002441406,no_change,,0.0,0.0
SPX,2027-09-17,392,Put,3900.0,SPX270917P03900000,29.0,29.6,29.3,29.72,0.0,0.0,0.0,60.0,0.3836,-0.0231,0.0,4.414,-0.204,-2.1701,29.2659,0.0,0.0,0.0,30.3500003814697,down,2026-08-17T10:42:23,0.0,0.0
SPX,2027-09-17,392,Call,3950.0,SPX270917C03950000,3852.4,3891.0,3871.7,0.0,0.0,0.0,0.0,0.0,0.3685,0.9798,0.0,4.5627,0.0,38.6416,3874.3516,0.0,0.0,0.0,3849.60009765625,no_change,,0.0,0.0
SPX,2027-09-17,392,Put,3950.0,SPX270917P03950000,30.0,30.6,30.3,30.96,0.0,0.0,0.0,68.0,0.3799,-0.024,0.0,4.563,-0.2088,-2.2568,30.2839,0.0,0.0,0.0,31.4499998092651,down,2026-08-07T12:49:44,0.0,0.0
SPX,2027-09-17,392,Call,4000.0,SPX270917C04000000,3821.4,3830.7,3826.05,3574.72,0.0,0.0,0.0,1.0,0.3693,0.9789,0.0,4.7145,0.0,39.0635,3827.7436,0.0,0.0,0.0,3803.05004882812,down,2026-05-19T13:28:01,0.0,0.0
SPX,2027-09-17,392,Put,4000.0,SPX270917P04000000,31.1,31.6,31.35,31.24,-1.26,-3.87692,5.0,60.0,0.3761,-0.025,0.0,4.7149,-0.2138,-2.3462,31.3322,31.24,31.24,31.24,32.5,down,2026-08-21T14:55:32,0.0,0.0
SPX,2027-09-17,392,Call,4050.0,SPX270917C04050000,3774.9,3784.1,3779.5,0.0,0.0,0.0,0.0,0.0,0.3659,0.9779,0.0,4.8697,0.0,39.4825,3781.1695,0.0,0.0,0.0,3756.54992675781,no_change,,0.0,0.0
SPX,2027-09-17,392,Put,4050.0,SPX270917P04050000,32.2,32.7,32.45,33.65,0.0,0.0,0.0,45.0,0.3725,-0.026,0.0,4.87,-0.2188,-2.4383,32.4143,0.0,0.0,0.0,33.7000007629394,up,2026-08-05T15:57:36,0.0,0.0
SPX,2027-09-17,392,Call,4100.0,SPX270917C04100000,3728.5,3737.6,3733.05,0.0,0.0,0.0,0.0,0.0,0.3627,0.9768,0.0,5.0285,0.0,39.8988,3734.6305,0.0,0.0,0.0,3710.09997558594,no_change,,0.0,0.0
SPX,2027-09-17,392,Put,4100.0,SPX270917P04100000,33.3,33.9,33.599999999999994,34.8,0.0,0.0,0.0,408.0,0.369,-0.027,0.0,5.0289,-0.2239,-2.5332,33.5315,0.0,0.0,0.0,34.8500003814697,no_change,2026-08-18T13:21:51,0.0,0.0
SPX,2027-09-17,392,Call,4150.0,SPX270917C04150000,3682.1,3691.1,3686.6,0.0,0.0,0.0,0.0,0.0,0.3592,0.9758,0.0,5.1915,0.0,40.3122,3688.1282,0.0,0.0,0.0,3663.65002441406,no_change,,0.0,0.0
SPX,2027-09-17,392,Put,4150.0,SPX270917P04150000,34.5,35.0,34.75,35.39,0.0,0.0,0.0,6.0,0.3655,-0.0281,0.0,5.1918,-0.229,-2.6311,34.6854,0.0,0.0,0.0,36.0500011444092,down,2026-08-10T09:45:08,0.0,0.0
SPX,2027-09-17,392,Call,4200.0,SPX270917C04200000,3635.7,3644.6,3640.1499999999996,0.0,0.0,0.0,0.0,0.0,0.3561,0.9747,0.0,5.3592,0.0,40.7222,3641.6641,0.0,0.0,0.0,3617.34997558594,no_change,,0.0,0.0
SPX,2027-09-17,392,Put,4200.0,SPX270917P04200000,35.6,36.3,35.95,35.8,-1.55,-4.14993,33.0,66.0,0.362,-0.0292,0.0,5.3596,-0.2343,-2.7322,35.8776,35.8,35.8,35.8,37.3500003814697,no_change,2026-08-21T13:25:54,0.0,0.0
SPX,2027-09-17,392,Call,4250.0,SPX270917C04250000,3589.4,3598.2,3593.8,0.0,0.0,0.0,0.0,0.0,0.353,0.9735,0.0,5.5322,0.0,41.1286,3595.2402,0.0,0.0,0.0,3571.0,no_change,,0.0,0.0
SPX,2027-09-17,392,Put,4250.0,SPX270917P04250000,36.9,37.5,37.2,39.24,0.0,0.0,0.0,4.0,0.3584,-0.0303,0.0,5.5322,-0.2396,-2.8368,37.1069,0.0,0.0,0.0,38.6499996185303,no_change,2026-08-18T09:54:26,0.0,0.0
SPX,2027-09-17,392,Call,4300.0,SPX270917C04300000,3543.1,3551.8,3547.45,0.0,0.0,0.0,0.0,0.0,0.3498,0.9723,0.0,5.711,0.0,41.5308,3548.8585,0.0,0.0,0.0,3524.64990234375,no_change,,0.0,0.0
SPX,2027-09-17,392,Put,4300.0,SPX270917P04300000,38.2,38.8,38.5,38.3,-1.65,-4.13016,25.0,818.0,0.355,-0.0315,0.0,5.7114,-0.2451,-2.9461,38.3844,38.3,38.3,38.3,39.9499988555908,no_change,2026-08-21T13:24:17,0.0,0.0
SPX,2027-09-17,392,Call,4350.0,SPX270917C04350000,3496.8,3505.5,3501.15,0.0,0.0,0.0,0.0,0.0,0.3465,0.9711,0.0,5.8958,0.0,41.9282,3502.5213,0.0,0.0,0.0,3478.5,no_change,,0.0,0.0
SPX,2027-09-17,392,Put,4350.0,SPX270917P04350000,39.5,40.2,39.85,39.6,-1.75,-4.23217,57.0,16.0,0.3516,-0.0328,0.0,5.8959,-0.2506,-3.0596,39.7003,39.6,39.6,39.6,41.3500003814697,no_change,2026-08-21T13:11:25,0.0,0.0
SPX,2027-09-17,392,Call,4400.0,SPX270917C04400000,3450.6,3459.2,3454.8999999999996,0.0,0.0,0.0,0.0,0.0,0.3435,0.9698,0.0,6.0866,0.0,42.3206,3456.2314,0.0,0.0,0.0,3432.29992675781,no_change,,0.0,0.0
SPX,2027-09-17,392,Put,4400.0,SPX270917P04400000,40.9,41.5,41.2,40.91,0.0,0.0,0.0,112.0,0.3483,-0.034,0.0,6.0871,-0.2563,-3.1787,41.0698,0.0,0.0,0.0,42.7999992370606,down,2026-08-13T10:08:45,0.0,0.0
SPX,2027-09-17,392,Call,4450.0,SPX270917C04450000,3404.5,3412.9,3408.7,0.0,0.0,0.0,0.0,0.0,0.3403,0.9685,0.0,6.2829,-0.0051,42.7078,3409.9913,0.0,0.0,0.0,3386.09997558594,no_change,,0.0,0.0
SPX,2027-09-17,392,Put,4450.0,SPX270917P04450000,42.3,43.0,42.65,42.6,-1.7,-3.83747,26.0,49.0,0.3449,-0.0354,0.0,6.2829,-0.262,-3.3024,42.4824,42.6,42.6,42.6,44.2999992370606,no_change,2026-08-21T11:42:34,0.0,0.0
SPX,2027-09-17,392,Call,4500.0,SPX270917C04500000,3358.4,3366.7,3362.55,0.0,0.0,0.0,0.0,0.0,0.3372,0.9671,0.0,6.4844,-0.0146,43.0897,3363.8038,0.0,0.0,0.0,3340.09997558594,no_change,,0.0,0.0
SPX,2027-09-17,392,Put,4500.0,SPX270917P04500000,43.8,44.4,44.099999999999994,43.8,-1.95,-4.2623,17.0,751.0,0.3417,-0.0368,0.0,6.485,-0.2678,-3.432,43.9547,43.8,43.8,43.8,45.75,no_change,2026-08-21T13:28:36,0.0,0.0
SPX,2027-09-17,392,Call,4550.0,SPX270917C04550000,3312.4,3320.6,3316.5,0.0,0.0,0.0,0.0,0.0,0.3343,0.9657,0.0,6.6907,-0.0242,43.4667,3317.6715,0.0,0.0,0.0,3293.94995117188,no_change,,0.0,0.0
SPX,2027-09-17,392,Put,4550.0,SPX270917P04550000,45.3,46.0,45.65,46.2,0.0,0.0,0.0,91.0,0.3384,-0.0382,0.0,6.6907,-0.2738,-3.5658,45.4747,0.0,0.0,0.0,47.3999996185303,no_change,2026-08-12T09:40:58,0.0,0.0
SPX,2027-09-17,392,Call,4600.0,SPX270917C04600000,3266.4,3274.5,3270.45,0.0,0.0,0.0,0.0,0.0,0.3312,0.9642,0.0,6.9015,-0.0339,43.8389,3271.5968,0.0,0.0,0.0,3248.10009765625,no_change,,0.0,0.0
SPX,2027-09-17,392,Put,4600.0,SPX270917P04600000,46.9,47.6,47.25,47.4,0.0,0.0,0.0,205.0,0.3352,-0.0397,0.0,6.9015,-0.2798,-3.7048,47.0562,0.0,0.0,0.0,49.1000003814697,up,2026-08-19T14:42:21,0.0,0.0
SPX,2027-09-17,392,Call,4650.0,SPX270917C04650000,3220.4,3228.5,3224.45,3329.94,0.0,0.0,0.0,1.0,0.3282,0.9626,0.0,7.117,-0.0437,44.2065,3225.5823,0.0,0.0,0.0,3202.19995117188,up,2026-08-14T15:27:25,0.0,0.0
SPX,2027-09-17,392,Put,4650.0,SPX270917P04650000,48.6,49.3,48.95,50.4,0.0,0.0,0.0,104.0,0.3321,-0.0412,0.0,7.117,-0.286,-3.8484,48.6978,0.0,0.0,0.0,50.7999992370606,up,2026-08-11T15:54:49,0.0,0.0
SPX,2027-09-17,392,Call,4700.0,SPX270917C04700000,3174.6,3182.6,3178.6,3108.17,0.0,0.0,0.0,8.0,0.3252,0.961,0.0,7.3379,-0.0536,44.5694,3179.6301,0.0,0.0,0.0,3156.25,up,2026-07-10T15:42:44,0.0,0.0
SPX,2027-09-17,392,Put,4700.0,SPX270917P04700000,50.3,51.0,50.65,51.91,0.0,0.0,0.0,446.0,0.3289,-0.0429,0.0,7.3379,-0.2923,-3.9967,50.4016,0.0,0.0,0.0,52.5499992370606,up,2026-08-20T12:16:54,0.0,0.0
SPX,2027-09-17,392,Call,4750.0,SPX270917C04750000,3128.8,3136.7,3132.75,0.0,0.0,0.0,0.0,0.0,0.3223,0.9593,0.0,7.5649,-0.0636,44.9273,3133.7427,0.0,0.0,0.0,3110.5,no_change,,0.0,0.0
SPX,2027-09-17,392,Put,4750.0,SPX270917P04750000,52.0,52.8,52.4,53.81,0.0,0.0,0.0,38.0,0.3258,-0.0445,0.0,7.5649,-0.2987,-4.15,52.1703,0.0,0.0,0.0,54.3499984741211,up,2026-08-20T12:16:54,0.0,0.0
SPX,2027-09-17,392,Call,4800.0,SPX270917C04800000,3083.0,3090.8,3086.9,0.0,0.0,0.0,0.0,0.0,0.3194,0.9576,0.0,7.7989,-0.0738,45.2795,3087.9227,0.0,0.0,0.0,3064.75,no_change,,0.0,0.0
SPX,2027-09-17,392,Put,4800.0,SPX270917P04800000,53.9,54.6,54.25,54.71,0.0,0.0,0.0,56.0,0.3227,-0.0463,0.0,7.7989,-0.3052,-4.309,54.0064,0.0,0.0,0.0,56.25,down,2026-08-19T13:44:12,0.0,0.0
SPX,2027-09-17,392,Call,4850.0,SPX270917C04850000,3037.4,3045.1,3041.25,0.0,0.0,0.0,0.0,0.0,0.3165,0.9558,0.0,8.0408,-0.0841,45.625,3042.1732,0.0,0.0,0.0,3019.15002441406,no_change,,0.0,0.0
SPX,2027-09-17,392,Put,4850.0,SPX270917P04850000,55.8,56.5,56.15,57.71,0.0,0.0,0.0,24.0,0.3197,-0.0481,0.0,8.0408,-0.3119,-4.4746,55.913,0.0,0.0,0.0,58.2999992370606,up,2026-08-20T14:01:12,0.0,0.0
SPX,2027-09-17,392,Call,4900.0,SPX270917C04900000,2991.8,2999.4,2995.6000000000004,0.0,0.0,0.0,0.0,0.0,0.3136,0.9539,0.0,8.2909,-0.0945,45.9631,2996.4976,0.0,0.0,0.0,2973.64990234375,no_change,,0.0,0.0
SPX,2027-09-17,392,Put,4900.0,SPX270917P04900000,57.7,58.5,58.1,57.8,-2.5,-4.14594,3.0,114.0,0.3167,-0.05,0.0,8.2909,-0.3186,-4.6477,57.8935,57.8,57.8,57.8,60.2999992370606,down,2026-08-21T15:40:23,0.0,0.0
SPX,2027-09-17,392,Call,4950.0,SPX270917C04950000,2946.3,2953.8,2950.05,0.0,0.0,0.0,0.0,0.0,0.3108,0.9519,0.0,8.549,-0.105,46.2931,2950.8998,0.0,0.0,0.0,2928.15002441406,no_change,,0.0,0.0
SPX,2027-09-17,392,Put,4950.0,SPX270917P04950000,59.8,60.5,60.15,62.4,0.0,0.0,0.0,180.0,0.3136,-0.0519,0.0,8.549,-0.3255,-4.829,59.9518,0.0,0.0,0.0,62.5,up,2026-08-20T15:50:00,0.0,0.0
SPX,2027-09-17,392,Call,5000.0,SPX270917C05000000,2900.9,2908.3,2904.6000000000004,2986.33,0.0,0.0,0.0,15.0,0.308,0.9499,0.0,8.8144,-0.1156,46.6147,2905.3837,0.0,0.0,0.0,2882.69995117188,up,2026-08-04T15:35:47,0.0,0.0
SPX,2027-09-17,392,Put,5000.0,SPX270917P05000000,61.9,62.7,62.3,62.2,-2.5,-3.86399,1.0,1802.0,0.3107,-0.054,0.0,8.8144,-0.3325,-5.0185,62.0917,62.2,62.2,62.2,64.7000007629394,down,2026-08-21T11:06:04,0.0,0.0
SPX,2027-09-17,392,Call,5050.0,SPX270917C05050000,2855.5,2862.8,2859.15,0.0,0.0,0.0,0.0,0.0,0.3053,0.9478,0.0,9.0862,-0.1264,46.9281,2859.953,0.0,0.0,0.0,2837.45007324219,no_change,,0.0,0.0
SPX,2027-09-17,392,Put,5050.0,SPX270917P05050000,64.2,64.9,64.55000000000001,66.66,0.0,0.0,0.0,54.0,0.3078,-0.0561,0.0,9.0862,-0.3396,-5.2164,64.3172,0.0,0.0,0.0,67.0500030517578,no_change,2026-08-18T15:19:27,0.0,0.0
SPX,2027-09-17,392,Call,5100.0,SPX270917C05100000,2810.2,2817.5,2813.85,0.0,0.0,0.0,0.0,0.0,0.3025,0.9456,0.0,9.3638,-0.1373,47.2339,2814.6115,0.0,0.0,0.0,2792.25,no_change,,0.0,0.0
SPX,2027-09-17,392,Put,5100.0,SPX270917P05100000,66.5,67.3,66.9,67.15,0.0,0.0,0.0,267.0,0.3049,-0.0583,0.0,9.3638,-0.3469,-5.4218,66.6318,0.0,0.0,0.0,69.3999977111816,up,2026-08-13T14:00:59,0.0,0.0
SPX,2027-09-17,392,Call,5150.0,SPX270917C05150000,2765.1,2772.2,2768.6499999999996,0.0,0.0,0.0,0.0,0.0,0.2998,0.9433,0.0,9.6466,-0.1483,47.5325,2769.3623,0.0,0.0,0.0,2747.15002441406,no_change,,0.0,0.0
SPX,2027-09-17,392,Put,5150.0,SPX270917P05150000,68.9,69.7,69.30000000000001,69.11,0.0,0.0,0.0,40.0,0.3021,-0.0606,0.0,9.6466,-0.3542,-5.6343,69.0387,0.0,0.0,0.0,71.8999977111816,down,2026-08-12T14:10:30,0.0,0.0
SPX,2027-09-17,392,Call,5175.0,SPX270917C05175000,2741.9,2750.4,2746.15,0.0,0.0,0.0,0.0,0.0,0.2985,0.9421,0.0,9.7901,-0.1538,47.6792,2746.7733,0.0,0.0,0.0,2724.69995117188,no_change,,0.0,0.0
SPX,2027-09-17,392,Put,5175.0,SPX270917P05175000,70.1,70.9,70.5,72.63,0.0,0.0,0.0,46.0,0.3006,-0.0617,0.0,9.7901,-0.358,-5.7432,70.2777,0.0,0.0,0.0,73.1500015258789,no_change,2026-08-20T14:23:15,0.0,0.0
SPX,2027-09-17,392,Call,5200.0,SPX270917C05200000,2720.0,2727.0,2723.5,0.0,0.0,0.0,0.0,0.0,0.2971,0.9409,0.0,9.9351,-0.1594,47.8243,2724.2084,0.0,0.0,0.0,2702.10009765625,no_change,,0.0,0.0
SPX,2027-09-17,392,Put,5200.0,SPX270917P05200000,71.3,72.2,71.75,73.97,0.0,0.0,0.0,351.0,0.2993,-0.0629,0.0,9.9351,-0.3617,-5.8537,71.5408,0.0,0.0,0.0,74.4499969482422,down,2026-08-20T13:38:16,0.0,0.0
SPX,2027-09-17,392,Call,5225.0,SPX270917C05225000,2696.9,2705.3,2701.1000000000004,0.0,0.0,0.0,0.0,0.0,0.2958,0.9397,0.0,10.0818,-0.165,47.9676,2701.668,0.0,0.0,0.0,2679.65002441406,no_change,,0.0,0.0
SPX,2027-09-17,392,Put,5225.0,SPX270917P05225000,72.6,73.5,73.05,73.26,0.0,0.0,0.0,36.0,0.2979,-0.0642,0.0,10.0818,-0.3655,-5.966,72.8285,0.0,0.0,0.0,75.8499984741211,up,2026-08-12T12:31:04,0.0,0.0
SPX,2027-09-17,392,Call,5250.0,SPX270917C05250000,2675.0,2682.0,2678.5,0.0,0.0,0.0,0.0,0.0,0.2944,0.9385,0.0,10.2303,-0.1706,48.1091,2679.1525,0.0,0.0,0.0,2657.19995117188,no_change,,0.0,0.0
SPX,2027-09-17,392,Put,5250.0,SPX270917P05250000,73.9,74.8,74.35,74.85,0.0,0.0,0.0,55.0,0.2965,-0.0654,0.0,10.2303,-0.3693,-6.0801,74.141,0.0,0.0,0.0,77.1500015258789,up,2026-08-19T10:44:04,0.0,0.0
SPX,2027-09-17,392,Call,5275.0,SPX270917C05275000,2652.0,2660.2,2656.1,0.0,0.0,0.0,0.0,0.0,0.2931,0.9372,0.0001,10.3808,-0.1763,48.2485,2656.6623,0.0,0.0,0.0,2634.79992675781,no_change,,0.0,0.0
SPX,2027-09-17,392,Put,5275.0,SPX270917P05275000,75.3,76.1,75.69999999999999,75.89,0.0,0.0,0.0,102.0,0.2951,-0.0667,0.0001,10.3808,-0.3731,-6.1963,75.4789,0.0,0.0,0.0,78.5500030517578,down,2026-08-10T11:16:02,0.0,0.0
SPX,2027-09-17,392,Call,5300.0,SPX270917C05300000,2630.1,2637.0,2633.55,0.0,0.0,0.0,0.0,0.0,0.2918,0.9359,0.0001,10.5334,-0.1819,48.3858,2634.1978,0.0,0.0,0.0,2612.34997558594,no_change,,0.0,0.0
SPX,2027-09-17,392,Put,5300.0,SPX270917P05300000,76.6,77.5,77.05,77.09,0.0,0.0,0.0,52.0,0.2938,-0.068,0.0001,10.5334,-0.377,-6.3146,76.8424,0.0,0.0,0.0,79.9499969482422,down,2026-08-14T10:52:45,0.0,0.0
SPX,2027-09-17,392,Call,5325.0,SPX270917C05325000,2607.1,2615.3,2611.2,0.0,0.0,0.0,0.0,0.0,0.2905,0.9346,0.0001,10.6884,-0.1876,48.5207,2611.7595,0.0,0.0,0.0,2590.05004882812,no_change,,0.0,0.0
SPX,2027-09-17,392,Put,5325.0,SPX270917P05325000,78.0,78.8,78.4,79.28,0.0,0.0,0.0,5.0,0.2923,-0.0693,0.0001,10.6884,-0.3809,-6.4352,78.2321,0.0,0.0,0.0,81.3499984741211,down,2026-08-10T09:45:08,0.0,0.0
SPX,2027-09-17,392,Call,5350.0,SPX270917C05350000,2585.4,2592.1,2588.75,0.0,0.0,0.0,0.0,0.0,0.2891,0.9332,0.0001,10.8458,-0.1934,48.6531,2589.348,0.0,0.0,0.0,2567.59997558594,no_change,,0.0,0.0
SPX,2027-09-17,392,Put,5350.0,SPX270917P05350000,79.4,80.3,79.85,83.6,0.0,0.0,0.0,12.0,0.2911,-0.0706,0.0001,10.8458,-0.3848,-6.5584,79.6487,0.0,0.0,0.0,82.8499984741211,up,2026-08-20T15:59:30,0.0,0.0
SPX,2027-09-17,392,Call,5375.0,SPX270917C05375000,2562.4,2570.5,2566.45,0.0,0.0,0.0,0.0,0.0,0.2879,0.9319,0.0001,11.0056,-0.1991,48.7828,2566.9637,0.0,0.0,0.0,2545.34997558594,no_change,,0.0,0.0
SPX,2027-09-17,392,Put,5375.0,SPX270917P05375000,80.8,81.7,81.25,81.3,-3.0,-3.55872,7.0,58.0,0.2897,-0.072,0.0001,11.0056,-0.3888,-6.6844,81.0924,81.1,81.3,81.1,84.2999992370606,no_change,2026-08-21T15:59:30,0.0,0.0
SPX,2027-09-17,392,Call,5400.0,SPX270917C05400000,2540.7,2547.4,2544.05,2352.27,0.0,0.0,0.0,6.0,0.2866,0.9305,0.0001,11.1679,-0.2049,48.9096,2544.6072,0.0,0.0,0.0,2523.0,up,2026-06-05T14:54:25,0.0,0.0
SPX,2027-09-17,392,Put,5400.0,SPX270917P05400000,82.3,83.2,82.75,82.64,-3.16,-3.68298,1.0,177.0,0.2884,-0.0734,0.0001,11.1679,-0.3927,-6.8132,82.564,82.64,82.64,82.64,85.7999992370606,down,2026-08-21T12:07:27,0.0,0.0
SPX,2027-09-17,392,Call,5425.0,SPX270917C05425000,2517.8,2525.8,2521.8,0.0,0.0,0.0,0.0,0.0,0.2853,0.929,0.0001,11.3325,-0.2107,49.0334,2522.2793,0.0,0.0,0.0,2500.80004882812,no_change,,0.0,0.0
SPX,2027-09-17,392,Put,5425.0,SPX270917P05425000,83.8,84.7,84.25,84.04,-3.41,-3.89937,1.0,54.0,0.287,-0.0748,0.0001,11.3325,-0.3967,-6.9449,84.0642,84.04,84.04,84.04,87.4499969482422,down,2026-08-21T12:07:27,0.0,0.0
SPX,2027-09-17,392,Call,5450.0,SPX270917C05450000,2496.1,2502.7,2499.3999999999996,0.0,0.0,0.0,0.0,0.0,0.2839,0.9276,0.0001,11.4993,-0.2166,49.1542,2499.9806,0.0,0.0,0.0,2478.54992675781,no_change,,0.0,0.0
SPX,2027-09-17,392,Put,5450.0,SPX270917P05450000,85.3,86.1,85.69999999999999,85.06,-3.89,-4.37324,8.0,61.0,0.2857,-0.0763,0.0001,11.4993,-0.4007,-7.0798,85.5935,85.46,85.47,85.06,88.9500007629394,down,2026-08-21T15:18:24,0.0,0.0
SPX,2027-09-17,392,Call,5475.0,SPX270917C05475000,2473.3,2481.2,2477.25,0.0,0.0,0.0,0.0,0.0,0.2827,0.9261,0.0001,11.6681,-0.2224,49.2719,2477.7116,0.0,0.0,0.0,2456.34997558594,no_change,,0.0,0.0
SPX,2027-09-17,392,Put,5475.0,SPX270917P05475000,86.7,87.8,87.25,87.76,0.0,0.0,0.0,24.0,0.2844,-0.0777,0.0001,11.6681,-0.4048,-7.2177,87.1525,0.0,0.0,0.0,90.6000022888184,down,2026-08-10T09:58:01,0.0,0.0
SPX,2027-09-17,392,Call,5500.0,SPX270917C05500000,2451.7,2458.2,2454.95,2311.14,0.0,0.0,0.0,5.0,0.2814,0.9246,0.0001,11.8388,-0.2283,49.3865,2455.473,0.0,0.0,0.0,2434.15002441406,up,2026-07-20T11:56:49,0.0,0.0
SPX,2027-09-17,392,Put,5500.0,SPX270917P05500000,88.3,89.4,88.85,88.55,-3.7,-4.01084,200.0,1793.0,0.2831,-0.0792,0.0001,11.8388,-0.4088,-7.3586,88.742,88.55,88.55,88.55,92.25,up,2026-08-21T14:37:20,0.0,0.0
SPX,2027-09-17,392,Call,5525.0,SPX270917C05525000,2429.0,2436.7,2432.85,0.0,0.0,0.0,0.0,0.0,0.2804,0.9231,0.0001,12.0111,-0.2342,49.4983,2433.2655,0.0,0.0,0.0,2412.04992675781,no_change,,0.0,0.0
SPX,2027-09-17,392,Put,5525.0,SPX270917P05525000,89.9,91.0,90.45,91.6,0.0,0.0,0.0,9.0,0.2817,-0.0808,0.0001,12.0111,-0.4129,-7.5024,90.3625,0.0,0.0,0.0,93.8999977111816,down,2026-08-07T16:01:42,0.0,0.0
SPX,2027-09-17,392,Call,5550.0,SPX270917C05550000,2407.4,2413.8,2410.6000000000004,0.0,0.0,0.0,0.0,0.0,0.2788,0.9215,0.0001,12.1848,-0.2401,49.6072,2411.0895,0.0,0.0,0.0,2389.90002441406,no_change,,0.0,0.0
SPX,2027-09-17,392,Put,5550.0,SPX270917P05550000,91.5,92.6,92.05,90.69,0.0,0.0,0.0,46.0,0.2804,-0.0823,0.0001,12.1848,-0.417,-7.6491,92.0145,0.0,0.0,0.0,95.6000022888184,up,2026-08-13T11:06:39,0.0,0.0
SPX,2027-09-17,392,Call,5575.0,SPX270917C05575000,2384.7,2392.4,2388.55,0.0,0.0,0.0,0.0,0.0,0.2778,0.9199,0.0001,12.3598,-0.246,49.7138,2388.9456,0.0,0.0,0.0,2367.84997558594,no_change,,0.0,0.0
SPX,2027-09-17,392,Put,5575.0,SPX270917P05575000,93.2,94.3,93.75,95.46,-1.89,-1.94145,4.0,19.0,0.2791,-0.0839,0.0001,12.3598,-0.4211,-7.7981,93.6986,95.29,95.46,95.29,97.3499984741211,up,2026-08-21T09:49:07,0.0,0.0
SPX,2027-09-17,392,Call,5600.0,SPX270917C05600000,2363.2,2369.5,2366.35,2374.22,28.47,1.21368,1.0,4.0,0.2764,0.9183,0.0001,12.536,-0.252,49.8177,2366.8342,2374.22,2374.22,2374.22,2345.75,down,2026-08-21T12:10:00,0.0,0.0
SPX,2027-09-17,392,Put,5600.0,SPX270917P05600000,94.9,96.0,95.45,95.53,-3.57,-3.60242,1.0,232.0,0.2778,-0.0856,0.0001,12.536,-0.4252,-7.9498,95.4153,95.53,95.53,95.53,99.1000022888184,down,2026-08-21T12:10:00,0.0,0.0
SPX,2027-09-17,392,Call,5625.0,SPX270917C05625000,2340.6,2348.1,2344.35,0.0,0.0,0.0,0.0,0.0,0.2753,0.9167,0.0001,12.7134,-0.258,49.9193,2344.7557,0.0,0.0,0.0,2323.85009765625,no_change,,0.0,0.0
SPX,2027-09-17,392,Put,5625.0,SPX270917P05625000,96.8,97.7,97.25,99.8,0.0,0.0,0.0,28.0,0.2765,-0.0872,0.0001,12.7134,-0.4294,-8.1038,97.1649,0.0,0.0,0.0,100.849998474121,no_change,2026-08-20T12:14:48,0.0,0.0
SPX,2027-09-17,392,Call,5650.0,SPX270917C05650000,2319.1,2325.4,2322.25,0.0,0.0,0.0,0.0,0.0,0.2739,0.915,0.0001,12.8921,-0.264,50.0187,2322.7106,0.0,0.0,0.0,2301.75,no_change,,0.0,0.0
SPX,2027-09-17,392,Put,5650.0,SPX270917P05650000,98.4,99.5,98.95,98.96,-3.84,-3.73541,4.0,34.0,0.2753,-0.0889,0.0001,12.8921,-0.4336,-8.26,98.9478,98.99,98.99,98.96,102.799999237061,down,2026-08-21T12:16:06,0.0,0.0
SPX,2027-09-17,392,Call,5675.0,SPX270917C05675000,2296.6,2304.1,2300.35,0.0,0.0,0.0,0.0,0.0,0.2728,0.9133,0.0001,13.0722,-0.27,50.1158,2300.6993,0.0,0.0,0.0,2279.90002441406,no_change,,0.0,0.0
SPX,2027-09-17,392,Put,5675.0,SPX270917P05675000,100.2,101.4,100.80000000000001,129.4,0.0,0.0,0.0,55.0,0.274,-0.0906,0.0001,13.0722,-0.4378,-8.4184,100.7645,0.0,0.0,0.0,104.549999237061,down,2026-07-27T16:14:12,0.0,0.0
SPX,2027-09-17,392,Call,5700.0,SPX270917C05700000,2275.2,2281.4,2278.3,0.0,0.0,0.0,0.0,0.0,0.2714,0.9115,0.0001,13.2538,-0.276,50.2106,2278.722,0.0,0.0,0.0,2257.95007324219,no_change,,0.0,0.0
SPX,2027-09-17,392,Put,5700.0,SPX270917P05700000,102.1,103.1,102.6,107.91,0.0,0.0,0.0,387.0,0.2727,-0.0923,0.0001,13.2538,-0.442,-8.5792,102.6153,0.0,0.0,0.0,106.549999237061,down,2026-08-18T10:13:41,0.0,0.0
SPX,2027-09-17,392,Call,5725.0,SPX270917C05725000,2252.8,2260.1,2256.45,2266.88,30.78,1.3765,6.0,0.0,0.2703,0.9097,0.0001,13.4373,-0.282,50.3029,2256.7793,2269.03,2269.05,2266.83,2236.09997558594,up,2026-08-21T12:05:08,0.0,0.0
SPX,2027-09-17,392,Put,5725.0,SPX270917P05725000,104.1,105.0,104.55,105.5,0.0,0.0,0.0,35.0,0.2714,-0.0941,0.0001,13.4373,-0.4462,-8.7426,104.5006,0.0,0.0,0.0,108.5,down,2026-08-07T16:01:46,0.0,0.0
SPX,2027-09-17,392,Call,5750.0,SPX270917C05750000,2231.4,2237.5,2234.45,0.0,0.0,0.0,0.0,0.0,0.2689,0.9079,0.0001,13.6228,-0.2881,50.3925,2234.8716,0.0,0.0,0.0,2214.25,no_change,,0.0,0.0
SPX,2027-09-17,392,Put,5750.0,SPX270917P05750000,106.0,106.9,106.45,108.41,-2.09,-1.8914,1.0,14.0,0.2702,-0.0959,0.0001,13.6228,-0.4504,-8.9086,106.421,108.41,108.41,108.41,110.5,up,2026-08-21T09:39:13,0.0,0.0
SPX,2027-09-17,392,Call,5775.0,SPX270917C05775000,2209.1,2216.3,2212.7,2026.78,0.0,0.0,0.0,10.0,0.2679,0.9061,0.0001,13.8106,-0.2941,50.479,2212.9995,0.0,0.0,0.0,2192.45007324219,down,2026-06-23T12:51:54,0.0,0.0
SPX,2027-09-17,392,Put,5775.0,SPX270917P05775000,107.8,108.9,108.35,111.3,0.0,0.0,0.0,28.0,0.2689,-0.0978,0.0001,13.8106,-0.4547,-9.0776,108.3768,0.0,0.0,0.0,112.450000762939,no_change,2026-08-20T12:04:47,0.0,0.0
SPX,2027-09-17,392,Call,5800.0,SPX270917C05800000,2187.8,2193.8,2190.8,2006.33,0.0,0.0,0.0,11.0,0.2665,0.9042,0.0001,14.0008,-0.3002,50.5623,2191.1634,0.0,0.0,0.0,2170.65002441406,down,2026-06-23T12:51:54,0.0,0.0
SPX,2027-09-17,392,Put,5800.0,SPX270917P05800000,109.8,111.0,110.4,110.7,0.0,0.0,0.0,254.0,0.2677,-0.0996,0.0001,14.0008,-0.4589,-9.25,110.3689,0.0,0.0,0.0,114.549999237061,down,2026-08-19T15:47:45,0.0,0.0
SPX,2027-09-17,392,Call,5825.0,SPX270917C05825000,2165.5,2172.6,2169.05,1985.63,0.0,0.0,0.0,10.0,0.2655,0.9023,0.0001,14.1936,-0.3063,50.642,2169.3644,0.0,0.0,0.0,2149.0,down,2026-06-23T12:51:54,0.0,0.0
SPX,2027-09-17,392,Put,5825.0,SPX270917P05825000,111.9,112.9,112.4,113.3,0.0,0.0,0.0,26.0,0.2664,-0.1016,0.0001,14.1936,-0.4632,-9.4259,112.3978,0.0,0.0,0.0,116.649997711182,down,2026-08-12T11:09:03,0.0,0.0
SPX,2027-09-17,392,Call,5850.0,SPX270917C05850000,2144.3,2150.2,2147.25,1965.18,0.0,0.0,0.0,10.0,0.2641,0.9004,0.0001,14.3888,-0.3124,50.7177,2147.6028,0.0,0.0,0.0,2127.25,down,2026-06-23T12:51:54,0.0,0.0
SPX,2027-09-17,392,Put,5850.0,SPX270917P05850000,113.9,115.1,114.5,118.5,0.0,0.0,0.0,343.0,0.2652,-0.1035,0.0001,14.3888,-0.4675,-9.6057,114.4644,0.0,0.0,0.0,118.799999237061,up,2026-08-20T15:50:00,0.0,0.0
SPX,2027-09-17,392,Call,5875.0,SPX270917C05875000,2122.1,2129.1,2125.6,0.0,0.0,0.0,0.0,0.0,0.2631,0.8984,0.0001,14.5865,-0.3185,50.7894,2125.8797,0.0,0.0,0.0,2105.69995117188,no_change,,0.0,0.0
SPX,2027-09-17,392,Put,5875.0,SPX270917P05875000,115.8,117.1,116.44999999999999,116.4,0.0,0.0,0.0,43.0,0.264,-0.1055,0.0001,14.5865,-0.4717,-9.7896,116.5693,0.0,0.0,0.0,120.950000762939,down,2026-08-13T15:52:07,0.0,0.0
SPX,2027-09-17,392,Call,5900.0,SPX270917C05900000,2101.0,2106.8,2103.9,2158.32,0.0,0.0,0.0,1.0,0.2617,0.8964,0.0001,14.7865,-0.3246,50.857,2104.1958,0.0,0.0,0.0,2084.0,up,2026-08-19T12:02:15,0.0,0.0
SPX,2027-09-17,392,Put,5900.0,SPX270917P05900000,118.2,119.2,118.7,122.76,0.0,0.0,0.0,169.0,0.2628,-0.1075,0.0001,14.7865,-0.476,-9.9777,118.7134,0.0,0.0,0.0,123.149997711182,up,2026-08-18T13:35:52,0.0,0.0
SPX,2027-09-17,392,Call,5925.0,SPX270917C05925000,2078.9,2085.8,2082.3500000000004,2115.32,0.0,0.0,0.0,1.0,0.2607,0.8943,0.0001,14.9884,-0.3307,50.9203,2082.552,0.0,0.0,0.0,2062.55004882812,down,2026-08-19T15:48:36,0.0,0.0
SPX,2027-09-17,392,Put,5925.0,SPX270917P05925000,120.1,121.4,120.75,119.65,0.0,0.0,0.0,21.0,0.2615,-0.1096,0.0001,14.9884,-0.4803,-10.1699,120.8976,0.0,0.0,0.0,125.350002288818,down,2026-08-12T14:39:28,0.0,0.0
SPX,2027-09-17,392,Call,5950.0,SPX270917C05950000,2057.8,2063.5,2060.65,2063.66,0.0,0.0,0.0,235.0,0.2593,0.8922,0.0001,15.192,-0.3368,50.9796,2060.9491,0.0,0.0,0.0,2040.95001220703,up,2026-08-20T11:44:38,0.0,0.0
SPX,2027-09-17,392,Put,5950.0,SPX270917P05950000,122.6,123.7,123.15,128.83,0.0,0.0,0.0,260.0,0.2603,-0.1116,0.0001,15.192,-0.4846,-10.3662,123.1228,0.0,0.0,0.0,127.700004577637,no_change,2026-08-18T09:41:30,0.0,0.0
SPX,2027-09-17,392,Call,5975.0,SPX270917C05975000,2035.8,2042.6,2039.1999999999998,2142.27,0.0,0.0,0.0,4.0,0.2583,0.8901,0.0001,15.3969,-0.3429,51.035,2039.3879,0.0,0.0,0.0,2019.45001220703,up,2026-08-14T15:57:00,0.0,0.0
SPX,2027-09-17,392,Put,5975.0,SPX270917P05975000,124.7,125.9,125.30000000000001,125.89,0.0,0.0,0.0,152.0,0.2591,-0.1138,0.0001,15.3969,-0.4889,-10.5664,125.3896,0.0,0.0,0.0,130.050003051758,down,2026-08-19T13:49:26,0.0,0.0
SPX,2027-09-17,392,Call,6000.0,SPX270917C06000000,2014.8,2020.4,2017.6,2023.9,25.95,1.29883,2.0,90.0,0.2569,0.8879,0.0001,15.6029,-0.349,51.087,2017.869,2023.84,2023.9,2023.84,1997.95001220703,up,2026-08-21T12:46:17,0.0,0.0
SPX,2027-09-17,392,Put,6000.0,SPX270917P06000000,127.0,128.3,127.65,127.5,-4.95,-3.73726,2.0,716.0,0.2579,-0.1159,0.0001,15.6029,-0.4932,-10.77,127.6989,127.47,127.5,127.47,132.449996948242,up,2026-08-21T12:46:17,0.0,0.0
SPX,2027-09-17,392,Call,6025.0,SPX270917C06025000,1992.9,1999.6,1996.25,0.0,0.0,0.0,0.0,0.0,0.256,0.8857,0.0001,15.8097,-0.3551,51.1353,1996.3933,0.0,0.0,0.0,1976.70001220703,no_change,,0.0,0.0
SPX,2027-09-17,392,Put,6025.0,SPX270917P06025000,129.4,130.7,130.05,132.67,0.0,0.0,0.0,57.0,0.2567,-0.1181,0.0001,15.8097,-0.4975,-10.9773,130.0511,0.0,0.0,0.0,134.800003051758,up,2026-08-20T13:09:32,0.0,0.0
SPX,2027-09-17,392,Call,6050.0,SPX270917C06050000,1971.7,1977.5,1974.6,2081.3,0.0,0.0,0.0,11.0,0.2545,0.8835,0.0001,16.0173,-0.3612,51.1807,1974.961,0.0,0.0,0.0,1954.75,down,2026-08-14T12:40:18,0.0,0.0
SPX,2027-09-17,392,Put,6050.0,SPX270917P06050000,131.8,133.1,132.45,138.62,0.0,0.0,0.0,52.0,0.2555,-0.1204,0.0001,16.0173,-0.5018,-11.1875,132.4469,0.0,0.0,0.0,137.25,down,2026-08-18T09:45:32,0.0,0.0
SPX,2027-09-17,392,Call,6075.0,SPX270917C06075000,1950.2,1956.7,1953.45,0.0,0.0,0.0,0.0,0.0,0.2536,0.8812,0.0001,16.2256,-0.3673,51.2233,1953.5728,0.0,0.0,0.0,1934.04998779297,no_change,,0.0,0.0
SPX,2027-09-17,392,Put,6075.0,SPX270917P06075000,134.4,135.6,135.0,134.63,-5.12,-3.66369,40.0,8.0,0.2543,-0.1227,0.0001,16.2256,-0.506,-11.4005,134.8867,134.61,134.66,134.61,139.75,down,2026-08-21T14:30:54,0.0,0.0
SPX,2027-09-17,392,Call,6100.0,SPX270917C06100000,1929.3,1934.8,1932.05,2037.66,0.0,0.0,0.0,2.0,0.2522,0.8789,0.0001,16.4347,-0.3734,51.263,1932.2291,0.0,0.0,0.0,1912.70001220703,up,2026-08-14T12:42:02,0.0,0.0
SPX,2027-09-17,392,Put,6100.0,SPX270917P06100000,136.7,138.1,137.39999999999998,137.43,0.0,0.0,0.0,246.0,0.2531,-0.125,0.0001,16.4347,-0.5103,-11.6164,137.3711,0.0,0.0,0.0,142.349998474121,up,2026-08-19T11:21:19,0.0,0.0
SPX,2027-09-17,392,Call,6125.0,SPX270917C06125000,1907.6,1914.1,1910.85,0.0,0.0,0.0,0.0,0.0,0.2513,0.8765,0.0001,16.6449,-0.3795,51.2998,1910.9305,0.0,0.0,0.0,1891.55004882812,no_change,,0.0,0.0
SPX,2027-09-17,392,Put,6125.0,SPX270917P06125000,139.2,140.6,139.89999999999998,146.3,0.0,0.0,0.0,26.0,0.2519,-0.1274,0.0001,16.6449,-0.5146,-11.8352,139.9005,0.0,0.0,0.0,144.949996948242,no_change,2026-08-20T15:59:30,0.0,0.0
SPX,2027-09-17,392,Call,6150.0,SPX270917C06150000,1886.8,1892.2,1889.5,1697.95,0.0,0.0,0.0,1.0,0.2499,0.8741,0.0001,16.8565,-0.3856,51.3336,1889.6773,0.0,0.0,0.0,1870.25,down,2026-07-29T14:45:28,0.0,0.0
SPX,2027-09-17,392,Put,6150.0,SPX270917P06150000,141.9,143.1,142.5,142.5,-5.1,-3.45529,7.0,427.0,0.2507,-0.1298,0.0001,16.8565,-0.5188,-12.057,142.4755,142.2,142.5,142.1,147.600006103516,no_change,2026-08-21T15:59:30,0.0,0.0
SPX,2027-09-17,392,Call,6175.0,SPX270917C06175000,1865.2,1871.6,1868.4,0.0,0.0,0.0,0.0,0.0,0.2489,0.8716,0.0001,17.0696,-0.3916,51.364,1868.4704,0.0,0.0,0.0,1849.29998779297,no_change,,0.0,0.0
SPX,2027-09-17,392,Put,6175.0,SPX270917P06175000,144.4,145.8,145.10000000000002,145.2,0.0,0.0,0.0,39.0,0.2496,-0.1322,0.0001,17.0696,-0.5231,-12.2822,145.0965,0.0,0.0,0.0,150.300003051758,up,2026-08-19T15:59:30,0.0,0.0
SPX,2027-09-17,392,Call,6200.0,SPX270917C06200000,1844.3,1849.8,1847.05,1638.36,0.0,0.0,0.0,1.0,0.2476,0.8692,0.0001,17.2847,-0.3977,51.3906,1847.3101,0.0,0.0,0.0,1828.10003662109,down,2026-06-25T13:29:30,0.0,0.0
SPX,2027-09-17,392,Put,6200.0,SPX270917P06200000,147.1,148.5,147.8,153.69,0.0,0.0,0.0,542.0,0.2484,-0.1347,0.0001,17.2848,-0.5273,-12.5112,147.7643,0.0,0.0,0.0,153.0,up,2026-08-18T11:17:02,0.0,0.0
SPX,2027-09-17,392,Call,6225.0,SPX270917C06225000,1823.0,1829.3,1826.15,0.0,0.0,0.0,0.0,0.0,0.2465,0.8666,0.0001,17.502,-0.4037,51.4129,1826.1976,0.0,0.0,0.0,1807.20001220703,no_change,,0.0,0.0
SPX,2027-09-17,392,Put,6225.0,SPX270917P06225000,149.8,151.2,150.5,149.0,0.0,0.0,0.0,128.0,0.2472,-0.1372,0.0001,17.502,-0.5316,-12.7445,150.4798,0.0,0.0,0.0,155.849998474121,up,2026-08-14T15:59:30,0.0,0.0
SPX,2027-09-17,392,Call,6250.0,SPX270917C06250000,1802.2,1807.7,1804.95,1619.22,0.0,0.0,0.0,6.0,0.2453,0.864,0.0001,17.7215,-0.4098,51.4304,1805.1335,0.0,0.0,0.0,1786.10003662109,up,2026-07-30T15:36:01,0.0,0.0
SPX,2027-09-17,392,Put,6250.0,SPX270917P06250000,152.5,153.9,153.2,152.12,-6.58,-4.14619,4.0,23.0,0.246,-0.1398,0.0001,17.7215,-0.5358,-12.9825,153.2438,153.02,153.09,152.12,158.699996948242,down,2026-08-21T15:18:24,0.0,0.0
SPX,2027-09-17,392,Call,6275.0,SPX270917C06275000,1781.1,1787.2,1784.15,1698.13,0.0,0.0,0.0,1.0,0.2443,0.8614,0.0001,17.9433,-0.4158,51.4428,1784.1191,0.0,0.0,0.0,1765.34997558594,up,2026-06-18T15:24:01,0.0,0.0
SPX,2027-09-17,392,Put,6275.0,SPX270917P06275000,155.4,156.8,156.10000000000002,151.89,0.0,0.0,0.0,14.0,0.2448,-0.1424,0.0001,17.9433,-0.54,-13.2257,156.0574,0.0,0.0,0.0,161.550003051758,up,2026-08-13T11:06:05,0.0,0.0
SPX,2027-09-17,392,Call,6300.0,SPX270917C06300000,1760.3,1765.7,1763.0,0.0,0.0,0.0,0.0,1.0,0.243,0.8588,0.0001,18.1672,-0.4218,51.4498,1763.1554,0.0,0.0,0.0,1744.29998779297,no_change,,0.0,0.0
SPX,2027-09-17,392,Put,6300.0,SPX270917P06300000,158.2,159.6,158.89999999999998,165.33,0.0,0.0,0.0,226.0,0.2437,-0.1451,0.0001,18.1672,-0.5441,-13.4743,158.9218,0.0,0.0,0.0,164.550003051758,up,2026-08-18T10:16:54,0.0,0.0
SPX,2027-09-17,392,Call,6325.0,SPX270917C06325000,1739.3,1745.3,1742.3,0.0,0.0,0.0,0.0,0.0,0.242,0.856,0.0001,18.393,-0.4277,51.4513,1742.2436,0.0,0.0,0.0,1723.64996337891,no_change,,0.0,0.0
SPX,2027-09-17,392,Put,6325.0,SPX270917P06325000,161.2,162.5,161.85,161.0,-6.5,-3.8806,1.0,29.0,0.2425,-0.1478,0.0001,18.393,-0.5483,-13.7284,161.8381,161.0,161.0,161.0,167.5,down,2026-08-21T15:40:23,0.0,0.0
SPX,2027-09-17,392,Call,6350.0,SPX270917C06350000,1718.9,1723.9,1721.4,1340.75,0.0,0.0,0.0,1.0,0.2407,0.8533,0.0001,18.6201,-0.4337,51.4473,1721.3849,0.0,0.0,0.0,1702.84997558594,down,2026-04-29T15:41:21,0.0,0.0
SPX,2027-09-17,392,Put,6350.0,SPX270917P06350000,164.1,165.5,164.8,170.8,0.0,0.0,0.0,1574.0,0.2414,-0.1506,0.0001,18.6201,-0.5524,-13.988,164.8074,0.0,0.0,0.0,170.599998474121,up,2026-08-18T15:59:50,0.0,0.0
SPX,2027-09-17,392,Call,6375.0,SPX270917C06375000,1697.7,1703.7,1700.7,1530.26,0.0,0.0,0.0,1.0,0.2398,0.8505,0.0001,18.8483,-0.4396,51.4382,1700.5803,0.0,0.0,0.0,1682.14996337891,down,2026-06-29T12:14:34,0.0,0.0
SPX,2027-09-17,392,Put,6375.0,SPX270917P06375000,167.2,168.6,167.89999999999998,173.3,0.0,0.0,0.0,11.0,0.2402,-0.1534,0.0001,18.8483,-0.5565,-14.2528,167.8309,0.0,0.0,0.0,173.849998474121,up,2026-08-20T15:50:01,0.0,0.0
SPX,2027-09-17,392,Call,6400.0,SPX270917C06400000,1677.4,1682.4,1679.9,1489.58,0.0,0.0,0.0,3.0,0.2384,0.8476,0.0001,19.077,-0.4454,51.4242,1679.831,0.0,0.0,0.0,1661.40002441406,down,2026-07-27T14:59:48,0.0,0.0
SPX,2027-09-17,392,Put,6400.0,SPX270917P06400000,170.2,171.6,170.89999999999998,174.7,0.0,0.0,0.0,163.0,0.2391,-0.1562,0.0001,19.077,-0.5606,-14.5223,170.9096,0.0,0.0,0.0,176.900001525879,down,2026-08-18T15:37:48,0.0,0.0
SPX,2027-09-17,392,Call,6425.0,SPX270917C06425000,1656.4,1662.2,1659.3000000000002,1529.59,0.0,0.0,0.0,1.0,0.2374,0.8447,0.0001,19.306,-0.4513,51.4059,1659.1377,0.0,0.0,0.0,1640.95001220703,up,2026-05-11T13:53:21,0.0,0.0
SPX,2027-09-17,392,Put,6425.0,SPX270917P06425000,173.2,174.8,174.0,178.08,0.0,0.0,0.0,14.0,0.2379,-0.1591,0.0001,19.306,-0.5646,-14.7962,174.0443,0.0,0.0,0.0,180.099998474121,down,2026-08-18T15:17:20,0.0,0.0
SPX,2027-09-17,392,Call,6450.0,SPX270917C06450000,1636.2,1641.1,1638.65,0.0,0.0,0.0,0.0,0.0,0.2362,0.8418,0.0001,19.5349,-0.4571,51.3837,1638.5013,0.0,0.0,0.0,1620.35003662109,no_change,,0.0,0.0
SPX,2027-09-17,392,Put,6450.0,SPX270917P06450000,176.5,178.0,177.25,177.07,-6.33,-3.45147,2.0,79.0,0.2368,-0.1621,0.0001,19.5349,-0.5686,-15.074,177.236,177.08,177.08,177.07,183.400001525879,down,2026-08-21T12:16:06,0.0,0.0
SPX,2027-09-17,392,Call,6475.0,SPX270917C06475000,1615.3,1621.0,1618.15,0.0,0.0,0.0,0.0,0.0,0.2352,0.8388,0.0001,19.7638,-0.4629,51.3579,1617.9226,0.0,0.0,0.0,1599.95001220703,no_change,,0.0,0.0
SPX,2027-09-17,392,Put,6475.0,SPX270917P06475000,179.7,181.2,180.45,183.37,-3.33,-1.78361,2.0,16.0,0.2356,-0.1651,0.0001,19.7638,-0.5726,-15.3554,180.4852,183.03,183.37,183.03,186.700004577637,up,2026-08-21T09:49:07,0.0,0.0
SPX,2027-09-17,392,Call,6500.0,SPX270917C06500000,1594.9,1600.0,1597.45,1693.42,0.0,0.0,0.0,36.0,0.234,0.8357,0.0001,19.9926,-0.4687,51.3287,1597.402,0.0,0.0,0.0,1579.45001220703,up,2026-08-05T11:07:44,0.0,0.0
SPX,2027-09-17,392,Put,6500.0,SPX270917P06500000,183.2,184.5,183.85,189.6,0.0,0.0,0.0,2794.0,0.2345,-0.1682,0.0001,19.9926,-0.5765,-15.6402,183.7927,0.0,0.0,0.0,190.099998474121,no_change,2026-08-18T10:42:03,0.0,0.0
SPX,2027-09-17,392,Call,6525.0,SPX270917C06525000,1574.4,1580.0,1577.2,0.0,0.0,0.0,0.0,0.0,0.2329,0.8326,0.0001,20.2216,-0.4744,51.296,1576.9403,0.0,0.0,0.0,1559.20001220703,no_change,,0.0,0.0
SPX,2027-09-17,392,Put,6525.0,SPX270917P06525000,186.5,187.9,187.2,190.46,-3.09,-1.59648,4.0,7.0,0.2334,-0.1713,0.0001,20.2216,-0.5804,-15.9284,187.1591,190.35,190.46,190.35,193.549995422363,up,2026-08-21T09:57:51,0.0,0.0
SPX,2027-09-17,392,Call,6550.0,SPX270917C06550000,1554.4,1559.1,1556.75,1376.21,0.0,0.0,0.0,1.0,0.2317,0.8294,0.0001,20.4511,-0.4801,51.2596,1556.5381,0.0,0.0,0.0,1538.80004882812,up,2026-05-07T11:59:34,0.0,0.0
SPX,2027-09-17,392,Put,6550.0,SPX270917P06550000,189.9,191.4,190.65,196.48,0.0,0.0,0.0,297.0,0.2322,-0.1744,0.0001,20.4511,-0.5843,-16.2204,190.585,0.0,0.0,0.0,197.099998474121,down,2026-08-18T14:09:21,0.0,0.0
SPX,2027-09-17,392,Call,6575.0,SPX270917C06575000,1533.7,1539.3,1536.5,1639.39,0.0,0.0,0.0,0.0,0.2307,0.8262,0.0001,20.6816,-0.4857,51.219,1536.1963,0.0,0.0,0.0,1518.65002441406,down,2026-08-14T15:27:25,0.0,0.0
SPX,2027-09-17,392,Put,6575.0,SPX270917P06575000,193.3,194.8,194.05,191.0,0.0,0.0,0.0,250.0,0.2311,-0.1776,0.0001,20.6816,-0.5881,-16.5167,194.0712,0.0,0.0,0.0,200.700004577637,down,2026-08-14T15:22:28,0.0,0.0
SPX,2027-09-17,392,Call,6600.0,SPX270917C06600000,1513.9,1518.5,1516.2,1388.36,0.0,0.0,0.0,3.0,0.2295,0.823,0.0001,20.9132,-0.4913,51.1734,1515.9159,0.0,0.0,0.0,1498.45001220703,down,2026-07-17T11:15:01,0.0,0.0
SPX,2027-09-17,392,Put,6600.0,SPX270917P06600000,197.1,198.4,197.75,200.3,0.0,0.0,0.0,255.0,0.23,-0.1809,0.0001,20.9132,-0.5918,-16.8179,197.6188,0.0,0.0,0.0,204.349998474121,up,2026-08-17T16:06:31,0.0,0.0
SPX,2027-09-17,392,Call,6625.0,SPX270917C06625000,1493.1,1498.8,1495.9499999999998,1506.71,0.0,0.0,0.0,1.0,0.2284,0.8196,0.0001,21.1464,-0.4968,51.1222,1495.698,0.0,0.0,0.0,1478.34997558594,down,2026-08-20T12:45:47,0.0,0.0
SPX,2027-09-17,392,Put,6625.0,SPX270917P06625000,200.6,202.0,201.3,204.4,0.0,0.0,0.0,40.0,0.2288,-0.1842,0.0001,21.1464,-0.5956,-17.1247,201.229,0.0,0.0,0.0,208.049995422363,up,2026-08-20T12:45:47,0.0,0.0
SPX,2027-09-17,392,Call,6650.0,SPX270917C06650000,1473.6,1478.2,1475.9,1349.21,0.0,0.0,0.0,2.0,0.2273,0.8163,0.0001,21.3811,-0.5023,51.0647,1475.544,0.0,0.0,0.0,1458.25,up,2026-07-17T11:16:10,0.0,0.0
SPX,2027-09-17,392,Put,6650.0,SPX270917P06650000,204.4,205.7,205.05,203.7,-8.1,-3.82436,3.0,141.0,0.2277,-0.1876,0.0001,21.3811,-0.5992,-17.4378,204.903,207.46,207.46,203.7,211.799995422363,down,2026-08-21T15:58:45,0.0,0.0
SPX,2027-09-17,392,Call,6675.0,SPX270917C06675000,1453.2,1458.6,1455.9,0.0,0.0,0.0,0.0,0.0,0.2262,0.8128,0.0001,21.6174,-0.5078,51.0004,1455.4553,0.0,0.0,0.0,1438.34997558594,no_change,,0.0,0.0
SPX,2027-09-17,392,Put,6675.0,SPX270917P06675000,208.0,209.5,208.75,215.89,0.0,0.0,0.0,53.0,0.2266,-0.191,0.0001,21.6174,-0.6029,-17.7577,208.6424,0.0,0.0,0.0,215.650001525879,down,2026-08-18T11:30:42,0.0,0.0
SPX,2027-09-17,392,Call,6700.0,SPX270917C06700000,1433.6,1438.1,1435.85,1414.53,0.0,0.0,0.0,4.0,0.225,0.8094,0.0002,21.8548,-0.5132,50.9291,1435.4337,0.0,0.0,0.0,1418.40002441406,down,2026-08-20T15:55:29,0.0,0.0
SPX,2027-09-17,392,Put,6700.0,SPX270917P06700000,211.8,213.3,212.55,211.0,0.0,0.0,0.0,245.0,0.2255,-0.1945,0.0002,21.8548,-0.6064,-18.0846,212.4487,0.0,0.0,0.0,219.549995422363,down,2026-08-19T15:58:45,0.0,0.0
SPX,2027-09-17,392,Call,6725.0,SPX270917C06725000,1413.3,1418.8,1416.05,1422.24,23.59,1.68662,1.0,9.0,0.224,0.8058,0.0002,22.0931,-0.5185,50.8507,1415.4806,1422.24,1422.24,1422.24,1398.65002441406,up,2026-08-21T12:46:17,0.0,0.0
SPX,2027-09-17,392,Put,6725.0,SPX270917P06725000,215.7,217.2,216.45,216.04,-7.51,-3.35943,1.0,43.0,0.2244,-0.198,0.0002,22.0931,-0.61,-18.4185,216.3237,216.04,216.04,216.04,223.549995422363,down,2026-08-21T12:46:17,0.0,0.0
SPX,2027-09-17,392,Call,6750.0,SPX270917C06750000,1393.8,1398.4,1396.1,1438.8,0.0,0.0,0.0,8.0,0.2228,0.8022,0.0002,22.3315,-0.5238,50.7656,1395.5976,0.0,0.0,0.0,1378.75,up,2026-08-18T09:43:22,0.0,0.0
SPX,2027-09-17,392,Put,6750.0,SPX270917P06750000,219.7,221.1,220.39999999999998,226.26,0.0,0.0,0.0,136.0,0.2232,-0.2016,0.0002,22.3316,-0.6134,-18.7592,220.2688,0.0,0.0,0.0,227.549995422363,down,2026-08-18T10:35:31,0.0,0.0
SPX,2027-09-17,392,Call,6775.0,SPX270917C06775000,1373.7,1379.1,1376.4,1259.32,0.0,0.0,0.0,1.0,0.2218,0.7986,0.0002,22.5697,-0.529,50.6744,1375.7862,0.0,0.0,0.0,1359.10003662109,up,2026-07-17T11:08:48,0.0,0.0
SPX,2027-09-17,392,Put,6775.0,SPX270917P06775000,223.7,225.1,224.39999999999998,230.33,0.0,0.0,0.0,177.0,0.2221,-0.2053,0.0002,22.5697,-0.6168,-19.106,224.2854,0.0,0.0,0.0,231.650001525879,up,2026-08-18T12:33:36,0.0,0.0
SPX,2027-09-17,392,Call,6800.0,SPX270917C06800000,1354.1,1358.9,1356.5,1143.6,0.0,0.0,0.0,23.0,0.2207,0.7948,0.0002,22.807,-0.5341,50.5778,1356.0476,0.0,0.0,0.0,1339.45001220703,down,2026-07-29T10:26:42,0.0,0.0
SPX,2027-09-17,392,Put,6800.0,SPX270917P06800000,227.8,229.2,228.5,227.0,-8.85,-3.75238,1.0,259.0,0.221,-0.209,0.0002,22.807,-0.6201,-19.4582,228.3749,227.0,227.0,227.0,235.849998474121,down,2026-08-21T15:32:35,0.0,0.0
SPX,2027-09-17,392,Call,6825.0,SPX270917C06825000,1334.1,1339.7,1336.9,1159.99,0.0,0.0,0.0,3.0,0.2196,0.791,0.0002,23.0431,-0.5392,50.4764,1336.3829,0.0,0.0,0.0,1319.89996337891,up,2026-07-23T14:43:14,0.0,0.0
SPX,2027-09-17,392,Put,6825.0,SPX270917P06825000,231.9,233.4,232.65,228.95,0.0,0.0,0.0,204.0,0.2199,-0.2128,0.0002,23.0431,-0.6234,-19.8152,232.5382,0.0,0.0,0.0,240.150001525879,up,2026-08-10T10:00:41,0.0,0.0
SPX,2027-09-17,392,Call,6850.0,SPX270917C06850000,1314.9,1319.6,1317.25,1268.01,0.0,0.0,0.0,3.0,0.2184,0.7872,0.0002,23.2779,-0.5442,50.3709,1316.793,0.0,0.0,0.0,1300.39996337891,up,2026-07-10T09:59:48,0.0,0.0
SPX,2027-09-17,392,Put,6850.0,SPX270917P06850000,236.2,237.7,236.95,243.5,0.0,0.0,0.0,147.0,0.2187,-0.2166,0.0002,23.2779,-0.6265,-20.1763,236.7763,0.0,0.0,0.0,244.450004577637,up,2026-08-18T11:57:39,0.0,0.0
SPX,2027-09-17,392,Call,6875.0,SPX270917C06875000,1295.3,1300.6,1297.9499999999998,1324.11,0.0,0.0,0.0,4.0,0.2174,0.7833,0.0002,23.5114,-0.5491,50.2614,1297.2787,0.0,0.0,0.0,1281.09997558594,up,2026-08-04T10:44:12,0.0,0.0
SPX,2027-09-17,392,Put,6875.0,SPX270917P06875000,240.5,242.0,241.25,251.0,0.0,0.0,0.0,70.0,0.2176,-0.2206,0.0002,23.5114,-0.6296,-20.5414,241.0901,0.0,0.0,0.0,248.849998474121,up,2026-08-20T15:59:30,0.0,0.0
SPX,2027-09-17,392,Call,6900.0,SPX270917C06900000,1276.3,1280.7,1278.5,1372.39,0.0,0.0,0.0,18.0,0.2163,0.7793,0.0002,23.7438,-0.5539,50.1478,1277.8409,0.0,0.0,0.0,1261.70001220703,up,2026-08-17T11:56:47,0.0,0.0
SPX,2027-09-17,392,Put,6900.0,SPX270917P06900000,245.1,246.4,245.75,245.6,-7.75,-3.05901,5.0,736.0,0.2166,-0.2245,0.0002,23.7438,-0.6327,-20.9106,245.4803,245.3,245.7,245.0,253.349998474121,down,2026-08-21T15:59:30,0.0,0.0
SPX,2027-09-17,392,Call,6925.0,SPX270917C06925000,1256.6,1261.8,1259.1999999999998,1344.04,0.0,0.0,0.0,5.0,0.2153,0.7753,0.0002,23.9755,-0.5587,50.0296,1258.4805,0.0,0.0,0.0,1242.5,up,2026-08-05T11:20:55,0.0,0.0
SPX,2027-09-17,392,Put,6925.0,SPX270917P06925000,249.3,250.8,250.05,253.68,0.0,0.0,0.0,134.0,0.2154,-0.2286,0.0002,23.9755,-0.6356,-21.2844,249.9479,0.0,0.0,0.0,257.850006103516,down,2026-08-20T11:08:25,0.0,0.0
SPX,2027-09-17,392,Call,6950.0,SPX270917C06950000,1237.5,1242.1,1239.8,1132.5,0.0,0.0,0.0,5.0,0.2141,0.7712,0.0002,24.207,-0.5634,49.906,1239.1986,0.0,0.0,0.0,1222.89996337891,up,2026-07-20T10:35:41,0.0,0.0
SPX,2027-09-17,392,Put,6950.0,SPX270917P06950000,253.9,255.4,254.65,253.4,0.0,0.0,0.0,60.0,0.2143,-0.2326,0.0002,24.207,-0.6385,-21.6636,254.4942,0.0,0.0,0.0,262.550003051758,up,2026-08-19T15:59:30,0.0,0.0
SPX,2027-09-17,392,Call,6975.0,SPX270917C06975000,1218.2,1223.3,1220.75,1160.5,0.0,0.0,0.0,44.0,0.213,0.767,0.0002,24.4384,-0.568,49.7759,1219.9968,0.0,0.0,0.0,1204.14996337891,down,2026-08-03T11:32:02,0.0,0.0
SPX,2027-09-17,392,Put,6975.0,SPX270917P06975000,258.7,260.0,259.35,259.56,-7.69,-2.87746,20.0,201.0,0.2132,-0.2368,0.0002,24.4384,-0.6413,-22.0493,259.1204,259.37,259.56,259.37,267.25,up,2026-08-21T14:30:54,0.0,0.0
SPX,2027-09-17,392,Call,7000.0,SPX270917C07000000,1199.1,1203.3,1201.1999999999998,1207.11,21.91,1.84863,3.0,164.0,0.2119,0.7628,0.0002,24.6702,-0.5725,49.6384,1200.8767,1207.11,1207.11,1207.11,1185.20001220703,up,2026-08-21T12:37:04,0.0,0.0
SPX,2027-09-17,392,Put,7000.0,SPX270917P07000000,263.4,264.7,264.04999999999995,262.1,-10.0,-3.67512,84.0,2257.0,0.2121,-0.241,0.0002,24.6702,-0.644,-22.4424,263.8283,267.59,267.62,262.1,272.099990844727,down,2026-08-21T15:50:19,0.0,0.0
SPX,2027-09-17,392,Call,7025.0,SPX270917C07025000,1180.2,1185.2,1182.7,1281.41,0.0,0.0,0.0,2.0,0.2109,0.7585,0.0002,24.9021,-0.577,49.4926,1181.8402,0.0,0.0,0.0,1166.25,up,2026-08-14T13:12:58,0.0,0.0
SPX,2027-09-17,392,Put,7025.0,SPX270917P07025000,268.2,269.5,268.85,269.4,-7.5,-2.70856,18.0,168.0,0.211,-0.2453,0.0002,24.9021,-0.6466,-22.8438,268.6199,267.3,269.4,267.1,276.899993896484,no_change,2026-08-21T16:02:41,0.0,0.0
SPX,2027-09-17,392,Call,7050.0,SPX270917C07050000,1161.3,1165.8,1163.55,1192.73,0.0,0.0,0.0,47.0,0.2097,0.7542,0.0002,25.134,-0.5813,49.338,1162.8896,0.0,0.0,0.0,1147.45001220703,down,2026-08-18T15:46:07,0.0,0.0
SPX,2027-09-17,392,Put,7050.0,SPX270917P07050000,272.9,274.4,273.65,273.6,-8.3,-2.94431,76.0,102.0,0.2099,-0.2497,0.0002,25.134,-0.6491,-23.254,273.4973,276.96,277.08,271.9,281.900009155273,up,2026-08-21T15:59:36,0.0,0.0
SPX,2027-09-17,392,Call,7075.0,SPX270917C07075000,1142.4,1147.4,1144.9,1111.14,0.0,0.0,0.0,36.0,0.2087,0.7498,0.0002,25.3654,-0.5855,49.1747,1144.0268,0.0,0.0,0.0,1128.45001220703,down,2026-08-03T16:10:41,0.0,0.0
SPX,2027-09-17,392,Put,7075.0,SPX270917P07075000,277.8,279.4,278.6,286.5,0.0,0.0,0.0,154.0,0.2088,-0.2541,0.0002,25.3654,-0.6516,-23.6729,278.4626,0.0,0.0,0.0,287.0,no_change,2026-08-20T15:45:06,0.0,0.0
SPX,2027-09-17,392,Call,7100.0,SPX270917C07100000,1124.7,1127.4,1126.0500000000002,1169.81,0.0,0.0,0.0,63.0,0.2076,0.7452,0.0002,25.5956,-0.5897,49.0031,1125.2541,0.0,0.0,0.0,1109.90002441406,down,2026-08-18T09:42:35,0.0,0.0
SPX,2027-09-17,392,Put,7100.0,SPX270917P07100000,282.9,284.4,283.65,282.1,-10.0,-3.42348,116.0,1475.0,0.2077,-0.2586,0.0002,25.5957,-0.6539,-24.1001,283.5179,287.89,287.96,281.78,292.099990844727,up,2026-08-21T15:20:59,0.0,0.0
SPX,2027-09-17,392,Call,7125.0,SPX270917C07125000,1106.0,1108.7,1107.35,1113.68,22.43,2.05544,1.0,19.0,0.2065,0.7407,0.0002,25.824,-0.5937,48.8243,1106.5734,1113.68,1113.68,1113.68,1091.25,down,2026-08-21T12:37:30,0.0,0.0
SPX,2027-09-17,392,Put,7125.0,SPX270917P07125000,288.1,289.5,288.8,288.36,-8.69,-2.92543,10.0,1238.0,0.2066,-0.2632,0.0002,25.824,-0.6561,-24.5345,288.6652,292.6,292.6,288.36,297.050003051758,down,2026-08-21T12:37:30,0.0,0.0
SPX,2027-09-17,392,Call,7150.0,SPX270917C07150000,1087.4,1090.1,1088.75,1142.32,0.0,0.0,0.0,81.0,0.2054,0.736,0.0002,26.05,-0.5976,48.6388,1087.9862,0.0,0.0,0.0,1072.85003662109,down,2026-08-19T10:46:30,0.0,0.0
SPX,2027-09-17,392,Put,7150.0,SPX270917P07150000,293.2,294.8,294.0,304.5,0.0,0.0,0.0,464.0,0.2055,-0.2678,0.0002,26.05,-0.6582,-24.9755,293.9061,0.0,0.0,0.0,302.699996948242,up,2026-08-20T15:57:30,0.0,0.0
SPX,2027-09-17,392,Call,7175.0,SPX270917C07175000,1068.9,1071.6,1070.25,1108.67,0.0,0.0,0.0,71.0,0.2043,0.7313,0.0002,26.273,-0.6014,48.4483,1069.494,0.0,0.0,0.0,1054.35003662109,up,2026-08-19T14:14:36,0.0,0.0
SPX,2027-09-17,392,Put,7175.0,SPX270917P07175000,298.5,300.1,299.3,298.65,0.0,0.0,0.0,226.0,0.2044,-0.2725,0.0002,26.273,-0.6602,-25.4217,299.242,0.0,0.0,0.0,308.099990844727,up,2026-08-19T10:29:48,0.0,0.0
SPX,2027-09-17,392,Call,7200.0,SPX270917C07200000,1050.5,1053.3,1051.9,1048.63,0.0,0.0,0.0,1535.0,0.2032,0.7266,0.0002,26.4929,-0.6051,48.2532,1051.0979,0.0,0.0,0.0,1036.14996337891,down,2026-08-20T13:48:00,0.0,0.0
SPX,2027-09-17,392,Put,7200.0,SPX270917P07200000,304.0,305.5,304.75,304.6,-9.0,-2.8699,1.0,1003.0,0.2033,-0.2773,0.0002,26.4929,-0.662,-25.8723,304.6739,304.6,304.6,304.6,313.599990844727,down,2026-08-21T15:59:54,0.0,0.0
SPX,2027-09-17,392,Call,7225.0,SPX270917C07225000,1032.2,1035.0,1033.6,1021.03,0.0,0.0,0.0,95.0,0.2022,0.7217,0.0002,26.7098,-0.6087,48.0538,1032.799,0.0,0.0,0.0,1017.80001831055,down,2026-08-20T14:43:41,0.0,0.0
SPX,2027-09-17,392,Put,7225.0,SPX270917P07225000,309.5,311.0,310.25,314.41,0.0,0.0,0.0,34.0,0.2022,-0.2822,0.0002,26.7098,-0.6638,-26.3274,310.203,0.0,0.0,0.0,319.199996948242,down,2026-08-18T15:17:20,0.0,0.0
SPX,2027-09-17,392,Call,7250.0,SPX270917C07250000,1014.0,1016.8,1015.4,1066.5,0.0,0.0,0.0,58.0,0.201,0.7168,0.0002,26.9239,-0.6121,47.8496,1014.5985,0.0,0.0,0.0,999.850006103516,no_change,2026-08-06T14:58:10,0.0,0.0
SPX,2027-09-17,392,Put,7250.0,SPX270917P07250000,315.1,316.6,315.85,324.05,0.0,0.0,0.0,178.0,0.2011,-0.2871,0.0002,26.9239,-0.6654,-26.7872,315.8305,0.0,0.0,0.0,325.0,down,2026-08-20T15:15:42,0.0,0.0
SPX,2027-09-17,392,Call,7275.0,SPX270917C07275000,995.9,998.7,997.3,986.26,0.0,0.0,0.0,4.0,0.2,0.7118,0.0002,27.1355,-0.6154,47.6396,996.4977,0.0,0.0,0.0,981.75,up,2026-08-20T15:07:18,0.0,0.0
SPX,2027-09-17,392,Put,7275.0,SPX270917P07275000,320.8,322.3,321.55,318.44,0.0,0.0,0.0,79.0,0.2001,-0.2921,0.0002,27.1355,-0.6669,-27.2527,321.5577,0.0,0.0,0.0,330.75,down,2026-08-19T10:45:21,0.0,0.0
SPX,2027-09-17,392,Call,7300.0,SPX270917C07300000,977.9,980.7,979.3,1039.87,0.0,0.0,0.0,64.0,0.1989,0.7067,0.0002,27.3451,-0.6186,47.4226,978.4984,0.0,0.0,0.0,963.900024414062,down,2026-08-07T09:30:09,0.0,0.0
SPX,2027-09-17,392,Put,7300.0,SPX270917P07300000,326.8,328.1,327.45000000000005,325.23,-11.42,-3.39225,64.0,630.0,0.1989,-0.2972,0.0002,27.3452,-0.6683,-27.7253,327.3866,330.4,330.4,325.23,336.649993896484,down,2026-08-21T15:36:01,0.0,0.0
SPX,2027-09-17,392,Call,7325.0,SPX270917C07325000,960.0,962.7,961.35,1044.27,0.0,0.0,0.0,12.0,0.1978,0.7016,0.0002,27.5529,-0.6217,47.1969,960.6029,0.0,0.0,0.0,946.049987792969,up,2026-08-05T11:20:55,0.0,0.0
SPX,2027-09-17,392,Put,7325.0,SPX270917P07325000,332.5,334.0,333.25,338.22,-4.38,-1.27846,2.0,52.0,0.1979,-0.3023,0.0002,27.5529,-0.6696,-28.2066,333.319,337.85,338.22,337.85,342.599990844727,up,2026-08-21T09:57:51,0.0,0.0
SPX,2027-09-17,392,Call,7350.0,SPX270917C07350000,942.2,944.9,943.55,1037.88,0.0,0.0,0.0,15.0,0.1967,0.6963,0.0002,27.7588,-0.6246,46.9614,942.8137,0.0,0.0,0.0,928.400024414062,up,2026-08-14T13:08:32,0.0,0.0
SPX,2027-09-17,392,Put,7350.0,SPX270917P07350000,338.5,340.0,339.25,340.3,0.0,0.0,0.0,156.0,0.1968,-0.3075,0.0002,27.7588,-0.6707,-28.6977,339.3579,0.0,0.0,0.0,348.699996948242,up,2026-08-20T09:36:47,0.0,0.0
SPX,2027-09-17,392,Call,7375.0,SPX270917C07375000,924.5,927.3,925.9,920.25,0.0,0.0,0.0,4.0,0.1957,0.691,0.0002,27.9626,-0.6274,46.7155,925.1337,0.0,0.0,0.0,910.75,up,2026-08-04T09:34:23,0.0,0.0
SPX,2027-09-17,392,Put,7375.0,SPX270917P07375000,344.6,346.1,345.35,335.11,0.0,0.0,0.0,153.0,0.1957,-0.3128,0.0002,27.9626,-0.6717,-29.1992,345.506,0.0,0.0,0.0,354.900009155273,down,2026-08-13T11:54:07,0.0,0.0
SPX,2027-09-17,392,Call,7400.0,SPX270917C07400000,906.8,909.7,908.25,997.59,0.0,0.0,0.0,389.0,0.1946,0.6856,0.0002,28.1638,-0.6301,46.4591,907.5658,0.0,0.0,0.0,893.350006103516,up,2026-08-17T11:56:47,0.0,0.0
SPX,2027-09-17,392,Put,7400.0,SPX270917P07400000,350.8,352.3,351.55,350.6,-10.2,-2.82705,1.0,691.0,0.1946,-0.3182,0.0002,28.1638,-0.6725,-29.7112,351.7661,350.6,350.6,350.6,360.800003051758,up,2026-08-21T15:58:03,0.0,0.0
SPX,2027-09-17,392,Call,7425.0,SPX270917C07425000,889.3,892.2,890.75,862.44,0.0,0.0,0.0,3.0,0.1936,0.6802,0.0002,28.3616,-0.6326,46.1929,890.113,0.0,0.0,0.0,875.899993896484,up,2026-08-03T14:53:05,0.0,0.0
SPX,2027-09-17,392,Put,7425.0,SPX270917P07425000,357.1,358.7,357.9,369.8,0.0,0.0,0.0,89.0,0.1936,-0.3237,0.0002,28.3616,-0.6732,-30.233,358.1413,0.0,0.0,0.0,367.699996948242,up,2026-08-20T15:57:20,0.0,0.0
SPX,2027-09-17,392,Call,7450.0,SPX270917C07450000,872.0,874.8,873.4,911.5,0.0,0.0,0.0,105.0,0.1924,0.6747,0.0002,28.5553,-0.635,45.9188,872.7776,0.0,0.0,0.0,858.75,down,2026-08-19T13:58:29,0.0,0.0
SPX,2027-09-17,392,Put,7450.0,SPX270917P07450000,363.6,365.1,364.35,367.38,-6.87,-1.83567,2.0,239.0,0.1925,-0.3292,0.0002,28.5553,-0.6737,-30.7627,364.6339,368.36,368.36,367.38,374.25,down,2026-08-21T09:45:10,0.0,0.0
SPX,2027-09-17,392,Call,7475.0,SPX270917C07475000,854.7,857.6,856.1500000000001,719.95,0.0,0.0,0.0,9.0,0.1914,0.669,0.0002,28.7444,-0.6371,45.6379,855.5619,0.0,0.0,0.0,841.5,down,2026-07-29T14:57:59,0.0,0.0
SPX,2027-09-17,392,Put,7475.0,SPX270917P07475000,370.1,371.6,370.85,384.6,0.0,0.0,0.0,270.0,0.1914,-0.3348,0.0002,28.7444,-0.6741,-31.2992,371.2462,0.0,0.0,0.0,380.950012207031,up,2026-08-20T15:58:45,0.0,0.0
SPX,2027-09-17,392,Call,7500.0,SPX270917C07500000,837.6,840.5,839.05,844.59,0.0,0.0,0.0,857.0,0.1903,0.6634,0.0002,28.9283,-0.6392,45.3519,838.4675,0.0,0.0,0.0,824.600006103516,down,2026-08-20T11:45:08,0.0,0.0
SPX,2027-09-17,392,Put,7500.0,SPX270917P07500000,376.8,378.3,377.55,381.2,-6.45,-1.66387,3.0,1546.0,0.1903,-0.3405,0.0002,28.9283,-0.6743,-31.8407,377.98,381.2,381.2,381.2,387.649993896484,down,2026-08-21T10:17:43,0.0,0.0
SPX,2027-09-17,392,Call,7525.0,SPX270917C07525000,820.5,823.4,821.95,855.0,0.0,0.0,0.0,76.0,0.1892,0.6576,0.0002,29.1069,-0.641,45.0615,821.4962,0.0,0.0,0.0,807.649993896484,up,2026-08-18T11:51:20,0.0,0.0
SPX,2027-09-17,392,Put,7525.0,SPX270917P07525000,383.6,385.1,384.35,370.8,0.0,0.0,0.0,41.0,0.1892,-0.3463,0.0002,29.1069,-0.6744,-32.3867,384.8367,0.0,0.0,0.0,394.649993896484,up,2026-08-13T15:58:45,0.0,0.0
SPX,2027-09-17,392,Call,7550.0,SPX270917C07550000,803.6,806.6,805.1,855.98,0.0,0.0,0.0,4475.0,0.1882,0.6517,0.0002,29.2802,-0.6428,44.7666,804.6493,0.0,0.0,0.0,790.5,down,2026-08-19T10:46:30,0.0,0.0
SPX,2027-09-17,392,Put,7550.0,SPX270917P07550000,390.5,392.0,391.25,395.1,-6.55,-1.63077,5.0,4392.0,0.1881,-0.3521,0.0002,29.2802,-0.6743,-32.9373,391.8179,395.3,395.3,395.0,401.649993896484,up,2026-08-21T10:18:56,0.0,0.0
SPX,2027-09-17,392,Call,7575.0,SPX270917C07575000,787.1,789.0,788.05,898.12,0.0,0.0,0.0,56.0,0.1871,0.6458,0.0002,29.4486,-0.6443,44.4659,787.9289,0.0,0.0,0.0,773.799987792969,up,2026-08-13T15:15:33,0.0,0.0
SPX,2027-09-17,392,Put,7575.0,SPX270917P07575000,397.6,399.1,398.35,393.23,0.0,0.0,0.0,54.0,0.1871,-0.358,0.0002,29.4485,-0.674,-33.4936,398.9254,0.0,0.0,0.0,408.850006103516,no_change,2026-08-19T14:44:20,0.0,0.0
SPX,2027-09-17,392,Call,7600.0,SPX270917C07600000,770.5,772.4,771.45,767.9,10.5,1.38632,1.0,181.0,0.1861,0.6398,0.0003,29.6121,-0.6457,44.1577,771.3371,767.9,767.9,767.9,757.399993896484,up,2026-08-21T10:15:34,0.0,0.0
SPX,2027-09-17,392,Put,7600.0,SPX270917P07600000,404.8,406.3,405.55,404.5,-11.65,-2.79947,6.0,160.0,0.186,-0.3641,0.0003,29.6121,-0.6736,-34.0573,406.1616,409.1,409.1,404.5,416.149993896484,down,2026-08-21T13:49:00,0.0,0.0
SPX,2027-09-17,392,Call,7625.0,SPX270917C07625000,754.0,755.9,754.95,744.21,0.0,0.0,0.0,148.0,0.185,0.6337,0.0003,29.7709,-0.6469,43.84,754.8769,0.0,0.0,0.0,740.900024414062,down,2026-08-20T14:43:41,0.0,0.0
SPX,2027-09-17,392,Put,7625.0,SPX270917P07625000,412.1,413.6,412.85,425.9,0.0,0.0,0.0,154.0,0.1849,-0.3702,0.0003,29.7709,-0.6729,-34.6306,413.5295,0.0,0.0,0.0,423.049987792969,up,2026-08-20T15:57:10,0.0,0.0
SPX,2027-09-17,392,Call,7650.0,SPX270917C07650000,737.6,739.6,738.6,726.21,0.0,0.0,0.0,4050.0,0.184,0.6275,0.0003,29.9251,-0.6479,43.5111,738.5519,0.0,0.0,0.0,724.800018310547,up,2026-08-20T14:35:03,0.0,0.0
SPX,2027-09-17,392,Put,7650.0,SPX270917P07650000,419.6,421.0,420.3,424.88,-6.27,-1.45425,160.0,4171.0,0.1839,-0.3763,0.0003,29.9251,-0.6722,-35.2151,421.0327,425.21,425.24,424.88,431.149993896484,down,2026-08-21T10:01:29,0.0,0.0
SPX,2027-09-17,392,Call,7675.0,SPX270917C07675000,721.4,723.4,722.4,718.0,0.0,0.0,0.0,412.0,0.1829,0.6213,0.0003,30.0742,-0.6488,43.1702,722.3662,0.0,0.0,0.0,708.599975585938,no_change,2026-08-20T13:38:13,0.0,0.0
SPX,2027-09-17,392,Put,7675.0,SPX270917P07675000,427.1,428.6,427.85,430.79,0.0,0.0,0.0,23.0,0.1828,-0.3826,0.0003,30.0742,-0.6712,-35.8116,428.6749,0.0,0.0,0.0,438.850006103516,down,2026-08-18T14:41:19,0.0,0.0
SPX,2027-09-17,392,Call,7700.0,SPX270917C07700000,705.3,707.3,706.3,702.85,10.05,1.45063,8.0,561.0,0.1818,0.615,0.0003,30.2177,-0.6494,42.8175,706.3235,703.33,712.76,702.85,692.800018310547,down,2026-08-21T14:32:26,0.0,0.0
SPX,2027-09-17,392,Put,7700.0,SPX270917P07700000,434.9,436.4,435.65,436.42,-10.33,-2.31226,109.0,1605.0,0.1818,-0.3889,0.0003,30.2177,-0.67,-36.42,436.4603,439.53,439.53,434.24,446.75,up,2026-08-21T14:32:26,0.0,0.0
SPX,2027-09-17,392,Call,7725.0,SPX270917C07725000,689.4,691.4,690.4,726.96,0.0,0.0,0.0,43.0,0.1808,0.6085,0.0003,30.3549,-0.6499,42.4546,690.4279,0.0,0.0,0.0,676.900024414062,up,2026-08-19T14:44:25,0.0,0.0
SPX,2027-09-17,392,Put,7725.0,SPX270917P07725000,442.7,444.3,443.5,441.5,-13.3,-2.92436,9.0,263.0,0.1807,-0.3953,0.0003,30.3549,-0.6687,-37.0384,444.3927,444.1,444.39,441.5,454.800003051758,down,2026-08-21T15:07:05,0.0,0.0
SPX,2027-09-17,392,Call,7750.0,SPX270917C07750000,673.7,675.7,674.7,684.08,22.73,3.43691,6.0,229.0,0.1798,0.602,0.0003,30.4853,-0.6502,42.0836,674.6825,685.53,685.6,683.88,661.350006103516,up,2026-08-21T12:05:08,0.0,0.0
SPX,2027-09-17,392,Put,7750.0,SPX270917P07750000,450.6,452.4,451.5,449.43,-13.47,-2.90992,286.0,241.0,0.1797,-0.4018,0.0003,30.4853,-0.6671,-37.665,452.4754,457.41,457.41,449.01,462.900009155273,down,2026-08-21T15:20:59,0.0,0.0
SPX,2027-09-17,392,Call,7775.0,SPX270917C07775000,658.1,660.1,659.1,665.89,0.0,0.0,0.0,88.0,0.1788,0.5955,0.0003,30.6084,-0.6503,41.707,659.09,0.0,0.0,0.0,645.75,up,2026-08-20T11:44:14,0.0,0.0
SPX,2027-09-17,392,Put,7775.0,SPX270917P07775000,459.0,460.6,459.8,458.44,-12.86,-2.72862,10.0,180.0,0.1787,-0.4084,0.0003,30.6084,-0.6654,-38.2972,460.711,459.4,459.4,457.3,471.300003051758,up,2026-08-21T12:13:44,0.0,0.0
SPX,2027-09-17,392,Call,7800.0,SPX270917C07800000,642.6,644.6,643.6,642.1,11.55,1.83173,2.0,790.0,0.1777,0.5888,0.0003,30.7237,-0.6502,41.3264,643.6527,642.1,642.1,642.1,630.550018310547,up,2026-08-21T10:24:24,0.0,0.0
SPX,2027-09-17,392,Put,7800.0,SPX270917P07800000,467.5,468.9,468.2,465.6,-14.2,-2.95957,3.0,986.0,0.1777,-0.415,0.0003,30.7237,-0.6635,-38.9334,469.1017,467.7,467.7,465.6,479.800003051758,down,2026-08-21T11:36:53,0.0,0.0
SPX,2027-09-17,392,Call,7825.0,SPX270917C07825000,627.4,629.4,628.4,659.78,0.0,0.0,0.0,55.0,0.1767,0.5821,0.0003,30.8313,-0.6499,40.9421,628.3727,0.0,0.0,0.0,615.25,up,2026-08-18T12:19:24,0.0,0.0
SPX,2027-09-17,392,Put,7825.0,SPX270917P07825000,475.8,477.5,476.65,475.3,-13.15,-2.69219,9.0,147.0,0.1766,-0.4218,0.0003,30.8313,-0.6614,-39.5733,477.6498,476.4,476.4,475.3,488.449996948242,down,2026-08-21T14:03:22,0.0,0.0
SPX,2027-09-17,392,Call,7850.0,SPX270917C07850000,612.3,614.3,613.3,640.87,0.0,0.0,0.0,63.0,0.1757,0.5753,0.0003,30.9311,-0.6494,40.5529,613.2524,0.0,0.0,0.0,600.449981689453,up,2026-08-19T15:48:36,0.0,0.0
SPX,2027-09-17,392,Put,7850.0,SPX270917P07850000,484.7,486.2,485.45,489.9,-7.4,-1.48804,2.0,644.0,0.1756,-0.4286,0.0003,30.9311,-0.659,-40.2181,486.3575,489.9,489.9,489.9,497.300003051758,up,2026-08-21T10:14:30,0.0,0.0
SPX,2027-09-17,392,Call,7875.0,SPX270917C07875000,597.3,599.3,598.3,635.5,0.0,0.0,0.0,57.0,0.1747,0.5684,0.0003,31.0231,-0.6486,40.1566,598.2948,0.0,0.0,0.0,585.5,down,2026-08-18T10:36:49,0.0,0.0
SPX,2027-09-17,392,Put,7875.0,SPX270917P07875000,493.4,495.1,494.25,493.56,-12.64,-2.49704,6.0,72.0,0.1746,-0.4354,0.0003,31.0231,-0.6565,-40.87,495.228,500.0,500.0,493.21,506.199996948242,up,2026-08-21T14:24:57,0.0,0.0
SPX,2027-09-17,392,Call,7900.0,SPX270917C07900000,582.6,584.6,583.6,582.1,11.15,1.95289,874.0,983.0,0.1737,0.5615,0.0003,31.1071,-0.6477,39.7505,583.5037,582.16,582.16,577.28,570.949981689453,up,2026-08-21T14:45:33,0.0,0.0
SPX,2027-09-17,392,Put,7900.0,SPX270917P07900000,502.5,504.1,503.3,503.45,-12.05,-2.33754,882.0,913.0,0.1736,-0.4424,0.0003,31.1072,-0.6538,-41.5317,504.2649,509.1,509.3,502.3,515.5,down,2026-08-21T14:45:33,0.0,0.0
SPX,2027-09-17,392,Call,7925.0,SPX270917C07925000,568.0,570.0,569.0,560.56,0.0,0.0,0.0,189.0,0.1728,0.5544,0.0003,31.183,-0.6466,39.3325,568.8839,0.0,0.0,0.0,556.450012207031,up,2026-08-20T15:07:18,0.0,0.0
SPX,2027-09-17,392,Put,7925.0,SPX270917P07925000,511.6,513.3,512.45,506.0,0.0,0.0,0.0,41.0,0.1726,-0.4494,0.0003,31.183,-0.6508,-42.2053,513.473,0.0,0.0,0.0,524.699981689453,up,2026-08-19T16:05:01,0.0,0.0
SPX,2027-09-17,392,Call,7950.0,SPX270917C07950000,553.6,555.6,554.6,638.82,0.0,0.0,0.0,182.0,0.1718,0.5473,0.0003,31.2502,-0.6453,38.9017,554.4401,0.0,0.0,0.0,542.25,up,2026-08-14T15:57:00,0.0,0.0
SPX,2027-09-17,392,Put,7950.0,SPX270917P07950000,521.1,522.8,521.95,520.2,-14.2,-2.65718,7.0,190.0,0.1716,-0.4565,0.0003,31.2502,-0.6477,-42.8917,522.8574,525.64,525.64,520.2,534.399993896484,down,2026-08-21T14:04:42,0.0,0.0
SPX,2027-09-17,392,Call,7975.0,SPX270917C07975000,539.4,541.4,540.4,541.77,13.67,2.58853,52.0,7.0,0.1708,0.5402,0.0003,31.3085,-0.6438,38.459,540.1777,534.93,541.77,534.93,528.099975585938,up,2026-08-21T13:32:03,0.0,0.0
SPX,2027-09-17,392,Put,7975.0,SPX270917P07975000,530.7,532.4,531.55,530.8,-13.3,-2.4444,53.0,21.0,0.1707,-0.4637,0.0003,31.3085,-0.6444,-43.59,532.423,535.83,535.83,530.8,544.100006103516,down,2026-08-21T14:00:34,0.0,0.0
SPX,2027-09-17,392,Call,8000.0,SPX270917C08000000,525.3,527.4,526.3499999999999,527.51,13.26,2.57851,13.0,1320.0,0.1699,0.5329,0.0003,31.3573,-0.642,38.0072,526.1011,521.28,531.38,520.86,514.25,up,2026-08-21T13:32:30,0.0,0.0
SPX,2027-09-17,392,Put,8000.0,SPX270917P08000000,540.4,542.1,541.25,539.96,-14.04,-2.5343,5.0,1066.0,0.1697,-0.4709,0.0003,31.3573,-0.6408,-44.2973,542.1744,545.94,547.07,539.96,554.0,down,2026-08-21T12:37:04,0.0,0.0
SPX,2027-09-17,392,Call,8025.0,SPX270917C08025000,511.5,513.5,512.5,513.76,13.26,2.64935,2.0,155.0,0.1689,0.5256,0.0003,31.3964,-0.6401,37.5492,512.214,513.96,513.96,513.76,500.5,down,2026-08-21T13:31:53,0.0,0.0
SPX,2027-09-17,392,Put,8025.0,SPX270917P08025000,550.2,552.1,551.1500000000001,552.03,0.0,0.0,0.0,257.0,0.1688,-0.4782,0.0003,31.3964,-0.637,-45.0109,552.1154,0.0,0.0,0.0,564.050018310547,down,2026-08-20T12:46:51,0.0,0.0
SPX,2027-09-17,392,Call,8050.0,SPX270917C08050000,497.9,499.9,498.9,529.0,0.0,0.0,0.0,386.0,0.168,0.5183,0.0003,31.4258,-0.6379,37.0883,498.5193,0.0,0.0,0.0,487.0,no_change,2026-08-19T15:37:32,0.0,0.0
SPX,2027-09-17,392,Put,8050.0,SPX270917P08050000,560.3,562.2,561.25,559.5,-14.8,-2.57705,1.0,345.0,0.1678,-0.4856,0.0003,31.4258,-0.633,-45.7274,562.2487,559.5,559.5,559.5,574.300018310547,down,2026-08-21T14:04:10,0.0,0.0
SPX,2027-09-17,392,Call,8075.0,SPX270917C08075000,484.5,486.4,485.45,494.89,21.24,4.48432,130.0,27.0,0.1671,0.5108,0.0003,31.4454,-0.6355,36.6256,485.0193,494.89,494.89,494.89,473.650009155273,no_change,2026-08-21T11:51:19,0.0,0.0
SPX,2027-09-17,392,Put,8075.0,SPX270917P08075000,571.0,572.6,571.8,570.0,-14.75,-2.52245,133.0,154.0,0.1669,-0.493,0.0003,31.4454,-0.6288,-46.4457,572.5768,567.14,571.0,567.14,584.75,no_change,2026-08-21T14:04:07,0.0,0.0
SPX,2027-09-17,392,Call,8100.0,SPX270917C08100000,471.3,473.2,472.25,476.26,15.81,3.4336,28.0,418.0,0.1661,0.5033,0.0003,31.455,-0.6329,36.1604,471.7164,471.55,480.9,470.04,460.449996948242,up,2026-08-21T15:45:24,0.0,0.0
SPX,2027-09-17,392,Put,8100.0,SPX270917P08100000,581.3,583.1,582.2,581.24,-14.16,-2.37823,2.0,86.0,0.1659,-0.5005,0.0003,31.455,-0.6244,-47.1666,583.1019,581.24,581.24,581.24,595.399993896484,down,2026-08-21T13:31:07,0.0,0.0
SPX,2027-09-17,392,Call,8125.0,SPX270917C08125000,458.4,460.1,459.25,466.3,18.7,4.17784,3.0,106.0,0.1653,0.4958,0.0003,31.4543,-0.6301,35.6902,458.6137,461.7,466.3,461.7,447.600006103516,up,2026-08-21T11:37:33,0.0,0.0
SPX,2027-09-17,392,Put,8125.0,SPX270917P08125000,592.1,594.0,593.05,595.6,0.0,0.0,0.0,68.0,0.165,-0.5081,0.0003,31.4543,-0.6198,-47.8924,593.8272,0.0,0.0,0.0,606.350006103516,down,2026-08-20T10:54:49,0.0,0.0
SPX,2027-09-17,392,Call,8150.0,SPX270917C08150000,445.4,447.3,446.35,444.2,9.4,2.16191,2.0,522.0,0.1644,0.4882,0.0003,31.4428,-0.6271,35.2117,445.715,444.4,444.4,444.2,434.800003051758,down,2026-08-21T14:00:19,0.0,0.0
SPX,2027-09-17,392,Put,8150.0,SPX270917P08150000,603.0,604.9,603.95,604.21,-13.24,-2.1443,2.0,338.0,0.1641,-0.5157,0.0003,31.4428,-0.615,-48.6264,604.7566,604.33,604.33,604.21,617.449981689453,down,2026-08-21T14:41:11,0.0,0.0
SPX,2027-09-17,392,Call,8175.0,SPX270917C08175000,432.7,434.6,433.65,420.5,0.0,0.0,0.0,437.0,0.1635,0.4806,0.0003,31.4199,-0.6239,34.7223,433.0251,0.0,0.0,0.0,422.399993896484,down,2026-08-20T15:58:51,0.0,0.0
SPX,2027-09-17,392,Put,8175.0,SPX270917P08175000,614.1,616.1,615.1,602.72,0.0,0.0,0.0,331.0,0.1632,-0.5233,0.0003,31.4199,-0.61,-49.3715,615.8948,0.0,0.0,0.0,628.699981689453,up,2026-08-19T14:55:29,0.0,0.0
SPX,2027-09-17,392,Call,8200.0,SPX270917C08200000,420.4,422.2,421.29999999999995,425.11,14.81,3.60955,8.0,604.0,0.1626,0.4729,0.0003,31.3852,-0.6205,34.2211,420.5494,418.31,427.3,415.91,410.300003051758,down,2026-08-21T13:05:54,0.0,0.0
SPX,2027-09-17,392,Put,8200.0,SPX270917P08200000,625.6,627.4,626.5,621.4,-18.8,-2.93658,152.0,1454.0,0.1624,-0.531,0.0003,31.3852,-0.6047,-50.1282,627.247,632.49,632.72,621.4,640.199981689453,down,2026-08-21T15:44:22,0.0,0.0
SPX,2027-09-17,392,Call,8225.0,SPX270917C08225000,408.1,410.0,409.05,399.8,0.0,0.0,0.0,309.0,0.1618,0.4651,0.0003,31.3383,-0.6169,33.7096,408.2925,0.0,0.0,0.0,397.850006103516,up,2026-08-20T14:30:08,0.0,0.0
SPX,2027-09-17,392,Put,8225.0,SPX270917P08225000,637.3,639.0,638.15,639.24,-12.71,-1.94954,22.0,577.0,0.1616,-0.5387,0.0003,31.3383,-0.5993,-50.8954,638.8183,644.12,644.12,635.48,651.950012207031,down,2026-08-21T14:34:30,0.0,0.0
SPX,2027-09-17,392,Call,8250.0,SPX270917C08250000,396.1,398.0,397.05,404.3,0.0,0.0,0.0,1460.0,0.1609,0.4574,0.0003,31.2797,-0.613,33.192,396.2586,0.0,0.0,0.0,386.050003051758,up,2026-08-20T12:35:58,0.0,0.0
SPX,2027-09-17,392,Put,8250.0,SPX270917P08250000,648.9,650.8,649.8499999999999,647.17,-16.73,-2.51996,8.0,353.0,0.1607,-0.5465,0.0003,31.2797,-0.5936,-51.6685,650.6124,647.23,647.23,647.12,663.899993896484,no_change,2026-08-21T12:13:55,0.0,0.0
SPX,2027-09-17,392,Call,8275.0,SPX270917C08275000,384.3,386.2,385.25,386.24,11.79,3.14862,2.0,37.0,0.16,0.4496,0.0003,31.2097,-0.609,32.672,384.4503,386.24,386.24,386.24,374.449996948242,no_change,2026-08-21T13:31:42,0.0,0.0
SPX,2027-09-17,392,Put,8275.0,SPX270917P08275000,661.0,662.8,661.9,647.65,0.0,0.0,0.0,19.0,0.1598,-0.5543,0.0003,31.2097,-0.5878,-52.444,662.6321,0.0,0.0,0.0,676.0,no_change,2026-08-19T14:56:18,0.0,0.0
SPX,2027-09-17,392,Call,8300.0,SPX270917C08300000,372.8,374.6,373.70000000000005,374.57,11.62,3.20154,6.0,1054.0,0.1592,0.4418,0.0003,31.129,-0.6048,32.1531,372.8689,374.79,374.81,374.51,362.949996948242,up,2026-08-21T13:32:03,0.0,0.0
SPX,2027-09-17,392,Put,8300.0,SPX270917P08300000,673.5,675.1,674.3,679.66,-8.74,-1.26961,80.0,114.0,0.159,-0.5621,0.0003,31.129,-0.5818,-53.2186,674.8788,680.08,680.31,679.66,688.399993896484,down,2026-08-21T10:01:29,0.0,0.0
SPX,2027-09-17,392,Call,8325.0,SPX270917C08325000,361.3,363.3,362.3,363.06,11.31,3.21535,6.0,151.0,0.1584,0.4339,0.0003,31.0377,-0.6004,31.6358,361.5151,358.36,363.31,358.36,351.75,up,2026-08-21T13:32:30,0.0,0.0
SPX,2027-09-17,392,Put,8325.0,SPX270917P08325000,685.7,687.5,686.6,649.15,0.0,0.0,0.0,41.0,0.1582,-0.5699,0.0003,31.0377,-0.5755,-53.9915,687.353,0.0,0.0,0.0,701.0,up,2026-08-14T10:20:40,0.0,0.0
SPX,2027-09-17,392,Call,8350.0,SPX270917C08350000,350.3,352.2,351.25,348.86,8.11,2.38004,140.0,144.0,0.1576,0.426,0.0003,30.9356,-0.5958,31.1184,350.39,347.47,363.18,347.47,340.75,no_change,2026-08-21T14:11:31,0.0,0.0
SPX,2027-09-17,392,Put,8350.0,SPX270917P08350000,698.3,700.2,699.25,671.31,0.0,0.0,0.0,58.0,0.1574,-0.5778,0.0003,30.9356,-0.5691,-54.7645,700.0559,0.0,0.0,0.0,713.800018310547,down,2026-08-07T15:47:41,0.0,0.0
SPX,2027-09-17,392,Call,8375.0,SPX270917C08375000,339.5,341.0,340.25,342.08,11.98,3.6292,392.0,55.0,0.1569,0.4182,0.0003,30.822,-0.591,30.5973,339.4951,337.12,352.68,337.12,330.100006103516,up,2026-08-21T15:03:44,0.0,0.0
SPX,2027-09-17,392,Put,8375.0,SPX270917P08375000,711.3,713.1,712.2,708.79,-18.11,-2.4914,2.0,61.0,0.1566,-0.5857,0.0003,30.822,-0.5625,-55.5412,712.989,708.14,708.79,708.14,726.899993896484,up,2026-08-21T12:05:38,0.0,0.0
SPX,2027-09-17,392,Call,8400.0,SPX270917C08400000,328.8,330.6,329.70000000000005,337.42,17.87,5.59224,8.0,76.0,0.1561,0.4103,0.0003,30.6958,-0.586,30.069,328.8327,340.62,340.62,337.42,319.550003051758,down,2026-08-21T12:02:37,0.0,0.0
SPX,2027-09-17,392,Put,8400.0,SPX270917P08400000,724.5,726.3,725.4,721.81,-18.34,-2.47788,116.0,36.0,0.1558,-0.5936,0.0003,30.6958,-0.5557,-56.325,726.1547,732.48,732.64,721.13,740.149993896484,up,2026-08-21T15:20:59,0.0,0.0
SPX,2027-09-17,392,Call,8450.0,SPX270917C08450000,308.0,309.9,308.95,313.49,14.29,4.77607,2.0,313.0,0.1546,0.3946,0.0003,30.403,-0.5756,28.9876,308.2174,313.38,313.49,313.38,299.199996948242,up,2026-08-21T12:14:30,0.0,0.0
SPX,2027-09-17,392,Put,8450.0,SPX270917P08450000,751.3,753.2,752.25,732.94,0.0,0.0,0.0,9.0,0.1543,-0.6093,0.0003,30.403,-0.5417,-57.9177,753.1955,0.0,0.0,0.0,767.399993896484,up,2026-08-19T11:33:12,0.0,0.0
SPX,2027-09-17,392,Call,8500.0,SPX270917C08500000,288.4,290.2,289.29999999999995,283.95,0.0,0.0,0.0,2747.0,0.1532,0.3789,0.0003,30.0595,-0.5645,27.8934,288.5579,0.0,0.0,0.0,279.699996948242,down,2026-08-20T14:02:51,0.0,0.0
SPX,2027-09-17,392,Put,8500.0,SPX270917P08500000,779.2,781.1,780.1500000000001,766.14,0.0,0.0,0.0,57.0,0.1529,-0.625,0.0003,30.0595,-0.5269,-59.523,781.192,0.0,0.0,0.0,795.550018310547,up,2026-08-19T15:58:18,0.0,0.0
SPX,2027-09-17,392,Call,8550.0,SPX270917C08550000,269.6,271.4,270.5,275.0,0.0,0.0,0.0,58.0,0.1519,0.3633,0.0003,29.6754,-0.5528,26.817,269.8457,0.0,0.0,0.0,261.25,up,2026-08-20T11:44:14,0.0,0.0
SPX,2027-09-17,392,Put,8550.0,SPX270917P08550000,808.1,809.9,809.0,786.38,0.0,0.0,0.0,36.0,0.1516,-0.6406,0.0003,29.6754,-0.5116,-61.1107,810.136,0.0,0.0,0.0,824.649993896484,up,2026-08-06T15:00:25,0.0,0.0
SPX,2027-09-17,392,Call,8600.0,SPX270917C08600000,251.8,253.5,252.65,248.56,4.86,1.99426,11.0,1133.0,0.1506,0.3478,0.0003,29.2542,-0.5405,25.7549,252.0603,251.32,251.32,248.4,243.699996948242,down,2026-08-21T10:35:24,0.0,0.0
SPX,2027-09-17,392,Put,8600.0,SPX270917P08600000,837.8,840.7,839.25,845.62,-8.93,-1.045,2.0,11.0,0.1503,-0.656,0.0003,29.2542,-0.4956,-62.6839,840.0067,844.64,845.62,844.64,854.550018310547,up,2026-08-21T10:34:35,0.0,0.0
SPX,2027-09-17,392,Call,8650.0,SPX270917C08650000,234.9,236.5,235.7,241.9,14.85,6.54041,2.0,743.0,0.1494,0.3326,0.0003,28.7872,-0.5277,24.6818,235.189,242.14,242.14,241.9,227.050003051758,down,2026-08-21T12:02:21,0.0,0.0
SPX,2027-09-17,392,Put,8650.0,SPX270917P08650000,868.5,871.4,869.95,818.94,0.0,0.0,0.0,62.0,0.1491,-0.6713,0.0003,28.7872,-0.4792,-64.2682,870.7914,0.0,0.0,0.0,885.550018310547,no_change,2026-08-13T13:38:53,0.0,0.0
SPX,2027-09-17,392,Call,8700.0,SPX270917C08700000,218.9,220.4,219.65,217.41,6.06,2.86728,516.0,1091.0,0.1483,0.3175,0.0003,28.2704,-0.5144,23.5999,219.2228,216.57,228.67,216.45,211.350006103516,no_change,2026-08-21T14:11:31,0.0,0.0
SPX,2027-09-17,392,Put,8700.0,SPX270917P08700000,900.0,902.9,901.45,895.84,-21.61,-2.35544,2.0,14.0,0.1478,-0.6864,0.0003,28.2704,-0.4623,-65.8613,902.4813,895.19,895.84,895.19,917.449981689453,up,2026-08-21T12:05:38,0.0,0.0
SPX,2027-09-17,392,Call,8750.0,SPX270917C08750000,203.7,205.2,204.45,204.47,7.97,4.05598,82.0,222.0,0.1472,0.3027,0.0003,27.716,-0.5006,22.5412,204.1372,201.77,212.85,201.75,196.5,up,2026-08-21T15:36:01,0.0,0.0
SPX,2027-09-17,392,Put,8750.0,SPX270917P08750000,932.5,935.3,933.9,908.4,0.0,0.0,0.0,23.0,0.1468,-0.7012,0.0003,27.716,-0.4449,-67.4312,935.0517,0.0,0.0,0.0,950.149993896484,up,2026-08-19T11:39:23,0.0,0.0
SPX,2027-09-17,392,Call,8800.0,SPX270917C08800000,189.4,191.0,190.2,190.33,7.88,4.31899,8.0,429.0,0.1462,0.2882,0.0003,27.1368,-0.4865,21.5167,189.892,198.02,198.12,190.33,182.450004577637,down,2026-08-21T13:31:39,0.0,0.0
SPX,2027-09-17,392,Put,8800.0,SPX270917P08800000,965.8,968.6,967.2,940.37,0.0,0.0,0.0,18.0,0.1458,-0.7157,0.0003,27.1368,-0.4271,-68.9669,968.4628,0.0,0.0,0.0,983.800018310547,up,2026-08-19T15:24:20,0.0,0.0
SPX,2027-09-17,392,Call,8900.0,SPX270917C08900000,163.3,164.6,163.95,166.3,9.2,5.85614,27.0,547.0,0.1444,0.2601,0.0003,25.8806,-0.4573,19.489,163.801,166.97,166.97,165.1,157.099998474121,down,2026-08-21T15:59:30,0.0,0.0
SPX,2027-09-17,392,Put,8900.0,SPX270917P08900000,1035.0,1037.7,1036.35,1010.31,0.0,0.0,0.0,3.0,0.1439,-0.7437,0.0003,25.8806,-0.3907,-72.017,1037.6838,0.0,0.0,0.0,1053.45001220703,up,2026-08-19T14:47:45,0.0,0.0
SPX,2027-09-17,392,Call,9000.0,SPX270917C09000000,140.3,141.8,141.05,142.0,7.6,5.65476,101.0,3510.0,0.1428,0.2335,0.0003,24.5028,-0.4271,17.5509,140.7319,139.55,143.0,138.76,134.400001525879,down,2026-08-21T15:44:49,0.0,0.0
SPX,2027-09-17,392,Put,9000.0,SPX270917P09000000,1106.1,1110.0,1108.05,1077.87,0.0,0.0,0.0,27.0,0.1422,-0.7703,0.0003,24.5028,-0.3532,-74.9775,1109.927,0.0,0.0,0.0,1126.25,down,2026-08-19T15:24:20,0.0,0.0
SPX,2027-09-17,392,Call,9100.0,SPX270917C09100000,120.1,121.2,120.65,120.3,5.55,4.8366,75.0,917.0,0.1414,0.2085,0.0003,23.0665,-0.3964,15.721,120.3998,119.2,120.97,118.4,114.75,up,2026-08-21T15:18:02,0.0,0.0
SPX,2027-09-17,392,Put,9100.0,SPX270917P09100000,1181.0,1185.3,1183.15,1152.65,0.0,0.0,0.0,6.0,0.1408,-0.7953,0.0003,23.0665,-0.3152,-77.8297,1184.9071,0.0,0.0,0.0,1201.79998779297,down,2026-08-19T14:45:04,0.0,0.0
SPX,2027-09-17,392,Call,9200.0,SPX270917C09200000,102.4,103.6,103.0,101.32,3.77,3.86469,2.0,204.0,0.1401,0.1852,0.0002,21.5484,-0.3655,13.9888,102.5965,101.23,101.32,101.23,97.5499992370606,up,2026-08-21T10:16:39,0.0,0.0
SPX,2027-09-17,392,Put,9200.0,SPX270917P09200000,1258.5,1262.9,1260.7,1187.13,0.0,0.0,0.0,1.0,0.1394,-0.8187,0.0002,21.5484,-0.277,-80.5843,1262.4159,0.0,0.0,0.0,1279.84997558594,up,2026-08-14T12:15:57,0.0,0.0
SPX,2027-09-17,392,Call,9300.0,SPX270917C09300000,87.0,88.1,87.55,85.94,3.34,4.04359,8.0,713.0,0.139,0.1636,0.0002,20.0273,-0.3349,12.3979,87.0675,86.83,86.83,85.62,82.5999984741211,up,2026-08-21T14:35:32,0.0,0.0
SPX,2027-09-17,392,Put,9300.0,SPX270917P09300000,1338.2,1342.8,1340.5,0.0,0.0,0.0,0.0,0.0,0.1381,-0.8402,0.0002,20.0273,-0.2392,-83.1976,1342.1992,0.0,0.0,0.0,1360.15002441406,no_change,,0.0,0.0
SPX,2027-09-17,392,Call,9400.0,SPX270917C09400000,73.5,74.5,74.0,73.99,4.29,6.15495,6.0,226.0,0.1379,0.1438,0.0002,18.4769,-0.305,10.9071,73.6196,72.4,74.03,72.4,69.6999969482422,down,2026-08-21T13:31:39,0.0,0.0
SPX,2027-09-17,392,Put,9400.0,SPX270917P09400000,1420.0,1424.4,1422.2,1399.5,0.0,0.0,0.0,7.0,0.1371,-0.86,0.0002,18.4769,-0.202,-85.7107,1424.0633,0.0,0.0,0.0,1442.5,no_change,2026-08-18T13:12:12,0.0,0.0
SPX,2027-09-17,392,Call,9500.0,SPX270917C09500000,61.9,62.9,62.4,59.89,0.0,0.0,0.0,1092.0,0.1369,0.1258,0.0002,16.9625,-0.2762,9.5721,62.0305,0.0,0.0,0.0,58.5499992370606,down,2026-08-20T14:02:51,0.0,0.0
SPX,2027-09-17,392,Put,9500.0,SPX270917P09500000,1503.6,1508.5,1506.05,1411.78,0.0,0.0,0.0,2.0,0.136,-0.878,0.0002,16.9625,-0.1659,-88.0681,1507.7864,0.0,0.0,0.0,1526.54998779297,up,2026-08-13T15:50:36,0.0,0.0
SPX,2027-09-17,392,Call,9550.0,SPX270917C09550000,56.8,57.7,57.25,56.23,2.63,4.90672,1.0,172.0,0.1365,0.1175,0.0002,16.2181,-0.2622,8.9381,56.8733,56.23,56.23,56.23,53.6000003814697,up,2026-08-21T14:45:07,0.0,0.0
SPX,2027-09-17,392,Put,9550.0,SPX270917P09550000,1546.0,1551.0,1548.5,1474.07,0.0,0.0,0.0,94.0,0.1355,-0.8864,0.0002,16.2181,-0.1483,-89.2133,1550.2853,0.0,0.0,0.0,1569.30004882812,down,2026-08-10T15:04:33,0.0,0.0
SPX,2027-09-17,392,Call,9600.0,SPX270917C09600000,52.0,52.8,52.4,71.02,0.0,0.0,0.0,408.0,0.136,0.1096,0.0002,15.4773,-0.2487,8.3376,52.1136,0.0,0.0,0.0,49.0,down,2026-08-17T10:54:50,0.0,0.0
SPX,2027-09-17,392,Put,9600.0,SPX270917P09600000,1588.8,1593.9,1591.35,1516.65,0.0,0.0,0.0,6.0,0.135,-0.8942,0.0002,15.4773,-0.1312,-90.325,1593.1817,0.0,0.0,0.0,1612.30004882812,down,2026-08-10T13:29:11,0.0,0.0
SPX,2027-09-17,392,Call,9800.0,SPX270917C09800000,36.2,37.0,36.6,35.86,1.81,5.31571,5.0,89.0,0.1346,0.0823,0.0001,12.7035,-0.1989,6.272,36.5428,36.14,36.14,35.86,34.0500011444092,down,2026-08-21T10:16:39,0.0,0.0
SPX,2027-09-17,392,Put,9800.0,SPX270917P09800000,1763.3,1768.5,1765.9,1740.52,0.0,0.0,0.0,78.0,0.1332,-0.9216,0.0001,12.7035,-0.0668,-94.4354,1768.2352,0.0,0.0,0.0,1787.79998779297,down,2026-08-18T13:23:38,0.0,0.0
SPX,2027-09-17,392,Call,10000.0,SPX270917C10000000,25.1,25.9,25.5,24.98,1.38,5.84746,1.0,800.0,0.1336,0.0611,0.0001,10.2605,-0.1568,4.6681,25.5356,24.98,24.98,24.98,23.5999994277954,up,2026-08-21T14:45:07,0.0,0.0
SPX,2027-09-17,392,Put,10000.0,SPX270917P10000000,1942.4,1948.0,1945.2,1856.86,0.0,0.0,0.0,39.0,0.1318,-0.9428,0.0001,10.2605,-0.0102,-98.084,1947.8524,0.0,0.0,0.0,1967.64996337891,down,2026-08-10T11:48:38,0.0,0.0
SPX,2027-09-17,392,Call,10200.0,SPX270917C10200000,17.5,18.2,17.85,17.69,1.29,7.86585,63.0,1623.0,0.1332,0.0452,0.0001,8.2023,-0.1228,3.4597,17.9179,17.52,17.69,17.5,16.4000005722046,up,2026-08-21T15:35:09,0.0,0.0
SPX,2027-09-17,392,Put,10200.0,SPX270917P10200000,2125.0,2130.9,2127.95,2035.55,0.0,0.0,0.0,49.0,0.1307,-0.9586,0.0001,8.2023,0.0,-101.3372,2130.8591,0.0,0.0,0.0,2150.94995117188,up,2026-08-10T11:46:02,0.0,0.0
SPX,2027-09-17,392,Call,10400.0,SPX270917C10400000,12.4,13.0,12.7,12.77,1.12,9.61374,422.0,1406.0,0.1335,0.0336,0.0001,6.5384,-0.0963,2.5694,12.7332,12.5,12.9,12.26,11.6499996185303,down,2026-08-21T15:44:55,0.0,0.0
SPX,2027-09-17,392,Put,10400.0,SPX270917P10400000,2310.0,2316.4,2313.2,2220.45,0.0,0.0,0.0,63.0,0.1296,-0.9702,0.0001,6.5384,0.0,-104.2722,2316.2987,0.0,0.0,0.0,2336.64990234375,up,2026-08-10T11:44:19,0.0,0.0
SPX,2027-09-17,392,Call,10600.0,SPX270917C10600000,9.0,9.5,9.25,9.21,0.76,8.99408,65.0,635.0,0.1344,0.0253,0.0001,5.2375,-0.0762,1.9285,9.241,8.86,9.21,8.75,8.4500002861023,up,2026-08-21T15:44:42,0.0,0.0
SPX,2027-09-17,392,Put,10600.0,SPX270917P10600000,2496.9,2503.6,2500.25,2422.23,0.0,0.0,0.0,32.0,0.1289,-0.9786,0.0001,5.2375,0.0,-106.9579,2503.4309,0.0,0.0,0.0,2523.90002441406,down,2026-08-17T14:00:13,0.0,0.0
SPX,2027-09-17,392,Call,10800.0,SPX270917C10800000,6.8,7.2,7.0,6.45,0.0,0.0,0.0,311.0,0.1361,0.0194,0.0,4.2386,-0.0613,1.4796,6.8996,0.0,0.0,0.0,6.44999980926514,no_change,2026-08-20T14:17:20,0.0,0.0
SPX,2027-09-17,392,Put,10800.0,SPX270917P10800000,2684.9,2692.0,2688.45,2593.77,0.0,0.0,0.0,0.0,0.1283,-0.9845,0.0,4.2386,0.0,-109.4515,2691.7138,0.0,0.0,0.0,2712.34997558594,down,2026-08-11T10:12:43,0.0,0.0
SPX,2027-09-17,392,Call,11000.0,SPX270917C11000000,5.2,5.7,5.45,5.42,0.0,0.0,0.0,389.0,0.1384,0.0152,0.0,3.4868,-0.0504,1.1593,5.3262,0.0,0.0,0.0,5.10000014305115,down,2026-08-20T13:18:56,0.0,0.0
SPX,2027-09-17,392,Put,11000.0,SPX270917P11000000,2858.7,2897.2,2877.95,2779.82,0.0,0.0,0.0,3.0,0.1191,-0.9886,0.0,3.4868,0.0,-111.8165,2880.7647,0.0,0.0,0.0,2902.44995117188,down,2026-08-17T10:30:16,0.0,0.0
SPX,2027-09-17,392,Call,11200.0,SPX270917C11200000,4.2,4.6,4.4,7.24,0.0,0.0,0.0,332.0,0.1408,0.0123,0.0,2.9222,-0.0425,0.9351,4.255,0.0,0.0,0.0,4.10000014305115,up,2026-08-13T15:14:59,0.0,0.0
SPX,2027-09-17,392,Put,11200.0,SPX270917P11200000,3048.0,3086.5,3067.25,3076.42,-15.2801,-0.494229,2.0,95.0,0.1009,-0.9916,0.0,2.9222,0.0,-114.0856,3070.3179,3076.48,3076.48,3076.42,3091.70007324219,down,2026-08-21T10:38:45,0.0,0.0
SPX,2027-09-17,392,Call,11400.0,SPX270917C11400000,3.4,3.8,3.5999999999999996,3.33,0.0,0.0,0.0,137.0,0.1433,0.0102,0.0,2.4982,-0.0367,0.7719,3.5147,0.0,0.0,0.0,3.29999995231628,down,2026-08-20T14:06:32,0.0,0.0
SPX,2027-09-17,392,Put,11400.0,SPX270917P11400000,3237.7,3276.0,3256.85,3180.0,0.0,0.0,0.0,78.0,0.0,-0.9937,0.0,2.4982,0.0,-116.2935,3260.202,0.0,0.0,0.0,3281.29992675781,down,2026-08-11T12:35:10,0.0,0.0
SPX,2027-09-17,392,Call,12000.0,SPX270917C12000000,1.95,2.25,2.1,1.93,0.0,0.0,0.0,243.0,0.1513,0.0066,0.0,1.7242,-0.0267,0.4978,2.3186,0.0,0.0,0.0,1.92499995231628,down,2026-08-20T14:06:32,0.0,0.0
SPX,2027-09-17,392,Put,12000.0,SPX270917P12000000,3807.5,3845.7,3826.6,3836.12,-15.03,-0.390274,2.0,145.0,0.0,-0.9972,0.0,1.7247,0.0,-122.7016,3830.8796,3836.03,3836.12,3836.03,3851.15002441406,up,2026-08-21T10:38:45,0.0,0.0
SPX,2027-12-17,483,Call,400.0,SPX271217C00400000,7190.4,7228.5,7209.45,7198.29,14.24,0.198216,1.0,485.0,0.0,1.0,0.0,0.0443,0.0,5.7574,7217.1174,7198.29,7198.29,7198.29,7184.05004882812,down,2026-08-21T09:58:34,0.0,0.0
SPX,2027-12-17,483,Put,400.0,SPX271217P00400000,0.05,0.5,0.275,0.25,0.0,0.0,0.0,2347.0,0.8343,-0.0001,0.0,0.0446,-0.0035,-0.0161,0.2677,0.0,0.0,0.0,0.249999994412065,no_change,2026-08-19T15:15:06,0.0,0.0
SPX,2027-12-17,483,Call,600.0,SPX271217C00600000,7002.5,7040.6,7021.55,6269.12,0.0,0.0,0.0,11.0,0.0,1.0,0.0,0.0869,0.0,8.2364,7028.9205,0.0,0.0,0.0,6996.69995117188,up,2026-02-10T15:51:18,0.0,0.0
SPX,2027-12-17,483,Put,600.0,SPX271217P00600000,0.15,0.75,0.45,0.59,0.0,0.0,0.0,153.0,0.7392,-0.0003,0.0,0.0873,-0.0061,-0.0324,0.5099,0.0,0.0,0.0,0.475000001490116,down,2026-07-23T11:18:00,0.0,0.0
SPX,2027-12-17,483,Call,800.0,SPX271217C00800000,6814.7,6852.8,6833.75,4415.3,0.0,0.0,0.0,17.0,0.0,1.0,0.0,0.1511,0.0,10.7061,6840.8571,0.0,0.0,0.0,6808.35009765625,up,2025-04-16T14:00:29,0.0,0.0
SPX,2027-12-17,483,Put,800.0,SPX271217P00800000,0.55,1.1,0.8250000000000001,0.83,0.0,0.0,0.0,554.0,0.6885,-0.0005,0.0,0.1511,-0.0099,-0.0579,0.8817,0.0,0.0,0.0,0.875,down,2026-08-19T13:37:07,0.0,0.0
SPX,2027-12-17,483,Call,1000.0,SPX271217C01000000,6627.1,6665.2,6646.15,6752.0,0.0,0.0,0.0,33.0,0.0,1.0,0.0,0.2423,0.0,13.1632,6652.9692,0.0,0.0,0.0,6620.80004882812,up,2026-08-14T12:31:01,0.0,0.0
SPX,2027-12-17,483,Put,1000.0,SPX271217P01000000,1.15,1.65,1.4,1.33,0.0,0.0,0.0,700.0,0.6522,-0.0008,0.0,0.2423,-0.015,-0.0963,1.4318,0.0,0.0,0.0,1.47500002384186,down,2026-08-19T13:37:07,0.0,0.0
SPX,2027-12-17,483,Call,1200.0,SPX271217C01200000,6439.7,6477.8,6458.75,6538.11,0.0,0.0,0.0,702.0,0.0,1.0,0.0,0.3649,0.0,15.605,6465.2862,0.0,0.0,0.0,6432.90014648438,down,2026-08-11T11:05:57,0.0,0.0
SPX,2027-12-17,483,Put,1200.0,SPX271217P01200000,1.9,2.4,2.15,2.13,0.0,0.0,0.0,2196.0,0.6161,-0.0012,0.0,0.3649,-0.0215,-0.1499,2.1869,0.0,0.0,0.0,2.20000004768372,down,2026-08-10T14:46:03,0.0,0.0
SPX,2027-12-17,483,Call,1400.0,SPX271217C01400000,6252.5,6290.6,6271.55,6346.05,0.0,0.0,0.0,527.0,0.0,1.0,0.0,0.5185,0.0,18.0304,6277.8273,0.0,0.0,0.0,6245.94995117188,down,2026-08-17T14:08:28,0.0,0.0
SPX,2027-12-17,483,Put,1400.0,SPX271217P01400000,2.95,3.5,3.225,3.25,0.0,0.0,0.0,1122.0,0.5921,-0.0018,0.0,0.5185,-0.0293,-0.2198,3.1661,0.0,0.0,0.0,3.25,up,2026-08-17T14:08:28,0.0,0.0
SPX,2027-12-17,483,Call,1600.0,SPX271217C01600000,6065.5,6103.7,6084.6,5344.27,0.0,0.0,0.0,5.0,0.0,1.0,0.0,0.707,0.0,20.4366,6090.602,0.0,0.0,0.0,6059.94995117188,up,2026-02-10T15:51:18,0.0,0.0
SPX,2027-12-17,483,Put,1600.0,SPX271217P01600000,4.2,4.8,4.5,4.8,0.0,0.0,0.0,930.0,0.5684,-0.0026,0.0,0.707,-0.0384,-0.309,4.3789,0.0,0.0,0.0,4.65000009536743,up,2026-08-20T10:59:16,0.0,0.0
SPX,2027-12-17,483,Call,1800.0,SPX271217C01800000,5878.7,5916.9,5897.799999999999,3588.02,0.0,0.0,0.0,17.0,0.0,1.0,0.0,0.9269,0.0,22.8248,5903.6132,0.0,0.0,0.0,5872.2998046875,up,2024-08-09T12:35:21,0.0,0.0
SPX,2027-12-17,483,Put,1800.0,SPX271217P01800000,5.7,6.3,6.0,5.9,-0.3,-4.83871,3.0,1538.0,0.545,-0.0035,0.0,0.9269,-0.0485,-0.4162,5.8282,5.9,5.9,5.9,6.20000004768372,no_change,2026-08-21T14:20:13,0.0,0.0
SPX,2027-12-17,483,Call,2000.0,SPX271217C02000000,5692.1,5730.4,5711.25,5786.2,0.0,0.0,0.0,1020.0,0.4005,1.0,0.0,1.1832,0.0,25.1908,5716.8607,0.0,0.0,0.0,5685.44995117188,down,2026-08-17T14:08:28,0.0,0.0
SPX,2027-12-17,483,Put,2000.0,SPX271217P02000000,7.4,8.0,7.7,7.9,0.0,0.0,0.0,4342.0,0.5249,-0.0045,0.0,1.1832,-0.0595,-0.5455,7.5137,0.0,0.0,0.0,7.89999985694885,up,2026-08-17T14:08:28,0.0,0.0
SPX,2027-12-17,483,Call,2200.0,SPX271217C02200000,5505.8,5544.1,5524.950000000001,4406.59,0.0,0.0,0.0,3.0,0.4338,0.9989,0.0,1.4693,0.0,27.5372,5530.3448,0.0,0.0,0.0,5499.25,up,2025-09-09T15:54:25,0.0,0.0
SPX,2027-12-17,483,Put,2200.0,SPX271217P02200000,9.2,9.9,9.55,9.56,0.0,0.0,0.0,2314.0,0.5046,-0.0058,0.0,1.4693,-0.0713,-0.6945,9.4359,0.0,0.0,0.0,9.90000009536743,down,2026-08-14T09:58:11,0.0,0.0
SPX,2027-12-17,483,Call,2300.0,SPX271217C02300000,5412.7,5451.0,5431.85,0.0,0.0,0.0,0.0,1.0,0.4358,0.9982,0.0,1.6267,0.0,28.7021,5437.1736,0.0,0.0,0.0,5406.75,no_change,,0.0,0.0
SPX,2027-12-17,483,Put,2300.0,SPX271217P02300000,10.3,10.9,10.600000000000001,15.89,0.0,0.0,0.0,425.0,0.4946,-0.0065,0.0,1.6267,-0.0775,-0.7773,10.4838,0.0,0.0,0.0,10.9500002861023,up,2026-06-10T15:45:02,0.0,0.0
SPX,2027-12-17,483,Call,2400.0,SPX271217C02400000,5319.7,5358.0,5338.85,4528.95,0.0,0.0,0.0,1.0,0.4343,0.9975,0.0,1.7939,0.0,29.8601,5344.0617,0.0,0.0,0.0,5313.0,up,2025-12-09T15:47:22,0.0,0.0
SPX,2027-12-17,483,Put,2400.0,SPX271217P02400000,11.4,12.0,11.7,11.9,0.0,0.0,0.0,485.0,0.4849,-0.0072,0.0,1.7939,-0.0838,-0.867,11.5909,0.0,0.0,0.0,12.0499997138977,down,2026-08-20T11:39:24,0.0,0.0
SPX,2027-12-17,483,Call,2500.0,SPX271217C02500000,5226.7,5265.0,5245.85,5093.0,0.0,0.0,0.0,122.0,0.4317,0.9967,0.0,1.9693,0.0,31.0117,5251.0107,0.0,0.0,0.0,5220.05004882812,down,2026-05-27T12:01:33,0.0,0.0
SPX,2027-12-17,483,Put,2500.0,SPX271217P02500000,12.5,13.1,12.8,12.85,0.0,0.0,0.0,6489.0,0.4757,-0.008,0.0,1.9693,-0.0903,-0.9631,12.759,0.0,0.0,0.0,13.1999998092651,up,2026-08-14T13:30:22,0.0,0.0
SPX,2027-12-17,483,Call,2600.0,SPX271217C02600000,5133.8,5172.2,5153.0,4363.67,0.0,0.0,0.0,52.0,0.4283,0.9958,0.0,2.1517,0.0,32.1577,5158.0215,0.0,0.0,0.0,5127.19995117188,up,2026-02-06T10:33:51,0.0,0.0
SPX,2027-12-17,483,Put,2600.0,SPX271217P02600000,13.7,14.3,14.0,14.0,0.0,0.0,0.0,1041.0,0.4668,-0.0089,0.0,2.1517,-0.0969,-1.0648,13.9888,0.0,0.0,0.0,14.4500002861023,down,2026-08-19T15:43:03,0.0,0.0
SPX,2027-12-17,483,Call,2700.0,SPX271217C02700000,5041.0,5079.3,5060.15,0.0,0.0,0.0,0.0,1.0,0.4236,0.9949,0.0,2.3425,0.0,33.2982,5065.0941,0.0,0.0,0.0,5034.39990234375,no_change,,0.0,0.0
SPX,2027-12-17,483,Put,2700.0,SPX271217P02700000,15.0,15.6,15.3,15.5,0.0,0.0,0.0,1678.0,0.4578,-0.0098,0.0,2.3425,-0.1037,-1.1719,15.2805,0.0,0.0,0.0,15.8000001907349,no_change,2026-08-17T15:16:19,0.0,0.0
SPX,2027-12-17,483,Call,2800.0,SPX271217C02800000,4948.2,4986.5,4967.35,2920.0,0.0,0.0,0.0,1.0,0.4187,0.9939,0.0,2.544,0.0,34.4322,4972.2297,0.0,0.0,0.0,4941.90014648438,down,2025-03-31T11:10:24,0.0,0.0
SPX,2027-12-17,483,Put,2800.0,SPX271217P02800000,16.3,16.9,16.6,16.6,-0.6,-3.48837,5.0,1249.0,0.4492,-0.0108,0.0,2.544,-0.1106,-1.2857,16.6351,16.6,16.6,16.6,17.1999998092651,down,2026-08-21T11:36:10,0.0,0.0
SPX,2027-12-17,483,Call,2900.0,SPX271217C02900000,4855.5,4893.8,4874.65,4071.82,0.0,0.0,0.0,1.0,0.4136,0.9929,0.0,2.7573,0.0,35.558,4879.4315,0.0,0.0,0.0,4849.19995117188,up,2025-12-03T12:26:24,0.0,0.0
SPX,2027-12-17,483,Put,2900.0,SPX271217P02900000,17.7,18.3,18.0,21.98,0.0,0.0,0.0,533.0,0.4408,-0.0118,0.0,2.7573,-0.1176,-1.4076,18.056,0.0,0.0,0.0,18.6999998092651,down,2026-07-21T12:33:38,0.0,0.0
SPX,2027-12-17,483,Call,3000.0,SPX271217C03000000,4762.6,4801.5,4782.05,4868.01,0.0,0.0,0.0,1317.0,0.4078,0.9918,0.0,2.9818,0.0,36.6749,4786.7044,0.0,0.0,0.0,4756.89990234375,up,2026-08-11T10:46:38,0.0,0.0
SPX,2027-12-17,483,Put,3000.0,SPX271217P03000000,19.2,19.8,19.5,20.1,0.0,0.0,0.0,6157.0,0.4324,-0.013,0.0,2.9818,-0.1248,-1.5384,19.5479,0.0,0.0,0.0,20.1999998092651,up,2026-08-18T15:17:48,0.0,0.0
SPX,2027-12-17,483,Call,3100.0,SPX271217C03100000,4670.3,4708.7,4689.5,4415.41,0.0,0.0,0.0,6.0,0.402,0.9906,0.0,3.2156,0.0,37.7833,4694.0533,0.0,0.0,0.0,4663.94995117188,up,2026-07-27T13:09:02,0.0,0.0
SPX,2027-12-17,483,Put,3100.0,SPX271217P03100000,20.7,21.4,21.049999999999997,21.0,-0.85,-3.89016,11.0,999.0,0.4244,-0.0141,0.0,3.2156,-0.132,-1.6776,21.1159,21.0,21.0,21.0,21.8500003814697,down,2026-08-21T14:05:51,0.0,0.0
SPX,2027-12-17,483,Call,3200.0,SPX271217C03200000,4577.8,4616.3,4597.05,0.0,0.0,0.0,0.0,2.0,0.3962,0.9893,0.0,3.4585,0.0,38.884,4601.4827,0.0,0.0,0.0,4573.15014648438,no_change,,0.0,0.0
SPX,2027-12-17,483,Put,3200.0,SPX271217P03200000,22.4,23.0,22.7,22.84,0.0,0.0,0.0,3032.0,0.4162,-0.0154,0.0,3.4585,-0.1395,-1.8246,22.7644,0.0,0.0,0.0,23.5500001907349,up,2026-08-13T10:17:57,0.0,0.0
SPX,2027-12-17,483,Call,3300.0,SPX271217C03300000,4485.4,4523.9,4504.65,2024.16,0.0,0.0,0.0,3.0,0.3903,0.988,0.0,3.7122,0.0,39.977,4508.9971,0.0,0.0,0.0,4479.90014648438,down,2025-04-07T10:33:18,0.0,0.0
SPX,2027-12-17,483,Put,3300.0,SPX271217P03300000,24.1,24.8,24.450000000000003,29.21,0.0,0.0,0.0,1471.0,0.4088,-0.0167,0.0,3.7122,-0.1471,-1.9793,24.4978,0.0,0.0,0.0,25.3500003814697,down,2026-07-29T14:52:25,0.0,0.0
SPX,2027-12-17,483,Call,3400.0,SPX271217C03400000,4393.2,4431.7,4412.45,4401.69,12.94,0.294845,1.0,288.0,0.3844,0.9866,0.0,3.9798,0.0,41.0604,4416.6025,4401.69,4401.69,4401.69,4388.75,down,2026-08-21T09:58:34,0.0,0.0
SPX,2027-12-17,483,Put,3400.0,SPX271217P03400000,26.0,26.7,26.35,26.75,-0.5,-1.83486,1.0,2439.0,0.4012,-0.0182,0.0,3.9798,-0.1549,-2.1436,26.3223,26.75,26.75,26.75,27.25,down,2026-08-21T09:58:34,0.0,0.0
SPX,2027-12-17,483,Call,3500.0,SPX271217C03500000,4301.0,4339.5,4320.25,3492.29,0.0,0.0,0.0,21.0,0.3787,0.985,0.0,4.2634,0.0,42.1318,4324.3074,0.0,0.0,0.0,4298.30004882812,up,2026-03-03T15:14:02,0.0,0.0
SPX,2027-12-17,483,Put,3500.0,SPX271217P03500000,27.9,28.6,28.25,29.1,0.0,0.0,0.0,5170.0,0.3936,-0.0197,0.0,4.2634,-0.1629,-2.3198,28.2462,0.0,0.0,0.0,29.4000005722046,down,2026-08-20T14:58:42,0.0,0.0
SPX,2027-12-17,483,Call,3600.0,SPX271217C03600000,4208.9,4247.5,4228.2,3407.86,0.0,0.0,0.0,13.0,0.3727,0.9834,0.0,4.5628,0.0,43.1897,4232.1228,0.0,0.0,0.0,4204.69995117188,up,2026-02-23T15:38:06,0.0,0.0
SPX,2027-12-17,483,Put,3600.0,SPX271217P03600000,29.9,30.7,30.299999999999997,31.33,0.0,0.0,0.0,6157.0,0.3864,-0.0213,0.0,4.5628,-0.171,-2.5097,30.2806,0.0,0.0,0.0,31.4499998092651,up,2026-08-17T14:56:33,0.0,0.0
SPX,2027-12-17,483,Call,3700.0,SPX271217C03700000,4117.1,4155.7,4136.4,4027.1,0.0,0.0,0.0,23.0,0.3669,0.9817,0.0,4.8761,0.0,44.2338,4140.0604,0.0,0.0,0.0,4114.65002441406,down,2026-07-13T11:35:06,0.0,0.0
SPX,2027-12-17,483,Put,3700.0,SPX271217P03700000,32.1,33.0,32.55,33.4,0.0,0.0,0.0,1436.0,0.3795,-0.023,0.0,4.8761,-0.1794,-2.7133,32.4372,0.0,0.0,0.0,33.6999988555908,no_change,2026-08-17T15:47:52,0.0,0.0
SPX,2027-12-17,483,Call,3800.0,SPX271217C03800000,4025.2,4063.9,4044.55,4057.47,0.0,0.0,0.0,188.0,0.3611,0.9798,0.0,5.2024,0.0,45.265,4048.1318,0.0,0.0,0.0,4022.79992675781,up,2026-08-04T10:53:31,0.0,0.0
SPX,2027-12-17,483,Put,3800.0,SPX271217P03800000,34.4,35.3,34.849999999999994,36.0,0.0,0.0,0.0,1179.0,0.3724,-0.0249,0.0,5.2024,-0.1881,-2.9297,34.7277,0.0,0.0,0.0,36.1000003814697,up,2026-08-18T13:30:35,0.0,0.0
SPX,2027-12-17,483,Call,3850.0,SPX271217C03850000,3994.4,4006.3,4000.3500000000004,0.0,0.0,0.0,0.0,0.0,0.3626,0.9788,0.0,5.371,0.0,45.776,4002.2211,0.0,0.0,0.0,3977.0,no_change,,0.0,0.0
SPX,2027-12-17,483,Put,3850.0,SPX271217P03850000,35.6,36.5,36.05,44.3,0.0,0.0,0.0,48.0,0.3692,-0.0259,0.0,5.371,-0.1925,-3.0426,35.9265,0.0,0.0,0.0,37.3999996185303,no_change,2026-07-20T12:22:35,0.0,0.0
SPX,2027-12-17,483,Call,3900.0,SPX271217C03900000,3948.7,3960.4,3954.55,3825.0,0.0,0.0,0.0,125.0,0.3596,0.9778,0.0,5.5438,0.0,46.2836,3956.3481,0.0,0.0,0.0,3931.19995117188,up,2026-07-13T14:01:30,0.0,0.0
SPX,2027-12-17,483,Put,3900.0,SPX271217P03900000,36.9,37.8,37.349999999999994,38.3,0.0,0.0,0.0,3200.0,0.3658,-0.0269,0.0,5.5438,-0.197,-3.1588,37.1631,0.0,0.0,0.0,38.6999988555908,no_change,2026-08-17T15:48:06,0.0,0.0
SPX,2027-12-17,483,Call,3950.0,SPX271217C03950000,3902.9,3914.6,3908.75,0.0,0.0,0.0,0.0,0.0,0.3566,0.9768,0.0,5.7213,0.0,46.7875,3910.5144,0.0,0.0,0.0,3885.44995117188,no_change,,0.0,0.0
SPX,2027-12-17,483,Put,3950.0,SPX271217P03950000,38.2,39.0,38.6,39.6,0.0,0.0,0.0,16.0,0.3625,-0.0279,0.0,5.7213,-0.2015,-3.2788,38.4389,0.0,0.0,0.0,40.1000003814697,up,2026-08-17T15:48:06,0.0,0.0
SPX,2027-12-17,483,Call,4000.0,SPX271217C04000000,3857.3,3868.8,3863.05,3966.88,0.0,0.0,0.0,47201.0,0.3535,0.9757,0.0,5.9042,0.0,47.2872,3864.7218,0.0,0.0,0.0,3839.79992675781,up,2026-08-14T14:50:49,0.0,0.0
SPX,2027-12-17,483,Put,4000.0,SPX271217P04000000,39.5,40.4,39.95,40.54,0.0,0.0,0.0,49540.0,0.359,-0.029,0.0,5.9042,-0.2062,-3.4029,39.7558,0.0,0.0,0.0,41.4499988555908,down,2026-08-19T11:43:33,0.0,0.0
SPX,2027-12-17,483,Call,4050.0,SPX271217C04050000,3811.6,3823.0,3817.3,2959.07,0.0,0.0,0.0,1.0,0.3506,0.9746,0.0,6.0929,0.0,47.7821,3818.9723,0.0,0.0,0.0,3794.09997558594,up,2026-04-08T09:52:36,0.0,0.0
SPX,2027-12-17,483,Put,4050.0,SPX271217P04050000,40.8,41.8,41.3,42.5,0.0,0.0,0.0,141.0,0.3559,-0.0301,0.0,6.0929,-0.2109,-3.5318,41.1159,0.0,0.0,0.0,42.8999996185303,down,2026-08-17T15:46:09,0.0,0.0
SPX,2027-12-17,483,Call,4100.0,SPX271217C04100000,3766.0,3777.3,3771.65,3652.95,0.0,0.0,0.0,87.0,0.3476,0.9734,0.0,6.2876,0.0,48.2718,3773.2684,0.0,0.0,0.0,3748.5,up,2026-05-27T14:57:51,0.0,0.0
SPX,2027-12-17,483,Put,4100.0,SPX271217P04100000,42.3,43.2,42.75,44.13,0.0,0.0,0.0,2555.0,0.3526,-0.0313,0.0,6.2876,-0.2156,-3.666,42.5215,0.0,0.0,0.0,44.3000011444092,no_change,2026-08-20T15:06:17,0.0,0.0
SPX,2027-12-17,483,Call,4150.0,SPX271217C04150000,3720.5,3731.7,3726.1,2533.78,0.0,0.0,0.0,1.0,0.3446,0.9722,0.0,6.4881,0.0,48.7558,3727.6124,0.0,0.0,0.0,3702.94995117188,no_change,2025-08-06T14:48:08,0.0,0.0
SPX,2027-12-17,483,Put,4150.0,SPX271217P04150000,43.6,44.7,44.150000000000006,45.3,0.0,0.0,0.0,338.0,0.3494,-0.0325,0.0,6.4881,-0.2205,-3.8058,43.975,0.0,0.0,0.0,45.8999996185303,down,2026-08-17T15:49:14,0.0,0.0
SPX,2027-12-17,483,Call,4200.0,SPX271217C04200000,3675.0,3686.0,3680.5,2902.16,0.0,0.0,0.0,279.0,0.3418,0.971,0.0,6.6942,0.0,49.234,3682.0069,0.0,0.0,0.0,3657.40002441406,down,2026-02-19T11:49:45,0.0,0.0
SPX,2027-12-17,483,Put,4200.0,SPX271217P04200000,45.1,46.2,45.650000000000006,47.0,0.0,0.0,0.0,4094.0,0.3463,-0.0338,0.0,6.6942,-0.2254,-3.9515,45.479,0.0,0.0,0.0,47.4500007629394,no_change,2026-08-17T15:38:41,0.0,0.0
SPX,2027-12-17,483,Call,4250.0,SPX271217C04250000,3629.5,3640.5,3635.0,2882.15,0.0,0.0,0.0,1.0,0.3389,0.9697,0.0,6.9053,0.0,49.7064,3636.4545,0.0,0.0,0.0,3611.95007324219,down,2026-01-20T11:45:21,0.0,0.0
SPX,2027-12-17,483,Put,4250.0,SPX271217P04250000,46.8,47.7,47.25,47.71,0.0,0.0,0.0,467.0,0.3432,-0.035,0.0,6.9053,-0.2305,-4.1029,47.0362,0.0,0.0,0.0,49.1000003814697,down,2026-08-19T09:35:39,0.0,0.0
SPX,2027-12-17,483,Call,4300.0,SPX271217C04300000,3584.1,3595.0,3589.55,3475.5,0.0,0.0,0.0,171.0,0.336,0.9683,0.0,7.1212,0.0,50.1733,3590.9578,0.0,0.0,0.0,3566.59997558594,no_change,2026-07-14T10:46:37,0.0,0.0
SPX,2027-12-17,483,Put,4300.0,SPX271217P04300000,48.3,49.4,48.849999999999994,49.05,0.0,0.0,0.0,2526.0,0.3402,-0.0364,0.0,7.1212,-0.2356,-4.2599,48.6489,0.0,0.0,0.0,50.75,down,2026-08-14T13:30:42,0.0,0.0
SPX,2027-12-17,483,Call,4350.0,SPX271217C04350000,3538.8,3549.5,3544.15,0.0,0.0,0.0,0.0,0.0,0.3332,0.9669,0.0,7.3414,0.0,50.6348,3545.5189,0.0,0.0,0.0,3521.25,no_change,,0.0,0.0
SPX,2027-12-17,483,Put,4350.0,SPX271217P04350000,50.1,51.1,50.6,62.0,0.0,0.0,0.0,335.0,0.3373,-0.0378,0.0,7.3414,-0.2408,-4.4223,50.3196,0.0,0.0,0.0,52.4500007629394,no_change,2026-07-20T12:12:35,0.0,0.0
SPX,2027-12-17,483,Call,4400.0,SPX271217C04400000,3493.5,3504.1,3498.8,2826.93,0.0,0.0,0.0,450.0,0.3304,0.9655,0.0,7.5663,0.0,51.0912,3500.1403,0.0,0.0,0.0,3475.94995117188,up,2025-12-24T11:59:30,0.0,0.0
SPX,2027-12-17,483,Put,4400.0,SPX271217P04400000,51.7,52.8,52.25,53.7,0.0,0.0,0.0,2265.0,0.3342,-0.0392,0.0,7.5663,-0.2461,-4.5897,52.0505,0.0,0.0,0.0,54.3000011444092,up,2026-08-17T15:46:00,0.0,0.0
SPX,2027-12-17,483,Call,4450.0,SPX271217C04450000,3448.3,3458.8,3453.55,2684.9,0.0,0.0,0.0,1.0,0.3277,0.964,0.0,7.7962,0.0,51.5425,3454.8239,0.0,0.0,0.0,3430.75,down,2026-01-21T14:22:46,0.0,0.0
SPX,2027-12-17,483,Put,4450.0,SPX271217P04450000,53.6,54.6,54.1,55.5,0.0,0.0,0.0,1022.0,0.3313,-0.0407,0.0,7.7962,-0.2515,-4.7622,53.8437,0.0,0.0,0.0,56.0999984741211,down,2026-08-05T15:58:19,0.0,0.0
SPX,2027-12-17,483,Call,4500.0,SPX271217C04500000,3403.2,3413.6,3408.3999999999996,3234.62,0.0,0.0,0.0,1016.0,0.325,0.9624,0.0,8.0318,0.0,51.9885,3409.572,0.0,0.0,0.0,3385.65002441406,down,2026-07-20T14:19:38,0.0,0.0
SPX,2027-12-17,483,Put,4500.0,SPX271217P04500000,55.5,56.5,56.0,57.5,0.0,0.0,0.0,6775.0,0.3284,-0.0423,0.0,8.0318,-0.257,-4.9401,55.7013,0.0,0.0,0.0,58.0499992370606,no_change,2026-08-17T15:38:35,0.0,0.0
SPX,2027-12-17,483,Call,4550.0,SPX271217C04550000,3358.1,3368.4,3363.25,2599.98,0.0,0.0,0.0,3.0,0.3222,0.9608,0.0,8.2741,0.0,52.4283,3364.387,0.0,0.0,0.0,3340.54992675781,up,2025-11-14T12:13:29,0.0,0.0
SPX,2027-12-17,483,Put,4550.0,SPX271217P04550000,57.4,58.4,57.9,59.4,0.0,0.0,0.0,441.0,0.3255,-0.0439,0.0,8.2741,-0.2625,-5.1241,57.6258,0.0,0.0,0.0,60.0499992370606,no_change,2026-08-17T15:46:17,0.0,0.0
SPX,2027-12-17,483,Call,4600.0,SPX271217C04600000,3313.1,3323.2,3318.1499999999996,3261.82,0.0,0.0,0.0,1489.0,0.3196,0.9592,0.0,8.5237,0.0,52.8613,3319.2715,0.0,0.0,0.0,3295.45007324219,up,2026-05-29T12:19:09,0.0,0.0
SPX,2027-12-17,483,Put,4600.0,SPX271217P04600000,59.4,60.4,59.9,61.55,0.0,0.0,0.0,7159.0,0.3227,-0.0456,0.0,8.5237,-0.2682,-5.3149,59.6198,0.0,0.0,0.0,62.0999984741211,up,2026-08-18T15:02:01,0.0,0.0
SPX,2027-12-17,483,Call,4650.0,SPX271217C04650000,3268.1,3278.2,3273.1499999999996,3376.72,0.0,0.0,0.0,1.0,0.317,0.9574,0.0,8.7813,0.0,53.2865,3274.2285,0.0,0.0,0.0,3250.64990234375,down,2026-08-14T15:27:41,0.0,0.0
SPX,2027-12-17,483,Put,4650.0,SPX271217P04650000,61.4,62.5,61.95,63.6,0.0,0.0,0.0,403.0,0.3199,-0.0473,0.0,8.7813,-0.274,-5.5136,61.6863,0.0,0.0,0.0,64.2999992370606,up,2026-08-17T15:46:18,0.0,0.0
SPX,2027-12-17,483,Call,4700.0,SPX271217C04700000,3223.3,3233.2,3228.25,3128.9,0.0,0.0,0.0,57.0,0.3143,0.9556,0.0,9.0467,0.0,53.703,3229.2614,0.0,0.0,0.0,3205.69995117188,up,2026-07-13T11:35:06,0.0,0.0
SPX,2027-12-17,483,Put,4700.0,SPX271217P04700000,63.5,64.7,64.1,63.9,-2.6,-3.90977,4.0,3158.0,0.3171,-0.0491,0.0,9.0467,-0.2798,-5.7209,63.8288,63.9,63.9,63.9,66.5,down,2026-08-21T15:40:23,0.0,0.0
SPX,2027-12-17,483,Call,4750.0,SPX271217C04750000,3177.4,3187.2,3182.3,1663.52,0.0,0.0,0.0,8.0,0.3105,0.9538,0.0,9.3195,0.0,54.1106,3184.3737,0.0,0.0,0.0,3160.90002441406,down,2025-05-22T11:54:53,0.0,0.0
SPX,2027-12-17,483,Put,4750.0,SPX271217P04750000,65.8,66.9,66.35,68.6,0.0,0.0,0.0,1636.0,0.3144,-0.0509,0.0,9.3195,-0.2858,-5.9372,66.0506,0.0,0.0,0.0,68.9500007629394,up,2026-08-20T15:49:57,0.0,0.0
SPX,2027-12-17,483,Call,4800.0,SPX271217C04800000,3133.8,3143.5,3138.65,3177.16,0.0,0.0,0.0,875.0,0.3092,0.9519,0.0,9.5989,0.0,54.509,3139.5689,0.0,0.0,0.0,3116.29992675781,up,2026-08-06T15:43:17,0.0,0.0
SPX,2027-12-17,483,Put,4800.0,SPX271217P04800000,68.1,69.2,68.65,70.8,0.0,0.0,0.0,5508.0,0.3118,-0.0528,0.0,9.5989,-0.2918,-6.1626,68.3553,0.0,0.0,0.0,71.1499977111816,up,2026-08-17T15:38:36,0.0,0.0
SPX,2027-12-17,483,Call,4850.0,SPX271217C04850000,3089.2,3098.7,3093.95,2428.1,0.0,0.0,0.0,18.0,0.3066,0.9499,0.0,9.8841,0.0,54.8988,3094.8505,0.0,0.0,0.0,3071.70007324219,down,2026-01-23T14:01:36,0.0,0.0
SPX,2027-12-17,483,Put,4850.0,SPX271217P04850000,70.4,71.6,71.0,71.7,0.0,0.0,0.0,1733.0,0.3091,-0.0548,0.0,9.8841,-0.298,-6.3966,70.7464,0.0,0.0,0.0,73.6999969482422,up,2026-08-13T15:51:49,0.0,0.0
SPX,2027-12-17,483,Call,4900.0,SPX271217C04900000,3044.6,3054.1,3049.35,2124.82,0.0,0.0,0.0,144.0,0.3041,0.9478,0.0,10.1745,0.0,55.2807,3050.2213,0.0,0.0,0.0,3027.19995117188,down,2026-03-23T10:01:06,0.0,0.0
SPX,2027-12-17,483,Put,4900.0,SPX271217P04900000,72.9,74.1,73.5,74.17,0.0,0.0,0.0,1918.0,0.3064,-0.0569,0.0,10.1745,-0.3042,-6.6386,73.2268,0.0,0.0,0.0,76.25,up,2026-08-19T13:28:37,0.0,0.0
SPX,2027-12-17,483,Call,4950.0,SPX271217C04950000,3000.2,3009.5,3004.85,2507.33,0.0,0.0,0.0,178.0,0.3016,0.9457,0.0,10.4699,0.0,55.655,3005.6841,0.0,0.0,0.0,2982.80004882812,up,2026-04-20T09:34:10,0.0,0.0
SPX,2027-12-17,483,Put,4950.0,SPX271217P04950000,75.5,76.7,76.1,75.36,0.0,0.0,0.0,423.0,0.3038,-0.059,0.0,10.4699,-0.3105,-6.8881,75.7991,0.0,0.0,0.0,78.9000015258789,down,2026-08-13T10:08:16,0.0,0.0
SPX,2027-12-17,483,Call,5000.0,SPX271217C05000000,2955.8,2965.1,2960.45,2966.77,28.32,0.963775,1.0,46960.0,0.2991,0.9434,0.0,10.7708,-0.0046,56.0221,2961.2413,2966.77,2966.77,2966.77,2938.44995117188,up,2026-08-21T11:33:33,0.0,0.0
SPX,2027-12-17,483,Put,5000.0,SPX271217P05000000,78.2,79.4,78.80000000000001,78.65,-3.05,-3.73317,1.0,57220.0,0.3012,-0.0613,0.0,10.7709,-0.3169,-7.1449,78.4658,78.65,78.65,78.65,81.6999969482422,down,2026-08-21T11:33:33,0.0,0.0
SPX,2027-12-17,483,Call,5050.0,SPX271217C05050000,2911.6,2920.7,2916.1499999999996,2868.15,0.0,0.0,0.0,113.0,0.2967,0.9411,0.0,11.0784,-0.0162,56.3814,2916.8953,0.0,0.0,0.0,2894.20007324219,up,2026-05-29T12:19:09,0.0,0.0
SPX,2027-12-17,483,Put,5050.0,SPX271217P05050000,80.9,82.1,81.5,81.2,0.0,0.0,0.0,298.0,0.2987,-0.0636,0.0,11.0784,-0.3234,-7.4095,81.2294,0.0,0.0,0.0,84.5,up,2026-08-14T15:20:38,0.0,0.0
SPX,2027-12-17,483,Call,5100.0,SPX271217C05100000,2867.4,2876.5,2871.95,2878.18,28.1301,0.987003,1.0,136.0,0.2943,0.9388,0.0,11.3937,-0.0279,56.7319,2872.6489,2878.18,2878.18,2878.18,2850.04992675781,up,2026-08-21T11:33:33,0.0,0.0
SPX,2027-12-17,483,Put,5100.0,SPX271217P05100000,83.8,85.0,84.4,84.21,-3.29,-3.76,1.0,1551.0,0.2962,-0.066,0.0,11.3937,-0.33,-7.6828,84.0925,84.21,84.21,84.21,87.5,down,2026-08-21T11:33:33,0.0,0.0
SPX,2027-12-17,483,Call,5150.0,SPX271217C05150000,2823.4,2832.3,2827.8500000000004,2629.0,0.0,0.0,0.0,115.0,0.2919,0.9363,0.0,11.7178,-0.0396,57.0722,2828.5053,0.0,0.0,0.0,2806.0,down,2026-05-11T12:35:01,0.0,0.0
SPX,2027-12-17,483,Put,5150.0,SPX271217P05150000,86.7,88.0,87.35,90.1,0.0,0.0,0.0,212.0,0.2937,-0.0684,0.0,11.7178,-0.3366,-7.9663,87.0584,0.0,0.0,0.0,90.5,up,2026-08-18T15:54:09,0.0,0.0
SPX,2027-12-17,483,Call,5200.0,SPX271217C05200000,2779.4,2788.2,2783.8,2637.98,0.0,0.0,0.0,2176.0,0.2895,0.9337,0.0,12.051,-0.0515,57.4009,2784.4681,0.0,0.0,0.0,2762.14990234375,up,2026-07-21T10:34:19,0.0,0.0
SPX,2027-12-17,483,Put,5200.0,SPX271217P05200000,89.8,91.0,90.4,92.3,0.0,0.0,0.0,8038.0,0.2913,-0.071,0.0,12.051,-0.3434,-8.2615,90.1307,0.0,0.0,0.0,93.6999969482422,down,2026-08-17T15:39:24,0.0,0.0
SPX,2027-12-17,483,Call,5250.0,SPX271217C05250000,2735.6,2744.3,2739.95,2641.95,0.0,0.0,0.0,187.0,0.2872,0.9311,0.0001,12.3929,-0.0634,57.7169,2740.5416,0.0,0.0,0.0,2718.40002441406,up,2026-05-28T10:11:20,0.0,0.0
SPX,2027-12-17,483,Put,5250.0,SPX271217P05250000,93.0,94.2,93.6,94.7,0.0,0.0,0.0,579.0,0.2888,-0.0736,0.0001,12.3929,-0.3502,-8.5693,93.3138,0.0,0.0,0.0,97.0,down,2026-08-05T14:15:57,0.0,0.0
SPX,2027-12-17,483,Call,5300.0,SPX271217C05300000,2691.9,2700.5,2696.2,2093.29,0.0,0.0,0.0,136.0,0.2849,0.9284,0.0001,12.7425,-0.0754,58.0201,2696.7302,0.0,0.0,0.0,2674.75,up,2026-02-03T10:56:26,0.0,0.0
SPX,2027-12-17,483,Put,5300.0,SPX271217P05300000,96.3,97.5,96.9,97.2,-3.1,-3.09073,20.0,4967.0,0.2864,-0.0764,0.0001,12.7425,-0.357,-8.89,96.6119,97.2,97.2,97.2,100.299999237061,no_change,2026-08-21T11:21:58,0.0,0.0
SPX,2027-12-17,483,Call,5350.0,SPX271217C05350000,2648.3,2656.7,2652.5,2704.29,0.0,0.0,0.0,112.0,0.2826,0.9255,0.0001,13.0982,-0.0874,58.3109,2653.0379,0.0,0.0,0.0,2631.15002441406,up,2026-08-11T15:50:59,0.0,0.0
SPX,2027-12-17,483,Put,5350.0,SPX271217P05350000,99.7,101.0,100.35,100.5,-3.4,-3.27238,10.0,4083.0,0.284,-0.0792,0.0001,13.0982,-0.364,-9.223,100.0291,100.6,100.6,100.5,103.900001525879,no_change,2026-08-21T11:22:20,0.0,0.0
SPX,2027-12-17,483,Call,5400.0,SPX271217C05400000,2604.8,2613.1,2608.95,2451.37,0.0,0.0,0.0,1259.0,0.2803,0.9226,0.0001,13.4588,-0.0995,58.5907,2609.4683,0.0,0.0,0.0,2587.70007324219,down,2026-06-08T12:24:59,0.0,0.0
SPX,2027-12-17,483,Put,5400.0,SPX271217P05400000,103.2,104.5,103.85,106.4,0.0,0.0,0.0,4542.0,0.2817,-0.0821,0.0001,13.4588,-0.371,-9.5671,103.569,0.0,0.0,0.0,107.5,up,2026-08-20T13:28:12,0.0,0.0
SPX,2027-12-17,483,Call,5450.0,SPX271217C05450000,2561.4,2569.7,2565.55,1890.55,0.0,0.0,0.0,83.0,0.2781,0.9196,0.0001,13.8237,-0.1116,58.8604,2566.0244,0.0,0.0,0.0,2544.34997558594,up,2026-02-12T14:55:20,0.0,0.0
SPX,2027-12-17,483,Put,5450.0,SPX271217P05450000,106.9,108.2,107.55000000000001,107.94,0.0,0.0,0.0,891.0,0.2793,-0.0851,0.0001,13.8237,-0.378,-9.9212,107.2346,0.0,0.0,0.0,111.300003051758,no_change,2026-08-19T11:11:47,0.0,0.0
SPX,2027-12-17,483,Call,5500.0,SPX271217C05500000,2518.2,2526.3,2522.25,2560.81,0.0,0.0,0.0,1274.0,0.2758,0.9164,0.0001,14.1933,-0.1238,59.1207,2522.7086,0.0,0.0,0.0,2501.19995117188,down,2026-08-19T09:54:52,0.0,0.0
SPX,2027-12-17,483,Put,5500.0,SPX271217P05500000,110.4,112.0,111.2,112.7,-2.45,-2.12766,9.0,9276.0,0.277,-0.0883,0.0001,14.1933,-0.3851,-10.2847,111.0284,112.7,112.7,112.7,115.149997711182,up,2026-08-21T10:12:58,0.0,0.0
SPX,2027-12-17,483,Call,5550.0,SPX271217C05550000,2475.1,2483.1,2479.1,1499.85,0.0,0.0,0.0,70.0,0.2735,0.9132,0.0001,14.569,-0.1361,59.3711,2479.5234,0.0,0.0,0.0,2458.15002441406,up,2026-03-31T13:10:52,0.0,0.0
SPX,2027-12-17,483,Put,5550.0,SPX271217P05550000,114.3,115.9,115.1,117.1,0.0,0.0,0.0,400.0,0.2747,-0.0915,0.0001,14.569,-0.3922,-10.6582,114.9527,0.0,0.0,0.0,119.149997711182,up,2026-08-17T15:39:23,0.0,0.0
SPX,2027-12-17,483,Call,5600.0,SPX271217C05600000,2432.1,2440.0,2436.05,2249.31,0.0,0.0,0.0,516.0,0.2713,0.9099,0.0001,14.9522,-0.1483,59.6101,2436.4718,0.0,0.0,0.0,2415.25,up,2026-06-23T13:26:26,0.0,0.0
SPX,2027-12-17,483,Put,5600.0,SPX271217P05600000,118.6,119.9,119.25,123.96,0.0,0.0,0.0,4967.0,0.2725,-0.0948,0.0001,14.9522,-0.3994,-11.043,119.0106,0.0,0.0,0.0,123.350002288818,up,2026-08-20T16:07:54,0.0,0.0
SPX,2027-12-17,483,Call,5650.0,SPX271217C05650000,2389.3,2397.1,2393.2,2197.16,0.0,0.0,0.0,62.0,0.2692,0.9064,0.0001,15.3442,-0.1606,59.8354,2393.5573,0.0,0.0,0.0,2372.44995117188,down,2026-05-18T10:38:29,0.0,0.0
SPX,2027-12-17,483,Put,5650.0,SPX271217P05650000,122.8,124.1,123.44999999999999,122.5,-5.15,-4.03447,41.0,621.0,0.2702,-0.0983,0.0001,15.3442,-0.4066,-11.4416,123.2057,123.29,123.29,122.5,127.649997711182,down,2026-08-21T15:35:13,0.0,0.0
SPX,2027-12-17,483,Call,5700.0,SPX271217C05700000,2346.6,2354.3,2350.45,2431.2,0.0,0.0,0.0,834.0,0.267,0.9028,0.0001,15.7454,-0.1729,60.0449,2350.7847,0.0,0.0,0.0,2329.85009765625,up,2026-08-04T15:00:04,0.0,0.0
SPX,2027-12-17,483,Put,5700.0,SPX271217P05700000,127.1,128.5,127.8,128.1,-4.0,-3.02801,1.0,4903.0,0.268,-0.1019,0.0001,15.7454,-0.4138,-11.8559,127.5425,128.1,128.1,128.1,132.099998474121,down,2026-08-21T11:20:05,0.0,0.0
SPX,2027-12-17,483,Call,5750.0,SPX271217C05750000,2304.1,2311.7,2307.8999999999996,1718.33,0.0,0.0,0.0,327.0,0.2648,0.8992,0.0001,16.1548,-0.1852,60.2374,2308.1591,0.0,0.0,0.0,2287.35009765625,up,2026-04-14T12:03:04,0.0,0.0
SPX,2027-12-17,483,Put,5750.0,SPX271217P05750000,131.4,133.0,132.2,131.4,-5.3,-3.87711,20.0,1541.0,0.2658,-0.1056,0.0001,16.1548,-0.421,-12.2872,132.0265,131.4,131.4,131.4,136.700004577637,down,2026-08-21T13:30:25,0.0,0.0
SPX,2027-12-17,483,Call,5800.0,SPX271217C05800000,2261.7,2269.2,2265.45,2338.88,0.0,0.0,0.0,1574.0,0.2626,0.8954,0.0001,16.5707,-0.1975,60.4131,2265.6858,0.0,0.0,0.0,2245.09997558594,down,2026-08-11T12:11:45,0.0,0.0
SPX,2027-12-17,483,Put,5800.0,SPX271217P05800000,136.0,137.7,136.85,139.7,0.0,0.0,0.0,5496.0,0.2635,-0.1094,0.0001,16.5707,-0.4282,-12.7354,136.6627,0.0,0.0,0.0,141.450004577637,down,2026-08-18T13:24:52,0.0,0.0
SPX,2027-12-17,483,Call,5850.0,SPX271217C05850000,2219.5,2226.8,2223.15,2165.43,0.0,0.0,0.0,91.0,0.2605,0.8914,0.0001,16.9909,-0.2098,60.5735,2223.3698,0.0,0.0,0.0,2202.95007324219,up,2026-07-15T10:06:19,0.0,0.0
SPX,2027-12-17,483,Put,5850.0,SPX271217P05850000,140.8,142.5,141.65,145.5,0.0,0.0,0.0,555.0,0.2614,-0.1133,0.0001,16.9909,-0.4354,-13.1988,141.4563,0.0,0.0,0.0,146.349998474121,up,2026-08-18T13:56:41,0.0,0.0
SPX,2027-12-17,483,Call,5900.0,SPX271217C05900000,2177.4,2184.7,2181.05,2183.53,22.63,1.04725,2.0,1325.0,0.2584,0.8874,0.0001,17.4139,-0.2221,60.7204,2181.215,2183.71,2183.71,2183.53,2160.90002441406,down,2026-08-21T12:51:20,0.0,0.0
SPX,2027-12-17,483,Put,5900.0,SPX271217P05900000,145.8,147.5,146.65,148.17,0.0,0.0,0.0,5952.0,0.2592,-0.1173,0.0001,17.4139,-0.4426,-13.6758,146.411,0.0,0.0,0.0,151.450004577637,up,2026-08-11T15:25:20,0.0,0.0
SPX,2027-12-17,483,Call,5950.0,SPX271217C05950000,2135.5,2142.7,2139.1,2232.01,0.0,0.0,0.0,58.0,0.2563,0.8832,0.0001,17.8394,-0.2344,60.8557,2139.2245,0.0,0.0,0.0,2119.0,down,2026-08-17T12:11:50,0.0,0.0
SPX,2027-12-17,483,Put,5950.0,SPX271217P05950000,150.9,152.6,151.75,156.5,0.0,0.0,0.0,2076.0,0.257,-0.1215,0.0001,17.8394,-0.4497,-14.1644,151.5299,0.0,0.0,0.0,156.650001525879,up,2026-08-20T15:17:49,0.0,0.0
SPX,2027-12-17,483,Call,6000.0,SPX271217C06000000,2093.8,2100.8,2097.3,2096.23,18.8301,0.906426,2.0,82352.0,0.2542,0.8789,0.0001,18.2684,-0.2466,60.9793,2097.401,2096.23,2096.23,2096.23,2077.39990234375,no_change,2026-08-21T13:40:10,0.0,0.0
SPX,2027-12-17,483,Put,6000.0,SPX271217P06000000,156.2,157.9,157.05,155.01,-7.09,-4.37384,3.0,89487.0,0.2549,-0.1258,0.0001,18.2684,-0.4569,-14.6646,156.816,156.68,156.68,155.01,162.099998474121,down,2026-08-21T15:49:03,0.0,0.0
SPX,2027-12-17,483,Call,6050.0,SPX271217C06050000,2052.2,2059.2,2055.7,1934.0,0.0,0.0,0.0,96.0,0.2521,0.8744,0.0001,18.703,-0.2588,61.0896,2055.7476,0.0,0.0,0.0,2035.85003662109,up,2026-07-07T15:16:50,0.0,0.0
SPX,2027-12-17,483,Put,6050.0,SPX271217P06050000,161.7,163.3,162.5,168.3,0.0,0.0,0.0,2325.0,0.2528,-0.1303,0.0001,18.703,-0.464,-15.1782,162.2721,0.0,0.0,0.0,167.699996948242,up,2026-08-18T10:22:39,0.0,0.0
SPX,2027-12-17,483,Call,6100.0,SPX271217C06100000,2010.8,2017.7,2014.25,1735.58,0.0,0.0,0.0,1120.0,0.2501,0.8698,0.0001,19.1447,-0.271,61.1833,2014.2689,0.0,0.0,0.0,1994.64996337891,down,2026-06-11T13:24:50,0.0,0.0
SPX,2027-12-17,483,Put,6100.0,SPX271217P06100000,167.3,168.9,168.10000000000002,168.03,0.0,0.0,0.0,9113.0,0.2507,-0.1349,0.0001,19.1447,-0.471,-15.7083,167.9029,0.0,0.0,0.0,173.5,no_change,2026-08-19T11:11:47,0.0,0.0
SPX,2027-12-17,483,Call,6150.0,SPX271217C06150000,1969.6,1976.4,1973.0,1900.8,0.0,0.0,0.0,107.0,0.248,0.8651,0.0001,19.5945,-0.283,61.2572,1972.9705,0.0,0.0,0.0,1953.54998779297,up,2026-05-26T11:07:32,0.0,0.0
SPX,2027-12-17,483,Put,6150.0,SPX271217P06150000,173.1,174.8,173.95,179.2,0.0,0.0,0.0,917.0,0.2486,-0.1396,0.0001,19.5945,-0.478,-16.2582,173.7141,0.0,0.0,0.0,179.449996948242,up,2026-08-20T15:52:21,0.0,0.0
SPX,2027-12-17,483,Call,6200.0,SPX271217C06200000,1928.6,1935.3,1931.9499999999998,2045.24,0.0,0.0,0.0,1155.0,0.246,0.8602,0.0001,20.0513,-0.295,61.3095,1931.8594,0.0,0.0,0.0,1912.60003662109,up,2026-08-13T13:27:46,0.0,0.0
SPX,2027-12-17,483,Put,6200.0,SPX271217P06200000,179.1,180.8,179.95,179.6,-6.0,-3.23276,6.0,4869.0,0.2465,-0.1445,0.0001,20.0513,-0.4849,-16.8298,179.7125,179.6,179.6,179.6,185.599998474121,down,2026-08-21T12:54:27,0.0,0.0
SPX,2027-12-17,483,Call,6250.0,SPX271217C06250000,1887.8,1894.4,1891.1,1844.6,0.0,0.0,0.0,208.0,0.2439,0.8552,0.0001,20.5128,-0.307,61.3401,1890.9427,0.0,0.0,0.0,1871.89996337891,down,2026-08-03T15:57:04,0.0,0.0
SPX,2027-12-17,483,Put,6250.0,SPX271217P06250000,185.3,187.0,186.15,186.1,0.0,0.0,0.0,2410.0,0.2444,-0.1495,0.0001,20.5128,-0.4917,-17.423,185.9054,0.0,0.0,0.0,191.949996948242,down,2026-08-19T15:44:57,0.0,0.0
SPX,2027-12-17,483,Call,6300.0,SPX271217C06300000,1847.2,1853.7,1850.45,1882.99,0.0,0.0,0.0,996.0,0.2419,0.8501,0.0001,20.9764,-0.3188,61.3516,1850.2269,0.0,0.0,0.0,1831.34997558594,down,2026-08-18T11:49:19,0.0,0.0
SPX,2027-12-17,483,Put,6300.0,SPX271217P06300000,191.7,193.4,192.55,192.6,0.0,0.0,0.0,3360.0,0.2424,-0.1546,0.0001,20.9764,-0.4984,-18.0354,192.2991,0.0,0.0,0.0,198.5,down,2026-08-19T15:46:02,0.0,0.0
SPX,2027-12-17,483,Call,6350.0,SPX271217C06350000,1806.8,1813.2,1810.0,1889.5,0.0,0.0,0.0,94.0,0.2399,0.8447,0.0001,21.4398,-0.3305,61.3469,1809.7172,0.0,0.0,0.0,1791.05004882812,up,2026-08-17T13:46:37,0.0,0.0
SPX,2027-12-17,483,Put,6350.0,SPX271217P06350000,198.3,200.0,199.15,198.41,0.0,0.0,0.0,982.0,0.2403,-0.16,0.0001,21.4398,-0.505,-18.6639,198.8989,0.0,0.0,0.0,205.25,down,2026-08-19T12:08:29,0.0,0.0
SPX,2027-12-17,483,Call,6400.0,SPX271217C06400000,1766.6,1772.9,1769.75,1843.28,0.0,0.0,0.0,1610.0,0.2379,0.8392,0.0001,21.9028,-0.3421,61.3285,1769.4175,0.0,0.0,0.0,1750.84997558594,down,2026-08-11T12:11:45,0.0,0.0
SPX,2027-12-17,483,Put,6400.0,SPX271217P06400000,205.1,206.8,205.95,204.6,-7.65,-3.60424,6.0,3003.0,0.2382,-0.1655,0.0001,21.9028,-0.5115,-19.3061,205.7087,204.7,204.7,204.6,212.25,no_change,2026-08-21T11:50:12,0.0,0.0
SPX,2027-12-17,483,Call,6450.0,SPX271217C06450000,1726.7,1732.8,1729.75,1507.16,0.0,0.0,0.0,288.0,0.2358,0.8336,0.0001,22.3666,-0.3535,61.296,1729.3316,0.0,0.0,0.0,1711.04998779297,down,2026-07-30T11:09:11,0.0,0.0
SPX,2027-12-17,483,Put,6450.0,SPX271217P06450000,212.0,213.8,212.9,209.5,0.0,0.0,0.0,484.0,0.2362,-0.1711,0.0001,22.3666,-0.5178,-19.9625,212.7322,0.0,0.0,0.0,219.400001525879,up,2026-08-10T11:03:16,0.0,0.0
SPX,2027-12-17,483,Call,6500.0,SPX271217C06500000,1686.9,1693.0,1689.95,1806.8,0.0,0.0,0.0,2638.0,0.2338,0.8278,0.0001,22.8336,-0.3649,61.2461,1689.4639,0.0,0.0,0.0,1671.40002441406,up,2026-08-14T09:36:06,0.0,0.0
SPX,2027-12-17,483,Put,6500.0,SPX271217P06500000,219.4,221.1,220.25,220.05,0.0,0.0,0.0,8680.0,0.2342,-0.1769,0.0001,22.8336,-0.5241,-20.6362,219.9741,0.0,0.0,0.0,226.800003051758,no_change,2026-08-19T10:43:54,0.0,0.0
SPX,2027-12-17,483,Call,6550.0,SPX271217C06550000,1646.7,1652.7,1649.7,1704.49,0.0,0.0,0.0,202.0,0.2315,0.8218,0.0001,23.3054,-0.376,61.1742,1649.8211,0.0,0.0,0.0,1631.95001220703,down,2026-08-11T15:50:59,0.0,0.0
SPX,2027-12-17,483,Put,6550.0,SPX271217P06550000,226.7,228.6,227.64999999999998,228.81,0.0,0.0,0.0,796.0,0.2322,-0.1829,0.0001,23.3054,-0.5301,-21.3319,227.4409,0.0,0.0,0.0,234.449996948242,up,2026-08-19T09:35:39,0.0,0.0
SPX,2027-12-17,483,Call,6600.0,SPX271217C06600000,1608.1,1614.0,1611.05,1593.28,0.0,0.0,0.0,1978.0,0.2298,0.8156,0.0001,23.7824,-0.387,61.0761,1610.4118,0.0,0.0,0.0,1592.80004882812,no_change,2026-08-20T15:53:38,0.0,0.0
SPX,2027-12-17,483,Put,6600.0,SPX271217P06600000,234.5,236.3,235.4,242.15,0.0,0.0,0.0,4417.0,0.2302,-0.1891,0.0001,23.7824,-0.536,-22.0539,235.1411,0.0,0.0,0.0,242.350006103516,no_change,2026-08-20T15:53:38,0.0,0.0
SPX,2027-12-17,483,Call,6650.0,SPX271217C06650000,1569.0,1574.8,1571.9,1563.2,9.4,0.604965,1.0,466.0,0.2279,0.8093,0.0001,24.2624,-0.3979,60.9505,1571.2455,1563.2,1563.2,1563.2,1553.80004882812,down,2026-08-21T09:55:16,0.0,0.0
SPX,2027-12-17,483,Put,6650.0,SPX271217P06650000,242.4,244.3,243.35000000000002,248.54,0.0,0.0,0.0,510.0,0.2282,-0.1954,0.0001,24.2624,-0.5417,-22.8034,243.0843,0.0,0.0,0.0,250.400001525879,up,2026-08-20T13:21:59,0.0,0.0
SPX,2027-12-17,483,Call,6700.0,SPX271217C06700000,1530.2,1535.9,1533.0500000000002,1604.17,0.0,0.0,0.0,1595.0,0.2259,0.8028,0.0001,24.7423,-0.4085,60.7996,1532.3316,0.0,0.0,0.0,1515.09997558594,down,2026-08-05T15:10:08,0.0,0.0
SPX,2027-12-17,483,Put,6700.0,SPX271217P06700000,250.6,252.5,251.55,250.1,-8.7,-3.36167,1.0,3441.0,0.2262,-0.2019,0.0001,24.7423,-0.5473,-23.578,251.2799,250.1,250.1,250.1,258.800003051758,down,2026-08-21T15:34:28,0.0,0.0
SPX,2027-12-17,483,Call,6750.0,SPX271217C06750000,1491.7,1497.3,1494.5,1571.81,0.0,0.0,0.0,1144.0,0.2239,0.7961,0.0001,25.2187,-0.4189,60.6278,1493.6777,0.0,0.0,0.0,1476.65002441406,down,2026-08-17T14:20:34,0.0,0.0
SPX,2027-12-17,483,Put,6750.0,SPX271217P06750000,259.0,260.9,259.95,257.2,0.0,0.0,0.0,1022.0,0.224,-0.2086,0.0001,25.2187,-0.5526,-24.3737,259.7355,0.0,0.0,0.0,267.450012207031,up,2026-08-14T12:00:53,0.0,0.0
SPX,2027-12-17,483,Call,6800.0,SPX271217C06800000,1453.3,1459.1,1456.1999999999998,1568.42,0.0,0.0,0.0,2473.0,0.2219,0.7892,0.0001,25.6902,-0.4291,60.4398,1455.2895,0.0,0.0,0.0,1438.45001220703,up,2026-08-13T11:43:08,0.0,0.0
SPX,2027-12-17,483,Put,6800.0,SPX271217P06800000,267.8,269.7,268.75,268.5,-7.8,-2.82302,1.0,6247.0,0.2222,-0.2155,0.0001,25.6902,-0.5576,-25.1856,268.4569,268.5,268.5,268.5,276.300003051758,down,2026-08-21T11:06:10,0.0,0.0
SPX,2027-12-17,483,Call,6850.0,SPX271217C06850000,1415.2,1421.0,1418.1,1469.31,0.0,0.0,0.0,1346.0,0.22,0.7821,0.0002,26.1577,-0.439,60.2357,1417.1717,0.0,0.0,0.0,1400.5,up,2026-08-04T11:50:36,0.0,0.0
SPX,2027-12-17,483,Put,6850.0,SPX271217P06850000,276.8,278.7,277.75,278.4,0.0,0.0,0.0,674.0,0.2202,-0.2226,0.0002,26.1577,-0.5625,-26.0135,277.4486,0.0,0.0,0.0,285.400009155273,up,2026-08-17T15:38:02,0.0,0.0
SPX,2027-12-17,483,Call,6900.0,SPX271217C06900000,1377.5,1383.1,1380.3,1408.47,0.0,0.0,0.0,2462.0,0.218,0.7748,0.0002,26.6233,-0.4487,60.0119,1379.3302,0.0,0.0,0.0,1362.75,down,2026-08-19T15:50:09,0.0,0.0
SPX,2027-12-17,483,Put,6900.0,SPX271217P06900000,286.1,287.9,287.0,294.82,0.0,0.0,0.0,5069.0,0.2182,-0.2299,0.0002,26.6233,-0.5671,-26.8612,286.7165,0.0,0.0,0.0,294.850006103516,down,2026-08-20T15:04:38,0.0,0.0
SPX,2027-12-17,483,Call,6950.0,SPX271217C06950000,1340.0,1345.6,1342.8,1379.8,0.0,0.0,0.0,431.0,0.216,0.7673,0.0002,27.089,-0.4581,59.7617,1341.7734,0.0,0.0,0.0,1325.5,no_change,2026-08-19T14:15:46,0.0,0.0
SPX,2027-12-17,483,Put,6950.0,SPX271217P06950000,295.5,297.5,296.5,296.5,-8.05,-2.64325,4.0,446.0,0.2162,-0.2374,0.0002,27.089,-0.5714,-27.7352,296.2693,296.5,296.5,296.5,304.550003051758,up,2026-08-21T16:11:20,0.0,0.0
SPX,2027-12-17,483,Call,7000.0,SPX271217C07000000,1302.8,1308.3,1305.55,1308.76,20.36,1.58026,2852.0,99875.0,0.2141,0.7596,0.0002,27.5551,-0.4672,59.4792,1304.5127,1308.41,1310.6,1304.7,1288.39996337891,up,2026-08-21T15:37:25,0.0,0.0
SPX,2027-12-17,483,Put,7000.0,SPX271217P07000000,305.5,307.4,306.45,306.3,-8.3,-2.63827,3017.0,105147.0,0.2142,-0.2451,0.0002,27.5551,-0.5754,-28.6415,306.1181,306.08,306.79,304.7,314.600006103516,no_change,2026-08-21T16:13:55,0.0,0.0
SPX,2027-12-17,483,Call,7050.0,SPX271217C07050000,1265.9,1271.4,1268.65,1289.59,0.0,0.0,0.0,221.0,0.2121,0.7517,0.0002,28.0191,-0.4761,59.1632,1267.561,0.0,0.0,0.0,1251.65002441406,up,2026-08-04T10:42:10,0.0,0.0
SPX,2027-12-17,483,Put,7050.0,SPX271217P07050000,315.6,317.5,316.55,314.8,-10.1,-3.10865,1.0,646.0,0.2123,-0.253,0.0002,28.0191,-0.5791,-29.5814,316.276,314.8,314.8,314.8,324.899993896484,down,2026-08-21T15:33:25,0.0,0.0
SPX,2027-12-17,483,Call,7100.0,SPX271217C07100000,1229.9,1233.6,1231.75,1228.47,13.37,1.10032,3.0,2964.0,0.2102,0.7436,0.0002,28.4772,-0.4846,58.8178,1230.9304,1231.54,1231.54,1228.47,1215.09997558594,down,2026-08-21T14:35:30,0.0,0.0
SPX,2027-12-17,483,Put,7100.0,SPX271217P07100000,326.1,328.0,327.05,326.6,-8.9,-2.65276,13.0,2779.0,0.2103,-0.2611,0.0002,28.4772,-0.5825,-30.5507,326.7549,326.84,327.39,326.6,335.5,down,2026-08-21T16:12:25,0.0,0.0
SPX,2027-12-17,483,Call,7150.0,SPX271217C07150000,1193.6,1197.3,1195.4499999999998,1019.13,0.0,0.0,0.0,180.0,0.2082,0.7353,0.0002,28.9258,-0.4928,58.4499,1194.6305,0.0,0.0,0.0,1179.0,down,2026-07-28T10:01:31,0.0,0.0
SPX,2027-12-17,483,Put,7150.0,SPX271217P07150000,336.9,338.8,337.85,337.9,-8.55,-2.46789,8.0,258.0,0.2083,-0.2694,0.0002,28.9258,-0.5856,-31.5424,337.5645,337.9,337.9,337.9,346.449996948242,down,2026-08-21T16:09:04,0.0,0.0
SPX,2027-12-17,483,Call,7200.0,SPX271217C07200000,1157.7,1161.4,1159.5500000000002,1159.8,16.6,1.45207,1.0,4079.0,0.2063,0.7268,0.0002,29.3636,-0.5006,58.0647,1158.6681,1159.8,1159.8,1159.8,1143.19995117188,down,2026-08-21T14:04:52,0.0,0.0
SPX,2027-12-17,483,Put,7200.0,SPX271217P07200000,348.0,349.9,348.95,348.9,-8.7,-2.43288,5.0,2426.0,0.2064,-0.278,0.0002,29.3636,-0.5883,-32.5514,348.7116,348.9,348.9,348.9,357.599990844727,up,2026-08-21T16:11:17,0.0,0.0
SPX,2027-12-17,483,Call,7250.0,SPX271217C07250000,1122.1,1125.8,1123.9499999999998,1195.43,0.0,0.0,0.0,1280.0,0.2043,0.718,0.0002,29.7917,-0.508,57.6606,1123.05,0.0,0.0,0.0,1107.75,up,2026-08-12T14:22:36,0.0,0.0
SPX,2027-12-17,483,Put,7250.0,SPX271217P07250000,359.3,361.3,360.3,359.56,-9.79,-2.6506,500.0,1208.0,0.2044,-0.2868,0.0002,29.7917,-0.5906,-33.5794,360.2031,359.56,359.56,359.56,369.349990844727,no_change,2026-08-21T13:00:16,0.0,0.0
SPX,2027-12-17,483,Call,7300.0,SPX271217C07300000,1086.8,1090.6,1088.6999999999998,1084.0,11.3,1.05342,2.0,1938.0,0.2024,0.709,0.0002,30.2123,-0.5151,57.23,1087.7857,1086.1,1086.1,1084.0,1072.69995117188,down,2026-08-21T09:35:00,0.0,0.0
SPX,2027-12-17,483,Put,7300.0,SPX271217P07300000,371.1,373.1,372.1,372.0,-9.35,-2.45181,8.0,4420.0,0.2025,-0.2958,0.0002,30.2123,-0.5926,-34.6338,372.0483,372.1,372.1,372.0,381.349990844727,down,2026-08-21T16:11:23,0.0,0.0
SPX,2027-12-17,483,Call,7350.0,SPX271217C07350000,1051.9,1055.7,1053.8000000000002,1103.62,0.0,0.0,0.0,566.0,0.2005,0.6997,0.0002,30.6262,-0.5217,56.7637,1052.8888,0.0,0.0,0.0,1037.95001220703,no_change,2026-08-04T11:58:27,0.0,0.0
SPX,2027-12-17,483,Put,7350.0,SPX271217P07350000,383.2,385.3,384.25,393.2,0.0,0.0,0.0,1354.0,0.2005,-0.305,0.0002,30.6262,-0.5942,-35.724,384.2609,0.0,0.0,0.0,393.650009155273,up,2026-08-20T15:22:08,0.0,0.0
SPX,2027-12-17,483,Call,7400.0,SPX271217C07400000,1017.3,1021.2,1019.25,1032.33,0.0,0.0,0.0,3440.0,0.1986,0.6903,0.0002,31.0321,-0.528,56.2573,1018.3764,0.0,0.0,0.0,1003.5,down,2026-08-20T10:07:28,0.0,0.0
SPX,2027-12-17,483,Put,7400.0,SPX271217P07400000,395.7,397.8,396.75,405.6,0.0,0.0,0.0,2926.0,0.1986,-0.3144,0.0002,31.0321,-0.5953,-36.8542,396.858,0.0,0.0,0.0,406.399993896484,no_change,2026-08-20T15:29:20,0.0,0.0
SPX,2027-12-17,483,Call,7450.0,SPX271217C07450000,983.2,987.0,985.1,1055.4,0.0,0.0,0.0,1003.0,0.1966,0.6806,0.0002,31.4259,-0.5337,55.7152,984.2655,0.0,0.0,0.0,969.600006103516,up,2026-08-07T13:56:43,0.0,0.0
SPX,2027-12-17,483,Put,7450.0,SPX271217P07450000,408.7,410.7,409.7,414.8,0.0,0.0,0.0,2553.0,0.1966,-0.3242,0.0002,31.4259,-0.596,-38.0202,409.8567,0.0,0.0,0.0,419.449996948242,down,2026-08-18T12:08:04,0.0,0.0
SPX,2027-12-17,483,Call,7500.0,SPX271217C07500000,949.4,953.3,951.3499999999999,952.63,16.58,1.77127,1.0,7051.0,0.1948,0.6706,0.0002,31.8037,-0.5391,55.1469,950.57,952.63,952.63,952.63,936.050018310547,down,2026-08-21T13:26:33,0.0,0.0
SPX,2027-12-17,483,Put,7500.0,SPX271217P07500000,422.0,424.0,423.0,423.07,-9.93,-2.2933,51.0,7816.0,0.1947,-0.3341,0.0002,31.8037,-0.5962,-39.2123,423.2706,423.85,423.85,423.07,433.0,down,2026-08-21T13:26:33,0.0,0.0
SPX,2027-12-17,483,Call,7550.0,SPX271217C07550000,916.1,920.0,918.05,925.82,0.0,0.0,0.0,1308.0,0.1928,0.6604,0.0002,32.1635,-0.5439,54.5607,917.3,0.0,0.0,0.0,902.899993896484,down,2026-08-20T10:18:17,0.0,0.0
SPX,2027-12-17,483,Put,7550.0,SPX271217P07550000,435.6,437.8,436.70000000000005,436.7,-10.3,-2.30425,2.0,1754.0,0.1928,-0.3443,0.0002,32.1635,-0.5959,-40.4223,437.1102,436.7,436.7,436.7,447.0,down,2026-08-21T16:11:25,0.0,0.0
SPX,2027-12-17,483,Call,7600.0,SPX271217C07600000,883.2,887.2,885.2,882.74,13.19,1.51688,2.0,6343.0,0.1909,0.65,0.0002,32.5055,-0.5482,53.9549,884.4651,886.34,886.34,882.74,869.549987792969,down,2026-08-21T14:19:20,0.0,0.0
SPX,2027-12-17,483,Put,7600.0,SPX271217P07600000,449.8,452.0,450.9,450.6,-10.75,-2.33012,7.0,3442.0,0.1909,-0.3547,0.0002,32.5055,-0.5952,-41.652,451.3849,447.71,450.9,447.71,461.349990844727,down,2026-08-21T16:11:37,0.0,0.0
SPX,2027-12-17,483,Call,7650.0,SPX271217C07650000,851.0,853.4,852.2,852.23,14.88,1.77703,15.0,519.0,0.189,0.6394,0.0002,32.831,-0.5521,53.3189,852.0791,852.23,852.23,852.23,837.350006103516,down,2026-08-21T13:56:32,0.0,0.0
SPX,2027-12-17,483,Put,7650.0,SPX271217P07650000,464.5,466.6,465.55,465.77,-10.43,-2.19026,15.0,305.0,0.189,-0.3654,0.0002,32.831,-0.5939,-42.9119,466.1084,465.77,465.77,465.77,476.200012207031,down,2026-08-21T13:56:32,0.0,0.0
SPX,2027-12-17,483,Call,7700.0,SPX271217C07700000,819.0,821.5,820.25,822.93,17.23,2.13852,26.0,917.0,0.1871,0.6285,0.0002,33.1402,-0.5554,52.6408,820.1616,818.91,822.93,818.91,805.699981689453,up,2026-08-21T15:57:50,0.0,0.0
SPX,2027-12-17,483,Put,7700.0,SPX271217P07700000,479.6,481.7,480.65,480.94,-10.56,-2.14852,3.0,1712.0,0.1871,-0.3763,0.0002,33.1402,-0.5921,-44.2138,481.3004,480.07,481.02,480.07,491.5,down,2026-08-21T14:41:00,0.0,0.0
SPX,2027-12-17,483,Call,7750.0,SPX271217C07750000,787.6,790.1,788.85,835.48,0.0,0.0,0.0,826.0,0.1853,0.6173,0.0002,33.4308,-0.5582,51.9179,788.7361,0.0,0.0,0.0,774.5,up,2026-08-19T11:38:30,0.0,0.0
SPX,2027-12-17,483,Put,7750.0,SPX271217P07750000,495.2,497.4,496.29999999999995,496.59,-10.86,-2.14011,90.0,487.0,0.1853,-0.3874,0.0002,33.4308,-0.5898,-45.5606,496.9844,499.97,499.97,496.59,507.449996948242,down,2026-08-21T14:40:44,0.0,0.0
SPX,2027-12-17,483,Call,7800.0,SPX271217C07800000,756.7,759.2,757.95,751.51,7.76,1.04336,8.0,4132.0,0.1835,0.6059,0.0002,33.6989,-0.5604,51.1602,757.8246,753.12,753.12,751.51,743.75,down,2026-08-21T10:35:09,0.0,0.0
SPX,2027-12-17,483,Put,7800.0,SPX271217P07800000,511.2,513.5,512.35,512.1,-11.65,-2.22434,6.0,2928.0,0.1834,-0.3988,0.0002,33.6989,-0.5869,-46.942,513.1824,508.4,512.6,508.4,523.75,down,2026-08-21T16:12:01,0.0,0.0
SPX,2027-12-17,483,Call,7850.0,SPX271217C07850000,726.3,728.9,727.5999999999999,827.46,0.0,0.0,0.0,853.0,0.1816,0.5943,0.0002,33.9418,-0.562,50.382,727.4434,0.0,0.0,0.0,713.649993896484,up,2026-08-14T09:41:18,0.0,0.0
SPX,2027-12-17,483,Put,7850.0,SPX271217P07850000,527.9,530.3,529.0999999999999,528.8,-11.9,-2.20085,11.0,530.0,0.1816,-0.4104,0.0002,33.9418,-0.5834,-48.3441,529.9108,529.2,529.2,528.8,540.699981689453,down,2026-08-21T16:12:09,0.0,0.0
SPX,2027-12-17,483,Call,7900.0,SPX271217C07900000,696.5,699.1,697.8,694.36,10.36,1.51462,11.0,1544.0,0.1799,0.5824,0.0002,34.1582,-0.563,49.5884,697.6055,701.36,701.36,694.36,684.0,down,2026-08-21T14:32:25,0.0,0.0
SPX,2027-12-17,483,Put,7900.0,SPX271217P07900000,545.2,547.5,546.35,542.7,-15.55,-2.78549,8.0,953.0,0.1798,-0.4223,0.0002,34.1582,-0.5793,-49.7616,547.1824,547.21,547.21,542.1,558.25,up,2026-08-21T15:49:06,0.0,0.0
SPX,2027-12-17,483,Call,7950.0,SPX271217C07950000,667.3,669.9,668.5999999999999,700.4,0.0,0.0,0.0,2158.0,0.1781,0.5704,0.0002,34.348,-0.5635,48.7699,668.3262,0.0,0.0,0.0,655.0,down,2026-08-18T10:23:49,0.0,0.0
SPX,2027-12-17,483,Put,7950.0,SPX271217P07950000,563.0,565.4,564.2,563.8,-12.45,-2.16052,34.0,458.0,0.178,-0.4344,0.0002,34.348,-0.5747,-51.2039,565.0126,564.1,564.3,560.3,576.25,down,2026-08-21T16:13:08,0.0,0.0
SPX,2027-12-17,483,Call,8000.0,SPX271217C08000000,638.6,641.3,639.95,642.49,15.84,2.52773,2856.0,86410.0,0.1764,0.5581,0.0003,34.5104,-0.5633,47.9105,639.6282,635.49,644.98,635.49,626.649993896484,up,2026-08-21T15:37:25,0.0,0.0
SPX,2027-12-17,483,Put,8000.0,SPX271217P08000000,581.5,583.9,582.7,578.6,-16.35,-2.74813,2852.0,80711.0,0.1762,-0.4467,0.0003,34.5104,-0.5694,-52.6872,583.4241,581.78,583.0,578.6,594.949981689453,down,2026-08-21T15:48:56,0.0,0.0
SPX,2027-12-17,483,Call,8050.0,SPX271217C08050000,610.6,613.3,611.95,643.6,0.0,0.0,0.0,266.0,0.1747,0.5455,0.0003,34.6433,-0.5626,47.0039,611.5402,0.0,0.0,0.0,598.900024414062,down,2026-08-18T10:23:58,0.0,0.0
SPX,2027-12-17,483,Put,8050.0,SPX271217P08050000,600.5,602.9,601.7,612.9,0.0,0.0,0.0,271.0,0.1745,-0.4592,0.0003,34.6433,-0.5636,-54.2176,602.4457,0.0,0.0,0.0,614.300018310547,up,2026-08-20T15:14:42,0.0,0.0
SPX,2027-12-17,483,Call,8100.0,SPX271217C08100000,583.3,586.0,584.65,571.44,0.0,0.0,0.0,1861.0,0.173,0.5328,0.0003,34.7444,-0.5612,46.0624,584.0893,0.0,0.0,0.0,571.75,down,2026-08-20T15:47:25,0.0,0.0
SPX,2027-12-17,483,Put,8100.0,SPX271217P08100000,620.2,622.6,621.4000000000001,619.7,-14.5,-2.28635,1.0,808.0,0.1728,-0.4719,0.0003,34.7444,-0.557,-55.7829,622.1042,619.7,619.7,619.7,634.200012207031,down,2026-08-21T14:03:40,0.0,0.0
SPX,2027-12-17,483,Call,8150.0,SPX271217C08150000,556.6,559.3,557.95,555.58,10.28,1.8852,1.0,1872.0,0.1713,0.5199,0.0003,34.8126,-0.5591,45.1054,557.2942,555.58,555.58,555.58,545.300018310547,up,2026-08-21T14:35:30,0.0,0.0
SPX,2027-12-17,483,Put,8150.0,SPX271217P08150000,640.6,643.0,641.8,642.14,-12.61,-1.92593,91.0,3110.0,0.1711,-0.4848,0.0003,34.8126,-0.5499,-57.3638,642.4187,646.02,646.08,642.02,654.75,up,2026-08-21T14:41:00,0.0,0.0
SPX,2027-12-17,483,Call,8200.0,SPX271217C08200000,530.6,533.3,531.95,529.9,10.4,2.00192,10.0,4094.0,0.1697,0.5068,0.0003,34.8472,-0.5565,44.1397,531.1682,533.0,541.4,529.4,519.5,up,2026-08-21T14:40:30,0.0,0.0
SPX,2027-12-17,483,Put,8200.0,SPX271217P08200000,661.6,664.1,662.85,658.1,-17.9,-2.64793,8.0,619.0,0.1694,-0.4979,0.0003,34.8472,-0.5422,-58.9533,663.4022,657.91,663.14,657.76,676.0,down,2026-08-21T15:49:17,0.0,0.0
SPX,2027-12-17,483,Call,8250.0,SPX271217C08250000,505.2,508.0,506.6,512.4,18.2,3.68272,1.0,441.0,0.1681,0.4936,0.0003,34.8467,-0.5532,43.152,505.7272,512.4,512.4,512.4,494.199996948242,up,2026-08-21T15:49:11,0.0,0.0
SPX,2027-12-17,483,Put,8250.0,SPX271217P08250000,683.3,685.8,684.55,687.3,0.0,0.0,0.0,143.0,0.1678,-0.5112,0.0003,34.8467,-0.5338,-60.5648,685.0708,0.0,0.0,0.0,697.899993896484,up,2026-08-20T10:57:37,0.0,0.0
SPX,2027-12-17,483,Call,8300.0,SPX271217C08300000,480.6,483.3,481.95000000000005,472.8,0.0,0.0,0.0,2753.0,0.1665,0.4802,0.0003,34.808,-0.5493,42.1244,480.9955,0.0,0.0,0.0,469.849990844727,up,2026-08-20T15:07:06,0.0,0.0
SPX,2027-12-17,483,Put,8300.0,SPX271217P08300000,705.6,708.3,706.95,694.99,0.0,0.0,0.0,1209.0,0.1663,-0.5246,0.0003,34.808,-0.5248,-62.2163,707.4486,0.0,0.0,0.0,720.600006103516,up,2026-08-19T14:58:58,0.0,0.0
SPX,2027-12-17,483,Call,8350.0,SPX271217C08350000,456.7,459.4,458.04999999999995,463.61,0.0,0.0,0.0,113.0,0.165,0.4666,0.0003,34.7288,-0.5448,41.057,457.0011,0.0,0.0,0.0,446.150009155273,down,2026-08-20T12:01:39,0.0,0.0
SPX,2027-12-17,483,Put,8350.0,SPX271217P08350000,728.7,731.4,730.05,695.8,0.0,0.0,0.0,194.0,0.1647,-0.5381,0.0003,34.7288,-0.5152,-63.9075,730.5636,0.0,0.0,0.0,744.0,up,2026-08-13T15:49:58,0.0,0.0
SPX,2027-12-17,483,Call,8400.0,SPX271217C08400000,433.5,436.1,434.8,446.75,23.5,5.55227,2.0,4990.0,0.1635,0.453,0.0003,34.6106,-0.5397,39.9712,433.764,446.66,446.75,446.66,423.25,up,2026-08-21T11:56:20,0.0,0.0
SPX,2027-12-17,483,Put,8400.0,SPX271217P08400000,752.6,755.3,753.95,755.72,0.0,0.0,0.0,213.0,0.1632,-0.5517,0.0003,34.6106,-0.505,-65.6172,754.4361,0.0,0.0,0.0,768.100006103516,up,2026-08-18T11:13:59,0.0,0.0
SPX,2027-12-17,483,Call,8450.0,SPX271217C08450000,411.1,413.8,412.45000000000005,417.2,16.15,4.02693,1.0,93.0,0.162,0.4393,0.0003,34.456,-0.534,38.8879,411.2926,417.2,417.2,417.2,401.050003051758,up,2026-08-21T15:49:06,0.0,0.0
SPX,2027-12-17,483,Put,8450.0,SPX271217P08450000,777.3,779.9,778.5999999999999,758.71,0.0,0.0,0.0,14.0,0.1617,-0.5654,0.0003,34.456,-0.4941,-67.3243,779.0742,0.0,0.0,0.0,792.949981689453,down,2026-08-06T15:01:26,0.0,0.0
SPX,2027-12-17,483,Call,8500.0,SPX271217C08500000,389.4,392.1,390.75,395.7,16.05,4.22758,23.0,2501.0,0.1606,0.4256,0.0003,34.265,-0.5277,37.803,389.5905,387.5,395.7,387.5,379.650009155273,up,2026-08-21T15:49:14,0.0,0.0
SPX,2027-12-17,483,Put,8500.0,SPX271217P08500000,802.5,805.3,803.9,805.9,-12.7,-1.55143,20.0,742.0,0.1603,-0.5791,0.0003,34.265,-0.4827,-69.0331,804.4816,805.9,805.9,805.9,818.600006103516,up,2026-08-21T14:37:17,0.0,0.0
SPX,2027-12-17,483,Call,8550.0,SPX271217C08550000,368.5,371.2,369.85,437.9,0.0,0.0,0.0,205.0,0.1593,0.4118,0.0003,34.0327,-0.5209,36.6953,368.6674,0.0,0.0,0.0,359.0,down,2026-08-14T15:31:36,0.0,0.0
SPX,2027-12-17,483,Put,8550.0,SPX271217P08550000,828.7,831.5,830.1,792.2,0.0,0.0,0.0,19.0,0.159,-0.5929,0.0003,34.0327,-0.4708,-70.7646,830.6681,0.0,0.0,0.0,845.049987792969,down,2026-08-13T11:44:58,0.0,0.0
SPX,2027-12-17,483,Call,8600.0,SPX271217C08600000,348.4,351.0,349.7,355.24,0.0,0.0,0.0,2666.0,0.1579,0.3981,0.0003,33.7551,-0.5135,35.5561,348.5386,0.0,0.0,0.0,339.150009155273,up,2026-08-20T11:58:16,0.0,0.0
SPX,2027-12-17,483,Put,8600.0,SPX271217P08600000,855.7,858.4,857.05,846.71,0.0,0.0,0.0,830.0,0.1576,-0.6066,0.0003,33.7551,-0.4583,-72.5277,857.6488,0.0,0.0,0.0,872.299987792969,down,2026-08-19T10:16:13,0.0,0.0
SPX,2027-12-17,483,Call,8650.0,SPX271217C08650000,329.0,331.6,330.3,379.2,0.0,0.0,0.0,987.0,0.1567,0.3844,0.0003,33.435,-0.5056,34.4056,329.2127,0.0,0.0,0.0,320.050003051758,up,2026-08-17T15:46:11,0.0,0.0
SPX,2027-12-17,483,Put,8650.0,SPX271217P08650000,883.3,886.1,884.7,836.82,0.0,0.0,0.0,4.0,0.1563,-0.6203,0.0003,33.435,-0.4454,-74.302,885.4324,0.0,0.0,0.0,900.200012207031,down,2026-08-13T09:52:54,0.0,0.0
SPX,2027-12-17,483,Call,8700.0,SPX271217C08700000,310.4,313.0,311.7,321.45,19.75,6.54624,2.0,1742.0,0.1554,0.3707,0.0003,33.0801,-0.4972,33.2694,310.6838,321.51,321.51,321.45,301.699996948242,down,2026-08-21T11:56:20,0.0,0.0
SPX,2027-12-17,483,Put,8700.0,SPX271217P08700000,911.9,914.5,913.2,863.07,0.0,0.0,0.0,208.0,0.1551,-0.634,0.0003,33.0801,-0.4319,-76.062,914.0131,0.0,0.0,0.0,928.899993896484,down,2026-08-13T09:52:54,0.0,0.0
SPX,2027-12-17,483,Call,8750.0,SPX271217C08750000,292.6,295.2,293.9,308.56,0.0,0.0,0.0,102.0,0.1543,0.3572,0.0003,32.6943,-0.4884,32.1497,292.9374,0.0,0.0,0.0,284.199996948242,up,2026-08-18T15:17:17,0.0,0.0
SPX,2027-12-17,483,Put,8750.0,SPX271217P08750000,941.0,943.7,942.35,917.33,0.0,0.0,0.0,28.0,0.1539,-0.6475,0.0003,32.6943,-0.418,-77.8056,943.3762,0.0,0.0,0.0,958.399993896484,down,2026-08-19T10:54:48,0.0,0.0
SPX,2027-12-17,483,Call,8800.0,SPX271217C08800000,275.6,278.2,276.9,277.81,10.36,3.87362,2.0,2178.0,0.1532,0.3438,0.0003,32.2724,-0.4792,31.0251,275.9637,277.66,277.81,277.66,267.449996948242,up,2026-08-21T10:59:27,0.0,0.0
SPX,2027-12-17,483,Put,8800.0,SPX271217P08800000,971.0,974.6,972.8,980.08,-9.02,-0.911941,2.0,69.0,0.1528,-0.661,0.0003,32.2724,-0.4036,-79.5541,973.5119,979.27,980.08,979.27,989.100006103516,up,2026-08-21T10:38:33,0.0,0.0
SPX,2027-12-17,483,Call,8900.0,SPX271217C08900000,243.8,246.4,245.10000000000002,248.2,11.95,5.0582,4.0,904.0,0.1511,0.3174,0.0003,31.3038,-0.4595,28.7433,244.3172,248.2,248.2,248.2,236.25,down,2026-08-21T15:49:05,0.0,0.0
SPX,2027-12-17,483,Put,8900.0,SPX271217P08900000,1033.3,1037.2,1035.25,996.82,0.0,0.0,0.0,109.0,0.1506,-0.6874,0.0003,31.3038,-0.3737,-83.0836,1036.0845,0.0,0.0,0.0,1051.70001220703,down,2026-08-07T09:52:26,0.0,0.0
SPX,2027-12-17,483,Call,9000.0,SPX271217C09000000,215.0,217.6,216.3,215.1,7.05,3.38861,820.0,9904.0,0.1492,0.2918,0.0003,30.2187,-0.4385,26.5471,215.628,220.24,220.24,215.1,208.049995422363,down,2026-08-21T14:37:17,0.0,0.0
SPX,2027-12-17,483,Put,9000.0,SPX271217P09000000,1098.7,1102.4,1100.5500000000002,1099.7,-17.9,-1.60165,24.0,274.0,0.1487,-0.713,0.0003,30.2187,-0.3425,-86.5274,1101.6144,1107.42,1108.33,1099.7,1117.60003662109,down,2026-08-21T14:37:17,0.0,0.0
SPX,2027-12-17,483,Call,9100.0,SPX271217C09100000,189.1,191.5,190.3,193.1,10.45,5.72132,3.0,1215.0,0.1475,0.2671,0.0003,29.0299,-0.4164,24.3948,189.7126,188.82,193.1,188.82,182.650001525879,no_change,2026-08-21T15:49:21,0.0,0.0
SPX,2027-12-17,483,Put,9100.0,SPX271217P09100000,1166.9,1170.6,1168.75,1114.02,0.0,0.0,0.0,3.0,0.1469,-0.7376,0.0003,29.0299,-0.3102,-89.9274,1169.918,0.0,0.0,0.0,1186.40002441406,up,2026-08-10T13:33:18,0.0,0.0
SPX,2027-12-17,483,Call,9200.0,SPX271217C09200000,165.9,168.1,167.0,169.5,9.55,5.97061,3.0,2411.0,0.1459,0.2436,0.0002,27.7261,-0.3935,22.3032,166.4352,169.1,169.5,169.1,159.950004577637,up,2026-08-21T15:49:24,0.0,0.0
SPX,2027-12-17,483,Put,9200.0,SPX271217P09200000,1236.3,1241.5,1238.9,1189.27,0.0,0.0,0.0,700.0,0.1453,-0.7612,0.0002,27.7261,-0.2771,-93.2668,1240.8597,0.0,0.0,0.0,1257.69995117188,down,2026-08-04T14:21:17,0.0,0.0
SPX,2027-12-17,483,Call,9300.0,SPX271217C09300000,145.1,147.2,146.14999999999998,145.71,6.06,4.33942,252.0,2829.0,0.1446,0.2212,0.0002,26.3765,-0.3701,20.3402,145.5861,147.4,147.4,145.71,139.650001525879,down,2026-08-21T13:39:25,0.0,0.0
SPX,2027-12-17,483,Put,9300.0,SPX271217P09300000,1309.6,1314.9,1312.25,1267.54,0.0,0.0,0.0,0.0,0.1439,-0.7835,0.0002,26.3765,-0.2435,-96.4774,1314.2295,0.0,0.0,0.0,1331.54998779297,down,2026-08-11T13:54:52,0.0,0.0
SPX,2027-12-17,483,Call,9400.0,SPX271217C09400000,126.6,128.5,127.55,129.6,7.95,6.53514,1.0,7733.0,0.1433,0.2001,0.0002,24.9531,-0.3464,18.431,127.0007,129.6,129.6,129.6,121.650001525879,down,2026-08-21T15:49:33,0.0,0.0
SPX,2027-12-17,483,Put,9400.0,SPX271217P09400000,1385.1,1390.5,1387.8,1373.8,0.0,0.0,0.0,1206.0,0.1426,-0.8046,0.0002,24.9531,-0.2096,-99.6343,1389.8633,0.0,0.0,0.0,1407.65002441406,no_change,2026-08-18T10:03:23,0.0,0.0
SPX,2027-12-17,483,Call,9500.0,SPX271217C09500000,110.1,111.8,110.94999999999999,111.43,5.73,5.421,27.0,2808.0,0.1422,0.1804,0.0002,23.4972,-0.3228,16.6673,110.5078,112.9,112.9,111.43,105.700000762939,down,2026-08-21T15:57:50,0.0,0.0
SPX,2027-12-17,483,Put,9500.0,SPX271217P09500000,1462.7,1468.3,1465.5,1469.25,-16.6,-1.1172,2.0,19.0,0.1414,-0.8243,0.0002,23.4972,-0.1758,-102.6457,1467.5894,1469.82,1469.82,1469.25,1485.84997558594,down,2026-08-21T10:51:18,0.0,0.0
SPX,2027-12-17,483,Call,9550.0,SPX271217C09550000,102.6,104.3,103.44999999999999,105.3,6.85,6.95785,5.0,86.0,0.1417,0.171,0.0002,22.7731,-0.3111,15.8283,102.9828,103.61,105.3,103.56,98.4499969482422,up,2026-08-21T15:49:33,0.0,0.0
SPX,2027-12-17,483,Put,9550.0,SPX271217P09550000,1502.3,1507.8,1505.05,1436.32,0.0,0.0,0.0,8.0,0.1408,-0.8337,0.0002,22.7731,-0.1589,-104.1085,1507.174,0.0,0.0,0.0,1525.75,up,2026-08-10T13:33:18,0.0,0.0
SPX,2027-12-17,483,Call,9600.0,SPX271217C09600000,95.5,97.3,96.4,117.5,0.0,0.0,0.0,450.0,0.1412,0.162,0.0002,22.0422,-0.2994,15.0035,95.9165,0.0,0.0,0.0,91.6500015258789,no_change,2026-08-17T15:38:17,0.0,0.0
SPX,2027-12-17,483,Put,9600.0,SPX271217P09600000,1542.3,1547.9,1545.1,1734.09,0.0,0.0,0.0,17.0,0.1403,-0.8427,0.0002,22.0422,-0.1422,-105.5571,1547.2172,0.0,0.0,0.0,1565.95001220703,down,2026-06-23T13:26:26,0.0,0.0
SPX,2027-12-17,483,Call,9800.0,SPX271217C09800000,71.4,73.1,72.25,73.19,4.79,7.00293,1.0,3544.0,0.1396,0.1295,0.0002,19.1275,-0.2546,12.0407,71.8381,73.19,73.19,73.19,68.3999977111816,down,2026-08-21T15:49:03,0.0,0.0
SPX,2027-12-17,483,Put,9800.0,SPX271217P09800000,1706.3,1712.3,1709.3,0.0,0.0,0.0,0.0,0.0,0.1384,-0.8753,0.0002,19.1275,-0.0769,-111.0154,1711.5769,0.0,0.0,0.0,1730.95001220703,no_change,,0.0,0.0
SPX,2027-12-17,483,Call,10000.0,SPX271217C10000000,53.1,54.4,53.75,53.0,2.3,4.53649,6.0,8346.0,0.1383,0.1024,0.0001,16.3497,-0.2134,9.5405,53.5066,53.0,53.0,53.0,50.6999988555908,no_change,2026-08-21T10:49:59,0.0,0.0
SPX,2027-12-17,483,Put,10000.0,SPX271217P10000000,1875.9,1882.4,1879.15,1873.0,0.0,0.0,0.0,240.0,0.1368,-0.9024,0.0001,16.3497,-0.0153,-116.0109,1881.6834,0.0,0.0,0.0,1901.60003662109,up,2026-08-20T09:57:28,0.0,0.0
SPX,2027-12-17,483,Call,10200.0,SPX271217C10200000,39.3,40.4,39.849999999999994,40.6,3.1,8.26667,6.0,1643.0,0.1374,0.0803,0.0001,13.8202,-0.177,7.4966,39.7754,40.4,40.6,40.4,37.5,up,2026-08-21T15:49:28,0.0,0.0
SPX,2027-12-17,483,Put,10200.0,SPX271217P10200000,2050.1,2057.0,2053.55,1965.42,0.0,0.0,0.0,20.0,0.1354,-0.9244,0.0001,13.8202,0.0,-120.5502,2056.3903,0.0,0.0,0.0,2076.65002441406,down,2026-08-10T11:50:39,0.0,0.0
SPX,2027-12-17,483,Call,10400.0,SPX271217C10400000,29.2,30.2,29.7,30.0,2.25,8.10811,3.0,1791.0,0.1369,0.0628,0.0001,11.583,-0.1459,5.8776,29.642,30.0,30.0,30.0,27.75,no_change,2026-08-21T15:48:37,0.0,0.0
SPX,2027-12-17,483,Put,10400.0,SPX271217P10400000,2227.8,2235.3,2231.55,2143.13,0.0,0.0,0.0,30.0,0.1343,-0.9419,0.0001,11.583,0.0,-124.6646,2234.695,0.0,0.0,0.0,2255.25,up,2026-08-10T11:41:11,0.0,0.0
SPX,2027-12-17,483,Call,10600.0,SPX271217C10600000,21.8,22.7,22.25,22.85,2.15,10.3865,2.0,1206.0,0.1368,0.0492,0.0001,9.6572,-0.12,4.6072,22.2543,21.9,22.85,21.9,20.7000007629395,up,2026-08-21T11:44:34,0.0,0.0
SPX,2027-12-17,483,Put,10600.0,SPX271217P10600000,2408.4,2416.3,2412.3500000000004,2322.37,0.0,0.0,0.0,53.0,0.1335,-0.9555,0.0001,9.6572,0.0,-128.4304,2415.7454,0.0,0.0,0.0,2436.5,down,2026-08-10T11:40:30,0.0,0.0
SPX,2027-12-17,483,Call,10800.0,SPX271217C10800000,16.4,17.3,16.85,17.0,1.35,8.6262,2.0,1133.0,0.137,0.0387,0.0001,8.0573,-0.099,3.6206,16.9054,17.35,17.35,17.0,15.6500000953674,down,2026-08-21T12:50:14,0.0,0.0
SPX,2027-12-17,483,Put,10800.0,SPX271217P10800000,2591.0,2599.4,2595.2,2586.34,-33.3601,-1.27343,4.0,366.0,0.1328,-0.966,0.0001,8.0573,0.0,-131.9123,2598.8346,2605.45,2605.45,2586.22,2619.70007324219,up,2026-08-21T12:29:46,0.0,0.0
SPX,2027-12-17,483,Call,11000.0,SPX271217C11000000,12.6,13.4,13.0,12.99,0.94,7.80083,4.0,5558.0,0.138,0.0308,0.0001,6.7424,-0.0823,2.8811,13.0481,12.8,12.99,12.6,12.0499997138977,up,2026-08-21T13:31:15,0.0,0.0
SPX,2027-12-17,483,Put,11000.0,SPX271217P11000000,2775.2,2784.1,2779.6499999999996,2660.63,0.0,0.0,0.0,64.0,0.1322,-0.974,0.0001,6.7424,0.0,-135.1472,2783.4154,0.0,0.0,0.0,2804.40002441406,down,2026-08-14T10:12:59,0.0,0.0
SPX,2027-12-17,483,Call,11200.0,SPX271217C11200000,9.8,10.6,10.2,13.6,0.0,0.0,0.0,464.0,0.139,0.0248,0.0,5.6829,-0.0691,2.3131,10.2668,0.0,0.0,0.0,9.5,down,2026-08-17T13:36:12,0.0,0.0
SPX,2027-12-17,483,Put,11200.0,SPX271217P11200000,2960.4,2969.8,2965.1000000000004,2967.54,0.0,0.0,0.0,919.0,0.1317,-0.98,0.0,5.6829,0.0,-138.2105,2969.0722,0.0,0.0,0.0,2990.20007324219,down,2026-08-20T11:46:41,0.0,0.0
SPX,2027-12-17,483,Call,11400.0,SPX271217C11400000,7.9,8.6,8.25,8.6,0.9,11.6883,456.0,2248.0,0.141,0.0202,0.0,4.8341,-0.0588,1.8912,8.2482,8.16,8.6,8.1,7.7000002861023,up,2026-08-21T15:48:47,0.0,0.0
SPX,2027-12-17,483,Put,11400.0,SPX271217P11400000,3131.8,3170.5,3151.15,3127.49,0.0,0.0,0.0,23.0,0.1449,-0.9845,0.0,4.8341,0.0,-141.1279,3155.4917,0.0,0.0,0.0,3173.30004882812,up,2026-08-18T09:52:57,0.0,0.0
SPX,2027-12-17,483,Call,12000.0,SPX271217C12000000,4.5,5.2,4.85,4.84,0.24,5.21739,2.0,7041.0,0.1478,0.0122,0.0,3.1873,-0.0396,1.1326,4.8618,4.85,4.85,4.84,4.60000014305115,down,2026-08-21T13:31:15,0.0,0.0
SPX,2027-12-17,483,Put,12000.0,SPX271217P12000000,3692.2,3731.3,3711.75,3703.19,-34.36,-0.91932,4.0,1687.0,0.1522,-0.9925,0.0,3.1873,0.0,-149.3726,3717.4196,3722.95,3722.98,3703.19,3737.55004882812,down,2026-08-21T12:29:46,0.0,0.0
SPX,2028-06-16,665,Call,3100.0,SPX280616C03100000,4721.5,4760.1,4740.8,4825.15,0.0,0.0,0.0,9.0,0.0,0.9894,0.0,4.6251,0.0,50.4835,4746.3839,0.0,0.0,0.0,4717.75,up,2026-08-10T11:50:41,0.0,0.0
SPX,2028-06-16,665,Put,3100.0,SPX280616P03100000,30.4,31.2,30.799999999999997,32.2,0.0,0.0,0.0,7.0,0.3934,-0.018,0.0,4.6254,-0.1274,-3.0091,30.7201,0.0,0.0,0.0,31.7999992370606,down,2026-08-04T14:12:11,0.0,0.0
SPX,2028-06-16,665,Call,3200.0,SPX280616C03200000,4631.8,4670.4,4651.1,0.0,0.0,0.0,0.0,0.0,0.0,0.9879,0.0,4.9586,0.0,51.9087,4656.6217,0.0,0.0,0.0,4627.94995117188,no_change,,0.0,0.0
SPX,2028-06-16,665,Put,3200.0,SPX280616P03200000,32.6,33.5,33.05,32.5,0.0,0.0,0.0,1.0,0.3864,-0.0196,0.0,4.9589,-0.1342,-3.2612,33.0307,0.0,0.0,0.0,34.2000007629394,up,2026-08-13T14:01:32,0.0,0.0
SPX,2028-06-16,665,Call,3300.0,SPX280616C03300000,4542.2,4580.9,4561.549999999999,0.0,0.0,0.0,0.0,0.0,0.0,0.9863,0.0,5.3047,0.0,53.3184,4566.974,0.0,0.0,0.0,4538.34985351562,no_change,,0.0,0.0
SPX,2028-06-16,665,Put,3300.0,SPX280616P03300000,35.0,36.0,35.5,0.0,0.0,0.0,0.0,0.0,0.3797,-0.0212,0.0,5.305,-0.1411,-3.5288,35.4552,0.0,0.0,0.0,36.6499996185303,no_change,,0.0,0.0
SPX,2028-06-16,665,Call,3400.0,SPX280616C03400000,4452.7,4491.4,4472.049999999999,0.0,0.0,0.0,0.0,0.0,0.0,0.9846,0.0,5.6624,0.0,54.7137,4477.4498,0.0,0.0,0.0,4448.64990234375,no_change,,0.0,0.0
SPX,2028-06-16,665,Put,3400.0,SPX280616P03400000,37.5,38.6,38.05,0.0,0.0,0.0,0.0,0.0,0.3732,-0.0229,0.0,5.6627,-0.1482,-3.8108,38.0038,0.0,0.0,0.0,39.25,no_change,,0.0,0.0
SPX,2028-06-16,665,Call,3500.0,SPX280616C03500000,4363.3,4401.9,4382.6,4430.23,0.0,0.0,0.0,1.0,0.0,0.9827,0.0,6.0338,0.0,56.0951,4388.0578,0.0,0.0,0.0,4359.75,up,2026-08-11T15:11:25,0.0,0.0
SPX,2028-06-16,665,Put,3500.0,SPX280616P03500000,40.1,41.3,40.7,40.26,0.0,0.0,0.0,169.0,0.3668,-0.0247,0.0,6.034,-0.1554,-4.1068,40.6846,0.0,0.0,0.0,41.9500007629394,down,2026-08-10T13:57:27,0.0,0.0
SPX,2028-06-16,665,Call,3600.0,SPX280616C03600000,4274.4,4313.1,4293.75,4018.05,0.0,0.0,0.0,2.0,0.0,0.9808,0.0,6.4227,0.0,57.46,4298.8084,0.0,0.0,0.0,4268.25,down,2026-06-24T13:55:48,0.0,0.0
SPX,2028-06-16,665,Put,3600.0,SPX280616P03600000,42.9,44.1,43.5,55.32,0.0,0.0,0.0,77.0,0.3605,-0.0267,0.0,6.4231,-0.1627,-4.4192,43.5081,0.0,0.0,0.0,44.8999996185303,up,2026-06-24T13:55:48,0.0,0.0
SPX,2028-06-16,665,Call,3700.0,SPX280616C03700000,4194.6,4215.6,4205.1,0.0,0.0,0.0,0.0,0.0,0.3454,0.9787,0.0,6.8328,0.0,58.804,4209.7152,0.0,0.0,0.0,4179.40014648438,no_change,,0.0,0.0
SPX,2028-06-16,665,Put,3700.0,SPX280616P03700000,45.8,47.2,46.5,47.21,0.0,0.0,0.0,2.0,0.3544,-0.0287,0.0,6.8328,-0.1702,-4.7523,46.485,0.0,0.0,0.0,47.8999996185303,up,2026-08-18T13:42:26,0.0,0.0
SPX,2028-06-16,665,Call,3800.0,SPX280616C03800000,4106.0,4126.7,4116.35,0.0,0.0,0.0,0.0,0.0,0.3403,0.9766,0.0,7.2644,0.0,60.1234,4120.795,0.0,0.0,0.0,4090.84997558594,no_change,,0.0,0.0
SPX,2028-06-16,665,Put,3800.0,SPX280616P03800000,48.9,50.4,49.65,57.6,0.0,0.0,0.0,434.0,0.3484,-0.0309,0.0,7.2647,-0.1778,-5.1106,49.6405,0.0,0.0,0.0,51.0500011444092,up,2026-07-02T09:46:25,0.0,0.0
SPX,2028-06-16,665,Call,3900.0,SPX280616C03900000,4017.7,4038.0,4027.85,0.0,0.0,0.0,0.0,0.0,0.3352,0.9742,0.0,7.715,0.0,61.4171,4032.0665,0.0,0.0,0.0,4002.44995117188,no_change,,0.0,0.0
SPX,2028-06-16,665,Put,3900.0,SPX280616P03900000,52.3,53.8,53.05,54.8,0.0,0.0,0.0,299.0,0.3427,-0.0332,0.0,7.7154,-0.1857,-5.4942,52.9849,0.0,0.0,0.0,54.6500015258789,no_change,2026-08-20T15:12:29,0.0,0.0
SPX,2028-06-16,665,Call,4000.0,SPX280616C04000000,3929.5,3949.4,3939.45,3944.32,30.12,0.769507,1.0,10.0,0.3303,0.9717,0.0,8.1823,0.0,62.687,3943.5476,3944.32,3944.32,3944.32,3914.19995117188,up,2026-08-21T12:59:59,0.0,0.0
SPX,2028-06-16,665,Put,4000.0,SPX280616P04000000,55.7,57.4,56.55,58.3,0.0,0.0,0.0,147.0,0.337,-0.0357,0.0,8.1825,-0.1938,-5.9015,56.5373,0.0,0.0,0.0,58.1500015258789,no_change,2026-08-20T15:12:27,0.0,0.0
SPX,2028-06-16,665,Call,4100.0,SPX280616C04100000,3841.6,3861.1,3851.35,3936.6,0.0,0.0,0.0,3.0,0.3255,0.9691,0.0,8.6672,0.0,63.9342,3855.2552,0.0,0.0,0.0,3826.20007324219,no_change,2026-08-10T11:48:20,0.0,0.0
SPX,2028-06-16,665,Put,4100.0,SPX280616P04100000,59.4,61.2,60.3,62.1,0.0,0.0,0.0,84.0,0.3313,-0.0384,0.0,8.6674,-0.2021,-6.3316,60.3177,0.0,0.0,0.0,62.0499992370606,no_change,2026-08-20T15:12:29,0.0,0.0
SPX,2028-06-16,665,Call,4200.0,SPX280616C04200000,3754.0,3773.1,3763.55,0.0,0.0,0.0,0.0,0.0,0.3207,0.9663,0.0,9.1744,0.0,65.1564,3767.206,0.0,0.0,0.0,3738.39990234375,no_change,,0.0,0.0
SPX,2028-06-16,665,Put,4200.0,SPX280616P04200000,63.4,65.3,64.35,74.5,0.0,0.0,0.0,249.0,0.3263,-0.0412,0.0,9.1748,-0.2107,-6.7869,64.3421,0.0,0.0,0.0,66.25,down,2026-07-14T14:59:09,0.0,0.0
SPX,2028-06-16,665,Call,4300.0,SPX280616C04300000,3666.6,3685.3,3675.95,3773.89,0.0,0.0,0.0,1.0,0.3161,0.9633,0.0,9.7092,0.0,66.3473,3679.4197,0.0,0.0,0.0,3650.90002441406,down,2026-08-14T12:46:05,0.0,0.0
SPX,2028-06-16,665,Put,4300.0,SPX280616P04300000,67.5,69.7,68.6,68.8,0.0,0.0,0.0,66.0,0.3209,-0.0442,0.0,9.7096,-0.2195,-7.2734,68.6288,0.0,0.0,0.0,70.8999977111816,down,2026-08-14T12:46:05,0.0,0.0
SPX,2028-06-16,665,Call,4400.0,SPX280616C04400000,3579.5,3597.8,3588.65,0.0,0.0,0.0,0.0,0.0,0.3116,0.9601,0.0,10.2732,0.0,67.5004,3591.9202,0.0,0.0,0.0,3563.75,no_change,,0.0,0.0
SPX,2028-06-16,665,Put,4400.0,SPX280616P04400000,72.1,74.3,73.19999999999999,75.0,-0.65,-0.859217,2.0,674.0,0.3159,-0.0474,0.0,10.2736,-0.2286,-7.7977,73.2023,75.0,75.0,75.0,75.6499977111816,up,2026-08-21T09:30:04,0.0,0.0
SPX,2028-06-16,665,Call,4500.0,SPX280616C04500000,3492.6,3510.6,3501.6,3550.38,0.0,0.0,0.0,1.0,0.307,0.9566,0.0,10.8624,0.0,68.6132,3504.7334,0.0,0.0,0.0,3476.89990234375,down,2026-08-11T15:11:25,0.0,0.0
SPX,2028-06-16,665,Put,4500.0,SPX280616P04500000,77.3,79.3,78.3,78.35,0.0,0.0,0.0,2460.0,0.3113,-0.0508,0.0,10.8629,-0.2379,-8.3622,78.0886,0.0,0.0,0.0,80.5500030517578,down,2026-08-11T15:31:20,0.0,0.0
SPX,2028-06-16,665,Call,4550.0,SPX280616C04550000,3449.4,3467.1,3458.25,0.0,0.0,0.0,0.0,0.0,0.3049,0.9548,0.0,11.1649,0.0,69.1556,3461.2651,0.0,0.0,0.0,3433.59997558594,no_change,,0.0,0.0
SPX,2028-06-16,665,Put,4550.0,SPX280616P04550000,79.8,81.9,80.85,97.4,0.0,0.0,0.0,8.0,0.3089,-0.0526,0.0,11.1649,-0.2426,-8.658,80.6523,0.0,0.0,0.0,83.1500015258789,no_change,2026-07-28T09:30:07,0.0,0.0
SPX,2028-06-16,665,Call,4600.0,SPX280616C04600000,3406.2,3423.7,3414.95,3500.76,0.0,0.0,0.0,2.0,0.3027,0.953,0.0,11.472,0.0,69.6892,3417.8836,0.0,0.0,0.0,3390.5,up,2026-08-10T11:49:25,0.0,0.0
SPX,2028-06-16,665,Put,4600.0,SPX280616P04600000,82.5,84.6,83.55,83.4,0.0,0.0,0.0,96.0,0.3066,-0.0545,0.0,11.472,-0.2474,-8.9631,83.3072,0.0,0.0,0.0,85.9499969482422,down,2026-08-19T14:42:21,0.0,0.0
SPX,2028-06-16,665,Call,4650.0,SPX280616C04650000,3363.1,3380.4,3371.75,0.0,0.0,0.0,0.0,0.0,0.3006,0.9511,0.0,11.7841,0.0,70.2146,3374.5916,0.0,0.0,0.0,3347.35009765625,no_change,,0.0,0.0
SPX,2028-06-16,665,Put,4650.0,SPX280616P04650000,85.3,87.4,86.35,101.1,0.0,0.0,0.0,1.0,0.3042,-0.0564,0.0,11.7841,-0.2523,-9.2763,86.0514,0.0,0.0,0.0,88.75,down,2026-07-27T09:33:44,0.0,0.0
SPX,2028-06-16,665,Call,4700.0,SPX280616C04700000,3320.0,3337.2,3328.6,0.0,0.0,0.0,0.0,0.0,0.2984,0.9491,0.0,12.1018,0.0,70.7317,3331.3911,0.0,0.0,0.0,3304.34997558594,no_change,,0.0,0.0
SPX,2028-06-16,665,Put,4700.0,SPX280616P04700000,88.1,90.2,89.15,110.72,0.0,0.0,0.0,3.0,0.302,-0.0584,0.0,12.1018,-0.2573,-9.5979,88.8873,0.0,0.0,0.0,91.9000015258789,down,2026-06-26T13:02:47,0.0,0.0
SPX,2028-06-16,665,Call,4750.0,SPX280616C04750000,3277.1,3294.1,3285.6,0.0,0.0,0.0,0.0,0.0,0.2963,0.947,0.0,12.4259,0.0,71.2398,3288.2846,0.0,0.0,0.0,3261.29992675781,no_change,,0.0,0.0
SPX,2028-06-16,665,Put,4750.0,SPX280616P04750000,91.0,93.2,92.1,107.5,0.0,0.0,0.0,3.0,0.2996,-0.0604,0.0,12.4259,-0.2623,-9.9285,91.8171,0.0,0.0,0.0,94.7000007629394,no_change,2026-07-22T15:17:27,0.0,0.0
SPX,2028-06-16,665,Call,4800.0,SPX280616C04800000,3234.3,3251.1,3242.7,0.0,0.0,0.0,0.0,0.0,0.2942,0.9449,0.0,12.7576,0.0,71.7378,3245.2746,0.0,0.0,0.0,3218.44995117188,no_change,,0.0,0.0
SPX,2028-06-16,665,Put,4800.0,SPX280616P04800000,94.1,96.2,95.15,115.45,0.0,0.0,0.0,13.0,0.2974,-0.0625,0.0,12.7576,-0.2673,-10.2691,94.8434,0.0,0.0,0.0,97.7999992370606,down,2026-07-30T09:30:02,0.0,0.0
SPX,2028-06-16,665,Call,4850.0,SPX280616C04850000,3191.5,3208.1,3199.8,3205.74,0.0,0.0,0.0,0.0,0.2921,0.9428,0.0,13.0975,0.0,72.2242,3202.3641,0.0,0.0,0.0,3175.79992675781,down,2026-08-20T12:37:43,0.0,0.0
SPX,2028-06-16,665,Put,4850.0,SPX280616P04850000,97.2,99.4,98.30000000000001,0.0,0.0,0.0,0.0,0.0,0.2952,-0.0647,0.0,13.0975,-0.2725,-10.6213,97.9693,0.0,0.0,0.0,101.0,no_change,,0.0,0.0
SPX,2028-06-16,665,Call,4900.0,SPX280616C04900000,3148.9,3165.3,3157.1000000000004,0.0,0.0,0.0,0.0,0.0,0.2901,0.9405,0.0,13.4459,0.0,72.6978,3159.5565,0.0,0.0,0.0,3133.04992675781,no_change,,0.0,0.0
SPX,2028-06-16,665,Put,4900.0,SPX280616P04900000,100.4,102.7,101.55000000000001,116.98,0.0,0.0,0.0,6.0,0.293,-0.0669,0.0,13.4459,-0.2776,-10.9865,101.198,0.0,0.0,0.0,104.599998474121,up,2026-07-13T13:10:48,0.0,0.0
SPX,2028-06-16,665,Call,4950.0,SPX280616C04950000,3106.4,3122.6,3114.5,2867.17,0.0,0.0,0.0,1.0,0.288,0.9382,0.0,13.8026,0.0,73.1573,3116.8555,0.0,0.0,0.0,3090.59997558594,down,2026-06-24T13:55:48,0.0,0.0
SPX,2028-06-16,665,Put,4950.0,SPX280616P04950000,103.5,105.9,104.7,136.44,0.0,0.0,0.0,1.0,0.2906,-0.0692,0.0,13.8026,-0.2829,-11.3656,104.5333,0.0,0.0,0.0,107.949996948242,up,2026-06-24T13:55:48,0.0,0.0
SPX,2028-06-16,665,Call,5000.0,SPX280616C05000000,3063.9,3080.0,3071.95,3077.75,29.65,0.972738,3.0,3.0,0.286,0.9358,0.0,14.1666,0.0,73.6025,3074.2648,3074.8,3077.75,3074.8,3048.09997558594,up,2026-08-21T15:06:06,0.0,0.0
SPX,2028-06-16,665,Put,5000.0,SPX280616P05000000,107.2,109.5,108.35,107.63,-3.67,-3.29739,3.0,124.0,0.2887,-0.0716,0.0,14.1666,-0.2882,-11.759,107.9789,108.2,108.39,107.63,111.299999237061,down,2026-08-21T15:06:06,0.0,0.0
SPX,2028-06-16,665,Call,5050.0,SPX280616C05050000,3021.6,3037.5,3029.55,0.0,0.0,0.0,0.0,0.0,0.284,0.9334,0.0,14.5367,0.0,74.0338,3031.7881,0.0,0.0,0.0,3005.90002441406,no_change,,0.0,0.0
SPX,2028-06-16,665,Put,5050.0,SPX280616P05050000,110.7,113.1,111.9,130.97,0.0,0.0,0.0,1.0,0.2866,-0.0741,0.0,14.5368,-0.2935,-12.1665,111.5385,0.0,0.0,0.0,115.0,up,2026-07-15T12:49:31,0.0,0.0
SPX,2028-06-16,665,Call,5100.0,SPX280616C05100000,2979.4,2995.1,2987.25,3073.46,0.0,0.0,0.0,3.0,0.2821,0.9308,0.0,14.9118,-0.008,74.4523,2989.4286,0.0,0.0,0.0,2963.65002441406,down,2026-08-10T11:49:58,0.0,0.0
SPX,2028-06-16,665,Put,5100.0,SPX280616P05100000,114.4,116.8,115.6,114.5,0.0,0.0,0.0,1.0,0.2845,-0.0766,0.0,14.9118,-0.2989,-12.5866,115.2153,0.0,0.0,0.0,118.899997711182,down,2026-08-19T15:55:51,0.0,0.0
SPX,2028-06-16,665,Call,5150.0,SPX280616C05150000,2937.3,2952.8,2945.05,2946.75,25.1499,0.860826,2.0,0.0,0.2801,0.9282,0.0,15.291,-0.0181,74.8589,2947.189,2947.1,2947.1,2946.75,2921.60009765625,down,2026-08-21T15:13:38,0.0,0.0
SPX,2028-06-16,665,Put,5150.0,SPX280616P05150000,118.1,120.6,119.35,118.3,-4.4,-3.58598,71.0,56.0,0.2824,-0.0792,0.0,15.291,-0.3043,-13.0187,119.0121,118.6,118.6,118.3,122.700000762939,no_change,2026-08-21T11:37:00,0.0,0.0
SPX,2028-06-16,665,Call,5200.0,SPX280616C05200000,2895.4,2910.7,2903.05,0.0,0.0,0.0,0.0,0.0,0.2782,0.9255,0.0,15.6743,-0.0282,75.2549,2905.0716,0.0,0.0,0.0,2879.59997558594,no_change,,0.0,0.0
SPX,2028-06-16,665,Put,5200.0,SPX280616P05200000,122.0,124.5,123.25,125.7,0.0,0.0,0.0,116.0,0.2803,-0.0819,0.0,15.6744,-0.3097,-13.4614,122.931,0.0,0.0,0.0,126.799999237061,up,2026-08-20T13:29:25,0.0,0.0
SPX,2028-06-16,665,Call,5250.0,SPX280616C05250000,2853.5,2868.6,2861.05,0.0,0.0,0.0,0.0,0.0,0.2762,0.9228,0.0,16.0624,-0.0384,75.6404,2863.0783,0.0,0.0,0.0,2837.80004882812,no_change,,0.0,0.0
SPX,2028-06-16,665,Put,5250.0,SPX280616P05250000,126.1,128.6,127.35,126.6,-4.3,-3.28495,29.0,2332.0,0.2784,-0.0847,0.0,16.0624,-0.3152,-13.9145,126.974,127.2,127.2,126.6,130.900001525879,no_change,2026-08-21T14:50:59,0.0,0.0
SPX,2028-06-16,665,Call,5300.0,SPX280616C05300000,2811.8,2826.7,2819.25,0.0,0.0,0.0,0.0,0.0,0.2743,0.9199,0.0001,16.4562,-0.0486,76.0147,2821.2113,0.0,0.0,0.0,2795.94995117188,no_change,,0.0,0.0
SPX,2028-06-16,665,Put,5300.0,SPX280616P05300000,130.2,132.8,131.5,130.7,-4.4,-3.25685,48.0,209.0,0.2764,-0.0875,0.0001,16.4562,-0.3208,-14.3789,131.1433,131.3,131.3,130.7,135.100006103516,no_change,2026-08-21T11:34:05,0.0,0.0
SPX,2028-06-16,665,Call,5325.0,SPX280616C05325000,2789.7,2807.5,2798.6,0.0,0.0,0.0,0.0,0.0,0.2735,0.9184,0.0001,16.6557,-0.0537,76.1971,2800.3258,0.0,0.0,0.0,2775.09997558594,no_change,,0.0,0.0
SPX,2028-06-16,665,Put,5325.0,SPX280616P05325000,132.0,134.7,133.35,133.9,0.0,0.0,0.0,6.0,0.2752,-0.089,0.0001,16.6557,-0.3235,-14.6158,133.276,0.0,0.0,0.0,137.300003051758,down,2026-08-04T15:37:29,0.0,0.0
SPX,2028-06-16,665,Call,5350.0,SPX280616C05350000,2770.2,2784.9,2777.55,0.0,0.0,0.0,0.0,0.0,0.2725,0.917,0.0001,16.8572,-0.0588,76.3761,2779.4728,0.0,0.0,0.0,2754.45007324219,no_change,,0.0,0.0
SPX,2028-06-16,665,Put,5350.0,SPX280616P05350000,134.5,137.1,135.8,139.2,0.0,0.0,0.0,3.0,0.2744,-0.0905,0.0001,16.8572,-0.3263,-14.8562,135.4412,0.0,0.0,0.0,139.549995422363,up,2026-08-20T15:59:30,0.0,0.0
SPX,2028-06-16,665,Call,5375.0,SPX280616C05375000,2748.2,2765.7,2756.95,0.0,0.0,0.0,0.0,0.0,0.2717,0.9155,0.0001,17.0607,-0.0639,76.5513,2758.6527,0.0,0.0,0.0,2733.54992675781,no_change,,0.0,0.0
SPX,2028-06-16,665,Put,5375.0,SPX280616P05375000,136.6,139.3,137.95,136.2,-5.0,-3.54107,3.0,5.0,0.2734,-0.092,0.0001,17.0607,-0.3291,-15.1003,137.6392,137.1,137.1,136.2,141.199996948242,down,2026-08-21T15:59:30,0.0,0.0
SPX,2028-06-16,665,Call,5400.0,SPX280616C05400000,2728.7,2743.3,2736.0,2823.04,0.0,0.0,0.0,2.0,0.2706,0.9139,0.0001,17.2662,-0.069,76.7224,2737.866,0.0,0.0,0.0,2713.05004882812,up,2026-08-10T12:31:59,0.0,0.0
SPX,2028-06-16,665,Put,5400.0,SPX280616P05400000,138.9,141.5,140.2,139.0,-5.0,-3.47222,1.0,420.0,0.2724,-0.0935,0.0001,17.2662,-0.3319,-15.3485,139.8706,139.0,139.0,139.0,144.0,up,2026-08-21T15:39:47,0.0,0.0
SPX,2028-06-16,665,Call,5425.0,SPX280616C05425000,2706.8,2724.1,2715.45,2770.04,0.0,0.0,0.0,1.0,0.2698,0.9124,0.0001,17.4739,-0.0741,76.8893,2717.113,0.0,0.0,0.0,2692.14990234375,up,2026-08-07T10:16:55,0.0,0.0
SPX,2028-06-16,665,Put,5425.0,SPX280616P05425000,141.1,143.8,142.45,143.2,0.0,0.0,0.0,58.0,0.2715,-0.095,0.0001,17.4739,-0.3347,-15.6009,142.1358,0.0,0.0,0.0,146.5,up,2026-08-18T15:25:27,0.0,0.0
SPX,2028-06-16,665,Call,5450.0,SPX280616C05450000,2687.4,2701.8,2694.6000000000004,0.0,0.0,0.0,0.0,0.0,0.2688,0.9108,0.0001,17.6836,-0.0792,77.0518,2696.3943,0.0,0.0,0.0,2671.69995117188,no_change,,0.0,0.0
SPX,2028-06-16,665,Put,5450.0,SPX280616P05450000,143.4,146.1,144.75,145.8,0.0,0.0,0.0,12.0,0.2705,-0.0966,0.0001,17.6836,-0.3375,-15.8578,144.4353,0.0,0.0,0.0,148.650001525879,up,2026-08-18T15:53:55,0.0,0.0
SPX,2028-06-16,665,Call,5475.0,SPX280616C05475000,2665.5,2682.7,2674.1,0.0,0.0,0.0,0.0,0.0,0.268,0.9092,0.0001,17.8952,-0.0844,77.2096,2675.7104,0.0,0.0,0.0,2650.95007324219,no_change,,0.0,0.0
SPX,2028-06-16,665,Put,5475.0,SPX280616P05475000,145.7,148.5,147.1,184.7,0.0,0.0,0.0,10.0,0.2695,-0.0982,0.0001,17.8952,-0.3403,-16.1193,146.7696,0.0,0.0,0.0,151.150001525879,down,2026-06-26T15:47:57,0.0,0.0
SPX,2028-06-16,665,Call,5500.0,SPX280616C05500000,2646.2,2660.4,2653.3,2733.62,0.0,0.0,0.0,3.0,0.2669,0.9076,0.0001,18.1087,-0.0895,77.3628,2655.0619,0.0,0.0,0.0,2630.5,up,2026-08-10T12:36:43,0.0,0.0
SPX,2028-06-16,665,Put,5500.0,SPX280616P05500000,148.1,150.8,149.45,147.5,0.0,0.0,0.0,15.0,0.2686,-0.0998,0.0001,18.1087,-0.3431,-16.3854,149.1392,0.0,0.0,0.0,153.400001525879,down,2026-08-14T10:10:27,0.0,0.0
SPX,2028-06-16,665,Call,5525.0,SPX280616C05525000,2624.4,2641.3,2632.8500000000004,0.0,0.0,0.0,0.0,0.0,0.2661,0.906,0.0001,18.3236,-0.0946,77.5114,2634.4492,0.0,0.0,0.0,2609.94995117188,no_change,,0.0,0.0
SPX,2028-06-16,665,Put,5525.0,SPX280616P05525000,150.3,153.3,151.8,191.3,0.0,0.0,0.0,26.0,0.2676,-0.1014,0.0001,18.3236,-0.3459,-16.6562,151.5446,0.0,0.0,0.0,155.799995422363,up,2026-06-26T15:49:22,0.0,0.0
SPX,2028-06-16,665,Call,5550.0,SPX280616C05550000,2605.1,2619.2,2612.1499999999996,0.0,0.0,0.0,0.0,0.0,0.2651,0.9044,0.0001,18.54,-0.0998,77.6555,2613.8729,0.0,0.0,0.0,2589.45007324219,no_change,,0.0,0.0
SPX,2028-06-16,665,Put,5550.0,SPX280616P05550000,152.8,155.7,154.25,157.31,0.0,0.0,0.0,289.0,0.2667,-0.1031,0.0001,18.54,-0.3487,-16.9314,153.9865,0.0,0.0,0.0,158.300003051758,no_change,2026-08-20T12:14:52,0.0,0.0
SPX,2028-06-16,665,Call,5575.0,SPX280616C05575000,2583.5,2600.2,2591.85,0.0,0.0,0.0,0.0,0.0,0.2643,0.9027,0.0001,18.7574,-0.1049,77.7951,2593.3334,0.0,0.0,0.0,2568.84997558594,no_change,,0.0,0.0
SPX,2028-06-16,665,Put,5575.0,SPX280616P05575000,155.2,158.2,156.7,154.2,0.0,0.0,0.0,3.0,0.2657,-0.1048,0.0001,18.7574,-0.3515,-17.2111,156.4652,0.0,0.0,0.0,160.75,down,2026-08-12T13:11:26,0.0,0.0
SPX,2028-06-16,665,Call,5600.0,SPX280616C05600000,2564.2,2578.1,2571.1499999999996,2658.2,0.0,0.0,0.0,1.0,0.2633,0.901,0.0001,18.9758,-0.11,77.9306,2572.8311,0.0,0.0,0.0,2548.64990234375,up,2026-08-10T11:50:41,0.0,0.0
SPX,2028-06-16,665,Put,5600.0,SPX280616P05600000,157.8,160.7,159.25,158.2,0.0,0.0,0.0,121.0,0.2648,-0.1065,0.0001,18.9758,-0.3543,-17.495,158.9811,0.0,0.0,0.0,163.400001525879,up,2026-08-17T12:50:11,0.0,0.0
SPX,2028-06-16,665,Call,5625.0,SPX280616C05625000,2542.6,2559.1,2550.85,0.0,0.0,0.0,0.0,0.0,0.2625,0.8992,0.0001,19.1949,-0.1152,78.0627,2552.3665,0.0,0.0,0.0,2528.09997558594,no_change,,0.0,0.0
SPX,2028-06-16,665,Put,5625.0,SPX280616P05625000,160.2,163.3,161.75,195.27,0.0,0.0,0.0,1.0,0.2639,-0.1082,0.0001,19.1949,-0.3571,-17.7822,161.5345,0.0,0.0,0.0,166.0,down,2026-06-29T15:01:09,0.0,0.0
SPX,2028-06-16,665,Call,5650.0,SPX280616C05650000,2523.5,2537.2,2530.35,0.0,0.0,0.0,0.0,0.0,0.2615,0.8975,0.0001,19.4145,-0.1203,78.1907,2531.9397,0.0,0.0,0.0,2507.90002441406,no_change,,0.0,0.0
SPX,2028-06-16,665,Put,5650.0,SPX280616P05650000,162.9,165.9,164.4,209.0,0.0,0.0,0.0,8.0,0.2629,-0.11,0.0001,19.4145,-0.3599,-18.0735,164.1259,0.0,0.0,0.0,168.649993896484,no_change,2026-06-26T14:32:11,0.0,0.0
SPX,2028-06-16,665,Call,5675.0,SPX280616C05675000,2502.0,2518.2,2510.1,0.0,0.0,0.0,0.0,0.0,0.2607,0.8957,0.0001,19.6347,-0.1254,78.3155,2511.5512,0.0,0.0,0.0,2487.40002441406,no_change,,0.0,0.0
SPX,2028-06-16,665,Put,5675.0,SPX280616P05675000,165.4,168.5,166.95,0.0,0.0,0.0,0.0,0.0,0.262,-0.1117,0.0001,19.6347,-0.3627,-18.368,166.7556,0.0,0.0,0.0,171.349998474121,no_change,,0.0,0.0
SPX,2028-06-16,665,Call,5700.0,SPX280616C05700000,2482.9,2496.4,2489.65,0.0,0.0,0.0,0.0,0.0,0.2597,0.8939,0.0001,19.8554,-0.1305,78.4372,2491.2011,0.0,0.0,0.0,2467.25,no_change,,0.0,0.0
SPX,2028-06-16,665,Put,5700.0,SPX280616P05700000,168.2,171.2,169.7,189.81,0.0,0.0,0.0,107.0,0.2611,-0.1135,0.0001,19.8554,-0.3654,-18.6657,169.4236,0.0,0.0,0.0,174.099998474121,down,2026-07-31T15:17:33,0.0,0.0
SPX,2028-06-16,665,Call,5725.0,SPX280616C05725000,2461.5,2477.5,2469.5,0.0,0.0,0.0,0.0,0.0,0.2589,0.8921,0.0001,20.0766,-0.1356,78.5559,2470.8897,0.0,0.0,0.0,2446.90002441406,no_change,,0.0,0.0
SPX,2028-06-16,665,Put,5725.0,SPX280616P05725000,170.8,173.9,172.35000000000002,0.0,0.0,0.0,0.0,0.0,0.2602,-0.1154,0.0001,20.0766,-0.3682,-18.9664,172.1304,0.0,0.0,0.0,176.75,no_change,,0.0,0.0
SPX,2028-06-16,665,Call,5750.0,SPX280616C05750000,2442.4,2455.7,2449.05,0.0,0.0,0.0,0.0,0.0,0.258,0.8902,0.0001,20.2985,-0.1408,78.6715,2450.6171,0.0,0.0,0.0,2426.94995117188,no_change,,0.0,0.0
SPX,2028-06-16,665,Put,5750.0,SPX280616P05750000,173.6,176.6,175.1,222.7,0.0,0.0,0.0,6.0,0.2592,-0.1172,0.0001,20.2985,-0.371,-19.27,174.8759,0.0,0.0,0.0,179.650001525879,up,2026-06-26T14:32:11,0.0,0.0
SPX,2028-06-16,665,Call,5775.0,SPX280616C05775000,2421.1,2437.0,2429.05,0.0,0.0,0.0,0.0,0.0,0.2572,0.8884,0.0001,20.5212,-0.1459,78.784,2430.3836,0.0,0.0,0.0,2406.70007324219,no_change,,0.0,0.0
SPX,2028-06-16,665,Put,5775.0,SPX280616P05775000,176.3,179.4,177.85000000000002,226.1,0.0,0.0,0.0,1.0,0.2583,-0.1191,0.0001,20.5212,-0.3738,-19.5769,177.6606,0.0,0.0,0.0,182.449996948242,up,2026-06-26T14:36:38,0.0,0.0
SPX,2028-06-16,665,Call,5800.0,SPX280616C05800000,2402.1,2415.3,2408.7,0.0,0.0,0.0,0.0,0.0,0.2562,0.8865,0.0001,20.7449,-0.151,78.8932,2410.1894,0.0,0.0,0.0,2386.65002441406,no_change,,0.0,0.0
SPX,2028-06-16,665,Put,5800.0,SPX280616P05800000,179.2,182.3,180.75,179.9,0.0,0.0,0.0,391.0,0.2574,-0.121,0.0001,20.7449,-0.3766,-19.887,180.4846,0.0,0.0,0.0,185.349998474121,down,2026-08-05T14:50:47,0.0,0.0
SPX,2028-06-16,665,Call,5825.0,SPX280616C05825000,2380.9,2396.6,2388.75,0.0,0.0,0.0,0.0,0.0,0.2554,0.8846,0.0001,20.9698,-0.1561,78.9989,2390.0348,0.0,0.0,0.0,2366.5,no_change,,0.0,0.0
SPX,2028-06-16,665,Put,5825.0,SPX280616P05825000,182.0,185.1,183.55,184.4,0.0,0.0,0.0,4.0,0.2565,-0.1229,0.0001,20.9698,-0.3794,-20.2007,183.3481,0.0,0.0,0.0,188.25,down,2026-08-04T14:15:08,0.0,0.0
SPX,2028-06-16,665,Call,5850.0,SPX280616C05850000,2362.0,2375.0,2368.5,0.0,0.0,0.0,0.0,0.0,0.2545,0.8826,0.0001,21.1961,-0.1612,79.1006,2369.9201,0.0,0.0,0.0,2346.59997558594,no_change,,0.0,0.0
SPX,2028-06-16,665,Put,5850.0,SPX280616P05850000,184.9,188.0,186.45,184.0,0.0,0.0,0.0,1.0,0.2556,-0.1248,0.0001,21.1961,-0.3821,-20.5183,186.2516,0.0,0.0,0.0,191.25,down,2026-08-14T14:31:36,0.0,0.0
SPX,2028-06-16,665,Call,5875.0,SPX280616C05875000,2340.9,2356.3,2348.6000000000004,0.0,0.0,0.0,0.0,0.0,0.2537,0.8806,0.0001,21.424,-0.1662,79.1981,2349.8457,0.0,0.0,0.0,2326.40002441406,no_change,,0.0,0.0
SPX,2028-06-16,665,Put,5875.0,SPX280616P05875000,187.8,191.0,189.4,0.0,0.0,0.0,0.0,0.0,0.2547,-0.1268,0.0001,21.424,-0.3849,-20.8402,189.1953,0.0,0.0,0.0,194.199996948242,no_change,,0.0,0.0
SPX,2028-06-16,665,Call,5900.0,SPX280616C05900000,2322.1,2334.8,2328.45,2401.99,0.0,0.0,0.0,5.0,0.2527,0.8786,0.0001,21.6536,-0.1713,79.2908,2329.812,0.0,0.0,0.0,2306.65002441406,up,2026-08-07T10:57:20,0.0,0.0
SPX,2028-06-16,665,Put,5900.0,SPX280616P05900000,190.8,194.0,192.4,193.51,0.0,0.0,0.0,5.0,0.2538,-0.1288,0.0001,21.6536,-0.3876,-21.1668,192.1799,0.0,0.0,0.0,197.25,up,2026-08-17T15:49:46,0.0,0.0
SPX,2028-06-16,665,Call,5925.0,SPX280616C05925000,2301.0,2316.3,2308.65,0.0,0.0,0.0,0.0,0.0,0.252,0.8766,0.0001,21.8848,-0.1764,79.3784,2309.8197,0.0,0.0,0.0,2286.65002441406,no_change,,0.0,0.0
SPX,2028-06-16,665,Put,5925.0,SPX280616P05925000,193.8,197.0,195.4,244.4,0.0,0.0,0.0,26.0,0.2529,-0.1308,0.0001,21.8848,-0.3903,-21.4984,195.2057,0.0,0.0,0.0,200.349998474121,up,2026-07-29T15:47:43,0.0,0.0
SPX,2028-06-16,665,Call,5950.0,SPX280616C05950000,2282.3,2294.9,2288.6000000000004,2388.06,0.0,0.0,0.0,2.0,0.251,0.8746,0.0001,22.1178,-0.1814,79.4607,2289.8692,0.0,0.0,0.0,2266.85009765625,up,2026-08-14T12:44:51,0.0,0.0
SPX,2028-06-16,665,Put,5950.0,SPX280616P05950000,196.9,200.1,198.5,0.0,0.0,0.0,0.0,0.0,0.252,-0.1329,0.0001,22.1178,-0.393,-21.8355,198.2733,0.0,0.0,0.0,203.450004577637,no_change,,0.0,0.0
SPX,2028-06-16,665,Call,5975.0,SPX280616C05975000,2261.3,2276.4,2268.8500000000004,0.0,0.0,0.0,0.0,0.0,0.2502,0.8725,0.0001,22.3524,-0.1865,79.5374,2269.9611,0.0,0.0,0.0,2246.94995117188,no_change,,0.0,0.0
SPX,2028-06-16,665,Put,5975.0,SPX280616P05975000,199.9,203.2,201.55,233.9,0.0,0.0,0.0,5.0,0.2512,-0.1349,0.0001,22.3524,-0.3958,-22.1782,201.3834,0.0,0.0,0.0,206.700004577637,down,2026-07-22T15:14:51,0.0,0.0
SPX,2028-06-16,665,Call,6000.0,SPX280616C06000000,2242.6,2255.1,2248.85,2278.1,0.0,0.0,0.0,142.0,0.2493,0.8704,0.0001,22.5885,-0.1915,79.6083,2250.096,0.0,0.0,0.0,2227.30004882812,up,2026-08-18T13:21:51,0.0,0.0
SPX,2028-06-16,665,Put,6000.0,SPX280616P06000000,203.1,206.4,204.75,207.76,0.0,0.0,0.0,594.0,0.2503,-0.137,0.0001,22.5885,-0.3985,-22.5266,204.5365,0.0,0.0,0.0,209.849998474121,down,2026-08-18T13:21:51,0.0,0.0
SPX,2028-06-16,665,Call,6025.0,SPX280616C06025000,2221.8,2236.6,2229.2,0.0,0.0,0.0,0.0,0.0,0.2485,0.8683,0.0001,22.8257,-0.1965,79.6735,2230.2747,0.0,0.0,0.0,2207.40002441406,no_change,,0.0,0.0
SPX,2028-06-16,665,Put,6025.0,SPX280616P06025000,206.3,209.5,207.9,252.55,0.0,0.0,0.0,5.0,0.2494,-0.1392,0.0001,22.8257,-0.4011,-22.8807,207.7333,0.0,0.0,0.0,213.099998474121,up,2026-07-30T09:30:02,0.0,0.0
SPX,2028-06-16,665,Call,6050.0,SPX280616C06050000,2203.2,2215.5,2209.35,0.0,0.0,0.0,0.0,0.0,0.2476,0.8661,0.0001,23.0639,-0.2015,79.7331,2210.4976,0.0,0.0,0.0,2187.90002441406,no_change,,0.0,0.0
SPX,2028-06-16,665,Put,6050.0,SPX280616P06050000,209.5,212.8,211.15,241.3,0.0,0.0,0.0,1.0,0.2485,-0.1413,0.0001,23.0639,-0.4038,-23.2404,210.9744,0.0,0.0,0.0,216.400001525879,down,2026-07-06T15:57:42,0.0,0.0
SPX,2028-06-16,665,Call,6075.0,SPX280616C06075000,2182.5,2197.1,2189.8,0.0,0.0,0.0,0.0,0.0,0.2468,0.8639,0.0001,23.3027,-0.2065,79.7874,2190.7654,0.0,0.0,0.0,2168.09997558594,no_change,,0.0,0.0
SPX,2028-06-16,665,Put,6075.0,SPX280616P06075000,212.8,216.1,214.45,244.4,0.0,0.0,0.0,2.0,0.2477,-0.1435,0.0001,23.3027,-0.4065,-23.6055,214.2603,0.0,0.0,0.0,219.799995422363,up,2026-07-15T15:26:09,0.0,0.0
SPX,2028-06-16,665,Call,6100.0,SPX280616C06100000,2163.9,2176.0,2169.95,2250.22,0.0,0.0,0.0,3.0,0.2459,0.8617,0.0001,23.5419,-0.2114,79.8365,2171.0784,0.0,0.0,0.0,2148.55004882812,up,2026-08-10T12:36:43,0.0,0.0
SPX,2028-06-16,665,Put,6100.0,SPX280616P06100000,216.2,219.4,217.8,213.03,0.0,0.0,0.0,117.0,0.2468,-0.1457,0.0001,23.5419,-0.4091,-23.9757,217.5916,0.0,0.0,0.0,223.200004577637,up,2026-08-13T11:07:40,0.0,0.0
SPX,2028-06-16,665,Call,6125.0,SPX280616C06125000,2143.3,2157.7,2150.5,0.0,0.0,0.0,0.0,0.0,0.2452,0.8595,0.0001,23.7812,-0.2164,79.8815,2151.4373,0.0,0.0,0.0,2129.0,no_change,,0.0,0.0
SPX,2028-06-16,665,Put,6125.0,SPX280616P06125000,219.5,222.8,221.15,220.6,0.0,0.0,0.0,2.0,0.2459,-0.148,0.0001,23.7812,-0.4117,-24.35,220.9685,0.0,0.0,0.0,226.650001525879,up,2026-08-19T15:56:22,0.0,0.0
SPX,2028-06-16,665,Call,6150.0,SPX280616C06150000,2124.8,2136.8,2130.8,0.0,0.0,0.0,0.0,0.0,0.2442,0.8572,0.0001,24.0205,-0.2213,79.9218,2131.8422,0.0,0.0,0.0,2109.65002441406,no_change,,0.0,0.0
SPX,2028-06-16,665,Put,6150.0,SPX280616P06150000,222.9,226.2,224.55,223.2,-6.85,-2.97761,20.0,52.0,0.2451,-0.1502,0.0001,24.0205,-0.4143,-24.7291,224.3916,225.2,225.2,223.2,230.050003051758,down,2026-08-21T11:36:44,0.0,0.0
SPX,2028-06-16,665,Call,6175.0,SPX280616C06175000,2104.3,2118.6,2111.45,0.0,0.0,0.0,0.0,0.0,0.2435,0.8549,0.0001,24.2595,-0.2262,79.9583,2112.2936,0.0,0.0,0.0,2090.09997558594,no_change,,0.0,0.0
SPX,2028-06-16,665,Put,6175.0,SPX280616P06175000,226.1,229.7,227.89999999999998,225.3,0.0,0.0,0.0,8.0,0.2442,-0.1525,0.0001,24.2595,-0.4169,-25.1119,227.8612,0.0,0.0,0.0,233.650001525879,no_change,2026-08-12T15:55:52,0.0,0.0
SPX,2028-06-16,665,Call,6200.0,SPX280616C06200000,2085.9,2097.7,2091.8,2120.54,0.0,0.0,0.0,2.0,0.2426,0.8526,0.0001,24.4983,-0.2311,79.9914,2092.7917,0.0,0.0,0.0,2070.75,down,2026-08-18T12:17:51,0.0,0.0
SPX,2028-06-16,665,Put,6200.0,SPX280616P06200000,229.5,233.3,231.4,235.4,0.0,0.0,0.0,492.0,0.2433,-0.1548,0.0001,24.4983,-0.4195,-25.4982,231.3774,0.0,0.0,0.0,237.200004577637,down,2026-08-18T12:17:51,0.0,0.0
SPX,2028-06-16,665,Call,6225.0,SPX280616C06225000,2065.5,2079.6,2072.55,1904.74,0.0,0.0,0.0,1.0,0.2418,0.8503,0.0001,24.7368,-0.236,80.021,2073.3367,0.0,0.0,0.0,2051.34997558594,down,2026-07-02T15:25:36,0.0,0.0
SPX,2028-06-16,665,Put,6225.0,SPX280616P06225000,233.2,236.8,235.0,283.93,0.0,0.0,0.0,1.0,0.2425,-0.1572,0.0001,24.7368,-0.422,-25.8879,234.9406,0.0,0.0,0.0,240.849998474121,up,2026-07-02T15:25:36,0.0,0.0
SPX,2028-06-16,665,Call,6250.0,SPX280616C06250000,2047.2,2058.9,2053.05,0.0,0.0,0.0,0.0,0.0,0.2409,0.8479,0.0001,24.9753,-0.2408,80.0473,2053.9288,0.0,0.0,0.0,2032.10003662109,no_change,,0.0,0.0
SPX,2028-06-16,665,Put,6250.0,SPX280616P06250000,236.7,240.5,238.6,0.0,0.0,0.0,0.0,0.0,0.2416,-0.1596,0.0001,24.9753,-0.4245,-26.281,238.5508,0.0,0.0,0.0,244.5,no_change,,0.0,0.0
SPX,2028-06-16,665,Call,6275.0,SPX280616C06275000,2026.9,2040.8,2033.85,1962.79,0.0,0.0,0.0,2.0,0.2401,0.8455,0.0001,25.2139,-0.2457,80.07,2034.5683,0.0,0.0,0.0,2012.75,up,2026-07-13T11:10:49,0.0,0.0
SPX,2028-06-16,665,Put,6275.0,SPX280616P06275000,240.5,244.1,242.3,274.32,0.0,0.0,0.0,2.0,0.2408,-0.162,0.0001,25.2139,-0.427,-26.6775,242.2084,0.0,0.0,0.0,248.199996948242,down,2026-07-13T11:10:49,0.0,0.0
SPX,2028-06-16,665,Call,6300.0,SPX280616C06300000,2008.7,2020.2,2014.45,2127.99,0.0,0.0,0.0,2.0,0.2393,0.843,0.0001,25.4528,-0.2505,80.089,2015.2553,0.0,0.0,0.0,1993.60003662109,up,2026-08-13T10:02:30,0.0,0.0
SPX,2028-06-16,665,Put,6300.0,SPX280616P06300000,244.2,247.9,246.05,239.37,0.0,0.0,0.0,87.0,0.2399,-0.1644,0.0001,25.4528,-0.4295,-27.0779,245.9137,0.0,0.0,0.0,252.0,down,2026-08-13T10:02:30,0.0,0.0
SPX,2028-06-16,665,Call,6325.0,SPX280616C06325000,1988.5,2002.2,1995.35,0.0,0.0,0.0,0.0,0.0,0.2385,0.8406,0.0001,25.6922,-0.2552,80.1038,1995.9903,0.0,0.0,0.0,1974.39996337891,no_change,,0.0,0.0
SPX,2028-06-16,665,Put,6325.0,SPX280616P06325000,247.8,251.6,249.7,284.27,0.0,0.0,0.0,8.0,0.2391,-0.1669,0.0001,25.6922,-0.432,-27.4825,249.6669,0.0,0.0,0.0,255.800003051758,down,2026-07-06T15:43:51,0.0,0.0
SPX,2028-06-16,665,Call,6350.0,SPX280616C06350000,1970.4,1981.7,1976.0500000000002,2082.37,0.0,0.0,0.0,1.0,0.2376,0.8381,0.0001,25.9324,-0.26,80.1139,1976.7736,0.0,0.0,0.0,1955.34997558594,up,2026-08-13T14:33:51,0.0,0.0
SPX,2028-06-16,665,Put,6350.0,SPX280616P06350000,251.8,255.4,253.60000000000002,249.53,0.0,0.0,0.0,101.0,0.2382,-0.1694,0.0001,25.9324,-0.4344,-27.8917,253.4683,0.0,0.0,0.0,259.699996948242,down,2026-08-13T14:33:51,0.0,0.0
SPX,2028-06-16,665,Call,6375.0,SPX280616C06375000,1950.3,1963.8,1957.05,0.0,0.0,0.0,0.0,0.0,0.2368,0.8356,0.0001,26.1735,-0.2647,80.1187,1957.6058,0.0,0.0,0.0,1936.20001220703,no_change,,0.0,0.0
SPX,2028-06-16,665,Put,6375.0,SPX280616P06375000,255.6,259.3,257.45,253.58,0.0,0.0,0.0,62.0,0.2374,-0.1719,0.0001,26.1735,-0.4368,-28.3062,257.3187,0.0,0.0,0.0,263.599990844727,down,2026-08-12T15:39:20,0.0,0.0
SPX,2028-06-16,665,Call,6400.0,SPX280616C06400000,1932.3,1943.4,1937.85,1758.97,0.0,0.0,0.0,1.0,0.236,0.833,0.0001,26.4156,-0.2695,80.1178,1938.4874,0.0,0.0,0.0,1917.29998779297,up,2026-07-28T14:38:51,0.0,0.0
SPX,2028-06-16,665,Put,6400.0,SPX280616P06400000,259.4,263.2,261.29999999999995,262.5,0.0,0.0,0.0,79.0,0.2365,-0.1744,0.0001,26.4156,-0.4392,-28.7264,261.2184,0.0,0.0,0.0,267.650009155273,up,2026-08-17T15:51:08,0.0,0.0
SPX,2028-06-16,665,Call,6425.0,SPX280616C06425000,1912.3,1925.6,1918.9499999999998,1991.21,0.0,0.0,0.0,3.0,0.2352,0.8304,0.0001,26.6587,-0.2741,80.1107,1919.4192,0.0,0.0,0.0,1898.25,up,2026-08-17T15:35:41,0.0,0.0
SPX,2028-06-16,665,Put,6425.0,SPX280616P06425000,263.5,267.2,265.35,266.04,0.0,0.0,0.0,2.0,0.2357,-0.177,0.0001,26.6587,-0.4415,-29.1529,265.1683,0.0,0.0,0.0,271.649993896484,down,2026-08-17T15:35:41,0.0,0.0
SPX,2028-06-16,665,Call,6450.0,SPX280616C06450000,1894.3,1905.3,1899.8,0.0,0.0,0.0,0.0,0.0,0.2343,0.8278,0.0001,26.9029,-0.2788,80.0969,1900.4017,0.0,0.0,0.0,1879.45001220703,no_change,,0.0,0.0
SPX,2028-06-16,665,Put,6450.0,SPX280616P06450000,267.5,271.2,269.35,327.5,0.0,0.0,0.0,24.0,0.2349,-0.1796,0.0001,26.9029,-0.4438,-29.586,269.169,0.0,0.0,0.0,275.700012207031,up,2026-06-29T11:49:04,0.0,0.0
SPX,2028-06-16,665,Call,6475.0,SPX280616C06475000,1874.5,1887.6,1881.05,0.0,0.0,0.0,0.0,0.0,0.2335,0.8252,0.0001,27.1479,-0.2834,80.0763,1881.4358,0.0,0.0,0.0,1860.5,no_change,,0.0,0.0
SPX,2028-06-16,665,Put,6475.0,SPX280616P06475000,271.6,275.3,273.45000000000005,331.8,0.0,0.0,0.0,58.0,0.234,-0.1823,0.0001,27.1479,-0.4461,-30.0259,273.2213,0.0,0.0,0.0,279.850006103516,down,2026-06-29T11:43:59,0.0,0.0
SPX,2028-06-16,665,Call,6500.0,SPX280616C06500000,1856.6,1867.5,1862.05,1935.29,0.0,0.0,0.0,17.0,0.2327,0.8225,0.0001,27.3935,-0.288,80.0487,1862.5223,0.0,0.0,0.0,1841.80004882812,up,2026-08-07T10:57:20,0.0,0.0
SPX,2028-06-16,665,Put,6500.0,SPX280616P06500000,275.6,279.4,277.5,278.16,0.0,0.0,0.0,346.0,0.2332,-0.185,0.0001,27.3935,-0.4484,-30.4728,277.3259,0.0,0.0,0.0,284.0,up,2026-08-17T15:49:46,0.0,0.0
SPX,2028-06-16,665,Call,6525.0,SPX280616C06525000,1836.9,1849.8,1843.35,1718.96,0.0,0.0,0.0,1.0,0.2319,0.8198,0.0001,27.6395,-0.2925,80.0144,1843.6619,0.0,0.0,0.0,1822.95001220703,down,2026-07-08T14:12:16,0.0,0.0
SPX,2028-06-16,665,Put,6525.0,SPX280616P06525000,279.7,283.6,281.65,326.75,0.0,0.0,0.0,17.0,0.2324,-0.1877,0.0001,27.6395,-0.4506,-30.9265,281.4837,0.0,0.0,0.0,288.25,down,2026-07-08T14:12:16,0.0,0.0
SPX,2028-06-16,665,Call,6550.0,SPX280616C06550000,1819.1,1829.8,1824.4499999999998,0.0,0.0,0.0,0.0,0.0,0.2311,0.817,0.0001,27.8854,-0.297,79.9736,1824.8554,0.0,0.0,0.0,1804.29998779297,no_change,,0.0,0.0
SPX,2028-06-16,665,Put,6550.0,SPX280616P06550000,284.0,287.8,285.9,320.7,0.0,0.0,0.0,20.0,0.2315,-0.1904,0.0001,27.8854,-0.4528,-31.3866,285.6953,0.0,0.0,0.0,292.5,no_change,2026-07-10T13:59:50,0.0,0.0
SPX,2028-06-16,665,Call,6575.0,SPX280616C06575000,1799.5,1812.2,1805.85,1814.74,0.0,0.0,0.0,0.0,0.2303,0.8143,0.0001,28.131,-0.3015,79.9266,1806.1034,0.0,0.0,0.0,1785.55004882812,up,2026-08-20T12:37:43,0.0,0.0
SPX,2028-06-16,665,Put,6575.0,SPX280616P06575000,288.2,292.1,290.15,332.2,0.0,0.0,0.0,18.0,0.2307,-0.1932,0.0001,28.131,-0.4549,-31.853,289.9615,0.0,0.0,0.0,296.850006103516,down,2026-07-30T16:01:21,0.0,0.0
SPX,2028-06-16,665,Call,6600.0,SPX280616C06600000,1781.8,1792.4,1787.1,1656.66,0.0,0.0,0.0,6.0,0.2294,0.8114,0.0001,28.376,-0.306,79.8746,1787.4064,0.0,0.0,0.0,1767.04998779297,down,2026-07-17T10:55:40,0.0,0.0
SPX,2028-06-16,665,Put,6600.0,SPX280616P06600000,292.6,296.4,294.5,291.21,0.0,0.0,0.0,145.0,0.2298,-0.196,0.0001,28.376,-0.4571,-32.3242,294.2827,0.0,0.0,0.0,301.200012207031,up,2026-08-05T10:54:26,0.0,0.0
SPX,2028-06-16,665,Call,6625.0,SPX280616C06625000,1762.3,1774.9,1768.6,0.0,0.0,0.0,0.0,0.0,0.2287,0.8086,0.0001,28.62,-0.3104,79.8172,1768.7649,0.0,0.0,0.0,1748.39996337891,no_change,,0.0,0.0
SPX,2028-06-16,665,Put,6625.0,SPX280616P06625000,296.9,300.8,298.85,347.1,0.0,0.0,0.0,16.0,0.2291,-0.1988,0.0001,28.62,-0.4592,-32.801,298.6593,0.0,0.0,0.0,305.699996948242,up,2026-07-01T15:58:37,0.0,0.0
SPX,2028-06-16,665,Call,6650.0,SPX280616C06650000,1744.7,1755.1,1749.9,0.0,0.0,0.0,0.0,0.0,0.2278,0.8058,0.0001,28.863,-0.3148,79.7555,1750.1794,0.0,0.0,0.0,1730.0,no_change,,0.0,0.0
SPX,2028-06-16,665,Put,6650.0,SPX280616P06650000,301.4,305.3,303.35,298.58,0.0,0.0,0.0,7.0,0.2282,-0.2017,0.0001,28.863,-0.4612,-33.282,303.092,0.0,0.0,0.0,310.150009155273,up,2026-08-12T14:01:23,0.0,0.0
SPX,2028-06-16,665,Call,6675.0,SPX280616C06675000,1725.4,1737.7,1731.5500000000002,1651.4,0.0,0.0,0.0,1.0,0.227,0.8028,0.0001,29.1047,-0.3191,79.69,1731.6501,0.0,0.0,0.0,1711.54998779297,up,2026-07-09T15:13:24,0.0,0.0
SPX,2028-06-16,665,Put,6675.0,SPX280616P06675000,305.9,309.8,307.85,343.9,0.0,0.0,0.0,42.0,0.2274,-0.2046,0.0001,29.1047,-0.4632,-33.7669,307.5808,0.0,0.0,0.0,314.800003051758,down,2026-07-31T15:59:31,0.0,0.0
SPX,2028-06-16,665,Call,6700.0,SPX280616C06700000,1706.8,1717.0,1711.9,1753.67,0.0,0.0,0.0,10.0,0.2258,0.7999,0.0001,29.3453,-0.3234,79.6207,1713.1773,0.0,0.0,0.0,1693.15002441406,down,2026-08-19T14:05:49,0.0,0.0
SPX,2028-06-16,665,Put,6700.0,SPX280616P06700000,310.4,314.4,312.4,318.5,0.0,0.0,0.0,352.0,0.2265,-0.2075,0.0001,29.3453,-0.4652,-34.2555,312.1263,0.0,0.0,0.0,319.349990844727,no_change,2026-08-20T14:32:38,0.0,0.0
SPX,2028-06-16,665,Call,6725.0,SPX280616C06725000,1688.7,1700.8,1694.75,1696.7,21.85,1.30459,2.0,0.0,0.2254,0.797,0.0001,29.5849,-0.3277,79.5477,1694.7613,1696.5,1696.7,1696.5,1674.85003662109,up,2026-08-21T15:13:38,0.0,0.0
SPX,2028-06-16,665,Put,6725.0,SPX280616P06725000,315.0,319.0,317.0,310.4,0.0,0.0,0.0,91.0,0.2258,-0.2105,0.0001,29.5849,-0.4671,-34.7478,316.7283,0.0,0.0,0.0,324.099990844727,down,2026-08-07T15:17:03,0.0,0.0
SPX,2028-06-16,665,Call,6750.0,SPX280616C06750000,1671.3,1681.3,1676.3,1604.07,0.0,0.0,0.0,3.0,0.2246,0.794,0.0001,29.8235,-0.3319,79.4709,1676.4023,0.0,0.0,0.0,1656.65002441406,up,2026-07-09T14:09:06,0.0,0.0
SPX,2028-06-16,665,Put,6750.0,SPX280616P06750000,319.7,323.7,321.7,317.0,0.0,0.0,0.0,148.0,0.2249,-0.2135,0.0001,29.8235,-0.469,-35.244,321.3875,0.0,0.0,0.0,328.75,no_change,2026-08-14T13:20:14,0.0,0.0
SPX,2028-06-16,665,Call,6775.0,SPX280616C06775000,1652.1,1664.2,1658.15,0.0,0.0,0.0,0.0,0.0,0.2238,0.7909,0.0001,30.0615,-0.3361,79.3898,1658.1007,0.0,0.0,0.0,1638.35003662109,no_change,,0.0,0.0
SPX,2028-06-16,665,Put,6775.0,SPX280616P06775000,324.4,328.4,326.4,390.8,0.0,0.0,0.0,26.0,0.2241,-0.2165,0.0001,30.0615,-0.4709,-35.7444,326.104,0.0,0.0,0.0,333.599990844727,down,2026-07-17T15:44:19,0.0,0.0
SPX,2028-06-16,665,Call,6800.0,SPX280616C06800000,1634.8,1644.8,1639.8,1449.43,0.0,0.0,0.0,9.0,0.2229,0.7879,0.0001,30.299,-0.3402,79.3039,1639.8569,0.0,0.0,0.0,1620.29998779297,down,2026-07-27T13:32:45,0.0,0.0
SPX,2028-06-16,665,Put,6800.0,SPX280616P06800000,329.2,333.2,331.2,327.71,0.0,0.0,0.0,376.0,0.2233,-0.2196,0.0001,30.299,-0.4727,-36.2496,330.8784,0.0,0.0,0.0,338.349990844727,down,2026-08-17T09:59:41,0.0,0.0
SPX,2028-06-16,665,Call,6825.0,SPX280616C06825000,1615.9,1627.7,1621.8000000000002,1526.51,0.0,0.0,0.0,1.0,0.2222,0.7848,0.0001,30.5364,-0.3443,79.2124,1621.6715,0.0,0.0,0.0,1602.15002441406,up,2026-07-22T15:14:32,0.0,0.0
SPX,2028-06-16,665,Put,6825.0,SPX280616P06825000,334.0,338.1,336.05,334.4,0.0,0.0,0.0,15.0,0.2225,-0.2227,0.0001,30.5364,-0.4745,-36.7604,335.7112,0.0,0.0,0.0,343.350006103516,down,2026-08-04T16:08:43,0.0,0.0
SPX,2028-06-16,665,Call,6850.0,SPX280616C06850000,1598.7,1608.5,1603.6,0.0,0.0,0.0,0.0,0.0,0.2213,0.7816,0.0001,30.7736,-0.3484,79.1147,1603.5451,0.0,0.0,0.0,1584.19995117188,no_change,,0.0,0.0
SPX,2028-06-16,665,Put,6850.0,SPX280616P06850000,339.0,342.9,340.95,0.0,0.0,0.0,0.0,0.0,0.2216,-0.2258,0.0001,30.7736,-0.4762,-37.2775,340.603,0.0,0.0,0.0,348.199996948242,no_change,,0.0,0.0
SPX,2028-06-16,665,Call,6875.0,SPX280616C06875000,1579.8,1591.5,1585.65,1392.4,0.0,0.0,0.0,1.0,0.2206,0.7785,0.0001,31.0109,-0.3524,79.01,1585.4786,0.0,0.0,0.0,1566.20001220703,up,2026-07-30T12:11:03,0.0,0.0
SPX,2028-06-16,665,Put,6875.0,SPX280616P06875000,343.9,347.9,345.9,344.26,-9.14,-2.58631,2.0,4.0,0.2209,-0.229,0.0001,31.0109,-0.4779,-37.8015,345.5546,344.24,344.26,344.24,353.400009155273,up,2026-08-21T15:24:52,0.0,0.0
SPX,2028-06-16,665,Call,6900.0,SPX280616C06900000,1562.7,1572.4,1567.5500000000002,1549.29,0.0,0.0,0.0,2.0,0.2197,0.7753,0.0001,31.2482,-0.3564,78.8977,1567.4728,0.0,0.0,0.0,1548.35003662109,down,2026-08-20T15:35:55,0.0,0.0
SPX,2028-06-16,665,Put,6900.0,SPX280616P06900000,349.0,353.0,351.0,352.1,-6.2,-1.73039,3.0,148.0,0.22,-0.2322,0.0001,31.2482,-0.4795,-38.3332,350.567,350.5,352.3,350.5,358.300003051758,down,2026-08-21T15:59:30,0.0,0.0
SPX,2028-06-16,665,Call,6925.0,SPX280616C06925000,1543.8,1555.8,1549.8,1468.5,0.0,0.0,0.0,1.0,0.219,0.772,0.0001,31.4855,-0.3603,78.7774,1549.5288,0.0,0.0,0.0,1530.44995117188,down,2026-07-06T13:43:43,0.0,0.0
SPX,2028-06-16,665,Put,6925.0,SPX280616P06925000,353.9,358.1,356.0,363.5,0.0,0.0,0.0,32.0,0.2192,-0.2354,0.0001,31.4855,-0.4811,-38.8728,355.6411,0.0,0.0,0.0,364.449996948242,up,2026-08-20T15:54:04,0.0,0.0
SPX,2028-06-16,665,Call,6950.0,SPX280616C06950000,1526.8,1536.8,1531.8,1451.3,0.0,0.0,0.0,2.0,0.2181,0.7688,0.0001,31.7225,-0.3641,78.6489,1531.6474,0.0,0.0,0.0,1512.64996337891,up,2026-07-06T13:43:43,0.0,0.0
SPX,2028-06-16,665,Put,6950.0,SPX280616P06950000,359.2,363.1,361.15,361.7,0.0,0.0,0.0,25.0,0.2182,-0.2387,0.0001,31.7225,-0.4826,-39.4207,360.7779,0.0,0.0,0.0,368.649993896484,up,2026-08-19T15:59:30,0.0,0.0
SPX,2028-06-16,665,Call,6975.0,SPX280616C06975000,1508.2,1520.1,1514.15,1477.23,0.0,0.0,0.0,6.0,0.2173,0.7654,0.0001,31.959,-0.368,78.5122,1513.8298,0.0,0.0,0.0,1494.90002441406,up,2026-08-03T14:51:39,0.0,0.0
SPX,2028-06-16,665,Put,6975.0,SPX280616P06975000,364.4,368.4,366.4,371.1,0.0,0.0,0.0,42.0,0.2176,-0.242,0.0001,31.959,-0.4841,-39.9766,365.9784,0.0,0.0,0.0,374.099990844727,up,2026-08-18T14:54:47,0.0,0.0
SPX,2028-06-16,665,Call,7000.0,SPX280616C07000000,1491.4,1501.3,1496.35,1491.58,14.23,0.963213,2.0,97.0,0.2165,0.7621,0.0001,32.1945,-0.3717,78.3678,1496.0769,1491.81,1491.81,1491.58,1477.34997558594,down,2026-08-21T10:27:57,0.0,0.0
SPX,2028-06-16,665,Put,7000.0,SPX280616P07000000,369.7,373.7,371.7,376.75,0.0,0.0,0.0,527.0,0.2167,-0.2453,0.0001,32.1945,-0.4855,-40.5404,371.2437,0.0,0.0,0.0,379.25,no_change,2026-08-20T11:49:59,0.0,0.0
SPX,2028-06-16,665,Call,7025.0,SPX280616C07025000,1472.9,1484.7,1478.8000000000002,1308.61,0.0,0.0,0.0,1.0,0.2157,0.7587,0.0001,32.4287,-0.3754,78.216,1478.3896,0.0,0.0,0.0,1459.70001220703,down,2026-07-23T14:43:49,0.0,0.0
SPX,2028-06-16,665,Put,7025.0,SPX280616P07025000,375.0,379.1,377.05,369.9,0.0,0.0,0.0,16.0,0.216,-0.2487,0.0001,32.4287,-0.4869,-41.1115,376.5745,0.0,0.0,0.0,384.800003051758,up,2026-08-14T15:54:26,0.0,0.0
SPX,2028-06-16,665,Call,7050.0,SPX280616C07050000,1456.2,1466.0,1461.1,1360.5,0.0,0.0,0.0,3.0,0.2149,0.7553,0.0001,32.6614,-0.3791,78.0584,1460.7686,0.0,0.0,0.0,1442.20001220703,up,2026-07-01T10:45:02,0.0,0.0
SPX,2028-06-16,665,Put,7050.0,SPX280616P07050000,380.4,384.5,382.45,434.7,0.0,0.0,0.0,3.0,0.2151,-0.2521,0.0001,32.6614,-0.4882,-41.6885,381.9717,0.0,0.0,0.0,390.149993896484,up,2026-07-07T14:57:36,0.0,0.0
SPX,2028-06-16,665,Call,7075.0,SPX280616C07075000,1439.9,1445.8,1442.85,1359.89,0.0,0.0,0.0,1.0,0.2141,0.7519,0.0001,32.8921,-0.3827,77.8944,1443.2146,0.0,0.0,0.0,1425.59997558594,down,2026-06-22T12:06:11,0.0,0.0
SPX,2028-06-16,665,Put,7075.0,SPX280616P07075000,385.7,390.0,387.85,388.0,0.0,0.0,0.0,14.0,0.2144,-0.2556,0.0001,32.8921,-0.4895,-42.2718,387.4359,0.0,0.0,0.0,395.800003051758,down,2026-08-19T10:10:44,0.0,0.0
SPX,2028-06-16,665,Call,7100.0,SPX280616C07100000,1422.5,1428.4,1425.45,1230.87,0.0,0.0,0.0,3.0,0.2133,0.7484,0.0001,33.1207,-0.3862,77.7258,1425.7282,0.0,0.0,0.0,1407.89996337891,down,2026-07-29T11:07:15,0.0,0.0
SPX,2028-06-16,665,Put,7100.0,SPX280616P07100000,391.4,395.5,393.45,471.95,0.0,0.0,0.0,16.0,0.2135,-0.259,0.0001,33.1207,-0.4907,-42.8598,392.9677,0.0,0.0,0.0,401.25,up,2026-07-29T11:07:15,0.0,0.0
SPX,2028-06-16,665,Call,7125.0,SPX280616C07125000,1405.1,1411.0,1408.05,1355.77,0.0,0.0,0.0,3.0,0.2125,0.7449,0.0001,33.3469,-0.3897,77.5529,1408.3098,0.0,0.0,0.0,1390.90002441406,down,2026-08-03T13:07:11,0.0,0.0
SPX,2028-06-16,665,Put,7125.0,SPX280616P07125000,396.8,401.1,398.95000000000005,393.8,0.0,0.0,0.0,16.0,0.2127,-0.2626,0.0001,33.3469,-0.4919,-43.452,398.5674,0.0,0.0,0.0,407.099990844727,down,2026-08-12T10:19:56,0.0,0.0
SPX,2028-06-16,665,Call,7150.0,SPX280616C07150000,1387.8,1393.8,1390.8,0.0,0.0,0.0,0.0,0.0,0.2117,0.7413,0.0001,33.5708,-0.3931,77.376,1390.9598,0.0,0.0,0.0,1373.34997558594,no_change,,0.0,0.0
SPX,2028-06-16,665,Put,7150.0,SPX280616P07150000,402.7,406.8,404.75,398.4,0.0,0.0,0.0,670.0,0.2118,-0.2661,0.0001,33.5708,-0.493,-44.0482,404.2355,0.0,0.0,0.0,412.649993896484,down,2026-08-17T10:17:06,0.0,0.0
SPX,2028-06-16,665,Call,7175.0,SPX280616C07175000,1370.6,1376.5,1373.55,1213.25,0.0,0.0,0.0,1.0,0.2109,0.7377,0.0001,33.7924,-0.3965,77.1953,1373.6785,0.0,0.0,0.0,1356.45001220703,up,2026-06-25T11:27:42,0.0,0.0
SPX,2028-06-16,665,Put,7175.0,SPX280616P07175000,408.2,412.5,410.35,476.7,0.0,0.0,0.0,11.0,0.2111,-0.2697,0.0001,33.7924,-0.494,-44.6482,409.9724,0.0,0.0,0.0,418.599990844727,up,2026-07-20T10:17:10,0.0,0.0
SPX,2028-06-16,665,Call,7200.0,SPX280616C07200000,1353.4,1359.4,1356.4,1362.4,23.4,1.74757,1.0,4.0,0.2101,0.7341,0.0002,34.0119,-0.3998,77.0104,1356.4665,1362.4,1362.4,1362.4,1339.0,down,2026-08-21T12:37:17,0.0,0.0
SPX,2028-06-16,665,Put,7200.0,SPX280616P07200000,414.0,418.3,416.15,460.21,0.0,0.0,0.0,9.0,0.2102,-0.2734,0.0002,34.0119,-0.495,-45.2525,415.7785,0.0,0.0,0.0,424.300003051758,down,2026-07-31T15:32:39,0.0,0.0
SPX,2028-06-16,665,Call,7225.0,SPX280616C07225000,1336.3,1342.3,1339.3,0.0,0.0,0.0,0.0,0.0,0.2093,0.7304,0.0002,34.2295,-0.4031,76.8207,1339.3241,0.0,0.0,0.0,1322.25,no_change,,0.0,0.0
SPX,2028-06-16,665,Put,7225.0,SPX280616P07225000,419.9,424.2,422.04999999999995,491.0,0.0,0.0,0.0,12.0,0.2095,-0.277,0.0002,34.2295,-0.4959,-45.8614,421.6543,0.0,0.0,0.0,430.400009155273,no_change,2026-07-20T10:22:26,0.0,0.0
SPX,2028-06-16,665,Call,7250.0,SPX280616C07250000,1319.3,1325.2,1322.25,1396.18,0.0,0.0,0.0,16.0,0.2085,0.7267,0.0002,34.4453,-0.4063,76.6256,1322.252,0.0,0.0,0.0,1304.90002441406,up,2026-08-17T14:03:22,0.0,0.0
SPX,2028-06-16,665,Put,7250.0,SPX280616P07250000,425.8,430.2,428.0,432.29,0.0,0.0,0.0,20.0,0.2086,-0.2807,0.0002,34.4453,-0.4968,-46.476,427.6005,0.0,0.0,0.0,436.25,no_change,2026-08-18T12:42:13,0.0,0.0
SPX,2028-06-16,665,Call,7275.0,SPX280616C07275000,1302.3,1308.3,1305.3,1119.28,0.0,0.0,0.0,10.0,0.2077,0.723,0.0002,34.6596,-0.4094,76.4239,1305.2512,0.0,0.0,0.0,1288.29998779297,down,2026-06-26T15:14:49,0.0,0.0
SPX,2028-06-16,665,Put,7275.0,SPX280616P07275000,431.8,436.2,434.0,425.68,0.0,0.0,0.0,19.0,0.2079,-0.2845,0.0002,34.6596,-0.4976,-47.097,433.6177,0.0,0.0,0.0,442.5,up,2026-08-14T16:07:39,0.0,0.0
SPX,2028-06-16,665,Call,7300.0,SPX280616C07300000,1285.4,1291.4,1288.4,1367.41,0.0,0.0,0.0,2.0,0.2069,0.7192,0.0002,34.8725,-0.4124,76.2147,1288.3225,0.0,0.0,0.0,1271.14996337891,up,2026-08-10T15:36:21,0.0,0.0
SPX,2028-06-16,665,Put,7300.0,SPX280616P07300000,437.9,442.3,440.1,435.88,0.0,0.0,0.0,91.0,0.207,-0.2883,0.0002,34.8725,-0.4983,-47.7255,439.7072,0.0,0.0,0.0,448.5,up,2026-08-06T10:32:15,0.0,0.0
SPX,2028-06-16,665,Call,7325.0,SPX280616C07325000,1268.6,1274.6,1271.6,0.0,0.0,0.0,0.0,0.0,0.2061,0.7154,0.0002,35.084,-0.4154,75.9971,1271.4671,0.0,0.0,0.0,1254.70001220703,no_change,,0.0,0.0
SPX,2028-06-16,665,Put,7325.0,SPX280616P07325000,444.0,448.4,446.2,446.1,0.0,0.0,0.0,6.0,0.2063,-0.2921,0.0002,35.084,-0.499,-48.3624,445.87,0.0,0.0,0.0,454.900009155273,up,2026-08-19T15:59:57,0.0,0.0
SPX,2028-06-16,665,Call,7350.0,SPX280616C07350000,1251.8,1257.9,1254.85,0.0,0.0,0.0,0.0,0.0,0.2053,0.7115,0.0002,35.2942,-0.4184,75.7704,1254.6863,0.0,0.0,0.0,1237.69995117188,no_change,,0.0,0.0
SPX,2028-06-16,665,Put,7350.0,SPX280616P07350000,450.3,454.6,452.45000000000005,449.2,0.0,0.0,0.0,10.0,0.2054,-0.2959,0.0002,35.2942,-0.4996,-49.0084,452.1073,0.0,0.0,0.0,461.0,up,2026-08-06T15:49:36,0.0,0.0
SPX,2028-06-16,665,Call,7375.0,SPX280616C07375000,1235.1,1241.2,1238.15,0.0,0.0,0.0,0.0,0.0,0.2045,0.7076,0.0002,35.5027,-0.4212,75.5342,1237.9814,0.0,0.0,0.0,1221.34997558594,no_change,,0.0,0.0
SPX,2028-06-16,665,Put,7375.0,SPX280616P07375000,456.5,461.0,458.75,452.9,0.0,0.0,0.0,214.0,0.2047,-0.2998,0.0002,35.5027,-0.5001,-49.664,458.4206,0.0,0.0,0.0,467.599990844727,up,2026-08-12T15:56:15,0.0,0.0
SPX,2028-06-16,665,Call,7400.0,SPX280616C07400000,1218.5,1224.6,1221.55,1293.54,0.0,0.0,0.0,219.0,0.2037,0.7037,0.0002,35.7094,-0.424,75.2885,1221.354,0.0,0.0,0.0,1204.84997558594,down,2026-08-17T15:23:56,0.0,0.0
SPX,2028-06-16,665,Put,7400.0,SPX280616P07400000,462.9,467.3,465.1,473.7,0.0,0.0,0.0,139.0,0.2038,-0.3038,0.0002,35.7094,-0.5006,-50.329,464.8113,0.0,0.0,0.0,473.850006103516,down,2026-08-20T15:05:05,0.0,0.0
SPX,2028-06-16,665,Call,7425.0,SPX280616C07425000,1202.0,1208.1,1205.05,1015.91,0.0,0.0,0.0,52.0,0.2029,0.6997,0.0002,35.914,-0.4268,75.0337,1204.8052,0.0,0.0,0.0,1188.34997558594,down,2026-07-29T10:41:22,0.0,0.0
SPX,2028-06-16,665,Put,7425.0,SPX280616P07425000,469.3,473.8,471.55,465.5,0.0,0.0,0.0,38.0,0.2031,-0.3077,0.0002,35.914,-0.501,-51.0032,471.2806,0.0,0.0,0.0,480.550003051758,up,2026-08-06T10:25:35,0.0,0.0
SPX,2028-06-16,665,Call,7450.0,SPX280616C07450000,1185.5,1191.7,1188.6,1075.33,0.0,0.0,0.0,7.0,0.2021,0.6957,0.0002,36.1159,-0.4294,74.7702,1188.3364,0.0,0.0,0.0,1171.59997558594,up,2026-07-31T15:32:39,0.0,0.0
SPX,2028-06-16,665,Put,7450.0,SPX280616P07450000,475.8,480.3,478.05,473.5,0.0,0.0,0.0,43.0,0.2022,-0.3117,0.0002,36.1159,-0.5013,-51.686,477.83,0.0,0.0,0.0,486.949996948242,down,2026-08-04T16:02:10,0.0,0.0
SPX,2028-06-16,665,Call,7475.0,SPX280616C07475000,1169.1,1175.3,1172.1999999999998,1043.78,0.0,0.0,0.0,2.0,0.2014,0.6916,0.0002,36.3151,-0.432,74.5001,1171.9486,0.0,0.0,0.0,1155.60003662109,down,2026-07-23T09:57:10,0.0,0.0
SPX,2028-06-16,665,Put,7475.0,SPX280616P07475000,482.4,486.9,484.65,507.8,0.0,0.0,0.0,22.0,0.2014,-0.3158,0.0002,36.3151,-0.5016,-52.3754,484.4604,0.0,0.0,0.0,493.850006103516,down,2026-08-03T15:50:34,0.0,0.0
SPX,2028-06-16,665,Call,7500.0,SPX280616C07500000,1152.8,1159.0,1155.9,1139.64,0.0,0.0,0.0,745.0,0.2005,0.6876,0.0002,36.511,-0.4345,74.2228,1155.643,0.0,0.0,0.0,1139.04998779297,down,2026-08-20T15:35:55,0.0,0.0
SPX,2028-06-16,665,Put,7500.0,SPX280616P07500000,489.1,493.6,491.35,489.21,-11.19,-2.23621,3.0,812.0,0.2006,-0.3199,0.0002,36.511,-0.5018,-53.072,491.1729,490.0,490.0,489.21,500.400009155273,down,2026-08-21T15:24:52,0.0,0.0
SPX,2028-06-16,665,Call,7525.0,SPX280616C07525000,1136.6,1142.8,1139.6999999999998,1211.92,0.0,0.0,0.0,11.0,0.1998,0.6834,0.0002,36.7034,-0.437,73.9406,1139.4202,0.0,0.0,0.0,1123.20001220703,down,2026-08-17T13:49:49,0.0,0.0
SPX,2028-06-16,665,Put,7525.0,SPX280616P07525000,495.8,500.4,498.1,494.08,0.0,0.0,0.0,16.0,0.1998,-0.324,0.0002,36.7034,-0.5019,-53.7736,497.9683,0.0,0.0,0.0,507.399993896484,down,2026-08-19T14:37:44,0.0,0.0
SPX,2028-06-16,665,Call,7550.0,SPX280616C07550000,1120.4,1126.7,1123.5500000000002,1168.3,0.0,0.0,0.0,12.0,0.1989,0.6793,0.0002,36.8922,-0.4393,73.654,1123.281,0.0,0.0,0.0,1106.79998779297,up,2026-08-19T11:59:44,0.0,0.0
SPX,2028-06-16,665,Put,7550.0,SPX280616P07550000,502.7,507.2,504.95,501.28,0.0,0.0,0.0,90.0,0.1989,-0.3282,0.0002,36.8922,-0.5019,-54.4795,504.8473,0.0,0.0,0.0,514.150024414062,down,2026-08-19T14:37:27,0.0,0.0
SPX,2028-06-16,665,Call,7575.0,SPX280616C07575000,1104.4,1110.7,1107.5500000000002,1076.2,0.0,0.0,0.0,7.0,0.1982,0.6751,0.0002,37.0773,-0.4416,73.3635,1107.226,0.0,0.0,0.0,1091.10003662109,up,2026-08-03T16:09:24,0.0,0.0
SPX,2028-06-16,665,Put,7575.0,SPX280616P07575000,509.5,514.2,511.85,507.68,0.0,0.0,0.0,67.0,0.1982,-0.3324,0.0002,37.0773,-0.5019,-55.1893,511.8104,0.0,0.0,0.0,521.350006103516,up,2026-08-19T14:35:35,0.0,0.0
SPX,2028-06-16,665,Call,7600.0,SPX280616C07600000,1088.4,1094.8,1091.6,1087.88,12.98,1.20755,2.0,1437.0,0.1974,0.6708,0.0002,37.2587,-0.4438,73.0691,1091.2558,1087.96,1087.96,1087.88,1074.90002441406,down,2026-08-21T10:27:57,0.0,0.0
SPX,2028-06-16,665,Put,7600.0,SPX280616P07600000,516.6,521.2,518.9000000000001,514.49,0.0,0.0,0.0,1437.0,0.1974,-0.3366,0.0002,37.2587,-0.5017,-55.9031,518.8584,0.0,0.0,0.0,528.25,up,2026-08-19T14:38:04,0.0,0.0
SPX,2028-06-16,665,Call,7625.0,SPX280616C07625000,1072.5,1078.9,1075.7,1109.9,0.0,0.0,0.0,1.0,0.1966,0.6665,0.0002,37.4365,-0.446,72.7703,1075.3712,0.0,0.0,0.0,1059.39996337891,down,2026-08-19T14:15:27,0.0,0.0
SPX,2028-06-16,665,Put,7625.0,SPX280616P07625000,523.6,528.3,525.95,616.53,0.0,0.0,0.0,4.0,0.1966,-0.3409,0.0002,37.4365,-0.5015,-56.6212,525.992,0.0,0.0,0.0,535.649993896484,up,2026-07-27T12:25:53,0.0,0.0
SPX,2028-06-16,665,Call,7650.0,SPX280616C07650000,1056.7,1063.1,1059.9,1120.56,0.0,0.0,0.0,7.0,0.1958,0.6622,0.0002,37.6108,-0.448,72.4664,1059.573,0.0,0.0,0.0,1043.40002441406,down,2026-08-12T12:10:45,0.0,0.0
SPX,2028-06-16,665,Put,7650.0,SPX280616P07650000,530.8,535.5,533.15,524.9,0.0,0.0,0.0,8.0,0.1957,-0.3452,0.0002,37.6108,-0.5013,-57.3445,533.2119,0.0,0.0,0.0,542.75,up,2026-08-05T15:33:46,0.0,0.0
SPX,2028-06-16,665,Call,7675.0,SPX280616C07675000,1041.0,1047.4,1044.2,0.0,0.0,0.0,0.0,8.0,0.195,0.6578,0.0002,37.7818,-0.45,72.156,1043.8622,0.0,0.0,0.0,1028.04998779297,no_change,,0.0,0.0
SPX,2028-06-16,665,Put,7675.0,SPX280616P07675000,538.0,542.8,540.4,543.5,0.0,0.0,0.0,3.0,0.195,-0.3496,0.0002,37.7818,-0.5009,-58.0741,540.5192,0.0,0.0,0.0,550.25,down,2026-08-04T11:38:43,0.0,0.0
SPX,2028-06-16,665,Call,7700.0,SPX280616C07700000,1025.4,1031.9,1028.65,1031.8,19.95,1.97164,1.0,830.0,0.1942,0.6534,0.0002,37.9495,-0.4519,71.8381,1028.2401,1031.8,1031.8,1031.8,1011.85000610352,down,2026-08-21T15:32:21,0.0,0.0
SPX,2028-06-16,665,Put,7700.0,SPX280616P07700000,545.4,550.1,547.75,547.6,0.0,0.0,0.0,883.0,0.1942,-0.354,0.0002,37.9495,-0.5005,-58.8114,547.9153,0.0,0.0,0.0,557.549987792969,up,2026-08-19T15:55:55,0.0,0.0
SPX,2028-06-16,665,Call,7725.0,SPX280616C07725000,1010.1,1015.1,1012.6,0.0,0.0,0.0,0.0,0.0,0.1933,0.649,0.0002,38.114,-0.4537,71.5111,1012.7083,0.0,0.0,0.0,996.399993896484,no_change,,0.0,0.0
SPX,2028-06-16,665,Put,7725.0,SPX280616P07725000,552.8,557.6,555.2,546.9,0.0,0.0,0.0,5.0,0.1934,-0.3584,0.0002,38.114,-0.5,-59.5578,555.4017,0.0,0.0,0.0,565.299987792969,down,2026-08-12T11:01:28,0.0,0.0
SPX,2028-06-16,665,Call,7750.0,SPX280616C07750000,994.7,999.6,997.1500000000001,1043.74,0.0,0.0,0.0,218.0,0.1926,0.6445,0.0002,38.2753,-0.4554,71.1741,997.2684,0.0,0.0,0.0,981.049987792969,no_change,2026-08-19T11:38:30,0.0,0.0
SPX,2028-06-16,665,Put,7750.0,SPX280616P07750000,560.4,565.1,562.75,557.57,0.0,0.0,0.0,211.0,0.1926,-0.3629,0.0002,38.2753,-0.4994,-60.314,562.98,0.0,0.0,0.0,572.700012207031,down,2026-08-19T14:58:38,0.0,0.0
SPX,2028-06-16,665,Call,7775.0,SPX280616C07775000,979.4,984.3,981.8499999999999,1053.2,0.0,0.0,0.0,21.0,0.1918,0.64,0.0002,38.4332,-0.4571,70.8266,981.9224,0.0,0.0,0.0,965.800018310547,down,2026-08-17T15:38:36,0.0,0.0
SPX,2028-06-16,665,Put,7775.0,SPX280616P07775000,568.0,572.8,570.4,573.8,0.0,0.0,0.0,21.0,0.1919,-0.3675,0.0002,38.4332,-0.4987,-61.081,570.6521,0.0,0.0,0.0,580.700012207031,down,2026-08-04T11:26:07,0.0,0.0
SPX,2028-06-16,665,Call,7800.0,SPX280616C07800000,964.1,969.1,966.6,1049.19,0.0,0.0,0.0,444.0,0.191,0.6354,0.0002,38.5874,-0.4586,70.4682,966.6722,0.0,0.0,0.0,950.649993896484,down,2026-08-17T11:57:10,0.0,0.0
SPX,2028-06-16,665,Put,7800.0,SPX280616P07800000,575.7,580.5,578.1,566.22,0.0,0.0,0.0,565.0,0.191,-0.372,0.0002,38.5874,-0.4979,-61.8586,578.42,0.0,0.0,0.0,588.299987792969,up,2026-08-17T11:57:10,0.0,0.0
SPX,2028-06-16,665,Call,7825.0,SPX280616C07825000,949.0,954.0,951.5,901.4,0.0,0.0,0.0,4.0,0.1902,0.6308,0.0002,38.7378,-0.4601,70.0996,951.5196,0.0,0.0,0.0,935.600006103516,up,2026-08-03T11:38:03,0.0,0.0
SPX,2028-06-16,665,Put,7825.0,SPX280616P07825000,583.6,588.4,586.0,587.5,0.0,0.0,0.0,14.0,0.1903,-0.3766,0.0002,38.7378,-0.4971,-62.6466,586.2855,0.0,0.0,0.0,596.450012207031,no_change,2026-08-04T11:42:07,0.0,0.0
SPX,2028-06-16,665,Call,7850.0,SPX280616C07850000,933.9,938.9,936.4,978.52,0.0,0.0,0.0,16.0,0.1895,0.6262,0.0002,38.884,-0.4615,69.7214,936.4663,0.0,0.0,0.0,920.649993896484,up,2026-08-19T09:58:53,0.0,0.0
SPX,2028-06-16,665,Put,7850.0,SPX280616P07850000,591.5,596.3,593.9,589.16,0.0,0.0,0.0,33.0,0.1894,-0.3813,0.0002,38.884,-0.4962,-63.4441,594.2505,0.0,0.0,0.0,604.25,down,2026-08-19T09:58:53,0.0,0.0
SPX,2028-06-16,665,Call,7875.0,SPX280616C07875000,919.0,924.0,921.5,848.3,0.0,0.0,0.0,7.0,0.1887,0.6215,0.0002,39.0256,-0.4628,69.3361,921.514,0.0,0.0,0.0,905.799987792969,down,2026-07-07T14:57:16,0.0,0.0
SPX,2028-06-16,665,Put,7875.0,SPX280616P07875000,599.5,604.4,601.95,672.06,0.0,0.0,0.0,7.0,0.1887,-0.3859,0.0002,39.0256,-0.4951,-64.2487,602.3164,0.0,0.0,0.0,612.649993896484,up,2026-07-07T14:57:16,0.0,0.0
SPX,2028-06-16,665,Call,7900.0,SPX280616C07900000,904.1,909.2,906.6500000000001,995.06,0.0,0.0,0.0,137.0,0.1879,0.6168,0.0002,39.1625,-0.464,68.9436,906.6641,0.0,0.0,0.0,891.049987792969,down,2026-08-14T12:44:51,0.0,0.0
SPX,2028-06-16,665,Put,7900.0,SPX280616P07900000,607.7,612.5,610.1,611.5,0.0,0.0,0.0,23.0,0.1879,-0.3906,0.0002,39.1625,-0.494,-65.0605,610.4847,0.0,0.0,0.0,620.649993896484,down,2026-08-04T11:41:05,0.0,0.0
SPX,2028-06-16,665,Call,7925.0,SPX280616C07925000,889.4,894.5,891.95,755.2,0.0,0.0,0.0,10.0,0.1872,0.612,0.0002,39.2944,-0.4652,68.5465,891.9177,0.0,0.0,0.0,876.400024414062,up,2026-06-26T10:31:10,0.0,0.0
SPX,2028-06-16,665,Put,7925.0,SPX280616P07925000,616.0,620.8,618.4,606.29,0.0,0.0,0.0,3.0,0.1872,-0.3954,0.0002,39.2944,-0.4928,-65.877,618.7563,0.0,0.0,0.0,629.25,up,2026-08-05T15:42:37,0.0,0.0
SPX,2028-06-16,665,Call,7950.0,SPX280616C07950000,874.7,879.9,877.3,832.9,0.0,0.0,0.0,1.0,0.1864,0.6072,0.0002,39.4211,-0.4662,68.1455,877.2757,0.0,0.0,0.0,861.900024414062,up,2026-07-10T10:32:42,0.0,0.0
SPX,2028-06-16,665,Put,7950.0,SPX280616P07950000,624.3,629.2,626.75,609.79,0.0,0.0,0.0,35.0,0.1863,-0.4002,0.0002,39.4211,-0.4915,-66.6973,627.1325,0.0,0.0,0.0,637.449981689453,down,2026-08-13T12:39:27,0.0,0.0
SPX,2028-06-16,665,Call,7975.0,SPX280616C07975000,860.2,865.4,862.8,775.33,0.0,0.0,0.0,1.0,0.1857,0.6024,0.0002,39.5426,-0.4672,67.7411,862.739,0.0,0.0,0.0,847.5,down,2026-07-08T14:17:17,0.0,0.0
SPX,2028-06-16,665,Put,7975.0,SPX280616P07975000,632.8,637.6,635.2,635.4,0.0,0.0,0.0,5.0,0.1857,-0.405,0.0002,39.5426,-0.4901,-67.521,635.614,0.0,0.0,0.0,646.25,down,2026-08-04T11:42:09,0.0,0.0
SPX,2028-06-16,665,Call,8000.0,SPX280616C08000000,845.8,851.0,848.4,875.46,0.0,0.0,0.0,631.0,0.1849,0.5975,0.0002,39.6589,-0.468,67.3333,848.3086,0.0,0.0,0.0,833.200012207031,up,2026-08-19T15:44:30,0.0,0.0
SPX,2028-06-16,665,Put,8000.0,SPX280616P08000000,641.3,646.2,643.75,640.6,0.0,0.0,0.0,375.0,0.1848,-0.4099,0.0002,39.6589,-0.4887,-68.3482,644.2018,0.0,0.0,0.0,654.699981689453,down,2026-08-19T10:10:35,0.0,0.0
SPX,2028-06-16,665,Call,8025.0,SPX280616C08025000,831.5,836.7,834.1,901.62,0.0,0.0,0.0,1.0,0.1842,0.5926,0.0002,39.7699,-0.4688,66.9212,833.9855,0.0,0.0,0.0,819.0,down,2026-08-17T13:49:49,0.0,0.0
SPX,2028-06-16,665,Put,8025.0,SPX280616P08025000,650.0,654.9,652.45,638.32,0.0,0.0,0.0,10.0,0.1841,-0.4148,0.0002,39.7699,-0.4871,-69.1797,652.8968,0.0,0.0,0.0,663.699981689453,up,2026-08-12T13:19:37,0.0,0.0
SPX,2028-06-16,665,Call,8050.0,SPX280616C08050000,817.3,822.5,819.9,853.21,0.0,0.0,0.0,3.0,0.1834,0.5877,0.0002,39.8757,-0.4695,66.5034,819.7711,0.0,0.0,0.0,804.900024414062,up,2026-08-19T13:37:42,0.0,0.0
SPX,2028-06-16,665,Put,8050.0,SPX280616P08050000,658.8,663.7,661.25,666.78,0.0,0.0,0.0,25.0,0.1833,-0.4198,0.0002,39.8757,-0.4855,-70.0168,661.7005,0.0,0.0,0.0,672.399993896484,up,2026-08-18T10:57:33,0.0,0.0
SPX,2028-06-16,665,Call,8075.0,SPX280616C08075000,803.3,808.4,805.8499999999999,0.0,0.0,0.0,0.0,0.0,0.1827,0.5827,0.0002,39.9763,-0.4701,66.0784,805.6669,0.0,0.0,0.0,790.900024414062,no_change,,0.0,0.0
SPX,2028-06-16,665,Put,8075.0,SPX280616P08075000,667.7,672.6,670.1500000000001,653.8,0.0,0.0,0.0,13.0,0.1826,-0.4248,0.0002,39.9763,-0.4837,-70.8611,670.6145,0.0,0.0,0.0,681.600006103516,down,2026-08-17T10:15:17,0.0,0.0
SPX,2028-06-16,665,Call,8100.0,SPX280616C08100000,789.3,794.5,791.9,831.1,0.0,0.0,0.0,364.0,0.1819,0.5777,0.0002,40.0716,-0.4706,65.6446,791.6746,0.0,0.0,0.0,777.099975585938,down,2026-08-19T11:56:23,0.0,0.0
SPX,2028-06-16,665,Put,8100.0,SPX280616P08100000,676.7,681.7,679.2,673.64,-16.91,-2.44878,2.0,40.0,0.1818,-0.4298,0.0002,40.0716,-0.4819,-71.7143,679.6404,673.38,673.64,673.38,690.550018310547,up,2026-08-21T11:51:24,0.0,0.0
SPX,2028-06-16,665,Call,8125.0,SPX280616C08125000,775.5,780.7,778.1,0.0,0.0,0.0,0.0,0.0,0.1812,0.5726,0.0002,40.1614,-0.471,65.2004,777.7966,0.0,0.0,0.0,763.299987792969,no_change,,0.0,0.0
SPX,2028-06-16,665,Put,8125.0,SPX280616P08125000,685.9,690.8,688.3499999999999,745.2,0.0,0.0,0.0,2.0,0.1811,-0.4348,0.0002,40.1614,-0.48,-72.5778,688.7805,0.0,0.0,0.0,700.0,down,2026-07-10T10:03:55,0.0,0.0
SPX,2028-06-16,665,Call,8150.0,SPX280616C08150000,761.8,767.0,764.4,805.3,0.0,0.0,0.0,10.0,0.1805,0.5675,0.0002,40.2457,-0.4713,64.745,764.035,0.0,0.0,0.0,749.700012207031,up,2026-08-19T11:59:44,0.0,0.0
SPX,2028-06-16,665,Put,8150.0,SPX280616P08150000,695.2,700.1,697.6500000000001,689.62,0.0,0.0,0.0,1.0,0.1803,-0.4399,0.0002,40.2457,-0.4779,-73.4525,698.0371,0.0,0.0,0.0,709.149993896484,up,2026-08-19T14:58:38,0.0,0.0
SPX,2028-06-16,665,Call,8175.0,SPX280616C08175000,748.2,753.4,750.8,829.96,0.0,0.0,0.0,21.0,0.1798,0.5624,0.0002,40.3242,-0.4715,64.2784,750.3923,0.0,0.0,0.0,736.200012207031,down,2026-08-13T11:40:12,0.0,0.0
SPX,2028-06-16,665,Put,8175.0,SPX280616P08175000,704.5,709.5,707.0,686.41,0.0,0.0,0.0,10.0,0.1796,-0.445,0.0002,40.3242,-0.4758,-74.3384,707.4125,0.0,0.0,0.0,718.899993896484,up,2026-08-13T11:40:12,0.0,0.0
SPX,2028-06-16,665,Call,8200.0,SPX280616C08200000,734.7,739.9,737.3,736.9,14.1,1.95075,3.0,199.0,0.179,0.5572,0.0002,40.3966,-0.4716,63.8011,736.8707,736.9,736.9,736.9,722.799987792969,down,2026-08-21T13:50:51,0.0,0.0
SPX,2028-06-16,665,Put,8200.0,SPX280616P08200000,714.1,719.0,716.55,716.08,-12.17,-1.67113,2.0,157.0,0.1789,-0.4502,0.0002,40.3966,-0.4736,-75.2351,716.9091,715.79,716.08,715.79,728.25,up,2026-08-21T11:17:32,0.0,0.0
SPX,2028-06-16,665,Call,8225.0,SPX280616C08225000,721.3,726.6,723.95,651.1,0.0,0.0,0.0,11.0,0.1783,0.5521,0.0002,40.4629,-0.4716,63.3144,723.4724,0.0,0.0,0.0,709.599975585938,up,2026-07-21T10:48:41,0.0,0.0
SPX,2028-06-16,665,Put,8225.0,SPX280616P08225000,723.7,728.6,726.1500000000001,852.2,0.0,0.0,0.0,2.0,0.1782,-0.4554,0.0002,40.4629,-0.4713,-76.1411,726.529,0.0,0.0,0.0,738.199981689453,up,2026-07-29T10:36:34,0.0,0.0
SPX,2028-06-16,665,Call,8250.0,SPX280616C08250000,708.1,713.3,710.7,790.42,0.0,0.0,0.0,33.0,0.1776,0.5468,0.0002,40.5228,-0.4716,62.821,710.199,0.0,0.0,0.0,696.450012207031,down,2026-08-14T16:07:26,0.0,0.0
SPX,2028-06-16,665,Put,8250.0,SPX280616P08250000,733.5,738.4,735.95,736.74,0.0,0.0,0.0,45.0,0.1774,-0.4606,0.0002,40.5228,-0.4689,-77.0538,736.2737,0.0,0.0,0.0,747.850006103516,up,2026-08-18T12:42:13,0.0,0.0
SPX,2028-06-16,665,Call,8275.0,SPX280616C08275000,695.0,700.2,697.6,632.1,0.0,0.0,0.0,5.0,0.1769,0.5416,0.0002,40.5764,-0.4714,62.322,697.0523,0.0,0.0,0.0,683.350006103516,up,2026-07-22T10:56:15,0.0,0.0
SPX,2028-06-16,665,Put,8275.0,SPX280616P08275000,743.3,748.3,745.8,730.34,0.0,0.0,0.0,18.0,0.1767,-0.4659,0.0002,40.5764,-0.4664,-77.9721,746.1452,0.0,0.0,0.0,758.100006103516,down,2026-08-07T14:43:36,0.0,0.0
SPX,2028-06-16,665,Call,8300.0,SPX280616C08300000,682.0,687.3,684.65,757.45,0.0,0.0,0.0,353.0,0.1762,0.5363,0.0002,40.6235,-0.4711,61.8198,684.0332,0.0,0.0,0.0,670.5,no_change,2026-08-17T12:07:25,0.0,0.0
SPX,2028-06-16,665,Put,8300.0,SPX280616P08300000,753.4,758.3,755.8499999999999,736.65,0.0,0.0,0.0,293.0,0.176,-0.4712,0.0002,40.6235,-0.4638,-78.8937,756.1442,0.0,0.0,0.0,768.0,no_change,2026-08-17T12:07:25,0.0,0.0
SPX,2028-06-16,665,Call,8325.0,SPX280616C08325000,669.2,674.4,671.8,644.8,0.0,0.0,0.0,4.0,0.1755,0.531,0.0002,40.6641,-0.4707,61.3155,671.1428,0.0,0.0,0.0,657.699981689453,up,2026-07-13T11:04:03,0.0,0.0
SPX,2028-06-16,665,Put,8325.0,SPX280616P08325000,763.3,768.4,765.8499999999999,749.66,0.0,0.0,0.0,32.0,0.1753,-0.4765,0.0002,40.6641,-0.4611,-79.8174,766.272,0.0,0.0,0.0,778.450012207031,down,2026-08-07T14:43:47,0.0,0.0
SPX,2028-06-16,665,Call,8350.0,SPX280616C08350000,656.5,661.7,659.1,744.54,0.0,0.0,0.0,969.0,0.1748,0.5256,0.0002,40.6983,-0.4703,60.8093,658.3819,0.0,0.0,0.0,645.050018310547,no_change,2026-08-14T10:45:37,0.0,0.0
SPX,2028-06-16,665,Put,8350.0,SPX280616P08350000,773.8,778.7,776.25,761.02,0.0,0.0,0.0,15.0,0.1746,-0.4818,0.0002,40.6983,-0.4583,-80.7428,776.5293,0.0,0.0,0.0,788.649993896484,up,2026-08-06T14:58:55,0.0,0.0
SPX,2028-06-16,665,Call,8375.0,SPX280616C08375000,643.9,649.1,646.5,0.0,0.0,0.0,0.0,0.0,0.1741,0.5202,0.0002,40.7258,-0.4697,60.3008,645.7515,0.0,0.0,0.0,632.549987792969,no_change,,0.0,0.0
SPX,2028-06-16,665,Put,8375.0,SPX280616P08375000,783.9,789.1,786.5,845.5,0.0,0.0,0.0,15.0,0.1739,-0.4872,0.0002,40.7258,-0.4554,-81.6707,786.917,0.0,0.0,0.0,799.300018310547,down,2026-07-16T10:42:54,0.0,0.0
SPX,2028-06-16,665,Call,8400.0,SPX280616C08400000,631.4,636.7,634.05,640.4,20.2,3.25701,6.0,316.0,0.1735,0.5148,0.0002,40.7467,-0.4691,59.7886,633.2528,640.4,640.4,640.4,620.200012207031,no_change,2026-08-21T11:01:11,0.0,0.0
SPX,2028-06-16,665,Put,8400.0,SPX280616P08400000,794.7,799.6,797.1500000000001,767.78,0.0,0.0,0.0,199.0,0.1732,-0.4926,0.0002,40.7467,-0.4525,-82.6023,797.4365,0.0,0.0,0.0,809.800018310547,up,2026-08-13T15:05:27,0.0,0.0
SPX,2028-06-16,665,Call,8425.0,SPX280616C08425000,619.1,624.4,621.75,630.4,0.0,0.0,0.0,7.0,0.1727,0.5094,0.0002,40.7606,-0.4683,59.2707,620.8871,0.0,0.0,0.0,607.950012207031,down,2026-08-20T10:35:05,0.0,0.0
SPX,2028-06-16,665,Put,8425.0,SPX280616P08425000,805.1,810.3,807.7,904.9,0.0,0.0,0.0,9.0,0.1725,-0.498,0.0002,40.7606,-0.4494,-83.5395,808.089,0.0,0.0,0.0,820.75,up,2026-06-22T10:36:18,0.0,0.0
SPX,2028-06-16,665,Call,8450.0,SPX280616C08450000,606.9,612.2,609.55,632.71,0.0,0.0,0.0,1.0,0.1721,0.504,0.0002,40.7675,-0.4675,58.7451,608.6564,0.0,0.0,0.0,595.849975585938,down,2026-08-18T11:19:10,0.0,0.0
SPX,2028-06-16,665,Put,8450.0,SPX280616P08450000,815.9,821.1,818.5,822.36,0.0,0.0,0.0,4.0,0.1718,-0.5035,0.0002,40.7675,-0.4462,-84.4844,818.8764,0.0,0.0,0.0,831.449981689453,up,2026-08-18T11:19:10,0.0,0.0
SPX,2028-06-16,665,Call,8475.0,SPX280616C08475000,594.9,600.1,597.5,0.0,0.0,0.0,0.0,0.0,0.1714,0.4985,0.0002,40.7669,-0.4666,58.2102,596.5626,0.0,0.0,0.0,584.0,no_change,,0.0,0.0
SPX,2028-06-16,665,Put,8475.0,SPX280616P08475000,826.8,832.0,829.4,830.4,-12.35,-1.46544,6.0,14.0,0.1712,-0.509,0.0002,40.7669,-0.443,-85.4387,829.8007,830.4,830.4,830.4,842.75,down,2026-08-21T10:55:54,0.0,0.0
SPX,2028-06-16,665,Call,8500.0,SPX280616C08500000,583.0,588.2,585.6,573.12,0.0,0.0,0.0,134.0,0.1708,0.493,0.0002,40.7586,-0.4656,57.6648,584.608,0.0,0.0,0.0,572.049987792969,down,2026-08-20T14:17:59,0.0,0.0
SPX,2028-06-16,665,Put,8500.0,SPX280616P08500000,838.1,843.1,840.6,842.6,0.0,0.0,0.0,24.0,0.1704,-0.5145,0.0002,40.7586,-0.4396,-86.4034,840.8643,0.0,0.0,0.0,853.949981689453,up,2026-08-20T10:42:09,0.0,0.0
SPX,2028-06-16,665,Call,8525.0,SPX280616C08525000,571.2,576.4,573.8,644.3,0.0,0.0,0.0,2.0,0.1701,0.4875,0.0002,40.7424,-0.4644,57.1089,572.7949,0.0,0.0,0.0,560.5,down,2026-08-17T10:34:47,0.0,0.0
SPX,2028-06-16,665,Put,8525.0,SPX280616P08525000,849.1,854.3,851.7,829.72,0.0,0.0,0.0,2.0,0.1698,-0.52,0.0002,40.7424,-0.4362,-87.3786,852.0694,0.0,0.0,0.0,865.25,up,2026-08-12T13:19:37,0.0,0.0
SPX,2028-06-16,665,Call,8550.0,SPX280616C08550000,559.6,564.8,562.2,646.1,0.0,0.0,0.0,5.0,0.1695,0.4819,0.0002,40.7184,-0.4632,56.5435,561.1254,0.0,0.0,0.0,548.75,no_change,2026-08-14T10:52:56,0.0,0.0
SPX,2028-06-16,665,Put,8550.0,SPX280616P08550000,860.8,865.6,863.2,833.94,0.0,0.0,0.0,3.0,0.1691,-0.5255,0.0002,40.7184,-0.4326,-88.3633,863.4181,0.0,0.0,0.0,876.5,up,2026-08-13T12:39:27,0.0,0.0
SPX,2028-06-16,665,Call,8575.0,SPX280616C08575000,548.1,553.3,550.7,0.0,0.0,0.0,0.0,0.0,0.1688,0.4764,0.0002,40.6864,-0.4619,55.971,549.6014,0.0,0.0,0.0,537.399993896484,no_change,,0.0,0.0
SPX,2028-06-16,665,Put,8575.0,SPX280616P08575000,871.9,877.1,874.5,852.2,0.0,0.0,0.0,1.0,0.1685,-0.5311,0.0002,40.6864,-0.429,-89.3552,874.9122,0.0,0.0,0.0,888.25,down,2026-08-07T10:55:03,0.0,0.0
SPX,2028-06-16,665,Call,8600.0,SPX280616C08600000,536.7,541.9,539.3,557.36,0.0,0.0,0.0,4.0,0.1682,0.4708,0.0002,40.6468,-0.4605,55.3931,538.2242,0.0,0.0,0.0,526.100006103516,down,2026-08-18T15:18:12,0.0,0.0
SPX,2028-06-16,665,Put,8600.0,SPX280616P08600000,883.5,888.7,886.1,887.54,0.0,0.0,0.0,15.0,0.1678,-0.5367,0.0002,40.6468,-0.4253,-90.3524,886.553,0.0,0.0,0.0,899.850006103516,up,2026-08-18T10:46:49,0.0,0.0
SPX,2028-06-16,665,Call,8625.0,SPX280616C08625000,525.5,530.7,528.1,0.0,0.0,0.0,0.0,0.0,0.1675,0.4652,0.0002,40.5997,-0.459,54.813,526.9946,0.0,0.0,0.0,515.149993896484,no_change,,0.0,0.0
SPX,2028-06-16,665,Put,8625.0,SPX280616P08625000,895.3,900.5,897.9,890.04,-21.86,-2.39719,2.0,12.0,0.1672,-0.5422,0.0002,40.5997,-0.4214,-91.3518,898.3417,890.08,890.08,890.04,911.899993896484,down,2026-08-21T11:51:24,0.0,0.0
SPX,2028-06-16,665,Call,8650.0,SPX280616C08650000,514.5,519.6,517.05,575.9,0.0,0.0,0.0,9.0,0.1669,0.4596,0.0002,40.5455,-0.4574,54.2327,515.9133,0.0,0.0,0.0,504.050003051758,up,2026-08-07T10:47:52,0.0,0.0
SPX,2028-06-16,665,Put,8650.0,SPX280616P08650000,907.2,912.4,909.8,911.23,0.0,0.0,0.0,12.0,0.1666,-0.5479,0.0002,40.5455,-0.4175,-92.3514,910.2785,0.0,0.0,0.0,923.75,up,2026-08-18T10:57:33,0.0,0.0
SPX,2028-06-16,665,Call,8675.0,SPX280616C08675000,503.6,508.7,506.15,397.1,0.0,0.0,0.0,13.0,0.1663,0.454,0.0002,40.4843,-0.4557,53.6533,504.9803,0.0,0.0,0.0,493.199996948242,down,2026-07-29T10:06:00,0.0,0.0
SPX,2028-06-16,665,Put,8675.0,SPX280616P08675000,919.3,924.5,921.9,894.89,0.0,0.0,0.0,16.0,0.1659,-0.5535,0.0002,40.4843,-0.4135,-93.3502,922.3637,0.0,0.0,0.0,936.100006103516,down,2026-08-12T15:22:20,0.0,0.0
SPX,2028-06-16,665,Call,8700.0,SPX280616C08700000,492.8,497.9,495.35,564.68,0.0,0.0,0.0,19.0,0.1657,0.4484,0.0002,40.4162,-0.454,53.0747,494.196,0.0,0.0,0.0,482.600006103516,down,2026-08-14T16:07:26,0.0,0.0
SPX,2028-06-16,665,Put,8700.0,SPX280616P08700000,931.5,936.7,934.1,932.88,-15.37,-1.62088,2.0,3.0,0.1653,-0.5591,0.0002,40.4162,-0.4094,-94.3481,934.5975,932.94,932.94,932.88,948.25,down,2026-08-21T11:17:32,0.0,0.0
SPX,2028-06-16,665,Call,8750.0,SPX280616C08750000,471.7,476.8,474.25,372.9,0.0,0.0,0.0,9.0,0.1645,0.4371,0.0002,40.2585,-0.4502,51.9145,473.0746,0.0,0.0,0.0,461.75,down,2026-07-31T10:06:59,0.0,0.0
SPX,2028-06-16,665,Put,8750.0,SPX280616P08750000,956.3,961.5,958.9,938.15,0.0,0.0,0.0,21.0,0.1641,-0.5704,0.0002,40.2585,-0.4009,-96.3469,959.5125,0.0,0.0,0.0,973.400024414062,up,2026-08-17T13:51:16,0.0,0.0
SPX,2028-06-16,665,Call,8800.0,SPX280616C08800000,451.2,456.2,453.7,482.69,0.0,0.0,0.0,642.0,0.1634,0.4258,0.0002,40.0695,-0.446,50.7362,452.5548,0.0,0.0,0.0,441.449996948242,up,2026-08-06T13:26:03,0.0,0.0
SPX,2028-06-16,665,Put,8800.0,SPX280616P08800000,981.7,986.9,984.3,950.56,0.0,0.0,0.0,39.0,0.1629,-0.5817,0.0002,40.0695,-0.3922,-98.364,985.0291,0.0,0.0,0.0,998.699981689453,down,2026-08-17T11:20:22,0.0,0.0
SPX,2028-06-16,665,Call,8850.0,SPX280616C08850000,431.3,436.3,433.8,488.2,0.0,0.0,0.0,14.0,0.1622,0.4145,0.0002,39.8458,-0.4416,49.527,432.6467,0.0,0.0,0.0,421.799987792969,no_change,2026-08-07T10:47:52,0.0,0.0
SPX,2028-06-16,665,Put,8850.0,SPX280616P08850000,1007.9,1012.9,1010.4,1054.1,0.0,0.0,0.0,11.0,0.1617,-0.593,0.0002,39.8458,-0.383,-100.4118,1011.1572,0.0,0.0,0.0,1025.39999389648,down,2026-08-03T10:25:06,0.0,0.0
SPX,2028-06-16,665,Call,8900.0,SPX280616C08900000,412.0,417.0,414.5,413.4,10.65,2.64432,2.0,5.0,0.1611,0.4032,0.0002,39.5865,-0.4368,48.2912,413.36,413.4,413.4,413.4,402.75,down,2026-08-21T10:12:58,0.0,0.0
SPX,2028-06-16,665,Put,8900.0,SPX280616P08900000,1034.4,1039.6,1037.0,1042.1,-9.8,-0.93165,2.0,24.0,0.1606,-0.6043,0.0002,39.5865,-0.3736,-102.4863,1037.9069,1042.1,1042.1,1042.1,1051.90002441406,down,2026-08-21T10:16:56,0.0,0.0
SPX,2028-06-16,665,Call,8950.0,SPX280616C08950000,393.3,398.3,395.8,402.35,0.0,0.0,0.0,679.0,0.16,0.3919,0.0002,39.295,-0.4316,47.0478,394.6986,0.0,0.0,0.0,384.25,down,2026-08-20T12:40:57,0.0,0.0
SPX,2028-06-16,665,Put,8950.0,SPX280616P08950000,1061.7,1066.8,1064.25,1132.7,0.0,0.0,0.0,15.0,0.1594,-0.6155,0.0002,39.295,-0.3638,-104.5684,1065.2817,0.0,0.0,0.0,1079.40002441406,no_change,2026-07-10T12:40:48,0.0,0.0
SPX,2028-06-16,665,Call,9000.0,SPX280616C09000000,375.2,380.1,377.65,386.5,0.0,0.0,0.0,622.0,0.1589,0.3807,0.0002,38.9766,-0.4262,45.8169,376.6583,0.0,0.0,0.0,366.399993896484,down,2026-08-20T10:11:24,0.0,0.0
SPX,2028-06-16,665,Put,9000.0,SPX280616P09000000,1089.7,1094.6,1092.15,1092.8,0.0,0.0,0.0,15.0,0.1584,-0.6267,0.0002,38.9766,-0.3537,-106.6379,1093.2779,0.0,0.0,0.0,1107.5,up,2026-08-20T10:06:41,0.0,0.0
SPX,2028-06-16,665,Call,9050.0,SPX280616C09050000,357.6,362.6,360.1,384.4,0.0,0.0,0.0,1409.0,0.1579,0.3696,0.0002,38.634,-0.4205,44.6015,359.231,0.0,0.0,0.0,349.199996948242,down,2026-08-19T10:11:09,0.0,0.0
SPX,2028-06-16,665,Put,9050.0,SPX280616P09050000,1118.0,1123.1,1120.55,1108.7,0.0,0.0,0.0,209.0,0.1573,-0.6379,0.0002,38.634,-0.3434,-108.6919,1121.8868,0.0,0.0,0.0,1136.25,up,2026-08-19T10:13:05,0.0,0.0
SPX,2028-06-16,665,Call,9100.0,SPX280616C09100000,340.9,345.7,343.29999999999995,344.98,12.43,3.73778,2.0,27.0,0.1569,0.3585,0.0002,38.2651,-0.4146,43.3877,342.4104,344.38,344.98,344.38,332.550003051758,up,2026-08-21T15:25:10,0.0,0.0
SPX,2028-06-16,665,Put,9100.0,SPX280616P09100000,1147.2,1152.1,1149.65,1111.6,0.0,0.0,0.0,6.0,0.1563,-0.649,0.0002,38.2651,-0.3327,-110.7444,1151.1026,0.0,0.0,0.0,1165.70001220703,up,2026-08-17T10:09:33,0.0,0.0
SPX,2028-06-16,665,Call,9200.0,SPX280616C09200000,309.0,313.7,311.35,365.91,0.0,0.0,0.0,384.0,0.155,0.3366,0.0002,37.4304,-0.4019,40.9142,310.5848,0.0,0.0,0.0,301.149993896484,no_change,2026-08-14T15:21:01,0.0,0.0
SPX,2028-06-16,665,Put,9200.0,SPX280616P09200000,1207.1,1213.4,1210.25,1364.0,0.0,0.0,0.0,1.0,0.1543,-0.6709,0.0002,37.4304,-0.3108,-114.8953,1211.3495,0.0,0.0,0.0,1226.29998779297,down,2026-06-29T15:11:17,0.0,0.0
SPX,2028-06-16,665,Call,9300.0,SPX280616C09300000,279.5,284.1,281.8,281.05,9.0,3.30822,2.0,33.0,0.1532,0.3152,0.0002,36.4771,-0.3883,38.4479,281.1555,281.05,281.05,281.05,272.049987792969,down,2026-08-21T14:04:52,0.0,0.0
SPX,2028-06-16,665,Put,9300.0,SPX280616P09300000,1269.5,1275.7,1272.6,1436.5,0.0,0.0,0.0,7.0,0.1525,-0.6923,0.0002,36.4771,-0.2879,-119.0389,1273.9929,0.0,0.0,0.0,1289.45001220703,down,2026-07-17T09:39:03,0.0,0.0
SPX,2028-06-16,665,Call,9400.0,SPX280616C09400000,252.3,256.7,254.5,287.78,0.0,0.0,0.0,151.0,0.1516,0.2943,0.0002,35.4509,-0.374,36.0788,254.0178,0.0,0.0,0.0,245.350006103516,up,2026-08-05T12:04:30,0.0,0.0
SPX,2028-06-16,665,Put,9400.0,SPX280616P09400000,1334.3,1340.3,1337.3,1487.99,0.0,0.0,0.0,0.0,0.1508,-0.7132,0.0002,35.4509,-0.2642,-123.0854,1338.9278,0.0,0.0,0.0,1354.75,up,2026-07-28T14:42:06,0.0,0.0
SPX,2028-06-16,665,Call,9500.0,SPX280616C09500000,227.4,231.6,229.5,246.9,0.0,0.0,0.0,46.0,0.1502,0.2741,0.0002,34.3371,-0.359,33.7238,229.0726,0.0,0.0,0.0,220.900001525879,down,2026-08-18T10:12:15,0.0,0.0
SPX,2028-06-16,665,Put,9500.0,SPX280616P09500000,1401.3,1407.3,1404.3,1365.68,0.0,0.0,0.0,4.0,0.1492,-0.7333,0.0002,34.3371,-0.24,-127.1177,1406.0553,0.0,0.0,0.0,1422.20001220703,up,2026-08-17T15:36:55,0.0,0.0
SPX,2028-06-16,665,Call,9600.0,SPX280616C09600000,204.6,208.6,206.6,162.2,0.0,0.0,0.0,30.0,0.1488,0.2546,0.0002,33.1292,-0.3436,31.4121,206.2452,0.0,0.0,0.0,198.5,down,2026-07-20T15:20:58,0.0,0.0
SPX,2028-06-16,665,Put,9600.0,SPX280616P09600000,1467.5,1477.1,1472.3,0.0,0.0,0.0,0.0,0.0,0.1478,-0.7528,0.0002,33.1292,-0.2152,-131.1067,1475.3006,0.0,0.0,0.0,1490.5,no_change,,0.0,0.0
SPX,2028-06-16,665,Call,9700.0,SPX280616C09700000,183.9,187.6,185.75,229.7,0.0,0.0,0.0,4.0,0.1474,0.236,0.0002,31.8828,-0.3279,29.232,185.4021,0.0,0.0,0.0,178.099998474121,up,2026-08-13T10:01:09,0.0,0.0
SPX,2028-06-16,665,Put,9700.0,SPX280616P09700000,1538.4,1548.3,1543.35,0.0,0.0,0.0,0.0,0.0,0.1464,-0.7714,0.0002,31.8828,-0.1902,-134.9642,1546.53,0.0,0.0,0.0,1562.10003662109,no_change,,0.0,0.0
SPX,2028-06-16,665,Call,9800.0,SPX280616C09800000,165.0,168.7,166.85,165.81,6.16,3.85844,2.0,0.0,0.1465,0.2182,0.0002,30.5959,-0.3119,27.1109,166.4177,165.81,165.81,165.81,159.650001525879,up,2026-08-21T14:48:33,0.0,0.0
SPX,2028-06-16,665,Put,9800.0,SPX280616P09800000,1611.2,1621.3,1616.25,0.0,0.0,0.0,0.0,0.0,0.1452,-0.7892,0.0002,30.5959,-0.1649,-138.7625,1619.6183,0.0,0.0,0.0,1635.45001220703,no_change,,0.0,0.0
SPX,2028-06-16,665,Call,10000.0,SPX280616C10000000,132.4,135.9,134.15,134.11,6.31,4.9374,5.0,528.0,0.1445,0.1854,0.0002,27.8961,-0.28,23.1495,133.6188,131.71,134.11,131.71,127.800003051758,up,2026-08-21T15:06:06,0.0,0.0
SPX,2028-06-16,665,Put,10000.0,SPX280616P10000000,1762.1,1772.4,1767.25,1763.99,-23.41,-1.30972,3.0,2.0,0.1431,-0.822,0.0002,27.8961,-0.1144,-146.0786,1770.9647,1774.5,1774.5,1763.99,1787.39996337891,down,2026-08-21T15:06:06,0.0,0.0
SPX,2028-06-16,665,Call,10200.0,SPX280616C10200000,105.8,109.1,107.44999999999999,106.73,4.78,4.68857,1.0,239.0,0.143,0.1564,0.0002,25.1837,-0.249,19.5917,106.8829,106.73,106.73,106.73,101.950000762939,down,2026-08-21T10:09:47,0.0,0.0
SPX,2028-06-16,665,Put,10200.0,SPX280616P10200000,1919.0,1929.9,1924.45,1926.5,-18.9,-0.971524,1.0,33.0,0.1413,-0.8511,0.0002,25.1837,-0.0646,-152.9911,1928.374,1926.5,1926.5,1926.5,1945.40002441406,up,2026-08-21T10:09:47,0.0,0.0
SPX,2028-06-16,665,Call,10400.0,SPX280616C10400000,84.6,87.5,86.05,105.9,0.0,0.0,0.0,250.0,0.1419,0.1311,0.0001,22.5249,-0.2195,16.5072,85.3312,0.0,0.0,0.0,81.4499969482422,no_change,2026-08-04T13:15:02,0.0,0.0
SPX,2028-06-16,665,Put,10400.0,SPX280616P10400000,2080.9,2092.5,2086.7,0.0,0.0,0.0,0.0,0.0,0.1397,-0.8763,0.0001,22.5249,-0.0165,-159.4302,2090.9675,0.0,0.0,0.0,2108.45007324219,no_change,,0.0,0.0
SPX,2028-06-16,665,Call,10600.0,SPX280616C10600000,68.1,70.1,69.1,83.04,0.0,0.0,0.0,6.0,0.141,0.1095,0.0001,19.9798,-0.1922,13.8044,68.1223,0.0,0.0,0.0,64.7999992370606,up,2026-08-11T11:59:19,0.0,0.0
SPX,2028-06-16,665,Put,10600.0,SPX280616P10600000,2247.2,2259.5,2253.35,2200.27,0.0,0.0,0.0,32.0,0.1384,-0.898,0.0001,19.9798,0.0,-165.4876,2257.904,0.0,0.0,0.0,2275.79992675781,down,2026-08-11T15:22:27,0.0,0.0
SPX,2028-06-16,665,Call,10800.0,SPX280616C10800000,53.6,56.3,54.95,69.5,0.0,0.0,0.0,10.0,0.1405,0.0912,0.0001,17.6391,-0.1676,11.5336,54.4789,0.0,0.0,0.0,51.6999988555908,up,2026-08-10T10:39:19,0.0,0.0
SPX,2028-06-16,665,Put,10800.0,SPX280616P10800000,2416.9,2430.1,2423.5,2388.64,0.0,0.0,0.0,14.0,0.1373,-0.9162,0.0001,17.6391,0.0,-171.1131,2428.4058,0.0,0.0,0.0,2446.60009765625,up,2026-08-19T14:47:25,0.0,0.0
SPX,2028-06-16,665,Call,11000.0,SPX280616C11000000,42.9,45.3,44.099999999999994,44.65,0.0,0.0,0.0,41.0,0.1403,0.076,0.0001,15.4894,-0.1458,9.6195,43.7457,0.0,0.0,0.0,41.3500003814697,down,2026-08-20T12:40:57,0.0,0.0
SPX,2028-06-16,665,Put,11000.0,SPX280616P11000000,2589.6,2603.5,2596.55,2506.51,0.0,0.0,0.0,1.0,0.1364,-0.9315,0.0001,15.4894,0.0,-176.382,2601.8178,0.0,0.0,0.0,2620.0,down,2026-08-10T11:41:11,0.0,0.0
SPX,2028-06-16,665,Call,11200.0,SPX280616C11200000,34.5,36.7,35.6,35.53,2.23,6.69669,2.0,56.0,0.1403,0.0634,0.0001,13.5912,-0.1268,8.03,35.3204,35.58,35.58,35.53,33.3000011444092,down,2026-08-21T15:25:10,0.0,0.0
SPX,2028-06-16,665,Put,11200.0,SPX280616P11200000,2764.6,2779.2,2771.8999999999996,2681.88,0.0,0.0,0.0,2.0,0.1356,-0.9441,0.0001,13.5912,0.0,-181.3261,2777.5378,0.0,0.0,0.0,2795.79992675781,up,2026-08-10T11:37:29,0.0,0.0
SPX,2028-06-16,665,Call,11400.0,SPX280616C11400000,27.9,30.0,28.95,27.23,0.0,0.0,0.0,17.0,0.1406,0.053,0.0001,11.9039,-0.1104,6.7265,28.7332,0.0,0.0,0.0,27.0500001907349,down,2026-08-20T14:07:35,0.0,0.0
SPX,2028-06-16,665,Put,11400.0,SPX280616P11400000,2941.4,2956.8,2949.1000000000004,0.0,0.0,0.0,0.0,0.0,0.1348,-0.9544,0.0001,11.9039,0.0,-185.9842,2955.0959,0.0,0.0,0.0,2973.5,no_change,,0.0,0.0
SPX,2028-06-16,665,Call,11600.0,SPX280616C11600000,22.8,24.7,23.75,22.23,0.0,0.0,0.0,12.0,0.1412,0.0446,0.0001,10.4503,-0.0963,5.6556,23.5693,0.0,0.0,0.0,22.1999998092651,down,2026-08-20T14:07:35,0.0,0.0
SPX,2028-06-16,665,Put,11600.0,SPX280616P11600000,3119.6,3135.9,3127.75,3031.29,0.0,0.0,0.0,2.0,0.1339,-0.9629,0.0001,10.4503,0.0,-190.4098,3134.0773,0.0,0.0,0.0,3152.40002441406,up,2026-08-10T11:46:49,0.0,0.0
SPX,2028-06-16,665,Call,11800.0,SPX280616C11800000,18.7,20.6,19.65,18.62,0.0,0.0,0.0,74.0,0.1421,0.0377,0.0001,9.1857,-0.0845,4.7802,19.5223,0.0,0.0,0.0,18.3500003814697,down,2026-08-20T14:08:42,0.0,0.0
SPX,2028-06-16,665,Put,11800.0,SPX280616P11800000,3299.0,3316.1,3307.55,3212.49,0.0,0.0,0.0,17.0,0.133,-0.9698,0.0001,9.1857,0.0,-194.6399,3314.1756,0.0,0.0,0.0,3332.34997558594,down,2026-08-11T10:16:54,0.0,0.0
SPX,2028-06-16,665,Call,12000.0,SPX280616C12000000,15.6,17.2,16.4,17.8,0.0,0.0,0.0,18.0,0.1428,0.0321,0.0,8.1058,-0.0744,4.0731,16.3288,0.0,0.0,0.0,15.4000000953674,down,2026-08-18T13:01:43,0.0,0.0
SPX,2028-06-16,665,Put,12000.0,SPX280616P12000000,3479.3,3497.2,3488.25,3449.79,0.0,0.0,0.0,64.0,0.1318,-0.9754,0.0,8.1058,0.0,-198.7016,3495.1273,0.0,0.0,0.0,3513.25,down,2026-08-19T14:47:25,0.0,0.0
SPX,2028-06-16,665,Call,12200.0,SPX280616C12200000,13.2,14.6,13.899999999999999,13.16,0.0,0.0,0.0,6.0,0.144,0.0275,0.0,7.1828,-0.066,3.4838,13.8012,0.0,0.0,0.0,13.0,down,2026-08-20T14:34:57,0.0,0.0
SPX,2028-06-16,665,Put,12200.0,SPX280616P12200000,3660.2,3678.9,3669.55,3605.77,0.0,0.0,0.0,24.0,0.1301,-0.98,0.0,7.1828,0.0,-202.6456,3676.745,0.0,0.0,0.0,3694.80004882812,up,2026-08-11T15:22:27,0.0,0.0
SPX,2028-06-16,665,Call,12400.0,SPX280616C12400000,11.2,12.5,11.85,11.86,0.71,6.36771,3.0,117.0,0.1457,0.0238,0.0,6.3898,-0.0588,3.0123,11.7865,11.83,11.86,11.83,11.1500000953674,no_change,2026-08-21T13:28:54,0.0,0.0
SPX,2028-06-16,665,Put,12400.0,SPX280616P12400000,3832.2,3870.9,3851.55,0.0,0.0,0.0,0.0,0.0,0.0,-0.9837,0.0,6.3898,0.0,-206.4718,3858.8756,0.0,0.0,0.0,3877.44995117188,no_change,,0.0,0.0
SPX,2028-06-16,665,Call,12600.0,SPX280616C12600000,9.7,10.8,10.25,0.0,0.0,0.0,0.0,0.0,0.1472,0.0207,0.0,5.7171,-0.0528,2.6208,10.1671,0.0,0.0,0.0,9.65000009536743,no_change,,0.0,0.0
SPX,2028-06-16,665,Put,12600.0,SPX280616P12600000,4014.4,4053.1,4033.75,0.0,0.0,0.0,0.0,0.0,0.0,-0.9868,0.0,5.7171,0.0,-210.2179,4041.4015,0.0,0.0,0.0,4059.84997558594,no_change,,0.0,0.0
SPX,2028-06-16,665,Call,12800.0,SPX280616C12800000,8.4,9.5,8.95,9.6,0.0,0.0,0.0,0.0,0.1489,0.0182,0.0,5.1418,-0.0477,2.2934,8.8602,0.0,0.0,0.0,8.4500002861023,down,2026-08-19T14:15:27,0.0,0.0
SPX,2028-06-16,665,Put,12800.0,SPX280616P12800000,4196.8,4235.8,4216.3,4113.15,0.0,0.0,0.0,39.0,0.0,-0.9893,0.0,5.1418,0.0,-213.9,4224.2398,0.0,0.0,0.0,4241.39990234375,up,2026-08-10T11:49:17,0.0,0.0
SPX,2028-06-16,665,Call,13000.0,SPX280616C13000000,7.3,8.5,7.9,9.95,0.0,0.0,0.0,34.0,0.1507,0.016,0.0,4.6465,-0.0434,2.0276,7.7968,0.0,0.0,0.0,7.4500002861023,up,2026-08-17T13:00:01,0.0,0.0
SPX,2028-06-16,665,Put,13000.0,SPX280616P13000000,4379.6,4418.3,4398.950000000001,4296.44,0.0,0.0,0.0,14.0,0.0,-0.9914,0.0,4.6465,0.0,-217.5204,4407.3216,0.0,0.0,0.0,4424.55004882812,down,2026-08-10T11:47:34,0.0,0.0
SPX,2028-06-16,665,Call,13200.0,SPX280616C13200000,6.4,7.7,7.050000000000001,6.98,0.33,4.9624,7.0,240.0,0.1526,0.0143,0.0,4.2226,-0.0397,1.8066,6.9235,6.8,6.99,6.8,6.65000009536743,no_change,2026-08-21T13:28:54,0.0,0.0
SPX,2028-06-16,665,Put,13200.0,SPX280616P13200000,4562.6,4601.2,4581.9,4585.27,-22.3301,-0.484636,1.0,56.0,0.0,-0.9932,0.0,4.2226,0.0,-221.0961,4590.5937,4585.27,4585.27,4585.27,4607.60009765625,up,2026-08-21T10:09:47,0.0,0.0
SPX,2028-12-15,847,Call,400.0,SPX281215C00400000,7152.9,7191.2,7172.049999999999,7162.7,17.15,0.240009,2.0,383.0,0.0,1.0,0.0,0.1046,0.0,10.7118,7178.7052,7164.74,7164.74,7162.7,7145.55004882812,down,2026-08-21T10:31:19,0.0,0.0
SPX,2028-12-15,847,Put,400.0,SPX281215P00400000,0.05,0.8,0.42500000000000004,0.6,0.0,0.0,0.0,1971.0,0.6498,-0.0002,0.0,0.1046,-0.0037,-0.0536,0.5684,0.0,0.0,0.0,0.425000006332994,no_change,2026-08-18T14:58:02,0.0,0.0
SPX,2028-12-15,847,Call,800.0,SPX281215C00800000,6795.5,6833.9,6814.7,6061.02,0.0,0.0,0.0,2.0,0.0,1.0,0.0,0.3727,0.0,18.9006,6820.4392,0.0,0.0,0.0,6787.19995117188,down,2026-02-10T15:39:27,0.0,0.0
SPX,2028-12-15,847,Put,800.0,SPX281215P00800000,0.75,2.4,1.575,1.85,0.0,0.0,0.0,1122.0,0.5599,-0.0009,0.0,0.3727,-0.0115,-0.2081,2.0828,0.0,0.0,0.0,2.04999995231628,down,2026-08-06T10:59:24,0.0,0.0
SPX,2028-12-15,847,Call,1200.0,SPX281215C01200000,6439.4,6477.8,6458.6,0.0,0.0,0.0,0.0,0.0,0.0,1.0,0.0,0.8522,0.0,26.9381,6463.5941,0.0,0.0,0.0,6431.14990234375,no_change,,0.0,0.0
SPX,2028-12-15,847,Put,1200.0,SPX281215P01200000,3.7,6.5,5.1,6.0,0.0,0.0,0.0,175.0,0.5234,-0.0023,0.0,0.8522,-0.024,-0.5139,5.018,0.0,0.0,0.0,5.25,down,2026-08-20T09:30:32,0.0,0.0
SPX,2028-12-15,847,Call,1600.0,SPX281215C01600000,6084.6,6123.0,6103.8,4885.0,0.0,0.0,0.0,1.0,0.0,1.0,0.0,1.5507,0.0,34.798,6108.3361,0.0,0.0,0.0,6076.19995117188,down,2025-08-18T15:24:57,0.0,0.0
SPX,2028-12-15,847,Put,1600.0,SPX281215P01600000,7.8,11.1,9.45,10.0,0.0,0.0,0.0,211.0,0.4836,-0.0045,0.0,1.5507,-0.0405,-0.9974,9.5404,0.0,0.0,0.0,10.0,up,2026-08-14T14:19:50,0.0,0.0
SPX,2028-12-15,847,Call,1800.0,SPX281215C01800000,5907.5,5946.0,5926.75,5177.92,0.0,0.0,0.0,6.0,0.0,1.0,0.0,1.9811,0.0,38.6574,5931.2966,0.0,0.0,0.0,5900.5,down,2026-02-10T15:39:27,0.0,0.0
SPX,2028-12-15,847,Put,1800.0,SPX281215P01800000,12.1,13.4,12.75,12.5,0.0,0.0,0.0,129.0,0.4658,-0.006,0.0,1.9811,-0.0498,-1.3097,12.3911,0.0,0.0,0.0,12.8999996185303,no_change,2026-08-17T11:04:09,0.0,0.0
SPX,2028-12-15,847,Call,2000.0,SPX281215C02000000,5730.8,5769.3,5750.05,5617.41,0.0,0.0,0.0,946.0,0.0,1.0,0.0,2.458,0.0,42.4673,5754.6435,0.0,0.0,0.0,5725.60009765625,no_change,2026-07-15T12:12:12,0.0,0.0
SPX,2028-12-15,847,Put,2000.0,SPX281215P02000000,15.2,16.5,15.85,15.5,0.0,0.0,0.0,1017.0,0.4486,-0.0076,0.0,2.458,-0.0598,-1.6714,15.6281,0.0,0.0,0.0,16.1500005722046,up,2026-08-13T09:38:53,0.0,0.0
SPX,2028-12-15,847,Call,2200.0,SPX281215C02200000,5554.4,5593.0,5573.7,3619.9,0.0,0.0,0.0,2.0,0.0,0.9996,0.0,2.9848,0.0,46.2316,5578.36,0.0,0.0,0.0,5549.2998046875,down,2025-03-28T09:30:02,0.0,0.0
SPX,2028-12-15,847,Put,2200.0,SPX281215P02200000,18.6,20.0,19.3,22.35,0.0,0.0,0.0,175.0,0.4333,-0.0095,0.0,2.9849,-0.0702,-2.0788,19.2358,0.0,0.0,0.0,19.6999998092651,up,2026-06-15T11:07:13,0.0,0.0
SPX,2028-12-15,847,Call,2400.0,SPX281215C02400000,5378.4,5417.0,5397.7,3686.2,0.0,0.0,0.0,8.0,0.0,0.9974,0.0,3.5648,0.0,49.9382,5402.4473,0.0,0.0,0.0,5372.0498046875,no_change,2025-05-13T13:10:18,0.0,0.0
SPX,2028-12-15,847,Put,2400.0,SPX281215P02400000,22.4,23.8,23.1,39.0,0.0,0.0,0.0,91.0,0.4186,-0.0116,0.0,3.565,-0.0809,-2.544,23.2135,0.0,0.0,0.0,23.6000003814697,down,2026-04-06T09:30:04,0.0,0.0
SPX,2028-12-15,847,Call,2600.0,SPX281215C02600000,5202.8,5241.4,5222.1,5092.5,0.0,0.0,0.0,34.0,0.0,0.995,0.0,4.1856,0.0,53.5956,5226.9131,0.0,0.0,0.0,5197.90014648438,down,2026-06-16T13:50:19,0.0,0.0
SPX,2028-12-15,847,Put,2600.0,SPX281215P02600000,26.6,28.0,27.3,29.6,0.0,0.0,0.0,247.0,0.4048,-0.014,0.0,4.1857,-0.0919,-3.0583,27.5696,0.0,0.0,0.0,28.0,down,2026-08-03T09:43:05,0.0,0.0
SPX,2028-12-15,847,Call,2700.0,SPX281215C02700000,5115.1,5153.7,5134.4,0.0,0.0,0.0,0.0,3.0,0.0,0.9937,0.0,4.5161,0.0,55.4047,5139.2894,0.0,0.0,0.0,5110.10009765625,no_change,,0.0,0.0
SPX,2028-12-15,847,Put,2700.0,SPX281215P02700000,28.8,30.3,29.55,45.5,0.0,0.0,0.0,302.0,0.3979,-0.0153,0.0,4.5163,-0.0976,-3.335,29.8912,0.0,0.0,0.0,30.3500003814697,down,2026-04-08T15:41:10,0.0,0.0
SPX,2028-12-15,847,Call,2800.0,SPX281215C02800000,5027.2,5066.4,5046.799999999999,4258.3,0.0,0.0,0.0,100.0,0.0,0.9924,0.0,4.8629,0.0,57.1967,5051.7665,0.0,0.0,0.0,5022.64990234375,up,2026-02-18T10:55:47,0.0,0.0
SPX,2028-12-15,847,Put,2800.0,SPX281215P02800000,31.8,32.7,32.25,32.1,0.0,0.0,0.0,358.0,0.3924,-0.0167,0.0,4.863,-0.1032,-3.6288,32.3128,0.0,0.0,0.0,32.8500003814697,up,2026-08-17T11:03:44,0.0,0.0
SPX,2028-12-15,847,Call,2900.0,SPX281215C02900000,4940.2,4978.8,4959.5,2500.0,0.0,0.0,0.0,4.0,0.0,0.9909,0.0,5.2244,0.0,58.9699,4964.3516,0.0,0.0,0.0,4935.2998046875,down,2025-04-07T14:42:42,0.0,0.0
SPX,2028-12-15,847,Put,2900.0,SPX281215P02900000,33.6,35.2,34.400000000000006,44.3,0.0,0.0,0.0,35.0,0.3848,-0.0182,0.0,5.2247,-0.109,-3.9415,34.8438,0.0,0.0,0.0,35.3999996185303,down,2026-05-11T13:21:05,0.0,0.0
SPX,2028-12-15,847,Call,3000.0,SPX281215C03000000,4852.8,4891.5,4872.15,4877.19,29.14,0.601065,3.0,60.0,0.0,0.9894,0.0,5.5982,0.0,60.7252,4877.0524,4879.43,4879.43,4877.19,4848.05004882812,down,2026-08-21T15:52:01,0.0,0.0
SPX,2028-12-15,847,Put,3000.0,SPX281215P03000000,36.2,37.9,37.05,37.07,-1.03,-2.70341,3.0,3288.0,0.3786,-0.0197,0.0,5.5985,-0.1148,-4.272,37.4898,37.11,37.11,37.07,38.1000003814697,down,2026-08-21T15:52:01,0.0,0.0
SPX,2028-12-15,847,Call,3100.0,SPX281215C03100000,4765.7,4804.4,4785.049999999999,3172.23,0.0,0.0,0.0,1.0,0.0,0.9877,0.0,5.9832,0.0,62.4645,4789.876,0.0,0.0,0.0,4760.5,up,2025-05-16T13:18:22,0.0,0.0
SPX,2028-12-15,847,Put,3100.0,SPX281215P03100000,38.9,40.7,39.8,45.1,0.0,0.0,0.0,610.0,0.3724,-0.0213,0.0,5.9832,-0.1208,-4.6183,40.2567,0.0,0.0,0.0,40.9500007629394,down,2026-06-01T10:24:56,0.0,0.0
SPX,2028-12-15,847,Call,3200.0,SPX281215C03200000,4678.7,4717.5,4698.1,3021.37,0.0,0.0,0.0,1.0,0.0,0.986,0.0,6.3815,0.0,64.188,4702.8296,0.0,0.0,0.0,4673.75,up,2025-01-10T11:14:42,0.0,0.0
SPX,2028-12-15,847,Put,3200.0,SPX281215P03200000,41.8,43.6,42.7,50.0,0.0,0.0,0.0,804.0,0.3664,-0.023,0.0,6.3815,-0.1268,-4.9806,43.1554,0.0,0.0,0.0,43.9500007629394,down,2026-06-18T13:54:02,0.0,0.0
SPX,2028-12-15,847,Call,3300.0,SPX281215C03300000,4591.8,4630.6,4611.200000000001,3636.4,0.0,0.0,0.0,3.0,0.0,0.9842,0.0,6.797,0.0,65.893,4615.9222,0.0,0.0,0.0,4586.85009765625,up,2025-11-19T15:59:07,0.0,0.0
SPX,2028-12-15,847,Put,3300.0,SPX281215P03300000,44.8,46.7,45.75,81.6,0.0,0.0,0.0,279.0,0.3605,-0.0248,0.0,6.797,-0.1329,-5.3615,46.1932,0.0,0.0,0.0,47.0500011444092,no_change,2026-03-18T13:29:34,0.0,0.0
SPX,2028-12-15,847,Call,3400.0,SPX281215C03400000,4505.0,4543.8,4524.4,4516.25,16.0,0.355536,2.0,335.0,0.0,0.9823,0.0,7.233,0.0,67.5747,4529.1661,4517.53,4517.53,4516.25,4500.25,down,2026-08-21T10:31:19,0.0,0.0
SPX,2028-12-15,847,Put,3400.0,SPX281215P03400000,47.9,49.9,48.9,49.35,-1.0,-1.9861,2.0,791.0,0.3548,-0.0268,0.0,7.2331,-0.1391,-5.7657,49.3805,49.54,49.54,49.35,50.3500003814697,down,2026-08-21T10:31:19,0.0,0.0
SPX,2028-12-15,847,Call,3500.0,SPX281215C03500000,4418.6,4457.4,4438.0,2760.3,0.0,0.0,0.0,11.0,0.0,0.9803,0.0,7.6897,0.0,69.229,4442.5766,0.0,0.0,0.0,4411.85009765625,up,2024-10-23T13:44:08,0.0,0.0
SPX,2028-12-15,847,Put,3500.0,SPX281215P03500000,51.2,53.4,52.3,60.0,0.0,0.0,0.0,1137.0,0.3492,-0.0288,0.0,7.6897,-0.1454,-6.1972,52.7377,0.0,0.0,0.0,53.8000011444092,down,2026-08-06T09:30:02,0.0,0.0
SPX,2028-12-15,847,Call,3600.0,SPX281215C03600000,4335.0,4371.3,4353.15,2484.76,0.0,0.0,0.0,1.0,0.3397,0.9781,0.0,8.1646,0.0,70.8549,4356.1711,0.0,0.0,0.0,4325.75,down,2025-05-02T10:21:19,0.0,0.0
SPX,2028-12-15,847,Put,3600.0,SPX281215P03600000,54.7,57.0,55.85,55.58,0.0,0.0,0.0,403.0,0.3438,-0.0309,0.0,8.1646,-0.1519,-6.6571,56.2774,0.0,0.0,0.0,57.4500007629394,down,2026-08-13T10:16:51,0.0,0.0
SPX,2028-12-15,847,Call,3700.0,SPX281215C03700000,4249.2,4285.3,4267.25,3800.0,0.0,0.0,0.0,6.0,0.3348,0.9758,0.0,8.6554,0.0,72.4543,4269.9664,0.0,0.0,0.0,4239.75,up,2026-05-04T13:13:59,0.0,0.0
SPX,2028-12-15,847,Put,3700.0,SPX281215P03700000,58.4,60.8,59.599999999999994,59.43,0.0,0.0,0.0,884.0,0.3385,-0.0332,0.0,8.6558,-0.1585,-7.144,60.0211,0.0,0.0,0.0,61.25,down,2026-08-13T10:16:51,0.0,0.0
SPX,2028-12-15,847,Call,3800.0,SPX281215C03800000,4163.7,4199.3,4181.5,3403.07,0.0,0.0,0.0,11.0,0.3299,0.9734,0.0,9.1624,0.0,74.0289,4183.9781,0.0,0.0,0.0,4154.09985351562,up,2025-12-31T12:35:30,0.0,0.0
SPX,2028-12-15,847,Put,3800.0,SPX281215P03800000,62.4,64.8,63.599999999999994,64.72,0.0,0.0,0.0,1218.0,0.3334,-0.0356,0.0,9.1624,-0.1653,-7.6548,63.9745,0.0,0.0,0.0,65.3500022888184,down,2026-08-18T13:47:34,0.0,0.0
SPX,2028-12-15,847,Call,3900.0,SPX281215C03900000,4078.5,4113.7,4096.1,0.0,0.0,0.0,0.0,2.0,0.3252,0.9709,0.0,9.6899,0.0,75.5767,4098.2218,0.0,0.0,0.0,4068.5,no_change,,0.0,0.0
SPX,2028-12-15,847,Put,3900.0,SPX281215P03900000,66.5,69.1,67.8,67.96,0.0,0.0,0.0,680.0,0.3283,-0.0382,0.0,9.6899,-0.1722,-8.1928,68.1633,0.0,0.0,0.0,69.5999984741211,down,2026-08-07T14:53:49,0.0,0.0
SPX,2028-12-15,847,Call,4000.0,SPX281215C04000000,3993.4,4028.5,4010.95,4103.31,0.0,0.0,0.0,22212.0,0.3206,0.9681,0.0,10.243,0.0,77.0917,4012.7155,0.0,0.0,0.0,3983.40002441406,up,2026-08-14T14:07:50,0.0,0.0
SPX,2028-12-15,847,Put,4000.0,SPX281215P04000000,70.9,73.6,72.25,72.31,0.0,0.0,0.0,24876.0,0.3234,-0.0409,0.0,10.243,-0.1793,-8.7636,72.6021,0.0,0.0,0.0,74.25,down,2026-08-19T14:35:21,0.0,0.0
SPX,2028-12-15,847,Call,4100.0,SPX281215C04100000,3908.7,3943.4,3926.05,3707.35,0.0,0.0,0.0,7.0,0.3161,0.9652,0.0,10.8241,0.0,78.5667,3927.481,0.0,0.0,0.0,3898.44995117188,up,2026-06-12T13:47:45,0.0,0.0
SPX,2028-12-15,847,Put,4100.0,SPX281215P04100000,75.6,78.5,77.05,77.13,0.0,0.0,0.0,1030.0,0.3181,-0.0438,0.0,10.8241,-0.1865,-9.3745,77.3127,0.0,0.0,0.0,79.0500030517578,up,2026-08-19T14:36:02,0.0,0.0
SPX,2028-12-15,847,Call,4200.0,SPX281215C04200000,3824.2,3858.4,3841.3,3912.82,0.0,0.0,0.0,287.0,0.3117,0.9622,0.0,11.4308,0.0,79.9977,3842.5424,0.0,0.0,0.0,3813.75,down,2026-08-17T13:53:57,0.0,0.0
SPX,2028-12-15,847,Put,4200.0,SPX281215P04200000,80.5,83.6,82.05,83.45,0.0,0.0,0.0,2422.0,0.3141,-0.0469,0.0,11.4308,-0.194,-10.0293,82.3192,0.0,0.0,0.0,84.25,up,2026-08-20T11:27:31,0.0,0.0
SPX,2028-12-15,847,Call,4300.0,SPX281215C04300000,3740.0,3773.7,3756.85,2999.72,0.0,0.0,0.0,366.0,0.3074,0.9589,0.0,12.0582,0.0,81.3864,3757.9235,0.0,0.0,0.0,3729.29992675781,up,2025-11-10T12:59:02,0.0,0.0
SPX,2028-12-15,847,Put,4300.0,SPX281215P04300000,85.8,89.0,87.4,90.14,0.0,0.0,0.0,404.0,0.3096,-0.0501,0.0,12.0586,-0.2016,-10.7268,87.6485,0.0,0.0,0.0,89.75,down,2026-08-04T12:27:02,0.0,0.0
SPX,2028-12-15,847,Call,4400.0,SPX281215C04400000,3657.1,3681.1,3669.1,3415.15,0.0,0.0,0.0,165.0,0.3005,0.9555,0.0,12.704,0.0,82.7373,3673.6446,0.0,0.0,0.0,3645.29992675781,up,2026-05-18T12:16:02,0.0,0.0
SPX,2028-12-15,847,Put,4400.0,SPX281215P04400000,91.5,94.8,93.15,95.45,0.0,0.0,0.0,2912.0,0.3051,-0.0536,0.0,12.7044,-0.2094,-11.4618,93.315,0.0,0.0,0.0,95.5499992370606,down,2026-08-04T13:23:47,0.0,0.0
SPX,2028-12-15,847,Call,4500.0,SPX281215C04500000,3573.4,3597.4,3585.4,3510.0,0.0,0.0,0.0,668.0,0.2966,0.9518,0.0,13.3715,0.0,84.051,3589.7234,0.0,0.0,0.0,3561.75,up,2026-05-29T12:36:40,0.0,0.0
SPX,2028-12-15,847,Put,4500.0,SPX281215P04500000,97.5,100.9,99.2,105.6,0.0,0.0,0.0,2254.0,0.3009,-0.0572,0.0,13.3715,-0.2174,-12.2334,99.3355,0.0,0.0,0.0,101.799999237061,down,2026-08-03T16:02:50,0.0,0.0
SPX,2028-12-15,847,Call,4550.0,SPX281215C04550000,3531.1,3563.0,3547.05,0.0,0.0,0.0,0.0,0.0,0.2971,0.9499,0.0,13.7154,0.0,84.692,3547.9026,0.0,0.0,0.0,3520.0,no_change,,0.0,0.0
SPX,2028-12-15,847,Put,4550.0,SPX281215P04550000,100.7,104.1,102.4,102.9,0.0,0.0,0.0,1569.0,0.2988,-0.0591,0.0,13.7154,-0.2214,-12.6354,102.4872,0.0,0.0,0.0,105.099998474121,down,2026-08-05T15:03:23,0.0,0.0
SPX,2028-12-15,847,Call,4600.0,SPX281215C04600000,3490.0,3514.0,3502.0,3367.0,0.0,0.0,0.0,132.0,0.2929,0.9479,0.0,14.0672,0.0,85.3205,3506.1785,0.0,0.0,0.0,3478.44995117188,up,2026-07-21T12:08:43,0.0,0.0
SPX,2028-12-15,847,Put,4600.0,SPX281215P04600000,104.0,107.4,105.7,117.44,0.0,0.0,0.0,517.0,0.2967,-0.0611,0.0,14.0672,-0.2255,-13.0498,105.7357,0.0,0.0,0.0,108.450000762939,down,2026-07-31T13:56:55,0.0,0.0
SPX,2028-12-15,847,Call,4650.0,SPX281215C04650000,3448.1,3479.4,3463.75,0.0,0.0,0.0,0.0,0.0,0.2932,0.9459,0.0,14.427,0.0,85.9351,3464.5542,0.0,0.0,0.0,3436.94995117188,no_change,,0.0,0.0
SPX,2028-12-15,847,Put,4650.0,SPX281215P04650000,107.4,110.8,109.1,111.12,0.0,0.0,0.0,125.0,0.2947,-0.0631,0.0,14.427,-0.2296,-13.4781,109.0839,0.0,0.0,0.0,111.900001525879,no_change,2026-08-18T13:11:15,0.0,0.0
SPX,2028-12-15,847,Call,4700.0,SPX281215C04700000,3407.0,3431.0,3419.0,3217.0,0.0,0.0,0.0,563.0,0.2892,0.9438,0.0,14.7947,0.0,86.5348,3423.0329,0.0,0.0,0.0,3395.5,up,2026-05-21T15:45:17,0.0,0.0
SPX,2028-12-15,847,Put,4700.0,SPX281215P04700000,110.8,114.3,112.55,128.8,0.0,0.0,0.0,2202.0,0.2927,-0.0652,0.0,14.7947,-0.2338,-13.9213,112.5351,0.0,0.0,0.0,115.450000762939,down,2026-07-29T15:03:58,0.0,0.0
SPX,2028-12-15,847,Call,4750.0,SPX281215C04750000,3365.6,3396.2,3380.8999999999996,0.0,0.0,0.0,0.0,0.0,0.2894,0.9417,0.0,15.1697,0.0,87.119,3381.618,0.0,0.0,0.0,3354.25,no_change,,0.0,0.0
SPX,2028-12-15,847,Put,4750.0,SPX281215P04750000,114.4,118.0,116.2,116.2,0.0,0.0,0.0,205.0,0.2907,-0.0673,0.0,15.1697,-0.238,-14.38,116.0929,0.0,0.0,0.0,119.099998474121,up,2026-08-12T11:18:46,0.0,0.0
SPX,2028-12-15,847,Call,4800.0,SPX281215C04800000,3324.5,3348.5,3336.5,3216.0,0.0,0.0,0.0,561.0,0.2856,0.9395,0.0,15.5509,0.0,87.6878,3340.313,0.0,0.0,0.0,3313.05004882812,up,2026-07-06T11:31:56,0.0,0.0
SPX,2028-12-15,847,Put,4800.0,SPX281215P04800000,118.1,121.7,119.9,121.45,0.0,0.0,0.0,1784.0,0.2888,-0.0696,0.0,15.5509,-0.2423,-14.8542,119.7604,0.0,0.0,0.0,122.900001525879,up,2026-08-20T11:27:31,0.0,0.0
SPX,2028-12-15,847,Call,4850.0,SPX281215C04850000,3283.4,3313.4,3298.4,0.0,0.0,0.0,0.0,0.0,0.2856,0.9372,0.0,15.9371,0.0,88.2419,3299.1209,0.0,0.0,0.0,3272.0,no_change,,0.0,0.0
SPX,2028-12-15,847,Put,4850.0,SPX281215P04850000,121.9,125.5,123.7,174.0,0.0,0.0,0.0,8.0,0.2869,-0.0718,0.0,15.9371,-0.2465,-15.343,123.5408,0.0,0.0,0.0,126.800003051758,up,2026-07-29T15:59:50,0.0,0.0
SPX,2028-12-15,847,Call,4900.0,SPX281215C04900000,3242.4,3266.4,3254.4,3217.82,0.0,0.0,0.0,61.0,0.2821,0.9349,0.0,16.3276,0.0,88.7829,3258.0442,0.0,0.0,0.0,3231.05004882812,up,2026-06-01T14:16:54,0.0,0.0
SPX,2028-12-15,847,Put,4900.0,SPX281215P04900000,125.8,129.5,127.65,125.8,0.0,0.0,0.0,543.0,0.2846,-0.0742,0.0,16.3276,-0.2508,-15.8449,127.4366,0.0,0.0,0.0,130.849998474121,down,2026-08-12T15:04:05,0.0,0.0
SPX,2028-12-15,847,Call,4950.0,SPX281215C04950000,3201.8,3231.1,3216.45,0.0,0.0,0.0,0.0,0.0,0.2819,0.9325,0.0,16.7219,0.0,89.3116,3217.0852,0.0,0.0,0.0,3190.20007324219,no_change,,0.0,0.0
SPX,2028-12-15,847,Put,4950.0,SPX281215P04950000,129.8,133.5,131.65,153.46,0.0,0.0,0.0,368.0,0.2831,-0.0766,0.0,16.7219,-0.2552,-16.3591,131.4502,0.0,0.0,0.0,134.949996948242,down,2026-06-15T14:21:39,0.0,0.0
SPX,2028-12-15,847,Call,5000.0,SPX281215C05000000,3161.0,3184.7,3172.85,3148.6,0.0,0.0,0.0,24405.0,0.2786,0.93,0.0,17.1201,0.0,89.8289,3176.2457,0.0,0.0,0.0,3149.84997558594,down,2026-08-20T15:32:22,0.0,0.0
SPX,2028-12-15,847,Put,5000.0,SPX281215P05000000,134.0,137.7,135.85,134.94,-4.26,-3.06035,201.0,27658.0,0.2812,-0.079,0.0,17.1201,-0.2595,-16.8847,135.5832,135.52,135.59,134.92,139.200004577637,no_change,2026-08-21T15:44:23,0.0,0.0
SPX,2028-12-15,847,Call,5050.0,SPX281215C05050000,3120.6,3149.3,3134.95,0.0,0.0,0.0,0.0,0.0,0.2784,0.9275,0.0,17.523,0.0,90.3347,3135.5274,0.0,0.0,0.0,3111.5,no_change,,0.0,0.0
SPX,2028-12-15,847,Put,5050.0,SPX281215P05050000,138.2,142.0,140.1,138.41,0.0,0.0,0.0,11.0,0.2794,-0.0815,0.0,17.523,-0.2639,-17.4218,139.8375,0.0,0.0,0.0,143.599998474121,down,2026-08-10T09:45:18,0.0,0.0
SPX,2028-12-15,847,Call,5100.0,SPX281215C05100000,3079.9,3103.5,3091.7,2907.13,0.0,0.0,0.0,777.0,0.2753,0.9249,0.0,17.9316,0.0,90.828,3094.9322,0.0,0.0,0.0,3068.35009765625,up,2026-06-08T10:10:43,0.0,0.0
SPX,2028-12-15,847,Put,5100.0,SPX281215P05100000,142.6,146.4,144.5,171.0,0.0,0.0,0.0,1847.0,0.2776,-0.0841,0.0,17.9317,-0.2683,-17.9714,144.2148,0.0,0.0,0.0,148.0,up,2026-07-27T14:54:38,0.0,0.0
SPX,2028-12-15,847,Call,5150.0,SPX281215C05150000,3039.8,3067.9,3053.8500000000004,0.0,0.0,0.0,0.0,0.0,0.2749,0.9222,0.0,18.3471,0.0,91.3072,3054.462,0.0,0.0,0.0,3028.0,no_change,,0.0,0.0
SPX,2028-12-15,847,Put,5150.0,SPX281215P05150000,147.1,151.0,149.05,177.9,0.0,0.0,0.0,30.0,0.2758,-0.0868,0.0,18.3471,-0.2727,-18.5352,148.7173,0.0,0.0,0.0,152.650001525879,down,2026-07-24T15:58:30,0.0,0.0
SPX,2028-12-15,847,Call,5200.0,SPX281215C05200000,2999.4,3022.9,3011.15,3022.75,0.0,0.0,0.0,611.0,0.272,0.9195,0.0,18.7701,0.0,91.7701,3014.1197,0.0,0.0,0.0,2987.69995117188,down,2026-08-20T11:13:20,0.0,0.0
SPX,2028-12-15,847,Put,5200.0,SPX281215P05200000,151.7,155.6,153.64999999999998,155.75,0.0,0.0,0.0,3002.0,0.2741,-0.0895,0.0,18.7701,-0.2771,-19.1152,153.3474,0.0,0.0,0.0,157.349998474121,up,2026-08-20T11:13:20,0.0,0.0
SPX,2028-12-15,847,Call,5250.0,SPX281215C05250000,2959.6,2987.1,2973.35,0.0,0.0,0.0,0.0,0.0,0.2715,0.9167,0.0,19.2008,0.0,92.2148,2973.9081,0.0,0.0,0.0,2947.75,no_change,,0.0,0.0
SPX,2028-12-15,847,Put,5250.0,SPX281215P05250000,156.4,160.4,158.4,167.7,0.0,0.0,0.0,17.0,0.2723,-0.0923,0.0,19.2008,-0.2816,-19.7134,158.1085,0.0,0.0,0.0,162.25,down,2026-08-03T15:37:34,0.0,0.0
SPX,2028-12-15,847,Call,5300.0,SPX281215C05300000,2919.6,2942.7,2931.1499999999996,2901.13,0.0,0.0,0.0,173.0,0.2688,0.9138,0.0,19.6386,0.0,92.6401,2933.8308,0.0,0.0,0.0,2907.69995117188,up,2026-06-01T14:16:54,0.0,0.0
SPX,2028-12-15,847,Put,5300.0,SPX281215P05300000,161.3,165.4,163.35000000000002,161.0,-6.25,-3.73692,1.0,2297.0,0.2706,-0.0952,0.0,19.6386,-0.286,-20.331,163.0037,161.0,161.0,161.0,167.25,down,2026-08-21T15:59:01,0.0,0.0
SPX,2028-12-15,847,Call,5350.0,SPX281215C05350000,2880.0,2906.8,2893.4,2772.1,0.0,0.0,0.0,1.0,0.2682,0.9109,0.0001,20.0824,0.0,93.0457,2893.8913,0.0,0.0,0.0,2867.94995117188,up,2026-05-26T12:30:23,0.0,0.0
SPX,2028-12-15,847,Put,5350.0,SPX281215P05350000,166.4,170.4,168.4,171.5,0.0,0.0,0.0,24.0,0.2689,-0.0982,0.0001,20.0824,-0.2905,-20.9684,168.0366,0.0,0.0,0.0,172.400001525879,down,2026-08-20T15:58:45,0.0,0.0
SPX,2028-12-15,847,Call,5400.0,SPX281215C05400000,2840.3,2863.0,2851.65,2619.4,0.0,0.0,0.0,438.0,0.2656,0.9078,0.0001,20.5307,0.0,93.4324,2854.0926,0.0,0.0,0.0,2828.25,up,2026-05-18T12:16:02,0.0,0.0
SPX,2028-12-15,847,Put,5400.0,SPX281215P05400000,171.5,175.6,173.55,174.0,-3.65,-2.0546,46.0,779.0,0.2673,-0.1012,0.0001,20.5307,-0.2949,-21.6245,173.2106,174.37,174.37,174.0,177.649993896484,down,2026-08-21T10:23:53,0.0,0.0
SPX,2028-12-15,847,Call,5450.0,SPX281215C05450000,2800.8,2827.0,2813.9,0.0,0.0,0.0,0.0,0.0,0.2649,0.9048,0.0001,20.9819,0.0,93.8025,2814.4376,0.0,0.0,0.0,2788.65002441406,no_change,,0.0,0.0
SPX,2028-12-15,847,Put,5450.0,SPX281215P05450000,176.8,181.0,178.9,179.2,0.0,0.0,0.0,7.0,0.2656,-0.1043,0.0001,20.9819,-0.2993,-22.2974,178.528,0.0,0.0,0.0,183.050003051758,up,2026-08-18T15:53:55,0.0,0.0
SPX,2028-12-15,847,Call,5500.0,SPX281215C05500000,2761.5,2784.0,2772.75,2508.02,0.0,0.0,0.0,318.0,0.2626,0.9016,0.0001,21.4352,0.0,94.1573,2774.9282,0.0,0.0,0.0,2749.30004882812,down,2026-07-29T12:34:44,0.0,0.0
SPX,2028-12-15,847,Put,5500.0,SPX281215P05500000,182.2,186.5,184.35,189.0,0.0,0.0,0.0,4324.0,0.264,-0.1075,0.0001,21.4352,-0.3038,-22.9855,183.9912,0.0,0.0,0.0,188.599998474121,up,2026-08-18T10:15:22,0.0,0.0
SPX,2028-12-15,847,Call,5550.0,SPX281215C05550000,2722.3,2747.9,2735.1000000000004,2768.14,0.0,0.0,0.0,1.0,0.2617,0.8983,0.0001,21.8901,0.0,94.4989,2735.5659,0.0,0.0,0.0,2710.15002441406,down,2026-08-06T13:42:53,0.0,0.0
SPX,2028-12-15,847,Put,5550.0,SPX281215P05550000,187.8,192.1,189.95,189.0,0.0,0.0,0.0,17.0,0.2623,-0.1107,0.0001,21.8901,-0.3082,-23.6868,189.6015,0.0,0.0,0.0,194.300003051758,down,2026-08-06T16:03:18,0.0,0.0
SPX,2028-12-15,847,Call,5600.0,SPX281215C05600000,2683.3,2705.4,2694.3500000000004,2525.85,0.0,0.0,0.0,833.0,0.2595,0.895,0.0001,22.3474,0.0,94.8278,2696.3521,0.0,0.0,0.0,2671.05004882812,down,2026-07-02T12:12:25,0.0,0.0
SPX,2028-12-15,847,Put,5600.0,SPX281215P05600000,193.5,197.9,195.7,194.68,0.0,0.0,0.0,1164.0,0.2607,-0.1141,0.0001,22.3474,-0.3126,-24.4009,195.3602,0.0,0.0,0.0,200.150001525879,up,2026-08-06T16:03:34,0.0,0.0
SPX,2028-12-15,847,Call,5650.0,SPX281215C05650000,2644.4,2669.4,2656.9,0.0,0.0,0.0,0.0,0.0,0.2586,0.8916,0.0001,22.8081,0.0,95.1429,2657.2878,0.0,0.0,0.0,2632.09997558594,no_change,,0.0,0.0
SPX,2028-12-15,847,Put,5650.0,SPX281215P05650000,199.4,203.8,201.60000000000002,200.68,0.0,0.0,0.0,329.0,0.2591,-0.1175,0.0001,22.8081,-0.3169,-25.1286,201.2684,0.0,0.0,0.0,206.150001525879,up,2026-08-06T16:03:06,0.0,0.0
SPX,2028-12-15,847,Call,5700.0,SPX281215C05700000,2605.7,2627.5,2616.6,2723.02,0.0,0.0,0.0,207.0,0.2565,0.8881,0.0001,23.2736,-0.0019,95.4422,2618.3748,0.0,0.0,0.0,2593.40002441406,up,2026-08-14T09:36:54,0.0,0.0
SPX,2028-12-15,847,Put,5700.0,SPX281215P05700000,205.4,209.8,207.60000000000002,204.35,0.0,0.0,0.0,1289.0,0.2576,-0.121,0.0001,23.2736,-0.3213,-25.8722,207.328,0.0,0.0,0.0,212.300003051758,down,2026-08-14T09:36:54,0.0,0.0
SPX,2028-12-15,847,Call,5750.0,SPX281215C05750000,2567.1,2591.5,2579.3,0.0,0.0,0.0,0.0,0.0,0.2555,0.8845,0.0001,23.7447,-0.0122,95.7228,2579.6153,0.0,0.0,0.0,2554.70007324219,no_change,,0.0,0.0
SPX,2028-12-15,847,Put,5750.0,SPX281215P05750000,211.6,216.1,213.85,212.15,-6.45,-2.95059,402.0,2299.0,0.256,-0.1245,0.0001,23.7447,-0.3256,-26.6345,213.5411,213.28,213.41,212.15,218.599998474121,down,2026-08-21T15:44:23,0.0,0.0
SPX,2028-12-15,847,Call,5800.0,SPX281215C05800000,2528.7,2550.3,2539.5,2629.23,0.0,0.0,0.0,732.0,0.2535,0.8808,0.0001,24.222,-0.0224,95.9821,2541.0126,0.0,0.0,0.0,2516.34997558594,down,2026-08-10T10:42:43,0.0,0.0
SPX,2028-12-15,847,Put,5800.0,SPX281215P05800000,217.9,222.5,220.2,220.0,0.0,0.0,0.0,1594.0,0.2544,-0.1282,0.0001,24.222,-0.3299,-27.4181,219.9109,0.0,0.0,0.0,225.099998474121,up,2026-08-12T11:31:21,0.0,0.0
SPX,2028-12-15,847,Call,5850.0,SPX281215C05850000,2490.4,2514.2,2502.3,0.0,0.0,0.0,0.0,0.0,0.2525,0.8771,0.0001,24.7048,-0.0326,96.2182,2502.57,0.0,0.0,0.0,2478.09997558594,no_change,,0.0,0.0
SPX,2028-12-15,847,Put,5850.0,SPX281215P05850000,224.4,229.0,226.7,225.15,0.0,0.0,0.0,35.0,0.2529,-0.1319,0.0001,24.7048,-0.3341,-28.2249,226.4409,0.0,0.0,0.0,231.75,down,2026-08-05T15:38:51,0.0,0.0
SPX,2028-12-15,847,Call,5900.0,SPX281215C05900000,2452.3,2473.6,2462.95,2263.56,0.0,0.0,0.0,491.0,0.2505,0.8733,0.0001,25.1918,-0.0428,96.4309,2464.2914,0.0,0.0,0.0,2442.14990234375,up,2026-07-29T09:34:24,0.0,0.0
SPX,2028-12-15,847,Put,5900.0,SPX281215P05900000,231.1,235.8,233.45,228.72,0.0,0.0,0.0,1208.0,0.2514,-0.1358,0.0001,25.1918,-0.3383,-29.0552,233.1348,0.0,0.0,0.0,238.549995422363,down,2026-08-13T10:05:46,0.0,0.0
SPX,2028-12-15,847,Call,5950.0,SPX281215C05950000,2414.4,2437.7,2426.05,2521.16,0.0,0.0,0.0,5.0,0.2496,0.8694,0.0001,25.6812,-0.0528,96.6212,2426.1802,0.0,0.0,0.0,2402.0,up,2026-08-14T12:45:17,0.0,0.0
SPX,2028-12-15,847,Put,5950.0,SPX281215P05950000,238.0,242.6,240.3,277.55,0.0,0.0,0.0,597.0,0.2499,-0.1397,0.0001,25.6812,-0.3424,-29.9078,239.9961,0.0,0.0,0.0,245.5,down,2026-07-28T15:17:58,0.0,0.0
SPX,2028-12-15,847,Call,6000.0,SPX281215C06000000,2376.7,2397.7,2387.2,2391.58,27.33,1.15597,10.0,31427.0,0.2476,0.8654,0.0001,26.1712,-0.0629,96.7922,2388.2391,2391.58,2391.58,2391.58,2364.25,up,2026-08-21T15:51:58,0.0,0.0
SPX,2028-12-15,847,Put,6000.0,SPX281215P06000000,244.9,249.7,247.3,246.08,-6.52,-2.58116,85.0,33252.0,0.2484,-0.1436,0.0001,26.1712,-0.3465,-30.7797,247.0276,249.36,249.36,246.08,252.599998474121,down,2026-08-21T15:51:58,0.0,0.0
SPX,2028-12-15,847,Call,6050.0,SPX281215C06050000,2339.1,2361.8,2350.45,1887.18,0.0,0.0,0.0,1.0,0.2466,0.8613,0.0001,26.6604,-0.0729,96.9463,2350.47,0.0,0.0,0.0,2326.75,up,2026-04-17T14:58:43,0.0,0.0
SPX,2028-12-15,847,Put,6050.0,SPX281215P06050000,252.1,256.9,254.5,287.8,0.0,0.0,0.0,52.0,0.2469,-0.1477,0.0001,26.6604,-0.3505,-31.6685,254.2311,0.0,0.0,0.0,259.949996948242,up,2026-07-06T13:21:04,0.0,0.0
SPX,2028-12-15,847,Call,6100.0,SPX281215C06100000,2301.7,2322.4,2312.05,2350.1,0.0,0.0,0.0,812.0,0.2448,0.8572,0.0001,27.1486,-0.0828,97.0862,2312.8742,0.0,0.0,0.0,2289.25,up,2026-08-06T13:19:48,0.0,0.0
SPX,2028-12-15,847,Put,6100.0,SPX281215P06100000,259.3,264.8,262.05,264.16,-3.24,-1.21167,75.0,1380.0,0.2454,-0.1519,0.0001,27.1486,-0.3545,-32.5716,261.6078,264.16,264.16,264.16,267.399993896484,up,2026-08-21T10:15:18,0.0,0.0
SPX,2028-12-15,847,Call,6150.0,SPX281215C06150000,2264.5,2286.6,2275.55,2347.42,0.0,0.0,0.0,75.0,0.2437,0.8529,0.0001,27.6362,-0.0926,97.2122,2275.4525,0.0,0.0,0.0,2252.04992675781,up,2026-08-17T13:53:57,0.0,0.0
SPX,2028-12-15,847,Put,6150.0,SPX281215P06150000,266.8,272.4,269.6,272.06,0.0,0.0,0.0,406.0,0.244,-0.1562,0.0001,27.6362,-0.3584,-33.4884,269.1587,0.0,0.0,0.0,275.050003051758,no_change,2026-08-18T13:11:14,0.0,0.0
SPX,2028-12-15,847,Call,6200.0,SPX281215C06200000,2227.4,2247.8,2237.6000000000004,2333.45,0.0,0.0,0.0,650.0,0.2419,0.8486,0.0001,28.1246,-0.1024,97.3232,2238.206,0.0,0.0,0.0,2214.89990234375,down,2026-08-14T12:44:43,0.0,0.0
SPX,2028-12-15,847,Put,6200.0,SPX281215P06200000,274.6,280.1,277.35,277.5,0.0,0.0,0.0,1143.0,0.2425,-0.1605,0.0001,28.1246,-0.3622,-34.4204,276.8847,0.0,0.0,0.0,282.899993896484,up,2026-08-17T13:55:36,0.0,0.0
SPX,2028-12-15,847,Call,6250.0,SPX281215C06250000,2190.6,2212.1,2201.35,2172.8,0.0,0.0,0.0,19.0,0.2409,0.8441,0.0001,28.615,-0.1121,97.4161,2201.1364,0.0,0.0,0.0,2178.09997558594,up,2026-06-04T15:19:41,0.0,0.0
SPX,2028-12-15,847,Put,6250.0,SPX281215P06250000,282.5,288.1,285.3,283.48,0.0,0.0,0.0,64.0,0.241,-0.1649,0.0001,28.615,-0.3659,-35.3704,284.7876,0.0,0.0,0.0,290.899993896484,down,2026-08-06T16:03:34,0.0,0.0
SPX,2028-12-15,847,Call,6300.0,SPX281215C06300000,2153.9,2174.0,2163.95,1992.3,0.0,0.0,0.0,682.0,0.2391,0.8396,0.0001,29.1086,-0.1217,97.4871,2164.2463,0.0,0.0,0.0,2141.44995117188,up,2026-07-20T15:16:28,0.0,0.0
SPX,2028-12-15,847,Put,6300.0,SPX281215P06300000,290.5,296.2,293.35,293.86,0.0,0.0,0.0,1856.0,0.2396,-0.1695,0.0001,29.1086,-0.3696,-36.3423,292.8701,0.0,0.0,0.0,299.150009155273,no_change,2026-08-05T16:06:29,0.0,0.0
SPX,2028-12-15,847,Call,6350.0,SPX281215C06350000,2117.4,2138.4,2127.9,2201.54,0.0,0.0,0.0,9.0,0.238,0.835,0.0001,29.6055,-0.1312,97.5328,2127.5392,0.0,0.0,0.0,2104.84997558594,up,2026-08-07T10:28:48,0.0,0.0
SPX,2028-12-15,847,Put,6350.0,SPX281215P06350000,298.9,304.5,301.7,296.84,0.0,0.0,0.0,62.0,0.2382,-0.1741,0.0001,29.6055,-0.3732,-37.3395,301.1355,0.0,0.0,0.0,307.550003051758,down,2026-08-07T10:28:48,0.0,0.0
SPX,2028-12-15,847,Call,6400.0,SPX281215C06400000,2081.1,2101.0,2091.05,2157.55,0.0,0.0,0.0,425.0,0.2364,0.8303,0.0001,30.1052,-0.1406,97.5512,2091.0193,0.0,0.0,0.0,2068.65002441406,up,2026-08-05T14:30:14,0.0,0.0
SPX,2028-12-15,847,Put,6400.0,SPX281215P06400000,307.4,313.0,310.2,304.58,0.0,0.0,0.0,1119.0,0.2367,-0.1788,0.0001,30.1052,-0.3766,-38.364,309.5883,0.0,0.0,0.0,316.100006103516,down,2026-08-13T15:00:30,0.0,0.0
SPX,2028-12-15,847,Call,6450.0,SPX281215C06450000,2044.9,2065.4,2055.15,2083.62,0.0,0.0,0.0,8.0,0.2352,0.8255,0.0001,30.6057,-0.15,97.5427,2054.6909,0.0,0.0,0.0,2032.45001220703,up,2026-08-18T13:02:09,0.0,0.0
SPX,2028-12-15,847,Put,6450.0,SPX281215P06450000,316.0,321.7,318.85,322.19,0.0,0.0,0.0,102.0,0.2353,-0.1836,0.0001,30.6057,-0.38,-39.4154,318.2324,0.0,0.0,0.0,324.899993896484,up,2026-08-18T13:02:09,0.0,0.0
SPX,2028-12-15,847,Call,6500.0,SPX281215C06500000,2009.0,2028.5,2018.75,2047.77,0.0,0.0,0.0,430.0,0.2336,0.8206,0.0001,31.1051,-0.1592,97.5096,2018.5576,0.0,0.0,0.0,1996.54998779297,down,2026-08-18T12:25:08,0.0,0.0
SPX,2028-12-15,847,Put,6500.0,SPX281215P06500000,324.9,330.6,327.75,325.36,-8.49,-2.54306,201.0,3220.0,0.2339,-0.1885,0.0001,31.1051,-0.3832,-40.4915,327.0716,326.99,327.33,325.36,333.849990844727,down,2026-08-21T15:44:23,0.0,0.0
SPX,2028-12-15,847,Call,6550.0,SPX281215C06550000,1973.2,1993.2,1983.2,1933.07,0.0,0.0,0.0,5.0,0.2324,0.8156,0.0001,31.6015,-0.1683,97.4562,1982.6222,0.0,0.0,0.0,1960.79998779297,up,2026-07-10T15:22:19,0.0,0.0
SPX,2028-12-15,847,Put,6550.0,SPX281215P06550000,333.9,339.7,336.79999999999995,375.0,0.0,0.0,0.0,65.0,0.2324,-0.1935,0.0001,31.6015,-0.3864,-41.5878,336.1087,0.0,0.0,0.0,343.050003051758,up,2026-07-15T11:00:48,0.0,0.0
SPX,2028-12-15,847,Call,6600.0,SPX281215C06600000,1937.7,1957.2,1947.45,1992.66,0.0,0.0,0.0,688.0,0.2308,0.8105,0.0001,32.0937,-0.1773,97.3858,1946.8864,0.0,0.0,0.0,1925.25,up,2026-08-06T11:28:36,0.0,0.0
SPX,2028-12-15,847,Put,6600.0,SPX281215P06600000,342.8,349.0,345.9,352.2,0.0,0.0,0.0,853.0,0.231,-0.1986,0.0001,32.0937,-0.3894,-42.7011,345.3456,0.0,0.0,0.0,352.449996948242,up,2026-08-20T15:34:39,0.0,0.0
SPX,2028-12-15,847,Call,6650.0,SPX281215C06650000,1902.3,1921.8,1912.05,1902.88,0.0,0.0,0.0,18.0,0.2296,0.8053,0.0001,32.5815,-0.1862,97.3009,1911.3512,0.0,0.0,0.0,1889.90002441406,up,2026-08-20T13:57:35,0.0,0.0
SPX,2028-12-15,847,Put,6650.0,SPX281215P06650000,352.2,358.4,355.29999999999995,359.84,0.0,0.0,0.0,92.0,0.2296,-0.2037,0.0001,32.5815,-0.3923,-43.8289,354.7829,0.0,0.0,0.0,362.0,down,2026-08-20T13:57:35,0.0,0.0
SPX,2028-12-15,847,Call,6700.0,SPX281215C06700000,1867.2,1886.2,1876.7,1911.89,0.0,0.0,0.0,533.0,0.2281,0.8,0.0001,33.0658,-0.1949,97.2012,1876.0175,0.0,0.0,0.0,1854.64996337891,down,2026-08-19T14:58:45,0.0,0.0
SPX,2028-12-15,847,Put,6700.0,SPX281215P06700000,361.8,368.1,364.95000000000005,365.2,-6.55,-1.76194,1.0,1226.0,0.2282,-0.209,0.0001,33.0658,-0.3951,-44.9716,364.4217,365.2,365.2,365.2,371.75,up,2026-08-21T10:52:23,0.0,0.0
SPX,2028-12-15,847,Call,6750.0,SPX281215C06750000,1832.2,1851.2,1841.7,1922.78,0.0,0.0,0.0,46.0,0.2268,0.7946,0.0001,33.5478,-0.2035,97.0838,1840.8867,0.0,0.0,0.0,1819.79998779297,up,2026-08-10T15:39:40,0.0,0.0
SPX,2028-12-15,847,Put,6750.0,SPX281215P06750000,371.7,378.0,374.85,379.12,0.0,0.0,0.0,133.0,0.2268,-0.2144,0.0001,33.5478,-0.3978,-46.1319,374.2634,0.0,0.0,0.0,381.699996948242,up,2026-08-20T12:29:21,0.0,0.0
SPX,2028-12-15,847,Call,6800.0,SPX281215C06800000,1797.4,1816.2,1806.8000000000002,1790.24,0.0,0.0,0.0,900.0,0.2254,0.7892,0.0001,34.0289,-0.212,96.944,1805.9613,0.0,0.0,0.0,1785.0,up,2026-08-04T09:38:44,0.0,0.0
SPX,2028-12-15,847,Put,6800.0,SPX281215P06800000,381.7,388.1,384.9,383.22,0.0,0.0,0.0,1243.0,0.2254,-0.2199,0.0001,34.0289,-0.4003,-47.3145,384.3106,0.0,0.0,0.0,391.899993896484,down,2026-08-19T14:49:48,0.0,0.0
SPX,2028-12-15,847,Call,6850.0,SPX281215C06850000,1762.9,1781.4,1772.15,1844.19,0.0,0.0,0.0,18.0,0.224,0.7836,0.0001,34.5098,-0.2204,96.7771,1771.2452,0.0,0.0,0.0,1750.5,up,2026-08-07T15:25:56,0.0,0.0
SPX,2028-12-15,847,Put,6850.0,SPX281215P06850000,392.0,398.4,395.2,393.12,0.0,0.0,0.0,64.0,0.224,-0.2255,0.0001,34.5098,-0.4027,-48.5244,394.567,0.0,0.0,0.0,402.300003051758,down,2026-08-19T14:42:16,0.0,0.0
SPX,2028-12-15,847,Call,6900.0,SPX281215C06900000,1728.5,1746.8,1737.65,1719.68,0.0,0.0,0.0,1424.0,0.2226,0.7779,0.0001,34.99,-0.2286,96.5795,1736.7432,0.0,0.0,0.0,1716.09997558594,up,2026-08-20T15:38:34,0.0,0.0
SPX,2028-12-15,847,Put,6900.0,SPX281215P06900000,402.5,408.9,405.7,404.5,-8.4,-2.03439,3.0,2156.0,0.2226,-0.2311,0.0001,34.99,-0.4049,-49.7649,405.0375,404.59,404.59,404.45,412.899993896484,up,2026-08-21T15:58:10,0.0,0.0
SPX,2028-12-15,847,Call,6950.0,SPX281215C06950000,1694.4,1712.5,1703.45,1660.3,0.0,0.0,0.0,10.0,0.2212,0.7721,0.0001,35.4684,-0.2366,96.3507,1702.4605,0.0,0.0,0.0,1682.0,up,2026-08-03T13:36:53,0.0,0.0
SPX,2028-12-15,847,Put,6950.0,SPX281215P06950000,413.2,419.6,416.4,416.1,0.0,0.0,0.0,157.0,0.2212,-0.2369,0.0001,35.4684,-0.407,-51.0366,415.7274,0.0,0.0,0.0,423.699996948242,down,2026-08-19T15:57:26,0.0,0.0
SPX,2028-12-15,847,Call,7000.0,SPX281215C07000000,1660.5,1678.3,1669.4,1673.75,25.65,1.55634,15.0,29172.0,0.2198,0.7662,0.0001,35.9428,-0.2445,96.0928,1668.4021,1665.83,1674.1,1664.72,1648.10003662109,down,2026-08-21T15:51:58,0.0,0.0
SPX,2028-12-15,847,Put,7000.0,SPX281215P07000000,424.1,430.6,427.35,425.25,-9.5,-2.18516,12.0,29081.0,0.2198,-0.2428,0.0001,35.9428,-0.409,-52.3375,426.6415,426.85,426.85,425.25,434.75,down,2026-08-21T15:51:58,0.0,0.0
SPX,2028-12-15,847,Call,7050.0,SPX281215C07050000,1626.8,1644.4,1635.6,1559.0,0.0,0.0,0.0,8.0,0.2185,0.7602,0.0001,36.4112,-0.2522,95.8115,1634.5715,0.0,0.0,0.0,1614.39996337891,down,2026-07-09T14:47:05,0.0,0.0
SPX,2028-12-15,847,Put,7050.0,SPX281215P07050000,435.2,441.7,438.45,431.5,0.0,0.0,0.0,190.0,0.2184,-0.2488,0.0001,36.4112,-0.4107,-53.6617,437.7835,0.0,0.0,0.0,446.0,up,2026-08-13T15:59:01,0.0,0.0
SPX,2028-12-15,847,Call,7100.0,SPX281215C07100000,1593.3,1610.7,1602.0,1566.38,0.0,0.0,0.0,127.0,0.2171,0.7542,0.0001,36.8718,-0.2597,95.511,1600.9716,0.0,0.0,0.0,1580.95001220703,up,2026-08-03T14:06:44,0.0,0.0
SPX,2028-12-15,847,Put,7100.0,SPX281215P07100000,446.5,453.1,449.8,441.3,0.0,0.0,0.0,251.0,0.217,-0.2549,0.0001,36.8718,-0.4123,-55.005,449.1562,0.0,0.0,0.0,457.449996948242,down,2026-08-07T15:24:57,0.0,0.0
SPX,2028-12-15,847,Call,7150.0,SPX281215C07150000,1564.4,1571.1,1567.75,1636.51,0.0,0.0,0.0,4.0,0.2157,0.748,0.0001,37.3242,-0.2671,95.1954,1567.6038,0.0,0.0,0.0,1549.54998779297,up,2026-08-11T12:03:31,0.0,0.0
SPX,2028-12-15,847,Put,7150.0,SPX281215P07150000,458.1,464.7,461.4,457.86,0.0,0.0,0.0,592.0,0.2156,-0.2611,0.0001,37.3242,-0.4137,-56.3635,460.7609,0.0,0.0,0.0,469.149993896484,up,2026-08-11T12:03:31,0.0,0.0
SPX,2028-12-15,847,Call,7200.0,SPX281215C07200000,1531.3,1538.0,1534.65,1546.77,0.0,0.0,0.0,1061.0,0.2143,0.7417,0.0001,37.7689,-0.2743,94.8648,1534.4695,0.0,0.0,0.0,1516.59997558594,down,2026-08-20T10:07:28,0.0,0.0
SPX,2028-12-15,847,Put,7200.0,SPX281215P07200000,469.9,476.5,473.2,461.58,0.0,0.0,0.0,1067.0,0.2142,-0.2674,0.0001,37.7689,-0.415,-57.737,472.5991,0.0,0.0,0.0,481.099990844727,down,2026-08-14T09:30:02,0.0,0.0
SPX,2028-12-15,847,Call,7250.0,SPX281215C07250000,1498.4,1505.1,1501.75,1344.0,0.0,0.0,0.0,103.0,0.2129,0.7352,0.0001,38.2068,-0.2813,94.5159,1501.5705,0.0,0.0,0.0,1483.79998779297,down,2026-07-24T15:45:09,0.0,0.0
SPX,2028-12-15,847,Put,7250.0,SPX281215P07250000,481.9,488.5,485.2,477.28,0.0,0.0,0.0,119.0,0.2128,-0.2738,0.0001,38.2068,-0.416,-59.1289,484.6727,0.0,0.0,0.0,493.25,up,2026-08-14T16:07:39,0.0,0.0
SPX,2028-12-15,847,Call,7300.0,SPX281215C07300000,1465.7,1472.5,1469.1,1549.58,0.0,0.0,0.0,518.0,0.2115,0.7287,0.0001,38.6392,-0.2882,94.1428,1468.9104,0.0,0.0,0.0,1450.84997558594,up,2026-08-10T15:39:40,0.0,0.0
SPX,2028-12-15,847,Put,7300.0,SPX281215P07300000,494.1,500.8,497.45000000000005,496.02,0.0,0.0,0.0,432.0,0.2114,-0.2803,0.0001,38.6392,-0.4169,-60.545,496.9851,0.0,0.0,0.0,505.599990844727,down,2026-08-19T15:45:41,0.0,0.0
SPX,2028-12-15,847,Call,7350.0,SPX281215C07350000,1433.3,1440.1,1436.6999999999998,1255.36,0.0,0.0,0.0,6.0,0.2102,0.7221,0.0001,39.0666,-0.2948,93.7391,1436.4943,0.0,0.0,0.0,1418.59997558594,down,2026-06-24T13:43:57,0.0,0.0
SPX,2028-12-15,847,Put,7350.0,SPX281215P07350000,506.6,513.3,509.95,505.6,0.0,0.0,0.0,85.0,0.21,-0.2869,0.0001,39.0666,-0.4176,-61.9916,509.5416,0.0,0.0,0.0,518.300018310547,down,2026-08-19T10:59:08,0.0,0.0
SPX,2028-12-15,847,Call,7400.0,SPX281215C07400000,1401.1,1408.0,1404.55,1410.1,23.15,1.66913,1.0,1275.0,0.2088,0.7154,0.0001,39.4887,-0.3012,93.3006,1404.3287,1410.1,1410.1,1410.1,1386.95001220703,down,2026-08-21T15:44:07,0.0,0.0
SPX,2028-12-15,847,Put,7400.0,SPX281215P07400000,519.3,526.1,522.7,525.35,-5.8,-1.09197,6.0,1028.0,0.2086,-0.2937,0.0001,39.4887,-0.4181,-63.4729,522.3485,525.4,525.51,525.3,531.149993896484,up,2026-08-21T10:18:36,0.0,0.0
SPX,2028-12-15,847,Call,7450.0,SPX281215C07450000,1369.2,1376.0,1372.6,1358.84,0.0,0.0,0.0,57.0,0.2074,0.7085,0.0001,39.9043,-0.3075,92.8269,1372.4207,0.0,0.0,0.0,1355.14996337891,up,2026-08-20T15:15:41,0.0,0.0
SPX,2028-12-15,847,Put,7450.0,SPX281215P07450000,532.3,539.1,535.7,541.56,0.0,0.0,0.0,55.0,0.2072,-0.3005,0.0001,39.9043,-0.4183,-64.9896,535.4131,0.0,0.0,0.0,544.25,up,2026-08-18T14:04:40,0.0,0.0
SPX,2028-12-15,847,Call,7500.0,SPX281215C07500000,1337.5,1344.4,1340.95,1338.19,14.59,1.1023,3.0,983.0,0.206,0.7016,0.0001,40.3112,-0.3135,92.3216,1340.7769,1339.73,1339.73,1338.19,1323.59997558594,down,2026-08-21T10:48:54,0.0,0.0
SPX,2028-12-15,847,Put,7500.0,SPX281215P07500000,545.5,552.3,548.9,545.91,-11.69,-2.09649,5.0,2400.0,0.2059,-0.3075,0.0001,40.3112,-0.4184,-66.5378,548.7418,551.59,551.59,545.91,557.600006103516,down,2026-08-21T15:38:29,0.0,0.0
SPX,2028-12-15,847,Call,7550.0,SPX281215C07550000,1306.0,1313.0,1309.5,1358.74,0.0,0.0,0.0,16.0,0.2047,0.6945,0.0001,40.7075,-0.3193,91.7914,1309.4024,0.0,0.0,0.0,1292.5,down,2026-08-19T12:08:51,0.0,0.0
SPX,2028-12-15,847,Put,7550.0,SPX281215P07550000,558.9,565.8,562.3499999999999,562.5,-8.7,-1.52311,5.0,634.0,0.2045,-0.3145,0.0001,40.7075,-0.4182,-68.1109,562.3399,560.74,563.0,560.74,571.200012207031,down,2026-08-21T12:40:19,0.0,0.0
SPX,2028-12-15,847,Call,7600.0,SPX281215C07600000,1274.8,1281.9,1278.35,1274.72,13.27,1.05196,2.0,1172.0,0.2033,0.6874,0.0002,41.0918,-0.3249,91.243,1278.3011,1276.08,1276.08,1274.72,1261.45001220703,down,2026-08-21T10:26:44,0.0,0.0
SPX,2028-12-15,847,Put,7600.0,SPX281215P07600000,572.6,579.6,576.1,572.79,0.0,0.0,0.0,1106.0,0.2031,-0.3217,0.0002,41.0918,-0.4179,-69.7023,576.2111,0.0,0.0,0.0,585.100006103516,up,2026-08-19T14:41:12,0.0,0.0
SPX,2028-12-15,847,Call,7650.0,SPX281215C07650000,1243.8,1251.0,1247.4,1265.93,0.0,0.0,0.0,19.0,0.202,0.6801,0.0002,41.4636,-0.3302,90.6799,1247.4756,0.0,0.0,0.0,1230.65002441406,down,2026-08-20T09:37:30,0.0,0.0
SPX,2028-12-15,847,Put,7650.0,SPX281215P07650000,586.6,593.6,590.1,590.44,0.0,0.0,0.0,126.0,0.2017,-0.329,0.0002,41.4636,-0.4173,-71.3082,590.3581,0.0,0.0,0.0,599.25,up,2026-08-20T09:37:30,0.0,0.0
SPX,2028-12-15,847,Call,7700.0,SPX281215C07700000,1213.2,1220.4,1216.8000000000002,1223.59,23.49,1.95734,51.0,1048.0,0.2006,0.6727,0.0002,41.8232,-0.3354,90.101,1216.9287,1222.23,1223.59,1222.23,1200.09997558594,no_change,2026-08-21T13:27:39,0.0,0.0
SPX,2028-12-15,847,Put,7700.0,SPX281215P07700000,600.8,607.9,604.3499999999999,601.31,-12.34,-2.01092,2.0,1197.0,0.2004,-0.3364,0.0002,41.8232,-0.4164,-72.9301,604.7838,602.75,602.75,601.31,613.650024414062,down,2026-08-21T15:38:29,0.0,0.0
SPX,2028-12-15,847,Call,7750.0,SPX281215C07750000,1182.8,1190.1,1186.4499999999998,1189.7,19.8,1.69245,1.0,220.0,0.1992,0.6652,0.0002,42.1714,-0.3403,89.5004,1186.6647,1189.7,1189.7,1189.7,1169.90002441406,down,2026-08-21T15:32:21,0.0,0.0
SPX,2028-12-15,847,Put,7750.0,SPX281215P07750000,615.3,622.5,618.9,610.0,0.0,0.0,0.0,54.0,0.199,-0.3439,0.0002,42.1714,-0.4154,-74.5735,619.4924,0.0,0.0,0.0,628.399993896484,down,2026-08-17T09:39:50,0.0,0.0
SPX,2028-12-15,847,Call,7800.0,SPX281215C07800000,1152.7,1160.1,1156.4,1161.74,21.79,1.91149,1.0,860.0,0.1979,0.6575,0.0002,42.5087,-0.3449,88.8701,1156.69,1161.74,1161.74,1161.74,1139.95001220703,up,2026-08-21T13:02:50,0.0,0.0
SPX,2028-12-15,847,Put,7800.0,SPX281215P07800000,630.2,637.4,633.8,632.11,-11.29,-1.75474,3.0,1300.0,0.1976,-0.3515,0.0002,42.5087,-0.4141,-76.2467,634.4902,628.79,632.11,628.77,643.399993896484,up,2026-08-21T13:02:50,0.0,0.0
SPX,2028-12-15,847,Call,7850.0,SPX281215C07850000,1122.9,1130.3,1126.6,1192.07,0.0,0.0,0.0,15.0,0.1965,0.6498,0.0002,42.8351,-0.3494,88.203,1127.013,0.0,0.0,0.0,1108.5,up,2026-08-17T15:46:31,0.0,0.0
SPX,2028-12-15,847,Put,7850.0,SPX281215P07850000,645.3,652.5,648.9,648.56,-10.14,-1.5394,54.0,48.0,0.1963,-0.3592,0.0002,42.8351,-0.4126,-77.9568,649.7858,651.99,652.09,647.17,658.700012207031,up,2026-08-21T14:42:34,0.0,0.0
SPX,2028-12-15,847,Call,7900.0,SPX281215C07900000,1093.4,1100.9,1097.15,1133.58,0.0,0.0,0.0,522.0,0.1952,0.642,0.0002,43.1497,-0.3535,87.4963,1097.6436,0.0,0.0,0.0,1079.25,no_change,2026-08-19T14:05:51,0.0,0.0
SPX,2028-12-15,847,Put,7900.0,SPX281215P07900000,660.7,668.0,664.35,660.49,0.0,0.0,0.0,365.0,0.1949,-0.3671,0.0002,43.1497,-0.4108,-79.7064,665.3889,0.0,0.0,0.0,674.399993896484,up,2026-08-19T15:45:06,0.0,0.0
SPX,2028-12-15,847,Call,7950.0,SPX281215C07950000,1064.3,1071.8,1068.05,1153.56,0.0,0.0,0.0,1.0,0.1938,0.634,0.0002,43.4508,-0.3575,86.7526,1068.5916,0.0,0.0,0.0,1050.25,down,2026-08-14T12:45:17,0.0,0.0
SPX,2028-12-15,847,Put,7950.0,SPX281215P07950000,676.5,683.8,680.15,673.55,0.0,0.0,0.0,50.0,0.1935,-0.375,0.0002,43.4508,-0.4088,-81.493,681.3095,0.0,0.0,0.0,690.350006103516,down,2026-08-17T13:49:45,0.0,0.0
SPX,2028-12-15,847,Call,8000.0,SPX281215C08000000,1035.5,1043.1,1039.3,1041.35,19.75,1.93324,3.0,11384.0,0.1925,0.626,0.0002,43.7369,-0.3611,85.9813,1039.8652,1031.16,1041.35,1031.16,1021.60003662109,up,2026-08-21T14:58:04,0.0,0.0
SPX,2028-12-15,847,Put,8000.0,SPX281215P08000000,692.6,700.0,696.3,694.06,-12.59,-1.78164,11.0,9932.0,0.1922,-0.3831,0.0002,43.7369,-0.4065,-83.3073,697.5556,699.34,700.1,694.06,706.649993896484,down,2026-08-21T14:58:04,0.0,0.0
SPX,2028-12-15,847,Call,8050.0,SPX281215C08050000,1007.0,1014.6,1010.8,998.34,0.0,0.0,0.0,29.0,0.1907,0.6178,0.0002,44.0066,-0.3646,85.1902,1011.4707,0.0,0.0,0.0,993.299987792969,up,2026-08-20T15:15:41,0.0,0.0
SPX,2028-12-15,847,Put,8050.0,SPX281215P08050000,709.0,716.5,712.75,717.77,0.0,0.0,0.0,32.0,0.1908,-0.3912,0.0002,44.0066,-0.4039,-85.1413,714.1337,0.0,0.0,0.0,723.299987792969,up,2026-08-18T14:04:40,0.0,0.0
SPX,2028-12-15,847,Call,8100.0,SPX281215C08100000,978.9,986.6,982.75,981.24,15.84,1.64077,2.0,153.0,0.1898,0.6095,0.0002,44.2592,-0.3677,84.3857,983.4129,981.88,981.88,981.24,965.399993896484,down,2026-08-21T10:07:08,0.0,0.0
SPX,2028-12-15,847,Put,8100.0,SPX281215P08100000,725.8,733.3,729.55,722.89,0.0,0.0,0.0,42.0,0.1894,-0.3995,0.0002,44.2592,-0.4011,-86.9887,731.0484,0.0,0.0,0.0,740.300018310547,up,2026-08-19T10:39:25,0.0,0.0
SPX,2028-12-15,847,Call,8150.0,SPX281215C08150000,951.1,958.9,955.0,1000.49,0.0,0.0,0.0,49.0,0.1884,0.6011,0.0002,44.4946,-0.3706,83.5671,955.6964,0.0,0.0,0.0,937.849975585938,down,2026-08-19T12:08:51,0.0,0.0
SPX,2028-12-15,847,Put,8150.0,SPX281215P08150000,743.0,750.5,746.75,834.07,0.0,0.0,0.0,59.0,0.1881,-0.4079,0.0002,44.4946,-0.3981,-88.8502,748.3044,0.0,0.0,0.0,757.649993896484,down,2026-07-17T12:41:27,0.0,0.0
SPX,2028-12-15,847,Call,8200.0,SPX281215C08200000,923.7,931.5,927.6,958.9,0.0,0.0,0.0,743.0,0.1871,0.5926,0.0002,44.7129,-0.3732,82.7276,928.3274,0.0,0.0,0.0,910.650024414062,up,2026-08-19T15:20:19,0.0,0.0
SPX,2028-12-15,847,Put,8200.0,SPX281215P08200000,760.4,768.0,764.2,753.84,0.0,0.0,0.0,641.0,0.1868,-0.4164,0.0002,44.7129,-0.3947,-90.7326,765.908,0.0,0.0,0.0,775.399993896484,up,2026-08-06T14:39:17,0.0,0.0
SPX,2028-12-15,847,Call,8250.0,SPX281215C08250000,896.7,904.5,900.6,904.17,20.42,2.31061,3.0,192.0,0.1858,0.584,0.0002,44.9139,-0.3756,81.8568,901.315,905.78,905.78,904.17,883.75,down,2026-08-21T15:52:01,0.0,0.0
SPX,2028-12-15,847,Put,8250.0,SPX281215P08250000,778.3,785.9,782.0999999999999,779.05,-14.45,-1.82105,3.0,376.0,0.1854,-0.425,0.0002,44.9139,-0.3911,-92.6463,783.8682,778.86,779.05,778.86,793.5,up,2026-08-21T15:52:01,0.0,0.0
SPX,2028-12-15,847,Call,8300.0,SPX281215C08300000,870.1,877.9,874.0,876.96,0.0,0.0,0.0,723.0,0.1845,0.5754,0.0002,45.0968,-0.3776,80.9465,874.6706,0.0,0.0,0.0,857.349975585938,down,2026-08-20T12:16:02,0.0,0.0
SPX,2028-12-15,847,Put,8300.0,SPX281215P08300000,796.6,804.2,800.4000000000001,793.39,0.0,0.0,0.0,771.0,0.1841,-0.4337,0.0002,45.0968,-0.3872,-94.5996,802.1963,0.0,0.0,0.0,812.0,down,2026-08-19T14:57:01,0.0,0.0
SPX,2028-12-15,847,Call,8350.0,SPX281215C08350000,843.8,851.7,847.75,834.36,0.0,0.0,0.0,14.0,0.1832,0.5666,0.0002,45.2608,-0.3795,79.9947,848.4069,0.0,0.0,0.0,831.25,down,2026-08-20T15:27:48,0.0,0.0
SPX,2028-12-15,847,Put,8350.0,SPX281215P08350000,815.2,822.9,819.05,805.62,0.0,0.0,0.0,30.0,0.1828,-0.4425,0.0002,45.2608,-0.3831,-96.5943,820.9052,0.0,0.0,0.0,830.850006103516,down,2026-08-11T12:03:31,0.0,0.0
SPX,2028-12-15,847,Call,8400.0,SPX281215C08400000,818.0,825.9,821.95,847.48,0.0,0.0,0.0,1542.0,0.1819,0.5577,0.0002,45.4047,-0.381,79.008,822.5361,0.0,0.0,0.0,805.650024414062,down,2026-08-19T15:37:18,0.0,0.0
SPX,2028-12-15,847,Put,8400.0,SPX281215P08400000,834.3,842.0,838.15,831.77,-18.38,-2.16197,2.0,257.0,0.1815,-0.4514,0.0002,45.4047,-0.3787,-98.6239,840.0069,831.79,831.79,831.77,850.149993896484,down,2026-08-21T11:51:39,0.0,0.0
SPX,2028-12-15,847,Call,8450.0,SPX281215C08450000,792.6,800.5,796.55,749.67,0.0,0.0,0.0,1.0,0.1807,0.5487,0.0002,45.5278,-0.3822,77.9968,797.0676,0.0,0.0,0.0,780.349975585938,down,2026-06-05T11:53:21,0.0,0.0
SPX,2028-12-15,847,Put,8450.0,SPX281215P08450000,853.8,861.5,857.65,857.51,-12.34,-1.41864,54.0,41.0,0.1803,-0.4604,0.0002,45.5278,-0.374,-100.6779,859.5109,861.54,861.69,855.61,869.850006103516,down,2026-08-21T14:42:34,0.0,0.0
SPX,2028-12-15,847,Call,8500.0,SPX281215C08500000,767.6,775.5,771.55,764.41,8.86,1.17266,1.0,376.0,0.1794,0.5396,0.0002,45.6299,-0.3832,76.9737,772.0083,764.41,764.41,764.41,755.549987792969,down,2026-08-21T10:37:48,0.0,0.0
SPX,2028-12-15,847,Put,8500.0,SPX281215P08500000,873.7,881.4,877.55,871.14,0.0,0.0,0.0,236.0,0.179,-0.4694,0.0002,45.6299,-0.369,-102.744,879.4242,0.0,0.0,0.0,889.949981689453,up,2026-08-19T15:45:06,0.0,0.0
SPX,2028-12-15,847,Call,8550.0,SPX281215C08550000,743.0,750.9,746.95,604.61,0.0,0.0,0.0,2.0,0.1782,0.5304,0.0002,45.7108,-0.3839,75.9425,747.3634,0.0,0.0,0.0,731.150024414062,down,2026-06-09T11:57:04,0.0,0.0
SPX,2028-12-15,847,Put,8550.0,SPX281215P08550000,894.0,901.8,897.9,884.55,0.0,0.0,0.0,55.0,0.1778,-0.4786,0.0002,45.7108,-0.3637,-104.8181,899.7519,0.0,0.0,0.0,910.5,down,2026-08-17T13:49:45,0.0,0.0
SPX,2028-12-15,847,Call,8600.0,SPX281215C08600000,718.8,726.7,722.75,810.2,0.0,0.0,0.0,3264.0,0.177,0.5212,0.0002,45.77,-0.3843,74.8986,723.1388,0.0,0.0,0.0,707.150024414062,no_change,2026-08-13T15:50:09,0.0,0.0
SPX,2028-12-15,847,Put,8600.0,SPX281215P08600000,914.7,922.5,918.6,922.29,-9.16,-0.983411,2.0,413.0,0.1766,-0.4878,0.0002,45.77,-0.3582,-106.9049,920.4998,922.44,922.44,922.29,931.449981689453,down,2026-08-21T10:15:32,0.0,0.0
SPX,2028-12-15,847,Call,8650.0,SPX281215C08650000,695.1,703.0,699.05,754.2,0.0,0.0,0.0,36.0,0.1758,0.5119,0.0002,45.8065,-0.3844,73.8308,699.3428,0.0,0.0,0.0,683.600006103516,down,2026-08-06T09:48:19,0.0,0.0
SPX,2028-12-15,847,Put,8650.0,SPX281215P08650000,935.9,943.7,939.8,0.0,0.0,0.0,0.0,0.0,0.1753,-0.4971,0.0002,45.8065,-0.3523,-109.0156,941.6764,0.0,0.0,0.0,952.850006103516,no_change,,0.0,0.0
SPX,2028-12-15,847,Call,8700.0,SPX281215C08700000,671.8,679.7,675.75,677.08,16.58,2.51022,27.0,244.0,0.1747,0.5025,0.0002,45.8188,-0.3843,72.7279,675.9868,677.08,677.08,677.08,660.5,no_change,2026-08-21T15:41:15,0.0,0.0
SPX,2028-12-15,847,Put,8700.0,SPX281215P08700000,957.5,965.4,961.45,956.42,-18.23,-1.87041,27.0,100.0,0.1742,-0.5065,0.0002,45.8188,-0.3462,-111.1615,963.2929,956.42,956.42,956.42,974.649993896484,no_change,2026-08-21T15:41:15,0.0,0.0
SPX,2028-12-15,847,Call,8750.0,SPX281215C08750000,649.0,656.9,652.95,715.36,0.0,0.0,0.0,16.0,0.1735,0.4931,0.0002,45.8056,-0.3839,71.5855,653.0838,0.0,0.0,0.0,637.899993896484,up,2026-08-07T11:23:54,0.0,0.0
SPX,2028-12-15,847,Put,8750.0,SPX281215P08750000,979.6,987.4,983.5,0.0,0.0,0.0,0.0,0.0,0.173,-0.516,0.0002,45.8056,-0.3398,-113.3468,985.3624,0.0,0.0,0.0,997.0,no_change,,0.0,0.0
SPX,2028-12-15,847,Call,8800.0,SPX281215C08800000,626.7,634.5,630.6,659.91,0.0,0.0,0.0,819.0,0.1723,0.4836,0.0002,45.7667,-0.3832,70.4103,630.6461,0.0,0.0,0.0,615.700012207031,no_change,2026-08-19T14:05:51,0.0,0.0
SPX,2028-12-15,847,Put,8800.0,SPX281215P08800000,1002.2,1010.0,1006.1,1071.5,0.0,0.0,0.0,123.0,0.1718,-0.5255,0.0002,45.7667,-0.3332,-115.5648,1007.8972,0.0,0.0,0.0,1019.70001220703,down,2026-07-16T12:51:56,0.0,0.0
SPX,2028-12-15,847,Call,8900.0,SPX281215C08900000,583.4,591.2,587.3,647.45,0.0,0.0,0.0,141.0,0.1701,0.4644,0.0002,45.6152,-0.381,68.0172,587.1982,0.0,0.0,0.0,572.699981689453,up,2026-08-07T11:35:21,0.0,0.0
SPX,2028-12-15,847,Put,8900.0,SPX281215P08900000,1048.6,1056.4,1052.5,1092.68,0.0,0.0,0.0,59.0,0.1696,-0.5446,0.0002,45.6152,-0.3191,-120.0438,1054.3944,0.0,0.0,0.0,1066.65002441406,no_change,2026-08-03T11:28:55,0.0,0.0
SPX,2028-12-15,847,Call,9000.0,SPX281215C09000000,542.0,549.7,545.85,585.5,0.0,0.0,0.0,2226.0,0.1679,0.4452,0.0002,45.3713,-0.3777,65.6185,545.6768,0.0,0.0,0.0,531.649993896484,up,2026-08-19T12:20:03,0.0,0.0
SPX,2028-12-15,847,Put,9000.0,SPX281215P09000000,1097.0,1104.8,1100.9,1074.91,0.0,0.0,0.0,137.0,0.1674,-0.5639,0.0002,45.3713,-0.3039,-124.5284,1102.8182,0.0,0.0,0.0,1115.44995117188,down,2026-08-12T15:44:47,0.0,0.0
SPX,2028-12-15,847,Call,9100.0,SPX281215C09100000,502.5,510.2,506.35,529.61,0.0,0.0,0.0,41.0,0.1658,0.4258,0.0002,45.0252,-0.3734,63.1526,506.1162,0.0,0.0,0.0,492.600006103516,down,2026-08-19T14:44:55,0.0,0.0
SPX,2028-12-15,847,Put,9100.0,SPX281215P09100000,1147.4,1155.1,1151.25,1210.2,0.0,0.0,0.0,3.0,0.1653,-0.5832,0.0002,45.0252,-0.2877,-129.0801,1153.2027,0.0,0.0,0.0,1166.25,down,2026-07-15T10:16:20,0.0,0.0
SPX,2028-12-15,847,Call,9200.0,SPX281215C09200000,465.1,472.7,468.9,510.3,0.0,0.0,0.0,787.0,0.1638,0.4065,0.0002,44.5642,-0.3682,60.5787,468.5785,0.0,0.0,0.0,455.5,down,2026-08-12T12:28:49,0.0,0.0
SPX,2028-12-15,847,Put,9200.0,SPX281215P09200000,1199.8,1207.4,1203.6,1321.01,0.0,0.0,0.0,4.0,0.1632,-0.6025,0.0002,44.5642,-0.2705,-133.7398,1205.61,0.0,0.0,0.0,1219.0,up,2026-07-31T11:09:42,0.0,0.0
SPX,2028-12-15,847,Call,9300.0,SPX281215C09300000,429.7,437.2,433.45,490.0,0.0,0.0,0.0,200.0,0.1619,0.3873,0.0002,44.0036,-0.362,57.9943,433.0935,0.0,0.0,0.0,420.399993896484,no_change,2026-08-10T11:52:33,0.0,0.0
SPX,2028-12-15,847,Put,9300.0,SPX281215P09300000,1254.1,1261.7,1257.9,0.0,0.0,0.0,0.0,0.0,0.1613,-0.6218,0.0002,44.0036,-0.2524,-138.4101,1260.0701,0.0,0.0,0.0,1273.85003662109,no_change,,0.0,0.0
SPX,2028-12-15,847,Call,9400.0,SPX281215C09400000,396.2,403.6,399.9,419.96,0.0,0.0,0.0,577.0,0.1601,0.3682,0.0002,43.3608,-0.355,55.4502,399.6365,0.0,0.0,0.0,387.350006103516,up,2026-08-19T14:44:55,0.0,0.0
SPX,2028-12-15,847,Put,9400.0,SPX281215P09400000,1310.5,1317.9,1314.2,2025.43,0.0,0.0,0.0,9.0,0.1594,-0.6408,0.0002,43.3608,-0.2335,-143.04,1316.5582,0.0,0.0,0.0,1330.25,no_change,2026-03-16T11:32:17,0.0,0.0
SPX,2028-12-15,847,Call,9500.0,SPX281215C09500000,364.8,372.1,368.45000000000005,385.52,0.0,0.0,0.0,1132.0,0.1583,0.3494,0.0002,42.6203,-0.3472,52.8675,368.1914,0.0,0.0,0.0,356.350006103516,down,2026-08-18T12:53:26,0.0,0.0
SPX,2028-12-15,847,Put,9500.0,SPX281215P09500000,1368.9,1376.2,1372.5500000000002,1459.34,0.0,0.0,0.0,1.0,0.1577,-0.6596,0.0002,42.6203,-0.2138,-147.7085,1375.0583,0.0,0.0,0.0,1391.25,down,2026-05-28T11:35:39,0.0,0.0
SPX,2028-12-15,847,Call,9550.0,SPX281215C09550000,349.9,357.0,353.45,397.63,0.0,0.0,0.0,195.0,0.1575,0.3401,0.0002,42.2088,-0.343,51.5554,353.2244,0.0,0.0,0.0,341.599990844727,up,2026-08-04T14:58:23,0.0,0.0
SPX,2028-12-15,847,Put,9550.0,SPX281215P09550000,1398.9,1406.1,1402.5,2031.75,0.0,0.0,0.0,2.0,0.1568,-0.6689,0.0002,42.2088,-0.2037,-150.0636,1405.0638,0.0,0.0,0.0,1421.40002441406,up,2026-02-12T11:42:28,0.0,0.0
SPX,2028-12-15,847,Call,9600.0,SPX281215C09600000,335.4,342.5,338.95,383.43,0.0,0.0,0.0,541.0,0.1567,0.3309,0.0002,41.7735,-0.3387,50.247,338.757,0.0,0.0,0.0,327.300003051758,up,2026-08-17T12:54:19,0.0,0.0
SPX,2028-12-15,847,Put,9600.0,SPX281215P09600000,1429.3,1436.4,1432.85,1965.34,0.0,0.0,0.0,1.0,0.156,-0.6781,0.0002,41.7735,-0.1934,-152.4148,1435.569,0.0,0.0,0.0,1452.04998779297,down,2025-10-31T09:30:17,0.0,0.0
SPX,2028-12-15,847,Call,9800.0,SPX281215C09800000,282.4,289.2,285.79999999999995,288.3,13.15,4.77921,1.0,1293.0,0.1538,0.2952,0.0002,39.8776,-0.32,45.2186,285.6842,288.3,288.3,288.3,275.150009155273,up,2026-08-21T12:34:30,0.0,0.0
SPX,2028-12-15,847,Put,9800.0,SPX281215P09800000,1555.9,1562.8,1559.35,2161.3,0.0,0.0,0.0,2.0,0.1529,-0.7139,0.0002,39.8776,-0.1509,-161.6149,1562.3863,0.0,0.0,0.0,1579.75,up,2025-12-10T12:03:46,0.0,0.0
SPX,2028-12-15,847,Call,10000.0,SPX281215C10000000,236.8,242.9,239.85000000000002,238.0,7.75,3.36591,2.0,2934.0,0.1512,0.2614,0.0002,37.6953,-0.2995,40.2904,239.8844,238.0,238.0,238.0,230.25,no_change,2026-08-21T10:54:18,0.0,0.0
SPX,2028-12-15,847,Put,10000.0,SPX281215P10000000,1689.9,1696.6,1693.25,1930.26,0.0,0.0,0.0,11.0,0.1503,-0.7476,0.0002,37.6953,-0.1066,-170.7148,1696.4767,0.0,0.0,0.0,1715.0,up,2026-05-08T10:02:15,0.0,0.0
SPX,2028-12-15,847,Call,10200.0,SPX281215C10200000,197.9,203.8,200.85000000000002,200.57,8.27,4.30057,4.0,190.0,0.1491,0.2301,0.0002,35.3516,-0.2779,35.7271,200.7267,200.26,200.57,199.94,192.300003051758,up,2026-08-21T13:38:50,0.0,0.0
SPX,2028-12-15,847,Put,10200.0,SPX281215P10200000,1824.3,1843.9,1834.1,1953.03,0.0,0.0,0.0,1.0,0.148,-0.7789,0.0002,35.3516,-0.0612,-179.4497,1837.2092,0.0,0.0,0.0,1853.25,down,2026-06-18T12:27:52,0.0,0.0
SPX,2028-12-15,847,Call,10400.0,SPX281215C10400000,164.9,170.8,167.85000000000002,166.0,5.8,3.62048,4.0,337.0,0.1473,0.2015,0.0002,32.8543,-0.2559,31.4012,167.5232,165.9,166.0,165.9,160.199996948242,no_change,2026-08-21T10:50:36,0.0,0.0
SPX,2028-12-15,847,Put,10400.0,SPX281215P10400000,1970.6,1990.3,1980.4499999999998,2105.4,0.0,0.0,0.0,7.0,0.1461,-0.8076,0.0002,32.8543,-0.0153,-187.9473,1983.8959,0.0,0.0,0.0,2000.54998779297,up,2026-06-17T13:02:07,0.0,0.0
SPX,2028-12-15,847,Call,10600.0,SPX281215C10600000,137.1,142.9,140.0,160.0,0.0,0.0,0.0,195.0,0.1459,0.1755,0.0002,30.3452,-0.2339,27.518,139.5578,0.0,0.0,0.0,133.25,up,2026-08-12T15:10:29,0.0,0.0
SPX,2028-12-15,847,Put,10600.0,SPX281215P10600000,2121.8,2142.8,2132.3,0.0,0.0,0.0,0.0,0.0,0.1445,-0.8335,0.0002,30.3452,0.0,-196.0021,2135.8206,0.0,0.0,0.0,2153.15002441406,no_change,,0.0,0.0
SPX,2028-12-15,847,Call,10800.0,SPX281215C10800000,114.4,119.0,116.7,134.4,0.0,0.0,0.0,433.0,0.1448,0.1524,0.0001,27.8143,-0.2126,23.949,116.1814,0.0,0.0,0.0,111.099998474121,down,2026-08-17T15:05:25,0.0,0.0
SPX,2028-12-15,847,Put,10800.0,SPX281215P10800000,2277.6,2299.5,2288.55,2213.55,0.0,0.0,0.0,14.0,0.1431,-0.8567,0.0001,27.8143,0.0,-203.7428,2292.3345,0.0,0.0,0.0,2310.25,up,2026-08-11T10:16:28,0.0,0.0
SPX,2028-12-15,847,Call,11000.0,SPX281215C11000000,95.1,99.4,97.25,95.6,3.1,3.35135,12.0,3777.0,0.144,0.1319,0.0001,25.3869,-0.1922,20.823,96.7367,96.5,96.5,95.6,92.5,no_change,2026-08-21T10:51:24,0.0,0.0
SPX,2028-12-15,847,Put,11000.0,SPX281215P11000000,2437.3,2460.1,2448.7,2550.53,0.0,0.0,0.0,309.0,0.1419,-0.8772,0.0001,25.3869,0.0,-211.0405,2452.7799,0.0,0.0,0.0,2471.34997558594,no_change,2026-07-15T12:12:12,0.0,0.0
SPX,2028-12-15,847,Call,11200.0,SPX281215C11200000,79.0,83.3,81.15,81.01,4.01,5.20779,4.0,346.0,0.1434,0.114,0.0001,23.0422,-0.1732,18.0188,80.6667,80.8,81.01,80.8,77.0,up,2026-08-21T13:38:50,0.0,0.0
SPX,2028-12-15,847,Put,11200.0,SPX281215P11200000,2600.3,2623.7,2612.0,2529.99,0.0,0.0,0.0,4.0,0.141,-0.8951,0.0001,23.0422,0.0,-218.0163,2616.6002,0.0,0.0,0.0,2635.65002441406,down,2026-08-10T14:55:43,0.0,0.0
SPX,2028-12-15,847,Call,11400.0,SPX281215C11400000,65.8,69.9,67.85,67.65,3.35,5.20995,2.0,1050.0,0.143,0.0984,0.0001,20.8646,-0.1557,15.6179,67.4232,67.66,67.66,67.65,64.3000011444092,down,2026-08-21T13:38:50,0.0,0.0
SPX,2028-12-15,847,Put,11400.0,SPX281215P11400000,2766.3,2790.2,2778.25,2714.58,0.0,0.0,0.0,8.0,0.1402,-0.9106,0.0001,20.8646,0.0,-224.5889,2783.2469,0.0,0.0,0.0,2802.59997558594,down,2026-08-07T14:14:34,0.0,0.0
SPX,2028-12-15,847,Call,12000.0,SPX281215C12000000,38.7,42.2,40.45,42.5,0.0,0.0,0.0,2004.0,0.1432,0.0638,0.0001,15.3208,-0.1126,10.1503,40.3352,0.0,0.0,0.0,38.3999996185303,down,2026-08-19T16:02:34,0.0,0.0
SPX,2028-12-15,847,Put,12000.0,SPX281215P12000000,3278.0,3301.9,3289.95,3201.3,0.0,0.0,0.0,31.0,0.1386,-0.9453,0.0001,15.3208,0.0,-242.5714,3295.8295,0.0,0.0,0.0,3315.80004882812,down,2026-08-11T10:16:28,0.0,0.0
SPX,2028-12-15,847,Call,13000.0,SPX281215C13000000,18.0,20.3,19.15,18.41,0.0,0.0,0.0,205.0,0.1468,0.033,0.0,9.2772,-0.0679,5.2591,19.1902,0.0,0.0,0.0,18.3499994277954,down,2026-08-20T14:37:09,0.0,0.0
SPX,2028-12-15,847,Put,13000.0,SPX281215P13000000,4149.9,4186.6,4168.25,4065.3,0.0,0.0,0.0,38.0,0.1383,-0.9761,0.0,9.2772,0.0,-268.321,4174.1354,0.0,0.0,0.0,4194.25,down,2026-08-10T11:52:17,0.0,0.0
SPX,2028-12-15,847,Call,14000.0,SPX281215C14000000,9.8,10.9,10.350000000000001,10.33,0.0,0.0,0.0,1645.0,0.1538,0.019,0.0,5.9714,-0.0444,3.0168,10.6385,0.0,0.0,0.0,10.4000000953674,no_change,2026-08-20T14:37:09,0.0,0.0
SPX,2028-12-15,847,Put,14000.0,SPX281215P14000000,5037.7,5076.5,5057.1,4951.05,0.0,0.0,0.0,59.0,0.0,-0.99,0.0,5.9714,0.0,-291.4215,5065.0346,0.0,0.0,0.0,5085.40014648438,down,2026-08-10T11:52:17,0.0,0.0
SPX,2029-12-21,1218,Call,400.0,SPX291221C00400000,6975.5,7275.5,7125.5,7130.47,27.97,0.393805,1.0,526.0,0.0,1.0,0.0,0.4538,0.0,16.0833,7140.7649,7130.47,7130.47,7130.47,7102.5,down,2026-08-21T11:12:15,0.0,0.0
SPX,2029-12-21,1218,Put,400.0,SPX291221P00400000,0.0,0.9,0.45,0.85,0.0,0.0,0.0,1106.0,0.589,-0.001,0.0,0.4538,-0.0116,-0.356,3.4843,0.0,0.0,0.0,0.449999988079071,up,2026-08-17T12:47:44,0.0,0.0
SPX,2029-12-21,1218,Call,800.0,SPX291221C00800000,6636.2,6936.2,6786.2,0.0,0.0,0.0,0.0,0.0,0.0,1.0,0.0,0.9578,0.0,27.1004,6801.1217,0.0,0.0,0.0,6762.5,no_change,,0.0,0.0
SPX,2029-12-21,1218,Put,800.0,SPX291221P00800000,0.0,6.9,3.45,3.0,0.0,0.0,0.0,123.0,0.5175,-0.0022,0.0,0.9578,-0.02,-0.7551,6.4765,0.0,0.0,0.0,3.09999990463257,down,2026-08-04T14:40:58,0.0,0.0
SPX,2029-12-21,1218,Call,1200.0,SPX291221C01200000,6298.4,6598.4,6448.4,5502.99,0.0,0.0,0.0,0.0,0.0,1.0,0.0,1.6038,0.0,37.9776,6462.2447,0.0,0.0,0.0,6424.39990234375,up,2025-10-02T12:01:16,0.0,0.0
SPX,2029-12-21,1218,Put,1200.0,SPX291221P01200000,2.75,9.6,6.175,10.2,0.0,0.0,0.0,103.0,0.4578,-0.0039,0.0,1.6038,-0.0293,-1.294,10.2349,0.0,0.0,0.0,6.50000011920929,down,2026-03-12T15:25:35,0.0,0.0
SPX,2029-12-21,1218,Call,1600.0,SPX291221C01600000,5961.9,6261.9,6111.9,0.0,0.0,0.0,0.0,0.0,0.0,1.0,0.0,2.4556,0.0,48.6401,6124.6754,0.0,0.0,0.0,6087.7001953125,no_change,,0.0,0.0
SPX,2029-12-21,1218,Put,1600.0,SPX291221P01600000,8.9,17.3,13.100000000000001,22.0,0.0,0.0,0.0,40.0,0.4321,-0.0062,0.0,2.4556,-0.0405,-2.0478,15.301,0.0,0.0,0.0,13.5500001907349,up,2026-03-12T15:14:56,0.0,0.0
SPX,2029-12-21,1218,Call,1800.0,SPX291221C01800000,5794.5,6094.5,5944.5,5018.66,0.0,0.0,0.0,0.0,0.0,1.0,0.0,2.9713,0.0,53.8728,5956.5516,0.0,0.0,0.0,5920.10009765625,up,2025-10-02T11:59:29,0.0,0.0
SPX,2029-12-21,1218,Put,1800.0,SPX291221P01800000,12.8,21.3,17.05,18.7,0.0,0.0,0.0,135.0,0.4183,-0.0078,0.0,2.9712,-0.047,-2.5232,18.4948,0.0,0.0,0.0,17.6000003814697,down,2026-05-20T15:22:18,0.0,0.0
SPX,2029-12-21,1218,Call,2000.0,SPX291221C02000000,5627.5,5927.5,5777.5,5569.84,0.0,0.0,0.0,276.0,0.0,1.0,0.0,3.5627,0.0,59.018,5788.9509,0.0,0.0,0.0,5754.2001953125,up,2026-07-02T15:53:13,0.0,0.0
SPX,2029-12-21,1218,Put,2000.0,SPX291221P02000000,17.1,25.9,21.5,20.6,0.0,0.0,0.0,554.0,0.4051,-0.0095,0.0,3.5626,-0.0541,-3.086,22.2117,0.0,0.0,0.0,22.1500005722046,down,2026-08-11T15:22:17,0.0,0.0
SPX,2029-12-21,1218,Call,2200.0,SPX291221C02200000,5461.3,5761.3,5611.3,4675.04,0.0,0.0,0.0,0.0,0.0,1.0,0.0,4.2201,0.0,64.0728,5621.9304,0.0,0.0,0.0,5587.7001953125,up,2025-10-02T12:01:16,0.0,0.0
SPX,2029-12-21,1218,Put,2200.0,SPX291221P02200000,21.0,29.9,25.45,36.75,0.0,0.0,0.0,49.0,0.3903,-0.0116,0.0,4.22,-0.0619,-3.7393,26.5088,0.0,0.0,0.0,27.1499996185303,up,2026-02-11T15:47:05,0.0,0.0
SPX,2029-12-21,1218,Call,2400.0,SPX291221C02400000,5295.2,5595.2,5445.2,4524.73,0.0,0.0,0.0,1.0,0.0,0.9995,0.0,4.95,0.0,69.0391,5455.521,0.0,0.0,0.0,5421.7001953125,down,2026-03-11T13:32:40,0.0,0.0
SPX,2029-12-21,1218,Put,2400.0,SPX291221P02400000,27.2,36.4,31.799999999999997,30.95,0.0,0.0,0.0,20.0,0.3807,-0.0139,0.0,4.9499,-0.0702,-4.481,31.417,0.0,0.0,0.0,32.7000007629394,down,2026-08-10T14:07:03,0.0,0.0
SPX,2029-12-21,1218,Call,2600.0,SPX291221C02600000,5130.0,5430.0,5280.0,0.0,0.0,0.0,0.0,0.0,0.0,0.9968,0.0,5.7644,0.0,73.8923,5289.7585,0.0,0.0,0.0,5256.5,no_change,,0.0,0.0
SPX,2029-12-21,1218,Put,2600.0,SPX291221P02600000,33.0,42.4,37.7,36.97,0.0,0.0,0.0,163.0,0.3694,-0.0166,0.0,5.7643,-0.0791,-5.3359,36.972,0.0,0.0,0.0,38.7000007629394,down,2026-08-12T10:45:53,0.0,0.0
SPX,2029-12-21,1218,Call,2800.0,SPX291221C02800000,4965.6,5265.6,5115.6,4336.8,0.0,0.0,0.0,1.0,0.0,0.9938,0.0,6.6456,0.0,78.6334,5124.6893,0.0,0.0,0.0,5090.7001953125,up,2025-11-05T14:36:38,0.0,0.0
SPX,2029-12-21,1218,Put,2800.0,SPX291221P02800000,39.3,48.9,44.099999999999994,46.42,0.0,0.0,0.0,157.0,0.3585,-0.0197,0.0,6.6455,-0.0885,-6.3029,43.2203,0.0,0.0,0.0,45.25,down,2026-08-03T09:58:31,0.0,0.0
SPX,2029-12-21,1218,Call,2900.0,SPX291221C02900000,4883.6,5183.6,5033.6,4233.9,0.0,0.0,0.0,1.0,0.0,0.9921,0.0,7.1117,0.0,80.9662,5042.4248,0.0,0.0,0.0,5008.7998046875,down,2025-11-05T14:45:18,0.0,0.0
SPX,2029-12-21,1218,Put,2900.0,SPX291221P02900000,42.7,52.4,47.55,47.8,0.0,0.0,0.0,215.0,0.3532,-0.0214,0.0,7.1117,-0.0934,-6.8243,46.6157,0.0,0.0,0.0,47.8500003814697,up,2026-08-14T11:00:12,0.0,0.0
SPX,2029-12-21,1218,Call,3000.0,SPX291221C03000000,4801.6,5101.6,4951.6,4943.21,0.0,0.0,0.0,761.0,0.0,0.9903,0.0,7.5998,0.0,83.2695,4960.3468,0.0,0.0,0.0,4927.7998046875,up,2026-08-20T13:58:32,0.0,0.0
SPX,2029-12-21,1218,Put,3000.0,SPX291221P03000000,48.0,55.1,51.55,51.85,0.0,0.0,0.0,2179.0,0.3481,-0.0231,0.0,7.5998,-0.0984,-7.3751,50.1966,0.0,0.0,0.0,52.4000015258789,up,2026-08-20T13:58:32,0.0,0.0
SPX,2029-12-21,1218,Call,3100.0,SPX291221C03100000,4720.2,5020.2,4870.2,0.0,0.0,0.0,0.0,0.0,0.0,0.9885,0.0,8.1118,0.0,85.5371,4878.4641,0.0,0.0,0.0,4845.2001953125,no_change,,0.0,0.0
SPX,2029-12-21,1218,Put,3100.0,SPX291221P03100000,49.9,59.9,54.9,61.5,0.0,0.0,0.0,169.0,0.3431,-0.025,0.0,8.1116,-0.1035,-7.9613,53.9714,0.0,0.0,0.0,55.3500003814697,down,2026-06-01T10:52:38,0.0,0.0
SPX,2029-12-21,1218,Call,3200.0,SPX291221C03200000,4638.6,4938.6,4788.6,4503.4,0.0,0.0,0.0,61.0,0.0,0.9865,0.0,8.6454,0.0,87.7659,4796.788,0.0,0.0,0.0,4764.5,down,2026-06-22T09:30:14,0.0,0.0
SPX,2029-12-21,1218,Put,3200.0,SPX291221P03200000,53.5,64.0,58.75,57.5,0.0,0.0,0.0,199.0,0.3383,-0.0269,0.0,8.6454,-0.1087,-8.5868,57.9555,0.0,0.0,0.0,60.25,down,2026-08-13T10:07:00,0.0,0.0
SPX,2029-12-21,1218,Call,3300.0,SPX291221C03300000,4557.4,4857.4,4707.4,0.0,0.0,0.0,0.0,0.0,0.0,0.9844,0.0,9.1965,0.0,89.9574,4715.3303,0.0,0.0,0.0,4681.7001953125,no_change,,0.0,0.0
SPX,2029-12-21,1218,Put,3300.0,SPX291221P03300000,57.5,68.4,62.95,60.9,0.0,0.0,0.0,1145.0,0.3334,-0.029,0.0,9.1963,-0.114,-9.249,62.1551,0.0,0.0,0.0,64.4999980926514,down,2026-08-13T10:16:19,0.0,0.0
SPX,2029-12-21,1218,Call,3400.0,SPX291221C03400000,4476.3,4776.3,4626.3,4630.62,29.4198,0.639394,1.0,148.0,0.0,0.9822,0.0,9.763,0.0,92.1158,4634.1012,4630.62,4630.62,4630.62,4601.2001953125,down,2026-08-21T11:12:15,0.0,0.0
SPX,2029-12-21,1218,Put,3400.0,SPX291221P03400000,61.8,72.9,67.35,67.35,-0.65,-0.955885,1.0,1175.0,0.329,-0.0312,0.0,9.763,-0.1194,-9.945,66.5865,67.35,67.35,67.35,68.0000019073486,up,2026-08-21T11:12:15,0.0,0.0
SPX,2029-12-21,1218,Call,3500.0,SPX291221C03500000,4395.6,4695.6,4545.6,4562.4,0.0,0.0,0.0,12.0,0.0,0.9799,0.0,10.347,0.0,94.2428,4553.1096,0.0,0.0,0.0,4530.5,up,2026-06-22T09:30:14,0.0,0.0
SPX,2029-12-21,1218,Put,3500.0,SPX291221P03500000,66.3,77.4,71.85,75.32,0.0,0.0,0.0,437.0,0.3245,-0.0335,0.0,10.347,-0.1249,-10.6721,71.2537,0.0,0.0,0.0,72.6500015258789,down,2026-08-03T09:58:31,0.0,0.0
SPX,2029-12-21,1218,Call,3600.0,SPX291221C03600000,4433.8,4519.1,4476.450000000001,2967.4,0.0,0.0,0.0,2.0,0.3224,0.9775,0.0,10.9533,0.0,96.3342,4472.5157,0.0,0.0,0.0,4449.65014648438,down,2025-02-03T10:21:36,0.0,0.0
SPX,2029-12-21,1218,Put,3600.0,SPX291221P03600000,71.0,82.2,76.6,89.12,0.0,0.0,0.0,367.0,0.3202,-0.036,0.0,10.9533,-0.1305,-11.4346,76.1665,0.0,0.0,0.0,78.5,down,2026-06-18T15:17:02,0.0,0.0
SPX,2029-12-21,1218,Call,3700.0,SPX291221C03700000,4353.8,4437.8,4395.8,0.0,0.0,0.0,0.0,0.0,0.3181,0.9749,0.0,11.5861,0.0,98.3812,4392.0328,0.0,0.0,0.0,4369.15014648438,no_change,,0.0,0.0
SPX,2029-12-21,1218,Put,3700.0,SPX291221P03700000,75.9,87.7,81.80000000000001,97.0,0.0,0.0,0.0,1321.0,0.316,-0.0386,0.0,11.5864,-0.1362,-12.2421,81.3448,0.0,0.0,0.0,83.75,up,2026-06-29T11:33:18,0.0,0.0
SPX,2029-12-21,1218,Call,3800.0,SPX291221C03800000,4274.2,4356.8,4315.5,3525.49,0.0,0.0,0.0,3.0,0.3139,0.9722,0.0,12.2448,0.0,100.3768,4311.8286,0.0,0.0,0.0,4288.85009765625,down,2025-12-05T15:49:37,0.0,0.0
SPX,2029-12-21,1218,Put,3800.0,SPX291221P03800000,81.2,93.2,87.2,95.4,0.0,0.0,0.0,668.0,0.3119,-0.0413,0.0,12.2448,-0.142,-13.1001,86.7971,0.0,0.0,0.0,88.25,down,2026-07-31T12:24:31,0.0,0.0
SPX,2029-12-21,1218,Call,3900.0,SPX291221C03900000,4194.9,4276.1,4235.5,0.0,0.0,0.0,0.0,0.0,0.3099,0.9693,0.0,12.9246,0.0,102.3204,4231.9215,0.0,0.0,0.0,4208.90014648438,no_change,,0.0,0.0
SPX,2029-12-21,1218,Put,3900.0,SPX291221P03900000,86.7,98.6,92.65,143.4,0.0,0.0,0.0,136.0,0.308,-0.0441,0.0,12.9249,-0.1479,-14.011,92.5517,0.0,0.0,0.0,95.0,up,2026-02-04T13:22:24,0.0,0.0
SPX,2029-12-21,1218,Call,4000.0,SPX291221C04000000,4115.9,4195.7,4155.799999999999,4217.23,0.0,0.0,0.0,17813.0,0.3059,0.9663,0.0,13.6209,0.0,104.2175,4152.3283,0.0,0.0,0.0,4129.25,up,2026-08-10T09:52:45,0.0,0.0
SPX,2029-12-21,1218,Put,4000.0,SPX291221P04000000,92.6,104.8,98.69999999999999,98.5,0.0,0.0,0.0,18330.0,0.3041,-0.0471,0.0,13.6209,-0.1539,-14.9676,98.6145,0.0,0.0,0.0,101.100002288818,up,2026-08-20T10:26:59,0.0,0.0
SPX,2029-12-21,1218,Call,4100.0,SPX291221C04100000,4037.2,4115.7,4076.45,2932.61,0.0,0.0,0.0,3.0,0.3021,0.9632,0.0,14.3333,0.0,106.0728,4073.0625,0.0,0.0,0.0,4050.0,up,2025-08-06T15:24:59,0.0,0.0
SPX,2029-12-21,1218,Put,4100.0,SPX291221P04100000,98.8,111.2,105.0,169.11,0.0,0.0,0.0,167.0,0.3005,-0.0503,0.0,14.3333,-0.16,-15.9663,105.0076,0.0,0.0,0.0,106.5,down,2025-08-06T15:24:59,0.0,0.0
SPX,2029-12-21,1218,Call,4200.0,SPX291221C04200000,3977.5,4001.5,3989.5,3255.64,0.0,0.0,0.0,1.0,0.2932,0.9598,0.0,15.0665,0.0,107.8847,3994.1368,0.0,0.0,0.0,3971.09997558594,up,2025-10-27T14:00:32,0.0,0.0
SPX,2029-12-21,1218,Put,4200.0,SPX291221P04200000,105.4,118.1,111.75,111.01,0.0,0.0,0.0,1299.0,0.2969,-0.0536,0.0,15.0665,-0.1662,-17.0085,111.7407,0.0,0.0,0.0,114.400001525879,down,2026-08-19T14:31:18,0.0,0.0
SPX,2029-12-21,1218,Call,4300.0,SPX291221C04300000,3899.2,3923.2,3911.2,2474.63,0.0,0.0,0.0,2.0,0.2902,0.9563,0.0,15.8263,0.0,109.6435,3915.5663,0.0,0.0,0.0,3892.54992675781,up,2025-06-11T14:22:03,0.0,0.0
SPX,2029-12-21,1218,Put,4300.0,SPX291221P04300000,112.3,125.6,118.94999999999999,182.5,0.0,0.0,0.0,833.0,0.2934,-0.0571,0.0,15.8263,-0.1725,-18.1037,118.8291,0.0,0.0,0.0,120.5,no_change,2025-08-25T14:16:33,0.0,0.0
SPX,2029-12-21,1218,Call,4400.0,SPX291221C04400000,3821.3,3845.3,3833.3,2869.76,0.0,0.0,0.0,10.0,0.2872,0.9527,0.0,16.6145,0.0,111.3379,3837.3704,0.0,0.0,0.0,3814.40002441406,down,2026-03-13T11:05:58,0.0,0.0
SPX,2029-12-21,1218,Put,4400.0,SPX291221P04400000,119.6,133.2,126.39999999999999,127.26,0.0,0.0,0.0,1308.0,0.2901,-0.0608,0.0,16.6145,-0.1788,-19.2633,126.2921,0.0,0.0,0.0,128.050003051758,up,2026-08-20T12:12:10,0.0,0.0
SPX,2029-12-21,1218,Call,4500.0,SPX291221C04500000,3743.8,3767.8,3755.8,3762.53,25.83,0.691253,1.0,9.0,0.2843,0.9488,0.0,17.4267,0.0,112.9632,3759.5714,3762.53,3762.53,3762.53,3736.69995117188,up,2026-08-21T15:01:51,0.0,0.0
SPX,2029-12-21,1218,Put,4500.0,SPX291221P04500000,127.4,141.2,134.3,133.25,-4.0,-2.91439,1.0,1730.0,0.2868,-0.0646,0.0,17.4267,-0.1852,-20.4922,134.1519,133.25,133.25,133.25,137.25,down,2026-08-21T15:01:51,0.0,0.0
SPX,2029-12-21,1218,Call,4600.0,SPX291221C04600000,3666.8,3690.8,3678.8,2817.4,0.0,0.0,0.0,4.0,0.2814,0.9448,0.0,18.2557,0.0,114.5245,3682.1896,0.0,0.0,0.0,3659.39990234375,up,2026-03-03T12:36:26,0.0,0.0
SPX,2029-12-21,1218,Put,4600.0,SPX291221P04600000,134.8,148.1,141.45,168.07,0.0,0.0,0.0,287.0,0.2831,-0.0686,0.0,18.2557,-0.1917,-21.7849,142.4289,0.0,0.0,0.0,145.699996948242,no_change,2026-07-17T15:15:21,0.0,0.0
SPX,2029-12-21,1218,Call,4700.0,SPX291221C04700000,3590.2,3614.2,3602.2,2274.35,0.0,0.0,0.0,33.0,0.2786,0.9406,0.0,19.0974,0.0,116.0315,3605.2408,0.0,0.0,0.0,3582.75,up,2025-06-24T12:52:38,0.0,0.0
SPX,2029-12-21,1218,Put,4700.0,SPX291221P04700000,144.1,158.6,151.35,171.43,0.0,0.0,0.0,260.0,0.2806,-0.0728,0.0,19.0974,-0.1982,-23.1319,151.139,0.0,0.0,0.0,154.650001525879,down,2026-05-28T15:20:03,0.0,0.0
SPX,2029-12-21,1218,Call,4800.0,SPX291221C04800000,3514.0,3538.0,3526.0,3150.0,0.0,0.0,0.0,131.0,0.2759,0.9362,0.0,19.9544,0.0,117.4877,3528.7371,0.0,0.0,0.0,3506.40002441406,up,2026-05-05T14:16:26,0.0,0.0
SPX,2029-12-21,1218,Put,4800.0,SPX291221P04800000,153.2,167.8,160.5,184.45,0.0,0.0,0.0,485.0,0.2777,-0.0773,0.0,19.9544,-0.2048,-24.5298,160.2943,0.0,0.0,0.0,162.849998474121,up,2026-07-29T13:55:28,0.0,0.0
SPX,2029-12-21,1218,Call,4900.0,SPX291221C04900000,3438.4,3462.4,3450.4,2780.0,0.0,0.0,0.0,133.0,0.2732,0.9316,0.0,20.8336,0.0,118.8842,3452.6917,0.0,0.0,0.0,3430.5,up,2026-02-09T12:11:27,0.0,0.0
SPX,2029-12-21,1218,Put,4900.0,SPX291221P04900000,162.8,177.9,170.35000000000002,177.45,0.0,0.0,0.0,270.0,0.2748,-0.0819,0.0,20.8336,-0.2114,-25.9872,169.9077,0.0,0.0,0.0,173.900001525879,up,2026-08-03T15:29:20,0.0,0.0
SPX,2029-12-21,1218,Call,5000.0,SPX291221C05000000,3363.2,3387.2,3375.2,3409.53,0.0,0.0,0.0,21323.0,0.2706,0.9267,0.0,21.7391,0.0,120.2057,3377.1224,0.0,0.0,0.0,3355.20007324219,down,2026-08-19T15:10:23,0.0,0.0
SPX,2029-12-21,1218,Put,5000.0,SPX291221P05000000,173.0,186.6,179.8,183.7,0.6,0.327691,1.0,22384.0,0.2714,-0.0867,0.0,21.7391,-0.218,-27.5198,179.9972,183.7,183.7,183.7,183.099998474121,up,2026-08-21T14:35:41,0.0,0.0
SPX,2029-12-21,1218,Call,5100.0,SPX291221C05100000,3288.5,3312.5,3300.5,2514.5,0.0,0.0,0.0,327.0,0.268,0.9217,0.0,22.6679,0.0,121.4421,3302.0516,0.0,0.0,0.0,3280.40002441406,down,2026-04-09T13:24:59,0.0,0.0
SPX,2029-12-21,1218,Put,5100.0,SPX291221P05100000,183.5,199.2,191.35,191.1,0.0,0.0,0.0,461.0,0.2692,-0.0917,0.0,22.6679,-0.2246,-29.1375,190.5853,0.0,0.0,0.0,194.0,up,2026-08-05T14:57:20,0.0,0.0
SPX,2029-12-21,1218,Call,5200.0,SPX291221C05200000,3214.2,3238.2,3226.2,2446.47,0.0,0.0,0.0,152.0,0.2655,0.9164,0.0,23.6113,0.0,122.5977,3227.5012,0.0,0.0,0.0,3206.15002441406,down,2026-02-19T13:19:21,0.0,0.0
SPX,2029-12-21,1218,Put,5200.0,SPX291221P05200000,193.5,208.9,201.2,210.89,0.0,0.0,0.0,684.0,0.2662,-0.097,0.0,23.6113,-0.2312,-30.8359,201.6937,0.0,0.0,0.0,206.799995422363,up,2026-08-03T15:54:01,0.0,0.0
SPX,2029-12-21,1218,Call,5300.0,SPX291221C05300000,3140.5,3164.5,3152.5,2950.77,0.0,0.0,0.0,200.0,0.263,0.911,0.0,24.5615,0.0,123.6861,3153.4872,0.0,0.0,0.0,3132.29992675781,up,2026-05-13T13:54:57,0.0,0.0
SPX,2029-12-21,1218,Put,5300.0,SPX291221P05300000,205.4,223.7,214.55,211.82,0.0,0.0,0.0,555.0,0.264,-0.1025,0.0,24.5615,-0.2378,-32.6016,213.3386,0.0,0.0,0.0,218.800003051758,up,2026-08-11T10:58:40,0.0,0.0
SPX,2029-12-21,1218,Call,5400.0,SPX291221C05400000,3067.4,3091.4,3079.4,3087.2,28.1,0.918572,1.0,58.0,0.2606,0.9053,0.0,25.5183,0.0,124.7179,3080.0195,3087.2,3087.2,3087.2,3059.09997558594,up,2026-08-21T12:40:54,0.0,0.0
SPX,2029-12-21,1218,Put,5400.0,SPX291221P05400000,217.6,236.2,226.89999999999998,225.7,-5.65,-2.44219,1.0,588.0,0.2615,-0.1082,0.0,25.5183,-0.2443,-34.4239,225.5298,225.7,225.7,225.7,231.349998474121,down,2026-08-21T12:40:54,0.0,0.0
SPX,2029-12-21,1218,Call,5500.0,SPX291221C05500000,2994.7,3018.7,3006.7,2886.35,0.0,0.0,0.0,675.0,0.2581,0.8994,0.0001,26.4881,0.0,125.6866,3007.107,0.0,0.0,0.0,2986.59997558594,down,2026-07-16T16:07:32,0.0,0.0
SPX,2029-12-21,1218,Put,5500.0,SPX291221P05500000,230.3,249.4,239.85000000000002,240.24,0.0,0.0,0.0,2335.0,0.259,-0.1141,0.0001,26.4881,-0.2508,-36.3092,238.2761,0.0,0.0,0.0,244.5,no_change,2026-08-19T10:53:31,0.0,0.0
SPX,2029-12-21,1218,Call,5600.0,SPX291221C05600000,2922.7,2946.7,2934.7,2942.25,27.7001,0.950407,1.0,250.0,0.2557,0.8932,0.0001,27.4771,0.0,126.5736,2934.7636,2942.25,2942.25,2942.25,2914.54992675781,up,2026-08-21T12:40:54,0.0,0.0
SPX,2029-12-21,1218,Put,5600.0,SPX291221P05600000,243.6,263.1,253.35000000000002,252.15,-6.05,-2.34314,1.0,626.0,0.2563,-0.1202,0.0001,27.4771,-0.2572,-38.2763,251.5916,252.15,252.15,252.15,258.199996948242,down,2026-08-21T12:40:54,0.0,0.0
SPX,2029-12-21,1218,Call,5675.0,SPX291221C05675000,2869.0,2893.0,2881.0,2887.57,26.17,0.914586,1.0,21.0,0.254,0.8884,0.0001,28.2312,0.0,127.1752,2880.8915,2887.57,2887.57,2887.57,2861.40002441406,up,2026-08-21T15:01:51,0.0,0.0
SPX,2029-12-21,1218,Put,5675.0,SPX291221P05675000,252.2,275.2,263.7,262.09,-6.96,-2.58688,1.0,123.0,0.2547,-0.125,0.0001,28.2312,-0.2619,-39.8152,261.9636,262.09,262.09,262.09,269.050003051758,down,2026-08-21T15:01:51,0.0,0.0
SPX,2029-12-21,1218,Call,5700.0,SPX291221C05700000,2851.1,2875.1,2863.1,2943.17,0.0,0.0,0.0,135.0,0.2534,0.8868,0.0001,28.4842,0.0,127.3632,2863.0094,0.0,0.0,0.0,2843.05004882812,up,2026-08-11T10:45:29,0.0,0.0
SPX,2029-12-21,1218,Put,5700.0,SPX291221P05700000,257.5,277.4,267.45,264.15,0.0,0.0,0.0,434.0,0.2541,-0.1266,0.0001,28.4842,-0.2635,-40.3406,265.4962,0.0,0.0,0.0,272.450012207031,down,2026-08-17T11:12:39,0.0,0.0
SPX,2029-12-21,1218,Call,5800.0,SPX291221C05800000,2780.2,2804.2,2792.2,2159.05,0.0,0.0,0.0,106.0,0.251,0.8802,0.0001,29.5004,0.0,128.0571,2791.8652,0.0,0.0,0.0,2772.30004882812,down,2026-01-29T11:33:46,0.0,0.0
SPX,2029-12-21,1218,Put,5800.0,SPX291221P05800000,271.9,292.3,282.1,292.79,0.0,0.0,0.0,584.0,0.2517,-0.1332,0.0001,29.5004,-0.2696,-42.5008,280.011,0.0,0.0,0.0,287.350006103516,down,2026-08-03T15:54:01,0.0,0.0
SPX,2029-12-21,1218,Call,5900.0,SPX291221C05900000,2709.8,2733.8,2721.8,2790.84,0.0,0.0,0.0,212.0,0.2487,0.8734,0.0001,30.5154,-0.0074,128.674,2721.3456,0.0,0.0,0.0,2702.0,down,2026-08-17T15:42:32,0.0,0.0
SPX,2029-12-21,1218,Put,5900.0,SPX291221P05900000,287.0,307.7,297.35,297.03,0.0,0.0,0.0,441.0,0.2493,-0.1401,0.0001,30.5154,-0.2757,-44.738,295.1502,0.0,0.0,0.0,302.799987792969,down,2026-08-17T15:45:22,0.0,0.0
SPX,2029-12-21,1218,Call,5950.0,SPX291221C05950000,2674.9,2698.9,2686.9,2584.05,0.0,0.0,0.0,20.0,0.2476,0.8698,0.0001,31.0212,-0.0151,128.9593,2686.3221,0.0,0.0,0.0,2667.0,up,2026-07-10T11:46:25,0.0,0.0
SPX,2029-12-21,1218,Put,5950.0,SPX291221P05950000,294.7,315.7,305.2,330.77,0.0,0.0,0.0,75.0,0.2481,-0.1436,0.0001,31.0212,-0.2786,-45.8797,302.9561,0.0,0.0,0.0,310.800003051758,down,2026-07-10T11:46:25,0.0,0.0
SPX,2029-12-21,1218,Call,6000.0,SPX291221C06000000,2640.1,2664.1,2652.1,2669.6,37.35,1.41894,1.0,24984.0,0.2465,0.8663,0.0001,31.5261,-0.0228,129.2303,2651.4564,2669.6,2669.6,2669.6,2632.25,up,2026-08-21T12:24:49,0.0,0.0
SPX,2029-12-21,1218,Put,6000.0,SPX291221P06000000,302.6,322.7,312.65,304.1,-14.75,-4.626,1.0,26467.0,0.2471,-0.1472,0.0001,31.5261,-0.2816,-47.0357,310.9198,304.1,304.1,304.1,318.850006103516,down,2026-08-21T12:24:49,0.0,0.0
SPX,2029-12-21,1218,Call,6100.0,SPX291221C06100000,2570.9,2594.9,2582.9,2666.81,0.0,0.0,0.0,350.0,0.2442,0.8589,0.0001,32.5376,-0.0379,129.7238,2582.2002,0.0,0.0,0.0,2563.15002441406,up,2026-08-11T10:56:33,0.0,0.0
SPX,2029-12-21,1218,Put,6100.0,SPX291221P06100000,318.8,340.5,329.65,325.31,0.0,0.0,0.0,601.0,0.2448,-0.1545,0.0001,32.5376,-0.2872,-49.3962,327.3225,0.0,0.0,0.0,335.550003051758,up,2026-08-11T10:56:33,0.0,0.0
SPX,2029-12-21,1218,Call,6200.0,SPX291221C06200000,2502.4,2526.3,2514.3500000000004,2546.92,0.0,0.0,0.0,266.0,0.242,0.8514,0.0001,33.5569,-0.0529,130.1334,2513.5842,0.0,0.0,0.0,2494.75,up,2026-08-19T14:28:47,0.0,0.0
SPX,2029-12-21,1218,Put,6200.0,SPX291221P06200000,335.6,357.6,346.6,345.23,0.0,0.0,0.0,263.0,0.2425,-0.1621,0.0001,33.5569,-0.2927,-51.8407,344.3654,0.0,0.0,0.0,352.799987792969,up,2026-08-19T14:28:47,0.0,0.0
SPX,2029-12-21,1218,Call,6300.0,SPX291221C06300000,2434.5,2458.5,2446.5,2477.91,0.0,0.0,0.0,28.0,0.2398,0.8435,0.0001,34.585,-0.0676,130.4378,2445.6236,0.0,0.0,0.0,2426.90002441406,up,2026-08-19T15:10:08,0.0,0.0
SPX,2029-12-21,1218,Put,6300.0,SPX291221P06300000,353.1,375.3,364.20000000000005,361.97,0.0,0.0,0.0,179.0,0.2402,-0.1699,0.0001,34.585,-0.298,-54.3904,362.0636,0.0,0.0,0.0,370.649993896484,down,2026-08-19T15:10:08,0.0,0.0
SPX,2029-12-21,1218,Call,6400.0,SPX291221C06400000,2367.3,2391.3,2379.3,2458.72,0.0,0.0,0.0,252.0,0.2376,0.8355,0.0001,35.6136,-0.0821,130.6354,2378.3352,0.0,0.0,0.0,2359.65002441406,up,2026-08-11T10:45:29,0.0,0.0
SPX,2029-12-21,1218,Put,6400.0,SPX291221P06400000,371.1,393.3,382.20000000000005,377.35,0.0,0.0,0.0,232.0,0.2379,-0.178,0.0001,35.6136,-0.303,-57.0468,380.4341,0.0,0.0,0.0,389.149993896484,down,2026-08-11T10:52:16,0.0,0.0
SPX,2029-12-21,1218,Call,6500.0,SPX291221C06500000,2300.6,2324.6,2312.6,2344.07,0.0,0.0,0.0,481.0,0.2354,0.8272,0.0001,36.6318,-0.0964,130.7489,2311.7291,0.0,0.0,0.0,2293.05004882812,down,2026-08-19T15:10:23,0.0,0.0
SPX,2029-12-21,1218,Put,6500.0,SPX291221P06500000,389.7,412.0,400.85,398.83,0.0,0.0,0.0,655.0,0.2356,-0.1863,0.0001,36.6318,-0.3078,-59.7874,399.4869,0.0,0.0,0.0,408.200012207031,down,2026-08-19T15:10:23,0.0,0.0
SPX,2029-12-21,1218,Call,6600.0,SPX291221C06600000,2234.7,2258.7,2246.7,2293.36,0.0,0.0,0.0,219.0,0.2332,0.8186,0.0001,37.6339,-0.1103,130.8012,2245.805,0.0,0.0,0.0,2226.94995117188,down,2026-08-11T14:41:31,0.0,0.0
SPX,2029-12-21,1218,Put,6600.0,SPX291221P06600000,409.0,431.9,420.45,421.08,0.0,0.0,0.0,247.0,0.2335,-0.1948,0.0001,37.6339,-0.3122,-62.5891,419.2216,0.0,0.0,0.0,427.949996948242,up,2026-08-11T14:41:31,0.0,0.0
SPX,2029-12-21,1218,Call,6700.0,SPX291221C06700000,2169.3,2193.3,2181.3,2174.08,0.0,0.0,0.0,376.0,0.231,0.8098,0.0001,38.6233,-0.1239,130.7945,2180.5569,0.0,0.0,0.0,2161.54992675781,down,2026-08-20T13:59:20,0.0,0.0
SPX,2029-12-21,1218,Put,6700.0,SPX291221P06700000,428.9,452.1,440.5,445.28,0.0,0.0,0.0,358.0,0.2311,-0.2036,0.0001,38.6233,-0.3164,-65.4499,439.6324,0.0,0.0,0.0,448.300003051758,up,2026-08-20T13:59:20,0.0,0.0
SPX,2029-12-21,1218,Call,6800.0,SPX291221C06800000,2104.7,2128.7,2116.7,2183.7,0.0,0.0,0.0,110.0,0.2288,0.8008,0.0001,39.607,-0.1372,130.7053,2115.9836,0.0,0.0,0.0,2096.85009765625,up,2026-08-17T14:19:14,0.0,0.0
SPX,2029-12-21,1218,Put,6800.0,SPX291221P06800000,450.3,472.5,461.4,458.1,0.0,0.0,0.0,253.0,0.2289,-0.2127,0.0001,39.607,-0.3202,-68.3931,460.7179,0.0,0.0,0.0,469.299987792969,down,2026-08-17T14:19:14,0.0,0.0
SPX,2029-12-21,1218,Call,6900.0,SPX291221C06900000,2040.6,2064.6,2052.6,2119.35,0.0,0.0,0.0,192.0,0.2267,0.7915,0.0001,40.587,-0.1501,130.5069,2052.0927,0.0,0.0,0.0,2032.79998779297,down,2026-08-17T14:19:01,0.0,0.0
SPX,2029-12-21,1218,Put,6900.0,SPX291221P06900000,471.0,494.9,482.95,479.81,0.0,0.0,0.0,121.0,0.2267,-0.222,0.0001,40.587,-0.3237,-71.4456,482.4859,0.0,0.0,0.0,490.949996948242,down,2026-08-19T14:43:38,0.0,0.0
SPX,2029-12-21,1218,Call,7000.0,SPX291221C07000000,1977.3,2001.2,1989.25,1977.64,8.29,0.420949,3.0,10935.0,0.2245,0.782,0.0001,41.557,-0.1627,130.1943,1988.8958,1994.03,1994.03,1977.64,1969.35003662109,down,2026-08-21T14:07:48,0.0,0.0
SPX,2029-12-21,1218,Put,7000.0,SPX291221P07000000,493.4,516.6,505.0,504.3,-8.95,-1.74379,53.0,13455.0,0.2245,-0.2315,0.0001,41.557,-0.3267,-74.6122,504.9479,504.17,506.1,503.9,513.249984741211,no_change,2026-08-21T15:18:09,0.0,0.0
SPX,2029-12-21,1218,Call,7100.0,SPX291221C07100000,1914.6,1938.5,1926.55,1849.74,0.0,0.0,0.0,36.0,0.2223,0.7722,0.0001,42.5065,-0.1748,129.793,1926.3979,0.0,0.0,0.0,1906.60003662109,up,2026-07-15T15:37:58,0.0,0.0
SPX,2029-12-21,1218,Put,7100.0,SPX291221P07100000,516.0,539.9,527.95,524.0,0.0,0.0,0.0,97.0,0.2223,-0.2413,0.0001,42.5065,-0.3294,-77.8676,528.1089,0.0,0.0,0.0,536.149993896484,down,2026-08-06T11:11:55,0.0,0.0
SPX,2029-12-21,1218,Call,7200.0,SPX291221C07200000,1852.6,1876.5,1864.55,1943.84,0.0,0.0,0.0,373.0,0.2201,0.7621,0.0001,43.4288,-0.1865,129.3323,1864.5925,0.0,0.0,0.0,1844.39996337891,up,2026-08-17T10:19:06,0.0,0.0
SPX,2029-12-21,1218,Put,7200.0,SPX291221P07200000,539.5,563.4,551.45,541.37,0.0,0.0,0.0,345.0,0.22,-0.2513,0.0001,43.4288,-0.3317,-81.1823,551.9623,0.0,0.0,0.0,559.75,down,2026-08-10T14:05:47,0.0,0.0
SPX,2029-12-21,1218,Call,7300.0,SPX291221C07300000,1791.3,1815.3,1803.3,1683.11,0.0,0.0,0.0,144.0,0.218,0.7519,0.0001,44.3255,-0.1978,128.8175,1803.467,0.0,0.0,0.0,1783.0,down,2026-07-07T15:56:58,0.0,0.0
SPX,2029-12-21,1218,Put,7300.0,SPX291221P07300000,563.6,587.6,575.6,579.03,0.0,0.0,0.0,168.0,0.2178,-0.2616,0.0001,44.3255,-0.3335,-84.5511,576.4957,0.0,0.0,0.0,584.100006103516,down,2026-08-04T14:55:15,0.0,0.0
SPX,2029-12-21,1218,Call,7400.0,SPX291221C07400000,1730.7,1754.6,1742.65,1802.66,0.0,0.0,0.0,220.0,0.2158,0.7413,0.0001,45.2025,-0.2086,128.2222,1743.0148,0.0,0.0,0.0,1722.29998779297,up,2026-08-05T13:22:54,0.0,0.0
SPX,2029-12-21,1218,Put,7400.0,SPX291221P07400000,588.7,612.0,600.35,597.73,0.0,0.0,0.0,321.0,0.2154,-0.2721,0.0001,45.2025,-0.3348,-88.0004,601.7023,0.0,0.0,0.0,609.100006103516,up,2026-08-19T14:43:59,0.0,0.0
SPX,2029-12-21,1218,Call,7500.0,SPX291221C07500000,1670.7,1694.6,1682.65,1686.85,0.0,0.0,0.0,642.0,0.2136,0.7306,0.0001,46.062,-0.219,127.5132,1683.2414,0.0,0.0,0.0,1662.34997558594,down,2026-08-20T10:09:14,0.0,0.0
SPX,2029-12-21,1218,Put,7500.0,SPX291221P07500000,614.4,637.6,626.0,629.19,0.0,0.0,0.0,1050.0,0.2134,-0.2829,0.0001,46.062,-0.3357,-91.5635,627.5878,0.0,0.0,0.0,634.799987792969,up,2026-08-20T10:08:20,0.0,0.0
SPX,2029-12-21,1218,Call,7600.0,SPX291221C07600000,1611.5,1635.4,1623.45,1724.07,0.0,0.0,0.0,852.0,0.2114,0.7195,0.0001,46.8992,-0.2288,126.6827,1624.1595,0.0,0.0,0.0,1603.14996337891,up,2026-08-13T15:28:34,0.0,0.0
SPX,2029-12-21,1218,Put,7600.0,SPX291221P07600000,640.7,663.9,652.3,656.62,0.0,0.0,0.0,970.0,0.2111,-0.2939,0.0001,46.8992,-0.336,-95.2481,654.1648,0.0,0.0,0.0,661.350006103516,up,2026-08-18T11:49:01,0.0,0.0
SPX,2029-12-21,1218,Call,7700.0,SPX291221C07700000,1553.0,1577.0,1565.0,1556.58,0.0,0.0,0.0,978.0,0.2091,0.7083,0.0001,47.7049,-0.2381,125.7598,1565.7774,0.0,0.0,0.0,1544.60003662109,down,2026-08-20T13:58:32,0.0,0.0
SPX,2029-12-21,1218,Put,7700.0,SPX291221P07700000,667.7,690.9,679.3,684.22,0.0,0.0,0.0,516.0,0.2089,-0.3052,0.0001,47.7049,-0.3359,-99.025,681.4416,0.0,0.0,0.0,688.600006103516,up,2026-08-20T13:58:32,0.0,0.0
SPX,2029-12-21,1218,Call,7800.0,SPX291221C07800000,1495.2,1519.1,1507.15,1530.47,0.0,0.0,0.0,677.0,0.2069,0.6967,0.0001,48.473,-0.2469,124.7791,1508.0937,0.0,0.0,0.0,1486.95001220703,down,2026-08-18T11:49:01,0.0,0.0
SPX,2029-12-21,1218,Put,7800.0,SPX291221P07800000,695.1,719.1,707.1,694.99,0.0,0.0,0.0,591.0,0.2066,-0.3167,0.0001,48.473,-0.3352,-102.8597,709.4167,0.0,0.0,0.0,716.699981689453,no_change,2026-08-14T09:54:28,0.0,0.0
SPX,2029-12-21,1218,Call,7900.0,SPX291221C07900000,1438.2,1462.1,1450.15,1454.6,0.0,0.0,0.0,61.0,0.2047,0.6849,0.0001,49.2039,-0.2551,123.7452,1451.1045,0.0,0.0,0.0,1430.20001220703,down,2026-08-20T10:09:14,0.0,0.0
SPX,2029-12-21,1218,Put,7900.0,SPX291221P07900000,724.4,746.7,735.55,738.69,0.0,0.0,0.0,105.0,0.2045,-0.3286,0.0001,49.2039,-0.3339,-106.7477,738.0863,0.0,0.0,0.0,745.600006103516,up,2026-08-20T10:08:20,0.0,0.0
SPX,2029-12-21,1218,Call,8000.0,SPX291221C08000000,1382.0,1406.1,1394.05,1398.69,24.49,1.78213,3.0,7625.0,0.2024,0.6728,0.0001,49.9012,-0.2627,122.624,1394.8183,1397.29,1398.69,1397.29,1374.20001220703,up,2026-08-21T14:07:48,0.0,0.0
SPX,2029-12-21,1218,Put,8000.0,SPX291221P08000000,753.3,776.5,764.9,760.15,-15.15,-1.95408,3.0,7472.0,0.2021,-0.3406,0.0001,49.9012,-0.3321,-110.723,767.459,764.13,764.18,760.15,775.299987792969,down,2026-08-21T14:07:48,0.0,0.0
SPX,2029-12-21,1218,Call,8100.0,SPX291221C08100000,1319.8,1359.7,1339.75,1348.94,0.0,0.0,0.0,32.0,0.2003,0.6605,0.0001,50.5653,-0.2698,121.3752,1339.2644,0.0,0.0,0.0,1319.15002441406,down,2026-08-20T09:56:05,0.0,0.0
SPX,2029-12-21,1218,Put,8100.0,SPX291221P08100000,779.6,811.4,795.5,794.47,0.0,0.0,0.0,51.0,0.1999,-0.353,0.0001,50.5653,-0.3297,-114.8258,797.564,0.0,0.0,0.0,806.0,up,2026-08-20T09:56:05,0.0,0.0
SPX,2029-12-21,1218,Call,8200.0,SPX291221C08200000,1272.3,1296.4,1284.35,1351.37,0.0,0.0,0.0,166.0,0.198,0.6479,0.0001,51.1913,-0.2763,119.9938,1284.4868,0.0,0.0,0.0,1264.90002441406,down,2026-08-17T13:06:06,0.0,0.0
SPX,2029-12-21,1218,Put,8200.0,SPX291221P08200000,814.3,838.3,826.3,806.57,0.0,0.0,0.0,260.0,0.1976,-0.3656,0.0001,51.1913,-0.3267,-119.0613,828.4453,0.0,0.0,0.0,837.5,up,2026-08-10T10:56:43,0.0,0.0
SPX,2029-12-21,1218,Call,8300.0,SPX291221C08300000,1212.6,1251.5,1232.05,1284.23,0.0,0.0,0.0,280.0,0.1959,0.635,0.0001,51.7721,-0.2821,118.5172,1230.5318,0.0,0.0,0.0,1211.75,down,2026-08-05T15:57:36,0.0,0.0
SPX,2029-12-21,1218,Put,8300.0,SPX291221P08300000,842.6,875.5,859.05,884.62,0.0,0.0,0.0,121.0,0.1955,-0.3785,0.0001,51.7721,-0.3231,-123.3919,860.1491,0.0,0.0,0.0,870.049987792969,up,2026-08-03T15:09:17,0.0,0.0
SPX,2029-12-21,1218,Call,8400.0,SPX291221C08400000,1166.5,1190.4,1178.45,1242.84,0.0,0.0,0.0,2536.0,0.1936,0.6218,0.0001,52.3033,-0.2874,116.9841,1177.4446,0.0,0.0,0.0,1159.54998779297,up,2026-08-10T09:56:36,0.0,0.0
SPX,2029-12-21,1218,Put,8400.0,SPX291221P08400000,879.8,902.9,891.3499999999999,875.57,0.0,0.0,0.0,253.0,0.1931,-0.3916,0.0001,52.3033,-0.3189,-127.7791,892.7208,0.0,0.0,0.0,903.550018310547,down,2026-08-13T15:23:50,0.0,0.0
SPX,2029-12-21,1218,Call,8500.0,SPX291221C08500000,1109.3,1147.3,1128.3,1193.6,0.0,0.0,0.0,76.0,0.1916,0.6083,0.0001,52.7842,-0.292,115.3867,1125.2827,0.0,0.0,0.0,1108.39996337891,down,2026-08-17T12:48:34,0.0,0.0
SPX,2029-12-21,1218,Put,8500.0,SPX291221P08500000,909.6,943.6,926.6,921.33,0.0,0.0,0.0,191.0,0.1911,-0.4051,0.0001,52.7842,-0.314,-132.2306,926.2177,0.0,0.0,0.0,938.149993896484,up,2026-08-19T15:16:37,0.0,0.0
SPX,2029-12-21,1218,Call,8600.0,SPX291221C08600000,1064.8,1088.7,1076.75,1127.78,0.0,0.0,0.0,669.0,0.1893,0.5946,0.0001,53.2141,-0.2961,113.6748,1074.1338,0.0,0.0,0.0,1058.40002441406,down,2026-08-05T15:48:27,0.0,0.0
SPX,2029-12-21,1218,Put,8600.0,SPX291221P08600000,948.8,972.8,960.8,987.28,0.0,0.0,0.0,190.0,0.1888,-0.4188,0.0001,53.2141,-0.3086,-136.7964,960.7277,0.0,0.0,0.0,973.800018310547,down,2026-08-03T15:07:06,0.0,0.0
SPX,2029-12-21,1218,Call,8700.0,SPX291221C08700000,1010.2,1047.5,1028.85,1090.32,0.0,0.0,0.0,27.0,0.1873,0.5807,0.0002,53.5892,-0.2996,111.8105,1024.119,0.0,0.0,0.0,1009.39999389648,down,2026-08-17T13:06:06,0.0,0.0
SPX,2029-12-21,1218,Put,8700.0,SPX291221P08700000,980.9,1016.0,998.45,972.02,0.0,0.0,0.0,63.0,0.1869,-0.4328,0.0002,53.5892,-0.3026,-141.5148,996.3717,0.0,0.0,0.0,1010.60000610352,up,2026-08-10T10:56:43,0.0,0.0
SPX,2029-12-21,1218,Call,8800.0,SPX291221C08800000,967.6,991.5,979.55,1031.05,0.0,0.0,0.0,116.0,0.1851,0.5665,0.0002,53.9048,-0.3025,109.8154,975.3735,0.0,0.0,0.0,961.699981689453,down,2026-08-07T13:38:49,0.0,0.0
SPX,2029-12-21,1218,Put,8800.0,SPX291221P08800000,1022.7,1046.5,1034.6,1018.0,0.0,0.0,0.0,79.0,0.1846,-0.447,0.0002,53.9048,-0.2961,-146.3639,1033.2851,0.0,0.0,0.0,1048.54998779297,up,2026-08-07T13:04:26,0.0,0.0
SPX,2029-12-21,1218,Call,9000.0,SPX291221C09000000,875.3,899.3,887.3,948.25,0.0,0.0,0.0,1378.0,0.1811,0.5374,0.0002,54.3481,-0.3066,105.6426,882.1615,0.0,0.0,0.0,869.799987792969,down,2026-08-17T12:48:34,0.0,0.0
SPX,2029-12-21,1218,Put,9000.0,SPX291221P09000000,1101.3,1125.3,1113.3,1112.91,-15.19,-1.34651,2.0,205.0,0.1805,-0.476,0.0002,54.3481,-0.2813,-156.2449,1111.3908,1112.15,1112.91,1112.15,1128.09997558594,up,2026-08-21T13:31:24,0.0,0.0
SPX,2029-12-21,1218,Call,9200.0,SPX291221C09200000,788.0,811.9,799.95,680.8,0.0,0.0,0.0,201.0,0.1772,0.5078,0.0002,54.5219,-0.3087,101.13,795.2116,0.0,0.0,0.0,782.949981689453,up,2026-06-25T10:52:55,0.0,0.0
SPX,2029-12-21,1218,Put,9200.0,SPX291221P09200000,1185.1,1208.6,1196.85,1189.73,0.0,0.0,0.0,4.0,0.1765,-0.5056,0.0002,54.5219,-0.2644,-166.4655,1195.7586,0.0,0.0,0.0,1212.59997558594,down,2026-08-19T15:16:37,0.0,0.0
SPX,2029-12-21,1218,Call,9400.0,SPX291221C09400000,706.1,730.1,718.1,621.0,0.0,0.0,0.0,170.0,0.1735,0.4779,0.0002,54.4045,-0.3088,96.2114,714.7304,0.0,0.0,0.0,701.5,no_change,2026-07-01T10:19:07,0.0,0.0
SPX,2029-12-21,1218,Put,9400.0,SPX291221P09400000,1274.2,1297.8,1286.0,1404.54,0.0,0.0,0.0,15.0,0.1728,-0.5355,0.0002,54.4045,-0.2455,-177.0922,1286.5952,0.0,0.0,0.0,1302.59997558594,down,2026-07-28T14:43:57,0.0,0.0
SPX,2029-12-21,1218,Call,9500.0,SPX291221C09500000,662.6,697.1,679.85,670.2,7.35,1.10885,1.0,125.0,0.1718,0.4629,0.0002,54.2459,-0.308,93.7333,676.7561,670.2,670.2,670.2,662.850006103516,up,2026-08-21T12:24:49,0.0,0.0
SPX,2029-12-21,1218,Put,9500.0,SPX291221P09500000,1314.8,1354.5,1334.65,1331.71,-17.94,-1.32924,3.0,11.0,0.1713,-0.5505,0.0002,54.2459,-0.2353,-182.4244,1334.2798,1345.4,1345.4,1331.65,1349.65002441406,up,2026-08-21T13:31:24,0.0,0.0
SPX,2029-12-21,1218,Call,9550.0,SPX291221C09550000,643.7,678.0,660.85,711.32,0.0,0.0,0.0,4.0,0.1709,0.4554,0.0002,54.1412,-0.3074,92.4851,658.2906,0.0,0.0,0.0,643.950012207031,up,2026-08-10T14:38:52,0.0,0.0
SPX,2029-12-21,1218,Put,9550.0,SPX291221P09550000,1338.5,1378.5,1358.5,1325.3,0.0,0.0,0.0,3.0,0.1704,-0.558,0.0002,54.1412,-0.23,-185.0996,1358.6436,0.0,0.0,0.0,1373.75,down,2026-08-10T14:38:52,0.0,0.0
SPX,2029-12-21,1218,Call,9600.0,SPX291221C09600000,629.7,653.7,641.7,644.08,18.48,2.95396,7.0,403.0,0.17,0.4479,0.0002,54.0179,-0.3067,91.2187,640.1591,644.08,644.08,644.08,625.600006103516,up,2026-08-21T15:42:53,0.0,0.0
SPX,2029-12-21,1218,Put,9600.0,SPX291221P09600000,1368.8,1392.8,1380.8,1547.26,0.0,0.0,0.0,3.0,0.1692,-0.5655,0.0002,54.0179,-0.2245,-187.793,1383.3415,0.0,0.0,0.0,1398.14996337891,down,2026-05-13T12:05:43,0.0,0.0
SPX,2029-12-21,1218,Call,9800.0,SPX291221C09800000,559.0,583.0,571.0,519.09,0.0,0.0,0.0,17.0,0.1668,0.4179,0.0002,53.3219,-0.3023,85.9138,570.8526,0.0,0.0,0.0,555.350006103516,up,2026-07-13T13:15:22,0.0,0.0
SPX,2029-12-21,1218,Put,9800.0,SPX291221P09800000,1469.2,1493.1,1481.15,1995.61,0.0,0.0,0.0,2.0,0.1659,-0.5956,0.0002,53.3219,-0.2012,-198.8061,1485.3528,0.0,0.0,0.0,1499.40002441406,up,2025-12-05T15:49:37,0.0,0.0
SPX,2029-12-21,1218,Call,10000.0,SPX291221C10000000,494.0,517.7,505.85,510.0,0.0,0.0,0.0,6300.0,0.1637,0.388,0.0002,52.3439,-0.2957,80.5381,506.4876,0.0,0.0,0.0,491.0,down,2026-08-18T15:06:05,0.0,0.0
SPX,2029-12-21,1218,Put,10000.0,SPX291221P10000000,1575.2,1599.2,1587.2,1587.0,0.0,0.0,0.0,591.0,0.1628,-0.6255,0.0002,52.3439,-0.1756,-209.8898,1592.3055,0.0,0.0,0.0,1606.39996337891,up,2026-08-20T10:00:01,0.0,0.0
SPX,2029-12-21,1218,Call,10200.0,SPX291221C10200000,434.8,458.8,446.8,478.5,0.0,0.0,0.0,113.0,0.1611,0.3583,0.0002,51.0935,-0.287,75.0898,446.9486,0.0,0.0,0.0,432.300003051758,up,2026-08-05T11:56:21,0.0,0.0
SPX,2029-12-21,1218,Put,10200.0,SPX291221P10200000,1687.0,1711.0,1699.0,0.0,0.0,0.0,0.0,0.0,0.1599,-0.6551,0.0002,51.0935,-0.148,-221.0463,1704.0843,0.0,0.0,0.0,1719.15002441406,no_change,,0.0,0.0
SPX,2029-12-21,1218,Call,10400.0,SPX291221C10400000,381.3,405.3,393.3,403.36,0.0,0.0,0.0,183.0,0.1584,0.3292,0.0002,49.5422,-0.2764,69.523,392.46,0.0,0.0,0.0,379.400009155273,up,2026-08-04T10:58:04,0.0,0.0
SPX,2029-12-21,1218,Put,10400.0,SPX291221P10400000,1804.5,1828.5,1816.5,1915.83,0.0,0.0,0.0,156.0,0.1572,-0.6842,0.0002,49.5422,-0.1185,-232.3212,1820.9134,0.0,0.0,0.0,1837.80004882812,down,2026-07-15T12:11:08,0.0,0.0
SPX,2029-12-21,1218,Call,10600.0,SPX291221C10600000,333.7,356.9,345.29999999999995,320.7,0.0,0.0,0.0,58.0,0.1562,0.301,0.0002,47.7927,-0.2644,64.1345,343.1552,0.0,0.0,0.0,332.050003051758,up,2026-08-03T13:42:56,0.0,0.0
SPX,2029-12-21,1218,Put,10600.0,SPX291221P10600000,1927.5,1951.5,1939.5,0.0,0.0,0.0,0.0,0.0,0.1549,-0.7124,0.0002,47.7927,-0.0876,-243.4177,1942.9263,0.0,0.0,0.0,1961.89996337891,no_change,,0.0,0.0
SPX,2029-12-21,1218,Call,10800.0,SPX291221C10800000,290.6,314.4,302.5,326.99,0.0,0.0,0.0,9.0,0.1541,0.274,0.0002,45.8031,-0.2514,58.7336,299.1663,0.0,0.0,0.0,290.0,up,2026-08-05T11:56:21,0.0,0.0
SPX,2029-12-21,1218,Put,10800.0,SPX291221P10800000,2055.9,2079.8,2067.8500000000004,0.0,0.0,0.0,0.0,0.0,0.1527,-0.7394,0.0002,45.8031,-0.0556,-254.5267,2070.2552,0.0,0.0,0.0,2091.25,no_change,,0.0,0.0
SPX,2029-12-21,1218,Call,11000.0,SPX291221C11000000,252.6,276.6,264.6,287.0,0.0,0.0,0.0,1402.0,0.1523,0.2486,0.0002,43.6874,-0.2378,53.665,260.4436,0.0,0.0,0.0,252.900001525879,down,2026-08-12T11:48:29,0.0,0.0
SPX,2029-12-21,1218,Put,11000.0,SPX291221P11000000,2189.0,2212.9,2200.95,2556.09,0.0,0.0,0.0,181.0,0.1508,-0.7649,0.0002,43.6874,-0.0231,-265.3034,2202.8501,0.0,0.0,0.0,2225.5,down,2026-05-05T12:13:49,0.0,0.0
SPX,2029-12-21,1218,Call,11200.0,SPX291221C11200000,219.5,243.1,231.3,205.25,0.0,0.0,0.0,5.0,0.151,0.2249,0.0001,41.4828,-0.2241,48.8073,226.7258,0.0,0.0,0.0,220.300003051758,down,2026-06-22T13:25:23,0.0,0.0
SPX,2029-12-21,1218,Put,11200.0,SPX291221P11200000,2326.6,2350.6,2338.6,2310.34,0.0,0.0,0.0,0.0,0.1491,-0.7886,0.0001,41.4828,0.0,-275.8692,2340.4501,0.0,0.0,0.0,2364.55004882812,up,2026-08-10T14:56:08,0.0,0.0
SPX,2029-12-21,1218,Call,11400.0,SPX291221C11400000,192.5,211.7,202.1,178.25,0.0,0.0,0.0,248.0,0.1495,0.2032,0.0001,39.2095,-0.2105,44.2913,197.672,0.0,0.0,0.0,191.849998474121,down,2026-06-22T13:25:23,0.0,0.0
SPX,2029-12-21,1218,Put,11400.0,SPX291221P11400000,2468.6,2492.5,2480.55,3002.79,0.0,0.0,0.0,68.0,0.1476,-0.8103,0.0001,39.2095,0.0,-286.0933,2482.714,0.0,0.0,0.0,2507.5,down,2026-04-21T10:02:23,0.0,0.0
SPX,2029-12-21,1218,Call,12000.0,SPX291221C12000000,125.6,144.7,135.14999999999998,136.5,0.0,0.0,0.0,2729.0,0.1471,0.1495,0.0001,32.6438,-0.1729,32.9652,133.1062,0.0,0.0,0.0,127.150001525879,down,2026-08-18T14:57:54,0.0,0.0
SPX,2029-12-21,1218,Put,12000.0,SPX291221P12000000,2915.0,2938.9,2926.95,2887.94,0.0,0.0,0.0,4.0,0.1444,-0.8639,0.0001,32.6438,0.0,-314.5437,2932.1014,0.0,0.0,0.0,2957.25,up,2026-08-10T14:56:08,0.0,0.0
SPX,2029-12-21,1218,Call,13000.0,SPX291221C13000000,61.9,78.4,70.15,79.0,0.0,0.0,0.0,826.0,0.1452,0.0902,0.0001,23.3061,-0.1221,20.0716,72.1869,0.0,0.0,0.0,66.2499980926514,down,2026-08-11T13:13:07,0.0,0.0
SPX,2029-12-21,1218,Put,13000.0,SPX291221P13000000,3687.4,3759.6,3723.5,3888.42,0.0,0.0,0.0,1.0,0.1439,-0.9232,0.0001,23.3061,0.0,-355.9778,3727.7706,0.0,0.0,0.0,3753.75,up,2026-07-16T14:42:01,0.0,0.0
SPX,2029-12-21,1218,Call,14000.0,SPX291221C14000000,33.6,45.5,39.55,45.65,0.0,0.0,0.0,178.0,0.1469,0.0545,0.0001,16.1666,-0.0838,12.213,40.1561,0.0,0.0,0.0,36.5499992370606,down,2026-08-11T10:07:17,0.0,0.0
SPX,2029-12-21,1218,Put,14000.0,SPX291221P14000000,4506.8,4593.2,4550.0,4442.06,0.0,0.0,0.0,1.0,0.1453,-0.9589,0.0001,16.1666,0.0,-392.3768,4552.3286,0.0,0.0,0.0,4582.55004882812,up,2026-08-10T11:22:03,0.0,0.0
SPX,2029-12-21,1218,Call,15000.0,SPX291221C15000000,20.1,27.2,23.65,28.0,0.0,0.0,0.0,630.0,0.1496,0.034,0.0,11.2739,-0.0582,7.6295,23.6222,0.0,0.0,0.0,24.0500001907349,down,2026-08-17T16:08:27,0.0,0.0
SPX,2029-12-21,1218,Put,15000.0,SPX291221P15000000,5230.1,5530.1,5380.1,5367.49,0.0,0.0,0.0,137.0,0.0,-0.9794,0.0,11.2739,0.0,-425.5008,5392.3833,0.0,0.0,0.0,5416.5,up,2026-08-18T09:52:57,0.0,0.0
SPX,2030-12-20,1582,Call,400.0,SPX301220C00400000,6942.2,7242.2,7092.2,7096.51,25.4099,0.359349,1.0,223.0,0.0,1.0,0.0,0.3497,0.0,22.489,7100.055,7096.51,7096.51,7096.51,7071.10009765625,down,2026-08-21T13:40:00,0.0,0.0
SPX,2030-12-20,1582,Put,400.0,SPX301220P00400000,0.7,1.0,0.85,0.85,0.0,0.0,0.0,2124.0,0.5262,-0.0006,0.0,0.3497,-0.0057,-0.2885,2.0134,0.0,0.0,0.0,0.849999994039536,down,2026-08-20T15:03:28,0.0,0.0
SPX,2030-12-20,1582,Call,800.0,SPX301220C00800000,6620.4,6920.4,6770.4,5944.42,0.0,0.0,0.0,1.0,0.0,1.0,0.0,0.908,0.0,36.0928,6776.9995,0.0,0.0,0.0,6747.10009765625,up,2026-03-04T13:40:16,0.0,0.0
SPX,2030-12-20,1582,Put,800.0,SPX301220P00800000,3.0,10.8,6.9,3.8,0.0,0.0,0.0,191.0,0.5185,-0.0018,0.0,0.908,-0.0124,-0.7868,5.0436,0.0,0.0,0.0,11.0500001907349,no_change,2026-06-11T10:16:19,0.0,0.0
SPX,2030-12-20,1582,Call,1200.0,SPX301220C01200000,6300.3,6600.3,6450.3,0.0,0.0,0.0,0.0,0.0,0.0,1.0,0.0,1.6996,0.0,49.4348,6455.2942,0.0,0.0,0.0,6427.7001953125,no_change,,0.0,0.0
SPX,2030-12-20,1582,Put,1200.0,SPX301220P01200000,6.5,12.9,9.7,10.04,0.0,0.0,0.0,37.0,0.4355,-0.0036,0.0,1.6996,-0.0209,-1.5468,9.4241,0.0,0.0,0.0,9.69999980926514,down,2026-04-09T15:31:53,0.0,0.0
SPX,2030-12-20,1582,Call,1600.0,SPX301220C01600000,5981.7,6281.7,6131.7,5403.38,0.0,0.0,0.0,1.0,0.0,1.0,0.0,2.7658,0.0,62.4374,6135.3762,0.0,0.0,0.0,6109.60009765625,up,2025-10-29T10:29:17,0.0,0.0
SPX,2030-12-20,1582,Put,1600.0,SPX301220P01600000,0.0,18.1,9.05,18.2,0.0,0.0,0.0,94.0,0.3696,-0.0062,0.0,2.7658,-0.0312,-2.6462,15.5919,0.0,0.0,0.0,9.07500019110739,up,2026-06-04T09:36:08,0.0,0.0
SPX,2030-12-20,1582,Call,1800.0,SPX301220C01800000,5823.2,6123.2,5973.2,5108.46,0.0,0.0,0.0,2.0,0.0,1.0,0.0,3.4123,0.0,68.7908,5976.2405,0.0,0.0,0.0,5952.2998046875,up,2025-12-15T13:14:16,0.0,0.0
SPX,2030-12-20,1582,Put,1800.0,SPX301220P01800000,12.4,29.2,20.8,25.0,0.0,0.0,0.0,25.0,0.3863,-0.0079,0.0,3.4122,-0.0372,-3.3439,19.4988,0.0,0.0,0.0,16.7249992489815,up,2026-06-17T15:26:15,0.0,0.0
SPX,2030-12-20,1582,Call,2000.0,SPX301220C02000000,5665.4,5965.4,5815.4,5061.96,0.0,0.0,0.0,593.0,0.0,1.0,0.0,4.1451,0.0,75.0154,5817.7471,0.0,0.0,0.0,5792.5,up,2026-02-11T14:39:33,0.0,0.0
SPX,2030-12-20,1582,Put,2000.0,SPX301220P02000000,17.4,34.3,25.849999999999998,25.5,4.05,18.8811,11.0,597.0,0.3757,-0.0098,0.0,4.145,-0.0437,-4.1702,24.0481,26.11,26.11,25.5,21.4500000476837,down,2026-08-21T16:12:07,0.0,0.0
SPX,2030-12-20,1582,Call,2200.0,SPX301220C02200000,5508.1,5808.1,5658.1,0.0,0.0,0.0,0.0,0.0,0.0,1.0,0.0,4.9536,0.0,81.1191,5659.9708,0.0,0.0,0.0,5636.7001953125,no_change,,0.0,0.0
SPX,2030-12-20,1582,Put,2200.0,SPX301220P02200000,23.1,39.9,31.5,31.36,-0.84,-2.6087,1.0,300.0,0.3674,-0.0121,0.0,4.9535,-0.0507,-5.1175,29.3145,31.36,31.36,31.36,32.2000007629394,down,2026-08-21T14:25:12,0.0,0.0
SPX,2030-12-20,1582,Call,2400.0,SPX301220C02400000,5351.8,5651.8,5501.8,4617.03,0.0,0.0,0.0,3.0,0.0,1.0,0.0,5.8603,0.0,87.0796,5502.9746,0.0,0.0,0.0,5480.10009765625,down,2026-02-13T15:52:26,0.0,0.0
SPX,2030-12-20,1582,Put,2400.0,SPX301220P02400000,30.6,45.0,37.8,42.32,0.0,0.0,0.0,177.0,0.3542,-0.0147,0.0,5.8602,-0.0582,-6.208,35.361,0.0,0.0,0.0,38.6499996185303,down,2026-05-21T13:03:16,0.0,0.0
SPX,2030-12-20,1582,Call,2600.0,SPX301220C02600000,5196.0,5496.0,5346.0,5071.71,0.0,0.0,0.0,0.0,0.0,1.0,0.0,6.8545,0.0,92.8733,5346.8435,0.0,0.0,0.0,5324.2001953125,up,2026-05-11T15:16:39,0.0,0.0
SPX,2030-12-20,1582,Put,2600.0,SPX301220P02600000,36.5,53.3,44.9,44.54,0.0,0.0,0.0,1423.0,0.3455,-0.0177,0.0,6.8544,-0.0663,-7.4653,42.2726,0.0,0.0,0.0,45.8500003814697,down,2026-08-10T11:01:12,0.0,0.0
SPX,2030-12-20,1582,Call,2800.0,SPX301220C02800000,5041.0,5341.0,5191.0,4906.17,0.0,0.0,0.0,4.0,0.0,0.9975,0.0,7.9294,0.0,98.52,5191.6415,0.0,0.0,0.0,5169.10009765625,up,2026-05-11T15:16:39,0.0,0.0
SPX,2030-12-20,1582,Put,2800.0,SPX301220P02800000,48.0,61.1,54.55,60.96,0.0,0.0,0.0,5.0,0.3406,-0.021,0.0,7.9293,-0.0749,-8.8695,50.1132,0.0,0.0,0.0,64.8499984741211,down,2026-05-11T15:16:39,0.0,0.0
SPX,2030-12-20,1582,Call,2900.0,SPX301220C02900000,4963.4,5263.4,5113.4,3759.5,0.0,0.0,0.0,4.0,0.0,0.9957,0.0,8.5067,0.0,101.2772,5114.4063,0.0,0.0,0.0,5091.89990234375,down,2025-12-17T12:54:42,0.0,0.0
SPX,2030-12-20,1582,Put,2900.0,SPX301220P02900000,48.5,65.3,56.9,66.2,0.0,0.0,0.0,3.0,0.3325,-0.0229,0.0,8.5065,-0.0793,-9.6378,54.3993,0.0,0.0,0.0,58.1000003814697,down,2026-06-11T09:40:13,0.0,0.0
SPX,2030-12-20,1582,Call,3000.0,SPX301220C03000000,4886.7,5186.7,5036.7,4834.99,0.0,0.0,0.0,19.0,0.0,0.9937,0.0,9.1098,0.0,103.981,5037.4296,0.0,0.0,0.0,5005.89990234375,down,2026-07-02T11:45:05,0.0,0.0
SPX,2030-12-20,1582,Put,3000.0,SPX301220P03000000,55.0,69.2,62.1,69.06,0.0,0.0,0.0,1850.0,0.3295,-0.0248,0.0,9.1096,-0.0839,-10.4595,58.9438,0.0,0.0,0.0,62.5999994277954,up,2026-07-02T11:45:05,0.0,0.0
SPX,2030-12-20,1582,Call,3100.0,SPX301220C03100000,4810.0,5110.0,4960.0,3995.04,0.0,0.0,0.0,7.0,0.0,0.9917,0.0,9.7331,0.0,106.6332,4960.723,0.0,0.0,0.0,4937.7998046875,no_change,2025-12-17T12:45:46,0.0,0.0
SPX,2030-12-20,1582,Put,3100.0,SPX301220P03100000,63.0,74.4,68.7,66.0,0.0,0.0,0.0,6.0,0.3245,-0.0269,0.0,9.7329,-0.0886,-11.3328,63.7585,0.0,0.0,0.0,82.4500007629394,down,2026-08-04T14:09:33,0.0,0.0
SPX,2030-12-20,1582,Call,3200.0,SPX301220C03200000,4733.6,5033.6,4883.6,4063.59,0.0,0.0,0.0,1.0,0.0,0.9895,0.0,10.3726,0.0,109.2409,4884.3956,0.0,0.0,0.0,4861.2001953125,up,2025-12-22T11:33:17,0.0,0.0
SPX,2030-12-20,1582,Put,3200.0,SPX301220P03200000,62.5,79.3,70.9,78.0,0.0,0.0,0.0,342.0,0.3212,-0.029,0.0,10.3725,-0.0933,-12.2508,68.8519,0.0,0.0,0.0,72.3500022888184,down,2026-08-03T10:11:10,0.0,0.0
SPX,2030-12-20,1582,Call,3300.0,SPX301220C03300000,4657.3,4957.3,4807.3,3912.59,0.0,0.0,0.0,14.0,0.0,0.9872,0.0,11.0304,0.0,111.8076,4808.1512,0.0,0.0,0.0,4785.2001953125,no_change,2025-11-25T15:34:46,0.0,0.0
SPX,2030-12-20,1582,Put,3300.0,SPX301220P03300000,66.9,85.1,76.0,90.0,0.0,0.0,0.0,1411.0,0.3174,-0.0313,0.0,11.0304,-0.0982,-13.2096,74.2309,0.0,0.0,0.0,77.5999984741211,down,2026-05-05T09:57:34,0.0,0.0
SPX,2030-12-20,1582,Call,3400.0,SPX301220C03400000,4581.3,4881.3,4731.3,4733.7,25.3001,0.53734,1.0,210.0,0.0,0.9848,0.0,11.712,0.0,114.329,4732.2971,4733.7,4733.7,4733.7,4708.39990234375,down,2026-08-21T13:40:00,0.0,0.0
SPX,2030-12-20,1582,Put,3400.0,SPX301220P03400000,71.8,91.0,81.4,80.84,-2.26,-2.71961,1.0,212.0,0.3136,-0.0337,0.0,11.7117,-0.1031,-14.2134,79.8966,80.84,80.84,80.84,83.0999984741211,down,2026-08-21T13:40:00,0.0,0.0
SPX,2030-12-20,1582,Call,3500.0,SPX301220C03500000,4505.4,4805.4,4655.4,3791.8,0.0,0.0,0.0,11.0,0.0,0.9823,0.0,12.421,0.0,116.7942,4656.7422,0.0,0.0,0.0,4632.7001953125,up,2025-12-19T09:48:00,0.0,0.0
SPX,2030-12-20,1582,Put,3500.0,SPX301220P03500000,79.2,95.0,87.1,106.7,0.0,0.0,0.0,1112.0,0.3103,-0.0362,0.0,12.4208,-0.1081,-15.2737,85.8628,0.0,0.0,0.0,88.9000034332275,down,2026-05-05T09:58:45,0.0,0.0
SPX,2030-12-20,1582,Call,3600.0,SPX301220C03600000,4430.1,4730.1,4580.1,3831.75,0.0,0.0,0.0,14.0,0.0,0.9797,0.0,13.1552,0.0,119.1961,4581.649,0.0,0.0,0.0,4556.89990234375,up,2026-01-06T13:47:36,0.0,0.0
SPX,2030-12-20,1582,Put,3600.0,SPX301220P03600000,85.9,100.2,93.05000000000001,110.5,0.0,0.0,0.0,20.0,0.306,-0.0389,0.0,13.1552,-0.1132,-16.3977,92.1408,0.0,0.0,0.0,94.9500007629394,down,2026-05-12T11:04:58,0.0,0.0
SPX,2030-12-20,1582,Call,3700.0,SPX301220C03700000,4355.2,4655.2,4505.2,3066.69,0.0,0.0,0.0,11.0,0.0,0.9769,0.0,13.9085,0.0,121.5354,4506.7302,0.0,0.0,0.0,4470.2998046875,up,2025-06-26T16:09:28,0.0,0.0
SPX,2030-12-20,1582,Put,3700.0,SPX301220P03700000,91.0,107.8,99.4,114.6,0.0,0.0,0.0,301.0,0.3034,-0.0416,0.0,13.9085,-0.1183,-17.584,98.7435,0.0,0.0,0.0,101.350002288818,up,2026-06-29T11:33:30,0.0,0.0
SPX,2030-12-20,1582,Call,3800.0,SPX301220C03800000,4280.3,4580.3,4430.3,3169.7,0.0,0.0,0.0,11.0,0.0,0.974,0.0,14.6755,0.0,123.8217,4432.1454,0.0,0.0,0.0,4407.10009765625,up,2025-07-22T12:37:00,0.0,0.0
SPX,2030-12-20,1582,Put,3800.0,SPX301220P03800000,100.5,114.4,107.45,104.3,0.0,0.0,0.0,586.0,0.301,-0.0446,0.0,14.6755,-0.1235,-18.8231,105.6802,0.0,0.0,0.0,128.699996948242,no_change,2026-08-12T10:56:35,0.0,0.0
SPX,2030-12-20,1582,Call,3900.0,SPX301220C03900000,4205.8,4505.8,4355.8,0.0,0.0,0.0,0.0,0.0,0.0,0.971,0.0,15.4567,0.0,126.0619,4357.9003,0.0,0.0,0.0,4319.89990234375,no_change,,0.0,0.0
SPX,2030-12-20,1582,Put,3900.0,SPX301220P03900000,105.7,120.0,112.85,157.06,0.0,0.0,0.0,431.0,0.2964,-0.0476,0.0,15.4567,-0.1288,-20.1085,112.9565,0.0,0.0,0.0,115.099996566772,no_change,2025-12-02T16:04:12,0.0,0.0
SPX,2030-12-20,1582,Call,4000.0,SPX301220C04000000,4131.7,4431.7,4281.7,4152.74,0.0,0.0,0.0,1933.0,0.0,0.9678,0.0,16.2576,0.0,128.2525,4283.9996,0.0,0.0,0.0,4258.5,up,2026-07-06T15:23:49,0.0,0.0
SPX,2030-12-20,1582,Put,4000.0,SPX301220P04000000,113.0,127.4,120.2,131.79,0.0,0.0,0.0,2209.0,0.2941,-0.0508,0.0,16.2576,-0.1341,-21.4434,120.5773,0.0,0.0,0.0,123.099998474121,up,2026-07-06T15:23:49,0.0,0.0
SPX,2030-12-20,1582,Call,4100.0,SPX301220C04100000,4198.7,4222.7,4210.7,2962.3,0.0,0.0,0.0,3.0,0.2912,0.9645,0.0,17.0833,0.0,130.3817,4210.4516,0.0,0.0,0.0,4171.5,down,2025-07-22T12:37:00,0.0,0.0
SPX,2030-12-20,1582,Put,4100.0,SPX301220P04100000,119.9,135.6,127.75,138.49,0.0,0.0,0.0,1.0,0.2912,-0.0541,0.0,17.0833,-0.1394,-22.8397,128.5507,0.0,0.0,0.0,130.299999237061,down,2026-07-13T09:52:59,0.0,0.0
SPX,2030-12-20,1582,Call,4200.0,SPX301220C04200000,4125.2,4149.2,4137.2,2920.08,0.0,0.0,0.0,1.0,0.2884,0.961,0.0,17.9338,0.0,132.438,4137.2686,0.0,0.0,0.0,4111.20007324219,up,2025-08-06T14:51:55,0.0,0.0
SPX,2030-12-20,1582,Put,4200.0,SPX301220P04200000,126.6,145.0,135.8,146.59,0.0,0.0,0.0,292.0,0.2881,-0.0575,0.0,17.9338,-0.1448,-24.309,136.8891,0.0,0.0,0.0,138.5,down,2026-07-13T09:52:59,0.0,0.0
SPX,2030-12-20,1582,Call,4300.0,SPX301220C04300000,4052.1,4076.1,4064.1,3135.55,0.0,0.0,0.0,661.0,0.2856,0.9574,0.0,18.8029,0.0,134.4196,4064.4644,0.0,0.0,0.0,4024.29992675781,up,2025-09-19T14:38:59,0.0,0.0
SPX,2030-12-20,1582,Put,4300.0,SPX301220P04300000,134.4,154.3,144.35000000000002,150.0,0.0,0.0,0.0,3005.0,0.2857,-0.0611,0.0,18.8029,-0.1502,-25.8528,145.6064,0.0,0.0,0.0,147.049995422363,no_change,2026-07-13T10:05:31,0.0,0.0
SPX,2030-12-20,1582,Call,4400.0,SPX301220C04400000,3979.5,4003.5,3991.5,2471.19,0.0,0.0,0.0,51.0,0.2829,0.9537,0.0,19.6832,0.0,136.336,3992.05,0.0,0.0,0.0,3965.60009765625,up,2025-06-20T14:32:08,0.0,0.0
SPX,2030-12-20,1582,Put,4400.0,SPX301220P04400000,145.8,160.2,153.0,178.5,0.0,0.0,0.0,617.0,0.2831,-0.0648,0.0,19.6832,-0.1555,-27.4619,154.7134,0.0,0.0,0.0,156.050003051758,up,2026-06-24T14:51:39,0.0,0.0
SPX,2030-12-20,1582,Call,4500.0,SPX301220C04500000,3907.2,3931.2,3919.2,3682.51,0.0,0.0,0.0,5.0,0.2803,0.9498,0.0,20.5719,0.0,138.1987,3920.0316,0.0,0.0,0.0,3879.30004882812,down,2026-07-24T10:34:37,0.0,0.0
SPX,2030-12-20,1582,Put,4500.0,SPX301220P04500000,154.4,170.2,162.3,177.73,0.0,0.0,0.0,2011.0,0.2801,-0.0687,0.0,20.5719,-0.1609,-29.1247,164.2164,0.0,0.0,0.0,165.400001525879,up,2026-07-07T13:44:47,0.0,0.0
SPX,2030-12-20,1582,Call,4600.0,SPX301220C04600000,3835.4,3859.4,3847.4,2915.9,0.0,0.0,0.0,1.0,0.2777,0.9458,0.0,21.4723,0.0,140.0106,3848.4123,0.0,0.0,0.0,3807.39990234375,up,2025-09-24T13:07:47,0.0,0.0
SPX,2030-12-20,1582,Put,4600.0,SPX301220P04600000,164.7,179.1,171.89999999999998,242.0,0.0,0.0,0.0,546.0,0.2778,-0.0727,0.0,21.4723,-0.1663,-30.8383,174.1186,0.0,0.0,0.0,175.200004577637,down,2026-04-13T11:13:10,0.0,0.0
SPX,2030-12-20,1582,Call,4700.0,SPX301220C04700000,3764.0,3788.0,3776.0,2909.25,0.0,0.0,0.0,495.0,0.2752,0.9416,0.0,22.3906,0.0,141.7621,3777.1973,0.0,0.0,0.0,3750.39990234375,up,2025-11-25T14:00:07,0.0,0.0
SPX,2030-12-20,1582,Put,4700.0,SPX301220P04700000,172.4,191.6,182.0,240.0,0.0,0.0,0.0,1570.0,0.275,-0.0769,0.0,22.3906,-0.1716,-32.6123,184.425,0.0,0.0,0.0,185.500003814697,down,2026-04-14T13:44:33,0.0,0.0
SPX,2030-12-20,1582,Call,4800.0,SPX301220C04800000,3693.0,3716.9,3704.95,1714.3,0.0,0.0,0.0,0.0,0.2728,0.9373,0.0,23.3303,0.0,143.4377,3706.3958,0.0,0.0,0.0,3679.60009765625,down,2025-04-16T12:06:30,0.0,0.0
SPX,2030-12-20,1582,Put,4800.0,SPX301220P04800000,184.7,200.4,192.55,272.66,0.0,0.0,0.0,452.0,0.2727,-0.0812,0.0,23.3303,-0.177,-34.4622,195.145,0.0,0.0,0.0,196.200004577637,down,2026-04-10T15:28:28,0.0,0.0
SPX,2030-12-20,1582,Call,4900.0,SPX301220C04900000,3622.5,3646.5,3634.5,2940.9,0.0,0.0,0.0,217.0,0.2704,0.9328,0.0,24.2887,0.0,145.0279,3636.0212,0.0,0.0,0.0,3594.60009765625,up,2026-02-03T11:30:18,0.0,0.0
SPX,2030-12-20,1582,Put,4900.0,SPX301220P04900000,195.7,211.3,203.5,217.48,0.0,0.0,0.0,965.0,0.2702,-0.0857,0.0,24.2887,-0.1822,-36.3976,206.2919,0.0,0.0,0.0,207.400001525879,no_change,2026-07-22T09:56:47,0.0,0.0
SPX,2030-12-20,1582,Call,5000.0,SPX301220C05000000,3552.5,3576.5,3564.5,3583.95,0.0,0.0,0.0,7439.0,0.2681,0.9282,0.0,25.2579,0.0,146.5364,3566.0865,0.0,0.0,0.0,3539.30004882812,up,2026-08-18T13:33:56,0.0,0.0
SPX,2030-12-20,1582,Put,5000.0,SPX301220P05000000,203.8,226.2,215.0,217.49,0.0,0.0,0.0,7758.0,0.2681,-0.0904,0.0,25.2579,-0.1875,-38.4146,217.8786,0.0,0.0,0.0,219.050003051758,down,2026-08-18T13:33:56,0.0,0.0
SPX,2030-12-20,1582,Call,5100.0,SPX301220C05100000,3482.9,3506.9,3494.9,3332.5,0.0,0.0,0.0,6.0,0.2658,0.9234,0.0,26.2308,0.0,147.978,3496.5999,0.0,0.0,0.0,3454.69995117188,up,2026-07-22T15:44:49,0.0,0.0
SPX,2030-12-20,1582,Put,5100.0,SPX301220P05100000,217.1,236.8,226.95,295.34,0.0,0.0,0.0,54.0,0.2657,-0.0952,0.0,26.2308,-0.1926,-40.4985,229.9135,0.0,0.0,0.0,231.099998474121,down,2026-01-13T12:06:34,0.0,0.0
SPX,2030-12-20,1582,Call,5200.0,SPX301220C05200000,3413.8,3437.8,3425.8,3286.87,0.0,0.0,0.0,4.0,0.2636,0.9184,0.0,27.2059,0.0,149.3648,3427.5651,0.0,0.0,0.0,3385.5,up,2026-08-03T09:34:42,0.0,0.0
SPX,2030-12-20,1582,Put,5200.0,SPX301220P05200000,229.5,249.3,239.4,225.75,0.0,0.0,0.0,383.0,0.2633,-0.1001,0.0,27.2059,-0.1978,-42.6372,242.4001,0.0,0.0,0.0,243.699996948242,down,2026-08-11T10:27:38,0.0,0.0
SPX,2030-12-20,1582,Call,5300.0,SPX301220C05300000,3345.3,3369.3,3357.3,2633.14,0.0,0.0,0.0,6.0,0.2614,0.9133,0.0,28.1875,0.0,150.6965,3358.9836,0.0,0.0,0.0,3316.89990234375,up,2025-12-23T15:41:52,0.0,0.0
SPX,2030-12-20,1582,Put,5300.0,SPX301220P05300000,249.0,262.2,255.6,290.84,0.0,0.0,0.0,38.0,0.2613,-0.1053,0.0,28.1875,-0.2028,-44.831,255.3401,0.0,0.0,0.0,275.800003051758,down,2026-05-12T15:25:06,0.0,0.0
SPX,2030-12-20,1582,Call,5400.0,SPX301220C05400000,3277.2,3301.2,3289.2,3233.84,0.0,0.0,0.0,283.0,0.2593,0.908,0.0,29.1817,0.0,151.9591,3290.8603,0.0,0.0,0.0,3264.19995117188,up,2026-06-02T15:26:30,0.0,0.0
SPX,2030-12-20,1582,Put,5400.0,SPX301220P05400000,254.7,276.7,265.7,286.19,0.0,0.0,0.0,398.0,0.259,-0.1106,0.0,29.1817,-0.2077,-47.0939,268.7382,0.0,0.0,0.0,270.500007629395,down,2026-06-02T15:26:30,0.0,0.0
SPX,2030-12-20,1582,Call,5500.0,SPX301220C05500000,3209.6,3233.6,3221.6,3101.26,0.0,0.0,0.0,53.0,0.2572,0.9025,0.0,30.1911,0.0,153.1348,3223.2051,0.0,0.0,0.0,3180.89990234375,up,2026-07-15T11:58:52,0.0,0.0
SPX,2030-12-20,1582,Put,5500.0,SPX301220P05500000,268.0,291.2,279.6,316.38,0.0,0.0,0.0,1276.0,0.2569,-0.116,0.0,30.1911,-0.2126,-49.4437,282.6044,0.0,0.0,0.0,284.599990844727,no_change,2026-07-17T15:15:21,0.0,0.0
SPX,2030-12-20,1582,Call,5600.0,SPX301220C05600000,3142.6,3166.5,3154.55,2910.56,0.0,0.0,0.0,170.0,0.2552,0.8969,0.0,31.2118,0.0,154.2154,3156.0316,0.0,0.0,0.0,3113.69995117188,up,2026-06-29T11:46:27,0.0,0.0
SPX,2030-12-20,1582,Put,5600.0,SPX301220P05600000,283.1,305.1,294.1,315.76,0.0,0.0,0.0,778.0,0.2546,-0.1216,0.0,31.2118,-0.2173,-51.8887,296.9523,0.0,0.0,0.0,299.25,down,2026-05-28T14:13:35,0.0,0.0
SPX,2030-12-20,1582,Call,5675.0,SPX301220C05675000,3092.7,3116.7,3104.7,3004.31,0.0,0.0,0.0,80.0,0.2536,0.8926,0.0,31.9798,0.0,154.9669,3105.9752,0.0,0.0,0.0,3064.39990234375,up,2026-05-28T14:13:35,0.0,0.0
SPX,2030-12-20,1582,Put,5675.0,SPX301220P05675000,294.3,316.3,305.3,327.79,0.0,0.0,0.0,77.0,0.2531,-0.1259,0.0,31.9798,-0.2208,-53.7812,308.037,0.0,0.0,0.0,310.600006103516,down,2026-05-28T14:13:35,0.0,0.0
SPX,2030-12-20,1582,Call,5700.0,SPX301220C05700000,3076.1,3100.0,3088.05,2643.33,0.0,0.0,0.0,88.0,0.2531,0.8912,0.0,32.2357,0.0,155.2084,3089.3521,0.0,0.0,0.0,3047.80004882812,up,2026-04-30T15:42:56,0.0,0.0
SPX,2030-12-20,1582,Put,5700.0,SPX301220P05700000,298.1,320.1,309.1,380.11,0.0,0.0,0.0,234.0,0.2526,-0.1274,0.0,32.2357,-0.2219,-54.4212,311.7943,0.0,0.0,0.0,314.450004577637,down,2026-04-30T15:42:56,0.0,0.0
SPX,2030-12-20,1582,Call,5800.0,SPX301220C05800000,3010.2,3034.2,3022.2,2883.5,0.0,0.0,0.0,64.0,0.2511,0.8852,0.0001,33.2558,0.0,156.1313,3023.174,0.0,0.0,0.0,2997.80004882812,up,2026-07-21T12:53:30,0.0,0.0
SPX,2030-12-20,1582,Put,5800.0,SPX301220P05800000,313.0,336.2,324.6,348.19,0.0,0.0,0.0,153.0,0.2508,-0.1334,0.0001,33.2558,-0.2264,-57.0238,327.1377,0.0,0.0,0.0,330.25,down,2026-07-21T14:46:19,0.0,0.0
SPX,2030-12-20,1582,Call,5900.0,SPX301220C05900000,2944.8,2968.8,2956.8,2756.08,0.0,0.0,0.0,65.0,0.2492,0.8791,0.0001,34.2704,0.0,156.9989,2957.4992,0.0,0.0,0.0,2932.5,up,2026-06-12T13:35:14,0.0,0.0
SPX,2030-12-20,1582,Put,5900.0,SPX301220P05900000,329.1,352.3,340.70000000000005,337.84,0.0,0.0,0.0,393.0,0.2488,-0.1395,0.0001,34.2704,-0.2307,-59.6816,342.9843,0.0,0.0,0.0,346.599990844727,up,2026-08-13T15:25:27,0.0,0.0
SPX,2030-12-20,1582,Call,6000.0,SPX301220C06000000,2879.9,2903.9,2891.9,2889.61,39.11,1.37204,5.0,10716.0,0.2472,0.8728,0.0001,35.2838,0.0,157.8093,2892.3286,2893.23,2899.11,2889.61,2850.5,down,2026-08-21T14:14:41,0.0,0.0
SPX,2030-12-20,1582,Put,6000.0,SPX301220P06000000,346.3,368.5,357.4,356.62,-6.83,-1.87921,5.0,11053.0,0.2471,-0.1458,0.0001,35.2838,-0.2349,-62.3968,359.3352,357.31,357.31,356.49,363.449996948242,up,2026-08-21T14:14:41,0.0,0.0
SPX,2030-12-20,1582,Call,6100.0,SPX301220C06100000,2816.3,2839.6,2827.95,2677.2,0.0,0.0,0.0,736.0,0.2454,0.8663,0.0001,36.3019,0.0,158.5453,2827.6667,0.0,0.0,0.0,2786.19995117188,up,2026-08-06T15:38:02,0.0,0.0
SPX,2030-12-20,1582,Put,6100.0,SPX301220P06100000,363.0,386.2,374.6,399.47,0.0,0.0,0.0,1260.0,0.245,-0.1522,0.0001,36.3019,-0.239,-65.1862,376.1947,0.0,0.0,0.0,380.900009155273,down,2026-07-22T11:00:32,0.0,0.0
SPX,2030-12-20,1582,Call,6150.0,SPX301220C06150000,2784.4,2807.7,2796.05,2682.12,0.0,0.0,0.0,89.0,0.2444,0.863,0.0001,36.8136,0.0,158.8788,2795.5296,0.0,0.0,0.0,2753.69995117188,down,2026-07-15T12:07:26,0.0,0.0
SPX,2030-12-20,1582,Put,6150.0,SPX301220P06150000,372.5,394.5,383.5,414.46,0.0,0.0,0.0,227.0,0.2438,-0.1555,0.0001,36.8136,-0.2409,-66.6156,384.8183,0.0,0.0,0.0,389.850006103516,up,2026-07-15T12:07:26,0.0,0.0
SPX,2030-12-20,1582,Call,6200.0,SPX301220C06200000,2752.3,2776.0,2764.15,2520.84,0.0,0.0,0.0,880.0,0.2435,0.8597,0.0001,37.327,0.0,159.1865,2763.524,0.0,0.0,0.0,2740.0,down,2026-06-24T13:30:44,0.0,0.0
SPX,2030-12-20,1582,Put,6200.0,SPX301220P06200000,381.5,403.4,392.45,446.0,0.0,0.0,0.0,1700.0,0.2432,-0.1588,0.0001,37.327,-0.2428,-68.0706,393.5734,0.0,0.0,0.0,398.950012207031,down,2026-06-29T11:16:16,0.0,0.0
SPX,2030-12-20,1582,Call,6300.0,SPX301220C06300000,2689.7,2713.0,2701.35,2702.4,25.4,0.948823,1.0,733.0,0.2416,0.8529,0.0001,38.3557,0.0,159.7235,2699.9148,2702.4,2702.4,2702.4,2677.0,up,2026-08-21T12:50:28,0.0,0.0
SPX,2030-12-20,1582,Put,6300.0,SPX301220P06300000,399.8,422.0,410.9,410.88,-6.77,-1.62098,1.0,1212.0,0.2415,-0.1656,0.0001,38.3557,-0.2465,-71.0591,411.4857,410.88,410.88,410.88,417.650009155273,down,2026-08-21T12:50:28,0.0,0.0
SPX,2030-12-20,1582,Call,6400.0,SPX301220C06400000,2627.2,2650.5,2638.85,2644.54,47.04,1.81097,1.0,707.0,0.2398,0.8459,0.0001,39.3801,-0.0098,160.166,2636.8523,2644.54,2644.54,2644.54,2597.5,up,2026-08-21T12:59:12,0.0,0.0
SPX,2030-12-20,1582,Put,6400.0,SPX301220P06400000,418.8,441.0,429.9,429.12,-7.73,-1.76949,1.0,657.0,0.2397,-0.1726,0.0001,39.3801,-0.25,-74.1421,429.9447,429.12,429.12,429.12,436.850006103516,down,2026-08-21T12:59:12,0.0,0.0
SPX,2030-12-20,1582,Call,6500.0,SPX301220C06500000,2565.4,2588.6,2577.0,2660.34,0.0,0.0,0.0,269.0,0.238,0.8388,0.0001,40.393,-0.022,160.5344,2574.344,0.0,0.0,0.0,2552.89990234375,up,2026-08-05T09:57:55,0.0,0.0
SPX,2030-12-20,1582,Put,6500.0,SPX301220P06500000,437.6,461.5,449.55,444.64,0.0,0.0,0.0,483.0,0.2378,-0.1798,0.0001,40.393,-0.2533,-77.2992,448.9577,0.0,0.0,0.0,456.600006103516,up,2026-08-13T15:25:27,0.0,0.0
SPX,2030-12-20,1582,Call,6600.0,SPX301220C06600000,2503.8,2527.1,2515.45,2366.01,0.0,0.0,0.0,493.0,0.2362,0.8314,0.0001,41.3921,-0.0339,160.8472,2512.3915,0.0,0.0,0.0,2491.69995117188,up,2026-07-31T14:36:56,0.0,0.0
SPX,2030-12-20,1582,Put,6600.0,SPX301220P06600000,458.4,480.7,469.54999999999995,498.95,0.0,0.0,0.0,1103.0,0.2358,-0.1871,0.0001,41.3921,-0.2563,-80.5119,468.5268,0.0,0.0,0.0,477.0,down,2026-07-31T14:36:56,0.0,0.0
SPX,2030-12-20,1582,Call,6700.0,SPX301220C06700000,2442.9,2466.3,2454.6000000000004,2327.3,0.0,0.0,0.0,137.0,0.2344,0.8239,0.0001,42.3806,-0.0457,161.1027,2450.9955,0.0,0.0,0.0,2431.10009765625,up,2026-06-22T10:40:55,0.0,0.0
SPX,2030-12-20,1582,Put,6700.0,SPX301220P06700000,479.1,501.4,490.25,522.57,0.0,0.0,0.0,160.0,0.234,-0.1946,0.0001,42.3806,-0.2592,-83.7819,488.6522,0.0,0.0,0.0,497.899993896484,down,2026-07-22T11:00:32,0.0,0.0
SPX,2030-12-20,1582,Call,6800.0,SPX301220C06800000,2382.9,2406.2,2394.55,2375.11,0.0,0.0,0.0,160.0,0.2326,0.8162,0.0001,43.3638,-0.0572,161.2818,2390.1602,0.0,0.0,0.0,2374.5,down,2026-08-20T15:09:15,0.0,0.0
SPX,2030-12-20,1582,Put,6800.0,SPX301220P06800000,499.7,523.6,511.65,518.63,0.0,0.0,0.0,87.0,0.2324,-0.2023,0.0001,43.3638,-0.2618,-87.1283,509.3384,0.0,0.0,0.0,519.400009155273,up,2026-08-20T15:09:15,0.0,0.0
SPX,2030-12-20,1582,Call,6900.0,SPX301220C06900000,2323.1,2346.4,2334.75,2395.7,0.0,0.0,0.0,306.0,0.2308,0.8084,0.0001,44.3443,-0.0684,161.3602,2329.897,0.0,0.0,0.0,2295.30004882812,no_change,2026-08-17T14:19:45,0.0,0.0
SPX,2030-12-20,1582,Put,6900.0,SPX301220P06900000,521.5,544.6,533.05,531.45,0.0,0.0,0.0,393.0,0.2305,-0.2102,0.0001,44.3443,-0.2642,-90.5755,530.5965,0.0,0.0,0.0,541.399993896484,no_change,2026-08-17T14:19:45,0.0,0.0
SPX,2030-12-20,1582,Call,7000.0,SPX301220C07000000,2264.1,2287.4,2275.75,2280.18,27.68,1.22886,2.0,10613.0,0.2291,0.8004,0.0001,45.3195,-0.0795,161.326,2270.2212,2279.83,2280.18,2279.83,2252.5,up,2026-08-21T13:14:33,0.0,0.0
SPX,2030-12-20,1582,Put,7000.0,SPX301220P07000000,544.1,567.3,555.7,554.55,-9.45,-1.67553,2.0,11000.0,0.2287,-0.2182,0.0001,45.3195,-0.2664,-94.1352,552.4423,554.23,554.55,554.23,564.0,up,2026-08-21T13:14:33,0.0,0.0
SPX,2030-12-20,1582,Call,7100.0,SPX301220C07100000,2205.5,2228.8,2217.15,2270.39,0.0,0.0,0.0,60.0,0.2273,0.7922,0.0001,46.2823,-0.0902,161.1893,2211.1478,0.0,0.0,0.0,2178.19995117188,up,2026-08-05T15:15:04,0.0,0.0
SPX,2030-12-20,1582,Put,7100.0,SPX301220P07100000,567.0,590.2,578.6,576.02,0.0,0.0,0.0,176.0,0.2269,-0.2264,0.0001,46.2823,-0.2683,-97.7974,574.8903,0.0,0.0,0.0,587.099990844726,down,2026-08-05T15:15:04,0.0,0.0
SPX,2030-12-20,1582,Call,7200.0,SPX301220C07200000,2147.2,2170.6,2158.8999999999996,2172.88,0.0,0.0,0.0,38.0,0.2255,0.7838,0.0001,47.2257,-0.1007,160.9745,2152.6854,0.0,0.0,0.0,2136.0,up,2026-08-04T11:05:00,0.0,0.0
SPX,2030-12-20,1582,Put,7200.0,SPX301220P07200000,590.2,614.1,602.1500000000001,606.66,0.0,0.0,0.0,31.0,0.2252,-0.2348,0.0001,47.2257,-0.2699,-101.5377,597.9493,0.0,0.0,0.0,610.700012207031,down,2026-08-04T11:05:00,0.0,0.0
SPX,2030-12-20,1582,Call,7300.0,SPX301220C07300000,2089.8,2113.1,2101.45,2143.83,0.0,0.0,0.0,102.0,0.2237,0.7752,0.0001,48.1465,-0.1109,160.7041,2094.8362,0.0,0.0,0.0,2063.10003662109,up,2026-08-12T12:29:50,0.0,0.0
SPX,2030-12-20,1582,Put,7300.0,SPX301220P07300000,614.4,637.6,626.0,621.58,0.0,0.0,0.0,124.0,0.2233,-0.2434,0.0001,48.1465,-0.2712,-105.3336,621.6216,0.0,0.0,0.0,634.899993896484,down,2026-08-12T12:29:50,0.0,0.0
SPX,2030-12-20,1582,Call,7400.0,SPX301220C07400000,2032.2,2056.1,2044.15,2110.96,0.0,0.0,0.0,20.0,0.2218,0.7664,0.0001,49.0467,-0.1208,160.3784,2037.6007,0.0,0.0,0.0,2021.80004882812,up,2026-08-17T13:17:52,0.0,0.0
SPX,2030-12-20,1582,Put,7400.0,SPX301220P07400000,638.9,662.1,650.5,660.0,0.0,0.0,0.0,299.0,0.2215,-0.2521,0.0001,49.0467,-0.2723,-109.1848,645.9075,0.0,0.0,0.0,659.600006103516,up,2026-08-18T11:40:28,0.0,0.0
SPX,2030-12-20,1582,Call,7500.0,SPX301220C07500000,1975.7,1999.7,1987.7,1989.4,24.4,1.24173,2.0,215.0,0.22,0.7575,0.0001,49.9305,-0.1305,159.9758,1980.9834,1989.44,1989.44,1989.4,1965.0,down,2026-08-21T13:13:53,0.0,0.0
SPX,2030-12-20,1582,Put,7500.0,SPX301220P07500000,663.6,687.1,675.35,675.3,-9.55,-1.39447,2.0,279.0,0.2196,-0.261,0.0001,49.9305,-0.273,-113.1129,670.8117,675.36,675.36,675.3,684.850006103516,down,2026-08-21T13:13:53,0.0,0.0
SPX,2030-12-20,1582,Call,7600.0,SPX301220C07600000,1919.8,1943.8,1931.8,1861.1,0.0,0.0,0.0,253.0,0.2182,0.7484,0.0001,50.8002,-0.1398,159.4678,1924.9967,0.0,0.0,0.0,1913.89996337891,up,2026-08-03T10:00:21,0.0,0.0
SPX,2030-12-20,1582,Put,7600.0,SPX301220P07600000,689.9,712.2,701.05,693.88,0.0,0.0,0.0,229.0,0.2178,-0.2701,0.0001,50.8002,-0.2735,-117.1464,696.3464,0.0,0.0,0.0,710.600006103516,down,2026-08-13T10:40:17,0.0,0.0
SPX,2030-12-20,1582,Call,7700.0,SPX301220C07700000,1864.4,1888.3,1876.35,1894.46,0.0,0.0,0.0,37.0,0.2163,0.7392,0.0001,51.6538,-0.1489,158.8394,1869.658,0.0,0.0,0.0,1851.80004882812,down,2026-08-18T11:33:43,0.0,0.0
SPX,2030-12-20,1582,Put,7700.0,SPX301220P07700000,715.5,738.7,727.1,736.53,0.0,0.0,0.0,31.0,0.2159,-0.2794,0.0001,51.6538,-0.2737,-121.3002,722.5291,0.0,0.0,0.0,736.850006103516,up,2026-08-20T10:16:48,0.0,0.0
SPX,2030-12-20,1582,Call,7800.0,SPX301220C07800000,1809.4,1833.4,1821.4,1839.68,0.0,0.0,0.0,51.0,0.2144,0.7297,0.0001,52.4852,-0.1576,158.1022,1814.984,0.0,0.0,0.0,1796.09997558594,down,2026-08-18T11:33:43,0.0,0.0
SPX,2030-12-20,1582,Put,7800.0,SPX301220P07800000,742.1,765.3,753.7,761.63,0.0,0.0,0.0,73.0,0.214,-0.2888,0.0001,52.4852,-0.2735,-125.563,749.3766,0.0,0.0,0.0,763.649993896484,down,2026-08-18T11:33:43,0.0,0.0
SPX,2030-12-20,1582,Call,7900.0,SPX301220C07900000,1755.0,1779.0,1767.0,1586.97,0.0,0.0,0.0,2.0,0.2125,0.7201,0.0001,53.2885,-0.166,157.2849,1760.9851,0.0,0.0,0.0,1740.90002441406,down,2026-07-27T11:10:01,0.0,0.0
SPX,2030-12-20,1582,Put,7900.0,SPX301220P07900000,769.2,792.2,780.7,772.0,0.0,0.0,0.0,9.0,0.2122,-0.2985,0.0001,53.2885,-0.273,-129.9058,776.8992,0.0,0.0,0.0,790.950012207031,down,2026-08-14T15:18:10,0.0,0.0
SPX,2030-12-20,1582,Call,8000.0,SPX301220C08000000,1701.2,1725.1,1713.15,1711.3,15.3,0.902123,3.0,9595.0,0.2106,0.7103,0.0001,54.0604,-0.174,156.4149,1707.6642,1716.31,1716.33,1711.3,1696.0,down,2026-08-21T14:14:41,0.0,0.0
SPX,2030-12-20,1582,Put,8000.0,SPX301220P08000000,796.8,820.0,808.4,807.31,-11.49,-1.40328,3.0,9456.0,0.2102,-0.3083,0.0001,54.0604,-0.2722,-134.3013,805.0997,807.46,807.46,807.31,818.800018310547,down,2026-08-21T14:14:41,0.0,0.0
SPX,2030-12-20,1582,Call,8100.0,SPX301220C08100000,1538.8,1782.4,1660.6,1469.82,0.0,0.0,0.0,15.0,0.0,0.7003,0.0001,54.8017,-0.1817,155.4926,1655.0222,0.0,0.0,0.0,1630.19995117188,down,2026-07-27T11:59:20,0.0,0.0
SPX,2030-12-20,1582,Put,8100.0,SPX301220P08100000,715.6,959.1,837.35,916.33,0.0,0.0,0.0,53.0,0.0,-0.3183,0.0001,54.8017,-0.271,-138.7492,833.9791,0.0,0.0,0.0,847.100006103516,up,2026-07-27T11:59:20,0.0,0.0
SPX,2030-12-20,1582,Call,8200.0,SPX301220C08200000,1595.0,1618.9,1606.95,1350.13,0.0,0.0,0.0,459.0,0.2068,0.6901,0.0001,55.515,-0.1891,154.4923,1603.0652,0.0,0.0,0.0,1575.59997558594,down,2026-06-11T09:40:07,0.0,0.0
SPX,2030-12-20,1582,Put,8200.0,SPX301220P08200000,853.3,877.3,865.3,863.29,0.0,0.0,0.0,636.0,0.2064,-0.3284,0.0001,55.515,-0.2696,-143.275,863.5436,0.0,0.0,0.0,876.049987792969,down,2026-08-17T15:33:27,0.0,0.0
SPX,2030-12-20,1582,Call,8300.0,SPX301220C08300000,1430.8,1680.5,1555.65,1579.81,0.0,0.0,0.0,130.0,0.0,0.6798,0.0001,56.2012,-0.1961,153.3806,1551.8081,0.0,0.0,0.0,1521.69995117188,down,2026-08-19T15:26:15,0.0,0.0
SPX,2030-12-20,1582,Put,8300.0,SPX301220P08300000,770.7,1020.1,895.4000000000001,900.9,0.0,0.0,0.0,153.0,0.0,-0.3388,0.0001,56.2012,-0.2677,-147.9122,893.8079,0.0,0.0,0.0,905.649993896484,up,2026-08-18T14:49:22,0.0,0.0
SPX,2030-12-20,1582,Call,8400.0,SPX301220C08400000,1491.3,1515.3,1503.3,1570.42,0.0,0.0,0.0,110.0,0.2028,0.6693,0.0001,56.8584,-0.2027,152.1423,1501.2715,0.0,0.0,0.0,1486.59997558594,up,2026-08-10T09:56:36,0.0,0.0
SPX,2030-12-20,1582,Put,8400.0,SPX301220P08400000,913.3,935.6,924.45,914.75,0.0,0.0,0.0,42.0,0.2024,-0.3492,0.0001,56.8584,-0.2655,-152.676,924.7927,0.0,0.0,0.0,935.850006103516,up,2026-08-13T15:22:12,0.0,0.0
SPX,2030-12-20,1582,Call,8500.0,SPX301220C08500000,1325.7,1580.9,1453.3000000000002,1521.55,0.0,0.0,0.0,19.0,0.0,0.6586,0.0001,57.4817,-0.209,150.7943,1451.4748,0.0,0.0,0.0,1430.85003662109,up,2026-08-14T15:56:18,0.0,0.0
SPX,2030-12-20,1582,Put,8500.0,SPX301220P08500000,828.6,1083.4,956.0,955.14,0.0,0.0,0.0,50.0,0.0,-0.3599,0.0001,57.4817,-0.2629,-157.5495,956.5175,0.0,0.0,0.0,966.800018310547,up,2026-08-19T15:17:59,0.0,0.0
SPX,2030-12-20,1582,Call,8600.0,SPX301220C08600000,1390.3,1414.2,1402.25,1350.0,0.0,0.0,0.0,183.0,0.199,0.6478,0.0001,58.0669,-0.2149,149.3727,1402.4296,0.0,0.0,0.0,1380.90002441406,up,2026-05-29T13:35:03,0.0,0.0
SPX,2030-12-20,1582,Put,8600.0,SPX301220P08600000,974.6,998.5,986.55,977.02,0.0,0.0,0.0,198.0,0.1986,-0.3707,0.0001,58.0669,-0.2599,-162.4966,988.9937,0.0,0.0,0.0,998.450012207031,up,2026-08-17T10:18:42,0.0,0.0
SPX,2030-12-20,1582,Call,8700.0,SPX301220C08700000,1223.7,1483.8,1353.75,1298.56,0.0,0.0,0.0,19.0,0.0,0.6368,0.0001,58.612,-0.2204,147.9068,1354.1398,0.0,0.0,0.0,1331.70001220703,up,2026-06-03T09:59:33,0.0,0.0
SPX,2030-12-20,1582,Put,8700.0,SPX301220P08700000,889.7,1149.3,1019.5,1068.13,0.0,0.0,0.0,6.0,0.0,-0.3817,0.0001,58.612,-0.2565,-167.488,1022.2254,0.0,0.0,0.0,1030.75003051758,up,2026-07-22T14:02:42,0.0,0.0
SPX,2030-12-20,1582,Call,8800.0,SPX301220C08800000,1292.3,1316.3,1304.3,1330.95,0.0,0.0,0.0,178.0,0.1951,0.6257,0.0001,59.117,-0.2256,146.391,1306.6089,0.0,0.0,0.0,1283.29998779297,no_change,2026-08-06T12:02:48,0.0,0.0
SPX,2030-12-20,1582,Put,8800.0,SPX301220P08800000,1039.5,1063.5,1051.5,1033.91,0.0,0.0,0.0,4.0,0.1947,-0.3929,0.0001,59.117,-0.2528,-172.5292,1056.2159,0.0,0.0,0.0,1063.95001220703,up,2026-08-10T11:45:00,0.0,0.0
SPX,2030-12-20,1582,Call,9000.0,SPX301220C09000000,1197.6,1221.5,1209.55,1232.61,0.0,0.0,0.0,885.0,0.1914,0.6029,0.0001,60.0058,-0.2346,143.0711,1213.878,0.0,0.0,0.0,1189.19995117188,up,2026-08-19T15:26:15,0.0,0.0
SPX,2030-12-20,1582,Put,9000.0,SPX301220P09000000,1107.9,1131.7,1119.8000000000002,1115.09,0.0,0.0,0.0,404.0,0.1909,-0.4156,0.0001,60.0058,-0.2442,-182.9002,1126.5279,0.0,0.0,0.0,1133.0,down,2026-08-17T15:33:27,0.0,0.0
SPX,2030-12-20,1582,Call,9200.0,SPX301220C09200000,1106.6,1130.6,1118.6,775.09,0.0,0.0,0.0,430.0,0.1877,0.5796,0.0001,60.719,-0.2421,139.281,1124.4147,0.0,0.0,0.0,1098.59997558594,up,2026-04-27T14:31:50,0.0,0.0
SPX,2030-12-20,1582,Put,9200.0,SPX301220P09200000,1179.8,1203.6,1191.6999999999998,1190.59,0.0,0.0,0.0,188.0,0.1872,-0.439,0.0001,60.719,-0.2339,-193.7413,1200.1075,0.0,0.0,0.0,1205.70001220703,down,2026-08-19T15:17:59,0.0,0.0
SPX,2030-12-20,1582,Call,9400.0,SPX301220C09400000,1019.3,1043.3,1031.3,935.61,0.0,0.0,0.0,32.0,0.1841,0.5557,0.0001,61.2433,-0.248,135.265,1038.3608,0.0,0.0,0.0,1011.95001220703,up,2026-06-17T11:44:01,0.0,0.0
SPX,2030-12-20,1582,Put,9400.0,SPX301220P09400000,1255.5,1279.1,1267.3,1243.81,0.0,0.0,0.0,34.0,0.1837,-0.4629,0.0001,61.2433,-0.222,-204.8084,1277.0966,0.0,0.0,0.0,1282.25,up,2026-08-10T11:45:00,0.0,0.0
SPX,2030-12-20,1582,Call,9500.0,SPX301220C09500000,854.3,1126.1,990.1999999999999,842.62,0.0,0.0,0.0,68.0,0.0,0.5436,0.0001,61.4323,-0.2503,133.188,996.6384,0.0,0.0,0.0,970.149963378906,down,2026-07-24T15:47:26,0.0,0.0
SPX,2030-12-20,1582,Put,9500.0,SPX301220P09500000,1172.1,1443.5,1307.8,1412.25,0.0,0.0,0.0,23.0,0.0,-0.475,0.0001,61.4323,-0.2155,-210.4109,1316.8956,0.0,0.0,0.0,1322.04998779297,down,2026-07-24T15:47:26,0.0,0.0
SPX,2030-12-20,1582,Call,9550.0,SPX301220C09550000,833.5,1105.5,969.5,0.0,0.0,0.0,0.0,0.0,0.0,0.5374,0.0001,61.5073,-0.2514,132.1149,976.1121,0.0,0.0,0.0,949.650024414062,no_change,,0.0,0.0
SPX,2030-12-20,1582,Put,9550.0,SPX301220P09550000,1192.0,1463.7,1327.85,1763.4,0.0,0.0,0.0,3.0,0.0,-0.4811,0.0001,61.5073,-0.2121,-213.2468,1337.13,0.0,0.0,0.0,1342.29998779297,no_change,2026-02-10T10:07:30,0.0,0.0
SPX,2030-12-20,1582,Call,9600.0,SPX301220C09600000,936.2,960.2,948.2,465.0,0.0,0.0,0.0,17.0,0.1807,0.5313,0.0001,61.5685,-0.2523,131.012,955.8146,0.0,0.0,0.0,929.399993896484,up,2025-10-10T11:28:15,0.0,0.0
SPX,2030-12-20,1582,Put,9600.0,SPX301220P09600000,1335.3,1359.3,1347.3,1788.7,0.0,0.0,0.0,9.0,0.1803,-0.4872,0.0001,61.5685,-0.2086,-216.1124,1357.5932,0.0,0.0,0.0,1362.90002441406,no_change,2026-02-10T10:07:30,0.0,0.0
SPX,2030-12-20,1582,Call,9800.0,SPX301220C09800000,857.3,881.3,869.3,789.0,0.0,0.0,0.0,762.0,0.1775,0.5066,0.0001,61.6711,-0.2549,126.3098,877.0065,0.0,0.0,0.0,851.149993896484,up,2026-06-16T14:34:04,0.0,0.0
SPX,2030-12-20,1582,Put,9800.0,SPX301220P09800000,1419.4,1442.8,1431.1,1849.6,0.0,0.0,0.0,410.0,0.177,-0.512,0.0001,61.6711,-0.1935,-227.8656,1441.828,0.0,0.0,0.0,1447.75,down,2026-02-03T11:30:18,0.0,0.0
SPX,2030-12-20,1582,Call,10000.0,SPX301220C10000000,782.8,806.8,794.8,843.24,0.0,0.0,0.0,1398.0,0.1744,0.4815,0.0001,61.557,-0.256,121.4,802.1894,0.0,0.0,0.0,777.299987792969,up,2026-08-12T10:21:03,0.0,0.0
SPX,2030-12-20,1582,Put,10000.0,SPX301220P10000000,1508.0,1531.7,1519.85,1501.26,0.0,0.0,0.0,139.0,0.1739,-0.537,0.0001,61.557,-0.1768,-239.8264,1530.0538,0.0,0.0,0.0,1537.15002441406,down,2026-08-12T10:21:03,0.0,0.0
SPX,2030-12-20,1582,Call,10200.0,SPX301220C10200000,712.7,736.7,724.7,663.6,0.0,0.0,0.0,21.0,0.1715,0.4563,0.0001,61.2289,-0.2556,116.3674,731.5739,0.0,0.0,0.0,707.900024414062,up,2026-07-10T12:58:31,0.0,0.0
SPX,2030-12-20,1582,Put,10200.0,SPX301220P10200000,1600.8,1624.8,1612.8,1814.65,0.0,0.0,0.0,8.0,0.171,-0.5622,0.0001,61.2289,-0.1587,-251.91,1622.4812,0.0,0.0,0.0,1630.95001220703,up,2026-06-10T13:17:06,0.0,0.0
SPX,2030-12-20,1582,Call,10400.0,SPX301220C10400000,647.2,671.2,659.2,561.4,0.0,0.0,0.0,200.0,0.1688,0.4312,0.0001,60.6527,-0.2539,110.9901,665.5427,0.0,0.0,0.0,643.050018310547,no_change,2026-07-31T12:29:35,0.0,0.0
SPX,2030-12-20,1582,Put,10400.0,SPX301220P10400000,1698.3,1722.2,1710.25,1920.85,0.0,0.0,0.0,56.0,0.1683,-0.5874,0.0001,60.6527,-0.1392,-264.3384,1719.4929,0.0,0.0,0.0,1729.29998779297,up,2026-06-10T13:17:06,0.0,0.0
SPX,2030-12-20,1582,Call,10600.0,SPX301220C10600000,586.1,610.1,598.1,511.87,0.0,0.0,0.0,77.0,0.1662,0.4064,0.0001,59.8619,-0.251,105.5431,604.5756,0.0,0.0,0.0,582.699996948242,up,2026-07-07T15:25:13,0.0,0.0
SPX,2030-12-20,1582,Put,10600.0,SPX301220P10600000,1800.3,1824.2,1812.25,2029.0,0.0,0.0,0.0,7.0,0.1657,-0.6122,0.0001,59.8619,-0.1186,-276.8364,1821.5686,0.0,0.0,0.0,1832.09997558594,down,2026-05-12T14:06:21,0.0,0.0
SPX,2030-12-20,1582,Call,10800.0,SPX301220C10800000,529.5,553.5,541.5,530.54,0.0,0.0,0.0,130.0,0.1637,0.3822,0.0001,58.8991,-0.2473,100.1799,549.1872,0.0,0.0,0.0,526.800003051758,up,2026-08-04T10:29:00,0.0,0.0
SPX,2030-12-20,1582,Put,10800.0,SPX301220P10800000,1906.5,1930.5,1918.5,2479.97,0.0,0.0,0.0,4.0,0.1633,-0.6363,0.0001,58.8991,-0.0971,-289.2506,1929.2232,0.0,0.0,0.0,1939.35003662109,up,2026-02-11T14:39:33,0.0,0.0
SPX,2030-12-20,1582,Call,11000.0,SPX301220C11000000,477.2,501.1,489.15,515.0,0.0,0.0,0.0,947.0,0.1618,0.3592,0.0001,57.7498,-0.2431,94.7605,500.144,0.0,0.0,0.0,475.250015258789,down,2026-08-19T12:20:09,0.0,0.0
SPX,2030-12-20,1582,Put,11000.0,SPX301220P11000000,2017.2,2041.2,2029.2,2178.0,0.0,0.0,0.0,130.0,0.161,-0.6593,0.0001,57.7498,-0.0752,-301.721,2043.2229,0.0,0.0,0.0,2052.19995117188,down,2026-07-23T12:11:22,0.0,0.0
SPX,2030-12-20,1582,Call,11200.0,SPX301220C11200000,429.2,453.2,441.2,357.9,0.0,0.0,0.0,387.0,0.1596,0.3379,0.0001,56.4987,-0.2391,89.6215,458.1775,0.0,0.0,0.0,427.999984741211,up,2026-06-24T11:16:46,0.0,0.0
SPX,2030-12-20,1582,Put,11200.0,SPX301220P11200000,2132.3,2156.2,2144.25,2735.33,0.0,0.0,0.0,0.0,0.159,-0.6806,0.0001,56.4987,-0.0534,-313.911,2164.2992,0.0,0.0,0.0,2169.30004882812,up,2026-04-14T11:39:04,0.0,0.0
SPX,2030-12-20,1582,Call,11400.0,SPX301220C11400000,385.3,409.3,397.3,405.97,0.0,0.0,0.0,277.0,0.1577,0.3182,0.0001,55.21,-0.235,84.8584,421.6849,0.0,0.0,0.0,384.75,up,2026-08-18T13:51:09,0.0,0.0
SPX,2030-12-20,1582,Put,11400.0,SPX301220P11400000,2251.2,2275.2,2263.2,2739.28,0.0,0.0,0.0,2.0,0.157,-0.7004,0.0001,55.21,-0.0316,-325.7251,2290.8496,0.0,0.0,0.0,2288.69995117188,down,2026-04-22T11:29:05,0.0,0.0
SPX,2030-12-20,1582,Call,11800.0,SPX301220C11800000,207.4,439.0,323.2,0.0,0.0,0.0,0.0,0.0,0.0,0.2807,0.0001,52.2618,-0.2245,75.4413,355.4869,0.0,0.0,0.0,310.049995422363,no_change,,0.0,0.0
SPX,2030-12-20,1582,Put,11800.0,SPX301220P11800000,2398.6,2631.5,2515.05,0.0,0.0,0.0,0.0,0.0,0.0,-0.7378,0.0001,52.2618,0.0,-349.2442,2550.7374,0.0,0.0,0.0,2544.30004882812,no_change,,0.0,0.0
SPX,2030-12-20,1582,Call,12000.0,SPX301220C12000000,276.7,300.0,288.35,293.0,14.9,5.35778,10.0,7190.0,0.1532,0.2629,0.0001,50.6703,-0.2182,71.02,325.5273,293.0,293.0,293.0,278.100006103516,no_change,2026-08-21T13:08:56,0.0,0.0
SPX,2030-12-20,1582,Put,12000.0,SPX301220P12000000,2631.3,2655.1,2643.2,2761.59,0.0,0.0,0.0,71.0,0.1523,-0.7556,0.0001,50.6703,0.0,-360.7166,2683.8207,0.0,0.0,0.0,2676.69995117188,down,2026-07-14T10:19:56,0.0,0.0
SPX,2030-12-20,1582,Call,13000.0,SPX301220C13000000,68.3,276.6,172.45000000000002,180.1,0.0,0.0,0.0,1054.0,0.0,0.1849,0.0001,41.8804,-0.1801,50.8916,204.7785,0.0,0.0,0.0,163.249996185303,up,2026-08-10T14:44:39,0.0,0.0
SPX,2030-12-20,1582,Put,13000.0,SPX301220P13000000,3195.2,3495.2,3345.2,3776.77,0.0,0.0,0.0,1.0,0.0,-0.8336,0.0001,41.8804,0.0,-416.1,3378.2863,0.0,0.0,0.0,3377.19995117188,down,2026-05-05T12:09:29,0.0,0.0
SPX,2030-12-20,1582,Call,14000.0,SPX301220C14000000,50.0,350.0,200.0,109.3,0.0,0.0,0.0,651.0,0.0,0.1261,0.0001,32.9202,-0.1399,35.1561,126.1687,0.0,0.0,0.0,101.599998474121,down,2026-08-18T12:04:42,0.0,0.0
SPX,2030-12-20,1582,Put,14000.0,SPX301220P14000000,3943.1,4243.1,4093.1000000000004,4301.99,0.0,0.0,0.0,2.0,0.0,-0.8924,0.0001,32.9202,0.0,-467.0906,4114.891,0.0,0.0,0.0,4130.79992675781,down,2026-05-14T15:26:10,0.0,0.0
SPX,2030-12-20,1582,Call,15000.0,SPX301220C15000000,39.2,339.2,189.2,77.33,-6.37,-7.61051,4.0,725.0,0.0,0.0858,0.0001,25.288,-0.1063,24.1693,79.2124,81.42,81.42,77.33,83.6999988555908,down,2026-08-21T11:59:34,0.0,0.0
SPX,2030-12-20,1582,Put,15000.0,SPX301220P15000000,4719.1,5019.1,4869.1,5236.05,0.0,0.0,0.0,10.0,0.0,-0.9327,0.0001,25.288,0.0,-513.3326,4883.1491,0.0,0.0,0.0,4908.10009765625,down,2026-05-12T11:41:09,0.0,0.0
SPX,2030-12-20,1582,Call,16000.0,SPX301220C16000000,18.0,318.0,168.0,59.97,1.02,1.73028,1.0,878.0,0.2452,0.0604,0.0,19.58,-0.0822,17.0777,52.748,59.97,59.97,59.97,58.9500007629394,down,2026-08-21T10:24:19,0.0,0.0
SPX,2030-12-20,1582,Put,16000.0,SPX301220P16000000,5510.2,5810.2,5660.2,5811.93,0.0,0.0,0.0,2.0,0.0,-0.9582,0.0,19.58,0.0,-555.6792,5671.8992,0.0,0.0,0.0,5700.2998046875,up,2026-07-16T14:46:27,0.0,0.0
SPX,2030-12-20,1582,Call,17000.0,SPX301220C17000000,22.8,42.6,32.7,40.0,3.55,9.73937,1.0,27.0,0.1553,0.0442,0.0,15.4572,-0.0653,12.5038,37.254,40.0,40.0,40.0,36.4499998092651,down,2026-08-21T11:55:44,0.0,0.0
SPX,2030-12-20,1582,Put,17000.0,SPX301220P17000000,6309.1,6609.1,6459.1,6616.43,0.0,0.0,0.0,2.0,0.0,-0.9744,0.0,15.4572,0.0,-595.5082,6471.6197,0.0,0.0,0.0,6501.5,down,2026-07-16T14:46:27,0.0,0.0
SPX,2031-12-19,1946,Call,2000.0,SPX311219C02000000,5708.9,6008.9,5858.9,5831.58,-1.3199,-0.0226286,2.0,230.0,0.0,1.0,0.0,5.4378,0.0,89.4597,5859.6704,5822.15,5831.58,5822.15,5832.89990234375,up,2026-08-21T11:26:42,0.0,0.0
SPX,2031-12-19,1946,Put,2000.0,SPX311219P02000000,26.0,45.0,35.5,32.5,0.0,0.0,0.0,258.0,0.3696,-0.0122,0.0,5.4378,-0.0452,-6.5339,34.0246,0.0,0.0,0.0,34.0499992370606,up,2026-08-20T15:19:17,0.0,0.0
SPX,2031-12-19,1946,Call,2400.0,SPX311219C02400000,5412.7,5712.7,5562.7,5594.05,0.0,0.0,0.0,1.0,0.0,1.0,0.0,7.4271,0.0,103.1194,5563.3592,0.0,0.0,0.0,5536.39990234375,up,2026-08-19T12:38:55,0.0,0.0
SPX,2031-12-19,1946,Put,2400.0,SPX311219P02400000,2.15,61.5,31.825,41.45,0.0,0.0,0.0,13.0,0.3228,-0.0175,0.0,7.4271,-0.0581,-9.3705,48.0034,0.0,0.0,0.0,33.5999999046326,up,2026-08-19T14:56:42,0.0,0.0
SPX,2031-12-19,1946,Call,2800.0,SPX311219C02800000,5119.6,5419.6,5269.6,5184.19,0.0,0.0,0.0,1.0,0.0,1.0,0.0,9.7797,0.0,116.0333,5270.9722,0.0,0.0,0.0,5242.7001953125,up,2026-06-04T13:04:13,0.0,0.0
SPX,2031-12-19,1946,Put,2800.0,SPX311219P02800000,0.05,130.1,65.075,62.5,0.0,0.0,0.0,805.0,0.0,-0.0242,0.0,9.7797,-0.0725,-12.9529,65.7524,0.0,0.0,0.0,64.0,down,2026-08-07T10:13:03,0.0,0.0
SPX,2031-12-19,1946,Call,3200.0,SPX311219C03200000,4830.5,5130.5,4980.5,4779.38,0.0,0.0,0.0,5.0,0.0,0.9929,0.0,12.4629,0.0,128.1116,4982.68,0.0,0.0,0.0,4953.5,down,2026-07-31T12:47:00,0.0,0.0
SPX,2031-12-19,1946,Put,3200.0,SPX311219P03200000,0.05,130.1,65.075,87.8,0.0,0.0,0.0,3029.0,0.0,-0.0326,0.0,12.4629,-0.0882,-17.3709,87.9041,0.0,0.0,0.0,77.250002861023,down,2026-08-03T10:08:49,0.0,0.0
SPX,2031-12-19,1946,Call,3600.0,SPX311219C03600000,4545.7,4845.7,4695.7,4534.88,0.0,0.0,0.0,4.0,0.0,0.9829,0.0,15.4993,0.0,139.2048,4699.5162,0.0,0.0,0.0,4669.5,up,2026-07-21T14:14:35,0.0,0.0
SPX,2031-12-19,1946,Put,3600.0,SPX311219P03600000,9.6,309.6,159.60000000000002,121.0,0.0,0.0,0.0,264.0,0.0,-0.0426,0.0,15.4993,-0.1049,-22.774,115.0303,0.0,0.0,0.0,111.350002288818,no_change,2026-07-27T13:52:03,0.0,0.0
SPX,2031-12-19,1946,Call,4000.0,SPX311219C04000000,4266.5,4566.5,4416.5,4471.52,0.0,0.0,0.0,2584.0,0.0,0.971,0.0,18.8274,0.0,149.3314,4421.8623,0.0,0.0,0.0,4389.60009765625,up,2026-08-11T12:14:55,0.0,0.0
SPX,2031-12-19,1946,Put,4000.0,SPX311219P04000000,2.0,302.0,152.0,150.3,0.0,0.0,0.0,3089.0,0.0,-0.0544,0.0,18.8274,-0.1222,-29.1436,147.6663,0.0,0.0,0.0,142.899997711182,up,2026-08-12T10:08:56,0.0,0.0
SPX,2031-12-19,1946,Call,4400.0,SPX311219C04400000,3993.0,4293.0,4143.0,3932.16,0.0,0.0,0.0,1.0,0.0,0.9572,0.0,22.4096,0.0,158.3318,4150.2277,0.0,0.0,0.0,4117.39990234375,up,2026-07-31T11:06:05,0.0,0.0
SPX,2031-12-19,1946,Put,4400.0,SPX311219P04400000,42.7,342.7,192.7,178.0,0.0,0.0,0.0,882.0,0.0,-0.0682,0.0,22.4096,-0.1396,-36.6395,186.3217,0.0,0.0,0.0,180.849994659424,down,2026-08-03T14:09:48,0.0,0.0
SPX,2031-12-19,1946,Call,4800.0,SPX311219C04800000,3726.6,4026.6,3876.6,3787.31,0.0,0.0,0.0,10.0,0.0,0.9415,0.0,26.2206,0.0,166.2302,3884.961,0.0,0.0,0.0,3851.10009765625,up,2026-06-04T13:04:13,0.0,0.0
SPX,2031-12-19,1946,Put,4800.0,SPX311219P04800000,70.6,370.6,220.60000000000002,230.0,0.0,0.0,0.0,476.0,0.0,-0.084,0.0,26.2206,-0.1568,-45.2375,231.345,0.0,0.0,0.0,225.599998474121,down,2026-07-06T12:27:11,0.0,0.0
SPX,2031-12-19,1946,Call,5000.0,SPX311219C05000000,3596.3,3896.3,3746.3,3763.53,42.83,1.15113,2.0,4751.0,0.0,0.9328,0.0,28.1776,0.0,169.7195,3754.8488,3753.6,3763.53,3753.6,3720.69995117188,up,2026-08-21T11:26:42,0.0,0.0
SPX,2031-12-19,1946,Put,5000.0,SPX311219P05000000,93.2,393.2,243.2,291.45,40.75,16.2545,2.0,5092.0,0.0,-0.0927,0.0,28.1776,-0.1651,-49.9964,256.3778,293.45,293.45,291.45,250.700004577637,down,2026-08-21T11:26:42,0.0,0.0
SPX,2031-12-19,1946,Call,5200.0,SPX311219C05200000,3467.9,3767.9,3617.9,3673.22,0.0,0.0,0.0,43.0,0.0,0.9237,0.0,30.1504,0.0,172.9802,3626.441,0.0,0.0,0.0,3591.5,up,2026-08-05T15:39:43,0.0,0.0
SPX,2031-12-19,1946,Put,5200.0,SPX311219P05200000,119.6,419.6,269.6,272.82,0.0,0.0,0.0,1147.0,0.0,-0.1018,0.0,30.1504,-0.1731,-54.9837,283.1149,0.0,0.0,0.0,277.599998474121,down,2026-08-05T15:39:43,0.0,0.0
SPX,2031-12-19,1946,Call,5600.0,SPX311219C05600000,3216.5,3516.5,3366.5,3426.0,0.0,0.0,0.0,19.0,0.0,0.9039,0.0,34.2117,0.0,178.5228,3374.8334,0.0,0.0,0.0,3341.39990234375,up,2026-08-05T13:35:05,0.0,0.0
SPX,2031-12-19,1946,Put,5600.0,SPX311219P05600000,178.4,478.4,328.4,320.0,0.0,0.0,0.0,1115.0,0.0,-0.1216,0.0,34.2117,-0.1882,-65.9375,341.7973,0.0,0.0,0.0,336.949996948242,down,2026-08-10T15:15:50,0.0,0.0
SPX,2031-12-19,1946,Call,5800.0,SPX311219C05800000,3093.8,3393.8,3243.8,3109.34,0.0,0.0,0.0,96.0,0.0,0.8932,0.0,36.2394,0.0,180.8496,3251.7104,0.0,0.0,0.0,3217.80004882812,down,2026-07-14T09:48:21,0.0,0.0
SPX,2031-12-19,1946,Put,5800.0,SPX311219P05800000,210.6,510.6,360.6,374.0,0.0,0.0,0.0,1655.0,0.0,-0.1323,0.0,36.2394,-0.1951,-71.8588,373.8193,0.0,0.0,0.0,369.550003051758,down,2026-08-03T09:47:03,0.0,0.0
SPX,2031-12-19,1946,Call,6000.0,SPX311219C06000000,2972.9,3272.9,3122.9,3137.62,39.5199,1.27562,9.0,7297.0,0.0,0.8821,0.0,38.2589,0.0,182.9494,3130.3615,3000.0,3137.62,3000.0,3098.10009765625,up,2026-08-21T11:42:41,0.0,0.0
SPX,2031-12-19,1946,Put,6000.0,SPX311219P06000000,244.8,544.8,394.79999999999995,395.43,-8.62,-2.1334,9.0,7189.0,0.0,-0.1434,0.0,38.2589,-0.2016,-78.0072,407.6153,400.0,400.0,395.43,404.050003051758,down,2026-08-21T11:42:41,0.0,0.0
SPX,2031-12-19,1946,Call,6400.0,SPX311219C06400000,2737.1,3037.1,2887.1,2882.48,0.0,0.0,0.0,81.0,0.0,0.8582,0.0001,42.3217,0.0,186.1142,2893.0464,0.0,0.0,0.0,2861.80004882812,down,2026-08-20T12:57:04,0.0,0.0
SPX,2031-12-19,1946,Put,6400.0,SPX311219P06400000,318.9,618.9,468.9,475.39,0.0,0.0,0.0,2522.0,0.0,-0.1672,0.0001,42.3217,-0.2127,-91.3387,480.5901,0.0,0.0,0.0,479.000015258789,up,2026-08-20T12:57:04,0.0,0.0
SPX,2031-12-19,1946,Call,6800.0,SPX311219C06800000,2508.8,2808.8,2658.8,2736.95,0.0,0.0,0.0,362.0,0.0,0.8324,0.0001,46.2504,0.0,188.2028,2662.9928,0.0,0.0,0.0,2634.69995117188,up,2026-08-14T14:25:43,0.0,0.0
SPX,2031-12-19,1946,Put,6800.0,SPX311219P06800000,400.6,700.6,550.6,501.85,0.0,0.0,0.0,2562.0,0.0,-0.193,0.0001,46.2504,-0.2212,-105.7464,560.8265,0.0,0.0,0.0,561.549987792969,down,2026-08-14T14:25:43,0.0,0.0
SPX,2031-12-19,1946,Call,7000.0,SPX311219C07000000,2397.5,2697.5,2547.5,2564.08,40.38,1.60003,4.0,6534.0,0.0,0.8188,0.0001,48.1804,-0.0071,188.7941,2550.6501,2564.08,2564.08,2564.08,2523.69995117188,up,2026-08-21T11:42:41,0.0,0.0
SPX,2031-12-19,1946,Put,7000.0,SPX311219P07000000,444.3,744.3,594.3,591.89,-13.56,-2.23965,4.0,7904.0,0.0,-0.2067,0.0001,48.1804,-0.2244,-113.4032,603.6288,591.89,591.89,591.89,605.449981689453,down,2026-08-21T11:42:41,0.0,0.0
SPX,2031-12-19,1946,Call,7200.0,SPX311219C07200000,2287.9,2587.9,2437.9,2449.2,35.0999,1.45395,6.0,355.0,0.0,0.8046,0.0001,50.0747,-0.0268,189.0116,2440.1343,2318.5,2449.2,2318.5,2414.10009765625,up,2026-08-21T11:49:06,0.0,0.0
SPX,2031-12-19,1946,Put,7200.0,SPX311219P07200000,634.7,654.4,644.55,645.0,-6.2,-0.952088,41.0,434.0,0.2314,-0.2208,0.0001,50.0747,-0.2268,-121.4338,648.258,650.0,650.0,636.23,651.199996948242,down,2026-08-21T15:28:39,0.0,0.0
SPX,2031-12-19,1946,Call,7600.0,SPX311219C07600000,2073.8,2373.8,2223.8,2212.57,0.0,0.0,0.0,394.0,0.0,0.7749,0.0001,53.6586,-0.0637,188.7552,2224.5523,0.0,0.0,0.0,2199.69995117188,down,2026-08-20T13:31:17,0.0,0.0
SPX,2031-12-19,1946,Put,7600.0,SPX311219P07600000,585.5,885.5,735.5,744.71,0.0,0.0,0.0,2210.0,0.0,-0.2506,0.0001,53.6586,-0.229,-138.1866,742.9659,0.0,0.0,0.0,747.5,up,2026-08-20T13:31:17,0.0,0.0
SPX,2031-12-19,1946,Call,8000.0,SPX311219C08000000,1865.6,2165.6,2015.6,2028.9,36.3,1.82174,1.0,3587.0,0.0,0.7431,0.0001,57.0144,-0.097,187.209,2016.2052,2028.9,2028.9,2028.9,1992.60003662109,up,2026-08-21T11:49:06,0.0,0.0
SPX,2031-12-19,1946,Put,8000.0,SPX311219P08000000,687.2,987.2,837.2,836.13,-14.02,-1.64912,1.0,3832.0,0.0,-0.2824,0.0001,57.0144,-0.2277,-156.229,844.9088,836.13,836.13,836.13,850.149993896484,down,2026-08-21T11:49:06,0.0,0.0
SPX,2031-12-19,1946,Call,8400.0,SPX311219C08400000,1663.3,1963.3,1813.3,1638.16,0.0,0.0,0.0,85.0,0.0,0.7093,0.0001,60.0289,-0.1263,184.5569,1815.3285,0.0,0.0,0.0,1790.69995117188,down,2026-07-30T15:27:39,0.0,0.0
SPX,2031-12-19,1946,Put,8400.0,SPX311219P08400000,795.0,1095.0,945.0,940.1,0.0,0.0,0.0,359.0,0.0,-0.3162,0.0001,60.0289,-0.2224,-175.3774,954.3221,0.0,0.0,0.0,958.800018310547,down,2026-08-17T10:03:58,0.0,0.0
SPX,2031-12-19,1946,Call,8800.0,SPX311219C08800000,1468.6,1768.6,1618.6,1655.75,0.0,0.0,0.0,60.0,0.0,0.6734,0.0001,62.6792,-0.1516,180.5759,1622.1383,0.0,0.0,0.0,1596.0,up,2026-08-19T12:38:55,0.0,0.0
SPX,2031-12-19,1946,Put,8800.0,SPX311219P08800000,910.2,1210.2,1060.2,1057.35,0.0,0.0,0.0,68.0,0.0,-0.3521,0.0001,62.6792,-0.2131,-195.8548,1071.4218,0.0,0.0,0.0,1072.5,down,2026-08-19T12:38:55,0.0,0.0
SPX,2031-12-19,1946,Call,9200.0,SPX311219C09200000,1283.0,1583.0,1433.0,1512.24,0.0,0.0,0.0,231.0,0.0,0.6354,0.0001,64.8707,-0.1725,175.4144,1437.3217,0.0,0.0,0.0,1411.80004882812,up,2026-08-13T15:20:13,0.0,0.0
SPX,2031-12-19,1946,Put,9200.0,SPX311219P09200000,1034.6,1334.6,1184.6,1174.67,0.0,0.0,0.0,139.0,0.0,-0.3901,0.0001,64.8707,-0.1993,-217.5126,1196.8951,0.0,0.0,0.0,1197.59997558594,down,2026-08-13T15:20:13,0.0,0.0
SPX,2031-12-19,1946,Call,9600.0,SPX311219C09600000,1108.4,1408.4,1258.4,1400.0,0.0,0.0,0.0,403.0,0.0,0.5954,0.0001,66.5378,-0.1889,168.8379,1261.738,0.0,0.0,0.0,1240.69995117188,up,2026-08-07T12:09:56,0.0,0.0
SPX,2031-12-19,1946,Put,9600.0,SPX311219P09600000,1170.0,1470.0,1320.0,1222.54,0.0,0.0,0.0,177.0,0.0,-0.4301,0.0001,66.5378,-0.1811,-240.5853,1331.6014,0.0,0.0,0.0,1334.59997558594,down,2026-08-07T12:09:56,0.0,0.0
SPX,2031-12-19,1946,Call,10000.0,SPX311219C10000000,946.3,1246.3,1096.3,1144.59,0.0,0.0,0.0,530.0,0.0,0.5535,0.0001,67.5996,-0.2008,161.0897,1096.9518,0.0,0.0,0.0,1079.59997558594,up,2026-08-17T14:36:31,0.0,0.0
SPX,2031-12-19,1946,Put,10000.0,SPX311219P10000000,1317.7,1617.7,1467.7,1456.67,0.0,0.0,0.0,644.0,0.0,-0.472,0.0001,67.5996,-0.1584,-264.8298,1477.1052,0.0,0.0,0.0,1484.0,up,2026-08-17T14:36:31,0.0,0.0
SPX,2031-12-19,1946,Call,10400.0,SPX311219C10400000,797.6,1097.6,947.5999999999999,788.14,0.0,0.0,0.0,18.0,0.0,0.5102,0.0001,67.9614,-0.2082,151.9176,944.9738,0.0,0.0,0.0,932.300018310547,down,2026-07-02T15:26:18,0.0,0.0
SPX,2031-12-19,1946,Put,10400.0,SPX311219P10400000,1479.2,1779.2,1629.2,1766.9,0.0,0.0,0.0,281.0,0.0,-0.5153,0.0001,67.9614,-0.1312,-290.4982,1635.4171,0.0,0.0,0.0,1647.19995117188,down,2026-07-02T15:26:18,0.0,0.0
SPX,2031-12-19,1946,Call,10800.0,SPX311219C10800000,663.6,963.6,813.6,807.74,0.0,0.0,0.0,18.0,0.0,0.4664,0.0001,67.6107,-0.2116,141.947,808.4643,0.0,0.0,0.0,799.700012207031,down,2026-08-11T10:33:50,0.0,0.0
SPX,2031-12-19,1946,Put,10800.0,SPX311219P10800000,1655.0,1955.0,1805.0,1734.05,0.0,0.0,0.0,288.0,0.0,-0.5591,0.0001,67.6107,-0.0999,-316.9651,1809.1976,0.0,0.0,0.0,1825.09997558594,down,2026-08-11T10:33:50,0.0,0.0
SPX,2031-12-19,1946,Call,11200.0,SPX311219C11200000,544.4,844.4,694.4,755.0,0.0,0.0,0.0,4.0,0.0,0.4234,0.0001,66.5035,-0.2116,131.0711,689.637,0.0,0.0,0.0,682.099975585938,up,2026-08-05T09:38:48,0.0,0.0
SPX,2031-12-19,1946,Put,11200.0,SPX311219P11200000,1845.9,2145.9,1995.9,2150.85,0.0,0.0,0.0,2.0,0.0,-0.602,0.0001,66.5035,-0.0652,-344.3374,2000.6602,0.0,0.0,0.0,2018.0,up,2026-07-08T14:15:16,0.0,0.0
SPX,2031-12-19,1946,Call,11600.0,SPX311219C11600000,440.4,740.4,590.4,601.0,0.0,0.0,0.0,38.0,0.0,0.3824,0.0001,64.8025,-0.2088,120.2657,588.4652,0.0,0.0,0.0,573.799987792969,up,2026-08-04T12:37:08,0.0,0.0
SPX,2031-12-19,1946,Put,11600.0,SPX311219P11600000,2051.7,2351.7,2201.7,0.0,0.0,0.0,0.0,0.0,0.0,-0.6431,0.0001,64.8025,-0.0279,-371.639,2209.7784,0.0,0.0,0.0,2225.89990234375,no_change,,0.0,0.0
SPX,2031-12-19,1946,Call,12000.0,SPX311219C12000000,476.2,695.1,585.65,491.6,0.0,0.0,0.0,903.0,0.0,0.3438,0.0001,62.5255,-0.2037,109.4186,502.4862,0.0,0.0,0.0,558.550018310547,down,2026-08-19T15:43:17,0.0,0.0
SPX,2031-12-19,1946,Put,12000.0,SPX311219P12000000,2272.0,2572.0,2422.0,2518.46,0.0,0.0,0.0,29.0,0.0,-0.6817,0.0001,62.5255,0.0,-398.9824,2434.0894,0.0,0.0,0.0,2450.69995117188,up,2026-07-31T12:47:00,0.0,0.0
SPX,2031-12-19,1946,Call,13000.0,SPX311219C13000000,180.2,480.2,330.2,351.0,0.0,0.0,0.0,1919.0,0.0,0.2586,0.0001,55.2615,-0.1827,84.4762,336.9881,0.0,0.0,0.0,315.0,up,2026-08-13T09:58:32,0.0,0.0
SPX,2031-12-19,1946,Put,13000.0,SPX311219P13000000,2876.4,3176.4,3026.4,3198.31,0.0,0.0,0.0,9.0,0.0,-0.7669,0.0001,55.2615,0.0,-465.1655,3044.3161,0.0,0.0,0.0,3060.5,up,2026-07-07T12:12:25,0.0,0.0
SPX,2031-12-19,1946,Call,14000.0,SPX311219C14000000,71.7,371.7,221.7,232.1,0.0,0.0,0.0,904.0,0.0,0.1906,0.0001,46.8413,-0.1554,63.3528,225.0534,0.0,0.0,0.0,208.399997711182,up,2026-08-11T12:26:55,0.0,0.0
SPX,2031-12-19,1946,Put,14000.0,SPX311219P14000000,3541.2,3841.2,3691.2,3972.23,0.0,0.0,0.0,4.0,0.0,-0.8349,0.0001,46.8413,0.0,-527.5296,3708.1063,0.0,0.0,0.0,3729.60009765625,up,2026-06-29T13:31:39,0.0,0.0
SPX,2031-12-19,1946,Call,15000.0,SPX311219C15000000,110.0,185.0,147.5,157.75,7.75,5.16667,1.0,3947.0,0.0,0.1397,0.0001,38.6901,-0.1285,46.9895,152.3377,157.75,157.75,157.75,150.0,up,2026-08-21T12:25:33,0.0,0.0
SPX,2031-12-19,1946,Put,15000.0,SPX311219P15000000,4246.6,4546.6,4396.6,4551.65,0.0,0.0,0.0,142.0,0.0,-0.8858,0.0001,38.6901,0.0,-585.1337,4411.1155,0.0,0.0,0.0,4437.89990234375,down,2026-07-13T13:31:03,0.0,0.0
SPX,2031-12-19,1946,Call,16000.0,SPX311219C16000000,101.0,117.8,109.4,110.0,-13.0,-10.5691,2.0,12398.0,0.1546,0.1036,0.0001,31.6912,-0.1056,35.1125,106.3265,116.65,116.65,110.0,123.0,down,2026-08-21T13:40:40,0.0,0.0
SPX,2031-12-19,1946,Put,16000.0,SPX311219P16000000,4976.9,5276.9,5126.9,5247.8,0.0,0.0,0.0,161.0,0.0,-0.9219,0.0001,31.6912,0.0,-638.2514,5140.8292,0.0,0.0,0.0,5170.2001953125,down,2026-07-31T15:17:19,0.0,0.0
SPX,2031-12-19,1946,Call,18000.0,SPX311219C18000000,34.4,100.0,67.2,63.12,-3.93,-5.8613,5.0,1853.0,0.0,0.0608,0.0,21.5928,-0.0731,20.7696,57.8425,62.89,72.63,62.89,67.0499992370606,down,2026-08-21T12:13:44,0.0,0.0
SPX,2031-12-19,1946,Put,18000.0,SPX311219P18000000,6477.0,6777.0,6627.0,6542.82,0.0,0.0,0.0,59.0,0.0,-0.9647,0.0,21.5928,0.0,-735.0758,6643.7949,0.0,0.0,0.0,6673.7998046875,down,2026-08-10T12:17:44,0.0,0.0
SPX,2031-12-19,1946,Call,20000.0,SPX311219C20000000,34.0,40.0,37.0,37.1,1.6,4.50704,5.0,3644.0,0.1642,0.0383,0.0,15.1933,-0.0524,13.1144,34.8842,37.14,37.5,35.0,35.5,up,2026-08-21T13:54:25,0.0,0.0
SPX,2031-12-19,1946,Put,20000.0,SPX311219P20000000,8001.8,8301.8,8151.799999999999,8066.27,0.0,0.0,0.0,59.0,0.0,-0.9872,0.0,15.1933,0.0,-825.2126,8172.2865,0.0,0.0,0.0,8201.59985351562,up,2026-08-10T12:17:44,0.0,0.0
